{"betahat":[[0.705748,1.67388,4.85746,6.26589,5.51202,6.8156,0.868773,-0.556968,-0.294545,0.107066,-1.39295,-0.207194,-3.17103,25.6739,0.163508,-0.00925487,2.05856,0.124883,1.63182,-0.132437],[0.708914,-0.387393,-0.0181826,0.712337,0.452882,0.31032,0.00394322,0.00233691,0.034079,0.0200193,-0.130694,0.00986933,0.192781,0.720941,0.0225702,0.00888143,0.307755,0.453208,0.207429,-0.00979929],[-0.0999707,0.744083,0.080442,0.83406,0.218182,-0.086008,0.0111786,0.00660623,0.00406622,0.00263098,-0.0993888,-0.0125866,0.00585061,-0.245212,0.0118304,0.0275155,-0.150899,0.141697,0.0300403,0.028409],[0.0319411,0.0514964,0.76841,0.167122,0.540487,0.135986,-0.00352765,0.0185289,0.0133669,0.00400931,-0.116126,0.00715792,-0.0263546,0.657024,0.0167211,0.0176441,-0.257309,0.192503,-0.00105419,-0.00942555],[-0.0266255,-0.0290475,-0.0220074,0.673532,-0.0594613,-0.0279577,0.0178339,-0.000219866,-0.000295615,-0.0026126,-0.00702972,-0.00137097,-0.0196718,-0.105303,0.00134302,0.00234903,-0.0365679,-0.00732068,0.00518774,-0.00192277],[0.0553983,0.0894752,0.0267171,-0.924418,0.693316,0.338894,0.000281383,0.0113891,0.0159309,0.0176546,0.0820072,0.0160997,0.106628,0.421296,0.00332855,-0.00845777,0.0968086,0.0658816,0.0611271,-0.00146444],[-0.0216446,-0.0337232,0.0408001,-0.620514,-0.207314,0.464776,-0.0390963,-0.00938109,-0.0175678,-0.00672745,0.0668971,-0.00230255,-0.0053267,-0.183053,-0.0100565,-0.0145505,0.161778,0.0669289,-0.0501213,0.00181927],[-0.25223,-0.385786,-0.655572,-3.54555,-0.637834,-1.37101,0.901333,-0.0133815,-0.0468199,-0.000941099,-0.0193821,0.00615076,0.0206152,-3.05236,-0.0356947,-0.0408087,0.0863429,-0.54727,-0.265456,0.00498342],[-0.387926,-0.623288,0.425471,0.752599,2.01083,-0.755275,0.461321,0.698564,-0.293005,-0.112266,0.998261,-0.0317598,0.654583,-1.61197,0.017225,0.0779552,-0.507626,0.709755,0.345063,0.0389135],[0.387478,0.535392,-0.679151,-4.84738,-2.1669,-2.06439,0.00192078,-0.201937,0.476047,-0.0514795,-0.591737,-0.0234469,-1.1702,-7.08097,0.00924596,0.137998,-2.00129,-0.164557,-0.293346,0.0201721],[0.093057,-0.104859,1.28111,8.75345,0.616128,2.29762,-0.258526,-0.0701228,-0.115309,1.04578,-0.25418,0.192394,-0.377034,-2.68319,-0.21576,-0.102391,-2.12162,-2.7648,-0.136707,-0.188869],[0.0307317,-0.0518694,-0.125763,-0.516447,-0.669508,-0.130216,-0.110798,-0.0257416,-0.0514512,-0.0326574,1.14612,-0.0150304,0.0732499,-1.88592,-0.0139433,0.0123954,-0.667509,0.0678378,-0.00597883,0.00248246],[-0.547917,-1.12771,0.825836,0.530201,-4.81333,3.10681,-0.309377,0.231183,0.540744,-0.131715,1.05072,1.1689,2.52431,-9.31136,0.153463,0.18075,-2.43456,0.468912,-0.518092,0.0979982],[0.027402,0.110025,0.0132058,0.633285,0.370134,0.38577,-0.000121137,0.0373999,0.00947528,-0.00906551,0.0184299,0.0117429,1.01953,-0.233488,0.000295195,-0.0193025,0.625178,0.209549,-0.0263639,-0.0269039],[0.00635739,0.00970848,-0.0269535,0.0882319,0.0697882,0.0978735,0.00565641,0.00470433,0.00132206,-0.00073654,0.022383,0.0023695,0.00718801,0.90856,0.00128073,-0.000698776,0.0195386,0.00269913,-0.00934318,0.00406137],[-0.0862785,0.313037,-0.804917,0.110258,-1.59566,-0.513611,-1.17661,0.105214,0.171222,0.164136,-1.13689,0.119235,0.689458,4.44593,0.871545,-0.149839,2.68779,0.202067,-0.968246,0.179427],[-0.0473564,0.0460244,1.35077,-7.29129,1.62463,-1.58803,0.0522943,0.120465,0.100835,0.149631,-0.487969,-0.00542148,-0.704678,-10.7866,0.0751947,1.2286,-2.3836,2.82551,0.304463,0.0140802],[0.0564678,0.0657452,0.134971,0.276072,0.14502,0.0755583,0.0146097,0.0128705,0.00950525,0.0157213,-0.0809184,-0.000732658,0.0176639,-0.228455,0.0126969,0.0212354,0.903213,0.243265,0.0638131,-0.00634789],[-0.101999,-0.184289,-0.088511,-0.072746,0.0492987,-0.525053,0.020174,-0.00313919,0.0289076,0.00556169,0.0434392,-0.00179004,-0.101295,1.46392,0.00989251,-0.00375349,0.282887,0.350726,-0.0424337,0.0107088],[-0.518235,-0.611802,-0.390219,2.35812,-0.754549,-0.222373,0.142646,-0.0423733,-0.0313057,-0.0385196,0.350888,-0.0152979,0.188979,-1.47819,0.000751774,0.0464656,-0.968912,-0.505933,0.571747,-0.0167994],[-0.12914,-0.674982,0.410605,-0.316186,0.83543,-3.05826,0.748844,0.193448,0.576396,0.306143,0.255889,0.0647005,0.695953,7.58374,0.365118,0.18347,2.46394,0.704201,1.55489,1.04389],[0.261826,0.211545,0.225473,0.0804647,-0.221748,-0.140749,-0.0453101,0.013667,-0.00513061,-0.0090669,-0.00478441,-0.00362319,-0.112636,-0.460903,-0.0105223,0.0111254,-0.44852,-0.426326,-0.108102,0.0220961],[0.109511,0.11097,0.0399813,-0.0205403,-0.00546428,0.184029,-0.0209872,-0.0080589,-0.00679452,0.00548128,0.0441258,0.00415639,-0.0705177,0.394949,-0.00451116,-0.0107069,0.0211695,-0.227561,0.0150083,-0.0086448],[0.0307438,0.0856923,0.333112,-0.1278,-0.191772,0.123191,-0.0292292,-0.00818183,-0.00110249,-0.0182584,0.0513545,-0.00997925,0.0429053,-0.310558,-0.0111941,-0.0162895,0.159054,0.173302,-0.0361372,0.0166105],[0.0165508,0.0172299,0.0148429,0.0275139,0.103694,0.035159,-0.0155812,0.00592737,0.0062517,0.00328001,-0.00604222,0.00323281,0.0194402,-0.0214815,0.00231132,0.00253844,-0.00739544,-0.00310268,-0.0076749,0.00174551],[-0.017855,-0.0477237,0.0210761,1.20297,0.246168,0.00167621,0.0133716,-0.000183816,0.00011239,-0.010479,-0.0543752,-0.0101681,-0.0507854,0.208199,0.00200603,0.00933072,0.0131494,0.026231,0.0124709,-0.00200075],[-0.00986697,-0.00127848,-0.0229313,0.327973,0.0825014,0.3333,0.0181655,0.00434643,0.0046039,0.00972763,0.00706879,0.00460734,0.0099871,0.0577564,0.00624217,0.00803592,-0.0268009,-0.0244669,0.0405372,-0.00275246],[0.132838,0.291212,0.0370853,0.0494549,0.0139977,0.0806702,-0.238782,-0.0313929,-0.0395299,-0.0354888,0.165172,-0.0377405,0.323544,0.837698,0.0275065,0.0468352,-0.449025,0.169583,0.34638,-0.0173094],[0.151791,0.552533,-0.945865,1.21282,-1.99164,1.92302,-0.145425,0.283498,0.203447,-0.0256457,-1.11852,0.0162886,-0.189701,-2.88963,-0.115207,-0.133138,-0.547909,0.133947,-0.286111,0.0239948],[-0.294113,-0.315087,0.273396,2.62902,1.9273,1.97669,-0.301444,0.0961624,0.267404,0.0144096,0.791564,0.0322522,0.686242,6.84484,0.0385305,-0.107743,1.72313,0.306927,0.142293,0.0140642],[0.289645,-0.0398952,-0.886753,-6.00515,0.665933,-3.7142,0.392618,0.0960809,-0.0447199,0.0320055,-0.235187,-0.0734709,0.149972,6.5549,0.182819,0.0568069,1.07912,1.9027,0.0537552,0.247351],[0.0631474,0.127837,0.0453064,1.25329,0.820016,0.512698,0.129093,0.0273523,0.0350771,0.0255814,-0.131764,0.0164432,-0.0387112,0.627622,-0.00848505,-0.0205081,0.412221,0.0839181,0.0106245,-0.00622162],[0.451534,1.35208,-0.969595,4.43129,5.20319,-1.98136,0.190578,-0.189886,-0.565505,0.0913501,0.00655332,-0.160441,-3.15649,12.9229,-0.201126,-0.234162,2.79406,0.197674,0.32883,-0.0373054],[-0.0539785,-0.0765751,-0.0464482,-0.0792583,-0.386751,-0.0963242,0.0230449,-0.019997,0.0104844,0.0129321,-0.202211,-0.0130968,-0.00832429,0.828311,0.0103721,0.0300068,-0.504306,-0.367794,-0.0581292,0.0171009],[0.000384423,0.0031238,0.0353153,0.0179994,-0.0179988,-0.0274126,0.00317232,-0.00367719,0.00263656,-0.00041624,-0.0106453,-0.00209075,0.013681,0.189984,0.000547354,0.00113788,0.00294801,0.0512083,0.0174376,-0.00322876],[-0.256603,-0.561025,0.171107,-1.29216,0.887988,1.27794,0.618707,-0.139055,-0.293197,-0.259324,1.05249,-0.178395,-0.0346772,-14.5754,-0.0993831,-0.00626858,-2.45482,-0.529486,0.20841,-0.158374],[0.115309,0.0741911,-1.78297,7.76509,-0.145569,0.837092,-0.0503103,-0.0432573,0.016478,-0.191435,-0.0588378,-0.00417764,0.828668,2.47115,-0.175076,-0.309991,1.73934,-1.60777,-0.807339,-0.106231],[-0.059523,-0.0695397,-0.10822,-0.149354,0.168283,-0.137255,0.0568495,-0.00561901,0.00199254,-0.00787479,-0.00180034,-0.00510441,-0.0564619,0.333363,-0.00932228,-0.0128931,0.104521,-0.0756597,-0.0323196,0.000939655],[0.222107,0.376722,0.12534,-0.143873,-0.00977249,0.514452,0.00387443,-0.0164261,-0.0227562,-0.00394378,-0.0141045,-0.012066,-0.000478703,-1.27415,-0.0224927,-0.00408625,-0.447225,0.00456713,0.0306172,-0.0153345],[0.674479,0.592475,0.465854,0.633892,1.16305,0.132736,0.225309,0.128433,0.163853,0.063715,-0.273022,0.0675447,-0.254362,2.89584,0.0880797,0.0573113,0.743465,0.232226,0.15785,0.047782],[-0.130531,0.430189,0.603903,0.697834,0.238872,0.669869,-0.171457,-0.126895,-0.368951,-0.212628,0.185042,0.0558218,-0.821143,6.83002,-0.263331,-0.27374,0.694118,1.52642,-1.22982,-0.0157993],[0.0292221,0.1758,-0.2073,-0.792812,-0.231163,-0.169434,0.0413293,-0.0160033,-0.028956,-0.0109531,0.135485,-0.00624839,-0.0801804,-0.260268,-0.0120527,-0.020005,0.14067,-0.0269909,-0.0993246,-0.0122996],[-0.00958001,0.144894,-0.120434,-0.813519,-0.212741,-0.0978801,0.00977012,0.00145303,0.00271954,-0.00811264,0.0552724,0.00842763,0.0646244,-0.149962,-0.00732405,-0.0168062,0.129628,0.0857461,-0.0450445,-0.0197668],[-0.0627252,-0.137234,-0.101559,-0.0392846,-0.348716,-0.259061,0.0327225,-0.0103435,-0.0122676,0.0142473,0.0647489,0.00281796,-0.0166023,-0.346572,-0.00553218,-0.00135308,0.0981782,-0.365917,0.0371964,-0.00718817],[0.0099902,0.0117232,0.00710989,0.298357,-0.0443327,-0.00711604,-0.00229763,-0.00570163,-0.00596272,-0.000667923,0.0130367,-0.00186517,0.000183686,0.126115,-0.00366275,-0.00488412,0.0437882,0.0102581,0.00248476,0.00017237],[-0.0375388,-0.0417559,-0.0477691,-0.278521,0.0604611,-0.340393,-0.0136783,-0.0112024,-0.0160491,-0.00717433,-0.027591,-0.0059323,-0.0558487,-0.629593,-0.00533696,-0.000870106,-0.110003,-0.0921463,-0.0735716,0.00346617],[0.0314711,0.0349435,-0.0178895,0.292564,0.124773,0.201929,0.0209249,0.00504668,0.0129773,-0.00299621,-0.0740493,-0.00230831,-0.0047005,0.125353,0.00381387,0.00652028,-0.134997,-0.0425379,0.00959971,0.000932225],[0.119541,0.0950126,0.618819,3.49576,0.623932,1.29077,0.336855,0.0446874,0.0860943,0.0363933,-0.145339,0.0315448,-0.344926,2.21314,0.00817293,-0.00598975,0.362148,0.376615,-0.0807918,0.0123287],[0.333448,0.162598,0.586241,-1.90347,-0.181963,-1.31312,-0.256546,0.00878198,0.0860118,0.133524,0.229171,0.0196544,-0.298138,4.29668,0.100279,0.0513983,1.12591,-0.595775,-0.0751478,-0.0552574],[-0.0860697,-0.230442,0.25846,1.9681,-0.0274266,-0.219768,0.339129,0.103976,0.234736,0.0377514,-0.0893294,-0.00201232,0.633451,-0.606655,-0.0521507,-0.0350616,0.23001,-0.0358833,0.09349,-0.0303444],[-0.381814,0.16713,-0.512201,-2.87919,-1.40614,1.1915,-0.123335,-0.0203665,0.15832,-0.0882198,0.545068,-0.113255,0.307543,-4.65186,0.0169348,0.0402528,0.930374,0.880771,0.0551102,-0.055411],[-0.0939071,-0.0759504,0.0804622,-0.735168,-0.150906,-0.382425,-0.0180774,-0.00153371,0.0165394,0.00710432,-0.015109,-0.00140432,-0.0343874,1.26043,0.0224608,0.00813048,0.255354,-0.151283,-0.00468984,0.00372169],[0.141275,-0.200997,0.162842,-4.8204,-0.588816,-1.26256,0.17223,-0.0393397,0.0364972,0.0360265,-1.01496,-0.00889065,0.806953,-4.10108,0.0537074,0.0602186,-0.422393,-0.506667,0.159234,-0.0531478],[0.026173,-0.0337694,0.0330361,-0.555208,0.0155754,-0.289118,-0.0229992,-0.0174151,-0.0200177,-0.00386323,0.183744,0.00134161,-0.0114382,-0.597024,-0.0107148,-0.010721,-0.121656,0.157616,0.084422,0.00975077],[-0.00715164,-0.0137134,-0.0107554,-0.105833,-0.0502609,-0.0733883,-0.00844359,-0.000642678,-0.00346549,0.00125985,-0.0129222,-0.000213916,-0.0203933,-0.103161,-0.00183522,-0.000341202,-0.0217174,-0.054753,-0.00763659,-0.000780491],[0.152809,0.161556,-0.208042,-1.1468,0.0682608,-1.23701,0.0907287,0.0549896,0.0340651,0.0311344,0.143107,0.0273247,-0.580348,2.79334,0.0144829,0.023725,-0.30976,-0.496497,0.30542,-0.00926483],[0.045347,0.0392576,0.454401,-0.251394,-1.59142,0.895695,0.0981377,-0.0980524,-0.135088,0.0114299,0.638705,0.0119804,-0.0280484,8.77726,0.0721512,0.0178175,1.00333,-0.866348,0.394199,0.100518],[0.00331571,0.00417857,-0.0261186,-0.128037,-0.312639,0.0624932,-0.071953,-0.00731601,-0.0117019,-0.00785907,0.0832671,0.00577769,0.0382374,-0.110314,-0.00338632,-0.00820353,-0.0097582,-0.167983,-0.0309942,0.00536034],[0.033031,-0.0180936,-0.0107828,0.168854,-0.138982,0.0374996,-0.0201156,0.0175654,0.0209191,0.0119499,0.0240639,0.0101719,0.0262362,0.0487896,0.0186121,0.0218311,-0.235265,-0.126152,-0.00785858,0.00152377],[0.137707,0.258799,-0.000799788,-0.949241,-0.0322709,0.771839,-0.0253986,0.0549343,0.0349843,-0.00171577,-0.225141,0.0161452,-0.217361,0.173066,-0.0146839,-0.0428997,0.245011,-0.13629,0.0624735,0.0280602],[0.309127,0.119672,-0.589602,0.47161,-1.01325,2.34127,-0.558,-0.111135,-0.223188,-0.0843498,-0.369428,-0.125204,0.140083,-11.6969,0.0191519,0.176568,-2.671,-2.21327,-0.168766,-0.0850317]],"sigmahat":[[0.886223,0.934101,0.954525,1.45214,0.134562,1.03681,0.124917,-0.00853616,-0.00168179,0.0126822,0.225099,0.0188947,-0.0170308,2.9848,0.042404,0.00933112,0.413028,0.821517,0.137176,0.046597],[0.934101,1.48538,0.848287,1.1217,-0.0664952,1.07934,0.0961948,-0.0259198,-0.0405078,-0.0202969,0.351408,0.0169572,-0.0478828,2.41022,-0.00766289,-0.0399561,0.581267,1.05227,0.0608559,0.0292526],[0.954525,0.848287,3.13518,2.3336,-0.282099,2.21761,0.480543,-0.0396025,0.0472515,0.102222,0.29604,0.00366268,0.0448705,7.10346,0.136159,0.0807619,0.81615,1.96322,0.599682,0.0637623],[1.45214,1.1217,2.3336,36.8321,4.0566,4.1822,1.11008,0.07328,0.540068,0.099377,-0.67408,-0.0170996,0.097978,21.1855,0.206849,0.067763,2.5713,2.00113,0.274837,0.024197],[0.134562,-0.0664952,-0.282099,4.0566,6.29118,0.363986,0.0855882,0.184306,0.30542,0.0512566,-1.08548,0.054428,-0.489624,5.17534,0.122009,0.0499494,0.801505,0.560291,0.194966,0.00156893],[1.03681,1.07934,2.21761,4.1822,0.363986,8.56341,0.258428,0.0292667,0.0630719,0.0594847,0.846422,0.0485564,0.633655,6.2799,0.116972,0.020985,0.814863,1.63012,0.590213,0.132625],[0.124917,0.0961948,0.480543,1.11008,0.0855882,0.258428,0.443613,0.022258,0.0641555,0.0404499,-0.279631,0.00620782,-0.185149,2.16655,0.020874,-0.00323606,0.451847,0.533266,0.0859807,-0.00695904],[-0.00853616,-0.0259198,-0.0396025,0.07328,0.184306,0.0292667,0.022258,0.0354788,0.0430522,0.0112432,-0.139241,0.00968181,-0.0179822,0.165654,0.0109688,0.00969885,-0.01255,-0.0236887,0.00795389,0.00072764],[-0.00168179,-0.0405078,0.0472515,0.540068,0.30542,0.0630719,0.0641555,0.0430522,0.0998195,0.0180212,-0.249635,0.00992326,0.0248359,0.96216,0.0227639,0.0117159,0.176354,0.0276269,0.0243104,-0.000611427],[0.0126822,-0.0202969,0.102222,0.099377,0.0512566,0.0594847,0.0404499,0.0112432,0.0180212,0.0226392,-0.0595758,0.0058489,-0.0273081,0.739467,0.0185393,0.0120901,0.0882747,0.0630542,0.0506771,-0.000451862],[0.225099,0.351408,0.29604,-0.67408,-1.08548,0.846422,-0.279631,-0.139241,-0.249635,-0.0595758,1.87317,-0.0031411,0.498481,-1.88952,-0.0502142,-0.0530852,0.113829,0.408009,0.016837,0.0313454],[0.0188947,0.0169572,0.00366268,-0.0170996,0.054428,0.0485564,0.00620782,0.00968181,0.00992326,0.0058489,-0.0031411,0.0117411,-0.0050815,0.348964,0.0060295,-0.000304381,0.0889199,0.0216641,0.00790429,0.0028917],[-0.0170308,-0.0478828,0.0448705,0.097978,-0.489624,0.633655,-0.185149,-0.0179822,0.0248359,-0.0273081,0.498481,-0.0050815,0.934959,-1.50163,0.0017737,0.000787141,-0.11148,0.301937,0.0795406,0.015704],[2.9848,2.41022,7.10346,21.1855,5.17534,6.2799,2.16655,0.165654,0.96216,0.739467,-1.88952,0.348964,-1.50163,93.5664,1.12733,0.158832,16.0441,7.76771,2.93124,0.259865],[0.042404,-0.00766289,0.136159,0.206849,0.122009,0.116972,0.020874,0.0109688,0.0227639,0.0185393,-0.0502142,0.0060295,0.0017737,1.12733,0.0419754,0.0292165,0.0510678,0.0935993,0.0697487,0.00498946],[0.00933112,-0.0399561,0.0807619,0.067763,0.0499494,0.020985,-0.00323606,0.00969885,0.0117159,0.0120901,-0.0530852,-0.000304381,0.000787141,0.158832,0.0292165,0.0376224,-0.218311,-0.0123605,0.0521444,0.00128477],[0.413028,0.581267,0.81615,2.5713,0.801505,0.814863,0.451847,-0.01255,0.176354,0.0882747,0.113829,0.0889199,-0.11148,16.0441,0.0510678,-0.218311,6.22722,1.68393,0.219087,0.0503906],[0.821517,1.05227,1.96322,2.00113,0.560291,1.63012,0.533266,-0.0236887,0.0276269,0.0630542,0.408009,0.0216641,0.301937,7.76771,0.0935993,-0.0123605,1.68393,4.0992,0.679222,-0.00113479],[0.137176,0.0608559,0.599682,0.274837,0.194966,0.590213,0.0859807,0.00795389,0.0243104,0.0506771,0.016837,0.00790429,0.0795406,2.93124,0.0697487,0.0521444,0.219087,0.679222,0.454882,-0.00395734],[0.046597,0.0292526,0.0637623,0.024197,0.00156893,0.132625,-0.00695904,0.00072764,-0.000611427,-0.000451862,0.0313454,0.0028917,0.015704,0.259865,0.00498946,0.00128477,0.0503906,-0.00113479,-0.00395734,0.0184307]],"n":20,"lags":3}