{"betahat":[[-0.104236,0.723796,3.97412,13.3703,6.33093,7.06408,1.10522,-0.612296,-0.184319,0.170556,-2.28723,-0.20464,-4.05571,30.7597,0.0796053,-0.160965,2.63895,1.98843,-3.28617,1.25028,-0.274498],[0.642646,-0.432856,-0.09823,0.622283,0.568851,0.24003,0.00474745,-0.00119737,0.0305281,0.022273,-0.15445,0.0110939,0.176197,0.758595,0.0159105,-0.00167929,0.415195,0.100611,0.38206,0.228219,-0.0229724],[-0.0344531,0.783013,0.218854,0.840904,0.146426,0.0176576,0.00904763,0.00162998,-0.00381046,0.00420867,-0.0808879,-0.0163491,0.0328738,-0.188133,0.018324,0.0365356,-0.164615,0.108786,0.188661,0.0387238,0.0398389],[0.0342498,0.0399132,0.6792,0.138235,0.558622,0.100239,-0.0277705,0.022854,0.0198404,0.00109296,-0.101648,0.00928259,-0.00920679,0.605568,0.0173247,0.0200843,-0.31611,-0.0798468,0.224151,-0.0139981,-0.0117563],[-0.0241279,-0.0238538,-0.0069032,0.664186,-0.064242,-0.0127412,0.0200739,-0.000998261,-0.000202603,-0.00265436,-0.0124621,-0.00217294,-0.0151944,-0.0884795,0.00172313,0.00280022,-0.034598,0.0379237,0.00851632,0.0122823,-0.00193166],[0.0592167,0.0984291,-0.00883763,-0.853285,0.67848,0.315128,-0.00402063,0.0120772,0.0169055,0.0156549,0.103189,0.0178396,0.118926,0.468557,0.00201073,-0.010492,0.0983864,0.171319,0.0800081,0.0514864,-0.00064914],[-0.0221804,-0.0129569,-0.0175732,-0.544388,-0.226944,0.348705,-0.0381992,-0.0102876,-0.0233926,-0.0112773,0.0789354,-0.00103308,-0.0149435,-0.320336,-0.0148821,-0.0193986,0.148194,-0.0346948,0.0277165,-0.0714666,-0.0017837],[-0.271366,-0.362725,-0.690796,-2.86019,-0.783374,-1.38893,0.886645,-0.0239594,-0.0570675,-0.00959368,-0.0668687,-0.00409611,0.0872471,-3.37581,-0.0498976,-0.0473293,0.000417714,-0.0798008,-0.787424,-0.304921,0.0012068],[-0.53922,-0.989917,0.488652,0.435699,2.08947,-1.22239,0.388708,0.658327,-0.312836,-0.105074,1.17664,-0.0417442,0.804543,-1.58606,0.0491673,0.115158,-0.747662,1.6397,0.811972,0.497442,0.0334933],[0.339046,0.281649,-0.691348,-6.43826,-2.28613,-2.00184,0.00299362,-0.20576,0.434155,-0.0324681,-0.634323,-0.0243837,-1.36034,-7.48276,0.0298561,0.163022,-2.05418,-1.73697,0.141304,-0.298206,0.0312273],[-0.182389,-0.179542,0.178931,10.3539,1.05946,0.609338,-0.212676,-0.0363058,-0.169316,0.993215,-0.102356,0.249928,-1.09017,-2.67431,-0.279044,-0.177126,-2.10786,-0.344491,-3.76123,-0.522633,-0.241841],[0.00767248,-0.0960106,-0.174086,-0.375584,-0.708617,-0.232888,-0.102988,-0.0311833,-0.0619683,-0.0380798,1.14579,-0.0167799,0.0732047,-1.95844,-0.0167098,0.0117038,-0.744771,0.190327,0.052481,-0.0171872,0.00337453],[-0.527769,-1.02793,1.24595,1.12583,-5.32924,3.63383,-0.251109,0.252728,0.686742,-0.141044,0.851372,1.15137,2.99397,-10.0469,0.191607,0.234002,-2.89179,0.989104,1.05317,-0.492515,0.0719607],[0.0306207,0.184796,-0.08102,0.828512,0.38637,0.366591,-0.0264225,0.0386731,0.00458996,-0.0189639,-0.00454574,0.00955476,1.01152,-0.583904,-0.0102148,-0.0258162,0.536038,-0.195964,0.0440904,-0.0526931,-0.0350774],[0.0156263,0.017759,-0.00309803,0.0620862,0.0773022,0.140603,0.00625365,0.00492465,0.00156368,0.000101123,0.0281817,0.00223541,0.00995887,0.937971,0.00244888,-0.00029843,0.036228,-0.0186051,0.00587556,-0.00460557,0.0060477],[-0.332474,0.206601,-1.58335,2.13477,-2.12235,-1.86913,-1.29746,0.0853012,0.167288,0.143415,-1.56461,0.104311,0.776298,6.6683,0.801427,-0.215054,3.02806,2.38183,-0.75344,-1.18206,0.198947],[0.191401,0.285546,2.12019,-8.20862,1.90493,-0.429952,0.170804,0.133686,0.0936076,0.157982,-0.365054,-0.0129777,-0.639019,-14.2347,0.082422,1.25982,-3.03374,-0.431618,3.15907,0.600968,-0.000427941],[0.0317648,0.0444686,0.0737439,0.399603,0.168586,-0.0679078,0.0167645,0.0157775,0.013454,0.0126255,-0.0856268,0.00026302,0.0140758,-0.43954,0.00945222,0.0214214,0.826869,0.0967067,0.280368,0.0619102,-0.0116368],[0.0424707,-0.0356678,0.197518,-0.733844,-0.00824996,0.395508,-0.0399162,0.000800408,0.00511269,0.0153668,0.0528905,0.00172147,0.0166834,0.0571449,0.0132325,0.00879913,0.111378,1.36582,0.0134795,0.0397605,0.0108342],[-0.116217,-0.196428,-0.0522383,-0.167197,0.132577,-0.548386,0.0433182,0.00259563,0.0345907,0.0120635,0.0167845,0.00168938,-0.14588,1.66956,0.0145332,-0.00232379,0.334745,-0.247293,0.337688,-0.0295179,0.00982294],[-0.547387,-0.684197,-0.383647,1.9901,-0.983305,-0.225439,0.132662,-0.0555968,-0.036119,-0.0408922,0.403637,-0.0235127,0.275169,-1.77655,0.00322758,0.0507453,-0.977194,-0.0404155,-0.122008,0.534879,-0.0141605],[-0.250384,-0.790797,0.0770632,0.134465,1.22929,-3.22459,0.77796,0.228678,0.589109,0.320829,-0.0177318,0.0651421,0.542404,5.65052,0.378087,0.224186,1.801,-1.31423,-0.111363,1.56758,1.00739],[0.304841,0.230491,0.270507,0.252661,-0.277731,-0.140355,-0.0560602,0.0190171,0.00240869,-0.0124257,-0.00455615,-0.0031926,-0.0898818,-0.344251,-0.00547306,0.0200713,-0.54005,-0.20258,-0.362806,-0.116643,0.031928],[0.0833257,0.0886344,-0.027532,0.114412,0.0678568,0.160281,-0.00771958,-0.00552754,0.000592881,0.00601519,0.0266858,0.00545689,-0.0997087,0.526358,-0.00757171,-0.016375,0.0440425,-0.043934,-0.248845,0.0115923,-0.0128841],[0.0177734,0.0914259,0.383639,-0.151632,-0.182676,0.139661,-0.0152328,-0.00947908,-0.00458359,-0.0190284,0.0255834,-0.0129147,0.0268545,-0.434647,-0.0119186,-0.0164579,0.148001,-0.192446,0.194714,-0.0331208,0.016795],[0.0150794,0.0153312,-0.00129777,0.0276109,0.115136,0.0133246,-0.0184139,0.00696319,0.00637283,0.00311137,-0.00459704,0.00404142,0.01425,-0.043486,0.0022447,0.00271798,-0.0203235,-0.0228316,-0.0174087,-0.0148871,0.00162666],[-0.0124686,-0.0451747,0.0641848,1.24243,0.265957,0.0737183,0.0247363,0.000204654,0.00158004,-0.00839406,-0.0784849,-0.0118058,-0.0501332,0.224128,0.00358806,0.0117316,0.00782633,-0.0844813,0.0279798,0.0358,-0.00246536],[-0.0266167,-0.0348718,-0.02149,0.224518,0.0581209,0.357121,0.0145638,0.00447842,0.00584019,0.0120737,0.0211543,0.00528934,0.0147283,0.0783075,0.00809462,0.00914303,0.00171051,0.15498,-0.0120593,0.0447689,-0.00219625],[0.0330334,0.131764,-0.144042,-1.08118,0.114436,-0.214493,-0.294262,-0.0272782,-0.0430897,-0.0388618,0.242853,-0.0325813,0.290301,0.957821,0.0327513,0.0462935,-0.336919,-0.140075,0.298398,0.363346,-0.0167695],[0.277022,0.959126,-1.09895,1.66027,-2.24347,2.00669,0.0328202,0.311867,0.18656,-0.0538376,-1.32628,0.0197037,-0.324625,-4.47723,-0.173126,-0.180088,-0.646289,-1.1351,0.699315,-0.429099,0.0273729],[-0.0911249,0.0219803,0.433922,3.02754,2.00755,2.30251,-0.38947,0.0781614,0.258428,0.00471155,1.04535,0.0421895,0.830034,7.74232,0.0414529,-0.130762,2.06453,1.42677,0.149963,0.174891,0.0288154],[0.339141,-0.351915,-0.274717,-7.26728,0.893847,-2.68455,0.355489,0.0770931,-0.0494116,0.0981312,-0.497885,-0.112958,0.529512,6.1879,0.229228,0.116091,0.706846,0.717965,2.44784,0.337547,0.280921],[0.0523941,0.135432,-0.0714706,1.35211,0.844823,0.422815,0.122018,0.0340129,0.0402574,0.0227277,-0.107071,0.0211114,-0.0295697,0.491903,-0.015365,-0.0296166,0.475302,0.0314489,0.120546,-0.00956451,-0.00930238],[0.405842,1.38539,-1.36046,5.90387,5.81226,-2.4865,0.0862341,-0.2506,-0.734596,0.0849265,0.549179,-0.158842,-3.57233,15.1009,-0.24449,-0.286277,3.42552,-1.52091,-0.295189,0.30991,-0.0209612],[-0.126915,-0.241988,-0.0735748,-0.423777,-0.377709,-0.084384,0.000198568,-0.0174493,0.0154026,0.0214941,-0.189665,-0.0116284,-0.0453029,1.11015,0.0176451,0.036252,-0.456779,0.282595,-0.413773,-0.0697536,0.0217932],[-0.0027565,-0.0020218,0.0334259,0.0308403,-0.0292075,-0.0277215,0.00336713,-0.0036,0.00411454,-0.000105248,-0.0135277,-0.00193434,0.0174883,0.214366,0.000787288,0.00154881,0.00102901,0.029077,0.0598551,0.0196565,-0.00402497],[-0.391241,-0.834418,0.0518185,-3.42341,0.626951,1.57618,0.599151,-0.155264,-0.351742,-0.294887,1.39051,-0.204387,0.0435335,-19.3998,-0.124041,0.0021285,-3.1271,-0.802999,0.275731,0.120629,-0.170477],[0.0281261,0.0608749,-2.253,10.1319,-0.310445,-0.117935,-0.0650014,-0.0775449,0.0479919,-0.217473,-0.261897,-0.0201291,0.94987,6.63282,-0.194673,-0.36961,2.74424,0.655181,-1.2804,-1.07423,-0.0997243],[-0.0467356,-0.0508208,-0.106405,-0.21657,0.1692,-0.0651555,0.0639561,-0.0068096,-0.000743404,-0.00783446,-0.0163951,-0.007114,-0.063076,0.345732,-0.0113925,-0.0158626,0.13616,0.00100045,-0.107686,-0.0441139,0.00278472],[0.0653661,0.149935,0.130709,1.00135,0.000306406,-0.13841,0.0950853,-0.000730846,0.0106481,-0.00324701,-0.125217,-0.00595253,0.0480725,0.830763,0.00440626,0.00364537,0.00754742,-0.276611,0.144336,0.0381458,0.00657155],[0.253179,0.425653,0.128913,-0.101502,-0.0873066,0.543565,-0.0110666,-0.0272402,-0.0365985,-0.00899551,0.0236375,-0.0150021,0.0139956,-1.44331,-0.0276661,-0.00925222,-0.459704,0.121157,0.0155284,0.0119757,-0.0201022],[0.780325,0.73919,0.499068,0.795694,1.29207,0.185979,0.243046,0.139884,0.166067,0.0703903,-0.239032,0.0806905,-0.293611,2.84919,0.0868639,0.0574209,0.762996,-0.0570588,0.123864,0.174066,0.0505437],[0.206899,0.731394,1.51784,0.282474,0.349785,1.27998,-0.165269,-0.14845,-0.36649,-0.201028,0.628643,0.0822992,-0.69369,11.6188,-0.222936,-0.29635,1.87499,2.05548,2.20303,-1.07555,0.0293914],[0.0524763,0.202355,-0.172275,-0.875118,-0.291204,-0.0996667,0.051247,-0.0178295,-0.0329583,-0.00985307,0.159039,-0.00791144,-0.0863415,-0.414684,-0.0104404,-0.0183843,0.124685,0.101957,-0.0193591,-0.111578,-0.00895831],[-0.0489155,0.128304,-0.191331,-0.955436,-0.21435,-0.17793,-0.00138536,0.00388872,0.00319667,-0.0102279,0.0542287,0.0108828,0.0667864,-0.338389,-0.0107518,-0.020151,0.120435,-0.064839,0.0600472,-0.0503156,-0.0269558],[-0.0520803,-0.13138,-0.0629091,0.0132845,-0.375987,-0.240034,0.0429484,-0.013382,-0.0152699,0.0179282,0.0760177,0.00361947,-0.0177062,-0.170987,-0.00540914,-0.00361775,0.167953,0.272213,-0.41899,0.0471358,-0.00504277],[0.00893035,0.00842389,0.00811106,0.30708,-0.0510887,-0.000784687,-0.00171486,-0.00596257,-0.00617758,-0.000460166,0.0169969,-0.00188001,0.000900586,0.131111,-0.00397006,-0.00550342,0.0546435,-0.015204,0.00871818,0.00260358,0.000295278],[-0.0467306,-0.0532304,-0.0553417,-0.389243,0.0554878,-0.388841,-0.0207586,-0.0122898,-0.0185078,-0.00726583,-0.0245768,-0.00604269,-0.0687844,-0.692746,-0.00559777,-0.0012324,-0.106243,-0.0867714,-0.107962,-0.0872528,0.00311656],[0.0487577,0.0478028,0.0390221,0.319788,0.168743,0.293946,0.0236313,0.0058206,0.0175735,-0.000795629,-0.100238,-0.00426683,0.000161583,0.242451,0.00679415,0.0102713,-0.149941,-0.120459,-0.0156909,0.0267247,0.00397913],[0.238465,0.231391,0.835569,3.93893,0.668971,1.60493,0.406791,0.0511004,0.0997578,0.0483949,-0.174726,0.0366426,-0.378205,2.41402,0.0171431,0.00110796,0.334624,0.220609,0.487867,-0.058159,0.0155666],[0.431562,0.199818,0.763181,-1.96571,-0.0488824,-0.907245,-0.332082,0.012619,0.11572,0.151549,0.350224,0.0295646,-0.276065,5.86795,0.130145,0.0606689,1.51906,-0.348957,-1.05015,-0.0677622,-0.0478124],[-0.222431,-0.320512,0.132384,2.97875,-0.0831588,-0.583661,0.440414,0.127887,0.277836,0.0396864,-0.242216,-0.00519551,0.690633,-1.05358,-0.0682051,-0.0321405,0.00335516,0.384439,-0.112239,0.0646574,-0.0500333],[-0.132498,0.579041,0.029865,-3.36214,-2.04031,1.91211,-0.133782,-0.0265555,0.223752,-0.101873,0.664295,-0.128525,0.661717,-4.65429,0.0293534,0.0575493,1.25991,-0.628132,1.41549,0.179341,-0.0329882],[-0.0604142,-0.0400615,0.245397,-0.975337,-0.136457,-0.190175,-0.0185546,-0.00264519,0.0220756,0.0154482,-0.0401711,-0.00427526,-0.0435436,1.47009,0.0321955,0.0179824,0.26955,-0.222265,-0.173349,0.026676,0.00591743],[0.192838,-0.307904,0.142423,-6.7844,-0.729301,-1.24453,0.219442,0.00304941,0.0660446,0.0474995,-1.33016,0.00653285,0.802227,-5.61305,0.0636075,0.0649234,-0.653303,0.54524,-0.479592,0.143863,-0.0392302],[0.0955531,0.0566614,0.15405,-0.408551,-0.0102086,-0.282525,0.0258077,-0.0212814,-0.020141,-0.00255146,0.194324,0.00203748,0.0333792,-0.533636,-0.00753971,-0.0104321,-0.0809355,-0.0874956,0.367877,0.121965,0.0131931],[-0.0134477,-0.01691,-0.0341121,-0.0936071,-0.0435113,-0.117696,-0.00899744,-0.000598872,-0.00472486,0.000206847,-0.0178453,-0.000167388,-0.0272632,-0.153998,-0.00316991,-0.0010899,-0.0351939,-0.0136152,-0.0664913,-0.0140123,-0.00203151],[0.354653,0.383346,0.230191,-2.21511,0.375492,-0.407077,0.0660868,0.0985357,0.0812709,0.0668849,0.180218,0.0528553,-0.607925,2.82813,0.030409,0.0386573,-0.17119,-1.90482,-0.699582,0.455556,0.00682039],[0.01714,-0.0783372,0.352856,-1.81414,-1.76354,1.09313,0.0784752,-0.0900032,-0.166231,0.0194832,0.74163,0.0365744,-0.186732,9.11693,0.0738818,0.00188943,1.03674,0.277043,-1.24887,0.352284,0.123337],[0.0154045,0.00729593,0.0337492,-0.184632,-0.336469,0.133665,-0.081844,-0.00913289,-0.0132862,-0.00485976,0.103733,0.00674661,0.0484592,0.081102,0.00190314,-0.0052955,0.0327805,-0.0978345,-0.172411,-0.0168234,0.00880585],[-0.1079,-0.114327,-0.328252,-0.267789,0.00775321,-0.257173,-0.0553215,-7.00149e-05,-0.0157782,-0.0121246,0.0722125,0.0042064,-0.064853,-0.887994,-0.0176287,-0.0123976,-0.119518,-0.0895256,-0.158139,-0.0778206,-0.0174215],[-0.00184354,-0.0630084,-0.0537012,0.253818,-0.0979737,-0.0262818,-0.0192478,0.0263731,0.0376036,0.0131634,-0.0154538,0.0109405,0.024117,0.0382175,0.0217655,0.0286072,-0.311927,-0.0446851,-0.139679,-0.00143816,0.00103294],[0.151623,0.293842,-0.0321114,-0.769427,0.0167843,0.86035,0.0120584,0.0715672,0.0488255,-0.00418827,-0.252962,0.0242053,-0.274207,0.551476,-0.0124867,-0.0499499,0.309286,0.174029,-0.19016,0.0396584,0.0326597],[0.0725481,-0.098589,-1.0651,1.38161,-1.1991,1.81664,-0.535338,-0.127723,-0.237452,-0.100733,-0.526484,-0.143518,0.0532132,-13.3854,0.0203732,0.198906,-3.13228,-0.634003,-2.0519,-0.274301,-0.121941]],"sigmahat":[[0.692565,0.724888,0.686791,1.25498,0.0937035,0.70097,0.105734,-0.00766391,-0.00825159,0.00565181,0.239844,0.0201612,-0.0364852,2.45503,0.0335113,0.00454996,0.331704,0.133578,0.717232,0.102408,0.0348638],[0.724888,1.18528,0.649792,0.910293,-0.0579679,0.774342,0.0820372,-0.0200155,-0.0365778,-0.018668,0.352781,0.0207567,-0.0683664,2.05691,-0.00728331,-0.0360607,0.53744,0.0264526,0.908903,0.0524134,0.0243816],[0.686791,0.649792,2.25307,2.01677,-0.400037,1.39288,0.401791,-0.0373147,0.00946166,0.0659443,0.351329,0.00814076,-0.00598585,4.85979,0.0912296,0.053675,0.436828,0.195792,1.53582,0.448971,0.0285755],[1.25498,0.910293,2.01677,29.8389,2.93329,3.28332,0.81819,0.0532679,0.485783,0.0959391,-0.387891,-0.0174675,0.234875,18.4015,0.201908,0.0616751,2.53155,1.01809,1.74418,0.254311,0.0303494],[0.0937035,-0.0579679,-0.400037,2.93329,5.37238,0.150667,-0.018275,0.15178,0.258129,0.0298831,-0.975752,0.0468411,-0.349765,3.39416,0.0967478,0.0360089,0.504588,-0.19403,-0.104217,0.122746,-0.00700783],[0.70097,0.774342,1.39288,3.28332,0.150667,6.63897,0.239872,0.0189366,0.00872491,0.0324635,0.867393,0.0496291,0.504205,4.13788,0.0724776,-0.00615918,0.435865,1.2542,1.51004,0.422629,0.0961098],[0.105734,0.0820372,0.401791,0.81819,-0.018275,0.239872,0.376207,0.0186413,0.0507505,0.0348317,-0.243229,0.00546567,-0.165142,1.70163,0.0141962,-0.00607227,0.372712,0.00906453,0.450515,0.0766609,-0.0102422],[-0.00766391,-0.0200155,-0.0373147,0.0532679,0.15178,0.0189366,0.0186413,0.0291079,0.0348799,0.00914258,-0.124195,0.0075847,-0.0150064,0.107414,0.00900331,0.00778011,-0.0198817,-0.0591722,-0.0387508,0.00607931,-0.000524135],[-0.00825159,-0.0365778,0.00946166,0.485783,0.258129,0.00872491,0.0507505,0.0348799,0.0853254,0.0130062,-0.226038,0.0074241,0.017612,0.771235,0.0176861,0.00794334,0.147438,-0.0674106,-0.0257809,0.0106844,-0.00266348],[0.00565181,-0.018668,0.0659443,0.0959391,0.0298831,0.0324635,0.0348317,0.00914258,0.0130062,0.01858,-0.0504615,0.00518557,-0.0241524,0.591635,0.0150969,0.00953527,0.0618914,0.0113505,0.0326875,0.0403853,-0.00217595],[0.239844,0.352781,0.351329,-0.387891,-0.975752,0.867393,-0.243229,-0.124195,-0.226038,-0.0504615,1.73186,-0.003536,0.459834,-1.47329,-0.039788,-0.039546,0.0797824,0.80979,0.571256,0.0443845,0.0369055],[0.0201612,0.0207567,0.00814076,-0.0174675,0.0468411,0.0496291,0.00546567,0.0075847,0.0074241,0.00518557,-0.003536,0.0102365,-0.00432861,0.325733,0.00561596,-0.000328114,0.0797241,0.0162268,0.0174764,0.0101777,0.00249485],[-0.0364852,-0.0683664,-0.00598585,0.234875,-0.349765,0.504205,-0.165142,-0.0150064,0.017612,-0.0241524,0.459834,-0.00432861,0.760238,-1.20302,0.000401517,-0.000900036,-0.0833008,0.485692,0.293093,0.0623332,0.013291],[2.45503,2.05691,4.85979,18.4015,3.39416,4.13788,1.70163,0.107414,0.771235,0.591635,-1.47329,0.325733,-1.20302,81.2064,0.964086,0.110794,13.8722,1.32772,5.42972,2.40637,0.173664],[0.0335113,-0.00728331,0.0912296,0.201908,0.0967478,0.0724776,0.0141962,0.00900331,0.0176861,0.0150969,-0.039788,0.00561596,0.000401517,0.964086,0.0365225,0.0248907,0.0322451,0.0219517,0.0636449,0.0564253,0.00326924],[0.00454996,-0.0360607,0.053675,0.0616751,0.0360089,-0.00615918,-0.00607227,0.00778011,0.00794334,0.00953527,-0.039546,-0.000328114,-0.000900036,0.110794,0.0248907,0.0324283,-0.202019,-0.0419284,-0.00816388,0.041617,0.000421851],[0.331704,0.53744,0.436828,2.53155,0.504588,0.435865,0.372712,-0.0198817,0.147438,0.0618914,0.0797824,0.0797241,-0.0833008,13.8722,0.0322451,-0.202019,5.38187,0.646016,1.09295,0.154575,0.0274915],[0.133578,0.0264526,0.195792,1.01809,-0.19403,1.2542,0.00906453,-0.0591722,-0.0674106,0.0113505,0.80979,0.0162268,0.485692,1.32772,0.0219517,-0.0419284,0.646016,1.99421,0.418427,0.0135273,0.0332189],[0.717232,0.908903,1.53582,1.74418,-0.104217,1.51004,0.450515,-0.0387508,-0.0257809,0.0326875,0.571256,0.0174764,0.293093,5.42972,0.0636449,-0.00816388,1.09295,0.418427,3.25166,0.537595,0.00329583],[0.102408,0.0524134,0.448971,0.254311,0.122746,0.422629,0.0766609,0.00607931,0.0106844,0.0403853,0.0443845,0.0101777,0.0623332,2.40637,0.0564253,0.041617,0.154575,0.0135273,0.537595,0.390107,-0.00960322],[0.0348638,0.0243816,0.0285755,0.0303494,-0.00700783,0.0961098,-0.0102422,-0.000524135,-0.00266348,-0.00217595,0.0369055,0.00249485,0.013291,0.173664,0.00326924,0.000421851,0.0274915,0.0332189,0.00329583,-0.00960322,0.01502]],"n":21,"lags":3}