{"betahat":[[0.840514,1.73524,4.30013,10.4662,4.23955,7.56638,1.15479,-0.363114,-0.133941,0.110609,-1.21935,-0.138255,-2.29811,22.1193,0.123577,0.0151553,0.998617,0.194615,1.54998,-0.0506706],[0.728327,-0.367287,-0.00879132,0.817507,0.419581,0.310306,0.00842264,0.000796173,0.0356436,0.0180225,-0.129218,0.00843359,0.207978,0.687075,0.0227492,0.00980937,0.293282,0.455302,0.202375,-0.00977174],[-0.106663,0.737524,0.0682623,0.8438,0.238387,-0.107812,0.0124159,0.00886973,0.00566357,0.00356907,-0.106459,-0.0101566,-0.00212727,-0.149832,0.0125984,0.0271014,-0.132944,0.144377,0.0330847,0.0275438],[0.0284314,0.0525979,0.768533,0.113297,0.547062,0.12,-0.00331731,0.0175621,0.0128551,0.00441978,-0.119987,0.00798701,-0.0360435,0.694192,0.0163793,0.0164297,-0.242765,0.198439,-0.000977655,-0.0107996],[-0.0259693,-0.028895,-0.0208034,0.681147,-0.058179,-0.0284395,0.019472,0.000186216,0.000216327,-0.00234946,-0.00715847,-0.00109008,-0.0197605,-0.100333,0.00156964,0.00244106,-0.0330149,-0.00429497,0.0042121,-0.00167333],[0.0567869,0.0904902,0.0268856,-0.927602,0.699341,0.332884,-0.00240943,0.0108997,0.0153612,0.0171548,0.0800212,0.0161565,0.101281,0.459148,0.0036849,-0.00833237,0.0947617,0.0621364,0.0625863,-0.00122033],[-0.0238532,-0.0380748,0.0391066,-0.627509,-0.208427,0.478451,-0.0432886,-0.00941332,-0.0178995,-0.00691863,0.0634,-0.00298743,-0.00668935,-0.226426,-0.00998177,-0.0135103,0.144109,0.0515203,-0.0488868,0.00175095],[-0.224737,-0.352687,-0.647753,-3.44675,-0.690587,-1.38576,0.925101,-0.010536,-0.0405891,-0.000291034,-0.018499,0.00757759,0.0504095,-2.87903,-0.0298813,-0.0370717,0.0762785,-0.496168,-0.262474,0.00683157],[-0.473636,-0.755359,0.345067,1.04209,2.00259,-0.583174,0.516603,0.729824,-0.248669,-0.0963386,0.851313,-0.0272614,0.634331,-1.96924,0.0205588,0.0861046,-0.580451,0.581643,0.332676,0.0360149],[0.410409,0.550269,-0.539593,-4.63098,-2.11255,-2.02668,0.00881527,-0.206988,0.476622,-0.0442026,-0.554192,-0.0231384,-1.2046,-6.40408,0.00404627,0.127604,-1.828,-0.126356,-0.248534,0.012998],[0.164151,0.00183511,1.22682,8.819,0.675915,2.40246,-0.32037,-0.0838538,-0.155596,1.02471,0.000554863,0.189404,-0.263616,-3.36293,-0.233497,-0.120466,-2.25906,-2.64977,-0.187928,-0.174058],[0.0293525,-0.0603635,-0.107506,-0.424833,-0.658902,-0.0877392,-0.109058,-0.0238359,-0.0480795,-0.0308907,1.14754,-0.0146014,0.0677992,-1.85978,-0.0131487,0.0136664,-0.682572,0.0456183,-0.00542915,0.00216073],[-0.398753,-0.933068,0.68244,0.242459,-4.78519,2.85842,-0.300834,0.238513,0.540802,-0.151641,1.06865,1.16689,2.49181,-9.76135,0.13198,0.16031,-2.29967,0.423414,-0.618243,0.121446],[0.0368835,0.119318,-0.0145964,0.662215,0.319697,0.28493,0.012278,0.0351498,0.00724612,-0.0110303,0.0338415,0.01192,1.04491,-0.215349,0.00126215,-0.0192843,0.622019,0.24731,-0.0345339,-0.0247755],[0.00673011,0.0102283,-0.0266608,0.0899297,0.0708181,0.100887,0.00402277,0.00465995,0.00112558,-0.000818998,0.0221388,0.00232185,0.00569744,0.901021,0.00108197,-0.000555317,0.014163,-0.00270353,-0.00988648,0.00409658],[-0.0434743,0.329885,-0.74094,0.41117,-1.55697,-0.461476,-1.05035,0.108189,0.177568,0.173968,-1.14309,0.127967,0.678134,5.77402,0.926502,-0.127043,2.83539,0.447701,-0.871295,0.172067],[-0.103633,-0.0605586,1.2341,-7.17074,1.5451,-1.60464,0.0206894,0.131416,0.117969,0.147793,-0.505744,-0.0113919,-0.684567,-11.8839,0.0614958,1.24184,-2.61786,2.5023,0.239198,0.0214649],[0.0492809,0.0549641,0.133811,0.278605,0.13307,0.0747208,0.0160871,0.0124699,0.0106972,0.0159205,-0.0822561,-0.00138576,0.0226751,-0.229395,0.0129227,0.0217759,0.911356,0.241713,0.0682949,-0.00692616],[-0.104016,-0.182467,-0.0973613,-0.106637,0.0530145,-0.521803,0.0159286,-0.00345788,0.0266978,0.00457639,0.0517585,-0.00238393,-0.0962477,1.30979,0.00704738,-0.00565639,0.28004,0.356668,-0.0520184,0.0113291],[-0.531165,-0.631934,-0.330938,2.28304,-0.698924,-0.225813,0.123059,-0.0442539,-0.0286627,-0.0338897,0.317974,-0.0159451,0.174759,-1.13304,0.00613657,0.050842,-0.91339,-0.458921,0.615641,-0.0217711],[-0.153896,-0.668727,0.185354,-0.748013,0.815,-3.09582,0.768515,0.212705,0.581033,0.307138,0.196335,0.0677802,0.719933,7.06782,0.344607,0.166711,2.36657,0.632559,1.52144,1.05177],[0.242727,0.194477,0.201437,0.0156311,-0.218471,-0.146475,-0.048088,0.0135691,-0.00774426,-0.00869209,-0.00301296,-0.00275659,-0.118262,-0.474318,-0.0126566,0.0091264,-0.442733,-0.435196,-0.10608,0.0210266],[0.119152,0.122974,0.0572059,0.00752858,-0.011764,0.207044,-0.0219267,-0.00930334,-0.00760949,0.00426466,0.0518771,0.00271195,-0.0651313,0.339627,-0.00518769,-0.0106467,0.0126117,-0.222504,0.0125844,-0.00732704],[0.0327754,0.0848843,0.342586,-0.122602,-0.220235,0.133854,-0.0286172,-0.00916129,-0.00243268,-0.0183333,0.0627494,-0.0109099,0.0562076,-0.350574,-0.0110367,-0.0154987,0.150165,0.181091,-0.0326968,0.0170537],[0.0172551,0.0190509,0.013836,0.031219,0.10147,0.0330629,-0.0163355,0.0054095,0.00568001,0.00290593,-0.00440282,0.0030704,0.0200358,-0.021921,0.00191875,0.00211492,-0.00712679,-0.0028433,-0.00725177,0.00161545],[-0.0198785,-0.0507294,0.0235531,1.20573,0.244125,0.0203541,0.0166657,0.000714874,0.00149284,-0.00964639,-0.0567127,-0.0100898,-0.0483847,0.164352,0.00198389,0.00939745,0.0141151,0.0281011,0.0103731,-0.00169421],[-0.00710804,0.00196083,-0.0213894,0.321107,0.0883769,0.328081,0.0188217,0.00487246,0.00534755,0.0102308,0.00610072,0.00518897,0.00728327,0.124488,0.00675997,0.00775868,-0.0173357,-0.0170701,0.04181,-0.00259263],[0.115837,0.255263,0.0518766,0.0385673,0.109038,0.0737981,-0.244252,-0.0306037,-0.0352068,-0.0320825,0.15827,-0.0349781,0.30544,0.760511,0.0281907,0.04664,-0.397663,0.172305,0.347188,-0.0190636],[0.191887,0.63092,-0.887722,0.947623,-1.95385,1.73903,-0.202085,0.257624,0.160879,-0.0346729,-0.977676,0.0112303,-0.216291,-2.7994,-0.117847,-0.138293,-0.486532,0.138117,-0.297265,0.025975],[-0.320816,-0.336179,0.224133,2.51219,1.8717,1.9373,-0.294718,0.097616,0.264312,0.0102112,0.730167,0.0311007,0.657208,6.56093,0.0401603,-0.101782,1.60187,0.220786,0.139593,0.0163259],[0.17385,-0.157807,-0.839771,-5.51189,0.616138,-3.54606,0.472735,0.112771,0.00654755,0.0552273,-0.525277,-0.0804967,0.114994,7.62193,0.193542,0.0625447,1.26241,1.96307,0.13199,0.225297],[0.0653381,0.125409,0.0350724,1.14598,0.818243,0.473434,0.124453,0.0261333,0.0323169,0.0253319,-0.133427,0.0163908,-0.0433329,0.677205,-0.00548839,-0.0180171,0.413699,0.0773959,0.0175883,-0.00518224],[0.275637,1.15496,-0.933315,4.376,5.16101,-1.70902,0.095403,-0.181418,-0.559118,0.102189,0.0651756,-0.142757,-3.08033,12.5578,-0.203739,-0.22898,2.66471,0.0866239,0.382719,-0.0468574],[-0.0485992,-0.072178,-0.0100788,-0.0933408,-0.342714,-0.00544262,0.0210823,-0.0175777,0.0140088,0.0141397,-0.200156,-0.0115994,-0.00586236,0.852706,0.00930888,0.0274683,-0.474119,-0.356725,-0.0506853,0.0176936],[-0.000704222,0.00189553,0.0355319,0.0114608,-0.0169466,-0.0301162,0.00240881,-0.00389777,0.00251617,-0.000385125,-0.00931716,-0.002025,0.0141225,0.198857,0.000599383,0.000959735,0.0071682,0.0530181,0.0171429,-0.0032331],[-0.165848,-0.548552,0.514713,-0.583948,1.02427,1.42389,0.645279,-0.140709,-0.259314,-0.24026,1.01279,-0.170557,-0.066593,-13.442,-0.0787491,0.015171,-2.40359,-0.4377,0.262812,-0.161417],[0.160655,0.161013,-1.75582,7.57753,-0.1702,0.70588,-0.0676941,-0.0405454,0.00391398,-0.184496,-0.0897046,-0.000632229,0.776646,3.10956,-0.155608,-0.296225,1.79673,-1.56666,-0.77188,-0.102369],[-0.0519125,-0.0563126,-0.107026,-0.156608,0.172434,-0.132623,0.0548764,-0.00575664,3.21093e-05,-0.00804068,0.000278175,-0.00474955,-0.0605704,0.363662,-0.0088756,-0.0131393,0.099607,-0.0751312,-0.0336782,0.00114298],[0.219224,0.373161,0.125483,-0.133249,-0.00933383,0.495067,0.00452557,-0.0153949,-0.0214199,-0.00399854,-0.0245397,-0.0118258,-0.00248894,-1.2503,-0.0220581,-0.0031453,-0.449427,-1.78856e-05,0.0325359,-0.0157015],[0.642849,0.579114,0.398952,0.542298,1.1004,0.106203,0.206807,0.120217,0.151802,0.0570279,-0.260013,0.0630489,-0.256172,2.56235,0.0792621,0.0520378,0.695512,0.166472,0.147381,0.0424997],[-0.0466352,0.51644,0.647722,0.971461,0.234947,0.777869,-0.183808,-0.129534,-0.372114,-0.22842,0.183411,0.0494476,-0.83113,5.81813,-0.274536,-0.275682,0.543764,1.54734,-1.3291,-0.00516944],[0.028922,0.172785,-0.192658,-0.833305,-0.201126,-0.16385,0.0396516,-0.0143697,-0.0279102,-0.00933274,0.132235,-0.00568022,-0.0897702,-0.21296,-0.0100966,-0.0189363,0.149425,-0.0201707,-0.0962974,-0.0112576],[-0.0125153,0.139475,-0.125481,-0.851493,-0.226634,-0.0992527,0.00949691,0.000428921,0.00193434,-0.00783598,0.054587,0.00744119,0.0671985,-0.189995,-0.00741476,-0.0164549,0.120304,0.0780563,-0.0456704,-0.0202194],[-0.0612322,-0.137504,-0.111148,0.00916074,-0.326826,-0.253892,0.0319231,-0.00840383,-0.0104311,0.0139103,0.057226,0.00291895,-0.0202314,-0.343753,-0.00534696,-0.000931793,0.0925864,-0.3796,0.0336729,-0.00625702],[0.00866262,0.00979394,0.00692848,0.287117,-0.0433477,-0.00468336,-0.00315364,-0.00559767,-0.00590742,-0.000559151,0.0115422,-0.00198433,-0.000342035,0.12179,-0.00349488,-0.00455595,0.040074,0.00703906,0.00303401,5.39656e-05],[-0.036908,-0.0397595,-0.050435,-0.278279,0.056499,-0.353249,-0.0142607,-0.0116179,-0.0168645,-0.00751,-0.0232814,-0.00606897,-0.0529357,-0.623655,-0.00567151,-0.00106502,-0.108874,-0.0902646,-0.0729509,0.00291424],[0.0309362,0.0360838,-0.0177384,0.306252,0.120025,0.193366,0.0244715,0.00454288,0.0125526,-0.00331228,-0.0695441,-0.00220529,-0.000651355,0.10187,0.00322016,0.00575346,-0.126759,-0.0345043,0.00707967,0.000840352],[0.109177,0.0978721,0.596283,3.40747,0.581765,1.31289,0.318806,0.0410831,0.0757049,0.0323487,-0.139472,0.0273829,-0.356339,2.11858,0.00168168,-0.00956712,0.321362,0.323128,-0.0847561,0.0122264],[0.348182,0.188019,0.583572,-1.98899,-0.188243,-1.26572,-0.272942,0.00569526,0.0844271,0.128083,0.205731,0.018928,-0.288706,4.49018,0.0987694,0.0500482,1.09368,-0.533271,-0.0476502,-0.0567253],[-0.0810357,-0.227073,0.212994,1.9099,0.0273972,-0.179636,0.312939,0.106011,0.244006,0.0317246,-0.0853653,-0.00356311,0.67844,-0.850912,-0.0489496,-0.0295441,0.175702,-0.0116825,0.0668276,-0.025862],[-0.334091,0.174442,-0.475997,-3.36901,-1.37691,1.02284,-0.144218,-0.0245453,0.149438,-0.0866933,0.561252,-0.105741,0.217454,-4.77947,0.0291984,0.0529151,0.928508,0.706779,0.0330978,-0.0488953],[-0.0947049,-0.065073,0.0724951,-0.721014,-0.159491,-0.386107,-0.0152265,-0.00227594,0.0158426,0.00555794,-0.0145931,-0.00181033,-0.0244994,1.18262,0.0186378,0.00434626,0.268978,-0.123126,-0.012246,0.00302502],[0.163875,-0.191192,0.25623,-4.61012,-0.528814,-1.26036,0.237265,-0.0591011,0.0184939,0.045098,-1.0846,-0.0244663,0.727985,-3.23494,0.072271,0.0693827,-0.401203,-0.371476,0.210927,-0.0708275],[0.0114215,-0.0473764,0.0243861,-0.570185,0.022565,-0.279828,-0.0335294,-0.0176097,-0.0213497,-0.0031169,0.166372,-0.000335383,-0.0392461,-0.63998,-0.0106134,-0.00820098,-0.148505,0.109126,0.0851706,0.0070267],[-0.00609299,-0.0123997,-0.0100594,-0.102645,-0.0531737,-0.072498,-0.00615531,-0.000529088,-0.00337992,0.00127766,-0.0135098,-0.000236246,-0.0196426,-0.102833,-0.0016777,-0.00034333,-0.0209375,-0.0504476,-0.00704453,-0.000826972],[0.0812775,0.127632,-0.345143,-1.33259,-0.067711,-1.42626,0.0436656,0.033891,0.00673422,0.0145002,0.232148,0.0175297,-0.5081,2.47723,0.00369327,0.0150536,-0.351584,-0.60399,0.273163,-0.0150283],[0.0109065,-0.00333154,0.502239,-0.364232,-1.4819,0.919193,0.101218,-0.108111,-0.141913,0.0151412,0.66619,0.0113988,-0.0268354,8.90742,0.0731151,0.012177,1.05468,-0.700045,0.45031,0.0831206],[0.00264609,0.00140282,-0.0265181,-0.122993,-0.30493,0.0582946,-0.0713563,-0.00673626,-0.0108828,-0.00788847,0.0823432,0.00608358,0.0373666,-0.137737,-0.00406586,-0.0085476,-0.0119734,-0.16738,-0.0343529,0.00577735],[0.0321141,-0.0200155,-0.0215164,0.139299,-0.151966,0.0425768,-0.0166868,0.0178964,0.0213058,0.0124269,0.0271851,0.010476,0.033207,0.0368156,0.0182186,0.0209626,-0.216864,-0.120025,-0.0095128,0.00245964],[0.124258,0.24878,0.0178095,-1.09105,0.00517528,0.789329,-0.050531,0.0474349,0.0239327,-0.00277562,-0.205006,0.0133101,-0.205835,0.183492,-0.0157016,-0.0436545,0.222172,-0.0957708,0.0757015,0.0269652],[0.235587,0.0708793,-0.584049,0.12871,-1.02622,2.33406,-0.611274,-0.110547,-0.230455,-0.0819074,-0.322571,-0.124135,0.13907,-11.692,0.000116875,0.159122,-2.52366,-2.24274,-0.13688,-0.0861926]],"sigmahat":[[0.918663,0.975762,0.963896,1.44672,0.149641,1.07196,0.137675,-0.00687847,0.000616367,0.0124376,0.228323,0.021149,-0.0125074,2.97059,0.0434217,0.00971319,0.386701,0.824517,0.134138,0.0483754],[0.975762,1.54518,0.854768,1.12583,-0.0496852,1.1173,0.1068,-0.0261895,-0.0409356,-0.0223669,0.361598,0.0191913,-0.0466577,2.44061,-0.00990368,-0.0427018,0.564258,1.0739,0.0595851,0.0305705],[0.963896,0.854768,3.1986,2.37061,-0.233051,2.31256,0.485723,-0.0394258,0.0496714,0.10455,0.295629,0.00480602,0.0498127,7.10925,0.142844,0.0894417,0.771386,1.98948,0.615551,0.0641343],[1.44672,1.12583,2.37061,38.3772,4.2583,4.63235,1.17582,0.0901387,0.569054,0.109931,-0.737262,-0.0105365,0.0406755,22.2499,0.221408,0.0806955,2.66627,1.93979,0.280299,0.033308],[0.149641,-0.0496852,-0.233051,4.2583,6.5395,0.618203,0.098607,0.192318,0.318302,0.0563318,-1.11209,0.0597047,-0.545395,5.75584,0.13443,0.0552955,0.868254,0.565476,0.22214,0.00390477],[1.07196,1.1173,2.31256,4.63235,0.618203,9.05464,0.279952,0.0389098,0.0753846,0.0654311,0.821921,0.0544676,0.582247,6.75976,0.130069,0.0321394,0.744522,1.67208,0.619618,0.135234],[0.137675,0.1068,0.485723,1.17582,0.098607,0.279952,0.463886,0.0249076,0.0668035,0.0415836,-0.278454,0.00827754,-0.178579,2.24274,0.0237217,-0.00175411,0.468274,0.557958,0.0827055,-0.00540826],[-0.00687847,-0.0261895,-0.0394258,0.0901387,0.192318,0.0389098,0.0249076,0.037222,0.0452103,0.0117038,-0.142861,0.0102612,-0.0204254,0.174984,0.011857,0.0103721,-0.0146087,-0.0299908,0.00619991,0.00139628],[0.000616367,-0.0409356,0.0496714,0.569054,0.318302,0.0753846,0.0668035,0.0452103,0.102081,0.0188264,-0.254088,0.0106786,0.0200832,0.992712,0.0245015,0.0132486,0.17343,0.0178161,0.0227852,0.00041355],[0.0124376,-0.0223669,0.10455,0.109931,0.0563318,0.0654311,0.0415836,0.0117038,0.0188264,0.0234469,-0.0616346,0.00610187,-0.0279856,0.760066,0.0196732,0.0131698,0.0870923,0.0601871,0.0522774,-0.000424041],[0.228323,0.361598,0.295629,-0.737262,-1.11209,0.821921,-0.278454,-0.142861,-0.254088,-0.0616346,1.9158,-0.00274681,0.51901,-1.94419,-0.0511847,-0.0550645,0.119248,0.456224,0.0183939,0.0320282],[0.021149,0.0191913,0.00480602,-0.0105365,0.0597047,0.0544676,0.00827754,0.0102612,0.0106786,0.00610187,-0.00274681,0.0123105,-0.00551436,0.369308,0.00666702,-0.000153703,0.0912282,0.0230819,0.00734924,0.00329031],[-0.0125074,-0.0466577,0.0498127,0.0406755,-0.545395,0.582247,-0.178579,-0.0204254,0.0200832,-0.0279856,0.51901,-0.00551436,0.978945,-1.62581,0.00104985,0.000219251,-0.116519,0.361713,0.0788481,0.0168032],[2.97059,2.44061,7.10925,22.2499,5.75584,6.75976,2.24274,0.174984,0.992712,0.760066,-1.94419,0.369308,-1.62581,96.5232,1.17121,0.17816,16.3543,7.59239,2.99343,0.265893],[0.0434217,-0.00990368,0.142844,0.221408,0.13443,0.130069,0.0237217,0.011857,0.0245015,0.0196732,-0.0511847,0.00666702,0.00104985,1.17121,0.0444263,0.0313008,0.0501145,0.0921131,0.0724325,0.0052956],[0.00971319,-0.0427018,0.0894417,0.0806955,0.0552955,0.0321394,-0.00175411,0.0103721,0.0132486,0.0131698,-0.0550645,-0.000153703,0.000219251,0.17816,0.0313008,0.0400748,-0.227136,-0.0133072,0.0557758,0.00142898],[0.386701,0.564258,0.771386,2.66627,0.868254,0.744522,0.468274,-0.0146087,0.17343,0.0870923,0.119248,0.0912282,-0.116519,16.3543,0.0501145,-0.227136,6.38008,1.68873,0.209804,0.0502295],[0.824517,1.0739,1.98948,1.93979,0.565476,1.67208,0.557958,-0.0299908,0.0178161,0.0601871,0.456224,0.0230819,0.361713,7.59239,0.0921131,-0.0133072,1.68873,4.24528,0.679577,0.000134557],[0.134138,0.0595851,0.615551,0.280299,0.22214,0.619618,0.0827055,0.00619991,0.0227852,0.0522774,0.0183939,0.00734924,0.0788481,2.99343,0.0724325,0.0557758,0.209804,0.679577,0.469534,-0.00435578],[0.0483754,0.0305705,0.0641343,0.033308,0.00390477,0.135234,-0.00540826,0.00139628,0.00041355,-0.000424041,0.0320282,0.00329031,0.0168032,0.265893,0.0052956,0.00142898,0.0502295,0.000134557,-0.00435578,0.0190897]],"n":20,"lags":3}