{"betahat":[[-0.790222,-0.228171,2.68049,7.47566,4.3746,3.16386,1.62831,-0.373168,-0.323058,-0.0676318,-3.3528,14.8877,-0.0516871,-0.147033,3.28647,0.522349,1.84107,-0.197054],[0.855229,-0.220999,-0.0672797,0.901232,0.271624,-0.0389374,-0.0441645,0.00534473,0.0379661,0.00795331,-0.0918704,0.648509,0.0133102,0.00142486,0.203908,0.171307,0.0296087,0.00200722],[-0.10082,0.72291,0.0467361,0.704248,0.0575368,-0.238815,-0.000444531,0.00901304,0.011432,0.00758241,-0.060826,0.148839,0.0156117,0.0266327,-0.0892904,0.0139894,0.0251306,0.0294772],[-0.0267752,-0.0303516,0.665027,-0.0303998,0.521071,-0.11927,-0.0275268,0.022492,0.0223844,0.00913906,-0.0937164,0.812284,0.016292,0.0163704,-0.171396,0.112162,-0.0375281,-0.00151673],[-0.0153102,-0.0175519,-0.00933234,0.724274,-0.0672321,-0.0434176,0.0225443,0.000573468,0.000564292,-0.00230686,-0.0192445,-0.0975676,0.00134102,0.00281898,-0.028779,-0.0204309,-0.00257133,-0.00160126],[-0.0202669,-0.00869486,-0.0379463,-1.21037,0.607555,0.175754,-0.0088257,0.0079596,0.01591,0.0166434,0.0506471,0.0925934,0.000603336,-0.00571401,-0.0246128,-0.0108448,0.052287,-0.00420484],[-0.0100737,-0.0224893,0.0568598,-0.49733,-0.194449,0.550413,-0.031246,-0.0099861,-0.0167433,-0.00882373,0.0528837,-0.356633,-0.0122517,-0.0139335,0.139202,0.0569989,-0.0280438,0.000638368],[0.0126188,-0.16888,-0.374217,-3.47553,-0.526897,-1.22574,0.968399,-0.0180962,-0.0161096,0.0213099,0.0937551,-0.865585,0.0133845,-0.00962858,0.14963,0.0866598,-0.163793,0.0566666],[0.115026,0.212531,0.611479,4.61626,1.49319,1.8224,0.641327,0.847895,-0.147119,-0.122163,0.56641,0.143049,0.00813568,0.0257047,0.597057,-0.241963,0.159816,0.0363311],[0.418238,0.596332,-0.363639,-3.80872,-2.18092,-1.36857,-0.00017717,-0.134095,0.57245,-0.0452445,-0.18347,-4.55037,0.0317807,0.100349,-0.552457,-0.653216,-0.10272,-0.00651539],[0.752837,0.810787,2.27367,9.42715,-0.51831,3.26808,-0.255396,-0.133725,-0.154897,0.952716,-0.0379288,-3.01034,-0.233235,-0.119157,-2.82141,-1.55179,0.267799,-0.188404],[0.163896,0.135414,0.00351358,0.190856,-0.692934,0.464866,-0.0774325,-0.000706275,-0.0185031,-0.0276849,1.14707,-1.0231,-0.001391,0.00959933,-0.416905,-0.0734775,0.0403639,-0.00045654],[0.0109073,0.0123406,-0.0211424,0.10289,0.0650813,0.133257,0.00649042,0.0041384,0.00100999,0.000117359,0.0224338,0.931967,0.00116239,-0.000834842,-0.0162974,-0.0221016,-0.000766174,0.0034462],[-0.308627,0.101983,-0.824465,0.174309,-1.3872,0.455418,-1.22797,0.164734,0.25222,0.144357,-0.78692,2.2025,0.935968,-0.0966067,1.99247,1.40142,-1.19065,0.201981],[0.197377,0.331397,0.404586,-7.13355,1.81943,-2.10695,-0.117541,0.0736133,0.0276112,0.114152,-1.07379,-11.1798,-0.00905152,1.17558,-2.39958,0.232316,0.152815,0.0509957],[-0.0815276,-0.0864535,-0.0582083,0.0106814,0.123462,-0.0394771,-0.0189721,0.0185166,0.0133486,0.0130041,-0.11134,-0.181162,0.0121704,0.0169299,0.996765,0.0929311,-0.00829822,-0.00613364],[0.633876,0.712096,0.389617,1.80794,0.407897,0.570962,0.0544082,-0.0276866,-0.00023076,-0.00819484,-0.0287421,0.829994,-0.0109528,-0.00473401,-0.163821,0.358199,0.0225193,0.031535],[-0.318014,-0.395516,-0.149938,2.65174,-0.312252,-0.229169,0.19262,-0.044386,-0.0242709,-0.023608,0.372277,0.433598,0.0186882,0.0420029,-0.226508,0.158992,0.632847,0.000769052],[0.468162,0.192825,0.178757,-0.258415,-0.11824,-2.82492,0.33411,0.142117,0.45053,0.175966,0.384556,3.93727,0.200101,0.0681436,1.20078,-0.726232,1.19698,1.08709],[0.0464222,-0.0144506,0.107205,-0.398106,-0.107771,0.0252997,-0.0255076,0.0110992,-0.00447681,-0.00145582,0.0311715,-0.28167,-0.00359526,0.00971891,-0.257229,-0.199099,0.00864366,0.0120075],[0.0364911,0.0552516,0.0143543,-0.116588,0.107307,0.205432,-0.00962235,-0.00809735,-0.0095009,0.00233117,0.0329359,0.173854,-0.00696843,-0.0128952,0.0702086,-0.0851562,0.026526,-0.0116945],[0.0608605,0.143558,0.355701,-0.0741168,-0.273364,0.391698,-0.0140784,-0.0101306,-0.00338663,-0.0217962,0.0430896,-0.768708,-0.0198418,-0.0183661,0.0170602,-0.00212991,-0.0231074,0.00898229],[0.0140525,0.0178766,0.00983507,0.0182391,0.0981502,0.0453626,-0.0163436,0.00288389,0.00278021,0.00233676,-0.00126494,-0.0518725,0.000277329,0.000793992,-0.022591,0.00642777,0.00114448,0.000787415],[0.0154501,-0.00486732,0.0389094,1.36236,0.278095,0.0813068,0.0100501,0.00485316,0.00171595,-0.0126,-0.0449015,0.104823,0.000979343,0.00682973,0.064657,0.0107554,-0.00231085,-0.000946015],[-0.0100114,0.00370921,-0.0320507,0.240574,0.0913256,0.293387,0.0157003,0.00467126,0.0043161,0.0103391,0.00342997,0.222297,0.00674061,0.00690801,-0.00465777,-0.0296227,0.0261291,-0.00228302],[0.0307301,0.194594,0.0328753,0.376909,-0.0779232,0.176037,-0.20636,-0.0143366,-0.0310059,-0.0371464,0.138449,-0.364438,0.00421822,0.0272991,-0.411444,-0.0818204,0.284201,-0.0476672],[-0.378789,-0.216297,-1.45275,-0.665026,-0.974052,-0.360578,-0.341894,0.189,0.082829,-0.0337241,-1.04587,-4.46278,-0.114015,-0.10142,-0.593788,-0.211245,-0.202161,-0.0141479],[-0.563028,-0.778959,0.203134,2.37443,1.18526,1.15264,-0.193782,0.0670384,0.278221,0.0184702,0.238438,4.00617,0.035687,-0.0296593,0.0961195,0.316371,0.0194014,0.029743],[-0.616307,-1.28391,-1.73662,-5.58077,0.456194,-3.32075,0.257767,0.256521,0.156453,0.0680082,-0.0692042,2.7497,0.223049,0.12258,1.29576,0.983348,-0.276208,0.248933],[-0.248019,-0.315459,-0.20314,0.222785,0.769803,-0.372041,0.0827881,0.0126826,0.0220434,0.0284313,-0.200902,-0.00830443,-0.00304718,-0.000417693,0.211311,0.0551738,-0.0485585,-0.00741979],[-0.0209998,-0.0250737,-0.0100467,-0.0609132,0.0121653,-0.11536,-0.0130909,-0.00301365,0.00344756,-0.00154992,-0.0148486,0.166004,0.00154289,0.00188692,0.0426809,0.0248941,-0.00173709,-0.00143116],[-0.134863,-0.779303,0.315045,-1.30417,0.861404,0.172348,0.710057,-0.101424,-0.175544,-0.149912,1.36453,-5.8675,0.0401167,0.049856,-0.814154,-0.495141,0.386616,-0.0687973],[-0.0923284,-0.327949,-0.627643,6.95513,-0.86716,1.76116,0.298545,0.0210245,0.142274,-0.0897203,0.351207,4.04382,-0.0563019,-0.203055,1.57327,-0.112819,-0.379323,-0.127196],[0.0601504,0.0798515,-0.00614309,0.0430619,0.193006,-0.108574,0.0624097,-0.0076811,-0.00262025,-0.00868164,0.0364072,0.335501,-0.0108698,-0.0123656,0.0681646,-0.0363089,-0.00123912,0.00466643],[-0.0117747,0.0803535,0.0739965,-0.926437,0.0381953,0.840204,0.0594503,-0.00632888,-0.00192468,0.0383086,0.0893276,-0.15021,0.0189589,0.0249516,-0.340658,0.0614046,0.169692,-0.0361195],[0.429913,0.469372,0.203784,-0.0742285,0.708199,0.256902,0.151001,0.108018,0.129848,0.0357509,-0.186426,0.93885,0.0428595,0.0296151,0.129468,-0.0376221,-0.00368584,0.0120673],[-0.702802,-0.581482,0.0723361,0.446895,1.05416,0.10598,0.000403161,-0.0885932,-0.273954,-0.122734,-0.205467,3.60162,-0.165645,-0.123502,0.32289,1.38788,-1.05072,-0.0571053],[0.0983401,0.235441,-0.0398646,-0.503253,-0.163896,0.0136709,0.0696454,-0.0164496,-0.0335001,-0.00649534,0.0607181,-0.366696,-0.00971415,-0.0111413,0.0532917,0.0277666,-0.0382211,-0.0140141],[0.0643185,0.221824,-0.0610248,-0.587786,-0.164886,0.0334155,0.0100399,-0.000921861,-0.00194273,-0.00991094,0.0279113,-0.32253,-0.00864221,-0.0137344,0.0190468,0.071137,-0.0516211,-0.0177815],[-0.0340924,-0.113212,-0.0206728,0.104417,-0.247732,-0.272403,0.0415825,-0.0123658,-0.0190071,0.0126594,0.0506291,-0.0433557,0.00355068,0.0019987,0.154312,-0.110061,0.060674,-0.00746554],[0.00123863,-0.000342438,-0.00044895,0.257006,-0.0309949,-0.00195012,-0.00623071,-0.0034615,-0.00335567,-2.70223e-05,0.0205118,0.149484,-0.00161798,-0.0036096,0.0513183,0.0139681,0.00145866,0.000815678],[0.00482109,0.0135675,-0.000901214,-0.152104,0.114277,-0.257013,-0.00124564,-0.012817,-0.017637,-0.00404122,-0.00571185,-0.19736,-0.00158217,-0.00111241,-0.0400734,5.87419e-05,-0.0499352,0.0051518],[0.0200778,0.0187715,-0.0247553,0.25666,0.103067,0.156163,0.0155404,0.00531523,0.0124264,-0.00151073,-0.0563469,0.134549,0.00551363,0.0070306,-0.134542,-0.0274031,0.0019542,0.00164423],[-0.0435199,-0.0260998,0.341604,3.0976,0.605127,1.05042,0.237326,0.0324087,0.0470058,0.0158521,-0.231785,1.22859,-0.0175531,-0.0175558,0.260153,-0.00516259,-0.120222,-0.00891752],[0.314202,0.0710232,0.802112,-3.8433,-0.675912,-1.5812,-0.253538,-0.0382923,0.0655922,0.148443,0.530218,3.75895,0.102429,0.0699996,0.0684896,0.491139,-0.00428766,-0.0261561],[0.176824,0.235729,0.0309843,1.44461,0.78276,0.0598687,0.227486,0.0674682,0.138259,0.0199908,0.0418703,-0.319441,-0.0779128,-0.082316,0.520183,0.372236,-0.00601804,-0.0268449],[-0.136984,0.495223,-0.636142,-3.86677,-0.0212044,-0.0420077,0.00272341,-0.115782,0.00146685,-0.028842,0.15865,-0.353235,0.000341294,-0.00849883,1.46783,0.597626,-0.0372535,-0.060225],[0.0841752,0.180201,0.199794,-0.413752,-0.0775866,-0.0927008,-0.00532234,-0.0119974,-0.0035336,-0.000740636,0.0536972,1.03206,0.00443649,-0.00920231,0.205893,0.0183522,0.00813352,0.00785876],[0.00994051,0.0123226,0.0304799,-0.0403119,-0.0766479,-0.0184836,0.00706172,-0.00082405,-0.00410397,0.00151229,-0.00859151,-0.101542,-0.00268659,-0.000982561,-0.0255783,-0.00295723,0.00302891,-0.00203889],[0.446386,0.71895,0.161778,-0.69373,0.0326455,-0.683186,0.147433,-0.0734093,-0.144714,-0.0406049,-0.066603,0.0577151,-0.100476,-0.043518,-1.17524,-0.847746,0.429822,-0.0723868],[-0.0136948,0.137637,0.137196,0.223842,-1.04056,0.40192,-0.138342,-0.104712,-0.180845,-0.0463268,0.790472,7.01844,0.0424348,-0.0145893,1.01843,-0.0798325,0.112519,0.0764069],[0.0213253,0.00642741,0.0649776,-0.0549839,-0.316419,0.148527,-0.0438451,-0.0109002,-0.0109087,-0.00430656,0.0752839,-0.155667,-0.00128613,-0.00444133,-0.0663727,-0.0570605,0.0101146,0.00149681],[-0.0148239,-0.126327,0.0667076,-0.122933,-0.250792,-0.378794,-0.0541238,0.0304183,0.0196652,0.0217159,0.0778901,0.0342767,0.0339236,0.0342126,-0.331689,-0.05194,-0.110926,0.000291258],[-0.0460277,-0.0199788,-0.0678552,-1.16595,-0.0747717,0.515952,-0.0919969,0.0455467,0.0364969,-0.0024642,-0.101071,-0.525741,-0.00333779,-0.0181141,-0.163507,0.0567539,0.0745802,0.0333886],[0.432215,0.480416,0.147657,0.46079,-0.971839,2.6908,-0.324709,-0.0930437,-0.209957,-0.0482728,-0.24493,-6.63137,0.0304801,0.109282,-1.20931,-0.941932,0.0436976,-0.0969525]],"sigmahat":[[0.612704,0.738643,0.583859,0.710387,0.134053,0.947273,0.133872,-0.0367548,-0.0645623,-0.0190952,-0.0734462,-0.090677,-0.012292,-0.0127251,0.0246757,-0.185986,0.132691,-0.0213793],[0.738643,1.53602,0.443717,0.535949,0.0278231,1.30674,0.115929,-0.064418,-0.137558,-0.0679646,-0.00424265,-1.34589,-0.0907661,-0.083488,0.134895,-0.0853088,0.0289951,-0.0630577],[0.583859,0.443717,2.84177,2.4736,0.0694562,2.19453,0.530376,-0.115337,-0.0628938,0.0418105,-0.575051,4.581,0.0703499,0.0497036,1.1526,-0.201122,0.737648,-0.00873265],[0.710387,0.535949,2.4736,44.3254,5.33032,6.04486,1.59686,-0.0133575,0.356642,0.0117252,-2.01109,18.9032,0.0941571,0.0129004,3.78041,0.00880772,0.62317,-0.201322],[0.134053,0.0278231,0.0694562,5.33032,7.41517,0.76854,0.328326,0.189432,0.262133,0.0529683,-1.44099,4.36379,0.0770581,0.0241754,1.05664,0.664042,0.401417,-0.0584088],[0.947273,1.30674,2.19453,6.04486,0.76854,9.81602,0.351848,-0.0209104,-0.0535859,-0.047367,-0.119705,2.0435,-0.00553762,-0.0444868,0.901585,-0.416235,0.652082,0.0333834],[0.133872,0.115929,0.530376,1.59686,0.328326,0.351848,0.58388,-0.0087379,0.0176322,0.0237251,-0.635051,2.169,0.00451961,-0.0193894,0.898145,-0.0516932,0.156008,-0.0340017],[-0.0367548,-0.064418,-0.115337,-0.0133575,0.189432,-0.0209104,-0.0087379,0.0504121,0.0620042,0.0139988,-0.102125,0.0472151,0.0156491,0.0140887,-0.104591,0.0370113,-0.040745,0.00694659],[-0.0645623,-0.137558,-0.0628938,0.356642,0.262133,-0.0535859,0.0176322,0.0620042,0.132426,0.0227195,-0.200803,0.818072,0.0319158,0.0209876,0.00635894,0.0735039,-0.0509008,0.00871055],[-0.0190952,-0.0679646,0.0418105,0.0117252,0.0529683,-0.047367,0.0237251,0.0139988,0.0227195,0.0254036,-0.0703582,0.677231,0.0192416,0.0144569,0.0433105,0.000579402,0.0232889,0.000619663],[-0.0734462,-0.00424265,-0.575051,-2.01109,-1.44099,-0.119705,-0.635051,-0.102125,-0.200803,-0.0703582,2.36792,-4.70197,-0.0706616,-0.0466451,-0.940631,0.144476,-0.40462,0.0738864],[-0.090677,-1.34589,4.581,18.9032,4.36379,2.0435,2.169,0.0472151,0.818072,0.677231,-4.70197,67.4787,0.800673,0.262701,9.62362,1.11922,2.2613,-0.133368],[-0.012292,-0.0907661,0.0703499,0.0941571,0.0770581,-0.00553762,0.00451961,0.0156491,0.0319158,0.0192416,-0.0706616,0.800673,0.043731,0.0362779,-0.0690972,-0.0128953,0.0445131,0.00435134],[-0.0127251,-0.083488,0.0497036,0.0129004,0.0241754,-0.0444868,-0.0193894,0.0140887,0.0209876,0.0144569,-0.0466451,0.262701,0.0362779,0.0452039,-0.26564,-0.0457077,0.0412373,0.00528747],[0.0246757,0.134895,1.1526,3.78041,1.05664,0.901585,0.898145,-0.104591,0.00635894,0.0433105,-0.940631,9.62362,-0.0690972,-0.26564,6.43166,0.680496,0.574319,-0.123137],[-0.185986,-0.0853088,-0.201122,0.00880772,0.664042,-0.416235,-0.0516932,0.0370113,0.0735039,0.000579402,0.144476,1.11922,-0.0128953,-0.0457077,0.680496,0.848707,-0.180455,0.00960903],[0.132691,0.0289951,0.737648,0.62317,0.401417,0.652082,0.156008,-0.040745,-0.0509008,0.0232889,-0.40462,2.2613,0.0445131,0.0412373,0.574319,-0.180455,0.71757,-0.0418786],[-0.0213793,-0.0630577,-0.00873265,-0.201322,-0.0584088,0.0333834,-0.0340017,0.00694659,0.00871055,0.000619663,0.0738864,-0.133368,0.00435134,0.00528747,-0.123137,0.00960903,-0.0418786,0.025796]],"n":18,"lags":3}