{"betahat":[[-0.818232,-0.0452103,3.31857,8.15323,2.71045,3.79223,1.64174,-0.373475,-0.367826,-0.0570055,-3.01199,13.7119,-0.0692388,-0.132891,3.07195,0.399294,2.12036,-0.213799],[0.851154,-0.210085,-0.0832437,0.901135,0.231591,-0.0367764,-0.042912,0.00532843,0.0369861,0.008481,-0.0853957,0.612504,0.0115136,0.000109438,0.218106,0.164066,0.0159156,0.000758051],[-0.101807,0.712322,0.0586336,0.661726,0.0983362,-0.224249,-0.00259308,0.0109303,0.0143094,0.00827419,-0.0655796,0.173463,0.0186986,0.0300377,-0.106573,0.0203078,0.0375436,0.0296213],[-0.0222293,-0.0316147,0.653427,-0.0343844,0.536928,-0.130152,-0.0259407,0.0239265,0.0233462,0.00832304,-0.107473,0.820129,0.0184894,0.0183638,-0.179887,0.100787,-0.0312882,-6.29716e-05],[-0.0130788,-0.0158801,-0.00843002,0.716776,-0.0673217,-0.0444136,0.021712,0.000525745,0.000492277,-0.00250469,-0.019361,-0.0953748,0.00141489,0.00297643,-0.0285195,-0.0203989,-0.00125221,-0.00133975],[-0.0212131,-0.0110243,-0.043217,-1.22056,0.611901,0.176642,-0.00976883,0.00977086,0.0184634,0.0172611,0.0494357,0.103842,0.00162393,-0.00495239,-0.028312,-0.00988397,0.0513502,-0.00395205],[-0.00911178,-0.0218063,0.0628558,-0.496301,-0.197235,0.546119,-0.0294924,-0.0106498,-0.018275,-0.00920298,0.0491386,-0.371667,-0.0133924,-0.0150021,0.14798,0.0555781,-0.0302065,0.000119905],[-0.00750875,-0.187055,-0.390832,-3.4532,-0.557872,-1.25891,0.964278,-0.0202368,-0.0168144,0.0233176,0.115309,-0.916709,0.0109792,-0.0124622,0.147325,0.0827897,-0.186354,0.0548241],[0.142856,0.219145,0.651689,4.63718,1.52233,1.87769,0.647344,0.855437,-0.127273,-0.1119,0.578262,0.636359,0.0280055,0.0414275,0.55627,-0.230576,0.201428,0.0445135],[0.401247,0.603975,-0.39543,-4.10192,-2.31658,-1.40377,0.00808612,-0.148307,0.542672,-0.0576497,-0.245814,-5.02869,0.0246558,0.103542,-0.572702,-0.67249,-0.0820902,-0.0124534],[0.887957,0.980664,2.57136,9.98979,-0.408826,3.47151,-0.241566,-0.142031,-0.15502,0.956946,-0.0641696,-2.97307,-0.235733,-0.118673,-2.86085,-1.49093,0.29235,-0.176879],[0.156884,0.128587,0.000221486,0.18387,-0.716589,0.456703,-0.0748417,-0.000967393,-0.0178304,-0.0274937,1.14654,-1.04919,-8.33065e-05,0.0117465,-0.417862,-0.0784592,0.0442311,0.000135046],[0.00934786,0.0119774,-0.0232659,0.10095,0.0613594,0.132743,0.00744696,0.00400222,0.000670823,5.7822e-05,0.0252341,0.922835,0.00107031,-0.00105759,-0.0124681,-0.0215398,-0.00352399,0.00321273],[-0.288665,0.0050444,-0.843931,0.560385,-1.43809,0.375264,-1.29335,0.16258,0.253134,0.154514,-0.785927,2.96659,0.942469,-0.0878024,1.93755,1.30532,-1.09167,0.192893],[0.174031,0.373473,0.420265,-7.48954,1.80927,-2.24944,-0.0716837,0.0797361,0.0379197,0.1196,-1.15468,-11.4684,-0.00445104,1.17691,-2.31907,0.252312,0.151021,0.0483134],[-0.0823679,-0.0893019,-0.0538183,0.00654232,0.125852,-0.0555089,-0.0178218,0.0212488,0.0173228,0.0139314,-0.12303,-0.174309,0.0141997,0.0188623,0.987997,0.0889233,0.000656911,-0.00643211],[0.650496,0.729093,0.398598,1.87209,0.419171,0.61494,0.0559105,-0.0307607,-0.000804981,-0.00898811,-0.0382696,0.866812,-0.0166417,-0.0107921,-0.136466,0.375919,0.00483465,0.0336073],[-0.324418,-0.408387,-0.158807,2.6879,-0.280854,-0.196608,0.197177,-0.0503361,-0.0323579,-0.0288478,0.389727,0.398982,0.0138374,0.0382156,-0.229587,0.161839,0.638006,0.00586535],[0.53548,0.199285,0.230733,0.431629,0.168451,-2.812,0.366556,0.15753,0.503306,0.187695,0.41552,4.48863,0.218919,0.0775579,1.12615,-0.796931,1.14311,1.09313],[0.0522182,-0.0145973,0.126132,-0.39565,-0.0732297,0.0184426,-0.0251599,0.0108111,-0.00630223,-0.00223483,0.0340561,-0.263071,-0.00230472,0.0108443,-0.274424,-0.203618,0.0235357,0.0129132],[0.02602,0.0426973,-0.00542255,-0.0963502,0.0788227,0.168639,-0.0140386,-0.00782017,-0.0097743,0.00185854,0.0448958,0.0994985,-0.00832761,-0.0140041,0.0688698,-0.0900462,0.0145932,-0.0117752],[0.0579263,0.146146,0.371822,-0.111779,-0.298181,0.411422,-0.0161591,-0.0110266,-0.0036933,-0.0217224,0.0436357,-0.826065,-0.0219832,-0.0197418,0.0182059,-0.00432936,-0.0214844,0.0071673],[0.0129476,0.0171308,0.00994322,0.0134205,0.0996271,0.0479471,-0.0161756,0.00310307,0.00326494,0.0023453,-0.00241609,-0.0636016,0.000247409,0.000808154,-0.0265021,0.00619957,1.08697e-05,0.000671456],[0.0165557,-0.00299338,0.0417161,1.38224,0.271996,0.0696336,0.0101056,0.00394383,0.000336002,-0.0131846,-0.0427719,0.0973168,0.000770004,0.00697468,0.0658669,0.00844639,-0.00177814,-0.00086456],[-0.0132546,0.00128613,-0.0367972,0.25887,0.0939744,0.298753,0.0155667,0.0053046,0.00542429,0.0110898,0.00354306,0.255755,0.00751966,0.00738072,0.000661939,-0.0275576,0.02953,-0.00207383],[0.0593072,0.220303,0.0558415,0.225741,-0.0834397,0.178874,-0.21383,-0.0176983,-0.039131,-0.0427922,0.139323,-0.468283,0.00354969,0.0301071,-0.428594,-0.0756037,0.310168,-0.0430933],[-0.40643,-0.209263,-1.51374,-0.714852,-1.07029,-0.391229,-0.333522,0.187573,0.067908,-0.0399191,-1.10344,-5.04936,-0.137281,-0.120025,-0.535144,-0.247465,-0.241446,-0.0255335],[-0.551128,-0.792564,0.221031,2.26626,1.21615,1.25065,-0.227934,0.071702,0.288582,0.0192026,0.326164,3.97317,0.0358444,-0.0349022,0.042972,0.309524,-0.00720045,0.0393369],[-0.788444,-1.51794,-2.03006,-6.15615,0.441851,-3.51461,0.223133,0.272676,0.180474,0.0781259,0.026554,2.62907,0.229349,0.130243,1.08644,0.893323,-0.302504,0.241241],[-0.241966,-0.311128,-0.201104,0.224807,0.797986,-0.375146,0.074304,0.0147793,0.0236949,0.0296277,-0.198076,-0.0059352,-0.00379592,-0.00122007,0.20038,0.0549297,-0.0472732,-0.00822827],[-0.021032,-0.0258605,-0.0111134,-0.0566049,0.0174416,-0.118217,-0.0140112,-0.00299295,0.00362839,-0.00163132,-0.0180055,0.177283,0.00145918,0.0019174,0.0406684,0.0256107,-0.000525346,-0.00124111],[-0.236238,-0.824057,0.27443,-1.80044,0.700538,0.171425,0.732236,-0.110479,-0.185032,-0.163724,1.3368,-6.81574,0.0354064,0.0442572,-0.821775,-0.383204,0.317212,-0.0719433],[-0.0293626,-0.290545,-0.703662,7.5322,-0.665003,1.8015,0.297772,0.0221507,0.138653,-0.0924088,0.385816,4.41531,-0.061304,-0.20716,1.67924,-0.0757635,-0.376713,-0.139886],[0.0648423,0.0885693,-0.0155131,0.0677591,0.204124,-0.0964299,0.0668069,-0.00905194,-0.00567745,-0.00910037,0.0415376,0.346652,-0.0128099,-0.0145455,0.0850143,-0.0301235,-0.0105881,0.00394177],[-0.025415,0.0691199,0.0849154,-0.910832,0.0554729,0.864041,0.0562392,-0.00799351,-0.00110474,0.0415446,0.0858599,-0.0556154,0.0213891,0.0271955,-0.338707,0.0589707,0.190335,-0.0383032],[0.460054,0.505064,0.237303,-0.0930222,0.698329,0.321231,0.148724,0.111246,0.130766,0.0390625,-0.191915,1.00772,0.0468015,0.0337339,0.0951016,-0.0435792,0.00233288,0.0132375],[-0.719673,-0.504021,0.107656,0.179953,0.857114,0.14576,0.00810947,-0.105735,-0.319977,-0.130075,-0.156741,3.59587,-0.193245,-0.150571,0.508137,1.49864,-1.00692,-0.0581304],[0.0966122,0.224651,-0.0428692,-0.505609,-0.158348,0.0183487,0.0680384,-0.0161447,-0.0306919,-0.00624478,0.0513448,-0.34924,-0.00920712,-0.0109509,0.0562791,0.039534,-0.0394356,-0.0136681],[0.0757691,0.244943,-0.0531893,-0.565503,-0.177143,0.0556229,0.0165973,-0.00311564,-0.0045438,-0.0101309,0.0206896,-0.272748,-0.0103688,-0.0160301,0.037659,0.0697165,-0.0521173,-0.0178424],[-0.0357128,-0.114562,-0.0252377,0.146065,-0.238713,-0.281265,0.0420693,-0.0129038,-0.0196591,0.0134008,0.0638235,0.00620958,0.00349573,0.00138131,0.16165,-0.0964781,0.0527954,-0.00710191],[0.000104332,-0.00129438,-0.00150619,0.269342,-0.0323182,-0.00355525,-0.00557503,-0.00363276,-0.00376565,0.000161259,0.021765,0.159083,-0.00166098,-0.00378098,0.0549602,0.0141739,0.0012547,0.000672862],[0.00465238,0.0139973,0.00151804,-0.161775,0.116094,-0.246251,-0.000364985,-0.0137181,-0.0188069,-0.00407527,-0.00664864,-0.201029,-0.00239238,-0.00201899,-0.0375859,0.00141673,-0.0495482,0.00481966],[0.0223505,0.0204869,-0.0260469,0.237356,0.103266,0.155073,0.013914,0.00534622,0.0128533,-0.00188301,-0.0527326,0.116206,0.00587622,0.00762651,-0.148641,-0.0280382,0.000699964,0.00195537],[-0.0518599,-0.0335032,0.335512,3.22561,0.641913,1.0802,0.249123,0.0378726,0.0558077,0.0194995,-0.254365,1.38519,-0.0144807,-0.0175407,0.280099,-0.00762111,-0.123482,-0.0116898],[0.315674,0.0616731,0.819867,-3.80721,-0.616796,-1.56382,-0.266352,-0.045173,0.0590094,0.143549,0.579486,3.79359,0.104851,0.072134,0.0438448,0.510494,-0.0096644,-0.0233645],[0.184976,0.246429,0.0372155,1.78861,0.88411,-0.0311946,0.256773,0.0769802,0.157776,0.0310784,0.0201383,0.179267,-0.0717082,-0.0809988,0.592431,0.396343,0.0029037,-0.0302405],[-0.0873182,0.571137,-0.646496,-3.79328,-0.0887881,-0.0492771,0.0256423,-0.122332,-0.0203797,-0.0436386,0.0791771,-0.322944,-0.00379144,-0.0164504,1.71256,0.6198,-0.0394434,-0.0637447],[0.0850618,0.182549,0.200914,-0.408833,-0.0813433,-0.0819301,0.000586618,-0.0137884,-0.00578001,-0.00213257,0.0511886,1.05602,0.00389252,-0.0105487,0.218111,0.0236829,0.00296718,0.00807286],[0.0114389,0.0133655,0.0334156,-0.0430423,-0.0778048,-0.0153852,0.00696267,-0.000720372,-0.00399196,0.0016475,-0.00809149,-0.104093,-0.00252929,-0.000788591,-0.0275625,-0.00406754,0.00434868,-0.00197623],[0.496748,0.843827,0.155469,-0.714938,0.158344,-0.758326,0.168392,-0.0722509,-0.155789,-0.038537,-0.0195513,-0.0102665,-0.111736,-0.0504933,-1.16403,-0.881355,0.41381,-0.0703914],[-0.0572682,0.0385006,0.214481,-0.0396446,-1.20062,0.51689,-0.181682,-0.112114,-0.185751,-0.0464115,0.818857,7.04461,0.048936,-0.00783368,0.84558,-0.133769,0.116128,0.0921532],[0.0175097,0.000592605,0.0699154,-0.0757168,-0.329365,0.152361,-0.0493833,-0.0122455,-0.0117678,-0.00479877,0.0815975,-0.1721,-0.00133035,-0.00419139,-0.0741786,-0.0591649,0.0105102,0.00251161],[-0.0220353,-0.137598,0.0459926,-0.139635,-0.284361,-0.424153,-0.0577586,0.0327941,0.0239656,0.0215428,0.0841907,0.0743859,0.0380095,0.0369368,-0.328413,-0.0510461,-0.126021,-0.000366134],[-0.0529224,-0.0227361,-0.0849437,-1.19357,-0.0918934,0.500073,-0.0983262,0.0487802,0.0371464,-0.00470706,-0.0905407,-0.664909,-0.00558892,-0.0207704,-0.166801,0.0561829,0.067194,0.0327828],[0.403225,0.421622,0.0951808,0.147548,-1.03082,2.71804,-0.354797,-0.0890833,-0.210259,-0.0529746,-0.308504,-7.09123,0.0393096,0.123352,-1.28685,-0.949867,0.0244624,-0.0960371]],"sigmahat":[[0.569446,0.685784,0.552139,0.625257,0.0840603,0.881031,0.128408,-0.0369181,-0.0641365,-0.0180796,-0.0673721,-0.0868334,-0.0118761,-0.0119159,0.00730815,-0.158097,0.122611,-0.0209261],[0.685784,1.44575,0.403899,0.409967,-0.0182622,1.17249,0.101797,-0.0652687,-0.138102,-0.0659416,0.0134429,-1.36677,-0.0892246,-0.081381,0.108295,-0.0459898,0.0210913,-0.0596017],[0.552139,0.403899,2.84235,2.29831,0.0273048,2.156,0.535749,-0.110151,-0.0571916,0.0469241,-0.608445,4.54328,0.0753452,0.055695,1.10678,-0.199137,0.743251,-0.00921754],[0.625257,0.409967,2.29831,42.7026,5.13186,5.61447,1.58248,-0.00702154,0.351109,0.0206578,-1.97686,18.4041,0.109869,0.0309298,3.51773,-0.0850174,0.760138,-0.200579],[0.0840603,-0.0182622,0.0273048,5.13186,7.29694,0.561536,0.331536,0.192232,0.267578,0.0490899,-1.45905,4.16488,0.0785547,0.0227011,1.16238,0.659955,0.434798,-0.0651946],[0.881031,1.17249,2.156,5.61447,0.561536,9.58236,0.330386,-0.0163984,-0.0567455,-0.044188,-0.0888886,1.71347,-0.00153245,-0.038424,0.768541,-0.451382,0.623769,0.0377236],[0.128408,0.101797,0.535749,1.58248,0.331536,0.330386,0.568069,-0.00622032,0.0214747,0.0246432,-0.64588,2.15159,0.0066279,-0.0159164,0.854968,-0.0508776,0.165803,-0.0332558],[-0.0369181,-0.0652687,-0.110151,-0.00702154,0.192232,-0.0163984,-0.00622032,0.0492677,0.0609941,0.0136385,-0.104266,0.0442553,0.0152655,0.0138392,-0.0934975,0.0292249,-0.0353408,0.00617614],[-0.0641365,-0.138102,-0.0571916,0.351109,0.267578,-0.0567455,0.0214747,0.0609941,0.130422,0.0226104,-0.205029,0.821328,0.0319069,0.0210458,0.0198667,0.0616045,-0.0418579,0.00800787],[-0.0180796,-0.0659416,0.0469241,0.0206578,0.0490899,-0.044188,0.0246432,0.0136385,0.0226104,0.0245041,-0.0716198,0.66085,0.0190938,0.0144683,0.0435289,-0.00371377,0.0250487,0.000719281],[-0.0673721,0.0134429,-0.608445,-1.97686,-1.45905,-0.0888886,-0.64588,-0.104266,-0.205029,-0.0716198,2.38677,-4.80798,-0.0748646,-0.0511575,-0.950406,0.146644,-0.440552,0.072599],[-0.0868334,-1.36677,4.54328,18.4041,4.16488,1.71347,2.15159,0.0442553,0.821328,0.66085,-4.80798,66.7853,0.799157,0.263161,9.55521,0.989379,2.40532,-0.129415],[-0.0118761,-0.0892246,0.0753452,0.109869,0.0785547,-0.00153245,0.0066279,0.0152655,0.0319069,0.0190938,-0.0748646,0.799157,0.0435848,0.0361926,-0.0665921,-0.0195085,0.045979,0.00410219],[-0.0119159,-0.081381,0.055695,0.0309298,0.0227011,-0.038424,-0.0159164,0.0138392,0.0210458,0.0144683,-0.0511575,0.263161,0.0361926,0.0451336,-0.264155,-0.051427,0.0413659,0.00526935],[0.00730815,0.108295,1.10678,3.51773,1.16238,0.768541,0.854968,-0.0934975,0.0198667,0.0435289,-0.950406,9.55521,-0.0665921,-0.264155,6.40059,0.70375,0.596519,-0.121762],[-0.158097,-0.0459898,-0.199137,-0.0850174,0.659955,-0.451382,-0.0508776,0.0292249,0.0616045,-0.00371377,0.146644,0.989379,-0.0195085,-0.051427,0.70375,0.792565,-0.154625,0.00582756],[0.122611,0.0210913,0.743251,0.760138,0.434798,0.623769,0.165803,-0.0353408,-0.0418579,0.0250487,-0.440552,2.40532,0.045979,0.0413659,0.596519,-0.154625,0.691962,-0.0393872],[-0.0209261,-0.0596017,-0.00921754,-0.200579,-0.0651946,0.0377236,-0.0332558,0.00617614,0.00800787,0.000719281,0.072599,-0.129415,0.00410219,0.00526935,-0.121762,0.00582756,-0.0393872,0.0231841]],"n":18,"lags":3}