{"betahat":[[0.0168371,-0.597512,0.346634,0.697562,0.680981,0.225312,-0.0944192,-0.0638685,-0.0906837,-2.09892,6.4142,0.0620658,-0.228228,4.04128,0.0371063,0.782845,-0.397687,2.1726,0.804009,0.319133],[1.09075,0.111663,0.573037,-0.00208417,0.28725,0.5659,0.0204881,0.0302477,0.0270538,-0.144536,0.824904,0.0324623,-0.0125141,0.877903,-0.0145539,-0.0752161,0.0331059,0.443017,0.20537,-0.082998],[0.0298405,0.987947,0.157129,-0.0296193,0.12666,0.284734,0.070817,-0.00194657,0.0331086,0.400852,1.33147,0.0589892,0.00983487,0.341114,-0.00231827,0.0175494,0.0355203,-0.0295379,0.198002,0.0129386],[-0.00449821,-0.0202305,0.645446,8.06715e-05,-0.0129388,-0.209651,-0.027174,0.00829225,-0.00538209,-0.13469,-0.420531,-0.00671139,-0.000387593,-0.0627348,-0.00905925,0.00567118,0.0130277,-0.0221481,-0.0430445,-0.00349811],[0.357917,0.669637,0.345963,0.967137,0.384089,0.477951,0.0218394,0.0193511,0.0149902,0.397321,3.77903,-0.0233279,-0.0294815,0.64525,-0.0483831,-0.262568,-0.158511,0.639639,0.195073,0.040511],[0.0282928,0.0102789,0.149307,-0.0254493,1.07493,0.155473,0.0401333,0.0350735,-0.0129597,-0.198557,0.762411,-0.0270289,-0.0117113,0.0516626,0.00491903,-0.0214148,-0.00653033,0.0251835,0.0222069,-0.033998],[0.0199232,0.0132194,-0.110933,0.00570009,-0.0053693,0.897418,-0.0187498,-3.90128e-06,0.00486164,-0.084268,-0.414505,-0.0134854,0.0134089,-0.254781,-0.00987173,-0.0087479,-0.0276056,-0.120345,-0.0036333,0.0222534],[0.0250933,0.119226,-0.391276,-0.0178379,0.00958678,-0.127093,0.733794,0.0456853,0.0118742,0.349959,-1.13977,0.000313248,-0.00202614,-0.0686125,-0.00482051,-0.0650075,-0.21921,0.170367,-0.282349,0.0724656],[-0.12657,-0.14577,0.327447,0.157864,-0.413321,-0.230391,-0.147819,1.1867,-0.045983,0.68522,-1.95206,-0.102234,0.000874092,-1.47098,-0.0190237,0.0120348,-0.190197,-1.12402,-0.0603364,0.514458],[0.268244,0.0253245,0.457022,0.0185195,0.519281,0.258711,0.279063,0.185844,1.14174,-0.413189,7.27337,0.0687989,0.0810057,-0.167507,0.00184477,-0.00252031,0.0863549,0.99017,0.338253,0.270183],[-0.00272949,0.00473639,0.0529942,-0.00577981,0.0221892,0.057038,0.0148234,-0.00577247,-0.00506395,1.23906,-0.366274,-0.00137448,0.00842462,-0.17056,0.00591605,0.00584502,0.0126684,0.0192427,0.00347192,0.0511527],[-0.00135385,-0.0040329,-0.0112715,-0.000551688,0.00256852,0.0034612,0.000639921,0.000620677,-0.00301208,0.00938727,0.978059,-0.00171033,0.000790578,-0.0530817,0.00165777,0.00441261,-0.00391151,-0.0123596,0.00504429,0.00928133],[0.081162,0.0931044,0.204696,-0.166837,0.33591,0.304718,-0.154316,0.100305,-0.021032,-0.330844,-3.95315,0.999376,-0.0387378,1.25313,-0.0665642,-0.0107221,-0.111979,0.442981,-0.676664,-0.0799704],[-0.263865,-0.0562385,-0.547256,0.187689,-0.908647,-0.554311,-0.204557,-0.124364,0.0653739,-0.697003,-4.84549,-0.0223253,0.998914,-2.166,0.0618802,-0.00565417,-0.0981368,-1.04385,0.163756,0.137484],[0.0214597,0.00741123,0.0733531,-0.00508738,0.0621326,0.0807107,0.00449368,0.00831908,0.00517677,0.0278381,0.0332148,0.0119261,0.00759709,1.14592,0.00196171,-0.00992019,0.0217285,0.0768304,-0.00869996,0.0285576],[0.026138,0.0496421,0.000170729,-0.150805,-0.0459529,-0.034507,0.1119,-0.100167,-0.0977331,-2.05542,6.05271,-0.137986,-0.0383091,-2.76381,1.03238,-0.167579,-1.80986,0.453271,0.0805647,0.0791963],[0.0583704,0.0450646,-0.168176,0.14238,0.0957444,0.0882015,-0.00626292,0.0180442,0.0287904,-0.253438,-0.0293145,0.0294694,-0.00283319,0.684745,-0.0492542,1.0528,0.0164434,0.630439,-0.068226,0.0185425],[0.0195526,-0.0160996,-0.260451,0.0259061,0.0567029,-0.194772,-0.0889299,-0.000560066,0.0236738,0.194766,0.586842,0.00450832,-0.0191451,0.429395,-0.0606574,-0.0432517,1.02087,0.0448856,-0.0772309,0.0137335],[0.0302497,0.0340654,0.00490231,0.0253894,0.109432,0.0653637,0.0273412,0.00260824,0.0051996,-0.158083,0.729533,0.0025889,-0.0165609,0.0565888,-0.00239359,-0.00953733,-0.00883103,0.347967,0.0852582,0.0182676],[0.0282219,0.0400727,-0.070902,-0.0109858,0.0669525,0.0242535,0.205071,0.00385407,0.0409384,0.0308602,1.29438,0.0280474,0.0187773,-0.0765803,-0.010962,-0.0458115,0.114264,-0.190497,0.659284,-0.0557342],[0.029928,0.0157922,0.0218624,0.0210498,-0.036186,-0.10791,-0.049504,-0.0154471,-0.0244504,-0.455681,-0.767644,-0.0242625,-0.0381328,0.397731,-0.000555072,0.0115486,0.0330939,-0.367993,-0.0384562,0.626578],[-0.05725,-0.0833467,-0.269823,-0.0200604,-0.160201,-0.318154,0.00551751,-0.0183485,0.000428863,0.0947613,-0.63838,-0.0238819,0.0172276,-0.641351,0.00826172,0.00549341,-0.00682184,-0.390507,-0.158127,0.0828327],[-0.0232772,-0.0326137,-0.00145348,0.0403121,-0.0518244,-0.133013,-0.0160668,0.00548611,-0.00902831,-0.26393,-0.530097,-0.0233418,-0.00162741,-0.0633617,-0.00380657,-0.0216926,0.00276751,0.0258983,-0.0585657,0.0184973],[0.00949496,0.0027876,0.351186,-0.00497205,0.043291,0.21273,0.0341872,0.00166275,0.00274704,0.0646733,0.640454,0.0036744,-0.000939453,0.122448,0.00317064,-0.00794393,0.00189043,0.00971832,0.0211594,-0.00215657],[-0.25129,-0.375052,-0.323529,0.0371439,-0.363593,-0.301244,-0.0339334,-0.0402324,-0.0421558,0.208023,-3.59344,-0.0190674,0.0368299,-1.23342,0.0861222,0.182239,0.129956,-0.561788,-0.354277,-0.053499],[-0.0147248,0.00814967,-0.16202,0.00347245,-0.041359,-0.0976712,-0.0172678,-0.0233413,0.0119041,0.204866,-0.627938,0.0170494,0.0107677,-0.0338137,-0.00126682,-0.00118331,0.00115997,-0.033877,-0.00570286,0.0317702],[-0.00298886,0.00148642,0.138277,-2.11488e-05,0.0380845,0.130847,0.0296034,-0.00190015,0.0065787,0.165271,0.238033,0.0166017,0.000744938,0.114082,0.000851445,-0.00615331,0.0262557,0.0441751,0.036608,-0.00770539],[-0.0113667,-0.0496164,0.508451,0.00443546,-0.0420048,0.158523,0.306259,-0.00633893,0.0168243,-0.23545,-0.200519,0.0326925,0.0437662,-0.108336,-0.00572673,0.0130518,0.269846,-0.205351,0.229282,-0.020385],[0.0516539,0.0955582,-0.371939,-0.0914335,0.114654,-0.161652,0.157228,-0.129024,0.0186169,-0.353635,0.627705,0.0443018,0.0793694,0.410871,-0.0290764,-0.021764,0.133073,0.841906,0.225692,-0.0497923],[-0.255999,-0.09108,-0.24816,-0.0050122,-0.367784,-0.270609,-0.2016,-0.146635,-0.109575,-0.173095,-5.90097,-0.057705,-0.100404,-0.412583,-0.032957,0.039696,-0.106624,-1.25953,-0.357743,-0.353032],[0.0158203,0.00632476,-0.0278282,0.00750621,0.0091793,-0.0330739,-0.00831248,0.00807073,0.00605843,-0.279172,0.273248,0.00432924,-0.00837548,0.266396,-0.00499306,-0.00643191,-0.0195226,0.0323956,0.0286652,-0.0287977],[-0.000198484,0.0018241,0.00779557,0.00140331,-0.00325978,-0.00259537,-0.00260931,-0.00140471,0.00274218,0.0331651,-0.0393398,0.00170837,0.0010417,0.013226,-0.00232225,-0.00162105,0.00423095,0.00435698,-0.00417692,-0.00881295],[-0.0354335,0.0370154,-0.164455,0.131072,-0.217859,-0.0926183,0.103974,-0.0801456,-0.0383935,0.283318,0.531159,-0.0624629,-0.00812577,-0.932667,0.0351238,0.0157029,-0.00402036,0.0663625,0.210937,-0.028076],[0.272686,0.0599692,0.60947,-0.104027,0.872032,0.595183,0.202237,0.19559,-0.0914507,-0.154903,4.1777,0.00037199,0.0068453,2.04293,-0.0443629,0.0228991,0.170277,0.952197,-0.287312,0.25148],[-0.0163777,-0.00115095,-0.065565,0.00416985,-0.0497307,-0.0631415,-0.00656154,-0.0102692,-0.00531403,-0.00367755,-0.12775,-0.0133839,-0.00480751,-0.155817,0.000180677,0.00335182,-0.0197822,-0.0588189,0.00131859,-0.0279751],[0.0685754,0.0143146,0.234433,0.148956,0.402218,0.211241,-0.010944,0.0799857,0.168204,1.64604,-6.68438,0.139506,0.032407,4.60482,0.106305,0.119799,1.43007,-0.580244,0.263852,0.140061],[-0.0296074,0.0321217,0.0517198,-0.0986118,-0.0853671,-0.100669,-0.00620529,-0.0291571,-0.0247249,0.175901,0.140204,-0.0342636,-0.00950319,-0.461079,0.0259559,-0.0233941,-0.0276339,-0.537691,0.0990435,0.00563213],[0.018046,0.0216256,0.20098,0.00431498,0.0894413,0.179827,0.118477,0.0160621,-0.00137928,0.241561,-0.43385,-0.00336545,0.0548099,-0.639883,0.0774825,0.0330865,-0.0561195,-0.0404358,0.0851184,-0.0224987],[-0.0113123,-0.00963337,0.00635786,-0.00768481,-0.00732681,0.00687731,-0.0103455,-0.00305118,-0.00138183,0.0313094,-0.14851,0.00456675,0.0136343,0.0203251,0.0095968,-0.00241799,0.00198137,0.225802,0.02052,0.0728884],[-0.0118755,0.0129137,0.0459847,0.00540222,-0.0805332,-0.0577741,0.0443384,0.0131421,-0.00370076,0.0451274,-0.795434,-0.00433343,0.0138492,-0.338234,0.00587063,-0.0166136,-0.0148699,0.092525,-0.0674401,-0.00730381],[-0.0419765,-0.038922,-0.0363916,-0.02577,-0.0289922,0.0520278,0.0647441,0.00631078,0.0199702,0.517131,0.0189174,0.0218996,0.0243093,-0.240104,-0.00129657,0.0147785,-0.0047268,0.106674,0.195377,0.198646],[-0.0335005,-0.0283159,-0.303199,0.0221417,-0.127065,-0.247747,-0.0260061,-0.0118998,-0.0274804,0.0497607,-0.186518,-0.00857937,-0.00471117,-0.236549,0.00629279,0.0697212,-0.0262832,-0.0525217,-0.0472424,0.000170954],[-0.00656479,0.0446666,-0.155656,-0.0106965,-0.0748488,-0.151719,-0.0547506,-0.00353966,-0.0240773,-0.136938,-0.801354,-0.0356453,-0.0082049,-0.277742,0.0061252,0.00414174,-0.0382869,0.00363332,-0.139437,-0.0314304],[-0.00500803,0.0174299,0.00335721,0.00489189,-0.0303857,-0.0031048,-0.00701411,-0.00995541,0.00263742,0.0699499,-0.219808,0.00303365,0.0013269,-0.0597019,0.00589043,0.00228395,-0.0149166,0.0123992,0.0219042,0.00566117],[-0.106628,-0.294582,-0.0224233,-0.00428671,-0.0205039,-0.176705,0.0120933,0.0208793,0.0271677,-0.605346,-0.185631,0.0423958,-0.00734784,0.588185,-0.0377387,0.0803256,0.0285512,-0.0778691,0.15921,0.0129972],[-0.0135733,-0.0184244,0.0127228,0.0219729,-0.0336144,-0.0578181,-0.0228672,-0.0117366,0.00105563,-0.00631267,-0.134583,0.00997849,0.000949141,-0.0178917,-0.00365026,0.0225918,0.0053716,0.00862526,-0.0165058,0.00223048],[-0.016941,-0.0147075,-0.0273246,-0.00568302,-0.0327522,-0.0282763,-0.0108529,0.00190142,-0.0114384,-0.0810201,0.176428,-0.00311771,-0.014151,0.140682,0.00902134,0.0148988,0.00135209,0.0761145,-0.0329685,-0.0145427],[-0.0137295,-0.0695751,-0.11717,0.0133746,0.0323134,-0.0314479,-0.0400577,-0.039373,-0.028695,-0.11428,1.33978,-0.0330026,-0.0417355,0.177162,0.0105618,0.051914,-0.0506612,0.0346449,0.0530772,-0.0520311],[0.0277197,0.0129265,-0.102487,-0.0296428,0.171777,0.265459,-0.00673356,-0.0826954,0.0301456,-0.470391,1.04485,0.0475867,-0.0556513,0.665117,0.0553615,0.0383498,0.0723599,0.178852,-0.15386,-0.427838],[-0.00118265,0.0854267,-0.2449,-0.0402299,-0.0758338,0.039186,-0.0755741,-0.0354339,-0.0444698,0.534025,-1.00757,-0.0181013,-0.00289427,0.817522,0.0364007,-0.0619092,0.0141226,0.400357,-0.0484159,0.110353],[-0.00730914,-0.0104472,-0.00864512,0.00505441,-0.0283007,-0.022213,-0.00680678,-0.00106713,0.00023548,-0.0190877,0.136808,-0.000440689,-0.00261495,-0.0244272,0.00150501,0.00343768,-0.00438087,-0.0297867,-0.0290874,-0.0143128],[0.00149505,0.0021105,0.00335236,-0.00104857,0.000394541,-0.001109,0.00178777,0.000777651,0.000197125,-0.0420567,0.0503165,-4.22796e-05,-0.00179904,0.0403332,0.000746357,-0.00286306,-0.000118466,0.00681263,-0.00102758,-0.000255551],[-0.0299073,-0.117515,0.0135532,0.0460939,-0.0600496,-0.141546,0.0465026,-0.0107071,0.0562338,0.0903674,3.53978,0.0560281,0.0370899,-0.171477,0.0306696,-0.000219224,0.111822,-0.413564,0.443728,0.159402],[-0.0106332,-0.00204445,-0.0606794,-0.0849317,0.0372991,-0.0345395,-0.00288424,-0.0697627,0.0262183,0.829055,0.64062,0.0181732,-0.0160222,0.0811449,-0.0216705,-0.016382,-0.0832648,0.096241,0.0974865,-0.377753],[-0.00513277,-0.0062575,-0.00761408,0.00100404,-0.012726,-0.0175381,0.00211371,0.00193669,0.000124288,-0.0229171,0.0930575,0.00143378,-0.00268767,0.00909234,-0.00210179,0.00657057,-0.0018183,-0.0189108,0.00765179,-0.000397078],[-0.094531,-0.0635849,-0.232087,0.00230992,-0.357224,-0.175717,-0.100969,0.0201615,-0.0705723,0.410939,0.619238,-0.00133355,0.00621649,-1.84063,-0.138897,0.0475372,0.379822,0.125636,-0.344572,-0.219938],[-0.0279817,-0.0760659,0.111378,-0.0437057,-0.0082971,0.0126279,0.0132284,0.0106963,-0.00378395,0.0799898,-0.106471,0.00518563,0.0121932,-0.21158,0.0234954,-0.0306096,0.0118572,-0.0918712,-0.0256059,-0.0236581],[-0.0375565,-0.00650999,0.0274754,-0.0301005,-0.125189,0.01651,-0.0335135,-0.0127524,-0.022675,-0.307959,-0.230978,-0.00282731,-0.0323313,0.0416751,-0.0137851,0.00859301,0.0295718,-0.0117952,-0.00799045,0.0116921],[0.0160363,0.0176519,0.0598784,-0.00828184,-0.00659808,0.00933205,-0.000329021,0.0053314,0.00506374,0.102037,0.0278757,0.00758695,0.0139517,-0.0655425,-0.00133857,-0.0141997,0.00364836,0.156768,-0.0671186,-0.0970851],[-0.0188485,-0.029401,-0.0365503,-0.0173565,-0.0372585,-0.0339143,-0.01966,0.00553189,-2.93041e-05,-0.0724759,-0.277017,0.00219126,0.00504651,0.000126323,-0.00298286,0.00210883,-0.0412905,0.0884464,0.174681,-0.00910655],[0.00337318,0.0197824,0.0154784,0.00189785,-0.0203037,-0.0237067,-0.039868,-0.0103765,-0.00786532,-0.140394,-0.221034,-0.0153005,0.0106876,-0.349861,-0.000402029,-0.0180171,-0.0123012,0.122688,-0.180036,0.0228609]],"sigmahat":[[0.159831,0.195377,0.270349,-0.0178804,0.306129,0.302831,0.00413456,0.0220315,0.00517451,0.187588,0.668055,0.022396,0.00631874,0.405541,-0.00163301,-0.130985,0.000672067,0.356209,-0.0643947,0.0212249],[0.195377,0.450685,0.445513,-0.0712123,0.219867,0.371379,-0.0114058,-0.0104132,-0.0118722,0.366377,-0.169796,0.00983685,0.00657985,-0.13749,-0.00944028,-0.302608,-0.0144834,0.392824,-0.271131,0.0097711],[0.270349,0.445513,2.89719,-0.149045,0.358109,1.41895,0.0669381,0.048179,0.0146364,0.36203,1.48642,0.0118198,-0.00110016,0.242115,-0.0254417,-0.344207,0.0027848,0.674464,-0.429297,-0.0246478],[-0.0178804,-0.0712123,-0.149045,0.108727,-0.023091,-0.0751107,0.00268042,5.86077e-05,0.00405466,-0.0551766,-0.140199,0.000907233,0.00746494,-0.0252738,0.00277265,0.0771087,0.00695739,-0.042449,0.0980979,0.0122141],[0.306129,0.219867,0.358109,-0.023091,1.11341,0.840137,0.0225387,0.091574,0.0115133,0.772039,2.68391,0.0586138,-0.0121023,1.711,0.00181221,-0.140126,0.00291467,0.884423,0.0777576,0.288417],[0.302831,0.371379,1.41895,-0.0751107,0.840137,1.39811,0.0527808,0.0836346,0.0127201,0.953931,2.11665,0.0468384,-0.00254438,0.979134,-0.00247165,-0.269176,0.00967103,0.949369,-0.199169,0.31021],[0.00413456,-0.0114058,0.0669381,0.00268042,0.0225387,0.0527808,0.214714,0.0170433,0.0335972,-0.111336,2.58334,0.0377806,0.0204752,0.384322,0.00435547,-0.00549485,0.0782951,0.07422,0.21362,0.0624347],[0.0220315,-0.0104132,0.048179,5.86077e-05,0.091574,0.0836346,0.0170433,0.045738,0.0120542,-0.0455392,0.826961,0.0142671,0.000681873,0.37342,-0.00270675,0.00267968,0.00727988,0.161789,0.00775395,0.0538791],[0.00517451,-0.0118722,0.0146364,0.00405466,0.0115133,0.0127201,0.0335972,0.0120542,0.0537848,-0.0340661,0.931419,0.0460126,0.0331101,0.14724,0.00251624,-0.00125242,0.0208992,-0.00386673,0.100239,0.0150928],[0.187588,0.366377,0.36203,-0.0551766,0.772039,0.953931,-0.111336,-0.0455392,-0.0340661,8.40059,-12.947,0.0569769,0.273317,-5.40716,-0.0722992,-0.296865,-0.0232888,-0.583832,-0.504912,0.516673],[0.668055,-0.169796,1.48642,-0.140199,2.68391,2.11665,2.58334,0.826961,0.931419,-12.947,126.377,1.20622,-0.293303,27.6996,0.280841,-0.0747618,0.575094,6.58289,4.96696,1.61298],[0.022396,0.00983685,0.0118198,0.000907233,0.0586138,0.0468384,0.0377806,0.0142671,0.0460126,0.0569769,1.20622,0.0721895,0.0422267,0.345028,-0.00111441,-0.0158683,0.0331082,0.0225112,0.0961496,0.0242469],[0.00631874,0.00657985,-0.00110016,0.00746494,-0.0121023,-0.00254438,0.0204752,0.000681873,0.0331101,0.273317,-0.293303,0.0422267,0.0776853,-0.5344,0.00025293,-0.0120462,0.0139951,-0.097925,0.0418375,0.00993747],[0.405541,-0.13749,0.242115,-0.0252738,1.711,0.979134,0.384322,0.37342,0.14724,-5.40716,27.6996,0.345028,-0.5344,22.0776,0.0397074,0.229681,0.703976,3.84816,1.63385,0.388706],[-0.00163301,-0.00944028,-0.0254417,0.00277265,0.00181221,-0.00247165,0.00435547,-0.00270675,0.00251624,-0.0722992,0.280841,-0.00111441,0.00025293,0.0397074,0.0315952,0.00412029,0.0133753,0.00254809,0.00189958,-0.00585798],[-0.130985,-0.302608,-0.344207,0.0771087,-0.140126,-0.269176,-0.00549485,0.00267968,-0.00125242,-0.296865,-0.0747618,-0.0158683,-0.0120462,0.229681,0.00412029,0.267331,0.00139242,-0.261327,0.224025,-0.0229775],[0.000672067,-0.0144834,0.0027848,0.00695739,0.00291467,0.00967103,0.0782951,0.00727988,0.0208992,-0.0232888,0.575094,0.0331082,0.0139951,0.703976,0.0133753,0.00139242,0.244481,-0.0239706,0.0785252,0.0605276],[0.356209,0.392824,0.674464,-0.042449,0.884423,0.949369,0.07422,0.161789,-0.00386673,-0.583832,6.58289,0.0225112,-0.097925,3.84816,0.00254809,-0.261327,-0.0239706,4.57501,-0.0905724,0.394907],[-0.0643947,-0.271131,-0.429297,0.0980979,0.0777576,-0.199169,0.21362,0.00775395,0.100239,-0.504912,4.96696,0.0961496,0.0418375,1.63385,0.00189958,0.224025,0.0785252,-0.0905724,1.78938,0.177697],[0.0212249,0.0097711,-0.0246478,0.0122141,0.288417,0.31021,0.0624347,0.0538791,0.0150928,0.516673,1.61298,0.0242469,0.00993747,0.388706,-0.00585798,-0.0229775,0.0605276,0.394907,0.177697,0.867798]],"n":20,"lags":3}