{"betahat":[[1.6042887728175317,1.4853572341509589,2.4014252153892515,1.1022673481649921,2.9285891349874933,2.8650564004506154,0.10381183966530663,-0.12010429282354722,0.12482736465684784,-3.6965934132115921,6.5638676152391309,1.0759131970765687,0.1888608948816532],[0.97133994713713656,-0.041775624692880362,-0.0094182820121284459,-0.018463347686777872,-0.022181135590241742,-0.0016558590568687076,0.0030994123096570281,0.00086962070264931448,0.001095117873477513,0.026601015693166873,-0.23080695928828499,-0.0098021599354687142,0.00089131324945675822],[-0.027527495284235735,0.96209677943584959,-0.0045262579150273053,-0.017608762268491267,-0.020539614366609268,0.0035032901325242486,0.003738816830543416,-0.0012259908040430105,0.00098029904923145985,0.044570405502191511,-0.23005109138599691,-0.0055293599129881124,0.0004174138476631859],[-0.029361597083856609,-0.038428968288711972,0.92883454362622175,-0.011004282820750902,-0.038871776051350088,-0.05361592625894003,-0.00485950769934297,0.00033719892804358451,2.3102470762093272E-5,0.0026263328220615671,-0.14122798212614562,-0.00822738806983351,-0.0013025778978968631],[-0.091005595004593667,-0.12170660305695513,-0.086875413821194167,0.95668269240984816,-0.11785898651194406,-0.093975513626057813,-0.0034223180231181794,-0.0039250644942665294,-0.00052093248249036894,-0.019833756909205729,-0.46748261290518289,-0.02146975214851814,-0.0038533598099717752],[-0.017929056855474176,-0.026800102596964272,-0.012765337351326417,-0.011877996401932735,0.98341805807274763,-0.0070439610107213288,0.0033646574417886717,0.0021992557444094236,0.000542638602080185,0.010294985000269728,-0.11479938320856074,-0.0055214784017589037,0.00083033271198048079],[-0.025518478565922483,-0.033724732216364406,-0.043763606863960886,-0.012959769262724012,-0.032058482693223284,0.96661439638720759,-0.000106067230320392,0.0010773701087516741,0.00087539743243131882,0.013025309937793852,-0.12871759172114039,-0.0094802128611195646,-0.00028762887548354439],[0.071928359179187745,0.10021347287535375,-0.0288139118951299,0.018617087274130178,0.095701045665844253,0.047816182640683616,0.98884236824635541,0.018924163787695788,0.0098356033444738887,0.10505676951510994,0.049051845899414893,0.036931549487540676,0.015814501154449958],[0.056969875763438829,0.14141681724267033,-0.056745851551231241,0.11425809581331742,-0.14050313136812684,-0.12211885765849646,0.009270861623300361,1.0042317730702548,0.033960789843861389,0.22867503205428102,0.083036446691024765,0.0314126825834972,-0.011006873519823972],[0.11526211601010251,0.0917723211631341,0.10313568091732121,-0.050537211338075191,0.26650842556019033,0.11643041131449088,0.035354995604439422,0.0841150823838529,1.0115334020685043,-0.68697719369106114,0.46105892915723051,-0.16021087162007233,0.10787238918261804],[-0.0051119283929596821,0.001325551934590392,0.015807448248040229,-0.0020814355085611732,-0.020044696388171693,-0.012208211910068789,0.00786004978868769,0.00010183008200556851,0.0025447124176722884,0.95977900069767563,0.017225332150283323,0.00022028498504965782,0.0044486496999413035],[0.054696644088764505,0.044589834347721284,0.10671113285047025,0.007735433162652852,0.131391835968713,0.14072910579288886,0.002363650536251349,0.0039423177948982669,-0.0012607639405300534,-0.023338013552104603,0.76345554040670782,0.027909133078352612,0.008076542951672901],[-0.11635293909039958,-0.13744281877242318,-0.110012064788704,-0.06219215465373315,-0.1480761098151252,-0.1266321148963436,0.1279100796188774,0.036352608729195768,0.035760826694772416,0.054918868923080552,-0.31563701766256408,0.70735142016844144,0.012476046015250344],[0.027598124541728115,-0.06644750773532411,0.53574694112383658,-0.033661466009460211,0.069467042557967817,0.17763016493616304,-0.002036205322810492,0.14328257770249847,-0.019605700742226284,-0.19213893265277787,-0.4149765176344985,0.011048233305879857,1.0306429076675034],[0.021231233368285893,0.031269977538946669,-0.00024584752676032914,0.011951680469077432,0.01299040117672379,-0.0031628517910115769,0.00016580260686701708,-0.00010955385529723793,5.0634694003977763E-5,-0.01621259372115607,0.16945422222345022,0.014712865411222095,-0.00028344279305477269],[0.01658396991359027,0.022412619293931728,-0.0053321453248301211,0.010357812413772484,0.0083672686064485951,-0.0091502743102801955,-0.00039731117040103656,0.0010233770249139494,0.00013589513282789042,-0.027596335745672843,0.15819973836149179,0.010044647481121383,-0.00012170544972372708],[0.016370185724992263,0.023083950573790618,0.04554693877388441,0.0057030458697776782,0.017789997848768533,0.029726249072133896,0.0060476180380855281,0.00024009179401813136,0.00040651552698705228,0.00060554380644395832,0.1105171942247776,0.0055363391612294676,0.00089775862407135212],[0.077603324398573814,0.09618820902076998,0.059787403999936158,0.035210034467036605,0.098971500283560013,0.077444222902482013,0.0062199972874188705,0.0023912867624768211,0.00068658736470636743,0.020134623304041137,0.35299938018164156,0.036895577259960122,0.0021242551428572692],[0.015480714196482082,0.023447039239072695,0.0062655235475816921,0.008556549720629367,0.012968741047324657,0.0049205252951029553,-0.00090858654312988532,-0.0011113487888335344,6.2170915195478872E-5,-0.0054509174296697238,0.092748892502448291,0.00823480333382738,-0.00024742659912584841],[0.018029726588756595,0.025486858654059991,0.028584262944242971,0.0086221375803064715,0.019392272550426883,0.020927887151763715,0.0023307133352711024,-0.00040890017744445135,8.4436379883189131E-5,-0.0051183343112944334,0.10431695451590298,0.0093144347023379846,0.00038074303038860771],[-0.057998204692488467,-0.076776211716545834,0.059860767915918864,-0.016863071464751533,-0.083402700860147852,-0.023983962266090213,0.028431506296696087,-0.0080912868359638984,-0.0036883629714882181,-0.029740364774993595,-0.083623179710962489,-0.033270455557046177,-0.0073606498871039462],[-0.066396874256594532,-0.037590401937192167,-0.18173827582456425,-0.004428381466700616,-0.14656941748917726,-0.14854782899880778,0.023608116780135215,-0.063399406940652825,0.0064949374239033466,-0.028968599076093924,-0.062025234679518551,-0.023974069541175837,-0.040081896091824477],[-0.09140640609485215,-0.10565817020662296,-0.039897891364801832,-0.038386791183799215,-0.076628538866396562,-0.065394525159504849,-0.024545812274621662,-0.02361617064589484,-0.032904080387692644,-0.068467777938094318,-0.11298741336300326,0.060254704592364504,-0.023336900335349162],[0.0074827129086993934,0.0012077886300758676,0.0030886014474712457,0.0018817872914547677,0.01476410579012776,0.0055198448689126652,0.00058552718663655925,0.0034963375295558132,0.0012084933955477345,-0.071518135458678508,0.0067884132589673424,0.00048591704628912465,0.0035159238981361503],[-0.0052525682999742078,-0.0063483017910855805,-0.010016228721493426,-0.0042806397219364951,-0.010205304436655826,-0.0076905441741331139,0.0014499183045765319,0.00021718835805861704,0.00079736405397817746,0.006470058799060323,-0.015178582081683423,0.0060906215499652088,4.4484281149452443E-5],[-0.0059197867130526662,0.0065426189722982532,-0.02673819434932128,0.0019735343294359918,-0.031548376564926733,-0.037432181547039443,0.019247255439598428,0.009831092207267569,0.0053289724670451859,0.076783615303408784,0.015022254691800139,-0.014931099915484696,0.0044225167188705963],[-0.05059963912468967,-0.011425567380682101,-0.14327459487831745,0.020530918250351457,-0.15789857707518712,-0.15694134929864714,-0.016400329526033458,-0.030823779073990084,-0.015650097857956621,-0.013800665378217473,0.12017860517826115,-0.054668900682715536,-0.035207743713048259],[0.0073841135585516436,0.010469185294649103,0.0095867574639903388,0.0064920938746570551,0.0090994963075582986,0.0047352728965928377,-0.003247808954811708,-0.00076378575523505354,-0.0011445827042721097,-0.010268411537077797,0.061162727102353459,-0.0049184948856784306,-0.00061308455750944146],[0.010887025296500737,0.015432575815165894,0.0097861110902916909,0.007224436199246234,0.012077801572465161,0.0055647892461690952,-0.003330553500783802,0.00019971965216441045,-0.0011142484250138303,-0.01686955590352858,0.07163371330845944,-0.0045252902156272725,-0.00029909682989022555],[0.01290011840788005,0.01525530345715701,0.025385628624615839,0.0052878920966941585,0.020903327476249647,0.023680403962406733,-0.00115722162677132,-0.00057637985806453188,-0.00042236017972896044,-0.0031888231968655628,0.030440157000601528,0.002696574968776194,0.00039560973999549484],[0.013380534674905721,0.025507231614704202,0.026994474415321282,0.0080892462586078882,0.018832737672400738,0.016465083747250205,-0.0027662674920486663,0.0015259289781638652,-0.00016483962707704807,-0.0001245550594738453,0.11432360120352192,-0.015415658412477546,0.0017223869657185613],[0.0023410832517108213,0.0032773267385144628,0.006283315135283964,0.0032752845739734589,0.0033505974101917788,0.0018722168810778803,-0.0024172112389945826,-0.0010989504106925837,-0.00060953347905433786,-0.0044582274578340939,0.021574940321105733,-0.0027548401609504927,-0.00060176048876266024],[0.0073731055998867926,0.008143685599598367,0.014924269353826521,0.0042959057962636488,0.012398100387396296,0.012175710455588165,-0.0021830898668420088,-0.00067569719769009255,-0.00095968308699313375,-0.0075829357583949378,0.023947761122305705,0.00013559419967500537,-0.00011010616877552636],[-0.014217313946363353,-0.023592348675036557,-0.032235862010332413,-0.0020129284146200772,-0.013044442686669511,-0.02473858776546517,-0.017073882201800224,-0.010929122028399924,-0.0061927795968408864,-0.072591188754922459,0.032484128845669875,-0.003756314717034409,-0.0085337299122366841],[-0.039661266279911463,-0.037393292093481821,-0.11327812113997536,-0.0095003711786458781,-0.042592623695620169,-0.032978864635695375,0.0060837894230053131,-0.03813244431339366,0.0035140827857140394,-0.11110253635101969,-0.063435135630356,0.0066546288596486926,-0.019173255670628626],[-0.034593682777691835,-0.050163493857344983,-0.03878959685909477,-0.02082157707704841,0.008555809905773884,0.0075888406410536645,-0.0310814752857453,-0.0251201123783637,-0.014753042832226625,0.071991441631601968,-0.091150928397915262,0.022985944489894161,-0.012439376114851741],[0.0055598360020408079,0.0018270105115192974,0.0063495631499360878,0.0021440843932369266,0.011147545529228437,0.0086654110017623676,-0.00042934131508084761,0.0017676418874230785,0.00051330495005950439,-0.018401373665990418,0.011151804121341074,-0.00079155252716530116,0.0016438768415828547],[0.0028216285190140102,0.007831790869985842,0.0032453767903937551,0.001071725813745179,0.0020495718057165855,0.0038241217682405734,0.0012795577054470963,-0.00013388609171120024,0.00041555761667440392,0.0053637438887398844,0.016095881126640333,-0.0014472589127970037,0.00012056412422999968],[-0.0072384969176923124,-0.0017656817960725823,0.0029769919979708032,-0.00060193430759434229,-0.022972027860459161,-0.017598669856144812,0.0048421861109806813,0.0033791052769190921,0.00044911832663827251,0.0208334328783967,0.00986022253465517,0.00253765473081393,0.0029935898759199824],[-0.054817484252155345,-0.056293709126084064,-0.12102482462790712,0.0065219171394016867,-0.10090649531593081,-0.091830681038912954,-0.030978253446948198,-0.028322711707820965,-0.012301011518562841,0.018892850042026402,-0.12780112658782836,-0.045319064256768057,-0.022690752436530872]],"sigmahat":[[2.0233515908624531,2.1538629025005207,2.9054910458198497,0.61312830768042159,3.3441488611405727,3.2334214139494772,0.048070875228844331,0.051333522446607147,-0.0037261154453460564,-0.43865705994620846,3.5303724657200246,0.91248771260752981,0.13138060061045823],[2.1538629025005207,2.5871406880504368,3.0376883595704767,0.68972069027885619,3.3569177499542291,3.3126835799228447,0.049210706104023845,0.0098153790296821725,-0.018350808641034739,-0.35657334449110351,4.1458112198040791,0.93596873782703938,0.11126295411958662],[2.9054910458198497,3.0376883595704767,7.7246538295233043,0.811671073263833,5.0844308228923678,6.428914311160085,0.25094806046139817,0.0878554633093851,0.0071409969748287118,-0.10771623494638786,4.635898737343914,1.1606928236787752,0.19939847779497558],[0.61312830768042159,0.68972069027885619,0.811671073263833,0.28099136948793119,0.94219776626048934,0.89815409638342547,-0.013619783246782495,0.0042511571439944771,-0.0053698808222138548,-0.20158596807434656,1.2335584430337354,0.2440482089278348,0.022009966558055281],[3.3441488611405727,3.3569177499542291,5.0844308228923678,0.94219776626048934,6.3502211237633013,6.0106632517617706,0.080483897797330131,0.13708686285555727,-0.0071243820139815358,-0.44801253911964112,4.9683805350608665,1.6028151814028575,0.2675926244512507],[3.2334214139494772,3.3126835799228447,6.428914311160085,0.89815409638342547,6.0106632517617706,6.8223908868999263,0.17804562324035414,0.11169076079278935,-4.3579831917279033E-5,0.027012297216674603,4.3947674136062647,1.5438431173924361,0.24796593919349125],[0.048070875228844331,0.049210706104023845,0.25094806046139817,-0.013619783246782495,0.080483897797330131,0.17804562324035414,0.32961962610036444,0.028753125735665023,0.046923901170844808,-0.071119541050799859,0.23714822829463919,-0.017752084651755269,0.016618409705280633],[0.051333522446607147,0.0098153790296821742,0.0878554633093851,0.004251157143994478,0.13708686285555727,0.11169076079278935,0.028753125735665023,0.058525003706049336,0.013759136031232135,-0.099691764908957509,0.10382026024519363,0.0058735504991314913,0.033245528547618808],[-0.0037261154453460564,-0.018350808641034739,0.0071409969748287118,-0.0053698808222138548,-0.0071243820139815341,-4.3579831917280734E-5,0.046923901170844814,0.013759136031232135,0.055106268472378428,-0.051165754004499513,0.033209323110767915,0.057274631826980511,0.014476754593335354],[-0.43865705994620841,-0.35657334449110351,-0.10771623494638784,-0.20158596807434656,-0.44801253911964112,0.027012297216674603,-0.071119541050799859,-0.099691764908957509,-0.051165754004499513,8.0803655567957335,-1.7541782009911298,-0.91266689944722357,-0.062374327108079004],[3.5303724657200246,4.1458112198040791,4.635898737343914,1.2335584430337354,4.9683805350608665,4.3947674136062647,0.23714822829463916,0.10382026024519363,0.033209323110767915,-1.7541782009911298,19.06479991851851,1.0642247136652423,0.17110781485827783],[0.91248771260752981,0.93596873782703938,1.1606928236787752,0.2440482089278348,1.6028151814028575,1.5438431173924361,-0.017752084651755276,0.0058735504991314896,0.057274631826980511,-0.91266689944722357,1.0642247136652423,1.6727736365515642,0.068210306103244189],[0.13138060061045823,0.11126295411958662,0.1993984777949756,0.022009966558055281,0.2675926244512507,0.24796593919349125,0.016618409705280633,0.033245528547618808,0.014476754593335354,-0.062374327108079004,0.17110781485827783,0.068210306103244189,0.046477375304299857]],"n":13,"lags":3}