{"betahat":[[1.0989609944055869,0.87096684665803592,1.6546729804734286,0.76509333930420187,2.3460847240178797,2.174714539095409,0.19765789428769368,-0.069190471064004708,-0.072099537936599553,-1.2998825782429768,3.2557732469613772,0.735561528149207,-0.021651054905475992],[0.9885067165815381,-0.025107698412358333,0.018594694668704084,-0.013608685558019282,0.011717270284083958,0.032610525893820005,0.0052996184752109529,0.0016220958741810804,0.0013314614240595754,0.018221590354838002,-0.19938179450600726,-0.0046666298920544358,0.00031833603045668325],[-0.012789513450366568,0.97661241724355075,0.019227505502814209,-0.013215046508418073,0.00836542926570495,0.033348804632853259,0.004501329145333537,-0.0016304123177970978,0.0010649002702282457,0.034639438776965556,-0.17251608929699641,-0.010248116529898299,0.0015623757237737236],[-0.0283427311752829,-0.037584104000658695,0.92742551779531346,-0.010670969807735648,-0.037437632130626473,-0.053720227034505255,-0.0042775093401671085,0.001004019427927915,0.00018353518029156057,-0.00488762237200359,-0.1271186996178284,-0.0097835816918859959,-0.00092838917745404284],[-0.04420244573079668,-0.067176189759264621,-0.040117631221628064,0.97293279621430107,-0.045232036686907312,-0.023235915658654828,-0.0044203042892375245,-0.0058038335909838508,-0.0006213668175562982,0.0057107034972090007,-0.4711890711762734,0.0093199185802563152,-0.0033036443505674125],[-0.0088995059763251911,-0.018801366486420851,0.00095884821205806912,-0.0097042922248902277,1.0024388290330537,0.010890528269211438,0.005278790672920473,0.0035877487269333694,0.00055269810553951009,0.0066612767851005434,-0.11479053587483541,-0.00022506053049371476,0.00031745251844322414],[-0.020575227942784026,-0.02943408449865868,-0.037361392733933227,-0.011358197583520906,-0.021700492245518271,0.9754892643147951,0.00073522156964108375,0.0019316554559087934,0.00081467997863595722,0.0044803208214334034,-0.13630066940340968,-0.0046955857702542982,-0.00040735446596090622],[0.059330850013918593,0.0758209677147949,-0.028473233838261933,0.013195016325790966,0.079757875657373467,0.025600266501087224,0.97947743658462738,0.022374938391479672,0.0084467411014232975,-0.00082839636074163081,0.20961945019180078,-0.027602284710907227,0.01861214189630301],[-0.0040685090377353917,0.0547738745809287,-0.008831584429425764,0.074853485911120524,-0.19785827515691867,-0.18283342706863004,-0.010448770484181148,1.0316547056207521,-0.0064508281016587288,0.11021838063433653,-0.15831069624318025,-0.024832643993794461,-0.03761518550092513],[0.10162798883598612,0.065098774601548615,0.089099134111862766,-0.023789246342571964,0.26348151038285356,0.13404696466279692,0.064282745773351968,0.096689153248229256,1.0311078809614485,-0.35568959328221644,0.2366824038254591,-0.082389729275071377,0.0904127199419396],[-0.0039295581052778295,0.0022696533593341297,0.0023109555441256785,0.00023565950861778885,-0.013486789598361623,-0.0096562330924736938,0.0018971875436689296,-0.0027450418691138678,-0.00047408834876008456,1.026884992567292,0.0047341430443331219,-0.00740982067832197,0.0040556168420749408],[-0.024919315877266698,-0.046230071877289523,0.016775663239514856,-0.0206675303048699,0.0012013365943935965,0.020191514650250323,9.8050523357498436E-5,0.0035780273996172617,-0.00062573292980155079,0.01885223981513371,0.60290484817080081,-0.00919896497231826,0.00214804854847255],[-0.020738272773930515,0.019346620340372319,-0.136067643783489,-0.029923825002698828,-0.058884273203596391,-0.04208706569085615,0.10326734423033791,0.0207944227225414,0.030492684437086949,0.32265194006389769,-0.37693495211991068,0.78187626253837883,0.024095225736779389],[0.11530336192110724,0.053460623060501825,0.36868357470342761,0.018471136982930271,0.27042367559843711,0.27910900221828416,0.0076147675537028264,0.11021249050209249,-0.0055329691505868871,-0.047179198397453409,0.022714514620486879,-0.015195320139911348,1.1128802030030946],[0.0057355793814922746,0.015502995244186187,-0.023264205914411282,0.0070203327903527249,-0.016209131251607327,-0.03199780748556761,-0.0013142559318280657,-0.00045732748488966417,5.9271798799507675E-5,-0.0081955091117502585,0.14819378645260395,0.0086968532770765987,-0.00010432385597112812],[0.0024408335583320862,0.0076664891340380006,-0.026318515282156316,0.0057793298786590914,-0.017953664312151365,-0.035566045557346465,-0.00077105694680135184,0.0013319542606734667,0.00033825914264511,-0.020179796886698409,0.11656525807358764,0.011085827629167558,-0.00088771827785909122],[0.012208645347327253,0.018809007175855225,0.042884775605601173,0.0043119371248173588,0.010306768242254478,0.023874851872713525,0.0060539651255718955,-0.00011507707866729545,0.00045441759518204984,0.005684260754758471,0.072409932987281989,0.0076984615372421633,2.4225542762371674E-5],[0.043080073140513632,0.0547318777240708,0.022875410843320454,0.022973512984194453,0.045092859242979774,0.027587227902287743,0.0071452040590287815,0.0039920652449637762,0.0011245761511624727,0.012696098702641916,0.39732542513040026,0.011360421301954079,0.0020768338233195173],[0.0075949799771738843,0.015864518081820534,-0.00456490876871608,0.006179007725000866,-0.002120185163388192,-0.008907914550640196,-0.0019472452412577295,-0.0017773150222592394,0.00015917083145873458,0.00070357497024533535,0.093479628312125571,0.0036189923617130663,-0.00013365878770109542],[0.01210899539389873,0.019738388015861266,0.021921474464147682,0.0065471670926109931,0.0083760221800396415,0.011546769765111268,0.0021097172835038524,-0.000835511192481282,0.00024467650360586809,0.0042249805478624036,0.096636299178562757,0.0057617334577380027,-0.00011923888399199524],[-0.056195963974653193,-0.067760744179561988,0.061490518022562821,-0.013724351533517335,-0.0850947931203301,-0.019641376872158368,0.036500816850448446,-0.010356749998563746,-0.0027882894228793719,0.026179768155107714,-0.20155560952864726,0.010974117489799491,-0.012520169394888644],[-0.0805060919002135,-0.04781019430627912,-0.19533282538294838,-0.023162971077663175,-0.17609621367468661,-0.17143509305877866,0.015587718542746522,-0.06709773403843397,-0.0011546270882283128,-0.036401846648684205,-0.08624220092488398,-0.030656139258746856,-0.034491821507653571],[-0.052520902405693119,-0.039032495339361831,-0.014362097046571267,-0.01249427419047928,-0.044633206744699248,-0.013255339176308872,-0.0327630181195253,-0.039256158150961569,-0.036101890993884909,0.13399066761039785,-0.0777161193537971,0.0031381648195697403,-0.031012193898747525],[0.00701230870133167,0.0024964978326677332,0.0042177778659457949,0.0022365256506576658,0.012711002613117429,0.0063901731981656773,0.001593203329431235,0.0021710319157562039,0.00084788619317471348,-0.062592599136712321,0.010702101140993221,0.006195907256928394,-0.0010671600560181356],[0.00083107079279345355,0.00276850381648192,-0.0099095869381157758,-0.00118077772676596,-0.0013520259685956685,-0.0040042835191645915,0.0022131528361230709,0.00032765713362614603,0.00049204624460127424,0.017572914044495461,0.027834830286234222,0.0081069779524450027,-0.0002706890653413884],[0.0065702679635095988,0.02619523801906146,0.034178687422988629,0.0050013233927590989,-0.030756043430492083,-0.0013793849642654138,0.035090407374942012,0.0072894359987831451,0.0086783547864601653,0.049153269724696191,0.11038254888404642,0.015551213488170609,0.014885144585193808],[-0.018239328973599877,-0.000796346016741731,-0.049861051134568707,0.0086078376446234763,-0.066980452256453812,-0.052086522977462038,-0.012716916178791794,-0.029389789385866151,0.0099024478968167424,0.04879195314497245,0.11125756762944644,0.026863091095202258,-0.063233147362572184],[0.0057310062272628469,0.0095820860608384958,0.004637220260732865,0.0065813015833854419,0.0044260509838701953,-0.0006698032785990174,-0.003980895102546715,-0.0011669867746991818,-0.0013895318166996479,-0.010042428893385379,0.05113063140488977,-0.0040351262567161952,-0.00021497618928943609],[0.010320325901513409,0.0156939754071176,0.0070607273336284714,0.0074262938550092149,0.0095267819271805318,0.0021647574145323306,-0.003726982369922022,0.00029670810309879618,-0.0014016352790826082,-0.01447607646772801,0.055885144333354057,-0.00084538335225830988,-0.00067460800474629964],[0.016086017349601585,0.018729249651406123,0.029603320074716506,0.0063532751102530552,0.027022499195837466,0.029736280290286937,-0.0017678819754447844,-0.00089029215948288056,-0.0006347245566437886,-0.00084488689864673145,0.054609488570410154,0.0020813756640488232,0.00090066275446115326],[0.0011005536009223394,0.012427928357805977,0.017204022434879489,0.0040878190996121557,7.5178755083784985E-5,-0.0044106095863374719,-0.0027175964992858927,0.0018073576874135311,-0.00050143465331899844,-0.018428914622326778,0.073829755797610919,-0.020677466916380331,0.0012265603803311884],[0.0012309725158333811,0.0028775046812832207,0.0035124947570363322,0.0035080729199058391,-0.00052029051389448715,-0.00216115027768299,-0.003322925511720279,-0.0018169569902506109,-0.00071089305961324293,-0.0073978017410598436,0.021162571093460932,-0.0034099258827392917,-0.00018899599278216148],[0.0083906637176494117,0.0096308859296784684,0.015333254544330769,0.0047949170648766259,0.013125359677073347,0.012778512349290529,-0.0028349429970363289,-0.0011015378922015965,-0.0010566327525462728,-0.0087475407143036352,0.039514150469246195,-0.00108071880698398,0.00052165358633495212],[-0.0034428724124724061,-0.0082917504519567625,-0.033519097515487546,0.00044435508271180297,0.0044197067363086909,-0.0068079186422899483,-0.015959674358335028,-0.012074201267870789,-0.0056547708802217114,-0.025579080901385297,-0.0084322915240816788,0.016594320943463491,-0.0060775769063331911],[-0.033534346962949269,-0.027130851025862053,-0.12015734268820555,-0.011090301292088172,-0.038043849320554213,-0.02733777639802544,-0.00025160145940536722,-0.044530806591402711,0.0035717384504464649,-0.14151601045982795,-0.0797584818873371,0.010314893237267439,-0.013767205837955284],[-0.016530575063404978,-0.014966046247065668,-0.054010237012300011,-0.014637101479654697,0.0066065060396320345,0.028980513238320037,-0.028022869634037349,-0.034804475458965638,-0.0164895631456721,0.14397549899393736,-0.0400352843648955,0.034497188235728025,-0.026056298642511869],[0.0048910289309065588,0.0023319266311602571,0.0075876834771638792,0.0017512484188550884,0.0074969669568840458,0.0078323928630579936,-6.5664583457709027E-5,0.0013416157867618354,0.00031737210607807792,-0.022129656470745093,0.010551746828876409,0.0039639526897862661,-0.0015000453766671141],[5.6584063135127896E-5,0.0049769334793485966,0.0039521122523717032,5.4098814079913157E-5,-0.0014925091538018969,0.0024992156093075492,0.00095434878008208263,0.00010644293329157402,-1.0321552253539811E-5,0.004164104177123,-0.0052152397118835295,-0.0017660613253851426,-4.8966522403953231E-5],[-0.0010690448359104755,0.0029376307620197755,0.0060245613641416772,0.0006135146376752801,-0.0056510479999600073,-0.015642894193790242,0.014428905721716505,0.0052841484600018021,0.0058879698235254282,-0.013947853473406671,0.023551365683062556,0.0046539720826189422,0.00833029191993907],[-0.054903887294664624,-0.062432517702230135,-0.12542525172320107,-0.00085947814676541493,-0.10531642792798084,-0.10589519069313792,-0.0036181788025342176,-0.0284652497926023,0.0051646349787020226,0.051407940316601036,-0.1339291459080871,-0.0016459467179088228,-0.058245453343271546]],"sigmahat":[[1.9447466476935764,2.0314183286921437,2.8319409521386936,0.57094172081924943,3.341961452299548,3.2370509867742938,0.0047023438587281644,0.043223968419625641,-0.014754600537246362,-0.35625867408356571,5.3710941769233793,0.61980289522002618,0.12067205047603563],[2.0314183286921437,2.3769241632540665,2.9315200461155722,0.63298886159262713,3.2955068574429536,3.264648612686603,-0.013403587353584125,-0.0019632856814067248,-0.034515501090165213,-0.29177391155812682,5.9387163783797812,0.63210647918163954,0.1170130941404021],[2.8319409521386936,2.9315200461155722,7.2996612216404975,0.77010856458346155,5.0543884570116839,6.2709512651199795,0.20071548362216032,0.082857228314825546,-0.0044174901236028316,-0.14662378483498437,7.1519821048965015,1.0019954920360896,0.18715878468626138],[0.57094172081924943,0.63298886159262713,0.77010856458346155,0.26876789972361592,0.91588845892062187,0.87721788035202308,-0.032082181428079261,-0.0039588445642309749,-0.010471392025595924,-0.1424138446759062,1.8493244877856885,0.16731187676715184,0.021737487934199776],[3.341961452299548,3.2955068574429536,5.0543884570116839,0.91588845892062187,6.6164830169954243,6.27304892217053,0.036690820887925663,0.14176481084514989,-0.015210824445883044,-0.059118384266131856,8.9122657029615269,1.1291458419762592,0.24884288932002163],[3.2370509867742938,3.264648612686603,6.2709512651199795,0.87721788035202308,6.27304892217053,7.0092282703954689,0.13101251930292257,0.12188331523656298,-0.012177274395741461,0.2945148851974751,8.4682967556942241,1.1246140055391016,0.25202710006389079],[0.0047023438587281644,-0.013403587353584124,0.20071548362216032,-0.032082181428079261,0.036690820887925663,0.13101251930292257,0.32544703522186319,0.03595693721088699,0.052047919203077372,-0.063866694953608569,0.0097524557266508438,0.15594634203002966,0.013797881880180721],[0.043223968419625641,-0.0019632856814067248,0.082857228314825546,-0.0039588445642309757,0.14176481084514989,0.12188331523656298,0.03595693721088699,0.063943463100378323,0.015838320357276663,-0.064426975652782645,0.10235939749178379,0.021426829557868569,0.026815104888645195],[-0.014754600537246362,-0.034515501090165213,-0.0044174901236028316,-0.010471392025595924,-0.015210824445883044,-0.012177274395741461,0.052047919203077365,0.015838320357276663,0.057480490751781119,-0.011584273128090584,-0.0704332177687624,0.03569111099431474,0.0091353429705600189],[-0.35625867408356571,-0.29177391155812682,-0.14662378483498437,-0.1424138446759062,-0.059118384266131876,0.2945148851974751,-0.063866694953608569,-0.064426975652782645,-0.011584273128090584,9.46413164574255,-1.7442324823701993,-0.56447625437916926,-0.075691248562908431],[5.3710941769233793,5.9387163783797812,7.1519821048965015,1.8493244877856885,8.9122657029615269,8.4682967556942241,0.0097524557266508438,0.1023593974917838,-0.0704332177687624,-1.7442324823701993,22.887705750295694,1.7905798005940967,0.38738347667191542],[0.61980289522002618,0.63210647918163954,1.0019954920360896,0.16731187676715184,1.1291458419762592,1.1246140055391016,0.15594634203002966,0.021426829557868569,0.03569111099431474,-0.56447625437916926,1.7905798005940967,0.85207730330509635,0.033482065074248113],[0.12067205047603563,0.1170130941404021,0.18715878468626138,0.021737487934199776,0.24884288932002163,0.25202710006389079,0.013797881880180721,0.026815104888645195,0.0091353429705600189,-0.075691248562908431,0.38738347667191542,0.033482065074248113,0.073514352690201831]],"n":13,"lags":3}