{"betahat":[[-0.843641,-2.02195,-1.61925,1.32039,-1.23168,-2.91254,1.08321,-0.267484,0.190798,-5.59553,47.0918,0.225046,-0.0381453,0.288097,-0.044681,1.79037,0.296627,6.8198,1.84381,-1.02076],[1.0794,0.103579,0.49527,-0.0128623,0.288885,0.528211,0.00513663,0.0271042,0.0207552,-0.253325,0.944184,0.0334111,-0.0148549,0.96188,-0.0111919,-0.0754345,0.0206866,0.755124,0.143478,-0.0439349],[0.0139344,0.963234,0.132887,-0.0358703,0.0989796,0.269769,0.0640172,-0.00104996,0.0293544,0.381883,1.08604,0.0608804,0.00768495,0.441781,-0.000771379,0.0309732,0.00649196,-0.0301362,0.252382,-0.00565166],[-0.00518541,-0.0184438,0.629149,-0.00695492,-0.0133894,-0.212459,-0.0106337,0.00880604,-0.00426316,-0.17382,-0.336831,-0.00461506,-0.00143744,-0.0626627,-0.0109287,-0.00157796,-0.0001824,-0.0192424,-0.0371702,-0.0026096],[0.386691,0.709038,0.363721,0.882453,0.478633,0.523269,-0.000285405,0.0305174,-0.00460209,0.451437,3.57093,-0.031031,-0.0634161,1.05777,-0.0431756,-0.3218,-0.0207398,0.819409,0.108013,0.0166981],[0.00159721,-0.0247978,0.0979315,-0.0118309,0.994757,0.0946276,0.0404853,0.0314477,-0.0121244,-0.199386,0.461088,-0.0339176,-0.00639657,-0.128505,0.00328589,0.00459458,0.0182551,0.0487219,0.0322086,-0.0375115],[0.00753499,0.00201513,-0.134421,0.00197793,-0.0434983,0.860959,-0.0217485,-0.00420152,0.00030387,-0.130265,-0.578531,-0.0170087,0.0126012,-0.23656,-0.0105999,-0.00276362,-0.0143258,-0.0774883,-0.0197968,0.0318743],[0.0280246,0.123963,-0.265593,-0.000458215,-0.0909575,-0.139723,0.837974,0.0395695,0.0172267,0.155551,-1.23253,0.0053706,0.0202103,-0.231374,-0.0239462,-0.0524082,-0.131666,0.0686858,-0.147037,0.0562058],[-0.234339,-0.257309,0.201567,0.192557,-0.726738,-0.445256,-0.0961454,1.15328,-0.0274856,0.382096,-1.43061,-0.0895324,0.0358634,-2.20818,-0.0158485,0.0917336,-0.00195064,-1.14899,0.0966162,0.558767],[0.299044,0.0898354,0.308354,-0.0768611,0.576326,0.144602,0.24202,0.167019,1.12213,-0.144248,6.81516,0.0643438,0.0943696,0.0688431,0.0231697,-0.10089,0.0877724,1.00733,0.24152,0.0939595],[-0.00056691,0.00663308,0.0412777,-0.00799841,0.0438735,0.0658353,0.0120078,-0.00428885,-0.00254623,1.29865,-0.34963,0.00100556,0.0116184,-0.204405,0.00819118,0.000841008,0.00335499,-0.00337023,-0.00102775,0.0704415],[-0.00118097,-0.00385218,-0.01406,-0.00246021,0.00329597,0.00347138,-4.94901e-05,0.000512971,-0.00367642,0.0175872,0.902021,-0.00225864,0.00100777,-0.0600919,0.00257161,0.00379876,0.000537984,-0.0139015,0.00815783,0.0104039],[0.129839,0.0877151,0.338852,-0.0819653,0.41661,0.383123,-0.197504,0.120876,-0.0268908,-0.339541,-4.14632,0.990215,-0.026029,1.71899,-0.0894647,0.0488985,-0.0921927,0.504784,-0.862918,-0.0453019],[-0.260474,0.00141597,-0.434577,0.139829,-0.899011,-0.451277,-0.149369,-0.123122,0.0611355,-0.776978,-4.77389,-0.0421627,0.908836,-2.27982,0.0262153,-0.0723884,-0.0710731,-1.05812,0.133241,0.179575],[0.0209232,0.00525726,0.0649098,-0.00441809,0.0661824,0.0757086,-0.000904722,0.00873968,0.00753483,0.0301527,0.0968071,0.012147,0.00557037,1.14988,-0.00153457,-0.0111973,0.000833981,0.106538,-0.0165413,0.0353771],[-0.00487717,0.0625003,0.250085,-0.137701,-0.21487,0.0782031,0.0727132,-0.116498,-0.14167,-2.4035,6.41267,-0.187123,-0.10285,-3.24832,0.994987,-0.120567,0.0228116,0.743329,-0.0797065,0.0473676],[0.0526752,0.0476743,-0.265748,0.134654,0.0751415,0.0483514,-0.000456228,0.00563423,0.0205081,-0.277385,-0.573958,0.0349554,0.0017241,0.771023,-0.0403195,1.03739,-0.0233259,0.407974,-0.00452009,-0.0359036],[-0.125055,-0.270866,-0.604251,0.0172652,0.156534,-0.237039,-0.801099,0.0670929,-0.0433106,1.04611,-0.952003,-0.0331563,-0.121533,0.766495,0.00164549,0.116253,0.441332,-0.117255,-1.07846,-0.0327428],[0.0472946,0.0612266,0.0347873,0.0265581,0.137616,0.0907198,0.044503,0.00101959,0.00936102,-0.140073,0.765536,0.0115638,-0.00694849,0.0135652,0.00422481,-0.0283609,0.0208352,0.0446061,0.12359,-0.00903168],[0.0295061,0.0345894,-0.0460927,-0.00681568,0.105444,0.0582667,0.220581,0.0153712,0.0488262,-0.00483892,1.78749,0.0378706,0.0166686,0.0278432,-0.0147167,-0.042866,0.0605355,-0.0356027,0.610519,-0.0197966],[0.0405347,0.0263188,0.0512434,0.0204018,-0.0847548,-0.167758,-0.079452,-0.0320581,-0.0364808,-0.461424,-1.46455,-0.0388457,-0.0442101,0.218491,-0.0105685,0.0109073,-0.0195334,-0.439764,-0.0479476,0.396889],[-0.0561416,-0.0795945,-0.247849,-0.019959,-0.167988,-0.312776,0.00804989,-0.0230632,-0.00140483,0.179887,-0.877694,-0.0329661,0.0126207,-0.747071,0.00446786,0.00302551,-0.016729,-0.523745,-0.116688,0.0686623],[-0.0164882,-0.0223743,0.0189438,0.0372622,-0.0377102,-0.124668,-0.0127966,0.00443377,-0.00771045,-0.231827,-0.300003,-0.0275151,-0.00640544,-0.105539,-0.00521111,-0.0319384,-0.00762023,0.0308939,-0.122328,0.0163551],[0.0109748,0.00206301,0.343502,-0.00343686,0.0510797,0.210189,0.018956,0.000470615,0.0012901,0.0881961,0.645642,0.00147986,-0.00402252,0.182751,0.00372629,-0.00565699,0.00715221,0.0425386,0.0127557,-0.0028594],[-0.266795,-0.389474,-0.325369,0.0721391,-0.379639,-0.285084,-0.0382502,-0.0451711,-0.0469971,0.217586,-3.56969,-0.0286155,0.0357528,-1.39266,0.0956688,0.222705,-0.00904689,-0.719985,-0.328217,-0.0259943],[0.000346048,0.0285276,-0.159366,-0.00440619,0.00566722,-0.0693205,-0.0141563,-0.0215475,0.0144756,0.207235,-0.376375,0.02251,0.0102659,0.0744853,-0.000430752,-0.0158237,-0.00995318,-0.0176704,-0.00569632,0.0376565],[0.000853415,0.00674771,0.138871,0.00164264,0.0581421,0.149859,0.0237296,-0.00230833,0.00853339,0.216631,0.296063,0.0179889,0.00151372,0.0732441,0.001436,-0.0085796,0.0139842,0.0252075,0.0452183,-0.00876643],[-0.022026,-0.0661752,0.356569,-0.00576813,0.0222957,0.129253,0.135678,-0.00313485,0.0110817,-0.147903,-0.234261,0.0262772,0.0140488,0.237605,0.0119896,0.0285019,0.129769,-0.0808949,0.228423,-0.0372315],[0.0400627,0.0847508,-0.553745,-0.0604325,0.120072,-0.24172,0.15252,-0.130491,0.0315384,-0.349231,0.640099,0.0537397,0.11432,0.407883,-0.0353737,-0.0137838,0.0676032,0.793588,0.299323,0.0773584],[-0.268481,-0.12375,-0.233524,-0.00446555,-0.278476,-0.218392,-0.152046,-0.143706,-0.125384,-0.276603,-4.72899,-0.0599548,-0.127435,-0.231796,-0.0256484,0.0509895,-0.0484533,-1.34259,-0.201096,-0.324447],[0.0152503,0.00444786,-0.0329102,0.00715795,0.00662013,-0.0376864,-0.00234026,0.00954721,0.00596348,-0.309764,0.277945,0.00541121,-0.00774819,0.305886,-0.00402384,-0.00602248,-0.00129499,0.0491197,0.036003,-0.0273736],[-0.00039477,0.001366,0.00803391,0.00136816,-0.00344175,-0.00313609,-0.00328586,-0.000970077,0.00294134,0.0330547,-0.0437219,0.00225538,0.00100326,0.0231159,-0.00252497,-0.00134085,-0.00142915,0.00221895,-0.00559787,-0.00779913],[0.00718819,0.0727085,-0.00665797,0.122745,-0.0498172,0.118651,0.115282,-0.051373,-0.0240976,0.550572,0.824562,-0.0552261,-0.0263222,-0.575666,0.0486386,0.00717321,0.0756268,0.388691,0.364008,0.0349414],[0.243074,0.0110628,0.41403,-0.078326,0.794348,0.428952,0.105678,0.188461,-0.0898147,-0.162706,3.69792,-0.00572965,0.0303714,1.68413,-0.034875,0.0773555,0.0807332,0.760017,-0.290708,0.20053],[-0.0151992,0.000230613,-0.0602675,0.00411139,-0.0456841,-0.0569848,-0.00266019,-0.00935161,-0.0062525,0.0103733,-0.128693,-0.0138863,-0.00348778,-0.16252,0.0025315,0.00359357,-0.00125385,-0.0708006,0.00528637,-0.0243939],[0.065169,0.0033947,0.344421,0.153972,0.494864,0.368055,0.0956651,0.0884516,0.193099,1.85709,-7.55821,0.164361,0.0962938,4.60275,0.202336,0.169132,0.0115373,-0.623366,0.412165,0.178093],[-0.0314878,0.030412,0.0879978,-0.0921281,-0.0855951,-0.0923678,-0.0138249,-0.0250045,-0.0221712,0.246821,0.384802,-0.0439916,-0.0146087,-0.535891,0.0175017,-0.00982566,0.0056295,-0.399262,0.0706571,0.0396232],[0.0278041,0.0231941,0.791515,0.0161744,-0.109834,0.358609,0.655236,0.0448023,0.0311456,0.0956717,-1.24148,0.0354147,0.171912,-2.08662,0.0123397,-0.0183498,0.484839,-0.289012,0.0729709,0.0896403],[0.00512757,0.0193765,0.060841,-0.00908881,0.0158615,0.0426501,0.00512955,-0.00573105,0.000973688,-0.00728048,-0.00999375,0.0110685,0.0174926,0.00760244,0.0143124,-0.0211793,-0.00404562,0.00536054,0.0547964,0.0580225],[0.000355447,0.0315114,0.0411778,0.0061216,-0.0483667,-0.0327824,0.0786142,0.0136503,0.00184334,0.0369069,-0.308953,-0.00331379,0.0103279,-0.344554,0.00322877,-0.0353777,0.00817922,0.105806,-0.115855,-0.0115298],[-0.0254651,-0.00860185,0.0201925,-0.0316819,-0.0496027,0.0379856,0.0377695,-0.00420832,0.0108554,0.573026,-0.659,0.0139383,0.021859,-0.36216,-0.0060514,-0.00282653,-0.00133063,-0.0513618,0.152491,0.0803968],[-0.0232653,-0.0239889,-0.247332,0.0327979,-0.120948,-0.215418,-0.0131712,-0.00404059,-0.0193535,0.0731959,-0.0660776,-0.000450695,0.00222797,-0.214625,0.00673012,0.0724074,-0.00395339,-0.231367,-0.0267747,-0.0247136],[0.00254696,0.0591286,-0.151713,-0.00142341,-0.0613107,-0.145073,-0.0512058,-0.0033828,-0.0216433,-0.150336,-0.785551,-0.0333679,-0.00128685,-0.33602,0.00598739,0.000966024,0.00113402,-0.000743927,-0.130051,-0.0107006],[-0.00586711,0.0162357,0.027235,0.0103905,-0.0378055,0.00213168,-0.00827244,-0.00926369,0.00297719,0.0850007,-0.307397,0.00311464,0.00543507,-0.119636,0.00721198,0.0073449,-0.00696219,-0.0233391,0.0246244,0.00547568],[-0.119899,-0.319548,-0.0382831,0.0453707,-0.0990264,-0.238152,0.038547,0.0146442,0.0516002,-0.669241,-0.000731938,0.0596472,0.0276502,0.335283,-0.0524865,0.0990826,0.0297833,-0.099445,0.220246,0.00929971],[-0.00197157,-0.00371689,0.0616163,0.0161896,-0.000563929,-0.0253108,-0.0263511,-0.00989746,-0.00237331,-0.0083259,-0.0842744,0.0113781,-0.00389424,0.0542854,-0.00284335,0.0112009,-0.00831096,-0.0311841,-0.026606,-9.82178e-05],[-0.00843378,-0.00880419,-0.00433866,-0.00366272,-0.0147828,-0.0108883,-0.00198907,0.00651386,-0.00884782,-0.0869761,0.283249,-0.00101159,-0.0141488,0.163724,0.00917085,0.0113589,0.000333131,0.0521281,-0.0254208,-0.0230732],[-0.00610802,-0.0575401,-0.0905525,0.00586785,0.0684868,0.0110213,0.0261014,-0.0365205,-0.0283656,-0.00765057,1.46431,-0.0315651,-0.0342836,-0.00396232,0.01206,0.0236913,0.00174993,0.0102172,-0.0826737,-0.0189275],[0.0126416,-0.0120433,-0.237011,-0.0126083,0.159933,0.228409,0.0235127,-0.0894204,0.0573666,-0.568373,1.63557,0.0758604,-0.0282648,0.926334,0.0757126,0.0371339,-0.033332,0.0103769,-0.0606016,-0.374556],[0.0126492,0.12949,-0.224223,-0.0882673,-0.00341248,0.172058,-0.0433735,-0.013255,-0.072571,0.442092,-0.252842,-0.0298082,-0.0549309,1.41067,0.0437783,-0.0969725,-0.0216131,0.780223,-0.162576,0.324945],[-0.0113921,-0.0140486,-0.0086596,0.00182492,-0.0364169,-0.0199246,-0.00831154,-0.00123636,-0.00201972,-0.0283141,0.0453174,-0.00126002,-0.00369276,-0.0330043,0.00312204,0.00631172,-0.0013768,-0.0359365,-0.0249395,-0.00465312],[0.00162885,0.00182738,0.00558357,-0.000503051,0.000883332,-3.43571e-05,0.0016419,0.000899717,0.000476339,-0.0466019,0.0540468,0.000126826,-0.00157494,0.0400939,0.000673788,-0.0028106,0.000808692,0.00259807,-0.00309487,0.000382353],[0.0167154,-0.069188,0.248446,0.0336225,0.0930658,0.0869435,0.0832994,0.0291795,0.045266,0.193159,4.26771,0.0423178,0.00185814,0.21743,0.0237881,-0.0256741,0.0263946,-0.0361702,0.359442,0.330405],[-0.00552966,0.00997257,0.0380825,-0.0652893,0.0200562,0.0251003,0.0118178,-0.067376,0.0418052,0.942314,0.356783,0.0265849,0.00193229,-0.0520781,-0.0280475,-0.0117581,-0.0128033,0.0363574,0.049641,-0.335822],[-0.00576928,-0.00525151,-0.0038643,0.000916982,-0.0198885,-0.0171275,0.00349994,0.000849443,-0.00136837,-0.0295564,0.0256247,0.0015531,-0.00136716,0.00183698,-0.000767933,0.00742621,0.000415902,-0.0389007,0.0117481,-0.00824523],[-0.0579529,-0.057635,-0.572279,-0.0165975,-0.286836,-0.433591,-0.173717,0.0275738,-0.0557129,0.501245,1.03155,0.0225822,0.00526161,-1.32095,-0.200716,-0.0518912,-0.0354061,-0.116515,-0.354292,-0.223343],[-0.0104111,-0.0624095,0.137531,-0.0401603,0.0352114,0.0518955,0.0171823,0.0148406,0.0051522,0.0700638,0.195611,0.0124539,0.0118044,-0.137538,0.0237778,-0.0389243,0.0150215,0.00600468,-0.0211041,-0.00719805],[0.0781993,0.162434,-0.215947,-0.000644125,-0.00408945,-0.118418,0.0154957,-0.0857734,0.0280852,-0.702569,-0.573713,0.00719336,0.0189783,0.132673,-0.0123384,-0.0323835,-0.00618972,0.570386,0.809655,-0.115229],[0.0244588,0.0307851,0.0587329,-0.0101244,0.0161096,0.0209767,-0.00167981,0.0052776,0.00749496,0.098283,0.143311,0.0125028,0.0148002,0.00255238,0.00232126,-0.025215,-0.00437142,0.0599696,-0.054149,-0.101279],[-0.0154332,-0.0229526,-0.0348144,-0.0178784,-0.031143,-0.0335923,-0.0139695,0.00857107,0.000708416,-0.0494237,-0.306393,-0.00134731,0.00446203,-0.082942,-0.00452974,-0.00191415,-0.0139006,0.117906,0.140701,-0.0214952],[0.00670266,0.0300054,0.0372366,-0.0084677,-0.0541259,-0.0500778,-0.0609153,-0.0227867,-0.0188323,-0.143505,-0.835307,-0.026351,0.00483078,-0.434985,-0.00236141,-0.0218941,0.00457165,0.0153831,-0.175839,-0.067379]],"sigmahat":[[0.140909,0.171503,0.22756,-0.0137441,0.261328,0.254397,-0.00441696,0.0172859,0.00598885,0.175288,0.513903,0.0193775,0.00925755,0.290873,-0.000928974,-0.117645,0.0028383,0.342374,-0.0706181,0.0197571],[0.171503,0.414718,0.415183,-0.0658166,0.16731,0.326018,-0.0223139,-0.0128915,-0.0112015,0.340886,-0.332196,0.00733143,0.00871958,-0.217478,-0.00759023,-0.281223,0.00657812,0.373247,-0.266022,0.0188614],[0.22756,0.415183,2.70089,-0.154979,0.253538,1.27855,0.0374819,0.0310068,0.0115079,0.185638,1.30661,0.00731115,-0.00292949,0.14864,-0.0164292,-0.331225,0.0277932,0.74271,-0.462143,-0.0264538],[-0.0137441,-0.0658166,-0.154979,0.0974619,-0.00491884,-0.0712158,-0.000148316,0.00021544,-0.00012804,-0.0378897,-0.156916,-0.00089728,0.00281824,0.0235728,0.00324683,0.0692061,-0.00172458,-0.0184952,0.08011,0.00998417],[0.261328,0.16731,0.253538,-0.00491884,0.957324,0.680012,-0.00015262,0.070275,0.0147238,0.729836,1.90254,0.0487505,0.00730666,1.24163,0.00114917,-0.105635,-0.0108122,0.800098,0.0473539,0.22451],[0.254397,0.326018,1.27855,-0.0712158,0.680012,1.22612,0.0200833,0.058948,0.00839394,0.79169,1.40542,0.035094,0.00642149,0.596446,0.00219676,-0.239676,0.0113024,0.876478,-0.208947,0.237765],[-0.00441696,-0.0223139,0.0374819,-0.000148316,-0.00015262,0.0200833,0.16217,0.0127677,0.0262963,-0.104675,2.24702,0.0284695,0.0107465,0.392787,0.00450086,0.00849971,0.0448603,0.0837574,0.193271,0.0308483],[0.0172859,-0.0128915,0.0310068,0.00021544,0.070275,0.058948,0.0127677,0.0400803,0.0119414,-0.0597953,0.713685,0.0130428,0.00267817,0.320314,-0.00226308,0.00409001,0.00569284,0.143609,0.0127699,0.033689],[0.00598885,-0.0112015,0.0115079,-0.00012804,0.0147238,0.00839394,0.0262963,0.0119414,0.0509175,-0.0237912,0.848401,0.0428711,0.0301504,0.155905,0.00183981,-0.00321086,0.00632101,0.00784736,0.0883258,0.00376208],[0.175288,0.340886,0.185638,-0.0378897,0.729836,0.79169,-0.104675,-0.0597953,-0.0237912,8.2791,-12.7802,0.0544278,0.295565,-5.88737,-0.0652715,-0.284182,-0.0421387,-0.811167,-0.454272,0.512477],[0.513903,-0.332196,1.30661,-0.156916,1.90254,1.40542,2.24702,0.713685,0.848401,-12.7802,114.265,1.07683,-0.259359,25.8081,0.247117,0.0460845,0.37079,6.74409,4.03301,0.694],[0.0193775,0.00733143,0.00731115,-0.00089728,0.0487505,0.035094,0.0284695,0.0130428,0.0428711,0.0544278,1.07683,0.067486,0.0391359,0.323768,-0.00234074,-0.0132187,0.00713146,0.0391332,0.0866004,0.0138228],[0.00925755,0.00871958,-0.00292949,0.00281824,0.00730666,0.00642149,0.0107465,0.00267817,0.0301504,0.295565,-0.259359,0.0391359,0.0698838,-0.483361,0.000158201,-0.0128824,0.00780389,-0.0724741,0.0348306,0.0116787],[0.290873,-0.217478,0.14864,0.0235728,1.24163,0.596446,0.392787,0.320314,0.155905,-5.88737,25.8081,0.323768,-0.483361,20.6389,0.00483513,0.286384,-0.00775388,3.6264,1.37489,0.130631],[-0.000928974,-0.00759023,-0.0164292,0.00324683,0.00114917,0.00219676,0.00450086,-0.00226308,0.00183981,-0.0652715,0.247117,-0.00234074,0.000158201,0.00483513,0.0314265,0.00545892,0.00116761,0.00746351,0.000187415,-0.010938],[-0.117645,-0.281223,-0.331225,0.0692061,-0.105635,-0.239676,0.00849971,0.00409001,-0.00321086,-0.284182,0.0460845,-0.0132187,-0.0128824,0.286384,0.00545892,0.250788,-0.00887238,-0.253366,0.20869,-0.0269034],[0.0028383,0.00657812,0.0277932,-0.00172458,-0.0108122,0.0113024,0.0448603,0.00569284,0.00632101,-0.0421387,0.37079,0.00713146,0.00780389,-0.00775388,0.00116761,-0.00887238,0.0279394,0.0149184,0.0203623,0.00407594],[0.342374,0.373247,0.74271,-0.0184952,0.800098,0.876478,0.0837574,0.143609,0.00784736,-0.811167,6.74409,0.0391332,-0.0724741,3.6264,0.00746351,-0.253366,0.0149184,3.92023,-0.0457649,0.279114],[-0.0706181,-0.266022,-0.462143,0.08011,0.0473539,-0.208947,0.193271,0.0127699,0.0883258,-0.454272,4.03301,0.0866004,0.0348306,1.37489,0.000187415,0.20869,0.0203623,-0.0457649,1.51372,0.138275],[0.0197571,0.0188614,-0.0264538,0.00998417,0.22451,0.237765,0.0308483,0.033689,0.00376208,0.512477,0.694,0.0138228,0.0116787,0.130631,-0.010938,-0.0269034,0.00407594,0.279114,0.138275,0.748014]],"n":20,"lags":3}