{"betahat":[[1.49381,-0.133344,-9.60505,1.21378,4.21094,-3.36104,4.5259,-0.903253,0.858201,-4.00758,-1.34538,1.76338,0.203153,160.951,3.85112,1.47909,46.6401,35.1485,30.8852,2.19742,4.01201,8.45044,2.82339,6.55266,-0.646646],[1.09461,0.112556,0.324451,0.0578284,0.189705,0.202866,0.0459477,0.00586813,-0.00338292,-0.381441,-0.00556743,0.0198085,0.000783703,3.71301,0.0724396,0.00475792,1.79765,-0.0339209,0.100449,0.017525,0.606241,0.0824231,1.44538,0.153675,-0.0408957],[0.0872968,0.969337,0.120356,0.03113,0.264817,0.294122,0.126754,-0.00301936,0.00165353,0.512863,0.00893718,-0.0868533,-0.00436623,3.5458,0.0914758,0.0148162,1.29595,0.0119224,0.265828,0.00403751,0.886231,0.120262,0.779892,0.306337,0.0882487],[-0.0408673,-0.0745881,0.544705,0.0076019,-0.0421863,-0.253391,-0.0147033,0.00549653,-0.000953333,-0.1007,0.00132146,0.0116712,0.000759453,-0.607819,-0.00784085,0.000522971,-0.168286,0.00960029,-0.0371162,-0.00431329,-0.0829861,0.0498989,-0.0592839,-0.0539153,-0.0233497],[0.282782,0.448563,-0.000168757,0.769302,0.349515,0.152574,-0.00483782,0.0500715,-0.00890852,-0.208559,0.0552094,0.115687,-0.0192228,3.6937,-0.0443494,-0.105469,2.10301,0.0142927,0.153654,-0.0192821,-0.36191,-0.11018,0.814143,0.0989668,-0.13223],[0.000342269,-0.0178323,0.0762948,-0.0222566,0.989008,0.101898,0.0264413,0.0280289,-0.00646803,-0.253791,0.0175109,-0.0123491,0.000383113,0.537414,-0.0235407,-0.00284012,-0.061765,-0.0162169,0.00486671,0.0112936,-0.00132989,-0.0136791,-0.103181,0.106297,-0.0316341],[0.000480649,-0.0243349,-0.152496,-0.0102229,-0.0331112,0.86004,0.00746285,0.000409002,0.00291809,-0.236074,0.00133798,0.0167226,0.0104208,-0.27351,-0.0115092,0.0145492,-0.191053,0.0297086,0.0531828,-0.0074833,0.0198928,-0.00575826,-0.222445,0.0272873,0.0103062],[0.101269,0.16092,-0.418555,0.0425357,0.0145295,-0.225806,0.800572,0.0199128,0.000712354,0.272462,0.0239346,0.0714312,0.0246042,-0.605165,-0.00562146,0.0183488,-0.147826,0.0187404,0.0759564,-0.120712,-1.06557,-0.339249,0.503437,-0.0352167,0.0851463],[-0.198931,-0.271384,0.174469,0.231489,-0.643705,-0.349367,0.108806,1.0862,0.0392526,-1.36793,0.270875,-0.248408,0.0223835,0.639369,-0.108468,-0.0330928,-1.88321,-0.147107,-0.626985,0.055369,-0.994701,0.0937726,-2.01767,0.022328,0.356637],[0.250375,-0.0204267,0.242644,-0.062379,0.763336,0.379015,0.233807,0.150968,1.066,1.26141,0.0682659,-0.314047,0.133313,6.89815,-0.00624171,0.106487,-2.04338,-0.394535,0.272833,0.173813,0.603148,0.146245,-0.212622,0.415648,0.182552],[-0.0055469,0.00222237,0.0351713,-0.0181155,0.0322625,0.0551237,0.00173499,-0.00275533,-0.00363839,1.17019,0.000943059,-0.00946537,0.00117301,-0.64556,-0.0027352,0.00494159,-0.0913067,-0.0285522,0.0214555,0.00202176,-0.0527931,-0.00735381,0.0285048,-0.0305895,0.0695539],[0.0609932,0.307934,0.399032,-0.0211396,-0.0769296,0.401356,-0.225335,0.00266467,-0.0238745,1.63313,0.940862,0.135042,-0.00608834,2.60805,0.104985,0.063189,0.48909,0.16701,0.466743,-0.0916531,-2.08233,-0.283775,0.584851,-0.101901,0.408031],[0.0548573,0.0055861,0.102912,0.0253098,0.04487,0.12422,-0.0242115,-0.0105486,0.0169088,-0.612443,-0.0268881,1.16657,0.0321031,0.431361,-0.00582836,-0.0292372,0.24306,-0.0150927,0.0261026,0.0297316,-0.911563,-0.0721812,0.0873968,-0.170558,0.0360785],[0.030711,-0.0254149,0.176565,-0.232748,0.180773,0.0207989,0.127398,0.0638066,-0.0328246,-3.41807,0.0293918,0.0731303,0.961839,2.37017,0.117106,-0.0514264,6.41203,0.107757,0.202065,-0.0710545,-0.705887,-0.277774,0.749667,0.215046,0.12311],[-0.00238591,-0.00460624,-0.00813911,-0.00350883,0.00145046,0.00477347,-0.0038165,0.00113198,-0.00373236,0.0328312,0.00080201,0.000428589,-0.00270927,0.667326,-0.00231762,0.00195754,-0.0664268,-0.00116689,-0.00170354,0.000165321,-0.0171246,0.00512936,-0.0195424,0.000403823,0.0110918],[0.321164,0.221002,0.616663,0.0362674,0.676404,0.570183,-0.158249,0.12019,-0.0267898,0.503508,0.132861,0.213989,-0.0695239,-3.21714,0.944395,0.0324422,0.281683,0.107211,-0.298749,-0.100573,0.629394,-0.151959,1.86779,-0.903719,-0.151799],[-0.333986,-0.0886594,-0.743612,0.224833,-1.24228,-0.943874,-0.154006,-0.127924,0.0959888,-0.701172,-0.0923543,-0.110741,0.0323141,-4.71626,-0.0514884,0.83395,-3.14669,0.0884989,0.0580589,-0.0451486,1.16134,0.0120775,-0.790195,0.0836621,0.0556366],[0.0138858,-0.00859085,0.0393097,-0.000247122,0.0588,0.058369,-0.00246995,0.0100931,0.0091145,0.0371295,0.0108761,0.00943314,0.00413609,-0.0250136,0.00897065,0.00386631,1.04398,-0.000858705,0.0152232,0.000309612,-0.000277039,0.00959175,0.0657709,-0.00362955,0.0369694],[-0.0484976,0.00475281,0.234523,-0.065107,-0.291178,0.00742393,0.172345,-0.073084,-0.141309,-2.50562,-0.0429733,-0.123305,0.0176792,9.1253,-0.197845,-0.159901,-3.2532,0.515417,-0.0605314,0.0324021,2.08946,-0.033349,0.525333,0.255459,0.0321446],[0.0149157,0.0942045,-0.396081,0.126871,-0.117034,-0.131012,-0.0499422,-0.0154794,0.00538224,-0.394124,-0.0174362,0.0258977,0.00610233,-1.77386,0.0240269,0.00733207,0.936436,-0.0267455,0.590928,-0.02821,0.0904292,-0.347039,0.436681,-0.184269,-0.0238651],[0.00616774,-0.0147905,-0.5347,-0.0509576,0.373862,0.0195944,-1.14746,0.0977802,-0.0597799,1.14268,0.0575723,0.775252,-0.14281,-6.08564,-0.0786845,-0.0951756,-0.546366,-0.0933913,-0.619181,0.342133,-3.49954,0.228827,-0.392292,-1.25997,-0.0261285],[0.0027801,0.0158713,0.0642857,0.00304629,-0.0232848,0.0587975,0.0274238,-0.00969086,0.011579,0.0345504,-0.0105175,0.0300221,0.0107376,0.424775,0.0133517,0.00651958,-0.0129711,-0.00278916,-0.0177981,-0.000696695,-0.146016,-0.0539853,0.0451757,-0.0583171,0.0222209],[0.0513135,0.0128663,0.304144,0.00457021,0.118659,0.121241,0.042292,0.0112986,-0.00741367,0.422741,0.0161652,-0.066077,0.000710306,0.301571,0.00307225,0.0306652,-0.422793,-0.0190045,-0.0118787,0.011506,0.141395,0.91381,0.0642503,-0.0487038,-0.0257161],[0.0170703,0.0640789,0.0562459,0.0156108,0.0435432,0.0457649,0.0258859,-0.00471547,0.00573553,-0.0846395,-0.0030548,-0.0103485,0.0056637,0.367621,0.00160717,-0.00626632,-0.237982,0.00908549,-0.070868,0.0205672,0.042013,-0.08499,0.14699,0.0135958,-0.0101877],[0.000359017,-0.00233531,-0.0967298,-0.026072,0.0386272,0.00108385,0.179831,0.0146483,0.045828,-0.116604,0.010853,-0.106362,0.0395197,1.86929,0.0247629,0.00520818,-0.0446115,-0.0442817,0.0894683,0.0569437,0.729939,0.0264173,-0.160087,0.540531,-0.0132168],[0.0698256,0.0447919,-0.016661,0.0505358,-0.0802635,-0.262995,-0.0614675,-0.0328573,-0.0332646,-0.660761,-0.0133117,0.00747094,-0.018279,-0.615531,-0.0321448,-0.0515884,0.507259,0.0186484,0.00123073,-0.0199342,0.135338,0.0186383,-0.199893,-0.00207335,0.263032],[-0.0857049,-0.0929373,-0.235437,-0.0458125,-0.201664,-0.232488,-0.0143658,-0.0127395,0.0152481,0.314567,-0.0124854,-0.0280565,0.00933163,-3.77567,-0.0734106,0.00194328,-1.51787,0.000165701,-0.00189241,-0.0145638,-0.187286,0.0537391,-0.852899,-0.135267,0.00131028],[-0.0783489,-0.0391606,0.0120955,0.0104041,-0.17666,-0.189946,-0.0423324,0.0117894,0.0100509,-0.293299,0.0013594,-0.0245328,0.0149557,-2.82357,-0.0571936,-0.0064158,-0.672501,-0.0109185,-0.0988672,-0.00410299,-0.51718,-0.0189979,-0.299615,-0.102637,-0.0396166],[0.0556579,0.0662264,0.387146,-0.0136112,0.0954434,0.241456,0.0221805,0.0049961,0.00170127,0.0177581,0.00357645,-0.0168328,0.00144393,0.640105,0.00380663,-0.00469648,0.229113,-0.00151531,0.00288126,0.011109,0.0272694,-0.0616823,0.132642,0.0512474,0.00237962],[-0.222936,-0.257033,-0.102425,0.130498,-0.30725,-0.0299803,-0.0258974,-0.0348734,-0.0519019,0.52399,-0.0195351,-0.0202885,-0.0505126,-3.40411,-0.0270013,0.0431757,-1.72353,0.0795465,-0.0242079,-0.00622383,-0.137615,-0.115534,-0.764003,-0.419648,0.00630977],[-0.00169819,0.0180149,-0.152326,0.00752972,-0.00735314,-0.0972959,-7.24996e-05,-0.0207544,0.0115306,0.254498,-0.0145845,0.0024817,0.00378748,-0.443306,0.0171036,0.00959351,0.00795768,-0.00197738,0.015954,-0.00447638,0.0959391,0.0670337,0.0858946,-0.056948,0.0259336],[0.0131163,0.0346361,0.125169,0.00922475,0.0533819,0.134704,0.00721469,-0.00455219,0.00601954,0.268326,-0.00587132,-0.0300084,-0.00215148,-0.00596405,0.0136641,-0.000180271,0.0361712,-0.0184315,-0.0214245,0.0112003,-0.00209967,-0.0213503,0.150897,0.0191354,-0.00152081],[-0.0578676,-0.0991758,0.450825,0.0012556,0.000622085,0.233697,0.180819,-0.00349311,0.0232931,-0.0198389,-0.0136385,-0.167414,0.0161631,-0.201505,0.0340929,0.0192751,0.0501439,-0.0200258,-0.0428797,0.119738,0.715973,0.260863,-0.264249,0.166243,-0.0279437],[-0.0257241,0.037779,-0.470449,-0.0382865,-0.105923,-0.529451,0.117214,-0.0836656,0.0313632,-0.0276912,-0.122841,0.0826499,0.0863117,-1.5598,0.0275569,0.143244,-0.912975,-0.14127,-0.194875,0.0657121,1.08468,-0.0413748,0.921162,0.331087,0.132573],[-0.126171,0.090641,-0.327187,0.0295494,-0.19116,-0.332375,-0.159333,-0.197267,-0.1696,0.142918,-0.0894368,0.0176412,-0.113885,-5.88428,-0.0829531,-0.119831,-0.882377,0.0351208,0.130297,-0.0718967,-0.984198,-0.0994358,-0.973337,-0.218926,-0.288746],[0.0114053,-0.00477903,-0.00989048,0.00782871,0.00904008,-0.0232506,0.00154459,0.00975573,0.00568917,-0.260674,0.00782963,-0.00078685,0.00259021,0.302476,0.00533798,-0.00481362,0.259684,-7.36139e-05,-0.00865652,0.000243569,0.0689227,-0.0226827,-0.00744242,0.0325476,-0.015827],[0.0542989,-0.00546902,-0.292302,-0.0259667,0.169449,0.0285642,-0.00874416,-0.0993924,0.0100595,0.4374,-0.171662,0.149916,-0.0189432,-0.980551,0.0479876,0.0731155,0.165607,-0.0326534,0.162244,-0.0160464,0.655223,-0.0804071,0.0913081,-0.0110707,0.0115795],[0.0114287,0.0384209,-0.037135,-0.0150824,0.0738075,-0.0696301,-0.00284073,-0.0123004,-0.0127467,0.432782,0.00346704,-0.0437557,-0.0244339,0.0447963,-0.00516518,-0.00278212,0.282312,-0.00845541,-0.0083121,-0.0490424,0.747652,0.0917785,0.112885,0.231785,0.00348121],[0.0696415,0.188416,0.270558,-0.0293849,-0.147901,0.0717775,-0.0187083,0.00528808,0.0476167,-0.708648,0.0526975,-0.220156,-0.0290916,0.275171,-0.0560705,-0.0789912,-1.02491,0.0404427,-0.117026,0.0489602,-0.061984,-0.6366,0.202091,-0.609365,-0.252937],[-0.000762288,-0.0028025,0.00583674,0.00281076,-0.00206751,-0.00217254,-2.44914e-05,-0.000472133,0.00300194,0.0273372,-0.000162694,-0.00157524,0.00130457,0.0278515,0.00246097,0.000712919,0.0325795,0.00047418,0.00643744,-0.000386998,0.0259641,0.00671135,0.0147253,-0.003491,-0.00257518],[0.0123966,0.0792509,-0.0398396,0.0106387,0.0780667,0.157859,0.0123025,-0.00308805,-0.0699285,0.094846,-0.0375157,0.2438,-0.0370647,-1.17278,-0.111607,-0.0817671,0.21797,-0.118058,-0.0266852,0.0637584,0.17674,0.136172,0.269819,0.12238,0.0255947],[0.227313,0.0632082,0.354909,-0.0811432,0.77041,0.491779,0.0615474,0.171621,-0.0887825,-0.17421,0.138402,-0.0187472,-0.0363985,2.48129,-0.00838139,0.0352784,1.38844,-0.072992,-0.0317064,0.0620511,0.302794,0.143039,0.492126,-0.222726,0.326281],[-0.0142407,0.00142922,-0.0475452,0.00166445,-0.0412321,-0.048812,-0.000848257,-0.00810352,-0.00788805,0.00106965,-0.00800464,-0.00379448,-0.00499733,-0.0819255,-0.0135497,-0.00289899,-0.119,-0.000109807,-0.00152335,-0.000810164,-0.0202312,0.0125616,-0.053532,-0.00015656,-0.0183731],[0.183886,0.180687,0.482038,0.0986562,0.626819,0.48644,0.0388528,0.0803519,0.195872,1.68729,0.0923143,0.0321777,0.0751701,-7.78271,0.161463,0.103754,4.62064,0.0808626,0.083166,0.0277836,-0.643957,0.0199271,-0.412134,0.274003,0.118318],[0.0512166,0.0885147,0.252285,-0.0778483,0.137033,0.145442,0.0200531,-0.0123633,0.00178192,0.431196,-0.00662457,0.0822359,-0.00534475,0.865028,-0.0312326,-0.0262704,-0.692628,-0.0426108,-0.0833934,0.00868679,0.122575,0.132074,-0.57668,0.207313,-0.0117997],[0.038835,0.0289539,0.731089,0.0460606,-0.0764839,0.367985,0.565005,0.0070594,0.0529126,1.41529,-0.0225003,-0.611473,0.0695975,-4.53046,0.0299975,0.284178,-3.62083,0.0480876,-0.173738,0.402927,1.67906,-0.129896,0.128579,-0.097303,0.131647],[-0.0155561,-0.00527998,0.0214173,-0.0110676,-0.0477206,-0.0158266,-0.017406,-0.000856838,-0.00321089,-0.0611972,0.00067328,-0.00558939,-0.00343837,0.051112,-0.0029809,-0.005196,0.0315542,-0.00127095,-0.00720872,-0.00706145,-0.28612,-0.0275714,-0.0639369,-0.0367207,-0.00201066],[-0.0182003,0.0278769,-0.258651,8.59958e-05,-0.0656841,-0.114277,-0.0314095,-0.0089485,-0.00136136,-0.339297,-0.0105088,0.0538906,-0.00563531,-0.492895,-0.0201079,-0.0267862,0.0626493,0.00776165,0.0170397,-0.00488455,-0.0405321,0.029115,-0.00419522,-0.0471562,-0.0508892],[-0.0187006,0.0240992,0.060308,-0.022941,-0.0364015,0.0374385,0.000899019,-0.00606847,0.000913262,0.0241597,-0.00833013,0.00359118,0.00670418,-0.564663,-0.00495137,0.00861542,-0.271707,0.00930377,-0.0628434,0.00244974,0.0346058,-0.0928226,-0.0739689,0.00835575,0.0480379],[-0.0164454,-0.0141582,0.0213949,0.0198657,-0.0553247,-0.0747268,0.0751078,0.0210967,0.00821473,0.0847372,0.00719992,-0.0526182,0.0188322,-0.328918,0.000751559,0.0142958,-0.367127,0.00545905,0.0128113,0.00653352,0.08269,0.0183951,0.111075,-0.0674851,-0.0340362],[-0.0291867,0.00258995,0.044856,-0.0496809,-0.0804785,0.0222778,0.0568827,-0.00273403,0.0123155,0.478661,-0.00175697,-0.0118042,-0.0116115,-0.430047,0.00769991,0.00719833,-0.384627,-0.0264779,-0.0661523,0.00573644,-0.0504798,-0.0348218,-0.0445522,0.192062,0.0229825],[-0.00901975,-0.0197143,-0.0883423,-0.0120919,0.0116269,0.0296443,-0.0315789,0.00684166,-0.0118985,0.0659013,0.0180238,0.00840252,-0.0100899,0.0656344,0.00088879,-0.00678637,-0.279105,0.0338313,-0.0988039,-0.00301795,-0.419242,-0.136151,-0.592175,-0.0183402,0.039369],[-0.00912554,0.0696263,-0.131712,-0.0416285,-0.0885483,-0.104155,-0.0845002,-0.00880933,-0.0117653,-0.220189,-0.0103203,0.111425,-0.0105863,-0.723891,-0.0343872,-0.00844537,-0.624288,-0.000878243,-0.167293,3.30553e-05,-0.3692,-0.101233,-0.480412,-0.203978,-0.0487722],[-0.0152626,0.00782206,0.0675345,0.00597745,-0.0539226,0.0112692,-0.00741715,-0.0104894,-0.000772498,0.0801733,-0.00487502,0.00540653,-0.00220071,-0.0273563,0.00390933,0.00399453,-0.059991,-0.00828742,0.0340382,-0.00684952,0.0550376,0.0117999,-0.0743705,0.00327512,0.0207815],[-0.0599997,-0.191589,0.103263,0.100116,-0.0425134,-0.122475,0.0306544,-0.0153024,0.0607756,-0.315888,-0.03575,-0.095329,0.0697376,-0.291195,0.0712819,0.0622199,-0.378985,-0.0936269,-0.129338,0.025413,0.498888,0.225531,-0.050981,0.320736,0.125921],[0.00100817,-0.000401559,0.0764085,0.0146917,0.0173983,-0.00515874,-0.0264734,-0.0072863,-0.00522472,-0.00222961,-0.00293445,0.00990051,-0.00423202,-0.0932645,0.0062092,-0.00697325,0.0542953,0.0186448,-0.0213364,-0.00692968,-0.0952721,-0.0533201,0.0180471,-0.0497046,0.00578566],[-0.0140224,-0.0107398,0.0276526,0.000904649,-0.0211579,0.00471681,-0.0147373,0.00412318,-0.00902666,-0.0341534,0.00453279,0.013341,-0.00826167,0.282257,-0.00235298,-0.01456,0.156052,-0.0110492,-0.0323381,-0.00379934,-0.0179656,0.0270684,0.0712411,-0.0467208,-0.00874919],[-0.0455808,-0.0633675,-0.0284551,-0.0446311,-0.0198401,-0.00854675,0.0167241,-0.0166771,-0.0241932,-0.248037,-0.0101391,0.0964345,-0.0406345,0.770865,-0.0284668,-0.0378938,0.0970884,0.00581552,-0.0304181,7.73714e-05,0.335906,0.0761008,-0.247353,-0.137234,-0.0582378],[-0.037812,-0.0996393,-0.391633,-0.00071505,0.123109,0.0693448,0.0767057,-0.0174596,0.0195432,-0.239249,-0.0181184,-0.0246591,0.0315843,1.32727,0.0381039,-0.0437668,0.413013,0.0139156,0.0625685,0.00379395,0.583121,0.25391,0.105091,0.239428,-0.1322],[-0.0902778,-0.0822386,-0.579696,-0.00065521,-0.120692,-0.126281,0.0218158,-0.025622,-0.120734,0.293629,-0.034305,-0.0382078,-0.0822914,0.857731,-0.106239,-0.091076,0.879038,0.0838543,0.125995,-0.0192922,0.603536,0.413093,1.32923,-0.0714587,0.477031],[-0.00496426,-0.0095519,0.000943818,0.0030977,-0.023403,-0.0130974,-0.00493523,0.000507706,-0.00130081,0.0349566,0.000110003,0.00783381,-0.00268766,-0.0841379,0.0010639,0.00117502,-0.0812622,0.0213813,-0.0105962,0.000415114,-0.035801,-0.00909168,-0.0149859,-0.0280903,-0.00232259],[-0.0361216,-0.0376721,-0.125655,0.00555638,0.00879333,0.0237419,-0.0349132,-0.0587667,0.0217114,-0.378857,-0.0690146,-0.0140085,-0.0136768,-2.60175,-0.0207247,0.0207541,-0.4287,0.159876,0.0606971,-0.0130098,0.160475,0.0730727,-0.517628,-0.156004,-0.365616],[-0.0675498,-0.0463078,-0.0652761,-0.00995216,-0.118604,-0.0548226,0.030001,0.0230283,-0.00306996,0.167996,0.0234631,-0.12354,-0.00663835,-0.416155,0.0110496,0.0315144,-0.509647,0.0209572,-0.0136273,0.0194043,0.171613,-0.0175295,-0.204592,-0.0476718,-0.0397684],[0.0223799,-0.146971,-0.171048,0.0995775,0.0520217,-0.208314,0.0342022,0.0253109,0.0700727,0.690311,0.00435323,-0.102034,0.0537791,5.96996,0.109055,0.0375386,1.37311,-0.00274507,0.347731,0.0206504,0.427099,0.242517,0.748839,0.0696698,-0.287931],[0.000219602,0.00269401,0.00789923,-0.00223468,-0.000555107,0.00229837,-0.00043661,0.000606136,0.000523332,-0.0327677,0.000651778,0.00339003,0.000774488,0.00275112,6.12264e-05,-0.000898825,0.0234362,0.00548187,-0.00702078,0.000428105,-0.0139928,-0.0118569,-0.0163911,-0.00311332,0.00266064],[-0.00785441,-0.0985837,0.569315,-0.0354939,0.151599,0.321648,0.0378609,0.0636512,0.0400024,0.182734,0.0340787,-0.0194087,0.0475252,3.44266,0.0382193,-0.012027,0.591869,-0.131828,-0.217698,0.0119165,0.092986,-0.0142058,-0.525485,0.32797,0.359406],[-0.108644,-0.131526,0.0555754,-0.0752043,-0.0302646,0.121276,0.044446,-0.046736,0.0444382,0.853144,-0.00854131,-0.0518128,0.0416697,-0.816325,0.0156152,-0.0109249,-0.117522,-0.142209,0.119386,0.00646065,0.0803126,0.103153,-0.464284,0.198976,-0.251497],[-0.00174858,0.00575056,0.00745581,9.3151e-05,-0.0188162,-0.00903643,0.00330387,-7.69863e-05,-0.00112058,-0.00956358,-0.00114801,-0.00933737,6.7506e-05,0.109302,0.00444546,0.00115041,0.0353648,0.00536974,-0.0112059,4.70524e-05,0.00975039,-0.0186481,-0.0232934,0.00549609,-0.0105225],[-0.122465,-0.149876,-0.582887,-0.0301725,-0.365385,-0.428476,-0.235177,-0.00611279,-0.076248,0.61882,-0.0476002,0.0776675,-0.100625,-1.89348,0.0347673,0.0470747,-1.23789,-0.444489,-0.0425103,-0.0651274,-1.63998,-0.0327871,0.0457745,-0.633182,-0.136203],[-0.00937548,-0.0876335,0.123067,-0.0349071,0.0844308,0.0813965,0.0405881,0.0215728,0.0147381,0.213126,0.0164429,-0.0826947,0.0118214,0.509474,0.0221962,0.0219866,-0.183999,0.0403092,-0.17543,0.0123453,-0.298687,0.107163,0.0912727,0.108916,0.0263119],[0.00498132,0.0199552,-0.168627,0.0263116,-0.139496,-0.115787,0.0513549,-0.0760783,0.0151941,-0.751787,-0.06264,0.0723688,0.0157168,-0.245748,-0.0281502,0.0298499,-0.511137,0.0449202,0.141244,0.00724346,1.13,0.0247186,0.573766,0.609217,-0.0632884],[-0.0126165,-0.0172253,-0.00564959,-0.00494478,-0.0101098,-0.0013057,-0.0257463,-0.00453153,0.0117694,0.0883533,-0.00291363,-0.0186562,0.00759958,-0.471274,0.00787326,0.0122043,-0.153061,-0.00855904,-0.000177959,-0.00943449,-0.122491,-0.006104,-0.0535344,0.0200349,0.000862823],[-0.0209639,-0.0377666,-0.0630412,-0.00807891,-0.0463201,-0.0347428,-0.0234749,-0.0060276,0.00212425,-0.173126,-0.00576983,0.00183382,0.00231592,0.169899,-0.00535337,-0.010828,0.102636,0.0188414,0.00426968,-0.00989433,-0.00062826,0.0229184,0.0387912,0.0384605,0.0327165],[-0.00276045,0.00213756,0.0688398,-0.0244506,-0.00698476,0.043942,0.00282372,0.00303947,0.00372353,0.0618682,0.00176434,-0.00615349,-0.00100097,0.0214278,0.00276633,0.0048628,-0.113718,0.000123779,-0.0499831,-0.000211471,-0.060772,-0.0778036,-0.0550328,-0.0730742,-0.0847701],[-0.0197542,-0.0273878,-0.0287203,-0.00288865,-0.0298724,-0.00687086,-0.000544727,0.0126273,0.00234792,-0.0287611,0.00785633,-0.0279205,0.00423928,0.0388815,0.00109796,0.00412749,-0.173369,-0.00551895,0.0386231,-0.00715451,-0.180194,-0.0170657,0.0838262,0.138693,-0.00433892],[-0.00172606,0.0299706,0.0391496,-0.0211505,-0.0841432,-0.079686,-0.0511219,-0.0186097,-0.0246564,-0.322708,-0.0154264,0.024832,-0.0135291,-0.683259,-0.03199,-0.0130951,-0.247151,-0.0183466,-0.0758746,0.00766503,0.00246536,-0.0353365,-0.0482209,-0.170099,-0.129873]],"sigmahat":[[0.145432,0.128368,0.0539453,0.0193795,0.232819,0.113965,0.0104122,0.0160476,0.0071127,0.00648967,0.00966766,0.00999119,0.00498802,0.822404,0.0246559,0.00828342,0.410225,0.0042005,0.0171216,0.00169412,0.215069,-0.00609779,0.41464,0.0506234,0.0125967],[0.128368,0.230977,0.0676126,-0.00156595,0.108906,0.0664078,-0.00848479,-0.0124096,-0.0113796,0.018783,-0.0124403,0.0226824,-0.00952789,-0.116591,0.00353053,-0.00071409,0.102724,0.0143631,-0.0347726,-0.00113029,0.135781,-0.119018,0.304788,-0.0309818,-0.004549],[0.0539453,0.0676126,1.8429,-0.0870213,0.0754992,0.774742,0.0179753,0.0129281,0.00895119,-0.268417,0.00192218,0.0483898,0.0137943,0.85167,-0.016894,-0.02502,0.455906,0.0633547,-0.130761,0.00192335,-0.378803,-0.229917,0.214265,0.0141613,-0.0574238],[0.0193795,-0.00156595,-0.0870213,0.0700609,0.0159904,-0.0468913,-5.90531e-06,0.00211083,-0.000218815,-0.0106008,0.000958539,-0.0058767,-0.00107017,0.0282569,0.00555091,0.00559639,0.00975574,0.00495577,0.0590678,0.0020457,0.0799316,0.0420251,0.163638,0.0125463,0.00167054],[0.232819,0.108906,0.0754992,0.0159904,0.831559,0.502385,0.0191954,0.0658271,0.0188178,0.375468,0.0505218,0.0382669,0.00493665,2.19559,0.052413,0.00174452,1.21977,-0.022024,0.0519965,-0.00644708,0.157033,0.168813,0.606699,0.183039,0.186476],[0.113965,0.0664078,0.774742,-0.0468913,0.502385,0.849964,0.0113659,0.0537877,0.00471639,0.260266,0.040215,0.0461424,-0.00366425,1.0942,0.0123656,-0.0179059,0.766454,0.0368499,-0.0350502,0.000561448,-0.316304,-0.0275225,0.254011,0.08795,0.166947],[0.0104122,-0.00848479,0.0179753,-5.90531e-06,0.0191954,0.0113659,0.115768,0.0116106,0.0250845,-0.0902107,0.00650515,-0.0735909,0.0198922,1.821,0.0282677,0.0132067,0.318264,-0.00979695,0.0157073,0.0314168,0.429576,0.0325741,0.142678,0.197964,0.0375292],[0.0160476,-0.0124096,0.0129281,0.00211083,0.0658271,0.0537877,0.0116106,0.033585,0.0130862,-0.062092,0.0217338,-0.0180341,0.00789755,0.634177,0.0125226,0.00326535,0.262186,-0.00125287,-0.000587981,0.00488686,-0.0190618,0.0242657,0.112829,0.0277504,0.0254502],[0.0071127,-0.0113796,0.00895119,-0.000218815,0.0188178,0.00471639,0.0250845,0.0130862,0.0434425,-0.0270202,0.00727245,-0.0336743,0.0301498,0.788204,0.0370647,0.0262331,0.154115,-0.0103329,0.014745,0.00691845,0.119751,-0.000653919,0.0227409,0.0834523,0.00274441],[0.00648967,0.018783,-0.268417,-0.0106008,0.375468,0.260266,-0.0902107,-0.062092,-0.0270202,6.10559,-0.0167832,-0.0550477,-0.068515,-11.1363,0.0220074,0.202173,-4.094,-0.166402,0.0878639,-0.0415534,0.475805,0.184848,-0.77247,-0.353171,0.237937],[0.00966766,-0.0124403,0.00192218,0.000958539,0.0505218,0.040215,0.00650515,0.0217338,0.00727245,-0.0167832,0.0197837,-0.0134424,0.00377411,0.373142,0.00849496,0.000900428,0.160971,-0.000506776,-0.00152055,0.00312942,-0.0214576,0.0110058,0.0393816,0.00581541,0.0218045],[0.00999119,0.0226824,0.0483898,-0.0058767,0.0382669,0.0461424,-0.0735909,-0.0180341,-0.0336743,-0.0550477,-0.0134424,0.184078,-0.0233229,-0.892402,-0.0373459,-0.0285415,-0.128856,0.00351241,0.00623786,-0.0261512,-0.304217,-0.0100031,-0.0907434,-0.127966,-0.0454589],[0.00498802,-0.00952789,0.0137943,-0.00107017,0.00493665,-0.00366425,0.0198922,0.00789755,0.0301498,-0.068515,0.00377411,-0.0233229,0.0294417,0.623152,0.0271163,0.0181809,0.100696,-0.00372438,0.0107782,0.00701255,0.0868746,-0.00279652,0.0417845,0.068495,-0.00117993],[0.822404,-0.116591,0.85167,0.0282569,2.19559,1.0942,1.821,0.634177,0.788204,-11.1363,0.373142,-0.892402,0.623152,105.298,1.14077,-0.0464569,23.0332,-0.11341,0.0851567,0.212708,5.6177,0.357438,7.02804,4.89733,1.24807],[0.0246559,0.00353053,-0.016894,0.00555091,0.052413,0.0123656,0.0282677,0.0125226,0.0370647,0.0220074,0.00849496,-0.0373459,0.0271163,1.14077,0.0598994,0.0344593,0.300872,-0.00320526,0.0150977,0.00690022,0.12541,-0.0123412,0.0806822,0.0938482,0.0141633],[0.00828342,-0.00071409,-0.02502,0.00559639,0.00174452,-0.0179059,0.0132067,0.00326535,0.0262331,0.202173,0.000900428,-0.0285415,0.0181809,-0.0464569,0.0344593,0.0569677,-0.331577,-0.00464939,0.00713062,0.00793608,0.151996,-0.0283474,-0.00656895,0.0363104,0.0017923],[0.410225,0.102724,0.455906,0.00975574,1.21977,0.766454,0.318264,0.262186,0.154115,-4.094,0.160971,-0.128856,0.100696,23.0332,0.300872,-0.331577,15.4472,0.0476735,0.136397,-0.00523969,0.0438904,0.436345,2.9502,1.1462,0.292583],[0.0042005,0.0143631,0.0633547,0.00495577,-0.022024,0.0368499,-0.00979695,-0.00125287,-0.0103329,-0.166402,-0.000506776,0.00351241,-0.00372438,-0.11341,-0.00320526,-0.00464939,0.0476735,0.0971822,-0.0119435,-0.00209159,-0.122981,-0.0253502,0.0833445,-0.0560672,0.00237446],[0.0171216,-0.0347726,-0.130761,0.0590678,0.0519965,-0.0350502,0.0157073,-0.000587981,0.014745,0.0878639,-0.00152055,0.00623786,0.0107782,0.0851567,0.0150977,0.00713062,0.136397,-0.0119435,0.330172,-0.00647651,0.157012,0.105337,0.157913,0.150675,-0.00996006],[0.00169412,-0.00113029,0.00192335,0.0020457,-0.00644708,0.000561448,0.0314168,0.00488686,0.00691845,-0.0415534,0.00312942,-0.0261512,0.00701255,0.212708,0.00690022,0.00793608,-0.00523969,-0.00209159,-0.00647651,0.0203329,0.119062,0.00468556,0.0200533,0.0275772,0.00325034],[0.215069,0.135781,-0.378803,0.0799316,0.157033,-0.316304,0.429576,-0.0190618,0.119751,0.475805,-0.0214576,-0.304217,0.0868746,5.6177,0.12541,0.151996,0.0438904,-0.122981,0.157012,0.119062,5.50383,0.263897,1.50336,0.812024,0.168707],[-0.00609779,-0.119018,-0.229917,0.0420251,0.168813,-0.0275225,0.0325741,0.0242657,-0.000653919,0.184848,0.0110058,-0.0100031,-0.00279652,0.357438,-0.0123412,-0.0283474,0.436345,-0.0253502,0.105337,0.00468556,0.263897,0.688133,0.343862,0.190136,0.100239],[0.41464,0.304788,0.214265,0.163638,0.606699,0.254011,0.142678,0.112829,0.0227409,-0.77247,0.0393816,-0.0907434,0.0417845,7.02804,0.0806822,-0.00656895,2.9502,0.0833445,0.157913,0.0200533,1.50336,0.343862,4.82564,0.332938,0.242796],[0.0506234,-0.0309818,0.0141613,0.0125463,0.183039,0.08795,0.197964,0.0277504,0.0834523,-0.353171,0.00581541,-0.127966,0.068495,4.89733,0.0938482,0.0363104,1.1462,-0.0560672,0.150675,0.0275772,0.812024,0.190136,0.332938,1.15237,0.153641],[0.0125967,-0.004549,-0.0574238,0.00167054,0.186476,0.166947,0.0375292,0.0254502,0.00274441,0.237937,0.0218045,-0.0454589,-0.00117993,1.24807,0.0141633,0.0017923,0.292583,0.00237446,-0.00996006,0.00325034,0.168707,0.100239,0.242796,0.153641,0.541889]],"n":25,"lags":3}