{"betahat":[[0.275528,-0.223267,-0.528338,0.704371,1.02238,0.264954,0.0404363,-0.155686,-0.107005,-1.10373,-0.103414,0.844731,-0.146628,12.9315,0.224935,-0.104831,3.43958,44.7271,44.4109,-0.120224,-0.44505,1.99814,0.993445,0.443123],[1.11912,0.162502,0.323729,0.0425347,0.211018,0.200119,0.0297804,-0.0108382,-0.0174781,-0.304658,-0.0200966,0.0347354,-0.0112328,3.46202,0.0614356,0.00564875,1.66874,0.00544075,0.196902,0.0125833,0.501178,1.35005,0.0768413,-0.132125],[0.0760718,1.00872,0.0447916,0.0357921,0.224884,0.318165,0.130524,-0.00704225,0.0238013,0.409482,0.000462836,-0.0622015,0.00973219,3.65191,0.100387,0.00844371,1.29685,0.0365149,0.311193,0.0049518,0.831944,0.53617,0.345244,0.116626],[-0.0470801,-0.0791892,0.573214,0.00830046,-0.0542097,-0.246663,-0.0206903,0.0107057,-0.00345992,-0.11687,0.00672288,0.0292293,-0.00193672,-0.823775,-0.0101297,0.00194415,-0.171393,0.0221922,-0.11058,-0.00360873,-0.0823879,-0.108425,-0.0688479,-0.0144241],[0.244346,0.466041,0.0190926,0.862011,0.247435,0.147317,0.0286406,0.0375205,0.0229838,0.196462,0.0491099,0.172486,0.014843,3.35645,-0.0444058,-0.0533439,0.497299,-0.103242,-0.141994,-0.0145631,-0.180178,0.20852,0.270736,-0.0804333],[0.0306129,-0.00152607,0.143504,-0.0310864,1.07933,0.159296,0.0418043,0.0406658,-0.0122913,-0.192019,0.026742,-0.0420407,-0.00309822,0.995734,-0.0255366,-0.00530996,0.0487859,-0.0548167,0.0202255,0.0164586,0.054758,-0.00369935,0.0742396,-0.032379],[0.00878507,-0.00213547,-0.109542,-0.0084133,-0.00330391,0.922835,-0.000122201,0.00511316,0.0066462,-0.142338,0.00214862,0.0347825,0.0114569,-0.349065,-0.0110025,0.0120989,-0.245922,0.0176092,0.0311016,-0.0113904,0.0233743,-0.263332,0.0154245,0.0402038],[0.0842739,0.155515,-0.346854,0.0341639,-0.0199455,-0.193682,0.865801,0.0372439,0.0326852,0.289456,0.0311479,0.0661321,0.0448112,-0.335852,0.0276036,0.0597935,-0.119953,0.0794304,0.121275,-0.119487,-1.28992,0.33176,-0.104296,0.0748447],[-0.0812551,-0.152224,0.834465,0.171102,-0.158753,0.346065,-0.0475001,1.14824,-0.00625141,0.332323,0.241601,-0.0895091,-0.0467152,-0.808636,-0.0830293,-0.0122995,-1.37865,-0.119446,-0.772289,-0.0077179,-1.11819,-1.74278,-0.327267,0.401572],[0.27554,0.00299373,0.529994,0.0301277,0.727451,0.531874,0.27433,0.222926,1.20799,0.545164,0.128626,-0.172563,0.187589,10.4059,0.10183,0.120708,-0.605038,-0.523897,0.0894536,0.140816,1.01116,0.108765,0.656541,0.220221],[0.000577739,0.0108492,0.0423588,-0.011226,0.0455699,0.0662014,0.00462538,-0.0056031,-0.0049122,1.2929,-0.00208031,-0.000110128,0.00160921,-0.664259,-0.00485435,0.00742481,-0.227312,-0.046642,0.0262661,0.00269453,-0.0256647,0.0050907,-0.00293879,0.0568995],[-0.0711812,0.0362859,0.121002,0.0555842,-0.426527,-0.175396,-0.0832955,0.0637585,-0.031078,0.11753,1.11955,0.0114416,0.0249521,1.10022,-0.0350739,-0.0347207,-0.374239,-0.0280151,-0.0890488,-2.00233e-05,-0.970838,0.492833,0.163901,0.425066],[0.0465568,-0.00396491,0.297338,0.0723041,0.0151669,0.211525,-0.0246991,0.00207867,0.0308614,-0.305918,-0.0187255,1.28691,0.0392485,0.291176,0.00805026,0.00948821,-0.0444416,-0.0158869,-0.255281,0.0226592,-0.97125,-0.0263754,-0.0570865,0.0498233],[-0.024577,-0.0470892,-0.185488,-0.200201,0.201692,-0.0551302,0.128734,0.00659363,-0.0941957,-2.17515,-0.00503359,0.0232505,0.98808,-2.08193,-0.0342804,-0.0611719,2.17082,-0.0822469,0.130783,-0.033853,0.0352798,0.00964615,0.0761745,0.348895],[-0.0011989,-0.00251098,-0.0155682,-0.000290944,0.00266469,0.00125416,-0.000635676,0.000156378,-0.00336729,0.0231082,-0.000324606,0.000230989,-0.00191905,0.890899,-0.0020975,0.00185162,-0.0759461,-0.00886843,-0.0070412,-3.9646e-05,-0.0145841,-0.00607439,0.00814007,0.00791644],[0.169845,0.132945,0.223656,-0.0127737,0.31392,0.281508,-0.169453,0.0865792,-0.00319245,-0.0260736,0.1042,0.0711044,-0.0639799,-3.7879,1.02008,-0.0059103,1.42736,0.262585,0.00905213,-0.0930035,0.253887,1.39619,-0.899104,-0.129604],[-0.281236,-0.0391881,-0.508135,0.196552,-1.13385,-0.776578,-0.211056,-0.124321,0.0813788,-0.625677,-0.120132,0.111821,0.00653752,-5.8616,-0.0131089,0.998113,-2.74995,0.321568,-0.396773,-0.0833261,-0.241927,-0.793778,-0.0231982,0.0431841],[0.0205052,-0.00160123,0.0594762,-0.00489325,0.0684983,0.0708469,-0.00136256,0.00947927,0.00818057,0.0245454,0.00921221,0.0157653,0.0031524,-0.0503786,0.0118799,0.0054196,1.15795,0.0126244,0.0345654,0.00119168,-0.0364173,0.0700674,-0.000240624,0.0284981],[-0.0730826,-0.0635918,-0.0970204,-0.175551,-0.227995,-0.0913145,0.11826,-0.0996105,-0.14666,-2.43906,-0.0656454,-0.272286,0.00804213,6.12476,-0.180416,-0.0899068,-3.39883,0.606764,0.221495,0.0245629,1.60451,0.30898,0.119354,0.150193],[0.0313972,0.0658404,-0.232375,0.145431,-0.0739884,-0.0852956,-0.00697321,-0.00132358,0.00568103,-0.253608,-0.00151654,-0.0197764,0.0101014,-0.468843,0.0344239,0.0207732,0.844202,-0.0714756,0.450708,-0.018208,0.292705,0.72384,-0.232665,-0.0290503],[-0.00787589,-0.0228815,-0.460339,-0.0509134,0.346335,-0.05956,-0.883617,0.0714574,-0.089,0.6899,0.0569718,0.654833,-0.131868,-0.787947,-0.0560233,-0.181461,1.57437,-0.016732,-0.157632,0.478153,-3.29592,-0.508128,-0.853199,0.0282243],[0.00497069,0.0131371,0.0811292,0.00354167,-0.00674374,0.0714292,0.0208975,-0.00390937,0.00837367,0.0561248,-0.004741,0.0287256,0.00822501,0.246978,0.00498553,-0.00103532,-0.0968899,-0.0262628,-0.0583812,-0.00010527,-0.0305043,0.0456682,-0.0751081,0.0249664],[0.0243381,0.0502657,0.0447199,0.0171371,0.0664691,0.0453879,0.0211955,-0.0006195,0.00289109,-0.0942534,0.00136006,-0.0102397,0.00264746,0.464433,0.00139518,-0.00936446,-0.062503,0.0030022,-0.0409849,0.0168255,0.038059,0.338483,0.0182716,0.00328545],[0.00384786,0.000819299,-0.077486,-0.0229801,0.0252554,-0.0110954,0.169342,0.00530514,0.0415916,-0.053821,0.00838591,-0.0962542,0.036055,1.2885,0.0233119,0.00925002,-0.0766776,-0.027473,0.117006,0.0576766,0.667361,-0.277166,0.646599,-0.0660077],[0.04516,0.00872001,-0.0101111,0.0532926,-0.0296086,-0.164388,-0.0406443,-0.0151009,-0.0198732,-0.461057,2.71374e-05,-0.00846399,-0.00510431,-0.492519,-0.0145904,-0.0305728,0.504964,0.0479045,0.0434522,-0.0126045,0.131121,-0.23277,-0.0212469,0.558991],[-0.0979462,-0.107577,-0.191834,-0.0463672,-0.211562,-0.200195,-0.0065586,-0.00129726,0.0279149,0.36407,-0.00457586,-0.0440915,0.0229076,-4.04935,-0.0713978,0.0105407,-1.72021,-0.00884116,-0.0639,-0.00841128,-0.132857,-0.948841,-0.111614,0.0529812],[-0.0865058,-0.0699924,0.0631957,0.0069072,-0.185315,-0.206145,-0.0415474,0.0115724,0.00176864,-0.183654,0.00675881,-0.0435443,0.0120191,-3.32362,-0.0660134,-0.000646405,-0.945155,-0.0202777,-0.142442,-0.00017047,-0.406027,-0.342061,-0.10291,-0.0333187],[0.0614934,0.0697805,0.388041,-0.0143272,0.109344,0.249881,0.026542,0.00325274,0.00285472,0.038077,0.00163109,-0.026006,0.00272015,0.797901,0.00631078,-0.00445067,0.246685,-0.00608226,0.0348346,0.011595,0.035806,0.148425,0.0643911,0.00192046],[-0.230755,-0.275461,-0.213797,0.0856586,-0.332735,-0.11532,-0.0458323,-0.0465543,-0.0642033,0.353489,-0.0283123,-0.0540469,-0.0607895,-4.07844,-0.0392689,0.0280181,-1.59575,0.143133,0.0974797,-0.00631988,-0.155516,-0.623719,-0.515959,-0.0492032],[-0.0150604,0.0169625,-0.212181,0.0119555,-0.0483386,-0.128717,-0.0118931,-0.0283842,0.0142589,0.248003,-0.0219945,0.0215644,0.00343111,-0.804753,0.0185535,0.0111819,-0.0426338,0.0149326,0.0212311,-0.0090679,0.0377112,0.0116928,-0.044841,0.0227654],[0.0150891,0.0302057,0.113963,0.0087041,0.0516642,0.114426,0.0123869,-0.00598408,0.00273573,0.221056,-0.00579357,-0.0376019,-0.00371276,0.132674,0.0130459,0.000119917,0.0931505,-0.0171855,-0.0127012,0.0134943,-0.00469428,0.188924,0.0331174,-0.0178463],[-0.0628978,-0.0955293,0.410792,-0.00401288,-0.00290045,0.205737,0.161992,-0.00885541,0.0101544,-0.125842,-0.0151676,-0.1645,0.00745345,-0.441957,0.0152957,-0.00638832,0.127262,-0.0463402,-0.067782,0.128403,0.854343,-0.282612,0.198429,-0.0153694],[0.0447908,0.136823,-0.515499,-0.103536,-0.0568346,-0.506847,0.0496502,-0.122851,0.00649425,-0.0466732,-0.194589,0.0934565,0.0479842,-1.10523,0.0363067,0.122475,-0.0275692,-0.0753857,0.22527,0.0396076,0.842992,1.3815,0.179025,-0.0675887],[-0.145389,0.0748321,-0.21838,6.86626e-05,-0.306574,-0.336611,-0.208218,-0.182399,-0.147473,-0.336985,-0.0740938,0.0867141,-0.116909,-7.99269,-0.063109,-0.113848,-0.29351,0.152787,0.0366503,-0.0804558,-1.1216,-0.932804,-0.415215,-0.380952],[0.0106845,-0.00174315,-0.0193027,0.00988397,-0.00280903,-0.0349608,-0.000499216,0.00845026,0.00674387,-0.327561,0.00635967,0.000965736,0.00235989,0.504731,0.00514887,-0.00925735,0.307388,-0.00155768,-0.0159341,-0.00115624,0.0778727,0.0123513,0.0341417,-0.0331264],[0.0815244,0.0344447,-0.226887,-0.0573967,0.229861,0.0631002,0.0580361,-0.0871691,0.00742031,0.242842,-0.152898,0.0561177,-0.015671,-0.176009,0.0560435,0.0650966,0.597949,0.00662033,0.327532,0.0133695,0.502722,-0.14418,-0.0218126,-0.0727057],[0.0133586,0.0413396,-0.134402,-0.0272472,0.0927373,-0.111268,-0.00833087,-0.0148967,-0.020866,0.326303,0.00294484,-0.0898622,-0.0308681,-0.12425,-0.0168631,-0.018544,0.28238,-0.0269597,0.0608155,-0.0461082,0.822938,0.140412,0.182719,-0.0102125],[0.0526105,0.163134,0.26612,0.0362829,-0.171713,0.105743,-0.0454884,0.0011827,0.0355781,0.0694845,0.0473117,-0.165375,-0.0320471,-0.38432,-0.0810793,-0.0640588,-1.91148,-0.0514802,-0.230826,0.0431528,0.0502509,0.183519,-0.372266,-0.159088],[-0.000216009,-0.00147976,0.00755729,0.00293032,-0.00219039,-0.00197078,0.000520513,-0.000660341,0.00309161,0.0228732,-0.00032489,-0.0019736,0.00132893,0.0595855,0.00231816,0.000145091,0.0349514,0.0012659,0.00785742,-0.000407512,0.0282632,0.0120352,-0.00371499,-0.00637795],[-0.0380875,0.0764828,-0.243346,0.0239743,-0.103045,-0.0795707,0.0877726,-0.0684262,-0.0575869,0.149719,-0.0844277,0.104007,-0.0155966,0.118495,-0.078155,-0.0397094,-0.613425,-0.0875369,0.171963,0.0774924,-0.124793,-0.349679,0.398012,-0.0339148],[0.329902,0.108784,0.544141,-0.106955,1.08466,0.70099,0.132134,0.201568,-0.12078,-0.0821519,0.159355,-0.0381029,-0.0510611,5.32908,-0.0103452,0.00602959,2.60968,-0.151692,0.101027,0.0755557,0.433179,1.06645,-0.209876,0.365458],[-0.0166296,0.00126096,-0.0638667,0.00265531,-0.0478495,-0.0589969,-0.00146591,-0.0107043,-0.00738215,-0.00698761,-0.0100575,-0.00555774,-0.00398014,-0.0757154,-0.0150067,-0.00426443,-0.16701,-0.00681858,-0.00626594,-0.00124906,-0.0058331,-0.0627959,-0.000782622,-0.025131],[0.184795,0.187693,0.686271,0.138475,0.581399,0.548318,0.0481079,0.0884696,0.204217,1.85495,0.094427,0.165907,0.0698083,-7.87234,0.183152,0.103229,5.01936,0.0712447,-0.0227596,0.0225143,-0.657112,-0.547626,0.399091,0.0434684],[0.0154503,0.0832441,0.120092,-0.0933971,0.0535569,0.051663,-0.00727315,-0.019572,-0.00654248,0.165216,-0.0169619,0.105826,-0.0129284,0.444525,-0.0496056,-0.0436048,-0.676959,-0.0162222,-0.142733,0.00907308,0.0691112,-0.775044,0.194001,-0.0411503],[0.0203236,0.0142941,0.704828,0.0346129,-0.104556,0.27893,0.760295,0.0108026,0.0670062,0.788929,-0.00148578,-0.709655,0.0998994,-0.744736,0.0698583,0.223568,-2.33937,-0.0533936,-0.167783,0.482213,1.97114,-0.152892,0.0770375,0.0927511],[-0.014061,-0.00646348,0.00746829,-0.0140676,-0.04192,-0.0244367,-0.0277432,0.00056617,-0.0085676,-0.0794401,0.00336301,-0.0107409,-0.00785009,-0.241288,-0.0114715,-0.0148031,0.00501556,-0.0123177,-0.0163982,-0.0069902,-0.208085,-0.0462481,-0.052983,-0.0138314],[-0.01654,0.0140156,0.0455899,-0.0209181,-0.0309518,0.0298453,-0.00979716,-0.00446534,-0.00146502,0.0234067,-0.00715403,0.0131857,0.00302761,-0.722333,-0.00484916,0.00868026,-0.165937,0.00967217,-0.0498521,-0.00277908,0.00881513,0.059258,0.00109259,0.0595377],[-0.0202891,-0.0174279,0.00156479,0.0189039,-0.0819864,-0.102048,0.0487472,0.0131745,0.00404774,0.117616,0.00142616,-0.0327928,0.0138127,-1.01791,-0.00012845,0.0220885,-0.394201,0.0333058,0.0208367,0.000100166,-0.025765,0.106193,-0.0497381,-0.0377342],[-0.0375955,-0.017261,0.0277836,-0.042069,-0.0217563,0.101962,0.0652569,0.0111001,0.0230029,0.625675,0.00504145,-0.00264074,-0.0019546,-0.212713,0.022692,0.0259624,-0.350898,-0.0327702,-0.0695356,0.00555662,-0.0946947,0.0417035,0.19042,0.203626],[-0.0211851,-0.0549457,-0.131817,0.0038258,0.000511648,7.93351e-05,-0.0232232,0.0121386,-0.0104401,-0.0594807,0.0246798,0.00934617,-0.0116778,0.587099,0.00995237,-0.016198,0.0514565,0.00343476,-0.133033,-0.00417261,-0.368405,-0.401354,0.0347527,0.0790967],[0.0104354,0.0612868,-0.10791,-0.0427047,-0.0395993,-0.112001,-0.0889826,-0.00454174,-0.0255771,-0.225902,-0.00722403,0.105764,-0.0217576,-0.32786,-0.0343824,-0.00780994,-0.351651,-0.0162269,-0.168776,-0.00478488,-0.425804,-0.194224,-0.242385,-0.083322],[-0.0144539,0.00936089,0.0387198,0.00602903,-0.0551761,-0.00325548,-0.00582868,-0.0139596,0.000617387,0.0786134,-0.00835382,-0.00322414,-0.000768878,0.0266056,0.00382152,0.00251116,-0.0751774,-0.0161035,0.075756,-0.00798254,0.046651,-0.0401088,0.00458765,0.0125274],[-0.0135985,-0.190567,0.194777,0.0523277,0.0852843,-0.0319823,0.0171698,0.00901649,0.0412201,-0.549887,-0.0208086,-0.118432,0.0459494,0.721257,0.0836655,0.0253211,1.0983,-0.0398569,0.0445675,0.0208805,0.335722,0.415154,0.245173,0.129629],[-0.015576,-0.0154408,0.0687308,0.0191172,-0.0310804,-0.0305806,-0.0299333,-0.0122922,-0.00199112,-0.0561706,-0.00475298,0.0204741,-0.000343644,-0.191241,0.00694908,-0.00589949,-0.0061798,0.039987,-0.0414415,-0.00739722,-0.0926194,-0.00791802,-0.0294862,0.00963477],[-0.0238787,-0.0280761,-0.00432903,-0.000304288,-0.0484094,-0.0372772,-0.0122648,0.00087164,-0.0093817,-0.0788943,0.00364108,0.00282727,-0.00774412,0.216775,-0.0020553,-0.0122221,0.152959,-0.000359262,-0.0184008,-0.0021073,-0.0187828,0.0743545,-0.0485288,-0.0223664],[-0.0214695,-0.0600552,-0.0636497,-0.0301678,0.0225652,-0.012083,-0.02781,-0.0283783,-0.0428112,-0.163896,-0.0159744,0.0983435,-0.0522329,0.778856,-0.0428429,-0.0533928,-0.00615104,-0.0324854,-0.0526806,-0.00893568,0.434748,-0.0491927,-0.094233,-0.0594725],[-0.00128564,-0.0416963,-0.44064,-0.0229097,0.139892,0.0528866,0.0247062,-0.0315476,0.0140346,-0.411603,-0.0397418,-0.0224707,0.0161165,1.9522,0.0463059,-0.0877046,1.00348,0.0402718,0.273228,-0.0206149,0.474306,0.287807,0.213983,-0.28313],[-0.10705,-0.0731708,-0.390874,-0.0330012,-0.305465,-0.183097,-0.0558853,-0.038337,-0.0802346,-0.10408,-0.0516264,0.0390613,-0.0773534,-1.84168,-0.055347,-0.0275468,0.982249,0.24587,-0.124494,-0.0542713,0.273994,0.99995,-0.243905,0.217017],[-0.00513322,-0.00645997,-0.00417102,0.00401203,-0.02985,-0.0182011,-0.00399082,-0.000281794,-0.00127932,-0.00527416,-0.00215697,0.00886841,-0.00299207,0.179555,0.00191373,-0.00151132,-0.0281445,0.0213273,-0.0172579,-0.00103835,-0.050797,-0.00160162,-0.0294142,-0.0126498],[-0.0426701,-0.0501734,-0.0322427,0.0285063,0.0320358,0.0292671,-0.00487336,-0.0335877,0.0257652,-0.30456,-0.0335359,-0.039658,-0.00736978,-1.80674,-0.0273771,0.00998593,-0.543863,0.0922886,-0.0615127,-0.0130936,0.349279,-0.478941,-0.136814,-0.321908],[-0.0599926,-0.037564,-0.162917,-0.0450239,-0.107831,-0.100294,0.0332937,0.012865,-0.0098618,-0.0209616,0.0158051,-0.197185,-0.00827146,-0.161006,0.00889961,0.00908113,-0.236221,0.042669,0.194827,0.023476,0.148825,-0.114398,-0.124618,-0.0395041],[0.000119005,-0.107702,-0.104776,0.144746,0.0630848,-0.0345116,-0.06713,0.00547054,0.0570757,1.71427,-0.0326965,0.0932821,0.0368659,3.75349,0.124667,0.0942102,0.676138,0.00535061,0.105088,-0.00911638,-0.0220628,0.13485,0.249111,-0.187214],[0.00122647,0.0037701,0.0085331,-0.00307348,-0.000890463,0.000861386,-0.000285991,0.000509612,0.00017795,-0.0442527,0.0006798,0.00185092,0.000477631,0.0216385,-0.000370407,-0.00193401,0.0396778,0.00902049,0.000575152,0.000491954,-0.0144084,-0.00777048,-0.00543194,-0.0012065],[-0.105459,-0.192213,0.137154,-0.00255173,-0.111009,-0.0763421,0.0777648,0.00552364,0.0547186,-0.00945901,-0.00260698,-0.133574,0.0728371,3.69482,0.0500278,0.0349659,-0.58591,-0.235482,-0.282767,0.0168961,0.00895549,-0.90233,0.479067,0.22702],[-0.0610154,-0.0838549,-0.0591472,-0.0831038,0.0304013,0.0578079,0.0719364,-0.0767483,0.0402755,0.710412,-0.0351411,-0.0878674,0.0457028,0.378058,0.0145064,-0.0192095,-0.00999481,-0.218001,0.276059,0.00865942,-0.0241005,-0.2749,0.227513,-0.390198],[-0.00410075,0.000246823,0.00485378,0.00224436,-0.0209728,-0.0116295,0.0027948,0.00132277,-0.000837456,-0.0152591,0.000929863,-0.0103018,0.000753452,0.121343,0.00304051,-0.00101837,0.00600444,-0.0046915,-0.0272776,7.86126e-05,0.0405029,-0.00891036,0.000855292,-0.00283226],[-0.110818,-0.121485,-0.580068,0.0369928,-0.356006,-0.452624,-0.168582,0.011114,-0.0588697,0.570106,-0.0288122,0.106345,-0.0782676,1.69764,-0.00312062,-0.0138863,-1.60863,-0.666105,-0.196867,-0.0475253,-0.964082,0.24658,-0.525368,-0.194159],[-0.0434604,-0.14286,0.109695,-0.0522073,0.0271275,0.0387494,0.0148345,0.0201351,0.00185777,0.102741,0.0175304,-0.08558,0.00336104,-0.000547352,0.0155978,0.0222901,-0.157505,0.0897313,-0.278921,0.00863975,-0.37099,0.0500119,0.0472844,0.0690364],[-0.00518314,0.00386746,-0.254568,0.0321908,-0.189804,-0.198979,0.0927268,-0.0734631,0.0239446,-1.34029,-0.0519948,0.0622721,0.0287289,1.17508,-0.00977421,-0.0219428,0.411325,-0.0791494,0.0663985,0.0188569,1.35706,0.742824,0.744909,-0.103242],[-0.0121154,-0.0202494,-0.00817973,-0.00744233,-0.00154618,0.00155151,-0.0304864,-0.0021288,0.00995213,0.0937542,-0.000435981,-0.0221147,0.00599989,-0.621548,0.00330438,0.00713191,-0.173482,-0.0202102,-0.00254655,-0.00903678,-0.0660774,-0.0618436,0.0173365,-0.000531941],[7.84931e-05,-0.00364006,0.0642685,-0.0205637,-0.0025713,0.0389902,-0.00167601,0.00592113,0.00341368,0.0497657,0.00348478,0.00226472,-0.00236647,0.0969052,0.00389281,0.004183,-0.0111473,-0.0121668,-0.0646221,-0.00338778,-0.0421211,0.0515992,-0.0660543,-0.0876992],[-0.0169155,-0.0250122,-0.0246232,-0.00925279,-0.0354684,-0.00880536,-0.0111144,0.00726956,-0.000886609,-0.0997166,0.00470473,-0.0200925,0.000797708,0.0158793,0.00113139,0.00123161,0.0245384,0.0274302,0.094067,-0.00880762,-0.259633,0.100939,0.170001,-0.0021177],[-0.00733525,0.0146351,0.00200155,-0.0122363,-0.0336271,-0.0283451,-0.0471464,-0.0111919,-0.0170955,-0.213563,-0.0140961,0.0218747,-0.00650828,-0.39137,-0.0244277,0.00236429,-0.364202,-0.0427317,-0.0973241,0.00524916,-0.00216408,0.0533914,-0.190322,0.0251026]],"sigmahat":[[0.167088,0.148746,0.0836601,0.0159105,0.286044,0.15205,0.0132128,0.0195124,0.0046735,0.0357592,0.0113712,0.0131318,0.00261373,1.04842,0.0249983,0.0043631,0.535861,-0.00886493,0.0423195,0.00166602,0.232265,0.483869,0.0512515,0.00910783],[0.148746,0.26301,0.101444,-0.00522463,0.145636,0.102332,-0.00596819,-0.0127047,-0.0108592,0.0396108,-0.0152588,0.0286101,-0.010061,0.0259927,0.00575754,-0.00213951,0.17872,0.0227021,0.00953378,-0.000914759,0.119575,0.303654,-0.0267685,-0.0226306],[0.0836601,0.101444,2.1837,-0.0968406,0.159931,0.968387,0.0158503,0.0361732,0.00339832,-0.0669786,0.0200706,0.0885295,0.0045575,0.549994,-0.0163631,-0.0188115,0.554001,0.102465,-0.259679,0.00639862,-0.422245,0.116633,-0.0643305,-0.056798],[0.0159105,-0.00522463,-0.0968406,0.0792053,0.00867622,-0.0524611,0.00102924,0.00175336,0.00126853,0.0143893,0.00137977,-0.00222991,0.000846803,0.0846644,0.00566843,0.00867357,-0.0789838,-0.0124609,0.0268013,0.00144664,0.0971046,0.159645,0.0271631,0.0100218],[0.286044,0.145636,0.159931,0.00867622,1.02613,0.656953,0.0362886,0.0877047,0.0122588,0.541988,0.0651936,0.043,-0.00067517,3.10687,0.0548212,-0.0118911,1.63113,-0.097673,0.0882216,-0.00385594,0.263065,0.824399,0.200123,0.271939],[0.15205,0.102332,0.968387,-0.0524611,0.656953,1.05486,0.0167971,0.0785795,0.00259121,0.496294,0.0556837,0.0760948,-0.00849042,1.40164,0.0172009,-0.0215732,1.06184,0.0253179,-0.0387909,0.00272934,-0.301105,0.322558,0.0758749,0.267739],[0.0132128,-0.00596819,0.0158503,0.00102924,0.0362886,0.0167971,0.143023,0.0149823,0.0294727,-0.110633,0.00948771,-0.0875763,0.0251102,2.33303,0.0337007,0.0128126,0.414507,-0.0235018,0.0386997,0.0383578,0.461697,0.143237,0.21138,0.0498253],[0.0195124,-0.0127047,0.0361732,0.00175336,0.0877047,0.0785795,0.0149823,0.0400766,0.0128838,-0.0363877,0.0269622,-0.0152421,0.00728278,0.71962,0.0129723,0.0017468,0.322435,-0.011241,-0.0169827,0.00584888,0.00657668,0.141174,0.0226698,0.0461505],[0.0046735,-0.0108592,0.00339832,0.00126853,0.0122588,0.00259121,0.0294727,0.0128838,0.0481075,-0.0357948,0.00679692,-0.0326675,0.0332542,0.856677,0.0410227,0.0293256,0.14768,-0.0126257,0.0125661,0.00701952,0.114886,0.00103694,0.0904689,0.00682563],[0.0357592,0.0396108,-0.0669786,0.0143893,0.541988,0.496294,-0.110633,-0.0363877,-0.0357948,7.16067,-0.000853572,-0.0141885,-0.07614,-12.8905,0.0152494,0.244591,-4.96993,-0.189601,0.0481825,-0.0460385,0.464343,-0.887232,-0.328899,0.406905],[0.0113712,-0.0152588,0.0200706,0.00137977,0.0651936,0.0556837,0.00948771,0.0269622,0.00679692,-0.000853572,0.0249881,-0.0129451,0.00340928,0.41968,0.00783315,-0.000987411,0.189624,-0.00998549,-0.0199039,0.00439503,0.010133,0.0616706,0.00136421,0.037019],[0.0131318,0.0286101,0.0885295,-0.00222991,0.043,0.0760948,-0.0875763,-0.0152421,-0.0326675,-0.0141885,-0.0129451,0.217082,-0.0249684,-1.12619,-0.0369548,-0.0255893,-0.11701,0.0120418,-0.040827,-0.0299358,-0.332775,-0.111897,-0.119232,-0.0449714],[0.00261373,-0.010061,0.0045575,0.000846803,-0.00067517,-0.00849042,0.0251102,0.00728278,0.0332542,-0.07614,0.00340928,-0.0249684,0.0322857,0.698723,0.0292166,0.0199898,0.0774654,-0.00646706,0.0110828,0.00797036,0.094356,0.0248456,0.0745266,0.00438051],[1.04842,0.0259927,0.549994,0.0846644,3.10687,1.40164,2.33303,0.71962,0.856677,-12.8905,0.41968,-1.12619,0.698723,129.394,1.30615,-0.193697,28.9654,-0.818794,0.488235,0.276791,6.24234,9.20085,5.53327,1.75642],[0.0249983,0.00575754,-0.0163631,0.00566843,0.0548212,0.0172009,0.0337007,0.0129723,0.0410227,0.0152494,0.00783315,-0.0369548,0.0292166,1.30615,0.0675488,0.0385484,0.378257,-0.00240496,0.0176835,0.00659591,0.0909114,0.0772927,0.103503,0.0199973],[0.0043631,-0.00213951,-0.0188115,0.00867357,-0.0118911,-0.0215732,0.0128126,0.0017468,0.0293256,0.244591,-0.000987411,-0.0255893,0.0199898,-0.193697,0.0385484,0.0691743,-0.453217,0.00193817,-0.0224159,0.00635689,0.106399,-0.054011,0.0360103,0.00119124],[0.535861,0.17872,0.554001,-0.0789838,1.63113,1.06184,0.414507,0.322435,0.14768,-4.96993,0.189624,-0.11701,0.0774654,28.9654,0.378257,-0.453217,20.3368,0.0454895,0.79206,0.00926364,-0.185104,4.21074,1.29962,0.423723],[-0.00886493,0.0227021,0.102465,-0.0124609,-0.097673,0.0253179,-0.0235018,-0.011241,-0.0126257,-0.189601,-0.00998549,0.0120418,-0.00646706,-0.818794,-0.00240496,0.00193817,0.0454895,0.272115,0.145479,-0.00164519,-0.330422,-0.0525486,-0.0899879,-0.0220645],[0.0423195,0.00953378,-0.259679,0.0268013,0.0882216,-0.0387909,0.0386997,-0.0169827,0.0125661,0.0481825,-0.0199039,-0.040827,0.0110828,0.488235,0.0176835,-0.0224159,0.79206,0.145479,0.981421,0.000739193,-0.0101189,0.303012,0.192725,0.0155422],[0.00166602,-0.000914759,0.00639862,0.00144664,-0.00385594,0.00272934,0.0383578,0.00584888,0.00701952,-0.0460385,0.00439503,-0.0299358,0.00797036,0.276791,0.00659591,0.00635689,0.00926364,-0.00164519,0.000739193,0.0237336,0.139955,0.0077689,0.0283263,0.00703567],[0.232265,0.119575,-0.422245,0.0971046,0.263065,-0.301105,0.461697,0.00657668,0.114886,0.464343,0.010133,-0.332775,0.094356,6.24234,0.0909114,0.106399,-0.185104,-0.330422,-0.0101189,0.139955,6.21815,1.66809,0.784372,0.226515],[0.483869,0.303654,0.116633,0.159645,0.824399,0.322558,0.143237,0.141174,0.00103694,-0.887232,0.0616706,-0.111897,0.0248456,9.20085,0.0772927,-0.054011,4.21074,-0.0525486,0.303012,0.0077689,1.66809,5.92878,0.311052,0.371094],[0.0512515,-0.0267685,-0.0643305,0.0271631,0.200123,0.0758749,0.21138,0.0226698,0.0904689,-0.328899,0.00136421,-0.119232,0.0745266,5.53327,0.103503,0.0360103,1.29962,-0.0899879,0.192725,0.0283263,0.784372,0.311052,1.28413,0.18422],[0.00910783,-0.0226306,-0.056798,0.0100218,0.271939,0.267739,0.0498253,0.0461505,0.00682563,0.406905,0.037019,-0.0449714,0.00438051,1.75642,0.0199973,0.00119124,0.423723,-0.0220645,0.0155422,0.00703567,0.226515,0.371094,0.18422,0.761017]],"n":24,"lags":3}