{"betahat":[[1.1761327457383262,0.75942899289164012,2.4443178803011687,0.95035243408896275,2.7387925480467477,2.6486742080260735,1.2877853312779475,-0.066113392483404948,0.26142480950694796,-0.074144469446752626,-0.061642739056184767,-2.3768766279763938,4.3446278336545507,1.1148965072660226,0.093818264135503579],[1.1852100896491136,0.20683679111211106,0.58398538044463577,0.061468699748975987,0.36488197825319746,0.57959662553697766,0.61089535861526867,-0.014971265961273112,0.023738143649027311,-0.023035214767497557,0.006114522136017795,0.04577515856574748,0.51545663462078051,0.066243392590612848,9.5834932609757139E-5],[-0.084751728942708909,0.92494449053013883,0.19223964457886844,-0.053322181723241713,-0.050472106160338287,0.22829069201432917,-0.56506741849738873,-0.014545791734014796,-0.017163391629233676,-0.032484966292146478,-0.00050283874389869289,0.60432047185950954,-0.2286622397828276,-0.11234251639593375,-0.0020686062380097614],[-0.20043882550916337,-0.22703986890794389,0.36080850752689325,-0.034197491666331681,-0.34694693928221509,-0.5064227706483454,-0.2219808949463716,0.0021059610011843958,-0.041036874665263443,-0.0021903534740242963,-0.0024347884484310677,-0.071994029387274561,-0.42742725262962522,-0.090935501362778948,-0.006627823579489849],[-0.049045301556114695,0.031657281639839309,-0.48222703198800027,0.892760554688943,-0.35331762207735146,-0.3488591945380764,-0.85011974733279627,-0.0096776454336091125,-0.070950464296557519,-0.019704646342258526,0.0018248892570713478,-0.28105737988259671,-0.34487095302724591,0.31891992545702413,0.027106084670572957],[0.046382815635976585,-0.027445758663887179,0.2171866608949076,-0.013905204632369543,1.1809552209715575,0.2327265627635412,0.4392677212461778,-0.0060576609343870975,0.06220718670735071,0.030497229835131829,0.0067965652484347529,-0.042825133067106232,0.047149453685481048,0.075497859321722344,0.00392594011907972],[-0.1571915855020716,-0.20628924838992604,-0.3652910947442321,-0.042308085919102366,-0.24312930420293419,0.6686688843618126,-0.09867411750158317,-0.0060190903054640355,0.012885085891068149,0.0072561250282417479,0.013044092339920791,-0.19670896078505473,-0.54716692900713326,-0.020276131688813422,-0.0074323601684157768],[0.070200269980719945,0.13277128877310823,0.034427173480754823,0.012207430937861762,0.079712953258263386,0.037268085886707152,0.5107443072727168,-0.010405148935082044,0.0090286651640633948,0.006495323667600035,-0.0097248821702876631,-0.066539349432867378,0.035018666406116492,0.017313495553243661,-0.0042640437956727754],[-1.1821141037609093,-1.5976410192076145,-2.7574936484850769,-0.40878299077167357,-1.7378918114693094,-2.5784986240951611,-1.3200261046372523,1.3019430400510028,0.22946250748141031,-0.13393471929196238,-0.00022107004884885275,-0.72751840731789574,-2.1620812059185894,-0.20513957181205658,0.070594245298569461],[0.40261136218464777,0.554773018161154,0.10121081931956256,0.0078647320601772513,0.71582994953910994,0.4970254325297867,0.38598117185263708,0.021668918970130534,0.73853625788864141,0.081916244765187635,-0.0010939602124945278,-0.009429756295204348,1.331759190534207,-0.037234770412887849,0.045588592096743624],[-0.086209591136856417,-0.26999711595616865,0.085692153931842222,0.20643577158998061,-0.27581784245532737,-0.066636797180536014,0.20786684605764008,0.05220156824108603,-0.3892196670235889,1.0578239985478555,-0.055020896256290842,1.1237403062843039,-0.72518697450045222,0.19791142401613118,-0.10277683323077764],[0.0729254324791281,-0.24818691896419509,0.12814358497187214,-0.26051826774612141,0.553733365056297,0.35295286692895894,0.57559218702133041,-0.0746791415926454,0.3502640697758711,0.23618293054183248,1.218067358833802,-1.3202424753380495,-0.6048473523366471,0.075241229247318936,0.24526405572296131],[-0.034817416583583345,-0.010266180133484314,-0.0064369351418086841,-0.000819702081944912,-0.086725624844882859,-0.039364658339586307,-0.13664246590598161,0.0041588045162751141,-0.0095056415498643021,-0.014642142336640757,-0.0068599855757013016,1.3032936568056732,-0.085275784727584208,-0.047902982027782932,0.0095684906110565827],[-0.011092858088521307,-0.052299533539503479,0.084548956803828249,-0.027490902277967827,0.033797784820609723,0.041023910278387837,0.15788088057849892,-0.0018549623181512106,-0.0036668144956244313,0.0073407039503232087,0.0012386820567978731,0.017809708213060847,0.23554053227705221,-0.00840852949460814,0.004757348221432596],[-0.19411994540604155,-0.135498663089225,-0.42264971972553406,-0.026850217193826031,-0.43576535222554807,-0.39337041831797376,-0.19367270770250639,0.0075137720416303807,0.12349600795734479,-0.043062370964040628,0.014431886426969728,0.97475280712406931,-0.81239833806022654,0.43082256447395612,-0.010381217774471417],[0.57675723832571679,0.54645415054586133,0.93567059668300667,0.013772381917488245,1.2629915179977018,1.135370213790166,0.62861336954004587,-0.09849030038546705,-0.0686643669348577,0.23995105828344357,-0.13071008476732757,-0.16924576208240077,1.2025254183597702,-0.18664519255942574,1.4443846200985395],[-0.1175363074121378,-0.11293429069956572,-0.3924753156351064,-0.055154922890613731,-0.26686373457680074,-0.42754789108456354,-0.39363133998150424,0.013199666620408185,-0.018870501437008226,0.016467032269584122,-0.0019095559542859145,-0.07663567858228898,-0.32445803820442892,-0.038942752251980885,0.011517571394209811],[-0.02298988269656255,-0.048483377451840025,-0.24490191756379626,-0.013131872319498835,-0.11009242923250845,-0.30932751661032881,0.2034652742542771,0.010555012683633661,0.01751955938943631,0.021935702452006583,-0.0017328462952975777,-0.46746927856251308,-0.079450970950695338,0.0615097789695311,-0.0043185633542285754],[-0.0070921423447858987,-0.013612276389344485,0.26573797942796923,-0.032649235252755794,-0.024821026503848653,0.10319136998411144,0.011049569702217184,0.0022685873404066207,0.041505020555431232,0.0022282794860052522,0.002785433467805552,0.050405158854319169,-0.13529794498602479,0.019897636923991373,-0.0039592670950344151],[0.37639900251232844,0.3048167358812065,0.88586600027827545,0.23898906509419854,0.73352883181135609,0.78161726031687018,1.2910295862317411,0.0040342313155686434,0.0466594843720552,0.019861396851062602,-0.0068706413981810509,0.03631290626787579,0.83528044228392739,-0.056364831981129876,-0.0073290303775548123],[0.014389452048348033,0.079332091392939869,-0.11505230901035952,0.017530291650361893,-0.0674943328384612,-0.10580130424836036,-0.12866240996472153,0.00744429481388741,-0.026575500247792257,-0.019020598446049305,0.0030969414001436532,0.064044626276587385,0.10612874284858011,-0.026281139168365445,0.0070811165388961952],[0.053146091937698973,0.084100139427020174,0.16622272081431919,0.0063880258741803178,0.052664285256694331,0.12189370302880283,0.10278230592252469,0.0051584058667083557,0.015183546751079758,-0.00705442622037033,0.0018991675920083028,0.21655219296338332,0.21028448121810817,0.010475637904095132,-0.0011810413980612292],[-0.030721914128636348,-0.063951367519286983,-0.030718013359046482,-0.014440749659399619,-0.022449095983730804,-0.011994495883360665,-0.053130581102987781,-0.0019404481236679448,-0.007833976495921189,0.0030032370587081349,-0.0029036651189661409,-0.12345625194066075,0.091070880490871434,0.0030200959784308966,-0.00083741232797449755],[0.27715878594247156,0.40772534054443149,1.0355074428899833,0.076321782050125325,0.084406044177032222,0.66981131996054843,-0.86088250868609428,-0.16193970070207842,0.027594165172978569,0.0042428160628151055,-0.059962482892202261,-1.3423559737818247,0.21115031441403559,0.66727421087282157,-0.20287439930919479],[-0.42910627725813066,-0.50164892136026773,0.11359366159889026,-0.07946672829571623,-0.73351540700332485,-0.38437985942001918,-0.57067696059647877,0.017864299975481855,0.38964547389340987,-0.014668712228876127,0.03392892876982137,0.073672156972203931,-1.2999156720697671,-0.024912234240812025,-0.060308775431741346],[0.059306304905909261,0.23602363864214573,0.19006472927090515,-0.16002917535675634,-0.21342285579575498,-0.35372911316055405,0.26536307719925306,0.010789997677402182,0.23378242340512329,-0.11278681333870434,-0.025921071849339308,-0.17389818626712625,1.0582236359911557,-0.47100021951696192,-0.03041023739092252],[-0.33426124850514088,0.034278928785806982,-0.55949811277280537,0.30865949919049845,-1.0514862072845803,-1.1537842961486426,-1.4944037319180699,0.11027617310106513,-0.284941499162351,-0.22937192577409715,-0.22420285403472187,0.41502543636612482,0.012770049957235314,-0.37726839928783185,-0.20749257268577823],[0.042213703813690343,0.018956937478332176,0.0017657131824053952,0.0023804868073171591,0.10078636681764046,0.033107387258825387,0.10047283832776924,-0.0053714767541379379,0.01240613075636645,0.012134911226601701,0.0067442682997169556,-0.36772784118225577,0.057123280831433067,0.049792432460774194,-0.007142469036457399],[0.022244895066895132,0.038349289818226051,0.0049034452586456251,0.00014297322314472583,0.06609500922689035,0.045176072922666358,-0.034511780464843163,0.00041444002982807954,-0.0027878800409447575,-0.0093357842175242588,-0.00027348126212358196,0.1427214938057767,0.18111083455411456,0.035803669132683964,-0.00416549389839009],[0.093977620033362061,0.084627859052062493,0.13846279817850185,0.093097213439362891,0.064310335304565217,0.1820204387197874,-0.053513821666134276,0.011647327858709915,0.049437812578891856,0.0056496726738134856,0.012252019758717359,-0.0723065286498089,0.36709560431802141,0.17593693625432077,0.04462418531158225],[-0.11004573665646529,-0.0024386263532241471,0.079998233377719871,0.026056174654150444,-0.319559603955298,-0.13951817165686217,-0.1830455441861788,0.060044909831977251,0.02525006025570934,-0.19745706258535681,0.14734616612765181,-0.94436314429179524,0.43157406058144221,0.21458484031488839,-0.23294819642958581],[-0.067696060840407871,-0.093922842340855336,-0.19153520491231907,-0.0063215296098566211,-0.098067061099948116,-0.15209186122524371,-0.21729795027162738,0.0017720744358878094,-0.0048651847468975341,0.0065672737600958155,-0.0042054945917600634,0.030844946153382714,-0.19105889380229485,-0.027308062126804408,-0.011616989992851651],[0.10750533721086246,0.12330853253870763,0.052420260930232332,0.066360630550213712,0.16008934084789209,0.080629469349772692,0.36121911515996041,0.0039962861174535833,-0.00034178262258918431,0.010541212251164833,0.0022354819147817444,-0.13696583108827853,0.30747768708826417,0.050740187741257069,0.0063601797199500732],[0.20721970749933721,0.2403385156841345,0.3730058459208061,0.066779076586234179,0.37114803506243521,0.40263147605081406,0.21050085683869912,-0.0043656160757701238,-0.00042644793121809243,-4.12641361511179E-5,-0.00034795199566088614,0.021269795976900891,0.5619082929476692,0.070994260911999674,0.010546890636062406],[-0.32751736782956387,-0.33663474300428609,-0.40390477892440541,-0.13181495697497284,-0.3805891399707641,-0.4331539323400867,-0.441057161347111,0.0056480018742766733,0.024339324575204029,-0.00016338997702540088,0.0050493558398060313,0.24458801512464734,-0.49089228518225619,-0.26258091692798097,-0.019822772421250686],[-0.061512208912514146,-0.052563987323204,-0.1030360118209817,-0.0038760321193192344,-0.11521805198899483,-0.12852200697564331,-0.311736818034679,-0.001379470726918239,-0.035586226942054176,-0.011508134169425008,-0.0099368459783549662,-0.02173087648779902,-0.15534099621635794,-0.049524199753781584,-0.011152425408035295],[0.10332288100582623,0.12149036459066916,0.19811688579731698,0.035686272121897032,0.18882602114353128,0.20787584474346718,-0.0051418745437335506,0.000870736028151454,-0.028005393480497947,-0.00022691202760891571,-0.0149660892168754,-0.02035891777544049,0.33487096608798161,0.00953997860176624,0.0084780884173955382],[-0.018595181632100683,-0.021787623027274435,-0.0031348174550175955,-0.010358824815520794,-0.052083552840189867,-0.073098169131036714,-0.16703870166144547,0.0028612964490982262,0.020595578213072178,-0.0077898971351691463,0.0066522286903323014,-0.0016989425828789389,-0.17799879481621139,0.015317010743044299,-0.003665093703276973],[0.95159827983277945,1.2374852262035816,1.7474607574835761,0.33161147615903075,1.7432462055716664,1.9777374136912387,2.2310366248150313,-0.14456880065625111,-0.2885711890493779,0.13135168262005772,0.055721748618420379,2.1511312107146727,2.0684060089131724,-0.48444264819300176,0.13832048463843619],[0.026219356182314486,-0.053383595442323871,-0.21522536649172089,0.071487870817127666,0.017037843300370257,-0.11329309439797659,0.18431560211818568,-0.039528976236268651,-0.12816559054099194,-0.067252013387994275,-0.032845336128477294,-0.0644163758028083,-0.032600936405669911,0.062027789481992737,0.014657633920250207],[-0.015345118698414468,0.10506485653777342,-0.43948163151880737,0.021882716621680731,0.2373435742633252,0.20628835169411389,-0.60241799748507052,-0.042626471964367876,0.12972705814708424,0.0011509565459513723,0.0673774614098064,-1.0861387278985992,-0.67098303291784878,0.16142961651062682,0.094151677452041588],[0.2876897048255051,0.25007473423310794,0.40776986524851322,-0.09292455041309014,0.66431609824312721,0.92009210900404037,0.95307664446142437,-0.019818518219288803,-0.0714691737522978,-0.00029298214829061981,-0.015186315855584965,0.99760119302948069,0.764992369082185,0.26134146575504236,-0.01566697843924815],[-0.0011037432305231526,-0.0072210665256816128,0.015595295957874856,0.0015316030721217295,-0.0081827461582570146,0.0080593619184506117,0.053561266030183761,-0.00013889608114978861,0.00063687640177448053,0.0024730281344136672,1.2671970781811727E-5,0.0003383340426202388,0.058429245030586316,0.00063740512290734117,-0.0012053095362701174],[-0.029877103434699792,0.00065475708470447722,-0.022047614203558226,0.0077129755451101085,-0.061672893300006866,-0.013368741547083774,0.1496206756455799,-0.00097281386134870861,0.0029536752257111618,-0.0042181983046484708,-0.00093309231018364662,-0.0021071674477076627,-0.094630352599755468,0.0088595482349391012,-0.0012345946018456303],[0.00840844908174306,-0.038665132298518055,-0.063926862446545482,-0.052272326191041524,0.076266643024885117,-0.091957915397673992,0.14894438698833137,-0.011666315681228679,0.098289106669573384,0.034891950805672006,0.03865706556162319,-0.36320024589277272,0.22136033945348657,0.16128196616194204,0.019392346958699683],[-0.47051789426033158,-0.6213959032955817,-0.93361451066348033,-0.019338211531771024,-0.84754692960532318,-0.91683225866979445,-0.47522983194883384,0.013874369000465613,0.062190410281915666,0.0038553251356969686,-0.0060674435746987457,1.1928021821994623,-1.6938185744802579,-0.0465102391604818,-0.24414567959135297]],"sigmahat":[[1.4323239275327273,1.4677357813634622,2.1546161961099264,0.50025968281105981,2.4457012331801264,2.3576869751486371,2.2125645192784775,-0.0389058672952803,0.066829033691220688,0.015686732106431754,0.00044744299089138787,-0.25053143845685061,3.6916628284976816,0.47863324508940475,0.0800801406100567],[1.4677357813634622,1.6922768642472634,2.264107380462451,0.53301724352531232,2.43765513188778,2.41794709932289,2.1406688020424216,-0.032909055660188549,0.032054134747716,-0.015789245664008408,-0.017570862515853679,-0.2888317881278662,3.8861199827550821,0.48265543383191417,0.082539671994647734],[2.1546161961099264,2.264107380462451,5.2430624229398655,0.72187439117346763,3.7685703359518072,4.6046031369666824,3.3376087122599118,-0.0682493341620799,0.20689184476431294,0.032782552634949141,-0.0003331066385286199,-0.2893783979667871,5.71648099295527,0.765139003260663,0.136225833544132],[0.50025968281105981,0.53301724352531232,0.72187439117346763,0.2463869516614797,0.82692398175752946,0.79824517036279263,0.8322078953481119,-0.013372364222416949,0.011775022075645037,-0.00469178956315553,-0.0027274677323319242,-0.10750878517171891,1.3497115990150508,0.15458951298747522,0.024837837940631362],[2.4457012331801264,2.43765513188778,3.7685703359518072,0.82692398175752946,4.7619092723702012,4.4601335012362018,4.0260743071289387,-0.076767288995493912,0.16734397790699856,0.083507509981701616,0.0070759220508820435,0.012024077598000104,6.618527646594214,0.91337718251244371,0.1615581355215715],[2.3576869751486371,2.41794709932289,4.6046031369666824,0.79824517036279263,4.4601335012362018,5.0276131116933938,3.8927065269052372,-0.076668677837997481,0.18183646214890964,0.079193128656395079,0.0051471614595729508,0.18003023977299243,6.47926697650758,0.88376971372616231,0.1751775630248659],[2.2125645192784775,2.1406688020424216,3.3376087122599118,0.8322078953481119,4.0260743071289387,3.8927065269052372,5.8415714434690216,-0.057224615558230996,0.2144003588837908,0.093198067441350313,0.065557288467177829,-0.4034537584452097,5.8619891838406586,0.77163998144770818,0.13893049679665126],[-0.0389058672952803,-0.032909055660188549,-0.068249334162079886,-0.013372364222416949,-0.076767288995493912,-0.076668677837997481,-0.057224615558230996,0.0075453680475602971,-0.0052658857369200177,-0.00418024593317358,-0.001824410549923734,-0.012726190021677885,-0.094966477859993431,-0.018002964483964237,-0.0011555947974430829],[0.066829033691220688,0.032054134747716005,0.20689184476431294,0.011775022075645037,0.16734397790699856,0.18183646214890964,0.2144003588837908,-0.0052658857369200177,0.22107205984762091,0.027361138684894294,0.032659943041212926,-0.042004814361798919,0.20868142255718741,0.16736224834115809,0.0089144533930089649],[0.015686732106431754,-0.015789245664008408,0.032782552634949141,-0.00469178956315553,0.083507509981701616,0.079193128656395079,0.093198067441350313,-0.00418024593317358,0.027361138684894294,0.03550904540393722,0.011671884020091637,-0.01377686468105274,0.1060166100286531,0.018509437469166265,0.011397373703577594],[0.00044744299089138825,-0.017570862515853679,-0.00033310663852861952,-0.0027274677323319242,0.0070759220508820435,0.0051471614595729508,0.065557288467177829,-0.001824410549923734,0.032659943041212926,0.011671884020091637,0.047801211871828821,-0.0078607211566225424,-0.020365953343381565,0.034250680902587205,0.0080108991795583284],[-0.25053143845685061,-0.2888317881278662,-0.2893783979667871,-0.10750878517171891,0.012024077598000104,0.18003023977299243,-0.4034537584452097,-0.012726190021677885,-0.042004814361798919,-0.01377686468105274,-0.0078607211566225389,7.109250673842185,-0.97399900633648218,-0.34478708565211896,-0.038855729191290878],[3.6916628284976816,3.886119982755083,5.71648099295527,1.3497115990150508,6.618527646594214,6.47926697650758,5.8619891838406586,-0.094966477859993445,0.20868142255718741,0.1060166100286531,-0.020365953343381565,-0.97399900633648218,12.204224198871986,1.2860603608533256,0.28366064363092242],[0.47863324508940475,0.48265543383191417,0.765139003260663,0.15458951298747522,0.91337718251244371,0.88376971372616231,0.77163998144770818,-0.018002964483964237,0.16736224834115809,0.018509437469166265,0.034250680902587205,-0.34478708565211896,1.2860603608533256,0.58180639489571462,0.03902727633221853],[0.0800801406100567,0.082539671994647734,0.136225833544132,0.024837837940631362,0.1615581355215715,0.1751775630248659,0.13893049679665126,-0.0011555947974430829,0.0089144533930089667,0.011397373703577594,0.0080108991795583284,-0.038855729191290878,0.28366064363092242,0.03902727633221853,0.038320895229381216]],"n":15,"lags":3}