{"betahat":[[-0.0191653,-0.0237704,0.0495798,0.0236733,0.0110017,0.0745012,0.0176437,0.00597237,0.0120152,0.0712914,-0.00420924,0.124565,0.000378199,1.66659,0.00220412,-0.00104093,0.867093,0.0591093,-0.00566837,-0.00822317,-0.280699,1.70017,-0.191983,0.0674735,0.0319214],[0.259684,0.346388,0.249887,-0.0457854,0.34619,0.308538,0.0106617,0.0257774,0.0137921,0.124013,0.0150179,-0.196868,0.0720073,2.26477,0.0574296,0.0371756,0.0637013,-0.00427827,-0.174941,0.0275065,-0.0622748,0.0329287,-0.11726,0.21648,0.0532879],[0.0804192,0.179814,0.0614354,-0.0314091,0.0797962,0.135567,0.00377377,-0.0243542,0.000489309,0.410541,-0.023216,-0.110655,0.0249834,1.75898,0.0304747,0.0093846,-0.10307,0.0048457,-0.0587322,0.000121238,0.0968061,-0.0130649,-0.249559,0.192379,0.0342816],[-0.0288117,-0.0585434,-0.0698411,0.00654943,-0.00904885,-0.0534024,-0.00337512,0.00650686,-5.40082e-05,-0.137507,0.00535803,0.0455486,-0.00651647,-0.409268,-0.0139606,-0.00747553,-0.0774979,-0.0049438,0.00296817,-0.00779538,-0.116869,0.0254987,-0.14367,-0.00320795,-0.00484117],[0.110236,0.139097,-0.0109812,0.00492434,0.00897672,-0.149376,-0.0880148,0.00371793,-0.0132226,0.260564,0.0117126,0.323899,0.0204279,-0.228042,0.0125404,-0.0029367,0.423388,-0.0152062,0.0274444,0.00933852,0.146032,0.00465748,0.171563,0.19194,-0.0380615],[0.0578087,0.00610972,0.130776,-0.0104036,0.220162,0.23123,0.0355878,0.0270149,-0.00292711,-0.0295579,0.0219421,-0.0484777,0.00202065,0.515456,-0.00731423,0.00326421,-0.228491,0.00430077,-0.0140657,0.009666,0.0103556,-0.0227429,-0.091893,0.022162,-0.0095122],[-0.00108994,-0.0528612,0.0509234,0.00453214,0.0941397,0.12248,0.0168193,0.00890008,-0.00229512,-0.0454418,0.00636341,0.0516519,-0.0121774,-0.135387,-0.0191475,-0.00717167,-0.13897,-0.00626099,0.00623823,-0.00886042,-0.0720242,-0.00797546,-0.145722,0.0260725,-0.00354066],[-0.0332371,-0.0970509,-0.161582,-0.0121184,-0.0860032,-0.177804,-0.00646846,0.0469975,0.0181649,0.741099,0.0353176,-0.0675623,0.0473487,-1.40091,0.0151625,0.0325348,-0.782499,-0.0382618,0.0520172,-0.0707884,-1.72235,-0.107543,-0.148236,-0.418913,0.0241621],[-0.000198488,-0.0188962,0.0743486,0.0225016,-0.0408193,-0.0138697,-0.0405026,0.0725082,-0.00180873,-0.0249449,0.0806929,-0.145263,0.00941503,0.438557,-0.0269886,0.00235592,-0.816528,-0.00931687,-0.0662253,0.00283578,-0.205476,0.123967,-0.363084,-0.0460391,0.191117],[0.0574528,0.0329966,0.100396,-0.0240771,0.0516616,0.0176176,0.0133958,0.0481571,0.0615987,-0.253403,0.0325925,-0.188996,0.0714321,0.717347,0.0261257,0.0354916,0.019863,-0.0270525,-0.0716006,0.0065817,-0.190128,-0.0615266,0.0928326,-0.186437,0.124682],[-0.00241639,0.0012884,0.00083444,-0.000686017,-0.00360595,0.00173018,0.00151917,-0.00165293,-0.000703258,0.381258,-0.00124502,-0.00607488,0.000928065,-0.770142,-0.000544511,0.00114881,0.122673,-5.42068e-05,-0.000349236,-9.54354e-05,-0.00346859,0.000521065,-0.00173683,0.00983136,0.0123156],[-0.0190932,-0.027506,0.116184,0.0182905,-0.0905207,-0.0159827,-0.0590287,0.0719965,-0.0184801,0.0159347,0.0905819,-0.104368,-0.000708705,0.73758,-0.0335751,0.00225948,-0.91718,-0.0140194,-0.0573648,0.0012718,-0.300241,0.10021,-0.159405,-0.0481952,0.245593],[-0.00791507,-0.0076515,0.0156464,0.00700433,-0.00999648,0.0173275,-0.00359926,-0.0060256,-0.00383725,-0.213136,-0.00753391,0.587088,-0.00492961,-0.0191868,-0.00613068,-0.00340622,0.35819,-0.00597164,-0.004299,-0.00234201,-0.0236098,0.061025,0.0196988,0.0877771,0.00656319],[-0.0100347,0.0746278,0.012869,-0.0313322,-0.101711,-0.0314375,-0.00762099,0.00852476,0.0185859,0.151357,0.00290884,-0.127143,0.05198,0.0419859,-0.000211076,0.0198849,-0.934208,-0.000317537,-0.0739064,0.00198236,0.0549575,-0.0721513,-0.205192,-0.12329,0.115702],[0.000873772,0.000778253,-0.00054369,-0.000333288,0.00185198,0.000893801,0.000392609,0.000461745,0.000160579,-0.0403865,0.00037147,-0.00358202,0.000428128,0.205473,0.000462546,0.000209027,-0.00296325,0.000177893,0.000800275,0.000143928,0.00112152,0.00297474,7.98444e-05,0.00206475,0.00243493],[0.0463004,0.0489355,-0.00863942,-0.0192073,0.0548185,0.0118758,-0.016815,0.0201831,0.0335038,-0.160299,0.0150803,-0.0393618,0.0423885,0.317411,0.0425388,0.0319663,0.94156,-0.020198,-0.0472628,-0.00107396,-0.0486424,0.0196692,0.177275,-0.169213,0.0975151],[0.00182005,0.0839286,-0.120693,-0.0100798,-0.144768,-0.147234,-0.0305009,-0.014311,0.0261841,-0.191763,-0.0183218,-0.035943,0.0490062,-0.221045,0.01614,0.0386836,-0.772196,-0.00754194,-0.0445775,-0.00718463,0.223726,-0.00517193,-0.0528848,-0.0721239,0.0478931],[0.00224339,0.000140655,0.00339404,-0.000217291,0.00767733,0.00679173,-0.000650357,0.001381,0.00075119,0.0712098,0.000880509,0.0170211,-0.000446401,-0.0202394,0.00177846,-0.000191078,0.365112,-0.000412329,-0.00359447,-0.000157603,-0.0148662,0.0198271,0.0119357,0.000933164,0.0138666],[-0.0299627,-0.0107321,-0.122188,-0.00204825,-0.107952,-0.0261304,-0.0078276,-0.0721766,-0.0503455,-2.17376,-0.0713588,-0.397217,0.0105376,2.85437,-0.0704642,-0.0316892,0.0204406,0.644295,-0.10396,-0.00301953,-0.125652,0.223815,0.146438,0.0851408,-0.333904],[-0.00562105,0.0162369,-0.0444791,0.00788336,-0.0590178,-0.0437472,-0.0489319,-0.0201868,-0.0030396,0.277571,-0.0160817,-0.20928,-0.00469651,1.24718,-0.00292916,-0.000621045,-0.27747,-0.0219822,0.482685,-0.00884589,0.0198776,0.0724191,0.0643974,0.132179,-0.0266023],[0.00872983,0.083195,-0.225999,-0.0161737,-0.0137919,-0.0906404,-0.137933,0.00362266,-0.0112019,0.0813733,0.00852698,0.134301,-0.0119681,-0.395384,-0.0144607,-0.0312974,-0.277531,0.00976265,-0.105865,-0.0797131,-0.705251,-0.0112507,-0.102247,-0.162652,0.0290968],[0.0109191,0.0179774,-0.0218374,0.00150432,0.0044281,-0.00498006,0.0114442,-0.0050789,0.00330123,-0.0175918,-0.00544505,0.00236691,0.00246302,0.277089,0.00624026,0.00448922,-0.0986595,-0.00166441,0.00266717,0.00139144,0.0211652,-0.0149449,0.0159084,-0.0142628,0.00365497],[0.00150361,-2.97276e-05,0.0152544,-0.00105778,0.0084034,0.00418223,0.00270594,0.00334332,-0.000281054,0.0269564,0.00358364,0.0270225,0.000982292,0.322031,0.000103389,0.000364502,0.363982,0.00406416,0.0121091,0.00158842,0.00306774,0.659875,-0.041745,-0.0153611,-0.010606],[0.0305445,0.0225036,5.57474e-05,0.00599022,0.062707,0.022823,-0.00345466,0.0042952,0.000346149,-0.169946,0.00472402,0.0265594,-0.00835944,0.841357,0.00891364,-0.00813592,0.615138,0.00152611,-0.00885804,0.00263409,-0.0219866,-0.000451462,0.0676382,0.0395484,0.0199695],[0.0308973,0.0283671,-0.0149818,-0.0162374,0.0621685,0.0298225,0.035121,0.000620436,0.0119978,0.157679,-0.000261849,0.034174,0.0148349,1.56333,0.0132507,0.00551454,-0.052387,-0.0010858,0.00188217,0.0126444,0.250162,0.00398649,-0.0275646,0.147902,0.0193143],[0.0177621,0.0198731,-0.0204658,0.0102231,0.0103382,-0.0253205,-0.0159214,0.0155862,-0.00523603,0.241717,0.0216268,-0.00980204,0.000943789,0.545581,-0.000792706,-0.00345237,1.29531,-0.0115541,-0.0110098,0.00128217,0.044881,-0.0474073,-0.103775,0.0382893,0.306895],[0.00588088,0.0587257,0.0359354,-0.0313942,-0.0365635,0.00649556,-0.00513204,-0.00179615,0.00972537,0.191201,-0.00800485,-0.0875504,0.042331,-0.783154,-0.00113187,0.0215855,-0.570952,0.000337067,-0.0739243,0.00679619,0.0160511,-0.00466915,-0.223678,-0.0139884,-0.000850278],[-0.00441479,0.0028749,0.0441849,-0.0145335,0.0137361,0.0447067,0.0119484,-0.00177586,0.0103608,0.0933826,-0.00379472,-0.077347,0.0166547,0.125837,0.00817703,0.00780066,-0.140841,-0.00458609,-0.0337936,0.00355773,0.000929485,0.00980355,-0.0705066,0.027883,0.0213306],[0.000126812,-0.0102392,0.0297416,-0.000250908,0.0168427,0.0218844,0.00922248,0.0036064,0.00114891,-0.0165091,0.00149862,-0.0165022,-0.0010381,-0.0594307,-0.0029161,-0.00118988,-0.0124544,-0.00231117,-0.00445792,0.00363847,-0.0185137,0.00294465,-0.00650836,-0.000873227,-0.000306663],[0.0157017,0.0667217,-0.0573727,-0.00163947,-0.0366411,-0.0369472,-0.0359671,-0.00752975,-0.0196615,0.29552,-0.00142131,0.183295,-0.0103312,-1.15189,-0.0154545,-0.00600322,-0.351164,0.0124715,0.0196272,-0.00123838,0.0365445,-0.0559532,-0.118043,-0.0581338,-0.0656764],[0.00117112,0.00766795,-0.0147224,-0.00421461,-0.0159079,-0.0076497,0.00553814,0.00263391,0.00111444,0.0249492,0.000493708,-0.0125726,0.00854767,-0.0743123,-0.00325958,0.00689948,-0.16357,0.00145895,-0.00878281,0.00150679,0.0298424,0.00818771,-0.0521506,0.0101893,-0.00284043],[0.00123176,-0.00442121,0.0273942,0.000403634,0.00282371,0.0179839,0.0116952,0.000952201,0.00363006,0.0278645,-0.00123985,-0.0120629,0.00133957,-0.109161,-0.000760111,0.00405597,-0.0583829,-0.00308349,-0.00438397,0.00243718,0.00253513,-0.0109052,-0.015745,0.0187397,-0.00322589],[-0.0160329,-0.0151005,0.0776808,0.00182908,-0.0722425,-0.0518759,0.0173575,0.0140751,0.00723922,0.135148,0.0100251,-0.090931,0.030606,-1.05886,0.00594859,0.0227418,-0.625135,-0.00965549,0.0302716,0.0159375,-0.0190943,0.00898795,-0.155393,-0.0486468,-0.00663792],[-0.00918415,-0.00537676,-0.0143535,0.00791099,-0.0496149,-0.0594008,-0.00623372,0.00403822,-0.00495668,0.0119219,0.00558578,-0.0299794,0.00288418,-0.00648213,-0.00648516,0.00716458,-0.286847,0.000938784,-0.00801749,0.0017151,0.0907792,0.057294,-0.063462,0.01361,0.0378797],[0.0101288,0.0123918,0.0234641,0.000807004,0.0124692,0.00283484,0.00120692,0.00474872,-0.000700073,-0.0800704,0.00546457,-0.0264263,0.00284582,0.181058,-0.00365946,-0.00650401,-0.0419901,-0.00429111,-0.00500233,0.000978345,-0.0881824,0.0134092,0.00915678,-0.0192367,-0.00123644],[-0.000189494,-0.000539543,0.000421723,-3.97805e-05,-0.000105345,5.71458e-06,0.000586115,5.00416e-05,5.29134e-05,0.0708587,7.61488e-05,-0.000904898,-1.96116e-05,-0.172536,-5.18242e-05,-0.000194358,0.0426866,-3.90127e-05,-0.000435407,-2.57521e-05,-0.00159744,-0.00221339,0.00302116,0.0027115,0.00340541],[-0.00350152,0.00828554,-0.0235253,0.00273111,-0.0549039,-0.0589197,-0.0140669,0.00147179,-0.00865198,-0.000251867,0.0030736,-0.0649272,0.000783616,-0.0349532,-0.00445629,0.00573715,-0.0937364,-0.0004704,-0.0196847,0.00376934,0.0817642,-0.00723637,-0.0222898,0.00472006,0.0387124],[-0.00228576,-0.00326231,0.0014234,0.00103033,-0.00287022,0.000167692,0.00016643,-0.00106935,0.000360496,-0.0520042,-0.00128585,0.126624,0.00059954,0.0924603,-0.000675814,-5.655e-05,0.0330295,-0.00329637,0.00353609,-0.00128838,0.0195625,0.0116931,-0.000234342,0.036032,0.00745491],[-0.00094103,0.0146054,0.0177944,-0.0072445,-0.0135906,-0.00163019,0.00621662,0.00255194,-0.00229618,0.00703557,0.00211338,-0.0409026,-0.00041,0.185146,-0.00466245,-0.00211375,-0.166341,-0.00516107,-0.00798533,0.0010563,0.00826533,0.00644374,-0.0156233,-0.0240046,0.0286949],[1.63681e-05,0.000121686,-0.000158808,-6.81703e-05,-6.79824e-05,-0.000109062,0.000100864,3.01621e-05,5.01797e-05,-0.00739458,3.22377e-05,-0.000778124,0.000138424,0.0405941,6.87357e-05,0.000127946,-0.00418014,1.80713e-05,9.90926e-05,4.0138e-05,0.00117773,0.000703069,-0.000483063,0.00030631,0.000559048],[0.0117661,0.0307188,0.0105672,-0.00891485,0.00502023,0.00914612,-0.00509039,0.00422117,0.000777409,-0.0631876,0.00396623,0.00185007,0.00758375,0.0265047,0.000395624,0.00108099,0.126441,-0.00317644,-0.0261134,0.00397101,-0.0414154,0.00807609,0.0251454,-0.0273018,0.0253204],[0.0072816,0.0214345,0.00857696,-0.00378176,-0.0147314,-0.0132915,0.000212593,0.00409166,0.00110371,-0.182673,0.00352582,-0.0408573,0.00747499,0.233795,0.000691551,0.000354246,-0.0560477,-0.00384365,-0.011643,0.00236506,0.00080098,-0.0226903,0.0177433,-0.0308531,0.0286024],[7.61333e-05,4.57024e-05,-6.31735e-05,-3.60772e-05,0.00048645,0.000466309,-0.000188222,0.000141892,0.00012425,0.0225018,2.16474e-05,0.00364433,0.00017649,-0.0267864,5.2532e-05,0.000122634,0.0671107,5.28408e-06,-0.00117389,-2.38041e-05,-0.00263104,0.00468384,0.000513589,0.000582914,0.00213005],[0.0193871,0.0436475,0.0916556,0.00422596,0.0133906,0.0485164,0.0330735,-0.0066758,0.00593124,-0.43046,-0.00285199,-0.0640384,-0.01808,-1.1047,0.00974832,-0.00359127,1.52343,0.109114,-0.0236901,0.00187094,-0.205946,0.103026,0.0167861,0.0706738,-0.0776238],[0.0130618,0.0294704,-0.00530216,0.000233066,0.0154222,0.0246389,-0.011922,-0.00545734,0.000122012,0.196599,-0.00495717,-0.0367682,-0.00764115,0.645445,-0.00404462,-0.00491004,0.0943833,-0.00102757,0.0928734,-0.00337354,-0.0376723,-0.00419663,0.0416619,0.063056,-0.00253911],[0.00162439,0.00226061,0.0481465,-0.0082822,0.00129402,0.0312484,0.0259923,0.00672174,-0.00115773,0.126188,0.00446336,-0.064835,0.00937677,-0.12954,-0.000303472,0.0105348,-0.321384,0.0049036,-0.00656324,0.0165635,-0.00409239,-0.0191642,-0.0739455,-0.065183,0.014998],[0.00393389,0.00738901,5.37412e-05,-0.000667489,-0.000922556,0.000399527,0.00198457,-0.000121304,7.72549e-05,-0.0139195,-0.000507246,-0.00287027,0.00161298,0.0344122,0.000849824,0.00071203,-0.063735,-1.88479e-05,0.00164081,0.000671801,-0.0374965,-0.00760474,-0.00138165,-0.00911048,6.02601e-05],[-0.00168949,-0.000840679,-0.0137064,0.000586755,-0.00561849,-0.00976849,0.00062666,-0.000648725,0.000141694,-0.00753172,-0.000190399,0.000840993,-0.000729287,0.0541156,-1.23436e-05,0.000335209,0.0461675,0.00295665,0.00475495,-0.000193494,-1.02421e-05,0.148621,-0.0143402,-0.00312928,-0.00549324],[0.00643745,0.00597724,-0.00668624,0.00140878,0.0151862,0.00543305,-0.00383796,0.000901896,-0.00052677,-0.00965081,0.000891855,0.0144705,0.000386306,0.08741,0.00151248,-0.000225086,0.170819,0.00108936,-0.00138165,-0.000151571,-0.00674195,-0.00507345,0.0202029,0.014122,0.0177102],[0.00662523,0.00886351,-0.000715393,-0.00300271,0.00997854,0.00393912,0.0109654,0.00270969,0.00222628,0.0866072,0.00140789,0.0187447,0.0034496,0.208977,0.000977565,0.0022318,-0.147513,0.000330896,-0.00136991,0.00223866,-0.0420503,0.000145276,0.0193644,0.00146711,0.00712904],[0.00272326,0.00818294,-0.00646696,-0.00686607,-0.0137372,-0.0140797,0.00321548,0.0020028,0.0012087,0.059943,0.00392615,0.00516621,-0.000923494,-0.0140611,0.00394112,0.00101706,0.285312,-0.00387393,-0.00772114,0.000805104,0.0059461,-0.00595955,0.00763255,0.0237462,0.059693],[-0.00478439,0.0200924,0.0264036,-0.0143019,-0.0255536,0.00366605,0.00224304,0.000307328,0.00476224,0.0255752,-0.00400543,-0.0491725,0.0148243,-0.180688,-0.00219369,0.00745912,-0.299534,-0.00116491,-0.0453028,0.00269257,-0.018497,0.00956999,-0.0842697,-0.0111335,0.00424155],[-0.00191731,0.0112379,0.0218113,-0.0122297,0.00610065,0.0189028,0.00832928,-2.95368e-05,0.00480739,0.0168224,-0.00121018,-0.0440837,0.00687969,0.0716377,0.00133836,0.00241486,-0.0731946,-0.00370619,-0.029049,0.00214774,-0.00936452,0.0138644,-0.0378283,-0.000607341,0.00877051],[-0.00615892,-0.0075024,-0.00680762,0.00268746,-0.0128105,-0.0118956,-0.00160152,0.00106847,-0.00109063,-0.0299096,0.000520553,0.00170339,-0.000623636,-0.00419807,-0.00210767,-0.00086493,-0.0386821,0.000379483,0.00159894,-0.000987448,-0.00164735,0.0079688,-0.0247754,-0.0029957,0.000658241],[0.000583624,0.0103183,0.00480885,-0.00577469,0.0130315,0.0389502,-0.0124341,-0.0068078,-0.00744927,0.0967928,-0.00444157,0.0709361,-0.00513488,-0.398102,-0.00956893,-0.00551177,-0.190363,0.00198405,-0.00172155,4.39515e-05,-0.0491196,-0.0221174,0.0382492,0.010897,-0.0102399],[-0.000562458,0.00519289,0.0136781,-0.00125869,-0.0189599,-0.0075382,-0.00263585,0.000906109,0.000833199,-0.00525271,-0.00049931,-0.00539865,0.00468482,-0.0355124,-0.000779309,0.00309957,-0.0859237,0.000932513,-0.00873929,0.000225058,-0.00430342,-0.0188211,-0.029174,-0.00187754,-0.00331765],[-0.00426352,-0.00529079,0.00240549,0.00125766,-0.0170124,-0.0142284,0.000665872,0.000888372,0.000513881,-0.0163044,-0.000218203,0.000301938,-6.88913e-05,-0.0557562,-0.00156616,-2.99497e-05,-0.0175201,-0.00107785,-0.000124401,-0.000566283,0.00520206,0.00348854,-0.0127526,-0.00407343,-0.00505918],[-0.0159739,-0.0153863,-0.00045484,-0.00348255,-0.0395756,-0.0435366,-0.0199323,0.00438166,0.000999823,-0.0366053,0.00486484,0.00607778,0.000630146,-0.295193,-0.00314659,-0.00107756,-0.0944027,-0.000387275,0.00254973,-0.00840288,-0.00719422,-0.0292644,-0.0248708,-0.00428836,-0.0141317],[-6.91019e-05,0.00883174,-0.0064369,-0.00194479,-0.0159702,-0.0159217,-0.00472392,0.00076701,-0.0020099,-0.0476404,0.000230388,-0.0169283,9.86965e-05,-0.0251279,-0.00266605,0.000176832,-0.13468,0.00188997,-0.0163107,0.000399331,0.0165031,-0.013419,-0.018753,-0.0152795,-0.00272554],[0.0021343,0.000968516,-0.0233838,0.00212915,0.0067509,-0.0151193,0.00193266,0.00191137,-0.0050231,-0.0100823,0.00284457,-0.0310832,-0.00406447,0.323999,-0.00349464,-0.00675886,-0.0615863,0.000998967,0.00722742,1.68634e-05,0.0416411,0.0204332,0.0188453,0.0203992,0.0211104],[-0.000118828,-0.000783051,0.000359553,0.000187146,-4.72686e-06,0.000115634,0.000195083,0.000173492,0.000106048,0.0274312,0.000192228,0.00124885,-9.62207e-05,-0.0882617,-3.33581e-05,-0.000228551,0.016929,6.89641e-05,-0.000126865,1.00694e-05,-0.00250219,-0.000377717,0.00178877,0.000657067,0.00124879],[-0.000875666,0.00322729,-0.0169305,0.00431737,-0.0118894,-0.0198946,-0.00665928,-0.00435585,-0.00559566,-0.0287003,-0.00450691,0.00784524,-0.00351347,-0.147583,-0.00494842,-0.000459508,-0.0537844,0.00697217,-0.00167259,-0.000332196,0.0598962,0.0254313,-0.0360974,0.00382414,-0.0069121],[-0.000752431,-0.000559276,0.00172169,0.000312616,-0.00216038,-0.00161645,0.0022141,0.000420978,0.000659285,-0.0233319,0.000146288,0.0435484,0.0010266,0.11744,-0.000199143,0.000149097,-0.00599092,-0.00147331,0.0035187,0.000193804,0.00534337,0.00451882,0.000855366,0.0137329,0.00543249],[-0.000259608,-0.00107904,-0.00155781,0.00317697,-0.00315415,-0.00431427,0.00445868,0.00146621,-0.0012976,-0.0148357,0.00240505,-0.0194664,-0.00287338,0.175031,-0.000574643,-0.00309236,-0.0872047,-0.00214653,0.0103354,3.86551e-05,0.0046509,0.00502717,-0.00265971,0.0139689,0.0149677],[-1.60486e-05,0.000112459,0.000115939,-0.000107279,-1.90844e-05,8.40892e-05,-3.63474e-06,2.58046e-06,1.57493e-05,-0.00355941,7.53328e-06,-0.000376646,4.10547e-05,0.014927,2.12531e-05,4.04858e-05,-0.0023788,2.30234e-05,-6.09341e-05,1.2662e-05,0.000238729,0.000284615,-0.000223472,1.86523e-05,0.000298921],[0.000199076,0.00862446,-0.00229997,-0.00379052,0.00376082,0.00368278,-0.00442405,0.00091507,-0.00171971,-0.0390748,0.00115395,-0.00776904,-0.000431139,0.185691,-0.000870007,-0.00244669,0.028148,-0.00199373,-0.0128278,-0.00053509,0.00348424,-0.002082,0.000898634,-0.000818769,0.0151331],[-0.000115736,-0.00260816,-0.00124953,0.00354865,-0.00304289,-0.00298277,0.00320879,0.00252941,8.00398e-05,-0.0587609,0.00333556,-0.00565452,-0.00300236,0.154219,-7.21648e-06,-0.0037838,-0.0343563,-0.00218818,-0.00303145,0.000110657,-4.51845e-05,-0.0158816,0.00586871,-0.000980466,0.0141653],[6.77832e-05,9.5524e-05,-0.000128118,-4.66046e-05,0.000250435,5.40811e-05,-9.52496e-05,3.23471e-07,3.0907e-05,0.0111971,-6.67153e-05,0.00158434,0.000191809,-0.0126026,7.62307e-05,0.000174503,0.0243318,5.46255e-06,-0.000620337,-1.81667e-05,9.80208e-05,0.00214956,-0.000149904,0.000260774,0.00115767],[0.00474891,0.0112799,0.038787,-0.00115412,-0.0290779,-0.00211108,0.00334793,0.00447918,0.0014143,-0.145243,0.00269384,-0.0128101,-0.00731974,-1.23992,0.0160181,0.00496817,1.05315,-0.00857647,-0.0198987,-0.00709445,-0.268429,0.145849,0.0969037,-0.0506548,-0.0423456],[0.00551224,0.00580165,0.0128646,-0.00168066,0.0144482,0.0262055,-0.00101689,-0.00248384,0.000546221,0.107501,-0.00287589,-0.0390877,-0.00257533,0.476679,-6.17632e-05,-0.00206176,0.076376,0.0023488,0.0326658,-0.00117897,-0.0297349,0.00526721,0.0508028,0.0528801,0.00317159],[-0.0102544,-0.0130892,-0.0330368,0.00397646,-0.0196295,-0.0281752,-0.0126848,-0.00536091,-0.00308489,0.0574662,-0.00380281,0.00637612,-0.0023936,-0.0455941,-0.00303284,-0.00270261,0.0320715,0.000337824,0.01121,-0.0091241,0.0325778,0.0305776,-0.00473358,0.0344344,0.0132416],[0.000713804,0.000697192,-0.0023247,-0.000173895,0.000137406,-0.00051605,-0.00299525,-0.000214036,0.00043555,0.0058567,-5.00218e-05,-0.00030637,0.00112329,-0.0429482,0.000558389,0.000724117,-0.0357521,-0.000551491,0.00118974,-0.000952918,-0.00409762,-0.00192454,-0.00532166,0.00424478,7.01358e-05],[-0.00133976,-0.00175716,-0.00407609,0.000715735,-0.00429312,-0.00374051,-0.000899854,-0.00032766,0.000183602,-0.00741329,-2.20774e-06,-0.000373944,-0.000228632,0.00954248,-0.000127415,-0.000205393,0.0281968,0.000960869,0.00415293,-0.00046462,0.0035279,0.0650489,-0.00142867,-0.000884378,-0.00102501],[0.00262495,0.00295423,0.000475878,-0.000883096,0.0037551,0.00244568,-0.00128245,-2.57207e-05,4.82488e-05,0.0155944,-0.000163433,0.00375208,0.000127895,0.0219316,0.000614944,0.000243124,0.0577221,0.00105748,-0.00227768,-6.5784e-05,0.00237336,-0.00657149,0.00834301,-0.000323464,-0.00870741],[-0.000273546,0.00285707,-0.00254382,-0.00294562,-0.00277791,-0.00255047,-0.00124707,0.00114136,0.000420633,0.0480949,0.000842079,0.00260326,0.00153847,0.0676044,-0.000326579,0.000941374,-0.0887665,0.000414527,-0.00295901,-0.00101208,-0.0342325,-0.00339649,0.0106357,0.0126929,0.00640552],[-0.0002773,0.00162332,-0.0122926,-0.00283554,-0.0138134,-0.0189991,-0.00166298,-0.00148396,-0.000925499,-0.0187707,-0.000236218,0.00069254,-0.00150191,-0.196547,-0.0005244,-0.000191733,0.0255068,0.000184569,-0.00446802,0.000541277,0.0183794,-0.0109364,-0.00347409,-0.0143,0.00415622]],"sigmahat":[[0.280949,0.279293,0.446256,-0.075064,0.689627,0.700806,0.0369589,0.0618118,0.0229112,-0.0334973,0.0399259,0.465403,0.0283838,4.88671,0.0258702,-0.00274198,3.18274,0.0175641,-0.222229,0.0215785,-0.326931,0.96508,-0.117937,0.263705,0.125375],[0.279293,0.644025,0.47025,-0.21291,0.388135,0.608603,-0.0424011,-0.00211692,0.0127842,0.683479,-0.0161624,0.118471,0.0827052,2.81553,0.0209457,0.0192652,0.6212,0.00111957,-0.442998,0.0272981,-0.513265,0.0229139,-0.427067,0.0458479,0.0810522],[0.446256,0.47025,2.29377,-0.216909,1.05438,1.75573,0.193652,0.161943,0.074958,0.276079,0.115455,-0.0395032,0.0950327,5.845,0.0467427,0.0340091,1.84738,-0.0826746,-0.652686,0.0934822,-0.853297,-0.695023,-0.385496,0.292156,0.43889],[-0.075064,-0.21291,-0.216909,0.154778,-0.118205,-0.235839,-0.0154966,-0.0139327,-0.0231357,-0.222002,-0.00436209,0.52235,-0.0594613,-0.59081,-0.0220971,-0.0308569,1.74999,0.054136,0.313197,-0.0141694,0.205606,1.56915,0.185979,0.131806,-0.111105],[0.689627,0.388135,1.05438,-0.118205,2.31813,2.15363,0.177658,0.204504,0.0470216,0.309611,0.144233,1.03058,0.0187507,14.6902,0.0684586,-0.0305584,8.77943,0.0102333,-0.408628,0.0471707,-0.517106,1.82915,-0.0165797,0.96197,0.683229],[0.700806,0.608603,1.75573,-0.235839,2.15363,2.61014,0.22423,0.194725,0.0641078,1.01062,0.128394,0.711974,0.0844319,13.5521,0.0713335,0.0109227,6.02516,-0.0131981,-0.615215,0.0781907,-0.891591,0.465973,-0.326227,0.915155,0.797529],[0.0369589,-0.0424011,0.193652,-0.0154966,0.177658,0.22423,0.218478,0.0309954,0.0306885,0.209211,0.0150731,-0.0109131,0.0349438,3.01385,0.0227557,0.0276033,0.634664,0.0313733,-0.0750626,0.0466523,0.27794,0.972385,-0.239977,0.152983,0.056619],[0.0618118,-0.00211692,0.161943,-0.0139327,0.204504,0.194725,0.0309954,0.0886162,0.0218656,0.0860592,0.0748361,-0.0342161,0.0313551,1.91937,0.00910007,0.0118941,0.678256,-0.0456464,-0.163792,0.0101085,-0.248393,0.122746,-0.171986,0.00617476,0.298412],[0.0229112,0.0127842,0.074958,-0.0231357,0.0470216,0.0641078,0.0306885,0.0218656,0.0514631,0.0339152,0.0103214,-0.0597418,0.0425654,1.67265,0.039329,0.035048,-0.0643424,-0.0221412,-0.0751832,0.00743982,-0.00388614,-0.0278474,-0.0796203,0.0541824,0.0847306],[-0.0334973,0.683479,0.276079,-0.222002,0.309611,1.01062,0.209211,0.0860592,0.0339152,175.338,0.18178,3.88105,0.44519,-417.726,0.143106,0.563722,20.0178,-7.07025,-5.0934,-0.0313239,3.27206,-104.575,1.67434,3.24625,14.585],[0.0399259,-0.0161624,0.115455,-0.00436209,0.144233,0.128394,0.0150731,0.0748361,0.0103214,0.18178,0.0715344,-0.0741163,0.0160308,0.916425,0.0014232,0.00345473,0.528833,-0.0475206,-0.122462,0.00652504,-0.200152,0.0226032,-0.165304,-0.0244596,0.26834],[0.465403,0.118471,-0.0395032,0.52235,1.03058,0.711974,-0.0109131,-0.0342161,-0.0597418,3.88105,-0.0741163,40.0128,-0.201668,78.0516,0.0464592,-0.108088,140.327,1.59453,4.40744,-0.0739,-0.819183,102.783,-0.425177,7.8307,1.64614],[0.0283838,0.0827052,0.0950327,-0.0594613,0.0187507,0.0844319,0.0349438,0.0313551,0.0425654,0.44519,0.0160308,-0.201668,0.101976,0.570078,0.0263819,0.064105,-1.83268,-0.0289456,-0.211389,0.015245,-0.0614626,-0.335984,-0.434506,-0.00386297,0.156309],[4.88671,2.81553,5.845,-0.59081,14.6902,13.5521,3.01385,1.91937,1.67265,-417.726,0.916425,78.0516,0.570078,2278.76,1.7344,-0.542951,901.553,47.6462,54.2593,0.630493,-32.317,1228.6,-36.3875,32.3025,-37.0464],[0.0258702,0.0209457,0.0467427,-0.0220971,0.0684586,0.0713335,0.0227557,0.00910007,0.039329,0.143106,0.0014232,0.0464592,0.0263819,1.7344,0.0545336,0.0277746,1.2429,-0.00889936,-0.0472343,0.00705295,-0.0367018,0.258994,0.0566945,0.0532362,0.0566694],[-0.00274198,0.0192652,0.0340091,-0.0308569,-0.0305584,0.0109227,0.0276033,0.0118941,0.035048,0.563722,0.00345473,-0.108088,0.064105,-0.542951,0.0277746,0.0672581,-1.18165,-0.0193677,-0.106106,0.00855271,0.0767693,-0.042736,-0.278018,-0.0306368,0.077432],[3.18274,0.6212,1.84738,1.74999,8.77943,6.02516,0.634664,0.678256,-0.0643424,20.0178,0.528833,140.327,-1.83268,901.553,1.2429,-1.18165,1453.87,39.0679,47.5394,-0.27275,-38.0906,1199.76,-16.113,28.1452,-11.9527],[0.0175641,0.00111957,-0.0826746,0.054136,0.0102333,-0.0131981,0.0313733,-0.0456464,-0.0221412,-7.07025,-0.0475206,1.59453,-0.0289456,47.6462,-0.00889936,-0.0193677,39.0679,2.15908,1.94717,-0.00711678,-1.54314,47.5785,-1.17752,0.394929,-1.88181],[-0.222229,-0.442998,-0.652686,0.313197,-0.408628,-0.615215,-0.0750626,-0.163792,-0.0751832,-5.0934,-0.122462,4.40744,-0.211389,54.2593,-0.0472343,-0.106106,47.5394,1.94717,4.42015,-0.0607492,-0.757723,56.5717,-0.505104,1.32711,-2.17712],[0.0215785,0.0272981,0.0934822,-0.0141694,0.0471707,0.0781907,0.0466523,0.0101085,0.00743982,-0.0313239,0.00652504,-0.0739,0.015245,0.630493,0.00705295,0.00855271,-0.27275,-0.00711678,-0.0607492,0.0300394,0.190259,-0.193194,-0.0711148,0.0272923,0.0368967],[-0.326931,-0.513265,-0.853297,0.205606,-0.517106,-0.891591,0.27794,-0.248393,-0.00388614,3.27206,-0.200152,-0.819183,-0.0614626,-32.317,-0.0367018,0.0767693,-38.0906,-1.54314,-0.757723,0.190259,13.343,-35.5279,0.971265,1.52801,0.798671],[0.96508,0.0229139,-0.695023,1.56915,1.82915,0.465973,0.972385,0.122746,-0.0278474,-104.575,0.0226032,102.783,-0.335984,1228.6,0.258994,-0.042736,1199.76,47.5785,56.5717,-0.193194,-35.5279,1349.45,-37.5646,21.6295,-33.4309],[-0.117937,-0.427067,-0.385496,0.185979,-0.0165797,-0.326227,-0.239977,-0.171986,-0.0796203,1.67434,-0.165304,-0.425177,-0.434506,-36.3875,0.0566945,-0.278018,-16.113,-1.17752,-0.505104,-0.0711148,0.971265,-37.5646,7.9475,-0.366445,0.214386],[0.263705,0.0458479,0.292156,0.131806,0.96197,0.915155,0.152983,0.00617476,0.0541824,3.24625,-0.0244596,7.8307,-0.00386297,32.3025,0.0532362,-0.0306368,28.1452,0.394929,1.32711,0.0272923,1.52801,21.6295,-0.366445,4.48444,0.836706],[0.125375,0.0810522,0.43889,-0.111105,0.683229,0.797529,0.056619,0.298412,0.0847306,14.585,0.26834,1.64614,0.156309,-37.0464,0.0566694,0.077432,-11.9527,-1.88181,-2.17712,0.0368967,0.798671,-33.4309,0.214386,0.836706,4.74071]],"n":25,"lags":3}