{"betahat":[[1.6339,0.366981,-10.8371,1.70001,5.57164,-2.86756,4.34031,-0.80905,0.693796,-4.5204,-1.21981,-0.0755162,1.23634,171.311,2.28728,0.831688,23.0221,34.767,28.6779,2.65287,13.619,8.34283,6.37557,5.61619,-0.59166],[1.04029,0.0473812,0.256872,0.0331272,0.137302,0.181603,0.0429117,0.00245756,-0.00922969,-0.454603,-0.0039006,-0.015509,-0.0141336,2.91353,0.0373347,-0.0208653,1.44913,-0.0410879,0.0746051,0.0172597,0.604292,0.219113,0.598414,0.235854,0.0268753],[0.0657927,0.952818,0.0526421,0.0324516,0.211586,0.257468,0.116977,-0.00322451,0.00771935,0.487496,0.00727068,-0.0718601,-0.00534813,3.39802,0.0889414,0.00807841,1.19297,0.00588412,0.24363,0.00503571,0.826019,0.122813,0.627408,0.348768,0.0796956],[-0.0400928,-0.0721469,0.555359,0.00672035,-0.0399389,-0.245251,-0.0126599,0.00554529,1.35593e-05,-0.114588,0.000819083,0.0146531,0.00925889,-0.507075,-0.00515541,0.000441924,-0.136093,0.0068846,-0.038929,-0.00404766,-0.0952806,0.0356,-0.0922682,-0.0258295,-0.00669154],[0.270032,0.427128,-0.0798978,0.798987,0.376696,0.165187,-0.0281991,0.0330807,-0.0108506,0.0734968,0.0388557,0.174096,-0.0064707,2.86606,-0.0514413,-0.100906,1.49798,-0.0050622,0.151287,-0.0225621,-0.317156,0.17792,0.626739,0.31949,0.01817],[-0.00430759,-0.0157135,0.103624,-0.0293389,0.958344,0.0896002,0.0218739,0.023551,-0.012432,-0.337264,0.0156724,-0.0212424,-0.00246489,0.517258,-0.0314778,-0.00801872,-0.0708478,-0.00659627,-0.00793843,0.0111725,0.0141361,-0.0463203,-0.129139,0.0619785,-0.0241242],[-0.00378617,-0.0136193,-0.159332,-0.00792284,-0.0441384,0.854473,0.00574202,-0.00375175,0.00217228,-0.199091,-0.00218197,0.0222825,0.00836304,-0.371844,-0.0125484,0.0144911,-0.286839,0.0254421,0.0332609,-0.0053772,0.015894,-0.00987191,-0.178895,0.0213425,0.00962181],[0.0622311,0.107305,-0.398804,0.0202308,-0.0902014,-0.289746,0.794353,0.0156522,-0.00512333,0.0726854,0.0207711,0.0659385,-0.0218502,-0.891216,-0.00896626,0.00839358,-0.0116287,0.0197472,0.0750279,-0.126288,-1.11974,-0.243816,0.0202574,-0.069616,0.0617808],[-0.137458,-0.166834,0.0356186,0.254712,-0.543954,-0.326569,0.0764391,1.05599,0.0528649,-1.51015,0.235499,-0.0678924,-0.0870955,0.290088,-0.0500709,-0.028887,-1.35821,-0.133047,-0.631573,0.0629631,-1.18586,0.233982,-1.35663,0.0486055,0.177864],[0.334294,0.0783285,0.357254,-0.191289,0.901756,0.342698,0.247984,0.156306,1.04045,-0.988983,0.0711468,-0.233905,0.265834,8.26266,0.0536224,0.0654317,1.48147,-0.286328,0.419947,0.138142,0.162083,-0.0593094,0.156219,0.332661,0.0727898],[-0.00503132,-0.00237337,0.0201912,-0.0107664,0.0350328,0.0534773,-0.00628329,-0.00449384,-0.00498231,1.23363,-0.000863158,0.0037078,0.00190445,-0.740411,-0.00510531,0.00670476,-0.184458,-0.0303297,0.0275172,0.000769713,-0.0475027,0.028327,0.00385155,-0.0301071,0.0505137],[0.134713,0.317868,0.422641,-0.0209304,-0.0216908,0.30291,-0.245103,0.0143031,-0.0205765,1.6889,0.966852,0.0768337,0.0527079,4.08332,0.0606513,0.0736943,-0.273209,0.137555,0.513601,-0.111098,-1.64581,-0.295074,1.02721,-0.413195,0.227006],[0.0201083,-0.026645,0.17144,0.0167728,0.0150123,0.167642,-0.0173315,-0.00824522,0.00216271,-0.461493,-0.0235309,1.14319,-0.0371318,-0.206055,-0.0316269,-0.0340628,-0.0582672,-0.004232,-0.00571493,0.0283994,-0.886996,-0.0267409,-0.0422678,-0.196759,0.00801743],[-0.484323,-0.373914,0.262747,-0.0115652,-0.911718,-0.199253,0.0552787,0.0294108,-0.0458588,-0.43295,0.0131568,-0.427411,0.783102,-1.31555,-0.199613,-0.158157,-1.62649,0.0525992,-0.282796,-0.000100397,-0.262699,0.265661,-0.623669,-0.00551483,0.19459],[-0.00104951,-0.00407623,-0.0107956,-0.00289756,0.0030085,0.00323579,-0.00488549,0.000476528,-0.0040732,0.034613,0.000486248,0.00225849,0.00342404,0.657943,-0.00281224,0.00196257,-0.0812628,-0.00171276,-0.000906595,0.000186497,-0.0124183,0.00687903,-0.0213321,-0.00243833,0.00796671],[0.255781,0.104975,0.707462,-0.0118349,0.690489,0.716621,-0.0690727,0.175009,0.0180037,0.38526,0.160714,0.196546,-0.0483231,-2.50331,1.0651,0.068693,2.48691,0.0786424,-0.222914,-0.0940324,0.190994,-0.0591198,1.44499,-0.463943,0.144439],[-0.103321,0.092284,-0.821013,0.231597,-0.817983,-0.847058,-0.185946,-0.148206,0.0850065,-0.243796,-0.0951354,0.0312706,0.063098,-4.92827,-0.0166859,0.896498,-3.25058,0.0507557,0.139842,-0.0500777,1.28038,-0.201346,-0.549885,-0.021058,-0.105061],[0.00859576,-0.0132841,0.0413042,0.000307257,0.0497431,0.0564209,-0.00152622,0.0108647,0.00884152,0.0301549,0.0116068,0.00299587,-0.000890381,-0.0121363,0.0073175,0.00149747,1.04469,-0.00115785,0.0120102,0.000917524,-0.0215437,0.0150426,0.0148243,0.00261513,0.0272188],[0.00681502,0.0359653,0.232037,-0.0610252,-0.233883,-0.0081703,0.175202,-0.0657041,-0.126864,-2.14582,-0.0383821,-0.161047,0.0850026,9.0648,-0.161258,-0.118,-3.41865,0.480772,-0.016211,0.0286552,1.84995,-0.332749,0.226333,0.204406,-0.0959747],[0.0241557,0.103883,-0.265324,0.0915527,-0.0739065,-0.0386681,-0.0358089,-0.011274,0.0126552,-0.332335,-0.0107941,0.0020777,-0.0227862,-2.05163,0.0298604,0.00588737,0.939177,-0.0533006,0.549636,-0.0174152,-0.0365579,-0.109583,-0.0629279,-0.0932848,0.00464011],[-0.00765173,-0.00767916,-0.523132,-0.0667654,0.354061,0.093219,-1.13582,0.0960363,-0.0458271,1.25309,0.0437308,0.862075,-0.00667775,-6.13371,-0.0120127,-0.0436847,0.560503,-0.0246559,-0.570445,0.33236,-3.64736,0.142926,-0.343811,-1.28308,0.0128809],[0.00217836,0.0127017,0.0605558,0.00562639,-0.0320542,0.0452066,0.0237532,-0.0118441,0.0112172,0.0265504,-0.0116397,0.0311424,0.00630451,0.386815,0.0104967,0.00480279,-0.0601545,-0.00486163,-0.0190968,-0.00135464,-0.134222,-0.0389463,0.0659852,-0.0652417,0.00097288],[0.071238,0.0371774,0.376661,0.0165189,0.17363,0.16784,0.0773905,0.0163659,0.00583947,0.688426,0.0188119,-0.0659361,0.047634,0.17605,0.0227141,0.0549347,-0.754707,-0.0643917,-0.0185337,0.0241999,0.254039,0.975144,0.0076005,0.0766099,-0.00492344],[0.0221021,0.0734386,0.0881401,0.0238912,0.0468341,0.0536947,0.0233372,-8.74686e-05,-0.003224,-0.0853711,0.000450865,-0.0220133,-0.00321476,0.745746,-0.00216123,-0.0047528,-0.145877,0.0357475,-0.065816,0.0163716,0.0644449,-0.0361184,0.485724,-0.114579,-0.0254843],[0.0233036,0.0262955,-0.121441,-0.0206601,0.11379,0.0438483,0.190815,0.020118,0.0509455,-0.182067,0.0129459,-0.0798679,0.019203,2.25195,0.0319746,0.00936553,0.123656,-0.0291759,0.0949338,0.0559497,0.817268,0.0483082,0.157709,0.576695,-0.00715384],[0.0574565,0.0496936,-0.0422961,0.0622299,-0.145194,-0.32548,-0.0744464,-0.0509463,-0.0432732,-0.779883,-0.0236247,-0.0332626,-0.0516891,-0.932424,-0.0408808,-0.0782947,0.844842,0.033485,-0.0501652,-0.0205469,0.212542,-0.0446884,-0.182178,0.0906251,0.418148],[-0.057254,-0.0631723,-0.214607,-0.0275195,-0.174894,-0.226088,-0.0132477,-0.0090565,0.0182179,0.404831,-0.0109157,-0.0177314,0.0431356,-3.36955,-0.0564639,0.0196096,-1.49613,0.00568918,0.0013053,-0.0127366,-0.188773,-0.0331242,-0.329206,-0.178455,-0.0346464],[-0.0669795,-0.0377473,0.0374031,0.0105858,-0.151665,-0.178738,-0.0392467,0.00996592,0.0064786,-0.203425,0.000328432,-0.0313371,0.0161989,-2.95038,-0.0555166,0.00188413,-0.745617,-0.0123793,-0.0905581,-0.00436805,-0.475786,0.0143101,-0.28477,-0.0861897,-0.0344128],[0.053307,0.0652967,0.375954,-0.0117908,0.0859115,0.230468,0.0190902,0.00323159,-0.000267348,0.0234986,0.00286217,-0.0172723,-0.00840885,0.506798,0.000814239,-0.00461141,0.192363,0.0016793,0.00224179,0.0103744,0.0291551,-0.0395896,0.125679,0.0305194,0.000526553],[-0.20362,-0.235037,-0.072153,0.104362,-0.332065,-0.0570492,-0.0313493,-0.0337528,-0.0578507,0.502879,-0.0180884,-0.0108185,-0.0512379,-3.5326,-0.0259184,0.0533292,-1.66134,0.0801602,-0.0425318,-0.0105072,-0.187254,-0.319231,-0.565749,-0.526813,-0.046433],[-0.00333518,0.00828199,-0.157228,0.010952,0.00314495,-0.0892303,0.00359069,-0.0166467,0.0147411,0.317712,-0.012669,0.00317859,0.00968482,-0.431692,0.0207907,0.0144889,-0.0320779,-0.00653689,0.021952,-0.0045019,0.0832633,0.081389,0.101569,-0.0276554,0.0112372],[0.0141532,0.0257288,0.133144,0.00696293,0.0540893,0.134648,0.00845317,-0.00158971,0.0038257,0.248579,-0.00394253,-0.0319598,-0.00441317,0.0872986,0.013736,0.000393763,0.116643,-0.0131718,-0.0107132,0.00883798,0.000580931,-0.00430428,0.13562,0.0217554,-0.00266492],[-0.0387642,-0.0711321,0.43063,0.0177153,0.0516646,0.255052,0.199477,0.000347739,0.0287917,0.0179425,-0.0108013,-0.162763,0.0566489,0.261477,0.0435128,0.0251765,0.0930878,-0.0140552,-0.040023,0.127145,0.766919,0.223731,0.0359397,0.169112,-0.0380426],[-0.122165,-0.0386646,-0.382348,-0.0559447,-0.325509,-0.585648,0.107565,-0.080566,0.00806878,-0.151135,-0.123755,0.0334015,0.14534,-2.63214,-0.00284689,0.125109,-0.748984,-0.120805,-0.223782,0.0549645,1.02155,0.0480092,0.145737,0.322419,0.155741],[-0.0543192,0.14006,-0.185428,0.00806602,-0.0978603,-0.22713,-0.0922412,-0.159742,-0.0977601,-0.120393,-0.0496409,-0.0660307,-0.169743,-3.76205,-0.0176505,-0.117985,-0.0510875,0.0146978,0.196869,-0.0392331,-0.89723,-0.462466,0.215688,-0.186989,-0.237036],[0.0121555,-0.00263963,-0.0169088,0.00566146,0.0138918,-0.0235135,0.00471712,0.0108148,0.00622272,-0.300299,0.00870897,-0.00127019,-0.00328284,0.327945,0.00656598,-0.00608923,0.307104,0.00168704,-0.00798384,0.00049616,0.0647422,-0.0136544,-0.00481236,0.0354668,-0.00821519],[0.04185,-0.0324307,-0.364639,-0.0411162,0.186588,0.0401976,0.0303143,-0.0736203,0.0283939,0.0761998,-0.155885,0.0835271,0.0294319,-0.142883,0.0586859,0.0662371,0.468227,-0.0189125,0.190239,-0.00175119,0.595055,-0.120959,0.161028,0.0290481,-0.0267044],[0.0195919,0.0416955,-0.0893564,-0.00834527,0.0911955,-0.0923441,-0.0107567,-0.0144847,-0.010062,0.357231,0.00112673,-0.0281348,-0.000725534,0.158392,0.000676794,-0.00295755,0.349036,-0.0148719,0.0123315,-0.0485393,0.716766,0.10898,0.0293471,0.253796,0.0114535],[0.138218,0.0906287,0.0981348,-0.0743965,0.359822,0.157856,-0.0154151,-0.0194569,-0.0535223,0.238531,0.00793873,0.0740771,-0.0643492,-0.102662,-0.0230592,0.0682107,-0.0859839,0.0940038,-0.0704412,0.00464673,0.570522,-0.330326,-0.433269,-0.431634,-0.0912505],[-0.000255449,-0.00264865,0.00425973,0.00264916,-0.00258619,-0.00479624,0.000372663,-0.000437341,0.00289816,0.0217656,-0.000168449,-0.00120431,2.46733e-05,0.0265357,0.00236286,0.000925543,0.0341782,0.000827585,0.00822965,-0.00044772,0.0284887,0.00038363,0.023052,-0.00584859,-0.00516734],[0.0173166,0.0951325,-0.021934,0.0623075,0.097875,0.204137,0.00655983,-0.00597456,-0.0586279,0.293782,-0.0385641,0.27591,-0.0118431,-1.11477,-0.103232,-0.0916538,-0.0939493,-0.124177,-0.0112092,0.0657599,-0.00425674,0.334832,-0.0873665,0.10994,-0.00911851],[0.191133,0.0693332,0.214511,-0.0503486,0.606112,0.365666,0.0505061,0.16258,-0.0761214,-0.342267,0.126104,-0.0225175,0.0387986,2.36601,-0.00868498,0.0161513,1.21352,-0.0991429,-0.0188574,0.0635305,0.271395,0.263498,0.811289,-0.142987,0.230277],[-0.0105336,0.00409991,-0.0502681,0.00290165,-0.0325022,-0.0455233,-0.00275742,-0.00865124,-0.00828662,0.0203466,-0.00843306,0.00139269,0.000488336,-0.095883,-0.0134558,-0.000951344,-0.141083,0.00127668,-0.000414494,-0.00120394,-0.000827166,0.00765688,-0.0190207,-0.0100475,-0.0123514],[0.20333,0.205585,0.558405,0.107404,0.744364,0.576601,0.0853098,0.0758827,0.185434,1.36467,0.0919348,0.0905274,-0.0847487,-6.88173,0.173307,0.0853978,5.29485,0.0888458,0.0756451,0.0430803,-0.42311,0.376854,-0.0341474,0.430803,0.177272],[0.044787,0.0867238,0.13843,-0.051556,0.0970435,0.0527882,0.0125122,-0.0178211,-0.00559601,0.288048,-0.0125728,0.108114,-0.0260222,1.24613,-0.0330018,-0.0312725,-0.58353,-0.0222357,-0.0666814,0.00332707,0.241994,0.0109206,-0.208876,0.137244,-0.0333028],[0.0434027,0.0176173,0.74108,0.0456829,-0.0774168,0.396725,0.56513,0.0192169,0.0920408,1.35464,-0.011445,-0.584383,0.162295,-3.41985,0.0918414,0.274883,-2.89641,0.0174928,-0.169279,0.399965,1.32199,0.0333187,0.157649,-0.0420558,0.0476372],[-0.0100362,-0.00117095,0.0114968,-0.00965429,-0.0395415,-0.0225142,-0.0187475,-0.00196391,-0.00270274,-0.0729642,2.01094e-05,-0.000130852,0.00406245,0.0549322,-0.00247214,-0.00429712,0.0220775,-0.00246949,-0.00637089,-0.00718623,-0.259172,-0.0423017,-0.0290084,-0.0500851,-0.00475826],[-0.043061,-0.000813661,-0.336454,-0.0103049,-0.095313,-0.133646,-0.0298273,0.000185735,-0.00469212,-0.447597,-0.00462495,0.0495959,-0.0425594,-0.486884,-0.0190089,-0.0338088,0.460111,0.0272206,0.00162106,-0.00782074,-0.293058,-0.00879077,0.0288925,-0.077059,-0.0327114],[-0.0194003,0.0360839,0.047854,-0.0315494,-0.0368037,0.0420123,0.00387492,-0.00852119,0.00758174,-0.0598949,-0.0110208,-0.00120756,0.0140192,-0.716558,-0.0093124,0.00157735,-0.241305,0.00699872,-0.0481257,0.00551521,0.0537472,-0.0428238,-0.141876,0.0710497,0.00857458],[-0.0163951,-0.0113327,0.031445,0.00185919,-0.0242309,-0.0174975,0.061496,0.0303378,0.00876602,0.112944,0.0121213,-0.0595633,0.0150869,-0.62553,-0.000154032,0.0127145,-0.309716,-0.00796669,0.00633775,-0.000638141,-0.0838417,0.0767867,-0.0263078,-0.0125134,0.041701],[-0.0718322,-0.0149174,0.129648,-0.0663912,-0.167151,0.0530642,0.0678253,-0.0116177,0.00314912,0.949634,-0.00898163,-0.00655743,-0.002578,-1.1391,0.00846099,0.0246242,-0.802226,-0.0288732,-0.0965712,-0.00209256,-0.112297,-0.0135647,-0.11346,0.148042,0.0911701],[0.0168286,0.0157121,-0.0422626,-0.00563763,0.0372549,0.0441267,-0.0295888,0.00655265,-0.00901634,0.0495179,0.0147914,0.0330929,-0.0289708,0.458081,0.0190985,0.00122634,0.0470186,0.0354669,-0.0760451,-0.00455326,-0.415173,-0.185903,-0.269226,-0.057133,0.00785191],[0.00103965,0.084681,-0.0893905,-0.043188,-0.0603235,-0.0787774,-0.0776628,-0.0067262,-0.0141586,-0.285747,-0.00759033,0.10312,-0.0108613,-0.443459,-0.0334648,-0.01002,-0.446339,0.0065498,-0.153306,-0.000687609,-0.350066,-0.137548,-0.342857,-0.26245,-0.0454131],[-0.0135876,0.00633762,0.0680146,0.0050321,-0.0463372,0.0143383,-0.0063028,-0.00872036,0.000284415,0.0884191,-0.0036426,0.00281017,-0.000852025,0.00650079,0.00428773,0.00403929,-0.0536663,-0.0087171,0.0365151,-0.00636939,0.0655275,0.00395728,-0.0341556,-0.00393857,0.00614318],[-0.0664104,-0.1921,0.152825,0.0965541,-0.0446121,-0.107908,0.0595281,0.000597628,0.0686489,-0.575971,-0.0208124,-0.16316,0.0575482,0.664455,0.0772721,0.0475073,0.163236,-0.0749624,-0.108184,0.0329735,0.504313,0.140975,-0.0607893,0.207238,0.0281258],[0.00727097,0.00710061,0.054276,0.0182352,0.0375661,-0.000878731,-0.0256091,-0.00696209,-0.00252722,0.0181061,-0.00302647,0.0180611,-0.00726006,-0.0857786,0.0103911,-0.00663969,0.101399,0.0135376,-0.0145758,-0.00677252,-0.0980459,-0.0355479,0.0275973,-0.0351245,0.0127161],[-0.0106316,-0.0125434,0.0263752,0.000831133,-0.0105502,0.0101432,-0.0143004,0.005305,-0.00614201,-0.0522042,0.0061113,0.00987936,-0.00405555,0.286825,-0.00144832,-0.0150935,0.170463,-0.0120376,-0.0229565,-0.00357358,-0.0166438,0.0137359,0.0436504,-0.0435538,-0.00709667],[-0.0245895,-0.0370134,-0.025724,-0.0388307,0.0344651,0.0339728,0.00495237,-0.0159939,-0.0237036,-0.0923099,-0.00956766,0.095958,-0.0360963,0.613011,-0.0342561,-0.0336513,-0.0744045,-0.000916518,-0.0310075,-0.00187669,0.342797,0.0134235,-0.0529556,-0.104847,-0.0251785],[0.0077729,-0.0526283,-0.388862,-0.00148049,0.196082,0.072822,0.0972194,-0.00855023,0.0251043,-0.459031,-0.00897129,-0.0248736,0.00187377,2.23041,0.0616628,-0.0513469,1.04185,0.0120315,0.0584721,0.00696157,0.559741,0.118,0.20226,0.259712,-0.0842242],[-0.0868687,-0.13271,-0.578362,0.0249851,-0.152885,-0.204333,0.0649531,-0.00291395,-0.0842218,0.389693,-0.0210551,-0.101621,-0.148497,3.23377,-0.0583897,-0.0847941,1.68104,0.0570439,0.190339,-0.00843174,0.637193,0.418797,0.996434,-0.0486353,0.319408],[-0.00400578,-0.00655651,0.00467397,0.00123717,-0.0246423,-0.0150122,-0.000375439,0.00115508,-0.000532233,0.0178125,0.000305295,0.00612034,0.00289179,-0.115648,0.00100082,0.00149389,-0.0858961,0.019004,-0.0128243,0.00154491,-0.0263444,-0.0185856,0.00457823,-0.0224582,-0.00367633],[-0.00586715,-0.018807,-0.126455,0.015828,0.107272,0.0554677,0.00746407,-0.0471188,0.0442488,-0.459718,-0.06216,-0.0365809,-0.0120155,-1.48666,0.00999566,0.0313211,0.00514574,0.156998,0.119268,-0.00111995,0.356742,-0.0308751,-0.260415,-0.0206105,-0.212024],[-0.0406628,-0.0160157,-0.0814497,-0.00836436,-0.107143,-0.0765762,0.0311119,0.0225447,0.00897232,0.0890423,0.0221618,-0.115026,0.0382395,0.100553,0.0312046,0.0364463,-0.272114,0.0166599,-0.00261921,0.0202563,0.177311,-0.081171,0.00756251,-0.0444765,-0.0205385],[-0.00479507,-0.119734,0.00460628,0.0267826,0.275312,0.282856,-0.0215559,0.0424277,0.0289658,0.0765819,0.0316713,0.0162352,0.0240111,0.25952,0.0444017,-0.0129381,0.655842,-0.0163401,0.313453,-0.00633824,-0.594397,0.123143,0.0326807,0.424717,-0.00585767],[0.0011734,0.00316585,0.0070059,-0.00258283,0.000436174,0.00114797,-0.00010552,0.00102183,0.000883224,-0.043834,0.000965166,0.0021308,-0.00146724,0.0261434,2.20167e-05,-0.00149978,0.0370847,0.00551807,-0.00565197,0.000337648,-0.0117304,-0.00807091,-0.00501733,-0.00188471,-0.000268314],[-0.00210885,-0.070211,0.457626,-0.0227173,0.149618,0.282208,0.0212755,0.0539684,0.0457071,0.303424,0.0212585,0.0247011,0.0660524,3.76446,0.0616466,-0.00016409,0.755163,-0.13109,-0.224915,0.0148734,0.00550536,0.0820846,-0.583538,0.272442,0.203329],[-0.059645,-0.0545053,0.0251775,-0.0670739,-0.0917439,-0.0117131,0.0279194,-0.060333,0.0422584,0.918771,-0.0239855,-0.0278552,-0.0489323,-0.765048,0.0150989,0.00206249,-0.356987,-0.159732,0.0374404,-0.0013404,0.292805,-0.0647035,-0.220672,0.0821815,-0.166845],[-0.000336757,0.00657388,0.00538645,-0.000887281,-0.0162613,-0.0081392,0.00164902,-0.000445934,-0.00102253,-0.00896454,-0.00152894,-0.00578532,0.00322391,0.0753532,0.00504187,0.0017244,0.0404248,0.00446824,-0.00840989,-0.000701515,0.00717891,-0.0144923,-0.00935874,0.00764829,-0.00774126],[-0.194936,-0.204195,-0.646888,-0.0436884,-0.538388,-0.501946,-0.284582,-0.00959234,-0.0804217,0.572205,-0.0523045,0.0653859,-0.0234714,-2.80735,-0.012229,0.0260367,-1.74982,-0.419129,-0.0804652,-0.0773174,-1.64955,-0.102118,-0.0582251,-0.731639,-0.0599088],[-0.0242933,-0.107688,0.106091,-0.029708,0.0448059,0.0573607,0.0335263,0.0218746,0.0129546,0.244832,0.0146741,-0.100936,0.0301885,0.442197,0.0139332,0.0242273,-0.281113,0.0467755,-0.157488,0.00551502,-0.280567,0.0602894,0.194898,0.0603043,0.0184504],[-0.00840726,0.0179813,-0.19057,0.0364525,-0.17653,-0.171546,0.0846505,-0.0645701,0.0223102,-0.826314,-0.0552619,0.0480973,0.00828882,0.234439,-0.0122024,0.0219702,-0.114687,0.0230378,0.166707,0.0159772,1.16092,0.0866651,0.15258,0.581713,-0.0234136],[-0.00457656,-0.011456,-0.0134508,-0.00288304,0.000258843,-0.00523665,-0.0239661,-0.00470008,0.012213,0.0844667,-0.00293805,-0.0137917,0.0140498,-0.416457,0.00901441,0.0142279,-0.157318,-0.0102674,0.00246658,-0.00925499,-0.0964502,-0.0023629,-0.0461546,0.0239532,-0.00306234],[-0.0286972,-0.0370708,-0.0385598,-0.00693521,-0.0802168,-0.0353897,-0.0481321,-0.0168355,-0.00144849,-0.247108,-0.0142229,0.0163637,-0.00564284,0.304869,-0.00445158,-0.0215656,0.290247,0.0387424,0.0172989,-0.0167899,0.0385215,0.0300576,-0.0353769,-0.00244629,0.0361735],[-0.00334356,-0.00639311,0.0891265,-0.0340997,0.030535,0.0886535,0.00212778,0.0064975,0.00456013,0.0285137,0.00546373,-0.0042469,-0.00379042,0.137346,0.00844433,0.00180876,0.0136878,0.00087851,-0.0562383,-0.0011252,-0.118039,-0.0519222,-0.107424,-0.0313905,-0.0144816],[-0.0232459,-0.0268477,-0.041363,-0.0100253,-0.0392296,-0.0147536,0.00518605,0.0083353,0.00119444,-0.10866,0.00710462,-0.0303766,0.00474621,0.106027,0.0030663,0.00192157,-0.0671285,-0.00604919,0.0383248,-0.00407467,-0.179049,-0.019094,-0.0220121,0.11912,-0.0130164],[-0.0279498,0.0240503,0.0609421,-0.0291716,-0.186153,-0.146302,-0.0686467,-0.0361608,-0.0355759,-0.37478,-0.0274919,0.0266206,-0.00642212,-1.05251,-0.0519366,-0.017462,-0.693757,-0.0286793,-0.117908,0.0150424,-0.0670555,-0.0545024,-0.203059,-0.301049,-0.192565]],"sigmahat":[[0.137566,0.118809,0.0577117,0.0170377,0.217863,0.106889,0.00924081,0.0158297,0.00514531,-0.0403389,0.0102457,2.89479e-05,-0.0112777,0.80629,0.017805,0.000743901,0.402654,0.00630754,0.017554,0.00105742,0.21425,0.0325891,0.341507,0.0471646,0.00659262],[0.118809,0.220342,0.070958,-0.00663302,0.102691,0.0695972,-0.00662827,-0.0120638,-0.0120867,-0.0271919,-0.011384,0.0142426,-0.0210204,-0.131997,-0.00158634,-0.00707477,0.0754135,0.0138067,-0.0345274,-0.000126331,0.132028,-0.023594,0.205405,-0.0239394,-0.00135314],[0.0577117,0.070958,1.83345,-0.0949713,0.0762847,0.767574,0.0184789,0.0102361,0.0106003,-0.323729,0.00035608,0.0602951,-0.0440642,0.98362,-0.009779,-0.0226203,0.603046,0.0643616,-0.13234,0.00221337,-0.430303,-0.168535,-0.0268524,-0.00402407,-0.0433056],[0.0170377,-0.00663302,-0.0949713,0.074336,0.0145693,-0.0491194,-0.00164069,0.00159177,-0.000476951,-0.00174103,0.00069741,-0.00602696,0.00430157,0.00421275,0.0042801,0.00411253,-0.0153402,0.00503973,0.0618611,0.00212083,0.0819233,0.0347568,0.141062,0.0155716,0.00225196],[0.217863,0.102691,0.0762847,0.0145693,0.790932,0.482856,0.00851064,0.0590337,0.0114789,0.326698,0.0466941,0.0312454,-0.0235764,2.06655,0.0408768,-0.0117193,1.19272,-0.0182021,0.0383844,-0.00797918,0.125968,0.220536,0.431718,0.13704,0.130369],[0.106889,0.0695972,0.767574,-0.0491194,0.482856,0.841809,0.00450521,0.0468731,0.00126667,0.295794,0.0354911,0.0536766,-0.0303001,0.979154,0.0125802,-0.0176349,0.755997,0.0349876,-0.0498148,0.000618764,-0.362522,0.0581591,0.0113332,0.0381265,0.124996],[0.00924081,-0.00662827,0.0184789,-0.00164069,0.00851064,0.00450521,0.11859,0.00938946,0.0256152,-0.118457,0.00461879,-0.071391,0.0155774,1.76293,0.031015,0.0128221,0.361521,-0.00604147,0.0201053,0.0335993,0.415699,0.0421097,0.120365,0.207252,0.0163342],[0.0158297,-0.0120638,0.0102361,0.00159177,0.0590337,0.0468731,0.00938946,0.0322262,0.0127095,-0.0688196,0.020696,-0.0160072,0.00692414,0.621773,0.0133366,0.00304478,0.289498,-0.00013642,0.00101262,0.00420292,-0.0257049,0.0279451,0.059892,0.0236915,0.0179104],[0.00514531,-0.0120867,0.0106003,-0.000476951,0.0114789,0.00126667,0.0256152,0.0127095,0.043473,-0.0329888,0.0069796,-0.0358577,0.0213923,0.791027,0.0374257,0.0255564,0.167145,-0.00907398,0.0140123,0.0072544,0.110334,0.000794607,0.00733472,0.0837953,-0.000333985],[-0.0403389,-0.0271919,-0.323729,-0.00174103,0.326698,0.295794,-0.118457,-0.0688196,-0.0329888,6.72984,-0.0266278,-0.021832,0.141725,-11.9098,0.0147243,0.222307,-4.65637,-0.166069,0.0472386,-0.0486037,0.390239,0.278234,-0.543541,-0.400803,0.219304],[0.0102457,-0.011384,0.00035608,0.00069741,0.0466941,0.0354911,0.00461879,0.020696,0.0069796,-0.0266278,0.0191571,-0.0119236,0.00101767,0.370401,0.00870713,0.000174654,0.182399,0.000427544,-0.000488138,0.00256909,-0.0271604,0.00933511,0.0255141,0.00366238,0.0152993],[2.89479e-05,0.0142426,0.0602951,-0.00602696,0.0312454,0.0536766,-0.071391,-0.0160072,-0.0358577,-0.021832,-0.0119236,0.17419,-0.0241274,-0.946446,-0.0428174,-0.0310562,-0.201772,0.00156914,-0.00520816,-0.0269439,-0.30769,-0.00902552,-0.105177,-0.138833,-0.0267919],[-0.0112777,-0.0210204,-0.0440642,0.00430157,-0.0235764,-0.0303001,0.0155774,0.00692414,0.0213923,0.141725,0.00101767,-0.0241274,0.0587621,-0.0560199,0.0228806,0.0392065,-0.341879,-0.0105769,-0.00800414,0.010349,0.0989312,0.013384,-0.0653328,0.0737405,-0.0038424],[0.80629,-0.131997,0.98362,0.00421275,2.06655,0.979154,1.76293,0.621773,0.791027,-11.9098,0.370401,-0.946446,-0.0560199,106.869,1.18444,-0.127895,25.19,-0.0748719,0.192305,0.202121,4.72756,0.339882,5.05496,4.85865,0.741412],[0.017805,-0.00158634,-0.009779,0.0042801,0.0408768,0.0125802,0.031015,0.0133366,0.0374257,0.0147243,0.00870713,-0.0428174,0.0228806,1.18444,0.0609294,0.0326269,0.361394,-0.00124161,0.0138774,0.00708486,0.106473,-0.00411571,0.0782574,0.100448,0.0139402],[0.000743901,-0.00707477,-0.0226203,0.00411253,-0.0117193,-0.0176349,0.0128221,0.00304478,0.0255564,0.222307,0.000174654,-0.0310562,0.0392065,-0.127895,0.0326269,0.0566247,-0.35467,-0.00310686,0.00438613,0.00731982,0.142568,-0.0230889,-0.0118091,0.0385293,0.0071309],[0.402654,0.0754135,0.603046,-0.0153402,1.19272,0.755997,0.361521,0.289498,0.167145,-4.65637,0.182399,-0.201772,-0.341879,25.19,0.361394,-0.35467,17.4631,0.0526833,0.212744,-0.0102151,-0.207975,0.475268,2.4091,1.2977,0.271615],[0.00630754,0.0138067,0.0643616,0.00503973,-0.0182021,0.0349876,-0.00604147,-0.00013642,-0.00907398,-0.166069,0.000427544,0.00156914,-0.0105769,-0.0748719,-0.00124161,-0.00310686,0.0526833,0.0942248,-0.0060599,-0.00181534,-0.114793,-0.036194,0.0767975,-0.0387159,0.00266903],[0.017554,-0.0345274,-0.13234,0.0618611,0.0383844,-0.0498148,0.0201053,0.00101262,0.0140123,0.0472386,-0.000488138,-0.00520816,-0.00800414,0.192305,0.0138774,0.00438613,0.212744,-0.0060599,0.338032,-0.00638907,0.182728,0.0429399,0.253221,0.142685,-0.0122079],[0.00105742,-0.000126331,0.00221337,0.00212083,-0.00797918,0.000618764,0.0335993,0.00420292,0.0072544,-0.0486037,0.00256909,-0.0269439,0.010349,0.202121,0.00708486,0.00731982,-0.0102151,-0.00181534,-0.00638907,0.022107,0.121471,0.0134715,0.00655954,0.0373837,0.00176616],[0.21425,0.132028,-0.430303,0.0819233,0.125968,-0.362522,0.415699,-0.0257049,0.110334,0.390239,-0.0271604,-0.30769,0.0989312,4.72756,0.106473,0.142568,-0.207975,-0.114793,0.182728,0.121471,5.49902,0.215369,1.31807,0.851181,0.076864],[0.0325891,-0.023594,-0.168535,0.0347568,0.220536,0.0581591,0.0421097,0.0279451,0.000794607,0.278234,0.00933511,-0.00902552,0.013384,0.339882,-0.00411571,-0.0230889,0.475268,-0.036194,0.0429399,0.0134715,0.215369,0.572932,0.262983,0.210261,0.0967754],[0.341507,0.205405,-0.0268524,0.141062,0.431718,0.0113332,0.120365,0.059892,0.00733472,-0.543541,0.0255141,-0.105177,-0.0653328,5.05496,0.0782574,-0.0118091,2.4091,0.0767975,0.253221,0.00655954,1.31807,0.262983,2.66444,0.158687,0.0809148],[0.0471646,-0.0239394,-0.00402407,0.0155716,0.13704,0.0381265,0.207252,0.0236915,0.0837953,-0.400803,0.00366238,-0.138833,0.0737405,4.85865,0.100448,0.0385293,1.2977,-0.0387159,0.142685,0.0373837,0.851181,0.210261,0.158687,1.04412,0.0703129],[0.00659262,-0.00135314,-0.0433056,0.00225196,0.130369,0.124996,0.0163342,0.0179104,-0.000333985,0.219304,0.0152993,-0.0267919,-0.0038424,0.741412,0.0139402,0.0071309,0.271615,0.00266903,-0.0122079,0.00176616,0.076864,0.0967754,0.0809148,0.0703129,0.265978]],"n":25,"lags":3}