{"betahat":[[-2.04645,-2.94793,32.2681,-5.123,-3.96325,-10.5967,-0.388469,1.38058,-4.69531,5.29878,-3.79833,0.738963,13.6583,0.890683,0.182323,7.90705,-10.0312,-3.73296,10.1257,-11.6225,-1.48876],[0.738011,0.103193,0.697332,-0.138781,0.191608,0.631652,0.100847,0.0314384,0.201444,0.285468,0.0668248,0.397614,5.86053,0.020622,0.0377128,0.131844,0.498734,0.090625,-0.444206,0.741593,0.0395442],[-0.03115,0.725624,-0.674406,-0.0830834,-0.0200998,-0.27308,0.144751,-0.00433527,0.0452455,-0.430976,-0.00884809,0.159087,1.04741,-0.0121836,-0.0198414,-0.207138,0.584968,-0.0359392,-0.189417,0.172095,-0.00341474],[0.00140992,-0.00850249,0.788134,0.0564706,-0.104039,-0.114217,-0.0377954,0.00147422,-0.000219342,0.0068346,-0.0121702,0.0558834,-0.628941,0.00542052,0.0119258,-0.1903,-0.0843536,-0.00865638,0.0835658,-0.114097,0.00256698],[0.0743287,0.00437159,-0.295586,1.00964,0.0161652,-0.161709,-0.0109965,0.00213093,-0.0688631,-0.101134,0.0231553,0.164078,1.58818,-0.0216091,-0.0302747,0.362196,0.0161934,0.0264454,0.0166226,0.215342,-0.00780148],[-0.0268386,0.00483117,-0.261776,0.032592,0.62337,-0.0745659,0.0862996,-0.00915706,0.000693882,0.178464,0.0159954,0.0121717,0.685733,0.0204525,0.0102945,0.31088,-0.136962,0.0424812,0.0940276,0.226949,0.000900972],[-0.00804543,-0.0150362,0.118547,0.0431051,0.133626,0.875608,0.00142865,0.00575994,0.0189114,-0.233746,0.000618548,-0.0714642,0.164565,0.0201027,0.0111014,0.251537,0.0379636,-0.00946802,-0.0581097,-0.025926,-0.0138808],[-0.0713805,-0.108311,0.0254547,0.104051,-0.0254726,0.122112,0.956196,0.0207104,-0.0227629,-0.0540976,-0.0270047,-0.662629,-1.43663,-0.066884,0.00179303,-0.891465,-0.029149,-0.0236977,-0.528291,0.107135,-0.00651083],[-0.0440377,-0.139474,0.301269,-0.373162,0.0680382,-0.207578,0.0437457,0.832708,0.110093,-0.721747,-0.165858,-0.261845,-1.31598,-0.0443214,0.106264,0.452244,0.699264,-0.0136695,0.555853,0.400228,-0.114549],[-0.0867401,-0.264632,0.812828,0.512125,0.473029,0.55076,0.598958,0.00943787,0.961122,0.198889,0.385917,-0.295523,7.75319,-0.0464783,-0.10483,2.52641,0.692982,0.287359,0.571893,1.68458,0.00143424],[0.0455236,0.101786,-0.0777791,0.0771995,-0.024501,-0.122535,-0.0772621,0.00491046,-0.00583701,0.729055,-0.00136466,0.0341356,-0.127832,-0.0106769,-0.0168785,-0.163243,0.221558,0.00182728,-0.0698028,0.0740832,0.00521414],[-0.108469,0.0270899,-0.764502,-0.202368,-0.258451,-0.313771,0.21806,0.132861,0.0393303,-0.00146897,0.887229,-1.10701,0.619883,0.122178,0.079788,0.400076,-0.571328,0.252986,-0.71122,0.105903,0.0712862],[0.0166128,-0.0047601,0.0247661,0.0127061,0.124425,0.0652982,0.0462934,0.00560644,0.0398859,-0.072218,0.0476238,0.773836,-0.380115,0.0176224,0.036401,-0.389061,0.129004,0.0190679,0.115077,0.254178,-0.00170241],[0.00389884,0.00201931,-0.00910463,-0.0228823,-0.00622397,-0.0194785,-0.00761677,0.0013885,0.00558282,-0.0312016,0.00315495,-0.0280321,0.867201,0.00178467,0.0018219,-0.0308746,0.0227638,0.00186237,-0.0102149,0.00188782,0.0011025],[0.0330259,-0.283198,2.22446,0.412497,1.31854,1.47381,0.318003,0.0775509,-0.295929,-0.386702,-0.127197,1.09511,-5.33694,0.837323,-0.00256921,-1.1535,0.816296,-0.12374,0.480001,-0.481341,0.106634],[0.0695813,-0.050458,-0.983471,-0.0387355,-0.208238,-0.610801,-0.18992,-0.228177,-0.136321,1.10511,0.0172288,0.740746,-11.6877,-0.075941,0.909682,-2.89589,-1.55136,-0.145921,0.516206,-1.35609,-0.0284477],[-0.00894422,-0.00661967,0.0870448,0.0301622,0.0368438,-0.00250795,0.0194653,-0.0105686,-0.0124615,0.15969,-0.0183439,-0.0211016,-0.0230439,0.0132149,0.00696311,0.99135,-0.100495,-0.0146153,0.0781663,0.0676632,0.00296148],[0.0163686,0.0407882,-0.443019,-0.0310188,0.0472737,0.00590869,0.030598,0.0058037,0.0236332,-0.236056,-0.00832018,0.0513178,-0.782141,-0.0115716,-0.00951329,-0.322294,0.796494,0.0538707,0.0767048,-0.0102948,0.00904341],[-0.188272,-0.473191,-0.444891,-0.218928,-0.285428,-0.566021,0.46423,-0.0468155,0.213305,0.186772,0.117134,0.361446,2.92231,0.120487,0.112103,-1.15012,0.352396,0.989999,0.543547,1.11025,0.0185393],[0.111166,0.191787,0.33436,-0.00701367,-0.0515498,0.104345,0.0403403,-0.0241758,0.00217808,0.222835,-0.0341648,0.177739,1.98607,0.01725,-0.0118662,0.607816,-0.213684,-0.0280336,0.712341,0.0822061,0.00104832],[0.0125995,0.0882864,0.241054,-0.030457,0.0538067,0.136241,-0.00967085,0.0166566,0.026895,-0.0991346,0.120706,0.0611395,-0.293916,0.001644,0.0108956,-0.268497,-0.0576491,0.0211659,-0.0756014,-0.208868,0.00137095],[0.365323,0.398717,0.900726,-0.416719,0.382632,-0.799028,-0.48569,0.0908817,0.178092,-1.15003,-0.297615,2.46076,-5.36709,-0.0860641,0.00434836,-1.83143,0.10671,-0.118044,2.77664,0.937512,0.938612],[0.214768,0.00106167,-0.651248,0.079883,-0.0507571,-0.308733,-0.126105,-0.0390676,-0.128776,-0.501535,-0.0930651,-0.0794319,-4.11941,-0.0267592,-0.0260368,-0.204264,-0.218935,-0.0661153,0.151587,-0.459194,-0.0309875],[0.0394091,0.184486,0.682024,0.16401,0.169943,0.334626,-0.0561113,-0.000621167,-0.0212125,0.228876,0.00710218,-0.191424,-0.246395,0.00993802,0.0161444,0.195804,-0.303051,0.0397609,0.365724,0.0399408,0.00799101],[0.0167099,0.00441669,0.225451,0.00131262,0.160304,0.216769,0.0226974,-0.00250404,0.00190407,0.000624491,-0.00451307,-0.0769487,0.989195,0.00674639,-0.00354252,0.254232,0.068572,0.00114565,-0.0383152,0.109089,-0.000507861],[-0.0604847,-0.0166282,-0.210413,0.106397,0.00426451,0.181114,-0.0929827,-0.02895,-0.0112578,0.00608041,0.0308006,0.0239247,-3.14268,-0.0190692,0.0131187,-0.800842,0.168458,-0.0196382,0.10505,-0.523436,0.00710807],[-0.0658693,-0.0235787,-0.413473,-0.120247,0.18597,-0.0948335,0.0474818,0.00118803,0.0367556,-0.258911,0.0287197,-0.191011,-0.480521,-0.00723956,-0.00878198,-0.293645,0.250424,-0.00258867,-0.148745,-0.133106,0.00403973],[-0.0110104,0.00901693,-0.000304839,-0.0950259,-0.155173,-0.043329,0.0335601,0.011421,-0.00627059,0.298827,0.0102721,0.06353,-0.268127,-0.000803757,-0.00125403,-0.0256226,0.0285516,0.019216,0.0127289,-0.00058821,0.00671751],[0.080793,0.0427777,0.105533,-0.0480727,0.0554963,-0.10324,-0.0405328,-0.0370569,0.0070891,0.131715,0.0299514,0.526643,0.94157,0.0378433,-0.00675455,0.568006,-0.146642,0.0204031,0.468578,-0.194222,0.00932811],[-0.128055,0.255047,-1.08867,0.308114,-0.262189,-0.262545,-0.0498195,0.116122,0.112504,0.555665,0.215519,0.597544,2.24249,-0.0507361,-0.0819963,-1.81944,0.141751,0.0150266,-1.13506,-0.234992,0.0711347],[0.0406828,-0.0384115,-0.331521,0.203147,-0.292499,-0.262809,-0.256898,-0.0638369,-0.100766,0.582986,-0.112822,0.452692,-2.5018,0.0170489,-0.0292554,-0.413,-0.269765,-0.0799024,0.679104,-1.05552,-0.055729],[-0.0324487,-0.0747677,0.23976,-0.0620533,0.0246925,0.213653,0.0547153,-0.00110146,0.00970989,0.118707,0.0236169,-0.0123182,0.403756,0.0102958,0.0105758,0.127892,-0.0564017,-0.00617522,0.0619109,-0.0274445,0.00243597],[0.0926007,0.253374,0.480338,0.0350896,0.129065,0.0904592,-0.183292,-0.030426,-0.0951273,0.209696,-0.215687,0.444663,0.191603,-0.0899029,-0.0910971,0.374454,0.340805,-0.185939,-0.0515495,-0.0572774,-0.014652],[-0.0258434,-0.0206911,-0.0785286,0.012483,-0.0537066,0.0058206,-0.0290488,-0.000898419,-0.0459543,0.0306037,-0.0323073,0.126108,0.618219,-0.0135192,-0.0350127,0.459004,-0.041419,-0.000232656,0.0246287,-0.229439,0.00383353],[-0.00193185,-0.00573713,0.0217296,0.0134417,0.00566552,0.00631007,0.014525,0.000701411,-0.00164911,0.00490418,0.00165234,0.0198447,0.0435249,-0.00139163,-0.000791533,0.00852275,0.0161398,0.00213761,0.0198498,0.0124943,-0.000785749],[0.16003,0.00236169,-0.527925,-0.170019,-0.326448,-0.417334,-0.347746,-0.046425,0.339996,-0.261334,-0.016253,-0.368967,2.51511,-0.0137986,-0.0346152,-0.426122,-0.3667,0.0707857,0.20535,0.177791,0.0436252],[-0.153649,0.429763,-0.922993,-0.036773,0.188087,0.260033,-0.467036,0.0236692,-0.0266259,-0.762614,-0.221216,-1.16126,4.53411,-0.128056,-0.167108,2.2067,0.680383,0.00811169,-0.95137,-0.363629,0.0177299],[0.0275746,-0.00115688,-0.0650794,-0.0107308,-0.014153,0.017863,-0.0195658,0.00786051,0.0115145,-0.10318,0.00957669,0.046663,0.371905,-0.00757495,-0.00146692,0.000988764,0.116614,0.0109242,0.00442162,-0.0163264,-0.00262305],[0.0155923,-0.029268,0.33711,0.0299122,0.0695377,-0.0109536,-0.0393866,-0.00628094,-0.0351697,0.181752,-0.0170534,0.0201778,0.607155,0.010787,0.00489304,0.247001,0.105713,-0.0439474,0.033218,0.0184443,-0.00316443],[0.0696364,0.100463,0.403052,0.162556,-0.0733108,-0.0462051,-0.19952,-0.0181308,-0.114444,-0.0141821,-0.0133844,-0.128382,-0.820272,-0.0695245,-0.0466385,0.376592,-0.461583,-0.108897,0.0489674,-0.663129,0.0116068],[-0.00156027,0.0301386,-0.226448,-0.000412083,-0.0370765,-0.11593,-0.0542422,-0.0040808,-0.0352732,0.0786117,-0.0140991,-0.160833,-2.55191,-0.0238856,0.00147293,-0.393566,-0.195663,0.0250933,-0.054679,-0.108328,-0.0138925],[-0.0280254,0.0640088,-0.0443018,-0.00899359,-0.0603891,-0.00538696,-0.0133481,0.000769476,0.0116893,-0.227021,0.0924452,-0.250446,-1.09863,0.00343156,0.0151964,-0.402118,0.18739,0.0386744,-0.111029,-0.0214937,0.0133457],[-0.645466,-0.00834733,-1.09602,-0.108137,-1.08344,-0.813812,0.62728,-0.0765878,-0.0273401,0.387045,0.605402,-0.507773,3.51327,-0.147577,-0.157246,0.678964,1.68715,0.137303,-0.972162,-0.137973,-0.125391],[0.0472261,-0.104242,-0.0473214,0.059136,-0.140815,-0.322567,0.0254818,0.00766708,-0.0725226,0.216203,0.0263025,-0.318247,-1.73646,0.00615754,-0.0117041,0.0733841,-0.279038,-0.0243766,0.292466,-0.281442,-0.00854208],[-0.00796453,0.0900923,-0.00693553,-0.0804729,-0.149453,-0.0604226,-0.0882215,0.00500627,-0.0235181,0.201373,0.00196403,0.0326236,-0.787406,0.00233432,0.00369265,0.0129314,-0.280886,-0.00369353,-0.176504,-0.210277,-0.00456899],[-0.0186791,0.00541446,-0.0278297,-0.0574067,-0.0573158,-0.102595,0.0158143,0.00126756,-0.0018156,-0.00882394,0.0166928,0.0201604,-0.374021,-0.0127944,-0.00866625,-0.070614,0.0204474,0.00790418,-0.0488877,0.00720456,-0.00202579],[-0.0137958,0.0128459,0.503597,-0.116238,-0.0208232,-0.0197983,0.104023,0.0268389,0.080251,0.095468,-0.0539235,-0.187849,1.55479,0.0405992,0.0170813,0.43887,-0.184384,-0.00659149,-0.122371,0.308798,0.000754906],[0.0927287,0.0191567,0.674309,0.0878972,0.189959,0.169156,-0.133566,0.00777821,-0.0374056,0.0807451,-0.0445492,0.178707,-0.205582,-0.013235,-0.00157704,-0.0161489,-0.113954,-0.0398447,0.0542139,-0.0939483,-0.00487186],[0.0190587,0.0068878,-0.122168,0.0519831,0.0197812,0.166464,-0.0348243,-0.0172379,-0.0125616,-0.0647981,-0.010786,0.00777182,0.104351,-0.0195386,-0.0100494,-0.225137,-0.0661346,-0.00960031,0.0438845,0.0271781,0.00725435],[-0.00745819,0.0668269,-0.12384,-0.0534188,-0.0301265,-0.0150075,0.081644,0.0147351,0.0166293,-0.0732407,-0.0033883,0.143353,0.51443,0.0295845,0.00502126,0.339747,0.170892,0.00293277,0.0611394,0.0853066,-0.00241832],[0.154589,-0.106157,0.749673,-0.0947902,0.0189634,0.265352,-0.147826,0.0309374,-0.0779975,-0.273154,-0.0893812,-0.571678,-0.775714,0.0458813,-0.00551511,0.475183,-0.5232,-0.017073,0.302795,-0.145238,0.021433],[-0.0402207,-0.0285407,0.0873547,-0.183537,0.08847,0.182371,-0.00347679,0.102898,-0.013523,-0.221656,0.0186273,0.0349451,-2.59984,-0.00480004,0.0304255,-0.364412,0.286062,-0.0266466,-0.258843,-0.0500217,0.0013223],[-0.0135763,-0.0271954,-0.159797,-0.0165778,-0.00241413,-0.0938675,0.0236054,-0.0030217,-0.0039871,0.145323,-0.0221281,-0.0302669,-0.27374,0.000142224,0.00617903,0.0264795,-0.1632,0.00363472,0.0033455,-0.0473955,-0.00783334],[0.0459166,-0.0189897,-0.202601,-0.0287384,0.141287,0.199394,-0.0351447,-0.00600172,0.0192841,-0.138244,0.0103086,-0.0975825,0.542523,0.02499,0.0257048,0.019729,0.15346,-0.040425,-0.157416,0.0620719,-0.0134304],[0.00994041,0.02864,0.0365556,-0.0248724,-0.0727577,-0.0645588,-0.0108188,-0.00294453,0.0112462,0.0390632,-0.0120315,0.0924411,-0.124234,-0.00419121,-0.00191682,-0.0548692,-0.0733942,-0.0155756,-0.147732,-0.00269873,-0.0019611],[-0.000431396,0.0059767,-0.00306317,0.00893094,-0.00344068,0.00839403,-0.006212,-0.00302725,-0.00605261,0.0146625,-0.00446814,-0.0062349,-0.098475,-0.00194529,-0.00123102,7.85546e-05,-0.0343159,-0.00486498,-0.0311457,-0.0163813,-0.000301521],[0.193227,-0.295871,0.010909,0.0982516,-0.224983,-0.241265,-0.12046,0.106092,-0.125128,0.379531,0.118493,-0.649217,0.570215,0.0479531,0.0337814,0.590794,-1.23331,-0.0912937,-0.418207,-0.472555,0.0122944],[-0.0901722,-0.207341,-0.00812102,-0.00537025,0.0896032,0.306995,0.278376,0.123313,-0.00360801,0.0348163,0.0509849,0.192689,2.39037,0.0509585,0.0692273,-0.524286,0.324354,0.0851648,0.32429,0.273113,0.00032956],[-0.0151519,0.00999058,-0.014795,-0.0152752,-0.0200397,-0.00982694,-0.00410537,8.8486e-05,0.00301544,-0.0506614,0.00879324,-0.00657633,-0.342205,-0.00460611,-0.00437308,0.0133142,-0.017853,0.00445595,-0.0789256,-0.0507114,0.000585572],[-0.0191278,-0.0293788,-0.0115334,0.0215541,0.0246418,0.109002,0.00319856,-0.00341729,0.0252846,0.0485604,0.0439455,0.00977803,0.0745216,0.011121,0.0158552,0.0631875,0.0631597,0.0188286,-0.0142039,0.0309789,0.00119516],[0.0868826,0.124859,0.151812,0.0373534,0.25258,0.443184,-0.139369,-0.021222,-0.0543367,-0.218978,-0.0535723,-0.354525,0.230994,0.0235875,-0.00310673,0.621755,-0.233115,-0.0728918,-0.158919,-0.244403,0.0160601],[0.0266328,0.0212828,0.0194032,-0.0305831,0.0743599,0.0533683,-0.0113365,-0.0145781,0.0167083,-0.0678316,0.00999609,-0.00596961,0.182639,0.0167728,0.0157993,-0.235675,-0.0564584,0.00463701,-0.144865,0.0883541,0.00287022],[0.00580706,-0.0378072,-0.135925,0.0207529,0.0453413,0.000307338,0.0451453,0.00277452,0.023887,-0.0754548,0.0270084,0.092066,-0.426065,0.00853211,0.00988638,0.0243111,0.0641199,0.0358712,-0.0638224,-0.145264,0.00288995],[-0.248758,-0.0181185,-1.03685,-0.0627441,-0.774496,-0.0324298,-0.272071,0.0157037,0.0804807,0.324784,-0.273043,-0.324875,-2.75704,0.182525,0.195357,-0.374385,-1.16316,0.0585869,-1.65295,-0.600148,-0.0794529]],"sigmahat":[[0.129495,0.00322102,0.40622,0.0404137,0.136123,0.0877563,-0.0450731,-0.0177445,-0.00534215,-0.0572643,-0.0131028,-0.00207697,0.577928,0.0252877,0.00908882,0.211064,-0.147771,-0.0220235,0.070036,-0.0493533,-0.00182785],[0.00322102,0.360528,-0.405775,-0.0744906,-0.227994,-0.0828999,-0.118775,-0.000181832,-0.0525251,0.130407,-0.0463133,-0.0511645,-1.18919,-0.0460877,-0.0433667,-0.0388828,-0.0647896,0.00214216,-0.313178,-0.181551,0.00493387],[0.40622,-0.405775,9.03466,0.28392,1.29522,1.48573,0.191981,-0.0760003,0.0926835,-0.262728,-0.0703805,0.0685237,8.11145,0.164919,0.0555322,2.85883,-0.557003,-0.265306,0.515104,0.0496915,-0.0506472],[0.0404137,-0.0744906,0.28392,0.321303,0.249679,0.264704,0.022484,-0.0144068,-0.029074,-0.0167033,-0.0112923,0.145274,0.942376,0.00956097,-0.000645605,0.322458,-0.0298667,-0.0145868,0.435724,0.0469367,0.00937422],[0.136123,-0.227994,1.29522,0.249679,1.37766,1.03631,0.0612265,-0.0190036,0.0282686,-0.182271,0.025386,0.357536,1.95181,0.0899908,0.0658827,0.527923,-0.0788798,0.030182,0.766297,0.241908,0.0201502],[0.0877563,-0.0828999,1.48573,0.264704,1.03631,1.60346,0.0735789,-0.0397292,0.0389743,-0.1341,-0.00926766,0.34632,3.75435,0.073569,0.0427761,0.899164,0.023328,0.00193308,0.517732,0.358726,0.0150031],[-0.0450731,-0.118775,0.191981,0.022484,0.0612265,0.0735789,0.335918,0.014396,0.062282,-0.210509,0.0657331,-0.0536259,2.28679,0.028439,0.00946208,0.377161,0.376626,0.0393888,0.257707,0.444041,-0.00260235],[-0.0177445,-0.000181832,-0.0760003,-0.0144068,-0.0190036,-0.0397292,0.014396,0.0381542,0.00105,0.0202539,0.00737209,-0.00365451,-0.179811,-0.00484154,0.000874817,-0.0193718,0.0901201,0.0156028,0.00485391,0.036787,-0.00138295],[-0.00534215,-0.0525251,0.0926835,-0.029074,0.0282686,0.0389743,0.062282,0.00105,0.0811572,-0.145432,0.0321027,-0.0328426,0.943981,0.026144,0.0262829,-0.126618,0.136669,0.0176713,-0.0460511,0.154452,-0.000115207],[-0.0572643,0.130407,-0.262728,-0.0167033,-0.182271,-0.1341,-0.210509,0.0202539,-0.145432,1.75438,-0.127771,0.469226,-1.24192,-0.0284977,-0.0315487,0.807486,-0.835996,-0.00392368,0.41073,-0.210283,0.00782207],[-0.0131028,-0.0463133,-0.0703805,-0.0112923,0.025386,-0.00926766,0.0657331,0.00737209,0.0321027,-0.127771,0.105597,-0.0780276,-0.0599618,0.00483585,0.00960019,-0.117334,0.172434,0.0452507,0.00775583,0.0407126,0.00447121],[-0.00207697,-0.0511645,0.0685237,0.145274,0.357536,0.34632,-0.0536259,-0.00365451,-0.0328426,0.469226,-0.0780276,1.87748,0.939598,0.00686878,0.0191474,0.100978,0.0171941,0.0030391,0.900119,-0.0306017,0.00585934],[0.577928,-1.18919,8.11145,0.942376,1.95181,3.75435,2.28679,-0.179811,0.943981,-1.24192,-0.0599618,0.939598,80.6739,0.836636,0.162807,12.8499,2.18242,-0.205865,4.49758,6.41059,0.0299621],[0.0252877,-0.0460877,0.164919,0.00956097,0.0899908,0.073569,0.028439,-0.00484154,0.026144,-0.0284977,0.00483585,0.00686878,0.836636,0.0392276,0.0265413,0.127418,-0.0281084,0.00117292,0.0890653,0.0672534,0.000263378],[0.00908882,-0.0433667,0.0555322,-0.000645605,0.0658827,0.0427761,0.00946208,0.000874817,0.0262829,-0.0315487,0.00960019,0.0191474,0.162807,0.0265413,0.0328199,-0.117168,-0.0053297,0.00701589,0.0130333,0.0379275,0.000643272],[0.211064,-0.0388828,2.85883,0.322458,0.527923,0.899164,0.377161,-0.0193718,-0.126618,0.807486,-0.117334,0.100978,12.8499,0.127418,-0.117168,7.31369,-0.390018,-0.0326428,1.65393,0.645927,0.0214064],[-0.147771,-0.0647896,-0.557003,-0.0298667,-0.0788798,0.023328,0.376626,0.0901201,0.136669,-0.835996,0.172434,0.0171941,2.18242,-0.0281084,-0.0053297,-0.390018,2.04556,0.0957662,0.113334,0.729808,-0.00750973],[-0.0220235,0.00214216,-0.265306,-0.0145868,0.030182,0.00193308,0.0393888,0.0156028,0.0176713,-0.00392368,0.0452507,0.0030391,-0.205865,0.00117292,0.00701589,-0.0326428,0.0957662,0.0713661,0.0357922,0.0652622,0.00717311],[0.070036,-0.313178,0.515104,0.435724,0.766297,0.517732,0.257707,0.00485391,-0.0460511,0.41073,0.00775583,0.900119,4.49758,0.0890653,0.0130333,1.65393,0.113334,0.0357922,2.6533,0.46937,0.0126486],[-0.0493533,-0.181551,0.0496915,0.0469367,0.241908,0.358726,0.444041,0.036787,0.154452,-0.210283,0.0407126,-0.0306017,6.41059,0.0672534,0.0379275,0.645927,0.729808,0.0652622,0.46937,1.81083,0.00542331],[-0.00182785,0.00493387,-0.0506472,0.00937422,0.0201502,0.0150031,-0.00260235,-0.00138295,-0.000115207,0.00782207,0.00447121,0.00585934,0.0299621,0.000263378,0.000643272,0.0214064,-0.00750973,0.00717311,0.0126486,0.00542331,0.00791283]],"n":21,"lags":3}