{"betahat":[[0.662463,0.718421,2.79076,0.0625927,0.754075,0.844804,0.416597,-0.111578,-0.207649,-0.536178,3.78347,-0.0601443,-0.193145,3.4546,1.00545,0.771401,-0.0626786],[0.986455,0.224638,0.911982,0.00614981,0.260651,0.64818,-0.014411,-0.0277992,0.0876376,0.405792,2.19394,0.000636835,0.0322213,-0.0856214,-0.136432,0.406584,0.0226525],[0.0551475,1.02499,-0.432423,-0.114996,-0.0206765,-0.181959,0.0796354,-0.0303752,0.0640535,-0.414894,-0.0647313,0.00989848,0.0101474,-0.383655,-0.109326,0.0653317,-0.0119254],[0.00586571,0.0195963,0.908238,0.0407387,-0.113083,-0.0824721,-0.0426645,8.34446e-05,-0.00392524,-0.0129774,-0.739042,0.000186861,0.0101155,-0.151983,-0.00797493,-0.132707,0.000656892],[0.0971979,0.0294579,-0.0899547,1.12343,-0.0709741,-0.15221,-0.000916702,0.0078369,-0.0737847,0.0228974,1.02408,-0.00452105,-0.0257225,0.319261,-0.120851,0.137901,-0.00931621],[0.00952035,0.0359125,-0.173509,-0.00300825,0.786741,-0.02384,0.0695194,-0.0113065,0.0139315,0.119643,0.261456,0.0123319,0.0109609,0.0543583,0.0597803,0.16096,0.00203988],[-0.00377806,-0.0163713,0.0116361,0.044937,0.123816,0.916322,0.00793685,0.0091055,0.00650835,-0.160417,-0.281394,0.0047348,0.000106658,0.175663,0.000655849,-0.0343168,-0.0121347],[-0.00572074,-0.0477868,-0.00176704,0.127835,-0.0134046,0.0361832,1.13321,0.0155485,-0.0254434,0.246334,-0.0999542,-0.00168405,0.0153429,-0.402638,-0.0507931,0.0918338,0.0294577],[-0.0580256,0.0219106,-0.621645,-0.289023,0.0171892,-0.12543,0.406611,1.03547,0.107773,-0.774481,1.55436,-0.0488598,0.0192209,0.803406,0.796578,0.619014,-0.0314411],[-0.0791686,-0.154485,0.132648,0.168903,0.176094,0.136464,0.548373,0.0230875,1.12428,-0.0571655,2.57158,-0.032804,-0.0288877,0.408443,-0.0498047,0.994142,0.00726547],[0.00905225,0.0145005,-0.0275077,0.071706,-0.00876041,-0.0686018,-0.05438,0.000800908,-0.00791448,0.927359,-0.0690504,-0.00314821,-0.00436669,-0.157498,-0.143262,0.0626739,0.00107377],[-0.00193582,-0.000517532,-0.0152115,-0.0190052,-0.0019285,-0.0092236,-0.00989934,0.00375893,0.00402807,-0.0323947,1.05184,0.000595045,-0.000723423,-0.0160058,-0.0218475,-0.0138085,8.29063e-05],[-0.341653,-0.269592,0.91073,0.32551,0.662758,0.802474,0.453552,0.0491353,-0.358573,0.791752,-2.46141,0.955161,-0.0546506,0.466606,-0.108277,-0.18762,0.0280811],[0.168593,-0.135756,0.570788,-0.0315045,-0.0648754,-0.360729,-0.0492041,-0.190023,0.0879042,0.0166004,-6.66983,0.0748979,1.13868,-1.97607,0.299633,-0.552831,0.0445516],[0.0202755,0.0544068,0.153237,0.021767,0.0150578,0.0020575,-0.00308601,-0.0179509,-0.00668414,0.150167,0.268044,0.0159222,0.00769258,1.08186,0.118563,0.0980723,0.00236397],[0.0403743,0.0209014,0.0199861,0.0394428,0.0538698,0.0851585,-0.0119055,0.00980536,0.00434344,-0.0414618,0.442288,-0.0132129,-0.0159036,0.0398826,0.472737,-0.00682789,0.00346221],[0.0175533,0.0649727,0.063692,-0.0189678,0.0313323,0.0908589,0.0568401,0.0100448,0.0423805,-0.148128,-0.233534,0.0040767,0.0147336,-0.196203,0.0825269,0.229053,-0.00249121],[0.383907,0.200064,1.08485,-0.696531,0.154893,-0.952986,-0.0933888,0.0908466,-0.0604881,-0.4659,3.59061,0.0903303,0.0149043,1.09,0.0766673,0.667471,1.24018],[0.0541479,-0.0881519,-0.721145,0.0163742,-0.0938511,-0.350473,-0.00847544,0.00504001,-0.0347372,-0.513316,-1.71818,0.00958974,-0.00534253,-0.198797,0.0269125,-0.200521,-0.0148575],[-0.00399088,0.0361782,0.476772,0.162513,0.0960717,0.256851,-0.0296261,0.0127549,-0.0259087,0.183414,-0.0867792,-0.00588446,0.00381262,0.100537,0.0946939,0.0438664,0.00467578],[0.018911,0.000474051,0.151646,0.00275149,0.142359,0.157993,0.021653,-0.00194037,-0.00045411,0.00982954,0.760854,0.00318417,-0.00620851,0.17476,0.0276188,0.111571,-0.00174863],[-0.0757074,-0.0662111,-0.207134,-0.0337079,0.105955,0.169726,-0.0326056,-0.0127697,0.0123647,-0.0159958,-1.43219,-0.0060712,0.0153336,-0.478798,0.115841,-0.312563,0.022971],[-0.0561271,-0.0572926,-0.256128,-0.0500276,0.140546,-0.0687408,0.0105414,0.00182993,0.00890083,-0.114466,-0.343369,-0.00493675,-0.00763641,-0.182107,-0.0115586,-0.145851,0.00245637],[-0.0124653,-0.0175146,0.00969632,-0.0584068,-0.106113,-0.0121665,0.0204746,0.000491559,-0.00752318,0.241031,-0.0222246,0.0014346,0.000467062,-0.062631,0.032333,-0.0229089,0.006126],[0.00719351,0.0127994,0.0516468,-0.0568328,-0.00601548,-0.0726352,-0.119983,-0.0223018,-0.00235211,-0.02559,-0.0796199,-0.00405525,-0.0163987,0.280234,0.0420038,-0.18762,-0.0158861],[-0.0608284,0.00143051,-0.423239,0.282376,-0.0235159,-0.0760601,-0.169731,5.15863e-05,-0.0187062,0.962223,-0.336559,-0.0193052,-0.0438306,-1.19264,-0.683001,-0.406043,0.0352029],[0.000894851,0.0414633,-0.0877619,-0.00705202,-0.322357,-0.340135,-0.351727,-0.0678731,-0.0996658,0.387003,-2.20106,0.00812296,-0.0111103,-0.257501,-0.120723,-0.916463,-0.0372011],[-0.00579243,-0.00428892,0.0733994,-0.0663836,0.0223704,0.158071,0.0461704,0.00582174,0.0135621,-0.02529,0.297646,0.0043346,0.00237547,0.100602,0.0777982,-0.055308,0.00744274],[0.00513651,-0.00095255,0.0276424,0.00969167,0.00758674,0.00759615,0.0100805,-0.00169771,-0.000913072,0.00837394,0.0107345,0.000690715,0.00059301,0.0224605,0.0160338,0.0100444,0.000377169],[0.261685,0.353236,-1.04792,-0.300058,-0.219532,-0.284797,-0.407804,-0.0521571,0.354483,-1.13198,0.454053,-0.0406053,-0.0151129,-0.979792,0.0275127,0.10908,0.0213684],[-0.155676,0.325836,-0.748664,0.074422,0.0379776,0.273093,-0.188982,0.0882312,-0.0142552,-0.222927,3.85056,-0.136555,-0.168864,1.54861,-0.242096,0.238452,-0.0202727],[0.0115326,-0.024752,-0.0836422,-0.00555475,0.00620568,0.0281733,-0.0214164,0.0113241,0.00285757,-0.132503,-0.122496,-0.0159764,-0.00554845,-0.0886301,-0.0565124,-0.0955904,-0.00349835],[0.0166682,-0.048108,-0.142676,-0.0359804,0.132965,0.0416285,0.0146753,-0.00171948,0.0146596,0.112637,-0.2319,0.00777092,0.0129843,-0.070913,0.152027,0.116737,0.00380589],[-0.034358,0.0154232,-0.113267,-0.00793934,-0.0715781,-0.0655311,0.0585066,0.00202607,0.0222279,-0.0962362,-0.191898,0.0275362,0.0272222,-0.18165,-0.0451708,0.322767,0.0191468],[-0.420192,0.0847188,-0.930292,0.28202,-0.374841,0.218957,0.256289,-0.0517735,0.0588497,0.273005,0.147852,-0.0924429,-0.0437817,-0.12241,0.143343,-0.152404,-0.184156],[-0.0405997,-0.136469,-0.190865,-0.0225269,-0.166826,-0.297735,0.0228948,0.022766,-0.0528864,0.107507,-0.475653,-0.0102223,-0.0268731,0.284412,0.10952,-0.206022,-0.00779325],[-0.0511575,-0.061161,-0.0443551,-0.0475157,-0.0754066,-0.0749048,-0.0499752,0.0176281,-0.0381235,0.231461,0.151712,-0.00400668,-0.0139535,0.283172,0.0146306,-0.109129,0.00725087],[-0.0247889,-0.0200419,-0.0601557,-0.043482,-0.0293191,-0.0755433,0.0210545,0.00187826,0.00439499,0.00309416,-0.0218844,-0.00336744,-0.00390245,-0.0227763,-0.019699,0.0212186,0.00109549],[-0.0214893,0.0367622,0.297022,-0.0897194,-0.0349918,-0.0175106,0.033538,0.00494041,0.0614365,-0.00692132,0.408254,0.0105974,0.0103924,0.15961,0.00499528,0.174719,-0.0136515],[0.0466081,0.0214197,0.429595,0.0530311,0.0726591,0.0925512,-0.0800282,0.00948596,-0.022815,-0.00517114,0.0821514,-0.00738651,-0.00331912,0.127805,-0.0482091,-0.0150491,-0.00449429],[0.0162418,0.0339204,-0.0213812,0.013476,-0.0177607,0.095825,-0.028383,-0.0095861,0.00103568,-0.0806258,0.303781,-0.00616373,-0.000568127,-0.112989,-0.0329922,0.0572951,0.00601328],[-0.00146375,0.0350937,-0.0498894,-0.0709734,0.0193158,0.0364716,-0.0131747,0.00675896,0.0278635,-0.220668,0.180333,0.00579394,0.00109879,0.122884,0.00886423,0.0960284,-0.0135567],[0.119326,-0.0622059,1.05546,0.000839955,0.060274,0.216861,-0.25645,-0.049096,-0.0910482,-0.235893,-1.28208,0.0618816,0.0229241,0.314694,-0.120595,-0.226555,-0.00571798],[0.0541431,0.0391795,-0.1017,-0.154803,0.193319,0.20601,-0.163159,0.0399614,-0.0357673,-0.328937,-0.402656,0.0260893,0.0403315,-0.136262,0.126529,-0.0505991,0.0311568],[-0.00324612,-0.010279,-0.0458095,-0.00533658,-0.0135076,-0.0894416,0.00815906,-0.006635,-0.00566763,0.0977045,-0.228679,-0.00122396,0.00196785,0.0566304,0.0654459,-0.00745531,-0.00852592],[-0.00329524,0.00107405,-0.0125158,0.00934278,-0.0054352,0.00160463,-2.1985e-05,-0.00204572,-0.00306746,0.0231273,-0.0656603,-0.00131982,0.000155638,-0.00713067,0.00528976,0.004076,-0.000454811],[0.102371,-0.0971591,0.204259,0.0235863,-0.409567,-0.442806,-0.107762,0.0218673,-0.0366135,0.407466,1.05458,0.0384294,0.0366509,0.396911,0.087767,-0.133278,-0.0465633],[-0.0159385,-0.1989,0.134899,-0.038817,0.0445336,0.102171,0.217183,0.100412,-0.0925323,0.239376,2.63592,0.048351,0.0171938,0.409874,-0.0542077,0.234045,-0.0250257],[-0.0317416,-0.0293425,-0.0695535,-0.0161459,-0.0215224,-0.0302694,0.024599,0.00666105,0.00397796,-0.0175535,-0.145144,0.000126147,-0.00207521,0.00716139,-0.0618745,-0.00203741,0.00115642],[-0.0135129,0.000280183,0.0187749,0.0299309,0.0350171,0.0673096,-0.00781427,-0.00781553,0.0019582,-0.016991,0.0935693,0.00639605,0.012999,-0.239057,0.0292178,-0.00322573,0.00604975],[-0.0109647,-0.051392,-0.195716,0.0311514,0.0179721,-0.0206663,0.0605249,0.00511029,0.00731705,0.0225502,0.0367005,0.0153346,0.00378039,0.158895,-0.0363988,-0.0388896,0.0090138],[-0.0960266,-0.134015,-0.734096,0.302776,-0.236578,0.364202,-0.255897,-0.00627203,-0.00437096,0.316359,-4.25577,0.0160698,0.0443839,-0.53451,-0.319381,-0.551607,-0.104951]],"sigmahat":[[0.328528,0.234821,0.84858,0.1135,0.250656,0.281809,-0.148403,-0.0565608,-0.0198187,0.0692536,0.59019,0.0240318,0.0108623,0.0891903,0.543833,-0.0993513,0.00344134],[0.234821,0.791826,-0.0609942,0.032653,-0.162854,0.134861,-0.227284,-0.0420226,-0.0524808,0.37297,-0.121712,-0.0226479,-0.0361869,0.103196,0.772819,-0.139133,0.00874621],[0.84858,-0.0609942,12.6236,0.585208,1.65214,2.10413,-0.145326,-0.18538,-0.0258929,0.530487,8.86458,0.140687,0.0524163,3.1491,1.68276,-0.0646484,-0.074102],[0.1135,0.032653,0.585208,0.381022,0.258353,0.378346,-0.0686085,-0.0339437,-0.0659131,0.0900886,-0.150462,-0.0212644,-0.0184826,0.212455,0.193104,-0.135616,0.0046581],[0.250656,-0.162854,1.65214,0.258353,1.86191,1.51369,0.00210034,-0.0403521,0.0224471,-0.473748,0.512468,0.0532494,0.0583802,0.222574,0.300479,0.180808,0.0209428],[0.281809,0.134861,2.10413,0.378346,1.51369,2.44819,-0.0342857,-0.0666103,0.0317662,-0.272205,3.62142,0.0418201,0.0268004,0.949729,0.493918,0.271834,0.023741],[-0.148403,-0.227284,-0.145326,-0.0686085,0.00210034,-0.0342857,0.6524,0.0614139,0.134916,-0.434286,2.97547,0.0653909,0.0327172,0.539916,-0.249587,0.871806,0.00990643],[-0.0565608,-0.0420226,-0.18538,-0.0339437,-0.0403521,-0.0666103,0.0614139,0.0644827,0.00538633,-0.0556995,-0.265893,-0.00813606,-0.0025977,0.0455953,-0.161128,0.0594222,-0.000786573],[-0.0198187,-0.0524808,-0.0258929,-0.0659131,0.0224471,0.0317662,0.134916,0.00538633,0.150067,-0.265863,1.46944,0.0502715,0.0512216,-0.208541,-0.0892155,0.358316,0.00771461],[0.0692536,0.37297,0.530487,0.0900886,-0.473748,-0.272205,-0.434286,-0.0556995,-0.265863,3.1756,-0.617222,-0.00616688,-0.0328029,0.923548,0.861085,-0.500607,0.00353148],[0.59019,-0.121712,8.86458,-0.150462,0.512468,3.62142,2.97547,-0.265893,1.46944,-0.617222,83.9671,1.12038,0.51992,12.8844,1.02334,9.221,0.102266],[0.0240318,-0.0226479,0.140687,-0.0212644,0.0532494,0.0418201,0.0653909,-0.00813606,0.0502715,-0.00616688,1.12038,0.0699685,0.0517055,0.150397,0.0317868,0.163202,0.00890847],[0.0108623,-0.0361869,0.0524163,-0.0184826,0.0583802,0.0268004,0.0327172,-0.0025977,0.0512216,-0.0328029,0.51992,0.0517055,0.0553321,-0.133409,-0.0101726,0.132706,0.0073638],[0.0891903,0.103196,3.1491,0.212455,0.222574,0.949729,0.539916,0.0455953,-0.208541,0.923548,12.8844,0.150397,-0.133409,9.59877,0.49733,0.723472,0.00551043],[0.543833,0.772819,1.68276,0.193104,0.300479,0.493918,-0.249587,-0.161128,-0.0892155,0.861085,1.02334,0.0317868,-0.0101726,0.49733,2.41717,-0.306024,0.00515284],[-0.0993513,-0.139133,-0.0646484,-0.135616,0.180808,0.271834,0.871806,0.0594222,0.358316,-0.500607,9.221,0.163202,0.132706,0.723472,-0.306024,3.79481,0.0150401],[0.00344134,0.00874621,-0.074102,0.0046581,0.0209428,0.023741,0.00990643,-0.000786573,0.00771461,0.00353148,0.102266,0.00890847,0.0073638,0.00551043,0.00515284,0.0150401,0.0167024]],"n":17,"lags":3}