{"betahat":[[-0.451267,-2.06411,22.8038,-2.38046,0.408682,-3.55916,-1.74667,0.0723718,-3.16836,5.50244,-2.66274,0.749854,22.8238,1.20866,0.515563,11.3543,9.0479,-7.5561,-0.695],[0.792263,0.0961915,0.832165,-0.0826714,0.190074,0.610344,0.0435643,0.0245204,0.149607,0.321215,0.0534818,0.348244,5.17354,0.0146324,0.0298848,0.338334,-0.44011,0.638689,0.0355464],[-0.0173712,0.792025,-0.727272,-0.118046,-0.0192872,-0.287813,0.137272,-0.00416793,0.0547301,-0.491451,-0.0209648,0.155951,0.498483,-0.0123109,-0.0170673,-0.36625,-0.206815,0.165565,-0.00287847],[0.00249536,0.00285176,0.854976,0.0549632,-0.121818,-0.105887,-0.046742,0.00111478,-0.00721796,0.00519784,-0.01445,0.0166972,-0.6258,0.00238844,0.00860334,-0.135039,0.0406468,-0.145572,0.00102493],[0.0745226,0.0292078,-0.254571,1.02375,-0.0307669,-0.146533,-0.0183879,0.0057168,-0.0662419,-0.0645162,0.0217611,0.16617,1.4232,-0.0241052,-0.0339308,0.372056,-0.0556767,0.17877,-0.00929446],[-0.027271,-0.0164759,-0.267282,0.0324806,0.719917,-0.0465565,0.0920528,-0.0096038,0.0175602,0.172617,0.0284855,0.0731901,0.754967,0.0268354,0.018296,0.245235,0.143707,0.26281,0.00211808],[-0.00636078,-0.00800498,0.0537933,0.0408779,0.137247,0.895497,0.00022543,0.00892867,0.0108561,-0.219255,-0.00489711,-0.0560432,-0.0162864,0.015681,0.00671189,0.235845,-0.0383853,-0.0225929,-0.0135331],[-0.0696863,-0.105839,0.0060107,0.0841666,-0.0578106,0.0112718,0.99523,0.0191157,-0.0234133,0.0201295,-0.0194717,-0.542325,-1.43666,-0.058821,0.00182517,-0.873291,-0.427106,0.101989,-0.00386742],[-0.0331542,-0.0219474,-0.503741,-0.457388,0.13209,-0.23643,0.163388,0.907338,0.14208,-0.988273,-0.212618,-0.134763,-2.04974,-0.0757898,0.0629755,-0.240574,0.603401,0.566762,-0.1102],[-0.0960211,-0.338782,0.309069,0.403704,0.500416,0.398359,0.637611,0.0121348,1.05298,0.217674,0.376362,-0.115521,6.57796,-0.0204842,-0.0654086,1.65452,0.677285,1.78419,0.00942012],[0.0266609,0.0590973,0.0488253,0.0888088,-0.0437161,-0.0891346,-0.0758415,-0.00118679,-0.00162526,0.872853,0.0200179,0.0528298,0.227482,-0.0020301,-0.00698771,-0.0664811,-0.0577531,0.0916182,0.00293453],[-0.163335,-0.163765,-1.16365,-0.225595,-0.28171,-0.390694,0.397962,0.0849762,0.126277,-0.0785306,0.987337,-0.851219,1.50134,0.155235,0.112813,-0.058672,-0.299121,0.497284,0.0867488],[0.0150747,0.00502621,-0.0522587,0.00744069,0.110811,0.0535006,0.0507838,0.00483187,0.0416096,-0.0899151,0.0472393,0.823053,-0.419397,0.0154836,0.0322241,-0.385899,0.120877,0.260453,-0.000528679],[0.0039247,0.00754168,-0.0116585,-0.0210728,-0.00613187,-0.0136748,-0.00934357,0.00237314,0.00426961,-0.0337269,0.00232343,-0.0314978,0.88375,0.000476695,0.000603104,-0.0240655,-0.014612,-0.010219,0.0010012],[0.00685527,-0.191351,2.20621,0.423081,1.1616,1.45464,0.256983,0.0650182,-0.295953,0.0471286,-0.128597,1.12182,-5.16185,0.841994,-0.0450434,-0.673482,0.481937,-0.479802,0.0724405],[0.0737981,-0.169082,-0.238788,-0.0260567,-0.174717,-0.574287,-0.154281,-0.239626,-0.111025,0.87454,0.0555195,0.577151,-9.00606,-0.0202949,0.994752,-2.49919,0.391077,-1.12929,0.00603526],[-0.00842473,-0.00915444,0.0836217,0.0300965,0.0407376,0.00313083,0.0191225,-0.0105277,-0.00822085,0.14442,-0.0148812,-0.0127775,0.000747004,0.0149781,0.00977422,0.998053,0.0640595,0.079345,0.00280436],[0.113742,0.187339,0.251879,-0.0156228,-0.0211664,0.109867,0.045374,-0.0233598,0.00684925,0.182672,-0.0351509,0.168183,1.77093,0.0185696,-0.00804268,0.503666,0.776653,0.094906,0.0037751],[0.00825993,0.0576555,0.100274,-0.0325634,0.0431475,0.103865,0.0296265,0.0132918,0.0420571,-0.162564,0.133364,0.0842601,-0.290225,0.00211207,0.0125291,-0.340057,-0.00827275,-0.0819385,0.00501819],[0.418773,0.207322,1.884,-0.425427,0.138836,-1.03042,-0.477884,-0.00393695,0.112243,-0.782823,-0.336973,2.00008,-0.5838,0.0142905,0.0679161,-0.911422,2.62993,0.821715,1.00361],[0.174856,0.0055922,-0.760859,0.043752,-0.0371682,-0.262568,-0.0712997,-0.0279812,-0.0848278,-0.552296,-0.0732994,-0.125077,-3.99555,-0.0170542,-0.0150481,-0.388231,0.101944,-0.402668,-0.0261542],[0.0364574,0.170138,0.553691,0.161919,0.149532,0.363723,-0.0578606,-0.00207674,-0.0200989,0.200526,0.0194667,-0.187644,-0.142042,0.00470645,0.01124,0.225099,0.30074,0.0166484,0.00951514],[0.0161658,0.000231632,0.190499,-0.000697386,0.163333,0.200322,0.0260503,-0.000557377,0.00328568,-0.00336982,-0.00172746,-0.0513088,0.881605,0.00644066,-0.00305089,0.221447,-0.0174892,0.118365,-0.000914566],[-0.0640786,-0.0349628,-0.132215,0.068571,0.00375341,0.119285,-0.0761861,-0.0295549,-0.0118986,0.0464055,0.0156439,-0.00422462,-2.70759,-0.0122329,0.0164543,-0.688052,0.127251,-0.446632,0.00714413],[-0.0578387,-0.0235943,-0.293272,-0.108969,0.148297,-0.0999805,0.0315701,0.00164297,0.0233056,-0.18948,0.0176754,-0.188125,-0.354208,-0.00807996,-0.00938013,-0.238546,-0.156946,-0.143008,0.00300045],[-0.0149739,-0.00963464,0.0141453,-0.0818318,-0.150026,-0.0388947,0.0397708,0.00581928,-0.0011685,0.290431,0.0187284,0.0552474,-0.0603222,0.00200543,0.00210339,-0.0243006,0.0224727,0.009853,0.00686145],[0.0728732,0.0341885,0.136955,-0.0272689,0.0797383,-0.0219627,-0.0479331,-0.032965,0.00825507,0.105065,0.0319639,0.444944,1.08147,0.0373116,-0.00343795,0.608044,0.392595,-0.143241,0.00719726],[-0.110157,0.132836,-0.651241,0.357385,-0.294134,-0.242051,-0.0961698,0.062072,0.0674709,0.843848,0.248447,0.532951,2.84265,-0.0246499,-0.0642913,-1.11575,-0.947332,-0.305873,0.0717644],[0.0193093,-0.034824,0.00922179,0.159306,-0.294903,-0.273948,-0.278382,-0.0680508,-0.0947273,0.602059,-0.105954,0.328355,-2.10374,0.0257105,-0.00622965,-0.271261,0.41126,-0.943956,-0.0496998],[-0.0192913,-0.0383215,0.0895238,-0.0715064,0.0386458,0.189193,0.0571658,0.0037092,0.0115687,-0.00564147,0.00894655,-0.0202535,0.121741,0.00320944,0.00323744,0.0360035,0.0619387,-0.0590262,0.00489852],[0.0761729,0.153425,0.756071,0.0632771,0.0883891,0.0171717,-0.180597,-0.0447098,-0.114522,0.346972,-0.186701,0.349545,0.778994,-0.0658685,-0.0684927,0.512799,0.0366087,-0.0972055,-0.012358],[-0.0203342,-0.0144741,-0.00913095,0.0170604,-0.0399936,0.0264249,-0.0413274,-0.000439938,-0.0492126,0.0455625,-0.0344735,0.100812,0.526959,-0.0137992,-0.0328909,0.444872,-0.00641624,-0.263171,0.00196342],[-0.00101629,-0.00628369,0.023347,0.0128018,0.00603314,0.00492456,0.0134747,0.000200378,-0.00137244,0.00743812,0.00129335,0.0229083,0.0550807,-0.000816862,-0.000716959,0.0120474,0.0215198,0.0164575,-0.000923158],[0.18013,0.139627,-1.29346,-0.199326,-0.32156,-0.475501,-0.418748,-0.0170135,0.27954,-0.695286,-0.0665716,-0.543332,-0.00934741,-0.0693859,-0.0671366,-0.9652,-0.13441,-0.163546,0.0424255],[-0.159876,0.43327,-0.93643,0.0146833,0.168208,0.383514,-0.381628,0.0627467,-0.00836401,-0.70287,-0.193368,-1.04019,3.96609,-0.150909,-0.190118,2.02271,-0.760368,-0.292927,-0.00529805],[0.0262331,0.00596152,-0.0745965,-0.0119249,-0.0113151,0.0157693,-0.0184361,0.00919003,0.00820435,-0.108019,0.00694943,0.0353014,0.242559,-0.0106458,-0.004723,-0.0151979,0.00120385,-0.0317262,-0.00235084],[-0.00658595,0.00791944,-0.156699,0.00625332,-0.0152955,-0.107987,-0.0517338,-0.00386921,-0.0306761,0.09726,-0.00804817,-0.130636,-2.17695,-0.0186195,0.00537173,-0.354817,-0.0639258,-0.0815774,-0.0125795],[-0.0251927,0.0372932,0.00789897,0.00633039,-0.0357492,0.0048319,-0.00106548,-0.00299237,0.0111043,-0.189751,0.0878162,-0.222628,-0.753565,0.00835201,0.0166133,-0.30627,-0.0510173,0.0398361,0.0140785],[-0.602721,0.121455,-0.807547,0.0527837,-1.01166,-0.40499,0.39656,-0.0666991,-0.0611538,0.402706,0.56062,-0.588525,1.62034,-0.165146,-0.161426,0.876316,-1.18181,-0.538461,-0.147456],[0.0328408,-0.101501,-0.0720967,0.0389985,-0.152908,-0.347301,0.02788,0.00346985,-0.0646046,0.230751,0.0199449,-0.223052,-1.17652,0.00235857,-0.0148871,0.0497294,0.337542,-0.235575,-0.00936661],[-0.0187761,0.037832,0.17384,-0.0436659,-0.129686,-0.074982,-0.0789392,0.00625833,-0.0342345,0.290911,0.00171758,0.0318977,-0.347885,0.00774716,0.00590793,0.14279,-0.09379,-0.180761,-0.00661715],[-0.018858,-0.00222597,-0.0544247,-0.0540153,-0.0418586,-0.0943945,0.0212594,-0.000333148,0.00394471,-0.00269659,0.0162053,0.0347019,-0.26806,-0.00915021,-0.00566823,-0.0906899,-0.0254486,0.0283441,-8.30934e-05],[-0.0104184,0.00622068,0.384612,-0.092357,0.0270629,0.0275841,0.0945358,0.0238344,0.0783049,0.018094,-0.0373016,-0.161433,1.28364,0.0362782,0.0174421,0.31541,-0.0716242,0.268212,0.00220488],[0.0850308,0.0403397,0.559753,0.0765726,0.130895,0.145961,-0.123433,0.00787841,-0.0407601,0.0171193,-0.0461255,0.114741,-0.397256,-0.018793,-0.00900337,-0.00575227,0.013079,-0.119254,-0.0050714],[0.0212846,0.0179759,-0.0701027,0.0411406,0.0119938,0.14302,-0.0398254,-0.0147836,-0.00960104,-0.0710733,-0.0137126,0.000794236,0.0758252,-0.0177866,-0.0089126,-0.211229,0.0150855,0.0132911,0.00674616],[-0.00204385,0.0718601,-0.139102,-0.0552868,-0.0205932,0.0136849,0.0520917,0.0129332,0.0160385,-0.122995,-0.0122653,0.102797,0.369709,0.0220589,0.00192748,0.274053,0.0360161,0.0424255,-0.00305445],[0.149895,-0.146731,1.03872,0.00737069,0.238469,0.480776,-0.22,-0.00811388,-0.103173,-0.249279,-0.0393168,-0.56514,-0.963975,0.0748637,0.0264554,0.728235,0.326555,-0.281462,0.0299459],[-0.00719193,0.0147493,-0.0433948,-0.174503,0.0817603,0.163513,-0.0377263,0.0819254,-0.022935,-0.39852,-0.0127823,-0.0540326,-2.60757,-0.00883324,0.0268723,-0.528999,-0.299726,-0.163366,0.0113553],[-0.0077476,-0.0203842,-0.135758,-0.0182468,0.0029553,-0.102388,0.0187029,-0.00205936,-0.0104321,0.128075,-0.0294197,-0.0372445,-0.348505,-0.00156342,0.00345154,0.0253301,-0.0074812,-0.0347336,-0.00803293],[0.0784054,0.0399679,-0.231745,0.000521391,0.250115,0.337569,-0.0923551,-0.0143848,-0.00240999,-0.281073,-0.0141267,-0.165161,0.179622,0.0156958,0.0131253,0.115055,-0.0764569,-0.0946678,0.0019014],[0.00573906,0.0113191,0.0469993,-0.0244478,-0.071402,-0.0768316,-0.00500952,-0.00321312,0.011094,0.0431095,-0.0104536,0.0744561,-0.0384168,-0.00155851,0.000512963,-0.0513584,-0.118734,0.017644,-0.00129951],[-0.0014445,0.000917533,-0.00705024,0.00809894,-0.00196361,0.00620538,-0.00322392,-0.00276366,-0.00398366,0.0154843,-0.00323026,0.000175666,-0.0712089,-0.0010196,-0.000174296,-0.00599265,-0.0203155,-0.00713437,-0.000144484],[0.106695,-0.307517,0.270093,0.0584447,-0.273992,-0.287129,-0.0516452,0.0789305,-0.0983918,0.481384,0.140406,-0.526612,1.00528,0.0479548,0.0394194,0.499281,-0.355926,-0.284339,0.00155591],[-0.0688419,-0.219121,-0.233086,-0.0489931,0.0332811,0.169285,0.304047,0.145627,0.00138551,0.0940965,0.0642293,0.250103,2.4431,0.0554346,0.0575945,-0.233834,0.350775,0.380514,-0.00689471],[-0.0156744,0.00453662,-0.0095715,-0.0156896,-0.0261998,-0.0154816,-0.0016136,-3.6753e-05,0.0018299,-0.0332662,0.00860945,-0.00902375,-0.242632,-0.0036202,-0.00424742,0.0184087,-0.0615883,-0.0438394,0.000219745],[0.0125089,0.00324399,0.0316046,-0.0278066,0.0476904,0.0349651,0.00192489,-0.0135914,0.0178741,-0.0325467,0.0159608,-0.00925201,0.225896,0.0163306,0.0162127,-0.222984,-0.137987,0.0935835,0.00189919],[0.00368314,-0.0270873,-0.159693,0.0223221,0.053417,0.0266572,0.0432618,0.00348754,0.0244202,-0.0675567,0.025994,0.0937253,-0.458185,0.00618672,0.00734234,0.0181405,-0.0602876,-0.120064,0.00364811],[-0.187681,0.0488213,-1.12614,-0.0173685,-0.526193,0.1524,-0.244308,0.0373487,0.0551713,0.212062,-0.259923,-0.201029,-2.81114,0.141896,0.138106,0.0248565,-1.38972,-0.50129,-0.0847039]],"sigmahat":[[0.153597,0.0122805,0.446016,0.0559788,0.177453,0.131079,-0.0635626,-0.0191171,-0.0111151,-0.0765345,-0.021252,0.00962857,0.566589,0.025575,0.00890629,0.249726,0.0929076,-0.0638275,-0.000141017],[0.0122805,0.414773,-0.443998,-0.0737659,-0.245431,-0.0656021,-0.13916,0.00176471,-0.0608049,0.0687129,-0.0623596,-0.0813993,-1.43221,-0.0555357,-0.0525136,-0.0310192,-0.358566,-0.238046,0.00402919],[0.446016,-0.443998,10.3571,0.363931,1.33641,1.60416,0.12319,-0.0863364,0.028425,0.0379505,-0.0945988,0.0642166,9.46193,0.177053,0.061067,3.41157,0.569556,0.00385142,-0.0616167],[0.0559788,-0.0737659,0.363931,0.372961,0.295442,0.330471,0.000405194,-0.0181956,-0.0419793,0.0235671,-0.0104792,0.168501,1.01257,0.0097472,-0.00195526,0.423843,0.474685,0.0290948,0.0103322],[0.177453,-0.245431,1.33641,0.295442,1.67216,1.30988,0.0416665,-0.0242594,0.0387981,-0.211926,0.039668,0.42789,2.29998,0.107342,0.0797561,0.654174,0.902773,0.304583,0.030267],[0.131079,-0.0656021,1.60416,0.330471,1.30988,2.00666,0.0456363,-0.0448532,0.0475173,-0.17491,0.00642732,0.358186,4.49653,0.0902592,0.052887,1.17191,0.600121,0.390068,0.0252102],[-0.0635626,-0.13916,0.12319,0.000405194,0.0416665,0.0456363,0.403314,0.0194136,0.082245,-0.208947,0.0874623,-0.0405621,2.60969,0.0355986,0.0133454,0.35861,0.281049,0.560975,-0.00199826],[-0.0191171,0.00176471,-0.0863364,-0.0181956,-0.0242594,-0.0448532,0.0194136,0.0431129,0.00209877,0.00941591,0.0081851,-0.00961873,-0.201561,-0.00653447,-0.000263861,-0.0284585,-0.00636546,0.0377296,-0.00205392],[-0.0111151,-0.0608049,0.028425,-0.0419793,0.0387981,0.0475173,0.082245,0.00209877,0.104757,-0.171121,0.0457237,-0.0114344,1.09143,0.0320477,0.0333413,-0.183613,-0.0392219,0.215616,0.00172262],[-0.0765345,0.0687129,0.0379505,0.0235671,-0.211926,-0.17491,-0.208947,0.00941591,-0.171121,2.16418,-0.13384,0.589257,-0.367484,-0.0132622,-0.0248472,1.10342,0.530767,-0.166869,0.00177671],[-0.021252,-0.0623596,-0.0945988,-0.0104792,0.039668,0.00642732,0.0874623,0.0081851,0.0457237,-0.13384,0.133635,-0.0683712,0.0158542,0.00884956,0.0147298,-0.141141,0.0232251,0.0807796,0.00579265],[0.00962857,-0.0813993,0.0642166,0.168501,0.42789,0.358186,-0.0405621,-0.00961873,-0.0114344,0.589257,-0.0683712,2.23828,1.30381,0.015339,0.0254939,0.107749,1.0775,0.0498899,0.00745829],[0.566589,-1.43221,9.46193,1.01257,2.29998,4.49653,2.60969,-0.201561,1.09143,-0.367484,0.0158542,1.30381,95.3281,1.02244,0.220302,15.6074,5.41512,7.82224,0.0453415],[0.025575,-0.0555357,0.177053,0.0097472,0.107342,0.0902592,0.0355986,-0.00653447,0.0320477,-0.0132622,0.00884956,0.015339,1.02244,0.0472745,0.0326058,0.155266,0.110567,0.100101,0.00149848],[0.00890629,-0.0525136,0.061067,-0.00195526,0.0797561,0.052887,0.0133454,-0.000263861,0.0333413,-0.0248472,0.0147298,0.0254939,0.220302,0.0326058,0.0399386,-0.135229,0.0212284,0.0640618,0.00176789],[0.249726,-0.0310192,3.41157,0.423843,0.654174,1.17191,0.35861,-0.0284585,-0.183613,1.10342,-0.141141,0.107749,15.6074,0.155266,-0.135229,8.71762,1.85045,0.6546,0.0168921],[0.0929076,-0.358566,0.569556,0.474685,0.902773,0.600121,0.281049,-0.00636546,-0.0392219,0.530767,0.0232251,1.0775,5.41512,0.110567,0.0212284,1.85045,3.00312,0.57793,0.0185509],[-0.0638275,-0.238046,0.00385142,0.0290948,0.304583,0.390068,0.560975,0.0377296,0.215616,-0.166869,0.0807796,0.0498899,7.82224,0.100101,0.0640618,0.6546,0.57793,2.32832,0.00865454],[-0.000141017,0.00402919,-0.0616167,0.0103322,0.030267,0.0252102,-0.00199826,-0.00205392,0.00172262,0.00177671,0.00579265,0.00745829,0.0453415,0.00149848,0.00176789,0.0168921,0.0185509,0.00865454,0.00978949]],"n":19,"lags":3}