{"betahat":[[0.834872,0.981971,4.65062,-0.292282,0.846713,0.622646,0.0767568,-0.146818,-0.304814,0.0537216,8.57884,0.0984208,-0.0951591,4.119,1.95875,0.684253,-0.152991],[0.981863,0.214413,0.990489,-0.0112595,0.238723,0.605467,-0.00967032,-0.0285769,0.0822673,0.386749,2.20061,0.00830453,0.0356315,0.00375519,-0.06406,0.382688,0.0179606],[0.0468186,1.00307,-0.435027,-0.11058,-0.00412557,-0.170045,0.0689373,-0.0330006,0.0476135,-0.396329,-0.151932,-0.00123711,0.000171305,-0.389678,-0.0707657,0.0474358,-0.0122666],[0.00668086,0.0185986,0.907586,0.0436188,-0.111027,-0.083991,-0.0442067,-0.000172294,-0.00540979,-0.00612407,-0.758121,-0.000358131,0.00983601,-0.156253,-0.00897772,-0.135683,0.00134764],[0.0909728,0.0409395,-0.126183,1.11301,-0.0917856,-0.150748,-0.0254115,0.0062474,-0.0762223,0.0259098,0.992419,-0.011942,-0.0291458,0.28667,-0.129475,0.134748,-0.00952544],[0.00414918,0.041184,-0.164378,-0.00656182,0.779181,-0.028192,0.076018,-0.00915065,0.0184532,0.11923,0.342321,0.0182553,0.0153858,0.0889915,0.0662905,0.192891,0.00176345],[-0.00592213,-0.0137687,0.00544698,0.0381845,0.115993,0.911433,0.0118662,0.00868329,0.00899648,-0.173572,-0.218895,0.00501672,-0.00021314,0.195412,0.00494606,-0.0298544,-0.0134509],[-0.00996478,-0.0433015,0.00731303,0.112474,-0.00746663,0.0280479,1.10616,0.0124707,-0.0285794,0.251464,-0.130746,-0.00320941,0.0146662,-0.382175,-0.0414108,0.111212,0.0269833],[-0.0345135,0.0210069,-0.522162,-0.313466,0.0963483,-0.102391,0.344204,1.01192,0.113283,-0.832718,1.53533,-0.0478621,0.0229313,0.676497,0.771068,0.649591,-0.0349439],[-0.0898279,-0.186065,0.178629,0.181731,0.19864,0.186348,0.579953,0.0214573,1.11017,-0.0351556,3.00019,-0.0316601,-0.0344082,0.530331,-0.00693674,1.18295,0.00648702],[0.0071811,0.0131251,-0.00300127,0.0686314,-0.0110344,-0.073711,-0.0543158,0.00181777,-0.00761711,0.917707,-0.0600158,-0.00309889,-0.00427092,-0.136964,-0.126897,0.0726423,-0.000501594],[-0.00200584,0.000160221,-0.0142704,-0.0195953,-0.00337323,-0.0108594,-0.00990971,0.00378715,0.00444281,-0.0326315,1.05151,0.000576527,-0.000801342,-0.0151751,-0.0219178,-0.0097113,-1.75919e-05],[-0.280677,-0.273177,0.915257,0.350636,0.75959,0.914957,0.374639,0.0439514,-0.375055,0.730714,-3.07315,0.917529,-0.0658166,0.250274,-0.0321328,-0.337177,0.0350271],[0.143909,-0.162675,0.613584,0.00228839,-0.0177364,-0.30616,-0.0568256,-0.19267,0.0560611,0.117537,-6.68698,0.0579656,1.10614,-1.90791,0.276858,-0.650987,0.0381748],[0.0193124,0.0492408,0.151235,0.0242265,0.0183391,0.00631368,-0.00225848,-0.0175197,-0.00794465,0.142389,0.237192,0.0143493,0.00639036,1.06584,0.113216,0.0889402,0.00246394],[0.0468093,0.0305273,-0.032408,0.0417731,0.0701939,0.103729,-0.00482648,0.00971017,0.0123853,-0.0359113,0.554942,-0.00997781,-0.0124005,0.0214011,0.405975,0.0325569,0.00464905],[0.0198077,0.0673572,0.0511849,-0.0131442,0.0293909,0.0901809,0.0605206,0.0110403,0.0415209,-0.155886,-0.348773,0.0010114,0.0125714,-0.227607,0.0850667,0.152437,-0.00135483],[0.390192,0.244425,1.04582,-0.786601,0.0944933,-1.11078,-0.182149,0.0766685,-0.0467667,-0.544688,3.51893,0.117376,0.0418868,1.11996,0.0715144,0.749486,1.22579],[0.0565735,-0.0885593,-0.782466,0.0311679,-0.0637316,-0.308714,-0.0153659,0.00471039,-0.0366918,-0.509025,-1.84315,0.00471782,-0.00683039,-0.265315,-0.030425,-0.213069,-0.0115302],[-0.00197603,0.0429894,0.472705,0.160684,0.0730785,0.231845,-0.0247356,0.0145063,-0.0204024,0.169827,-0.157649,-0.00217292,0.00721298,0.1126,0.0766506,0.0388634,0.004811],[0.017875,0.00252638,0.15247,-0.000546714,0.137916,0.154501,0.0233997,-0.00209839,0.000390703,0.00544189,0.762258,0.00374816,-0.00619545,0.178253,0.027346,0.108726,-0.00264725],[-0.0732481,-0.0738453,-0.205297,-0.0304105,0.122621,0.163319,-0.017686,-0.0134121,0.0151218,-0.016633,-1.36424,-0.000531663,0.0169879,-0.441317,0.114455,-0.28929,0.0212858],[-0.0535299,-0.0578002,-0.242788,-0.0512816,0.133926,-0.0756675,0.0100465,0.000909081,0.00937128,-0.114024,-0.338664,-0.00603362,-0.0083165,-0.193199,-0.0120261,-0.143686,0.00253488],[-0.0107021,-0.0169905,0.0201454,-0.0538643,-0.104793,-0.014625,0.0188793,0.00158112,-0.00838082,0.241356,-0.0557281,0.00247661,0.00186213,-0.0616974,0.0287954,-0.0220355,0.00662332],[0.0165435,0.0139425,0.0675595,-0.0473995,-0.0112768,-0.0684136,-0.110779,-0.020905,0.000647043,-0.033759,-0.10817,-0.00114937,-0.0128891,0.244132,0.0510537,-0.205551,-0.0144841],[-0.0673562,0.0271902,-0.487036,0.278137,-0.082234,-0.0792721,-0.159683,0.00963348,-0.0171763,0.984066,-0.120897,-0.0197143,-0.0430995,-0.94912,-0.638164,-0.368475,0.0332222],[-0.01233,0.0152749,-0.199745,0.00985047,-0.35031,-0.396975,-0.325558,-0.0659652,-0.0950549,0.399265,-2.39075,0.0131501,-0.00359317,-0.313969,-0.175204,-0.965515,-0.0346783],[-0.00163298,-0.00169242,0.0698342,-0.0645288,0.0206132,0.161613,0.0484653,0.00393867,0.0152042,-0.0207898,0.34315,0.00581782,0.00307913,0.0956693,0.0740032,-0.0575286,0.00822153],[0.00479494,-0.00158576,0.0257826,0.0101394,0.00929517,0.00939497,0.00994453,-0.00163691,-0.00102797,0.0075446,-0.00427599,0.000476794,0.000634884,0.019037,0.0159271,0.00800009,0.000444335],[0.232366,0.306521,-1.05898,-0.284497,-0.27741,-0.351321,-0.412069,-0.0376203,0.340974,-1.05981,-0.178642,-0.055361,-0.0259148,-1.08757,-0.0461864,0.0327031,0.023713],[-0.14483,0.337017,-0.789331,0.0462376,0.0750924,0.304473,-0.197317,0.0872397,-0.0222755,-0.294986,3.86532,-0.132987,-0.161783,1.55016,-0.212661,0.180861,-0.0158648],[0.0108681,-0.0200981,-0.0871796,-0.00763751,0.00298166,0.0241747,-0.0188169,0.0113937,0.00296679,-0.125601,-0.0849809,-0.0141461,-0.00466302,-0.0709187,-0.0521896,-0.0848569,-0.00344257],[0.021971,-0.045923,-0.141206,-0.0325453,0.152158,0.0606116,0.0135749,-0.00251676,0.019869,0.115236,-0.127538,0.0101661,0.0155187,-0.0754669,0.124018,0.138158,0.00544334],[-0.0343973,0.0145596,-0.109642,-0.00907627,-0.0734303,-0.062622,0.0607305,0.00284329,0.0245035,-0.102342,-0.214724,0.0261977,0.0266683,-0.203251,-0.0432426,0.276308,0.0191923],[-0.408723,0.121253,-0.801013,0.303148,-0.374436,0.289455,0.266944,-0.0709927,0.0889615,0.268641,0.854843,-0.095839,-0.0465657,-0.227765,0.167685,-0.153523,-0.18535],[-0.0384573,-0.12583,-0.208165,-0.0198745,-0.175041,-0.296731,0.0251129,0.0238793,-0.0455456,0.122269,-0.356935,-0.0130178,-0.0287988,0.261703,0.0944297,-0.169488,-0.00642502],[-0.0448615,-0.0460542,-0.0378015,-0.0500544,-0.0689992,-0.0617375,-0.044084,0.018513,-0.0271445,0.226498,0.310713,0.00342247,-0.00737464,0.277269,-0.00594521,-0.0860589,0.00746199],[-0.0246507,-0.0211245,-0.0612003,-0.0430496,-0.0268993,-0.0705937,0.0209382,0.00233656,0.00503013,0.00040107,-0.00505031,-0.00341226,-0.00364344,-0.0221337,-0.0187107,0.0272309,0.00130435],[-0.0177955,0.0328443,0.331148,-0.082612,-0.0309039,-0.0126269,0.0432037,0.00718507,0.0610975,-0.00935101,0.372233,0.0124896,0.0121491,0.155135,0.0148742,0.154678,-0.0117526],[0.0493703,0.0166867,0.407043,0.0578783,0.08673,0.103792,-0.08599,0.0082471,-0.0278017,-0.00512501,-0.00312742,-0.0122146,-0.00706952,0.1044,-0.0542816,-0.0490975,-0.00429011],[0.0165956,0.0308078,-0.025875,0.0157119,-0.0113505,0.103106,-0.0306409,-0.0102461,-0.000575771,-0.0677426,0.275181,-0.00748829,-0.00164827,-0.133546,-0.0338111,0.0520746,0.00683822],[-0.00650457,0.0296616,-0.0747752,-0.065009,0.0186309,0.0409057,0.0048196,0.00838215,0.0281535,-0.217398,0.24219,0.00453166,-0.00166239,0.139768,-0.00949391,0.0951303,-0.0124292],[0.112193,-0.0814768,1.03199,0.0107847,0.059175,0.203796,-0.244947,-0.0444901,-0.0909228,-0.258343,-1.57443,0.0548809,0.0195632,0.111666,-0.117154,-0.337865,-0.00312467],[0.0581002,0.0466132,-0.0566628,-0.148839,0.210975,0.222156,-0.141923,0.0446176,-0.0389117,-0.281817,-0.347303,0.0311138,0.0392754,-0.0501666,0.114886,-0.0535242,0.0351355],[-0.00560942,-0.011466,-0.0661182,-0.00425259,-0.00992109,-0.0881875,0.00565319,-0.00572751,-0.00769149,0.102617,-0.283533,-0.0028431,0.00110586,0.0402798,0.0526496,-0.015794,-0.00776565],[-0.00308464,0.000254862,-0.0119738,0.00959574,-0.00550036,0.00117043,0.000491752,-0.00196862,-0.00328726,0.0224324,-0.0598879,-0.00117747,0.000227825,-0.00618718,0.00384942,0.00278997,-0.000405093],[0.110923,-0.115583,0.341353,0.0501869,-0.36817,-0.359078,-0.0858542,0.0322194,-0.0457089,0.391378,0.841661,0.0250279,0.0199973,0.40548,0.118198,-0.213665,-0.04498],[-0.00613055,-0.163212,0.019867,-0.0380143,-0.0372135,0.0225074,0.182227,0.0963828,-0.0884514,0.28976,2.23785,0.0385993,0.0129019,0.27953,-0.0108052,0.151222,-0.0230804],[-0.0298544,-0.0285646,-0.064201,-0.0162586,-0.0213743,-0.0303261,0.021338,0.00602022,0.0054865,-0.0165213,-0.150997,2.45957e-05,-0.0014918,0.00500935,-0.0605154,-0.0022594,0.0010812],[-0.012132,-0.00439572,0.00628735,0.0317183,0.0406858,0.0661725,-0.00326818,-0.00793681,0.00518009,-0.0185396,0.129045,0.00811647,0.0149641,-0.25553,0.00129161,0.0209822,0.00631844],[-0.00940108,-0.0468845,-0.181624,0.0294373,0.0155944,-0.0166162,0.0589406,0.00627094,0.00974991,0.0101381,0.0327345,0.0144907,0.00369256,0.147616,-0.028677,-0.0582663,0.0090336],[-0.132623,-0.125305,-0.864867,0.270711,-0.297143,0.307279,-0.203429,0.0179759,-0.000669189,0.29685,-4.09939,0.0357225,0.0584493,-0.311724,-0.357325,-0.484406,-0.106753]],"sigmahat":[[0.318539,0.229261,0.811858,0.11031,0.240502,0.271405,-0.139334,-0.0541467,-0.0188857,0.0502642,0.584621,0.0261929,0.0129765,0.0945644,0.53508,-0.101766,0.00322689],[0.229261,0.777267,-0.0939221,0.0382028,-0.144588,0.148817,-0.220457,-0.0428531,-0.0577764,0.370049,-0.128908,-0.023568,-0.0371358,0.100198,0.77768,-0.140405,0.0101428],[0.811858,-0.0939221,12.4976,0.587144,1.64138,2.12039,-0.105194,-0.171153,-0.0160935,0.500894,9.22392,0.142261,0.0553217,3.26974,1.59036,-0.0730777,-0.0748885],[0.11031,0.0382028,0.587144,0.374692,0.242819,0.361729,-0.0719832,-0.0359634,-0.0654682,0.0850985,-0.135105,-0.0201309,-0.0174566,0.227739,0.201114,-0.153106,0.00321405],[0.240502,-0.144588,1.64138,0.242819,1.82674,1.49151,0.0109004,-0.0353919,0.0270227,-0.472507,0.569411,0.0570501,0.0606791,0.305814,0.332899,0.183198,0.0185693],[0.271405,0.148817,2.12039,0.361729,1.49151,2.43168,-0.0294485,-0.0632533,0.0317982,-0.29214,3.71103,0.0477897,0.0291724,1.06613,0.515955,0.269597,0.0218253],[-0.139334,-0.220457,-0.105194,-0.0719832,0.0109004,-0.0294485,0.623796,0.058793,0.13206,-0.427833,2.88765,0.0582028,0.0287122,0.518845,-0.235926,0.850068,0.00770685],[-0.0541467,-0.0428531,-0.171153,-0.0359634,-0.0353919,-0.0632533,0.058793,0.0618234,0.00688508,-0.056355,-0.213886,-0.00769406,-0.00212686,0.0398885,-0.155287,0.070445,-0.0014497],[-0.0188857,-0.0577764,-0.0160935,-0.0654682,0.0270227,0.0317982,0.13206,0.00688508,0.145258,-0.27202,1.41802,0.0472904,0.0479723,-0.203257,-0.0897432,0.343638,0.00751647],[0.0502642,0.370049,0.500894,0.0850985,-0.472507,-0.29214,-0.427833,-0.056355,-0.27202,3.16941,-0.677899,-0.00996597,-0.0352912,0.954699,0.864349,-0.514791,0.00235875],[0.584621,-0.128908,9.22392,-0.135105,0.569411,3.71103,2.88765,-0.213886,1.41802,-0.677899,82.7339,1.04601,0.456333,13.0216,1.01061,8.6509,0.0952392],[0.0261929,-0.023568,0.142261,-0.0201309,0.0570501,0.0477897,0.0582028,-0.00769406,0.0472904,-0.00996597,1.04601,0.0658356,0.0486159,0.131495,0.0338505,0.146646,0.00888581],[0.0129765,-0.0371358,0.0553217,-0.0174566,0.0606791,0.0291724,0.0287122,-0.00212686,0.0479723,-0.0352912,0.456333,0.0486159,0.0526857,-0.144989,-0.00576795,0.120972,0.00737489],[0.0945644,0.100198,3.26974,0.227739,0.305814,1.06613,0.518845,0.0398885,-0.203257,0.954699,13.0216,0.131495,-0.144989,9.58368,0.497597,0.665054,0.00398166],[0.53508,0.77768,1.59036,0.201114,0.332899,0.515955,-0.235926,-0.155287,-0.0897432,0.864349,1.01061,0.0338505,-0.00576795,0.497597,2.35679,-0.287093,0.00812735],[-0.101766,-0.140405,-0.0730777,-0.153106,0.183198,0.269597,0.850068,0.070445,0.343638,-0.514791,8.6509,0.146646,0.120972,0.665054,-0.287093,3.63562,0.0142357],[0.00322689,0.0101428,-0.0748885,0.00321405,0.0185693,0.0218253,0.00770685,-0.0014497,0.00751647,0.00235875,0.0952392,0.00888581,0.00737489,0.00398166,0.00812735,0.0142357,0.0161969]],"n":17,"lags":3}