{"betahat":[[7.64259,8.7281,0.0659248,-3.7418,16.3983,10.6163,-3.76885,0.35489,-1.43562,4.03101,0.339476,-0.629974,-0.02039,-0.370043,-0.0878023,4.81451,-1.83194,23.0765,28.1679,1.0665,62.4322],[0.834321,-0.19767,0.100878,-0.0638211,0.10897,0.295587,-0.0854455,-0.0147933,0.108941,0.000640713,0.0025721,0.000531283,0.00458152,-0.00557408,-0.00304073,-0.0420762,-0.0274312,0.017738,-0.041656,-0.0095001,-0.210729],[-0.11814,0.725061,-0.111477,-0.0672457,0.0849756,-0.0775186,-0.0732146,0.00766406,0.0341965,-0.0376458,-0.050459,-0.00221745,-0.0105841,-0.00656862,0.00199169,-0.0298263,-0.0469288,0.042745,-0.0300668,-0.000772115,-0.902844],[0.131112,0.129602,0.899046,0.0231306,0.0556958,-0.0468986,-0.0532304,-0.0287986,0.0892281,0.0123965,-0.0280939,0.00134656,0.0032871,-0.0037596,0.00771594,0.0787712,-0.0231427,-0.03435,-0.032712,0.00751022,-0.69207],[0.464964,0.534219,-0.113218,0.98941,0.771288,0.53205,-0.125334,0.0519958,0.418659,-0.103534,-0.097533,0.0205966,-0.032943,-0.00917797,-0.0431416,0.08559,-0.0907022,0.182054,-0.38175,-0.0300258,-0.655997],[-0.0767675,-0.0622992,0.132507,-0.0230586,0.855268,0.112588,0.0421377,-0.00890356,-0.0439489,0.00398941,0.0262267,0.0040367,-0.000975725,0.00534896,-0.00152688,-0.0314882,0.0294209,0.00440339,-0.00132764,0.00420051,0.490613],[0.0950739,0.0691684,-0.10231,0.0186822,0.062172,0.759872,0.0757223,0.00414825,-0.0417626,-0.0662159,-0.0662479,0.00212582,0.00504669,-0.00225728,0.00308108,0.0178648,0.0336783,0.0210023,-0.0427194,-0.0172837,-0.461684],[-0.135222,-0.0737246,-0.010676,0.0563966,-0.362664,-0.104989,0.630753,-0.0195627,0.245061,0.0951766,-0.0741628,0.0262921,-0.0373039,0.0244084,-0.0127725,-0.103562,-0.124724,0.0916836,-0.0419378,0.030211,-1.94453],[-0.13067,-0.0707096,-1.10661,0.0298991,-0.139,-0.106403,-0.106774,1.01888,0.174588,-0.049912,-0.0387565,0.0162634,-0.0501127,0.00312519,-0.0342893,-0.00836072,-0.0191036,-0.0520075,0.736322,-0.0532927,-1.14408],[-0.0963953,-0.112822,-0.0459152,0.00132162,-0.25396,-0.257954,0.113272,4.87799e-05,0.850674,0.101114,-0.0269505,-0.00682511,0.00570276,-0.000902405,0.000528906,-0.0307934,0.0658764,0.0244732,-0.0885293,0.00553848,0.34204],[-0.0111978,-0.14776,0.0355808,-0.11179,0.134644,-0.152084,-0.121411,-0.052858,0.0870049,1.09218,-0.027658,-0.0273027,-0.0135949,-0.0399457,0.0115068,-0.0284232,-0.157414,-0.0662673,0.0699894,0.0318708,-0.245489],[-0.00628589,-0.304478,-0.536316,-0.0421064,0.0310142,-1.11244,0.161504,0.0254612,-0.301843,-0.019823,1.12908,-0.0353777,0.00942228,-0.036333,-0.0879129,-0.0621836,0.0993177,0.021243,-0.0726441,0.012005,2.07284],[0.219441,0.65705,3.4859,0.315511,-0.292511,2.53484,-0.881425,-0.145885,2.37908,0.10311,-0.359704,0.945055,-0.0518095,0.00126072,-0.129628,0.0858321,-0.544447,-0.0840273,-2.19943,-0.081865,-6.57299],[0.135174,0.0746317,0.943028,-0.303106,0.274035,0.845259,0.830519,0.0767571,-0.221848,0.0883069,0.0856266,-0.0394609,0.940686,0.0265879,0.146434,0.215762,0.0752081,-0.081859,-0.82145,0.00347278,1.30729],[-0.615125,-0.958398,-1.18518,-0.31879,-0.878185,-2.31008,0.523308,0.0495021,-2.42443,0.607112,0.519449,0.428475,-0.0182755,1.25382,0.0327998,-0.41384,0.244805,0.216507,1.00405,0.185058,-2.99194],[0.236707,0.184346,-0.736513,0.499387,-0.407175,-0.936976,-0.0948127,-0.184366,0.580252,0.439972,0.0991921,0.176241,0.0893817,0.143599,0.863312,0.0814282,0.312638,-0.377895,0.357912,-0.0909411,10.3094],[0.10233,-0.179532,-0.583506,-0.0675845,1.2027,0.165728,0.283289,-0.147789,-0.00941822,0.200316,0.126647,-0.0328042,0.00745084,-0.0103096,0.0316374,1.03403,0.144602,-0.229096,0.194217,0.0073331,1.98157],[0.306598,0.225777,-0.375404,-0.125796,0.82384,0.0494935,-0.181969,0.0671325,-0.151963,-0.136773,0.0249585,-0.0173567,0.0312422,-0.0152802,0.0285369,0.0911667,0.825766,0.0689686,-0.0859478,0.0540017,0.933782],[-0.249298,0.0571484,-0.911149,0.054304,-0.892083,-0.111979,-0.209767,-0.0779171,-0.0339616,0.148589,0.0697172,-0.0260293,-0.0756876,-0.0301027,-0.0591691,-4.62206e-05,-0.0206019,0.420448,0.469477,0.0222491,-3.02137],[-0.313263,-0.313268,-0.0335484,-0.0552291,-0.604163,-0.24264,-0.0712585,0.0368165,0.0790698,0.078576,-0.0773611,-0.00126431,-0.017819,-0.0143807,-0.00861436,-0.0860619,-0.0650758,-0.0341273,0.526997,-0.001593,-0.106066],[0.778523,0.651914,-0.50079,0.435911,0.920925,1.6966,-0.52693,-0.0303826,0.71274,-0.270342,-0.0250618,-0.046669,0.0105978,-0.0939381,-0.00321144,0.195361,-0.419212,0.1434,-1.09556,0.608774,-12.3853],[-0.00930842,-0.00145241,0.0245609,-0.0129369,-0.0174242,0.00702597,0.0153533,-0.00129436,0.00218369,0.00262419,0.0100297,0.000386171,0.00461389,0.00133428,9.56612e-05,0.00686843,0.00516311,-0.0119615,-0.012955,0.000409789,-0.23723],[0.0644123,0.0993928,-0.0966646,0.00660648,-0.138838,-0.226662,0.065913,0.0231967,-0.0343732,0.00249437,-0.00570858,-0.00177749,0.00937656,0.00272605,0.014684,0.0100378,0.0150257,-0.0245789,-0.00958091,0.00334486,0.128744],[0.0812779,0.170892,0.12097,0.00938538,-0.0291991,0.0584586,0.0448233,0.019617,-0.0192106,0.0151698,0.0287834,-0.000942557,-0.00481216,9.77977e-05,-0.00704556,0.00863522,0.0143588,-0.0298108,0.0263899,-0.00216146,0.841676],[-0.0556132,-0.0560031,0.0843526,-0.00341253,0.00926854,0.0746175,0.0586653,0.00587478,-0.0833096,-0.0174421,0.00628793,-0.00117074,0.000280684,0.00373124,-0.00133694,-0.0382153,0.0251089,0.0188579,0.00987095,-0.00568819,0.606952],[-0.144448,-0.140667,0.330118,0.0230389,-0.368506,-0.158757,-0.0741662,-0.0632043,-0.0708521,0.107663,-0.0247727,-0.00793892,-0.00848054,0.00937264,0.000638073,-0.0413191,0.0557736,-0.110666,0.153656,0.0193406,-0.414681],[0.015991,0.0229768,-0.187186,0.0278858,-0.00359562,-0.13319,-0.000129999,0.0116669,0.0254977,0.0194844,-0.0173043,-0.000717993,0.0243103,-0.00170591,0.0202477,0.00876574,0.00273668,-0.00492908,-0.0453919,-0.00639979,-0.450524],[-0.0610313,-0.0497681,0.0669094,0.0114058,-0.0514358,0.195884,-0.0077961,0.00670934,-0.0296465,0.0202615,0.0425548,-0.00222611,0.00219422,0.00184179,0.00296785,-0.00825029,0.021276,-0.0164195,0.0158345,0.0118972,0.771296],[0.0982335,0.0605246,0.0466706,-0.0451248,0.213002,-0.0323918,0.248435,0.0301491,-0.231304,-0.135292,0.0322218,-0.00130356,0.037672,-0.00337821,0.0164411,0.0632204,0.104051,-0.0578678,0.0316132,-0.0396929,0.396831],[0.256259,0.211648,0.772813,-0.0746668,0.600564,0.452145,0.181864,-0.0670261,-0.436516,0.360792,0.107679,0.00783006,0.14409,0.0209529,0.152579,0.028919,0.0753934,0.0137942,0.0855697,0.0374557,2.09801],[0.140353,0.135448,0.0637692,-0.0103399,0.261055,0.226119,-0.0985445,-0.0111835,0.124728,-0.061976,0.0172562,-0.00234954,-0.0163921,-0.00764986,-0.0072411,0.0374527,-0.0626338,-0.0107535,0.0297959,-0.000979563,0.0755981],[-0.108581,0.0280767,-0.15766,0.111994,-0.0757506,0.210209,0.0890718,0.0102376,0.0723203,-0.219038,0.130403,0.0164811,0.0157453,0.028065,-0.0178695,-0.0269671,0.18613,0.103689,-0.116954,-0.055423,-0.273416],[-0.0176007,0.0801436,0.0984177,-0.016911,-0.0100053,0.504507,0.0480271,0.0291038,0.201511,-0.00837636,-0.330743,0.0152318,0.0172886,0.010513,0.0834263,0.0746187,0.0419682,0.0240453,-0.0423188,-0.0143105,-0.238493],[0.13769,0.124144,0.0843373,0.0311955,0.239392,0.0387189,0.219287,-0.11364,0.387904,-0.272905,0.10712,-0.178784,-0.0500078,-0.109934,-0.00195465,0.11584,0.0627738,0.0547223,-0.467972,-0.0707419,2.56388],[0.120768,0.248661,-1.51344,0.272137,-0.315521,-0.625858,-0.403005,0.0862355,-0.11411,0.235513,-0.384219,0.0950673,-0.0915489,0.0557578,-0.0725384,-0.134608,-0.0328885,0.192511,0.232055,0.00122804,-2.95072],[-0.0292417,-0.0731309,-2.31861,-0.066242,0.581768,-0.524366,0.245198,0.152103,-0.660379,-0.210268,-0.00200062,-0.162941,0.0435568,-0.163376,0.0178986,0.155613,0.124145,-0.0298313,0.790407,0.0432633,3.99906],[-0.0965867,0.0114924,0.110604,-0.343454,-0.145112,-0.0774286,0.00293724,0.0988907,-0.513737,-0.316962,0.0826896,-0.0299282,0.04055,0.0222128,-0.0164359,-0.0689933,-0.139713,-0.0627979,0.383448,0.0454384,-2.68277],[-0.101293,0.192181,0.494203,0.00750527,-0.98979,-0.0140311,-0.268798,0.0915786,0.186775,-0.0945839,-0.0653478,0.0299698,-0.00794041,0.01049,-0.0272237,0.000783212,-0.0912823,0.107913,-0.0775052,0.0107416,-0.843917],[-0.121094,-0.00819444,0.363825,0.131179,-0.337044,0.205718,0.279103,-0.0171806,-0.0597766,0.0286233,-0.0395103,0.0229658,0.0139654,0.0243074,-0.000777396,-0.0306614,0.280022,0.0123106,-0.0417326,-0.0549,-0.371647],[0.72449,0.691079,0.808247,0.0543941,1.38084,0.552621,-0.0630542,0.0621344,0.359873,-0.112459,-0.0531922,0.0261872,-0.0227477,0.0085876,0.00445047,0.0756655,-0.0731896,-0.0422501,-0.340506,-0.0306178,1.51189],[0.0901399,0.0298466,0.058776,0.0234236,0.449772,0.203424,0.0428032,-0.00571356,-0.0482862,-0.136439,0.0808556,-0.00369697,0.0084641,0.00528026,0.00687763,0.054199,0.0726933,0.0333104,0.0720998,0.0118011,-0.233725],[-0.906366,-0.739115,-0.452071,-0.207407,-1.2477,-1.59559,-1.37303,0.217649,0.415766,-0.335209,0.422184,-0.00138156,-0.0580245,0.00320389,-0.210961,-0.0935987,-0.928701,-0.250542,-0.412803,0.150937,0.969265],[0.00778382,0.0145456,0.0535148,-0.000358158,0.00632843,0.0175982,-0.0246492,0.0018315,0.0201031,0.00315646,0.00402784,-0.000742807,0.000943415,3.76492e-05,6.73813e-06,0.00168475,-0.01249,-0.00318718,-0.00240968,0.00118778,-0.405052],[0.100799,0.097732,-0.00485825,0.0572522,0.0287712,-0.0701762,0.0194801,-0.00845979,-0.0742766,-0.00313381,0.00314968,0.00126242,-0.013965,0.00286368,-0.0116544,0.031807,0.0123878,0.0069849,0.0508891,0.00614531,0.0791632],[0.0366198,0.103517,-0.0102915,0.0577824,-0.0556445,0.0180476,0.0285076,-0.0271706,-0.0150789,0.0226803,0.0218372,0.0031488,0.0154367,0.00648673,0.00508699,0.0210469,0.0325762,-0.0129604,0.00323413,0.0029208,0.0604141],[-0.0752164,-0.0734451,0.0143428,-0.0198913,-0.0643672,-0.0283869,-0.00537515,0.0230683,-0.00620481,0.0052639,0.0220772,-0.00032755,-0.00330467,-7.98321e-05,-0.00617131,-0.0402212,-0.00180177,0.0143055,0.0235359,-0.00183459,0.0860145],[-0.320302,-0.393494,-0.217149,-0.012554,-0.401858,-0.372448,0.199814,0.0113166,-0.348197,-0.00417073,0.12225,-0.012683,0.0414826,-0.000250812,0.0425836,-0.0441838,0.0351074,-0.0715076,0.228899,0.0106486,1.07298],[0.0590165,0.0380068,0.0553721,-0.00429137,0.144195,0.0178037,-0.0425199,-0.00311175,0.0206108,-0.0232499,-0.00913877,-0.00312403,-0.0234794,-0.00343651,-0.0187783,0.0216226,-0.0326905,0.00261461,0.0447753,0.00217329,-0.0539058],[-0.0349832,-0.0204004,0.0349351,-0.0298656,-0.0128458,0.0419195,-0.0679311,-0.0110072,0.0723134,0.046386,0.02364,0.000206407,-0.00714736,0.000555649,-0.00593684,-0.0101951,-0.0550163,-0.00381537,0.0257039,0.00537475,-0.314062],[0.0356399,0.0120908,-0.0323206,-0.00984928,0.14398,0.13469,0.119468,-0.0111485,-0.00981248,0.0408,0.041459,-0.0244846,-0.000562596,-0.0204943,-0.00369676,0.0388241,0.0198353,-0.0297588,0.00756881,0.00936296,1.52499],[-0.0761368,-0.0477259,0.496543,0.0150041,-0.269167,-0.0926321,-0.108013,-0.0466203,0.241013,-0.205249,-0.0481923,-0.0182059,-0.074425,0.000566553,-0.079356,0.0165455,-0.086632,0.305669,-0.264906,0.0380909,-1.16188],[-0.044983,-0.02503,-0.0172257,0.00986885,-0.00883038,0.028091,-0.0119094,0.0113215,0.0238303,-0.0402633,0.0103087,0.00916889,0.0114841,0.00864628,0.00737433,-0.00809862,-0.00125963,-0.00889701,0.0646368,-0.00521536,-0.437381],[0.119051,0.119568,0.124767,-0.000125806,-0.0600987,-0.056637,0.0322424,0.0424017,-0.158549,0.125495,-0.102437,0.0107041,-0.00220106,0.011681,0.00615151,0.0550705,-0.0285468,-0.0360506,0.0496066,0.023375,0.510783],[-0.0489809,-0.0640626,0.128225,-0.0271349,0.0438416,0.147663,-0.0443873,-0.0178296,-0.0227013,0.0513618,-0.0566688,0.0124218,-0.0113669,-0.00305565,-0.00300406,-0.0619388,0.0260476,-0.0223458,-0.222894,-0.00485381,-0.607365],[0.213015,0.307491,0.0548386,0.0152771,0.320724,0.152124,-0.165347,-0.0703105,0.443491,0.154533,-0.0302337,-0.0484886,0.0461392,-0.0335519,0.0537435,0.0462195,-0.0446124,0.281891,-0.00498018,0.00609054,0.500371],[-0.173129,-0.273224,0.247002,0.0124187,0.209973,-0.244617,-0.225636,-0.000846189,0.0504721,-0.366267,-0.00249044,-0.0554662,0.00783858,-0.0445164,-0.039379,-0.124747,-0.0505215,-0.125389,-0.210389,0.0163746,-0.272762],[-0.226292,-0.242696,-0.170948,0.00230488,-0.488226,0.208388,-0.0842256,0.122741,0.104289,-0.0961736,-0.1294,-0.0681079,0.0296931,-0.0959886,0.0467742,-0.0649482,-0.0167681,-0.0939569,0.52709,-0.0376614,1.59319],[0.234886,0.195596,0.900777,-0.211794,1.03929,0.920193,0.128825,-0.0315251,-0.0808975,-0.383435,0.0315791,-0.103428,-0.044346,-0.104428,0.0326037,0.158183,0.0135895,-0.201861,0.156324,0.0229023,-2.1914],[-0.00247513,-0.0144615,0.0907008,0.0609327,-0.216115,-0.15404,-0.014164,0.055866,-0.176503,-0.105125,-0.0608963,0.00303317,0.000488022,9.11953e-05,-0.004406,-0.0359937,-0.0530691,0.123214,-0.118035,-0.0180301,-1.14078],[-0.185735,-0.217906,0.0138235,-0.00361643,-0.490134,-0.257683,-0.0968326,-0.0505574,0.215013,0.108327,0.0141021,-0.00510402,-0.0452522,-0.00849993,-0.0275589,-0.0617561,-0.105617,-0.0764925,0.12478,0.000730106,-0.580899],[-0.495517,-0.753865,0.185975,-0.0565373,-0.560592,-0.394993,0.334315,0.0118729,-0.315597,-0.0898072,-0.0577215,0.0130723,0.0824275,0.0310842,0.0448546,-0.0985994,0.125251,-0.177922,-0.0812182,0.000628328,1.30981],[0.183923,0.209708,-0.108037,0.0173041,0.150924,0.0219714,0.111754,-0.00782783,-0.143938,-0.00455178,0.0215743,-0.00437886,0.0309609,-0.00255593,0.0129157,0.0533919,0.0636094,0.0208446,-0.222828,-0.012519,0.542771],[0.0259136,0.289959,0.794519,-0.136464,-0.533542,0.0271244,0.651633,-0.0924174,-0.267529,0.469327,-0.102714,-0.0384202,-0.249691,-0.111782,-0.137454,-0.214206,0.276514,-0.463503,-0.43181,0.108579,6.39152],[-0.00517533,-0.0011973,-0.000505003,-0.00221886,0.00458619,0.0135515,-0.0193632,-0.00027415,0.0282288,-0.00061296,0.00603398,0.000594318,0.00171723,0.000862838,0.0029509,-0.00288852,-0.00845969,-0.00760278,-0.00697801,0.000113122,-0.0238693]],"sigmahat":[[0.96014,0.922778,0.172233,0.0755163,1.32562,0.540831,0.1954,-0.0384509,-0.164739,-0.0157501,0.0414427,-0.00586517,-0.0140109,-0.00848262,-0.014506,0.297966,0.0881044,-0.0473268,-0.166139,-0.00332278,2.23339],[0.922778,1.12496,0.334153,0.11601,1.1826,0.79312,0.146238,-0.0685174,0.0149011,-0.0145145,0.0351071,-0.00622682,-0.00219276,-0.0119411,-0.00857453,0.316496,0.0913157,-0.00888993,-0.185286,-0.0108191,1.76169],[0.172233,0.334153,2.22023,0.126722,0.036425,1.32055,0.00683869,-0.0879531,0.213307,-0.163352,0.0108445,0.0231136,-0.0506998,0.00848554,-0.0323274,0.0245652,0.0363978,0.0811528,0.201775,-0.0484295,0.418479],[0.0755163,0.11601,0.126722,0.127897,-0.107921,0.0823226,0.0320632,-0.0281393,0.0967711,-0.00481708,-0.0104245,0.00918067,-0.000753989,0.00540418,0.00206767,0.0179706,0.0491439,0.0472125,-0.0391825,-0.012004,0.225844],[1.32562,1.1826,0.036425,-0.107921,3.23198,1.10257,0.327833,0.0239984,-0.542804,-0.0839191,0.149531,-0.0305226,-0.0113632,-0.0161517,-0.0295028,0.431684,0.109493,-0.122665,-0.188403,0.0150571,4.75435],[0.540831,0.79312,1.32055,0.0823226,1.10257,2.03202,0.123503,-0.0658887,0.172186,-0.135613,0.0429092,-0.00921454,-0.00331527,-0.0179713,0.00339066,0.242886,0.130703,0.025463,0.0837607,-0.036989,2.16599],[0.1954,0.146238,0.00683869,0.0320632,0.327833,0.123503,0.487678,-0.0023571,-0.395479,-0.0612181,0.0360255,-0.00519421,0.028323,-0.00105754,0.0316031,0.0766256,0.237568,0.0260614,0.0016958,-0.00594968,2.59649],[-0.0384509,-0.0685174,-0.0879531,-0.0281393,0.0239984,-0.0658887,-0.0023571,0.0423329,-0.0692859,0.00196042,-4.73118e-05,-0.00191845,0.000629297,-0.000424687,0.000428088,-0.0160243,-0.0101454,-0.0145883,-0.00399751,0.00109709,-0.00079354],[-0.164739,0.0149011,0.213307,0.0967711,-0.542804,0.172186,-0.395479,-0.0692859,0.949453,0.0342907,-0.0729263,0.00759456,-0.0132074,0.000835736,-0.00580594,-0.0536044,-0.177991,0.0342791,-0.130202,-0.0229115,-2.45966],[-0.0157501,-0.0145145,-0.163352,-0.00481708,-0.0839191,-0.135613,-0.0612181,0.00196042,0.0342907,0.231588,-0.000976902,0.00553591,0.0085313,0.00701402,0.0120882,-0.0297932,-0.0352838,-0.0579013,-0.126356,0.0148633,-0.0473356],[0.0414427,0.0351071,0.0108445,-0.0104245,0.149531,0.0429092,0.0360255,-4.73118e-05,-0.0729263,-0.000976902,0.111309,-0.00650394,0.00629313,-0.00426647,-0.00331772,0.00955307,0.0175074,-0.0136422,-0.00770311,0.00507754,0.696787],[-0.00586517,-0.00622682,0.0231136,0.00918067,-0.0305226,-0.00921454,-0.00519421,-0.00191845,0.00759456,0.00553591,-0.00650394,0.00820733,0.000290518,0.00608889,0.00158628,-0.00643904,0.00282079,0.00313378,-0.00856695,-0.00180691,-0.0872909],[-0.0140109,-0.00219276,-0.0506998,-0.000753989,-0.0113632,-0.00331527,0.028323,0.000629297,-0.0132074,0.0085313,0.00629313,0.000290518,0.0261829,0.00222609,0.0200146,0.00113529,0.0250338,-0.00465752,-0.00902097,-0.000777431,0.0050947],[-0.00848262,-0.0119411,0.00848554,0.00540418,-0.0161517,-0.0179713,-0.00105754,-0.000424687,0.000835736,0.00701402,-0.00426647,0.00608889,0.00222609,0.00842841,0.00279553,-0.00703406,0.00309484,0.00229767,-0.0179819,-7.19764e-05,-0.063422],[-0.014506,-0.00857453,-0.0323274,0.00206767,-0.0295028,0.00339066,0.0316031,0.000428088,-0.00580594,0.0120882,-0.00331772,0.00158628,0.0200146,0.00279553,0.0243625,0.000376792,0.0223675,-0.00827864,-0.0152812,-0.000560145,-0.021555],[0.297966,0.316496,0.0245652,0.0179706,0.431684,0.242886,0.0766256,-0.0160243,-0.0536044,-0.0297932,0.00955307,-0.00643904,0.00113529,-0.00703406,0.000376792,0.137477,0.0377828,-0.0240755,-0.0112652,0.000920417,0.757461],[0.0881044,0.0913157,0.0363978,0.0491439,0.109493,0.130703,0.237568,-0.0101454,-0.177991,-0.0352838,0.0175074,0.00282079,0.0250338,0.00309484,0.0223675,0.0377828,0.178739,0.0197829,0.00123021,-0.00755421,1.31604],[-0.0473268,-0.00888993,0.0811528,0.0472125,-0.122665,0.025463,0.0260614,-0.0145883,0.0342791,-0.0579013,-0.0136422,0.00313378,-0.00465752,0.00229767,-0.00827864,-0.0240755,0.0197829,0.200434,0.0924789,-0.00500102,-0.445786],[-0.166139,-0.185286,0.201775,-0.0391825,-0.188403,0.0837607,0.0016958,-0.00399751,-0.130202,-0.126356,-0.00770311,-0.00856695,-0.00902097,-0.0179819,-0.0152812,-0.0112652,0.00123021,0.0924789,0.807034,-0.00468676,-0.618719],[-0.00332278,-0.0108191,-0.0484295,-0.012004,0.0150571,-0.036989,-0.00594968,0.00109709,-0.0229115,0.0148633,0.00507754,-0.00180691,-0.000777431,-7.19764e-05,-0.000560145,0.000920417,-0.00755421,-0.00500102,-0.00468676,0.0106816,0.131992],[2.23339,1.76169,0.418479,0.225844,4.75435,2.16599,2.59649,-0.00079354,-2.45966,-0.0473356,0.696787,-0.0872909,0.0050947,-0.063422,-0.021555,0.757461,1.31604,-0.445786,-0.618719,0.131992,45.6932]],"n":21,"lags":3}