{"betahat":[[3.56646,5.5946,5.75049,-3.68855,6.86726,6.76166,-4.96168,-0.984812,4.45674,3.93225,0.799848,-0.353637,-0.00710642,-0.103402,-0.0915596,2.72471,-2.2876,27.6887,28.4932,0.612643,17.8683,5.35519,0.374397],[0.895832,-0.131948,-0.023868,-0.0561143,0.245843,0.28186,-0.111568,0.00720093,0.0853172,0.0198089,0.0142954,-0.00647044,0.012811,-0.0104368,-0.00505023,-0.0160006,-0.0349475,-0.0156822,-0.0670357,-0.00306793,-0.177138,0.0314774,-0.012784],[-0.108085,0.683177,-0.227073,-0.092067,0.123517,-0.186857,-0.0563171,0.0231681,-0.0317206,-0.0307575,-0.0242988,-0.00694769,0.015559,-0.008592,0.0050119,-0.0158628,-0.0315038,-0.0034011,0.023111,0.00978823,-0.731306,0.250631,0.00890934],[0.106049,0.109674,0.876565,0.0319506,0.014459,-0.0526439,-0.0744064,-0.026861,0.11178,0.0139722,-0.0422879,0.00330047,-0.00461985,-0.00128837,0.00321283,0.0641339,-0.0388522,-0.00661308,-0.0612868,0.0080423,-0.8917,-0.162531,-0.0143911],[0.52379,0.59059,-0.0151439,0.997478,0.788843,0.521468,-0.0718556,0.0380462,0.495661,-0.153946,-0.059961,0.0205697,-0.0195475,-0.0113501,-0.0459716,0.0916283,-0.0527139,0.18191,-0.356284,-0.0424011,-0.785938,-0.876266,0.0128199],[-0.0346645,-0.0273997,0.144913,-0.0186537,0.870902,0.104989,0.0539178,-0.00645519,-0.0551618,0.0161689,0.0355437,0.00424108,0.0017892,0.00739631,-0.00334247,-0.019967,0.0316055,-0.0136533,-0.0270072,0.00817044,0.631788,0.00723328,0.00415644],[0.12536,0.0957038,-0.0602763,0.0258843,0.112119,0.757715,0.0960724,-0.00415871,-0.043313,-0.0711721,-0.0632562,0.00344027,-0.00603436,-0.00202691,0.00233382,0.0227171,0.0477885,0.0181757,-0.0344257,-0.0216567,-0.349361,-0.18414,-0.0125453],[-0.190895,-0.140372,-0.0694501,0.0622889,-0.519953,-0.177595,0.574245,-0.0188604,0.242946,0.133294,-0.084434,0.0284873,-0.054684,0.0266863,-0.00908581,-0.119799,-0.127645,0.048508,0.0109369,0.0336909,-2.30432,0.112361,-0.029082],[-0.274929,-0.153539,-0.890015,-0.0524801,-0.538148,-0.0478371,-0.122584,0.945967,0.462799,-0.169275,-0.0014894,-0.00310033,-0.111762,-0.020686,-0.0246487,0.0225962,-0.0112967,-0.035838,0.875224,-0.0874442,-2.65836,0.578192,-0.0383922],[-0.14603,-0.152885,-0.10204,-0.0019766,-0.315897,-0.280879,0.097404,0.00223103,0.81106,0.107334,-0.0244074,-0.00983783,-0.0150414,-0.00386842,-0.00165592,-0.0350766,0.0670393,0.0283274,-0.0429398,0.0108523,0.303659,0.0455469,-0.0263238],[-0.0187801,-0.157761,-0.0615625,-0.110351,0.167906,-0.23541,-0.075126,-0.0347782,-0.00579427,1.07334,-0.0407659,-0.0324713,-0.0568198,-0.0391257,0.00667644,-0.0470094,-0.145002,-0.00300346,0.0116689,0.0421826,-0.183305,-0.141772,-0.0293344],[-0.0238489,-0.350023,-0.596344,-0.0678582,-0.0934052,-1.10035,0.125334,0.0363827,-0.276809,-0.00595456,1.0584,-0.0379688,-0.0475005,-0.0466371,-0.0735407,-0.0439308,0.0494273,-0.0532796,-0.0164703,0.00260536,1.7557,0.11384,0.0138774],[0.666301,1.28249,3.64824,0.448589,-0.107862,3.18599,-1.22831,-0.153778,2.89645,0.309449,-0.573764,0.941162,-0.0157732,-0.0145944,-0.141596,0.276132,-0.713955,-0.350973,-2.63905,-0.115547,-5.65192,-0.942382,0.010049],[-0.0304514,-0.0515012,-0.041399,0.190282,0.181474,-0.267624,0.0844473,0.1986,0.00660703,-0.00845146,-0.0327999,-0.0010991,0.864734,0.0703032,-0.0595195,-0.204777,-0.124745,0.280656,-1.6114,0.0277411,-0.518289,-0.783678,0.0208282],[0.0560066,-0.296027,-1.5018,-0.489954,-0.621898,-2.2139,0.608809,-0.000733006,-2.2073,0.627518,0.432447,0.393439,-0.234473,1.1998,0.184685,0.0526396,0.232124,-0.226684,1.15531,0.171489,-5.44834,0.563275,0.349967],[0.227936,0.25587,-0.0705198,0.221106,-0.61129,-0.0865878,0.40634,-0.221579,0.57262,0.556921,0.100656,0.150832,0.309416,0.126961,0.996975,0.304057,0.40191,-0.474043,0.541281,-0.113827,10.3294,0.450955,0.189021],[0.0400346,-0.186516,-0.897835,-0.0423638,1.12452,0.0762476,0.27508,-0.133127,-0.0141408,0.205978,0.0423287,-0.0277615,-0.054611,-0.00833213,0.0387855,1.00623,0.109294,-0.159184,0.168126,0.000438846,1.53901,0.0448244,-0.0344746],[0.330092,0.217765,-0.33112,-0.177077,0.951473,0.0435866,-0.11845,0.0737129,-0.207795,-0.151299,0.0494588,-0.0224812,0.0698615,-0.0176728,0.0333013,0.111014,0.814217,0.0528611,-0.0992197,0.0652702,1.99745,-0.573975,0.00630239],[-0.301936,0.00782884,-0.513911,0.0373599,-1.1645,0.0763533,-0.294385,-0.136274,0.181867,0.185711,0.061985,-0.0248761,-0.0318152,-0.0386992,-0.0276691,0.0299753,-0.0654428,0.250232,0.542325,-0.00359582,-3.44896,0.158692,-0.0501432],[-0.354044,-0.310226,0.0706831,-0.0463246,-0.657551,-0.195314,-0.0607637,0.0317779,0.107438,0.0603798,-0.0726113,-0.00437826,-0.0864908,-0.0109149,-0.0193599,-0.11157,-0.050509,0.0570917,0.413536,0.000556806,-0.0193655,0.614757,-0.00245137],[0.967535,0.755658,-0.186826,0.502737,1.00076,1.60824,-0.580736,-0.0693878,0.920137,-0.0348188,0.0281002,-0.0209891,0.278001,-0.0717985,-0.0295726,0.181648,-0.436856,0.00895926,-1.23084,0.580431,-11.8121,-0.335116,0.0271004],[-0.00773786,0.00448814,0.0265977,-0.0115954,-0.0102079,0.0166517,0.0161729,-0.00140165,0.00243387,-0.000428116,0.0108952,0.000334479,0.00426428,0.00134714,-0.000589879,0.00810539,0.00659401,-0.00645799,-0.015861,0.000334249,-0.247555,0.00140991,0.00198756],[0.18401,0.131539,-0.297923,0.0106144,0.289326,-0.138054,0.041782,0.0398548,-0.144424,0.0418984,0.024273,-0.00696585,0.00351529,-0.00365426,0.000917014,0.0687866,0.0248491,-0.115773,0.00639971,0.0161694,0.553813,0.742289,0.00682594],[-1.28019,-1.58333,0.931956,-0.0220416,-0.436711,-0.605264,0.339948,-0.0160424,-0.838457,-0.129392,0.490024,0.0667671,0.093367,0.10074,-0.124117,-0.697598,0.304354,0.532666,0.671526,0.0750077,0.78265,0.722698,0.788806],[0.0265411,0.0585631,-0.0247047,-0.00110902,-0.201189,-0.197745,0.0843086,0.00564337,-0.0009243,-0.00581015,-0.00583008,-0.000973849,0.0038014,0.00289047,0.0145582,-0.00481906,0.0189063,-0.00693478,0.00729641,7.41095e-05,0.253087,-0.00524261,0.00558293],[0.0625716,0.177433,0.209643,0.0240974,-0.0591744,0.13869,0.0195363,0.0118157,0.0278454,0.0137707,0.0121968,0.000862858,-0.0232059,-0.000443142,-0.0126167,-0.00846582,-0.000378433,0.00255051,0.00407772,-0.00800963,0.824371,-0.13574,-0.00894545],[-0.0499409,-0.0575007,0.104126,-0.011969,0.0330943,0.0614129,0.0806871,0.00327844,-0.114685,-0.0213881,0.0161107,-0.00168873,-0.000162587,0.00384699,0.00238342,-0.0334481,0.0388349,0.0010988,0.0211439,-0.00554725,0.730996,0.0548806,0.00952629],[-0.194256,-0.175471,0.304488,0.0341824,-0.41615,-0.157106,-0.131852,-0.0550402,-0.0835741,0.156065,-0.049882,-0.00600751,-0.0147674,0.0174296,-0.000612698,-0.0538729,0.0316351,-0.0750735,0.0846372,0.0314648,-0.565196,0.36006,-0.0205275],[-0.0151943,-0.00159394,-0.209126,0.0295042,-0.0156989,-0.130718,-0.00385084,0.00853601,0.0375219,0.0205346,-0.0155278,-0.00112512,0.0286722,-0.003149,0.0233681,-0.000752358,0.00899666,0.00360203,-0.0392371,-0.00950517,-0.512628,-0.0158117,-0.00224695],[-0.0734444,-0.0645817,0.0736927,0.00677236,-0.065244,0.212697,-0.00851973,0.0116156,-0.0429941,0.0165345,0.0461914,-0.0026908,0.00675205,0.00176812,0.00304275,-0.00798149,0.0210803,-0.0203682,0.0229241,0.0139441,0.789332,0.114343,0.00689369],[0.142201,0.103846,0.0588877,-0.0426746,0.332634,-0.026034,0.269136,0.0324265,-0.24813,-0.178011,0.0417159,0.000110731,0.0353299,-0.00331184,0.00904114,0.069226,0.105692,-0.031599,0.0137793,-0.0447912,0.523048,-0.132251,0.0311665],[0.344636,0.274005,0.826034,-0.0065314,0.767287,0.437551,0.21085,-0.0396109,-0.575742,0.543072,0.099773,0.0323722,0.0777515,0.0483583,0.1743,-0.0175246,0.0783524,-0.0127333,-0.12539,0.0490795,3.08397,-0.486175,0.05954],[0.199765,0.178928,0.144087,-0.0117079,0.364163,0.274598,-0.0837475,-0.0126125,0.136647,-0.0734503,0.02336,-0.00198105,-0.0128482,-0.00771099,-0.00515235,0.0451867,-0.0602332,-0.018319,-0.000860174,-0.00480638,0.176148,-0.077041,0.0127793],[-0.0683843,0.064034,-0.223619,0.12856,-0.0296933,0.229433,0.0662401,0.0039328,0.138621,-0.218996,0.148384,0.0219498,0.0721515,0.0300621,-0.0204413,-0.00948759,0.191996,0.0568089,-0.158463,-0.0642649,-0.310792,-0.047191,0.0266502],[0.0410953,0.164039,0.141198,-0.00304618,0.0570622,0.540255,0.103394,0.033118,0.25581,-0.0270754,-0.3444,0.0144492,-0.0128754,0.0211504,0.0963347,0.0985148,0.0590578,0.0369251,-0.165074,-0.0130325,-0.262195,0.012994,0.0239567],[0.278714,0.176122,0.0755128,0.0155249,0.523975,0.0574963,0.345543,-0.0863236,0.315836,-0.203475,0.129035,-0.1616,0.00840111,-0.0876937,-0.00903026,0.132184,0.106701,-0.179084,-0.659638,-0.0750444,4.45166,-0.079011,-0.0899097],[0.844407,1.00049,-0.951037,0.0105167,0.978684,0.301335,0.0815432,-0.0352178,-0.269462,0.480337,-0.173512,0.0751033,-0.114779,0.0211853,-0.0320018,0.304558,0.121158,-0.0322375,0.142074,0.00267293,3.44861,-1.22971,0.0954547],[0.0151373,-0.0131001,-2.11861,0.0386075,0.581512,-0.664987,0.374166,0.127292,-0.655875,-0.143585,0.13404,-0.156644,0.0650702,-0.146904,-0.017546,0.116221,0.205451,0.0339353,0.349759,0.0399095,5.60283,-0.637039,-0.208125],[-0.381084,-0.401182,-0.475003,-0.263128,-0.827404,-0.872524,-0.339744,0.162167,-0.51685,-0.424593,-0.12249,-0.0119862,-0.0549034,0.0417498,-0.0317369,-0.276351,-0.280273,-0.120681,0.59534,0.0443649,-5.73328,0.211016,0.0266358],[-0.0441518,0.209732,0.701852,0.0114093,-0.905299,0.0688486,-0.321895,0.0780218,0.250922,-0.116725,-0.0272296,0.0328327,-0.000434285,0.0103502,-0.051082,0.0121595,-0.0832714,0.0668558,-0.0698562,0.0193414,-0.674851,-0.0340563,0.0486829],[-0.142411,-0.0172956,0.334707,0.17388,-0.384849,0.24121,0.255903,-0.0148482,-0.0575118,0.0352338,-0.0604937,0.028024,-0.013442,0.0259229,0.00464497,-0.0437983,0.313874,-0.0044443,-0.00416457,-0.0637561,-0.789637,0.15853,-0.0069574],[0.888221,0.882583,0.513182,0.0758259,1.62695,0.444398,-0.0311548,0.103919,0.273775,-0.0747239,-0.0409443,0.0282491,0.00358628,0.0126509,-0.0136665,0.0955868,-0.0514452,-0.00974275,-0.362908,-0.0160089,1.81913,-0.839449,-0.00530865],[0.0897077,0.0179691,0.0736062,0.0271197,0.42507,0.202667,0.0313274,-0.00144613,-0.00660641,-0.122921,0.0572303,0.00503681,0.0564884,0.0134604,0.0117488,0.0462763,0.0451474,0.0345146,-0.0201453,0.00634462,-0.58418,-0.25187,0.012444],[-0.881988,-0.659661,-0.374037,-0.264907,-1.11083,-1.39003,-1.53641,0.167768,0.478142,-0.387186,0.463252,-0.000860147,-0.133807,-0.00694598,-0.206768,0.0204824,-0.967432,-0.273416,-0.175663,0.158327,1.69068,0.509266,-0.0354766],[0.00999232,0.019824,0.0630784,-0.00184748,0.0112129,0.0282064,-0.0219997,0.00137829,0.0214156,0.00186332,0.00621811,-0.00129348,0.0031195,-0.000403133,0.00014602,0.00379793,-0.0115743,-0.00031771,-0.00336409,0.00141884,-0.407777,-0.00295859,0.000755358],[-0.0589008,-0.0258351,0.224414,0.0141839,-0.0613251,0.191374,-0.0520349,-0.030864,0.115762,0.00112709,0.00362786,-0.000149571,-0.0135793,-0.00185022,-0.0117915,-0.0300421,-0.0167149,0.0413067,-0.0200594,-0.00510075,0.194358,0.126555,-0.00584272],[0.131984,0.469629,-1.03836,-0.0528117,0.22881,0.249085,-0.210283,0.0482546,-0.0355169,-0.279227,-0.0752971,-0.107629,0.0229693,-0.116579,-0.000823772,0.166602,-0.0826356,0.329063,0.472511,0.0162368,-0.0960112,0.00680063,-0.0299465],[0.077358,0.0729324,0.0480327,0.057071,-0.0449402,-0.0850204,0.0273045,-0.0128468,-0.0844503,-0.0139038,-0.00847119,0.0074251,-0.0165822,0.0075675,-0.00945487,0.0206873,0.0159519,0.0226151,0.0596607,0.00304636,-0.0775756,-0.0259791,0.00722192],[0.0450796,0.13841,0.0165851,0.0677149,-0.0642844,0.0469046,0.0367111,-0.0348279,0.0039189,0.0169928,0.0121697,0.00607054,0.00776676,0.00906344,0.00771491,0.0241407,0.0317524,0.000927725,-0.0271734,-0.00175757,-0.0961183,-0.114549,7.64086e-05],[-0.0561338,-0.0522265,0.0170929,-0.0202745,-0.047006,-0.00946931,-0.00626308,0.0237703,0.00267852,0.00742656,0.0261856,-0.00174644,0.00493825,-0.00266461,-0.0054427,-0.0305089,4.1816e-05,0.00497906,0.0406133,-0.00251353,0.157529,0.108096,0.00485186],[-0.329831,-0.415466,-0.2899,-0.0318464,-0.372432,-0.364638,0.203751,0.0171959,-0.412413,-0.00195887,0.10988,-0.0145779,0.034342,-0.0060686,0.0466742,-0.0378332,0.0210967,-0.106922,0.272197,0.0109335,1.35141,0.516434,0.00778775],[0.0485532,0.0278188,0.0642644,-0.0104541,0.141302,0.0237053,-0.0503294,-0.00235768,0.0190673,-0.0365416,-0.0201361,-0.00298843,-0.0303387,-0.00414769,-0.020058,0.0200503,-0.0408892,0.0112784,0.0655789,0.00135094,-0.128433,0.00880272,-0.0018632],[-0.0521319,-0.03161,-0.0146793,-0.0323952,-0.0481898,0.0274052,-0.0873502,-0.00745905,0.0867312,0.0548596,0.0169612,-0.000675477,-0.000724983,0.000342959,-0.00533761,-0.0150325,-0.0689341,0.00264252,0.0108588,0.00773014,-0.442598,0.069328,0.00571743],[0.0478701,0.0357477,0.0123577,-0.0182025,0.183489,0.201493,0.156045,-0.0140589,0.00828993,0.0450564,0.0424171,-0.028253,0.0195492,-0.0230676,0.000229564,0.0496611,0.0217046,-0.0141049,-0.0259033,0.0110098,1.76675,0.0187407,-0.00198169],[0.0417004,0.00984587,0.358371,0.0422361,-0.142076,-0.238676,-0.181351,-0.0155939,0.270973,-0.176471,-0.0740642,-0.0100097,-0.0245538,0.00618393,-0.0969244,0.0453265,-0.144677,0.160864,-0.357806,0.0471411,-0.524574,-0.26248,0.012441],[-0.0531448,-0.0267718,-0.0422746,0.0143551,-0.0468218,0.00401701,-0.0102317,0.0107075,0.0499797,-0.0350309,0.00147755,0.0117871,0.028301,0.0116287,0.00743016,-0.0107874,-0.00477827,-0.00586052,0.0494594,-0.00651748,-0.487245,0.0303818,0.0137186],[0.0868509,0.0936553,0.288132,-0.0177696,-0.139603,0.00733484,0.00919576,0.0306722,-0.133226,0.144582,-0.107444,0.0104995,-0.0154415,0.00901245,0.0136651,0.0562181,-0.0465443,-0.0527043,0.148159,0.0219694,0.490365,0.189601,0.00259371],[-0.0276246,-0.0492535,0.202671,-0.00216727,0.000706783,0.133597,-0.0853628,-0.0200459,0.0159153,0.0908139,-0.0908653,0.0268684,0.0215972,0.00790851,-0.00984448,-0.0894825,0.0117,-0.0537822,-0.414633,-0.0115366,-0.801679,0.0947694,-0.0150773],[-0.0993912,-0.0561863,0.198175,0.0131533,0.237117,0.0779012,-0.243569,-0.0736467,0.3554,0.146696,0.0330632,-0.022268,-0.0038707,-0.00809796,0.0423378,-0.130349,-0.0425492,0.293023,0.0550393,0.0213267,0.913105,0.0818767,-0.0356065],[-0.741394,-0.948608,0.238555,-0.0194258,-0.942499,-0.446378,-0.417019,0.0418086,0.196952,-0.271744,-0.101524,-0.0162523,-0.036026,-0.0281576,0.0374531,-0.254147,-0.249606,-0.379488,0.463889,-0.011813,-2.48076,1.24363,-0.0749191],[-0.514901,-0.528496,0.311816,0.0114979,-0.682376,0.255501,-0.00686004,0.135535,-0.0298715,-0.0866954,0.00626932,-0.0387237,-0.00243635,-0.0599246,0.0159364,-0.237276,0.0567751,0.0492667,0.464019,-0.0360487,2.39265,0.854422,-0.0826507],[0.698953,0.701577,1.11518,-0.13019,1.77605,1.17109,0.287785,-0.0633703,-0.0805598,-0.522767,0.0352395,-0.131643,-0.070915,-0.120085,0.0137507,0.27618,0.163194,-0.147728,-0.354391,0.0228926,-1.44642,-0.487811,-0.0467872],[0.00341549,-0.0243151,0.194681,0.0313554,-0.220979,-0.148021,0.0470086,0.0550512,-0.237111,-0.0890331,-0.0149161,-0.00498614,0.0552853,-0.00195277,0.0122948,-0.0190785,-0.0257844,0.0935239,-0.0995665,-0.0197856,-0.867802,-0.011373,-0.0141576],[-0.187399,-0.200471,-0.00136335,0.00479789,-0.568418,-0.285813,-0.136379,-0.0592738,0.266869,0.115872,0.0109562,-0.00530383,-0.0561201,-0.00800194,-0.0377207,-0.0678233,-0.127666,-0.0447823,0.103079,-0.00170043,-1.21358,0.413246,0.000853714],[-0.581766,-0.888853,0.100381,-0.0582136,-0.500297,-0.470887,0.39131,0.0240225,-0.450114,-0.158025,-0.0421374,0.00630365,0.020562,0.0315667,0.0359787,-0.132536,0.155732,-0.101121,-0.0756891,0.0128095,1.74783,0.629574,0.0543553],[0.200577,0.208992,-0.217427,0.0192294,0.162843,-0.0401901,0.0952113,-0.00343028,-0.177385,0.0216348,0.00798008,-0.00141107,0.0301779,-0.00475264,0.0149571,0.0603772,0.0538873,-0.0361575,-0.158043,-0.012818,0.686379,-0.250866,-0.0088689],[-0.33162,-0.0562363,1.1546,-0.181477,-0.983112,-0.195825,0.837976,-0.125849,-0.310693,0.453368,0.0643821,-0.0494447,-0.22743,-0.108538,-0.135226,-0.391013,0.362634,-0.369638,-0.418156,0.135851,6.51039,-0.143384,-0.268465],[-0.00489544,0.000229182,0.0019675,-0.00398003,0.00700475,0.0192468,-0.0187935,-0.000394935,0.0282981,-0.00163703,0.00749633,0.000375693,0.000420729,0.000743805,0.00389303,-0.00147834,-0.00813162,-0.008271,-0.00320853,0.000347094,-0.0283114,0.00238281,5.16613e-05],[-0.0899318,-0.064579,0.0547274,-0.025436,-0.160045,0.00616607,0.0232071,-0.00490712,0.00246754,-0.0482554,-0.0265436,0.00466433,0.013341,0.0030539,0.0113871,-0.0189314,0.0050547,0.0566802,0.0131017,-0.00988129,-0.548762,0.0903442,-0.000401466],[0.39186,0.360437,-0.778363,-0.0154689,0.204704,-0.0729061,0.029963,0.0599563,0.0201362,-0.0904025,-0.366798,-0.0228317,0.0675659,-0.0195319,0.0348763,0.22245,-0.0973221,0.116448,-0.13586,-0.00657389,-3.54302,-0.595974,0.0563826]],"sigmahat":[[0.755555,0.713944,0.225221,0.0525217,1.07437,0.466071,0.156393,-0.0380463,-0.116251,-0.0376068,0.0361284,-0.00393841,-0.0322753,-0.00664951,-0.0129835,0.221351,0.0614803,-0.0258774,-0.12043,-0.0065474,1.74347,-0.775626,0.0155781],[0.713944,0.885577,0.377959,0.0894289,0.949141,0.686964,0.115554,-0.0656097,0.0379271,-0.0365959,0.0348782,-0.00466548,-0.0213532,-0.0106148,-0.00729489,0.236768,0.064642,-0.000393254,-0.125369,-0.0127195,1.34722,-0.790213,0.0055349],[0.225221,0.377959,1.97027,0.129316,0.125137,1.23649,0.0344953,-0.0704281,0.118231,-0.158703,0.0105411,0.0179311,-0.0719723,0.00259679,-0.0289494,0.0542035,0.0507484,0.0699369,0.193648,-0.0446339,0.669125,0.158828,-0.00549124],[0.0525217,0.0894289,0.129316,0.12059,-0.131741,0.0754926,0.0260966,-0.0273717,0.090163,-0.0107292,-0.012058,0.00891201,0.00511459,0.00429008,0.00257303,0.0106801,0.0474672,0.048465,-0.0117494,-0.0117522,0.189499,-0.0510216,0.00290168],[1.07437,0.949141,0.125137,-0.131741,2.77026,0.951155,0.260755,0.012238,-0.424426,-0.0902336,0.122278,-0.025393,-0.0556676,-0.013386,-0.0237345,0.342047,0.0599827,-0.107858,-0.168987,0.00718648,3.90038,-1.23117,0.0143098],[0.466071,0.686964,1.23649,0.0754926,0.951155,1.80581,0.126775,-0.0578926,0.136684,-0.118883,0.0460457,-0.00669488,-0.0231793,-0.0155971,0.00492345,0.210226,0.115453,0.0159201,0.0857011,-0.0350431,1.94531,-0.333843,-0.0114532],[0.156393,0.115554,0.0344953,0.0260966,0.260755,0.126775,0.423115,-0.00398603,-0.318559,-0.0623696,0.0280331,-0.00496123,0.0208891,-0.00174284,0.0312306,0.0640285,0.198072,0.0244572,0.00998034,-0.00556114,2.25526,-0.19272,0.00693038],[-0.0380463,-0.0656097,-0.0704281,-0.0273717,0.012238,-0.0578926,-0.00398603,0.0350051,-0.0553993,0.00557111,0.00204714,-0.00170246,0.00255671,-0.00039941,0.000756943,-0.0148455,-0.00887946,-0.0141958,-0.000209313,0.000729436,-0.0198794,0.0395604,0.00135817],[-0.116251,0.0379271,0.118231,0.090163,-0.424426,0.136684,-0.318559,-0.0553993,0.800742,0.0372022,-0.0579404,0.00593595,0.0203794,0.000745154,-0.00533647,-0.0353413,-0.139294,0.0271463,-0.0997258,-0.0170497,-2.04582,0.0922557,-0.00365197],[-0.0376068,-0.0365959,-0.158703,-0.0107292,-0.0902336,-0.118883,-0.0623696,0.00557111,0.0372022,0.195116,-0.00298341,0.00345922,0.00323332,0.00524691,0.0123774,-0.0334264,-0.0363387,-0.0423802,-0.0995666,0.012627,-0.204821,-0.0319534,0.00243016],[0.0361284,0.0348782,0.0105411,-0.012058,0.122278,0.0460457,0.0280331,0.00204714,-0.0579404,-0.00298341,0.0864668,-0.00552311,0.00809444,-0.00423304,-0.00209556,0.0102252,0.00762614,-0.00684861,-0.0204327,0.00306938,0.578794,-0.039795,-0.000623833],[-0.00393841,-0.00466548,0.0179311,0.00891201,-0.025393,-0.00669488,-0.00496123,-0.00170246,0.00593595,0.00345922,-0.00552311,0.00668893,-0.000201425,0.00470943,0.00151578,-0.00457899,0.00324306,0.00295353,-0.00201584,-0.00149432,-0.0775059,0.00539898,0.00383359],[-0.0322753,-0.0213532,-0.0719723,0.00511459,-0.0556676,-0.0231793,0.0208891,0.00255671,0.0203794,0.00323332,0.00809444,-0.000201425,0.0325121,0.0018549,0.0145913,-0.00291426,0.0148503,0.00510268,-0.0447299,-0.000165133,-0.0533489,0.00789345,0.00279283],[-0.00664951,-0.0106148,0.00259679,0.00429008,-0.013386,-0.0155971,-0.00174284,-0.00039941,0.000745154,0.00524691,-0.00423304,0.00470943,0.0018549,0.00680944,0.00296195,-0.00472488,0.00257035,0.000477011,-0.00938501,6.91468e-06,-0.0603307,0.00168983,0.00457923],[-0.0129835,-0.00729489,-0.0289494,0.00257303,-0.0237345,0.00492345,0.0312306,0.000756943,-0.00533647,0.0123774,-0.00209556,0.00151578,0.0145913,0.00296195,0.0216861,-0.000450127,0.0212556,-0.00355344,-0.017747,8.68937e-06,-0.00635363,-0.00433651,0.00348238],[0.221351,0.236768,0.0542035,0.0106801,0.342047,0.210226,0.0640285,-0.0148455,-0.0353413,-0.0334264,0.0102252,-0.00457899,-0.00291426,-0.00472488,-0.000450127,0.103271,0.0263059,-0.0108935,-0.0115589,0.000158996,0.616719,-0.219118,0.0050356],[0.0614803,0.064642,0.0507484,0.0474672,0.0599827,0.115453,0.198072,-0.00887946,-0.139294,-0.0363387,0.00762614,0.00324306,0.0148503,0.00257035,0.0212556,0.0263059,0.150874,0.0206669,0.00254097,-0.00730973,1.13224,-0.0705968,0.00513151],[-0.0258774,-0.000393254,0.0699369,0.048465,-0.107858,0.0159201,0.0244572,-0.0141958,0.0271463,-0.0423802,-0.00684861,0.00295353,0.00510268,0.000477011,-0.00355344,-0.0108935,0.0206669,0.135977,0.111419,-0.00454629,-0.243898,0.0163264,-0.00346784],[-0.12043,-0.125369,0.193648,-0.0117494,-0.168987,0.0857011,0.00998034,-0.000209313,-0.0997258,-0.0995666,-0.0204327,-0.00201584,-0.0447299,-0.00938501,-0.017747,-0.0115589,0.00254097,0.111419,0.615355,-0.00709697,-0.540432,0.348927,-0.00978883],[-0.0065474,-0.0127195,-0.0446339,-0.0117522,0.00718648,-0.0350431,-0.00556114,0.000729436,-0.0170497,0.012627,0.00306938,-0.00149432,-0.000165133,6.91468e-06,8.68937e-06,0.000158996,-0.00730973,-0.00454629,-0.00709697,0.00902972,0.105608,-0.00282571,-0.000433889],[1.74347,1.34722,0.669125,0.189499,3.90038,1.94531,2.25526,-0.0198794,-2.04582,-0.204821,0.578794,-0.0775059,-0.0533489,-0.0603307,-0.00635363,0.616719,1.13224,-0.243898,-0.540432,0.105608,39.5701,-1.48158,0.0133601],[-0.775626,-0.790213,0.158828,-0.0510216,-1.23117,-0.333843,-0.19272,0.0395604,0.0922557,-0.0319534,-0.039795,0.00539898,0.00789345,0.00168983,-0.00433651,-0.219118,-0.0705968,0.0163264,0.348927,-0.00282571,-1.48158,1.317,-0.00898708],[0.0155781,0.0055349,-0.00549124,0.00290168,0.0143098,-0.0114532,0.00693038,0.00135817,-0.00365197,0.00243016,-0.000623833,0.00383359,0.00279283,0.00457923,0.00348238,0.0050356,0.00513151,-0.00346784,-0.00978883,-0.000433889,0.0133601,-0.00898708,0.0110936]],"n":23,"lags":3}