{"betahat":[[-0.208795,-0.338286,0.41109,-0.33305,1.41384,1.31609,-0.0410314,-0.206021,-0.00186925,0.101019,0.000184738,0.586211,0.318844,-0.0840181,0.160551,-0.155415,-0.141113,6.05507,-0.267151,0.153124],[1.05708,0.0566506,0.0723003,-0.00949913,0.355521,0.401413,0.00349401,-0.0320555,-0.00188252,0.047316,-2.68159e-05,0.0233324,0.00880528,-0.0632242,0.0110471,0.0155288,0.00819097,-0.228877,0.00349124,0.492518],[-0.170653,0.74505,-0.13561,-0.0813461,-0.231353,-0.272741,-0.0179916,-0.0409327,0.000394512,0.0116388,1.57295e-05,-0.11214,0.0140725,0.0599658,-0.0147395,-0.00464229,-0.00812671,-0.0743128,0.00415672,-0.706697],[0.104579,0.0847524,1.0638,0.0439059,0.152769,0.0607422,-0.043274,-0.0246595,-0.00127225,0.00114761,-1.67331e-05,0.0303881,-0.0174652,-0.0194387,0.0146478,0.00498706,0.0190999,0.452291,0.00735539,0.509908],[0.3197,0.253576,0.343105,1.04849,1.43509,1.21205,-0.198466,0.0307533,-0.00470924,-0.104674,-0.000138479,0.258403,0.126902,-0.273542,0.0524915,-0.0287592,-0.0233356,0.383123,-0.0799338,1.22152],[-0.0469286,-0.0244558,-0.00257313,-0.0160061,0.883202,0.00685181,0.0265704,-0.00593662,0.0017739,0.0203631,1.84161e-05,-0.0113835,0.0149455,0.00097103,-0.00105094,0.00470635,0.00483079,-0.0494484,0.00757019,0.0102138],[-0.107265,-0.111687,-0.0648854,-0.0278692,-0.329521,0.683163,0.0272081,-0.00487478,0.0036057,-0.00333656,2.09023e-05,-0.0481806,0.0211886,0.0479216,-0.0103498,-0.000126905,0.00545591,-0.133885,0.010736,-0.419066],[0.0663587,0.126809,0.0469448,-0.00682197,0.288542,0.304884,0.579101,-0.0118859,0.0326762,0.0114118,1.22277e-05,0.108001,0.0378758,-0.0458368,-0.0271993,0.00271391,-0.00429785,0.370453,-0.0389144,-1.66746],[-0.604731,-0.645359,-1.33683,-0.162108,-1.02834,-0.96513,0.0717717,1.20252,0.0135207,-0.0230612,4.2883e-05,-0.241532,-0.0927569,0.149423,0.0391057,-0.106677,-0.0665796,0.45699,-0.0416213,0.223956],[-0.598874,-0.79489,1.19615,-0.29023,-1.51612,-1.20327,-0.179614,-0.100035,1.36949,0.462866,0.000851897,-0.228956,0.209743,0.194922,-0.0477644,-0.0270553,0.0360303,1.73132,-0.0328768,-1.18345],[-0.0622029,-0.209227,-0.63251,-0.026117,-0.246576,-0.92381,0.204362,0.0558978,0.00526111,1.37279,-2.51813e-06,-0.0515853,-0.148451,0.035209,0.0101204,-0.0531672,-0.103025,-0.866666,-0.0405423,-1.15359],[-281.676,-189.139,-546.119,-38.7068,-539.09,-415.997,-161.398,3.68517,17.4765,13.3018,0.835404,-131.806,5.88331,86.1873,-9.97697,-0.349748,18.8484,12.4186,10.9239,-100.677],[0.256311,0.3167,0.210094,0.0719087,0.370191,0.321747,-0.160313,-0.00754078,-0.0135798,-0.0469186,-4.61357e-05,1.07467,-0.058807,-0.142137,0.0173346,-0.0145307,-0.0183633,0.711459,-0.0142846,0.0504944],[-0.327099,-0.0365633,-0.498555,0.186417,-2.23547,-1.49417,-0.0549789,0.0408393,-0.00764369,0.0559725,-0.000165173,-0.306332,1.21972,0.314809,-0.0122097,-0.0398307,-0.0229959,-1.04568,0.0429469,-2.26113],[1.0125,1.01324,0.777702,0.209284,2.84187,2.32981,-0.0153979,0.0735939,0.00180993,0.00753153,-0.000127922,0.490957,-0.105715,0.528273,0.0626986,0.0445174,0.0473154,0.96462,-0.056173,3.7045],[0.318306,0.214309,-0.446052,0.292923,-0.485312,-1.2311,1.05291,0.0876066,0.0422942,-0.114864,3.35438e-06,-0.209955,-0.331223,0.207917,1.50575,0.200116,0.0983248,-2.67505,0.167298,2.38412],[-0.219572,-0.172879,-0.140889,-0.17757,0.818705,1.17031,0.361792,0.0680713,0.0523306,-0.0921901,-0.000731846,0.0503872,0.275097,-0.138166,-0.0572065,1.19652,0.127597,-5.73717,-0.185263,-1.82325],[1.03578,1.19386,0.473166,0.680324,0.920848,1.04319,-0.383273,-0.108965,0.141691,-0.132275,-0.000190496,0.260852,-0.196567,-0.180473,0.0193976,-0.0964272,0.950046,2.33655,-0.310141,-0.397009],[-0.0076667,-0.0100355,-0.0647576,0.0172642,-0.0821286,-0.0432206,0.00510732,-0.0032044,-0.000730499,-0.00700655,-7.64674e-06,0.000577869,-0.0177661,-0.00326435,0.0020138,0.00307654,0.00617883,0.947392,0.0116538,-0.0902597],[-0.768988,-0.855825,-0.244813,-0.149521,-1.55444,-1.07304,-0.146209,-0.0565345,-0.101415,0.156802,0.000408131,-0.519502,-0.0158877,0.129347,-0.0126825,-0.0390199,0.0274124,-1.25582,1.27998,-6.73603],[0.0163588,0.0194059,-0.00221911,-0.00766606,0.0421038,0.0167802,-0.00158499,0.002706,-0.00193587,0.00645122,1.00614e-06,0.0081022,-0.00594319,-0.00803297,0.00146154,0.000660685,0.00268834,0.0214759,0.000252996,1.14133],[-0.0915154,-0.0958104,-0.0661057,-0.0209042,-0.337729,-0.351297,0.00489005,0.0216928,0.000391801,-0.0256741,2.31344e-05,-0.0351227,0.00166773,0.0643885,-0.00431796,-0.0124351,-0.00520889,0.0896716,0.00212956,-0.258766],[0.108204,0.155239,0.127442,0.0360214,0.196792,0.221855,0.0114846,0.0352326,-0.00109769,-0.00366195,-1.67676e-06,0.0927688,0.00241633,-0.0414482,0.00898909,-0.00101932,0.00218208,0.0890088,-0.00487501,0.398103],[-0.0260733,-0.028671,0.0331221,-0.0110448,0.0317329,0.0849298,0.0617796,0.00606559,0.00308669,0.00379934,1.10849e-05,0.00116867,0.00884533,0.00307831,-0.00358294,0.00240356,-0.0064505,-0.187364,-0.00162599,0.00445526],[-0.299622,-0.200698,0.109966,-0.0428477,-1.17028,-0.723294,0.0789155,-0.0341016,0.0107817,0.0478422,8.83081e-05,-0.142178,-0.0155706,0.20663,-0.0398497,-0.0102915,-0.00311384,0.140059,0.0364341,-0.531654],[0.00605763,-0.0114274,-0.0262726,0.00642477,0.0192162,-0.0612033,-0.0131358,0.00401651,-0.00106079,-0.0107754,-1.55961e-05,-0.00598874,-0.00859192,0.0102756,0.000909934,-0.00109107,-0.000446113,-0.0247368,-0.00223062,0.0168307],[0.0885245,0.0925943,0.0657141,0.0271511,0.26734,0.260974,-0.00917057,0.00566372,-0.00159147,0.00656343,-2.12049e-05,0.0437697,-0.0127052,-0.0403504,0.0106565,0.00176138,-0.00283778,0.132001,-0.00783633,0.48131],[0.00531779,-0.0209631,0.0732142,0.0303817,-0.0976608,-0.203771,0.263884,0.0274326,-0.0101083,-0.00765799,0.000101457,-0.0860886,-0.0568606,0.0257311,0.0143631,0.0205614,0.0413066,-0.774459,0.0635341,0.415551],[0.0912595,-0.0524407,0.539543,-0.00684498,0.60589,0.357923,0.00174703,-0.0826003,0.00726207,0.0654916,3.30633e-05,0.179397,0.113737,-0.0289333,-0.028224,0.075155,0.127457,0.286337,0.0792967,1.63075],[0.426166,0.37553,-1.33253,0.226342,1.97444,1.19748,0.272504,0.0404972,-0.294779,-0.449431,-0.000594075,0.33708,0.0428882,-0.297435,-0.00103086,0.0390369,0.0124854,-0.0981524,0.05872,3.05802],[-0.0497954,0.0508093,0.0185838,0.0134697,-0.181917,0.293795,-0.159378,0.0371279,-0.0174513,-0.311721,-0.000162229,0.00307474,0.162424,-0.00849713,-0.0114523,0.0479223,0.0717684,0.876631,-0.0125332,1.4953],[117.772,55.6851,330.09,50.3444,209.684,28.1585,337.873,-36.4205,-5.57081,88.6555,-0.124663,85.0409,56.9115,4.47089,23.6658,-11.8998,-25.969,165.759,-12.7139,763.178],[-0.233653,-0.304327,-0.298938,-0.103834,-0.208231,-0.321045,0.0944583,0.0312561,0.00401106,0.0119167,7.23827e-06,-0.0688831,0.0393421,0.093015,-0.00765941,0.00622515,0.00872557,-0.486031,0.0147391,-0.469381],[0.0423526,-0.163207,0.25759,-0.0783729,1.02969,0.713198,0.0491253,-0.0414994,0.0108762,-0.0936667,0.000152331,0.080966,-0.0474662,-0.0796672,-0.0478762,0.0278601,-0.000930547,0.430263,-0.00808666,-1.03669],[-0.77395,-0.805713,-0.428099,-0.158063,-2.03562,-1.57457,0.0116475,-0.057228,0.0057032,0.011028,0.000125785,-0.346132,0.0996462,0.339312,-0.0599997,-0.0198209,-0.0183267,-0.485485,0.0425587,-2.65021],[0.367228,0.388802,1.07064,0.0856428,1.59587,2.34133,-0.610441,0.0460662,-0.0103363,0.193871,1.80965e-05,0.436497,0.236893,-0.417485,-0.183474,-0.0308023,0.0308557,1.56749,-0.108007,0.657437],[0.0231943,-0.0141256,-0.217429,0.0707352,-1.37427,-1.77978,-0.0432399,-0.0547515,-0.0202144,-0.0975289,0.000425764,-0.183345,-0.0579329,0.211316,-0.0252441,-0.117342,-0.106479,4.07904,0.0688598,-2.66803],[-0.860836,-0.761346,-0.836967,-0.613066,-1.87829,-1.63174,0.507534,0.0304043,-0.0512276,0.122334,0.000107627,-0.38725,0.052922,0.374272,-0.0900667,0.0230203,-0.0571679,-2.38857,0.157799,-3.16196],[0.00480468,0.0162445,0.0642264,-0.0141324,0.0865696,0.0636228,-0.0217527,0.0057545,-0.00342853,0.0132349,1.0203e-05,0.00556221,0.0149891,0.00565965,0.00430491,-0.00483545,-0.00639393,0.00671798,-0.00333242,0.30604],[0.192403,0.360287,-0.056812,0.137987,-0.0817835,0.0183536,0.205257,-0.0397735,0.0990014,-0.14443,-0.000177147,0.311066,0.0455131,0.0688453,-0.018576,-0.00156076,-0.0416454,0.70904,-0.207079,4.07625],[-0.0235986,-0.029219,-0.00152543,0.00166923,-0.0525063,-0.0281517,-0.00361425,-0.00188812,0.00168616,-0.00405231,8.72356e-07,-0.0120725,0.00734646,0.0122335,-0.0025806,-0.000795786,-0.00192358,0.01804,3.10762e-05,-0.0855273],[0.0344341,0.0391588,-0.0061948,0.0304031,-0.0177955,-0.0501178,-0.00838353,0.0103627,0.00149072,-0.0216416,3.68178e-06,0.0117897,-0.0104728,-0.00116362,-0.00672899,-0.00309379,-0.0029821,0.139205,-0.00562064,-0.233752],[0.062448,0.0997105,0.00816768,0.0453244,0.0345577,0.0508837,0.00650766,0.0057001,0.000703205,-0.0079763,-1.40524e-05,0.0193707,-0.0164887,-0.0185169,0.00575057,0.00566151,0.0059446,-0.0146958,0.000718453,0.308593],[-0.0785055,-0.0560804,-0.096925,-0.0328609,-0.184503,-0.145673,-0.0185035,0.0185946,-0.00181425,-0.00494466,5.64889e-06,-0.0315567,0.00861992,0.0163609,-0.011064,-0.00739076,-0.0126493,-0.264925,-0.00572917,-0.51434],[-0.0200777,-0.0528766,-0.453071,-0.00564283,-0.264805,-0.488751,0.119551,0.0033485,-0.00607247,0.0568324,5.01711e-05,-0.116225,-0.111332,0.0669118,-0.0126415,0.0390507,0.0264495,-0.523181,0.0434998,-0.689859],[0.0408664,0.0358788,0.0288489,0.00958143,0.0975675,0.0543431,-0.0134338,0.00191938,-0.000713351,-0.00958849,-2.81965e-06,0.0173699,-0.00635183,-0.0112442,0.000141181,-0.00361543,-0.0043846,0.0741892,-0.00533909,-0.0270502],[0.0187378,0.0190901,-0.000825622,0.000718339,0.0621716,0.055857,-0.018036,-0.000789237,-0.00201423,-0.00322614,3.02832e-07,0.00440945,-0.00848231,-0.00756936,-0.00030618,-0.00163461,-0.00261805,0.00188719,-0.00289933,-0.0622367],[-0.0716749,-0.105843,-0.120148,-0.0235577,-0.190881,-0.101109,0.157014,-0.0155472,-0.0225686,-0.00375531,-0.000113685,-0.0219112,0.0189852,0.0201055,0.0128371,-0.0232754,-0.037008,0.404026,-0.0246192,1.25192],[0.515359,0.69959,0.791797,0.16763,0.430243,0.610166,-0.0757527,-0.120376,-0.0209784,-0.044295,-7.64358e-05,0.0625431,-0.023385,-0.122075,-0.0120465,0.0315738,-0.0609048,-0.746289,-0.0377443,-1.88517],[0.241525,0.502329,0.140078,0.049881,-0.250252,0.15609,-0.0653858,0.0721957,-0.0934464,-0.00852725,-0.000269222,-0.0689799,-0.264952,0.0732724,0.050545,-0.0140903,-0.0412907,-1.41033,-0.0167919,-1.81305],[0.10737,0.147904,0.557971,0.00224385,0.443854,0.60732,-0.0552844,-0.0890221,0.00829501,-0.0818196,0.000159295,0.0490986,-0.0229409,-0.0339549,-0.00213973,0.00444302,0.0297296,0.00603443,0.0510543,-0.440402],[163.904,133.454,216.029,-11.6375,329.405,387.839,-176.476,32.7353,-11.9057,-101.957,0.289259,46.7648,-62.7948,-90.6582,-13.6888,12.2496,7.12059,-178.177,1.78996,-662.501],[-0.0226589,-0.0123723,0.0888471,0.0319262,-0.161962,-0.00070188,0.0658556,-0.0237155,0.0095686,0.0350018,3.88974e-05,-0.00578297,0.0194653,0.0491223,-0.00967476,0.00830551,0.00963784,-0.225423,-0.00045438,0.418893],[0.284747,0.199771,0.240967,-0.108044,1.20579,0.780971,0.00585421,0.000660292,-0.00323253,0.0376949,1.28423e-05,0.225366,-0.172252,-0.235142,0.0600864,0.0119705,0.0239265,0.615425,-0.0348601,3.29783],[-0.227295,-0.196156,-0.347021,-0.0494783,-0.775032,-0.732859,0.00286643,-0.0149489,-0.00732164,-0.0176045,1.52611e-06,-0.138379,0.00312288,0.12639,-0.00206258,-0.0244109,-0.0286084,-0.472495,0.0128106,-1.01612],[-0.685531,-0.603107,-0.624576,-0.378562,-1.11055,-1.11022,-0.442467,-0.133673,-0.0319585,-0.0790079,-2.1451e-05,-0.22654,0.0943314,0.209567,-0.322271,-0.169314,-0.129179,1.10759,-0.0592909,-3.04152],[0.094883,0.116587,0.503133,0.0843567,0.234254,0.427903,-0.260854,-0.00862654,-0.0421953,0.189946,0.000329128,0.0953363,-0.138966,-0.00644616,0.0677495,-0.106095,-0.0292972,1.84659,0.125835,4.09146],[-0.171724,-0.425363,0.355869,-0.0728195,0.963164,0.584467,-0.121506,0.0798057,-0.0906607,0.0147039,8.41136e-05,0.127019,0.141747,-0.19342,0.0682948,0.0708639,0.103838,0.0393376,0.151662,3.45498],[0.00287174,-0.00619697,0.000573387,-0.00312022,-0.00443674,-0.0203796,0.0166493,-0.00255177,0.00415763,-0.00622931,-2.5578e-06,-0.00613433,0.00278021,-0.00239675,-0.00631292,0.0017594,0.000217033,0.0459286,-0.00832025,-0.215671],[0.579825,0.498761,0.295437,0.0111217,1.64589,1.05921,-0.0596315,0.0967023,0.00292532,-0.0110131,-0.000231802,0.209535,-0.031886,-0.199887,0.0308958,0.0410379,0.0141313,0.53517,-0.0736032,2.65452],[0.00722768,0.00981162,0.00367102,0.0059811,0.0103973,0.0113494,0.00519009,-0.000810335,0.00024796,-0.00241092,-1.8605e-06,0.00396585,-0.00140885,-0.00420375,0.00111378,0.000131341,-0.000771179,-0.0395799,-0.000282278,-0.0563757]],"sigmahat":[[2.49309,2.49574,1.33635,0.670186,5.99425,4.61756,-0.0731622,0.109275,-0.0297552,-0.0115105,-0.000387578,1.2215,-0.291364,-1.13553,0.150727,0.0982105,0.0866596,0.516302,-0.13286,7.71823],[2.49574,2.85128,1.51969,0.717739,5.97887,4.99138,-0.119479,0.104995,-0.0296945,0.00412381,-0.000400447,1.26247,-0.283005,-1.17496,0.164064,0.0925864,0.0926772,0.42049,-0.126,7.76818],[1.33635,1.51969,2.7283,0.454119,2.97583,3.40961,-0.0392397,-0.0370304,-0.00457348,0.0161764,-0.000145557,0.723482,-0.0214752,-0.54798,0.0714722,0.0279425,0.0545001,1.55041,-0.0760125,3.9491],[0.670186,0.717739,0.454119,0.291624,1.47667,1.27291,0.00803208,0.0171649,-0.00324955,-0.0116202,-0.000113578,0.348877,-0.0524187,-0.294032,0.0494605,0.0331469,0.0326427,0.190245,-0.038004,2.46819],[5.99425,5.97887,2.97583,1.47667,16.974,12.4252,-0.303673,0.330022,-0.0794693,0.000123508,-0.00089231,3.15831,-0.730408,-3.04333,0.37202,0.26495,0.221525,0.938965,-0.339851,19.7333],[4.61756,4.99138,3.40961,1.27291,12.4252,11.2742,-0.244091,0.182444,-0.0629376,0.0420394,-0.00063102,2.49652,-0.453539,-2.3823,0.323148,0.215434,0.213549,1.3967,-0.253465,16.1781],[-0.0731622,-0.119479,-0.0392397,0.00803208,-0.303673,-0.244091,0.45066,-0.00265222,-1.80756e-05,0.0520696,-6.40787e-05,-0.0396292,0.0259618,0.0551082,0.0333627,0.0280304,0.0295853,-0.17399,0.0244,1.62647],[0.109275,0.104995,-0.0370304,0.0171649,0.330022,0.182444,-0.00265222,0.052491,-0.00120682,-0.00486937,-5.13878e-06,0.0687036,-0.0070768,-0.0702748,0.00573792,0.00462741,0.00193462,-0.106665,-0.00698018,-0.010164],[-0.0297552,-0.0296945,-0.00457348,-0.00324955,-0.0794693,-0.0629376,-1.80756e-05,-0.00120682,0.00961643,0.00838468,1.3454e-05,-0.0141179,0.000845522,0.0148783,-0.00232235,-0.000125808,4.89252e-05,-0.0177072,-0.00132127,-0.090865],[-0.0115105,0.00412381,0.0161764,-0.0116202,0.000123508,0.0420394,0.0520696,-0.00486937,0.00838468,0.164284,1.4056e-05,-0.0250214,-0.0124647,0.024845,0.0154231,0.0131222,0.0221181,-0.225786,0.0300141,0.675836],[-0.000387578,-0.000400447,-0.000145557,-0.000113578,-0.00089231,-0.00063102,-6.40787e-05,-5.13878e-06,1.3454e-05,1.4056e-05,3.17075e-07,-0.000190177,3.67545e-05,0.000178481,-2.76151e-05,-2.3431e-05,-1.58079e-05,-7.8054e-06,3.5445e-05,-0.00192488],[1.2215,1.26247,0.723482,0.348877,3.15831,2.49652,-0.0396292,0.0687036,-0.0141179,-0.0250214,-0.000190177,0.721688,-0.106597,-0.61905,0.0719831,0.0498169,0.0462465,0.404553,-0.0786253,4.10728],[-0.291364,-0.283005,-0.0214752,-0.0524187,-0.730408,-0.453539,0.0259618,-0.0070768,0.000845522,-0.0124647,3.67545e-05,-0.106597,0.143662,0.137297,-0.0358302,-0.0124712,-0.0142848,-0.00275899,0.0100295,-1.18436],[-1.13553,-1.17496,-0.54798,-0.294032,-3.04333,-2.3823,0.0551082,-0.0702748,0.0148783,0.024845,0.000178481,-0.61905,0.137297,0.631307,-0.0731991,-0.05256,-0.0466745,-0.185569,0.0678692,-3.73521],[0.150727,0.164064,0.0714722,0.0494605,0.37202,0.323148,0.0333627,0.00573792,-0.00232235,0.0154231,-2.76151e-05,0.0719831,-0.0358302,-0.0731991,0.0425375,0.0159826,0.0176746,0.0756873,-0.00164289,1.30735],[0.0982105,0.0925864,0.0279425,0.0331469,0.26495,0.215434,0.0280304,0.00462741,-0.000125808,0.0131222,-2.3431e-05,0.0498169,-0.0124712,-0.05256,0.0159826,0.0320959,0.0276053,-0.0802814,0.00519776,0.722082],[0.0866596,0.0926772,0.0545001,0.0326427,0.221525,0.213549,0.0295853,0.00193462,4.89252e-05,0.0221181,-1.58079e-05,0.0462465,-0.0142848,-0.0466745,0.0176746,0.0276053,0.0402837,0.0588119,0.0134631,0.997546],[0.516302,0.42049,1.55041,0.190245,0.938965,1.3967,-0.17399,-0.106665,-0.0177072,-0.225786,-7.8054e-06,0.404553,-0.00275899,-0.185569,0.0756873,-0.0802814,0.0588119,10.3529,-0.107049,7.52114],[-0.13286,-0.126,-0.0760125,-0.038004,-0.339851,-0.253465,0.0244,-0.00698018,-0.00132127,0.0300141,3.5445e-05,-0.0786253,0.0100295,0.0678692,-0.00164289,0.00519776,0.0134631,-0.107049,0.0368884,-0.197628],[7.71823,7.76818,3.9491,2.46819,19.7333,16.1781,1.62647,-0.010164,-0.090865,0.675836,-0.00192488,4.10728,-1.18436,-3.73521,1.30735,0.722082,0.997546,7.52114,-0.197628,82.5794]],"n":20,"lags":3}