{"betahat":[[7.7991,11.5022,4.08573,-7.99341,21.8849,28.9576,1.20585,-2.20279,4.14431,20.6692,-0.339644,3.11796,136.44,1.4883,2.93726,-2.25437,16.8549,-13.9939,-3.46336,25.0626,-21.1796,-2.84757,3.25384,0.854357,3.83934],[0.667893,0.180255,-0.498879,-0.0972778,0.20598,0.1206,0.171815,0.0556684,0.175056,0.661061,0.0690181,-0.201977,4.07723,0.0667207,0.0183663,0.376389,-0.0203128,0.0252081,0.0547242,-0.407783,-0.158345,0.0672406,0.23746,0.552732,-0.0595857],[0.0414792,0.744595,0.253629,0.138807,-0.2467,0.182636,0.00153788,0.0287329,0.0482066,0.0253263,0.0271305,0.138501,1.64832,0.0395374,0.0155884,-0.0814836,-0.0140224,0.0633591,0.103689,0.508848,0.108502,0.0189264,-0.0617509,0.108293,0.0112049],[0.0168163,0.0283481,0.861312,0.0209734,-0.0326205,-0.043509,-0.0229702,-0.0178477,-0.00115047,0.033536,0.00177315,0.077765,-0.323578,0.00478504,0.00985551,0.0350688,-0.00356568,-0.0234218,-0.0222049,-0.330562,0.0187104,-0.0161571,-0.0591266,-0.085124,0.00565532],[-0.0374712,0.0609427,-0.185013,0.710962,0.164693,0.076228,-0.0773461,0.0267835,0.0247849,0.0895158,0.0179205,0.256198,-0.677094,0.00970284,0.0290079,-0.226306,-0.00569083,0.0432655,0.00950539,-0.0140508,-0.0968897,-0.00181785,0.00987491,-0.124902,0.0329462],[-0.0310462,-0.0212139,-0.0431627,0.0286183,0.696316,-0.0737646,-0.0493889,0.00833077,-0.0243309,0.247154,-0.0174176,0.057965,-0.0314424,-0.011309,-0.0149481,0.258653,0.0151113,-0.00179456,0.0329469,-0.24404,-0.016243,-0.00996014,0.0140836,-0.0549652,-0.0138064],[0.0257882,-0.00712541,-0.0550503,-0.019111,-0.0887038,0.731962,-0.0086287,-0.0125759,-0.00226317,0.0440214,0.00798232,-0.0224802,-0.0227456,-0.00748669,-0.00334412,0.045121,-0.015965,0.0136192,-0.0102394,-0.0928732,-0.0547406,-0.00601491,-0.0224995,-0.0261388,-0.0096468],[0.116484,0.0107709,0.320032,0.055065,0.0327043,-0.168965,1.1554,-0.0256784,0.042423,0.585114,0.10288,0.123671,2.71639,-0.0306858,-0.086325,0.884374,-0.0340504,-0.0301961,0.0333015,-0.150959,-0.0294167,0.0617462,-0.101343,0.301669,0.013557],[-0.133986,0.071609,-1.11776,0.00180694,0.350271,0.135175,0.0703718,1.07731,0.119102,-0.417541,-0.00910972,0.141159,0.296863,-0.0687399,0.0371752,-2.01403,-0.0964775,0.116056,0.0615189,0.504404,0.374562,0.0418968,0.448394,0.332636,-0.196945],[0.118555,0.211166,-0.0797261,0.274049,-0.656238,-0.317118,0.130713,-0.0463492,0.895772,0.765787,0.0403404,-0.0740872,1.46213,0.00429979,-0.0103115,1.16869,-0.202341,-0.0122868,-0.269046,-1.35464,0.127422,0.0975717,0.153735,0.162532,-0.0179665],[-0.034453,0.00271978,-0.126119,-0.00249639,0.049989,0.0779564,-0.0400053,-0.0203789,0.0145386,0.912104,0.000920561,0.0128541,-0.290063,-0.00625762,0.0165156,-0.433347,-0.0317238,-0.0241866,0.0393213,0.0954511,-0.00951519,0.000337141,-0.0776141,0.0297821,-0.00444217],[-0.0303673,-0.303781,-0.341765,-0.132321,-0.0690042,-0.165638,0.157163,0.17311,0.133691,0.144009,1.25998,-0.318908,-0.574442,-0.0272157,-0.0218708,0.25908,-0.172538,-0.0229041,0.0535956,-0.973323,0.225273,0.0107293,-0.492927,0.13702,0.0921293],[0.0141163,-0.0632614,0.0886933,-0.0607463,-0.184399,-0.0125817,0.0146941,0.00364855,0.0344595,0.191167,0.0204899,1.13623,0.591501,0.0171068,-0.0125505,0.433946,-0.0522386,-0.0178594,-0.0292584,-0.313869,-0.126526,0.00518746,-0.24775,-0.120185,0.0174016],[-0.00528927,-0.000245654,0.00824419,-0.00533318,0.0126746,0.0137113,-0.00129581,-1.41575e-06,-0.00543136,0.0111593,0.00077934,-0.00311152,0.813252,-0.00207206,0.00114784,-0.0738902,0.00513165,0.000765833,0.000962438,-0.0327676,0.00584037,0.000375572,-0.0100102,-0.0104951,0.00200194],[0.0833754,0.0131342,0.636935,0.226004,1.16722,1.83903,-0.105496,0.0146185,-0.0393221,-0.721806,0.0295382,0.305821,-5.464,0.898485,0.0198511,-0.590334,0.168414,0.182596,-0.00308364,1.35874,-0.732734,-0.0153771,0.863343,-0.517994,0.233916],[-0.13122,-0.244233,-0.260832,-0.0538993,-0.0417768,-0.569016,-0.0411192,0.0636264,0.0636241,-2.38737,-0.0190607,-0.0774454,-3.11063,-0.0852964,0.880611,-3.8318,-0.15387,0.0192701,0.197132,1.6968,0.239639,-0.0994997,-0.870937,-0.470446,-0.0497249],[0.00788911,-0.00108967,0.00190828,-0.0252551,0.042483,0.0976553,0.0100049,0.00573311,0.0155236,0.0192722,0.00687116,-0.0124396,0.0841228,0.0114796,0.00615407,1.04444,0.00524853,0.0270341,-0.000422264,0.0250769,-0.00461271,-0.0055521,0.05604,0.008442,0.00925177],[0.452772,0.00523108,0.610052,0.0659865,0.422322,-0.0466413,0.0395632,-0.130404,-0.0222092,-1.04355,0.00586071,0.125947,5.20942,0.0251705,-0.0585649,1.85874,0.571519,0.403967,0.0147861,2.39283,0.159771,0.112241,0.914597,0.552124,0.0470984],[-0.0124033,-0.0544345,0.138647,-0.111228,-0.267124,-0.332922,0.00204404,0.0232114,0.0227347,-0.193926,-0.0895366,0.0132059,-3.12531,0.0326317,0.02962,0.0968536,-0.011054,0.35849,0.0811296,-0.424976,-0.0902138,-0.0327805,0.0599978,-0.0633226,-0.048356],[0.0392513,0.0789251,-0.1042,0.082563,0.705104,0.221687,-0.155703,0.0572801,0.0231735,-0.121104,-0.0440292,0.101332,-1.40841,-0.0122367,-0.0581145,-0.0760822,-0.0264017,0.0767715,-0.0713085,-0.87957,0.176677,-0.0361958,-0.0292266,-0.557237,0.0105281],[-0.00657985,0.00502771,-0.0456738,-0.0176188,-0.0304246,-0.0313126,0.022232,0.00689114,0.00622485,-0.0378116,0.000555229,-0.031952,-0.364302,0.00211163,0.0153714,-0.180222,-0.00714837,-0.00391391,0.0162866,-0.0751097,-0.0393997,0.00382952,0.00883693,0.0449713,-0.00893661],[-0.0264628,-0.0118199,0.0188193,-0.275969,0.0398567,0.168833,-0.0935906,-0.0175314,0.0249868,-0.340798,-0.030494,-0.030258,-1.38401,-0.0321175,0.00829026,-0.658641,-0.0422541,0.00495755,0.0333875,0.229417,0.912588,-0.0441411,-0.147022,-0.21004,0.017765],[-0.166421,-0.102688,-0.766395,-0.357207,1.088,1.08243,0.415471,-0.0273182,0.0518937,-0.963103,0.0490179,-0.504394,0.603715,0.227612,0.187936,-0.472656,0.159441,0.295898,0.172651,2.09894,0.365173,1.18504,0.28794,1.20882,0.0511259],[0.104817,0.0923794,0.0915765,0.0270482,0.066542,0.13862,0.0227926,-0.0361101,0.0245389,0.275953,0.00955353,-0.00318179,1.21938,0.0220711,-0.00608688,0.4157,-0.016673,-0.0875117,-0.0579743,0.133233,0.0457728,0.00969145,0.709636,0.111247,0.00157502],[-0.00396952,-0.0322779,0.0312598,0.0224063,0.0559788,0.017621,-0.0695399,0.00402627,0.0164909,-0.146523,0.0214693,-0.018692,0.243306,0.0026556,0.0140846,-0.165362,0.0240679,-0.0358708,-0.0474052,-0.169165,0.0332897,0.0262104,0.0593749,-0.0192514,0.0260582],[-0.103472,0.225803,0.179183,0.335993,-0.136032,-0.345509,0.295895,-0.0750021,0.0693909,-1.2039,0.151413,0.0710239,-2.29554,-0.120908,0.051598,-3.64994,0.16904,-0.114765,0.0101525,2.28624,0.333848,0.136633,0.50095,0.335866,0.820997],[0.24961,-0.110458,0.285934,0.158222,0.0402129,0.088938,-0.130771,-0.0425643,-0.132251,-0.476344,-0.0239719,0.133491,-2.42077,-0.053916,-0.0192364,-0.0110412,0.0470711,-0.00172029,-0.0615674,0.688157,0.234478,-0.0328098,0.0165404,-0.376223,0.0365236],[-0.016429,0.183724,-0.220168,-0.152831,0.019223,-0.297965,0.0152815,-0.040441,-0.0395709,-0.0268634,-0.0306637,-0.0785807,-1.4052,-0.0376876,-0.0106746,-0.162083,0.0406717,-0.0447013,-0.033862,-0.101634,-0.091219,-0.0112584,0.124961,0.0255126,-0.0113229],[0.00260656,-0.0356721,0.139443,-0.0287892,0.0881235,0.0514945,0.0123957,0.0148366,0.00734616,-0.0274241,0.0030956,-0.0584796,0.304913,0.000864896,-0.0037681,-0.0714972,0.00549652,-0.00508716,0.0249579,0.0929531,0.0403606,0.00483666,0.0510651,0.0815298,0.00110834],[0.0631376,0.00605433,0.116592,0.169721,-0.0450121,0.0245963,0.0279699,-0.0200639,-0.015505,-0.163874,-0.0233308,-0.114915,0.526195,0.0108337,-0.00715844,0.264029,0.0255357,0.00820314,0.0213468,0.136471,0.0849614,-0.0120866,0.0012526,0.0925781,-0.0257128],[0.0176788,0.0339038,0.037863,-0.0324437,0.213771,0.0895072,0.0493552,-0.00207774,0.0267292,-0.170974,0.0115483,-0.0359417,0.214984,0.0105528,0.00401458,-0.0755969,-0.00800958,0.00353416,-0.0315871,0.131031,0.00769002,0.0109749,-0.0667609,0.0880822,0.02307],[-0.000128535,0.0012526,0.0332648,0.0319935,0.0317664,0.143703,0.0188933,0.0126454,0.00958945,0.00497238,-0.00220089,0.0019452,0.129438,0.0129106,0.0116239,0.011686,0.0129431,0.013491,0.0250426,0.078791,0.0608142,0.00555263,0.010818,0.0513087,0.00967432],[-0.0943035,-0.000514328,-0.171839,-0.0823317,0.092382,0.161732,-0.124104,0.0211826,-0.0173045,-0.39152,-0.0629662,-0.0102665,-1.30366,0.0193602,0.0437998,-0.643099,0.00862366,0.0223016,-0.0635778,-0.547368,-0.0712344,-0.0273481,0.0530119,-0.140183,0.0110639],[0.0349695,-0.178095,0.608273,0.2426,-0.30718,0.0109771,-0.000695282,-0.115218,-0.0552886,-0.0761783,0.0432894,-0.0980285,-0.728845,0.000270985,-0.0179928,0.000386748,0.0844133,0.0767412,0.0401166,0.318623,-0.159421,-0.0213265,-0.513735,-0.272154,0.124967],[-0.250702,-0.130463,-0.0323968,-0.593609,-0.544065,-0.714439,0.081523,0.060196,-0.0567025,0.302641,-0.0549066,-0.0417443,-0.338014,0.0699984,0.0454216,-0.546975,-0.0531607,-0.0537062,0.288467,-0.316655,-0.176368,-0.00905256,0.0948684,0.141561,-0.0613404],[0.0238737,-0.0194561,0.0381417,0.00988306,-0.103037,-0.1646,0.0105939,0.0261627,-0.0190174,-0.0233939,-0.0191156,-0.00779446,0.15034,-1.50858e-05,-0.00668849,0.213751,0.0182263,0.0309079,-0.0447406,-0.0724497,0.0189318,-0.00199038,0.0293517,-0.0508773,-0.00278496],[-0.0947399,0.0529957,-0.137804,-0.0776406,-0.031669,-0.454915,0.0012512,-0.0670133,0.00198077,0.357343,-0.231668,0.0979299,-0.128523,0.0558381,0.0077765,0.813469,0.0568385,-0.0453465,0.0955282,0.852094,-0.326905,-0.079473,0.563497,-0.0518355,-0.0974494],[-0.0318449,0.0129119,-0.280063,0.165239,-0.00324314,0.0334247,0.0651794,0.00531501,-0.0322615,-0.051734,-0.00185403,-0.174832,-0.853703,-0.0201345,-0.00487896,-0.0976138,0.0494559,0.0496304,-0.0120945,0.427939,0.0831166,0.00733255,0.160319,0.145115,-0.0163396],[0.00357998,0.0010706,0.003774,0.00719011,-0.0122756,-0.00764271,-0.000598253,0.000893209,0.002279,-0.00906563,-0.000286185,-0.00513073,0.0155638,0.000758087,0.000421385,0.0182101,-0.00132249,0.006138,-0.00125634,0.0104874,-0.00105582,0.000995946,0.0095233,0.000349248,-0.00365926],[0.0821809,0.159728,0.998304,-0.106087,-0.518473,-0.179712,-0.32041,-0.0510993,-0.1946,-0.184578,-0.16751,0.177483,-1.61524,-0.15501,-0.0970852,-0.386086,0.173607,-0.0311246,-0.248103,-2.67728,0.388996,-0.0408542,-0.366023,-0.328879,-0.0522042],[0.162131,0.0963455,-0.216763,-0.141351,-0.0774692,0.0853776,-0.16414,-0.0674494,-0.00799245,0.694015,0.0849994,0.239921,2.18126,-0.0205289,-0.0188933,1.7948,-0.0984928,-0.0377642,0.217855,-1.93416,-0.464529,0.0291366,1.20905,0.115632,0.0921338],[-0.00504034,0.0148604,0.00189187,0.0211712,-0.0117183,-0.0342828,-0.0122876,-0.00286242,-0.013235,-0.0401125,-0.00401454,0.0149176,-0.117074,-0.0120701,-0.00271887,-0.0892803,-2.20353e-05,-0.00718683,-0.00373476,-0.0199508,0.0253998,0.00308978,-0.0572044,-0.0222286,-0.00237239],[-0.359759,-0.197512,-0.717214,-0.245036,-0.23621,-0.0790213,0.093413,0.0918405,0.00720147,0.827885,0.0356772,-0.32148,-1.24391,-0.0515797,0.0133565,-0.709095,-0.126277,-0.258602,0.0153216,-1.85541,-0.151204,-0.0647392,-0.660502,-0.101258,-0.0160192],[0.0268554,0.0627428,0.054201,0.0495363,0.000653336,0.124299,0.00356913,-0.0365848,-0.0450574,-0.00936328,0.0227561,-0.0783673,1.54892,-0.0313125,-0.0298027,0.034937,0.030148,0.0390421,0.00619718,0.412667,0.284844,-0.00973798,-0.0609154,-0.00960004,0.0161712],[-0.0341705,-0.0870718,-0.0959207,-0.0206821,0.137356,0.227263,-0.0326713,0.0287729,0.037272,-0.208252,0.0381979,-0.0565917,-0.0768691,-0.00904807,0.044524,-0.195448,-0.0167469,0.0407698,0.0866584,-0.469909,0.0327353,-0.00340424,-0.0828418,0.106832,0.0232227],[-0.00837183,0.0112836,-0.00469755,-0.0549604,-0.0313812,-0.0453913,-0.0109452,0.00655607,0.00925138,0.00304041,0.00169588,0.0096914,-0.196772,0.00290001,0.00767623,-0.143341,0.000160223,0.00943573,-0.0147969,-0.103791,0.00622691,-0.0035756,0.00537057,-0.0414094,-0.000826072],[-0.00753412,-0.00117225,-0.204664,0.195437,-0.0833483,-0.143661,0.047629,0.0212894,-0.029884,0.324218,0.0348567,0.0113854,0.921242,0.00753826,-0.0123185,0.537693,0.0234691,0.00289165,-0.0295808,-0.140048,0.0814542,0.0335674,0.0286214,0.120252,-0.00529798],[-0.0703659,-0.190263,0.59053,-0.139101,-0.485615,-0.310841,-0.169934,-0.0667513,-0.0299874,1.33938,-0.0865711,0.110979,2.35254,-0.0729416,-0.145566,2.58214,-0.091052,-0.112851,-0.00531528,0.00879725,-0.500114,-0.271827,-0.0402114,-0.644361,0.051619],[0.0168288,0.021503,0.0676697,0.00709436,-0.0253071,-0.116986,-0.0382076,0.000297554,-0.0187984,-0.244457,-0.0187783,0.0303385,-1.48617,-0.0265467,-0.00577261,-0.285285,-0.0222998,-0.0455874,0.0424771,0.00278469,-0.004397,-0.0100791,-0.118996,-0.0852932,-0.00601093],[-0.0266378,0.00281074,0.0943274,-0.000576859,-0.0609131,-0.027793,0.0248326,-0.00345828,0.0114992,-0.158452,-0.0122598,0.00773594,-0.878984,0.010829,0.0263055,-0.331219,0.0293116,0.000939787,0.0366613,0.147218,-0.0252979,0.0023843,-0.00903041,0.0825703,0.0237059],[-0.0179179,0.0405808,-0.460975,0.182634,-1.3511,-1.07786,0.0825641,0.0353533,0.0566858,1.00446,-0.115951,0.260768,0.44795,0.0662872,0.0917255,0.0728848,0.0726287,0.041683,0.247382,-1.33484,-0.349102,-0.00237673,-0.366376,0.500214,-0.0590588],[0.0818534,-0.0705007,0.21248,-0.060418,-0.246999,-0.211151,-0.0414514,-0.0129795,-0.0430877,-0.184395,-0.0450895,0.0688077,-1.6583,-0.0129331,0.000512232,-0.361768,-0.0261936,-0.0225468,0.00688528,-0.282733,-0.0755193,-0.0343875,-0.253879,-0.177156,0.0228243],[-0.0255678,0.0705999,-0.0331758,0.0149124,0.225096,0.11173,-0.017307,0.0119579,-0.00909772,0.000580448,0.00343725,-0.0592851,-0.254826,-0.00200544,-0.00520384,0.244851,-0.0260517,-0.0173544,-0.0693152,-0.40757,-0.0162058,-0.00763589,-0.0633838,-0.135167,-0.000294742],[-0.0207635,0.00598069,-0.00664693,0.00851381,-0.0556585,-0.00931892,0.00976187,0.00309679,-0.00674886,-0.00318126,-0.0046014,-0.0185478,0.00393926,-0.006019,-0.00636713,0.0343715,-0.00169901,0.0294796,-0.00261837,0.231342,-0.0571607,0.0113529,0.00781993,0.00194946,-0.00684883],[-0.0258281,-0.0672484,0.068023,0.119661,-0.119303,-0.101717,0.0495773,-0.00660255,-0.0092152,0.0743283,0.0054215,-0.140973,0.151951,-0.0202736,-0.0219788,-0.0329168,-0.0191662,-0.0479694,-0.0309032,-0.121347,0.0129322,0.0141731,-0.0102417,0.0330724,-0.00756775],[0.012156,-0.0138941,0.00512889,0.00523234,0.084171,-0.021136,-0.00116769,-0.00613203,-0.00308148,-0.076849,0.0055307,-0.0204516,-0.195507,0.000464348,0.0102486,-0.178632,-0.00617478,7.16729e-05,-0.000960965,0.109136,0.0101403,-0.00119395,0.0522281,-0.0358677,-0.00977319],[-0.0259238,0.0052091,0.0225078,-0.0115672,0.0536653,0.118755,-0.0108684,-0.000119776,-0.00786713,-0.0498936,-0.00580774,0.0211208,-0.113554,-0.00568709,-0.00874771,-0.0540553,0.00390706,-0.0250739,-0.0143025,0.014877,-0.00433469,0.000366294,0.0121136,-0.0266643,-0.000427816],[-0.0246409,-0.0133684,-0.153917,0.0316893,-0.123453,0.00285383,-0.0350176,0.00555927,-0.0261863,-0.188395,-0.0389529,-0.109855,-1.40402,0.0122269,0.0410947,-0.214126,0.0254682,0.0217092,0.0318001,0.678475,0.106834,-0.0336216,0.0609474,-0.164719,-0.0256408],[0.0496415,0.0428483,0.52345,-0.230189,-0.191887,-0.265968,-0.0755377,-0.00766876,-0.0692206,0.500076,-0.0244465,-0.095549,0.103996,0.0752098,-0.0165936,1.96309,-0.00426058,-0.152818,-0.0183451,-1.14221,-0.174196,0.00976399,0.210226,-0.0337914,0.0417581],[0.0512238,-0.047953,-0.0293727,0.228101,-0.105627,-0.128174,-0.0763473,0.109716,-0.100152,-0.086874,0.0156908,0.000600589,1.87393,-0.0639201,-0.0442321,-0.29024,0.0355097,0.0318751,0.0835593,0.279025,0.129792,-0.0239012,0.0108269,-0.00179718,0.0233942],[0.0111606,0.0176009,0.0909696,-0.0119709,0.0545587,0.0912834,0.0267274,-0.00649339,0.00425751,0.0866328,0.0165369,-0.0096308,0.093569,0.00532054,-0.00780206,0.169087,0.0139401,-0.00583847,0.00544049,-0.00579265,-0.00100791,0.00105546,0.0370336,0.0149522,0.00717475],[0.0584786,0.118279,0.283543,0.162598,0.189716,0.628622,-0.0923167,-0.0412569,-0.0701343,-0.263049,-0.0954974,0.122357,-0.636106,0.0149078,0.0297636,-0.452802,0.13819,0.0340595,-0.00581545,-0.0354067,0.104935,0.0358722,-0.239039,-0.0116783,0.0487602],[0.0203973,0.0512023,0.191003,-0.102338,0.189164,-0.0178242,-0.0707607,-0.00797869,0.000163308,-0.148544,-0.017119,0.0346459,0.296864,0.00320121,0.0177686,-0.335173,0.00935942,-0.0175051,0.0401319,-0.0844882,0.041614,-0.00979944,0.0767423,-0.00807244,-0.000662582],[-0.00145128,-0.000959288,-0.00262079,-0.00416054,-0.0144564,-0.0167966,0.00190851,-0.00111577,0.00287635,0.000171706,0.000303253,-0.000232773,-0.0192191,0.000150578,-0.000618912,0.0235335,-0.00388108,-0.00491663,-0.00043993,-0.0182755,0.00108478,0.000419939,0.00130119,0.00397763,-0.000656039],[0.0529408,-0.040139,0.424541,0.0937393,1.22715,0.829228,0.162906,-0.133798,-0.00462067,1.28246,0.0788821,-0.210361,3.81565,0.0173524,-0.0207465,0.871529,0.053652,0.0949558,-0.058794,0.669475,0.0295574,-0.0238237,-0.140567,0.130932,0.0582688],[-0.012314,0.115771,-0.505075,0.000489485,0.119596,-0.122102,-0.0247424,0.0851904,-0.00259553,-0.105646,-0.0312069,0.0354929,-3.00746,0.00890709,-0.00956162,-0.171062,-0.0814413,0.203592,-0.0274625,1.31501,0.155805,0.0689962,-0.37686,-0.246848,-0.093613],[-0.00578311,-0.0118293,-0.00345934,0.0070527,-0.0224587,-0.0465363,0.00227842,-0.00484598,-0.00394436,0.0395077,-0.00374606,-0.00303455,0.0630498,0.00214424,-0.00149043,0.0293072,0.00112942,-0.0101372,-0.00065146,-0.028878,-0.0157715,0.00183008,0.00781777,0.0175981,-0.005374],[-0.0976881,0.121436,0.168974,0.185825,-0.364286,-0.0509376,-0.0590692,0.0355066,0.00541612,0.0879116,-0.0458604,0.149984,-3.57577,0.0150588,0.0350435,-1.10773,-0.241116,-0.129783,0.00721874,-0.457765,-0.0603697,-0.0358698,-0.478517,-0.276892,-0.0451918],[0.0469356,-0.00541511,-0.235789,0.0354605,0.29858,0.215189,0.0576751,0.0393972,0.0480106,-0.0666006,0.0891076,-0.0040592,1.47732,-0.00457169,-0.00844568,0.0886115,0.082113,0.0731949,-0.0283244,0.161262,-0.0104062,0.0621511,0.0847725,0.215975,0.0217833],[-0.0277825,0.0409155,0.026463,-0.0165539,-0.0324636,-0.0385078,-0.00442028,0.0235262,-0.0265975,0.00841564,-0.0140847,-0.0691989,-0.393921,-0.0109479,-0.00799811,0.0657886,0.0135552,0.0146053,-0.0484138,-0.171708,0.0152341,0.0171628,-0.0850116,-0.0443495,-0.0175413],[-0.00862937,-0.0094102,-0.0295858,-0.0082917,-0.00395094,0.0225253,0.00698967,-0.00261436,0.0107709,0.0924243,0.00655497,-0.0187893,0.0134983,0.00633925,-0.0025595,0.165919,0.00759184,0.00779708,-0.0200768,-0.130611,-0.0355171,0.00168342,0.000598217,-0.0134389,-0.00151281],[0.0314725,0.0105753,0.186393,0.0858273,0.0386347,-0.034675,0.0431136,-0.00310804,0.00284092,0.0156243,-0.00502998,0.0230824,0.415794,0.0248119,0.00296552,0.131786,0.0212228,-0.00457194,-0.00248993,-0.0968306,0.00475361,0.0106655,0.121947,0.0854003,-0.0133779],[0.140538,0.0325073,0.531107,0.538717,-0.212673,-0.186876,-0.204559,0.0347097,-0.00277454,0.397589,0.0190471,0.288784,2.94195,-0.0124135,-0.0400284,0.816526,-0.0977373,0.0804422,-0.0734586,-0.883001,-0.106453,-0.0606548,-0.381339,-0.258429,0.0195385],[0.00846993,-0.0141778,0.0617031,-0.0485668,-0.017827,-0.0609363,0.00491661,-0.00565296,0.0166917,-0.00765968,0.0189237,0.0080612,-0.0051615,0.00419374,0.0100486,-0.227429,-0.00187624,-0.037195,0.008469,0.0551414,0.0580601,0.0183748,-0.0992161,0.0458796,0.000239532],[0.0177594,0.0206571,-0.0865636,0.00275933,-0.0170944,-0.00412705,0.0264621,0.00207533,0.00773258,-0.0685124,0.000314065,-0.0332263,-0.494842,0.00205127,0.0161291,-0.265465,0.00663862,-0.00195618,-0.0524274,0.137877,-0.0361391,0.00546155,-0.140588,-0.0894927,0.00806542],[0.131199,0.106044,-0.487951,-0.366055,0.422613,0.442326,-0.318863,-0.0387062,0.012323,-0.330125,-0.00799514,-0.20936,-0.184151,0.014056,-0.0291646,0.668962,0.150486,0.0564524,-0.14579,0.452656,-0.0933773,-0.0447043,-0.0704567,-0.69887,-0.0464739]],"sigmahat":[[0.290823,0.0490694,0.412974,0.12271,0.213778,0.0360244,0.0243433,-0.0147701,0.0186253,-0.28152,0.0210403,0.0154997,1.0981,0.0178859,0.0147606,0.110059,0.0109462,0.0186286,-0.01692,0.58864,0.0645199,0.0187103,0.0572125,0.126507,0.024361],[0.0490694,0.364012,-0.00128007,0.00299244,0.357937,0.378008,0.0182068,-0.02486,0.0371161,-0.0250122,0.0274089,0.00144158,0.478155,0.014537,0.0123735,0.0807444,-0.00994834,0.00584167,-0.0957687,0.164422,-0.108192,0.0197828,0.201149,0.163771,0.0301646],[0.412974,-0.00128007,3.26244,-0.0102116,-0.169676,-0.149294,-0.0113874,0.00366124,-0.0573803,-0.647931,-0.04731,0.14789,1.63835,-0.00643489,-0.0272046,0.262592,0.0286385,-0.0907295,0.0650631,0.0415121,0.122066,-0.0136294,-0.59954,0.0291837,0.0320833],[0.12271,0.00299244,-0.0102116,0.930615,0.176003,0.0858696,0.0429987,0.00571293,-0.0728745,-0.0796196,0.0089143,-0.0288031,0.636275,-0.0111021,-0.00821292,0.157839,0.0355329,0.0194502,-0.113683,0.254706,0.0582324,0.0166149,0.326751,0.0533932,-0.0130806],[0.213778,0.357937,-0.169676,0.176003,3.96398,2.87294,0.131256,-0.139718,0.185061,0.430593,0.184956,-0.199749,6.27048,0.128845,0.0530288,1.71785,-0.0317508,0.180681,-0.371573,0.151992,-0.0568709,0.0646353,1.26258,0.791415,0.180061],[0.0360244,0.378008,-0.149294,0.0858696,2.87294,4.22485,0.144834,-0.120576,0.137297,0.502831,0.166184,-0.158125,7.03479,0.108896,0.0672245,1.38337,0.0288135,0.173166,-0.327437,-0.631432,-0.114691,0.026836,0.804875,0.821669,0.305473],[0.0243433,0.0182068,-0.0113874,0.0429987,0.131256,0.144834,0.249508,0.00393519,0.0730545,0.124248,0.0417634,-0.120925,2.13405,0.040683,0.0281812,0.384558,0.0299167,0.0831464,-0.00312207,0.422174,-0.074488,0.0408797,0.139953,0.577272,0.0230248],[-0.0147701,-0.02486,0.00366124,0.00571293,-0.139718,-0.120576,0.00393519,0.0517598,-0.00200185,-0.058147,-0.0032771,0.00328003,-0.164728,-0.00167455,-0.00125336,-0.0497509,0.00320563,0.0181381,0.00302641,-0.0832904,-0.0173809,0.00536065,-0.0149307,-0.00197069,-0.0103383],[0.0186253,0.0371161,-0.0573803,-0.0728745,0.185061,0.137297,0.0730545,-0.00200185,0.116462,-0.0928679,0.0420681,-0.0702901,1.45133,0.0399274,0.0300861,0.151609,0.00127116,0.0500195,-0.00575373,0.279662,-0.0670777,0.0265959,0.0629721,0.192891,0.00779309],[-0.28152,-0.0250122,-0.647931,-0.0796196,0.430593,0.502831,0.124248,-0.058147,-0.0928679,4.46057,0.0724897,-0.0130722,7.98266,0.117248,-0.0929251,4.60857,-0.148851,-0.207706,-0.167006,-2.5616,-0.504553,-0.0363649,1.08451,0.572426,0.0490031],[0.0210403,0.0274089,-0.04731,0.0089143,0.184956,0.166184,0.0417634,-0.0032771,0.0420681,0.0724897,0.071252,-0.0405445,1.19818,0.0102733,0.00370902,0.183222,-0.00135043,0.0252449,-0.0118586,0.0485703,-0.0131196,0.0313345,0.115919,0.128152,0.0249627],[0.0154997,0.00144158,0.14789,-0.0288031,-0.199749,-0.158125,-0.120925,0.00328003,-0.0702901,-0.0130722,-0.0405445,0.422116,-1.43147,-0.0291347,-0.0323028,-0.285692,-0.0279445,-0.0527184,0.0436657,-0.201682,0.066379,-0.0220313,-0.223236,-0.167786,-0.00209308],[1.0981,0.478155,1.63835,0.636275,6.27048,7.03479,2.13405,-0.164728,1.45133,7.98266,1.19818,-1.43147,124.53,1.11116,-0.179141,24.2376,0.283249,0.353605,-0.969886,-1.27577,-1.75701,0.477729,7.84906,9.51072,0.75374],[0.0178859,0.014537,-0.00643489,-0.0111021,0.128845,0.108896,0.040683,-0.00167455,0.0399274,0.117248,0.0102733,-0.0291347,1.11116,0.0515114,0.0292952,0.316985,-0.00279382,0.0212676,-0.0102585,0.105482,-0.0522678,0.00928219,0.142076,0.140136,0.00685519],[0.0147606,0.0123735,-0.0272046,-0.00821292,0.0530288,0.0672245,0.0281812,-0.00125336,0.0300861,-0.0929251,0.00370902,-0.0323028,-0.179141,0.0292952,0.0530788,-0.336397,-0.00389525,0.0144436,-0.00382351,0.214018,-0.0218191,0.00526751,-0.000380179,0.0506945,0.00658346],[0.110059,0.0807444,0.262592,0.157839,1.71785,1.38337,0.384558,-0.0497509,0.151609,4.60857,0.183222,-0.285692,24.2376,0.316985,-0.336397,15.339,0.0628432,0.263088,-0.137458,-1.97766,-0.734243,0.035082,3.30567,1.80244,0.130408],[0.0109462,-0.00994834,0.0286385,0.0355329,-0.0317508,0.0288135,0.0299167,0.00320563,0.00127116,-0.148851,-0.00135043,-0.0279445,0.283249,-0.00279382,-0.00389525,0.0628432,0.144537,0.0764989,0.0196928,0.233541,-0.0192981,0.00961996,0.0616413,0.0933287,-0.0015097],[0.0186286,0.00584167,-0.0907295,0.0194502,0.180681,0.173166,0.0831464,0.0181381,0.0500195,-0.207706,0.0252449,-0.0527184,0.353605,0.0212676,0.0144436,0.263088,0.0764989,0.444924,0.0216729,0.379101,0.0520111,0.0241666,0.256367,0.164239,0.00244172],[-0.01692,-0.0957687,0.0650631,-0.113683,-0.371573,-0.327437,-0.00312207,0.00302641,-0.00575373,-0.167006,-0.0118586,0.0436657,-0.969886,-0.0102585,-0.00382351,-0.137458,0.0196928,0.0216729,0.37519,0.56046,0.0779385,-0.00403289,-0.0736585,0.0282853,-0.0215933],[0.58864,0.164422,0.0415121,0.254706,0.151992,-0.631432,0.422174,-0.0832904,0.279662,-2.5616,0.0485703,-0.201682,-1.27577,0.105482,0.214018,-1.97766,0.233541,0.379101,0.56046,12.8891,0.475618,0.133113,0.362091,1.10322,-0.0210897],[0.0645199,-0.108192,0.122066,0.0582324,-0.0568709,-0.114691,-0.074488,-0.0173809,-0.0670777,-0.504553,-0.0131196,0.066379,-1.75701,-0.0522678,-0.0218191,-0.734243,-0.0192981,0.0520111,0.0779385,0.475618,0.908749,-0.00230004,-0.360198,-0.214257,-0.0109157],[0.0187103,0.0197828,-0.0136294,0.0166149,0.0646353,0.026836,0.0408797,0.00536065,0.0265959,-0.0363649,0.0313345,-0.0220313,0.477729,0.00928219,0.00526751,0.035082,0.00961996,0.0241666,-0.00403289,0.133113,-0.00230004,0.0430994,0.0203008,0.134735,0.00197237],[0.0572125,0.201149,-0.59954,0.326751,1.26258,0.804875,0.139953,-0.0149307,0.0629721,1.08451,0.115919,-0.223236,7.84906,0.142076,-0.000380179,3.30567,0.0616413,0.256367,-0.0736585,0.362091,-0.360198,0.0203008,3.15083,0.735201,0.0577452],[0.126507,0.163771,0.0291837,0.0533932,0.791415,0.821669,0.577272,-0.00197069,0.192891,0.572426,0.128152,-0.167786,9.51072,0.140136,0.0506945,1.80244,0.0933287,0.164239,0.0282853,1.10322,-0.214257,0.134735,0.735201,2.47294,0.0947852],[0.024361,0.0301646,0.0320833,-0.0130806,0.180061,0.305473,0.0230248,-0.0103383,0.00779309,0.0490031,0.0249627,-0.00209308,0.75374,0.00685519,0.00658346,0.130408,-0.0015097,0.00244172,-0.0215933,-0.0210897,-0.0109157,0.00197237,0.0577452,0.0947852,0.0590365]],"n":25,"lags":3}