{"betahat":[[0.516271,0.436981,-5.74365,-1.38887,-0.180534,-2.1104,-1.42938,-0.18235,-0.101342,1.68685,-0.436315,2.46849,17.7163,0.498354,0.378144,-2.62162,-1.90358,-3.12525,-0.386825],[0.665469,0.253875,-0.635802,-0.332188,0.297357,0.219072,0.290628,0.0898518,0.220628,0.192627,0.0998156,-0.4901,3.68407,0.0688143,0.0874051,-0.573206,0.0158036,1.00348,-0.0487665],[0.0667515,0.690287,0.469191,0.201404,0.260456,0.329132,0.0531676,0.0234017,0.0525257,0.0437143,0.053465,0.21794,1.39203,0.00670808,0.0142442,-0.120633,-0.0637855,0.258341,0.00250218],[0.0108202,0.0173813,0.892328,0.0342743,-0.129718,-0.085108,-0.0550291,-0.0208404,-0.0262538,-0.0481893,-0.0102334,0.113114,-0.718141,-0.0113179,0.00598357,-0.190168,-0.130852,-0.172597,0.0057744],[-0.0715778,0.0282758,-0.19026,0.674122,0.158781,0.191074,-0.0629329,0.00461617,0.0131591,0.247334,0.00148618,0.263226,-0.288905,0.0201236,0.0312972,-0.160998,-0.00600247,0.014997,0.0203589],[-0.0404582,-0.00755628,-0.0741819,-0.0681577,0.610627,-0.127199,-0.0916849,0.0208406,-0.0377314,-0.000269111,-0.0307847,0.162972,-1.33364,-0.0377733,-0.0203516,-0.436344,-0.252477,-0.200473,0.00425417],[0.0578057,0.034614,-0.0944336,-0.0293509,-0.201392,0.718932,0.0053527,-0.00704563,0.0148431,0.0279467,-0.00838611,-0.0180988,-0.0944981,0.00613744,0.0116037,0.270349,0.285128,0.0604287,0.00705929],[0.0777002,-0.015275,0.373205,-0.0878273,-0.0258564,-0.137801,1.16877,-0.034659,-0.00903425,0.140145,0.0697037,0.029672,-0.639614,-0.0882378,-0.0404237,-0.187513,-0.652862,0.415414,0.0052925],[0.174456,0.0574883,-0.76055,0.0417057,0.429124,0.559937,0.348265,0.970145,0.173491,-0.409335,0.0443057,0.0853537,0.840612,0.0124142,0.0948006,-1.55335,0.525022,0.821175,-0.0680225],[0.316667,0.152011,0.297974,0.539743,0.130629,0.920124,0.357841,0.0668486,1.02538,0.851605,0.251694,-0.232878,9.50167,0.134537,0.0336133,1.70552,-0.186741,1.03044,0.0427775],[-0.0036999,0.0178933,-0.0606932,0.159873,0.0622894,-0.0294632,-0.0688943,-0.0148255,-0.0249551,0.88942,0.0102708,0.103771,-1.25163,-0.00427772,0.00828972,-0.401096,-0.0978712,0.0100394,-0.00220365],[-0.568198,-0.381094,-1.37548,-0.982495,-0.530008,-0.451528,0.439283,0.0595326,0.0175724,-0.539655,1.03667,-0.756213,-3.66396,0.111513,0.196928,-2.66686,-0.264927,0.998936,0.0669863],[0.00993901,-0.0852148,0.20046,-0.176,-0.109708,0.135245,-0.00619695,-0.0257436,0.035783,0.0709544,-0.00713504,1.05174,0.138362,0.0160779,0.00511304,0.138769,-0.417626,-0.146944,0.0119519],[0.00222483,-0.00475742,0.0249362,0.0011923,0.00770253,0.00182664,-0.00264287,0.000700986,-0.00148849,-0.037175,0.00180125,0.00492505,0.905653,0.00100067,0.000302045,-0.00215167,-0.000989481,-0.0159483,0.000179679],[-0.17547,0.04565,-0.515652,0.394226,1.05115,1.64149,-0.151845,-0.0799503,-0.237125,0.914013,-0.0943394,0.140406,-3.193,0.935398,-0.0269978,0.70724,0.716448,-0.23391,0.0895876],[-0.324333,-0.395284,0.126652,-0.355856,0.752556,-0.0192414,0.0635659,0.0134683,0.0480178,-0.730696,-0.0497884,-0.327834,-9.07043,0.0150595,1.08753,-3.03256,0.486977,-0.560553,-0.00380232],[0.00301953,-0.00130159,0.0390212,-0.0583546,-0.0303727,-0.00457334,0.0468836,0.0139932,0.0175085,0.0433481,-0.00462535,-0.0312064,-0.065727,0.0146871,0.00980092,0.955703,0.031156,0.0509632,0.00134106],[0.134297,0.100375,0.17158,0.0558536,0.00486759,0.0279631,0.0284624,-0.0434711,0.0230964,0.162043,0.0172585,-0.0115328,1.89633,0.026068,0.00109098,0.560503,0.791053,0.166998,0.0026586],[-0.00992363,-0.0287963,-0.0436311,0.0344162,0.00940109,-0.107447,-0.0789475,0.0177875,0.0164995,-0.0845207,0.0208699,-0.0453265,-0.757482,-0.000118957,0.00904009,-0.192724,0.102342,-0.200961,0.00545843],[0.217208,0.668124,0.609928,0.904221,0.892668,0.258588,0.752064,-0.0757192,0.350261,-0.165555,0.277878,0.69595,7.34129,0.13753,0.0221723,0.432625,3.01287,1.87157,1.19183],[0.257157,-0.157256,0.0446287,0.409711,0.00724494,-0.0918917,-0.2211,-0.0589363,-0.186251,-0.258772,-0.0346943,0.368782,-2.4667,-0.0590988,-0.0761904,0.569994,0.239307,-0.641832,0.0192913],[0.0206398,0.261504,-0.303944,-0.304481,-0.262021,-0.302296,0.0106243,-0.0213656,-0.0181306,-0.0437805,-0.045052,-0.189138,-0.771938,-0.0187343,-0.0158948,0.37406,0.26399,-0.0426002,0.00620871],[0.0275725,-0.035147,0.150374,-0.0464943,0.104744,0.0116481,0.0415242,0.0200843,0.0199475,-0.0288665,0.00344147,-0.0885591,0.4955,0.0126899,0.00380476,0.0505499,0.0816435,0.15493,-0.00129451],[0.08365,0.0644887,0.147047,0.158643,0.100335,0.0248193,0.0183617,-0.0127878,-0.00665168,-0.239559,-0.0109543,-0.112303,1.13087,0.00772584,-0.0182637,0.346592,0.00837681,0.0438125,-0.0078005],[-0.0152613,0.0116109,-0.119271,-0.0521957,0.227916,0.0220344,0.0617152,0.00746337,0.0430546,0.0600206,0.0305127,-0.0802493,0.500558,0.0206047,0.00830821,0.234065,0.123984,0.0832208,-0.0040065],[-0.0398732,-0.0122736,0.0425002,0.0579782,0.143516,0.207135,0.0327557,0.00854782,-0.00878947,0.0100357,0.0208087,-0.0197143,0.553841,0.00195432,-0.0109923,-0.0596524,-0.199542,0.0375975,-0.000423124],[-0.0504081,0.0317044,-0.179579,-0.0594213,-0.0400606,0.0680639,-0.116976,0.0312613,0.0278728,-0.128693,-0.0302363,0.0302561,1.40262,0.0646613,0.0139289,0.147038,0.347921,-0.178308,0.00982955],[-0.201668,-0.190766,-0.231186,0.427256,0.0450309,0.0663589,-0.0264898,-0.0461037,-0.0133508,-0.416532,-0.000618798,-0.339423,3.31747,-0.0991337,-0.117662,-0.232398,-0.881815,-0.499573,0.00785211],[-0.329408,-0.116551,0.0398223,-0.968563,0.159902,-0.310518,-0.11075,-0.0578016,0.0801274,-0.142847,-0.0836447,-0.134386,-1.8013,0.00506261,-0.0347703,0.0600149,0.358342,-0.450035,-0.0263593],[0.00630153,-0.0442784,0.0403159,-0.0498159,-0.0616346,0.00967479,0.0333606,0.0364324,0.00933551,0.11302,-0.0111661,-0.0454733,1.55449,0.011298,-0.00813877,0.503913,0.183869,-0.0467963,0.00820706],[-0.0543821,-0.188088,0.751152,0.0864275,0.0400789,-0.121702,-0.170522,-0.0202066,-0.110479,0.54039,-0.248814,0.251004,-0.137791,-0.0463226,-0.0980288,1.88419,-0.12899,-0.462838,-0.0329694],[-0.0510924,0.015784,-0.348909,0.233381,-0.0868104,-0.105149,0.0806409,0.0185569,-0.0418259,-0.031528,0.00987167,-0.138451,-0.919306,-0.0370645,-0.0173697,-0.0559461,0.246891,0.161158,-0.0155233],[0.00245056,0.00310503,-0.00845206,0.0118102,-0.00329377,-0.000462043,0.00498516,0.00126596,0.00027743,0.0262261,-0.000708913,-0.00878259,0.0930474,-0.000304317,-0.000270712,0.0233043,0.0183253,0.0155502,-0.00115014],[0.175992,0.0753148,1.29936,0.0838156,-0.651945,-0.654809,-0.315861,0.048469,-0.036139,-1.37494,-0.0677875,0.344857,-4.1504,-0.114122,-0.0540519,-2.41352,-0.589046,-0.577741,-0.0534597],[0.305142,0.100658,0.40055,0.0454864,-0.818776,0.0828222,-0.348963,-0.115106,-0.0212391,-0.326036,0.00973258,0.479782,6.90364,-0.124195,-0.199337,2.66543,-0.616613,0.0141217,0.0170356],[0.00493043,0.0133814,-0.00784505,0.0468838,0.0634759,0.0384772,-0.0449046,-0.00756781,-0.0139482,-0.075632,0.00124346,0.0400499,0.0973542,-0.0154329,-0.00886348,-0.0323429,-0.0102793,-0.063544,-0.00119168],[-0.00779091,0.00385582,0.0294283,-0.017479,-0.0675335,-0.0544105,-0.0529752,-0.011495,-0.0333129,-0.0870419,-0.0338977,0.014694,-2.34475,-0.0373457,-0.00861734,-0.551383,-0.162942,-0.197869,-0.00632183],[-0.016854,-0.0155121,0.0448469,-0.0639995,-0.0434483,-0.05315,0.0317982,0.00053436,0.0310671,-0.0882942,0.0152513,-0.0241039,-0.749073,0.0155989,0.0225071,-0.12109,0.0489088,0.0689404,0.0180896],[0.131006,-0.287452,-0.956925,0.327192,-1.09519,-0.571338,-0.566637,-0.0523617,-0.293564,0.157376,-0.0263644,0.330747,-1.20239,-0.177522,-0.123779,-0.20097,-0.669659,-1.06178,-0.226072],[0.0773529,-0.0966235,0.591019,-0.07737,-0.304743,-0.127219,-0.0694415,-0.0309273,-0.0343802,0.0661203,-0.0651554,0.121191,-1.21822,-0.00972037,-0.0112031,0.00333145,-0.255013,-0.361551,0.0294842],[-0.0873939,0.0482532,-0.165285,0.103176,0.00160755,-0.0267073,-0.0637295,-0.00203168,-0.0344213,0.000101578,-0.00846248,-0.0286489,-0.619241,0.0120109,0.00161075,-0.253029,-0.199906,-0.215632,-0.00869997],[-0.0384787,0.0177313,-0.0432464,0.0128693,0.0250308,0.0734117,0.0136053,0.000794388,0.00624016,0.0767429,0.00677684,-0.0244159,0.220707,-0.00144667,-0.00983477,0.138874,0.0492878,0.0179121,-0.00448904],[-0.0120038,-0.0926349,0.0434461,0.167173,-0.258808,-0.215519,0.0447661,0.00813668,-0.00646208,-0.00806319,0.00944735,-0.150968,-0.841672,-0.0278258,-0.0130486,-0.184572,-0.00222328,-0.0584661,-0.0125268],[0.0557941,-0.00392305,0.194141,0.120889,0.161492,0.105253,0.0300883,-0.0283618,-0.00536456,-0.0596903,0.000273917,-0.0827334,0.836099,0.0171765,0.0119998,0.203546,0.129097,0.117755,-0.00023596],[-0.0176319,-0.0220984,0.0524744,-0.0282101,0.0581995,0.0740378,-0.0379951,-0.00155605,-0.00605593,-0.0382526,-0.0124124,0.0377842,-0.456527,-0.00806607,-0.000633233,-0.209523,-0.0847873,-0.0975004,-0.00660338],[-0.0268423,-0.0156599,-0.193184,0.148595,0.0679431,0.0720596,-0.0511869,0.00305153,-0.0184457,-0.0114206,-0.0394476,-0.0602265,-0.750729,0.0239472,0.0266539,0.0447793,0.307833,-0.235005,-0.0149869],[0.0194303,0.10406,0.907078,-0.620378,-0.34517,-0.458584,-0.396503,0.0347792,-0.135283,0.621661,-0.017049,0.108386,-5.37737,0.0734895,0.0278733,1.48534,0.489392,-0.449879,0.0522563],[0.143452,0.124287,0.0578887,0.397403,-0.120596,-0.368595,-0.188714,0.0301284,-0.168125,-0.0951732,-0.0975353,0.125993,-2.16663,-0.120942,-0.0609612,-0.262975,0.0529363,-0.264926,0.010818],[-0.0023807,0.0259425,0.0215975,-0.111002,-0.00105198,0.0192469,0.0354061,-0.0216482,0.015602,-0.00459748,0.000769446,-0.0584412,-0.303767,-0.00712103,-9.3437e-05,-0.104405,-0.0873055,0.0364651,-0.00599581],[0.209916,0.151287,0.72682,0.577721,-0.0159954,0.123553,-0.156214,0.0437574,0.064073,0.408114,-0.0177977,0.192527,3.96596,0.0540678,0.0268341,1.21076,-0.315106,-0.144918,0.0173671],[0.0415776,0.0693411,0.147878,-0.0574204,0.197687,-0.0284327,-0.0724797,0.00738821,0.00678717,-0.0405768,-0.00231868,0.0848236,0.792939,0.0210207,0.0123484,-0.0785211,0.169817,-0.00982303,0.0037078],[-0.00542483,-0.000131736,-0.00611775,-0.011326,-0.0123346,-0.00610642,9.97608e-05,-0.00133223,0.000731454,0.0133692,-8.17155e-05,0.00267381,-0.0433333,-0.00138744,-0.000384877,-0.0221147,-0.0226691,0.00514858,0.000768065],[0.124176,-0.188466,1.07261,-0.167331,0.163906,-0.311081,0.199577,-0.00689012,0.0118877,0.0742186,0.0192105,-0.224732,0.103323,0.00464806,0.0168523,0.412612,-0.0809084,-0.180629,-0.0085902],[-0.0851096,0.243053,-1.43527,0.271796,0.380601,0.0151027,0.188225,0.158041,-0.0343843,0.956993,0.0439985,-0.0294824,1.31212,0.0513387,0.0343579,0.243444,0.170805,0.117271,-0.0102865],[-0.00698072,-0.010506,-0.0259064,0.0151269,-0.0307331,-0.0306666,-0.00158019,-0.00727063,-0.0035381,0.0298526,0.00313817,-0.0083429,-0.0375498,0.00101371,-0.000745697,0.0745474,-0.0180161,0.0146079,8.24513e-05],[0.0158305,0.00475581,0.0594076,-0.0331655,-0.0151478,-0.0576511,0.0201068,-0.00194273,0.0390186,-0.0134168,0.0295113,0.0273803,0.46557,0.0142871,0.00915364,-0.171176,-0.170361,0.08185,0.00092011],[0.0142643,0.000108532,-0.211137,-0.00231046,0.0241698,0.0563565,0.0294549,0.0133584,0.0247658,0.0458546,0.0107654,-0.0643491,-0.455483,0.010368,0.0057999,0.0812131,-0.0984409,-0.134268,0.00812355],[-0.137787,-0.000808403,-1.0778,-0.997963,-0.0280244,0.0610069,-0.236079,0.0731593,0.117855,-0.473343,-0.0203814,-0.725137,-7.15259,-0.0125753,0.0554099,-0.70859,-1.37031,-0.819594,-0.130994]],"sigmahat":[[0.18605,0.0596439,0.393947,0.0290916,0.0217734,0.00416194,-0.0345771,-0.0187523,-0.00627025,-0.119859,0.00357804,0.0203098,0.66351,0.00489623,1.18297e-05,0.130249,0.0440449,0.016757,0.016177],[0.0596439,0.268259,-0.0963756,0.054906,0.127294,0.120948,-0.0351244,-0.0115639,0.00891601,0.118395,0.0258916,0.0380062,0.6231,0.0218504,0.000204828,0.0452381,0.2333,0.0545572,0.00950476],[0.393947,-0.0963756,3.99268,-0.171295,-0.357195,-0.174991,-0.142659,-0.0542261,-0.0929013,-0.00312241,-0.0597426,0.182499,1.947,0.00721774,-0.0218592,0.640109,-0.707178,-0.227254,0.028211],[0.0290916,0.054906,-0.171295,1.05394,0.10094,0.0552757,0.0205306,0.00185568,-0.0944478,0.0291212,0.0235773,-0.0710092,0.505122,-0.0378375,-0.0359032,0.159527,0.380514,-0.0173756,-0.0258314],[0.0217734,0.127294,-0.357195,0.10094,1.35616,0.904472,0.107763,-0.0350261,0.124961,-0.134633,0.0333566,-0.145519,1.95078,0.10802,0.100719,0.12834,0.684372,0.327952,0.00418395],[0.00416194,0.120948,-0.174991,0.0552757,0.904472,1.29229,0.092199,-0.0247845,0.0771036,-0.0131438,-0.0054193,-0.0576949,2.08235,0.086009,0.0618048,0.446547,0.294259,0.301868,0.0190008],[-0.0345771,-0.0351244,-0.142659,0.0205306,0.107763,0.092199,0.220938,0.0177987,0.0738866,0.0752997,0.0461054,-0.174057,1.69401,0.0310962,0.0241975,0.356626,0.128421,0.513858,0.00244248],[-0.0187523,-0.0115639,-0.0542261,0.00185568,-0.0350261,-0.0247845,0.0177987,0.0341345,0.00341352,0.0171632,0.00377303,-0.000932563,0.00733677,0.00036666,0.000982483,-0.0381012,0.001477,0.0371831,0.0011408],[-0.00627025,0.00891601,-0.0929013,-0.0944478,0.124961,0.0771036,0.0738866,0.00341352,0.091572,0.00596173,0.0278636,-0.0790543,1.07225,0.0462578,0.0385058,0.123633,0.0394445,0.196664,0.0017467],[-0.119859,0.118395,-0.00312241,0.0291212,-0.134633,-0.0131438,0.0752997,0.0171632,0.00596173,1.55707,0.0528594,0.0757232,3.38557,0.0776212,-0.00606079,1.88016,0.395027,0.244378,-0.0171067],[0.00357804,0.0258916,-0.0597426,0.0235773,0.0333566,-0.0054193,0.0461054,0.00377303,0.0278636,0.0528594,0.045113,-0.0403463,0.758983,0.0101582,0.00214705,0.129179,0.0669504,0.146466,-5.85097e-05],[0.0203098,0.0380062,0.182499,-0.0710092,-0.145519,-0.0576949,-0.174057,-0.000932563,-0.0790543,0.0757232,-0.0403463,0.55197,-1.15712,-0.0325159,-0.0355353,-0.47224,-0.305272,-0.251399,0.0126931],[0.66351,0.6231,1.947,0.505122,1.95078,2.08235,1.69401,0.00733677,1.07225,3.38557,0.758983,-1.15712,92.6531,1.00435,0.168725,18.4688,5.0981,8.1206,0.139687],[0.00489623,0.0218504,0.00721774,-0.0378375,0.10802,0.086009,0.0310962,0.00036666,0.0462578,0.0776212,0.0101582,-0.0325159,1.00435,0.0515499,0.0351438,0.225358,0.122103,0.117251,0.00234259],[1.18297e-05,0.000204828,-0.0218592,-0.0359032,0.100719,0.0618048,0.0241975,0.000982483,0.0385058,-0.00606079,0.00214705,-0.0355353,0.168725,0.0351438,0.0415881,-0.0792767,0.0421582,0.0692858,0.001727],[0.130249,0.0452381,0.640109,0.159527,0.12834,0.446547,0.356626,-0.0381012,0.123633,1.88016,0.129179,-0.47224,18.4688,0.225358,-0.0792767,9.08071,1.76414,1.39004,0.00105222],[0.0440449,0.2333,-0.707178,0.380514,0.684372,0.294259,0.128421,0.001477,0.0394445,0.395027,0.0669504,-0.305272,5.0981,0.122103,0.0421582,1.76414,3.01195,0.544828,-0.000551995],[0.016757,0.0545572,-0.227254,-0.0173756,0.327952,0.301868,0.513858,0.0371831,0.196664,0.244378,0.146466,-0.251399,8.1206,0.117251,0.0692858,1.39004,0.544828,2.44357,0.0207882],[0.016177,0.00950476,0.028211,-0.0258314,0.00418395,0.0190008,0.00244248,0.0011408,0.0017467,-0.0171067,-5.85097e-05,0.0126931,0.139687,0.00234259,0.001727,0.00105222,-0.000551995,0.0207882,0.0102314]],"n":19,"lags":3}