{"betahat":[[0.0791429,0.0532625,-0.047194,0.15863,0.104863,0.116413,0.118001,-0.0973485,-0.00143607,0.160135,-0.0132128,0.324303,0.247859,-0.00790454,-0.0317763,2.46396,1.87672,-0.0140344,-0.0945918,-0.0800836,0.0257432],[0.0490597,0.0991076,0.00956531,-0.0810793,0.0595266,0.122448,0.136229,0.0321238,0.0774356,-0.147703,0.05669,0.0187527,1.12804,0.00783152,0.0217583,-0.601846,-0.0190366,0.0578536,-0.155835,0.329762,-0.0363883],[0.114077,0.0652824,0.18649,0.0681823,0.0911802,0.126095,0.0166347,0.00144243,0.0520841,0.0534492,0.0709434,0.0398345,0.936209,0.00609592,0.0143897,-0.485355,0.11046,0.0768822,-0.348772,0.262621,-0.00615722],[0.0339138,0.0282146,0.148758,0.0372429,0.00187713,0.014087,0.0081145,-0.00529967,-0.0118868,-0.0444125,-0.0115806,0.0240657,-0.535499,-0.0100761,-0.00319506,-0.212376,0.020651,-0.0140158,-0.0987616,-0.0843442,2.90228e-05],[-0.0259741,-0.00287335,-0.0718211,-0.0229898,0.0320384,0.0213112,-0.0587829,-0.00186989,-0.00414612,0.0691453,-0.0109423,0.235178,-0.118737,0.000498551,0.00499655,0.164801,-0.00304857,-0.00770614,0.10026,0.0380138,-0.0065962],[-0.0322548,-0.0397577,0.00121629,-0.0264802,-0.0483911,-0.011143,-0.0282116,0.00219304,-0.00599384,-0.0315318,-0.00763726,0.0584943,-0.12814,0.000718414,0.00427338,-0.0689188,-0.0754816,-0.0100278,0.027031,-0.0558809,0.00819949],[-0.00485938,-0.0138277,-0.0239239,-0.0304142,-0.0654662,0.00217684,-0.0377198,-0.0118419,0.0057546,0.00645884,0.00532093,0.0438306,0.194824,0.00447396,0.00361722,0.231331,-0.0581726,0.00502683,0.176318,0.0401962,-0.00136762],[-0.0708423,-0.113854,0.0243767,0.0126114,0.0933759,-0.0470993,0.143128,0.0297787,-0.0302479,-0.0316493,-0.00553607,-0.0754362,-0.613337,-0.00611811,-0.00317201,-0.0643677,0.0169253,-0.00839707,0.0681722,-0.159589,0.0123078],[-0.0631268,-0.042925,-0.331116,-0.0325564,0.0292116,0.00321006,-0.0397194,0.623862,-0.0104671,-0.0304817,-0.0166693,-0.984968,5.45119,-0.00393969,0.00954796,-0.239441,-0.788539,-0.0140915,0.246383,0.121254,0.00283831],[0.0042383,0.00340193,-0.0802151,-0.0142129,0.0233401,0.0695272,0.0359229,0.00411937,0.0277637,-0.00648032,0.0450271,-0.179311,0.475714,0.0160574,0.0169222,-0.307683,-0.0736758,0.0455621,-0.0361513,0.0518679,0.0136078],[0.000523917,0.00108564,0.00702277,0.00705138,0.00356785,0.00457595,-0.00556714,-0.00140035,-0.00350973,0.109092,-0.00332237,0.00927688,-0.488275,0.00104135,0.00158976,0.0497136,-0.0357663,-0.00323576,-0.00582673,-0.0551605,-0.00539893],[-0.033551,-0.00929006,-0.050485,-0.190118,-0.066751,-0.0920381,0.0270117,-0.0099648,0.0300114,-0.038944,0.0802518,-0.401448,-0.295554,0.0108107,0.0234861,-1.02829,0.0898283,0.0847645,-0.31192,0.00302801,0.0426569],[0.00821172,0.00540983,-0.0189982,0.020479,0.00908934,0.023327,-0.000582388,0.00205025,-0.00392848,-0.0138173,-0.00949717,0.378405,0.427141,-0.00545277,-0.00529513,0.146713,-0.0617451,-0.0092543,0.00690359,0.0494073,0.00329788],[0.000608674,0.00084698,0.000784843,-0.000851767,0.000471021,0.00104727,-0.000343415,0.000765197,0.000577767,-0.00410018,0.00082987,0.00281851,0.124912,0.000576838,0.000293378,0.0116101,0.00062314,0.00084107,-0.0019151,0.00452123,0.000847519],[-0.0260945,-0.00695196,-0.0678294,-0.039263,0.011827,0.0409841,-0.0525783,-0.0301016,0.021584,0.127356,0.0284434,-0.17947,-0.32917,0.0363516,0.0337189,-0.042793,-0.0847283,0.0268976,0.00897589,-0.0908448,0.0208454],[-0.0149291,-0.014206,0.0112502,-0.0869313,0.0612881,0.0382248,-0.0274287,-0.0223165,0.0322965,0.0473863,0.0387165,-0.279325,-1.05354,0.0202878,0.0408829,-0.537384,0.155436,0.033256,-0.0994372,-0.150976,0.0224889],[0.00228824,0.00268436,0.00822717,0.00355811,-0.00138751,0.00483881,-0.0034645,-0.00103196,-0.000746668,0.0103586,-0.00152141,0.0168575,0.100341,0.00103957,8.30281e-05,0.174963,0.0700881,-0.00152826,0.00416989,0.00344546,-0.000632842],[-0.00389283,-0.00507827,-0.00915624,-0.0114463,0.00141453,-0.00279771,0.00017573,-0.0142211,-0.000576388,-0.0811286,-0.00121283,-0.0734419,-0.106953,-0.0030901,0.00121456,0.52854,0.556332,-0.00139104,0.00136849,-0.00125641,0.00211522],[-0.0271188,0.0117754,-0.0424783,-0.151133,-0.0336591,-0.0544027,0.00278153,-0.0158838,0.0328657,-0.00360447,0.0681824,-0.342486,0.0658126,0.0167867,0.0251179,-0.599509,0.140692,0.0722197,-0.222422,-0.0342966,0.0252796],[-0.00980507,0.0120526,-0.0630329,-0.00529054,0.00959607,0.0407471,-0.0326167,-0.00937069,0.010282,0.0441972,0.00757593,0.0241649,1.06405,0.0191242,0.00205277,0.42556,-0.0474176,0.00644031,0.122397,0.100563,0.00571573],[0.00323551,0.00926924,-0.0463073,-0.00333632,0.0161624,0.00319598,-0.015179,0.00421046,0.0110261,-0.103767,0.0187517,0.0319646,1.19966,0.00429028,0.00421865,-0.00725075,0.0593264,0.0214842,0.020738,0.0381297,0.0142101],[-0.115323,-0.0709822,0.212615,-0.0788539,0.0464347,-0.0839281,0.00874076,0.0767491,0.0705036,0.173846,0.0937377,1.03224,6.9606,0.0766977,0.0552455,0.135927,0.185729,0.0868314,0.0903707,0.236782,0.736475],[0.00778888,-0.00952802,-0.0482221,0.0105488,0.0354799,0.0262498,0.0354885,0.00905721,-0.000214491,-0.125619,0.0131108,0.00758936,-0.219164,-0.00373322,0.00167352,-0.153076,0.138559,0.012964,-0.00331501,0.0127121,-0.00931206],[0.00295511,-0.00560819,-0.0280636,-0.0528474,-0.0181567,0.000813701,0.0299146,-0.00139925,0.0119338,-0.0219121,0.014658,-0.0457445,-0.248249,-7.75852e-05,0.00708874,-0.150457,0.0579726,0.0179484,-0.0381427,0.0253792,0.00316172],[0.00846308,-0.000224401,0.00820858,0.00631314,0.00785291,0.00570857,0.00378368,0.0032785,-0.00188791,-0.0314677,-0.00152396,-0.0152968,-0.149766,-0.00164721,-0.00063639,-0.0735517,0.00848527,-0.00249533,0.00197608,0.0108932,-0.00163204],[0.00374858,0.0067206,-0.00720445,-0.00726666,0.0155541,0.0176701,-0.0108678,-0.00289658,-0.00373007,-0.0160623,-0.0047665,0.0512929,-0.00457121,7.58445e-05,-0.00104294,0.0810027,0.0230925,-0.00528079,0.0191374,-0.00671533,-0.00499434],[-0.00866113,-0.0020613,0.00849135,-0.0245418,-0.034561,-0.0183539,-0.013383,-0.00295723,-0.00113287,-0.0219248,-0.00154727,0.00683675,0.0529101,-0.00224389,-0.00310667,0.0567673,0.0274644,-0.00226288,0.00227658,-0.0142484,-0.000108583],[-0.000801301,0.00236991,0.0141463,-0.00599122,-0.0126103,-0.00149362,-0.00312919,-0.00397878,0.00133501,0.00473841,0.0050981,0.00794257,0.214644,0.000270123,-0.000464999,0.106321,0.0472082,0.00491448,0.00322972,0.0153408,0.000603916],[-0.0202169,-0.0160443,0.0664621,-0.0211255,-0.0195213,-0.0435863,-0.0016848,0.00112654,-0.0161068,-0.0394596,-0.0140532,0.0706811,-0.0922332,-0.0045452,-0.00547784,0.00192044,-0.00168645,-0.014933,0.0116263,-0.055603,0.00127805],[-0.00560331,-0.0118048,0.0103998,0.0173557,-0.0164738,0.0114548,-0.0177696,0.128377,-0.00122143,0.0211943,-0.00752683,-0.54056,0.793443,-0.0144127,-0.00488801,0.0343729,-0.129264,-0.0109285,-0.0491506,-0.0898859,-4.31637e-06],[-0.00875782,-0.00252938,-0.0095461,-0.0394437,-0.00698344,-0.0107207,0.00846078,-0.0029529,0.00695176,-0.00681239,0.00909039,-0.0574491,0.121484,0.00215244,0.00290297,-0.129075,-0.0223204,0.00922709,-0.00898363,-0.00453697,0.00399237],[0.00110482,-0.000126292,0.00944036,0.000212244,0.000547347,0.00164813,-0.00338519,-0.000236711,-0.000676832,0.0190654,-0.00133793,-0.000695296,-0.0727783,0.000111634,0.000548365,0.0228231,0.00287677,-0.00143621,-0.000485787,-0.0131732,-0.00169554],[-0.0113925,-0.0107179,0.0112983,-0.0455403,-0.0115793,-0.0359911,0.000774905,-0.00223003,0.00284309,-0.000195775,0.00913163,-0.0970909,-0.100808,0.00294574,0.00351924,-0.154934,0.00338756,0.00845009,-0.0548028,-0.0232441,0.010738],[0.00199509,0.000702806,-0.00595541,0.00310966,0.0033177,0.00655722,0.00344579,0.00165293,-0.000551568,-0.01075,-0.00156426,0.0853478,0.130029,-0.00176502,-0.00142003,0.0211785,-0.0121165,-0.00158973,0.00139814,0.0188404,0.00122776],[0.000236629,0.000292146,0.000591955,-0.000467335,-0.000223009,-0.000127841,-9.3852e-05,0.000161424,0.000109753,-0.00112377,0.00016702,0.000581144,0.0226423,6.76085e-05,8.11493e-05,0.00150558,0.000941141,0.000170702,-0.000728752,0.00117717,0.000301746],[-0.00181967,0.00773753,0.0159705,-0.0342078,-0.0301929,-0.0228861,-0.0366698,-0.00903878,0.00528654,-0.000655732,0.00856493,-0.0206681,-0.0400366,0.000926695,0.00263972,-0.0842909,0.00643225,0.00931251,-0.0235162,-0.0314181,0.00776874],[0.00108362,-0.00344119,0.0239875,-0.0265711,-0.0358797,-0.0212014,-0.00956444,-0.00266487,0.00767299,-0.0114177,0.00740855,-0.045846,-0.108873,-0.00118096,-0.00138128,-0.11451,-0.0606299,0.00678531,-0.0449163,-0.0127633,0.00720724],[0.000875421,0.000692285,0.00284695,-6.02701e-05,0.000921044,0.00201604,-0.00113587,-0.000603553,6.37847e-05,-0.000964206,1.32645e-06,0.00383844,0.0153258,0.00011913,0.000300933,0.0272816,0.0176503,1.20481e-05,0.0011573,0.00163112,8.33401e-05],[-0.00117773,-0.00084784,-0.0090871,0.00246201,-0.00174485,-0.00402365,0.00130803,-0.00285183,-0.000212455,-0.00833851,0.000256896,-0.0243936,0.00121992,6.00797e-05,0.000190345,0.145678,0.126279,0.000192251,0.00060545,0.000534451,0.000408063],[-0.0117729,-0.00503917,-0.00444616,-0.0422059,-0.0141469,-0.0246504,0.00138957,-0.00149319,0.00277386,0.0257155,0.00815745,-0.0694106,-0.264701,0.00221388,0.00445901,-0.16248,-0.0196469,0.00760954,-0.0339564,-0.0297157,0.0100148],[-0.00187104,0.0056186,-0.0160208,-0.00804276,0.0048209,0.0126356,-0.0126851,-0.00212686,0.00344856,0.00265798,0.0031954,-0.00481446,0.0988261,0.00459659,0.00283496,0.0893242,0.00216397,0.00345522,0.0241395,0.0267228,0.00166558],[-0.00161736,0.000746644,0.00446087,-0.0165367,-0.00483652,-0.00543143,-0.000101962,0.000586708,0.00399814,-0.048755,0.00464675,0.00638116,0.223497,0.00119846,0.00212213,-0.0697587,0.00646022,0.00489023,0.000751472,0.0347313,0.00529964],[-0.00921011,-0.0139046,0.00811637,0.0136433,-0.116501,-0.089098,-0.0529425,0.0195107,-0.0147406,0.497413,0.00858287,0.447954,-1.10895,-0.00196687,-0.00566485,0.606889,0.147427,0.00954844,-0.0942153,-0.294357,0.0863965],[-0.0138325,-0.0167563,0.0042315,-0.0311488,-0.00956955,-0.00393384,0.0173926,0.00442988,-0.00261381,-0.0516394,0.000667509,0.0135374,-0.349143,-0.00395983,-0.0016628,-0.184443,-0.0335722,0.000449926,-0.0307814,-0.0112349,-0.00277179],[-0.0101544,-0.0179445,-0.011665,-0.0223564,0.00383426,-0.0026808,0.0185698,-0.00109666,0.00458486,-0.0215003,0.00608542,-0.0535092,-0.223706,0.0026509,0.004465,-0.101347,0.00106598,0.00518492,-0.00447189,-0.0041867,-0.00011323],[-7.70735e-05,0.000571569,-0.00336316,0.00194596,-0.00233339,-0.000355608,0.000378595,0.00166207,-0.0015154,-0.00252757,1.31342e-05,0.00269971,-0.0858149,-0.00166705,-0.00148,-0.0257608,-0.00224759,0.000151899,-0.000882842,-0.00538429,-0.00186929],[-3.23361e-05,-0.00446171,0.00701491,-0.00375299,-0.0137119,-0.00296976,-0.00108418,0.000479237,0.000455635,-0.0108663,-0.000943136,0.0176106,-0.00180506,-0.000675302,-0.00102666,0.0472473,0.00397885,-0.00176057,0.00594702,0.00272319,-0.00188488],[0.00269775,-0.00265742,0.0122292,0.00528769,-0.00601171,0.00289426,0.00147968,-0.0020747,-0.000182901,-0.0104712,0.000532601,-0.0103717,0.122955,-0.000331297,-0.00171316,0.024417,0.00490418,0.000258463,0.00303533,0.0149542,5.89702e-05],[0.0031142,0.0022492,0.0227264,-0.00410109,-0.00141877,0.00345288,-0.000816352,-0.00253812,0.000482651,-0.0103599,0.00197148,-0.0136366,0.00462398,-0.000329694,-0.000757593,-0.0122467,-0.00254686,0.00184559,-0.000782352,0.0105856,-0.000448521],[-0.00639776,-0.00536115,0.00719215,0.0179823,0.00190807,-0.0010248,-0.00910198,0.00193908,-0.00963128,-0.0251456,-0.009771,0.0427362,0.0941704,-0.00355564,-0.00529018,0.0607428,0.0103516,-0.0108657,0.00792779,-0.0154231,-0.000981703],[0.0182379,0.0149549,0.0756098,-0.0097701,-0.0228967,0.00594267,-0.00954669,0.0566676,0.00292905,0.0854933,0.00260133,-0.390602,0.0410605,-0.00176307,-0.00180692,0.158364,-0.0782661,0.00128301,-0.0312017,-0.00236603,-0.00199566],[-0.000634121,-0.00177877,0.00390116,-0.000449187,-0.000425066,-0.00821853,0.000134872,0.000209263,-0.00152342,0.00573607,-0.000251572,-0.00176378,-0.0735718,-0.00148369,-0.00107755,-0.0245104,-0.0044033,-0.000547747,-0.00841532,-0.0129741,0.00174576],[0.000472384,-0.000343,0.00460538,-0.00221156,-0.000743859,0.000244664,-0.000377589,-0.000220373,-3.67692e-05,0.00701501,-0.000550758,-0.00112359,-0.0430786,-3.84591e-05,0.000264961,0.00771144,0.00306559,-0.000653548,-0.00211284,-0.00432871,-0.000923572],[0.000401173,-0.00599037,0.0419695,-0.00898572,-0.0147737,-0.0262546,0.00771801,-0.00302216,-0.00113715,0.0153472,0.00118401,-0.019046,-0.106804,-0.00109105,8.16017e-05,-0.0480018,-0.000642476,0.000708703,-0.0431407,-0.0201084,0.0040411],[0.00115539,0.000513944,-0.00270434,-0.000271515,0.000749598,0.00100225,0.00120126,0.000848808,0.000206421,-0.00755828,6.13478e-05,0.0394664,0.0880444,-0.000606001,-0.000328718,0.0090371,-0.00274116,3.49803e-05,-0.00152652,0.00982874,0.00071312],[7.78117e-05,0.000114989,0.000439672,-0.000224263,-0.000251516,-0.000122999,1.77208e-05,4.23916e-05,2.4356e-05,-7.11332e-05,6.99921e-05,-8.02034e-05,0.00687644,-5.5795e-06,1.08977e-05,0.000741808,0.000438558,7.00695e-05,-0.00050269,0.00024759,0.00010037],[0.00614362,0.00400772,0.0105389,-0.0019863,-0.00832179,0.000202695,-0.0036939,-0.00595016,0.00241354,0.00150694,0.00419844,-0.022658,-0.0722846,-0.00183516,-0.000939654,-0.039193,0.0149927,0.00461826,-0.0253342,-0.0163643,0.00537807],[-0.00120992,-0.000682974,-0.00876268,0.00773512,-0.00350507,-0.00468937,0.00741702,-0.00281496,-8.22961e-05,0.0172026,0.00261726,-0.038372,-0.117392,0.000185089,-0.00217824,-0.0365202,-0.0351057,0.00229927,-0.0248004,-0.0267085,-0.00143767],[0.000242768,0.000427228,0.00130601,-0.000753914,-0.000188523,0.000503802,-0.000492247,-0.000435419,0.000133485,-0.00120376,2.74599e-05,0.000320158,0.00269186,2.24115e-05,0.000158673,0.0109426,0.0104578,2.74788e-06,-0.000404383,0.000619386,0.000205177],[-0.00141193,-0.00130337,-0.00521957,0.000915489,-5.28798e-05,-0.00188027,0.000292873,-0.00137319,-0.000121972,-0.00413823,-0.000146921,-0.00766486,0.000886668,0.000144257,-6.36815e-05,0.0617258,0.0484411,-0.000131672,0.00295084,-0.00134575,0.000191826],[-0.0044166,-0.00576075,0.00484081,-0.00619092,-0.00754437,-0.0171325,0.00952977,0.00161555,-0.000543132,0.0275187,0.000852492,-0.0283626,0.0448495,9.20672e-05,3.29327e-05,-0.0270775,-0.0331144,0.000453555,-0.0216054,-0.00615487,0.00393963],[0.00244421,0.00443567,-0.00181102,0.00327878,-0.00106598,0.00390785,-0.00634038,-0.00170208,0.00238327,-0.000325663,0.00232073,-0.00274515,0.0569885,0.00124373,0.00109351,0.0212665,0.0125243,0.00255904,0.00219455,0.0190779,-4.15563e-06],[0.000257206,-0.00114793,-0.00812938,-0.00540988,-0.00128598,-0.00100335,0.00162926,0.000845661,0.00201839,-0.0193832,0.00146283,-0.00126391,0.0697471,0.000506068,0.000943805,-0.0204788,0.00413362,0.00126308,-0.0118938,0.000931771,0.00326804],[-0.00160694,0.00634193,-0.0583692,-0.0340907,-0.0766543,-0.0689373,-0.0465136,0.0245736,-0.0105911,0.362093,-0.00230556,0.291593,-1.13485,-0.00166423,-0.00577376,0.50678,0.0545158,-0.000844187,-0.0595986,-0.210592,0.00687995]],"sigmahat":[[0.406797,0.287183,0.672774,0.24815,0.119666,0.304685,-0.0406204,-0.266375,0.0328085,-0.487707,0.0244003,1.0381,1.61656,-0.0205059,-0.0108283,1.56667,1.50985,0.0291899,-0.345874,0.504381,-0.0982971],[0.287183,0.461261,0.265894,0.146973,0.107877,0.291413,-0.129115,-0.185475,0.0481271,-0.015575,0.0448219,0.877039,2.19514,-0.00848969,-0.0121366,1.11995,0.815675,0.0555107,-0.179328,0.554652,-0.092709],[0.672774,0.265894,5.68534,-0.273104,-0.503718,-0.501273,-0.386685,-0.331377,-0.0656371,-0.077253,0.0315399,0.385564,-2.17796,-0.00488044,0.0654495,-1.84311,0.851241,0.0222423,-1.93284,-0.762863,0.498509],[0.24815,0.146973,-0.273104,1.92393,0.752812,0.887053,0.212817,-0.269756,-0.220953,0.0798825,-0.203358,2.2331,-2.17962,-0.114677,-0.12605,4.13316,1.63236,-0.204173,0.514244,0.214248,-0.237856],[0.119666,0.107877,-0.503718,0.752812,1.99732,1.57715,0.559568,-0.332873,0.0222918,-0.77167,-0.0686027,1.3018,1.47047,0.0513935,0.034112,2.93554,2.43025,-0.0781332,0.513301,0.608448,-0.166762],[0.304685,0.291413,-0.501273,0.887053,1.57715,2.4799,0.371665,-0.419963,0.0241999,-0.51245,-0.103263,2.446,3.90774,0.00631837,-0.0316185,5.4258,2.34672,-0.110514,0.743969,1.18202,-0.333616],[-0.0406204,-0.129115,-0.386685,0.212817,0.559568,0.371665,0.891515,-0.274945,0.0595604,-0.754298,0.0752196,-0.242961,-0.557805,0.011958,0.0104513,1.18611,2.41898,0.0647408,-0.474044,0.538486,0.0147568],[-0.266375,-0.185475,-0.331377,-0.269756,-0.332873,-0.419963,-0.274945,9.4941,-0.0578668,8.44804,-0.0445636,-24.7249,28.2171,-0.0487656,-0.0316821,-90.0452,-80.9972,-0.0498826,0.152736,-2.70854,-1.41488],[0.0328085,0.0481271,-0.0656371,-0.220953,0.0222918,0.0241999,0.0595604,-0.0578668,0.12859,-0.199217,0.0952816,-0.0225074,2.87411,0.0475177,0.0517583,-0.0568484,0.475853,0.0996745,-0.18005,0.354362,0.0699967],[-0.487707,-0.015575,-0.077253,0.0798825,-0.77167,-0.51245,-0.754298,8.44804,-0.199217,18.3904,-0.237655,-19.9489,12.4377,0.150585,-0.133703,-68.7864,-75.4918,-0.233999,0.0535252,-5.84071,-0.933771],[0.0244003,0.0448219,0.0315399,-0.203358,-0.0686027,-0.103263,0.0752196,-0.0445636,0.0952816,-0.237655,0.161661,-0.301655,2.14227,0.0214512,0.0438561,-0.91741,0.7225,0.167274,-0.400974,0.204949,0.149705],[1.0381,0.877039,0.385564,2.2331,1.3018,2.446,-0.242961,-24.7249,-0.0225074,-19.9489,-0.301655,128.057,13.7328,0.0964045,-0.122283,249.304,199.754,-0.25959,0.577753,12.4825,9.3041],[1.61656,2.19514,-2.17796,-2.17962,1.47047,3.90774,-0.557805,28.2171,2.87411,12.4377,2.14227,13.7328,779.152,1.55387,-0.336047,-58.5494,-145.118,2.14262,2.00269,27.8438,9.34534],[-0.0205059,-0.00848969,-0.00488044,-0.114677,0.0513935,0.00631837,0.011958,-0.0487656,0.0475177,0.150585,0.0214512,0.0964045,1.55387,0.0540264,0.0359825,0.770865,0.303686,0.0204422,0.0750066,0.051428,0.0673338],[-0.0108283,-0.0121366,0.0654495,-0.12605,0.034112,-0.0316185,0.0104513,-0.0316821,0.0517583,-0.133703,0.0438561,-0.122283,-0.336047,0.0359825,0.0654012,-0.649146,0.262876,0.044847,-0.0828538,0.0429921,0.0841133],[1.56667,1.11995,-1.84311,4.13316,2.93554,5.4258,1.18611,-90.0452,-0.0568484,-68.7864,-0.91741,249.304,-58.5494,0.770865,-0.649146,1174.88,959.615,-1.00599,4.36633,26.2448,19.7465],[1.50985,0.815675,0.851241,1.63236,2.43025,2.34672,2.41898,-80.9972,0.475853,-75.4918,0.7225,199.754,-145.118,0.303686,0.262876,959.615,843.165,0.696127,-3.43808,22.0792,17.067],[0.0291899,0.0555107,0.0222423,-0.204173,-0.0781332,-0.110514,0.0647408,-0.0498826,0.0996745,-0.233999,0.167274,-0.25959,2.14262,0.0204422,0.044847,-1.00599,0.696127,0.178032,-0.412047,0.225211,0.142068],[-0.345874,-0.179328,-1.93284,0.514244,0.513301,0.743969,-0.474044,0.152736,-0.18005,0.0535252,-0.400974,0.577753,2.00269,0.0750066,-0.0828538,4.36633,-3.43808,-0.412047,6.00125,1.03388,-0.484622],[0.504381,0.554652,-0.762863,0.214248,0.608448,1.18202,0.538486,-2.70854,0.354362,-5.84071,0.204949,12.4825,27.8438,0.051428,0.0429921,26.2448,22.0792,0.225211,1.03388,7.74144,0.427678],[-0.0982971,-0.092709,0.498509,-0.237856,-0.166762,-0.333616,0.0147568,-1.41488,0.0699967,-0.933771,0.149705,9.3041,9.34534,0.0673338,0.0841133,19.7465,17.067,0.142068,-0.484622,0.427678,1.83167]],"n":21,"lags":3}