{"betahat":[[9.20786,12.7062,5.40343,-5.74778,23.6339,28.4271,1.16651,-2.38095,3.76486,20.9992,0.18122,2.28011,131.436,1.28766,2.62856,6.10459,18.0617,-13.3913,-3.6912,28.2986,-20.8053,-2.65042,6.62069,-0.535473,2.49454],[0.643246,0.191104,-0.484882,-0.0977432,0.232439,0.124719,0.195042,0.0537003,0.186219,0.623845,0.0802511,-0.206091,4.27652,0.0653241,0.0219708,0.223669,-0.0202541,0.0231258,0.0564398,-0.294061,-0.176182,0.0743718,0.280106,0.606127,-0.0126373],[0.0319024,0.733116,0.245337,0.133136,-0.241398,0.187926,0.00192883,0.0297939,0.0511071,0.00330058,0.0261248,0.146092,1.47849,0.0398066,0.0189352,-0.144863,-0.0147589,0.0621748,0.104214,0.533429,0.114268,0.0220232,-0.050054,0.100009,0.0191352],[0.0202001,0.030346,0.863986,0.0332178,-0.0395484,-0.0568352,-0.0190082,-0.0165907,-0.00128916,0.0351673,0.00207485,0.0786623,-0.35587,0.00483967,0.0103487,0.0402396,-0.00481865,-0.0242361,-0.0226904,-0.340003,0.0253266,-0.014694,-0.0585125,-0.0778778,0.00584558],[-0.0413372,0.0580933,-0.19272,0.695477,0.184754,0.0996256,-0.083516,0.0230084,0.0288515,0.0830487,0.0170996,0.261408,-0.679648,0.0102638,0.0291008,-0.21304,-0.00861321,0.0398943,0.00981934,-0.0299259,-0.0869869,-0.00449563,0.0174296,-0.142731,0.0155196],[-0.0313681,-0.0181552,-0.0370536,0.0377013,0.688993,-0.0591628,-0.0471681,0.00660828,-0.0249926,0.251288,-0.017502,0.0656705,0.0198371,-0.0120255,-0.0141476,0.240909,0.0172328,0.00091666,0.0277879,-0.267704,-0.00922415,-0.00968196,0.0321245,-0.0476773,0.00331995],[0.026678,-0.00340597,-0.0541688,-0.0100901,-0.0822048,0.691232,-0.000772913,-0.0107252,-0.00107527,0.0223897,0.0122565,-0.0324691,-0.10372,-0.00881378,-0.00416061,0.0182406,-0.0173856,0.00994565,-0.0050912,-0.0232413,-0.0531399,-0.00365708,-0.00403532,-0.0317417,-0.00750794],[0.122622,-0.00602142,0.319915,0.0935176,-0.017683,-0.217445,1.19131,-0.015615,0.0399597,0.65561,0.107307,0.136711,2.98867,-0.0253174,-0.0875619,1.02794,-0.040937,-0.0212011,0.0418123,-0.0860275,0.00305166,0.0684457,-0.153375,0.445684,0.0272205],[-0.143677,0.0818882,-1.12245,-0.00613846,0.279006,0.184077,0.0871441,1.08032,0.120105,-0.505168,-0.0064645,0.184137,0.582206,-0.0801906,0.0407054,-2.37141,-0.0867976,0.128033,0.049255,0.451745,0.392106,0.0463806,0.419941,0.427454,-0.0940336],[0.128759,0.235899,-0.179198,0.216637,-0.680513,-0.257814,0.0980603,-0.0510829,0.908894,0.824042,0.0317774,-0.0841286,1.77201,0.0178789,-0.00918044,1.45281,-0.193751,0.00995889,-0.270587,-1.51212,0.11438,0.0899684,0.132949,0.0740181,-0.0217416],[-0.0361636,0.00639917,-0.147774,-0.00620734,0.0480929,0.0764582,-0.0435136,-0.0207622,0.0163693,0.91724,-0.00102115,0.0109293,-0.316194,-0.00479538,0.0179209,-0.430397,-0.0321345,-0.0240276,0.0396464,0.0811782,-0.0183512,-0.000138302,-0.0978835,0.0330377,0.00224432],[-0.0514639,-0.312607,-0.316802,-0.0235196,-0.0917713,-0.367894,0.190468,0.181371,0.135004,0.125011,1.28445,-0.329539,-1.00481,-0.0395321,-0.0247004,0.0298511,-0.164587,-0.0304622,0.0796755,-0.842325,0.237184,0.0311105,-0.301727,0.0899023,-0.00845813],[0.0166381,-0.0612367,0.111876,-0.0625511,-0.205598,-0.0239819,0.0286834,0.00473091,0.036613,0.211355,0.0234968,1.13385,0.645767,0.0195877,-0.0158642,0.534299,-0.0548577,-0.0123544,-0.0215401,-0.274295,-0.115317,0.00987862,-0.227348,-0.105026,0.00674704],[-0.0048823,-0.000964733,0.00976137,-0.00582077,0.0158651,0.0160792,-0.000882592,7.29411e-05,-0.00612026,0.0168366,0.000403238,-0.00340331,0.826541,-0.00164962,0.00103365,-0.0641388,0.00382425,0.000177777,0.000843381,-0.0346701,0.00712705,1.77192e-05,-0.00738761,-0.00693496,0.000314147],[0.117129,0.0578044,0.620333,0.270418,1.29099,1.9431,-0.126493,0.0113886,-0.0476431,-0.793326,0.0254528,0.29429,-5.68774,0.911822,0.038177,-0.671734,0.185233,0.175535,-0.0274023,1.33623,-0.788103,-0.0112801,0.978628,-0.442495,0.184017],[-0.172162,-0.272829,-0.307488,-0.111562,-0.0388896,-0.707733,-0.0595318,0.0722471,0.0678017,-2.37871,-0.0199816,-0.113561,-3.51996,-0.0933361,0.873327,-3.85325,-0.177323,0.0307332,0.214444,1.72477,0.266687,-0.110428,-0.956379,-0.665779,-0.082084],[0.0091099,-0.000800924,0.000647422,-0.0230303,0.0482827,0.102081,0.00923256,0.00525908,0.0155401,0.0102958,0.00791669,-0.0133436,0.0835044,0.0108556,0.00617657,1.03311,0.00768553,0.0288406,-0.00106,0.0321464,-0.00634086,-0.00552569,0.0682859,0.00324607,0.00915242],[0.458022,-0.00189311,0.54383,0.112206,0.409848,-0.150733,0.00890028,-0.124517,-0.0310397,-0.925623,0.0164203,0.125987,4.88766,0.0208975,-0.0696664,1.97341,0.565821,0.405048,-0.00818186,2.28014,0.169446,0.119634,0.971613,0.450959,0.00847395],[-0.0142527,-0.0661205,0.156585,-0.127613,-0.275211,-0.342208,-0.0191155,0.0232068,0.0175679,-0.230976,-0.0942314,0.0109899,-3.2501,0.030942,0.0290977,0.0511933,-0.0146159,0.344742,0.0859611,-0.43558,-0.0937154,-0.0386106,-0.0354218,-0.129206,-0.0365005],[0.0426998,0.0835496,-0.105828,0.0888607,0.753197,0.275516,-0.154377,0.0557431,0.0266052,-0.114615,-0.0463333,0.0927588,-1.15108,-0.00593056,-0.0545241,0.0110622,-0.0321033,0.0743889,-0.0802723,-0.908278,0.180517,-0.0408549,-0.0429969,-0.549103,0.00192814],[-0.00678281,0.00473192,-0.0411292,-0.0175799,-0.0354768,-0.0263216,0.0237808,0.006194,0.00729101,-0.0362919,0.00033829,-0.0319574,-0.323442,0.00271769,0.0159475,-0.185333,-0.00541638,-0.00456259,0.0174491,-0.0821502,-0.0413874,0.00431155,0.0087205,0.0595982,-0.00824485],[-0.0231406,-0.00621453,9.38994e-05,-0.279557,0.0464519,0.190412,-0.0932278,-0.0176085,0.025174,-0.317447,-0.0331921,-0.0374117,-1.43548,-0.0278268,0.0111834,-0.61456,-0.0366178,0.0125903,0.0339478,0.252515,0.904598,-0.0459398,-0.135978,-0.206568,0.0157562],[-0.172858,-0.110747,-0.892387,-0.40455,1.11759,1.19953,0.435653,-0.0331151,0.0732829,-0.911234,0.0452225,-0.486459,1.27635,0.234642,0.201108,-0.476264,0.11627,0.261517,0.186689,1.95131,0.382909,1.19035,0.225691,1.40918,0.0966605],[0.101897,0.0910398,0.106463,0.0290842,0.017528,0.086574,0.0386235,-0.0328116,0.027422,0.267843,0.00833751,-0.00107878,1.24485,0.0219474,-0.00487544,0.420037,-0.0156218,-0.0858462,-0.0384638,0.189574,0.051443,0.0109582,0.662365,0.158721,-0.00364967],[-0.0043456,-0.0285184,0.0375684,0.0198114,0.0552918,-0.0077875,-0.0959616,0.00404575,0.0140807,-0.179737,0.0207525,-0.0294505,-0.142263,-0.00141529,0.00879064,-0.177124,0.0326878,-0.0290541,-0.0576276,-0.193856,0.011932,0.0235455,0.0738874,-0.144029,0.0206978],[-0.20901,0.132514,0.25211,-0.0191298,-0.300011,0.70955,0.315729,-0.143258,0.0652877,-1.31121,0.111316,0.246142,-0.567403,-0.151344,0.0832529,-4.77593,0.173134,-0.135085,-0.065363,1.73993,0.434831,0.0952615,-0.170121,0.647925,1.10996],[0.268802,-0.126626,0.286427,0.174816,-0.0299594,0.0705385,-0.141325,-0.0425144,-0.139909,-0.411302,-0.0290819,0.153869,-2.44839,-0.0541003,-0.0215501,0.116945,0.0480594,-0.011781,-0.0536463,0.618021,0.246698,-0.034021,-0.00114572,-0.390317,0.0108148],[-0.0104804,0.187787,-0.242041,-0.149381,0.00888155,-0.292902,0.0207867,-0.0422089,-0.0377729,-0.00679284,-0.0282195,-0.0835629,-1.24188,-0.0353896,-0.00820206,-0.165016,0.0450128,-0.0409446,-0.0310939,-0.143151,-0.0954252,-0.0118421,0.107565,0.072608,-0.00629689],[-0.000380937,-0.038357,0.139903,-0.0342251,0.0900497,0.0490818,0.00785129,0.0149021,0.00669022,-0.0235079,0.00129977,-0.0602468,0.283907,0.000969621,-0.00459045,-0.0700998,0.00672951,-0.00526232,0.0273486,0.0805977,0.0366397,0.00223896,0.0499066,0.0708508,-0.00224566],[0.0683867,0.0145775,0.129623,0.181925,-0.034958,0.01262,0.0278645,-0.0192802,-0.0177137,-0.196678,-0.0209496,-0.116782,0.480772,0.00975645,-0.00719408,0.220615,0.0313817,0.00901483,0.0210991,0.185524,0.0758044,-0.009987,0.00864029,0.0969117,-0.012629],[0.0190433,0.0314198,0.0404257,-0.0367495,0.201177,0.0705217,0.0466239,0.000552488,0.0266258,-0.167694,0.00941901,-0.0379491,0.180869,0.0111655,0.00282286,-0.0545851,-0.00875245,0.00477614,-0.0260442,0.125838,-0.000957432,0.0100811,-0.0837909,0.083025,0.00709269],[-0.00510869,-0.00376386,0.023212,0.0276554,0.0101936,0.160284,0.0152286,0.0126588,0.00790046,0.0478672,-0.00610119,0.0101208,0.146554,0.0150139,0.0135468,0.0338255,0.0133327,0.0163251,0.022709,0.00120198,0.0597335,0.00390606,-0.016146,0.0625154,0.0101786],[-0.106471,0.00185904,-0.195767,-0.128766,0.0979091,0.158418,-0.158109,0.0166977,-0.0196618,-0.409943,-0.0703399,-0.0199059,-1.65811,0.0170746,0.046265,-0.804784,0.00258348,0.00663742,-0.0766692,-0.654714,-0.0986993,-0.0344205,0.0584599,-0.281392,-0.0121723],[0.0521833,-0.19761,0.617188,0.243864,-0.226338,0.0755401,-0.01341,-0.122183,-0.0604512,-0.00895753,0.0385414,-0.126719,-0.4752,0.00840683,-0.0200765,0.312075,0.089249,0.0889843,0.0472007,0.241189,-0.202869,-0.0326011,-0.531894,-0.315568,0.0467052],[-0.253253,-0.141234,0.0692496,-0.600061,-0.508627,-0.7018,0.0694266,0.0545078,-0.076648,0.20885,-0.0569475,-0.0164123,-0.594401,0.0551785,0.0366219,-0.768285,-0.0453036,-0.0777784,0.27422,-0.256773,-0.15858,-0.0149723,0.09048,0.101736,-0.0143852],[0.0247418,-0.0228428,0.0455462,0.014937,-0.10358,-0.16673,0.0122111,0.027312,-0.0210463,-0.0207454,-0.0194126,-0.00668554,0.195207,-0.000281809,-0.00788161,0.237139,0.0196974,0.0336216,-0.0479662,-0.065253,0.0210822,-0.00228685,0.0379369,-0.0518744,-0.0075309],[-0.0897627,0.0818471,-0.171912,-0.127751,-0.103145,-0.441394,0.0113322,-0.0688042,0.0200232,0.349832,-0.242364,0.112609,0.139614,0.0682831,0.023208,0.843276,0.0701869,-0.033271,0.0917518,0.942291,-0.337719,-0.0788919,0.503482,0.0511829,-0.00919278],[-0.0388504,0.0095515,-0.298057,0.172758,-0.0031041,0.0253284,0.055478,0.0060989,-0.0354162,-0.0946379,-0.00508804,-0.168346,-1.11557,-0.0257161,-0.00200433,-0.255076,0.054846,0.0477289,-0.0152566,0.429199,0.076656,0.00514588,0.1328,0.125378,-0.00981607],[0.00307227,0.00170137,0.00247665,0.00768642,-0.0138802,-0.00950195,-6.87156e-05,0.00104916,0.00286294,-0.0142916,-0.000130009,-0.005269,0.00136804,0.000465503,0.000476139,0.00847072,-0.000506918,0.00721921,-0.00143314,0.0158784,-0.00117324,0.00140546,0.0089019,-0.00220622,-0.00257652],[0.0929703,0.151481,0.911087,-0.101667,-0.478952,-0.262334,-0.341175,-0.0379067,-0.186866,-0.173126,-0.166279,0.155927,-2.00108,-0.153867,-0.107489,-0.193635,0.166065,0.00162067,-0.26954,-2.55499,0.393412,-0.0418749,-0.276063,-0.492268,-0.0788387],[0.158212,0.0977749,-0.177904,-0.127559,-0.0974167,0.220935,-0.158144,-0.0791692,-0.00569952,0.712288,0.0901198,0.266459,2.69857,-0.0225978,-0.0178673,1.77185,-0.0902104,-0.0473362,0.205418,-2.13918,-0.489466,0.0295446,1.20922,0.271799,0.1147],[-0.00472893,0.0140259,0.0043576,0.0197212,-0.0155018,-0.041423,-0.0118837,-0.00230505,-0.0132633,-0.027903,-0.00437178,0.0153805,-0.102328,-0.011691,-0.00325256,-0.0708645,-0.00166458,-0.0083481,-0.00339352,-0.028078,0.0265204,0.0032139,-0.0652266,-0.0209942,-0.00470193],[-0.358719,-0.206175,-0.74472,-0.313198,-0.170934,-0.000267286,0.117342,0.0892527,0.0287632,0.743963,0.0346102,-0.351944,-0.819461,-0.044955,0.0220588,-0.696085,-0.12559,-0.246591,0.0155525,-1.7029,-0.15344,-0.0709899,-0.657785,-0.0219759,0.0109533],[0.0231752,0.0676607,0.0687334,0.059109,-0.0257009,0.102913,0.0188602,-0.0406611,-0.0425734,0.0335225,0.0218456,-0.0658614,1.61701,-0.026847,-0.0277623,0.0570175,0.0229441,0.037932,0.00827866,0.418285,0.298991,-0.00593585,-0.0218308,0.0434951,0.010963],[-0.0251383,-0.0833598,-0.10017,-0.0176183,0.157567,0.239009,-0.0385128,0.030266,0.0391285,-0.204635,0.0427156,-0.0677568,-0.110254,-0.00706225,0.0434701,-0.1444,-0.0179231,0.0352517,0.0777293,-0.424392,0.0280494,-0.00268174,-0.0640217,0.10712,0.0087423],[-0.00848578,0.0131269,-0.00453838,-0.0569058,-0.0301542,-0.0355649,-0.0097677,0.00581987,0.0090257,-0.000545937,0.0010612,0.0115573,-0.188266,0.00275765,0.00810846,-0.159818,0.00174703,0.0107041,-0.0169632,-0.102856,0.00642835,-0.00406467,0.00684484,-0.034818,0.0024845],[-0.0109331,-0.000111172,-0.199137,0.188201,-0.0729811,-0.156441,0.0454255,0.0220565,-0.029555,0.303075,0.0373561,0.0157758,0.92047,0.00334076,-0.0153323,0.525716,0.0200059,-0.000184661,-0.0271898,-0.165792,0.0782036,0.0350431,0.0198608,0.127636,-0.0115654],[-0.0807822,-0.206208,0.651286,-0.135366,-0.487739,-0.474055,-0.175826,-0.0635375,-0.0467905,1.4202,-0.0870996,0.0786646,1.84208,-0.0755258,-0.158717,2.78409,-0.0693524,-0.0893492,0.000640749,0.120809,-0.508269,-0.283729,0.0475098,-0.75149,0.0178206],[0.0165487,0.0150819,0.0588127,-0.00707201,-0.00927314,-0.0795069,-0.0554022,-0.00222254,-0.0234105,-0.212573,-0.0195961,0.0336103,-1.49574,-0.0279053,-0.00744,-0.281253,-0.0235084,-0.0518019,0.0344809,-0.0758125,0.00121791,-0.0140966,-0.115062,-0.130439,-0.00819838],[-0.0150204,0.00535318,0.118277,0.0254196,-0.0339989,-0.0252562,0.0239312,-0.000922296,0.00706597,-0.162043,-0.00894544,-0.00313896,-0.909407,0.0114574,0.0211443,-0.205807,0.0350461,0.00756597,0.0414505,0.186169,-0.040457,0.00418503,0.00946167,0.0959373,0.0143871],[0.156048,0.212603,-0.305556,0.451453,-0.690916,-1.57353,0.0290616,0.0587875,0.0728118,0.347,-0.06154,0.110126,-0.00787747,0.0679635,0.0686369,0.479559,0.0613064,0.056195,0.244527,-0.911007,-0.483886,0.0331799,0.18225,0.122694,-0.18705],[0.087047,-0.0654462,0.197244,-0.0763064,-0.20402,-0.197651,-0.0541975,-0.0109337,-0.0466901,-0.212919,-0.0512942,0.0527516,-1.83612,-0.0114147,-0.000738173,-0.339713,-0.0273054,-0.0101543,-0.00265271,-0.326662,-0.069801,-0.0403638,-0.27993,-0.217056,0.00156958],[-0.0221469,0.0777395,-0.00347823,0.0166127,0.229891,0.101165,-0.0231874,0.0127423,-0.0137466,0.00260098,0.00204732,-0.061684,-0.246617,-0.00455536,-0.011023,0.310498,-0.0296176,-0.0198823,-0.0724411,-0.392006,-0.01807,-0.0101024,-0.0583141,-0.173576,-0.0130488],[-0.0211798,0.00662501,-0.0091508,0.00190564,-0.0504619,0.00739548,0.0103934,0.00175203,-0.00600389,-0.00840111,-0.00314365,-0.0177283,0.0562497,-0.00614708,-0.00605947,0.0287881,-0.0017712,0.030552,-0.0045148,0.253083,-0.0599664,0.0124117,0.00906585,0.00505485,-0.00358731],[-0.0272734,-0.0729119,0.0634629,0.122222,-0.150578,-0.113504,0.0557464,-0.003621,-0.0110989,0.112712,0.00385393,-0.144,0.197394,-0.0199422,-0.0220727,-0.00497456,-0.0222228,-0.0457105,-0.0305129,-0.154489,0.0121761,0.0146963,-0.0265385,0.0457454,-0.00298004],[0.0110675,-0.0142554,-0.00281635,0.000150608,0.104144,-0.0165963,-0.000684167,-0.00700539,-0.00227244,-0.0836517,0.00777687,-0.0259602,-0.209191,0.000643937,0.0106859,-0.182899,-0.00756701,-0.00387666,-0.00117587,0.137978,0.0114173,-0.000488714,0.0514266,-0.0372398,-0.0107247],[-0.0221625,0.00645628,0.0313932,-0.016216,0.0696258,0.143576,-0.0148615,-0.00191967,-0.00715709,-0.0713727,-0.00616389,0.0228898,-0.0476088,-0.00633518,-0.00965725,-0.0511371,0.00492499,-0.0241106,-0.017211,0.022466,-0.00537327,-0.00029107,0.0210656,-0.0317622,-0.00297962],[-0.0184324,0.000914191,-0.131839,0.0401741,-0.077944,0.0543238,-0.0367216,0.000113449,-0.0216442,-0.242597,-0.0358954,-0.112943,-1.32014,0.00885783,0.039808,-0.199487,0.0388143,0.0282429,0.035955,0.720282,0.102194,-0.0330957,0.10713,-0.166447,-0.0157459],[0.0422109,0.0502437,0.521066,-0.228653,-0.210265,-0.366262,-0.0767898,-0.00438282,-0.0651912,0.508556,-0.0234666,-0.101266,-0.385594,0.078696,-0.0163438,1.93925,-0.0152411,-0.174558,-0.0153054,-1.00639,-0.151573,0.0185508,0.235046,-0.0772421,0.0310788],[0.0554512,-0.0589567,0.000208322,0.287033,-0.0896272,-0.13145,-0.0486645,0.116705,-0.103583,-0.0733382,0.0288727,-0.00632545,1.95712,-0.0666401,-0.0439896,-0.315986,0.0275749,0.0404658,0.0930921,0.353151,0.137488,-0.0182065,-0.0111243,0.108416,0.0110504],[0.0121334,0.0167992,0.104668,-0.0131125,0.0556622,0.0934812,0.0285958,-0.00719003,0.00434756,0.0794879,0.0185592,-0.00889969,0.0830021,0.00424395,-0.00814446,0.145521,0.0127933,-0.00969661,0.00883976,0.000315716,0.00482376,0.00179263,0.0481866,0.0127247,0.00529902],[0.0593793,0.108791,0.268746,0.118243,0.214915,0.689788,-0.115239,-0.0471674,-0.0747587,-0.247893,-0.107454,0.112352,-0.748835,0.0160289,0.0253734,-0.403283,0.12022,0.0171612,-0.00922794,-0.153545,0.104713,0.025965,-0.311774,-0.0436656,0.036339],[0.0252522,0.0520977,0.188189,-0.109053,0.208573,6.88467e-05,-0.0752347,-0.00982217,0.00122362,-0.126916,-0.0173481,0.0305526,0.494064,0.0062943,0.0183123,-0.280463,0.00595618,-0.0218142,0.0359986,-0.123392,0.0374995,-0.0126136,0.0823916,-0.00390686,0.00322533],[-0.00133908,-0.000524243,-0.0021495,-0.00420223,-0.0164896,-0.015344,0.00154699,-0.00153662,0.00303725,-0.00164019,0.000445202,0.000611683,-0.021024,1.3511e-05,-0.000397801,0.0179285,-0.00320675,-0.00513207,-0.000764681,-0.0204808,0.000193166,0.000507374,-0.000605318,0.00354634,0.000403197],[0.0315769,-0.0669526,0.418438,0.0377405,1.14938,0.775415,0.176571,-0.137944,0.00202519,1.42144,0.0757777,-0.206645,4.14535,0.022889,-0.0312423,1.20147,0.0524167,0.0882941,-0.0181,0.526738,0.0208959,-0.0313658,-0.164031,0.157075,0.0331727],[0.000323077,0.129487,-0.554832,0.0161544,0.129248,-0.107856,-0.0389025,0.080966,-0.00158999,-0.161383,-0.0416767,0.0447972,-3.25292,0.0150755,0.000522423,-0.300536,-0.072919,0.212227,-0.0384639,1.43427,0.153674,0.0761286,-0.346009,-0.288305,-0.0819395],[-0.00690104,-0.0115946,-0.00612767,0.00683341,-0.0254169,-0.045989,0.00254898,-0.00489788,-0.00375048,0.0383332,-0.00459823,-0.00327419,0.0557961,0.00267576,-0.000810209,0.0248371,0.000699964,-0.0102333,3.25269e-05,-0.0235965,-0.014929,0.0017601,0.00708005,0.0219403,-0.00308723],[-0.117419,0.1339,0.228978,0.187216,-0.41567,-0.00408835,-0.0576719,0.0336423,2.20022e-05,0.0557031,-0.0575203,0.177813,-3.68353,0.0139728,0.0390946,-1.22995,-0.249113,-0.144074,0.0221162,-0.555898,-0.0622759,-0.0413231,-0.56814,-0.259874,-0.0252245],[0.0496781,0.000981155,-0.243265,0.0241141,0.336604,0.25808,0.0590565,0.039115,0.0519997,-0.106312,0.0931929,-0.0124313,1.5889,-0.00763901,-0.00961808,0.0753905,0.0863059,0.077712,-0.0394802,0.152708,-0.0149885,0.0633172,0.0985897,0.220528,0.015444],[-0.0303627,0.0479928,0.0333641,-0.00584314,-0.0235432,-0.0330509,0.00575726,0.0245402,-0.025566,0.0216297,-0.0130249,-0.0684215,-0.450284,-0.0101955,-0.00653536,0.0613742,0.010094,0.0191299,-0.046687,-0.149601,0.0261552,0.0211248,-0.00863049,-0.0539492,-0.014616],[-0.00660823,-0.00810358,-0.0274522,-0.00684399,0.000698594,0.0233298,0.00739319,-0.00329194,0.0122179,0.087454,0.00726666,-0.0194453,0.0311613,0.00625627,-0.00261735,0.166758,0.00776772,0.00762036,-0.022204,-0.132093,-0.0374748,0.00224401,0.00455014,-0.0144209,0.000765596],[0.0313051,0.00398745,0.198367,0.0971579,0.0221194,-0.042535,0.0453696,-0.00392269,0.00217297,0.0162185,-0.00480526,0.0260498,0.474542,0.0247547,0.00296139,0.102007,0.0189752,-0.00912153,-0.00592635,-0.0953171,0.0159514,0.01099,0.120268,0.0764105,-0.00502593],[0.142976,0.0311283,0.571594,0.569785,-0.261427,-0.287849,-0.211705,0.0472063,0.00324276,0.409656,0.0234058,0.288187,2.69835,-0.009296,-0.044887,0.884146,-0.111949,0.0746523,-0.0574185,-0.770897,-0.101227,-0.0518866,-0.368365,-0.309172,-0.0156998],[0.0109128,-0.0100025,0.0718743,-0.0372934,-0.0286756,-0.0755913,0.00711208,-0.00502644,0.0148193,-0.0320477,0.0186384,0.00532619,-0.0484539,0.00323433,0.0107089,-0.269116,-0.00158579,-0.0360307,0.00605994,0.0932317,0.059327,0.0186638,-0.106602,0.0558679,-0.000208345],[0.022558,0.0190789,-0.0833421,0.0128822,-0.0042904,-0.013993,0.0312135,0.00196405,0.00527208,-0.0353067,0.00260999,-0.0340322,-0.385798,0.0045656,0.0125194,-0.170116,0.00691737,-0.0015665,-0.0469522,0.155823,-0.0343195,0.00666244,-0.0948587,-0.0932762,0.00204848],[0.0913551,0.0387164,-0.580421,-0.254747,-0.0368663,0.169028,-0.260932,-0.00190892,-0.0337575,0.33285,-0.0143736,-0.1899,-0.820966,0.0205189,-0.0395352,1.07266,0.185473,0.0773348,-0.107218,0.403892,-0.0569206,-0.0414057,-0.103807,-0.554068,-0.102813]],"sigmahat":[[0.291845,0.0495065,0.423151,0.112825,0.239316,0.0662022,0.0202854,-0.0171529,0.0194863,-0.300292,0.021416,0.0106639,1.1194,0.0167695,0.0137753,0.10408,0.00946941,0.0167266,-0.0224786,0.596134,0.0641779,0.0188162,0.0603021,0.115725,0.00741178],[0.0495065,0.360776,-0.00129511,-0.000139498,0.354047,0.380688,0.0160537,-0.0251275,0.0376744,-0.027912,0.0276345,-0.00557498,0.457437,0.014499,0.0119797,0.0863575,-0.0127158,0.00456381,-0.10012,0.181989,-0.100336,0.0197637,0.216019,0.139365,0.015771],[0.423151,-0.00129511,3.28707,0.00140524,-0.126576,-0.114955,-0.010882,0.00442453,-0.0601084,-0.647098,-0.0402387,0.137521,1.84655,-0.00891917,-0.0334729,0.373198,0.0257293,-0.0829953,0.0599709,0.0803361,0.128086,-0.0109101,-0.603888,0.0506596,0.00286929],[0.112825,-0.000139498,0.00140524,0.918715,0.173393,0.0752299,0.0502202,0.00753388,-0.0706417,-0.0678931,0.0111625,-0.027165,0.624779,-0.0125754,-0.00807378,0.107099,0.0254396,0.0187252,-0.117918,0.231555,0.0667506,0.0185091,0.335044,0.0793666,-0.0169196],[0.239316,0.354047,-0.126576,0.173393,4.08053,2.99142,0.121506,-0.146472,0.17986,0.366271,0.19119,-0.21522,6.49625,0.127145,0.0473159,1.80533,-0.0301327,0.175119,-0.394893,0.229058,-0.0402403,0.0634185,1.36331,0.763693,0.115534],[0.0662022,0.380688,-0.114955,0.0752299,2.99142,4.28061,0.113303,-0.123201,0.127513,0.498916,0.166061,-0.182558,7.20737,0.112358,0.0592567,1.62508,0.0196328,0.163813,-0.350384,-0.706759,-0.119195,0.0193717,0.913382,0.795384,0.194128],[0.0202854,0.0160537,-0.010882,0.0502202,0.121506,0.113303,0.243311,0.00637408,0.0705154,0.122864,0.0395656,-0.119384,2.00702,0.0396054,0.0285392,0.367941,0.0274339,0.0874098,-0.00396856,0.413061,-0.0719384,0.0412506,0.149405,0.554656,0.0195331],[-0.0171529,-0.0251275,0.00442453,0.00753388,-0.146472,-0.123201,0.00637408,0.0507973,-0.00223797,-0.0588374,-0.00297495,0.00604761,-0.155431,-0.00231231,-0.00104397,-0.0688333,0.00265498,0.015814,0.00519506,-0.0789375,-0.0158621,0.00539401,-0.0226125,0.00447547,-0.00627182],[0.0194863,0.0376744,-0.0601084,-0.0706417,0.17986,0.127513,0.0705154,-0.00223797,0.115554,-0.095161,0.0407837,-0.0711692,1.40999,0.0396648,0.0303024,0.148756,0.00297666,0.051207,-0.00404212,0.292821,-0.0646628,0.0263867,0.0708641,0.183797,0.00926292],[-0.300292,-0.027912,-0.647098,-0.0678931,0.366271,0.498916,0.122864,-0.0588374,-0.095161,4.39288,0.0674657,0.0244698,7.59475,0.112104,-0.0808841,4.31073,-0.138625,-0.218318,-0.169904,-2.76463,-0.513126,-0.0328666,1.08409,0.54795,0.0895118],[0.021416,0.0276345,-0.0402387,0.0111625,0.19119,0.166061,0.0395656,-0.00297495,0.0407837,0.0674657,0.070963,-0.0396886,1.17831,0.00948915,0.00292736,0.18876,-0.00196288,0.0238471,-0.0122069,0.0571737,-0.00913718,0.0311179,0.132229,0.116637,0.0167367],[0.0106639,-0.00557498,0.137521,-0.027165,-0.21522,-0.182558,-0.119384,0.00604761,-0.0711692,0.0244698,-0.0396886,0.419461,-1.42977,-0.0275215,-0.033171,-0.231493,-0.0299714,-0.050917,0.0479595,-0.235437,0.0602161,-0.0217917,-0.254831,-0.148735,-0.00872403],[1.1194,0.457437,1.84655,0.624779,6.49625,7.20737,2.00702,-0.155431,1.40999,7.59475,1.17831,-1.42977,123.399,1.10332,-0.175426,24.2215,0.274532,0.346235,-1.05576,-1.85604,-1.76725,0.453189,7.90138,9.77043,0.752956],[0.0167695,0.014499,-0.00891917,-0.0125754,0.127145,0.112358,0.0396054,-0.00231231,0.0396648,0.112104,0.00948915,-0.0275215,1.10332,0.0509114,0.0298029,0.300795,-0.00239832,0.0211675,-0.0111926,0.0910397,-0.0519311,0.00912385,0.146199,0.138761,0.0097238],[0.0137753,0.0119797,-0.0334729,-0.00807378,0.0473159,0.0592567,0.0285392,-0.00104397,0.0303024,-0.0808841,0.00292736,-0.033171,-0.175426,0.0298029,0.0527356,-0.322654,-0.0040814,0.0148679,-0.00389264,0.217229,-0.0221878,0.00528892,0.0106603,0.046175,0.00437207],[0.10408,0.0863575,0.373198,0.107099,1.80533,1.62508,0.367941,-0.0688333,0.148756,4.31073,0.18876,-0.231493,24.2215,0.300795,-0.322654,14.761,0.0758379,0.255486,-0.150177,-2.26802,-0.719739,0.0382439,3.27103,1.86391,0.191474],[0.00946941,-0.0127158,0.0257293,0.0254396,-0.0301327,0.0196328,0.0274339,0.00265498,0.00297666,-0.138625,-0.00196288,-0.0299714,0.274532,-0.00239832,-0.0040814,0.0758379,0.135991,0.0726942,0.0242265,0.235187,-0.0147191,0.00823232,0.0684566,0.0918219,-0.00300105],[0.0167266,0.00456381,-0.0829953,0.0187252,0.175119,0.163813,0.0874098,0.015814,0.051207,-0.218318,0.0238471,-0.050917,0.346235,0.0211675,0.0148679,0.255486,0.0726942,0.441939,0.0242933,0.368321,0.0564694,0.0230098,0.266775,0.156972,-0.00099213],[-0.0224786,-0.10012,0.0599709,-0.117918,-0.394893,-0.350384,-0.00396856,0.00519506,-0.00404212,-0.169904,-0.0122069,0.0479595,-1.05576,-0.0111926,-0.00389264,-0.150177,0.0242265,0.0242933,0.373618,0.55554,0.0748787,-0.00313229,-0.10735,0.0201631,-0.00997644],[0.596134,0.181989,0.0803361,0.231555,0.229058,-0.706759,0.413061,-0.0789375,0.292821,-2.76463,0.0571737,-0.235437,-1.85604,0.0910397,0.217229,-2.26802,0.235187,0.368321,0.55554,13.065,0.474615,0.14384,0.339053,0.90871,-0.0159473],[0.0641779,-0.100336,0.128086,0.0667506,-0.0402403,-0.119195,-0.0719384,-0.0158621,-0.0646628,-0.513126,-0.00913718,0.0602161,-1.76725,-0.0519311,-0.0221878,-0.719739,-0.0147191,0.0564694,0.0748787,0.474615,0.880963,0.00114917,-0.390819,-0.189642,-0.00806412],[0.0188162,0.0197637,-0.0109101,0.0185091,0.0634185,0.0193717,0.0412506,0.00539401,0.0263867,-0.0328666,0.0311179,-0.0217917,0.453189,0.00912385,0.00528892,0.0382439,0.00823232,0.0230098,-0.00313229,0.14384,0.00114917,0.0430881,0.0292221,0.131976,0.00112808],[0.0603021,0.216019,-0.603888,0.335044,1.36331,0.913382,0.149405,-0.0226125,0.0708641,1.08409,0.132229,-0.254831,7.90138,0.146199,0.0106603,3.27103,0.0684566,0.266775,-0.10735,0.339053,-0.390819,0.0292221,3.4253,0.657744,0.0767236],[0.115725,0.139365,0.0506596,0.0793666,0.763693,0.795384,0.554656,0.00447547,0.183797,0.54795,0.116637,-0.148735,9.77043,0.138761,0.046175,1.86391,0.0918219,0.156972,0.0201631,0.90871,-0.189642,0.131976,0.657744,2.51625,0.0829258],[0.00741178,0.015771,0.00286929,-0.0169196,0.115534,0.194128,0.0195331,-0.00627182,0.00926292,0.0895118,0.0167367,-0.00872403,0.752956,0.0097238,0.00437207,0.191474,-0.00300105,-0.00099213,-0.00997644,-0.0159473,-0.00806412,0.00112808,0.0767236,0.0829258,0.0277951]],"n":25,"lags":3,"seasonalRows":0}