{"betahat":[[0.48817,0.0445708,-3.10127,1.80986,2.07901,2.05776,0.714998,-0.177186,0.0388263,-1.12923,9.77394,0.115616,-0.0222916,4.18868,0.275002,0.799857,-0.188502],[0.800083,0.225705,-0.574048,-0.160427,0.271754,0.250421,0.287668,0.0385319,0.212954,0.185239,2.55597,0.0334805,0.062586,-0.686993,-0.0148046,0.857198,-0.0707704],[0.0966659,0.837588,0.597212,0.109338,0.0732936,0.00369939,-0.0574248,-0.0151792,0.0388819,-0.00376239,0.345215,0.0211166,0.0329543,-0.833366,0.0768772,0.126097,-0.0159642],[0.00199716,0.025677,0.954377,0.0267109,-0.126554,-0.103757,-0.0661583,-0.0167963,-0.0288215,-0.0322726,-0.82109,-0.0115101,0.00637468,-0.216174,-0.0700674,-0.170245,0.00591719],[-0.0265923,0.0540029,-0.0962197,0.747063,0.154358,0.193762,-0.0563511,-0.00416229,0.0254745,0.204946,0.0818496,0.0264056,0.0343181,-0.0816544,0.11545,0.102514,0.0201105],[-0.0143006,0.0131878,-0.0288282,-0.0574257,0.703623,-0.0899469,-0.108583,0.0151634,-0.0321644,0.0760705,-0.59342,-0.0228598,-0.0178362,-0.220229,0.0110528,-0.149283,0.0119752],[0.105245,0.0225561,-0.0320369,0.0972307,-0.117119,0.92931,-0.00118443,-0.0300199,-0.00268481,-0.0634258,-0.638899,-0.0226219,-0.0111107,0.229204,0.227916,-0.0746185,0.000801501],[0.0781352,0.0855615,0.333826,-0.023075,0.050035,-0.256098,1.18993,-0.0312336,-0.000564631,0.185554,1.05155,-0.0160411,0.00283731,-0.117744,0.35006,0.577106,0.0176525],[0.13082,0.0491203,-0.779616,0.0934875,0.915436,1.21842,0.402911,1.02513,0.160936,-0.20531,3.30971,0.025614,0.0701902,-0.686551,1.02568,0.89083,-0.0445738],[0.0234193,-0.0581828,-0.8696,0.428729,0.0168211,0.700749,0.520518,0.0939222,1.03137,0.371401,4.76854,0.043796,0.0128949,0.355453,-0.566245,0.912894,-0.000889023],[-0.044464,-0.0296959,-0.130749,0.106542,0.0321199,-0.0596444,-0.0490404,0.00351089,-0.0235855,0.969405,-0.830883,-0.00616948,0.00418798,-0.279726,-0.169343,0.0535017,0.0023888],[-0.00328381,-0.00702139,0.0142069,-0.00786751,0.00345727,0.0072263,-3.81143e-06,0.00263184,-0.00201749,-0.0311395,0.999328,0.000726605,-0.000805192,0.00911783,-0.0259779,-0.0127303,0.000272623],[-0.273256,0.017942,-0.670579,0.163302,0.552606,1.18593,-0.0481474,-0.0259964,-0.183673,1.25948,-1.3785,1.02468,0.0181594,1.0356,0.461101,-0.0736546,0.121918],[-0.212712,-0.280925,0.950522,-0.218163,0.612461,-0.246768,-0.0119926,-0.0349138,0.0643855,-0.70995,-8.25859,0.0506279,1.14264,-2.63232,0.521394,-0.378002,0.00123438],[0.037643,0.0322617,0.112248,-0.00450521,-0.0180838,-0.00200928,0.0216462,0.00495827,0.018316,0.0687555,0.222568,0.0183491,0.00841594,1.032,0.128203,0.0531381,-0.00118374],[0.116324,0.132248,0.231682,-0.080859,-0.0186316,0.125823,-0.00796853,-0.0467679,0.00647705,-0.026504,0.088559,-0.0134411,-0.0183138,0.101921,0.260368,-0.0355792,0.0109746],[-0.0209765,-0.0509218,-0.0267158,-0.0189934,-0.0175655,-0.090042,-0.0429106,0.0138555,0.00677973,-0.104691,-1.1571,-0.000894531,0.0127161,-0.306304,-0.0253556,-0.0695618,0.00530659],[0.0724848,0.174276,1.41611,0.843378,0.0965713,0.188513,0.615531,-0.045825,0.195653,0.323963,5.31364,0.0894361,-0.039826,1.57067,0.249753,0.801371,1.24951],[0.234517,-0.0895679,0.199365,0.34629,-0.0528879,-0.191816,-0.262583,-0.0563506,-0.198813,-0.290032,-2.71741,-0.0572991,-0.0683216,0.34098,0.21436,-0.703153,0.0220337],[-0.0241886,0.162801,-0.358155,-0.304328,-0.217682,-0.139806,0.0868329,-0.00180774,0.00855843,0.11144,0.781366,-0.0143052,-0.031573,0.85218,0.0268326,0.0813071,0.0218843],[0.0305819,-0.0402978,0.107349,-0.0357872,0.111658,0.0704592,0.0540004,0.0151753,0.0219643,-0.0178611,0.719382,0.0118241,-0.000565732,0.118245,0.0279259,0.157932,0.000294479],[0.0606484,0.0364437,0.098578,0.109713,0.0493854,-0.0076779,0.0196454,-0.0148851,-0.00773801,-0.222487,0.552062,0.00403645,-0.0151304,0.183326,-0.0395633,-0.0231551,-0.00788752],[-0.0227209,0.00659886,-0.105102,-0.0588316,0.161617,-0.0104472,0.0484714,0.00325785,0.0323417,0.0104269,-0.00554689,0.0125411,0.00666145,0.0982945,0.0294321,0.0238895,-0.00731253],[-0.0572078,0.00125583,0.0502726,-0.0134189,0.10166,0.0813869,0.0169058,0.0195592,-0.00561003,0.0600231,0.513568,0.0143795,0.00119294,-0.104706,-0.0662006,0.0649574,0.00154686],[-0.0810093,-0.0656073,-0.162687,-0.109118,-0.101042,0.0521107,-0.136085,0.0362109,0.00734148,-0.162706,-0.595992,0.018538,0.00148864,-0.0970228,-0.308692,-0.346415,0.00346428],[-0.22181,-0.275363,-0.102524,0.33507,-0.454439,-0.674087,-0.0539859,-0.0103151,-0.00919648,-0.200831,2.88451,-0.0656188,-0.0712799,0.0262023,-0.970722,-0.397362,-0.00182149],[-0.321584,-0.128545,0.323693,-1.0541,0.0698807,-0.529902,-0.222333,-0.0537296,0.0438614,-0.284582,-3.76285,0.0250757,0.0168933,-0.584232,0.161977,-0.481035,0.0031955],[0.0167054,-0.0224271,0.0762734,-0.0470519,-0.0660694,0.0259762,0.0199084,0.0191203,0.00725837,0.0583167,0.833304,0.00981857,-0.00371168,0.318031,0.123001,-0.117156,0.0055344],[0.0080663,0.00589294,-0.00231557,0.00524335,0.000212459,-0.00541666,0.0014415,-0.000238014,0.00334437,0.0192721,0.0489074,0.00133814,0.00139797,0.0181791,0.018739,0.00919471,-0.000532165],[0.159882,0.0873805,0.593087,0.057405,-0.409034,-0.642292,-0.200511,0.0629443,0.0545768,-1.28412,-1.08491,-0.0893195,-0.0597485,-1.68594,-0.701311,-0.124182,-0.0667961],[0.301406,0.0617137,0.313016,0.217027,-0.62057,0.397675,-0.202064,-0.10661,-0.0380417,-0.206623,6.11021,-0.128687,-0.191156,1.99345,-0.609502,0.217507,-0.00882086],[-0.00983922,-0.00652635,-0.0402895,0.0219556,0.0524913,0.0281076,-0.0407362,-0.00220404,-0.0163179,-0.0995267,-0.074617,-0.0197568,-0.0091924,-0.0564107,-0.0807973,-0.0865122,-9.84034e-06],[0.0281673,0.0152126,-0.0312468,-0.0442786,0.213305,0.157476,0.0838211,0.0169938,0.0585883,0.0317198,0.552584,0.0207825,0.0202195,0.0501857,0.138871,0.216704,0.0109403],[-0.0392773,-0.0386763,0.0801653,-0.106877,-0.118235,-0.118523,0.0703274,0.000689964,0.0251861,-0.0535869,-0.608953,0.0207609,0.026965,-0.192218,-0.0124194,0.259616,0.0180994],[0.185079,-0.168461,-1.09732,0.190296,-0.522864,-0.150126,-0.397832,-0.0267452,-0.167624,0.0349786,-1.12921,-0.104751,-0.0156058,-0.525069,0.281761,-0.477583,-0.212019],[-0.0345962,-0.136123,0.374748,-0.185821,-0.218909,-0.0586341,-0.0250749,0.0178196,-0.0141456,0.104814,0.161599,0.0238177,0.00573088,0.346019,-0.199585,-0.154015,0.0487418],[-0.0724689,-0.000386253,-0.238963,0.195018,0.144331,0.136067,-0.0294014,0.0169905,-0.0474483,-0.107669,-1.12634,-0.00681389,-0.00138589,-0.0187969,-0.103746,-0.207375,-0.00591503],[-0.0325846,0.014629,-0.06188,0.00917155,0.0148788,0.0333469,0.0121954,0.00162934,0.00686065,0.0500794,0.101397,-0.000323705,-0.00581339,0.0977426,0.0420676,0.0123712,-0.00620645],[-0.0340523,-0.0904168,-0.00230846,0.143283,-0.203741,-0.186042,0.03675,0.0190463,-0.017724,0.0175468,-0.633416,-0.0304383,-0.0191935,-0.101505,-0.0759282,-0.0793089,-0.0122177],[0.0370599,-0.0197467,0.1341,0.116359,0.134662,0.100328,0.0601222,-0.0184319,-0.00018284,-0.0864479,0.599439,0.010318,0.011163,0.12204,-0.0404892,0.125428,-0.00465224],[-0.0480165,-0.0237748,-0.0181079,-0.0837338,0.0154164,-0.0107431,-0.015694,0.0104505,0.00828753,0.00343164,0.125655,0.00824758,0.00991251,-0.124408,-0.161727,0.00973169,-0.0023402],[0.00291962,-0.019843,-0.170882,0.132663,0.0512881,0.204173,-0.0536965,-0.00499322,-0.00671023,-0.0228965,-0.454564,-0.00242244,-0.00425929,0.21521,-0.0413198,-0.23041,-0.0210804],[0.0880334,0.216123,0.930962,-0.537748,-0.415229,-0.537587,-0.408416,-0.0320605,-0.148979,0.377228,-6.51228,0.0423799,0.00899372,0.555558,0.00627288,-0.515686,0.0447925],[0.243794,0.160193,0.662999,0.506841,-0.032132,-0.224933,-0.282916,-0.00389741,-0.128555,0.13401,-0.302189,-0.0636371,-0.0375006,0.438621,0.323567,-0.334646,0.0155512],[0.0277687,0.0520487,0.0545237,-0.0597516,0.033974,0.0336843,0.0290762,-0.0226531,0.0163517,-0.0281661,-0.00251112,-0.00367698,-0.000481817,-0.0388743,0.0463115,0.0636525,-0.00792789],[-0.00530121,0.000458376,-0.0102459,0.00214788,-0.0056374,-0.00291159,-0.000597165,-0.00217902,-0.00139965,0.0122796,-0.0573999,-0.00213807,-0.000579154,-0.0275321,0.00600778,0.0053432,0.000266429],[0.148624,-0.125277,0.722982,-0.0976636,0.0509113,-0.279084,0.164514,-0.0265285,-0.000627791,-0.00116725,0.678353,-0.0146126,-0.0136124,0.526004,0.192979,-0.11912,-0.0373345],[-0.111128,0.215546,-1.39713,-0.0294065,0.119279,-0.129575,0.159899,0.155641,-0.0443802,0.941411,1.83124,0.0584798,0.0235338,0.612431,0.0954441,0.0136711,0.0106745],[-0.0274016,-0.0253584,-0.070392,-0.0162325,-0.0341409,-0.0253365,0.0193634,-0.00289255,-0.00193592,0.0301979,-0.147836,0.00150399,0.000857665,0.0243368,-0.047312,0.0339036,0.00123541],[0.0292263,0.0181815,0.15058,-0.0231891,-0.0765591,-0.139396,-0.00916144,-0.00600812,0.00656441,-0.0614429,0.267821,0.012216,0.0179515,-0.205505,0.0413367,-0.00414436,0.00458093],[0.0138252,0.0201988,-0.150498,-0.0111378,-0.00580602,-0.00949623,0.021001,0.00834682,0.0132389,0.0735244,-0.028444,0.0146354,0.00677549,0.113589,0.0113362,-0.0834749,0.007971],[-0.253716,0.0400823,-0.706834,-0.902715,-0.0760097,-0.300816,-0.243016,0.0781945,0.0373151,-0.260814,-5.07354,0.0252188,0.0649576,-0.58184,-0.538513,-0.365686,-0.121343]],"sigmahat":[[0.291226,0.111433,0.56506,0.174574,0.105182,0.085815,-0.0678789,-0.0473102,-0.00744777,-0.126196,0.849727,0.00438961,-0.00446276,0.186039,0.197208,-0.0257525,0.0145275],[0.111433,0.299642,0.0358868,0.0855984,0.128281,0.08431,-0.0851638,-0.0366351,0.0174592,0.147101,0.145196,0.0176431,0.00296941,-0.202099,0.151198,-0.0273865,0.00479864],[0.56506,0.0358868,5.04779,-0.100268,-0.296772,-0.340454,-0.406289,-0.123898,-0.115342,0.395912,3.08819,0.043045,-0.00278239,0.69976,0.471324,-0.259463,0.0487272],[0.174574,0.0855984,-0.100268,1.53523,0.305026,0.412937,0.125178,0.00284528,-0.118762,-0.161669,0.546539,-0.0679854,-0.0665158,0.674415,0.0140051,-0.0667135,-0.0470013],[0.105182,0.128281,-0.296772,0.305026,1.78909,1.31253,0.174205,-0.0351994,0.0838975,-0.442427,1.62782,0.081707,0.0768126,0.307116,0.0893073,0.264483,-0.0101379],[0.085815,0.08431,-0.340454,0.412937,1.31253,1.89706,0.259544,-0.00764183,0.0335791,-0.404139,1.97801,0.0567806,0.0333004,0.992836,-0.176306,0.354475,0.00374388],[-0.0678789,-0.0851638,-0.406289,0.125178,0.174205,0.259544,0.392563,0.0462406,0.0612636,-0.101298,1.25896,0.0202242,0.017074,0.540795,-0.274231,0.616369,-0.00548723],[-0.0473102,-0.0366351,-0.123898,0.00284528,-0.0351994,-0.00764183,0.0462406,0.0522768,-0.00525186,-0.013787,-0.120214,-0.00603539,-0.00284965,-0.00695775,-0.140884,0.0433943,0.00108254],[-0.00744777,0.0174592,-0.115342,-0.118762,0.0838975,0.0335791,0.0612636,-0.00525186,0.10726,0.00378384,0.991619,0.052963,0.0451548,0.0228665,0.0363529,0.174864,-0.0024086],[-0.126196,0.147101,0.395912,-0.161669,-0.442427,-0.404139,-0.101298,-0.013787,0.00378384,1.91806,2.06986,0.0930388,0.0203253,1.43754,0.445587,-0.02662,-0.0121912],[0.849727,0.145196,3.08819,0.546539,1.62782,1.97801,1.25896,-0.120214,0.991619,2.06986,72.9692,0.857198,0.296508,13.6967,0.509696,6.74281,0.0310463],[0.00438961,0.0176431,0.043045,-0.0679854,0.081707,0.0567806,0.0202242,-0.00603539,0.052963,0.0930388,0.857198,0.0595875,0.043615,0.145095,0.0654893,0.0984132,0.002665],[-0.00446276,0.00296941,-0.00278239,-0.0665158,0.0768126,0.0333004,0.017074,-0.00284965,0.0451548,0.0203253,0.296508,0.043615,0.047919,-0.105851,0.0346936,0.0759508,0.00296581],[0.186039,-0.202099,0.69976,0.674415,0.307116,0.992836,0.540795,-0.00695775,0.0228665,1.43754,13.6967,0.145095,-0.105851,9.45016,0.0724823,1.05353,-0.0397683],[0.197208,0.151198,0.471324,0.0140051,0.0893073,-0.176306,-0.274231,-0.140884,0.0363529,0.445587,0.509696,0.0654893,0.0346936,0.0724823,1.70644,-0.2919,-0.0100231],[-0.0257525,-0.0273865,-0.259463,-0.0667135,0.264483,0.354475,0.616369,0.0433943,0.174864,-0.02662,6.74281,0.0984132,0.0759508,1.05353,-0.2919,2.91278,0.00690658],[0.0145275,0.00479864,0.0487272,-0.0470013,-0.0101379,0.00374388,-0.00548723,0.00108254,-0.0024086,-0.0121912,0.0310463,0.002665,0.00296581,-0.0397683,-0.0100231,0.00690658,0.0144767]],"n":17,"lags":3}