{"betahat":[[0.628744,0.829829,-5.70985,-1.09813,1.26105,-0.653741,-1.11075,-0.170509,0.0243609,1.36274,-0.436132,1.97948,11.8318,0.572199,0.440983,-0.87843,0.0207782,-2.71511,-0.311817],[0.685223,0.250342,-0.579136,-0.312063,0.266683,0.20166,0.274101,0.0861454,0.210923,0.215132,0.100656,-0.442746,3.54469,0.0594154,0.0789001,-0.567447,-0.0392607,0.939232,-0.05042],[0.0744204,0.710525,0.474748,0.203674,0.270756,0.319512,0.0625487,0.0245948,0.0560868,0.03021,0.0530556,0.208928,1.38017,0.0124892,0.0205529,-0.187389,-0.0496382,0.273847,0.00278616],[0.0122963,0.017988,0.910493,0.0343646,-0.121135,-0.080679,-0.0546219,-0.020027,-0.0262635,-0.0494228,-0.00952997,0.109545,-0.779288,-0.0111577,0.00617304,-0.191988,-0.121009,-0.173394,0.00577497],[-0.0663933,0.0265897,-0.166111,0.691045,0.1453,0.176805,-0.0600338,0.00375936,0.0133813,0.231272,0.00137882,0.262173,-0.248796,0.0205698,0.0312016,-0.13377,-0.0021887,0.0196067,0.0198473],[-0.0353149,-0.00985675,-0.066656,-0.0686844,0.61208,-0.130467,-0.0936922,0.0213313,-0.0401073,0.00413113,-0.0315349,0.15996,-1.21354,-0.0382753,-0.0225979,-0.388521,-0.232333,-0.189564,0.00630818],[0.0599519,0.0350242,-0.0818335,-0.0275501,-0.179616,0.749125,-0.00244923,-0.00696533,0.0132465,0.0185819,-0.00811673,-0.00956065,-0.198893,0.00273878,0.00859428,0.244148,0.26941,0.0365802,0.00600466],[0.068399,-0.00191169,0.315411,-0.0449431,-0.0483939,-0.15504,1.17568,-0.0266298,-0.0078582,0.158792,0.0694764,0.0495273,-0.520711,-0.0814343,-0.0377754,-0.211505,-0.613959,0.377497,0.00293089],[0.158246,0.0391511,-0.66528,0.0458846,0.431635,0.568576,0.325575,0.984819,0.155331,-0.381679,0.043432,0.0719633,0.829112,0.00620307,0.084873,-1.47277,0.4464,0.689435,-0.0634564],[0.293676,0.128303,0.144605,0.545746,0.149284,0.893151,0.367235,0.0590034,1.03494,0.772131,0.267001,-0.240763,9.28043,0.123555,0.0263671,1.69388,-0.0924572,1.02904,0.0408376],[-0.00193898,0.0155516,-0.0370124,0.14394,0.0613766,-0.0262011,-0.0725865,-0.0142687,-0.0248093,0.907057,0.00772784,0.102275,-1.12289,-0.00371501,0.00756034,-0.362981,-0.100952,0.00272106,-0.000781855],[-0.513212,-0.35928,-1.25958,-0.954804,-0.44687,-0.384288,0.401492,0.0542893,0.0111792,-0.537265,1.04289,-0.734973,-4.05965,0.103878,0.18704,-2.59153,-0.244506,0.857321,0.0652445],[0.0146999,-0.0716775,0.164734,-0.135874,-0.106846,0.12081,-0.00415314,-0.0252846,0.035804,0.0581528,-0.00571286,1.0679,0.114889,0.0137666,0.00254327,0.137147,-0.370017,-0.14489,0.0093787],[0.00209875,-0.00384435,0.0203831,-0.000950776,0.00836556,0.00422427,-0.00201894,0.000676386,-0.00108551,-0.0338063,0.0020166,0.0029517,0.926694,0.0012967,0.000514178,0.00243886,-0.000317431,-0.0151785,0.000327994],[-0.202541,0.0256967,-0.580904,0.383517,0.956882,1.52206,-0.104694,-0.0620465,-0.230571,0.899714,-0.10226,0.086977,-3.03771,0.947461,-0.0200348,0.677672,0.686073,-0.224716,0.0850143],[-0.29641,-0.371355,0.237276,-0.323318,0.763494,0.000705347,0.0732163,-0.00519969,0.0680984,-0.76695,-0.0445834,-0.328385,-8.81597,0.0323242,1.11006,-3.02446,0.478663,-0.445663,-0.00501964],[0.00250359,-3.39109e-05,0.0367439,-0.0519986,-0.0292788,-0.00571802,0.0464609,0.0133296,0.0168133,0.0378595,-0.0036288,-0.0278956,-0.0685086,0.0144816,0.00964594,0.951233,0.0303505,0.0582483,0.00102648],[0.133831,0.101423,0.178783,0.0520955,0.0177677,0.0403471,0.0268083,-0.0443422,0.0232397,0.155899,0.0186888,-0.00885521,1.82532,0.0251991,0.000984138,0.533752,0.810257,0.15603,0.0020199],[-0.00790575,-0.028838,-0.0199653,0.0313747,-0.00180531,-0.119798,-0.0746554,0.0160242,0.0152658,-0.0756883,0.0202461,-0.0393315,-0.67852,-0.000634298,0.00803328,-0.169999,0.0810134,-0.152227,0.00538416],[0.183124,0.5616,0.7736,0.860361,0.830294,0.16921,0.739195,-0.0603917,0.322122,-0.11835,0.239553,0.683304,7.28488,0.137445,0.0324048,0.442219,2.76693,1.85354,1.20358],[0.258847,-0.149495,0.0461392,0.402184,0.0222642,-0.0863881,-0.215571,-0.0613785,-0.179334,-0.286245,-0.033898,0.347246,-2.47697,-0.0572864,-0.0735001,0.524053,0.259973,-0.613074,0.0206833],[0.0041269,0.243943,-0.313311,-0.305557,-0.275987,-0.306632,0.00341318,-0.0193443,-0.0204118,-0.0391616,-0.0426838,-0.184757,-0.86499,-0.0190612,-0.0162584,0.356218,0.238418,-0.0482126,0.00453474],[0.0257221,-0.0349826,0.140881,-0.0411337,0.0968432,0.0138766,0.0407296,0.0198721,0.0192486,-0.0195448,0.00373361,-0.0862019,0.580214,0.0128034,0.00270294,0.0786748,0.0774007,0.154889,-0.000954238],[0.0761992,0.0565441,0.119305,0.152997,0.0937873,0.0186152,0.0202464,-0.0104992,-0.00677299,-0.231743,-0.0105315,-0.115335,1.02282,0.00727228,-0.0168629,0.300812,0.00910394,0.0398657,-0.00859166],[-0.0180608,0.0167941,-0.124124,-0.0477952,0.228005,0.0271908,0.06064,0.0053455,0.0423566,0.0637362,0.0292541,-0.0824648,0.447233,0.0218799,0.00990291,0.21909,0.120941,0.0722335,-0.00551508],[-0.0371588,-0.0112242,0.0498196,0.0574444,0.129696,0.191266,0.0351655,0.00946177,-0.00931626,0.0176849,0.0205984,-0.0201321,0.648971,0.00219148,-0.0118772,-0.0224231,-0.179357,0.0455362,0.00119636],[-0.0425588,0.027728,-0.119747,-0.0768293,-0.0222719,0.0672103,-0.120179,0.0245918,0.0269081,-0.128186,-0.0286922,0.00817621,1.26864,0.0611913,0.0137085,0.160987,0.325929,-0.174571,0.0108064],[-0.193087,-0.177959,-0.280434,0.420507,0.0459093,0.0344599,-0.0328538,-0.0502289,-0.0213274,-0.366095,-0.010692,-0.319023,2.99385,-0.0966239,-0.111559,-0.155925,-0.799997,-0.431267,0.00871318],[-0.328956,-0.132068,0.0611313,-0.917227,0.133058,-0.321844,-0.121932,-0.0511239,0.0809482,-0.185788,-0.0986458,-0.0917364,-2.11439,0.0111537,-0.0180007,-0.0798865,0.316738,-0.444127,-0.0268414],[-0.00139881,-0.0398118,0.00380813,-0.0412556,-0.0589641,0.0122819,0.0350852,0.0353781,0.00868152,0.109878,-0.00885586,-0.0455641,1.38737,0.0106841,-0.00788355,0.460532,0.194463,-0.0562681,0.0065131],[-0.0482785,-0.133938,0.664885,0.11168,-0.00694484,-0.119668,-0.156976,-0.0145121,-0.106321,0.526414,-0.222132,0.255174,0.104243,-0.0538525,-0.109628,1.82637,-0.0982861,-0.422178,-0.0311958],[-0.046112,0.0142891,-0.308538,0.208228,-0.0760364,-0.0902968,0.0763572,0.0181376,-0.0399658,-0.0242774,0.010777,-0.138501,-0.829536,-0.0334181,-0.0146546,-0.0627219,0.220948,0.156712,-0.0135611],[0.00246895,0.00260445,-0.00697764,0.0109138,-0.00311802,-0.00137323,0.00424402,0.00105855,0.000184966,0.0219376,-0.000967472,-0.00675402,0.0759032,-0.000634241,-0.000418694,0.015587,0.0148985,0.0153273,-0.00115981],[0.162848,0.0994222,1.13824,0.0132291,-0.628125,-0.665954,-0.295133,0.0386102,-0.0168901,-1.26326,-0.0481075,0.334567,-3.24918,-0.106426,-0.0548815,-2.21634,-0.606138,-0.478336,-0.0509964],[0.303305,0.104442,0.428913,0.0836147,-0.846037,0.0606495,-0.345194,-0.0993688,-0.0468807,-0.259256,0.013532,0.477395,5.88528,-0.130905,-0.204564,2.50658,-0.58392,-0.0443661,0.0139602],[0.00726012,0.0106169,-0.00709591,0.0441823,0.0623294,0.0390781,-0.0455734,-0.00714142,-0.0138101,-0.0719878,0.000327094,0.0373275,0.106144,-0.0152731,-0.00884272,-0.0181423,-0.00904097,-0.0686883,-0.000876537],[-0.00760128,0.000612178,0.0321786,-0.0199492,-0.0658195,-0.053312,-0.0523603,-0.0109759,-0.0310386,-0.0966465,-0.0340683,0.00816745,-2.33635,-0.0370915,-0.00836898,-0.545121,-0.174706,-0.194866,-0.00540631],[-0.0170411,-0.0175004,0.0673851,-0.0617283,-0.0497027,-0.057544,0.0378199,0.000549578,0.0290196,-0.0693378,0.0116591,-0.0253167,-0.5643,0.016735,0.0221244,-0.0871857,0.0541588,0.112842,0.0178837],[0.125093,-0.253603,-1.02199,0.277743,-1.05419,-0.455507,-0.543924,-0.0517038,-0.276386,0.140175,-0.0239975,0.250097,-1.10416,-0.174664,-0.124368,-0.0891956,-0.650583,-1.09029,-0.22203],[0.0559415,-0.100825,0.533102,-0.0899836,-0.289044,-0.115345,-0.0584675,-0.0247797,-0.0316081,0.0710699,-0.0667501,0.0955943,-1.068,-0.00216206,-0.00545565,0.0436622,-0.220709,-0.32614,0.0297466],[-0.0785474,0.0455237,-0.161026,0.102066,0.00530039,-0.012723,-0.0658659,-0.00527403,-0.0356489,0.00891534,-0.0103529,-0.0241306,-0.512862,0.00659339,-0.00429756,-0.168306,-0.188691,-0.225339,-0.00732406],[-0.0380686,0.016967,-0.0518105,0.0072831,0.0245421,0.0669595,0.013979,0.000164067,0.00697277,0.0687118,0.00579032,-0.0232875,0.197269,-0.00168247,-0.00888511,0.112898,0.0437478,0.0186026,-0.0048219],[-0.00975283,-0.0831826,0.0470391,0.156165,-0.238899,-0.195154,0.0400519,0.00670262,-0.00657301,0.00038014,0.00917667,-0.146917,-0.771093,-0.0277934,-0.0143054,-0.166279,-0.00647934,-0.0586696,-0.0112136],[0.0534211,-0.00685426,0.191139,0.116901,0.159744,0.103204,0.0331085,-0.0267749,-0.00228514,-0.0679525,0.0022348,-0.0774051,0.766696,0.0163923,0.012664,0.169582,0.111465,0.117492,-0.000772805],[-0.0226902,-0.0236645,0.0322737,-0.029487,0.0498864,0.0594543,-0.0325577,-0.00254285,-0.00395457,-0.036255,-0.0124674,0.0297166,-0.447396,-0.00496509,0.00322952,-0.221059,-0.0894611,-0.0816242,-0.00718603],[-0.0255164,-0.0251605,-0.195171,0.122836,0.0718095,0.0890556,-0.054974,0.00181403,-0.0186977,-0.031238,-0.0406885,-0.0579883,-0.739063,0.0204404,0.0241033,0.0529743,0.288565,-0.201207,-0.0136074],[0.0205967,0.107643,0.859065,-0.604241,-0.384956,-0.477229,-0.356535,0.0316081,-0.113544,0.577861,-0.0094333,0.112231,-4.83718,0.0783531,0.0309877,1.35456,0.461998,-0.365338,0.0478321],[0.142118,0.128314,0.120003,0.363834,-0.125485,-0.353269,-0.195161,0.0301978,-0.162153,-0.0798193,-0.108188,0.119914,-2.46104,-0.116855,-0.0566668,-0.357117,-0.0267306,-0.321836,0.0078523],[0.00347017,0.023963,0.0342991,-0.103288,-0.00253224,0.0137253,0.0371819,-0.0211023,0.0159172,-0.0183847,0.000996767,-0.0566451,-0.268005,-0.00712599,0.000276675,-0.0988677,-0.0943158,0.0527755,-0.00575197],[0.217695,0.141859,0.699319,0.561468,0.0231033,0.110468,-0.159118,0.0304067,0.0636417,0.372674,-0.0111923,0.209205,3.88465,0.0499387,0.0237407,1.14251,-0.258981,-0.13693,0.0110732],[0.0319478,0.0572194,0.143814,-0.0726671,0.184103,-0.0289711,-0.0704599,0.00735478,0.00483765,-0.0351704,-0.00474218,0.0689192,0.729843,0.0197286,0.0121998,-0.0707975,0.148462,-0.00764359,0.00429816],[-0.00516,-0.000257893,-0.0044828,-0.00911767,-0.0121494,-0.00679642,-0.000234785,-0.00126922,0.000509948,0.0138316,-0.00028602,0.00252098,-0.0383566,-0.00122909,-0.000407376,-0.0174935,-0.0193651,0.00392691,0.000652714],[0.135366,-0.177542,0.970657,-0.187079,0.17791,-0.278249,0.192948,-0.00790702,0.0246263,0.059612,0.0341816,-0.206972,0.617728,0.00987994,0.0168264,0.523642,-0.045242,-0.0779243,-0.00665088],[-0.0871081,0.218058,-1.37495,0.244295,0.331298,-0.0112967,0.183186,0.15163,-0.0417155,0.950338,0.0294068,-0.0428959,2.05171,0.0468526,0.0258579,0.422585,0.134635,0.121315,-0.00855669],[-0.0088675,-0.00932385,-0.025082,0.0108994,-0.0318208,-0.0309834,-0.000727538,-0.00685985,-0.00310637,0.0319343,0.00300266,-0.00890462,-0.044427,0.000890159,-0.000696193,0.0646684,-0.0194157,0.0119065,2.44165e-05],[0.0108495,0.00329433,0.0486675,-0.0280743,-0.0139322,-0.0547054,0.0182815,-0.000928795,0.0340693,-0.00461866,0.0273801,0.0224017,0.422603,0.0132325,0.00852496,-0.153553,-0.157768,0.0701364,0.00100954],[0.0134944,-0.00042148,-0.199386,-0.00626498,0.0213772,0.053608,0.0301133,0.0128163,0.0235237,0.0468979,0.00988551,-0.0596209,-0.362259,0.0104795,0.00546611,0.0906845,-0.0927352,-0.113702,0.00852835],[-0.147118,0.0102591,-0.990817,-0.922248,-0.0269677,0.0578506,-0.238335,0.0744728,0.106636,-0.417182,-0.0329725,-0.675025,-7.14785,-0.00713344,0.0574902,-0.733717,-1.26029,-0.774399,-0.130377]],"sigmahat":[[0.197622,0.0634242,0.424153,0.0364356,0.0181523,0.00539892,-0.0396876,-0.0205575,-0.00939693,-0.131751,0.0022055,0.0288399,0.678826,0.00272555,-0.00166044,0.126156,0.025483,0.00897711,0.0166174],[0.0634242,0.277863,-0.0970713,0.0527879,0.128584,0.124996,-0.0377468,-0.0115985,0.00943472,0.119624,0.0266196,0.0438493,0.656894,0.0218625,-8.32399e-05,0.0537629,0.234345,0.0532633,0.00916648],[0.424153,-0.0970713,4.22976,-0.156425,-0.38902,-0.1713,-0.164042,-0.058893,-0.117254,-0.027032,-0.0716401,0.204853,1.89537,-0.00554719,-0.0314454,0.615114,-0.800464,-0.245779,0.0322343],[0.0364356,0.0527879,-0.156425,1.08932,0.11077,0.0622376,0.0209642,0.00206863,-0.0978441,0.0275481,0.0217031,-0.055879,0.473048,-0.0399187,-0.0364949,0.140757,0.38056,-0.0113086,-0.0274602],[0.0181523,0.128584,-0.38902,0.11077,1.41774,0.957218,0.103854,-0.0344594,0.122411,-0.149396,0.0316632,-0.141172,1.90431,0.105412,0.0986345,0.110367,0.702786,0.317253,0.00494347],[0.00539892,0.124996,-0.1713,0.0622376,0.957218,1.35769,0.0927449,-0.0247955,0.0751886,-0.0170978,-0.00531702,-0.0578464,2.15904,0.0843079,0.0613854,0.43778,0.313644,0.309391,0.0212863],[-0.0396876,-0.0377468,-0.164042,0.0209642,0.103854,0.0927449,0.226277,0.0178477,0.0758705,0.0812943,0.0466351,-0.177641,1.67474,0.0317593,0.0251567,0.354745,0.121152,0.519515,0.00211252],[-0.0205575,-0.0115985,-0.058893,0.00206863,-0.0344594,-0.0247955,0.0178477,0.0351684,0.00288493,0.0214021,0.00377938,-0.0014526,0.0216391,0.000599817,0.00074649,-0.0305748,0.00397244,0.0357548,0.00138714],[-0.00939693,0.00943472,-0.117254,-0.0978441,0.122411,0.0751886,0.0758705,0.00288493,0.0950924,0.00377827,0.0292783,-0.0821645,1.07222,0.0474631,0.0395739,0.123225,0.0364705,0.198024,0.00153599],[-0.131751,0.119624,-0.027032,0.0275481,-0.149396,-0.0170978,0.0812943,0.0214021,0.00377827,1.6206,0.0515567,0.0825423,3.41716,0.0795996,-0.00491368,1.92813,0.369224,0.25729,-0.0170046],[0.0022055,0.0266196,-0.0716401,0.0217031,0.0316632,-0.00531702,0.0466351,0.00377938,0.0292783,0.0515567,0.047106,-0.0411125,0.742407,0.00997325,0.00200322,0.124671,0.0633883,0.143734,-0.00037915],[0.0288399,0.0438493,0.204853,-0.055879,-0.141172,-0.0578464,-0.177641,-0.0014526,-0.0821645,0.0825423,-0.0411125,0.573489,-1.13075,-0.0340802,-0.036912,-0.453144,-0.29056,-0.251016,0.013213],[0.678826,0.656894,1.89537,0.473048,1.90431,2.15904,1.67474,0.0216391,1.07222,3.41716,0.742407,-1.13075,94.6344,1.01895,0.165981,18.8433,4.90667,8.13508,0.156309],[0.00272555,0.0218625,-0.00554719,-0.0399187,0.105412,0.0843079,0.0317593,0.000599817,0.0474631,0.0795996,0.00997325,-0.0340802,1.01895,0.0530249,0.0362091,0.231794,0.119531,0.116777,0.00266619],[-0.00166044,-8.32399e-05,-0.0314454,-0.0364949,0.0986345,0.0613854,0.0251567,0.00074649,0.0395739,-0.00491368,0.00200322,-0.036912,0.165981,0.0362091,0.0427,-0.0809499,0.0403057,0.070126,0.00193774],[0.126156,0.0537629,0.615114,0.140757,0.110367,0.43778,0.354745,-0.0305748,0.123225,1.92813,0.124671,-0.453144,18.8433,0.231794,-0.0809499,9.219,1.73542,1.39862,0.00458914],[0.025483,0.234345,-0.800464,0.38056,0.702786,0.313644,0.121152,0.00397244,0.0364705,0.369224,0.0633883,-0.29056,4.90667,0.119531,0.0403057,1.73542,3.05248,0.516714,-0.00241706],[0.00897711,0.0532633,-0.245779,-0.0113086,0.317253,0.309391,0.519515,0.0357548,0.198024,0.25729,0.143734,-0.251016,8.13508,0.116777,0.070126,1.39862,0.516714,2.52393,0.0194543],[0.0166174,0.00916648,0.0322343,-0.0274602,0.00494347,0.0212863,0.00211252,0.00138714,0.00153599,-0.0170046,-0.00037915,0.013213,0.156309,0.00266619,0.00193774,0.00458914,-0.00241706,0.0194543,0.010956]],"n":19,"lags":3}