{"betahat":[[0.0941465,-0.00920951,0.222895,0.246376,-1.65936e-05,-0.519023,0.0356349,-0.0622101,-0.0241623,0.705301,-0.026562,-2.53023,-0.0189106,-0.0149285,2.24666,3.27051,-0.377232,-0.0869791,0.0462934],[0.0863027,0.117937,0.205046,0.153508,0.161415,0.0855812,0.0111805,-0.0152219,0.0210803,0.1072,0.02078,0.184936,0.0256093,0.0260984,-0.243753,0.172725,-0.0845699,0.0845736,0.0072906],[-0.0393607,-0.00303438,0.118983,0.195283,-0.0360578,0.0657313,-0.0130691,0.0149023,-0.00446807,0.0273911,-0.00433907,-1.08789,-0.0256547,-0.0191799,-0.148039,0.00561512,-0.17025,0.0121118,-0.0180531],[0.0142751,0.0481885,0.0504723,0.0641064,-0.0790966,0.0317283,0.00491488,-0.00013726,-0.00128544,0.0464122,-0.0012072,-0.458778,0.000143692,0.000650866,-0.00666838,0.0693119,-0.0218818,-0.0163967,-0.000299353],[-0.00627662,-0.0186041,-0.0105744,-0.0287033,-0.0154608,0.00863908,0.00521928,0.00140371,-0.000787382,-0.0256384,-0.000802532,0.0451783,0.00173543,0.00011852,0.010987,-0.0192011,0.0100625,-0.0103397,-0.00177821],[0.0527886,0.00432385,0.0652024,0.0770051,0.109218,0.0800916,-0.00295651,-0.00423918,0.000106136,0.0420709,5.35406e-05,0.372757,0.00338112,0.00433028,-0.110513,-0.105691,-0.0334998,0.0358324,0.00384442],[0.00931675,-0.00689888,0.0189695,-0.0465017,0.0467194,-0.0210681,-0.00477992,-0.00115661,0.00295705,0.0127807,0.00296483,-0.0607894,0.000975333,0.00178384,-0.0347973,-0.0530083,-0.0568634,-0.00111562,0.0013908],[-0.0782052,-0.0773145,-0.305645,0.0733845,-0.124977,-0.35271,0.0188903,0.0071666,0.0273078,-0.0663869,0.0274989,0.409815,0.0186168,0.0181497,0.0795171,0.302503,-0.0956091,-0.05845,-0.000219005],[-0.120339,0.0741662,-0.239874,-0.0422076,-0.0685227,0.100025,-0.109871,0.445722,-0.00190096,-0.0017327,-0.000763128,-2.66997,0.0164424,-0.00707809,0.517547,-2.16339,-0.146029,-0.0855799,-0.133961],[-0.00713065,0.0506635,-0.173968,-0.186772,0.0388661,0.652109,-0.0387123,-0.00781532,0.0737771,0.244743,0.0745073,-0.542094,0.0325268,0.0213978,-0.182166,-0.471404,-0.236265,-0.00175488,0.0381276],[0.00382245,0.00824128,0.0146332,-0.00087125,-0.000553851,-0.00411713,-0.00764508,-0.00520821,0.0062663,0.236344,0.00630773,-0.641539,0.00252732,0.0036295,0.227576,0.406648,-0.0298147,-0.00573847,0.00142641],[0.0177383,0.0797114,-0.163483,-0.136927,0.048839,0.782314,-0.0590576,-0.0168867,0.0718117,0.249791,0.0723252,-1.00296,0.028819,0.0209196,-0.302555,-0.605705,-0.19369,-0.00137019,0.0350994],[0.00115802,-0.000802545,0.000168025,0.00243595,0.00253134,0.00514828,-0.000213849,-0.000483204,0.000207592,-0.00753217,0.000213407,0.14124,0.000342824,0.000166115,0.00535464,0.00528979,-0.00129205,0.0039988,0.00100402],[0.0517522,0.0242807,-0.15748,0.105592,0.220787,0.348397,-0.0152709,0.00379308,0.0377709,0.033105,0.0380526,-0.665159,0.0286032,0.0273775,-0.0342987,-0.286272,-0.0608973,-0.0639192,0.0162559],[0.121739,0.0155102,-0.146729,0.147619,0.474416,0.214574,-0.0390896,-0.0158102,0.0476897,0.19852,0.0484156,-0.666692,0.0255646,0.0389,-0.573821,-0.188495,-0.0340048,-0.0751527,0.0214514],[-0.00025026,-0.001546,0.00106245,0.0171992,-0.000952732,0.0195952,0.00190367,0.00133152,-0.000946022,0.0302886,-0.000942135,0.0190993,0.00140731,5.15106e-05,0.199528,0.190611,-0.00239752,0.00307169,-0.000989406],[-0.00184086,0.00031108,-0.0112187,-0.0101011,0.00443776,-0.0108702,-0.000469285,-0.00316578,-0.00123124,0.0908381,-0.00125689,-0.00451151,-0.00119103,-0.000753614,0.260117,0.434171,0.00286845,0.00284422,1.42928e-05],[-0.00582619,-0.0143395,-0.055276,-0.0175234,-0.0241411,0.174617,0.000858772,-1.26849e-05,0.0100638,-0.0575783,0.00995523,0.718139,0.0104919,0.000673441,0.183763,-0.0687586,0.0717492,0.0338113,0.00735446],[0.0169442,-0.0403561,0.0135572,0.184379,0.0405715,0.149206,-0.0105041,-0.00444804,0.0116815,0.023275,0.0117681,3.17187,0.0203739,0.0191242,-0.00322988,0.362739,-0.145835,0.131072,0.0154151],[-0.141497,0.22109,0.124967,0.178772,-0.248416,1.3796,-0.0321242,-0.21042,0.200466,0.243737,0.201373,12.5184,0.143437,0.0827375,0.449765,-0.59647,0.533987,-0.0658452,0.563454],[0.0063633,0.0289989,-0.0450712,-0.0312118,0.0128486,0.132807,-0.00367667,-0.00543024,0.00799117,0.0391821,0.00806638,-0.390167,-0.00235771,0.0032054,-0.263594,0.00787072,-0.042926,-0.0492626,0.00129386],[-0.0259312,-0.02992,0.0222119,0.0312322,-0.0798606,0.0181455,-0.00151766,-0.00216204,-0.00161137,0.0152514,-0.00152756,-0.104113,-0.00396765,-0.00304492,-0.0449925,0.00646088,-0.0337101,0.00235034,-0.00309612],[0.00100003,-0.003199,-0.00484618,0.0116402,-0.012101,-0.0131353,0.00488493,-0.000427269,0.000649365,-0.00050165,0.000688983,-0.127018,-3.55015e-05,0.00192597,-0.0588252,0.0150277,-0.00631437,-0.00717449,-0.00116059],[-0.000470944,-0.000684006,0.00062259,-0.0170055,-0.00753836,0.0155982,0.00302447,9.5605e-05,0.000553389,-0.0095412,0.000556754,0.0499966,0.000685437,0.000656012,-0.00858144,0.00364476,-0.000620664,0.00194167,0.000250821],[0.000738772,0.00550397,0.0082988,-0.0121938,-0.0228853,-0.0156178,0.00259755,-6.41629e-05,0.000654454,0.00731153,0.000628148,0.0019128,0.000484261,0.000600077,-0.0228172,0.00456953,-0.0060616,-0.00230094,0.00101089],[0.00537269,0.00323641,-0.000704674,0.00147109,0.00656607,0.0137049,-0.00130448,-0.00106332,0.000399645,0.00730743,0.000399702,-0.0336465,0.000841883,0.00167172,-0.0270865,-0.00988698,-0.0137853,0.00539615,-2.93586e-05],[-0.00258598,-0.00901026,-0.133092,-0.0707578,0.0516867,-0.0179702,-0.00980828,0.00471871,0.0079474,0.0237615,0.00785354,0.14998,-0.000224366,-0.0007811,0.0466637,0.122347,0.0434511,-0.0133943,0.00186379],[0.0507302,0.042498,0.0500707,0.0679199,0.292485,0.592711,-0.0311898,0.0890706,0.0128581,0.0415687,0.0136732,1.19045,0.0130602,0.00725629,-0.116323,-0.645962,0.0205179,0.132657,-0.00921136],[-0.0123915,0.0146652,-0.0156651,-0.00310502,0.0474487,0.151352,-0.0259654,-0.00564837,0.00530673,0.0590928,0.00541612,-0.25221,-0.00101259,0.000387343,-0.130587,-0.133414,-0.133126,-0.00468779,0.0038804],[-0.00190738,0.00237887,-0.00316038,-0.00539753,-0.00511849,-0.00616814,-0.00107911,-0.00176607,0.000925847,0.0488052,0.000916571,-0.174477,-5.35984e-06,0.000203506,0.0633373,0.110507,-0.00322205,-0.00337973,-0.0002999],[-0.0145394,0.00109184,-0.0425454,-0.0332877,0.0439182,0.141593,-0.0293744,-0.0029596,0.00889486,0.0413874,0.00897689,-0.298325,0.00301088,0.00296525,-0.159493,-0.309439,-0.0949778,-0.0131469,0.00452127],[0.000639026,3.50631e-05,0.00062007,0.000955143,0.00115552,0.00164931,-0.000134841,-0.000210261,7.85498e-05,-0.00118098,7.73873e-05,0.0293262,4.7617e-05,4.60686e-05,-0.000593143,-0.000142765,-0.000210908,0.000792712,0.000250009],[0.0272826,0.0164491,-0.0472959,-0.0167457,0.103916,0.18539,-0.0159291,-0.000768371,0.00814619,0.0160191,0.00834894,-0.215753,0.00314081,0.00318834,-0.0325911,-0.0992155,-0.0356661,-0.0160679,0.00362015],[0.00884977,0.0206011,-0.0610299,-0.0157459,0.0940022,0.0487936,-0.0158,-0.00575553,0.00805477,0.00809246,0.00805641,-0.36384,-0.0012196,-0.00102352,-0.145487,-0.147441,-0.0702404,-0.0324199,0.00329893],[0.000651093,2.61171e-05,0.00156873,0.00343294,0.00189879,0.00426959,-0.000129937,0.000341317,-0.000211222,0.010535,-0.000237381,-0.0169902,0.000117936,0.000124467,0.0406303,0.0466919,-0.00303596,0.000295511,-0.000421284],[-0.00019493,0.0010063,0.00121119,-0.00454587,-0.000146297,-0.00250138,-0.000109897,-0.000989224,-0.00037755,0.0214254,-0.000385956,0.00539278,-0.000400244,-0.000543081,0.0625914,0.0985301,0.00187624,0.00186725,0.000252434],[0.00335188,-0.000219784,-0.0191716,0.00771628,-0.00401767,0.0240141,0.00118031,0.00135077,0.00257744,-0.00766632,0.00265408,0.0846444,0.0027285,0.00132017,0.0426683,0.000374438,0.0109837,0.0113048,0.000386541],[0.0224038,-0.00446351,-0.00369666,-0.0257672,0.0664215,0.0330287,-0.00371188,-0.00475377,0.00269298,0.0121763,0.00285062,0.793534,0.00215263,0.00386034,-0.0825771,0.077957,0.00157501,0.0191984,0.00635117],[-0.0701575,0.00112777,-0.0547948,0.325335,-0.0740978,0.442378,-0.0854977,-0.0508292,0.0232629,0.097938,0.0233959,-0.134695,0.00455275,0.000184775,0.550418,0.165131,-0.157653,-0.157586,0.0762097],[-0.0202382,0.00445369,-0.0543532,-0.0627503,-0.0167489,0.0120937,0.00137671,-0.00294293,0.00477446,0.0256311,0.00484502,-0.188253,-0.00272238,-0.00127835,-0.150375,0.0210747,-0.0104409,-0.015852,0.00250406],[-0.0138136,-0.007627,-0.0282259,-0.0722643,-0.0179238,-0.0623286,0.00290182,-0.00202611,-4.37962e-05,0.0126908,-0.000133517,-0.0477316,0.000820916,0.000830086,-0.0224138,-0.0144612,-0.0197837,5.73696e-05,-0.00140992],[-0.0032151,0.00206665,-0.00516708,0.00319,-0.00440441,-0.00462154,-0.000715714,-0.000475826,-6.75653e-05,-0.00562384,-5.0537e-05,-0.0584836,-0.00100248,-0.000409501,-0.017189,-3.74193e-06,0.000553351,-0.00559218,6.64129e-05],[-0.000151924,-0.000730127,-0.0101005,-0.0181152,0.00310153,0.0055664,4.68946e-05,-5.35449e-06,0.000257241,-0.00025056,0.000264165,-0.0341553,-0.000569296,-0.000167039,-0.00690883,0.0069615,0.000652548,-0.00231539,-0.000186761],[-0.000532618,0.00129854,0.00513942,-0.00135446,-0.00989336,-0.00423486,0.000535534,-0.000559804,0.000656111,0.00507468,0.000653762,-0.0189518,0.000367217,0.000567287,-0.0163212,-0.00228127,0.00396419,-0.00376655,0.00046806],[0.00031594,-0.00124327,-0.00371566,-0.00150979,0.00895386,-0.010348,0.000313705,-0.000421945,0.000183705,0.00189164,0.000189573,-0.0241041,-0.000135108,6.66964e-05,-0.0109855,-0.000273905,-0.00251993,-0.00114327,-0.000148106],[-0.00217104,0.0114052,-0.00928556,0.0116053,0.00103785,0.150078,-0.00827396,0.00662046,0.00105532,-0.0072056,0.00101838,0.0279715,-0.000217621,-0.000979917,0.0201775,-0.010777,0.0383339,0.00296808,0.000868425],[0.0262169,0.039629,0.0368656,0.0155328,0.0810943,0.178658,0.0037841,0.0376545,0.0187409,0.150632,0.0186342,0.291165,0.00661267,0.0064346,-0.0741626,-0.0759817,-0.0021143,0.0360859,0.00809887],[-0.00763763,-0.0136961,0.0256426,0.00482764,0.00663707,-0.0588762,-0.00815216,-0.00283797,-0.0023385,0.0418382,-0.00239659,-0.289024,-0.00219214,-0.000542319,-0.0919206,-0.100494,-0.0583144,-0.0125992,-0.00205483],[-0.00241007,-0.000648689,0.00238496,-0.00160018,-0.00818185,-0.0123896,0.00162802,-0.000434696,3.33927e-05,0.0153283,4.97783e-05,-0.043381,2.40661e-05,-0.000307739,0.0355276,0.041019,-0.00142611,0.000613376,-0.000337946],[-0.00337495,0.00602734,0.0137924,0.0132108,0.00263053,0.0235438,-0.0111858,-0.00132175,-0.00164296,0.00524917,-0.00144985,-0.244513,-0.000824552,0.000897123,-0.109761,-0.152235,-0.0755907,-0.0104153,-0.000542261],[0.000184013,4.08e-05,0.000364101,0.000234133,0.0006624,0.000269081,-0.000200397,-0.000101455,1.70215e-05,-0.000675065,1.59913e-05,0.00923024,-1.97396e-05,-1.55984e-06,-0.000634734,-0.000631323,-0.000519001,0.000174349,8.66087e-05],[0.00071777,0.000758868,0.0175509,-0.0391932,0.00847915,-0.00474089,-0.00661832,-0.00316102,0.00144413,0.0103844,0.00145189,-0.0102089,-0.00126397,-0.00195425,0.00181281,-0.038599,-0.0314162,-0.0016571,0.00135624],[-0.00505159,0.00743138,-0.00240653,-0.0493704,-0.0201355,0.0160737,-0.00276467,-0.00202587,0.00230129,0.0130719,0.0021539,-0.12624,-0.00210378,-0.00292981,-0.0483741,-0.0262429,-0.0236756,-0.00498068,0.000674964],[0.000848379,8.24805e-05,0.00115961,-0.00037477,0.00295189,0.00180427,-0.000431135,-0.000127773,-3.22918e-05,0.00559945,-2.46729e-05,-0.00932419,8.78289e-05,0.000123277,0.0143598,0.0189485,-0.00183658,-0.000137909,9.11813e-06],[0.000110362,-4.3792e-06,0.00145159,-0.00256698,-0.000766207,0.000529237,0.000471097,-0.00034434,-0.000118988,0.0115419,-0.000102406,0.00750745,-6.95418e-05,-0.00011562,0.030742,0.0482946,0.00076699,0.00191857,0.000110512],[0.00281607,-0.00189894,-0.00904699,0.000146576,0.00542179,0.025065,-0.00035928,0.000502549,0.000658105,-0.00386137,0.000651783,0.0606471,0.000926203,0.000685257,-0.000807904,-0.0084053,-0.000652107,0.00546905,-6.04505e-05],[0.00471203,-0.000464639,-0.0103035,-0.0332211,0.0459264,-0.0206923,-0.00198543,-0.00347594,0.00218448,0.000420787,0.00215172,0.321218,-0.000640345,0.000101627,-0.0883228,-0.00138927,-0.0100507,0.00758068,0.00572108],[-0.0612853,-0.0181184,-0.0910515,-0.291373,0.0680506,0.0323883,-0.0696983,-0.0225583,-0.00534825,0.0217978,-0.00574444,-2.34341,-0.0102631,-0.00319294,0.242736,-0.168665,-0.220022,-0.215076,0.0103645]],"sigmahat":[[1.50082,0.14865,1.0805,1.66222,2.61207,1.28888,-0.0761681,0.0172421,0.00414962,0.551364,0.0037708,3.56578,0.0519776,0.0902697,0.133108,0.955569,-0.157656,0.594772,0.0112047],[0.14865,1.8065,-0.00135787,-0.124954,-0.169546,1.91615,-0.296062,-0.104028,0.0712918,0.919903,0.0714063,-5.61375,-0.015694,0.000568075,-1.02249,0.0999233,-0.0861758,-0.172286,0.0897311],[1.0805,-0.00135787,10.07,5.48312,-0.210995,0.81061,0.10488,-0.180207,-0.0157542,1.90168,-0.0160937,3.75913,0.105913,0.0498739,0.634159,-3.08204,-0.810945,0.940956,0.244918],[1.66222,-0.124954,5.48312,25.4997,-0.608987,3.57349,0.134855,0.0555633,-0.021056,-0.497631,-0.0213752,14.341,0.306565,0.237189,7.29022,1.47474,0.212986,0.892597,0.235981],[2.61207,-0.169546,-0.210995,-0.608987,12.6023,2.64127,-1.09276,-0.164541,0.159793,1.12058,0.158937,11.813,-0.0211736,0.146317,-6.20439,-4.52418,-2.95072,0.320223,0.130727],[1.28888,1.91615,0.81061,3.57349,2.64127,32.3837,-1.74488,-0.321351,0.330238,0.819006,0.329816,11.6157,0.202484,0.218693,-4.73729,-9.2032,0.85688,0.14474,0.475976],[-0.0761681,-0.296062,0.10488,0.134855,-1.09276,-1.74488,0.661965,0.109032,-0.0897722,-0.276492,-0.0899162,-0.343211,-0.0070066,-0.0314317,1.96052,2.85249,1.14762,0.238798,-0.0977416],[0.0172421,-0.104028,-0.180207,0.0555633,-0.164541,-0.321351,0.109032,1.05161,-0.117737,-7.50555,-0.116067,-0.679652,-0.0503837,-0.063122,-17.864,-29.8579,0.559319,0.201382,-0.607287],[0.00414962,0.0712918,-0.0157542,-0.021056,0.159793,0.330238,-0.0897722,-0.117737,0.0839917,0.553455,0.0840544,0.0462976,0.0249546,0.0323674,-0.325022,0.307409,-0.222596,-0.15414,0.120409],[0.551364,0.919903,1.90168,-0.497631,1.12058,0.819006,-0.276492,-7.50555,0.553455,126.932,0.53556,-96.0908,0.368656,0.358103,318.146,489.692,-7.25244,2.13973,3.5955],[0.0037708,0.0714063,-0.0160937,-0.0213752,0.158937,0.329816,-0.0899162,-0.116067,0.0840544,0.53556,0.0841287,0.0598577,0.0250195,0.0323935,-0.387945,0.218657,-0.220138,-0.154099,0.119252],[3.56578,-5.61375,3.75913,14.341,11.813,11.6157,-0.343211,-0.679652,0.0462976,-96.0908,0.0598577,784.771,1.3093,0.40305,-147.183,-222.346,10.325,18.2026,4.72165],[0.0519776,-0.015694,0.105913,0.306565,-0.0211736,0.202484,-0.0070066,-0.0503837,0.0249546,0.368656,0.0250195,1.3093,0.0535466,0.0443104,0.686108,0.820308,0.0228658,0.0132032,0.0478271],[0.0902697,0.000568075,0.0498739,0.237189,0.146317,0.218693,-0.0314317,-0.063122,0.0323674,0.358103,0.0323935,0.40305,0.0443104,0.0560025,-0.319787,0.212039,-0.141227,-0.02163,0.050448],[0.133108,-1.02249,0.634159,7.29022,-6.20439,-4.73729,1.96052,-17.864,-0.325022,318.146,-0.387945,-147.183,0.686108,-0.319787,951.85,1374.64,-11.6594,9.68586,9.00441],[0.955569,0.0999233,-3.08204,1.47474,-4.52418,-9.2032,2.85249,-29.8579,0.307409,489.692,0.218657,-222.346,0.820308,0.212039,1374.64,2076.86,-20.5729,14.0492,14.6217],[-0.157656,-0.0861758,-0.810945,0.212986,-2.95072,0.85688,1.14762,0.559319,-0.222596,-7.25244,-0.220138,10.325,0.0228658,-0.141227,-11.6594,-20.5729,11.5743,0.454413,-0.410872],[0.594772,-0.172286,0.940956,0.892597,0.320223,0.14474,0.238798,0.201382,-0.15414,2.13973,-0.154099,18.2026,0.0132032,-0.02163,9.68586,14.0492,0.454413,2.06766,-0.198128],[0.0112047,0.0897311,0.244918,0.235981,0.130727,0.475976,-0.0977416,-0.607287,0.120409,3.5955,0.119252,4.72165,0.0478271,0.050448,9.00441,14.6217,-0.410872,-0.198128,0.565255]],"n":19,"lags":3}