{"betahat":[[-0.694117,0.487569,-4.05684,4.13646,-6.83838,-8.16916,2.03197,0.846669,-0.462224,-4.67927,12.9233,-0.05412,-0.261311,9.14071,0.991567,2.17858,0.200693],[0.855675,0.366092,0.57369,0.0859691,0.159184,0.159453,0.0183892,-0.0154264,0.01153,0.132371,0.30772,0.0213993,0.0148974,-0.0137493,0.339334,0.160241,0.00381803],[-0.0437165,0.61744,0.296269,0.493201,0.370055,0.528926,-0.0360688,0.0117456,-0.00276115,0.096472,-0.190662,-0.0361174,-0.0232403,-0.401543,-0.0441686,0.0417282,-0.0166751],[0.045669,0.111142,0.710197,0.136828,-0.0388605,0.258831,0.000584824,-0.000768103,0.000792068,-0.00524333,-0.0369623,-0.00323642,-0.00277058,0.167288,0.0146904,0.00661394,0.00610096],[-0.0310111,-0.0621339,-0.00594034,0.603324,-0.0714274,-0.0284274,0.0121834,0.0038389,-0.00193627,-0.0378832,0.226584,0.00315328,-0.00372829,0.0351205,-0.04138,0.00925393,-0.00398099],[0.0572853,-0.090188,0.0950457,0.341606,0.876083,0.0844892,0.0124859,0.00331673,-0.000938558,0.0257045,0.67028,0.0181273,0.0185248,0.0166824,-0.121621,0.0573871,0.0015255],[0.00928256,-0.0190662,0.0690614,-0.158614,0.0751495,0.49368,0.00805666,-0.00543982,-0.00353373,0.0142727,-0.331117,-0.00708892,-0.000124924,-0.0654805,-0.0460669,-0.0275355,0.00160409],[0.325415,-0.110542,-0.0470148,0.78422,0.85383,-0.957071,0.954644,0.00214471,0.028223,0.0816819,1.32712,-0.00262555,0.00582205,0.36807,0.00910744,0.00907991,0.0176859],[0.0809904,-0.481472,-1.48886,1.42717,-0.298196,-2.99586,-0.233409,0.736204,-0.101732,-0.111713,5.43408,0.149265,0.0867898,0.880619,1.00952,-0.678528,0.0464196],[-1.11378,-0.322693,1.41519,0.49425,-2.90295,3.19384,-0.217875,-0.192052,1.21462,0.25946,1.08231,0.21093,0.127195,1.07035,-0.243897,0.204622,0.151898],[0.116524,0.0825082,-0.0057627,-0.394934,0.0433503,-0.0289792,-0.0554388,-0.0169587,0.0145121,1.20936,-1.65845,0.00873357,0.0272459,-0.449563,-0.012745,-0.0413902,0.0002259],[-0.00495935,-0.0165006,0.0144058,-0.0340776,0.0301195,0.0695175,0.000722474,0.00397884,0.00105365,0.0214422,0.856464,-0.00118506,-0.000264591,-0.0569174,-0.0111301,0.00554571,0.00222483],[-0.286254,-0.180171,-1.05435,1.65345,0.534453,-1.44336,-0.352924,-0.0578074,0.1549,-0.907998,0.218064,0.924218,-0.0441279,-0.138396,0.64067,-0.686844,0.0508162],[0.206347,0.302305,-0.72133,3.42346,1.32268,-2.1347,0.161807,0.00478774,0.0851077,0.333462,-6.79729,0.0461925,1.11239,-1.08145,0.608099,-0.0991597,0.0742372],[0.0390225,0.0270598,-0.0182477,0.403874,-0.042798,0.287488,0.0101597,0.00470505,-0.0108748,-0.0107581,-0.433097,0.0105486,0.00882016,0.971958,0.0419269,-0.00448514,0.00181738],[0.119755,0.114073,-0.413711,-0.617,0.805909,0.38979,-0.0928588,-0.0582487,0.00867711,0.107191,-0.166938,-0.00784496,0.0108649,-0.421089,0.447944,-0.10517,-0.00225393],[-0.121458,-0.200975,0.458178,0.493191,-0.266183,0.139504,0.052257,-0.0387669,0.0182301,0.147734,0.721198,0.0418474,0.0467851,-0.227865,-0.191471,0.487214,-0.0140209],[-0.133031,1.41255,3.09686,3.19419,-1.33355,-3.01281,0.52156,0.110635,-0.104471,-0.801462,12.4552,0.0818266,-0.12921,4.11298,0.302067,0.507814,1.01473],[0.161295,-0.137218,-0.322772,-0.305301,-0.202006,0.434372,-0.00652748,0.00198273,-0.0168433,-0.192399,-0.447855,-0.0333801,-0.0208906,-0.124095,-0.34146,-0.177934,-0.00746166],[0.033527,0.151597,0.0105393,0.406485,-0.425307,-0.0660468,0.0335873,-0.00389507,-5.19289e-05,-0.0750611,-0.265664,0.0234314,0.0132026,0.165066,0.0221602,-0.0245292,0.0158474],[-0.0170702,-0.138552,0.146309,-0.0741625,0.0115424,-0.163009,0.021102,-0.00127623,0.00572538,0.00540896,-0.0825278,0.00759475,0.0153201,-0.270555,-0.062328,-0.00848727,-0.00868156],[0.0147158,0.0413646,0.0515243,0.26783,0.0042738,0.0635809,0.00311741,-0.00199285,0.00119943,0.0118193,-0.0251203,0.000807882,0.00544113,0.00853825,0.0493415,0.0133277,0.00182672],[-0.0422458,0.0849598,-0.23264,-0.358493,0.0239315,-0.0938621,-0.00812571,0.000978434,0.00353532,-0.0632351,-0.445047,-0.014846,-0.0125974,-0.047737,0.0661518,-0.0439309,-0.001763],[-0.00210886,0.02895,-0.0188278,0.111683,-0.10329,0.388773,-0.00995222,0.000931389,0.00132321,0.0138242,0.169431,0.00792289,0.00611501,-0.00843634,-0.01432,0.0411521,-0.000582942],[-0.0476275,0.108475,-0.358849,-0.955624,-0.169785,0.144434,0.0417098,-0.00378164,-0.0212708,0.0566913,-1.34335,-0.0149908,-0.0113685,-0.103516,-0.0576385,0.0270947,-0.00474312],[0.0827902,-0.0326333,1.66169,-0.0353525,1.37546,5.2992,-0.0746789,0.0715255,-0.0162022,-0.230272,0.904487,-0.13643,-0.102207,-0.242874,-0.400743,0.851209,-0.0621858],[0.251717,-0.184519,-0.93838,-0.88852,1.40163,-1.42686,0.032055,0.0652739,-0.167531,0.0192426,2.61486,-0.0307765,-0.0190474,-0.28886,0.226839,0.0100931,-0.0746517],[0.0295265,0.0570804,-0.217922,0.453846,0.169395,0.607066,-0.00608086,-0.00206605,-0.0113248,-0.294428,0.699796,-0.00783648,-0.0166582,0.384142,0.0111996,0.0150201,-0.00188827],[0.00844881,0.0275163,0.0201052,0.0829291,-0.0153847,0.0283782,-0.00648608,-0.00246655,-0.00023946,-0.00124755,0.0840308,0.00139861,-0.000283038,0.0540772,0.00816023,-0.0138077,-0.00117246],[0.581386,0.0161363,-0.832167,-2.8339,0.340146,4.13716,0.132455,0.114035,-0.0706455,0.34485,-4.29697,-0.0943221,-0.037252,-1.06761,-0.636422,0.125698,-0.0621058],[0.0289449,-0.0178456,-1.14449,-3.51146,-0.0798301,0.54683,0.0835702,0.026529,-0.0756857,-0.66123,1.85325,-0.120742,-0.195871,0.570632,-0.397857,-0.249203,-0.0599296],[-0.019956,-0.00533233,0.0852809,-0.172907,0.0242421,-0.0451459,-0.0140901,0.00529483,0.00443236,-0.00291427,0.385076,-0.0111361,-0.00584829,0.000886101,-0.0411039,0.0161507,-0.00341382],[0.126073,0.0173073,0.276889,0.750167,-0.00608317,0.132768,0.0155961,0.00181345,0.0036284,-0.0998894,0.799426,0.0342076,0.0158347,0.343807,0.116012,0.138181,0.0219992],[0.214144,0.186697,0.0209157,-0.655023,0.363363,0.0430125,-0.0226643,-0.0359095,0.0303997,0.154975,-0.661229,0.00882218,0.00849212,-0.409585,0.219537,-0.0318309,0.0325182],[-0.166616,0.00763894,-1.58409,4.03352,-0.439625,1.01543,-0.627634,-0.0572456,0.134574,1.0645,-7.58998,-0.112843,0.0534193,-2.84011,0.327137,-0.752901,-0.0268344],[-0.0170145,-0.228922,-0.250926,0.218988,0.0429194,-0.59386,-0.0119134,0.0134334,0.00532228,0.0601059,0.140417,0.0119902,0.0060021,0.137707,0.00212839,0.0177292,0.00363193],[0.0101682,0.230759,-0.306734,-0.900082,0.0555118,-0.463037,0.00239348,-0.00786372,0.00282936,-0.0212957,0.457167,0.0127017,0.0100535,0.236307,0.021972,-0.017094,0.000800703],[-0.0286295,0.0273854,0.143216,-0.0633164,0.0274719,-0.0959718,-0.0216893,0.00204039,-0.00651404,-4.17913e-05,0.118896,-0.00434347,-0.0125293,0.103004,0.0476467,0.00187979,0.00257006],[0.0162132,0.0207406,-0.045691,0.127429,0.0672266,-0.0351502,-0.0153297,-0.00184634,0.000737994,0.0263221,-0.202146,-0.00395981,-0.00170362,-0.0441401,-0.00799517,-0.0225762,0.00213514],[-0.0151629,0.0052715,0.13753,0.0167832,0.0997432,0.00949484,-0.00441984,-0.00430606,-0.00258826,0.0375487,-0.225021,-0.00327286,-0.0059231,0.0310185,0.0554542,-0.0134792,0.000233281],[-0.00721467,-0.00985615,-0.0503004,0.0465285,0.0281457,0.116817,0.00195454,0.00450327,0.00219758,-0.0280384,0.160392,-0.000832927,-0.0059845,0.0737505,0.0602914,-0.013632,-0.00102618],[-0.277293,0.0016775,0.407562,0.16988,-0.682304,0.810985,0.0033708,0.00159304,-0.0068583,-0.137783,0.0210297,0.0176802,0.00557738,-0.263885,0.0489851,-0.0358345,-0.012975],[-0.214893,0.50506,-0.0915457,-1.08213,-1.12509,-2.21259,0.215554,0.163183,0.142588,0.5421,-5.75587,-0.0274044,0.012965,-1.0804,-0.693853,-0.20815,0.0104947],[0.786722,-0.0271749,0.0149985,0.671655,1.71276,-1.16879,0.126513,0.0349304,-0.096054,-0.377035,0.688492,-0.0732875,-0.0364746,-0.232348,-0.173719,0.104835,-0.0573063],[-0.146011,-0.140738,0.22412,-0.0587228,-0.212178,-0.579901,0.0615032,0.0189793,-0.0031048,0.0848887,0.96318,-0.00082008,-0.0105422,0.0660483,0.00143005,0.0268281,0.00157709],[-0.00162307,-0.00959604,-0.026999,-0.0384433,-0.0156214,-0.087966,0.00609516,-0.00165486,-0.000849081,-0.0196065,0.0418731,-0.000215462,0.000670894,0.0050214,0.00221404,0.00843644,-0.000873812],[0.193504,0.173344,1.66545,1.22799,-0.125565,-1.42632,0.0670946,-0.0556242,-0.0665577,0.265324,-0.554992,-0.0240567,-0.026521,0.439441,0.0737787,0.156293,0.0020566],[-0.263618,-0.0250575,1.35397,-0.310526,-1.38194,1.21036,-0.171416,-0.0219529,-0.0218865,0.0818915,3.30184,0.0206898,0.0181434,0.587659,-0.0904721,0.13153,0.0114599],[-0.0178388,-0.0239854,-0.0643876,-0.233985,0.0237749,-0.241833,0.00322803,-0.0101722,0.00657195,0.0160841,0.0539004,0.000790713,-0.00267415,0.023578,-0.00107082,-0.0102307,0.00130313],[0.140882,-0.0666088,0.212167,-0.337651,0.168561,-0.0901082,-0.0104481,0.00621305,0.0120867,0.0933646,0.022158,0.0261978,0.0255936,-0.223702,0.0631008,-0.0175794,0.00268133],[0.0166335,-0.00425036,-0.0704613,-0.238484,0.301618,0.486488,0.0247981,0.002354,0.0215249,-0.0226485,-0.0749479,0.00151167,-0.00887748,-0.069112,0.077318,0.146776,0.0166889],[-0.424,-0.631542,-1.8408,-8.3702,0.802264,1.33132,0.0669578,-0.0361509,-0.0148432,0.577765,-7.21581,0.0669538,0.0884253,-1.00854,-0.435324,-0.172989,-0.0779966]],"sigmahat":[[0.965965,-0.152928,0.731866,1.54058,1.66969,0.594045,0.00331093,0.00831792,0.00138893,-0.115641,0.837355,-0.012111,0.00308348,0.582972,0.208634,0.122122,0.0168481],[-0.152928,1.37059,-0.911729,-0.553278,-0.187923,0.500878,-0.248817,-0.0157361,-0.00381802,0.0852207,-3.11716,-0.0577729,-0.0504903,-0.428694,-0.0592848,-0.347289,0.030139],[0.731866,-0.911729,8.71784,4.79901,0.139473,-0.660509,0.0921332,-0.0286823,-0.00981735,0.670674,3.01215,0.138342,0.0262957,3.20996,0.232771,0.657956,0.0205426],[1.54058,-0.553278,4.79901,25.003,-0.475085,2.59811,0.0992706,-0.0434719,-0.00520011,-0.0842492,2.80256,0.152032,0.140727,4.33442,0.503251,0.387061,0.07755],[1.66969,-0.187923,0.139473,-0.475085,7.23029,-0.329269,-0.229124,-0.0451581,0.0181476,0.135209,-0.0691878,-0.119522,-0.0832031,-0.600944,0.6068,-0.13237,0.00488537],[0.594045,0.500878,-0.660509,2.59811,-0.329269,26.9807,-0.965988,0.0538432,-0.0352997,-0.101783,5.20142,0.0712664,0.146433,-1.52807,0.613102,-0.375069,0.0633393],[0.00331093,-0.248817,0.0921332,0.0992706,-0.229124,-0.965988,0.385412,0.0163974,-0.0242757,-0.259972,-0.0377456,0.012467,0.00231674,0.33269,0.0482824,0.155727,-0.0117178],[0.00831792,-0.0157361,-0.0286823,-0.0434719,-0.0451581,0.0538432,0.0163974,0.0324972,-0.00575496,-0.0207809,-0.206525,-0.013132,-0.0129168,0.125547,0.0333808,0.0203199,-0.00491171],[0.00138893,-0.00381802,-0.00981735,-0.00520011,0.0181476,-0.0352997,-0.0242757,-0.00575496,0.0195303,0.0437348,0.1134,0.00712396,0.0069799,-0.0605719,0.0177883,-0.0207938,0.00380477],[-0.115641,0.0852207,0.670674,-0.0842492,0.135209,-0.101783,-0.259972,-0.0207809,0.0437348,1.3996,-1.96314,0.0598085,0.0819255,-1.35368,-0.0893538,-0.142623,0.0167026],[0.837355,-3.11716,3.01215,2.80256,-0.0691878,5.20142,-0.0377456,-0.206525,0.1134,-1.96314,64.9034,0.605114,0.240909,9.18673,2.50272,2.83382,-0.0528776],[-0.012111,-0.0577729,0.138342,0.152032,-0.119522,0.0712664,0.012467,-0.013132,0.00712396,0.0598085,0.605114,0.0429348,0.032346,0.0596579,0.0150998,0.0430056,0.00759654],[0.00308348,-0.0504903,0.0262957,0.140727,-0.0832031,0.146433,0.00231674,-0.0129168,0.0069799,0.0819255,0.240909,0.032346,0.0383314,-0.150754,-0.0278199,0.0243794,0.00700745],[0.582972,-0.428694,3.20996,4.33442,-0.600944,-1.52807,0.33269,0.125547,-0.0605719,-1.35368,9.18673,0.0596579,-0.150754,8.14668,1.10451,0.845465,-0.021282],[0.208634,-0.0592848,0.232771,0.503251,0.6068,0.613102,0.0482824,0.0333808,0.0177883,-0.0893538,2.50272,0.0150998,-0.0278199,1.10451,1.13803,0.0458512,0.0200775],[0.122122,-0.347289,0.657956,0.387061,-0.13237,-0.375069,0.155727,0.0203199,-0.0207938,-0.142623,2.83382,0.0430056,0.0243794,0.845465,0.0458512,0.619962,-0.0160122],[0.0168481,0.030139,0.0205426,0.07755,0.00488537,0.0633393,-0.0117178,-0.00491171,0.00380477,0.0167026,-0.0528776,0.00759654,0.00700745,-0.021282,0.0200775,-0.0160122,0.0139332]],"n":17,"lags":3}