{"betahat":[[1.35411,1.51973,-0.650336,2.14526,-1.47852,-1.40724,0.866231,0.334746,0.0100468,-1.22399,0.0198123,14.5338,0.202307,-0.0139642,6.10307,3.34527,1.27653,0.181747],[0.90571,0.285813,0.495373,0.0193486,0.0948093,-0.244574,0.0698664,-0.00394694,0.0130213,0.0884869,0.0127423,0.327861,0.0130931,0.00890394,0.0991859,0.385008,0.130626,0.00100961],[-0.0660237,0.671645,0.264192,0.504637,0.239017,0.24345,-0.0171084,0.014822,-7.53269e-05,0.0736674,7.53322e-05,-0.098201,-0.0348496,-0.0254959,-0.267914,-0.0456563,0.0237056,-0.0143367],[0.056793,0.103581,0.777002,0.133417,-0.0443572,0.226527,0.00328055,-0.00301828,0.00293111,0.000172092,0.00315195,-0.00180436,-0.000279057,-0.000501616,0.146944,0.0268783,-0.0014073,0.0080297],[-0.0223298,-0.0467271,-0.00958497,0.62975,-0.041619,0.0314732,0.00437203,0.00185597,-0.00146731,-0.0333125,-0.0014909,0.189282,0.00301511,-0.00321186,0.0103456,-0.0515387,0.00342428,-0.00294675],[0.078537,-0.0539651,0.121744,0.342668,0.944557,0.31295,0.00420462,-0.00380517,0.00553271,0.0248234,0.00554938,0.860674,0.0242407,0.0217428,0.0326857,0.0264965,0.0716534,0.00675785],[0.0196632,-0.0159692,0.0789896,-0.114025,0.0750427,0.558556,0.0105437,-0.00467276,-5.5955e-05,0.00463472,-6.47548e-06,-0.123246,-0.00399352,-0.000310441,0.00193235,-0.0209943,-0.0242363,0.00393015],[0.348676,-0.0629899,-0.0851188,0.803388,0.682666,-0.41218,0.982392,0.00604843,0.0169475,-0.0110567,0.0170812,1.14154,-0.0106889,-0.0051364,0.307536,-0.388422,-0.0160486,0.0179759],[0.0697736,-0.397605,-1.32684,0.7924,0.0834818,-3.34762,-0.27532,0.771523,-0.149561,-0.00652284,-0.149111,2.65071,0.0722521,0.0452916,0.269231,-0.0729793,-0.784939,-0.0133041],[-0.496267,-0.116191,0.613033,-0.295439,-1.60856,2.06775,-0.0450556,-0.0978585,1.16607,0.266393,0.165257,-1.18044,0.11313,0.087336,0.49092,0.94342,-0.0213676,0.0777476],[0.0301776,0.0762912,-0.0807564,-0.344585,-0.0863572,-0.105629,-0.0412415,-0.0139894,0.00956984,1.1846,0.00958264,-1.40036,0.00687027,0.0214754,-0.349614,-0.132404,-0.0184768,-0.00452869],[-0.477705,-0.140099,0.652457,-0.310953,-1.67123,1.68886,-0.0304307,-0.101329,0.170047,0.198911,1.171,-1.06412,0.119216,0.0824187,0.776849,0.795131,-0.0414355,0.0918917],[0.00107812,-0.0106046,0.00776707,-0.0311227,0.029167,0.0469448,0.000304158,0.0023488,0.00207265,0.0195138,0.0020782,0.883493,4.65162e-05,0.000922434,-0.0399643,0.00630232,0.000267901,0.00215724],[-0.300995,-0.125754,-0.952172,1.45089,0.523988,-2.17198,-0.114016,-0.0265287,0.130924,-0.634494,0.130177,0.67987,0.996407,0.0197022,0.147402,1.01503,-0.565345,0.0346534],[0.230263,0.164468,-0.17183,2.38267,1.30028,-1.30036,0.0346686,-0.00180074,0.106464,0.43797,0.107451,-4.65532,0.06709,1.11643,-1.20307,0.80082,-0.25679,0.055473],[0.0173065,0.0134394,-0.0685434,0.247915,-0.035634,0.267645,0.0258768,0.00517653,-0.011025,-0.0130581,-0.0110438,-0.397291,0.00782513,0.00828856,0.978435,0.109348,0.0122632,-0.00263594],[0.0190397,0.0396425,-0.235774,-0.29624,0.0754046,0.0608538,-0.039271,-0.00829987,0.00435439,0.00579341,0.00434986,0.609171,0.00935207,0.000614824,0.146811,0.499843,-0.0126149,-0.0006556],[-0.167654,-0.247325,0.400156,0.829213,-0.312886,-0.0243825,-0.00517615,-0.0169439,-0.00312365,0.100056,-0.00332488,0.377677,0.0285327,0.0364594,-0.408097,-0.822492,0.610373,-0.0208569],[0.528978,1.08681,3.09015,3.06408,-0.452756,-1.42281,0.565115,0.0708429,-0.0590947,-0.836433,-0.0610179,10.2641,0.12379,-0.0264245,2.62755,1.39422,0.49788,1.05294],[0.15108,-0.0764224,-0.316177,-0.279833,0.0283777,0.742702,-0.0483005,-0.0141839,-0.0191913,-0.100897,-0.0192042,-1.24212,-0.0428323,-0.0164627,-0.445101,-0.278762,-0.189479,-0.0088885],[0.0652815,0.131069,-0.002116,0.286865,-0.294009,-0.0597314,0.0288885,-0.00427517,-0.00524362,-0.0484649,-0.00510765,-0.672432,0.0161014,0.0151769,0.0401504,0.044436,-0.0358291,0.00939777],[-0.0241486,-0.121075,0.135395,-0.055774,0.0292961,-0.134297,0.0123173,-0.000499161,0.00276061,0.0132867,0.00257437,-0.178469,0.00467189,0.0127269,-0.26479,-0.081724,-0.00238326,-0.00911266],[0.00942371,0.0333069,0.0582602,0.277916,-0.0267248,0.0397877,0.00461303,-0.000615101,0.00261835,0.00319116,0.00263061,0.0967511,0.00268494,0.00462747,0.0489718,0.0438319,0.0133697,0.00320416],[-0.0503732,0.0519165,-0.202864,-0.323855,-0.0522461,-0.304581,0.00460274,0.00744195,-0.000695063,-0.0712337,-0.000637645,-0.449217,-0.0155818,-0.0141433,-0.00874198,-0.024252,-0.0447719,-0.0031083],[-0.000661034,0.0234914,-0.0292778,0.0801965,-0.0918268,0.317164,-0.00827359,0.00203872,-0.00132523,0.0191958,-0.00136059,-0.0157047,0.00519613,0.00603734,-0.0461999,-0.0167988,0.0382141,-0.00318165],[-0.0963997,0.0434278,-0.32091,-1.00108,0.013088,-0.224431,0.0231298,-0.00654172,-0.0155814,0.083106,-0.0151906,-1.14639,-0.0120895,-0.0117018,-0.03833,0.10473,-0.00417218,-0.00507164],[0.0898705,0.0910631,1.31897,0.405195,1.29425,5.85863,-0.0867513,0.0483993,0.0326949,-0.290849,0.0333475,1.94391,-0.0767292,-0.0689146,0.148652,0.178097,0.850098,0.00120766],[0.0980412,-0.0401735,-0.547026,-0.389656,0.843843,-0.767542,0.00241015,0.0556996,-0.148403,-0.100913,-0.147825,2.72773,-0.0691428,-0.0734042,-0.260056,-0.45812,0.0967082,-0.0520976],[0.0693881,0.0358922,-0.159858,0.4447,0.251721,0.40161,-0.00310234,-0.00408895,-0.00994521,-0.271127,-0.0100565,0.415463,-0.00859122,-0.0122416,0.287817,0.0226163,0.0159344,-0.000203907],[0.0777346,0.0101949,-0.573883,-0.244777,0.875244,-0.553278,-0.0167221,0.0507759,-0.143792,-0.102938,-0.143235,3.13692,-0.0680198,-0.0697817,-0.345408,-0.375336,0.126888,-0.0617587],[0.00555448,0.0138125,0.0134419,0.0444114,-0.0245778,0.0108069,0.00341714,-0.000330496,-0.00125913,-0.00627222,-0.00127489,0.10946,0.000378612,-0.000833313,0.0389794,0.032636,0.00014873,-0.00169936],[0.523036,0.0795509,-0.559651,-2.06681,0.476028,4.01912,0.0356409,0.0582781,-0.073155,0.346883,-0.0719882,-2.6257,-0.0839135,-0.0490561,-1.19633,-0.852008,0.234255,-0.0532985],[0.135795,0.095062,-1.17427,-2.54615,0.39353,1.21645,-0.0403665,-0.00463812,-0.0648046,-0.623567,-0.0649277,1.63119,-0.132475,-0.190397,0.598018,-0.974457,-0.203598,-0.0473308],[-0.0102338,-0.00137137,0.0996504,-0.0916284,-0.00137098,-0.0446258,-0.0159808,0.00245769,0.00492425,0.0100472,0.00490684,0.295016,-0.00749002,-0.0037275,-0.00749136,-0.0352373,0.0094333,-0.000605048],[0.0434317,0.0221586,0.0634813,0.122488,0.14422,-0.241403,-0.00786835,-0.00133813,-0.00525263,0.00971574,-0.00529416,-0.456833,-0.0105127,-0.00326012,-0.151864,-0.0120124,0.00712879,-0.00131344],[0.101604,0.130435,-0.00968578,-0.719262,0.203125,-0.00222863,-0.0136592,-0.0220948,0.0106839,0.100357,0.0106159,-1.03508,-9.30253e-05,0.00221474,-0.235903,0.184666,0.0358668,0.0228982],[-0.368842,-0.0502829,-1.21049,3.60727,-0.879119,1.95058,-0.568737,-0.0312161,0.0946816,0.708849,0.0967839,-4.3517,-0.136455,-0.0450029,-1.63315,0.255961,-0.445572,-0.00955515],[-0.0568003,-0.209451,-0.179179,0.260279,-0.123162,-0.498245,-0.0215719,0.0181281,0.00617572,0.0124417,0.00646731,0.914414,0.0297429,0.00756386,0.345859,-0.10628,0.0588789,0.00787253],[0.000719704,0.197173,-0.262039,-0.791815,0.0550379,-0.183884,-0.0117909,-0.0105499,0.00532666,-0.0251789,0.00503906,0.770972,0.0187515,0.0103227,0.227706,0.00113096,0.0121627,0.00492887],[-0.0326395,0.0174602,0.0875049,-0.0778129,0.0150971,-0.0923579,-0.0155618,0.00351584,-0.00568578,-0.0134229,-0.00572226,0.180246,-0.00438497,-0.0122156,0.117791,0.0549085,0.00379807,0.00107652],[0.0128889,0.0133555,-0.0486753,0.0916339,0.0683163,-0.0712752,-0.00896319,-0.00123916,-0.00115133,0.0301827,-0.00113936,-0.286266,-0.00569927,-0.00141025,-0.0594487,0.00778482,-0.0167702,-0.000268554],[-0.0282133,0.00202888,0.0810775,-0.0189942,0.107556,-0.00858572,-0.00879798,-0.00364076,-0.004831,0.0463965,-0.00490405,-0.41138,-0.00865845,-0.00759852,-0.0239718,-0.00228062,-0.0268865,-0.00365349],[-0.0190056,-0.00755087,-0.0496895,0.0335764,0.016794,0.123715,-0.00222727,0.00263419,0.00137903,-0.023773,0.00136363,0.138219,-0.00120263,-0.00571956,0.0441967,0.0378082,-0.0139813,-0.000751079],[-0.252274,0.0193501,0.406061,0.196546,-0.695171,0.636401,-0.00558949,0.000472707,-0.00133785,-0.0718569,-0.0018584,0.00626924,0.0227947,0.0168438,-0.269346,0.283572,0.0203455,-0.01292],[-0.202639,0.293905,0.0617873,-0.961995,-1.39983,-2.59532,0.322802,0.166433,0.121344,0.36644,0.119666,-4.57457,-0.00286057,0.023453,-0.636988,-0.279203,-0.0772403,0.010566],[0.312726,-0.00661397,0.0557681,0.623855,0.856571,-1.2728,0.0018188,0.0114256,-0.0488505,-0.172855,-0.0491729,-0.994248,-0.0343965,-0.00820128,-0.0767368,-0.70372,-0.0500128,-0.0319389],[-0.0994107,-0.11243,0.24033,-0.100801,-0.1649,-0.295736,0.0443829,0.0180802,0.000381019,0.0862451,0.000478212,0.987338,0.00171704,-0.00925207,0.0620936,0.110013,0.00281071,0.00470872],[0.330339,-0.0370942,0.0182692,0.594506,0.821302,-1.0485,0.00206618,0.0191886,-0.0549538,-0.148596,-0.0556291,-1.53076,-0.0399593,-0.0049797,-0.198571,-0.720128,-0.0744316,-0.0341181],[-0.00605002,-0.00248343,-0.0185659,-0.00981237,-0.00478042,-0.0545762,-0.00365287,-0.00208592,-0.000810631,-0.0128177,-0.000804276,-0.000339684,-0.000444259,-5.00496e-05,0.0014836,-0.0392722,-0.000576282,-0.000399053],[-0.0190898,0.051088,1.4533,0.680407,-0.675551,-1.45349,0.0290212,-0.0393417,-0.0524772,0.119114,-0.0531773,-0.0137999,0.0185029,-0.00651796,0.692583,-0.129292,0.18496,0.0195654],[-0.357244,-0.155767,1.18777,0.0746925,-1.77611,-0.0394879,0.0423411,0.0118124,-0.0428329,0.0756244,-0.043757,2.62063,0.04924,0.0506118,0.707659,0.341454,0.390632,0.00289686],[-0.00679732,-0.0130624,-0.0307485,-0.158531,0.0386218,-0.221961,-0.0100683,-0.00768073,0.00613885,0.00375231,0.00617458,0.103684,-0.000280058,-0.00445869,0.027423,-0.0744936,-0.021265,0.00313344],[0.00105581,-0.0135985,0.0735868,0.0335782,0.0800752,0.119874,-0.0125114,0.00170021,-0.00160055,0.0323138,-0.00159435,-0.385975,0.001056,0.00443778,-0.141491,-0.0624262,-0.0103727,0.0012796],[-0.01285,0.0389579,-0.176466,-0.160174,0.313262,0.086024,-0.000111284,-0.00374898,0.0115737,-0.064162,0.0115703,-0.0056568,-0.0179714,-0.0227229,0.0113375,-0.0352701,0.116661,0.0101475],[-0.505321,-0.656514,-2.06522,-7.22307,0.756383,-0.591488,0.0111063,-0.0273074,-0.0324074,0.479545,-0.0332084,-7.75919,0.0237744,0.0790679,-0.960788,-1.17263,-0.242686,-0.0833121]],"sigmahat":[[1.16344,-0.185624,0.891642,1.42959,1.65126,1.35919,0.0700789,0.0079213,0.0187076,-0.216188,0.0186719,2.47986,0.0264573,0.0195995,1.00151,0.947137,0.26341,0.0338249],[-0.185624,1.52429,-0.883266,-0.438625,-0.405873,0.681984,-0.181179,-0.00163793,-0.0201468,0.0193732,-0.0206025,-2.94231,-0.056895,-0.0643774,0.0435155,0.202864,-0.244897,0.0300175],[0.891642,-0.883266,9.22075,5.26661,0.340757,0.517578,-0.00745137,-0.0576582,0.0421148,0.632794,0.0430851,6.00925,0.202317,0.0569149,3.44232,0.707176,0.643584,0.0542172],[1.42959,-0.438625,5.26661,27.3232,-0.459139,3.43762,-0.303845,-0.0995415,0.0330913,-0.20156,0.034661,5.1,0.213071,0.161058,4.64542,-1.08355,0.15702,0.133338],[1.65126,-0.405873,0.340757,-0.459139,7.6356,-0.47193,-0.224992,-0.0931789,0.000743491,0.0961443,0.000517972,-1.00131,-0.137066,-0.0762941,-0.924223,-0.0093046,-0.102031,0.0130041],[1.35919,0.681984,0.517578,3.43762,-0.47193,32.4803,-0.479704,0.0967526,0.00223059,-0.59324,0.00286369,15.6943,0.202884,0.116322,1.97542,4.72622,0.658458,0.118041],[0.0700789,-0.181179,-0.00745137,-0.303845,-0.224992,-0.479704,0.397824,0.0174388,0.000710516,-0.215502,0.000852303,0.59568,0.0280297,0.011658,0.334337,0.833049,0.135007,-0.00736593],[0.0079213,-0.00163793,-0.0576582,-0.0995415,-0.0931789,0.0967526,0.0174388,0.0363695,-0.00213224,-0.0238269,-0.00221708,-0.0655036,-0.0104918,-0.0129925,0.160862,0.12862,0.0236171,-0.00424899],[0.0187076,-0.0201468,0.0421148,0.0330913,0.000743491,0.00223059,0.000710516,-0.00213224,0.0194627,0.0131995,0.0179768,0.537903,0.0121586,0.00555074,0.064487,0.076228,0.0109812,0.00600156],[-0.216188,0.0193732,0.632794,-0.20156,0.0961443,-0.59324,-0.215502,-0.0238269,0.0131995,1.52663,0.0131799,-4.14425,0.0400883,0.0960566,-1.96844,-0.495407,-0.173025,-0.0127286],[0.0186719,-0.0206025,0.0430851,0.034661,0.000517972,0.00286369,0.000852303,-0.00221708,0.0179768,0.0131799,0.0195031,0.5428,0.0122916,0.00567224,0.0646465,0.075715,0.0113195,0.00601833],[2.47986,-2.94231,6.00925,5.1,-1.00131,15.6943,0.59568,-0.0655036,0.537903,-4.14425,0.5428,115.418,1.24138,0.145884,21.3884,11.3289,4.91092,0.315193],[0.0264573,-0.056895,0.202317,0.213071,-0.137066,0.202884,0.0280297,-0.0104918,0.0121586,0.0400883,0.0122916,1.24138,0.0554678,0.0355803,0.212392,0.150116,0.0787268,0.0109002],[0.0195995,-0.0643774,0.0569149,0.161058,-0.0762941,0.116322,0.011658,-0.0129925,0.00555074,0.0960566,0.00567224,0.145884,0.0355803,0.0441908,-0.198044,-0.0194968,0.0343781,0.00429462],[1.00151,0.0435155,3.44232,4.64542,-0.924223,1.97542,0.334337,0.160862,0.064487,-1.96844,0.0646465,21.3884,0.212392,-0.198044,11.534,3.57837,1.19758,0.0823158],[0.947137,0.202864,0.707176,-1.08355,-0.0093046,4.72622,0.833049,0.12862,0.076228,-0.495407,0.075715,11.3289,0.150116,-0.0194968,3.57837,8.67899,0.997718,0.0390659],[0.26341,-0.244897,0.643584,0.15702,-0.102031,0.658458,0.135007,0.0236171,0.0109812,-0.173025,0.0113195,4.91092,0.0787268,0.0343781,1.19758,0.997718,0.707248,-0.00261321],[0.0338249,0.0300175,0.0542172,0.133338,0.0130041,0.118041,-0.00736593,-0.00424899,0.00600156,-0.0127286,0.00601833,0.315193,0.0109002,0.00429462,0.0823158,0.0390659,-0.00261321,0.0169335]],"n":18,"lags":3}