{"betahat":[[-0.00966221,0.512268,-2.56101,1.57352,-4.05337,-5.6315,1.5744,0.619602,-0.266935,-3.00271,6.34197,-0.0412971,-0.172216,5.44915,0.624728,1.56207,0.154308],[0.866211,0.385616,0.576696,0.0526251,0.163234,0.212939,0.0295188,-0.0168135,0.0129848,0.122737,0.0819448,0.0176659,0.0123661,-0.0383926,0.329453,0.15109,0.00554947],[-0.0503383,0.646154,0.310963,0.489806,0.358142,0.531662,-0.0429787,0.009427,-0.000965214,0.113065,-0.142251,-0.0348584,-0.0237753,-0.387296,-0.0374914,0.0372696,-0.0153372],[0.050499,0.113299,0.721684,0.138247,-0.0326001,0.269202,-0.000202214,-0.00259104,0.000635586,-0.0020313,-0.0638369,-0.00314768,-0.00227508,0.157939,0.0142214,-0.00263101,0.00653093],[-0.0322211,-0.0633732,-0.010715,0.60656,-0.0713074,-0.0217642,0.0112634,0.00375194,-0.00133492,-0.0382202,0.242944,0.00297731,-0.00388438,0.033312,-0.0437856,0.00848795,-0.00395089],[0.0669589,-0.094223,0.0995705,0.336917,0.898713,0.117065,0.0057029,0.00249028,-0.00022423,0.031576,0.721023,0.0199111,0.0202155,0.00162681,-0.12278,0.0546211,0.00234027],[0.0127603,-0.0185661,0.0707437,-0.161138,0.0879562,0.511471,0.00763251,-0.00588151,-0.00329065,0.0184229,-0.352941,-0.00659184,0.000589999,-0.0769168,-0.0467484,-0.0318217,0.00193734],[0.340124,-0.0891639,-0.0386493,0.724057,0.861049,-0.801225,0.953753,-0.00325741,0.0335443,0.0801205,1.08314,-0.00567106,0.00522777,0.244224,-0.0312927,-0.0569002,0.0248221],[0.0815396,-0.480243,-1.30817,1.45532,-0.373673,-3.5706,-0.234592,0.748141,-0.105979,-0.0961721,5.53674,0.15656,0.0901803,1.02227,0.99359,-0.544255,0.0406717],[-0.947864,-0.19062,1.37196,0.648205,-2.55288,3.68724,-0.262369,-0.209321,1.23959,0.297063,-0.219068,0.189539,0.116792,0.829156,-0.090703,0.0115496,0.161022],[0.0962346,0.102716,-0.0122474,-0.436586,0.025947,0.0127642,-0.0611361,-0.0171547,0.0174044,1.23769,-1.6759,0.0122195,0.0298817,-0.487643,-0.00450647,-0.0574983,-3.03913e-05],[-0.00107885,-0.0156076,0.0146231,-0.0333833,0.0378603,0.07917,-0.000597762,0.00315113,0.00177198,0.0223109,0.876716,-0.000753791,0.000197889,-0.0638146,-0.0083183,0.00360218,0.00281512],[-0.420748,-0.169499,-0.731857,1.62048,0.140438,-1.77763,-0.31829,-0.0626007,0.155139,-0.774592,1.45644,0.979559,-0.0119765,0.294569,0.525004,-0.615008,0.0466246],[0.241168,0.219195,-0.733931,3.33782,1.58548,-1.94742,0.109213,-0.0147344,0.0848665,0.417927,-6.91552,0.0526695,1.13021,-1.51959,0.620821,-0.115143,0.0645028],[0.0395106,0.0311224,-0.01337,0.384909,-0.0329931,0.303378,0.00623016,0.00437117,-0.0108042,0.000460411,-0.43423,0.0117637,0.00992744,0.961173,0.0418321,-0.00607394,0.00120021],[0.0667664,0.102786,-0.46155,-0.594564,0.693142,0.369531,-0.0855086,-0.0551229,0.00514039,0.0778083,-0.299557,-0.013241,0.00489863,-0.378104,0.478934,-0.100914,-0.00453442],[-0.15347,-0.231303,0.414129,0.627348,-0.311216,0.00589555,0.0500376,-0.0293455,0.00887077,0.115035,0.936627,0.0434176,0.0461437,-0.0940352,-0.220217,0.571582,-0.0177254],[0.0974481,1.1847,3.27706,3.56566,-1.23801,-3.0212,0.582541,0.123204,-0.120849,-1.06234,13.031,0.0804281,-0.129279,4.06017,-0.027083,0.590161,1.04752],[0.177753,-0.147986,-0.323626,-0.27817,-0.161187,0.436488,-0.0144822,0.00454014,-0.0154798,-0.175756,-0.395732,-0.0349403,-0.0203078,-0.149336,-0.329283,-0.17347,-0.00831786],[0.0459942,0.141711,0.0224436,0.398667,-0.41811,-0.0819113,0.0390848,-0.00241004,-0.000963237,-0.0823704,-0.355729,0.0222444,0.0127325,0.164485,0.0213333,-0.029893,0.0148129],[-0.0196499,-0.142596,0.153468,-0.0497631,0.0011908,-0.169456,0.0215155,-0.000407335,0.00606169,0.00459437,-0.0717796,0.00805209,0.0155534,-0.266981,-0.0673457,0.000216658,-0.00885554],[0.014631,0.0444391,0.0493752,0.268061,0.00533199,0.0571984,0.00446022,-0.00214083,0.000708651,0.0123644,-0.0475162,0.000746873,0.00540362,0.00863519,0.050503,0.0116266,0.00185894],[-0.0487389,0.08797,-0.238373,-0.364233,0.00629889,-0.1282,-0.00333647,0.00118714,0.00303729,-0.0713789,-0.494569,-0.0164016,-0.0141034,-0.0371423,0.0634771,-0.0427951,-0.00209583],[-0.00368364,0.0287616,-0.0178225,0.121016,-0.111038,0.383882,-0.0102363,0.000959266,0.00102515,0.011345,0.194958,0.00796164,0.00598491,0.00453199,-0.0126693,0.0454209,-0.000738245],[-0.036802,0.109733,-0.385467,-0.934772,-0.109414,0.0023035,0.0482601,-0.00423352,-0.0242591,0.0590846,-1.30032,-0.0156534,-0.0139582,-0.0236249,-0.000314004,0.0549778,-0.00808735],[0.151416,-0.0193172,1.40415,-0.0543981,1.62679,5.49923,-0.058572,0.0715447,-0.0102826,-0.282363,0.569324,-0.138507,-0.102895,-0.227094,-0.402758,0.772793,-0.050634],[0.105424,-0.202121,-0.94467,-1.2671,1.10546,-1.84985,0.0651442,0.0833369,-0.175027,0.0091102,2.67664,-0.0354217,-0.0250635,-0.205575,0.130206,0.074334,-0.0867976],[0.0431972,0.0491945,-0.208709,0.488716,0.159006,0.584786,-0.00276719,-0.00145344,-0.0145332,-0.314825,0.770381,-0.00935574,-0.0183639,0.43337,-0.00571155,0.037866,-0.00221207],[0.00504356,0.0269228,0.0190215,0.0770669,-0.0205652,0.0222297,-0.00546403,-0.00202678,-0.000556118,-0.0017108,0.075339,0.00124536,-0.000484235,0.0560802,0.00556146,-0.0127737,-0.00160751],[0.564629,0.0340931,-0.929019,-2.90878,0.53969,3.94233,0.14875,0.10623,-0.0712915,0.373348,-4.03537,-0.0747573,-0.0218915,-1.28565,-0.542033,0.155649,-0.0522112],[0.0801157,-0.0904892,-1.02624,-3.4993,-0.0253834,0.582549,0.115219,0.0373258,-0.0737311,-0.677793,2.03815,-0.133525,-0.200018,0.776563,-0.371726,-0.16603,-0.0621846],[-0.0186859,-0.00181737,0.0816569,-0.155238,0.0276971,-0.0403214,-0.0143263,0.00491128,0.0045416,-0.00987231,0.387574,-0.0117787,-0.00659278,0.0132038,-0.0367701,0.0167764,-0.00292528],[0.12312,0.0333161,0.326239,0.854434,-0.0661427,-0.0301651,0.0236312,0.00573991,-0.000236645,-0.102304,0.720729,0.0295548,0.0109557,0.400519,0.128337,0.13983,0.0197352],[0.204682,0.178931,-0.00903559,-0.736115,0.307588,0.00716513,-0.0127052,-0.0281453,0.0241854,0.122434,-0.837545,-0.000558408,0.000330167,-0.356349,0.217455,-0.0113099,0.0281187],[-0.201817,0.144019,-1.83215,3.96244,-0.253595,1.08582,-0.675732,-0.0748488,0.151789,0.992254,-8.1626,-0.142597,0.0222102,-2.85501,0.592146,-0.780845,-0.0274779],[-0.0439986,-0.237664,-0.253052,0.225415,-0.00201707,-0.649628,-0.0150602,0.012266,0.00250198,0.0530802,0.314139,0.0172787,0.00794502,0.187707,-0.000171906,0.02241,0.00275698],[0.00432536,0.212003,-0.3333,-0.888576,0.0600881,-0.450082,0.00385141,-0.0070269,0.00193936,-0.0306095,0.498723,0.0126229,0.0110504,0.222788,0.0161311,-0.00730027,0.000504321],[-0.0308755,0.0292742,0.124716,-0.0887616,0.0314784,-0.100032,-0.0213084,0.00299312,-0.00669342,-0.00247861,0.13552,-0.00489634,-0.0132681,0.108959,0.053127,0.00242784,0.00231299],[0.0175327,0.0189187,-0.0387176,0.124646,0.065992,-0.0356305,-0.0157356,-0.00161398,0.000630131,0.0260205,-0.195613,-0.00372535,-0.00151639,-0.042161,-0.0067436,-0.0201069,0.00207489],[-0.0183029,0.00627762,0.138756,0.0272786,0.0948203,0.0110317,-0.00239442,-0.00368471,-0.0028059,0.0398299,-0.226178,-0.00350727,-0.00611219,0.0355444,0.0592937,-0.0118313,-0.0002525],[-0.00911566,-0.0101758,-0.05297,0.0399427,0.0230505,0.104058,0.00264388,0.00491737,0.0022606,-0.029726,0.157425,-0.00137144,-0.00657443,0.0723519,0.0593731,-0.0136018,-0.00120775],[-0.3033,-0.0208558,0.424735,0.210661,-0.751287,0.798355,-0.0021277,0.00745642,-0.00927162,-0.138765,0.22043,0.0213976,0.00877578,-0.220393,0.0317358,0.00217001,-0.0167693],[-0.273736,0.488988,-0.0464349,-1.19559,-1.32343,-1.8734,0.232985,0.165099,0.133062,0.502972,-5.64584,-0.0254134,0.0120158,-1.04956,-0.659357,-0.24518,0.00778453],[0.770021,0.00313484,-0.118034,0.65356,1.59616,-1.25233,0.14046,0.0554209,-0.105278,-0.397499,0.277635,-0.0904412,-0.0523906,-0.134004,-0.121863,0.0919671,-0.0672377],[-0.139504,-0.152365,0.220932,-0.0531375,-0.184537,-0.59738,0.0637384,0.0185777,-0.0028448,0.0771734,0.909089,-0.00282155,-0.011484,0.0542815,0.0102218,0.0199052,0.00219745],[-0.00292278,-0.0103315,-0.0290256,-0.0371866,-0.0179708,-0.0959169,0.00625306,-0.00124067,-0.00121266,-0.0200245,0.0389085,-0.000453574,0.000382449,0.00916884,0.00248996,0.00917783,-0.00110829],[0.150381,0.138229,1.57715,1.28593,-0.187251,-1.41936,0.0626859,-0.0516516,-0.0765875,0.222331,-0.348259,-0.0213039,-0.0308624,0.558897,0.0566522,0.205537,0.000489794],[-0.347634,0.0483844,1.41237,-0.0909467,-1.6689,1.12788,-0.185388,-0.0190245,-0.0202129,0.103822,3.93333,0.0464266,0.0296752,0.81396,-0.165804,0.141336,0.01039],[-0.0201847,-0.0307684,-0.0665198,-0.230943,0.00801857,-0.26318,0.00772313,-0.00939368,0.00634293,0.0106071,0.0511939,0.000118415,-0.00316719,0.0239104,-0.00496712,-0.00986438,0.00156642],[0.134527,-0.0634093,0.172609,-0.373117,0.156131,-0.0882794,-0.00896596,0.0126172,0.0128482,0.0762342,-0.135467,0.0183982,0.0184365,-0.207679,0.102114,-0.0360564,0.00133715],[0.0227091,0.00152206,-0.0543533,-0.184803,0.29565,0.44856,0.0176396,0.00512907,0.0186915,-0.0445317,0.000648298,-0.00218181,-0.0119268,-0.0197618,0.0910596,0.177365,0.0140655],[-0.364456,-0.778518,-1.71217,-8.30267,0.854231,1.57245,0.0701468,-0.0302751,-0.0282226,0.606048,-6.79873,0.0796943,0.10996,-0.96394,-0.468903,-0.101706,-0.0746169]],"sigmahat":[[1.01454,-0.158354,0.731747,1.50157,1.79225,0.68658,-0.0125267,-0.00125121,0.00470161,-0.116659,0.783844,-0.012032,0.00623092,0.469719,0.161758,0.111268,0.0216248],[-0.158354,1.45758,-0.945124,-0.602464,-0.179336,0.466873,-0.255133,-0.0106127,-0.00421376,0.113756,-3.56226,-0.0650527,-0.0577213,-0.408219,-0.0262876,-0.398249,0.028341],[0.731747,-0.945124,8.60134,4.63073,0.234775,-0.567078,0.0800349,-0.0394756,-0.00820917,0.68073,3.38206,0.147299,0.0365089,3.12081,0.191279,0.636987,0.0199249],[1.50157,-0.602464,4.63073,24.7557,-0.586261,2.76611,0.108603,-0.0417447,-0.018058,-0.145234,3.10301,0.152637,0.14658,4.29696,0.572968,0.445113,0.0767485],[1.79225,-0.179336,0.234775,-0.586261,7.52797,-0.138345,-0.270465,-0.0705833,0.0314611,0.18166,-0.128367,-0.110225,-0.0702675,-0.861061,0.430584,-0.129961,0.0148044],[0.68658,0.466873,-0.567078,2.76611,-0.138345,27.4009,-0.972682,0.0409245,-0.0285476,-0.0442521,4.60482,0.0758023,0.162624,-1.85356,0.519222,-0.393742,0.0751948],[-0.0125267,-0.255133,0.0800349,0.108603,-0.270465,-0.972682,0.386797,0.0185126,-0.0253768,-0.266972,-0.0125194,0.0106784,0.000179875,0.35292,0.0686875,0.148523,-0.0118406],[-0.00125121,-0.0106127,-0.0394756,-0.0417447,-0.0705833,0.0409245,0.0185126,0.0339708,-0.00694119,-0.0275683,-0.215821,-0.0143825,-0.0144379,0.145771,0.0392898,0.0223719,-0.00541346],[0.00470161,-0.00421376,-0.00820917,-0.018058,0.0314611,-0.0285476,-0.0253768,-0.00694119,0.0206084,0.049374,0.115017,0.00785204,0.00798243,-0.0786123,0.0114233,-0.0240023,0.00396682],[-0.116659,0.113756,0.68073,-0.145234,0.18166,-0.0442521,-0.266972,-0.0275683,0.049374,1.44921,-1.90374,0.0681999,0.0896965,-1.41691,-0.111918,-0.162597,0.0150168],[0.783844,-3.56226,3.38206,3.10301,-0.128367,4.60482,-0.0125194,-0.215821,0.115017,-1.90374,67.4931,0.691867,0.309824,9.14014,2.08273,3.19851,-0.0475744],[-0.012032,-0.0650527,0.147299,0.152637,-0.110225,0.0758023,0.0106784,-0.0143825,0.00785204,0.0681999,0.691867,0.0463672,0.0349858,0.0514151,0.00798169,0.0443567,0.00780206],[0.00623092,-0.0577213,0.0365089,0.14658,-0.0702675,0.162624,0.000179875,-0.0144379,0.00798243,0.0896965,0.309824,0.0349858,0.040695,-0.165315,-0.0320477,0.025536,0.00720234],[0.469719,-0.408219,3.12081,4.29696,-0.861061,-1.85356,0.35292,0.145771,-0.0786123,-1.41691,9.14014,0.0514151,-0.165315,8.44235,1.09407,0.875693,-0.0280578],[0.161758,-0.0262876,0.191279,0.572968,0.430584,0.519222,0.0686875,0.0392898,0.0114233,-0.111918,2.08273,0.00798169,-0.0320477,1.09407,1.07043,0.0409508,0.0196866],[0.111268,-0.398249,0.636987,0.445113,-0.129961,-0.393742,0.148523,0.0223719,-0.0240023,-0.162597,3.19851,0.0443567,0.025536,0.875693,0.0409508,0.653318,-0.0186313],[0.0216248,0.028341,0.0199249,0.0767485,0.0148044,0.0751948,-0.0118406,-0.00541346,0.00396682,0.0150168,-0.0475744,0.00780206,0.00720234,-0.0280578,0.0196866,-0.0186313,0.0140993]],"n":17,"lags":3}