{"betahat":[[0.0477921,0.833481,-3.1129,4.94722,-4.22099,-5.36732,1.85884,0.819191,-0.430906,-3.92765,9.15656,-0.127983,-0.284877,7.91826,0.814142,1.92454,0.179465],[0.869666,0.344635,0.564112,0.0678377,0.150359,0.155494,0.0299297,-0.0150593,0.0115255,0.122481,0.296357,0.0224194,0.0163608,0.00152109,0.311397,0.164079,0.00394352],[-0.0491319,0.643106,0.298402,0.465795,0.339739,0.51639,-0.0359274,0.0089855,-0.00207739,0.0928967,-0.148737,-0.0352567,-0.0236833,-0.391718,-0.0421602,0.0397871,-0.0157191],[0.0456044,0.108393,0.725741,0.130033,-0.0404784,0.2508,0.00121372,-0.00218571,0.000282484,-0.00586974,-0.0293281,-0.00244397,-0.00218825,0.16346,0.0128286,-0.00032021,0.0061218],[-0.0294761,-0.0589339,-0.0176525,0.613239,-0.0669277,-0.0290649,0.0123972,0.0037146,-0.00145449,-0.0379314,0.221532,0.0027721,-0.00383524,0.0293565,-0.0404725,0.00764764,-0.00387346],[0.0577191,-0.0740786,0.0907645,0.336291,0.888851,0.112361,0.00763338,0.0029841,-0.000644014,0.0274582,0.637244,0.0176556,0.0177833,0.0070111,-0.11261,0.0517803,0.00235176],[0.00989119,-0.0168214,0.06764,-0.153531,0.0828936,0.533938,0.00598993,-0.00531661,-0.0029335,0.0159218,-0.31922,-0.0067387,-4.3414e-05,-0.0690614,-0.0407304,-0.0304029,0.00189167],[0.311645,-0.0805229,-0.0832737,0.818641,0.773107,-0.752419,0.94891,-0.00243604,0.0323451,0.0806845,1.24454,-0.0018856,0.00868641,0.275015,-0.0269196,-0.0317351,0.0221976],[0.136337,-0.419028,-1.12611,1.63186,-0.263448,-2.95902,-0.249979,0.744539,-0.103099,-0.15737,5.58964,0.141599,0.0813086,1.02641,1.00453,-0.576588,0.043183],[-0.999047,-0.171591,1.35069,0.642217,-2.68271,3.40988,-0.238677,-0.195784,1.21893,0.331182,0.679951,0.205266,0.124903,0.895939,-0.135177,0.0774322,0.155722],[0.105826,0.090271,-0.0158447,-0.394029,0.0284728,0.000414316,-0.0581335,-0.0177077,0.0160026,1.20534,-1.5464,0.0102678,0.0272709,-0.445199,-0.00293219,-0.0468862,-7.117e-06],[-0.00264361,-0.0138075,0.0176882,-0.0311857,0.0312705,0.0736743,-0.000297559,0.00315463,0.0012727,0.0213227,0.878572,-0.00088164,2.97283e-05,-0.0554919,-0.00791271,0.00379631,0.0024088],[-0.30973,-0.201502,-0.909427,1.6947,0.382658,-1.36364,-0.328948,-0.0479765,0.157351,-0.804377,0.264621,0.943358,-0.0215186,-0.150185,0.579776,-0.61059,0.0425149],[0.180054,0.328831,-0.757181,2.98838,1.47208,-2.06176,0.115869,-0.0152043,0.0828305,0.27413,-6.43799,0.0343174,1.09853,-1.15508,0.599538,-0.158463,0.0676984],[0.0334607,0.0275291,-0.0201474,0.367258,-0.039365,0.273196,0.00661885,0.00464336,-0.0103504,-0.0087578,-0.399854,0.00995291,0.0081121,0.970147,0.0370481,-0.00645945,0.00100072],[0.0923874,0.0848653,-0.42004,-0.608035,0.76045,0.416462,-0.0843735,-0.0582499,0.00462804,0.0804636,-0.150875,-0.00755076,0.00843583,-0.382059,0.468339,-0.0884565,-0.00316129],[-0.136359,-0.198018,0.404889,0.565048,-0.286836,0.0537325,0.0633711,-0.030206,0.0143724,0.134352,0.6842,0.0429291,0.0449892,-0.168135,-0.192832,0.531512,-0.013702],[0.00754907,1.22361,3.19095,3.66667,-1.20812,-2.91317,0.5443,0.133572,-0.104422,-0.848487,12.5103,0.0788828,-0.119911,4.04886,0.0963283,0.642316,1.02483],[0.157559,-0.137452,-0.320058,-0.27143,-0.184972,0.474789,-0.02123,0.00295268,-0.0136622,-0.164688,-0.469393,-0.0322806,-0.016709,-0.18825,-0.32593,-0.178676,-0.00681683],[0.041495,0.137831,0.0223962,0.396902,-0.406463,-0.0769745,0.0313492,-0.00260804,-1.10461e-05,-0.0660863,-0.278069,0.0237731,0.0141728,0.181303,0.021416,-0.0228458,0.0145056],[-0.0153689,-0.132833,0.155857,-0.0476779,0.0142292,-0.15806,0.0183644,-0.000475749,0.00554355,0.00831562,-0.0977129,0.00722663,0.0146238,-0.255125,-0.0636664,-0.000201906,-0.00820479],[0.0135381,0.0415039,0.0502162,0.253276,0.00796963,0.0586756,0.00263072,-0.00229763,0.000834156,0.0124123,-0.0327707,0.000841288,0.00520692,0.00440805,0.0460282,0.0114234,0.00193316],[-0.0422471,0.0746163,-0.217728,-0.36043,0.022211,-0.121517,-0.00566283,0.000362645,0.00321389,-0.0626567,-0.419,-0.0141513,-0.0124562,-0.0350749,0.0604584,-0.039951,-0.00173677],[-0.00179033,0.0254583,-0.0213217,0.108154,-0.102886,0.365328,-0.00814076,0.000853844,0.000915582,0.0096345,0.183016,0.00770242,0.00569696,0.00210962,-0.0124238,0.0427765,-0.000819365],[-0.0460537,0.0846303,-0.344529,-0.998848,-0.0957657,0.0260711,0.0481565,-0.00285919,-0.022275,0.0626079,-1.34752,-0.0137972,-0.0110358,-0.112602,-0.0134112,0.0411652,-0.00885735],[0.0777865,0.0215486,1.36039,-0.129706,1.29035,5.31356,-0.0665772,0.0806846,-0.00161901,-0.133157,0.56008,-0.127034,-0.0922697,-0.386826,-0.427534,0.771321,-0.0482394],[0.181636,-0.223893,-0.833511,-1.09852,1.21267,-1.52371,0.0366665,0.0643431,-0.164817,-0.0772676,2.69096,-0.0309154,-0.0215931,-0.0797104,0.105771,0.0750477,-0.0767841],[0.0308608,0.0411559,-0.201083,0.459517,0.161897,0.537108,0.00166157,0.000587224,-0.0119688,-0.279745,0.629594,-0.00780275,-0.0160029,0.378359,-0.00112035,0.0258438,-0.00173308],[0.00680845,0.0241102,0.0143561,0.0755375,-0.0178255,0.0229542,-0.00515093,-0.00182255,-0.000346518,-0.00363423,0.0840397,0.00135814,-0.000286911,0.0542162,0.00567328,-0.0112158,-0.00132552],[0.57019,0.099152,-0.84514,-2.58088,0.529823,3.71099,0.115935,0.0963077,-0.0741345,0.335766,-3.964,-0.0870837,-0.0394945,-1.02213,-0.513154,0.101227,-0.0525952],[0.0485519,-0.0905138,-0.864705,-3.25384,-0.226201,0.735901,0.0874352,0.0339176,-0.0663795,-0.545716,1.95844,-0.107916,-0.17622,0.503515,-0.385252,-0.173326,-0.0538518],[-0.0150803,-0.00268977,0.0838848,-0.152228,0.0318496,-0.0427833,-0.0109671,0.00423618,0.00414713,-0.000466685,0.332894,-0.0107742,-0.00579773,0.00132691,-0.0308192,0.0149245,-0.0024203],[0.126908,0.0167794,0.327135,0.818979,-0.0683208,-0.0213599,0.0206322,0.00456119,0.00260012,-0.0920325,0.740124,0.0318508,0.0155698,0.356065,0.0933707,0.135492,0.0193416],[0.197159,0.161938,0.0284246,-0.695186,0.324401,0.0210406,-0.0196591,-0.0318449,0.0264881,0.134596,-0.734368,0.00205173,0.0020348,-0.35553,0.197601,-0.0248959,0.0285225],[-0.26109,0.0437766,-1.69404,3.11787,-0.357789,1.25136,-0.635799,-0.0806769,0.130438,1.03286,-8.16328,-0.118448,0.0361284,-2.89884,0.443869,-0.813366,-0.0294416],[-0.0272529,-0.207239,-0.244166,0.203355,0.0346218,-0.63036,-0.00874157,0.0120994,0.00215525,0.0422075,0.173635,0.00987425,0.000355121,0.18672,0.0145867,0.0146369,0.00286247],[0.00763101,0.218838,-0.320731,-0.863138,0.0669559,-0.440003,0.004497,-0.00639437,0.00211138,-0.026677,0.427544,0.0115049,0.00953397,0.210168,0.0206567,-0.016879,0.00118786],[-0.0302438,0.0243987,0.118097,-0.0829535,0.0263352,-0.0928583,-0.0195676,0.00266065,-0.0058248,-0.00234628,0.12708,-0.00475629,-0.0124115,0.0915755,0.0509021,0.000589377,0.00207104],[0.0158532,0.0173547,-0.0328253,0.131916,0.0588783,-0.0299508,-0.0150352,-0.00142057,0.000627877,0.0258007,-0.189124,-0.00359943,-0.00135022,-0.0342632,-0.00563182,-0.0190685,0.0019234],[-0.0155828,-0.000522009,0.126652,0.023919,0.0887237,0.00898425,-0.00204834,-0.003358,-0.00255115,0.0352234,-0.217801,-0.00348987,-0.00531958,0.0280293,0.0521171,-0.0118717,-0.000618422],[-0.00810514,-0.00861254,-0.0463018,0.0449937,0.0201453,0.0998974,0.00220769,0.00445602,0.00200426,-0.0255194,0.135381,-0.000959632,-0.00565042,0.0669763,0.0531496,-0.0123585,-0.00107726],[-0.265516,-0.00455609,0.429427,0.179284,-0.676089,0.724812,0.00275057,0.00521644,-0.0100263,-0.142321,0.10466,0.0157653,0.00242922,-0.162789,0.0407126,-0.00917121,-0.0133643],[-0.293193,0.389024,-0.173779,-1.18274,-1.16767,-2.10991,0.223827,0.145198,0.129897,0.470168,-5.43984,-0.0250088,0.0120731,-1.04679,-0.65925,-0.237092,0.00172699],[0.722476,-0.0544888,-0.0320898,0.747548,1.53971,-1.16852,0.140963,0.0461895,-0.0974145,-0.328419,0.520797,-0.0785229,-0.0393912,-0.233132,-0.125193,0.120009,-0.0616777],[-0.136831,-0.132329,0.216845,-0.0665805,-0.19007,-0.538338,0.0562484,0.0170687,-0.00395135,0.0742386,0.920597,-0.00237893,-0.0112429,0.0670506,0.00412219,0.0212675,0.00165704],[-0.00228101,-0.00894642,-0.0238493,-0.0346069,-0.0142577,-0.0889897,0.00587852,-0.00149647,-0.000950739,-0.0174251,0.0230261,-0.000438355,0.00038338,0.00421345,0.00163042,0.00784335,-0.000893372],[0.160081,0.0837479,1.53676,0.983789,-0.254591,-1.37979,0.0754303,-0.050215,-0.0664663,0.213706,-0.334132,-0.0246328,-0.0292413,0.445751,0.0168773,0.161478,0.000311249],[-0.279315,0.0226354,1.14825,-0.211154,-1.38382,0.902596,-0.134389,-0.0114437,-0.0285802,0.0448008,3.14551,0.0241235,0.0146082,0.735146,-0.0857851,0.128744,0.00578087],[-0.0175692,-0.0270037,-0.0614553,-0.218936,0.0111392,-0.232211,0.00383016,-0.00901958,0.00631741,0.0110777,0.0714114,0.000976027,-0.00206555,0.0257374,-0.00642288,-0.00712517,0.00115955],[0.125502,-0.0602149,0.18436,-0.345518,0.146391,-0.057188,-0.012951,0.00933603,0.0124203,0.0935301,-0.0505605,0.0220774,0.0215164,-0.214183,0.085548,-0.0261042,0.00156746],[0.0187699,0.0089986,-0.0578663,-0.246583,0.280383,0.435695,0.0224455,0.00188735,0.0192942,-0.0386768,0.0210555,-0.00103361,-0.0106165,-0.0246491,0.0820776,0.153101,0.014335],[-0.368908,-0.60736,-1.89097,-7.80394,0.750507,1.23196,0.0495762,-0.0343079,-0.019843,0.527666,-6.57601,0.0654844,0.0945319,-0.978235,-0.41346,-0.208553,-0.0701798]],"sigmahat":[[1.01293,-0.142635,0.701102,1.53023,1.78026,0.609223,-0.00590357,0.00186876,0.00218182,-0.117065,0.870124,-0.0106933,0.00605528,0.535879,0.183458,0.117342,0.0177147],[-0.142635,1.47966,-0.992013,-0.621388,-0.182607,0.501047,-0.262321,-0.0137637,-0.00198884,0.114204,-3.31838,-0.0605567,-0.0544305,-0.388946,-0.0218593,-0.367771,0.031121],[0.701102,-0.992013,8.88432,4.79752,0.122676,-0.507955,0.0926247,-0.0335742,-0.0086903,0.657706,3.44182,0.146805,0.0328759,3.18672,0.226128,0.681147,0.0186583],[1.53023,-0.621388,4.79752,25.3392,-0.516608,2.94333,0.0868312,-0.0423403,-0.00935953,-0.12832,3.4703,0.154435,0.143841,4.37015,0.648981,0.477443,0.0754826],[1.78026,-0.182607,0.122676,-0.516608,7.58446,-0.312114,-0.245199,-0.0599706,0.0232862,0.150564,0.00198571,-0.120508,-0.0796336,-0.710894,0.532685,-0.116543,0.0068908],[0.609223,0.501047,-0.507955,2.94333,-0.312114,28.2949,-0.999622,0.048084,-0.029243,-0.0266582,4.67543,0.0900892,0.162258,-1.68075,0.514727,-0.337817,0.0714693],[-0.00590357,-0.262321,0.0926247,0.0868312,-0.245199,-0.999622,0.38898,0.0168016,-0.0253268,-0.266404,-0.0290174,0.0114754,0.00164436,0.33008,0.0582434,0.14769,-0.0125368],[0.00186876,-0.0137637,-0.0335742,-0.0423403,-0.0599706,0.048084,0.0168016,0.0336178,-0.00636908,-0.0252334,-0.206684,-0.0137227,-0.013829,0.133996,0.0362715,0.0200397,-0.00518496],[0.00218182,-0.00198884,-0.0086903,-0.00935953,0.0232862,-0.029243,-0.0253268,-0.00636908,0.0209813,0.0494312,0.109743,0.00798515,0.0078827,-0.0698565,0.0149057,-0.0225756,0.00412174],[-0.117065,0.114204,0.657706,-0.12832,0.150564,-0.0266582,-0.266404,-0.0252334,0.0494312,1.46733,-2.06492,0.0662673,0.0890305,-1.43959,-0.118611,-0.161266,0.0177587],[0.870124,-3.31838,3.44182,3.4703,0.00198571,4.67543,-0.0290174,-0.206684,0.109743,-2.06492,66.9343,0.637034,0.261813,9.39748,2.18035,3.11876,-0.0474071],[-0.0106933,-0.0605567,0.146805,0.154435,-0.120508,0.0900892,0.0114754,-0.0137227,0.00798515,0.0662673,0.637034,0.0455751,0.0344181,0.0524441,0.0100558,0.0431797,0.00803082],[0.00605528,-0.0544305,0.0328759,0.143841,-0.0796336,0.162258,0.00164436,-0.013829,0.0078827,0.0890305,0.261813,0.0344181,0.0404958,-0.166364,-0.033512,0.0241977,0.00723226],[0.535879,-0.388946,3.18672,4.37015,-0.710894,-1.68075,0.33008,0.133996,-0.0698565,-1.43959,9.39748,0.0524441,-0.166364,8.46892,1.14403,0.859535,-0.0214314],[0.183458,-0.0218593,0.226128,0.648981,0.532685,0.514727,0.0582434,0.0362715,0.0149057,-0.118611,2.18035,0.0100558,-0.033512,1.14403,1.11002,0.0471897,0.0204182],[0.117342,-0.367771,0.681147,0.477443,-0.116543,-0.337817,0.14769,0.0200397,-0.0225756,-0.161266,3.11876,0.0431797,0.0241977,0.859535,0.0471897,0.649571,-0.0171762],[0.0177147,0.031121,0.0186583,0.0754826,0.0068908,0.0714693,-0.0125368,-0.00518496,0.00412174,0.0177587,-0.0474071,0.00803082,0.00723226,-0.0214314,0.0204182,-0.0171762,0.0138681]],"n":17,"lags":3}