{"betahat":[[0.639181,0.865115,3.24248,-1.24094,0.301268,1.71594,0.218494,0.306515,0.0047794,0.0351952,0.0430174,9.82989,0.253143,0.0960887,2.08873,0.882596,1.86872,0.0618235],[0.82196,-0.0250886,0.478548,0.24771,-0.18482,-0.0347368,1.01107e-05,-0.01908,0.0218824,-0.0270482,0.00499834,-0.324459,-0.0390411,-0.0323677,0.290981,0.204353,-0.102845,0.00362397],[-0.0181201,0.801973,-0.00547317,0.00803396,-0.0469319,-0.0780123,-0.0439817,-0.00917676,-0.0235179,-0.0382114,0.000147237,-0.110366,-0.0224365,-0.0212969,0.266911,0.0498381,-0.0821774,-0.00938125],[0.0421193,0.0819627,0.726973,-0.0167485,0.0507073,-0.0218632,-0.0169627,-0.0154966,-0.00269492,-0.00320963,0.000716691,0.233703,-0.00578227,-0.0119258,0.163402,0.054067,-0.0386103,-0.00467318],[-0.311968,-0.330957,-0.230783,0.469661,-0.277055,-0.28458,-0.0426127,0.000831521,-2.21481e-05,0.00377041,-0.00903746,-1.32437,-0.0172435,0.00274417,-0.355534,-0.301203,-0.090832,0.0106553],[-0.0323317,0.0183001,0.477999,0.10609,0.664512,0.0936462,0.016885,-0.00770281,0.0075766,0.00620812,-0.00389326,0.164678,0.00970356,-0.00582221,0.355795,-0.0026328,-0.0497417,0.00760023],[-0.0684548,-0.0245637,-0.428928,-0.114192,-0.209361,0.554615,0.0142911,0.00270178,0.00454024,-0.00278417,0.00158648,0.380358,-0.00969395,0.00277703,-0.194827,-0.149715,0.0445755,0.00405537],[0.0606436,-0.0678387,-0.307232,0.111822,0.473944,0.394991,1.03336,0.0323922,0.0301547,-0.00721066,-0.00867767,-1.27784,0.00897121,0.0268951,-0.897713,-0.293142,0.31121,0.0172412],[-0.255349,-0.280874,1.44065,0.153769,-0.384984,-0.0567732,0.22213,0.707549,-0.0179154,-0.0177836,0.0219294,2.72121,-0.0580202,-0.0870406,2.19642,0.814478,0.948012,-0.00811412],[0.340076,0.2831,0.8556,-0.0526414,0.494802,0.402312,-0.670747,0.108133,1.16095,-0.0929269,0.0535459,-6.39811,-0.0310121,-0.0266176,-1.11281,0.414175,-1.50796,0.170213],[-0.0909309,-0.0612282,1.27956,0.566326,-0.378722,0.247178,0.111385,-0.0135143,0.123934,1.01706,0.062035,-1.67694,-0.0367253,-0.119326,1.34224,0.0584511,-0.104848,0.105022],[2.82251,1.79409,1.99248,3.48015,2.06367,-0.181578,0.42665,-0.238848,-0.390835,-0.58254,1.09175,-21.4295,-0.409729,-0.400732,-0.515472,3.41815,-0.598653,-0.11679],[-0.00772995,-0.00381368,-0.0199519,-0.00590959,-0.0052664,0.00822895,-0.00285051,0.00168787,-0.000803303,-0.00257909,0.000922953,0.986289,-0.00035462,-0.000578911,-0.0213477,-0.0286305,-0.00832497,7.47536e-05],[0.0079143,-0.241261,-3.50658,-0.141972,-0.307081,-1.57278,-0.124391,0.0347297,0.0332653,-0.00286264,-0.0240217,-3.49877,0.962771,-0.00897655,-0.309938,0.10771,-0.176433,0.0188955],[0.341867,0.271906,1.00068,0.00680605,1.59788,0.911239,0.378578,-0.119582,-0.0238089,0.0315331,-0.0309641,-7.19137,0.0665386,1.1779,-2.57191,0.456373,-0.276972,0.0114563],[0.0321409,0.063634,-0.0387661,0.0572974,0.0289453,0.0202554,-0.00280848,-0.00751807,0.00210774,0.0187399,-0.00589193,0.203565,0.0192085,0.0125722,1.07021,0.126123,0.0506908,-0.000897171],[0.130042,0.021754,-0.0695737,-0.0339514,0.180484,-0.000911137,0.0187845,-0.00638127,-0.00856286,-0.00604603,-0.00090959,-0.10159,-0.0106779,-0.00263255,-0.472705,0.285506,0.111245,0.000717489],[0.0092773,-0.0704271,0.0474534,-0.120384,0.0102871,-0.0602816,0.115844,-0.0145222,0.00963148,0.020849,-0.00333598,0.271242,0.000285894,0.0169209,-0.197187,0.131965,0.247519,0.00839287],[-0.0784834,-0.92797,-1.31592,-0.694525,1.63405,0.75489,0.312996,0.171478,0.138287,0.0571671,-0.00934672,11.578,0.130218,-0.0254423,3.79725,-0.561015,1.49234,1.11905],[0.0892797,-0.0213275,-0.0249361,-0.248185,0.145031,0.246008,0.0392145,0.00382831,-0.0260705,0.0338532,0.000446628,1.09667,0.0660566,0.0493047,-0.0932623,-0.092317,0.218243,-0.00284819],[0.00999246,0.104095,0.0832559,-0.0229911,-0.00493441,-0.0235739,0.0634049,-0.00297179,0.00953206,0.0367335,-0.000357615,0.555955,0.0315243,0.0284288,-0.247402,-0.132158,0.197249,0.00461034],[-0.0356793,-0.0594042,0.120159,-0.000813377,-0.0216463,0.0157244,0.00131174,0.0120654,-0.00234035,0.000658343,4.34595e-05,-0.0733998,0.00291419,0.00582947,-0.0901903,-0.043157,0.0412384,0.00103956],[0.256431,0.253536,-0.0595795,0.377092,0.230375,0.145974,0.0251825,-0.00768348,-0.0184943,-0.0345086,-0.00139414,0.330402,-0.0171298,-0.0268409,0.227596,0.239633,0.0242404,-0.0124328],[0.0383682,0.0242215,-0.120337,-0.0188282,0.227154,0.0177044,-0.0185182,-0.003673,0.0024446,0.00316093,0.00159884,-0.393757,-0.00516254,0.00253854,-0.254724,-0.00612491,0.00173001,-0.00435461],[-0.00538206,0.0129835,0.427694,0.105849,0.0625936,0.303016,-0.0209945,-0.000309707,0.00388376,0.00807029,0.000165433,-0.610569,0.0034545,0.00600088,-0.140335,-0.0144936,-0.0177433,0.000292508],[-0.132951,0.0561625,0.160959,-0.180203,-0.568205,-0.379375,-0.0162311,-0.041092,-0.0069864,0.0179052,0.00719411,0.262265,-0.0318571,-0.042003,0.747728,0.170385,-0.367194,-0.0123145],[0.0538937,-0.0572236,-0.541281,-0.0696375,0.00145432,-0.0184821,-0.339576,0.181627,-0.00106838,-0.0441763,-0.026845,-2.3583,-0.00627604,-0.00682588,-1.34743,-0.667204,-1.33004,-0.00501574],[-0.380885,-0.386414,-0.790536,-0.31474,-0.518029,-0.561023,0.575204,-0.129822,-0.146942,0.0268821,-0.0560229,6.0731,0.0113796,0.0394461,-0.32081,-0.229662,1.5424,-0.0786912],[0.118012,0.124863,0.408887,-0.209718,0.0288837,0.00336637,-0.102349,-0.0161807,-0.0285573,-0.0361877,-0.0429974,5.52835,0.0377493,0.0508367,-1.22683,-0.157612,-0.142517,-0.036807],[-1.80331,-1.00104,-2.03739,-2.67389,0.562746,2.03235,0.402384,-0.0262962,0.289931,0.446012,-0.0644013,18.9468,0.376154,0.290179,0.936568,-0.95208,1.61403,0.0586137],[0.00677808,-0.00538365,0.0297272,0.00454435,0.0319885,0.00961873,0.00622337,0.00147242,-0.000624582,0.00079665,-0.00011753,0.0419948,0.00167134,0.000534172,0.0333474,0.0244343,0.000433695,-0.000163709],[0.1525,0.412054,2.47962,0.362058,0.633661,1.19063,-0.111035,-0.0234951,-0.00629112,-0.0962607,0.0138041,-1.42172,-0.0910025,-0.0670057,-0.434989,-0.0290088,-0.208288,-0.000606506],[-0.0112048,-0.22675,-0.316525,0.252001,-0.984868,-0.238372,-0.490456,-0.026506,0.0137925,-0.0496392,0.0078157,2.60177,-0.149245,-0.199014,1.64537,-0.447233,0.160947,-0.0241069],[-0.0286728,-0.02121,0.0471788,-0.0659489,-0.0518959,0.0285881,0.00413818,-0.00291355,-0.00651935,-0.0183101,0.00476327,-0.0569985,-0.0183656,-0.00979432,-0.116733,-0.0711211,-0.0755107,-0.000819133],[-0.037729,-0.0162575,-0.162,0.111611,0.0789289,0.0827799,0.0300436,-0.0250235,-0.00496394,0.0184202,-0.00466231,0.123146,0.0148935,0.0157662,0.111809,0.249164,0.0752733,0.00676798],[-0.0318268,0.0547715,0.00506112,0.0087972,-0.0640965,-0.03642,0.0254819,-0.00956291,0.0151914,0.0280372,-0.00562792,0.0902447,0.02564,0.0300456,-0.112724,0.0065301,0.396262,0.0165964],[-0.300187,0.357124,0.606482,0.474904,-1.29893,-0.633586,-0.31035,-0.0812933,-0.133794,-0.0967467,0.00260739,-9.06332,-0.140403,0.0116926,-3.30059,-0.0172141,-1.15928,-0.146314],[0.0887697,0.0464147,-0.453602,0.000485247,0.0398123,-0.211273,-0.0392041,0.0152528,0.00418941,-0.00679559,-0.00544357,-0.771705,-0.0270136,-0.0169345,-0.19766,-0.112031,-0.11529,-0.0007751],[0.00812802,0.0939097,-0.0777838,0.0149568,0.0518828,0.101571,-0.0193965,0.0121526,0.0139861,0.00148468,0.000212081,-0.444993,-0.00908962,-0.00713205,-0.0194463,0.0823112,-0.11494,0.00477116],[-0.00640213,-0.0225233,0.152648,0.017569,-0.0290139,0.00607793,0.0157024,0.00342754,0.00503882,0.00257637,-0.000759623,-0.158985,0.00288697,0.00610834,-0.073049,-0.0108482,-0.00234222,0.00363826],[0.0555442,0.0774206,0.29042,0.153224,0.0466949,0.138633,0.0174464,0.00685406,0.018517,0.0307438,0.010433,0.994246,0.0343734,0.0240998,0.12793,0.0615787,0.0666696,0.00177787],[-0.00601183,-0.0425026,-0.357647,-0.0872176,0.108329,-0.111378,0.00165143,0.0113757,-0.010018,-0.00935389,0.00229595,0.229658,-0.00453822,0.00328589,-0.100974,0.0087472,0.0481375,-0.00324616],[0.0738548,0.0115875,0.00117905,0.00837467,0.146766,0.142304,0.00673039,-0.0023907,-0.00842049,-0.00527049,-0.00175017,0.230896,0.00624466,-0.0087733,0.335235,0.164197,-0.0266604,-0.00434751],[0.0723946,0.0117764,0.145457,0.0685898,0.094442,-0.0158467,-0.0172048,0.00870055,-0.0231535,-0.0106442,0.00147226,1.01527,0.0229507,0.0151478,0.149981,0.122759,0.055852,-0.00492583],[0.186993,0.328046,-0.681214,-0.0753881,0.364302,0.159688,0.0983103,0.0758858,0.0117173,0.0543669,0.00410886,-0.647293,0.0538156,0.0838313,-0.718043,-0.128712,0.24929,0.00864176],[0.139462,0.0452024,-0.565326,-0.0916878,0.138877,-0.0208933,0.243021,0.154299,-0.048231,0.118271,0.0131961,2.14416,0.0909701,0.0614434,1.47154,-0.0582774,0.508921,-0.0486055],[-0.077362,-0.109962,-1.6907,-0.203678,0.389108,-0.196282,-0.00758573,0.0147553,-0.0830532,-0.044116,-0.0184808,-4.27005,-0.0405883,0.0376323,-0.332438,0.194343,0.0617543,-0.0453691],[-1.01914,-0.793052,0.0454479,-0.806136,-2.62627,-1.85058,-0.829024,0.26517,0.100911,0.136535,-0.0273375,2.48292,0.0335738,0.110543,-0.421026,-2.46605,-1.01558,0.0581769],[-6.535e-05,0.00750409,-0.00934977,0.00156528,-0.0277626,-0.0183647,-0.0030582,-0.00331013,0.00139619,0.0016415,-0.000797022,-0.0410455,-0.00138929,9.7885e-05,-0.0113096,0.00359435,0.00855589,5.74444e-05],[0.0348844,0.0726762,0.341171,0.0340029,-0.0750853,0.280685,0.137112,-0.00210569,-0.0187374,0.0427689,0.00602321,2.90732,0.0327163,0.0156992,0.459528,0.0619189,0.0387593,-0.0193229],[-0.286525,-0.00763984,-0.997511,-0.202839,-0.497163,-0.731975,0.0567651,0.159007,0.0150238,-0.00326813,0.0216296,3.75607,0.0549574,-0.0141557,0.821716,-0.00409998,-0.132302,0.0127835],[-0.00317167,-0.0424273,-0.00784801,0.00941721,0.0232017,-0.0488459,-0.000991034,0.0103694,0.00445067,-0.000235164,0.00118151,-0.141855,-0.00071355,-0.00262784,0.0470127,-0.0547986,0.0266812,0.00170759],[-0.162476,-0.161094,0.0804694,-0.202681,-0.0463426,0.0116492,0.0240237,0.012296,-0.00341695,0.00130047,0.00188451,0.271249,0.00806928,0.0121534,-0.100802,0.0205701,0.0550437,0.000311438],[-0.0299292,-0.0332659,-0.227356,0.0531856,-0.0749636,-0.0912953,0.000204359,0.00891979,0.000533715,0.00919475,-0.00249432,-0.00368817,0.0150106,0.00157986,0.174112,-0.00381424,-0.0380804,0.00606728],[0.311634,0.492864,0.96127,0.378906,-0.315005,-0.0993052,-0.135195,-0.125387,-0.0585181,0.00985208,0.000279513,-4.04319,-0.00146684,-0.0134505,-0.0581071,0.0707046,-0.697169,-0.0756994]],"sigmahat":[[0.562437,0.525948,0.0816217,0.271587,0.599854,0.424173,-0.0148618,-0.00169467,0.000932356,0.00162809,-0.00508,0.178621,-0.00125856,-0.0288232,0.415879,0.346195,-0.140677,-0.002768],[0.525948,0.978261,0.0640603,0.273383,0.327336,0.561038,-0.0491214,-0.0530887,0.00731208,0.00074052,-0.017951,-0.310254,-0.00290637,-0.0047206,-0.33924,0.630405,-0.272201,0.00652629],[0.0816217,0.0640603,7.67417,0.027258,-1.09559,1.81899,0.181621,0.068781,0.0659044,0.0294068,0.0535493,1.8496,0.0590995,0.0628384,0.783466,-0.485354,0.224349,-0.0118696],[0.271587,0.273383,0.027258,1.04271,0.273444,0.0423312,-0.0823314,-0.0150501,0.0129027,-0.0285793,-0.00307116,-1.58212,-0.019385,-0.0422362,0.429402,0.109271,-0.302725,-0.00300574],[0.599854,0.327336,-1.09559,0.273444,2.0391,0.69407,0.0184003,0.0144409,-0.00864193,0.000671668,-0.00388428,1.17505,0.032184,-0.0163948,0.456247,0.448011,0.104434,0.015716],[0.424173,0.561038,1.81899,0.0423312,0.69407,1.8337,0.0623783,-0.0360616,0.00560636,0.00269417,0.00716104,1.24041,0.0610027,0.0345434,0.139743,0.524207,0.124028,0.00542635],[-0.0148618,-0.0491214,0.181621,-0.0823314,0.0184003,0.0623783,0.180371,-0.00795232,0.00277123,0.0222214,0.0062976,2.0357,0.0146987,0.0046115,0.262737,0.0592219,0.468332,0.00306397],[-0.00169467,-0.0530887,0.068781,-0.0150501,0.0144409,-0.0360616,-0.00795232,0.0521965,0.00410876,0.00288521,0.00577951,-0.23402,0.00125386,0.00115992,0.0160485,-0.09403,-0.0238297,-0.0017264],[0.000932356,0.00731208,0.0659044,0.0129027,-0.00864193,0.00560636,0.00277123,0.00410876,0.0102329,0.00732957,0.000953205,0.0506906,0.00570792,0.0032994,0.0373556,-0.0174203,0.0188723,0.00421702],[0.00162809,0.00074052,0.0294068,-0.0285793,0.000671668,0.00269417,0.0222214,0.00288521,0.00732957,0.0374882,-0.000506967,0.714104,0.0327466,0.0268782,0.173914,0.0166416,0.105137,0.00705865],[-0.00508,-0.017951,0.0535493,-0.00307116,-0.00388428,0.00716104,0.0062976,0.00577951,0.000953205,-0.000506967,0.00455357,0.031716,-0.00222929,-0.00222978,0.0164784,-0.0264788,0.0253544,-0.00126715],[0.178621,-0.310254,1.8496,-1.58212,1.17505,1.24041,2.0357,-0.23402,0.0506906,0.714104,0.031716,81.3515,0.779354,0.232496,12.3879,2.11446,8.01647,0.147073],[-0.00125856,-0.00290637,0.0590995,-0.019385,0.032184,0.0610027,0.0146987,0.00125386,0.00570792,0.0327466,-0.00222929,0.779354,0.0555741,0.0395526,0.147456,0.0604904,0.082794,0.00965118],[-0.0288232,-0.0047206,0.0628384,-0.0422362,-0.0163948,0.0345434,0.0046115,0.00115992,0.0032994,0.0268782,-0.00222978,0.232496,0.0395526,0.0454967,-0.107651,0.0442974,0.0558103,0.00863489],[0.415879,-0.33924,0.783466,0.429402,0.456247,0.139743,0.262737,0.0160485,0.0373556,0.173914,0.0164784,12.3879,0.147456,-0.107651,8.59277,0.13892,0.997666,-0.0120599],[0.346195,0.630405,-0.485354,0.109271,0.448011,0.524207,0.0592219,-0.09403,-0.0174203,0.0166416,-0.0264788,2.11446,0.0604904,0.0442974,0.13892,1.56996,-0.13661,0.0198737],[-0.140677,-0.272201,0.224349,-0.302725,0.104434,0.124028,0.468332,-0.0238297,0.0188723,0.105137,0.0253544,8.01647,0.082794,0.0558103,0.997666,-0.13661,2.56279,0.0177677],[-0.002768,0.00652629,-0.0118696,-0.00300574,0.015716,0.00542635,0.00306397,-0.0017264,0.00421702,0.00705865,-0.00126715,0.147073,0.00965118,0.00863489,-0.0120599,0.0198737,0.0177677,0.00754741]],"n":18,"lags":3}