{"betahat":[[0.712662,0.544461,2.85432,-0.592098,0.87192,1.68971,0.210222,0.168523,0.0208809,0.00306309,0.0474432,8.68763,0.133969,-0.00812683,3.00069,0.791832,1.83035,0.0395615],[0.822712,-0.0236196,0.469318,0.23514,-0.179575,-0.0276828,-0.0044934,-0.0178746,0.0221311,-0.0260382,0.00652396,-0.400033,-0.0382884,-0.03022,0.270868,0.207275,-0.107433,0.00540128],[-0.0184699,0.800267,-0.0235133,0.0098958,-0.0428709,-0.0970608,-0.0426978,-0.00743599,-0.0242566,-0.0368066,-0.000866859,-0.00754411,-0.0196803,-0.0204571,0.269612,0.0199155,-0.0745413,-0.00870027],[0.0424032,0.0862887,0.714167,-0.0144471,0.0481586,-0.024797,-0.0195528,-0.0161642,-0.00306731,-0.00352835,0.000484992,0.183776,-0.00620951,-0.0122261,0.148617,0.0591806,-0.047042,-0.00487633],[-0.311422,-0.33404,-0.221549,0.481442,-0.271929,-0.283457,-0.0418035,-0.000494329,-0.000355897,0.00115239,-0.00824255,-1.34586,-0.0198664,0.000477111,-0.356605,-0.29299,-0.0915243,0.0112327],[-0.0325055,0.0161165,0.463578,0.10824,0.667065,0.091281,0.0175448,-0.00957047,0.00784976,0.00676185,-0.0042392,0.166331,0.00962762,-0.00558174,0.351574,-0.0151044,-0.0454751,0.00769781],[-0.0677116,-0.0280613,-0.407413,-0.111162,-0.200349,0.56996,0.0146125,0.00324351,0.00470041,-0.0046753,0.00117567,0.348934,-0.0108367,0.00176601,-0.19874,-0.155221,0.0341757,0.00409645],[0.0267782,-0.11398,-0.285174,0.104583,0.449092,0.358298,1.05852,0.0246436,0.0333544,-0.00789899,-0.0105479,-1.34841,0.00642914,0.0263089,-0.972559,-0.340866,0.273527,0.0189626],[-0.191412,-0.1652,1.24605,0.124954,-0.362828,-0.104349,0.209762,0.711548,-0.0220861,-0.0385239,0.018738,2.35933,-0.0754066,-0.0989021,1.93011,1.00894,0.871687,-0.00433628],[0.215509,0.202599,1.15736,0.0154253,0.38437,0.419736,-0.644747,0.0913027,1.17945,-0.099694,0.0537868,-5.72688,-0.0393512,-0.0254433,-1.02286,0.372509,-1.47954,0.177652],[-0.0108662,0.0607068,1.20863,0.548322,-0.338018,0.315734,0.106682,-0.0100977,0.130293,1.04379,0.0590141,-1.86442,-0.0200981,-0.109185,1.34181,0.10953,-0.167267,0.111443],[2.89789,1.91909,2.52264,3.59807,2.08311,-0.0206255,0.473343,-0.212058,-0.371775,-0.541918,1.10312,-21.0503,-0.36312,-0.359365,-0.278704,3.78082,-0.563502,-0.107347],[-0.00914587,-0.00386142,-0.0224976,-0.00628256,-0.00718636,0.00607319,-0.00210603,0.0014542,-0.000737832,-0.00273484,0.000918828,0.990925,-0.000558918,-0.000597538,-0.0275417,-0.0282219,-0.00718041,0.00017046],[-0.0602053,-0.344038,-3.26437,-0.217884,-0.332399,-1.53585,-0.0873266,0.044989,0.0335343,0.0210823,-0.0205073,-2.53265,1.00341,0.022886,-0.196461,0.0652497,-0.0287096,0.0276095],[0.302985,0.209194,0.952293,0.0442756,1.594,0.851402,0.390893,-0.14048,-0.0283932,0.0315784,-0.0313523,-7.31762,0.0612005,1.17901,-2.4597,0.442698,-0.254363,0.00566444],[0.0326791,0.0630271,-0.040573,0.0576597,0.0288335,0.0188438,-0.00470138,-0.00770421,0.00163305,0.0182406,-0.0059432,0.170746,0.0185304,0.0121335,1.0753,0.126952,0.0464463,-0.00140021],[0.145128,0.045973,-0.066406,-0.0243352,0.172485,0.00400738,0.0143491,-0.00472339,-0.00723597,-0.00714727,-0.000406773,-0.165766,-0.0112362,-0.00321995,-0.453139,0.336958,0.108929,0.000208282],[0.0204491,-0.0665989,0.0536996,-0.123912,0.0247678,-0.0425799,0.110912,-0.00966093,0.00908709,0.0211678,-0.00265549,0.36596,0.0034183,0.016524,-0.145577,0.127529,0.272321,0.00674879],[0.0730647,-0.783921,-1.78557,-0.678203,1.68907,0.612024,0.267692,0.188241,0.12623,0.0391599,-0.012124,10.3384,0.105702,-0.0504064,3.49722,-0.413992,1.18956,1.13978],[0.0857342,-0.0220318,-0.0385316,-0.243988,0.142913,0.228672,0.0458151,0.00523693,-0.0253421,0.0351138,-0.000887366,1.16012,0.0654012,0.048772,-0.112871,-0.115155,0.237097,-0.00544743],[0.0144276,0.106632,0.0995658,-0.0192967,-0.00448973,-0.00245339,0.0630154,-0.00501257,0.0090383,0.035603,0.000190114,0.496407,0.0301016,0.0274132,-0.245179,-0.120231,0.196267,0.00239466],[-0.0358861,-0.0618944,0.127675,-0.00195662,-0.0212815,0.0176275,0.0040519,0.0118619,-0.00237214,0.000565559,0.000193378,-0.0462211,0.00296061,0.00601306,-0.0825348,-0.0424231,0.0493719,0.00099936],[0.257612,0.252779,-0.0626755,0.364572,0.224486,0.143979,0.0236472,-0.00494826,-0.0177534,-0.031723,-0.00166095,0.300465,-0.0137689,-0.0231563,0.228674,0.231292,0.0220402,-0.0120742],[0.0414422,0.0287684,-0.123187,-0.0185472,0.233394,0.0263278,-0.0200683,-0.00446352,0.00189988,0.00177465,0.00182671,-0.396561,-0.00490142,0.00205047,-0.248159,-0.000529357,-0.00240826,-0.00430369],[-0.00717126,0.00809912,0.427998,0.104545,0.0570177,0.295943,-0.0220979,0.00104026,0.00360471,0.00954328,0.000505325,-0.609738,0.0046571,0.00674966,-0.128693,-0.012034,-0.0141311,-9.33227e-05],[-0.113269,0.0800567,0.125899,-0.17141,-0.541154,-0.367604,-0.028272,-0.0402127,-0.008775,0.0184194,0.00704933,0.316609,-0.0295689,-0.0405687,0.80542,0.2236,-0.359883,-0.00995442],[-0.0135457,-0.164938,-0.448055,-0.0812865,-0.0603398,-0.0415527,-0.329533,0.191349,0.00363337,-0.0304546,-0.0216113,-1.97184,0.00573626,0.00265367,-1.19215,-0.814521,-1.25097,-0.00218111],[-0.346246,-0.35332,-0.876349,-0.287185,-0.476238,-0.559413,0.534462,-0.138136,-0.151115,0.0273103,-0.0591789,5.47811,0.0127211,0.0285713,-0.349153,-0.303259,1.3746,-0.0890915],[0.071085,0.037139,0.369734,-0.228078,-0.00651307,-0.0617071,-0.110219,-0.017229,-0.0395708,-0.0489632,-0.040462,5.15727,0.0226196,0.0449765,-1.27054,-0.210575,-0.110429,-0.0489407],[-1.81751,-1.03167,-2.29122,-2.82085,0.436277,1.86392,0.422806,-0.0406483,0.27646,0.437465,-0.0908485,19.8809,0.338339,0.265747,0.590519,-1.20832,1.67359,0.0494322],[0.00825741,-0.00486375,0.0315118,0.00469791,0.0334069,0.0111095,0.00546903,0.00173262,-0.000552042,0.00110539,-9.96871e-05,0.0351553,0.00182056,0.00052835,0.0383782,0.0247603,-0.00288188,-0.000115149],[0.167337,0.444192,2.32654,0.407202,0.614599,1.13183,-0.116515,-0.0273458,-0.00713104,-0.111583,0.00959538,-1.90847,-0.112302,-0.0897271,-0.540176,-0.0414102,-0.283883,-0.00359253],[-0.0122353,-0.17659,-0.170396,0.216475,-1.00056,-0.162356,-0.482541,-0.0106058,0.0161218,-0.05019,0.0106669,3.25996,-0.143792,-0.197973,1.59921,-0.469547,0.242921,-0.0223965],[-0.0324019,-0.0226828,0.0456258,-0.0695949,-0.0549815,0.0269277,0.0060725,-0.00264576,-0.00635771,-0.0178155,0.00481191,-0.0213802,-0.0175522,-0.00883866,-0.122804,-0.0733606,-0.0720985,-0.000250632],[-0.0304485,-0.00274126,-0.135675,0.114223,0.0632738,0.0746275,0.0261868,-0.0236691,-0.0042404,0.0146641,-0.00456756,0.127491,0.00987821,0.0108288,0.111033,0.285957,0.0478579,0.00652829],[-0.0305618,0.0531771,0.00440424,0.00433002,-0.0614483,-0.031241,0.0226409,-0.00581705,0.0134994,0.0269002,-0.00484695,0.149259,0.0255099,0.0301444,-0.104954,-0.0045473,0.438695,0.0145344],[-0.317697,0.350318,0.708314,0.459145,-1.34254,-0.613182,-0.23336,-0.0808418,-0.126885,-0.0684993,0.00670267,-8.27691,-0.116262,0.0417568,-3.23467,0.0219601,-0.764577,-0.154687],[0.0915555,0.0456587,-0.430776,0.00886953,0.036654,-0.201001,-0.0413142,0.0126373,0.00321143,-0.0090699,-0.00563586,-0.76,-0.027112,-0.0185502,-0.157972,-0.092132,-0.129638,4.48922e-05],[0.00404004,0.0930983,-0.0760466,0.00941823,0.0473489,0.099496,-0.020307,0.0124495,0.0152181,0.00120785,0.000677623,-0.488738,-0.0104224,-0.0069557,-0.0244047,0.100297,-0.12169,0.00630401],[-0.00649674,-0.0243665,0.158037,0.0164216,-0.0268637,0.00712286,0.0155276,0.00430091,0.00544165,0.00298053,-0.000677547,-0.137015,0.00326132,0.006222,-0.0659996,-0.016745,-0.0022015,0.00387718],[0.0538109,0.0812712,0.284265,0.153994,0.0474273,0.139482,0.0181599,0.00544207,0.018109,0.0305733,0.00990413,1.04533,0.0336343,0.0226806,0.127925,0.0616894,0.0694861,0.000839947],[-0.00892635,-0.0448681,-0.340383,-0.0896563,0.0995232,-0.117636,0.00253037,0.0140339,-0.0097478,-0.00852553,0.00241353,0.230364,-0.00472348,0.00353405,-0.103365,0.0156118,0.0479231,-0.00339648],[0.0748909,0.0199734,-0.0206146,0.00664653,0.143317,0.13405,0.00749774,-0.00428282,-0.00830305,-0.00485602,-0.00167975,0.261007,0.00618429,-0.0085111,0.327472,0.167233,-0.0199783,-0.00400507],[0.0864206,0.0338532,0.159383,0.0668226,0.0919199,0.00920184,-0.0301935,0.0155707,-0.0245619,-0.010475,0.00350254,1.03196,0.0231872,0.0142882,0.167019,0.117147,0.0865307,-0.00900389],[0.193418,0.323141,-0.646042,-0.0383779,0.406843,0.206483,0.105415,0.0750401,0.0141342,0.0612915,0.00277861,-0.596494,0.0627442,0.088616,-0.673337,-0.176931,0.292847,0.00455146],[0.174887,0.0539475,-0.749885,-0.0109295,0.22093,-0.0448121,0.214279,0.15141,-0.0548088,0.0980603,0.0113164,1.63807,0.0695642,0.0441927,1.41709,-0.0446656,0.485455,-0.0548252],[-0.0902609,-0.133758,-1.62274,-0.221757,0.407478,-0.203699,-0.00746753,0.0172256,-0.083543,-0.04431,-0.0168775,-3.90572,-0.0353357,0.0365914,-0.222249,0.15607,0.0757949,-0.0445156],[-1.08034,-0.887346,-0.231434,-0.777196,-2.5194,-1.84333,-0.896172,0.252722,0.0953121,0.104462,-0.0122763,1.16888,0.0247902,0.0936284,-0.312057,-2.57257,-1.11017,0.0579129],[0.000257772,0.00784498,-0.0088149,0.00172182,-0.0269544,-0.0175572,-0.00319574,-0.00329943,0.00126663,0.00152581,-0.000820366,-0.0339177,-0.00133557,8.56033e-05,-0.0105712,0.00323055,0.0101564,-7.06876e-05],[0.0244696,0.0546598,0.446281,-0.00812533,-0.0847563,0.331257,0.141895,-0.00765523,-0.0219491,0.0520402,0.00801843,3.11245,0.047226,0.0268751,0.558084,0.0553851,0.0826406,-0.0228849],[-0.260524,-0.00333978,-0.957744,-0.222428,-0.511092,-0.70865,0.0622944,0.158866,0.0150373,0.00347667,0.0198631,3.54753,0.0649306,-0.00176103,0.78767,0.0390619,-0.132939,0.0184751],[-0.000185585,-0.0402724,-0.00506935,0.0122657,0.026199,-0.0459303,-0.0012056,0.0103368,0.00474459,-0.000292793,0.00114706,-0.146994,-0.000873886,-0.00315999,0.0472059,-0.0535153,0.0266486,0.00164214],[-0.156505,-0.153611,0.0487302,-0.192048,-0.0405667,0.00881175,0.0186559,0.0126418,-0.00293288,0.000954516,0.00130436,0.259089,0.00818452,0.012004,-0.0891235,0.0405432,0.0391857,-0.000199153],[-0.0311187,-0.0344743,-0.226251,0.0532056,-0.0778383,-0.0959702,-0.00296859,0.00943534,0.000338592,0.00879878,-0.00223316,-0.0623542,0.0141886,0.00242658,0.168284,0.00499413,-0.0419729,0.00581565],[0.273336,0.452074,1.17764,0.31105,-0.317473,-0.00399349,-0.14262,-0.118055,-0.0523671,0.00710594,0.00179977,-3.57495,0.000139126,-0.0112,0.0701549,0.0474765,-0.736627,-0.0767073]],"sigmahat":[[0.574616,0.537495,0.0704091,0.2826,0.619141,0.420661,-0.0195301,0.00274194,0.000741813,0.000649072,-0.00485645,0.162376,-0.0037876,-0.0320253,0.421681,0.355256,-0.143089,-0.00439078],[0.537495,0.998557,0.0476727,0.282763,0.342225,0.556534,-0.0546968,-0.0493924,0.0080373,-0.000986009,-0.0179039,-0.417625,-0.00712359,-0.00926779,-0.337077,0.642074,-0.280194,0.00452942],[0.0704091,0.0476727,7.77182,0.00304909,-1.14536,1.83964,0.190858,0.0580555,0.0643281,0.0366155,0.0535116,2.36822,0.0623134,0.0632628,0.937778,-0.429238,0.251061,-0.0140801],[0.2826,0.282763,0.00304909,1.05691,0.281379,0.0449915,-0.0873325,-0.0147127,0.0132764,-0.0325062,-0.00307623,-1.63478,-0.0246641,-0.0481261,0.440967,0.103922,-0.304713,-0.00444982],[0.619141,0.342225,-1.14536,0.281379,2.09867,0.710259,0.0142026,0.0192391,-0.00927033,-0.00322665,-0.0036918,1.11521,0.0294174,-0.0208597,0.406542,0.469361,0.0974614,0.0137416],[0.420661,0.556534,1.83964,0.0449915,0.710259,1.86277,0.0636631,-0.036463,0.00537777,0.0026207,0.00782687,1.30851,0.0606127,0.0319234,0.159282,0.535079,0.136916,0.00259399],[-0.0195301,-0.0546968,0.190858,-0.0873325,0.0142026,0.0636631,0.187512,-0.00884361,0.00296961,0.0258839,0.00604889,2.08877,0.0181686,0.00804301,0.262174,0.0620473,0.48417,0.0026722],[0.00274194,-0.0493924,0.0580555,-0.0147127,0.0192391,-0.036463,-0.00884361,0.0528157,0.00412744,0.00321085,0.00573815,-0.207498,0.00133381,0.000938726,0.0219676,-0.0874606,-0.0291307,-0.00162229],[0.000741813,0.0080373,0.0643281,0.0132764,-0.00927033,0.00537777,0.00296961,0.00412744,0.010381,0.0073356,0.000929148,0.0536368,0.00560306,0.00334128,0.0350172,-0.0140765,0.0175266,0.004431],[0.000649072,-0.000986009,0.0366155,-0.0325062,-0.00322665,0.0026207,0.0258839,0.00321085,0.0073356,0.0393426,-0.00049008,0.766816,0.0343419,0.0281267,0.18195,0.0153377,0.115776,0.00656872],[-0.00485645,-0.0179039,0.0535116,-0.00307623,-0.0036918,0.00782687,0.00604889,0.00573815,0.000929148,-0.00049008,0.00459519,0.0401962,-0.00230824,-0.00237138,0.0193115,-0.0257887,0.0239525,-0.00132756],[0.162376,-0.417625,2.36822,-1.63478,1.11521,1.30851,2.08877,-0.207498,0.0536368,0.766816,0.0401962,83.1162,0.83153,0.267868,12.8097,2.05965,8.28954,0.122573],[-0.0037876,-0.00712359,0.0623134,-0.0246641,0.0294174,0.0606127,0.0181686,0.00133381,0.00560306,0.0343419,-0.00230824,0.83153,0.0573895,0.0407458,0.157067,0.0584201,0.0967453,0.00914691],[-0.0320253,-0.00926779,0.0632628,-0.0481261,-0.0208597,0.0319234,0.00804301,0.000938726,0.00334128,0.0281267,-0.00237138,0.267868,0.0407458,0.0464971,-0.103631,0.0402958,0.0666205,0.00822047],[0.421681,-0.337077,0.937778,0.440967,0.406542,0.159282,0.262174,0.0219676,0.0350172,0.18195,0.0193115,12.8097,0.157067,-0.103631,8.7582,0.202494,1.03699,-0.0163382],[0.355256,0.642074,-0.429238,0.103922,0.469361,0.535079,0.0620473,-0.0874606,-0.0140765,0.0153377,-0.0257887,2.05965,0.0584201,0.0402958,0.202494,1.6183,-0.12798,0.0187721],[-0.143089,-0.280194,0.251061,-0.304713,0.0974614,0.136916,0.48417,-0.0291307,0.0175266,0.115776,0.0239525,8.28954,0.0967453,0.0666205,1.03699,-0.12798,2.64912,0.0145777],[-0.00439078,0.00452942,-0.0140801,-0.00444982,0.0137416,0.00259399,0.0026722,-0.00162229,0.004431,0.00656872,-0.00132756,0.122573,0.00914691,0.00822047,-0.0163382,0.0187721,0.0145777,0.00804117]],"n":18,"lags":3}