{"betahat":[[0.270191,-0.122484,1.12028,-1.58086,1.67502,2.19043,0.982454,0.150262,-0.178483,-0.110369,0.10313,-0.158634,-0.0448206,10.9785,0.070003,0.0629377,1.18623,-0.583986,-0.0985136,0.718696,3.08548,0.0489645],[0.822431,0.00716533,0.42812,0.389834,-0.159715,-0.0570779,-0.0130416,-0.00643285,0.0315288,-0.0307245,0.00886937,0.0332046,-0.0409593,-0.656676,-0.0548353,-0.0469734,0.267592,0.110221,0.015878,0.28022,-0.0928889,0.00333904],[0.0241779,0.769519,0.0407702,-0.0250751,-0.0407854,-0.114794,-0.0363014,-0.00750159,-0.0264429,-0.0472633,-0.00208528,-0.0251427,0.0942985,0.742778,-0.0240956,-0.0276979,0.371936,0.00647284,-0.0294838,-0.0390708,-0.0278504,-0.00592308],[0.0329609,0.0883217,0.697102,0.0141315,0.0417947,-0.0204002,-0.02086,-0.0129381,-0.00307259,-0.0070285,0.00162375,-0.00153185,0.0756502,-0.0717765,-0.0107564,-0.0164393,0.145208,0.0726469,-0.0035383,0.0531797,-0.0510615,-0.00821434],[-0.360293,-0.352176,-0.231275,0.386382,-0.348652,-0.31984,-0.0338603,-0.0178239,-0.00408787,0.0023987,-0.0115668,0.000736784,0.17122,-1.71368,-0.0212877,0.0101683,-0.551451,-0.449524,0.0142427,-0.349655,-0.125845,0.00942975],[-0.0243179,0.0292768,0.489086,0.110701,0.675163,0.131116,0.0228658,0.000238396,0.00626085,0.00759365,-0.00393256,0.0108846,-0.0905698,0.823241,0.013821,-0.0114932,0.557512,0.0695015,0.00549111,0.145743,0.00677528,0.00752676],[-0.0707277,-0.0422773,-0.293544,-0.153065,-0.230295,0.570658,0.019641,-0.00248182,0.00736789,0.0037803,0.00030605,0.00658254,-0.112067,0.638555,-0.00673821,0.00732868,-0.156788,-0.0103641,0.00126924,-0.193741,0.0587521,0.00725293],[0.0980891,-0.103915,0.0305764,0.0867093,0.453247,0.372394,1.00985,0.030374,0.0425613,0.00115191,-0.0119403,0.0294403,-0.279166,-1.39958,0.0141523,0.0475542,-1.21554,0.0100348,0.0526088,-0.287669,0.430003,0.0364526],[-0.15151,-0.180261,1.40505,0.204057,-0.643744,-0.0241239,0.192994,0.58728,-0.0037115,0.0183567,0.0186781,0.0142179,-0.429437,-2.21466,-0.0824377,-0.0907322,1.77885,-1.98837,0.0668415,-0.756867,0.299121,-0.035833],[0.0475709,-0.0365859,0.962573,0.223075,-0.0932571,0.149288,-0.482464,0.00133186,1.10284,-0.121733,0.0454358,0.141795,0.355338,-6.75434,-0.141427,-0.0125986,-2.04161,-1.95288,0.0702745,-0.665147,-1.56015,0.0651884],[-0.335272,-0.277007,0.268817,0.13515,-0.57336,-0.0529397,0.175353,-0.0881092,0.104942,0.996993,0.058913,0.104983,-0.352484,-2.47709,-0.0653263,-0.132668,0.572151,0.172233,0.0757801,-1.96864,-0.380277,0.0927627],[2.25902,0.709765,-0.180844,4.14362,2.23758,-0.848435,0.280137,0.0132338,-0.390687,-0.60083,1.12237,-0.627832,2.25549,-14.5127,-0.189324,-0.535198,3.20814,10.0562,-0.0439506,3.92259,-1.47252,-0.0782889],[0.204664,-0.277319,-2.77124,-0.347774,1.29004,-0.295217,-0.40539,0.170169,-0.0284989,-0.166633,0.0826571,0.974389,-0.619116,-3.9116,-0.0601177,-0.14792,-0.45135,1.58039,0.0292782,-0.123518,-1.45844,0.0900054],[-0.0323983,-0.00422111,0.00111241,0.0674954,-0.0335686,-0.00243224,-0.0157063,-0.0109466,-0.00337778,-0.0108609,0.000170547,-0.00040938,0.86876,-0.428541,-0.00937884,0.00252878,-0.184997,0.118374,-0.00388824,0.110929,-0.0493559,0.00269319],[-0.00452055,0.00336077,-0.00849301,-0.00392996,0.00626561,0.0184579,-0.00162906,0.000194758,-0.000706234,-0.00232809,0.000166038,-0.000183746,-0.0348261,0.955929,0.000255485,0.000780805,-0.0168605,0.000416524,-0.00273657,-0.0143712,-0.00588505,0.000937113],[-0.103435,-0.332625,-3.21032,-0.105579,-0.564982,-1.65168,-0.139397,0.0147241,0.0236391,0.00555681,-0.0184797,0.022819,1.11178,-1.00392,1.00854,0.0386153,0.149801,-0.00420801,0.0545776,1.20444,-0.0744355,0.0497024],[0.352974,0.205537,1.33341,0.237947,1.95549,1.09478,0.383971,-0.00865245,-0.0151032,-0.0176379,-0.0237543,-0.0754874,0.352695,-8.14163,0.032597,1.14389,-2.8365,0.120456,-0.111502,1.39484,0.140381,0.011706],[0.020507,0.00943697,-0.0248441,0.0587239,0.0243745,-0.00114198,-0.00809665,0.00679881,0.00265903,0.0139119,-0.00398287,0.00221635,0.0977738,-0.308739,0.013555,0.00985959,1.00286,-0.0390183,-0.00132431,0.0877349,0.0396385,-0.00353523],[0.0192343,0.0131909,-0.0811377,-0.00900996,0.0635188,0.0263414,0.00158637,0.0143238,-0.00479373,-0.00956689,0.00119924,-0.00602559,-0.0686522,-0.166795,-0.00445627,-0.002769,-0.0907301,0.989613,-0.00129465,0.00646748,0.0373902,-0.001254],[0.656882,1.00219,2.2453,0.532942,0.594636,1.57276,-0.138814,0.0375722,0.112247,0.137147,-0.0753722,0.141984,1.46766,11.2661,0.212061,-0.0401672,4.62266,2.20704,1.04752,1.88576,0.595465,0.0744683],[0.15796,0.220964,0.109296,0.0633205,0.189336,0.121099,-0.0025103,-0.0281487,-0.0104985,0.000137477,-0.00526523,-0.00668548,0.0217936,1.10252,0.0183967,0.00475235,0.080132,0.0626606,-0.00216641,0.6694,0.0679352,0.00390071],[-0.0102062,-0.081691,-0.0164965,-0.107615,-0.00837878,-0.0563628,0.114457,-0.00946565,0.00819847,0.0196738,-0.000227116,0.00651034,-0.0535098,0.546771,-0.000102124,0.00464781,-0.0163811,0.211567,0.00424526,0.0468823,0.210283,0.00534473],[-0.358703,-1.03186,0.956228,-0.62857,1.01042,0.738677,0.456401,0.268228,0.191322,0.159042,-0.00278781,0.177239,-0.706183,8.19203,0.235516,0.18342,2.75207,0.610018,0.184352,2.14349,2.289,1.12987],[0.0583321,-0.0473555,0.051238,-0.348285,0.111482,0.307032,0.0606396,-0.00602846,-0.0339566,0.038139,-0.00316722,-0.0337693,-0.0593251,2.05532,0.0806213,0.0616216,0.0273938,-0.15332,-0.0213915,-0.0768853,0.315693,-0.00373125],[0.0289379,0.179315,0.146567,0.0593621,-0.0280411,0.00579538,0.0556654,-0.0119626,0.0159784,0.0484291,0.00158183,0.015952,-0.0469097,-0.328303,0.0271812,0.0310703,-0.337054,-0.192786,0.0230691,-0.0468103,0.166969,-0.000880042],[-0.0344374,-0.0655143,0.132384,-0.0282575,-0.0246869,0.00966796,0.00228372,0.0105839,-0.00220886,0.00288181,-0.000487848,-0.00401347,-0.0920781,0.0558299,0.00715458,0.00906142,-0.0846355,-0.148762,0.00192902,-0.0556229,0.0377371,0.00245563],[0.336472,0.311947,-0.0785049,0.465294,0.309081,0.180145,0.0156179,0.0045854,-0.0162247,-0.0319396,-0.00103255,-0.0239259,0.0541095,0.717827,-0.0114409,-0.0344242,0.496,0.31301,-0.00868021,0.30116,0.0339882,-0.0108365],[0.0393447,0.0247883,-0.110913,-0.00648985,0.231283,0.0137732,-0.0136109,-0.00919699,0.00138646,0.000899226,0.000899744,-0.00313713,0.0446639,-0.427387,-0.00840712,0.00231289,-0.308879,0.141581,-0.0033554,-0.0403075,0.0109518,-0.00378965],[-0.00906399,0.0289282,0.377988,0.141541,0.0456308,0.292748,-0.0244727,-0.00213928,0.00444643,0.00844758,0.000374318,0.0033464,0.0376935,-0.788092,0.00310438,0.00561566,-0.16865,0.00812564,0.00643004,-0.0410975,-0.0395317,-0.00229536],[-0.171962,0.0851626,-0.0419738,-0.101906,-0.539955,-0.371821,0.0104695,-0.0592957,-0.0192523,0.0192533,0.0049208,-0.00883386,-0.166012,1.03441,-0.0179832,-0.048128,1.22099,-0.464389,-0.0156109,0.33174,-0.435252,-0.0145997],[0.0172258,-0.140084,-1.04,-0.360898,0.193811,-0.293848,-0.348261,0.281733,-0.00240333,-0.0797463,-0.0172727,-0.0116545,0.596622,-1.34619,-0.00961546,0.00489379,-2.42986,1.63399,-0.0376593,-0.250034,-1.05371,-0.00357252],[-0.301836,-0.21896,-1.15307,-0.422546,-0.228527,-0.54491,0.362541,-0.0993582,-0.11516,-0.00222471,-0.054735,-0.11994,0.0578412,4.29969,0.0079597,-0.0141605,-0.369203,0.825468,-0.0791059,0.23553,1.12539,-0.0304993],[0.342825,0.430273,1.05085,0.123511,0.43491,0.349687,-0.17685,0.0337178,-0.00985364,-0.0144712,-0.044995,-0.00836289,-0.260154,5.2326,0.0770942,0.0853282,-0.988738,0.647032,0.0176992,1.54953,-0.0462179,-0.0384571],[-1.73965,-1.6486,-0.416887,-3.04596,2.38424,2.69437,0.303361,-0.142441,0.284767,0.482552,-0.117124,0.461305,-2.02094,23.8968,0.534278,0.541335,-0.23934,-14.4706,0.0733799,-2.59378,2.17197,0.147554],[-0.293123,-0.166671,1.08473,0.00873269,-0.680304,0.361989,0.609225,-0.21138,-0.0947793,-0.00657481,-0.0539258,-0.113115,0.197602,6.1246,-0.0357464,0.0543565,0.012434,-1.37269,-0.143951,-0.214958,1.93699,-0.0506977],[0.0603804,0.0137079,-0.0281177,0.0253714,0.0414863,0.0167946,-0.0156641,0.00816421,0.00407502,0.0132093,-0.000818312,0.00130143,-0.0925864,0.157619,0.0317804,0.00581189,0.286592,-0.0145916,0.00792399,-0.0783208,-0.0814185,0.000536583],[0.00607962,-0.0058063,0.043196,0.00606653,0.015808,0.0052182,0.00514984,0.00318634,-0.000207838,0.00160997,0.000275689,-0.000530989,0.0126897,0.110387,0.00117606,-0.000592428,0.0383901,-0.00540859,0.000721647,0.0406265,0.00845849,-0.000950951],[0.285656,0.522817,2.33406,0.367273,0.747562,1.26306,-0.0758699,0.00370806,-0.00244634,-0.0944558,0.0145817,0.0050996,-0.611098,-2.32195,-0.12991,-0.138446,-0.197275,0.0297186,-0.0743442,-0.5366,-0.249072,-0.0362316],[0.0434247,-0.0839707,-0.819955,0.241138,-1.05642,-0.106334,-0.496972,-0.129242,-0.00118345,-0.0358003,-0.0015472,0.0606268,-0.287456,3.07232,-0.115108,-0.189836,2.41997,0.359052,0.0496571,-1.09974,-0.257476,-0.0180209],[-0.016302,0.0206325,0.0647773,-0.0451051,-0.0470165,0.0432599,0.00507133,-0.0101072,-0.0052067,-0.0135801,0.00376874,-0.00507423,-0.0526077,0.291428,-0.0145362,-0.00826348,-0.0843275,-0.015246,-0.00224251,-0.0322592,-0.0437908,0.000975982],[-0.0491787,-0.0371091,0.0951762,0.0515474,-0.0743524,-0.0411892,-0.0235058,-0.00677998,0.00190244,-0.010945,-0.00108755,0.000323906,0.0112097,-1.39931,-0.0100547,0.00459876,-0.246739,0.0127059,-0.00118284,0.0413758,-0.110209,-3.16147e-05],[-0.329276,-0.427115,-0.841851,-0.534465,-0.707306,-1.43261,0.160722,0.00652063,0.00820603,0.0526686,0.0148489,-0.00153191,-0.358916,-7.14221,0.0141844,0.167258,-3.31286,-3.46056,0.00898277,-2.80368,0.16672,-0.0203408],[-0.0120469,-0.0541581,-0.212916,-0.082079,-0.0702383,-0.0236645,0.0244872,-0.0137136,0.00225155,0.00559328,0.00127176,-0.00300789,-0.107485,-1.58733,-0.0190343,-0.00127804,-0.257033,0.0710792,0.00170864,-0.0511826,-0.0959278,-0.00430706],[-0.0514704,0.0232617,-0.0399081,-0.00633409,-0.103043,-0.0931597,0.0115487,-0.0020618,0.0132038,0.0199055,-0.00322205,0.0133135,-0.191644,-0.554262,0.0192202,0.0285908,-0.258717,-0.0317599,0.0115259,-0.0901409,0.336509,0.0111472],[-0.0159001,0.695865,-1.31757,0.671306,-1.43765,-0.938404,-0.471237,-0.209801,-0.149429,-0.156881,0.0112997,-0.135983,-0.13036,-8.32114,-0.275861,-0.185609,-2.39821,0.63926,-0.107939,-1.25703,-1.99008,-0.175854],[0.119237,0.0401959,-0.479417,-0.0415309,0.0482328,-0.249973,-0.0475906,0.012461,0.00242732,-0.00741215,-0.00570186,0.000562272,0.100319,-1.39856,-0.0257891,-0.0146494,-0.295014,0.0431578,0.00551406,-0.203343,-0.22276,0.000392086],[-0.053116,0.0511647,-0.187414,-0.0342731,0.0688274,0.108973,-0.0193541,0.0194645,0.0104633,-0.00116477,0.000503471,0.00918784,-0.0473554,-0.414348,-0.00308979,-0.00337468,-0.0349113,0.186369,0.00641461,0.0858562,-0.139069,0.00680306],[0.00147725,-0.0227968,0.170221,0.0141517,-0.0170971,0.0106494,0.0186057,0.00235331,0.00528114,0.00415394,-0.0011353,0.00554209,0.016503,0.0164305,0.00360155,0.00737631,-0.0605851,0.0762652,0.00161165,0.00245467,0.0134713,0.00576039],[0.0238234,0.0402379,0.309764,0.148322,0.0395641,0.139697,0.0182446,0.0132394,0.0203117,0.0295419,0.0125996,0.0231867,-0.225299,0.995797,0.0327262,0.0242562,0.0553907,0.136574,-0.00556239,0.0484898,0.0918782,0.00140624],[-0.0150235,-0.0540538,-0.378267,-0.104171,0.0935342,-0.144936,-0.00924621,0.00895689,-0.00764749,-0.00848962,0.0030333,-0.00775054,0.0459593,-0.395828,-0.00542095,0.00917617,-0.248672,-0.210995,-0.00213381,-0.105457,-0.0176743,-0.00373875],[0.0797915,0.0133536,-0.0845985,0.0115569,0.184648,0.13652,0.00484691,0.00462011,-0.0118144,-0.0122242,-0.0006797,-0.00993185,0.0744301,0.149641,0.00362794,-0.0129476,0.325387,0.00234506,-0.00769687,0.234813,-0.0191414,-0.00495859],[0.0738577,0.0186522,0.0112078,0.0153125,0.0867221,-0.000726113,-0.0202669,0.0289009,-0.0233121,-0.0203717,0.00702006,-0.0206146,0.44536,0.365555,0.00385084,0.000588117,-0.00512019,0.454618,-0.0369813,-0.0440385,0.00545666,-0.0218541],[0.142841,0.338338,-0.126188,0.172885,0.443209,0.417459,0.133644,0.1134,0.00352307,0.059527,-0.00190039,-0.00333177,-0.197701,3.38498,0.0956848,0.0845521,0.791779,0.228018,-0.0320306,1.08424,0.672118,0.0360922],[0.216872,0.222587,-0.24426,-0.000755528,0.2801,0.153976,0.151621,0.17602,-0.00408373,0.12039,0.00886317,-0.00940055,-0.44361,4.68399,0.139044,0.025451,2.2428,1.00908,0.0165384,0.763328,0.544023,-0.0123702],[-0.00310761,-0.158822,-1.12995,-0.112733,0.242779,-0.201548,-0.0429283,0.0598289,-0.0765835,-0.0140141,-0.0144356,-0.0762688,0.577165,-2.43843,-0.0127469,0.0364683,0.531832,-0.806894,-0.0829052,0.636517,0.246051,-0.0361358],[-0.519323,0.938934,0.597904,-1.09764,-4.62182,-1.84578,-0.583494,0.129215,0.105912,0.118273,-0.00524388,0.166513,-0.234501,-9.38375,-0.344944,-0.00612878,-2.96884,4.41444,-0.0294373,-1.32876,-0.699332,-0.0692706],[0.0571534,0.183676,0.266443,0.130815,-0.104125,0.0494792,0.106869,0.0996349,0.0172088,0.0902226,0.00357037,-0.000400042,-0.0958824,-0.950667,0.0388609,0.0767294,0.478699,0.363569,0.0240603,0.311448,0.194011,-0.020819],[-0.0279359,-0.00930721,0.0263219,-0.0927627,-0.00787738,-0.014443,0.0315026,0.00280327,-0.000700162,-0.0023345,0.000653099,-0.000904828,0.223895,0.272354,-0.022449,-0.00836,-0.101954,-0.10332,-0.00403863,-0.0325469,0.131235,-0.0032281],[-0.00193847,0.00175854,-0.0343546,-0.00178502,-0.0225454,-0.0238863,-0.00344561,-0.0035602,0.000917028,0.000656514,-0.000456509,0.000684897,0.0214898,-0.0749405,-0.00139911,-0.000120148,-0.0209519,0.00513624,0.00200608,-0.0270064,-0.00276525,7.01781e-06],[-0.104218,-0.0966585,0.297771,-0.064806,-1.58108e-05,0.25149,0.103689,-0.0054764,-0.00885748,0.0355747,-0.00234628,-0.0221529,-0.267932,1.5264,0.0421716,0.0435598,-0.189604,0.251703,0.0203757,-0.638577,-0.0247712,-0.00683028],[-0.372397,-0.101593,-0.650421,-0.43853,-0.838758,-1.0262,0.0739281,0.14891,0.0211861,0.0413587,0.0249334,0.0219973,-0.0571938,4.8472,0.0677927,0.0235937,0.44592,-0.375799,0.0662124,-0.253654,-0.0143887,0.00865513],[-0.00421266,-0.0302021,-0.0406853,-0.0131643,0.0226921,-0.0425214,0.00323467,0.00326364,0.00258005,-0.000259287,0.00022979,0.00284493,-0.0445997,0.0164132,0.000956914,-0.00155141,0.0804211,0.0549019,0.00358058,-0.0556392,0.00515171,0.00257132],[0.0302852,0.0242715,-0.0152147,-0.0428127,0.0106099,0.0133783,0.0210406,-0.00731649,0.00285553,0.020447,-0.000190842,0.00574065,0.0576235,1.56056,0.0142056,-0.00209638,0.336831,-0.00963973,0.00242656,-0.0504818,0.0697343,0.00118963],[0.112912,-0.14123,-0.357403,-0.191236,0.594387,0.321037,-0.00979675,0.0139302,-0.0779259,-0.0238151,0.0408307,-0.0944424,-0.0429889,-0.200818,-0.0389942,0.00220802,-0.558682,0.328321,-0.0897501,1.06082,-0.203456,-0.0557826],[-0.10125,-0.140228,-0.147965,-0.0244003,0.0303793,-0.0438345,-0.00874938,0.00430843,-0.00238651,-0.00484767,-0.000339771,-0.00190871,-0.00821785,-0.0431731,0.00539932,0.00251101,-0.166296,0.0361669,-0.00392838,-0.122034,0.00219919,0.00143047],[-0.0134351,-0.0269874,-0.232898,0.092159,-0.104642,-0.131776,-0.0104508,0.00110127,-0.000124878,0.0120584,-0.00392718,0.00032066,-0.0357117,-0.251451,0.0149527,0.00619023,0.121563,-0.122425,0.0107314,-0.0959828,-0.0752583,0.00589034],[0.142099,0.219335,0.954541,0.311329,-0.294841,-0.20244,-0.303602,-0.149981,-0.0448244,-0.0609853,-0.0175206,-0.0370616,0.463514,-5.94761,-0.0374504,-0.0681196,-0.220165,-0.684769,-0.0314792,-1.34817,-1.38886,-0.0498072]],"sigmahat":[[0.505219,0.443386,0.0809762,0.327191,0.514167,0.325477,-0.0243143,0.0143138,0.00322787,-0.0105769,0.000978237,-0.00252928,0.00912001,-0.569867,-0.0236765,-0.0438457,0.339488,0.1539,-0.0144768,0.143872,-0.140805,-0.0106653],[0.443386,0.794569,0.126856,0.358336,0.246595,0.442123,-0.0565215,-0.00731708,0.00950633,-0.0101277,0.00147399,0.00371205,-0.103863,-1.13852,-0.029244,-0.035417,-0.0339423,0.43907,-0.00943193,0.272154,-0.231262,-0.0135926],[0.0809762,0.126856,6.41304,0.0530643,-0.728962,1.75839,0.131588,0.0473478,0.0317038,0.00426849,0.0240958,0.0364052,-0.303648,0.772051,0.0737713,0.0847829,-0.0972878,-0.453013,-0.0197736,0.435952,0.0520485,-0.00816733],[0.327191,0.358336,0.0530643,1.02704,0.298018,0.0884759,-0.0539387,-0.0177171,0.0126455,-0.0112029,-0.000483225,0.00299586,-0.143652,-0.974022,-0.0207953,-0.0432348,0.621203,0.493545,0.0115085,0.201983,-0.138412,-0.00532978],[0.514167,0.246595,-0.728962,0.298018,1.80948,0.641938,0.0348201,0.0369625,-0.00582895,0.00582659,0.0036668,-0.0183323,0.0266623,1.98261,0.029957,-0.0246617,0.93661,0.412624,-0.0343682,0.545324,0.231193,0.0110103],[0.325477,0.442123,1.75839,0.0884759,0.641938,1.66733,0.0534716,-0.00456866,-0.000669424,-0.00119683,0.0125964,-0.00853826,-0.236098,1.63514,0.0616938,0.0255038,0.465916,0.438393,-0.0513057,0.673099,0.190377,-0.00230539],[-0.0243143,-0.0565215,0.131588,-0.0539387,0.0348201,0.0534716,0.145542,-0.00466346,0.00215656,0.0172604,0.00457688,0.00237352,-0.0133023,1.91343,0.0195188,0.00457742,0.257233,0.0248757,-0.00513754,0.10399,0.386107,0.00620812],[0.0143138,-0.00731708,0.0473478,-0.0177171,0.0369625,-0.00456866,-0.00466346,0.0384893,0.00201553,0.00391772,0.00119763,0.00114882,0.00407765,0.0275318,0.00689159,0.00609716,-0.0220709,0.011891,0.000264458,0.0847706,-0.0171505,0.000556317],[0.00322787,0.00950633,0.0317038,0.0126455,-0.00582895,-0.000669424,0.00215656,0.00201553,0.00809601,0.005327,0.000743233,0.00678908,-0.0198264,-0.131067,0.0024521,0.00332161,-0.0287559,-0.0116847,0.00429536,-0.0219488,0.00666186,0.00237908],[-0.0105769,-0.0101277,0.00426849,-0.0112029,0.00582659,-0.00119683,0.0172604,0.00391772,0.005327,0.0294504,-0.000134826,0.00428186,-0.0251793,0.432526,0.0259465,0.0227502,0.104396,-0.0801121,0.00408441,0.0366422,0.0910949,0.00420683],[0.000978237,0.00147399,0.0240958,-0.000483225,0.0036668,0.0125964,0.00457688,0.00119763,0.000743233,-0.000134826,0.00261497,0.000425717,-0.0106853,0.016605,-0.000576948,-0.00035551,-0.0200827,0.0166504,0.000210822,0.0030064,0.0124614,-0.000480644],[-0.00252928,0.00371205,0.0364052,0.00299586,-0.0183323,-0.00853826,0.00237352,0.00114882,0.00678908,0.00428186,0.000425717,0.00936257,-0.0127734,0.00283266,0.00203195,0.00159855,0.000285156,-0.0358844,0.0044443,-0.0239857,0.00885718,0.00252311],[0.00912001,-0.103863,-0.303648,-0.143652,0.0266623,-0.236098,-0.0133023,0.00407765,-0.0198264,-0.0251793,-0.0106853,-0.0127734,1.14938,1.04369,-0.0448696,-0.0285432,0.0588437,-0.108976,-0.0145795,0.210439,0.149124,-0.00641296],[-0.569867,-1.13852,0.772051,-0.974022,1.98261,1.63514,1.91343,0.0275318,-0.131067,0.432526,0.016605,0.00283266,1.04369,94.4028,0.956755,0.0779839,16.5666,0.733078,-0.0883081,6.3079,8.37809,0.151992],[-0.0236765,-0.029244,0.0737713,-0.0207953,0.029957,0.0616938,0.0195188,0.00689159,0.0024521,0.0259465,-0.000576948,0.00203195,-0.0448696,0.956755,0.0486867,0.0315219,0.229738,0.00586113,0.00363683,0.119706,0.115218,0.00583255],[-0.0438457,-0.035417,0.0847829,-0.0432348,-0.0246617,0.0255038,0.00457742,0.00609716,0.00332161,0.0227502,-0.00035551,0.00159855,-0.0285432,0.0779839,0.0315219,0.0383224,-0.0812494,-0.0618221,0.0035252,0.0235331,0.058191,0.00471782],[0.339488,-0.0339423,-0.0972878,0.621203,0.93661,0.465916,0.257233,-0.0220709,-0.0287559,0.104396,-0.0200827,0.000285156,0.0588437,16.5666,0.229738,-0.0812494,8.49372,0.0677907,-0.0116312,2.14776,1.09111,0.0184682],[0.1539,0.43907,-0.453013,0.493545,0.412624,0.438393,0.0248757,0.011891,-0.0116847,-0.0801121,0.0166504,-0.0358844,-0.108976,0.733078,0.00586113,-0.0618221,0.0677907,4.64573,0.00387186,1.20345,-0.132258,-0.0135176],[-0.0144768,-0.00943193,-0.0197736,0.0115085,-0.0343682,-0.0513057,-0.00513754,0.000264458,0.00429536,0.00408441,0.000210822,0.0044443,-0.0145795,-0.0883081,0.00363683,0.0035252,-0.0116312,0.00387186,0.0112306,-0.00939121,-0.00849642,0.00220311],[0.143872,0.272154,0.435952,0.201983,0.545324,0.673099,0.10399,0.0847706,-0.0219488,0.0366422,0.0030064,-0.0239857,0.210439,6.3079,0.119706,0.0235331,2.14776,1.20345,-0.00939121,3.15887,0.727126,0.00866032],[-0.140805,-0.231262,0.0520485,-0.138412,0.231193,0.190377,0.386107,-0.0171505,0.00666186,0.0910949,0.0124614,0.00885718,0.149124,8.37809,0.115218,0.058191,1.09111,-0.132258,-0.00849642,0.727126,2.26973,0.0288551],[-0.0106653,-0.0135926,-0.00816733,-0.00532978,0.0110103,-0.00230539,0.00620812,0.000556317,0.00237908,0.00420683,-0.000480644,0.00252311,-0.00641296,0.151992,0.00583255,0.00471782,0.0184682,-0.0135176,0.00220311,0.00866032,0.0288551,0.00514471]],"n":22,"lags":3}