{"betahat":[[0.664618,0.406011,1.42251,-1.10535,1.59839,1.92958,0.622783,0.10775,-0.0680451,0.0399069,0.0431159,-0.0568637,1.54934,10.6804,0.124184,0.0582639,2.59864,0.891623,2.24315,0.0342337],[0.838601,-0.0281813,0.41004,0.294539,-0.177013,-0.0604824,-0.00623064,-0.0112092,0.0256619,-0.0198952,0.00799457,0.0269707,-0.00207317,-0.536751,-0.0414886,-0.0335564,0.204959,0.186482,-0.0380011,0.000857149],[0.0247207,0.819954,0.0222823,-0.0196986,-0.0120973,-0.0977139,-0.0349226,-0.00392481,-0.0244608,-0.0441827,-0.000564203,-0.0236333,0.0599735,0.517181,-0.0243173,-0.0254547,0.271261,-0.0585514,-0.035602,-0.00648091],[0.0350447,0.079987,0.732085,-0.00161731,0.0398263,-0.023182,-0.0171194,-0.0138636,-0.00257246,-0.00242174,0.00126686,-0.000907253,0.0878818,0.083044,-0.00765901,-0.0131329,0.151051,0.0356006,-0.0372919,-0.00778316],[-0.304503,-0.297485,-0.167484,0.461692,-0.285457,-0.254876,-0.0294636,-0.00961464,-0.00162692,0.00329777,-0.00987444,0.00351229,0.154292,-1.316,-0.0156962,0.00912262,-0.426459,-0.268723,-0.10277,0.0087495],[-0.0364091,0.00351074,0.445721,0.0941888,0.699355,0.0915716,0.0192506,-0.000882268,0.00667501,0.00540312,-0.00372664,0.0102618,-0.0919969,0.445286,0.0095649,-0.00787,0.436359,0.11098,-0.00857227,0.00677951],[-0.0705277,-0.0378364,-0.361288,-0.123697,-0.223654,0.576213,0.0163871,-0.00128791,0.00448061,-0.00452303,0.00174955,0.00342308,-0.139122,0.295627,-0.0132245,0.00202943,-0.213865,-0.213755,0.0267913,0.00520441],[0.0478378,-0.111227,-0.135495,0.058603,0.36603,0.288678,1.05049,0.0235386,0.0390087,0.00928444,-0.00695476,0.0254947,-0.421592,-0.943925,0.0107024,0.0442098,-1.16105,-0.301322,0.28497,0.0357838],[-0.212269,-0.133726,1.17941,0.307634,-0.624839,-0.111632,0.15021,0.665607,-0.00421076,-0.0411066,0.0196893,0.0114925,-0.458614,-4.03447,-0.12287,-0.0990839,1.03314,-0.583685,0.171777,-0.0246361],[0.0711587,0.115629,1.07908,0.250296,-0.0380107,0.264154,-0.460732,0.0208831,1.12941,-0.0827578,0.0255174,0.166261,0.551421,-3.53018,-0.074739,-0.0315882,-0.596766,-0.153787,-1.12475,0.0862061],[-0.204757,-0.245361,0.0311625,0.148709,-0.397815,-0.116351,0.149304,-0.0749182,0.11813,1.05139,0.0457481,0.119188,0.0261544,-0.337937,-0.0188134,-0.105449,1.02669,-1.52033,-0.440203,0.0994394],[2.24848,0.618866,-0.831346,3.78142,2.92439,-0.378003,0.279401,0.0821863,-0.425886,-0.691801,1.13918,-0.66039,1.66203,-12.8222,-0.230507,-0.553959,2.49783,4.47105,-0.998613,-0.0753099],[0.359049,0.0341147,-1.7564,-0.239917,1.08486,-0.0150363,-0.410194,0.142041,0.0273472,-0.0582066,0.0444681,1.04734,0.0958592,0.798088,0.0417121,-0.0983867,0.91311,0.145457,-1.10171,0.0939404],[0.00833359,0.0396183,0.0371888,0.0562383,0.00194277,0.0319828,-0.00748952,-0.00971807,-0.000714992,0.000725239,-0.000230401,0.00324425,0.939208,0.192762,0.00182962,0.00584127,-0.0661146,0.0959619,0.0108319,0.00192931],[-0.00469609,0.000862038,-0.014527,-0.0025337,0.00512615,0.0119957,-0.00048606,0.000513889,-0.000730399,-0.00204593,0.000314433,-0.00028786,-0.0346785,0.946367,0.000172327,0.00109995,-0.0214943,-0.0117668,-0.00659326,0.000821702],[0.0799787,-0.0813883,-2.53623,-0.0589288,-0.226003,-1.1658,-0.059456,0.0433046,0.0307482,0.0309482,-0.0236167,0.0299662,1.06285,-0.697871,1.05511,0.0516294,0.403936,1.2234,0.23161,0.0513907],[0.306261,0.130265,1.36869,0.0518149,1.62128,0.929644,0.364255,-0.062982,-0.0147978,0.0344989,-0.012349,-0.0679907,0.572317,-6.24834,0.0487066,1.16056,-2.40342,1.08019,0.129731,-0.00583381],[0.013819,0.0130062,0.00410451,0.0478069,0.00438877,0.00232905,-0.00934566,0.00424869,0.00255831,0.0129668,-0.00355876,0.00269747,0.0979591,-0.167339,0.0125504,0.00859276,1.02698,0.0658862,0.0357719,-0.00304902],[0.153391,0.206521,0.0676979,0.0603819,0.183214,0.112788,0.000125766,-0.0283274,-0.0104174,-0.00101693,-0.00540083,-0.00677857,0.0012428,1.13166,0.0164352,0.00173706,0.117001,0.712136,0.0667713,0.00430788],[-0.0116458,-0.079274,0.0184302,-0.0946976,0.00818124,-0.026913,0.101158,-0.00702102,0.00643595,0.0142325,-0.000171809,0.00354474,-0.0452005,0.0755015,-0.0011276,0.00818336,-0.131359,0.0369447,0.267747,0.0046615],[-0.0556281,-0.510792,0.964341,-0.370567,1.17623,1.06551,0.416109,0.241866,0.198369,0.12586,-0.0227944,0.19352,-0.551608,8.16951,0.226155,0.144417,2.442,1.79026,1.9216,1.16648],[0.0656748,-0.015462,0.0358918,-0.269151,0.124746,0.25254,0.0499783,-0.0051097,-0.0292714,0.0314973,-0.00296514,-0.0300483,-0.0346912,1.49847,0.0649351,0.05032,-0.0449635,-0.070158,0.223821,-0.00373516],[0.0182908,0.137374,0.124358,0.0409099,-0.0311977,0.0160366,0.0543097,-0.012046,0.0129222,0.0456124,0.000887462,0.0123083,-0.0290395,-0.314566,0.0284382,0.0332893,-0.303409,-0.0350712,0.162465,-0.000587231],[-0.0307262,-0.0552395,0.117154,-0.0161882,-0.0197639,0.0140615,0.00178651,0.011081,-0.00188207,0.000358986,-0.000288018,-0.00373604,-0.0921084,-0.0585939,0.0045193,0.00703151,-0.105125,-0.0489039,0.0307949,0.00275106],[0.277855,0.261288,-0.0660101,0.406536,0.248244,0.147778,0.0166979,-0.00031469,-0.0151074,-0.0289117,0.000166166,-0.0228228,0.0292741,0.322643,-0.0110842,-0.0258516,0.316663,0.23731,0.0381035,-0.0101617],[0.0436508,0.0346867,-0.0972223,-0.00573862,0.215712,0.0311565,-0.0145365,-0.00771135,0.00127221,0.00234674,0.00100286,-0.00262144,0.0524224,-0.328899,-0.00524806,0.0023881,-0.270438,-0.0307716,0.0141782,-0.00368422],[0.00578581,0.0267179,0.402734,0.119664,0.075737,0.307029,-0.0229792,-0.00125164,0.00316368,0.00860168,0.000188681,0.00216988,0.0390682,-0.659899,0.00551301,0.00692654,-0.120154,-0.0022577,-0.0235259,-0.00286205],[-0.126072,0.0773392,0.0525311,-0.0742811,-0.421672,-0.276837,-0.0153253,-0.0387199,-0.0168349,0.00934977,0.00293471,-0.00625051,-0.0600264,0.881775,-0.0113653,-0.0433724,1.14241,0.343306,-0.304107,-0.0118441],[0.0565699,-0.171847,-0.89979,-0.379667,0.223642,-0.186707,-0.299307,0.231113,0.00435413,-0.0364124,-0.0202004,-0.00102605,0.64463,-0.245979,0.0124246,0.00835947,-1.6387,-0.0988044,-0.889669,0.000984485],[-0.255354,-0.253911,-0.752725,-0.315475,-0.266529,-0.482446,0.328092,-0.0944982,-0.107933,0.00635548,-0.0398566,-0.116909,-0.0362776,2.06668,0.00821773,0.0267077,-0.782036,-0.10393,0.879365,-0.0427265],[0.22838,0.316087,0.854315,0.0565325,0.257336,0.282673,-0.138251,0.0220191,-0.0329415,-0.0517402,-0.0329053,-0.0300871,-0.527455,3.22191,0.0221897,0.0518255,-1.15857,0.99955,0.103342,-0.0476172],[-1.72943,-1.2331,0.367185,-2.48917,1.19107,2.13567,0.196009,-0.115662,0.326441,0.52103,-0.144262,0.474151,-1.41781,16.306,0.498022,0.556564,-0.593035,-2.31302,1.82272,0.13989],[-0.229737,-0.187623,0.831694,-0.113948,-0.502171,0.105491,0.535648,-0.156953,-0.0899257,0.0159054,-0.0353813,-0.111638,0.175109,3.71391,-0.0273719,0.0765672,-0.62173,-0.417801,1.59648,-0.0613865],[0.029657,-0.0141401,-0.0355527,0.00689597,0.0176969,-0.00697144,-0.0128965,0.00934002,0.00149967,0.00737429,0.000136608,-0.00219849,-0.095186,-0.146881,0.0221319,0.00572637,0.168187,-0.0589047,-0.085647,0.000443219],[0.0054399,-0.00387841,0.0396323,0.00339366,0.0124752,0.00638138,0.00476346,0.00226233,-0.000276603,0.00115207,0.000284087,-0.000618373,0.0104382,0.107657,0.000706728,-0.000803794,0.0310496,0.0324463,0.00942219,-0.000861982],[0.0970645,0.264097,2.05578,0.300151,0.437568,0.972724,-0.0998881,-0.0167055,-0.00925664,-0.101656,0.0184294,-0.00492901,-0.665969,-2.80542,-0.1388,-0.116475,-0.702144,-0.607631,-0.407453,-0.0363221],[0.0404476,7.10873e-05,-0.724223,0.256225,-0.929623,-0.124895,-0.444354,-0.0676601,0.00412383,-0.0534568,-0.00469046,0.0595402,-0.412864,2.75765,-0.103751,-0.182469,2.05949,-0.876771,-0.161168,-0.00583107],[-0.0131046,0.01032,0.0300535,-0.0414724,-0.0259971,0.0301847,0.00839733,-0.0078203,-0.00511658,-0.0124033,0.0034831,-0.00541727,-0.0590111,0.184442,-0.0136846,-0.00784172,-0.0823545,-0.0235051,-0.0417529,0.000954264],[-0.0270547,-0.0632841,-0.184765,-0.0530746,-0.0721762,-0.0328735,0.01269,-0.00782858,0.00187656,-0.00134532,0.000961033,-0.00349842,-0.105012,-1.73381,-0.0221144,-0.00239103,-0.30458,-0.0224549,-0.118961,-0.00370218],[-0.0353834,0.0301752,0.0054742,-0.00552653,-0.0650303,-0.0508852,0.0106565,-0.000662291,0.0127928,0.0195772,-0.00331928,0.0135135,-0.159918,-0.18176,0.0192847,0.0233506,-0.144394,-0.0740125,0.380675,0.0101944],[-0.0979969,0.369873,-1.07156,0.373729,-1.2275,-1.03441,-0.3881,-0.134743,-0.134756,-0.101159,0.00975852,-0.126505,0.108175,-7.42493,-0.216722,-0.123145,-2.06881,-1.09415,-1.44688,-0.163409],[0.0957316,0.0436487,-0.445946,-0.0253758,0.0522846,-0.192063,-0.0437423,0.0163196,0.00360901,-0.011598,-0.00502907,0.00307731,0.0367838,-0.961502,-0.0234436,-0.0167628,-0.159969,-0.116335,-0.185778,0.00287777],[-0.0430049,0.0426715,-0.146667,-0.0212013,0.0433138,0.0816671,-0.01938,0.0159717,0.0115377,-0.00142641,-0.000322948,0.0113243,-0.0309181,-0.202367,-0.00411842,-0.00783442,0.0321751,0.0936024,-0.126817,0.007068],[-0.00429884,-0.024729,0.15065,0.0178146,-0.0200318,0.00908607,0.0153517,0.00278453,0.00445479,0.00207423,-0.000978777,0.0046434,0.00429137,-0.0239344,0.00314903,0.00610553,-0.0458713,0.013293,0.00660824,0.00503217],[0.0266542,0.0362008,0.233494,0.131776,0.037229,0.107102,0.0127682,0.00993043,0.0167334,0.0256162,0.00970873,0.01931,-0.183557,0.993504,0.0267831,0.0167296,0.109809,0.0314053,0.0646959,0.00141209],[-0.00722595,-0.0381816,-0.348514,-0.0884282,0.084943,-0.122744,-0.00470816,0.00859424,-0.00794714,-0.00774296,0.00272397,-0.00764065,0.039617,-0.116192,-0.00431358,0.005483,-0.165893,-0.0802297,-0.00555421,-0.00309696],[0.064757,0.0111317,-0.0414902,0.00404987,0.14793,0.116728,0.00660203,0.00254083,-0.00764415,-0.00407101,-0.00193801,-0.00559318,0.100101,0.364515,0.00771596,-0.00895379,0.334039,0.215987,-0.00319719,-0.00234379],[0.0782607,0.0338913,0.0829022,0.0157425,0.0556841,-0.0118749,-0.0351577,0.0151759,-0.0221744,-0.0186194,0.00402015,-0.0192443,0.481724,0.0625387,0.000679582,-0.000829217,0.0187329,-0.0420357,0.0192463,-0.0239416],[0.147325,0.30055,-0.164474,0.0949002,0.38398,0.339792,0.137904,0.0892458,-0.00256437,0.0701553,0.000767914,-0.0112209,-0.233966,4.15657,0.105664,0.0838936,0.700792,0.722134,0.653815,0.0224682],[0.190201,0.157833,-0.570904,-0.0343981,0.291101,0.113753,0.151532,0.127324,-0.0281456,0.0770538,0.0129898,-0.0386251,-0.489705,3.47506,0.0827074,0.00306357,1.59177,0.534354,0.364458,-0.0246537],[-0.0710394,-0.121834,-0.903488,-0.113831,0.170157,-0.140053,-0.0417362,0.0510116,-0.0792225,-0.0417418,-0.0114355,-0.0813353,0.357321,-3.01346,-0.0273201,0.0276065,0.129114,0.654969,0.159595,-0.0376515],[-0.51903,0.614247,0.464217,-1.29222,-4.11543,-1.75763,-0.475412,0.0334773,0.0994442,0.170776,0.00507873,0.18624,-0.244244,-3.48351,-0.267506,-0.00260033,-1.90475,-2.15798,-0.824049,-0.0645781],[0.0223563,0.10221,0.134088,0.09202,-0.0672467,0.0202181,0.0880317,0.0791801,-0.00556822,0.0550385,0.00661081,-0.0186747,-0.183161,-0.889104,0.0189249,0.0525544,0.269672,0.32043,0.122807,-0.0295749],[-0.0378847,-0.025364,-0.0017162,-0.063078,-0.0195198,-0.0249951,0.0204741,0.000389163,-0.000781527,-0.0080636,9.46203e-05,-0.00104692,0.156152,-0.0441071,-0.0239527,-0.0115617,-0.102016,-0.0370926,0.0752169,-0.00236959],[-0.00105938,0.00255826,-0.0250795,-0.00060346,-0.0179612,-0.0185592,-0.00424313,-0.00288422,0.000994659,0.000811028,-0.000600338,0.00087942,0.0235215,-0.0600919,-0.000911327,-0.000283446,-0.00960223,-0.0210697,-0.00311234,3.57561e-05],[-0.129667,-0.140972,0.156219,-0.13962,-0.0795685,0.126649,0.0966444,-0.0155345,-0.0167381,0.0383525,0.00327537,-0.0252068,-0.281016,2.23252,0.0385396,0.0353923,0.101912,-0.601837,-0.0168503,-0.0129295],[-0.334393,-0.119814,-0.735567,-0.273578,-0.659443,-0.830657,0.0531365,0.139041,0.0129379,0.0060613,0.017325,0.0120389,-0.166515,3.27731,0.0407676,0.00491329,0.336294,-0.1809,-0.0530936,0.0130295],[-0.00060811,-0.0232412,-0.0342494,-0.00622911,0.0216411,-0.0326223,0.00110267,0.00356528,0.00257156,-0.000466694,8.08814e-05,0.00271028,-0.0383838,-0.0161631,0.00118689,-0.000677458,0.0549977,-0.0425402,0.00668318,0.00208244],[-0.0819382,-0.113351,-0.135117,-0.0211473,0.0311558,-0.0369607,-0.00629402,0.00665778,-0.00146321,-0.00367505,0.000136739,-0.00138725,-0.00955155,-0.077885,0.00402074,0.00271147,-0.158846,-0.10293,0.0105167,0.00119201],[-0.0103815,-0.0183228,-0.192924,0.0839706,-0.0844636,-0.105623,-0.00971297,0.00174525,0.00119052,0.00892228,-0.00325851,0.00180427,-0.0211448,-0.174776,0.0116283,0.00353076,0.127926,-0.0605235,-0.0525458,0.00593271],[0.133381,0.188099,0.660551,0.222342,-0.217236,-0.207431,-0.249595,-0.130355,-0.0652682,-0.0370847,0.000290973,-0.0670568,0.451659,-5.62996,-0.0254536,-0.0278781,-0.513426,-1.0503,-1.12269,-0.0769416]],"sigmahat":[[0.591022,0.517673,0.11946,0.350859,0.607356,0.401147,-0.0210361,0.0167063,0.00349578,-0.00381655,0.000222631,-0.0022066,0.0576371,-0.00900762,-0.0160866,-0.0462572,0.509567,0.184834,-0.0956442,-0.0125291],[0.517673,0.895743,0.221944,0.389914,0.304308,0.524955,-0.0584113,-0.00628627,0.0121041,-0.00188768,0.000385273,0.00669475,-0.0600087,-0.643997,-0.0220273,-0.0373463,0.137327,0.341271,-0.176426,-0.014792],[0.11946,0.221944,7.43368,0.185886,-0.816561,2.03953,0.149518,0.0344733,0.0447448,0.0213453,0.0238304,0.0516181,-0.267711,1.0703,0.0940442,0.100529,0.110996,0.589305,0.0659993,-0.00941153],[0.350859,0.389914,0.185886,1.17915,0.310588,0.144258,-0.0747533,-0.0167753,0.0149231,-0.0239181,-0.000794837,0.00396956,-0.200053,-1.69208,-0.0270114,-0.0504034,0.650558,0.300001,-0.199536,-0.00581107],[0.607356,0.304308,-0.816561,0.310588,2.04102,0.770632,0.039632,0.0441263,-0.00895664,0.00408544,0.00343865,-0.0231658,0.0599689,2.46275,0.0349995,-0.0280568,1.02754,0.6081,0.301852,0.0102358],[0.401147,0.524955,2.03953,0.144258,0.770632,1.92198,0.062126,-0.0080743,0.000396593,0.00430685,0.0126659,-0.00815403,-0.230771,2.27165,0.0719791,0.0257211,0.674496,0.809889,0.261299,-0.00214972],[-0.0210361,-0.0584113,0.149518,-0.0747533,0.039632,0.062126,0.17317,-0.00522719,0.00169689,0.0253826,0.00518574,0.00195386,-0.0160538,2.41224,0.0264255,0.00872936,0.31673,0.108476,0.440578,0.00742646],[0.0167063,-0.00628627,0.0344733,-0.0167753,0.0441263,-0.0080743,-0.00522719,0.0440875,0.00223151,0.0031372,0.0013308,0.00123793,0.00173801,-0.000662022,0.00680364,0.0065288,-0.0388545,0.0897518,-0.0156317,0.000555459],[0.00349578,0.0121041,0.0447448,0.0149231,-0.00895664,0.000396593,0.00169689,0.00223151,0.0100831,0.00702265,0.000460096,0.00893441,-0.0172682,-0.109959,0.00376513,0.00393543,-0.0178663,-0.0241271,0.0057942,0.00324502],[-0.00381655,-0.00188768,0.0213453,-0.0239181,0.00408544,0.00430685,0.0253826,0.0031372,0.00702265,0.0390066,-0.000673344,0.00659861,-0.00742625,0.787116,0.0341669,0.0271536,0.176608,0.0289725,0.119624,0.0047447],[0.000222631,0.000385273,0.0238304,-0.000794837,0.00343865,0.0126659,0.00518574,0.0013308,0.000460096,-0.000673344,0.0029983,7.86862e-05,-0.0144173,0.0192973,-0.00124489,-0.000701688,-0.0243047,0.00347518,0.0124844,-0.000652364],[-0.0022066,0.00669475,0.0516181,0.00396956,-0.0231658,-0.00815403,0.00195386,0.00123793,0.00893441,0.00659861,7.86862e-05,0.011975,-0.00710945,0.0729949,0.00394591,0.00219535,0.0236056,-0.0257972,0.00994306,0.00351659],[0.0576371,-0.0600087,-0.267711,-0.200053,0.0599689,-0.230771,-0.0160538,0.00173801,-0.0172682,-0.00742625,-0.0144173,-0.00710945,1.47505,1.98827,-0.0332248,-0.0257227,0.278351,0.242549,0.223397,-0.00945852],[-0.00900762,-0.643997,1.0703,-1.69208,2.46275,2.27165,2.41224,-0.000662022,-0.109959,0.787116,0.0192973,0.0729949,1.98827,124.634,1.29473,0.1155,22.5679,6.76535,10.4744,0.192829],[-0.0160866,-0.0220273,0.0940442,-0.0270114,0.0349995,0.0719791,0.0264255,0.00680364,0.00376513,0.0341669,-0.00124489,0.00394591,-0.0332248,1.29473,0.0582231,0.0366205,0.30525,0.119349,0.145145,0.00679129],[-0.0462572,-0.0373463,0.100529,-0.0504034,-0.0280568,0.0257211,0.00872936,0.0065288,0.00393543,0.0271536,-0.000701688,0.00219535,-0.0257227,0.1155,0.0366205,0.0440162,-0.0958638,0.0129693,0.0719001,0.0051716],[0.509567,0.137327,0.110996,0.650558,1.02754,0.674496,0.31673,-0.0388545,-0.0178663,0.176608,-0.0243047,0.0236056,0.278351,22.5679,0.30525,-0.0958638,10.5192,2.52046,1.37929,0.0236475],[0.184834,0.341271,0.589305,0.300001,0.6081,0.809889,0.108476,0.0897518,-0.0241271,0.0289725,0.00347518,-0.0257972,0.242549,6.76535,0.119349,0.0129693,2.52046,3.60149,0.717792,0.00886792],[-0.0956442,-0.176426,0.0659993,-0.199536,0.301852,0.261299,0.440578,-0.0156317,0.0057942,0.119624,0.0124844,0.00994306,0.223397,10.4744,0.145145,0.0719001,1.37929,0.717792,2.6574,0.0313058],[-0.0125291,-0.014792,-0.00941153,-0.00581107,0.0102358,-0.00214972,0.00742646,0.000555459,0.00324502,0.0047447,-0.000652364,0.00351659,-0.00945852,0.192829,0.00679129,0.0051716,0.0236475,0.00886792,0.0313058,0.00643465]],"n":20,"lags":3}