{"betahat":[[0.67718,0.776558,3.35383,-0.704215,0.620997,1.83788,0.139901,0.17985,0.0271005,-0.00497378,0.0547976,5.81597,0.1435,0.0201143,2.23183,0.705454,1.34862,0.0427694],[0.816544,-0.0293372,0.488958,0.244562,-0.187035,-0.024526,0.00133265,-0.0194127,0.0217618,-0.0233689,0.00687316,-0.317992,-0.0371292,-0.0298846,0.312048,0.192666,-0.0757817,0.00372652],[-0.0150647,0.803895,0.000403086,0.00860761,-0.0436752,-0.0674058,-0.0393044,-0.00917871,-0.0244901,-0.0381188,-0.000326461,-0.0562311,-0.0202729,-0.0201179,0.247463,0.0456632,-0.0585244,-0.00967994],[0.0415846,0.0814986,0.724245,-0.0126577,0.0487257,-0.0250236,-0.0192536,-0.0163982,-0.00302881,-0.00298766,0.000719648,0.235108,-0.00516838,-0.0115297,0.159642,0.0545935,-0.0417925,-0.00480929],[-0.309841,-0.331035,-0.256658,0.479696,-0.276435,-0.310381,-0.0480467,0.000709597,-0.000107534,-5.28576e-05,-0.00982206,-1.40851,-0.021307,0.000562945,-0.384246,-0.298148,-0.120027,0.0106224],[-0.0318202,0.0141125,0.466852,0.108612,0.665619,0.0883203,0.0171792,-0.010511,0.00773822,0.0067001,-0.00439401,0.213242,0.00931703,-0.00720618,0.383509,-0.00611198,-0.0639084,0.00745587],[-0.0637829,-0.0176073,-0.428421,-0.114176,-0.198541,0.556303,0.011818,0.00274117,0.00418911,-0.00444795,0.000790449,0.303766,-0.0118603,0.00196608,-0.194579,-0.143407,0.0385976,0.00414597],[0.0566872,-0.0658781,-0.364904,0.0963251,0.499734,0.385011,1.05402,0.0289791,0.0315979,-0.0104978,-0.00981406,-1.59216,0.00792695,0.0288586,-1.10047,-0.317584,0.282481,0.0220983],[-0.187491,-0.163007,1.30966,0.138793,-0.368303,-0.0994525,0.199702,0.709637,-0.0186984,-0.0363739,0.0235752,2.61517,-0.0779587,-0.102574,2.02653,0.976445,0.900515,-0.00510979],[0.337128,0.306487,1.05453,0.0985964,0.499987,0.486988,-0.679668,0.100633,1.1671,-0.107889,0.055738,-5.8143,-0.0519409,-0.0491239,-0.846274,0.40699,-1.6386,0.155829],[-0.0358201,0.00317416,1.18809,0.536055,-0.389862,0.229499,0.0913244,-0.0147506,0.123527,1.03259,0.0590478,-1.8532,-0.0305555,-0.123197,1.48658,0.101434,-0.246542,0.105467],[2.83783,1.80084,2.17078,3.41474,2.01153,0.0582584,0.506655,-0.20834,-0.376643,-0.554766,1.095,-21.2682,-0.346698,-0.346249,-0.603191,3.80851,-0.439023,-0.105285],[-0.00897266,-0.0044476,-0.0231728,-0.00632775,-0.00651397,0.00624012,-0.00271373,0.00133792,-0.000790138,-0.00257887,0.000902635,0.994459,-0.00054065,-0.000698156,-0.0244625,-0.0291844,-0.00837743,9.21139e-05],[-0.0512864,-0.335501,-3.4809,-0.194977,-0.262802,-1.54463,-0.124524,0.0544178,0.0346851,0.0118845,-0.0230366,-2.92699,0.995527,0.0220381,-0.370692,0.0691981,-0.106478,0.0202568],[0.347881,0.278511,1.18479,0.0557685,1.56142,0.961373,0.396686,-0.135329,-0.0307794,0.0308628,-0.0315353,-7.44622,0.0631881,1.17629,-2.48059,0.379441,-0.1989,0.00584856],[0.0354546,0.0665995,-0.0254244,0.0607287,0.0284517,0.0259256,-0.00138265,-0.00682076,0.002093,0.0185833,-0.0059507,0.185676,0.0192446,0.0126834,1.07593,0.127817,0.0552434,-0.000959623],[0.137071,0.0333056,-0.0785032,-0.0219407,0.167538,-0.0168532,0.0133192,-0.00190409,-0.00661475,-0.00761599,-0.000147544,-0.104535,-0.0118593,-0.00398303,-0.446926,0.328464,0.0979436,0.00169422],[0.0108322,-0.0750481,0.0731709,-0.11833,0.00787857,-0.0566947,0.112106,-0.0113681,0.00891305,0.0213341,-0.00221893,0.328986,0.00121031,0.0166948,-0.140899,0.124155,0.282682,0.0067653],[-0.0428192,-0.85863,-1.57683,-0.801117,1.64188,0.747152,0.378014,0.184247,0.146181,0.0503682,-0.0120221,11.3126,0.123564,-0.0249955,3.32495,-0.418758,1.53656,1.15043],[0.0883058,-0.0180761,-0.0480264,-0.254471,0.148306,0.234912,0.034495,0.0041898,-0.026652,0.0313462,-0.00177723,0.984694,0.0649791,0.0505352,-0.166635,-0.0935791,0.193642,-0.00278559],[0.00688641,0.101711,0.0781096,-0.0209405,-0.00487216,-0.0346492,0.0637657,-0.00549677,0.00953201,0.0377764,-3.54805e-05,0.580745,0.0304996,0.0272344,-0.230152,-0.129813,0.197817,0.00459276],[-0.0345425,-0.0579359,0.121384,-0.00264923,-0.0212543,0.0135644,0.00182672,0.0126218,-0.00241961,0.000354346,-5.77375e-05,-0.0852443,0.0024048,0.00531349,-0.0852845,-0.0402507,0.0394834,0.00098641],[0.258798,0.253187,-0.0507171,0.369686,0.237583,0.162024,0.0265624,-0.00655147,-0.0189194,-0.0322772,-0.00103278,0.363279,-0.0150488,-0.0255169,0.243305,0.236511,0.0368203,-0.0122588],[0.0424185,0.029639,-0.124313,-0.0168566,0.233285,0.0245816,-0.019586,-0.00321554,0.00192296,0.00255281,0.00188697,-0.415835,-0.00537854,0.00188715,-0.259529,-0.00382033,0.00407265,-0.00521247],[-0.00968353,0.0050759,0.438819,0.10863,0.0522253,0.301787,-0.0214812,-0.000248249,0.00445235,0.00848366,0.0005783,-0.554191,0.00482064,0.00636553,-0.133821,-0.0272433,-0.0186144,0.000297095],[-0.128852,0.0429057,0.183942,-0.146968,-0.553597,-0.364343,-0.0160508,-0.0399657,-0.00783629,0.0221531,0.00723588,0.611705,-0.0290598,-0.0427591,0.9241,0.208775,-0.338862,-0.013906],[-0.01053,-0.171405,-0.468511,-0.0914629,-0.0226011,0.00177615,-0.308605,0.189467,0.00175542,-0.0292445,-0.0259907,-1.80591,0.0104923,0.00424169,-1.22297,-0.825908,-1.22529,-0.00399576],[-0.426351,-0.422067,-0.829018,-0.327278,-0.532386,-0.601756,0.546123,-0.149649,-0.157241,0.0204218,-0.0581639,4.90769,0.0124803,0.0450297,-0.581978,-0.309168,1.50882,-0.0871136],[0.0864284,0.0947267,0.426945,-0.214694,0.0218167,0.0175737,-0.0783677,-0.0270799,-0.0317425,-0.0420221,-0.0407361,5.59986,0.0324473,0.0553476,-1.42369,-0.159459,0.00148024,-0.0386038],[-1.74447,-0.965302,-2.0796,-2.65891,0.679549,1.84135,0.388922,-0.0549895,0.271358,0.43721,-0.0763126,19.6462,0.329902,0.255149,1.03458,-1.15435,1.58486,0.0553539],[0.00850314,-0.00434969,0.0306395,0.0047011,0.0337417,0.0103454,0.00609377,0.00182504,-0.000573911,0.00100824,-0.00017828,0.0422651,0.00201875,0.000795749,0.0373555,0.0260852,-0.00131366,-2.43317e-05],[0.178875,0.448987,2.48583,0.376853,0.654565,1.18471,-0.092231,-0.0393431,-0.012293,-0.104899,0.0110294,-1.62465,-0.103913,-0.0855282,-0.413811,-0.00647889,-0.223699,-0.00227557],[-0.0583859,-0.236772,-0.378806,0.211235,-1.02648,-0.289187,-0.486492,-0.0178917,0.0192355,-0.0441224,0.0117601,3.04948,-0.150045,-0.191871,1.60586,-0.405276,0.205212,-0.0232541],[-0.0340389,-0.0241951,0.0350185,-0.0730763,-0.0581747,0.0225042,0.00408515,-0.00425963,-0.00657199,-0.0181073,0.0048102,-0.0465743,-0.0182699,-0.00937838,-0.130531,-0.0718709,-0.0781158,-0.000510751],[-0.0321288,-0.00796523,-0.138846,0.1146,0.0709371,0.0861072,0.027001,-0.0223455,-0.00360672,0.0157572,-0.0044565,0.0660054,0.011926,0.0130543,0.112372,0.269509,0.0609029,0.00685259],[-0.0291782,0.0562874,0.0206394,0.00896812,-0.0717154,-0.0328761,0.0189154,-0.00727831,0.0144887,0.0281066,-0.00525085,0.141521,0.0269295,0.030297,-0.100022,-0.00258513,0.414898,0.0149914],[-0.289018,0.322524,0.619962,0.512644,-1.33992,-0.692092,-0.336439,-0.075388,-0.134945,-0.0900306,0.0040454,-9.12996,-0.130082,0.0245492,-3.24748,-0.0442305,-1.07417,-0.152076],[0.0951526,0.0473994,-0.440957,0.00991445,0.0387412,-0.210406,-0.0358161,0.0152276,0.00489113,-0.00796964,-0.00509626,-0.666452,-0.0278477,-0.0206488,-0.14538,-0.0991017,-0.117798,-0.000941665],[0.00817665,0.0943679,-0.0785467,0.012333,0.0485584,0.102027,-0.0244459,0.014682,0.0149585,0.000348575,0.000361713,-0.524218,-0.0102265,-0.00711641,-0.0172732,0.0841262,-0.139217,0.00508627],[-0.00701946,-0.0235573,0.154185,0.0153093,-0.0274372,0.0113924,0.0174602,0.00378175,0.00545069,0.00265442,-0.000662715,-0.149076,0.00277861,0.00622591,-0.0742486,-0.0143274,0.00248889,0.00382366],[0.0510448,0.0778332,0.307378,0.150604,0.0388604,0.148353,0.0214917,0.00584711,0.0190276,0.0323347,0.0108542,1.04532,0.0363566,0.0249552,0.140933,0.0616209,0.0832441,0.00163576],[-0.0105873,-0.0437558,-0.342574,-0.0917327,0.101094,-0.112945,0.00241764,0.0137327,-0.00965925,-0.00923946,0.00250671,0.202907,-0.00393418,0.00532227,-0.123917,0.00990691,0.0599127,-0.00224575],[0.0734755,0.012521,-0.0104798,0.00556171,0.146319,0.141844,0.00968038,-0.00248559,-0.00863929,-0.00402116,-0.00136892,0.250821,0.00704614,-0.00832652,0.328454,0.170626,-0.0198756,-0.00444486],[0.0722511,0.0229879,0.180871,0.0507142,0.05407,-0.0206381,-0.0379473,0.0109968,-0.023767,-0.0116443,0.00258396,0.981161,0.0211461,0.013903,0.176598,0.108905,0.056516,-0.00820203],[0.18774,0.330597,-0.685442,-0.0380826,0.376559,0.170097,0.0989685,0.0745288,0.0113858,0.057257,0.00226898,-0.910151,0.0597834,0.0893942,-0.711107,-0.121381,0.243061,0.00605759],[0.160371,0.0485494,-0.658543,-0.0697233,0.182386,-0.029911,0.234518,0.15874,-0.044143,0.109619,0.0116491,2.04682,0.077753,0.0474359,1.46553,-0.066372,0.453996,-0.0439493],[-0.0860416,-0.144382,-1.68374,-0.219224,0.420057,-0.216697,-0.0192513,0.0316906,-0.084088,-0.0387846,-0.018247,-4.27193,-0.0327857,0.0427771,-0.231569,0.125287,0.059355,-0.048027],[-1.09333,-0.835505,-0.0911233,-0.755798,-2.69103,-1.89952,-0.895534,0.263328,0.105289,0.11759,-0.0186948,1.62253,0.0168392,0.0911358,-0.431315,-2.65409,-1.14568,0.0499356],[-0.000258974,0.00769282,-0.00723306,0.00186731,-0.0280147,-0.0171341,-0.00314282,-0.00328031,0.00133772,0.00146135,-0.000720737,-0.0427265,-0.00155731,-9.47876e-05,-0.0122374,0.00266266,0.0101143,-8.50465e-05],[0.0102661,0.044132,0.469923,0.00885983,-0.194366,0.271292,0.147667,-0.00383725,-0.0179326,0.0541471,0.00902742,3.06367,0.0440591,0.0229394,0.565672,0.00631458,0.0870175,-0.0189885],[-0.258288,-0.0083659,-0.989255,-0.218892,-0.459576,-0.70373,0.0510001,0.161206,0.0148363,-0.00295139,0.019648,3.83529,0.0661401,-0.00791848,0.825978,0.0349611,-0.169415,0.0182982],[-0.00129483,-0.0423896,-0.00975834,0.0126736,0.0298027,-0.0486149,-0.00250554,0.0110559,0.00448874,-0.000344119,0.00116343,-0.136808,-0.000887575,-0.00319028,0.0541296,-0.0558516,0.0239163,0.00145756],[-0.155331,-0.151649,0.0554075,-0.194694,-0.0451693,0.0105448,0.0195473,0.0108716,-0.00313085,0.000517864,0.00152776,0.210331,0.0077641,0.0108086,-0.0958036,0.0397298,0.0458259,-0.000133776],[-0.0300773,-0.0342808,-0.229882,0.0506346,-0.0821294,-0.10359,-0.00142139,0.00908154,0.000960036,0.00983048,-0.00251753,0.00929298,0.0157434,0.00232395,0.190147,0.00106545,-0.0368741,0.00646545],[0.336649,0.528627,1.0215,0.385289,-0.257425,-0.0701474,-0.142939,-0.126548,-0.0565892,0.0194717,0.00146657,-3.4324,0.00310392,-0.016119,0.305888,0.133791,-0.715877,-0.0786363]],"sigmahat":[[0.575084,0.534935,0.046166,0.275827,0.621258,0.416559,-0.0173273,0.000671995,0.000846436,0.000871167,-0.00535519,0.203195,-0.00434125,-0.0320235,0.425311,0.355294,-0.133793,-0.00307548],[0.534935,0.985538,0.0219751,0.276293,0.337724,0.538874,-0.0568377,-0.0494588,0.00723194,-0.000458274,-0.0181598,-0.430988,-0.00623871,-0.00713718,-0.348292,0.633185,-0.281256,0.00500358],[0.046166,0.0219751,7.68555,-0.000812446,-1.12783,1.83722,0.183184,0.0673534,0.0658607,0.0381464,0.0529822,2.3614,0.0740742,0.0726576,0.930301,-0.492725,0.260997,-0.00832661],[0.275827,0.276293,-0.000812446,1.04143,0.273126,0.0377048,-0.0854366,-0.0144297,0.0122974,-0.0322466,-0.00299441,-1.62919,-0.024252,-0.0470592,0.42872,0.109601,-0.303662,-0.00448743],[0.621258,0.337724,-1.12783,0.273126,2.08003,0.687905,0.0131837,0.0176599,-0.00949853,-0.0022082,-0.00412214,1.15965,0.0255172,-0.0229914,0.438302,0.456104,0.0958075,0.0152851],[0.416559,0.538874,1.83722,0.0377048,0.687905,1.82693,0.0580616,-0.0354325,0.00580536,0.00421657,0.00714553,1.29844,0.0625513,0.0343099,0.185096,0.495363,0.13763,0.00578496],[-0.0173273,-0.0568377,0.183184,-0.0854366,0.0131837,0.0580616,0.182386,-0.00829322,0.0026447,0.0242972,0.00622938,2.07822,0.0174392,0.00705753,0.27303,0.0522496,0.475425,0.00378241],[0.000671995,-0.0494588,0.0673534,-0.0144297,0.0176599,-0.0354325,-0.00829322,0.053009,0.00440915,0.00365275,0.00572963,-0.211342,0.00156017,0.00136431,0.0202528,-0.0922739,-0.0251415,-0.00138927],[0.000846436,0.00723194,0.0658607,0.0122974,-0.00949853,0.00580536,0.0026447,0.00440915,0.0104071,0.00766592,0.000932232,0.0576195,0.00622053,0.00375051,0.0386065,-0.0163681,0.0176586,0.00441353],[0.000871167,-0.000458274,0.0381464,-0.0322466,-0.0022082,0.00421657,0.0242972,0.00365275,0.00766592,0.0392705,-0.000384213,0.747274,0.0347236,0.0284095,0.178948,0.0139801,0.112358,0.00734504],[-0.00535519,-0.0181598,0.0529822,-0.00299441,-0.00412214,0.00714553,0.00622938,0.00572963,0.000932232,-0.000384213,0.00459425,0.0461741,-0.0020771,-0.00216071,0.0196611,-0.0268732,0.0264636,-0.00121415],[0.203195,-0.430988,2.3614,-1.62919,1.15965,1.29844,2.07822,-0.211342,0.0576195,0.747274,0.0461741,82.7516,0.818044,0.254542,12.7897,2.0061,8.33464,0.152244],[-0.00434125,-0.00623871,0.0740742,-0.024252,0.0255172,0.0625513,0.0174392,0.00156017,0.00622053,0.0347236,-0.0020771,0.818044,0.0578505,0.0411387,0.156266,0.0568866,0.0905702,0.0100667],[-0.0320235,-0.00713718,0.0726576,-0.0470592,-0.0229914,0.0343099,0.00705753,0.00136431,0.00375051,0.0284095,-0.00216071,0.254542,0.0411387,0.046755,-0.103295,0.0395771,0.0611546,0.00898995],[0.425311,-0.348292,0.930301,0.42872,0.438302,0.185096,0.27303,0.0202528,0.0386065,0.178948,0.0196611,12.7897,0.156266,-0.103295,8.75881,0.168942,1.07163,-0.0123056],[0.355294,0.633185,-0.492725,0.109601,0.456104,0.495363,0.0522496,-0.0922739,-0.0163681,0.0139801,-0.0268732,2.0061,0.0568866,0.0395771,0.168942,1.59372,-0.158099,0.0193965],[-0.133793,-0.281256,0.260997,-0.303662,0.0958075,0.13763,0.475425,-0.0251415,0.0176586,0.112358,0.0264636,8.33464,0.0905702,0.0611546,1.07163,-0.158099,2.6271,0.0178428],[-0.00307548,0.00500358,-0.00832661,-0.00448743,0.0152851,0.00578496,0.00378241,-0.00138927,0.00441353,0.00734504,-0.00121415,0.152244,0.0100667,0.00898995,-0.0123056,0.0193965,0.0178428,0.00790239]],"n":18,"lags":3}