{"betahat":[[-3.25297,-4.34709,-0.884694,-1.27628,-4.36382,-9.57173,0.223628,0.984433,7.00728,5.2942,3.60922,-0.824922,1.48968,-0.687061,0.0949864,-1.584,0.794557,40.1409,30.9275,0.876912,3.84212,4.14343,-0.512234],[0.996017,-0.0700863,-0.0708065,0.0989036,0.194123,0.356441,-0.0488208,-0.0701779,0.187097,0.133247,0.0177696,-0.0176158,-0.0270415,-0.0166255,-0.0318605,0.0481577,0.102875,-0.0803031,0.285881,-0.0242605,0.0699134,-0.209835,-0.034279],[-0.0757453,0.69548,-0.160198,-0.0502781,-0.100856,0.0792005,-0.0910299,0.0111073,-0.00569471,-0.0558749,-0.00201596,0.0138683,-0.0202748,0.018972,-0.0187277,-0.0622411,0.0150634,0.032213,0.188412,-0.00979503,-0.519818,0.161283,0.00791315],[0.0508771,0.17479,0.674505,-0.0187933,0.0646019,0.0683472,-0.0540367,-0.0194574,-0.000497646,-0.015845,-0.048042,0.00278698,-0.0182864,0.00617048,0.00650061,0.034746,0.00427037,0.041906,0.0424278,-0.00336254,-0.227841,-0.0407831,0.0113818],[0.0950563,0.334494,-0.0940091,0.614605,0.211701,0.363213,-0.0696408,-0.00406588,0.199666,0.0762311,-0.120106,-0.00217174,-0.000300397,-0.0085872,-0.0154028,0.0783789,-0.0216952,-0.0147428,0.187249,0.0156675,-0.768607,-0.171187,-0.0139066],[0.0501979,0.150776,-0.0185492,-0.105307,0.788121,0.0227403,-0.105144,-0.00798651,0.0283521,-0.0281364,0.0140446,-0.0109267,-0.0186198,-0.00184838,-0.0264575,-0.0119737,-0.0727586,0.0117814,0.0663711,-0.019512,-1.39062,0.0738738,-0.00490675],[0.065897,0.132556,0.011919,0.00482063,0.170204,0.846724,0.0849816,-0.0385267,-0.0761514,0.0134515,-0.0537562,0.000469557,0.0323135,-0.0015668,0.0700168,0.063358,0.0711726,0.0288246,0.0316805,0.030115,0.712504,-0.120927,0.00102446],[-0.0157188,0.0356255,0.368044,-0.0546832,0.0498906,0.11902,0.75336,0.00539739,0.117741,0.0375974,0.021166,-0.00319924,-0.00499348,-0.00775352,-0.00696325,-0.0386203,-0.0697306,0.041264,0.103761,-0.101404,-1.46328,-0.0954227,-0.00756172],[0.157918,-0.0506608,0.948796,0.129299,0.480453,0.396654,0.231521,0.693356,-0.441073,0.38834,0.179766,0.0587008,-0.142766,0.0635297,0.0248023,0.13187,-0.015291,0.0141864,0.0434867,0.0535143,2.4483,-0.173667,0.0726311],[0.136133,0.24961,-0.228255,-0.116664,0.265729,0.166468,0.00113948,-0.00856307,0.872074,-0.0070911,0.048149,-0.0179645,-0.0207009,-0.0112854,-0.0350443,0.0787903,-0.017415,-0.0340195,-0.0117316,0.0239606,-1.68988,-0.179225,-0.0105001],[0.074448,0.069176,0.0510649,-0.0244097,0.0749543,0.142459,-0.155936,-0.00841259,0.0508748,1.05611,-0.0433432,-0.0242923,0.00243919,-0.020639,0.0244579,0.0118283,-0.0387006,-0.0141516,-0.160874,-0.0385007,-0.811817,-0.0634886,-0.0219069],[0.0491726,0.0986575,-1.30582,0.0319622,0.191793,-0.229328,0.374398,0.0633555,-0.48279,-0.290622,0.823291,-0.097786,0.179361,-0.0993371,0.0711542,0.244913,0.195612,-0.511504,-0.380668,0.133405,2.83081,-0.0972271,0.0144259],[1.01836,1.37233,2.24651,0.939387,1.41085,3.13859,-0.905709,0.0402368,0.0935817,-0.00479622,0.110197,0.95086,-0.223064,-0.0246779,-0.13311,0.644062,-0.317472,-0.160935,0.643092,-0.389848,-2.15016,-1.93867,0.0631195],[-0.139306,0.122546,-0.393968,0.22639,-0.60596,-0.923103,-0.251629,0.0659515,0.0986458,-0.246885,0.0441012,0.0171132,0.83738,0.0756421,-0.0851556,-0.278415,-0.096104,0.456964,0.0344349,-0.0605166,-1.62055,-0.0873157,0.00642233],[0.0854761,0.552781,0.569406,-0.405006,-1.95723,-3.35455,1.12169,-0.650307,-0.568808,0.635939,0.0128998,0.494264,0.146087,1.30426,0.210097,0.0332518,0.00632066,-0.506208,-0.70693,0.278022,-3.95093,-0.349222,0.477947],[0.308483,0.538635,-0.172558,-0.324212,0.136467,0.511686,0.733496,-0.190465,-0.50352,0.772307,-0.258336,0.185379,0.21752,0.153453,1.06131,0.480596,0.235278,-0.430209,-0.178895,0.158791,7.08286,-0.155573,0.0256772],[0.0469713,0.0226594,0.131271,-0.0573096,0.247652,-0.13768,0.169683,-0.0559658,-0.074417,0.36097,-0.0860408,-0.020552,-0.0486799,-0.0216498,0.0312333,0.915413,-0.0590196,-0.107963,-0.192099,0.0262214,1.6542,0.0407606,-0.0226044],[-0.0947063,-0.123058,-0.765303,0.0723575,0.324662,-0.175658,0.289466,-0.0627563,-0.393954,-0.224982,0.0597195,0.0784643,0.172504,0.0890879,0.0587017,-0.051146,1.13076,-0.0617932,0.280085,0.0434735,-2.06309,-0.203054,0.0693268],[0.451755,0.592405,-0.486377,-0.480572,0.36842,0.812296,0.233205,-0.276916,-0.381204,0.542086,-0.16868,0.0275317,0.18651,0.0129869,0.219032,0.0244722,0.0553823,0.449331,0.0935507,0.00170031,-1.15906,-0.314247,-0.013328],[-0.375901,-0.688702,-0.121819,0.11489,-0.567241,-0.257155,-0.140387,0.0203375,-0.084656,0.351062,-0.126519,0.0166519,-0.187562,-0.00517127,-0.0520899,-0.273837,-0.118918,0.182601,1.17378,-0.0434316,-1.21487,0.546458,0.0293805],[-0.0877028,0.0296378,-1.19968,0.0267909,-0.0897947,-0.122349,-1.33247,0.21263,0.369766,-0.201957,-0.0952347,-0.0366427,-0.310006,-0.0657445,-0.156918,0.0503123,-0.82845,0.0816105,-0.442995,0.219283,-6.83568,-0.253275,-0.0502069],[0.0215145,0.0303459,0.0721307,-0.0194839,-0.004249,0.0424953,-0.0179007,-0.00481134,0.039624,0.00902669,0.00687029,-0.00360964,-0.00171842,-0.00326541,-0.00166239,0.0127157,0.0190416,-0.00485342,-0.0209206,-0.00354535,-0.348342,0.00469301,-0.00320924],[0.0968072,0.391009,0.0568643,-0.0736368,-0.0822339,-0.0172538,0.0143221,-0.0116624,-0.0656941,0.182503,-0.0187275,-0.00344328,-0.0263808,0.00569477,0.00612649,0.0737941,0.00674446,-0.10233,0.195112,-0.0134084,-0.410556,0.665382,-0.0250852],[-0.657383,-1.36185,-0.0244275,-0.223058,-1.16019,-0.667462,-0.202868,0.368627,0.329973,1.29898,-0.0539309,-0.0651364,-0.123876,0.0511246,0.16801,-0.808747,0.304673,0.707452,1.68933,-0.00661547,-1.26627,1.11548,0.849862],[0.00838491,0.0977488,-0.117331,-0.0531206,-0.0296381,-0.133871,0.241512,0.0248964,-0.236167,-0.0610325,0.00789754,0.0163097,0.0554894,0.0113179,0.0510119,-0.0358062,0.054235,0.0272658,-0.298135,0.0710113,1.00225,0.0774113,0.0316802],[0.0391256,0.167116,0.0977307,0.0746616,0.0041025,-0.0680621,0.0960878,-0.00530011,-0.0722109,0.0511877,-0.000304746,-0.00581687,0.01267,-0.0122703,0.0179884,0.0247076,-0.00801694,-0.00400364,-0.0737233,0.00969135,0.206935,-0.0864364,-0.00111094],[-0.0261444,-0.110683,0.209376,0.00695869,-0.0546249,-0.0765618,0.0763992,0.0423361,-0.0272545,0.0255132,0.0228401,0.00186928,0.00943823,-0.00354543,-0.0113262,-0.0291194,0.0249516,-0.0200933,-0.0460127,0.0153561,-0.153193,-0.0176869,-0.00702569],[0.0350423,-0.00523709,-0.0580917,0.145797,-0.0126852,0.356663,0.152104,-0.0138124,-0.366968,-0.342584,0.120385,0.0105018,0.0233258,-0.00487118,0.0192851,0.0105934,0.0969941,-0.08313,-0.108175,-0.0308996,1.67491,0.0239933,-0.0156441],[-0.0474867,-0.0915374,-0.11532,0.0418781,0.199322,0.0341342,0.0691044,0.0178612,-0.0310569,0.0148763,-0.0192877,0.0169999,0.0328519,0.0260114,0.049139,0.0146165,0.11097,-0.038519,-0.0771288,0.0104814,0.919071,-0.085205,0.0183449],[-0.000323567,-0.0236016,0.0834548,-0.00224068,-0.0309737,0.208352,-0.0137364,0.0210685,0.0425612,-0.0127905,0.0213313,-0.00322629,-0.0226465,0.00311844,-0.0235348,-0.03062,-0.0144922,-0.008103,-0.00182424,-0.0194415,-0.272533,0.077153,-0.00450522],[0.0249838,0.0159788,-0.185972,0.0111227,-0.0491167,0.0564078,0.264624,0.00469037,-0.190437,-0.0650684,-0.00972072,0.00289462,0.00913902,0.00523341,0.0158496,0.033729,0.100286,-0.0225432,-0.0532192,0.107243,1.34667,0.0489816,0.0101685],[0.187755,0.59864,-0.953222,0.0135527,0.394394,0.375648,0.114303,0.0273968,-0.17313,-0.511749,-0.179506,0.0299787,0.0287942,-0.015205,0.0424732,0.0317353,0.0888418,0.0294817,-0.391067,0.0215173,-0.403009,-0.287606,-0.0276908],[-0.0364617,-0.0455548,0.0899087,0.0521358,-0.0795711,-0.0943502,-0.0444752,-0.038932,0.0387584,0.0283907,-0.0387919,0.00894664,-0.0125862,0.00383411,0.021766,-0.0163646,-0.034215,0.0196621,0.0171286,-0.0419758,0.439525,0.0800963,0.0168419],[-0.111322,-0.1279,-0.0259509,0.0702196,-0.229533,-0.350858,0.0703526,0.0533413,-0.0217446,-0.164828,0.066553,0.0188798,0.0190743,0.0178806,-0.0227343,-0.0467222,0.042964,0.00247145,0.0926705,0.0312589,0.0043138,0.0936035,0.0188861],[0.14455,0.385823,0.330405,-0.474192,0.198961,-0.257653,-0.207283,-0.0140742,-0.230157,0.197745,-0.220382,0.082063,-0.193842,0.0204487,-0.0232391,0.0409682,-0.0227944,-0.0959293,-0.283779,-0.0582291,-0.184783,-0.37996,0.0440397],[-0.302976,-0.649241,-1.51833,-0.171081,-0.19735,-0.0745356,-0.517917,0.111493,0.679407,0.165842,-0.308403,-0.160026,-0.135681,-0.0812788,-0.0959709,-0.00820553,-0.298521,0.1739,-0.462869,-0.0848053,1.81052,0.899983,-0.0981549],[0.366319,0.798576,-0.234177,-0.311577,0.753903,0.574503,0.355838,0.020112,-0.206586,0.371033,-0.186784,0.0663376,-0.172142,0.0253956,-0.0175411,0.356235,0.032532,-0.0362663,-0.212063,0.100042,-0.415046,-0.506846,0.0162875],[-0.184087,0.19217,-1.33929,-0.085421,1.113,-0.39722,-0.272503,0.100245,0.35911,-0.164713,0.231173,-0.214595,0.0813666,-0.239313,-0.0690882,-0.011111,0.119736,-0.551122,-0.347015,0.0328816,-2.99419,-0.233004,-0.229233],[-0.337354,-0.725624,0.0104074,0.270595,0.408396,0.0908946,-0.333066,0.124382,0.143422,-0.192181,0.412869,-0.0455091,0.0474415,0.0077302,-0.148143,-0.302767,-0.176651,-0.143206,-0.19872,-0.0250867,-0.00816355,0.162151,0.18135],[-0.0841722,-0.0767094,-0.0301339,0.018298,-0.258772,0.436971,-0.0476117,-0.000247775,0.0330231,-0.299352,0.0673043,0.00965088,0.0226748,-0.00707753,-0.0562395,0.0384506,0.0574944,0.0129277,0.0355387,-0.0125906,-1.34732,0.0473433,0.00284619],[0.121313,0.209621,0.654609,-0.148897,-0.0937028,0.34009,-0.13117,0.0431885,-0.0865336,-0.0619343,-0.00647198,-0.040316,-0.0831464,-0.0420261,-0.0199262,0.0901439,-0.153578,0.0357996,-0.114002,-0.0503697,0.744014,0.0962563,-0.0285257],[-0.18345,0.00471511,0.0384781,0.491638,-0.416604,-0.624024,-0.270803,0.221127,0.863121,0.0442681,0.270582,-0.0151139,0.0041425,0.0152828,-0.105279,0.139902,-0.11322,-0.0548628,-0.0709107,0.0215827,0.0891656,-0.389202,0.100395],[0.327459,0.536304,0.222136,-0.0372212,0.464797,0.340778,0.0666182,-0.0742424,0.0195387,-0.584176,0.0869245,-0.00545838,0.160432,0.0109344,0.040145,0.181183,0.107785,-0.083325,-0.218546,0.0313009,0.735362,-0.319639,-0.0190938],[0.116511,0.125735,0.805145,-0.0654272,0.221041,0.287729,0.684429,-0.00159201,-0.586443,-0.00466947,0.0727074,-0.00123908,0.0440963,-0.00699783,0.0381053,0.0401974,0.245263,0.0568227,-0.0704061,0.351673,3.78267,-0.0408193,0.0649852],[-0.00419903,-0.011834,0.0433093,0.00980555,-0.033176,-0.0227257,-0.0131018,6.80573e-05,0.00449531,0.0481809,-0.00220806,0.000147703,-0.00623955,-0.000216143,-0.000174727,-0.00368583,-0.0187694,0.00770939,-0.0190396,-0.00352449,-0.430455,-0.00532971,-0.00113811],[0.0505111,-0.0594693,0.0235905,0.0640136,0.120274,0.0754423,0.00102807,-0.0132755,0.150538,-0.0913179,0.00401269,-0.0119289,0.0215259,-0.0193818,0.00440402,0.0341934,0.0126555,0.0535027,-0.0853991,0.0223728,0.317136,0.125766,0.0199408],[0.329645,0.449066,-0.665791,-0.0594651,0.739454,0.42515,0.0627742,-0.133624,0.0394397,-1.08917,0.0871476,-0.0150723,0.226494,-0.0500709,-0.00889001,0.340586,-0.0227289,0.364613,0.655591,0.0629828,0.00791713,0.12517,-0.0267503],[-0.00433183,-0.0275585,0.188564,-0.0458882,-0.164235,-0.222377,-0.192691,0.0452323,0.0489593,-0.0722954,-0.0257059,0.00131737,-0.0284299,0.00531989,-0.0191335,-0.0123173,-0.15709,0.0530238,0.0120903,-0.046765,-1.07172,0.132282,0.00259267],[0.0365064,0.137351,0.0620504,-0.0244795,0.0966103,-0.0114356,-0.00517771,-0.00582337,0.0780563,0.00476297,0.00235618,-0.00806274,0.00764979,-0.00668603,0.00077061,0.0375254,-0.00707785,-0.0283041,-0.115084,0.000102276,0.312624,-0.0748635,-0.00681098],[-0.0245354,-0.0636913,0.115877,0.0118226,-0.00956733,0.00863747,-0.0222213,-0.0229945,0.0276727,-0.00991256,0.0251988,-0.00462944,0.00890869,-0.00259218,0.00489895,-0.00554354,-0.0289542,-0.0217647,0.00415082,-0.0119541,0.381115,0.058257,-0.00434158],[-0.130009,-0.329206,0.152162,0.239611,-0.198757,-0.719463,-0.0823506,0.0178634,0.167229,0.266237,-0.000298811,-0.00833612,-0.0229817,0.0134685,-0.0038559,-0.0889157,-0.0751776,0.0979124,-0.078894,0.0153024,-0.905899,0.14711,0.0295528],[-0.00291341,-0.0594935,0.134251,0.0633336,0.0119068,-0.0574694,0.0359191,-0.00995625,0.00285977,0.0134272,0.00516512,-0.00601156,-0.0142354,-0.0241002,-0.0227192,-0.00285009,-0.0383026,0.0269549,0.0105385,0.00896601,0.470249,0.0115136,-0.0134129],[-0.0656233,-0.108857,-0.0951325,-0.00264595,-0.139439,-0.0555731,-0.0712652,0.0173141,0.0334722,-0.000739329,0.0323985,0.00283392,-0.00957422,-0.00147523,-0.0464335,-0.0327504,-0.0566901,-0.0206446,-0.0301737,-0.0106976,-0.439687,0.0435362,0.0035434],[-0.00983011,-0.0532906,-0.177671,0.0437249,-0.000962002,-0.174802,-0.0184828,-0.010395,0.0726172,0.0272918,-0.0118883,0.000655812,-0.00409806,0.00293118,-0.00882246,0.00425031,-0.030841,-0.0167241,-0.0494887,-0.00629582,0.116628,0.0462699,-0.00240131],[-0.22918,-0.187695,-0.269626,-0.169466,-0.80652,-0.588131,-0.533309,0.0932996,0.443997,0.218783,-0.0720435,-0.0477382,0.0694353,-0.0285206,-0.105062,0.00460823,-0.30157,-0.130748,-0.43439,-0.113336,-3.03017,0.0640915,-0.045428],[-0.0993246,-0.204014,0.135526,0.0643931,-0.185005,-0.0718346,0.0443833,0.047981,0.0881525,-0.0198689,-0.00877795,0.00877004,0.0330688,0.00725739,0.0133614,-0.0622574,0.0521798,0.0135369,-0.00447175,0.018565,1.25673,0.0995541,-0.00611565],[0.0375631,0.0602005,-0.0245125,-0.045944,0.155545,0.210229,0.0852364,-0.0453597,-0.0291742,0.104976,-0.0233478,0.00541342,-0.0215161,0.00266247,-0.00203527,0.0354196,-0.00428313,0.0116644,0.0697405,0.00686269,0.802282,-0.0295746,0.00265863],[-0.219217,-0.274368,-0.367741,0.226824,-0.290708,-0.140573,0.0897194,-0.0943666,0.10818,0.0513187,0.0482349,0.000207493,0.0151455,0.0241274,-0.0591014,-0.122465,0.0626774,0.0302039,-0.0482634,0.017024,0.00558708,0.35811,0.0036913],[-0.127981,-0.312105,0.333045,-0.0462954,-0.640346,-0.0916521,0.0985971,-0.139974,-0.107654,0.4381,-0.162236,0.00321413,-0.0717136,0.0417088,0.0963201,-0.0599867,-0.140872,0.165846,-0.478694,0.00908574,2.63523,0.411972,0.0090967],[-0.30035,-0.933367,0.11821,0.0567427,0.0466934,0.119502,-0.383253,0.0432228,0.344712,-0.531039,-0.163181,-0.0215452,0.0884059,-0.0247104,0.0998449,-0.217478,-0.0918297,-0.155037,-0.0126716,-0.0986666,-0.665809,0.617165,-0.0869683],[-0.220615,-0.408116,-0.190875,0.121086,-0.201721,-0.17953,0.16553,0.0695036,0.0674056,-0.121563,0.00981488,-0.0395683,0.00182123,-0.0854366,0.0304547,-0.225966,0.25301,-0.204562,-0.273921,0.0607188,2.00369,0.137842,-0.130713],[0.0674922,0.164632,-0.113651,-0.155934,-0.0206189,0.640331,-0.22259,-0.093157,0.0842134,-0.866767,-0.0195904,-0.130568,-0.110252,-0.128521,-0.12433,0.0458907,-0.013155,-0.0296165,-0.647244,-0.0299916,-0.964987,0.125559,-0.0921689],[0.0365764,0.0532336,-0.0992893,0.0391503,0.00958701,-0.300451,-0.12238,0.0559577,0.041668,-0.0618786,0.0185769,0.011014,0.0261035,0.0288274,0.0249623,0.0457128,0.00138348,0.0957418,0.156708,-0.0139059,-0.308453,-0.087568,0.0197853],[-0.0268715,-0.086906,0.113086,0.0767818,-0.231955,-0.16486,-0.158214,0.0189624,0.480472,0.286256,-0.0537015,-0.0378207,-0.0891408,-0.0467155,-0.0386127,-0.0394212,0.0227953,0.0279571,-0.164684,0.00667557,1.3213,0.106502,-0.0406111],[-0.277622,-0.632486,0.491091,-0.00442799,0.0183371,-0.190073,0.0335251,0.0574313,-0.468903,-0.561803,-0.111382,-0.0103273,-0.189761,-0.0248723,-0.110256,-0.178134,0.0464826,-0.34877,0.0252225,-0.0244818,1.11459,0.714158,-0.0804615],[0.0879333,0.146322,0.0471784,-0.035876,0.152436,0.0734706,0.132081,0.0503898,0.0100733,0.139634,0.0177432,-0.00557508,0.013971,-0.00144467,0.010573,0.106662,0.055926,-0.0660166,-0.602257,0.0185278,0.723464,-0.184378,-0.00826372],[-0.1096,-0.208879,0.0234291,0.0228382,-0.0658924,-0.040481,-0.0905044,0.0310221,0.181035,0.419737,0.0363894,0.00758605,0.0712394,0.0193707,0.0749064,-0.0472529,0.048885,-0.0159756,-0.131354,0.00521854,0.515197,-0.0370586,0.015766],[0.00689952,0.00223693,0.0305731,-0.000534663,0.00331916,-0.00814007,-0.0247085,0.00115576,0.00524827,0.00595608,-0.00358256,0.000747011,0.00445251,0.000750031,0.00324935,0.00727375,-0.017458,0.0011051,-0.00492084,-0.0108081,-0.213862,-0.00738833,0.000214322],[-0.11946,-0.288719,-0.103632,0.0209697,0.00169547,-0.0305045,-0.000205689,0.0325201,-0.097852,-0.0841675,0.0197725,0.0110315,0.00218918,0.0091396,-0.0108296,-0.0894901,-0.00863883,0.0439005,-0.06433,-0.00194972,0.108966,0.168386,0.00610933],[0.142026,0.692606,0.344136,0.108535,0.194031,0.230053,0.382338,0.0991276,-0.870031,-0.482162,-0.0102926,-0.0122438,0.0293055,-0.0253269,-0.0677448,0.120717,0.0437117,0.279324,-0.169188,0.0412481,0.255173,-0.636098,0.00082487]],"sigmahat":[[0.130524,0.256688,-0.00863255,-0.0255459,0.131566,0.165243,0.0256514,-0.0187828,-0.0286064,-0.0414439,-0.000433747,-0.000923171,-0.00796367,-0.00327067,0.00129742,0.0775024,0.0154801,-0.00137067,0.0140555,0.000598232,-0.142795,-0.137778,-0.00220978],[0.256688,0.706091,-0.170088,-0.0729351,0.224702,0.282667,0.0621379,-0.0405878,-0.0756789,-0.0622249,0.0052062,-0.00638332,-0.015367,-0.00861679,-0.0044698,0.17652,0.0376942,-0.0235368,-0.0762517,0.00225637,-0.476351,-0.391966,-0.00789185],[-0.00863255,-0.170088,1.11513,0.0652812,0.0244357,0.0740052,-0.0234451,0.0271294,-0.0144842,-0.0217602,-0.0047432,0.00791018,-0.0162589,-0.00404312,-0.00814793,-0.0164327,0.000775518,0.0328479,0.123338,-0.0208673,0.232059,0.0749197,-0.0154952],[-0.0255459,-0.0729351,0.0652812,0.116972,-0.0311715,-0.0865222,0.0130627,0.016437,0.0319559,-0.0152248,-0.00737724,-0.0020669,-0.00766218,-0.00315163,-0.00358484,-0.00808365,0.00559034,0.0158672,0.0526954,-0.0012934,0.0819535,0.0140353,-0.00351595],[0.131566,0.224702,0.0244357,-0.0311715,0.636555,0.388807,0.0699845,0.00526123,-0.168722,-0.156916,0.0213431,-0.00461639,-0.00944774,-0.010276,0.00458599,0.101988,0.0564763,-0.0276625,0.053984,0.00840543,0.427491,-0.187771,-0.0133616],[0.165243,0.282667,0.0740052,-0.0865222,0.388807,0.91094,0.0309299,-0.0409014,-0.0535914,-0.1757,0.00331223,-0.00623571,-0.0310543,-0.0073299,-0.0165925,0.128224,0.041017,-0.0120293,0.11651,-0.00661349,0.681527,-0.154602,-0.0131388],[0.0256514,0.0621379,-0.0234451,0.0130627,0.0699845,0.0309299,0.209401,-0.00257559,-0.13928,-0.000875811,0.00123797,0.00724474,0.0138652,0.0036367,0.0185371,0.0138984,0.0903808,-0.0132622,0.00648987,0.0537577,0.849656,-0.0506603,0.00753849],[-0.0187828,-0.0405878,0.0271294,0.016437,0.00526123,-0.0409014,-0.00257559,0.0464594,-0.0112324,0.00216189,0.00374479,-0.00268297,-0.00355661,-0.00305913,-0.0026764,-0.0119001,-0.000160868,-0.00136027,0.0160586,-0.00186864,-0.113752,0.0135801,-0.00360669],[-0.0286064,-0.0756789,-0.0144842,0.0319559,-0.168722,-0.0535914,-0.13928,-0.0112324,0.36414,0.0610026,-0.00388159,-0.0100615,0.00668677,-0.00660022,-0.013232,-0.0281995,-0.0601788,0.0158589,-0.0292906,-0.0319288,-0.410766,0.0700001,-0.00650211],[-0.0414439,-0.0622249,-0.0217602,-0.0152248,-0.156916,-0.1757,-0.000875811,0.00216189,0.0610026,0.421735,0.00698887,0.00476241,0.00932495,0.00877285,0.0265286,-0.0492879,-0.0206881,0.00748259,-0.0625894,0.023478,-0.0973216,-0.0176639,0.0267884],[-0.000433747,0.0052062,-0.0047432,-0.00737724,0.0213431,0.00331223,0.00123797,0.00374479,-0.00388159,0.00698887,0.0357288,-0.00155172,0.0120872,-0.001767,-0.00176074,-0.0028744,0.00397447,-0.0118832,-0.0179848,0.00412182,-0.065241,-0.0143728,0.00135507],[-0.000923171,-0.00638332,0.00791018,-0.0020669,-0.00461639,-0.00623571,0.00724474,-0.00268297,-0.0100615,0.00476241,-0.00155172,0.00590295,0.00112589,0.00436118,0.00225142,-0.00233418,0.00134572,0.00177005,0.00644074,0.00178384,0.0198607,0.00279724,0.00394109],[-0.00796367,-0.015367,-0.0162589,-0.00766218,-0.00944774,-0.0310543,0.0138652,-0.00355661,0.00668677,0.00932495,0.0120872,0.00112589,0.0319509,0.00256872,0.0133755,-0.00832042,0.0102256,-0.00544633,-0.0164038,0.00887162,0.0756686,-0.002464,0.00395513],[-0.00327067,-0.00861679,-0.00404312,-0.00315163,-0.010276,-0.0073299,0.0036367,-0.00305913,-0.00660022,0.00877285,-0.001767,0.00436118,0.00256872,0.00671903,0.00335651,-0.0029016,0.000825782,0.00310003,0.00809712,0.00209829,0.000648371,0.00274431,0.00476778],[0.00129742,-0.0044698,-0.00814793,-0.00358484,0.00458599,-0.0165925,0.0185371,-0.0026764,-0.013232,0.0265286,-0.00176074,0.00225142,0.0133755,0.00335651,0.0209101,-0.00385113,0.0140998,-0.000141788,-0.000492905,0.00886031,0.139071,-0.00384718,0.00317762],[0.0775024,0.17652,-0.0164327,-0.00808365,0.101988,0.128224,0.0138984,-0.0119001,-0.0281995,-0.0492879,-0.0028744,-0.00233418,-0.00832042,-0.0029016,-0.00385113,0.0758313,0.00739096,-0.00746758,-0.0103858,-0.0038835,-0.025262,-0.109168,-0.00496618],[0.0154801,0.0376942,0.000775518,0.00559034,0.0564763,0.041017,0.0903808,-0.000160868,-0.0601788,-0.0206881,0.00397447,0.00134572,0.0102256,0.000825782,0.0140998,0.00739096,0.0857061,-0.0146222,0.0102561,0.0305565,0.460447,-0.0400695,-0.00173101],[-0.00137067,-0.0235368,0.0328479,0.0158672,-0.0276625,-0.0120293,-0.0132622,-0.00136027,0.0158589,0.00748259,-0.0118832,0.00177005,-0.00544633,0.00310003,-0.000141788,-0.00746758,-0.0146222,0.0561768,0.0594195,-0.00527155,-0.0384279,0.0153909,0.00535446],[0.0140555,-0.0762517,0.123338,0.0526954,0.053984,0.11651,0.00648987,0.0160586,-0.0292906,-0.0625894,-0.0179848,0.00644074,-0.0164038,0.00809712,-0.000492905,-0.0103858,0.0102561,0.0594195,0.455084,-0.00187321,-0.227765,0.0834251,0.00607442],[0.000598232,0.00225637,-0.0208673,-0.0012934,0.00840543,-0.00661349,0.0537577,-0.00186864,-0.0319288,0.023478,0.00412182,0.00178384,0.00887162,0.00209829,0.00886031,-0.0038835,0.0305565,-0.00527155,-0.00187321,0.0283703,0.264635,-0.00586383,0.00485949],[-0.142795,-0.476351,0.232059,0.0819535,0.427491,0.681527,0.849656,-0.113752,-0.410766,-0.0973216,-0.065241,0.0198607,0.0756686,0.000648371,0.139071,-0.025262,0.460447,-0.0384279,-0.227765,0.264635,14.0983,0.0757221,-0.00205119],[-0.137778,-0.391966,0.0749197,0.0140353,-0.187771,-0.154602,-0.0506603,0.0135801,0.0700001,-0.0176639,-0.0143728,0.00279724,-0.002464,0.00274431,-0.00384718,-0.109168,-0.0400695,0.0153909,0.0834251,-0.00586383,0.0757221,0.387634,0.0017297],[-0.00220978,-0.00789185,-0.0154952,-0.00351595,-0.0133616,-0.0131388,0.00753849,-0.00360669,-0.00650211,0.0267884,0.00135507,0.00394109,0.00395513,0.00476778,0.00317762,-0.00496618,-0.00173101,0.00535446,0.00607442,0.00485949,-0.00205119,0.0017297,0.0110255]],"n":23,"lags":3}