{"betahat":[[0.013504,0.0432956,-0.0337376,-0.0201279,0.0314863,-0.0153053,0.0501375,-0.00950581,-0.376148,0.142129,-0.0170228,-0.000239506,-0.0406721,0.00689064,0.00427084,0.46696,0.649924,0.0547088,0.0269774,-0.00194298,-0.558513,-0.0414133,0.00495653],[0.0813713,0.0146602,-0.0544457,-0.00245375,0.161657,0.219393,0.00440282,0.00313491,0.0579239,-0.070764,0.00131356,-0.00368995,0.00673059,0.00277279,-0.000979204,-0.0414055,0.00707646,-0.0215625,-0.00183239,-0.00312943,-0.334449,0.119651,-0.00141494],[0.0219355,-0.00120426,-0.0123755,-0.00301631,0.0524478,0.05854,0.000369729,0.00391434,0.0161396,-0.0371559,0.00159319,0.000164679,-0.00592677,0.000553871,-0.00527252,-0.0131336,-0.00814479,0.00791955,0.0291113,-0.00386876,-0.158512,0.0123447,0.00113076],[0.0112751,0.0286323,0.0628044,-0.000951131,-0.00563299,0.0221441,-0.04071,-0.00261718,0.0321292,0.0111028,0.0015297,0.00323952,0.0127038,0.00830811,0.00574381,0.0114178,0.0206218,-0.0212969,-0.028615,0.00150016,-0.229017,0.0947411,0.00748038],[0.00652564,0.0628868,-0.0654923,-0.0280879,0.00685361,0.0430698,-0.0611069,-0.0232712,-0.0834011,0.0989806,0.000730437,-0.0203504,0.0272358,-0.0192553,-0.00862839,0.0788641,0.0202726,-0.0483568,-0.110474,0.0159751,0.187415,-0.065834,-0.0112802],[0.0138728,-0.00487699,-0.01555,-0.0322542,0.097597,0.0995693,0.0304886,-0.0165321,0.0288842,-0.111154,-0.00902532,-0.00316849,-0.00246598,0.000887701,0.00313954,-0.0379537,-0.00180632,0.0123289,0.0292253,-0.00218197,-0.0227587,0.076339,-0.00112605],[0.0281965,0.0165595,0.0491971,-0.00122827,0.0739697,0.125036,0.0157209,-0.0120291,-0.0371154,-0.0767328,-0.000818811,-0.00681686,0.022705,0.000921171,0.0177603,0.0168569,0.0189401,-0.0177948,-0.058284,0.00418789,-0.101606,0.0664351,-0.00238816],[-0.0416549,-0.0366831,0.0689654,-0.0306119,-0.0272709,-0.0659762,-0.0796552,0.0121067,0.0582206,0.0239618,-0.00549738,0.0162622,-0.00118743,0.0163263,0.00521819,-0.0596072,-0.129977,-0.00245028,0.0854349,-0.0764582,-2.10139,-0.0884924,0.0129221],[-0.0708607,-0.154409,0.064146,0.0193471,-0.0254002,-0.198531,0.0629828,0.593657,-1.54156,-0.355697,0.0625977,0.00298781,0.00290414,0.00688491,-0.0183932,-0.0604593,-0.0855192,0.0979366,-0.0237278,0.0186904,0.6864,-0.0218319,0.0347278],[0.00317364,0.00122252,-0.0043474,-0.00277416,0.0111144,0.0100763,3.40452e-05,-0.00808614,0.159317,0.00614154,0.0025133,-0.00479331,-0.00505087,-0.00379278,-0.00286564,-0.0245687,-0.00366809,0.0036765,0.010355,0.00187273,0.0220414,0.059147,-0.00216218],[-0.00542579,-0.0244955,0.0223517,0.0108074,-0.0160365,-0.001371,-0.0160314,-0.00913564,0.032033,0.10486,-0.00688805,-0.00144093,-0.00626999,-0.00164496,0.00158388,0.00288555,-0.0101946,0.0012396,0.0143903,-0.00359267,-0.0295556,-0.0190401,-0.00199041],[0.0285987,0.0719879,-0.100768,-0.00666844,0.0387944,-0.00880905,0.0333975,0.0395714,-0.0623025,-0.137095,0.0304467,-0.00840829,0.0121768,-0.00680239,-0.00466333,0.0192076,0.0389967,0.00503363,0.0109955,0.00847283,0.000653988,0.0344399,0.00446762],[-0.0293404,-0.0710851,0.125692,0.0341094,-0.168427,-0.228858,-0.0841354,0.0136086,-0.202202,0.0742412,-0.0128646,0.0891507,-0.0367378,0.0726713,-0.0129247,-0.111519,-0.0860645,-0.0498292,-0.000715741,-0.0250773,-0.826785,-0.236208,0.0830603],[0.0554519,0.144115,-0.0553548,-0.020111,0.0230042,0.0181356,0.0435274,0.0267125,-0.135088,-0.0755799,0.0294432,0.00998464,0.0492994,0.0186892,0.00622979,-0.00838032,0.0294879,-0.00550511,-0.0337943,0.0044777,-0.19159,0.0192989,0.0143776],[0.00521269,-0.041816,0.217678,0.0222296,-0.211377,-0.21514,-0.0546006,0.0229521,-0.0712417,0.0824002,0.00513957,0.108564,-0.0214226,0.106486,-0.0101437,-0.122458,-0.0914265,-0.0902227,-0.0281277,-0.0250928,-1.36991,-0.0717683,0.11104],[0.0213999,0.0344647,0.138915,-0.00460731,-0.10034,-0.0501566,0.0424633,-0.0112506,-0.17717,0.265849,-0.0136702,0.0324973,0.0496866,0.0388385,0.0331171,-0.00460991,-0.0300502,-0.0506989,-0.0368734,-0.00745325,-0.481133,-0.118157,0.0195464],[0.0729097,0.112151,0.0161531,-0.0166886,0.100222,0.134016,-0.0112304,-0.0429735,-0.694968,0.198164,-0.00293877,-0.0254559,-0.0160272,-0.0216737,-0.0139155,0.660171,0.103577,-0.0278073,0.0538826,-0.00436932,-0.0893999,-0.431003,-0.0273025],[-0.0139365,-0.0232464,-0.037315,0.00680987,0.0121776,-0.00187121,-0.00265646,-0.0167135,-0.246706,0.0171182,0.0166025,0.00742932,0.0269131,0.00913308,0.0102996,0.0387335,0.664991,0.0273343,-0.0633779,0.00313171,-0.347472,0.345681,0.0131724],[0.00999407,0.0928944,-0.359894,-0.0978543,-0.0228507,-0.0204259,-0.0113862,0.13007,0.0152218,0.352232,-0.11867,-0.074641,-0.0673618,-0.0798588,-0.0187719,-0.167757,-0.0381394,0.530289,0.399605,-0.0332949,0.0751563,0.0788058,-0.0815731],[-0.0680679,-0.151448,0.0715761,0.0293575,-0.0814699,-0.112601,0.0176627,-0.0159229,-0.0245169,0.112662,-0.0227831,0.00815227,-0.0584382,0.000986804,-0.0109848,-0.00831373,0.0480397,0.00977839,0.656079,-0.00501569,-0.107976,0.228498,0.00678949],[-0.00861457,-0.0112539,-0.111305,0.00713613,0.00199751,-0.00732081,-0.268065,0.0125994,0.226204,-0.0658909,-0.00617336,-0.0124777,-0.0161606,-0.0124196,-0.0080011,-0.00898363,-0.125669,-0.00917353,-0.033682,-0.123417,-2.72246,-0.000923704,-0.0182159],[0.00202226,0.00663823,0.00116227,-0.00275962,0.000326031,0.00784503,-0.00659862,-0.00234398,0.0160436,0.00032271,0.000528919,-0.00144475,-5.95392e-05,-0.00155506,-7.34898e-05,0.00326619,0.00777892,-0.000581594,-0.00524671,-0.00219293,-0.0912688,0.00367891,-0.00166624],[0.013617,0.0321724,0.0123081,-0.00730616,0.0140625,0.0209041,0.00246258,0.00364999,0.0643689,-0.0574071,0.0089442,-0.00308314,0.00829164,-0.000740753,-0.000475966,-0.0224229,0.0490623,0.00184416,0.00440002,0.00235665,0.00530659,0.120066,-0.00129819],[-0.0236501,-0.100382,0.120337,0.000372958,-0.158296,-0.165133,-0.0548003,0.0708014,-0.00628445,0.129278,-0.0139072,0.0500101,-0.0360339,0.0429316,-0.00801915,-0.128228,-0.0265892,-0.0263253,0.00193407,-0.0126085,-0.444854,0.0108299,0.0574662],[-0.0119393,-0.032043,-0.0268965,0.00532143,0.00613064,0.00817012,0.0469908,0.0111715,-0.0531771,-0.0255143,0.00610876,0.00127615,0.0103292,0.00304167,0.00462621,-0.0308702,0.0197426,-0.0101688,0.00773401,0.00866049,0.233871,0.025897,0.0031021],[-0.00381554,-0.0141712,-0.010506,0.00166481,0.00544121,0.00860524,0.0111462,0.00169856,-0.0098801,-0.00829586,0.00129337,-2.31902e-05,0.00134188,-0.00029887,0.000703491,-0.00940515,-0.00314027,-0.000493065,-0.000457506,0.000567738,0.0325401,-0.000394015,0.000341339],[0.00475674,0.00939274,-0.0048274,-0.000500366,0.0019715,-0.0107512,-0.0040631,0.00141814,0.00450249,-0.000636922,0.00169228,0.000247888,0.00431762,0.000983878,-6.96429e-05,0.00205422,0.00843462,-0.00410393,-0.00875788,0.00284449,-0.0276199,0.0131802,0.000784661],[0.0210257,0.0478127,-0.0250484,-0.0165667,0.0392215,0.0997176,-0.0353377,-0.0119318,-0.02857,-0.0551816,0.00795783,-0.00544658,0.00212643,-0.00665739,-0.00425453,0.0318291,0.0232653,-0.0110825,-0.0509457,-0.00453619,0.198247,-0.00120627,-0.00747352],[-0.00664119,-0.00348406,-0.0127811,-0.00744133,-0.00214484,0.00973849,0.0232991,-0.000388469,-0.0188615,-0.0159866,-0.0049435,0.00441418,0.00169354,0.00708862,0.0055958,-0.0132815,0.00636999,-0.00446451,0.00579332,0.00162106,0.0364405,-0.000676932,0.00477984],[0.00272689,0.000587872,0.0314817,-0.00277422,0.00880164,0.0144413,0.0169043,0.00370248,-0.00847395,-0.0198095,-0.000605617,0.00154618,0.0071463,0.00518209,0.0061528,-0.00625756,0.00180932,-0.00760862,-0.00513471,2.24164e-05,-0.00264297,0.0380634,0.00187808],[-0.0107673,-0.0172824,0.0336806,-0.00540492,-0.0157441,-0.0197092,0.0531286,0.00933281,-0.061316,0.0198461,0.000521298,0.005305,0.00108693,0.00543695,0.00237897,-0.0135737,0.00231248,0.00258078,0.0262372,0.0159004,0.229721,-0.0188726,0.00667924],[0.0171356,0.0276602,-0.00146286,-0.000825571,0.0293343,0.0675944,-0.00838758,0.118655,-0.477452,-0.132991,0.000666323,0.00245327,0.0045861,0.0014384,0.00229112,0.0321473,-0.0166885,0.0164649,-0.0516978,0.00369019,-0.150693,-0.0487179,0.00480163],[0.000914474,0.000101242,0.000438652,-0.000369294,0.00329883,0.00187872,-0.00134075,-0.00136869,0.0367377,-0.00209575,0.000289789,-0.0012391,-0.00049556,-0.000965951,-0.00036582,-0.00691743,-0.00155421,0.00137508,0.0026881,-0.000638013,0.0127282,0.0172454,-0.000368395],[-0.00302431,-0.00773723,0.00176945,0.00357648,-0.00671013,-0.00719032,-0.00240871,-0.00233161,0.00578123,0.0190386,-0.000927434,-0.000494508,-0.00144385,-0.00079428,-0.000380411,0.000756134,-0.00154244,0.000574397,0.00381358,-0.000186131,0.00896196,-0.00303655,-0.00084536],[-0.00384664,-0.0049995,-0.0049559,-0.0101571,0.0067656,-0.02003,0.0108769,0.0121574,-0.0164359,-0.0152822,-0.00324917,0.00164943,-0.00349281,-0.000278896,4.04548e-05,-0.00860412,0.0107663,-0.00103685,0.00482488,0.000162639,0.122743,0.00236909,0.00286663],[0.00132236,0.00365247,-0.073617,-0.00412639,-0.011336,-0.050757,-0.0670972,-0.00135574,0.100055,0.013308,-0.0106804,0.0112679,-0.0186179,0.008225,-0.0125971,-0.0215744,-0.0581626,-0.00236037,-0.00413093,-0.0109048,-0.378106,-0.0366332,0.0103408],[0.0107388,0.0257816,0.000731129,-0.00884677,0.0168883,0.0073812,0.0212756,0.00230427,-0.0503808,0.00106537,0.00210463,0.00378395,0.00182921,0.00384163,-0.00107026,-0.002179,0.0090792,-0.00255045,-0.00271006,0.00288698,-0.0598676,-0.00879827,0.00440647],[0.00720575,0.0101518,-0.0267866,-0.00171535,0.00457799,-0.0373644,-0.029477,-0.00175434,0.00292692,0.0138655,-0.000617228,0.0152252,-0.0110993,0.011287,-0.00925185,-0.0219686,-0.00804867,-0.0053006,-0.00351055,-0.00132666,-0.303174,-0.0125178,0.0143465],[0.00121034,0.0107513,0.0375427,0.00344265,-0.0123129,-0.00758165,0.0200789,-0.00454024,-0.0642716,0.0565501,0.00271405,0.00831917,0.00644157,0.00976701,0.00258501,-0.00218715,-0.0097723,-0.0110849,-0.00437017,0.00528196,0.0341866,-0.0273508,0.00812148],[-0.0069963,-0.00197833,-0.0312406,-0.0109027,-0.00669845,-0.0102995,0.0264747,0.00695194,-0.154292,0.0472956,0.00723585,-0.00293479,-0.00144647,-0.00220377,-0.00316242,0.124797,0.02918,-0.00476813,0.0448297,0.00295342,-0.036764,-0.0823628,-0.000350848],[-0.00697129,-0.0163303,0.0293145,0.00090418,-0.00916887,-0.0169583,0.0134516,-0.00567843,-0.0881091,0.0317876,-0.000204984,0.00609961,0.00124994,0.00577632,0.00279375,0.00482624,0.136661,0.0100702,-0.0151574,0.00470961,0.295278,0.0529338,0.00784601],[0.0209485,0.00715227,0.0829435,0.0225707,-0.0337104,0.0702143,-0.0152983,0.0257668,-0.0979493,0.120713,-0.0223079,-0.00814886,0.000483963,-0.00248426,0.00833952,-0.0138767,-0.016199,0.0663284,0.0330061,-0.00533755,-0.109262,-0.0281027,-0.00886877],[0.0105987,0.0107733,0.033135,0.00535963,0.00270441,0.0342829,-0.0278914,-0.0125143,-0.0177256,-0.0482638,8.7255e-05,-0.000659496,0.0028399,-0.00110299,-0.00112956,0.0219935,0.0442766,-0.00824183,0.0990073,-0.00313568,-0.0778063,0.093216,-0.00150464],[0.00345477,0.0131876,0.00768177,-0.00627536,0.00298504,-0.000254762,0.066592,3.67403e-05,-0.0787142,-0.0019237,0.00168202,0.000715245,-0.000378998,-0.0010902,-0.000249339,0.0064271,0.0218872,0.00632422,0.0210168,0.0253526,0.545486,0.00556239,0.00285852],[-0.000215078,-1.64958e-05,0.00144051,6.62255e-05,-0.0014365,0.000886658,0.00265847,-0.000165143,-0.00236677,0.00243428,0.000165764,-0.000108675,1.29326e-05,-7.52658e-05,0.000111402,0.000111382,0.000977465,0.000136308,-0.00109371,0.00123284,-0.0203987,-0.000960787,-0.000122592],[0.00197489,0.00282788,0.00237316,0.000690083,0.00160729,0.00341962,0.00118829,0.000592735,0.00460724,-0.0183714,0.00279458,-0.000653298,0.00232816,-0.000449691,4.98678e-05,-0.00748579,0.0144191,0.00129668,0.00154383,0.000954207,0.0221718,0.027027,1.85051e-06],[-0.00332889,-0.0230935,-0.0243027,-0.000889777,0.00310804,-0.0290518,-0.022814,0.0101357,0.00277378,-0.0217056,0.00288477,0.00750874,-0.00295661,0.00460956,-0.00418913,-0.0246716,0.0139918,-0.00151664,-0.0149387,0.00179713,-0.0076197,0.0176691,0.00639454],[-0.00504624,0.00596877,-0.00677071,-0.00773766,0.00268322,-0.00820954,0.0179495,0.00565554,-0.0212894,-0.0274038,0.00340387,0.000992236,0.00457725,0.0028809,0.000574931,-0.0096046,-0.00287978,-0.00196556,0.00351114,0.00202337,0.00142676,-0.00204355,0.00136715],[-0.00539961,-0.00952874,0.00565909,0.00124757,-0.000304804,-0.00679484,0.00326713,0.00139231,-7.06475e-05,0.00104941,0.000646417,6.53617e-05,9.94183e-05,4.32196e-05,0.000686638,-0.00419187,0.0012857,4.48233e-05,0.00243612,0.000183195,0.0532396,-0.00467088,0.000272278],[0.00489202,0.00759717,-0.00733457,0.00036939,0.00469969,0.000171513,-0.00279342,-0.00247552,-0.00232209,-0.00675187,0.00227981,0.000626308,0.00198166,0.000605288,-0.000383353,0.000674738,-0.00239673,-0.000741974,-0.000457223,-0.000443748,-0.0267684,0.00601345,0.000711441],[0.00935484,0.00853796,0.00161585,0.0067257,0.0150975,0.0186579,-0.00118357,-0.00131253,0.0115606,-0.034897,0.00148223,-0.00285158,-0.000398124,-0.00296582,-0.000304378,0.00669731,0.018396,-0.00214945,-0.0210192,0.00254822,-0.0376232,0.0309344,-0.00254246],[-0.00255376,0.00063334,0.00815699,-0.00320876,-0.0190539,-0.0189513,0.0102097,0.000781781,-0.01083,0.0106061,-0.00249262,0.00318909,0.000548669,0.00427217,0.00179851,-0.000820308,-0.00529889,-0.000234066,0.00705939,0.00132793,-0.0664083,-0.0125027,0.00342881],[-0.00156181,0.00134569,0.0118128,-0.00415418,-0.0125663,-0.0143167,0.00752895,0.00133989,-0.0152453,0.00223309,0.00151998,0.00237618,0.00330915,0.0035827,0.000876664,-0.00389119,-0.00524579,-0.00203937,0.00306586,0.000195388,-0.0607213,0.00648288,0.00239947],[-0.00504808,-0.00987287,0.00357247,-0.000587518,-0.00313701,-0.0257707,-0.0168949,0.000223971,0.00628224,0.0156534,-0.00408099,0.00304161,-0.00217866,0.00224568,0.000315488,-0.00413406,-0.0153738,0.000472997,0.0113726,-0.0081801,-0.166497,-0.0162523,0.00205717],[0.0157543,0.026068,-0.0173634,-0.00226949,0.0145471,0.0481529,-0.0304761,0.0401153,-0.215626,-0.0557808,-0.00113325,0.00221335,0.00662799,0.00180387,0.00069761,0.0320061,-0.0188942,0.00486976,-0.0354008,-0.0040619,-0.203803,-0.0438377,0.000860941],[9.40568e-05,-0.000439212,0.000990129,-5.2785e-05,0.00138603,0.00284222,0.00150001,-0.000450531,0.0125807,0.000442135,0.000262937,-0.000328967,-6.57734e-05,-0.000237801,0.000155995,-0.00293994,0.00190367,0.000106045,0.000576685,0.000238385,0.0241194,0.00723034,-6.46292e-06],[0.000343408,0.00139945,-0.00287572,0.000799707,0.0003046,0.000767369,-0.00133824,-0.00201297,0.00337155,0.00407928,0.000195185,-0.000332878,-0.000160308,-0.000489636,-0.000408174,0.00161021,-1.54144e-05,-9.94595e-05,0.00162507,-5.76793e-05,-0.00516508,-0.00174703,-0.000482963],[-0.00501869,-0.00575403,-0.00843222,-0.000425972,-0.000620797,-0.00315178,0.00489729,0.00295593,-0.00384746,-0.0103038,-0.00121141,0.00055523,5.73237e-05,-0.000109938,8.15365e-05,-0.00824194,0.00209955,0.00128424,0.00326637,0.000861765,0.0260502,0.00264701,0.000139666],[-0.00472791,-0.0146839,-0.0499798,-0.000919722,-0.00528554,-0.043152,-0.0197035,-0.00721467,0.0424025,0.0343073,-0.00556577,-0.000563064,-0.00862613,-0.00255902,-0.00433062,-0.00833267,-0.0118627,0.00312479,-0.00474272,0.000426037,-0.00728428,-0.0163899,-0.00134021],[-0.00406334,-0.0114377,0.00809688,0.000522578,-0.00253537,0.000705198,0.0103153,-0.000840197,-0.0231102,0.00599906,-0.000743409,0.00227607,-0.000685997,0.00171539,0.000720162,-0.0094591,0.00587958,-0.00260313,-0.000877727,0.00162171,0.00479661,-0.00804083,0.00142558],[-0.01459,-0.0305379,-0.0262437,0.00126212,-0.0222883,-0.0499548,-0.0160141,0.00200976,0.0208518,0.0072159,-0.00156535,0.000218039,-0.00685803,-0.00242914,-0.00394002,-0.0119538,0.000546207,0.00611161,-0.00209781,-6.90383e-06,-0.0483834,-0.00556226,-0.0012416],[-0.00298816,-0.0120725,0.0254454,0.00649405,-0.0039837,-0.0013578,-0.00447881,0.00376043,-0.00178443,0.0134691,-0.000929269,0.00201026,-0.00220078,0.00194214,-0.00207227,-0.00649078,-0.0062442,-0.00255314,-0.00261344,-0.00225961,-0.0537784,-0.00242352,0.0025075],[-0.0116007,-0.00496966,-0.0166437,-0.00478255,-0.0167011,-0.0532187,0.00850636,0.0102865,-0.0285561,0.0206535,0.00376809,-0.000387334,-0.00135484,1.20476e-05,-0.00297687,0.0441142,0.0024155,0.00732255,0.034642,0.000502602,-0.0215176,-0.0492523,0.00173253],[-0.00716883,-0.0144618,0.0115813,0.00186066,-0.0153205,-0.0171159,-0.00802473,-0.0049165,-0.00999654,0.0340208,-0.00509224,0.00285613,-0.0053024,0.00211272,-5.56665e-05,-0.000482897,0.0531527,0.00674096,-0.011595,-0.00106528,0.171549,0.0117218,0.0027983],[0.0100949,-0.0114089,0.0738261,0.0126443,-0.0058387,0.049178,-0.013101,0.00736731,-0.0992731,0.0538389,-0.0120189,-0.00359733,0.00193204,0.00221614,0.0071411,0.0114809,-0.0032924,0.00778304,0.0025693,-0.00150794,-0.136483,-0.00596528,-0.00615475],[0.0136362,0.0158511,0.012537,0.00360853,0.00725802,0.0338386,-0.0105917,-0.00414093,-0.0439036,-0.0394662,0.00308601,-0.000342783,0.00830363,0.000409143,0.000395549,0.0221572,0.0357445,-0.00873793,0.0192487,0.00149481,0.0194122,0.0485211,-0.00130827],[-0.00440112,-0.0119529,0.000985541,0.00298158,-0.00666546,-0.00796947,-0.032855,-0.00438379,0.0481372,0.0102297,-0.00167124,0.000160275,-0.00167972,0.000257512,0.000561098,-0.00122357,-0.0141226,-0.00472322,0.000270039,-0.0129798,-0.221865,-0.0054786,-0.00085702],[0.000247396,-0.000110068,0.000334554,7.55404e-05,0.000381781,-0.000222087,-0.00187288,-0.000258886,1.16259e-05,0.00129563,-0.000365984,-5.94416e-05,0.0001108,-4.6559e-05,0.000168665,0.000493201,-0.00122372,-7.88186e-05,-0.000665948,-0.000794902,-0.0168161,-0.000624147,-7.25529e-05],[0.000567278,0.000675549,-0.00150572,0.000376494,0.00278413,0.00217306,-0.000107347,0.00094768,0.000994433,-0.0104763,0.00117909,-0.000112174,0.000756371,1.54965e-05,-0.000274934,-0.00353892,0.00594535,0.000557715,0.000228046,0.000145969,0.0197366,0.010727,0.000188897],[-0.00459015,-0.00472792,-0.0228709,0.00220163,-0.00771956,-0.029788,-0.00847688,0.00693939,-0.0272962,0.0146264,0.00106023,-0.00113861,-0.00175433,-0.00280332,-0.00195484,-0.00723538,0.0139531,0.00839355,0.00535306,0.000506047,0.0163429,-0.0042015,-0.00213981]],"sigmahat":[[0.385697,0.744322,-0.184546,-0.145171,0.536253,0.679278,-0.0221122,-0.165631,0.0510411,-0.2394,0.0500339,-0.0178122,0.0964482,0.000683122,0.0141076,0.392641,0.224215,-0.106927,-0.428497,0.0207979,-0.821928,0.0130161,-0.0136451],[0.744322,1.88124,-0.810805,-0.369437,0.865785,0.972115,-0.0463116,-0.24614,0.23734,-0.648496,0.125435,-0.0340923,0.225512,-0.00373841,0.0145353,0.502411,0.292948,-0.151185,-1.03653,0.0466124,-2.38132,-0.0426862,-0.0282307],[-0.184546,-0.810805,2.2492,0.102461,-0.289597,0.0615915,0.0585126,-0.0974697,-0.605733,0.792643,-0.0491602,0.0755354,-0.0966086,0.0844112,0.021083,0.604396,0.27633,-0.165124,0.834556,-0.0382184,-0.350142,0.0830716,0.06272],[-0.145171,-0.369437,0.102461,0.252438,-0.252318,-0.332762,-0.0323218,0.0392928,0.0192772,0.219011,-0.0208299,-0.00916457,-0.0692135,-0.0195257,-0.00879593,0.0229624,-0.0748341,0.0296614,0.331344,-0.0139591,0.718901,-0.0929011,-0.0107234],[0.536253,0.865785,-0.289597,-0.252318,1.62924,1.60688,0.0702741,-0.208249,-0.30454,-0.978435,0.0929956,-0.0481591,0.138626,-0.0228999,0.0139378,0.627428,0.516447,-0.147947,-0.685894,0.0219211,-0.274045,0.0644971,-0.049166],[0.679278,0.972115,0.0615915,-0.332762,1.60688,2.75901,0.0455892,-0.43051,-0.0580343,-0.777607,0.0586953,-0.0840075,0.11797,-0.0378228,0.0205445,1.02371,0.540335,-0.228809,-0.487011,0.0159952,-0.147976,0.171347,-0.0948621],[-0.0221122,-0.0463116,0.0585126,-0.0323218,0.0702741,0.0455892,0.740102,-0.00594762,-1.12055,-0.152535,0.0553047,0.0143124,0.0989626,0.0317418,0.0516688,0.175985,0.643938,-0.0262462,-0.123885,0.214273,4.18296,0.0805179,0.0317377],[-0.165631,-0.24614,-0.0974697,0.0392928,-0.208249,-0.43051,-0.00594762,4.36683,2.3068,-6.18259,0.0176975,-0.0597763,-0.0802717,-0.080613,-0.0731896,-7.49152,-12.9078,0.69366,-1.86355,-0.00275736,1.04061,-1.70902,-0.0250904],[0.0510411,0.23734,-0.605733,0.0192772,-0.30454,-0.0580343,-1.12055,2.3068,145.642,-32.9304,0.0861855,-0.183455,-0.168395,-0.28267,-0.15951,-79.9459,-102.263,-3.9377,-13.6087,-0.113604,20.2863,12.9764,-0.279078],[-0.2394,-0.648496,0.792643,0.219011,-0.978435,-0.777607,-0.152535,-6.18259,-32.9304,18.501,-0.218432,0.112267,-0.0343719,0.128788,0.153936,26.4311,38.578,0.189516,5.84533,-0.0505414,-5.70062,-0.888046,0.109534],[0.0500339,0.125435,-0.0491602,-0.0208299,0.0929956,0.0586953,0.0553047,0.0176975,0.0861855,-0.218432,0.090573,0.00653242,0.0529737,0.012673,-0.00803053,-0.0302566,0.0399318,-0.0588262,-0.178898,0.0205542,-0.0144409,0.0554936,0.0187284],[-0.0178122,-0.0340923,0.0755354,-0.00916457,-0.0481591,-0.0840075,0.0143124,-0.0597763,-0.183455,0.112267,0.00653242,0.0576622,0.0143405,0.0548609,0.00644472,-0.00207001,0.237329,-0.0577923,-0.064462,-0.00276884,-0.241607,-0.0125943,0.0540454],[0.0964482,0.225512,-0.0966086,-0.0692135,0.138626,0.11797,0.0989626,-0.0802717,-0.168395,-0.0343719,0.0529737,0.0143405,0.111884,0.0293831,0.0330356,0.057872,0.3249,-0.0500917,-0.265637,0.0229499,-0.0935422,0.0493435,0.0252016],[0.000683122,-0.00373841,0.0844112,-0.0195257,-0.0228999,-0.0378228,0.0317418,-0.080613,-0.28267,0.128788,0.012673,0.0548609,0.0293831,0.0597938,0.0127105,0.0941376,0.384748,-0.0655137,-0.0864033,0.00108251,-0.310496,0.0282225,0.0557491],[0.0141076,0.0145353,0.021083,-0.00879593,0.0139378,0.0205445,0.0516688,-0.0731896,-0.15951,0.153936,-0.00803053,0.00644472,0.0330356,0.0127105,0.0381159,0.111749,0.322944,-0.0194122,-0.0327789,0.00521733,0.0521639,0.0444213,0.00741282],[0.392641,0.502411,0.604396,0.0229624,0.627428,1.02371,0.175985,-7.49152,-79.9459,26.4311,-0.0302566,-0.00207001,0.057872,0.0941376,0.111749,55.1006,72.9834,0.888975,10.1222,-0.00089795,-14.6279,-4.85893,0.0192004],[0.224215,0.292948,0.27633,-0.0748341,0.516447,0.540335,0.643938,-12.9078,-102.263,38.578,0.0399318,0.237329,0.3249,0.384748,0.322944,72.9834,112.354,1.99223,14.7453,0.109919,-17.8899,3.13084,0.341678],[-0.106927,-0.151185,-0.165124,0.0296614,-0.147947,-0.228809,-0.0262462,0.69366,-3.9377,0.189516,-0.0588262,-0.0577923,-0.0500917,-0.0655137,-0.0194122,0.888975,1.99223,0.692738,0.481919,-0.00716286,0.126641,0.307767,-0.0411581],[-0.428497,-1.03653,0.834556,0.331344,-0.685894,-0.487011,-0.123885,-1.86355,-13.6087,5.84533,-0.178898,-0.064462,-0.265637,-0.0864033,-0.0327789,10.1222,14.7453,0.481919,6.48246,-0.0484187,-2.21816,1.85664,-0.0917908],[0.0207979,0.0466124,-0.0382184,-0.0139591,0.0219211,0.0159952,0.214273,-0.00275736,-0.113604,-0.0505414,0.0205542,-0.00276884,0.0229499,0.00108251,0.00521733,-0.00089795,0.109919,-0.00716286,-0.0484187,0.0995627,1.8129,0.0628797,0.00575019],[-0.821928,-2.38132,-0.350142,0.718901,-0.274045,-0.147976,4.18296,1.04061,20.2863,-5.70062,-0.0144409,-0.241607,-0.0935422,-0.310496,0.0521639,-14.6279,-17.8899,0.126641,-2.21816,1.8129,93.3555,1.80241,-0.0993713],[0.0130161,-0.0426862,0.0830716,-0.0929011,0.0644971,0.171347,0.0805179,-1.70902,12.9764,-0.888046,0.0554936,-0.0125943,0.0493435,0.0282225,0.0444213,-4.85893,3.13084,0.307767,1.85664,0.0628797,1.80241,9.07868,0.0517956],[-0.0136451,-0.0282307,0.06272,-0.0107234,-0.049166,-0.0948621,0.0317377,-0.0250904,-0.279078,0.109534,0.0187284,0.0540454,0.0252016,0.0557491,0.00741282,0.0192004,0.341678,-0.0411581,-0.0917908,0.00575019,-0.0993713,0.0517956,0.0625381]],"n":23,"lags":3}