{"betahat":[[-0.424054,-1.9972,1.28778,0.499664,0.137719,-0.277574,0.533271,0.18863,-0.0776207,0.270113,0.00119464,13.6846,-0.00534021,-0.0584391,2.89421,0.665715,3.21705,0.00607824],[0.969738,-0.236615,-0.0775347,0.0688838,0.179266,0.178102,-0.00364065,-0.042114,0.000324011,-0.0101415,-0.000111192,2.02075,-0.0151439,-0.0156357,-0.0129005,-0.294353,0.367495,0.0175434],[-0.0365886,0.792413,-0.171094,-0.00665178,0.0690154,0.0577954,-0.0461152,0.00428122,0.00633382,-0.00545087,-4.97467e-05,-0.701077,-0.00262476,0.00303324,-0.254687,-0.151639,0.0487668,0.00161863],[0.0443289,0.0902445,0.950565,0.0286576,0.0479401,0.103632,-0.0476499,-0.014174,0.00755957,1.57117e-05,-3.22064e-05,0.557467,0.0023487,-0.00508885,0.0792452,0.0382847,-0.00613744,0.00991589],[0.177041,0.363406,0.37836,0.70536,0.259394,0.659569,-0.0694653,-0.0362956,-0.0183332,-0.0975988,-0.000238081,0.179389,-0.0033783,-0.00856309,0.418332,0.145478,0.0822457,-0.00199606],[0.00778986,0.0606855,-0.0690188,-0.110879,0.975214,0.0783755,0.00987386,0.00140747,0.00112071,-0.00945388,-3.93929e-05,-1.63135,-0.0309944,-0.0163515,-0.497595,-0.0862454,-0.0518367,-0.00955564],[0.0626957,0.0668953,0.180609,0.0294628,0.123398,1.06693,0.0199766,-0.0195478,0.00315487,0.0267449,-0.000164707,0.774154,0.0408985,0.0269099,0.360669,0.0688177,0.0681581,0.00358209],[-0.0093103,0.0284849,0.174538,-0.0692404,0.0222794,0.0188775,0.589057,0.00521971,0.00534389,0.00158312,9.07826e-05,-0.891299,-0.0166933,-0.017337,0.0173563,-0.0472328,-0.422179,-0.00802838],[-0.0432587,-0.248841,0.2724,-0.0559653,0.488206,0.409665,0.18537,0.936367,0.0496502,0.0475916,0.000121792,-0.901499,0.0160446,0.00176833,0.959695,0.38102,-0.0278374,0.101166],[-0.166557,-0.425296,0.584716,0.219658,-0.698534,-0.816578,-0.108171,-0.0220111,1.28093,0.047379,0.00204396,-2.39876,-0.0390098,-0.0303373,-0.281098,-0.112463,-0.877232,0.265287],[-0.0727916,-0.177528,-0.439798,-0.0301113,-0.062851,-0.39926,0.110776,0.130892,-0.0291841,1.01352,0.000277996,-0.167241,-0.022035,-0.0203477,0.183883,0.0833067,-0.109951,0.00940369],[8.72306,27.4916,-7.87872,1.05574,3.42385,-8.9336,9.1523,7.24723,-1.18089,11.6265,0.889978,274.173,4.55306,2.11068,70.121,42.7821,45.9565,-2.27595],[-0.00358539,-0.00997676,-0.0298749,-0.000908841,-0.0139148,-0.0273466,-0.000470541,0.00115368,-0.0017831,0.0046144,6.01867e-05,1.08075,0.00244832,0.00108734,0.000707875,-0.00849578,-0.0128245,0.000201815],[-0.0899718,-0.0359805,0.431431,0.107674,-0.0872816,0.196235,0.1158,0.0108408,0.129554,-0.067973,-0.00264623,0.159456,0.978777,-0.025144,0.784748,0.350321,0.167118,0.0948419],[0.141724,0.225274,0.246662,0.00541476,-0.162862,-0.0261483,-0.179371,-0.13766,-0.00882162,0.0398085,0.00117245,-8.2813,0.0472664,1.12781,-1.93525,0.0162996,-0.515615,0.0471333],[0.0257193,0.0349451,0.0999076,-0.013772,0.000673701,0.0790253,0.0052553,-0.0115653,0.00225108,-0.00471103,1.9326e-05,-0.152066,0.0116811,0.00557928,1.03019,0.0250875,0.00431902,0.000702491],[0.106025,0.181326,-0.0017487,0.0467194,0.138618,-0.0831972,0.0843372,-0.0426945,0.00290552,0.00737934,-0.000378888,0.412811,-0.0238311,-0.024653,0.037535,0.705821,-0.161231,0.00550905],[0.0211235,0.08787,-0.0872792,0.0275868,0.0513493,0.0357383,0.0556244,-0.0125948,0.0140258,0.0149881,-0.000319477,-0.167959,0.00182747,0.0205047,-0.354755,0.0295949,0.611938,0.00829836],[0.30558,0.349466,0.132227,0.106163,0.487026,0.0111298,0.209957,-0.209688,0.0792887,0.0874363,-0.00113472,5.26695,0.145152,0.0271321,1.5145,0.145887,0.997715,1.10155],[0.00912181,0.137449,0.0390031,-0.00412633,-0.0813636,-0.0715726,0.168376,0.0132234,0.00652312,0.0379895,0.000206002,-0.77844,0.0345828,0.0286452,-0.0186827,0.156829,-0.0572457,0.00192112],[0.00572527,0.0999634,0.0796852,0.0275934,-0.0749154,-0.061414,0.0822603,-0.00682757,-0.00128158,0.00820206,6.11908e-06,0.398468,0.00838763,0.0017054,0.210747,0.100093,-0.0212461,0.00140908],[-0.0234787,-0.0651575,0.0820785,-0.0233336,-0.0463465,-0.0974595,0.0510899,0.0220046,-0.00164067,-0.0055552,-1.96448e-05,-0.226708,0.000932157,0.00443079,0.00464196,-0.0247433,0.0502305,-0.00119305],[-0.0702348,-0.157423,-0.284213,0.168018,-0.123528,-0.032773,0.0374565,0.00883162,0.00678067,0.10587,0.000116434,-0.670366,0.0179031,0.02683,-0.545489,-0.144807,0.00295823,-0.00657307],[-0.00666906,-0.0118548,-0.0629949,0.0466646,0.0618171,0.0175724,0.0291896,-0.000657873,0.0135108,0.0193167,8.72335e-05,1.81724,0.0368059,0.0240235,0.484761,0.079622,0.104222,0.0158268],[-0.019396,-0.0188439,-0.0532922,-0.0178919,-0.0172006,0.0503518,0.000773908,0.0126433,0.00414206,-0.00878399,0.00024322,-0.41448,-0.0112229,-0.00505152,-0.272699,-0.0321265,-0.0398169,0.00342978],[0.0162836,-0.00321827,-0.0552229,0.0394915,-0.0254916,0.0477083,0.533513,0.00633597,0.00124146,0.0198488,-6.77831e-05,0.79169,0.0227071,0.0276128,-0.141147,0.00279101,0.502904,0.00671696],[0.0675821,0.274993,-0.503095,0.0145094,-0.0738493,0.0355063,0.0221075,0.0483353,-0.0488935,-0.070172,-0.00121093,4.58451,0.0589865,-0.00869247,0.958259,-0.234478,0.608874,-0.0798776],[0.0109244,0.111358,-0.855419,-0.10339,0.628948,0.224111,-0.0237919,0.0848144,-0.233145,0.0177061,-0.000887312,1.29297,0.0215572,0.0440475,-0.664271,-0.0410286,0.608926,-0.141954],[-0.0096773,0.0541077,0.0965525,-0.201914,0.173461,-0.0552464,0.0415065,0.0125666,0.0299076,-0.0495631,0.000173124,0.838109,0.00584943,-0.00337315,-0.216154,-0.18797,0.149035,-0.0142306],[-5.22811,-12.6644,-14.874,-10.406,-11.8388,1.94638,10.8849,-5.75239,0.445423,-12.6065,-0.0773415,-0.363956,-8.15757,-5.49282,-69.3398,-38.4587,2.7925,-0.417071],[0.00255435,0.00765426,0.0205123,0.000990776,0.0249127,0.0271369,0.00131362,0.000864268,0.00134158,-0.00165375,-3.85973e-05,-0.0311333,-0.000673846,-0.000423236,0.00833502,0.0108978,0.00821914,0.000477549],[0.0442615,0.136983,-0.188348,-0.00545331,-0.232247,0.0966953,-0.0618097,-0.00646458,-0.0383816,0.062894,0.00133689,-2.38193,-0.0668088,-0.0374733,-1.30843,-0.220119,-0.348307,-0.0321925],[-0.0893269,-0.177995,0.111073,-0.143207,-0.214916,0.126199,0.247098,0.0231372,0.0567159,-0.0376422,-0.00102618,4.03813,-0.0933188,-0.145344,1.38347,-0.160232,-0.0156861,-0.0220314],[-0.0165458,-0.0176929,-0.0765134,0.0098662,0.0223223,-0.0393007,-0.0184032,0.0099824,-0.00309844,0.00850802,-4.5356e-05,0.192493,-0.0111396,-0.00416226,-0.0768989,-0.00983717,-0.0177609,-0.00085298],[0.038277,0.0320756,0.0396832,-0.0733613,0.0459308,0.389711,-0.0216723,0.00996315,-0.0194484,-0.00817386,0.000627496,-0.226576,-0.0101354,0.00081961,0.163765,0.162532,0.127687,-0.0160953],[0.0300206,0.0399633,0.105654,0.000572952,0.0471435,0.00220508,0.172955,0.005426,0.0205432,0.0244093,0.000270574,-0.340663,0.014463,0.0126366,-0.0634876,-0.0189015,-0.00376555,0.0105221],[-0.158704,-0.0008689,-0.2862,-0.06872,-0.622643,0.0220104,-0.306619,0.0848378,-0.0818162,-0.126737,-0.00045655,-2.45021,-0.0986626,-0.0231136,0.0478172,0.279782,-0.667887,-0.102523],[0.0211333,0.0991564,0.0385269,-0.0647619,-0.097914,-0.106561,-0.164747,0.0288906,-0.00684568,-0.0278474,-9.48272e-05,-1.24239,-0.0194378,-0.0130106,0.0315995,0.137511,-0.310268,-0.0194639],[0.0308556,0.107613,0.0913973,-0.0209483,0.00589057,0.00358241,-0.03616,0.00254656,-0.00505052,-0.00274983,4.36018e-05,0.302507,-0.00576209,-0.00473992,0.0439467,0.051532,-0.0275487,-0.00302722],[-0.0208554,-0.0251066,-0.0326294,-0.00532382,-0.00160114,-0.0061972,-0.00344155,-0.00783394,-0.00591597,0.00554281,5.18441e-05,-0.330655,-0.00327921,0.000657409,-0.0838416,-0.0135572,-0.0440763,-0.0087206],[-0.10681,-0.205988,-0.0941509,0.126616,-0.135871,-0.626819,0.0319954,0.0274645,0.0115541,-0.00827013,0.000121631,0.490893,-0.0145236,-0.0182684,0.127184,-0.000678903,-0.0852237,0.00856978],[-0.00113512,-0.0488535,0.132021,0.0642169,-0.0370767,-0.0960112,-0.0390772,-0.000753035,-0.0146308,-0.00986496,-4.78618e-05,-0.185962,-0.00580776,-0.00767213,0.0128706,0.00659876,-0.0524036,-0.00627076],[-0.0433101,-0.0480702,-0.127296,-0.011572,-0.106225,-0.117339,-0.0207589,0.00690025,-0.0072949,-0.0179574,-7.8558e-05,-0.359678,-0.0296731,-0.021859,-0.0879456,-0.0367129,-0.0283554,-0.00701069],[-0.00694685,-0.0252461,-0.119027,0.0297671,0.00318674,-0.0664644,-0.122618,-0.0115595,-0.00657602,-0.0214407,-2.32734e-05,0.0993105,-0.00600959,-0.0102719,0.123646,0.04444,-0.0807313,0.00132303],[-0.0131891,0.0348119,0.136882,0.0426957,-0.413074,-0.433895,-0.249788,0.0148197,-0.00694477,0.0077573,0.00101506,-4.32127,-0.0669942,0.0132684,-1.96955,-0.129123,-0.695331,-0.0216761],[0.109908,0.242131,-0.147337,-0.0667215,0.176227,0.467965,0.10279,0.00499526,-0.103145,0.0158616,-0.00053493,1.33512,0.0235499,0.00655474,0.784791,0.128948,0.396063,-0.0995647],[0.0510107,0.135018,-0.0390614,0.130972,-0.0297055,0.366819,-0.176959,-0.0906267,0.00400596,-0.0218194,-0.000228971,-0.470739,0.0110364,0.0150403,0.0971245,0.0132496,-0.133585,0.00759835],[-3.49498,-14.8273,22.7527,9.35017,8.41488,6.98712,-20.0372,-1.49483,0.735469,0.980025,0.187364,-273.809,3.60454,3.38216,-0.781178,-4.32344,-48.749,2.69302],[0.000913205,0.00228301,0.00876959,-0.000288713,-0.0110519,0.000337667,-0.000590726,-0.00196346,0.000457877,-0.00305907,-1.90408e-05,-0.0558204,-0.0017778,-0.000577298,-0.00982104,-0.00273043,0.00477966,-0.000651504],[0.0518398,-0.0577785,-0.119605,-0.137244,0.332963,-0.195806,-0.12571,-0.0244172,-0.0712709,-0.0127487,0.00127041,0.826959,0.0274627,0.0254717,0.325613,-0.095443,-0.0508693,-0.0614272],[-0.0413892,-0.0144801,-0.345125,0.117597,0.411341,-0.0855063,-0.0927523,0.115594,-0.0376234,-0.00639039,-0.000289508,3.95245,0.0283806,-0.00259746,0.523326,0.16014,0.421872,-0.0250154],[-0.00925864,-0.0175215,-0.0226789,0.00414998,-0.0235008,-0.0398527,0.0132856,0.00149876,0.000824471,-0.00382343,2.64618e-05,-0.0416669,-0.000515097,-0.00137458,0.0465445,-0.0154777,0.0138341,0.000146146],[-0.0433696,-0.014581,0.00426866,-0.00883477,0.000215931,-0.106995,0.0300907,-0.0050971,0.00057105,0.0305554,-0.00018126,0.427577,0.0132762,0.0180727,-0.330755,-0.0309413,0.0961616,0.00818253],[0.00289715,-0.00942856,0.0471023,0.00130298,-0.0458185,-0.0156792,-0.0225222,-0.000131395,0.00344644,-0.00179837,3.38103e-06,0.20688,0.0194311,0.0070164,0.154448,-0.018567,0.117101,0.00637019],[-0.101784,-0.189605,0.24858,0.0160179,-0.0884461,-0.0755732,0.0908619,0.0235808,-0.0222745,-0.0191092,0.00098116,-3.2119,-0.0179039,0.00117564,-0.868845,-0.400341,-0.457463,-0.0486822]],"sigmahat":[[0.223534,0.426547,0.0727804,-0.0604611,0.247695,0.29525,0.0361721,-0.0307797,-0.00437952,0.0317468,-0.000418271,0.415476,0.018941,0.0125947,-0.112917,0.0873787,-0.108451,-0.0032495],[0.426547,1.1287,-0.160382,-0.180517,0.396368,0.441582,0.0740631,-0.060158,-0.00672797,0.0584729,-0.0012473,0.0723151,0.0216928,0.0174982,-0.488834,0.0830634,-0.446757,-0.00763264],[0.0727804,-0.160382,2.12754,0.16607,-0.0731223,0.31566,0.104936,-0.00923207,-0.00431082,0.0603621,7.88897e-05,0.18273,-0.0254023,-0.0266847,0.140999,0.346909,0.545371,0.000834211],[-0.0604611,-0.180517,0.16607,0.237029,-0.105711,-0.11817,0.021538,0.0153689,-0.00524051,-0.00610568,3.98772e-05,-0.0940077,-0.00379485,0.00149291,-0.0632817,0.0594772,0.0794074,0.00218288],[0.247695,0.396368,-0.0731223,-0.105711,0.980012,0.585222,0.0874958,-0.00106928,-0.00746143,0.0650707,-0.000644882,1.47127,0.0466148,0.0421114,-0.446869,0.0440632,-0.0361316,0.0143205],[0.29525,0.441582,0.31566,-0.11817,0.585222,1.47561,0.0679285,-0.0743433,-0.00454151,0.0274671,-9.27225e-06,0.0254706,-0.00869008,0.0134475,-0.160291,0.269926,0.143612,0.00281954],[0.0361721,0.0740631,0.104936,0.021538,0.0874958,0.0679285,0.711991,-0.00749427,0.0115926,0.0837599,-0.000513839,1.84278,0.0428927,0.0500821,-0.253515,-0.121317,0.658089,0.0152572],[-0.0307797,-0.060158,-0.00923207,0.0153689,-0.00106928,-0.0743433,-0.00749427,0.0670199,-0.00343664,-0.00535619,-1.12954e-05,0.226782,-0.00051722,0.000293672,-0.160843,0.00211348,0.0250158,0.000747353],[-0.00437952,-0.00672797,-0.00431082,-0.00524051,-0.00746143,-0.00454151,0.0115926,-0.00343664,0.0134119,0.00310202,1.51955e-05,-0.0810092,0.000659156,-0.000771141,0.0145454,-0.00898247,-0.0306276,0.00681925],[0.0317468,0.0584729,0.0603621,-0.00610568,0.0650707,0.0274671,0.0837599,-0.00535619,0.00310202,0.0999411,-0.000236463,0.763902,0.0291958,0.0354884,-0.332385,-0.0342449,0.0841557,0.00741912],[-0.000418271,-0.0012473,7.88897e-05,3.98772e-05,-0.000644882,-9.27225e-06,-0.000513839,-1.12954e-05,1.51955e-05,-0.000236463,1.10131e-05,-0.00466358,-4.16024e-05,2.59918e-05,0.002126,-0.000133786,0.000251118,3.19468e-05],[0.415476,0.0723151,0.18273,-0.0940077,1.47127,0.0254706,1.84278,0.226782,-0.0810092,0.763902,-0.00466358,77.0946,0.824209,0.270323,12.1753,0.178081,7.2185,0.00268181],[0.018941,0.0216928,-0.0254023,-0.00379485,0.0466148,-0.00869008,0.0428927,-0.00051722,0.000659156,0.0291958,-4.16024e-05,0.824209,0.0597168,0.044043,0.0963488,-0.00285577,0.0828546,0.00601658],[0.0125947,0.0174982,-0.0266847,0.00149291,0.0421114,0.0134475,0.0500821,0.000293672,-0.000771141,0.0354884,2.59918e-05,0.270323,0.044043,0.0517965,-0.180618,-0.0183052,0.0536819,0.00708326],[-0.112917,-0.488834,0.140999,-0.0632817,-0.446869,-0.160291,-0.253515,-0.160843,0.0145454,-0.332385,0.002126,12.1753,0.0963488,-0.180618,9.88388,0.787731,1.33068,-0.0590705],[0.0873787,0.0830634,0.346909,0.0594772,0.0440632,0.269926,-0.121317,0.00211348,-0.00898247,-0.0342449,-0.000133786,0.178081,-0.00285577,-0.0183052,0.787731,0.635449,-0.000878548,-0.0151726],[-0.108451,-0.446757,0.545371,0.0794074,-0.0361316,0.143612,0.658089,0.0250158,-0.0306276,0.0841557,0.000251118,7.2185,0.0828546,0.0536819,1.33068,-0.000878548,2.29515,0.00455369],[-0.0032495,-0.00763264,0.000834211,0.00218288,0.0143205,0.00281954,0.0152572,0.000747353,0.00681925,0.00741912,3.19468e-05,0.00268181,0.00601658,0.00708326,-0.0590705,-0.0151726,0.00455369,0.0124428]],"n":18,"lags":3}