{"betahat":[[0.847059,-0.321736,1.62393,0.0112555,0.947388,0.433489,-2.07465,8.95675,0.239883,-0.00459392,3.65271,1.74891,0.729159,0.0683045],[0.553804,0.23786,-0.293925,0.0254381,0.028567,-0.0171244,0.0469048,-0.342281,-0.0094922,-0.0111118,0.13774,-0.0769059,-0.00145233,-0.00266231],[-0.17646,0.807966,-0.254385,-0.00886138,-0.0222417,-0.0158331,0.0104278,0.133194,-0.0106989,-0.00924884,0.00697049,-0.0331776,-0.00832335,-0.00471605],[0.0292945,-0.0576718,0.62833,-0.00344817,-0.00433799,0.00248373,-0.0410268,0.074809,0.00341448,0.00488545,0.0100003,-0.0263292,0.00857677,0.000262384],[-0.281969,0.994209,0.536014,1.15724,0.0490537,0.114349,0.315868,-1.12915,-0.00857304,0.0312088,-0.442931,-0.230788,-0.159835,0.0149152],[-0.337878,0.852464,0.208124,-0.121141,0.943615,-0.132485,-0.250555,-0.840904,-0.0626779,-0.0444337,-0.144471,-0.0241369,-0.0967379,-0.0158586],[-0.157938,-0.344392,-0.774059,0.0391849,0.113744,1.03156,-0.154885,-0.0198603,0.0200159,-0.0249224,0.992089,0.488177,-0.107776,0.0462065],[0.013994,-0.107655,0.140501,-0.077478,-0.0131304,-0.0346872,1.1195,-0.56321,0.00504045,0.00461806,-0.0829079,-0.127812,-0.0203288,0.00768494],[0.0409962,-0.0304391,0.0677033,0.00355482,0.00447112,0.00438577,-0.00523455,0.856956,0.0012851,0.00173717,-0.0370181,0.00986842,-0.00817407,0.00208336],[-1.87492,1.76281,1.56452,-0.156472,-0.021945,0.0439824,-0.881143,1.3305,0.934141,-0.0615448,1.03601,0.2773,-0.220085,0.111564],[-0.12784,-0.536042,-0.278934,-0.190394,-0.26513,0.0712172,0.685215,-6.42341,0.0499779,1.12937,-1.67233,0.24517,-0.253011,0.0535744],[-0.00192839,-0.0579763,-0.233666,0.017937,0.015684,-0.0221988,-0.0119282,-0.201628,0.0104229,0.0078335,1.01833,0.0324655,0.0103569,-0.00729941],[0.411907,0.0748032,0.913077,-0.0489458,-0.0798558,-0.0213259,0.143897,1.30163,0.0123977,0.000203933,0.30507,0.641744,-0.0283176,0.0110246],[-0.933487,0.279777,-0.218031,0.316983,-0.121427,0.21796,-0.223771,-0.388503,-0.00225128,0.0363906,-0.731739,-0.395906,0.571168,-0.00375047],[-0.0640105,2.29296,-0.508272,-0.350655,-0.237662,0.147901,1.55901,3.41889,0.151586,0.0667564,1.00695,2.25583,0.232875,1.19592],[0.207228,0.0575293,0.0213898,-0.0100069,-0.0134886,0.0115112,-0.0178015,0.373083,0.00944693,0.0144776,-0.14887,0.0562285,0.0444221,-0.00143799],[0.201162,0.0867469,0.319797,-0.00371576,0.0200227,0.0125447,-0.0146455,-0.0443236,0.0031627,-0.000966193,0.0282718,0.000358478,-0.0105509,0.00276075],[-0.0462776,0.114317,0.154537,0.013521,-0.000899852,0.0024722,0.00802666,-0.0365657,-0.00516183,-0.004615,-0.0161314,0.0535403,0.00126246,-0.00116497],[0.18396,-1.29162,-0.822894,-0.117872,-0.0851214,-0.0963932,0.0340269,-0.211132,0.0176822,-0.0191505,0.400034,0.00872385,0.111583,-0.00434638],[0.0929647,-0.00120871,0.117006,0.0157148,0.00361871,0.020933,0.321802,0.211331,-0.016045,-0.0226122,0.359579,-0.0400813,-0.0225573,0.00139415],[0.132683,-0.426628,0.0834031,-0.0105867,0.0244551,-0.0579795,0.607554,-1.31114,-0.0205712,0.032603,-0.811612,-0.406666,0.0215471,-0.0214591],[-0.0696115,0.143769,-0.218284,0.0262671,-0.0244905,0.0108723,-0.205242,0.0418744,-0.00705308,-0.00199727,-0.0158247,-0.0338102,-0.0455505,-0.00113966],[-0.0177897,0.0545419,-2.97306e-05,-0.00261792,0.0082605,-0.00173821,0.00919256,0.1307,-0.000227367,-0.000772789,0.0254868,0.00723278,0.0113113,-0.00205188],[1.14071,-1.81314,0.00584175,-0.0248673,0.249153,0.0867779,0.102824,-5.2776,-0.0496371,-0.0316072,-1.55059,-0.258307,-0.0820364,-0.073845],[0.835057,1.01971,0.264,0.168439,0.271103,0.0856215,-0.640139,1.6557,-0.108368,-0.188383,0.80494,-0.483709,-0.246218,-0.0251364],[-0.0365042,-0.0989255,0.339702,-0.0167397,-0.00948172,0.00845326,-0.0300914,0.333443,-0.00613292,-0.00363403,0.0149185,0.0516635,0.0119904,0.00248577],[-0.132219,-0.407508,-0.946654,0.0555488,-0.0759826,0.0254707,-0.00129336,-1.39569,-0.0152734,0.00279618,-0.513909,-0.146872,-0.0130806,-0.0120461],[0.866839,-0.122289,0.0512124,-0.123802,-0.0401412,-0.0823702,0.19945,0.72376,0.0213633,0.0206247,-0.0405986,-0.00946563,0.191271,0.0273131],[-0.75264,-0.840514,1.01397,0.302253,0.264421,-0.0932566,-0.765394,1.21606,-0.0618668,-0.047846,0.138653,-1.26377,-0.145445,-0.112962],[0.238827,-0.295036,0.271723,-0.015552,-0.0150099,0.00559797,-0.0289983,-0.0311538,6.81719e-05,-0.00334085,0.0109624,0.0204813,-0.0428845,0.00410253],[-0.0246768,0.105262,-0.0655,0.0125749,0.00221365,0.00328861,0.00421548,-0.0889751,0.00753939,0.0102172,-0.0352052,0.0328294,0.0188815,0.00195424],[0.0169761,-0.0566497,0.216981,-0.0100669,0.00523505,-0.00495463,0.0329906,-0.0383296,0.00174982,-0.000268978,0.00615881,-0.0272014,-0.00983616,0.000901582],[0.098032,0.297041,0.286618,-0.0394817,0.0360878,-0.0179773,-0.349725,1.33956,-0.00907809,-0.0120115,0.0425258,0.221884,0.0483661,-0.010568],[0.218673,-0.854791,-0.279189,0.107653,0.0190598,0.0946865,-0.0576022,0.915407,0.0722042,0.0602316,-0.145295,0.0397823,0.159272,0.0119649],[-0.11097,0.260116,0.419101,0.0204473,-0.0814567,-0.0952505,-0.240447,0.499761,-0.0243612,-0.0163334,-0.32566,-0.119023,-0.0424005,-0.0272774],[0.0559355,-0.0356445,0.0778955,0.0511677,0.0376175,0.0238103,0.0856832,0.521019,0.00204785,-0.00260368,0.0989726,0.161694,0.0658599,-0.00654285],[-0.0231077,-0.0264445,-0.0701795,-0.00044334,-0.0129859,-0.00248092,-0.00430105,0.00686559,-0.00108211,-0.000965963,0.0120871,-0.0167649,-0.00324973,-0.000102101],[0.782284,0.175484,-1.45927,0.16596,-0.134753,-0.125962,0.577704,1.85796,0.0311312,0.0497418,-0.133881,0.154799,0.215878,-0.0380369],[-0.694318,-0.30017,0.0937353,0.04273,-0.00468011,-0.162753,-0.0804679,4.54967,0.0392256,0.0342505,0.895593,0.361077,0.456861,-0.0246815],[0.0391356,0.156494,-0.107158,-0.00152894,-0.00620696,0.0136691,0.0424962,-0.134554,-0.00423221,-0.00407172,-0.0343232,-0.0843761,-0.0221608,0.00482001],[-0.0392466,0.0412452,0.0442926,0.0237366,-0.0318963,0.00512209,-0.0759101,-0.103197,-0.00524186,0.00109115,-0.146072,-0.0809081,-0.0116858,-0.001106],[0.340322,0.393438,1.18534,-0.0146241,-0.021191,-0.0551065,0.13851,0.447913,0.00757604,-0.0103506,0.0782444,0.128128,0.120663,0.0167198],[0.918229,-0.0433135,-0.298318,-0.101432,-0.0997047,-0.0615992,-0.288858,-4.11331,-0.0338089,0.0157224,-0.105141,-1.06125,-0.018693,-0.119414]],"sigmahat":[[7.71252,-1.20526,6.11535,-0.495239,-0.01459,-0.0935182,0.812953,-4.77319,0.104342,0.100789,-0.816107,0.303179,-0.0393518,0.00519857],[-1.20526,20.5687,11.8445,0.114045,0.344382,0.0635547,-0.754287,20.4658,0.0482559,-0.147236,4.01372,1.04884,0.730985,0.000565754],[6.11535,11.8445,47.2415,-0.847069,0.906547,-0.0946175,0.903733,12.4902,-0.0594336,-0.184755,1.89243,2.25297,0.0927048,0.0399162],[-0.495239,0.114045,-0.847069,0.267802,-0.0110026,0.0808805,-0.274281,1.63849,0.00971078,-0.0102841,0.18237,0.185153,0.0377836,-0.00361744],[-0.01459,0.344382,0.906547,-0.0110026,0.402493,-0.0434552,0.145299,-1.25253,-0.0260731,-0.00161675,-0.399185,0.227228,-0.0168408,-0.00522445],[-0.0935182,0.0635547,-0.0946175,0.0808805,-0.0434552,0.224142,-0.330119,0.988056,0.0240242,0.00954899,0.0739808,0.134265,0.0460257,0.00848947],[0.812953,-0.754287,0.903733,-0.274281,0.145299,-0.330119,3.03628,-10.0602,-0.0630889,0.0547493,-1.98883,-0.575588,-0.400215,-0.0310801],[-4.77319,20.4658,12.4902,1.63849,-1.25253,0.988056,-10.0602,144.533,1.47992,0.109627,24.9777,8.24622,6.26064,0.3951],[0.104342,0.0482559,-0.0594336,0.00971078,-0.0260731,0.0240242,-0.0630889,1.47992,0.0572131,0.0394225,0.188609,0.119146,0.0890581,0.00725816],[0.100789,-0.147236,-0.184755,-0.0102841,-0.00161675,0.00954899,0.0547493,0.109627,0.0394225,0.0513422,-0.225902,0.00560639,0.0375171,0.00280878],[-0.816107,4.01372,1.89243,0.18237,-0.399185,0.0739808,-1.98883,24.9777,0.188609,-0.225902,10.8396,2.65245,1.07159,0.0173909],[0.303179,1.04884,2.25297,0.185153,0.227228,0.134265,-0.575588,8.24622,0.119146,0.00560639,2.65245,4.50828,0.685817,0.0348385],[-0.0393518,0.730985,0.0927048,0.0377836,-0.0168408,0.0460257,-0.400215,6.26064,0.0890581,0.0375171,1.07159,0.685817,0.69581,0.00577704],[0.00519857,0.000565754,0.0399162,-0.00361744,-0.00522445,0.00848947,-0.0310801,0.3951,0.00725816,0.00280878,0.0173909,0.0348385,0.00577704,0.0136166]],"n":14,"lags":3}