{"betahat":[[-0.0482378,0.344185,0.0404055,0.0823116,-0.00371995,-0.0676778,0.242759,0.667478,-0.0127126,-0.0181277,-0.166229,2.89858,-0.0855692,-0.189344,-0.234974,0.0663338],[-0.0904566,0.101415,-0.114092,0.00652597,-0.00148468,-0.00919823,0.0288606,-0.0330425,-0.00111173,-0.00153189,0.0398237,-0.0303703,0.00235413,-0.0699957,0.0188828,-0.000391413],[-0.0603304,0.0387192,-0.0828473,-0.00547518,0.00935564,-0.00901744,-0.020057,0.0780527,-0.0034349,-0.0034469,0.0566371,0.0179745,-0.00400204,0.0181356,-0.0127187,-0.00410822],[0.0146872,-0.0498047,-0.059208,-0.00871338,-0.00315871,0.00282551,-0.011738,-0.0081793,0.002291,0.00264401,-0.0172376,0.00328648,0.00702664,-0.0214704,-0.000394424,0.000377817],[-0.0213485,0.341275,0.305503,0.202678,0.104976,0.111172,0.127332,-1.0962,0.00864727,0.0236703,-0.452473,-0.263682,0.0757936,-0.0169582,-0.124396,0.0410465],[-0.0525331,0.192492,-0.0577938,-0.0739299,0.369723,-0.0744244,-0.343229,0.564694,-0.022519,-0.0171864,0.544521,-0.0957737,-0.0272803,-0.0210765,0.0926998,-0.0420481],[0.0504525,-0.156009,0.0428722,0.0253047,-0.0400464,0.0668023,-0.0721589,0.183376,0.0131824,0.0103125,-0.290124,-0.0693429,0.0695295,-0.0561131,-0.0339771,0.0237928],[-0.00103459,-0.00211694,-0.0106675,-0.00994568,-0.0144079,-0.0129754,0.12058,-0.30776,-0.00257751,-0.00141269,0.029812,0.00517614,-0.00376129,-0.010656,-0.0107813,0.000582374],[0.00139285,-0.00251548,0.0027925,0.0012098,-0.00025914,0.00175116,-0.008334,0.11495,0.000515013,0.000223672,0.0204169,-0.00495951,0.000785679,-0.000211432,0.00283787,0.00108121],[-0.0958312,-0.205826,0.297512,-0.0209187,-0.0913378,0.0821141,-0.184364,-0.562523,0.0402444,0.0361416,-0.493424,-0.0098114,0.0700376,-0.101934,-0.0842959,0.0208217],[-0.0611259,-0.0973154,0.243921,-0.0142674,-0.103963,0.0760781,-0.0526069,-1.22441,0.0192471,0.0343556,-0.993387,-0.147831,0.0480317,-0.108328,-0.127782,0.0398327],[0.00102987,-0.00398424,0.0062712,0.000871546,0.00169679,-0.00194429,0.00509694,0.183112,0.000811049,-0.000220225,0.167344,0.0375438,-0.0031271,0.00601208,0.0118637,0.00123228],[0.00573341,0.00493674,-0.00753943,0.00338367,0.00269145,0.00491878,-0.0249159,-0.578204,-0.00026414,-1.95892e-05,0.33909,0.644656,0.000351692,0.00399808,0.00130574,0.00252027],[0.0537461,-0.0658901,-0.0271846,-0.00247195,-0.0333519,0.0266237,0.0476522,-0.145503,0.00234847,0.00160151,-0.205889,-0.036164,0.0419853,-0.0478697,-0.0106626,0.0101934],[0.057679,-0.0512397,0.334072,-0.0423143,0.00875552,0.0192822,-0.0372711,1.1051,0.0166368,4.73672e-05,0.428697,0.00980839,0.0249065,0.0965423,0.0413131,0.0122399],[-0.123183,-0.0898383,0.106527,0.0381953,-0.0114765,0.0642705,-0.236411,2.68854,0.0173277,0.0172009,0.356486,-0.0128192,0.0382679,0.00946653,0.160167,0.0344733],[0.000508758,-0.032617,0.0842812,-0.121994,-0.523475,0.139919,2.42044,9.15967,0.0563635,0.0438749,2.61432,0.102648,0.144913,0.170606,0.130723,0.674087],[-0.054711,0.0510737,-0.0749919,0.00411285,-0.00168454,-0.000578527,-0.00386384,-0.044963,-0.000341574,0.00105909,-0.0535041,-0.00595505,-0.00434446,-0.00422217,0.00652256,-0.000932216],[0.0138742,-0.0145314,0.00732389,-0.00304437,0.00558814,-0.00206923,-0.00768787,0.0349101,-0.000689397,-0.00137228,0.0227075,0.0064599,-0.000778924,0.00352818,-0.00147829,-0.000631505],[-0.00962812,0.0134856,-0.0279227,0.00125715,-0.00107787,0.00181769,-0.0108481,0.0157261,-0.000380799,-8.3413e-06,-0.0127877,-0.00121415,0.000381055,0.0018789,0.000181707,-0.00025319],[0.018692,0.0170236,-0.0510958,-0.00857674,0.0457323,-0.00459788,0.170214,-1.05692,-0.00602172,-0.00249167,-0.0851485,-0.0698261,0.0229043,-0.0281353,-0.0664338,0.00952678],[0.0270589,0.0346521,-0.00986074,-0.0170481,0.0584171,-0.0183568,-0.0614766,0.556397,-0.00919167,-0.00668221,0.165266,0.0190007,-0.0114383,-0.00550645,0.0426287,-0.00351477],[0.0310221,-0.0289165,0.0393912,-0.00321979,-0.0124603,0.00689581,-0.00285181,-0.0601336,0.00216437,0.00167238,-0.0771982,-0.00162125,0.0110422,-0.0129562,-0.00920683,0.00353768],[-0.00405858,0.00987233,-0.00164719,-0.00184816,-0.00125801,-0.00365384,0.0150701,-0.066954,-0.000622472,-0.000478062,0.00233508,0.00154489,-0.00318461,0.000848657,-0.00309957,-0.000831282],[0.000368728,-0.000697237,0.000692581,0.000234143,6.31936e-05,0.000377356,-0.000828621,0.0215686,8.44858e-05,7.70011e-05,0.00431075,-0.0015037,0.000222853,-0.000385119,0.00057269,0.000251051],[0.059079,-0.100183,0.159231,-0.0127536,-0.0185495,0.0286468,-0.0488828,-0.440957,0.00137916,0.00371086,-0.250906,0.0487745,0.0246987,-0.0332791,-0.0479683,0.00247775],[0.0418094,0.020067,0.0661738,-0.00234806,-0.00790605,0.0189056,-0.0212958,-0.176058,-0.000635171,0.00174891,-0.216358,-0.0221715,0.0115397,-0.0224786,-0.0170688,0.0100357],[0.0022254,-0.00610909,0.00708621,9.5896e-05,7.48434e-05,-7.97294e-05,0.000556375,0.0441596,0.000256674,0.000227061,0.0325943,0.0103098,-0.000514535,0.000571032,0.00269002,0.000370615],[-0.00538131,0.0138538,-0.0179144,0.00267795,0.00575739,-0.00102048,0.00206088,-0.13502,-0.000345109,-0.000302267,0.100346,0.161315,-0.00180735,-0.00338517,0.00119113,0.00133148],[0.00843901,-0.0461533,-0.0064027,4.86679e-05,-0.0179672,0.00164016,0.0146242,-0.104154,-0.000460016,0.000556582,-0.0879313,-0.0252604,0.00480771,-0.0127439,-0.0105423,0.0024126],[0.0174131,-0.0592378,-0.00480706,-0.0095482,-0.00677892,0.00397726,0.00112046,0.0743623,0.00425179,0.00220137,0.0297079,0.0149429,0.00711565,0.0054463,0.0149793,0.000541192],[0.0239759,-0.0406274,0.00971464,0.00882465,-0.0111521,0.0179965,-0.05023,0.765999,0.00226642,0.00333436,0.082063,-0.00375647,0.00998941,-0.00581421,0.0352762,0.0161722],[-0.0240282,-0.058633,-0.00693759,-0.0387652,-0.0606938,-0.0517358,0.706617,1.09479,-0.011599,-0.0133575,0.756757,-0.0503335,-0.0227752,-0.188804,-0.110763,0.0916982],[-0.0130166,-0.0115171,0.00254765,0.00070894,-0.003166,0.000888657,-0.00478841,0.00928703,-0.000357305,-1.34132e-05,-0.0206132,0.00200657,0.00067441,-0.00661525,-0.00513172,-5.58733e-05],[0.00504479,-0.00369482,0.000136632,-0.000373019,0.00256442,-0.000347078,-0.0055049,0.0201421,0.000389571,-0.00015475,0.0207159,0.0045219,-0.000227126,0.00512354,0.00240205,-0.000235169],[6.18345e-05,-0.0049321,0.00678619,0.000471714,-0.00109036,0.000234672,-0.0027137,0.0264154,0.000112915,0.000121076,-0.00448498,0.00084853,7.73816e-05,-0.00242452,0.00112693,3.87212e-05],[0.0184254,0.044708,0.0296997,-0.0227452,0.0224785,-0.0100705,0.0362445,-0.452277,-0.00202451,-0.00100815,-0.0297767,-0.00329232,0.00365177,0.0324686,-0.0112231,0.00252854],[0.0268523,-0.0526291,0.041312,0.000538164,0.0106984,-0.00159991,-0.0317474,0.400107,-0.00213705,-0.00100105,0.0625359,0.00345672,-0.00212578,-0.0133667,0.0355055,0.00111919],[0.00265583,-0.0205971,-0.000986814,-0.00048472,-0.0036598,0.00108194,0.00843985,-0.0623273,0.00116493,0.00146266,-0.0353976,0.0017085,0.00041248,-0.0118577,-0.00523072,0.00286747],[0.000184056,-4.43052e-05,0.00128381,-0.000413303,-0.000601638,-0.00135823,0.00559507,-0.0150694,-7.58722e-05,-0.000142321,0.00753791,0.000710421,-0.00142033,0.00155423,-0.000855395,-0.00038761],[-1.63466e-05,-0.000603988,-0.000313633,0.000163576,-0.000297328,0.0002065,-0.000184441,0.00569822,-8.47322e-06,6.89695e-06,0.00101926,-0.000602913,0.000156545,-0.000328008,-5.8354e-05,8.90417e-05],[0.00700069,-0.00679234,-0.00623888,0.0031998,-0.013262,0.00579476,-0.0459869,0.00350092,-0.000251599,-0.00082285,-0.041459,0.0439682,0.00183727,-0.0262276,-0.00855611,0.00217576],[-0.0201212,0.0435882,-0.0502741,0.00961206,-0.0086819,0.00150131,-0.0227584,-0.103801,-0.00159326,-0.00201081,-0.0995868,-0.00501442,-8.23697e-05,-0.0219567,-0.0086051,1.91392e-05],[0.00120542,-0.00217524,0.00173195,0.000174239,-0.000325143,-0.000147664,0.000459353,0.012579,-0.000191835,-5.07731e-05,0.0107362,0.0051643,-0.00014994,-0.00110479,0.000973347,0.00025879],[5.16886e-05,-0.00504087,-0.00055399,-1.75662e-06,0.00437887,-0.00096113,0.00150591,-0.0654448,-0.000278945,-0.000193913,0.0458059,0.0747267,-0.000171216,-0.00452288,-9.23565e-05,0.000702481],[-0.00410225,-0.019976,-0.0174522,0.00131124,-0.00414828,-0.00113665,0.00597556,-0.00430321,0.000481545,0.00078681,-0.0306448,-0.00991984,-0.0014275,-0.0103578,-0.00423533,0.000482015],[0.0133567,-0.014858,0.0498022,-0.0037435,-0.00174783,0.00224863,-0.00146481,0.0111443,0.00129856,0.00120103,-0.0115595,0.00612372,0.00313963,0.00309678,0.00482151,-0.000418332],[0.020207,-0.00283456,0.0220207,0.00527824,-0.00774248,0.0055821,-0.0139482,0.238454,0.000580711,0.00101276,-0.00294525,-0.0257424,0.00386644,-0.00742267,0.0132238,0.00786372],[-0.00141868,-0.0751922,-0.0648059,-0.00775322,-0.0149161,-0.0494832,0.400095,-0.0409809,-0.0127532,-0.00822418,0.490195,-0.0287133,-0.0219464,-0.152968,-0.105889,0.0123364]],"sigmahat":[[8.06558,-4.47634,7.18953,-0.642705,-0.200467,-0.0029172,1.75119,-3.71567,0.0639087,0.0599823,-0.0843367,1.85788,0.27837,-0.475655,-0.256089,0.131753],[-4.47634,24.3451,3.63128,0.599768,3.49723,-0.630503,-4.81497,8.70825,-0.156079,-0.330011,9.22895,5.03863,-0.992069,3.04188,1.70582,-0.587921],[7.18953,3.63128,39.5727,-0.993188,2.0871,0.136911,-0.448885,9.32043,0.0971278,0.00705897,7.37678,5.78243,0.5663,2.8713,-0.29961,-0.0226207],[-0.642705,0.599768,-0.993188,0.738353,-0.0466491,0.338404,-0.986365,2.83976,0.0385649,0.0412105,0.501127,1.5433,0.0214033,-0.100457,0.164926,0.0627312],[-0.200467,3.49723,2.0871,-0.0466491,5.63055,-0.61832,-11.4582,-5.50662,-0.17594,-0.218791,6.99757,9.02069,-0.550881,1.55203,2.01389,-1.68519],[-0.0029172,-0.630503,0.136911,0.338404,-0.61832,0.557049,-0.244352,4.22005,0.0732442,0.0816345,-0.587697,0.594619,0.339737,-0.0325694,-0.171667,0.311129],[1.75119,-4.81497,-0.448885,-0.986365,-11.4582,-0.244352,53.9986,-33.6379,0.188892,0.294802,64.7354,63.3329,0.836994,-3.60674,-4.74689,7.58275],[-3.71567,8.70825,9.32043,2.83976,-5.50662,4.22005,-33.6379,844.618,1.54188,0.52369,-107.735,-376.456,0.30231,7.95328,17.4346,3.76026],[0.0639087,-0.156079,0.0971278,0.0385649,-0.17594,0.0732442,0.188892,1.54188,0.0552114,0.0465782,0.589506,0.467701,0.0223541,0.00261177,-0.00775808,0.0993851],[0.0599823,-0.330011,0.00705897,0.0412105,-0.218791,0.0816345,0.294802,0.52369,0.0465782,0.0592506,-0.610506,-0.196076,0.0431897,-0.132126,-0.0693986,0.0923778],[-0.0843367,9.22895,7.37678,0.501127,6.99757,-0.587697,64.7354,-107.735,0.589506,-0.610506,778.036,878.948,-2.66535,4.62434,19.4634,23.8679],[1.85788,5.03863,5.78243,1.5433,9.02069,0.594619,63.3329,-376.456,0.467701,-0.196076,878.948,1141.9,-1.76487,-1.31531,16.13,25.578],[0.27837,-0.992069,0.5663,0.0214033,-0.550881,0.339737,0.836994,0.30231,0.0223541,0.0431897,-2.66535,-1.76487,0.492233,-0.354664,-0.44055,0.206781],[-0.475655,3.04188,2.8713,-0.100457,1.55203,-0.0325694,-3.60674,7.95328,0.00261177,-0.132126,4.62434,-1.31531,-0.354664,6.19617,1.08768,-0.382921],[-0.256089,1.70582,-0.29961,0.164926,2.01389,-0.171667,-4.74689,17.4346,-0.00775808,-0.0693986,19.4634,16.13,-0.44055,1.08768,3.04172,-0.0634885],[0.131753,-0.587921,-0.0226207,0.0627312,-1.68519,0.311129,7.58275,3.76026,0.0993851,0.0923778,23.8679,25.578,0.206781,-0.382921,-0.0634885,1.90145]],"n":16,"lags":3}