{"betahat":[[1.78429,13.6561,19.4352,-1.07958,1.4766,0.545953,-1.3432,36.97,0.655379,0.266469,6.6739,2.3431,1.04305,-0.102533,2.51265,0.136673],[0.499015,0.291631,-0.260544,0.0180089,0.0346028,-0.0256327,0.0551496,-0.224516,-0.00942549,-0.011349,0.151636,-0.0570637,-0.000783214,-0.0840777,-0.0038882,-0.00212154],[-0.190703,0.74995,-0.326269,-0.00428725,-0.0215566,-0.0145298,-0.00816446,0.135224,-0.00873425,-0.00831867,0.00879702,0.0028638,6.86021e-05,-0.0329321,-0.0148818,-0.00569096],[0.0186924,-0.0708045,0.584954,-0.00372858,-0.00640296,0.00185765,-0.0469974,0.101037,0.0032711,0.00487102,0.0200505,0.0130433,-0.00384914,-0.0320369,0.00836305,0.000481625],[-0.197142,1.56769,0.410151,1.06809,0.0131752,0.176421,0.176772,-1.4431,-0.0124888,0.013608,0.00420296,-0.233765,0.107501,-0.254317,-0.0962707,0.00303448],[-0.0982133,0.956716,0.1422,-0.0998045,0.881901,-0.164955,-0.109963,-1.34868,-0.0823714,-0.0627303,-0.0520178,-0.219526,-0.0063907,-0.207381,-0.0769987,-0.0288358],[-0.416461,-1.20579,-1.71881,0.074474,0.102284,0.822592,0.000966333,-0.437623,-0.00473624,-0.0405207,1.05263,-0.310741,0.16012,0.237191,-0.213067,0.0442725],[0.0239293,-0.169392,-0.112335,-0.0647028,-0.0326574,-0.025972,1.04354,-0.808466,0.00398185,-0.00205657,0.0150858,-0.00896938,0.0410802,-0.0808046,-0.0446942,0.00827363],[0.0564594,-0.0330893,0.0719099,0.00256458,0.00524673,0.00431162,-0.00140781,0.804044,0.000723757,0.00111565,-0.0263185,0.00664628,0.00972965,0.0152144,-0.00561267,0.00171254],[-1.71516,1.79585,3.19812,-0.17444,0.0315881,0.0497084,-1.28372,1.30475,0.792831,-0.170913,0.888316,0.110653,-0.151543,0.244527,-0.0941297,0.102581],[-0.176131,-0.299468,0.0330045,-0.189713,-0.199124,0.0607269,1.07287,-6.71206,0.0444708,1.10732,-1.80082,0.0653456,0.233126,0.401501,-0.170862,0.0496777],[-0.023061,-0.0475326,-0.27189,0.014689,0.0140853,-0.0190405,-0.0601234,-0.206728,0.0135972,0.010324,0.995067,0.0212988,-0.020951,0.0807747,0.0128598,-0.0063151],[0.0674741,-0.826341,-1.31463,0.11907,-0.0520889,0.143566,-0.718433,-2.00293,0.0294851,0.00840455,0.150481,0.996851,0.0538319,0.360377,-0.173692,-0.00889165],[0.808534,0.837748,1.39282,0.0109007,0.152151,0.138826,-0.0151705,0.678028,0.0316268,-0.0036448,0.3539,0.100334,1.10415,0.5624,0.16881,-0.0352516],[0.458431,0.0373802,1.08418,-0.0656443,-0.0775501,-0.0222121,0.199247,1.37108,0.0187115,0.00677776,0.267283,-0.0552015,0.0393133,0.548591,-0.013666,0.0104345],[-1.18232,0.404156,-0.335611,0.410495,-0.101564,0.200542,-0.0436759,0.2861,0.00232304,0.0401544,-0.964007,-0.129479,0.0216105,-0.477659,0.439562,0.0053904],[0.251396,3.878,-1.36443,-0.498328,-0.528158,0.439174,1.23529,5.5959,0.239788,0.0901007,2.9153,0.0659102,0.0578147,3.14617,0.606047,1.16984],[0.209745,0.0182477,-0.00551893,-0.000837921,-0.0217425,0.0163703,-0.0259381,0.27928,0.00960922,0.0149277,-0.146695,0.0401871,-0.0116597,0.061504,0.045129,-0.00224485],[0.20733,0.121109,0.370548,-0.00762126,0.0177201,0.00924621,0.00285416,0.00320829,0.00121894,-0.00315223,0.0472102,-0.00255075,0.00253072,-0.0154245,-0.0101277,0.00329017],[-0.0399266,0.124654,0.153583,0.0137894,0.000759216,0.00198612,0.016966,-0.042356,-0.00489706,-0.00428365,-0.0251647,-0.0176884,-0.00048797,0.0516739,0.00170661,-0.00149449],[0.134704,-1.90793,-1.3568,-0.0536188,-0.0530465,-0.107295,0.156999,-0.730011,0.0209332,-0.00281688,-0.0420499,0.135836,-0.0585775,-0.102858,0.0431112,0.00659986],[-0.103827,0.0195855,0.185683,0.023794,0.00832965,0.0405907,0.129559,0.307538,-0.0297155,-0.0429828,0.614343,-0.0665646,-0.0326705,0.186632,-0.03869,-6.64993e-05],[0.246628,-0.488264,-0.104434,0.00471288,0.0746226,-0.0147049,0.577833,-1.13412,0.00714087,0.0596614,-0.972009,0.101568,-0.164306,-0.227294,0.0418473,-0.017022],[-0.0575816,0.151569,-0.168839,0.0116848,-0.00525718,0.00165944,-0.147063,-0.0332252,-0.0103171,0.000315338,-0.140284,0.00260445,-0.0489416,-0.167118,-0.046942,-0.00146751],[-0.034025,0.0559912,-0.0157372,-0.0011891,0.0122241,-0.00165699,0.00908528,0.122901,-0.000774286,-0.000499973,0.00753269,0.00386735,-0.00720491,0.00396734,0.00763576,-0.00183117],[0.845343,-2.33077,-0.110593,0.0265022,0.402734,0.109821,0.27885,-7.89732,-0.0871543,-0.0436506,-2.33982,0.356477,0.209371,-0.198172,-0.218291,-0.0779641],[0.580551,1.52598,0.871699,0.184432,0.19215,0.100113,-0.98279,2.87486,-0.130258,-0.229162,1.27366,-0.0689664,-0.0882765,-0.597879,-0.344321,-0.0212398],[-0.00837147,-0.109358,0.376062,-0.0148964,-0.00674458,0.00260591,0.0140273,0.387823,-0.00801932,-0.00639036,0.0713856,-0.00681773,0.00689873,0.043574,0.0136227,0.00168963],[0.0388123,0.880884,0.0515197,-0.0556268,0.000343034,-0.134943,0.620776,2.61999,-0.0109745,-0.0202367,0.188332,-0.0206744,-0.128015,-0.265612,0.0979071,0.0186191],[-1.09374,-0.678266,-0.715896,0.0322263,-0.221915,-0.0472298,-0.0470585,-2.09183,-0.082329,-0.0307966,-0.40057,-0.0653093,-0.0954667,-0.633465,-0.273508,0.0357317],[-0.161071,-0.470104,-1.10947,0.0662771,-0.0913377,0.0281753,-0.0172842,-1.56597,-0.0148116,0.00416043,-0.550271,-0.0212996,-0.0160017,-0.162041,-0.0260769,-0.0121027],[0.873909,-0.315089,0.268067,-0.100934,-0.0809463,-0.0534583,0.0348024,0.696172,0.0433759,0.0494918,-0.340727,-0.0556641,-0.00783205,-0.0394422,0.11791,0.0419302],[-0.809625,-0.656646,0.767545,0.37729,0.375706,-0.189854,-0.858466,2.30183,-0.0365279,-0.0343824,0.367711,-0.279086,-0.257654,-1.40709,-0.168425,-0.104514],[0.289591,-0.311166,0.259385,-0.0171937,-0.0130431,0.00935353,-0.0293979,-0.0558143,-6.53299e-05,-0.00342983,-0.00591976,0.0165771,0.0121301,0.0220462,-0.0411498,0.00439897],[-0.0166593,0.128314,-0.0446962,0.0119112,0.00379767,0.00530565,0.00534269,-0.138413,0.00754108,0.011495,-0.0558684,-0.000303046,-0.00258276,0.0484066,0.0250616,0.00239853],[0.0210711,-0.0542236,0.260629,-0.0100315,0.00561685,-0.00381822,0.0300153,-0.0585655,0.00164871,-0.000563285,0.00520684,0.00465611,0.00433999,-0.0195935,-0.0100173,0.00101071],[0.0643591,0.336521,0.94396,-0.0149866,0.0398445,-0.0692556,-0.332553,2.163,-0.00836184,-0.0106351,0.0365956,0.0980112,-0.04924,0.357599,0.0529318,-0.00958898],[0.273969,-1.05735,-0.462225,0.106528,0.0224737,0.0740177,-0.104026,1.28966,0.075185,0.0606576,-0.131308,0.209461,0.0208872,0.14516,0.216216,0.0115539],[0.0969595,0.467271,0.609139,-0.0607395,-0.0516846,-0.0905965,-0.218946,0.242958,-0.020064,-0.00583747,-0.482247,0.0821666,-0.115857,-0.181265,-0.023831,-0.0284795],[0.0344782,0.0175273,0.280741,0.0529624,0.0378383,0.0242791,0.103566,0.840638,0.00639744,0.00176873,0.12506,0.00645618,0.00782663,0.247078,0.0915316,-0.00680076],[-0.0218664,-0.0342865,-0.0658883,-0.000325225,-0.0182472,-0.00165476,-0.00810947,0.0443635,-0.000112486,-0.000490077,0.0191338,-0.00915365,-0.00112761,-0.0208605,-0.00182327,-0.000163937],[0.397685,0.302848,-1.39197,0.176155,-0.141029,-0.0629642,0.293861,2.81256,0.0394321,0.0768011,-0.697975,-0.170044,0.213303,0.418894,0.209666,-0.0140886],[-0.521008,-0.255697,-0.267662,0.0261545,0.0261231,-0.217971,0.0148568,3.8604,0.00261519,0.015007,0.545398,0.0257547,-0.0743574,0.419615,0.45244,-0.00538781],[0.034837,0.150099,-0.110861,-0.000259559,-0.00712874,0.0161499,0.0478162,-0.193374,-0.00518949,-0.0033063,-0.0704557,-0.0141506,0.0132647,-0.122783,-0.0258631,0.00458912],[-0.132313,-0.117703,1.14905,-0.0684229,0.0635162,-0.00543551,0.0893136,-0.857909,-0.0202248,0.0120081,-0.418884,-0.000470619,0.0588294,-0.117935,0.0474642,-0.00839045],[0.244883,-0.146457,-0.586065,0.00227212,0.0432254,-0.0819977,0.0497509,1.69965,0.0570388,0.0344166,0.185993,0.00135202,-0.0496058,0.167592,0.0709963,-0.00308124],[0.0229621,0.104703,-0.0220763,0.0240094,-0.042934,0.00635639,-0.0969876,0.0341693,-2.33926e-05,0.00156306,-0.0589956,-0.000831946,-0.0163604,-0.0630963,-0.00177378,-0.00292303],[0.43872,0.51723,1.39678,9.7903e-05,-0.041253,-0.0407841,0.0806816,0.658266,0.02964,0.00172769,0.115697,0.0107306,-0.0107573,0.230771,0.0988216,0.0236537],[0.848494,-1.16952,0.568653,0.0814662,-0.153637,-0.178975,0.312216,-5.83601,-0.0721317,-0.0140157,-0.651722,-0.156649,0.104845,-1.83149,-0.328946,-0.138904]],"sigmahat":[[6.68019,-1.04585,6.09421,-0.435968,-0.0632377,-0.123014,0.806485,-4.85182,0.0766217,0.0837165,-0.898126,0.279976,-0.0859141,0.401096,-0.123358,0.0066425],[-1.04585,17.8588,10.5067,0.192528,0.514213,0.0195044,-0.690187,15.8516,0.00996642,-0.123148,2.69677,-0.315888,-0.147022,0.63944,0.461414,-0.0133723],[6.09421,10.5067,41.6914,-0.834324,0.997126,-0.176842,1.01366,6.75503,-0.0792377,-0.140417,1.19675,-0.162701,0.382886,1.70465,-0.126907,0.000272768],[-0.435968,0.192528,-0.834324,0.193135,0.00190637,0.0590047,-0.262123,1.79474,0.0122521,-0.00614939,0.204438,-0.0107521,-0.0403234,0.186019,0.0874177,-0.00171416],[-0.0632377,0.514213,0.997126,0.00190637,0.339724,-0.0475816,0.109622,-0.775456,-0.0209373,-0.00149121,-0.252216,0.0659673,-0.0353742,0.305436,0.015468,-0.00326542],[-0.123014,0.0195044,-0.176842,0.0590047,-0.0475816,0.168096,-0.250441,1.04768,0.0184706,0.00706844,0.0894264,0.0212916,0.0425374,0.0748752,0.0490653,0.00811931],[0.806485,-0.690187,1.01366,-0.262123,0.109622,-0.250441,2.50165,-10.2973,-0.0564068,0.0536795,-1.91126,-0.180414,0.147146,-0.177117,-0.402744,-0.0323492],[-4.85182,15.8516,6.75503,1.79474,-0.775456,1.04768,-10.2973,130.212,1.25688,0.0607627,21.8197,0.726485,-1.54564,6.81224,5.47113,0.375413],[0.0766217,0.00996642,-0.0792377,0.0122521,-0.0209373,0.0184706,-0.0564068,1.25688,0.0454922,0.0318322,0.126697,0.0188773,-0.0253034,0.0872579,0.0724598,0.00679782],[0.0837165,-0.123148,-0.140417,-0.00614939,-0.00149121,0.00706844,0.0536795,0.0607627,0.0318322,0.0431005,-0.205367,0.0177739,-0.00800871,0.00614895,0.0286273,0.00204058],[-0.898126,2.69677,1.19675,0.204438,-0.252216,0.0894264,-1.91126,21.8197,0.126697,-0.205367,8.99598,-0.0271515,-0.307239,2.06339,0.871343,0.0350045],[0.279976,-0.315888,-0.162701,-0.0107521,0.0659673,0.0212916,-0.180414,0.726485,0.0188773,0.0177739,-0.0271515,0.251324,-0.0148366,0.106169,0.143461,0.00710987],[-0.0859141,-0.147022,0.382886,-0.0403234,-0.0353742,0.0425374,0.147146,-1.54564,-0.0253034,-0.00800871,-0.307239,-0.0148366,0.223396,-0.190217,-0.0502226,-0.00569711],[0.401096,0.63944,1.70465,0.186019,0.305436,0.0748752,-0.177117,6.81224,0.0872579,0.00614895,2.06339,0.106169,-0.190217,3.97616,0.616926,0.0353035],[-0.123358,0.461414,-0.126907,0.0874177,0.015468,0.0490653,-0.402744,5.47113,0.0724598,0.0286273,0.871343,0.143461,-0.0502226,0.616926,0.575647,0.00885433],[0.0066425,-0.0133723,0.000272768,-0.00171416,-0.00326542,0.00811931,-0.0323492,0.375413,0.00679782,0.00204058,0.0350045,0.00710987,-0.00569711,0.0353035,0.00885433,0.0114328]],"n":16,"lags":3}