{"betahat":[[0.0743346,-0.537472,2.28877,1.04911,-2.30969,0.217825,0.266851,0.495033,-0.152404,-3.44663,7.34432,0.0298619,-0.408756,6.68699,1.83113,2.34227,-0.109528],[1.01767,0.123053,0.195575,-0.0554074,0.557124,0.4793,0.114151,-0.054181,-0.1626,0.428739,-0.730215,-0.00733294,0.017257,-0.230858,-0.054329,-0.0114319,-0.0186986],[0.0134051,0.762882,-0.0526814,0.0290053,0.156694,-0.0188379,-0.0463528,-0.0155778,-0.19265,0.122757,0.452898,0.00125517,-0.0137377,0.21758,-0.000243869,-0.00550959,0.00598761],[0.017639,0.0594698,1.12308,-0.00766135,-0.095667,0.159217,-0.00422884,-0.00651096,0.196428,0.0141274,0.175638,0.00177084,-0.00134832,0.084281,0.0036076,-0.0190757,-0.00318487],[0.0334258,0.093049,0.197387,1.08689,-0.345974,0.337623,-0.184367,-0.107395,-0.0527681,1.00819,-0.124371,0.0234663,0.0371834,-0.40266,-0.119126,-0.0572278,0.00275083],[-0.0208294,0.0303131,0.0183831,-0.0215625,0.649493,0.03545,-0.118663,0.00772172,-0.241699,0.374973,-0.199925,-0.00761753,0.00455117,-0.150623,0.00368242,-0.0287775,-0.00697584],[0.0082411,-0.0110391,0.0164501,-0.0256951,0.0684363,0.986288,0.0619773,0.0216955,0.142213,-0.123143,0.497716,0.00517432,0.0019793,-0.0264637,0.010377,0.0110508,0.00115521],[0.0313226,0.0255112,-0.00162426,0.0211188,0.16302,0.0592454,1.0553,-0.00486363,-0.285098,0.0339716,0.0722028,0.00714495,0.0033797,0.0754158,0.0397493,-0.0141972,0.00564553],[-0.276969,-0.112931,-0.790696,-0.0711838,-0.958921,-0.673042,-0.453345,0.646484,-0.163075,0.987023,-1.04542,-0.0274395,0.0174201,-0.737394,-0.411644,-0.402036,-0.0486014],[-0.0295736,-0.0674567,-0.166338,-0.0250229,0.0439649,-0.137462,0.328235,0.00289516,1.14331,-0.45103,0.0277912,0.00111565,-0.00154546,0.0137282,-0.00728722,-0.00353041,-0.0031567],[0.0105808,0.0418321,0.061702,0.0295481,-0.0602125,0.031345,-0.000615336,-0.0130693,0.118559,0.934722,-0.379876,-0.00170359,0.00463127,-0.0851584,-0.00733485,0.00364227,0.000281075],[-0.00551271,-0.0191888,-0.02765,-0.00842815,-0.00801537,-0.036985,0.0224777,-0.00516685,0.0282424,-0.022947,1.00561,0.000441838,0.00294114,-0.0525576,-0.0157066,-0.00488383,0.000228952],[0.183463,0.430468,0.149338,0.078497,-0.1234,0.799532,1.50047,0.324094,2.20709,-2.71315,-2.63913,1.06393,-0.0170169,0.773856,1.04158,-0.769486,0.106519],[-0.167472,0.288645,-1.25457,-0.419378,-1.48321,-0.997127,0.238035,0.12798,0.416887,-0.636956,-5.0393,-0.0333902,0.996535,-2.45184,-0.656646,-0.35901,-0.0556996],[0.0323422,0.0257743,0.105609,0.0327923,0.0787399,0.0961774,-0.058945,-0.0065814,-0.166945,0.0156397,-0.0426612,0.0019445,-0.000709357,1.12586,0.0203545,0.0173947,0.00414763],[0.150752,0.454669,0.445134,0.0852352,-0.234085,0.45813,0.0170442,-0.0248638,-0.160182,-0.0601841,0.301766,-0.00119877,-0.031814,0.319854,0.684901,0.0129761,0.0421868],[0.0773488,0.162513,0.250754,-0.0655695,-0.317564,0.267002,0.301012,0.105548,0.274514,-0.136472,1.47385,0.00380929,0.0110377,0.13446,0.271683,0.565201,0.0238004],[0.291791,0.747401,0.562004,-0.0246737,-1.35058,-0.0518919,0.236329,-0.0666647,2.59308,-0.322788,-3.2107,-0.00108866,0.0286751,0.0478932,-1.12502,0.784218,1.15626],[0.0181451,-0.0546069,-0.0598566,0.0948139,-0.409383,-0.343544,-0.0413314,0.0726335,-0.439073,-0.516035,0.596366,0.00407045,-0.0122165,0.268548,0.0824974,0.00928001,0.016288],[-0.0283752,0.173918,0.0782439,-0.0285137,-0.270552,0.050122,0.0329313,0.00311765,0.120648,-0.0734465,-0.324536,0.00453772,0.01244,-0.17756,-0.02789,0.0128091,-0.00310569],[-0.0328425,-0.0659526,-0.146347,0.00611035,0.0666777,-0.162755,0.00837972,0.00195782,-0.149205,-0.0212314,-0.159141,-0.00238485,0.00375459,-0.0709394,0.00181816,0.0184113,0.00231355],[0.0229981,-0.0597458,-0.0588338,-0.0432259,0.162731,-0.264971,0.277347,0.0819336,0.447835,-0.843328,0.615621,-0.0041506,-0.0164321,0.323548,0.0899179,0.0822929,-0.0009715],[0.0204806,0.00757757,0.0306442,0.0324517,0.195819,-0.00546713,0.0765874,-0.00446857,0.116491,-0.268747,0.233237,0.002558,-0.00713337,0.172765,-0.00919892,0.0353881,0.00525791],[-0.014059,0.00954947,-0.032351,0.0166332,-0.0299108,0.0206852,-0.0297152,-0.025146,-0.0762572,-0.000595123,-0.365827,-0.00222228,0.00239692,-0.0210467,-0.0185005,0.00147067,0.000236471],[-0.00815847,-0.00325246,0.03095,-0.00566983,-0.0981835,-0.00694214,-0.041578,-0.00256331,0.231257,0.00296669,-0.00755034,-0.0044787,-0.00295744,-0.0254577,-0.0134761,0.00996781,-0.00208937],[0.301087,0.0797879,0.236587,0.026178,0.939489,0.21542,0.0976532,0.168343,0.796458,-0.93885,0.956056,0.00900551,-0.0402434,0.600368,0.334654,0.0903641,0.0177976],[-0.00801911,0.0137631,0.0571503,0.00398003,-0.09434,0.0130752,0.00739325,-0.000901725,-0.133203,0.0800455,-0.0141735,-0.00127635,0.00414671,-0.0610523,-0.0104361,0.0201404,-0.0015855],[-0.0190094,-0.0333419,-0.0632375,-0.0219308,0.00697776,-0.0233121,-0.000887903,0.00900646,-0.135629,0.0613304,0.259948,0.00382951,-0.000894215,0.0417132,0.00246856,0.00249118,4.94353e-05],[-0.00490193,0.00606583,-0.00870805,0.00258551,-0.000526013,-0.0011121,-0.00576265,0.0040342,-0.0292927,0.0330309,-0.0914467,-0.000897304,-0.000257335,-0.0071621,0.00179652,-0.00176928,-0.00191024],[-0.368552,-0.417643,-0.000304227,0.0118689,0.70018,-0.622507,-0.148587,-0.302371,-0.696638,-0.577241,-0.791383,-0.125222,-0.0136673,-1.15192,-0.799872,0.597729,-0.10289],[-0.125434,-0.427206,0.850679,0.380747,1.21952,0.636864,0.308748,-0.151851,0.658288,-1.47286,5.66364,0.0293028,0.0395514,2.08668,0.995444,0.215528,0.0722815],[-0.0138329,-0.00112389,-0.0520235,-0.0297594,-0.0512992,-0.0377692,0.0402614,0.00216519,0.106215,-0.00617906,-0.0940796,-0.0078484,-0.000850881,-0.127444,-0.0394268,-0.0138725,-0.00159121],[0.0313172,-0.169705,-0.0385462,-0.0526357,0.272542,-0.100056,-0.0256284,-0.0109455,0.0996079,-0.0205402,0.214437,0.00618063,0.0304917,-0.103537,0.0152308,0.0363915,-0.00426192],[-0.0514539,-0.015774,-0.301687,0.037217,0.695711,-0.284893,-0.23238,-0.103918,0.133647,0.748229,-0.450815,-0.00200919,0.025494,-0.669401,-0.255094,-0.0462303,0.0176643],[-0.350178,-0.639932,-0.467102,0.0928,0.621131,-0.139561,-0.279556,0.071546,-1.05556,0.488768,0.0573575,0.00455643,0.0219367,0.0296769,0.827994,-0.79222,-0.0588022],[-0.0358363,-0.068456,-0.135781,-0.039426,-0.147747,-0.135769,-0.0728569,-0.0184532,0.601695,0.0873195,0.13373,0.00326031,-0.00503835,-0.0377465,-0.0281839,0.002136,0.00241262],[0.0149371,0.0631653,-0.0256582,-0.000528132,0.113857,-0.031322,0.0133739,0.0124623,0.0720712,-0.0493011,-0.128529,-0.00579539,0.00129976,-0.0400812,0.0281109,-0.00732216,-0.00287974],[0.0151354,0.00645532,0.023045,0.00150525,0.0289196,0.00344176,-0.00419976,0.00455848,-0.0470752,0.00710043,-0.0166866,0.000609958,-0.00239892,-0.0135123,-0.00546516,0.000626567,0.00087454],[-0.0564497,-0.0333224,-0.138598,-0.0437269,0.183261,-0.0726225,-0.093009,0.0254618,-0.394877,-0.164839,-0.491427,-0.0193151,-0.0207473,0.0790332,0.0291856,-0.0250795,-0.00177397],[0.000325501,-0.0378867,-0.0490623,-0.0108964,0.154546,-0.0300122,0.0419674,-0.00325483,0.125126,-0.106105,-0.0333485,0.00505476,0.00258433,-0.0221865,0.00549553,-0.00662433,0.00171769],[0.00572002,0.00141366,0.0156473,0.0089581,-0.0385721,-0.00713382,-0.0323442,0.00346563,-0.0657002,0.123713,-0.132093,-0.00295494,-0.00436852,0.0473489,0.00806006,-0.0125733,-0.00138828],[-0.0225217,-0.0209018,-0.0275693,-0.0155296,-0.0645012,-0.0495252,-0.0163209,0.00705687,0.0570675,-0.0349351,-0.065879,-0.00253234,-0.000340691,-0.0475036,-0.0261366,0.00460297,-0.00327363],[-0.000898773,0.0181949,0.587891,0.0564378,0.062776,0.411418,0.364615,0.161444,-0.578416,-0.0521087,0.251895,0.0198595,0.0220949,0.204654,0.0785773,0.313574,0.0272272],[0.0143964,0.0279181,0.085762,-0.00485784,-0.00663381,0.0748683,-0.0190939,-0.00455061,0.0168026,0.0537962,-0.0848166,-0.000153182,-0.000880979,0.000676139,-0.0131523,-0.00337873,4.87761e-05],[0.00834429,-0.00861241,0.00106599,-0.00753495,0.053256,-0.00841463,0.00201703,0.00412458,0.0163151,0.00316079,0.120341,-0.0021383,-0.00375214,0.043262,0.00494297,-0.00624722,-0.000367557],[0.00989157,0.0127047,0.0342991,0.00586816,0.0074358,0.0360977,-0.0179001,0.00113098,9.34188e-05,-0.00730339,0.0772748,0.000395552,-0.0025654,0.0568306,0.0132424,0.00604876,0.00174815],[0.308264,0.110723,-0.149306,-0.0140849,-0.273078,-0.118476,-1.30744,-0.0381779,-1.48952,2.93051,3.21672,0.0338689,0.0173463,0.328533,-0.16633,0.10618,-0.00712619],[0.334767,0.23397,0.379538,0.0906825,0.351059,0.503973,-0.555756,0.037337,-1.18344,1.99565,-0.794319,-0.00727028,-0.0528609,0.313821,-0.282288,0.0862247,-0.0265044],[-0.0185598,-0.024804,-0.053441,-0.00317721,-0.0275604,-0.0586373,0.0182882,0.00430471,0.0616304,-0.00878205,0.135656,0.00588872,0.00164354,0.000560058,0.018678,-0.0033166,-0.00253744],[-0.0618556,-0.0860974,-0.254825,-0.0631303,0.243486,-0.266427,0.0196078,-0.010763,0.0725242,0.0658512,-0.23123,-0.00442069,0.00931307,-0.215146,0.0445956,-0.0545637,-0.0149437],[-0.00355736,0.0158971,0.130798,0.147556,-0.404124,0.244692,-0.0677567,-0.034329,0.0170095,0.324465,-0.794005,-0.00448065,0.0048195,-0.274922,0.0319991,0.0894694,0.0157156],[-0.0701774,-0.190288,-0.446449,-0.151981,0.711101,0.0469089,-0.0769362,0.0379163,-1.53321,-0.225627,1.57732,-0.00115481,-0.0107857,-0.550304,0.121262,-0.138452,-0.132544]],"sigmahat":[[1.39797,1.26613,2.4239,0.430506,2.27641,2.61823,-0.0775111,-0.0938324,-0.753272,0.244389,3.47755,0.0197268,-0.0958954,2.03242,0.57195,0.289131,0.100402],[1.26613,3.47171,3.28566,0.51764,-0.327408,4.85115,-0.140705,-0.0257666,0.00729697,0.850392,4.62143,0.0474458,-0.0306715,1.01538,0.257971,0.298898,0.12766],[2.4239,3.28566,12.4141,1.24493,-2.31311,9.64553,0.815004,0.23696,-0.438809,1.38536,8.44781,0.0335291,-0.204719,4.93641,1.25644,1.77356,0.186143],[0.430506,0.51764,1.24493,1.47459,-0.685836,1.29053,0.24465,-0.0469084,-2.0726,-0.532913,0.950488,-0.0013536,-0.0613996,1.63946,0.517279,0.419021,0.00591965],[2.27641,-0.327408,-2.31311,-0.685836,23.7367,0.679844,0.190142,-0.202711,-4.06002,-3.74359,-1.84021,-0.071354,-0.133044,-0.835468,0.421702,-0.816368,0.166221],[2.61823,4.85115,9.64553,1.29053,0.679844,13.7061,-0.594438,0.0597047,-2.02332,1.94091,6.87297,-0.0354434,-0.282115,3.86357,1.68392,0.963216,0.236908],[-0.0775111,-0.140705,0.815004,0.24465,0.190142,-0.594438,6.95958,0.316729,2.12791,-9.54295,4.08215,0.0319869,-0.0340586,1.61228,0.484698,1.05594,-0.040876],[-0.0938324,-0.0257666,0.23696,-0.0469084,-0.202711,0.0597047,0.316729,0.334864,-0.685219,-0.463691,0.925295,-0.00878094,-0.0209689,0.076598,0.147188,0.113408,-0.0117496],[-0.753272,0.00729697,-0.438809,-2.0726,-4.06002,-2.02332,2.12791,-0.685219,36.4222,-2.40326,-1.53672,0.0481728,0.113752,-2.73056,0.034537,-1.61444,0.260683],[0.244389,0.850392,1.38536,-0.532913,-3.74359,1.94091,-9.54295,-0.463691,-2.40326,33.0771,-12.7374,0.0687004,0.279732,-6.44733,-1.1758,-2.05021,0.116253],[3.47755,4.62143,8.44781,0.950488,-1.84021,6.87297,4.08215,0.925295,-1.53672,-12.7374,124.694,1.20496,-0.510499,33.4291,9.31619,4.55956,0.584165],[0.0197268,0.0474458,0.0335291,-0.0013536,-0.071354,-0.0354434,0.0319869,-0.00878094,0.0481728,0.0687004,1.20496,0.0703268,0.0371348,0.392275,0.105558,0.0505517,0.0180712],[-0.0958954,-0.0306715,-0.204719,-0.0613996,-0.133044,-0.282115,-0.0340586,-0.0209689,0.113752,0.279732,-0.510499,0.0371348,0.0760778,-0.578246,-0.125171,-0.0116394,0.00516295],[2.03242,1.01538,4.93641,1.63946,-0.835468,3.86357,1.61228,0.076598,-2.73056,-6.44733,33.4291,0.392275,-0.578246,21.9184,4.75287,1.78753,0.339217],[0.57195,0.257971,1.25644,0.517279,0.421702,1.68392,0.484698,0.147188,0.034537,-1.1758,9.31619,0.105558,-0.125171,4.75287,2.80145,0.193881,0.109565],[0.289131,0.298898,1.77356,0.419021,-0.816368,0.963216,1.05594,0.113408,-1.61444,-2.05021,4.55956,0.0505517,-0.0116394,1.78753,0.193881,1.42857,-0.012412],[0.100402,0.12766,0.186143,0.00591965,0.166221,0.236908,-0.040876,-0.0117496,0.260683,0.116253,0.584165,0.0180712,0.00516295,0.339217,0.109565,-0.012412,0.0597316]],"n":17,"lags":3}