{"betahat":[[0.307547,-0.411471,3.59997,1.01886,-2.17788,1.07922,0.609525,0.46189,-0.370182,-4.06018,11.3366,0.0756494,-0.459081,8.86633,2.42642,2.53132,-0.0649639],[1.00037,0.118206,0.178451,-0.0550686,0.549823,0.485134,0.116601,-0.0554575,-0.106062,0.488745,-0.79641,-0.00505754,0.0195551,-0.242518,-0.030993,-0.00947465,-0.0146653],[-6.54221e-05,0.731342,-0.0716055,0.0282616,0.11299,-0.0401837,-0.0461715,-0.0141084,-0.234205,0.140361,0.4795,0.000455292,-0.0136244,0.222025,0.00361182,0.000405356,0.00204242],[0.0189863,0.0663117,1.13441,-0.00914375,-0.111365,0.167502,0.00105247,-0.00661183,0.220482,0.00568721,0.219045,0.00289097,-0.00202216,0.112343,0.0161725,-0.0185303,-0.00338176],[0.0423628,0.0951791,0.237629,1.09352,-0.368625,0.338262,-0.167031,-0.108583,-0.0769841,0.995262,-0.0378944,0.0243515,0.0358332,-0.35403,-0.109397,-0.0289974,-0.00041365],[-0.0211563,0.0298699,0.0238593,-0.0193509,0.624644,0.0392193,-0.124607,0.00736897,-0.25587,0.394532,-0.223845,-0.00801732,0.00493395,-0.162847,-0.00203668,-0.0225882,-0.005631],[0.0107914,-0.0139598,0.0134388,-0.0278404,0.101873,0.973568,0.0677413,0.0235039,0.148372,-0.144675,0.503082,0.0051648,0.00128921,-0.0331398,0.00146688,0.0141371,0.00125278],[0.0295687,0.0201285,-0.0142738,0.019179,0.180167,0.0583771,1.05019,-0.00203255,-0.312658,0.0318584,0.0596735,0.00762144,0.00321536,0.0880256,0.0471875,-0.0191169,0.00515383],[-0.237168,-0.0548629,-0.711113,-0.0630388,-0.919441,-0.669655,-0.463028,0.615741,-0.064188,1.05382,-0.906407,-0.0217531,0.0179755,-0.681248,-0.346636,-0.345105,-0.0416155],[-0.0271208,-0.0660574,-0.166742,-0.0253276,0.0520105,-0.139058,0.336079,0.00281469,1.14272,-0.465504,0.0308501,0.000816957,-0.00142758,0.00855098,-0.0124208,-0.000569168,-0.00355948],[0.0136691,0.0455632,0.0650706,0.0313561,-0.0519581,0.0358191,0.000685641,-0.0142255,0.106023,0.933575,-0.426486,-0.0025114,0.00511912,-0.102706,-0.00825546,0.00200628,0.000418775],[-0.0063685,-0.0196971,-0.0302009,-0.00784089,-0.00802488,-0.0394925,0.0241379,-0.00547872,0.0315447,-0.0290561,1.00041,0.00102421,0.00296515,-0.0487772,-0.015046,-0.00392225,0.000166537],[0.258788,0.484491,0.255222,0.159467,0.00695508,0.746222,1.50822,0.307597,2.17829,-2.71745,-2.27055,1.05817,-0.0206871,0.900585,1.05414,-0.62139,0.11036],[-0.101675,0.401024,-1.10722,-0.42874,-1.50751,-0.80358,0.271105,0.135355,0.373277,-0.906624,-4.23115,-0.0158979,0.967893,-1.95996,-0.496525,-0.330356,-0.0604382],[0.0367806,0.0353569,0.114782,0.042755,0.0765304,0.109736,-0.0617895,-0.00458884,-0.168887,0.0184119,-0.0439284,0.00161757,-0.000857233,1.11211,0.0260088,0.0233584,0.00442777],[0.150738,0.49843,0.461069,0.0605933,-0.335645,0.496973,0.0197356,-0.0327784,-0.152375,-0.0536585,0.43503,-0.00073367,-0.0352328,0.414382,0.679081,0.00610636,0.0510713],[0.0550813,0.120712,0.195756,-0.0631744,-0.354807,0.216302,0.273606,0.105488,0.223722,-0.00766929,0.960242,-0.0119215,0.0180752,-0.172045,0.120162,0.540193,0.0280707],[0.246134,0.662994,0.692084,-0.0621172,-1.36056,-0.0434119,0.0754948,-0.0614394,2.56688,-0.193339,-3.56403,-0.00317196,0.0234603,0.0135367,-1.03161,0.69122,1.1711],[0.0254212,-0.0562707,-0.0631023,0.101603,-0.422167,-0.346315,-0.0554345,0.0759955,-0.540083,-0.546799,0.550303,0.00208496,-0.0146251,0.284632,0.051559,0.000646558,0.0122826],[-0.0193079,0.194129,0.0940329,-0.0353834,-0.241731,0.0601266,0.0304154,-0.000332002,0.160195,-0.0671379,-0.305782,0.00590005,0.0124247,-0.175526,-0.042698,0.00972008,4.0326e-05],[-0.0341839,-0.0696094,-0.15518,0.0093419,0.0716616,-0.163173,0.000403441,0.00253995,-0.168658,-0.0106584,-0.187726,-0.00375859,0.0035147,-0.0828829,-0.00268712,0.0176541,0.00228673],[0.0157041,-0.0610371,-0.0825431,-0.0388029,0.151351,-0.263031,0.287831,0.0825239,0.439713,-0.847646,0.554378,-0.00369891,-0.0162684,0.323762,0.0932085,0.072692,0.00206172],[0.0172874,0.00345112,0.0292375,0.0333025,0.202554,-0.00936941,0.075678,-0.0031214,0.119706,-0.269116,0.236926,0.00218129,-0.00721662,0.177619,-0.00688776,0.0283225,0.00427449],[-0.0161573,0.00873358,-0.0264032,0.0211342,-0.0562096,0.0330236,-0.0338262,-0.0263534,-0.0909189,0.00144173,-0.37496,-0.00303868,0.00253407,-0.0181382,-0.00513929,0.000226253,0.000138483],[-0.00804784,-0.00454665,0.032313,-0.00661258,-0.100656,-0.0134679,-0.0390081,-0.00376742,0.244383,0.00170757,0.00785178,-0.00485004,-0.00311136,-0.0352935,-0.0181957,0.0113137,-0.00195377],[0.29417,0.0230031,0.163434,0.0390933,1.00415,0.185933,0.058875,0.171467,0.753931,-0.928669,0.744516,0.00441439,-0.0400397,0.529935,0.246145,0.0438485,0.0141251],[-0.00985453,0.0121303,0.059138,0.00537008,-0.104301,0.0116936,0.0112063,-0.00255733,-0.135114,0.0825309,-0.0150855,-0.00143648,0.00403365,-0.0608296,-0.0108943,0.0223681,-0.00177319],[-0.0222219,-0.0345491,-0.0695905,-0.0232842,0.0013751,-0.0236475,-0.00524938,0.00902585,-0.133039,0.0663747,0.280866,0.00468469,-0.000757867,0.0475176,-0.00135814,0.00247494,-0.000134146],[-0.00528085,0.0057008,-0.00742802,0.00214678,-0.00544909,0.00176518,-0.00792858,0.00465778,-0.0362676,0.0402974,-0.0898249,-0.0014165,-0.000258159,-0.0127541,0.00245142,-0.00408074,-0.00185446],[-0.431742,-0.553651,-0.160141,-0.0107412,0.651286,-0.667223,-0.183172,-0.330853,-0.538398,-0.663974,-1.92395,-0.134083,-0.00945989,-1.52874,-0.824805,0.366666,-0.117632],[-0.167974,-0.489939,0.757428,0.411469,1.22656,0.595488,0.249018,-0.137884,0.572736,-1.43066,5.05124,0.00759442,0.0481084,1.75115,0.857657,0.228719,0.072444],[-0.0177695,-0.0106356,-0.0686431,-0.0371915,-0.0362799,-0.0552198,0.036844,7.10019e-05,0.101759,-0.00396687,-0.138514,-0.00869653,-0.000512233,-0.1351,-0.0416672,-0.0231798,-0.00193472],[0.0583015,-0.155669,-0.0199979,-0.0387554,0.370941,-0.0856804,0.00125589,-0.0136485,0.101126,-0.0886729,0.304734,0.00938343,0.0351247,-0.0939647,-0.0245339,0.0705088,0.000112787],[-0.0507964,0.0330727,-0.300452,0.0541111,0.68035,-0.243646,-0.268335,-0.119219,0.165496,0.857244,-0.413997,-0.00093004,0.0299221,-0.751167,-0.203257,-0.0232628,0.0208208],[-0.320668,-0.599016,-0.477779,0.0659571,0.467102,-0.235719,-0.149903,0.0772374,-0.835552,0.363143,0.77874,0.0262492,0.0294332,0.28324,0.828775,-0.745907,-0.078076],[-0.0258329,-0.0619764,-0.115455,-0.0465625,-0.127675,-0.138871,-0.0611965,-0.0205204,0.646145,0.0580479,0.245906,0.00297012,-0.00492872,-0.0422188,-0.0205846,0.00881441,0.00238039],[0.0193115,0.0744466,-0.0225883,0.00706693,0.128734,-0.0200355,0.0157137,0.0144626,0.0740887,-0.073254,-0.174004,-0.00635866,0.0012006,-0.0466179,0.0390556,-0.0101517,-0.00208497],[0.0150804,0.00321837,0.0204117,-0.000267633,0.0395948,-0.0045155,-0.00148923,0.00410143,-0.051618,0.00488819,-0.0315872,0.000862022,-0.00148614,-0.0297142,-0.0135289,0.000833762,0.00109277],[-0.058118,-0.034203,-0.155179,-0.0548114,0.217313,-0.0752214,-0.120806,0.0260819,-0.362468,-0.147632,-0.516803,-0.0206512,-0.0195609,0.030105,0.0161617,-0.0437115,-0.00164584],[0.00381951,-0.033348,-0.0531525,-0.0139565,0.172549,-0.0299378,0.0487878,-0.00422812,0.135977,-0.125275,-0.0131381,0.00582975,0.00228387,-0.0148554,0.00889575,-0.00574018,0.0013493],[0.00519828,0.00506624,0.0125403,0.00654622,-0.0457325,-0.00688634,-0.0339957,0.00289384,-0.0570765,0.143121,-0.128466,-0.00213159,-0.00381588,0.0510049,0.00358474,-0.0144372,-0.00139336],[-0.0206776,-0.0138378,-0.0163534,-0.0126996,-0.078534,-0.0417441,-0.0140493,0.00537642,0.071621,-0.0312775,-0.0673083,-0.0025731,4.83382e-07,-0.0493584,-0.0286418,0.00816106,-0.00284631],[-0.0264449,0.0094518,0.589207,0.0351898,-0.00411471,0.416519,0.406213,0.17851,-0.592354,-0.10838,0.368871,0.0203802,0.021682,0.244299,0.098161,0.296156,0.0223122],[0.0159572,0.0317652,0.0949783,-0.00468757,-0.0123178,0.081917,-0.0204709,-0.00464251,0.0251253,0.0514449,-0.0945637,-0.000125292,-0.00117008,0.00197744,-0.0126606,-0.00334004,0.000228271],[0.00842722,-0.0111898,0.00400371,-0.00793209,0.0504492,-0.0126343,0.00525785,0.00530825,0.0260903,-0.00111689,0.145881,-0.00218569,-0.00438135,0.0549304,0.00971048,-0.00458648,-0.00034074],[0.0108098,0.0132286,0.0344548,0.00580187,0.0116578,0.0345982,-0.0179483,0.000856019,0.00316924,-0.00732757,0.0764523,0.000296634,-0.00257225,0.0577942,0.0116531,0.00723877,0.00174924],[0.33136,0.187874,-0.0512004,-0.0439888,-0.255612,-0.0421851,-1.27873,0.00127013,-1.60391,2.97198,3.88201,0.0364898,0.0128797,0.537352,-0.136388,0.200462,0.00270966],[0.319365,0.220423,0.299844,0.0804144,0.376862,0.419486,-0.540444,0.0184598,-1.05694,2.21455,-1.08746,-0.00526502,-0.0371412,0.0742607,-0.291449,0.013397,-0.0278895],[-0.0190952,-0.025063,-0.0461063,-0.00579863,-0.0401215,-0.0549834,0.024484,0.00441268,0.0679732,-0.013784,0.181336,0.00706018,0.0014779,0.0213652,0.0151014,0.000224838,-0.00247965],[-0.0668938,-0.0903538,-0.309618,-0.0814621,0.324071,-0.303647,0.0147445,-0.0113843,0.0636073,0.0792331,-0.297656,-0.00398425,0.0117001,-0.27788,0.0413727,-0.0659177,-0.0156798],[0.00650873,0.0344253,0.16648,0.175906,-0.451466,0.26538,-0.04048,-0.0319838,0.0747503,0.311616,-0.690012,0.000846898,0.00452169,-0.222188,0.0631541,0.0819548,0.0184795],[-0.0915734,-0.158363,-0.627739,-0.0960839,0.771219,0.0902318,-0.0932845,0.0339185,-1.74083,-0.141092,0.932122,-0.0208083,-0.00559471,-0.855213,-0.0174985,-0.125346,-0.137683]],"sigmahat":[[1.36156,1.24745,2.38503,0.403718,2.21315,2.57554,-0.0690141,-0.0829685,-0.683425,0.26951,3.5041,0.0197663,-0.0948587,1.95866,0.581955,0.290473,0.0871099],[1.24745,3.43391,3.24795,0.472204,-0.223792,4.77486,-0.0436257,-0.00827793,0.111846,0.675675,4.87329,0.0487373,-0.0342592,1.00295,0.309158,0.366993,0.11299],[2.38503,3.24795,12.2388,1.20775,-2.34623,9.50275,1.04853,0.264152,-0.565324,1.01326,9.1647,0.042394,-0.194808,4.89639,1.37285,1.72226,0.1479],[0.403718,0.472204,1.20775,1.43538,-0.679062,1.20919,0.306088,-0.0346294,-2.04328,-0.623326,1.04123,-0.00256237,-0.0614457,1.64517,0.52442,0.395403,-0.000528819],[2.21315,-0.223792,-2.34623,-0.679062,23.1738,0.768189,-0.341516,-0.201891,-3.98973,-2.83844,-2.80326,-0.0941337,-0.14545,-1.30458,0.38811,-0.843009,0.167877],[2.57554,4.77486,9.50275,1.20919,0.768189,13.5291,-0.431168,0.0872139,-1.93847,1.51352,7.2469,-0.0442991,-0.280792,3.65588,1.71961,0.961577,0.207505],[-0.0690141,-0.0436257,1.04853,0.306088,-0.341516,-0.431168,7.01088,0.339852,1.97546,-9.49719,4.73092,0.0447788,-0.0342346,1.87667,0.655676,1.13063,-0.0396504],[-0.0829685,-0.00827793,0.264152,-0.0346294,-0.201891,0.0872139,0.339852,0.319252,-0.626401,-0.449259,0.997541,-0.00739645,-0.0187497,0.0816633,0.126319,0.115957,-0.0110267],[-0.683425,0.111846,-0.565324,-2.04328,-3.98973,-1.93847,1.97546,-0.626401,35.1313,-2.41482,-1.51715,0.0298419,0.0839607,-2.45132,0.191215,-1.48145,0.258722],[0.26951,0.675675,1.01326,-0.623326,-2.83844,1.51352,-9.49719,-0.449259,-2.41482,32.1257,-13.1535,0.0647457,0.2561,-6.10886,-1.32335,-2.04647,0.106519],[3.5041,4.87329,9.1647,1.04123,-2.80326,7.2469,4.73092,0.997541,-1.51715,-13.1535,125.6,1.20835,-0.493363,33.5857,8.8874,5.19751,0.508847],[0.0197663,0.0487373,0.042394,-0.00256237,-0.0941337,-0.0442991,0.0447788,-0.00739645,0.0298419,0.0647457,1.20835,0.0700582,0.0366524,0.40578,0.0884739,0.0615754,0.0159713],[-0.0948587,-0.0342592,-0.194808,-0.0614457,-0.14545,-0.280792,-0.0342346,-0.0187497,0.0839607,0.2561,-0.493363,0.0366524,0.0725999,-0.531892,-0.12017,-0.00215128,0.00498417],[1.95866,1.00295,4.89639,1.64517,-1.30458,3.65588,1.87667,0.0816633,-2.45132,-6.10886,33.5857,0.40578,-0.531892,21.4412,4.45171,1.75232,0.267541],[0.581955,0.309158,1.37285,0.52442,0.38811,1.71961,0.655676,0.126319,0.191215,-1.32335,8.8874,0.0884739,-0.12017,4.45171,2.42853,0.291661,0.0822628],[0.290473,0.366993,1.72226,0.395403,-0.843009,0.961577,1.13063,0.115957,-1.48145,-2.04647,5.19751,0.0615754,-0.00215128,1.75232,0.291661,1.27254,-0.00479757],[0.0871099,0.11299,0.1479,-0.000528819,0.167877,0.207505,-0.0396504,-0.0110267,0.258722,0.106519,0.508847,0.0159713,0.00498417,0.267541,0.0822628,-0.00479757,0.0503306]],"n":17,"lags":3}