{"betahat":[[0.280334,-0.712343,3.30267,1.00617,-1.73997,1.17516,0.619747,0.634907,-0.757868,-4.82039,10.8451,0.042855,-0.485856,8.36664,2.75686,2.4395,-0.113701],[0.99127,0.11711,0.165133,-0.0592063,0.516003,0.448851,0.135808,-0.0529131,-0.113609,0.483983,-0.748513,-0.00266841,0.0211998,-0.248719,-0.037708,-0.0018048,-0.0130619],[0.00816445,0.752498,-0.0519146,0.0320543,0.116734,-0.0146281,-0.0619501,-0.0150725,-0.243498,0.16034,0.42217,0.000882852,-0.0140471,0.214972,0.00682257,-0.00184659,0.00178441],[0.0184277,0.0597879,1.12734,-0.0118652,-0.0992086,0.161762,-0.00563078,-0.00546859,0.215301,0.00382444,0.1916,0.00231704,-0.001898,0.104298,0.0145359,-0.0196814,-0.0034272],[0.0428475,0.0875324,0.205414,1.09101,-0.312884,0.338386,-0.1737,-0.107546,-0.0563217,0.976491,-0.0535956,0.0244207,0.0344752,-0.334318,-0.107266,-0.0340019,0.00210241],[-0.0208805,0.0258387,0.0231182,-0.023014,0.640609,0.0345298,-0.11885,0.00781018,-0.249766,0.386373,-0.22839,-0.00803613,0.00506302,-0.16234,-0.00292026,-0.0221721,-0.00542989],[0.00851316,-0.0140573,0.00810043,-0.028266,0.0944271,0.97804,0.0687612,0.0213836,0.156657,-0.15428,0.52281,0.0049821,0.00148545,-0.0270051,0.0029957,0.0128259,0.0011557],[0.029689,0.0176919,-0.0138861,0.0190217,0.183347,0.0513434,1.05905,-0.00128683,-0.314189,0.0197684,0.0525514,0.00748439,0.00277874,0.0819559,0.0434047,-0.0158535,0.00421965],[-0.252014,-0.0594008,-0.760833,-0.07873,-0.93088,-0.70267,-0.429564,0.618284,0.0213961,0.957398,-0.838442,-0.020482,0.0190267,-0.66749,-0.349751,-0.333156,-0.0390076],[-0.0274433,-0.0664805,-0.168413,-0.0248701,0.0594611,-0.139463,0.331415,0.00227188,1.13624,-0.458321,0.0353018,0.000782671,-0.00135319,0.00811691,-0.011067,-0.000813708,-0.00325595],[0.0121465,0.0428104,0.0605399,0.0291212,-0.0559497,0.0291829,0.00140619,-0.0138202,0.108105,0.932127,-0.406523,-0.00233181,0.00506673,-0.100268,-0.0101527,0.00215102,0.000129892],[-0.00614543,-0.020202,-0.0289113,-0.00877801,-0.00946945,-0.0386903,0.0201942,-0.00588148,0.0266604,-0.023369,0.989492,0.000846056,0.0027793,-0.0479243,-0.0159353,-0.00437948,0.000193307],[0.25537,0.527453,0.263177,0.16027,-0.111869,0.793058,1.49853,0.2635,2.71841,-2.51162,-2.72488,1.05797,-0.0108457,0.721594,1.00766,-0.636289,0.118849],[-0.149857,0.256442,-1.12105,-0.469392,-1.4673,-0.937419,0.297901,0.159869,0.273163,-1.16841,-3.91661,-0.01643,0.966199,-1.81236,-0.527548,-0.318409,-0.0623944],[0.0371717,0.0299008,0.120296,0.0419632,0.0849366,0.106748,-0.060465,-0.00391592,-0.170782,0.0220805,-0.021161,0.0026964,-0.000396055,1.12344,0.0257776,0.0222816,0.00442995],[0.149109,0.493589,0.463819,0.0611155,-0.330307,0.500622,0.0424042,-0.0280117,-0.157316,-0.135718,0.484009,-0.00315462,-0.0363575,0.410229,0.679835,0.017611,0.0499279],[0.0518804,0.121114,0.170862,-0.0596493,-0.342767,0.201796,0.268648,0.103102,0.21942,0.0290015,1.02664,-0.0113175,0.0187281,-0.184552,0.130994,0.545362,0.0291739],[0.246706,0.656851,0.641367,-0.0835361,-1.30773,-0.0799735,0.164696,-0.0648008,2.61571,-0.165333,-3.53606,-0.00129566,0.0291892,-0.075467,-1.03204,0.693992,1.16496],[0.0325604,-0.0566513,-0.0462683,0.101501,-0.40126,-0.327855,-0.0652278,0.0730562,-0.510941,-0.570078,0.633604,0.00115031,-0.0169183,0.316036,0.0568595,0.00219887,0.0107289],[-0.0241649,0.180551,0.0719245,-0.0325373,-0.242338,0.0391566,0.040756,6.2503e-05,0.154034,-0.0890994,-0.316274,0.00490479,0.013195,-0.182766,-0.0434742,0.0107917,0.000142847],[-0.033942,-0.0686018,-0.153832,0.0086477,0.0696111,-0.167856,0.0100665,0.00155193,-0.160027,-0.00933293,-0.180771,-0.00325153,0.00367935,-0.0892132,-0.00355008,0.0175202,0.00231861],[0.0139323,-0.0480182,-0.0467876,-0.0392577,0.0890324,-0.258934,0.299309,0.0837849,0.428166,-0.834833,0.605488,-0.00414774,-0.0150686,0.305465,0.0906304,0.0782017,0.000473993],[0.0181532,0.00712822,0.0286012,0.0361811,0.195709,-0.00691569,0.0730093,-0.00371505,0.116955,-0.265894,0.230997,0.00271101,-0.00691356,0.174538,-0.00556543,0.0277445,0.00461086],[-0.0148317,0.00791171,-0.0235007,0.0218684,-0.048345,0.0280883,-0.0340913,-0.0239491,-0.0972222,0.0113506,-0.385528,-0.0027536,0.00208148,-0.0172427,-0.00560279,0.000617184,0.000106082],[-0.00914238,-0.00173109,0.0341294,-0.00697388,-0.111309,-0.00621054,-0.0432347,-0.00446612,0.256096,0.0108552,0.00506716,-0.00489156,-0.00253829,-0.0364441,-0.0162476,0.00965598,-0.000943404],[0.28436,0.0142781,0.174126,0.0319249,1.00204,0.176717,0.0664672,0.170912,0.741088,-0.952575,0.717685,0.00247338,-0.0393336,0.478297,0.241498,0.039165,0.0139052],[-0.0106339,0.011954,0.0561504,0.00263271,-0.111993,0.00911116,0.00985672,-0.00209036,-0.128248,0.0786103,-0.0200438,-0.00148992,0.00410827,-0.0639582,-0.0133377,0.0192776,-0.00179169],[-0.0208445,-0.0321966,-0.065579,-0.0219899,8.3293e-05,-0.0202351,-0.00598207,0.00826505,-0.13244,0.0677292,0.268372,0.00440692,-0.000764786,0.0461017,-0.000253005,0.00243108,0.000205558],[-0.00556947,0.00569419,-0.0102352,0.00301969,-0.00148059,0.000429177,-0.00445816,0.00520471,-0.0323801,0.0314154,-0.0857017,-0.00143984,-0.000332319,-0.0113574,0.00381022,-0.00428705,-0.00175313],[-0.392208,-0.496687,-0.00831618,0.0279982,0.646736,-0.540005,-0.185508,-0.283832,-1.02808,-0.708472,-1.2983,-0.132813,-0.017996,-1.26954,-0.729972,0.382948,-0.11684],[-0.141908,-0.426147,0.746241,0.407207,1.17326,0.56281,0.306004,-0.140093,0.602425,-1.30929,5.05649,0.0115297,0.0504034,1.76075,0.857057,0.262905,0.0744491],[-0.0188301,-0.00428477,-0.070314,-0.0359716,-0.0533124,-0.0478012,0.0364776,0.000405216,0.106249,-0.00299554,-0.149158,-0.00930346,-0.000839464,-0.145838,-0.0419636,-0.0213564,-0.00213538],[0.0581063,-0.154459,-0.0336301,-0.0426544,0.375357,-0.102677,-0.0107577,-0.0151981,0.0981334,-0.0289201,0.339802,0.0103349,0.0345143,-0.0840076,-0.0273512,0.0638471,-2.54304e-05],[-0.0459726,0.0182738,-0.290922,0.0596451,0.698199,-0.236,-0.270978,-0.120078,0.138121,0.8411,-0.470036,-0.00111299,0.0282685,-0.719921,-0.195029,-0.0286235,0.0203093],[-0.351108,-0.654216,-0.485914,0.0700264,0.339609,-0.279782,-0.180204,0.0802247,-0.882407,0.299638,0.562165,0.0275881,0.0333936,0.236109,0.762073,-0.723901,-0.0785182],[-0.0238714,-0.0604813,-0.118931,-0.0423238,-0.114794,-0.121049,-0.070612,-0.0201418,0.624593,0.0861565,0.114746,0.00151798,-0.00427785,-0.0673828,-0.0191963,-0.000398085,0.00233404],[0.0159385,0.0668891,-0.0201302,0.000426558,0.125566,-0.0246216,0.0211504,0.0150154,0.089582,-0.071202,-0.106138,-0.00578843,0.000855229,-0.0322844,0.0365936,-0.00896048,-0.00192611],[0.0153972,0.00875825,0.0261768,0.00314711,0.0294468,0.00590552,-0.00446911,0.00392785,-0.0550251,0.00550902,-0.0110527,0.000931906,-0.00177216,-0.0152983,-0.0110638,0.00213118,0.00111],[-0.0568308,-0.0395508,-0.15867,-0.0518482,0.223849,-0.0794437,-0.125615,0.0237652,-0.371545,-0.141598,-0.552144,-0.0202684,-0.0194004,0.0287486,0.0165758,-0.0442023,-0.00257046],[0.00267789,-0.0329719,-0.0517303,-0.0131756,0.163406,-0.0276968,0.0457003,-0.00409489,0.132687,-0.120256,-0.00263764,0.00532155,0.00185492,-0.0122468,0.00842815,-0.0055694,0.000816166],[0.00615339,0.00601062,0.0150231,0.00623766,-0.0461883,-0.00642508,-0.0347492,0.00259158,-0.059023,0.142895,-0.137548,-0.0022305,-0.00355735,0.0440267,0.0024867,-0.0135019,-0.00126005],[-0.0196931,-0.0140104,-0.0181267,-0.0121381,-0.0715791,-0.0415756,-0.018625,0.00534167,0.0615184,-0.0285056,-0.0572733,-0.00239236,-0.000143611,-0.0418639,-0.0268964,0.0066522,-0.00290068],[-0.00428206,0.0246493,0.61811,0.0620626,-0.0166655,0.44493,0.371025,0.176584,-0.659415,0.00771251,0.285441,0.0213014,0.0210821,0.264019,0.100651,0.287511,0.0201491],[0.0165812,0.0305986,0.0918023,-0.00359056,-0.00683775,0.0793191,-0.0210072,-0.00503914,0.0201841,0.05434,-0.0822121,-0.000177982,-0.00142117,0.00765881,-0.0103214,-0.0024272,5.39477e-05],[0.00855986,-0.0107976,0.00452066,-0.00700286,0.0557544,-0.00948118,0.00522779,0.00562498,0.0234574,-0.000809307,0.138393,-0.00208599,-0.00431622,0.0539142,0.0104619,-0.00468926,-0.000388675],[0.01089,0.0137793,0.0361133,0.00585255,0.00898456,0.0350663,-0.0174569,0.000652919,0.00438035,-0.00393177,0.0832951,0.000517845,-0.00229101,0.0555052,0.0110933,0.0079351,0.00163524],[0.295567,0.090785,-0.198732,-0.075036,-0.143428,-0.193365,-1.26546,-0.00712546,-1.63662,2.85733,3.75709,0.037422,0.0122956,0.450771,-0.174998,0.196191,-0.00928105],[0.3409,0.291232,0.304635,0.118249,0.402771,0.55561,-0.630164,-0.000149914,-1.0106,2.34829,-1.39145,-0.00978111,-0.0385289,-0.0655417,-0.268419,-0.0297158,-0.0271683],[-0.0184193,-0.0258554,-0.0497498,-0.00622971,-0.0316603,-0.0593507,0.0235404,0.00337205,0.0656449,-0.0183232,0.169417,0.00658917,0.00134284,0.0209845,0.0155793,-0.000513212,-0.00227165],[-0.0601681,-0.0726654,-0.283461,-0.076791,0.317002,-0.267218,0.00882902,-0.0127208,0.0609385,0.0737579,-0.319073,-0.00471669,0.0103116,-0.26507,0.0442345,-0.0669563,-0.014283],[0.0105522,0.0505627,0.175289,0.171376,-0.448096,0.289631,-0.0510062,-0.029935,0.0959533,0.320188,-0.672277,0.00121499,0.00482237,-0.216423,0.0666895,0.076781,0.0190654],[-0.0582962,-0.0929047,-0.582131,-0.0796118,0.847904,0.164285,-0.133074,0.0343082,-1.73996,-0.115237,1.06817,-0.0215966,-0.012455,-0.726354,0.0419119,-0.15139,-0.131209]],"sigmahat":[[1.36915,1.25598,2.4193,0.416897,2.20294,2.61762,-0.0689541,-0.0803926,-0.7526,0.265656,3.47266,0.0189164,-0.0928978,1.98183,0.591801,0.299702,0.0879314],[1.25598,3.46822,3.28325,0.492574,-0.290845,4.81652,-0.0504508,-0.00549372,0.0319357,0.698589,4.8287,0.0472322,-0.0352672,1.05625,0.29882,0.37303,0.112214],[2.4193,3.28325,12.3779,1.22804,-2.2985,9.63963,1.00833,0.258873,-0.625594,1.22786,8.67601,0.0341124,-0.198991,4.85522,1.33789,1.69879,0.150191],[0.416897,0.492574,1.22804,1.43977,-0.621486,1.24088,0.310858,-0.0326002,-2.08292,-0.63923,0.875973,-0.0046184,-0.0615786,1.62355,0.525621,0.403224,0.00219192],[2.20294,-0.290845,-2.2985,-0.621486,23.1607,0.738818,-0.168946,-0.202652,-4.21293,-3.14923,-2.17478,-0.0742952,-0.130292,-0.974457,0.456343,-0.754987,0.161857],[2.61762,4.81652,9.63963,1.24088,0.738818,13.6537,-0.464185,0.0766685,-2.02774,1.76547,7.10936,-0.0395968,-0.27862,3.80222,1.7165,0.952397,0.208163],[-0.0689541,-0.0504508,1.00833,0.310858,-0.168946,-0.464185,7.12102,0.354368,1.93058,-9.56424,4.29934,0.03582,-0.0365342,1.68353,0.596179,1.13452,-0.0439854],[-0.0803926,-0.00549372,0.258873,-0.0326002,-0.202652,0.0766685,0.354368,0.327604,-0.661919,-0.466248,1.00838,-0.00655851,-0.019518,0.0908581,0.125155,0.115615,-0.010016],[-0.7526,0.0319357,-0.625594,-2.08292,-4.21293,-2.02774,1.93058,-0.661919,35.4873,-2.37932,-1.03934,0.0380677,0.090388,-2.32959,0.17751,-1.50875,0.258661],[0.265656,0.698589,1.22786,-0.63923,-3.14923,1.76547,-9.56424,-0.466248,-2.37932,32.2448,-12.4368,0.0660019,0.25408,-6.0178,-1.24261,-2.06301,0.101233],[3.47266,4.8287,8.67601,0.875973,-2.17478,7.10936,4.29934,1.00838,-1.03934,-12.4368,124.551,1.19338,-0.482184,32.9133,8.82689,4.96584,0.523846],[0.0189164,0.0472322,0.0341124,-0.0046184,-0.0742952,-0.0395968,0.03582,-0.00655851,0.0380677,0.0660019,1.19338,0.0697724,0.0366815,0.393104,0.0905401,0.056917,0.0163382],[-0.0928978,-0.0352672,-0.198991,-0.0615786,-0.130292,-0.27862,-0.0365342,-0.019518,0.090388,0.25408,-0.482184,0.0366815,0.0724216,-0.533215,-0.117984,-0.00336536,0.00517914],[1.98183,1.05625,4.85522,1.62355,-0.974457,3.80222,1.68353,0.0908581,-2.32959,-6.0178,32.9133,0.393104,-0.533215,21.3203,4.48073,1.68463,0.28574],[0.591801,0.29882,1.33789,0.525621,0.456343,1.7165,0.596179,0.125155,0.17751,-1.24261,8.82689,0.0905401,-0.117984,4.48073,2.46065,0.268226,0.0835209],[0.299702,0.37303,1.69879,0.403224,-0.754987,0.952397,1.13452,0.115615,-1.50875,-2.06301,4.96584,0.056917,-0.00336536,1.68463,0.268226,1.28458,-0.00489902],[0.0879314,0.112214,0.150191,0.00219192,0.161857,0.208163,-0.0439854,-0.010016,0.258661,0.101233,0.523846,0.0163382,0.00517914,0.28574,0.0835209,-0.00489902,0.051117]],"n":17,"lags":3}