{"betahat":[[0.137778,-0.9076,0.494455,1.05153,1.70775,0.655133,-0.503271,0.314076,-0.760764,0.268905,-0.0759778,-0.0997219,0.722226,-0.785241,-0.00506873,-0.128297],[1.0269,0.102956,-0.159816,-0.118379,0.654262,0.992523,0.0312015,-0.0850877,0.836754,-0.292938,-0.0590291,-0.0427526,-0.260135,0.152861,0.00231272,-0.00920558],[-0.0283278,1.00903,0.155938,-0.066141,0.681563,0.690034,-0.0198203,-0.0106485,0.11121,-0.355587,0.0372035,0.0245707,0.117989,-0.148518,-0.0018973,-0.0151622],[0.0283964,0.00436148,0.884736,-0.00595819,0.318395,-0.344321,0.0448201,-0.0111778,-0.0701235,-0.386625,-0.0171209,-0.0146876,0.107349,-0.113528,0.0283713,0.0395179],[0.131169,0.251105,0.203496,0.998854,0.683401,0.278689,-0.0921323,-0.0362106,0.0252398,-0.886908,0.0307434,-0.020645,1.04009,0.669823,-0.424675,0.0122396],[0.00706891,-0.000987198,-0.0115813,0.000438806,0.643163,-0.0579478,-0.000878361,0.00517701,-0.00427045,-0.0212268,0.0119792,0.0104743,0.0104903,0.0229954,-0.00710496,0.0017485],[-0.00214717,0.0110094,-0.00554081,0.00147892,-0.0182738,0.805903,0.00783222,-0.00269076,0.0188108,0.136587,-5.71561e-05,0.000769811,-0.00411491,-0.0261755,0.0543164,0.00213636],[-0.187848,-0.202835,-0.223358,0.163965,-0.338317,-0.191646,0.691755,0.0336508,0.901716,-5.28021,0.0062545,0.00553723,-0.219873,-0.278775,-1.50842,0.0580562],[0.551889,0.533027,0.864185,-0.0126026,1.76843,1.44496,0.0752622,0.837569,-1.65113,5.6774,0.0133897,-0.0105088,1.99557,1.96191,-0.0975892,0.00731418],[-0.00586129,0.0126974,-0.00214692,-0.00507068,-0.0191445,0.157714,-0.0116826,0.00811566,1.07859,-0.0616919,0.00538718,0.019066,-0.25083,-0.0218665,0.0806138,0.00245246],[0.00185098,-0.00482571,-0.00578689,-0.00030535,-0.0240548,-0.0207451,0.00331132,-0.000823382,-0.0295081,1.06471,0.0017034,0.00188523,-0.0193869,-0.0134126,0.00542217,0.000282011],[-0.0161286,-0.208183,-0.141637,-0.0465086,-0.411269,0.757993,0.111401,0.0636798,0.283956,-3.31897,0.972781,-0.0215242,-0.353707,0.0584227,-0.257596,0.0895936],[0.0651003,-0.103639,-0.373918,0.0618373,0.979618,1.07166,0.12265,-0.00653636,0.0382543,-5.91636,0.0596623,1.11938,-0.997345,0.156514,-0.292126,0.04699],[0.0168719,0.00265533,-0.0115033,0.00421859,0.124597,0.0545461,0.0120429,0.00373634,0.0246272,0.0503118,0.0112332,0.00813455,0.992958,0.0368252,0.0584339,-0.00254833],[0.0639071,0.0790345,0.0357582,-0.00578359,0.0378203,-0.318923,0.000363433,-0.025138,-0.161683,0.801695,-0.0195586,-0.022215,-0.0212774,0.693131,-0.03218,-0.00575056],[0.0594915,0.127718,0.00101503,-0.0367226,0.0570933,0.0846224,0.0592241,-0.00449122,0.176781,0.608403,0.00274185,0.0101731,-0.192827,0.134514,0.570908,0.0109346],[-0.175335,0.0065901,-0.150183,0.153789,-2.73403,-2.14557,0.335526,-0.0538698,-0.272421,5.51549,0.0730529,-0.0376424,1.55203,-0.142621,0.481323,1.26501],[-0.0223384,-0.0399743,-0.0157581,0.0068119,-0.237606,-0.307543,0.0174198,0.0394213,-0.743728,2.09255,0.0929757,0.0638507,0.464441,-0.208565,0.298528,0.0144838],[0.00591304,-0.0249325,-0.0692028,0.0365991,0.0650198,-0.0417478,0.00608984,0.0033185,-0.100716,0.129237,-0.0189469,-0.0106703,-0.123673,0.0845688,0.0382032,0.00657418],[-0.012096,-0.0458078,0.108839,0.00947585,-0.209202,0.418192,-0.034833,0.00396009,0.0426157,0.381283,0.013872,0.00395778,0.0991835,0.0351617,-0.0596976,-0.0332655],[-0.0250855,-0.0963281,-0.116851,-0.0309521,-0.888511,-0.723329,0.0956083,0.0328021,-0.124447,1.31523,-0.007335,0.0228042,-0.721411,-0.461893,0.415234,-0.00525409],[-0.0106732,0.00387829,0.00936454,0.00276942,0.187344,-0.00700952,0.00415859,-0.00628618,0.0305375,0.0586961,-0.0116562,-0.00936749,-0.00897284,-0.0160546,0.0171674,-0.0017709],[-0.000318548,-0.00352877,0.0204056,-0.00415963,-0.174042,-0.0377805,-0.00295259,0.0010676,-0.0042433,-0.000253334,0.00159132,0.00163147,0.0366514,0.02639,-0.0311473,-0.00160825],[0.153502,0.113546,0.262522,-0.0614795,0.701393,0.333411,0.189497,-0.0295459,-0.734936,2.99549,5.91862e-05,-0.0111191,0.10526,0.134172,1.07908,-0.0203651],[-0.314021,-0.171213,-0.70465,-0.0991298,0.156154,1.61166,-0.0865926,0.0862228,1.3674,-6.23082,-0.0477134,0.000620331,-2.05306,-1.10841,-0.123408,0.00191192],[-0.000248728,0.00396357,0.0235343,-0.0056352,0.192597,0.0257582,-0.00522682,-0.0111677,-0.0796517,-0.243729,-0.00872283,-0.0138526,0.215927,0.0149406,-0.128963,-0.000355897],[-0.00232081,0.00335303,0.00447452,-9.39885e-05,0.0468847,0.0470983,-0.00331053,-0.000707817,0.0304028,-0.0121158,-0.000645208,-0.00117121,0.0267409,0.0133151,-0.00476977,-0.000388175],[-0.00403367,0.0288615,0.0347225,0.0239057,-0.635081,-0.636142,-0.076252,0.00930604,0.0738708,-0.02468,-0.0516149,-0.0239735,-0.523561,-0.195041,0.216694,-0.0236686],[-0.0402332,-0.0403108,0.0877891,0.0749029,-1.74069,-1.3106,-0.124187,0.00440367,-0.243694,3.11487,-0.125778,-0.156158,0.574282,-0.184006,0.240604,-0.035136],[-0.0087972,0.00170054,0.00514111,-0.00157904,-0.168717,-0.0219351,-0.00833304,-0.00198044,0.00663718,0.0468639,-0.0115121,-0.00601647,-0.0476696,-0.0301753,-0.0557323,0.00125977],[0.00689671,-0.00460328,0.060057,-0.0406996,-0.156526,0.2798,0.0208583,-0.000452827,0.0140951,-0.134153,0.0196364,0.0226169,-0.0590991,0.126951,0.124364,0.00554477],[0.0148138,0.0310141,0.0371493,-0.00244107,0.260204,-0.0545424,0.0252167,-0.00628013,-0.160899,0.0427086,0.0231462,0.0253322,-0.135852,0.0169056,0.32024,0.0179674],[0.154145,0.105415,0.136529,-0.119366,1.95747,0.855267,-0.137256,0.0132157,-0.14047,-1.82778,-0.0296101,0.0563823,-0.890474,0.215466,-0.121313,-0.1711],[-0.00456779,-0.0629909,0.175557,0.111571,-0.41669,-0.68506,-0.0485989,0.0456607,-0.0930319,-1.79925,-0.033939,-0.0210915,-0.204269,0.055691,-0.300744,-0.00527555],[0.0224111,0.0158955,-0.0867449,0.0295464,-0.746623,-0.648366,0.0137471,0.00732556,-0.0105201,0.226627,-0.0182488,-0.0138943,0.00571894,0.0639359,-0.0362425,0.00859028],[-0.0163025,0.0414264,0.00639345,-0.00350945,-0.109233,-0.0739824,-0.00995671,0.00721159,0.0274563,0.00588742,0.00326039,0.0107404,-0.206494,0.0783397,0.0314536,-0.00624965],[-0.106082,-0.154784,-0.0866581,0.0320986,0.205083,0.44454,-0.00345096,0.00340303,0.0992158,-0.42788,-0.0233987,-0.00215103,-0.318637,-0.207934,0.00956088,-0.0069823],[0.00359446,-0.00290573,0.00218777,-0.00319962,0.169178,0.0647002,-0.00324903,0.00110417,-0.0263314,-0.0368017,-0.000306261,-0.00109327,-0.00147395,-0.00696801,-0.0099295,2.74608e-05],[0.00245571,-0.00748963,-0.0148814,0.00268891,0.192072,0.231575,-0.00485682,0.00161909,-0.0146467,-0.13576,-0.00152167,-0.00239245,-0.032471,-0.000241639,-0.0230719,-0.000524335],[0.0343477,0.0893196,-0.0391823,-0.10249,-0.363312,-0.141984,0.118765,-0.00412435,-0.166622,2.28415,-0.006305,0.00558676,0.114498,0.144643,0.429364,-0.0376836],[-0.211003,-0.282363,-0.111726,0.0918843,-1.7917,-2.93443,0.0247543,0.0498621,0.260262,0.686972,0.0436157,0.0151088,0.211297,-0.673348,0.19316,-0.00750536],[0.00606974,-0.0167204,-0.0214205,0.0107361,-0.173305,-0.183208,0.0170283,0.00305405,-2.36215e-05,0.307992,0.00341389,-0.00516135,0.0350268,0.00670858,0.0488857,-0.00209555],[0.000468414,0.00179911,0.00109562,0.000515047,-0.0250008,-0.0285916,-0.000131686,0.00151164,0.00105107,-0.0636296,-0.00116787,-0.00070229,-0.00725094,-5.99889e-05,-0.00109378,0.000104944],[0.0280689,0.131136,0.115655,-0.0222089,0.898577,0.127365,-0.030097,-0.0787208,0.135188,1.9917,0.00337057,-0.00825559,0.804862,0.201206,-0.113054,-0.0493658],[-0.0291395,0.164055,0.349733,-0.165691,0.934609,0.44867,-0.026532,0.00939712,0.348147,2.23367,0.0408078,-0.00189022,0.488783,0.087699,-0.128064,-0.00487638],[-0.00809428,-0.00460166,0.00583005,-0.00255358,0.0422732,-0.0341165,-0.00327271,-0.00181091,-0.0319441,-0.0938176,0.000403929,-0.00193533,0.053971,-0.00707747,-0.000784864,0.00129285],[-0.0158966,0.0374818,0.00655075,-0.0467826,-0.0769984,-0.155236,-0.0022224,-0.00293783,0.0372825,0.224525,0.0187318,0.0194246,-0.144257,0.0232131,-0.032214,0.00243371],[-0.0121503,-0.00734963,0.0367041,-0.022535,-0.0548839,0.171248,-0.019326,-0.00365352,-0.0208866,0.0404337,0.00544648,-0.000797692,0.0907487,-0.00790596,-0.0689597,0.00977026],[-0.0556516,-0.0457944,-0.226414,-0.0583457,0.434754,0.970605,-0.179594,0.0650155,0.0468192,-3.63835,-0.0110398,0.00850951,-0.0970868,-0.222013,-0.320265,-0.148786]],"sigmahat":[[0.118618,0.0623803,0.0894807,-0.0250118,0.183653,-0.0938411,0.047145,-0.00831316,-0.179418,0.756098,0.0186644,0.0160239,-0.0141042,0.115621,0.11705,-0.00054803],[0.0623803,0.421565,0.121659,-0.231349,-0.0793278,-0.0519162,0.0646062,-0.0743783,0.0985271,-0.0757625,0.0192352,0.0254069,-0.454771,0.44078,-0.122694,0.0203586],[0.0894807,0.121659,0.552182,-0.103409,0.0545942,0.0145146,0.0144121,-0.0410542,-0.184693,0.0689961,0.0149664,-0.018345,0.193594,0.247653,-0.145105,-0.00668635],[-0.0250118,-0.231349,-0.103409,0.224868,-0.0559798,-0.148854,-0.0236424,0.0405947,-0.0345798,0.177173,-0.0223892,-0.0226708,0.516331,-0.229373,0.129413,-0.0131625],[0.183653,-0.0793278,0.0545942,-0.0559798,20.3961,11.3228,0.0845319,-0.180034,-0.271045,1.4686,0.0969274,0.0207619,2.6191,0.684469,0.0875359,0.0177387],[-0.0938411,-0.0519162,0.0145146,-0.148854,11.3228,13.5557,-0.128795,-0.164729,0.294831,-4.41861,-0.0765368,-0.0518057,-0.222939,0.728952,-0.937228,0.0138569],[0.047145,0.0646062,0.0144121,-0.0236424,0.0845319,-0.128795,0.137091,-0.0224457,-0.149466,1.55229,0.0249565,0.0122936,0.234035,0.120926,0.362448,0.00468839],[-0.00831316,-0.0743783,-0.0410542,0.0405947,-0.180034,-0.164729,-0.0224457,0.0452127,-0.0686293,-0.180583,-0.00153654,-0.00269661,-0.00996775,-0.100904,0.0128206,-0.00376746],[-0.179418,0.0985271,-0.184693,-0.0345798,-0.271045,0.294831,-0.149466,-0.0686293,3.68307,-4.64887,-0.133629,-0.0995426,-0.213613,0.407006,-0.321477,0.0174322],[0.756098,-0.0757625,0.0689961,0.177173,1.4686,-4.41861,1.55229,-0.180583,-4.64887,90.0802,1.01059,0.336308,14.2917,0.596023,8.31379,0.0884828],[0.0186644,0.0192352,0.0149664,-0.0223892,0.0969274,-0.0765368,0.0249565,-0.00153654,-0.133629,1.01059,0.0639418,0.0459744,0.143239,0.0459097,0.116046,0.00884323],[0.0160239,0.0254069,-0.018345,-0.0226708,0.0207619,-0.0518057,0.0122936,-0.00269661,-0.0995426,0.336308,0.0459744,0.051933,-0.149223,0.0274879,0.0669535,0.00809983],[-0.0141042,-0.454771,0.193594,0.516331,2.6191,-0.222939,0.234035,-0.00996775,-0.213613,14.2917,0.143239,-0.149223,10.2234,0.217288,1.38877,-0.0338928],[0.115621,0.44078,0.247653,-0.229373,0.684469,0.728952,0.120926,-0.100904,0.407006,0.596023,0.0459097,0.0274879,0.217288,1.22926,-0.0551572,0.0250797],[0.11705,-0.122694,-0.145105,0.129413,0.0875359,-0.937228,0.362448,0.0128206,-0.321477,8.31379,0.116046,0.0669535,1.38877,-0.0551572,2.3898,-6.69704e-05],[-0.00054803,0.0203586,-0.00668635,-0.0131625,0.0177387,0.0138569,0.00468839,-0.00376746,0.0174322,0.0884828,0.00884323,0.00809983,-0.0338928,0.0250797,-6.69704e-05,0.0119233]],"n":16,"lags":3}