{"betahat":[[1.84318,0.228328,3.80351,0.894118,9.8968,5.16624,-0.695472,0.0262294,-4.21694,0.254706,-1.30322,35.3596,0.619857,0.226701,5.27567,2.43758,0.0502461,3.806,1.30651,-0.528695],[1.10918,0.0430632,0.0987545,-0.115252,0.47157,0.062789,0.0643107,-0.0325353,0.148737,0.0149885,0.0478289,1.7832,-0.00707075,0.0149411,0.0238527,-0.0286777,-0.0105092,0.269802,0.144328,-0.00698286],[0.0783649,1.04394,0.0435043,-0.0334442,0.960983,0.567548,0.041495,-0.0102985,0.0463005,0.0155229,0.120536,2.31721,0.0472345,-0.00620846,1.07355,0.114464,0.00241636,0.512354,0.288423,-0.00162313],[-0.0222315,-0.0444198,0.906334,-0.00251088,0.358996,-0.126003,-0.0352087,0.00899981,-0.00223916,0.014839,-0.0289424,-0.0257663,-0.031472,0.00416169,-0.143273,-0.0689584,0.00514083,-0.295552,-0.0533162,0.0221761],[0.0791873,0.083523,0.205619,0.947123,0.980923,0.725559,-0.0572587,-0.0271473,-0.165128,-0.00714117,0.08639,-0.0420829,-0.0172352,-0.0812849,1.01935,0.12368,-0.00879934,-0.450868,-0.317749,-0.0145398],[0.00261042,-0.00254294,0.00367622,-0.0020823,0.69416,-0.010875,0.00169722,0.00378947,-0.0281032,-0.000529423,-0.00229953,-0.0496513,0.0105189,0.00790002,-0.00772374,0.0168583,0.000717712,0.00717783,-0.00369943,0.000868822],[0.00523671,0.020287,-0.018465,-0.00403545,-0.0230235,0.753983,0.00776117,-0.00330602,0.0189702,0.000697752,-0.00807046,0.456159,0.00193006,0.00336487,0.0486326,0.0293705,0.000679028,0.0496723,0.0560592,0.00140868],[-0.0847492,-0.0524055,-0.301938,0.00532279,0.033571,0.320753,0.692899,0.00526236,0.473663,-0.00807453,0.350263,-0.958299,-0.0218297,-0.0207798,-0.717593,-0.00710261,1.80367e-07,-0.349433,-0.964427,0.0162716],[0.565523,0.667072,0.940397,-0.231204,3.08771,2.02484,-0.025987,0.857368,-2.02556,0.0942121,0.00528035,6.80776,-0.0268775,-0.0260649,2.42803,0.860725,-0.0353303,1.8204,-0.394251,-0.0185204],[7.27408e-05,0.0106541,0.0253726,-0.00988987,0.0149292,-0.0177083,-0.00304208,0.00508271,1.03776,0.00851826,0.00621576,0.228888,-0.000860742,0.0023163,-0.145888,-0.109624,-0.000101931,-0.0510546,0.0905899,0.0138151],[0.334376,-0.0239698,0.610063,-0.176779,1.8647,0.636236,0.158339,-0.0231487,-0.880754,1.18591,-0.19118,2.05669,-0.0574014,-0.0863265,1.8926,0.14613,0.0407939,-0.772806,0.0310087,0.620479],[-0.0193185,-0.0687055,-0.100747,0.0291884,0.742649,0.54062,-0.0224795,-0.000741291,0.126547,-0.01195,0.959426,1.63556,-0.0486294,-0.0624208,0.554974,0.0798043,-0.00444345,0.0105644,0.0934054,0.0143479],[0.000281474,-0.00234601,-0.00807752,-0.00163208,0.0021852,-0.00674578,0.00487803,0.000155465,-0.00210954,-0.000258217,0.00124545,1.00282,-0.00159779,0.000723837,-0.0410289,0.000958069,-0.000657326,-0.00308404,0.00542654,0.00215951],[0.00313199,-0.174484,-0.0511548,-0.0388593,-0.799673,0.214645,0.092827,0.0386844,0.104167,0.0257821,-0.376275,-2.76585,0.978776,-0.0153799,0.20267,-0.726211,0.0210569,0.534059,-0.226425,0.0714206],[0.0554837,0.0245903,-0.181382,0.107238,0.22751,0.963214,-0.0344426,-0.00523078,0.223192,-0.00723094,0.00326819,-2.51596,-0.0447356,0.967431,-2.29266,-0.301735,0.00499413,-0.601676,-0.282514,0.0575718],[0.0211778,-0.00256588,0.0327197,0.00638232,0.106609,0.0588345,0.00404217,0.00389485,-0.0113983,0.00444167,0.0141118,0.106584,0.0104951,0.00551728,1.10116,0.00401399,-0.00101871,0.0430689,0.0272059,0.00510069],[0.0263716,-0.0101064,-0.00973008,0.0262309,-0.316072,-0.1994,0.0222633,0.00200761,0.0756004,-0.00161622,0.0140304,0.339657,-0.0154272,-0.0140163,-0.245987,0.924172,-0.000935648,-0.192544,0.115067,-0.011119],[-0.285813,-0.236195,-0.398347,0.563725,-3.7617,-6.992,0.608129,-0.063215,1.38052,0.205156,-1.33931,9.14798,0.252949,-0.0406987,2.68773,-0.362113,1.28788,1.75847,1.04774,0.30493],[0.0486428,0.104636,0.117704,0.00435081,0.0491549,-0.0502096,-0.00405226,-0.0155201,-0.0371315,-0.00237982,-0.0315431,0.568876,0.0134024,-0.00795152,0.315232,-0.00765396,0.00152694,0.770631,0.0283826,0.0107573],[0.031142,0.0840089,0.00534566,-0.029548,0.203303,0.00264921,0.0370635,-0.00379937,0.0854012,0.0196157,0.0173138,1.04445,0.0158677,0.00932819,-0.00892229,0.00829886,0.00524054,0.0927813,0.429562,0.00690049],[-0.119442,0.0461316,-0.134175,0.198013,-0.288205,0.84316,-0.0382604,0.0156189,0.169504,0.0120186,-0.0157146,-2.601,-0.089499,-0.0348613,-0.419902,-0.0994398,0.00561617,0.34877,-0.115348,0.679294],[-0.108554,-0.0207957,-0.195512,0.0445636,-0.405118,0.292964,-0.0479082,0.018075,-0.0948263,-0.0188478,-0.0802668,-1.24619,0.0195385,0.0209029,-0.370123,0.0165794,0.00732741,-0.414182,0.0545864,-0.0351584],[-0.0694794,-0.0769585,-0.0121709,0.0236287,-0.135059,0.223597,-0.0542242,0.00575754,-0.0368004,-0.00475495,-0.0968761,-2.49626,-0.0202343,0.0134345,-0.896879,0.0456387,-0.0034897,-0.385748,-0.150936,-0.0113908],[0.00355694,0.0109054,0.0546991,0.00916308,-0.274496,0.18007,0.020494,-0.00566521,0.0590439,-0.0207462,0.0595597,-0.468585,0.0150296,0.00847862,-0.201616,0.00606894,-0.00254343,0.141807,0.00664781,-0.00766998],[-0.0345918,0.0272517,-0.243766,0.0255077,-1.23282,-1.12101,0.0358974,0.0145482,-0.0189881,0.00849159,-0.10164,2.31999,0.0102765,0.0317419,-1.07904,-0.196529,0.0044568,0.114445,0.23989,0.0272361],[-0.0122565,0.00229732,-0.0093817,0.00295929,0.123433,-0.00510404,-0.000546065,-0.0042549,0.0494861,-0.000831879,-0.00614666,-0.0258692,-0.011003,-0.00434494,-0.0578154,0.00410851,-0.000730847,-0.0256127,0.0142822,0.00241148],[-0.000913092,-0.0118674,0.0255973,-0.00161831,-0.106345,0.0364733,-0.00111664,0.00218973,-0.0138019,0.000670286,0.0117639,-0.168507,0.000346767,-0.00346761,0.0434172,-0.027737,-0.000138662,-0.0277569,-0.0405481,-0.00543515],[0.0232589,-0.00621412,0.308819,-0.0170132,-0.185919,-0.122061,0.260708,-0.00030999,-0.353661,-0.00832011,-0.342576,0.60613,0.040017,0.0786427,0.0210488,0.0889668,-0.000483541,0.178666,0.781396,-0.00047205],[-0.381489,-0.29556,-1.06324,0.0944953,-0.536791,0.988922,-0.0372501,0.0439932,1.65524,-0.110135,0.196713,-7.98846,-0.0672326,-0.0423243,-2.74473,-1.09112,0.0244789,-1.23886,-0.23777,-0.0370198],[-0.00457913,-0.00965699,0.0123791,0.0073536,0.0548292,0.148896,-0.00215024,-0.00694364,-0.0408287,-0.00646233,0.0125243,-0.457137,-0.00243108,0.00233554,0.0469286,0.102198,0.0012447,0.0176141,-0.11167,-0.00109486],[-0.13187,0.129684,-0.337101,0.160809,-1.2431,0.24705,-0.12537,-0.00631024,0.791615,-0.17976,0.0683549,-3.85968,-0.0205184,0.0737407,-1.90367,-0.0869761,-0.0314947,0.0592023,-0.0671072,-0.255624],[0.00532123,0.0628486,0.0601548,-0.0482139,-0.900067,-0.447931,-0.0250904,0.00893517,-0.0567611,0.000500019,0.157349,-1.78532,0.0234008,0.0548007,-0.715169,0.0316504,0.00112592,-0.116845,-0.0775843,-0.0124646],[-0.00238807,0.000732092,0.00169901,0.00306763,-0.00724927,0.0181058,-0.00407192,3.18718e-05,0.00725391,-0.000369654,0.000327361,-0.0460052,0.000599603,0.000182653,0.00914072,0.00395134,0.000241662,0.001607,-0.00656484,-0.0030583],[0.00363806,0.0607416,-0.0442986,0.00932107,0.0576455,0.00218776,-0.0750609,-0.00070242,0.236734,-0.00744608,0.340717,0.937364,-0.072191,-0.0470743,-0.116079,0.195116,-0.0113388,-0.0852538,0.212088,-0.0118293],[0.00802529,0.00383326,-0.132508,-0.0830562,-0.244736,-1.3234,0.0694125,-0.0126034,-0.224191,0.0374563,0.0174632,2.87756,-0.00234401,-0.0289751,1.9798,0.151316,0.00334399,0.93233,0.285744,0.0676825],[-0.0155939,0.00063971,-0.0159716,-0.00288242,-0.106937,-0.0265546,-0.00496196,-0.00123024,0.0229582,-0.00563954,-0.00396255,-0.166139,-0.0110187,-0.0030411,-0.109196,-0.0043663,-8.03814e-05,-0.0400889,-0.0268574,-0.00406514],[-0.0359509,-0.0111668,-0.0183541,0.00373937,0.172521,0.189137,-0.0208632,-0.0122975,0.0377934,0.00188624,0.000868065,-0.657686,-0.00079043,0.00179048,0.131694,0.0153209,-0.00272626,0.0759868,-0.121523,0.00487533],[0.177454,0.290739,-0.00798923,-0.372835,1.96688,4.70995,-0.475006,0.0699389,-0.963375,-0.197052,0.702851,1.41926,-0.155031,-0.0854756,-1.74292,0.403069,-0.23855,-0.665184,-0.853992,-0.102691],[-0.00594608,-0.00611868,-0.0161243,-0.0179857,-0.0918464,-0.0383841,0.00101762,-0.00241324,-0.0017361,-0.00153804,0.000396179,-0.981729,-0.0171652,0.00187605,-0.267652,0.0418032,-0.00247524,-0.118821,-0.0722779,0.00389446],[-0.00273497,0.0118227,0.0266909,-0.000975857,0.158829,-0.0174787,0.0178128,-0.00460566,-0.106569,0.00553664,0.0298969,-0.744727,0.0203707,0.0309305,-0.273551,-0.0419102,0.00669508,0.000328105,0.228484,0.00574426],[0.0851261,-0.00375316,-0.0578746,-0.253488,-0.128244,-0.365938,0.0355558,-0.000191951,-0.569919,0.0107089,-0.0679424,0.851884,0.0865483,0.0724311,0.213427,0.001129,-0.00482622,-0.226125,0.519001,0.108171],[-0.000666443,-0.022289,0.0966781,0.070673,-0.0666127,-0.355891,-0.0163733,0.0144635,-0.0538147,0.00385655,0.0324577,-0.537491,-0.0124788,-0.0358359,0.346075,0.0122398,0.00318504,0.14428,-0.198839,0.0421498],[-0.00893232,0.0329802,-0.0313933,0.00980624,-0.826106,-0.791298,0.012741,0.00454905,-0.00945596,-0.0107713,-0.0236358,0.178355,-0.0270101,-0.00722076,-0.176835,-0.15999,0.00107635,-0.12669,-0.137491,0.0130193],[0.0186352,0.033482,0.0388297,-0.00666261,-0.0846489,-0.0542601,0.0147593,-0.00332888,-0.0568009,0.00590645,-0.0306354,0.494026,0.0164312,-0.0126208,0.344554,0.0630672,-0.00259486,0.153597,0.0467695,-0.0144976],[-0.0446069,-0.110776,0.0380939,0.0273446,0.251828,0.395349,0.0213946,0.0126025,0.184187,-0.00134701,0.0152664,-2.27786,0.00696126,0.0495511,0.0597717,0.0729606,0.00434559,0.336403,0.0780108,-0.0126842],[0.00952021,0.000186389,0.0054943,-0.000897821,0.181221,0.0153536,-0.00110913,0.000482216,-0.0212523,0.00134324,0.00847927,0.0742507,0.000460184,-0.00353359,0.0648196,-0.0207794,1.91319e-05,0.0181575,-0.0105382,-0.0032679],[-0.00441088,-0.00846561,-0.00727028,0.00563251,0.128522,0.208595,-0.00661679,0.00113484,-0.00516442,-0.00137189,-0.00364742,-0.288379,-0.0022958,0.000107183,-0.092298,-0.00148729,-0.00053366,-0.0220994,-0.0155083,0.00403497],[0.0613947,0.0585825,-0.00686693,0.0116738,0.151696,-0.198747,0.0463358,-0.00495348,-0.11983,0.0163824,-0.00755293,0.350545,-0.0182138,-0.0579167,0.696781,-0.082045,0.000486198,0.170492,0.182859,-0.0158081],[-0.143779,-0.302692,0.0220474,0.137066,-2.19556,-2.6446,0.0668347,0.0429535,0.53313,-0.0227768,-0.13221,1.08493,0.0764308,0.0578081,0.227167,0.186141,0.00668743,-0.153284,0.535692,0.0282701],[0.00384514,-0.00123671,-0.0381697,0.00244002,-0.0724105,-0.132421,0.00510816,0.00200847,0.0025068,-0.00217247,-0.0181962,0.216689,0.00313444,-0.00473094,0.0970274,0.00739261,-0.00109972,0.0324736,0.0209278,-0.0124748],[-0.149297,-0.0278476,-0.414972,0.0399238,-0.580118,-0.992461,0.0243636,0.0199412,0.468197,-0.10139,0.104735,1.33372,0.070882,0.10722,-1.57897,-0.227734,-0.0171607,0.617166,0.200559,-0.36828],[0.0136546,0.00567509,0.0398941,0.019164,0.155477,-0.0946306,0.0476917,-0.00811308,-0.0695257,0.0114001,-0.116985,0.141252,0.0252167,0.00766016,0.159669,-0.111561,0.00336908,0.105751,-0.0152466,-0.00163976],[0.00159395,0.00276475,0.00503325,-0.00197552,-0.00354962,-0.0162436,-0.000597559,-8.07043e-05,-0.00136439,0.000714504,0.00164161,-0.0155782,0.00057628,-0.00062119,0.0254823,-0.0089936,0.000355109,-0.0025872,-0.00330263,0.000445995],[0.0428539,0.0220678,0.253306,0.00705202,0.605987,-0.0591063,0.00283556,-0.0345547,-0.206633,0.0296384,0.0354607,3.00736,0.0447955,0.00368187,0.516982,0.273357,-0.00603093,-0.263541,0.0163703,0.0362594],[-0.125928,-0.0353126,0.251785,-0.0419816,0.0467909,0.60065,-0.0739676,0.0254887,0.168162,-0.0325473,-0.0192123,-0.679287,0.012808,-0.0147567,0.220422,0.193949,-0.00153346,-0.374467,-0.155181,-0.136392],[-0.00577252,0.00145687,-0.0178789,-0.00339976,-0.0040318,-0.0358251,0.00174071,-0.00262767,-0.00986355,0.00109663,-0.010585,0.0467243,0.000389664,-0.00196099,0.00019192,0.0018271,0.00111208,-0.00535467,0.00213125,-0.000534716],[0.00947191,0.0212563,0.0277648,-0.029989,0.14289,0.00965431,-0.00113745,0.0102336,-0.113032,-0.000276925,-0.0147667,0.320529,0.0163039,0.0122764,0.115624,0.0605133,0.00367714,0.116253,0.00785657,0.00643833],[0.0521209,-0.0346724,0.25864,-0.200667,1.95518,2.08008,-0.0991006,0.0212012,-0.400233,-0.0698326,0.635815,-6.79346,-0.0261725,0.0389702,2.10985,-0.281466,-0.132632,-0.961788,-0.201454,-0.107231],[-0.0189969,-0.0178464,0.0125264,-0.0242103,-0.0508222,0.0225432,0.00521843,-0.00639045,-0.000608417,0.0028039,-0.0166342,0.155335,0.00420424,0.00583274,-0.119521,-0.0552606,-0.00134951,-0.0810037,0.00555124,0.00278579],[-0.0277704,-0.0201707,0.0172741,0.000481284,-0.187815,0.133699,-0.0209904,-0.00218702,-0.00570987,-0.000634393,-9.76393e-05,-0.315182,0.00366364,0.00569679,-0.0581945,-0.00279408,0.0041563,-0.132718,-0.0536542,0.00581692],[-0.0329084,-0.0710212,0.000689903,0.0878234,0.100685,-0.729369,-0.0103848,0.000624159,0.175384,-0.036381,-0.0269334,0.19414,-0.0192818,-0.0294447,-0.138088,-0.00880017,-0.00517935,-0.291235,-0.411032,0.0960027]],"sigmahat":[[0.188007,0.0433892,0.192046,-0.0135018,0.684654,0.0149197,0.0665064,-0.000852751,-0.287558,0.036624,-0.00248829,2.5533,0.0414253,-0.00776201,0.953503,0.0379382,-0.000778355,0.365052,0.224412,0.0430855],[0.0433892,0.17079,0.00508183,-0.0590194,0.186734,0.0143066,0.0139096,-0.0159873,0.0285776,-0.00284336,0.0359101,0.332803,-0.00432316,-0.0150583,0.209746,-0.000958606,-0.00204282,0.0668569,0.0347339,-0.00333251],[0.192046,0.00508183,0.908992,-0.0161218,0.671229,0.268946,0.0682217,-0.0100523,-0.37973,0.0590532,0.0251274,3.10824,0.0427726,-0.0248822,1.47136,0.324894,0.000933466,0.420326,0.162498,0.104373],[-0.0135018,-0.0590194,-0.0161218,0.13224,-0.0398739,-0.0428476,-0.0219362,0.00171562,-0.00741142,-0.00418727,-0.0233388,-0.490196,-0.00570785,-0.00109925,-0.106686,-0.0546197,0.000515647,-0.00281762,-0.0615231,-0.0046546],[0.684654,0.186734,0.671229,-0.0398739,16.9681,7.65546,0.229563,-0.128573,-0.783281,0.171308,-0.387109,9.18841,0.21228,-0.0540356,5.3979,0.669594,0.0124674,1.93447,0.724818,0.144655],[0.0149197,0.0143066,0.268946,-0.0428476,7.65546,11.8619,-0.150582,-0.0870793,0.314499,-0.0428609,-0.018144,-6.50112,-0.0372682,0.0139419,-1.61236,0.27154,-0.00999915,0.216606,-0.505285,0.048619],[0.0665064,0.0139096,0.0682217,-0.0219362,0.229563,-0.150582,0.167849,-0.010167,-0.135008,0.0230863,-0.10237,2.55586,0.0334556,0.0113015,0.600221,-0.029334,0.00431179,0.204055,0.419492,0.01549],[-0.000852751,-0.0159873,-0.0100523,0.00171562,-0.128573,-0.0870793,-0.010167,0.0227883,-0.0423116,0.00214977,-0.00224081,-0.14885,0.00288763,0.00282761,-0.074324,0.00649351,0.000778557,0.0173661,-0.0150159,0.00190565],[-0.287558,0.0285776,-0.37973,-0.00741142,-0.783281,0.314499,-0.135008,-0.0423116,3.19922,-0.115747,0.301676,-5.81834,-0.147159,-0.0454393,-1.81404,-0.126037,-0.0119364,-0.329398,-0.380737,-0.0425294],[0.036624,-0.00284336,0.0590532,-0.00418727,0.171308,-0.0428609,0.0230863,0.00214977,-0.115747,0.0303244,-0.0181828,1.21483,0.0172007,-0.00807575,0.499325,-0.0209636,0.00210875,0.0737505,0.0838132,0.0159053],[-0.00248829,0.0359101,0.0251274,-0.0233388,-0.387109,-0.018144,-0.10237,-0.00224081,0.301676,-0.0181828,0.528292,-2.6125,-0.0205393,-0.00513251,-0.261517,-0.00494936,-0.00606808,0.03333,-0.291427,0.00406299],[2.5533,0.332803,3.10824,-0.490196,9.18841,-6.50112,2.55586,-0.14885,-5.81834,1.21483,-2.6125,162.98,1.58672,-0.283719,34.8694,-0.0845839,0.0511829,8.8115,10.9798,1.10424],[0.0414253,-0.00432316,0.0427726,-0.00570785,0.21228,-0.0372682,0.0334556,0.00288763,-0.147159,0.0172007,-0.0205393,1.58672,0.0696729,0.0360154,0.511196,-0.0274008,0.00177265,0.128164,0.18929,0.0180841],[-0.00776201,-0.0150583,-0.0248822,-0.00109925,-0.0540356,0.0139419,0.0113015,0.00282761,-0.0454393,-0.00807575,-0.00513251,-0.283719,0.0360154,0.0720117,-0.491088,-0.0410775,0.000158251,-0.012324,0.0673574,0.00844609],[0.953503,0.209746,1.47136,-0.106686,5.3979,-1.61236,0.600221,-0.074324,-1.81404,0.499325,-0.261517,34.8694,0.511196,-0.491088,23.1236,0.0876973,0.0404112,3.22542,2.44444,0.227784],[0.0379382,-0.000958606,0.324894,-0.0546197,0.669594,0.27154,-0.029334,0.00649351,-0.126037,-0.0209636,-0.00494936,-0.0845839,-0.0274008,-0.0410775,0.0876973,2.4336,-0.00786325,0.404863,0.0533347,-0.0543617],[-0.000778355,-0.00204282,0.000933466,0.000515647,0.0124674,-0.00999915,0.00431179,0.000778557,-0.0119364,0.00210875,-0.00606808,0.0511829,0.00177265,0.000158251,0.0404112,-0.00786325,0.00244193,0.00392075,0.0116784,0.00190989],[0.365052,0.0668569,0.420326,-0.00281762,1.93447,0.216606,0.204055,0.0173661,-0.329398,0.0737505,0.03333,8.8115,0.128164,-0.012324,3.22542,0.404863,0.00392075,3.01033,0.853017,0.0992386],[0.224412,0.0347339,0.162498,-0.0615231,0.724818,-0.505285,0.419492,-0.0150159,-0.380737,0.0838132,-0.291427,10.9798,0.18929,0.0673574,2.44444,0.0533347,0.0116784,0.853017,2.32608,0.101685],[0.0430855,-0.00333251,0.104373,-0.0046546,0.144655,0.048619,0.01549,0.00190565,-0.0425294,0.0159053,0.00406299,1.10424,0.0180841,0.00844609,0.227784,-0.0543617,0.00190989,0.0992386,0.101685,0.130152]],"n":20,"lags":3}