{"betahat":[[0.11759,-0.689017,0.52996,0.936576,0.232421,-0.472921,-0.310697,0.233886,-0.146336,3.02879,-0.0319821,-0.125356,1.65651,-0.449962,0.894421,-0.0970106],[1.02595,0.103402,-0.156379,-0.125843,0.562644,0.959331,0.0252983,-0.0843098,0.858297,-0.556052,-0.0577865,-0.0403539,-0.327225,0.1384,-0.00412634,-0.00815631],[-0.0270651,1.0089,0.139456,-0.0661676,0.601878,0.603976,-0.019757,-0.00674882,0.0909278,-0.121543,0.0381259,0.0276437,0.095485,-0.152674,0.0133882,-0.0139236],[0.03,0.00906026,0.890699,-0.0105072,0.309778,-0.320441,0.0415762,-0.0102664,-0.0950297,-0.402975,-0.0145832,-0.0121651,0.0540816,-0.109332,0.0178948,0.0387851],[0.133088,0.248764,0.183903,0.99236,0.678228,0.271331,-0.0949196,-0.0302691,0.0362574,-0.74318,0.0311508,-0.0184447,1.03365,0.673408,-0.393917,0.01227],[0.00693076,-0.00339806,-0.0108574,0.00219266,0.642544,-0.0619999,-0.00185335,0.0058819,-0.00551505,-0.0123312,0.0117703,0.00977683,0.0180203,0.0193785,-0.00670945,0.00156766],[-0.00180945,0.0123631,-0.00584646,0.000567072,-0.0158533,0.809639,0.00824564,-0.00291328,0.0194299,0.12204,0.000517718,0.00166005,-0.0101578,-0.0242292,0.0551187,0.00225081],[-0.182622,-0.183915,-0.200828,0.156157,-0.514981,-0.360236,0.695349,0.0325211,0.892994,-5.04209,0.00428117,0.00159415,-0.235425,-0.281799,-1.45862,0.0578246],[0.560467,0.515471,0.843516,0.0082219,1.46156,1.21902,0.0655391,0.845018,-1.60424,5.63917,0.00921413,-0.0109243,2.04497,1.92727,-0.125243,0.0150723],[-0.0060944,0.0177573,0.00191318,-0.00756768,-0.046821,0.13657,-0.0119702,0.00689042,1.0837,-0.11457,0.00396395,0.0186152,-0.265754,-0.0201636,0.0793471,0.00268614],[0.00174965,-0.00529314,-0.00567644,-0.000573152,-0.0201394,-0.0177012,0.00304349,-0.000680213,-0.0276891,1.0549,0.00136113,0.00157406,-0.0195656,-0.0150791,0.004062,0.000323639],[-0.0060082,-0.184037,-0.145345,-0.0603048,-0.360488,0.565767,0.115574,0.0608943,0.247169,-2.7894,0.978271,-0.01209,-0.371163,0.0542493,-0.200936,0.0854458],[0.0483244,-0.14144,-0.350228,0.0654426,0.857948,1.07284,0.109135,-0.00150736,0.0653434,-6.32669,0.053651,1.11049,-0.97622,0.122014,-0.316505,0.045585],[0.0172577,0.00467319,-0.0083729,0.00365071,0.119059,0.0488949,0.0139201,0.002852,0.0189967,0.0856329,0.0111352,0.00766171,0.996548,0.0412014,0.0599927,-0.0025421],[0.0622925,0.0752089,0.0405182,-0.00404891,0.0501211,-0.272313,-0.00075647,-0.0240909,-0.160418,0.674674,-0.0218886,-0.0243343,0.00368908,0.705051,-0.0437907,-0.00602621],[0.0593278,0.126405,-0.00105665,-0.0339734,0.0889061,0.0913599,0.0575625,-0.00508751,0.167367,0.609719,0.00635862,0.0140675,-0.189455,0.137329,0.569948,0.0110353],[-0.183848,-0.0424987,-0.188379,0.154794,-2.69301,-1.92319,0.336942,-0.0401468,-0.162196,5.90493,0.0583382,-0.0539514,1.68397,-0.139906,0.533554,1.26342],[-0.0249185,-0.0478613,-0.0179101,0.0198171,-0.213513,-0.314362,0.0169471,0.0420294,-0.739935,2.11738,0.090001,0.0602315,0.517714,-0.200079,0.305805,0.012655],[0.00688942,-0.0275701,-0.0555284,0.0390968,0.0710993,-0.00678115,0.005948,-0.000494777,-0.0939932,-0.0824025,-0.018776,-0.0127147,-0.12112,0.0846204,0.0196801,0.00510995],[-0.0163887,-0.0579387,0.102354,0.0193991,-0.163955,0.420463,-0.0322785,0.00403404,0.0451518,0.466922,0.0121967,0.00239115,0.152972,0.0177217,-0.0448956,-0.032205],[-0.0270836,-0.105133,-0.116084,-0.0168246,-0.938174,-0.715592,0.0965266,0.027439,-0.141492,1.10194,-0.00710006,0.0253709,-0.784269,-0.481356,0.386403,-0.00546372],[-0.0101137,0.00664819,0.0091807,0.000924223,0.186733,-0.00711792,0.0053185,-0.00687294,0.026465,0.0456145,-0.0114415,-0.0089308,-0.0144474,-0.0138274,0.0164023,-0.00168771],[-0.000807618,-0.00501217,0.0212509,-0.0034078,-0.181204,-0.0367388,-0.00349499,0.00159298,-0.0045415,0.0102181,0.00065248,0.00063594,0.0360141,0.0253123,-0.0327209,-0.00177449],[0.148963,0.0912262,0.236618,-0.051913,0.924502,0.472092,0.193588,-0.0261053,-0.699188,2.96365,0.00376972,-0.00728894,0.185729,0.126821,1.09217,-0.0182327],[-0.326913,-0.184183,-0.673913,-0.105362,0.385642,1.64634,-0.0844902,0.086581,1.38987,-6.21855,-0.0507752,-0.00806774,-2.04933,-1.09757,-0.111074,-0.00464195],[0.000316314,-0.00404868,0.020345,-0.000870142,0.210661,0.0387506,-0.00544835,-0.00945561,-0.0832243,-0.225964,-0.00799273,-0.0137431,0.227908,0.010827,-0.124167,-0.00095814],[-0.00212294,0.00370238,0.00464271,5.10457e-05,0.0432855,0.0449482,-0.00297432,-0.000691649,0.0287193,-0.00296153,-0.000290228,-0.000814319,0.0272191,0.0150371,-0.00335389,-0.000300324],[-0.0100716,0.0133557,0.044956,0.0320827,-0.543168,-0.409818,-0.086732,0.00998181,0.0131991,-0.467074,-0.0498871,-0.0279665,-0.521106,-0.20422,0.163207,-0.0267541],[-0.0413188,-0.0367738,0.0629193,0.0828903,-1.67031,-1.37506,-0.10726,-0.00109413,-0.289996,3.38577,-0.116994,-0.14194,0.524651,-0.187473,0.264786,-0.028088],[-0.0098387,-0.000838531,0.00326029,-0.000843713,-0.16365,-0.0196755,-0.00970752,-0.00171738,0.00735131,0.0109273,-0.0108169,-0.00546879,-0.0490519,-0.0347455,-0.0596839,0.00124923],[0.00894129,0.00438141,0.0620723,-0.0424593,-0.140942,0.271943,0.0223847,-0.0031624,0.0284103,-0.0900683,0.0205216,0.0229342,-0.0453318,0.141968,0.117812,0.00572134],[0.0142086,0.0319644,0.0319763,-0.000761048,0.274209,-0.0503649,0.0240022,-0.00724432,-0.149362,0.00526198,0.0213914,0.0240583,-0.139034,0.0156228,0.301664,0.0166218],[0.15964,0.136875,0.167579,-0.112809,1.74175,0.654373,-0.145765,0.00848367,-0.21098,-2.63345,-0.0164045,0.0671286,-1.02891,0.183369,-0.177925,-0.164657],[-0.00103356,-0.0555516,0.174273,0.106035,-0.34911,-0.644992,-0.0422336,0.0422791,-0.118408,-1.56128,-0.0322117,-0.0198717,-0.190508,0.0616576,-0.301649,-0.00449721],[0.020175,0.0186562,-0.0839389,0.0270808,-0.672954,-0.597216,0.0138165,0.00724324,0.00300802,0.203916,-0.0193472,-0.0149235,0.0256127,0.0680323,-0.0330632,0.00881471],[-0.0136106,0.0488601,0.00692013,-0.0088776,-0.145807,-0.100066,-0.00928053,0.00623106,0.0497918,-0.0638021,0.00239208,0.0097835,-0.20708,0.0915785,0.0270494,-0.00657902],[-0.106001,-0.143641,-0.0678341,0.0244734,0.25998,0.444234,-0.00159409,0.00282955,0.105191,-0.358718,-0.0240475,-0.0069194,-0.2494,-0.192069,0.00755022,-0.00680454],[0.0031793,-0.00326378,0.00165227,-0.00310349,0.170558,0.068976,-0.00344681,0.000990054,-0.0210437,-0.0330405,-0.000319367,-0.000834503,-0.00359439,-0.00558327,-0.0096374,0.000122834],[0.00261284,-0.00736051,-0.0154203,0.00285372,0.196944,0.226932,-0.00473864,0.00131999,-0.0149877,-0.132091,-0.0011638,-0.00228774,-0.0258623,-0.00111404,-0.0223685,-0.000474446],[0.0336567,0.0926715,-0.0358131,-0.104224,-0.409417,-0.111846,0.111061,-0.00641437,-0.193815,2.07812,-0.00805556,0.00569818,0.0496793,0.154939,0.366413,-0.0395875],[-0.213337,-0.27934,-0.141073,0.0847173,-1.74364,-2.76227,0.027439,0.0495014,0.206172,0.652055,0.0466618,0.0227941,0.114469,-0.705143,0.201379,-0.0093253],[0.00575615,-0.0137445,-0.022318,0.00847438,-0.163981,-0.175491,0.0174824,0.0025723,-0.00123501,0.341227,0.00408099,-0.00481486,0.0375216,0.00921308,0.0450403,-0.0017266],[0.000366765,0.00176693,0.000957706,0.00058063,-0.0239717,-0.0282452,-0.00019088,0.00136347,0.000212799,-0.0599823,-0.00116586,-0.000774809,-0.00751941,-0.000110364,-0.00120413,-1.54627e-05],[0.0253553,0.138057,0.11468,-0.0142367,0.835921,0.0798034,-0.0328766,-0.0760837,0.133677,2.05691,0.00575199,-0.00811292,0.829933,0.20263,-0.128661,-0.0466665],[-0.00889412,0.186805,0.335657,-0.169282,0.960007,0.479095,-0.0258388,0.00778827,0.358532,2.34394,0.0410574,0.00164355,0.486774,0.108947,-0.101427,-0.0117706],[-0.00741073,-0.00405175,0.00474264,-0.00271802,0.0435314,-0.0302044,-0.00390181,-0.00117286,-0.0271611,-0.0934413,-0.000186574,-0.0020101,0.0517915,-0.00684916,0.00109884,0.00128745],[-0.016687,0.0338865,0.0044036,-0.0450602,-0.0902797,-0.145606,-0.00228819,-0.00214222,0.0344853,0.215825,0.017029,0.018097,-0.146224,0.0204858,-0.034629,0.00296635],[-0.0114171,-0.00378689,0.0392396,-0.0231884,-0.0486238,0.175647,-0.0173673,-0.00426428,-0.0196177,0.0301745,0.00567716,-0.000133325,0.084955,-0.00390849,-0.0669252,0.0102249],[-0.0557763,-0.0364278,-0.224412,-0.0721434,0.605839,1.02158,-0.169882,0.0585997,0.0755052,-3.36026,-0.0183909,0.00567742,-0.104381,-0.189465,-0.304056,-0.151567]],"sigmahat":[[0.119222,0.0631331,0.0866626,-0.0242166,0.178645,-0.091338,0.0463162,-0.00768346,-0.181016,0.775129,0.0188307,0.0164925,-0.0222777,0.117987,0.11504,-0.000463751],[0.0631331,0.423284,0.122954,-0.229225,-0.0640908,-0.0417601,0.0629423,-0.0738424,0.099736,0.0107358,0.0219686,0.0278133,-0.457038,0.444012,-0.123472,0.0210608],[0.0866626,0.122954,0.556156,-0.104023,0.0580577,0.0277911,0.00923644,-0.0405637,-0.185358,0.137629,0.0168208,-0.0170501,0.188745,0.24329,-0.15684,-0.00720961],[-0.0242166,-0.229225,-0.104023,0.222616,-0.0617226,-0.155325,-0.0216388,0.0394456,-0.034304,0.119151,-0.0242324,-0.0238155,0.505152,-0.22864,0.130906,-0.0134212],[0.178645,-0.0640908,0.0580577,-0.0617226,21.0243,11.7268,0.0881886,-0.175976,-0.330891,1.36301,0.0960232,0.0142648,2.82871,0.715576,0.103477,0.0232564],[-0.091338,-0.0417601,0.0277911,-0.155325,11.7268,13.8605,-0.13514,-0.159435,0.273072,-4.7602,-0.0772665,-0.0569049,-0.130713,0.741229,-0.978558,0.0147608],[0.0463162,0.0629423,0.00923644,-0.0216388,0.0881886,-0.13514,0.138898,-0.0227388,-0.145943,1.60241,0.0264237,0.0139917,0.234987,0.120336,0.371281,0.00531092],[-0.00768346,-0.0738424,-0.0405637,0.0394456,-0.175976,-0.159435,-0.0227388,0.0453863,-0.070461,-0.195615,-0.00185057,-0.00299291,-0.0196068,-0.10048,0.00979341,-0.00393146],[-0.181016,0.099736,-0.185358,-0.034304,-0.330891,0.273072,-0.145943,-0.070461,3.77129,-4.86279,-0.137557,-0.105114,-0.171034,0.415843,-0.306618,0.0174035],[0.775129,0.0107358,0.137629,0.119151,1.36301,-4.7602,1.60241,-0.195615,-4.86279,90.3252,1.04384,0.37327,14.1486,0.63108,8.30548,0.0984836],[0.0188307,0.0219686,0.0168208,-0.0242324,0.0960232,-0.0772665,0.0264237,-0.00185057,-0.137557,1.04384,0.0651417,0.0465159,0.14799,0.049913,0.119027,0.00914141],[0.0164925,0.0278133,-0.0170501,-0.0238155,0.0142648,-0.0569049,0.0139917,-0.00299291,-0.105114,0.37327,0.0465159,0.0521356,-0.147672,0.0306158,0.0720233,0.00807811],[-0.0222777,-0.457038,0.188745,0.505152,2.82871,-0.130713,0.234987,-0.0196068,-0.171034,14.1486,0.14799,-0.147672,10.3583,0.224867,1.37444,-0.0312047],[0.117987,0.444012,0.24329,-0.22864,0.715576,0.741229,0.120336,-0.10048,0.415843,0.63108,0.049913,0.0306158,0.224867,1.24636,-0.0533412,0.0265826],[0.11504,-0.123472,-0.15684,0.130906,0.103477,-0.978558,0.371281,0.00979341,-0.306618,8.30548,0.119027,0.0720233,1.37444,-0.0533412,2.4233,8.84146e-05],[-0.000463751,0.0210608,-0.00720961,-0.0134212,0.0232564,0.0147608,0.00531092,-0.00393146,0.0174035,0.0984836,0.00914141,0.00807811,-0.0312047,0.0265826,8.84146e-05,0.01221]],"n":16,"lags":3}