{"betahat":[[0.633349,0.629513,1.12447,0.215789,2.27402,0.127944,-0.124783,0.0365368,1.07804,-0.0617245,1.37546,2.42567,0.136362,-0.0306309,3.36737,2.91057,0.0445244,0.0859396],[1.07094,0.0445519,-0.139439,-0.0972989,0.70562,0.98304,0.0443177,-0.0792243,0.608347,-0.021953,0.131159,1.69784,-0.0381209,-0.0532508,0.223892,0.236024,0.144154,0.00534242],[0.0456393,1.02223,0.162447,7.74106e-05,1.08216,0.718186,-0.00644893,-0.0101298,-0.0713201,0.00412147,0.0773285,2.0664,0.0604747,0.0121507,0.837929,0.430617,0.153367,-0.00481082],[-0.0242769,-0.135212,0.782318,0.104144,-0.166297,-0.754617,0.0117567,0.00978557,0.0274576,0.0192065,-0.0503894,-1.62155,-0.0488344,-0.0130353,-0.271033,-0.74516,-0.005857,0.0188045],[-0.00886464,0.15718,0.163969,1.01989,0.651343,0.501147,-0.197605,-0.0475966,0.17392,-0.046334,0.179106,-5.56713,-0.0308986,-0.0412198,0.281401,-1.05431,-0.861215,-0.0490152],[0.00718165,0.00154416,-0.0105546,-0.00274837,0.630006,-0.0437365,-0.00152712,0.00538937,-0.00824827,-0.00175864,0.00303166,0.036345,0.0131431,0.0102831,0.0324599,0.0271906,-0.00841416,0.00060501],[0.000447081,0.0142773,-0.000547138,-0.00177022,0.0296061,0.797718,0.00917391,-0.00413287,0.00641424,0.000507303,-0.0114349,0.136814,-0.000414392,4.21719e-05,-0.0142566,-0.00466546,0.0561778,0.00268722],[-0.101046,-0.0475855,-0.248893,0.0613861,0.209462,0.0844895,0.694013,-0.0036499,0.972898,0.016292,0.664074,-1.38818,-3.87773e-05,-0.0327339,0.710625,0.422662,-1.43357,0.0705534],[0.544835,0.580777,1.04919,-0.18064,2.04519,1.7709,-0.0141245,0.844586,-2.12563,0.106165,0.0238774,5.06649,-0.0168322,-0.035215,1.72584,1.6864,-0.332098,-0.0235729],[-0.00922206,0.00464725,-0.000242466,-0.0085806,-0.0907663,0.148549,-0.00630516,0.00410644,1.04638,0.00737077,0.00997983,-0.34417,-0.000370208,0.0166568,-0.401958,-0.115046,0.062254,0.0046661],[-0.105889,-0.138868,-0.026378,-0.0200867,2.66494,2.41907,0.0999537,-0.0922155,-0.93329,1.16709,-0.172613,-5.25229,-0.0480345,-0.222309,0.688245,-1.15358,-1.30835,0.259077],[-0.0166526,-0.0900588,-0.116285,0.0625218,0.832747,0.636722,-0.00395921,0.00210398,0.0137128,-0.00487757,0.898831,1.8421,-0.0550855,-0.0624462,0.503942,0.120226,0.104705,-0.00808452],[0.00216462,-0.00271013,-0.00335541,-0.000232974,-0.0135728,-0.00701743,0.00238983,-0.000857818,-0.0205417,0.000181007,0.00899083,0.986157,0.000873529,0.002147,-0.0231522,-0.00756879,0.00423944,0.000408648],[0.00461724,-0.207724,-0.210246,0.0161353,-0.168767,0.757747,0.0830794,0.0760218,0.277691,0.0363266,-0.604136,-2.7665,0.985182,0.00288966,-0.158627,0.373192,-0.0926452,0.0828976],[0.117938,-0.0152489,-0.33343,0.0259079,0.477337,0.463206,0.186269,-0.0251639,0.123764,0.0130914,0.171212,-6.67938,0.0797241,1.15236,-1.53614,-0.0850404,-0.240386,0.0498275],[0.010872,-0.0220598,-0.0145349,0.0161061,0.122229,0.0447274,0.00856202,0.00715116,-0.00960065,0.000580725,0.00477035,-0.0392582,0.0097342,0.00838837,0.965545,0.0495452,0.0563822,-0.00376462],[0.0462583,0.111318,0.0928855,-0.00310737,0.142011,-0.0723317,0.00369152,-0.0141652,-0.0407394,-0.00108145,-0.0245697,0.84517,0.00955496,-0.00381012,0.276266,0.840718,0.0315125,0.00183013],[0.0281903,0.107299,-0.0095578,-0.042209,0.0295658,0.0638387,0.0555226,-0.00255219,0.15747,0.0123536,-0.035238,0.466691,0.00134605,0.00860037,-0.282784,-0.181123,0.521581,0.00394997],[-0.066514,-0.192588,-0.218047,0.301578,-2.45932,-2.24967,0.250641,0.0867682,-0.591313,0.0718351,-1.01246,8.80705,0.12306,0.0706849,1.49851,2.30171,1.4063,1.18623],[-0.039609,0.00547733,-0.0415641,0.0110369,-0.407969,-0.414853,0.0113995,0.0359281,-0.525794,0.0106135,-0.185206,-0.239112,0.07222,0.0800003,0.0880939,-0.29628,0.2149,0.0002669],[-0.0419053,-0.0549837,-0.0476868,0.00354419,-0.137615,0.128889,-0.0106196,0.00545799,0.0107825,-0.000987558,-0.0642077,-2.84771,-0.0321096,0.0135153,-0.833166,-0.269125,-0.0341497,-0.00219945],[0.0332988,0.0446494,0.182341,-0.0560039,0.145622,0.722018,-4.41295e-05,-0.0114908,-0.0122036,-0.00871067,0.0896298,0.400964,0.0231281,0.00554791,0.199211,0.413366,0.00520427,-0.0272224],[0.102715,0.0293323,-0.125841,-0.097173,-1.23254,-1.42269,0.210105,0.0283338,-0.408214,0.0362451,-0.176201,6.18414,0.0341501,0.0208946,-0.177243,0.186062,0.735965,0.0368562],[-0.0131492,-0.000404537,0.0061433,0.00673774,0.188958,-0.0196799,0.00408099,-0.00629494,0.0307856,0.00130927,-0.0140357,-0.0106315,-0.0136087,-0.00999939,-0.0335394,-0.0422334,0.014483,-0.00137116],[-0.00446576,-0.0120742,0.0180576,0.00104794,-0.24876,-0.0502376,-0.00490707,0.00322391,0.00361874,-0.000778091,0.0158076,0.0456439,0.00130292,0.00138945,0.051757,-0.00498159,-0.0282411,-0.00194881],[0.0873043,-0.0303734,0.305636,0.015679,0.0222265,-0.00615926,0.150121,0.00853545,-0.764617,-0.0129129,-0.60627,0.446166,0.0260879,0.0420881,-0.560186,-0.6065,1.03818,-0.0251269],[-0.368537,-0.2713,-0.909774,-0.0152909,0.279855,1.80444,-0.0651083,0.088445,1.65893,-0.0691348,0.0309366,-4.8642,-0.0796793,-0.0416672,-2.11188,-1.35448,-0.173544,0.000127542],[-0.000718111,-0.00332004,0.0237652,0.00495011,0.255885,0.0663091,-0.00826007,-0.00772761,-0.0510593,-0.00650629,0.017042,0.0736637,-0.00438792,-0.0132399,0.385306,0.0741663,-0.106135,-0.000826743],[0.0685809,0.360658,0.13819,-0.0407166,-3.03948,-1.35537,0.0228644,-0.0303355,2.35997,-0.140313,0.331225,6.73869,-0.0306388,0.0675658,0.392852,0.513549,0.966638,-0.123314],[0.0289036,0.0742708,0.0777547,-0.0667485,-0.964748,-0.622492,-0.035232,0.0105996,-0.0545374,0.00868208,0.207062,-1.38032,0.0346939,0.0603783,-0.67961,-0.159773,-0.0251405,0.00141022],[-0.00182742,-0.00155883,0.00321647,0.00289433,0.0297474,0.0229839,-0.00328204,0.000732907,0.0189348,-0.000490591,-0.00465104,0.0499651,9.03151e-05,-0.000818016,0.0204204,0.0241704,0.000905188,-0.000837487],[-0.00763683,0.0593808,0.0423461,-0.0152746,-0.508627,-0.64629,-0.0481257,0.0065834,-0.0768136,-0.0149296,0.542361,-0.421368,-0.0826476,-0.0582106,-0.89734,-0.380449,0.141989,-0.0408364],[-0.0668128,0.0390536,0.057352,0.00653628,-1.44391,-0.932252,-0.149102,-0.029907,-0.319912,0.00208489,0.0853608,3.13625,-0.149252,-0.19208,1.08138,-0.123908,0.0269118,-0.0303812],[-0.00287489,0.0090885,0.00669023,-0.00127728,-0.180764,-0.0314988,-0.00447385,-0.00248665,0.0180034,-0.00220252,-0.00424081,0.165567,-0.0107067,-0.00596952,-0.0432804,-0.0174234,-0.0302772,0.00114692],[-0.0120114,-0.00770596,-0.0209673,-0.0218067,-0.205284,-0.0360315,-0.0134642,-0.00193375,0.0244796,-0.0044964,0.0147743,-1.56629,-0.0245667,-0.00264824,-0.430183,-0.0950246,-0.145765,-0.00678387],[0.0026289,0.0267963,0.0276725,-0.000477509,0.184249,-0.151325,0.0127443,-0.00171671,-0.135439,0.0168849,0.0538123,-0.44318,0.0209602,0.0312317,-0.248887,-0.0562752,0.313292,0.00988866],[0.166979,0.177389,0.244155,-0.188833,1.9744,0.834979,-0.0195324,-0.0781484,-0.500441,-0.0243058,0.303555,-1.60539,-0.108519,-0.0543237,-1.04456,-0.991411,-0.382186,-0.146717],[-0.0313317,-0.0500355,0.180996,0.0862664,-0.297705,-0.568196,-0.0557134,0.0432968,-0.0825469,0.0113391,0.0540367,-1.45861,-0.0340971,-0.0267476,-0.311982,0.0602536,-0.359028,-0.00560863],[-0.0037385,0.0327417,-0.114766,-0.0036161,-0.944602,-0.847082,0.01707,0.00467317,0.0605357,-0.00313427,-0.0131311,0.781396,-0.0283631,-0.0256644,-0.00475895,-0.161492,-0.119202,0.00701085],[-0.00902497,0.0905548,0.0353296,-0.0481344,0.0206163,0.0325845,-0.0117065,0.00170586,-0.0152585,-0.0104965,-0.0392551,1.22076,0.0257097,0.00749073,0.0718306,0.331789,0.000687739,0.00841863],[-0.093853,-0.186518,-0.0381337,0.0772892,0.581134,0.921531,-0.0124955,0.0192638,0.234301,0.0100883,-0.00291418,-0.616855,-0.00324893,0.0203273,-0.104154,0.868249,0.125282,0.0121599],[0.00596125,-0.00114866,0.0043985,-0.0039816,0.180901,0.0633613,-0.00254776,0.000906793,-0.0225457,0.000449175,0.0109838,-0.0254856,0.000470264,-0.000279927,0.00109619,0.0150348,-0.00603036,0.000767523],[0.00401211,-0.00221151,-0.0175191,0.000730587,0.219039,0.252447,-0.00426368,0.000910754,-0.01005,0.000271022,-0.00438898,-0.182262,-0.000884949,-0.00142923,-0.0374785,0.0096432,-0.0279099,-0.000737356],[0.01373,0.0779409,-0.0567512,-0.0770559,-0.231838,-0.0783422,0.155863,-0.00488177,-0.208253,-0.00337957,-0.0578047,0.942096,-0.026049,-0.0093539,-0.150448,0.183834,0.3954,-0.0454249],[-0.170437,-0.301958,-0.13305,0.196022,-2.27133,-3.51381,0.0797146,0.0599974,0.466685,-0.0376955,-0.0585109,-0.0551995,0.0981306,0.0765041,0.461561,-0.298839,0.505203,0.0235094],[0.00992521,-0.00134186,-0.0235619,0.00365793,-0.16523,-0.21485,0.0145848,0.00363294,0.00445594,-0.000865601,-0.0271299,0.271384,0.00478455,-0.00339693,0.0166866,0.040942,0.0440363,-0.00383608],[0.0869933,0.119972,-0.0524766,-0.0963198,1.12886,-0.653044,-0.198283,0.11017,-0.116267,-0.108041,0.438299,-3.04362,0.104269,0.127307,0.240061,1.0315,-0.163178,-0.0921763],[-0.0122581,0.0157725,0.0384698,0.00425887,0.131874,-0.0143277,0.0392389,-0.0127025,0.0407701,-0.00380556,-0.106028,-0.460933,0.0204196,0.00209371,0.175767,0.0395652,-0.0793071,0.00667804],[-0.000400007,0.00429002,0.000139642,-0.00262347,-0.0173654,-0.0168644,0.000853351,0.000119159,0.00186057,0.000314869,-0.00411026,-0.0415161,-0.0010034,-0.00130893,0.00203565,-0.0168715,-0.00542899,0.000420274],[-0.00905378,0.102808,0.173985,-0.0233436,0.526733,-0.0258056,-0.0412161,-0.0838915,-0.00224736,-0.0200582,0.111257,2.03606,0.0539187,0.0268781,0.893941,-0.0991174,-0.172623,-0.0398481],[-0.0577934,-0.0334933,0.292438,-0.0411411,0.980031,0.513927,-0.0487829,0.0586778,0.229117,-0.0118509,-0.240026,3.31452,0.0577516,0.0246594,0.448979,0.209958,0.147214,-0.018344],[-0.00798297,0.0129352,0.00767013,-0.0147808,0.0581219,-0.0134918,-0.00395461,-0.0046802,-0.00835108,0.00160769,-0.000750564,-0.124966,0.00102731,-0.0023438,0.0776934,-0.0321923,-0.0254331,0.00262511],[-0.029184,-0.0246948,-0.000153876,-0.0275309,-0.0965721,0.0437994,0.0098563,-0.00514398,0.010333,0.00209908,-0.0225996,0.256907,0.00728316,0.00446887,-0.105516,-0.140307,0.0287584,0.000150146],[-0.0219764,-0.0366191,0.0312052,-0.00336771,-0.157597,0.139294,-0.0226661,-0.000890685,0.00138068,0.00276347,0.0101674,-0.190072,0.00560411,0.00404991,0.0768256,-0.0773237,-0.0687599,0.00651911],[-0.210018,-0.152253,-0.336559,-0.0192028,-0.116127,1.12386,-0.176429,0.0284343,0.368749,-0.0668141,0.343333,-7.25122,-0.0346903,-0.0142126,-0.454114,-1.67809,-0.791917,-0.0972874]],"sigmahat":[[0.120709,0.0395096,0.0881366,-0.017505,0.324456,-0.0263864,0.0412388,0.000298937,-0.228134,0.00199501,0.00931785,1.21696,0.018462,0.00814824,0.142574,0.211334,0.163793,-0.00183886],[0.0395096,0.201128,0.0308702,-0.0889968,0.219617,0.0355088,0.042005,-0.0235605,0.0199652,-0.00607227,0.0340194,0.333133,-0.00336148,-0.00545471,0.106888,0.0260009,0.0664228,0.00183893],[0.0881366,0.0308702,0.476492,-0.0384001,0.318938,0.133598,0.000760921,-0.0135593,-0.193698,0.0135451,0.0432864,0.61111,0.00717979,-0.0306285,0.516015,0.264885,0.0060502,-0.0111858],[-0.017505,-0.0889968,-0.0384001,0.114723,-0.224678,-0.185867,-0.0173038,0.00795337,-0.0240828,0.00391617,-0.0280836,-0.160493,-0.00557698,0.000312895,0.0572144,0.0532649,-0.021107,-0.00276643],[0.324456,0.219617,0.318938,-0.224678,18.9633,10.2249,0.103041,-0.165071,-0.568799,0.0251564,-0.456439,3.58246,0.169414,0.0607968,2.82348,2.15564,0.221508,0.0391385],[-0.0263864,0.0355088,0.133598,-0.185867,10.2249,12.3199,-0.0898145,-0.135863,0.216025,-0.0450023,-0.0858971,-4.08026,-0.0327513,-0.0159763,0.0403943,1.09725,-0.724931,0.0251883],[0.0412388,0.042005,0.000760921,-0.0173038,0.103041,-0.0898145,0.122706,-0.0162644,-0.154135,0.00720447,-0.102908,1.5991,0.0218891,0.00846553,0.292806,0.0229402,0.354181,0.00101346],[0.000298937,-0.0235605,-0.0135593,0.00795337,-0.165071,-0.135863,-0.0162644,0.0327124,-0.0677064,0.00166435,-0.00355974,-0.162291,0.00439953,0.00298094,-0.103054,0.0566193,-0.0226311,0.000784441],[-0.228134,0.0199652,-0.193698,-0.0240828,-0.568799,0.216025,-0.154135,-0.0677064,3.44089,-0.0673417,0.247953,-6.8847,-0.152756,-0.0870624,-0.909992,-0.219343,-0.454123,0.0152581],[0.00199501,-0.00607227,0.0135451,0.00391617,0.0251564,-0.0450023,0.00720447,0.00166435,-0.0673417,0.0089914,-0.0155227,0.289027,0.00523654,0.00221822,0.0574404,-0.0145615,0.0182366,0.00200887],[0.00931785,0.0340194,0.0432864,-0.0280836,-0.456439,-0.0858971,-0.102908,-0.00355974,0.247953,-0.0155227,0.599907,-2.75647,-0.0249636,0.00442734,-0.494192,-0.0241248,-0.287819,-0.00281714],[1.21696,0.333133,0.61111,-0.160493,3.58246,-4.08026,1.5991,-0.162291,-6.8847,0.289027,-2.75647,116.643,1.43027,0.275719,20.8446,4.37241,8.8897,0.19922],[0.018462,-0.00336148,0.00717979,-0.00557698,0.169414,-0.0327513,0.0218891,0.00439953,-0.152756,0.00523654,-0.0249636,1.43027,0.0628381,0.0399235,0.288292,0.0889045,0.153644,0.00744962],[0.00814824,-0.00545471,-0.0306285,0.000312895,0.0607968,-0.0159763,0.00846553,0.00298094,-0.0870624,0.00221822,0.00442734,0.275719,0.0399235,0.046285,-0.095642,0.00346302,0.0813146,0.00590297],[0.142574,0.106888,0.516015,0.0572144,2.82348,0.0403943,0.292806,-0.103054,-0.909992,0.0574404,-0.494192,20.8446,0.288292,-0.095642,10.4105,1.9048,1.3325,0.0258681],[0.211334,0.0260009,0.264885,0.0532649,2.15564,1.09725,0.0229402,0.0566193,-0.219343,-0.0145615,-0.0241248,4.37241,0.0889045,0.00346302,1.9048,3.36158,0.601457,0.017369],[0.163793,0.0664228,0.0060502,-0.021107,0.221508,-0.724931,0.354181,-0.0226311,-0.454123,0.0182366,-0.287819,8.8897,0.153644,0.0813146,1.3325,0.601457,2.16598,0.0148817],[-0.00183886,0.00183893,-0.0111858,-0.00276643,0.0391385,0.0251883,0.00101346,0.000784441,0.0152581,0.00200887,-0.00281714,0.19922,0.00744962,0.00590297,0.0258681,0.017369,0.0148817,0.00890939]],"n":18,"lags":3}