{"betahat":[[0.137047,-0.643147,0.472336,0.95298,2.00828,0.183334,-0.347886,0.218751,-0.36799,0.2795,-0.0763652,-0.0914075,0.984029,-0.437386,0.40312,-0.0852],[1.033,0.100696,-0.151859,-0.119134,0.681195,0.932823,0.0273952,-0.0855415,0.776054,-0.484805,-0.0567423,-0.0407253,-0.269245,0.125254,-0.00212455,-0.0109654],[-0.021131,1.01147,0.135874,-0.0667971,0.660131,0.609024,-0.0145283,-0.00941944,0.0881471,-0.0841926,0.0357427,0.0252013,0.0774853,-0.156923,0.0300157,-0.014837],[0.0284189,0.0137108,0.896935,-0.0151926,0.279741,-0.315335,0.0406625,-0.0106613,-0.0707621,-0.42594,-0.0161412,-0.0134301,0.0473508,-0.110538,0.0265382,0.0408996],[0.131885,0.242464,0.181618,0.998847,0.762862,0.375001,-0.0949246,-0.0350164,0.0215091,-0.552997,0.0351547,-0.0157588,1.05999,0.672009,-0.373086,0.0117827],[0.00670832,-0.00256917,-0.011825,0.00103215,0.641541,-0.0598375,-0.000357302,0.00566115,-0.00674828,-0.0131279,0.0121604,0.0105004,0.00867587,0.0222334,-0.00491852,0.00180167],[-0.00247132,0.0104151,-0.00621337,0.00212098,-0.0108408,0.811398,0.00698091,-0.00312048,0.0195185,0.146888,0.000557462,0.00138258,0.00209693,-0.0282819,0.0554292,0.0022148],[-0.176316,-0.194281,-0.208763,0.162597,-0.509405,-0.377453,0.711005,0.0365985,0.866395,-4.91147,0.00707198,0.00581165,-0.19453,-0.285386,-1.43239,0.0670485],[0.546603,0.503406,0.796368,0.00647307,1.62129,1.30736,0.0824446,0.845169,-1.62058,5.26757,0.00808239,-0.00690865,1.98612,1.98297,-0.114321,0.0136095],[-0.00468472,0.0157486,0.00069595,-0.00749365,-0.0318943,0.147481,-0.0104835,0.00667209,1.07596,-0.091448,0.00446972,0.0189172,-0.261791,-0.0186188,0.0784864,0.00217352],[0.00192665,-0.00579392,-0.00634399,-1.72871e-05,-0.0159117,-0.0136963,0.00340246,-0.000616455,-0.0292403,1.06755,0.00156632,0.00175091,-0.0194731,-0.0146467,0.00715567,0.000183964],[-0.00293231,-0.192122,-0.115351,-0.0455927,-0.101503,0.770538,0.110015,0.0531586,0.214686,-2.98705,0.990849,-0.00301846,-0.276231,0.0678283,-0.26729,0.085799],[0.0465934,-0.154722,-0.388215,0.0859921,0.711591,0.88595,0.105879,0.00790906,0.025967,-5.87835,0.0548523,1.1095,-0.976492,0.0619485,-0.285891,0.050097],[0.0169135,0.00396021,-0.00770017,0.00313937,0.0990562,0.0386542,0.0124286,0.00322431,0.0171819,0.0595392,0.0107449,0.00753029,0.993774,0.0382262,0.0553063,-0.002695],[0.0582652,0.0722112,0.0325508,0.00153925,0.0696369,-0.229621,-0.00421674,-0.0233861,-0.13065,0.642181,-0.022254,-0.0238027,-0.000322155,0.711341,-0.0596618,-0.006088],[0.0554432,0.124935,-0.00293691,-0.0362682,0.0868126,0.101036,0.054046,-0.00520227,0.179728,0.526365,0.00498638,0.0122743,-0.204043,0.137716,0.549211,0.0106977],[-0.189645,-0.036813,-0.166277,0.156647,-2.75265,-2.05104,0.320752,-0.0357856,-0.166789,5.27186,0.0730843,-0.0429283,1.52734,-0.180973,0.538546,1.26723],[-0.0212381,-0.053394,-0.0182447,0.0247041,-0.241186,-0.258465,0.021413,0.0400067,-0.687842,2.1848,0.0861144,0.0588686,0.490019,-0.200217,0.315317,0.0123639],[0.00405056,-0.024757,-0.0462691,0.0377445,0.0483849,0.0039525,-0.00114182,0.00217132,-0.0860696,-0.101272,-0.0176942,-0.0117855,-0.111624,0.0874445,0.00537002,0.00521976],[-0.0148177,-0.0543676,0.0948309,0.018561,-0.182306,0.366234,-0.0294909,0.00383414,0.035162,0.531722,0.0141607,0.00323191,0.171954,0.0271917,-0.0383027,-0.0334958],[-0.0242837,-0.0894824,-0.110336,-0.0297013,-0.973845,-0.866188,0.0967905,0.0298845,-0.127846,1.00513,-0.00667244,0.0242888,-0.786468,-0.473784,0.369351,-0.00396475],[-0.00987253,0.00646005,0.010674,0.00125525,0.186589,-0.00755436,0.00453358,-0.00669262,0.0306009,0.0449189,-0.0118255,-0.00936197,-0.009797,-0.0126262,0.017493,-0.00175601],[9.64908e-05,-0.00440748,0.0209541,-0.00358074,-0.18131,-0.0368947,-0.00324337,0.00203957,-0.00743893,-0.00234047,0.000675394,0.000743246,0.0316381,0.0245129,-0.0341896,-0.00199989],[0.139218,0.0951161,0.232523,-0.0522137,0.85906,0.47981,0.176524,-0.028182,-0.702798,2.87422,-0.00182173,-0.0111047,0.122589,0.109167,1.05822,-0.0272618],[-0.318967,-0.183718,-0.652547,-0.0933094,0.0362754,1.42611,-0.0896061,0.0913787,1.33268,-5.5925,-0.0484701,-0.0114092,-1.89527,-1.15922,-0.0639245,-0.00490233],[-0.00113675,-0.00273635,0.022686,-0.000646997,0.185927,0.0238358,-0.00479124,-0.00868829,-0.081724,-0.206258,-0.00820578,-0.0143099,0.23589,0.00770981,-0.122818,-0.0005868],[-0.00239745,0.00403033,0.0058897,-0.000415644,0.038249,0.0419753,-0.00325243,-0.000953615,0.0284753,-0.00537537,-0.000344907,-0.000915421,0.0273519,0.0145232,-0.00563044,-0.000222062],[-0.024057,0.0382298,0.00736947,0.0066992,-0.752604,-0.679588,-0.0785516,0.0201388,0.109055,-0.288849,-0.0606988,-0.0354159,-0.628562,-0.214396,0.243275,-0.0231396],[-0.0357033,-0.00995751,0.0852852,0.0640059,-1.63551,-1.19623,-0.103379,-0.0114427,-0.209796,3.06285,-0.115961,-0.138892,0.520595,-0.135515,0.27629,-0.0355046],[-0.00861006,0.00218079,0.00369825,-0.00179253,-0.15416,-0.0157418,-0.00934294,-0.00175305,0.0114417,0.03562,-0.0108296,-0.00558334,-0.0535968,-0.034296,-0.0570488,0.00146436],[0.00655569,-0.00235725,0.0609713,-0.0406213,-0.165893,0.238328,0.0197823,-0.00164572,0.00573486,-0.0882767,0.0214034,0.0237708,-0.0288585,0.131889,0.117946,0.00598735],[0.0150368,0.0336454,0.0339702,-0.00390703,0.273144,-0.0409055,0.0256493,-0.00654945,-0.140954,0.0275396,0.0217498,0.0239979,-0.124352,0.0205512,0.320153,0.0165676],[0.174393,0.124196,0.1677,-0.122807,2.05707,0.942208,-0.121099,0.00209996,-0.215865,-1.84591,-0.0327269,0.0481804,-0.780197,0.283686,-0.183911,-0.171597],[-0.0117569,-0.0473145,0.170093,0.0944357,-0.440127,-0.674427,-0.0487926,0.0455359,-0.0882553,-1.69971,-0.0293652,-0.0181394,-0.220742,0.07495,-0.313123,-0.0013991],[0.0170839,0.0132703,-0.08961,0.0290598,-0.708637,-0.613045,0.0156814,0.00725053,-0.00213516,0.185688,-0.0180414,-0.0134124,0.0341751,0.069465,-0.0353395,0.00961611],[-0.0135962,0.040636,0.00821299,-0.00335787,-0.0975823,-0.051001,-0.0111501,0.00682891,0.0355154,-0.105357,0.00199056,0.0102053,-0.219274,0.0833224,0.0118582,-0.00740482],[-0.107593,-0.152993,-0.0712901,0.0308595,0.210843,0.491098,-0.00184782,0.00513469,0.106294,-0.451783,-0.0284735,-0.00852541,-0.273477,-0.198231,0.00382276,-0.00781874],[0.00316344,-0.00390636,0.00113213,-0.00227798,0.171529,0.0671851,-0.00415386,0.00103339,-0.0239468,-0.0312845,-0.00032122,-0.00112878,0.00114488,-0.00963191,-0.0124767,-4.45687e-05],[0.00237394,-0.00601997,-0.0147509,0.00147018,0.191873,0.225261,-0.00372189,0.00108364,-0.0121826,-0.144108,-0.00122207,-0.0021198,-0.0336832,0.00374325,-0.0211683,-0.000215015],[0.0370745,0.0991745,-0.0237443,-0.110401,-0.349808,-0.102363,0.112452,-0.00840621,-0.163485,2.03654,-0.00527362,0.00528045,0.0718499,0.176168,0.374078,-0.0397889],[-0.20831,-0.273138,-0.122847,0.0794215,-1.56669,-2.66161,0.0225246,0.0464758,0.26902,0.533976,0.048175,0.0217253,0.0621708,-0.708212,0.177908,-0.0077499],[0.00578591,-0.0130869,-0.0234268,0.00819092,-0.154464,-0.171348,0.0153189,0.00201726,0.00514465,0.2986,0.00379958,-0.00454023,0.0254383,0.0107681,0.04456,-0.00157939],[0.000446213,0.00191174,0.000349805,0.000486343,-0.0236065,-0.0294912,-0.000300728,0.00156999,0.00213909,-0.0704781,-0.00131337,-0.000844647,-0.0078451,-0.000128549,-0.00192028,3.68105e-05],[0.0362186,0.112676,0.120096,0.00201676,0.805009,0.149,-0.0355913,-0.0769772,0.0659559,1.97463,0.00553115,-0.00854978,0.820916,0.176026,-0.119928,-0.0487503],[-0.0167444,0.179085,0.351169,-0.171905,1.02655,0.466098,-0.0266622,0.00772394,0.322853,2.28667,0.0397082,-0.00130394,0.50772,0.126737,-0.154201,-0.00798884],[-0.0082988,-0.00633537,0.00374493,-0.00130425,0.0536958,-0.0238547,-0.00275001,-0.00153029,-0.029369,-0.0918339,0.000217626,-0.00178494,0.0592565,-0.00428419,0.00316302,0.00122901],[-0.015298,0.0393363,0.00171185,-0.0479189,-0.0899117,-0.157541,0.000717555,-0.00350311,0.0355817,0.255617,0.0170442,0.0182635,-0.161602,0.0313181,-0.0275957,0.0026075],[-0.0108102,-0.003626,0.0365709,-0.021686,-0.0600984,0.161836,-0.015943,-0.00504131,-0.0211154,0.0585848,0.00452165,-0.000445608,0.0947723,-0.00546181,-0.0672639,0.0100609],[-0.0601224,-0.028028,-0.240365,-0.0606824,0.39553,0.854098,-0.177747,0.0579389,0.0952788,-3.40158,-0.0164396,0.0128426,-0.145183,-0.240537,-0.297631,-0.149398]],"sigmahat":[[0.12006,0.0634776,0.088456,-0.0257859,0.192918,-0.0841561,0.0458827,-0.0077718,-0.188685,0.7641,0.0190063,0.0169386,-0.0320827,0.118828,0.11435,-0.00100416],[0.0634776,0.429338,0.118193,-0.232165,-0.0776635,-0.0616778,0.064391,-0.074361,0.0961663,0.0743509,0.0207087,0.0274296,-0.461102,0.434224,-0.11223,0.0218284],[0.088456,0.118193,0.551899,-0.102311,0.124641,0.0525875,0.0114854,-0.0399141,-0.191006,0.116873,0.0179417,-0.0160885,0.199924,0.243604,-0.153747,-0.00770192],[-0.0257859,-0.232165,-0.102311,0.225304,-0.0721606,-0.163597,-0.0238288,0.0400785,-0.0293043,0.0784874,-0.0232894,-0.0234142,0.511229,-0.223935,0.118477,-0.0136249],[0.192918,-0.0776635,0.124641,-0.0721606,20.9563,11.6471,0.080795,-0.184926,-0.291403,1.34261,0.0886339,0.0090524,2.8164,0.796636,0.0411512,0.0166518],[-0.0841561,-0.0616778,0.0525875,-0.163597,11.6471,13.8602,-0.131123,-0.160302,0.272358,-4.73631,-0.0766208,-0.0575759,-0.0922496,0.815698,-1.00076,0.0133376],[0.0458827,0.064391,0.0114854,-0.0238288,0.080795,-0.131123,0.138871,-0.023017,-0.151306,1.60094,0.0258786,0.0135507,0.226619,0.12054,0.373811,0.00493787],[-0.0077718,-0.074361,-0.0399141,0.0400785,-0.184926,-0.160302,-0.023017,0.0457055,-0.0705552,-0.222226,-0.00154502,-0.0027057,-0.0189692,-0.0971999,0.00853214,-0.00423708],[-0.188685,0.0961663,-0.191006,-0.0293043,-0.291403,0.272358,-0.151306,-0.0705552,3.82604,-4.87183,-0.145356,-0.108706,-0.177424,0.404157,-0.329651,0.0204032],[0.7641,0.0743509,0.116873,0.0784874,1.34261,-4.73631,1.60094,-0.222226,-4.87183,90.8815,1.05212,0.38232,14.0576,0.741703,8.38991,0.0750569],[0.0190063,0.0207087,0.0179417,-0.0232894,0.0886339,-0.0766208,0.0258786,-0.00154502,-0.145356,1.05212,0.0654724,0.0468504,0.148639,0.0500538,0.122214,0.00832759],[0.0169386,0.0274296,-0.0160885,-0.0234142,0.0090524,-0.0575759,0.0135507,-0.0027057,-0.108706,0.38232,0.0468504,0.0523368,-0.148231,0.0296776,0.0755491,0.00774054],[-0.0320827,-0.461102,0.199924,0.511229,2.8164,-0.0922496,0.226619,-0.0189692,-0.177424,14.0576,0.148639,-0.148231,10.3497,0.244976,1.30212,-0.0371733],[0.118828,0.434224,0.243604,-0.223935,0.796636,0.815698,0.12054,-0.0971999,0.404157,0.741703,0.0500538,0.0296776,0.244976,1.25288,-0.0379765,0.0265332],[0.11435,-0.11223,-0.153747,0.118477,0.0411512,-1.00076,0.373811,0.00853214,-0.329651,8.38991,0.122214,0.0755491,1.30212,-0.0379765,2.47766,-0.00229461],[-0.00100416,0.0218284,-0.00770192,-0.0136249,0.0166518,0.0133376,0.00493787,-0.00423708,0.0204032,0.0750569,0.00832759,0.00774054,-0.0371733,0.0265332,-0.00229461,0.012879]],"n":16,"lags":3}