{"betahat":[[2.01784,1.36048,-2.86639,2.67323,-2.20266,-2.3269,1.71883,0.637287,-0.191392,-3.72666,-0.177131,21.2241,0.201802,-0.110768,11.1415,5.88655,2.40562,0.251991],[0.901507,0.26914,0.483417,-0.00595225,0.0371744,-0.213747,0.0702142,-0.00225167,0.0099939,0.0865172,0.0099279,0.695011,0.0228558,0.0150534,0.182457,0.426737,0.166254,-0.000108672],[-0.0464378,0.65558,0.240418,0.494842,0.262957,0.234058,-0.019764,0.0134161,-0.000955869,0.0456244,-0.000783065,0.0306171,-0.0357519,-0.0259939,-0.265534,-0.0775727,0.0369363,-0.0136737],[0.0553433,0.102157,0.773476,0.0947274,-0.0559356,0.202907,0.00250194,-0.00119318,0.00253678,-0.00308804,0.00251804,0.0834259,0.000919938,-0.000488761,0.171347,0.0517018,0.0112675,0.00706592],[-0.0211625,-0.0467182,-0.0114017,0.644679,-0.0347288,0.0342442,0.00272709,0.00144354,-0.00119221,-0.0291307,-0.00120921,0.174113,0.00290242,-0.00299946,0.00354778,-0.0509088,0.00334717,-0.00270144],[0.0729985,-0.0434939,0.114216,0.325446,0.940587,0.312601,0.00427805,-0.00304477,0.00583444,0.0260256,0.00586972,0.826788,0.0225673,0.0198628,0.0378348,0.0429217,0.0663064,0.00672144],[0.0186742,-0.0146774,0.0700349,-0.109039,0.0695376,0.565776,0.0103216,-0.00325521,-0.000241855,0.00155448,-0.000147518,-0.0973198,-0.0039484,-0.000856738,0.0189527,-0.012294,-0.019228,0.00347709],[0.328295,-0.0663557,-0.161901,0.826988,0.629787,-0.491017,0.9799,0.011769,0.0129597,-0.0159863,0.0134336,1.43819,-0.00606932,-0.00402577,0.455113,-0.318028,0.0435482,0.00929463],[-0.0507662,-0.385613,-1.36382,0.462723,-0.0414139,-3.598,-0.302968,0.757202,-0.14861,0.0705734,-0.147646,2.14407,0.0636994,0.0449543,-0.0252163,-0.333889,-0.852712,-0.0141627],[-0.513384,-0.122738,0.485043,-0.187095,-1.85187,1.88137,-0.0121845,-0.0878063,1.14929,0.149513,0.150175,0.593958,0.14095,0.0929884,1.08045,1.12185,0.121456,0.0829588],[0.0684428,0.0760133,-0.0974103,-0.259905,-0.0532695,-0.0638449,-0.0439206,-0.01249,0.0100625,1.13741,0.010271,-1.31003,0.00332903,0.0174558,-0.295935,-0.0879998,-0.0150579,-0.00167602],[-0.500401,-0.157854,0.54982,-0.193183,-1.68828,1.40676,-0.0163068,-0.0842944,0.154079,0.200934,1.15548,-0.271654,0.122495,0.0802457,1.00941,0.966861,0.103641,0.0800299],[0.0026251,-0.00734591,0.00362524,-0.0276473,0.0247873,0.0522929,0.000719168,0.00269578,0.00175831,0.0170757,0.00175677,0.897073,-1.52936e-05,0.000890245,-0.0298657,0.0172679,0.00242796,0.00203565],[0.00146268,-0.131868,-1.06643,1.45316,0.946847,-1.93648,-0.152544,-0.0310198,0.129608,-0.754926,0.130803,-1.63921,0.918184,-0.0156985,-0.525212,1.02286,-0.606815,0.0380053],[0.0802383,0.318985,-0.365652,2.12769,0.812022,-1.51635,0.0530607,0.0119729,0.0935665,0.235326,0.093501,-3.72184,0.0650203,1.0896,-0.634995,0.840779,-0.261725,0.0609355],[0.0193391,0.014757,-0.0653338,0.246273,-0.0304821,0.275812,0.022695,0.00405521,-0.0104425,-0.020345,-0.0103305,-0.401181,0.0063435,0.00673726,0.973522,0.0908858,0.00280214,-0.00172592],[0.0203294,0.0247538,-0.198152,-0.25758,0.105333,0.0380754,-0.0437424,-0.0101635,0.00501853,0.0148641,0.00485471,0.61426,0.0109854,0.0023826,0.115657,0.437183,-0.0158671,0.000476392],[-0.207355,-0.229794,0.456963,0.798719,-0.248612,-0.0443366,0.00626847,-0.0333011,0.00786497,0.165575,0.00731623,-0.432439,0.0235259,0.0375625,-0.744206,-1.00818,0.462252,-0.012128],[0.136484,1.2769,2.93196,2.60634,-0.984731,-1.30007,0.571989,0.0807691,-0.0330008,-0.273735,-0.0321862,8.52045,0.170422,0.0267233,2.31349,1.67089,0.40164,1.01294],[0.144446,-0.0793313,-0.308187,-0.249613,0.0228491,0.680683,-0.0480225,-0.0108033,-0.0173751,-0.0955709,-0.0174685,-1.14802,-0.0414824,-0.0168168,-0.400214,-0.284994,-0.174532,-0.00930768],[0.0559714,0.142147,0.0114378,0.256637,-0.294852,-0.0258992,0.0250224,-0.00495307,-0.00485093,-0.028631,-0.00488055,-0.650014,0.0179536,0.0166622,0.0393639,0.059484,-0.0334863,0.00913627],[-0.0212355,-0.119641,0.143021,-0.0305186,0.0361961,-0.114887,0.0122783,-0.000785326,0.00279153,0.00890775,0.00267711,-0.170898,0.00363343,0.0113878,-0.248086,-0.0817062,-0.00265123,-0.00837471],[0.0100569,0.0320727,0.0604072,0.274821,-0.0283277,0.0399623,0.00593188,-0.000353194,0.0023019,-0.00035447,0.00230583,0.121804,0.00313705,0.00464018,0.0604365,0.0451264,0.0157795,0.00290434],[-0.0479719,0.0431163,-0.181308,-0.289736,-0.0497714,-0.280659,0.00506096,0.00622225,-0.000967959,-0.0667564,-0.000982191,-0.415001,-0.013538,-0.0124278,-0.00638314,-0.0297928,-0.0398359,-0.00324562],[-0.00146726,0.0228714,-0.0280804,0.07762,-0.0847857,0.306809,-0.00828523,0.00110535,-0.00117558,0.0187424,-0.00119501,-0.0397235,0.00443645,0.00560032,-0.060681,-0.0258314,0.0320558,-0.00274914],[-0.0942171,0.0394265,-0.254098,-1.0258,0.018587,-0.152375,0.0232937,-0.00819224,-0.0106956,0.0827045,-0.0113047,-1.01641,-0.0115565,-0.0108505,-0.109024,0.147336,-0.0141487,-0.000232107],[0.0698887,0.0466756,1.50377,0.664358,1.20193,5.56496,-0.0759239,0.0454207,0.0380699,-0.223421,0.0376352,2.24218,-0.0758373,-0.0669625,0.191482,0.133767,0.857957,0.00200225],[0.0887745,-0.012584,-0.40846,-0.274125,0.890077,-0.49261,-0.0279272,0.0394571,-0.131351,-0.075823,-0.131538,2.69384,-0.0705188,-0.0741661,-0.387911,-0.485842,0.0677034,-0.0494209],[0.0288805,0.0274045,-0.160973,0.306374,0.221154,0.360005,-0.00356392,-0.00487348,-0.00928037,-0.221961,-0.00949344,0.301213,-0.00726557,-0.00976307,0.209146,-0.0186468,0.0013774,-0.00233954],[0.138698,-0.0474833,-0.412884,-0.121395,0.959613,-0.527901,-0.0351581,0.0425884,-0.133667,-0.0816144,-0.13512,2.94728,-0.0707628,-0.0699773,-0.398429,-0.457333,0.0880339,-0.0507145],[0.00487124,0.0115755,0.0157985,0.0432546,-0.0232168,0.00599767,0.00297467,-0.000594219,-0.00112411,-0.0050235,-0.00112865,0.0966468,0.000345659,-0.00075112,0.0335122,0.0259035,-0.000575229,-0.00157869],[0.517385,0.0983455,-0.440176,-1.99134,0.372989,3.96316,0.0243816,0.0615529,-0.0661695,0.323217,-0.0671399,-2.96661,-0.0868025,-0.0526496,-1.06273,-0.727859,0.0996151,-0.0503446],[0.230445,0.116923,-1.13587,-2.58685,0.605085,1.49303,-0.0198136,-0.00886839,-0.0590156,-0.574021,-0.0597587,1.28348,-0.131142,-0.185253,0.448065,-0.708467,-0.179285,-0.0338243],[-0.00894128,-0.000436642,0.0935297,-0.100393,-0.00189551,-0.0618582,-0.0109564,0.00284632,0.00456922,0.0104205,0.00452552,0.338823,-0.00620062,-0.00357708,0.0114847,-0.00124166,0.0153148,-0.000727115],[0.0429474,0.0165244,0.0488116,0.0982016,0.156965,-0.229474,-0.00790281,-0.00191469,-0.00533047,0.0156557,-0.00541384,-0.436564,-0.00847505,-0.00117502,-0.162709,-0.0397407,0.0106739,-0.00151087],[0.0657513,0.107417,0.0440707,-0.736728,0.254045,-0.00477385,-0.0215936,-0.0311039,0.0133924,0.152037,0.0133923,-1.26158,0.00294032,0.00774129,-0.426501,-0.0377351,-0.0277019,0.023134],[-0.353145,0.0391526,-1.24214,3.12037,-0.942964,1.70734,-0.4922,0.00140594,0.0778241,0.564661,0.0783391,-3.70952,-0.14702,-0.0670909,-1.24057,0.586222,-0.40326,-0.0230388],[-0.045987,-0.189901,-0.175221,0.255261,-0.059958,-0.467023,-0.0222305,0.0130537,0.00739812,0.00913209,0.00755571,0.453635,0.0186386,0.00176989,0.21771,-0.141771,0.00831375,0.00940705],[-0.00955651,0.202019,-0.251812,-0.751875,0.0320984,-0.208352,-0.00533035,-0.00846232,0.00582918,-0.0168711,0.00568405,0.620525,0.0178143,0.00934244,0.226084,0.0179473,-0.00335034,0.00451196],[-0.0341002,0.0174224,0.0832549,-0.0648281,0.0198559,-0.08808,-0.0147689,0.00198015,-0.00531043,-0.00569708,-0.00517911,0.0875428,-0.00453194,-0.0108792,0.0766272,0.0301457,-0.00859848,0.00130066],[0.0110548,0.0145632,-0.049113,0.0791618,0.0630692,-0.0741815,-0.00865796,-0.00108528,-0.00109445,0.0297053,-0.00108331,-0.296034,-0.006031,-0.00163009,-0.0642913,0.00592003,-0.0191017,-0.000219073],[-0.0251329,0.00035256,0.0671106,-0.0357054,0.108909,-0.032074,-0.00938183,-0.0031783,-0.00484995,0.0407529,-0.00487302,-0.411272,-0.00901658,-0.00743027,-0.0314101,-0.0132057,-0.0264819,-0.00347634],[-0.0172408,-0.00820343,-0.0419593,0.0309379,0.0151892,0.126395,-0.00197216,0.00214907,0.00142168,-0.0201876,0.0013452,0.136132,-0.000480152,-0.00473359,0.0416268,0.0381593,-0.0128502,-0.000731417],[-0.233781,0.0265333,0.416881,0.197385,-0.647043,0.643721,-0.00350258,-0.00359414,-0.0021976,-0.066487,-0.00205874,-0.415773,0.017698,0.0148825,-0.345237,0.171365,-0.0290001,-0.00909951],[-0.155499,0.31583,-0.00155517,-0.678501,-1.21417,-2.07137,0.25751,0.156994,0.116027,0.335436,0.115242,-4.22051,-0.00481167,0.0221826,-0.726596,-0.30363,-0.0456546,0.00964933],[0.267717,-0.122534,0.12469,0.618536,0.900977,-1.32327,-0.0165097,0.00689861,-0.0598703,-0.102745,-0.0606878,-1.2847,-0.0344223,-0.000305689,-0.304967,-1.03575,-0.0571707,-0.033063],[-0.0971614,-0.104187,0.258202,-0.0470854,-0.167125,-0.298017,0.0473341,0.0173537,-0.000727468,0.0844014,-0.000716027,1.01178,0.00399516,-0.0076493,0.0868108,0.106015,0.0138546,0.00395802],[0.284475,-0.0752992,0.0510514,0.43523,0.894012,-1.07754,-0.00769938,0.00147281,-0.0542149,-0.170734,-0.0540631,-1.13636,-0.0280503,0.00347203,-0.298668,-1.02192,-0.0687007,-0.0287727],[-0.0059702,-0.00269062,-0.0127625,-0.00668822,-0.00190651,-0.050222,-0.00344111,-0.00222721,-0.000661119,-0.0106639,-0.00065337,-0.0158576,-0.000390217,-4.15169e-06,-0.00372515,-0.0439667,-0.00222251,-0.000297025],[-0.0134556,0.0282632,1.41956,0.751736,-0.558786,-1.19839,0.00358504,-0.0480888,-0.0399399,0.144167,-0.0399753,-0.0333111,0.01388,0.00100232,0.440022,-0.30761,0.13214,0.0171764],[-0.304821,-0.216054,1.19785,0.180181,-1.56389,-0.300982,0.0530592,0.00562313,-0.0414837,0.0627104,-0.0408786,1.60816,0.025905,0.0369673,0.403541,0.202488,0.2774,0.00243706],[-0.00963917,-0.0161648,-0.0268615,-0.1503,0.0361702,-0.210716,-0.0121658,-0.00706617,0.00597315,0.0115428,0.00590572,0.067665,1.37387e-05,-0.00290051,0.011626,-0.0901504,-0.0167724,0.00217809],[-0.000708136,-0.0167472,0.0677752,0.0257062,0.0759964,0.105668,-0.0127356,0.00197305,-0.0022983,0.029459,-0.00212859,-0.297582,0.00155609,0.00436897,-0.124782,-0.0697891,-0.00169658,0.000573236],[-0.0184369,0.0201959,-0.140258,-0.182623,0.336682,0.0341576,-0.000672379,-0.0126948,0.0145448,-0.0520217,0.0144903,-0.0964992,-0.0159021,-0.0195145,-0.0890881,-0.174063,0.0720297,0.0121768],[-0.511544,-0.565863,-2.05579,-6.69863,0.706737,-0.537742,-0.0363897,-0.0501407,-0.029441,0.507163,-0.0318955,-8.14943,0.0191507,0.0750815,-1.12497,-1.32326,-0.369151,-0.0754247]],"sigmahat":[[1.13729,-0.142121,0.857145,1.46341,1.61997,1.32214,0.0834506,0.00678155,0.0182036,-0.171007,0.0182294,2.47072,0.0338272,0.0257788,0.98863,0.963047,0.2451,0.0316497],[-0.142121,1.46263,-0.830376,-0.398388,-0.275795,0.81103,-0.191366,-0.00748564,-0.0200309,-0.00549358,-0.0198659,-2.53872,-0.0549387,-0.0615775,0.0201559,0.131048,-0.212159,0.0324518],[0.857145,-0.830376,9.40369,5.56095,0.149914,0.310302,0.00212367,-0.0439576,0.0354243,0.640997,0.0352249,6.05926,0.203734,0.0537043,3.58239,0.885276,0.674392,0.0562468],[1.46341,-0.398388,5.56095,27.9846,-0.56686,3.68942,-0.293504,-0.0866372,0.0302291,-0.204361,0.0262523,5.09285,0.221142,0.165219,4.76268,-0.965682,0.142494,0.131679],[1.61997,-0.275795,0.149914,-0.56686,7.66324,-0.627289,-0.202337,-0.0856156,-0.00094302,0.0882113,-0.00145253,-1.12804,-0.134875,-0.0837621,-0.737024,0.193789,-0.119056,0.0110504],[1.32214,0.81103,0.310302,3.68942,-0.627289,33.0499,-0.472629,0.10763,-3.91271e-05,-0.60915,-0.000311685,15.96,0.206745,0.1053,2.12189,4.78754,0.685349,0.117299],[0.0834506,-0.191366,0.00212367,-0.293504,-0.202337,-0.472629,0.392502,0.0149497,0.00181694,-0.200969,0.00183224,0.617112,0.0287944,0.0148011,0.279,0.795426,0.134669,-0.00758016],[0.00678155,-0.00748564,-0.0439576,-0.0866372,-0.0856156,0.10763,0.0149497,0.0351055,-0.00157898,-0.0153711,-0.00155903,-0.0814346,-0.0100937,-0.0121964,0.138216,0.102138,0.0173997,-0.00359873],[0.0182036,-0.0200309,0.0354243,0.0302291,-0.00094302,-3.91271e-05,0.00181694,-0.00157898,0.0192312,0.0105433,0.0177309,0.550156,0.012216,0.00553638,0.0749187,0.0867982,0.015936,0.00570599],[-0.171007,-0.00549358,0.640997,-0.204361,0.0882113,-0.60915,-0.200969,-0.0153711,0.0105433,1.45982,0.0101972,-4.06709,0.0329898,0.0879744,-1.855,-0.350245,-0.133686,-0.00761009],[0.0182294,-0.0198659,0.0352249,0.0262523,-0.00145253,-0.000311685,0.00183224,-0.00155903,0.0177309,0.0101972,0.0192451,0.553301,0.0121547,0.005413,0.0753395,0.0874879,0.0162302,0.00571034],[2.47072,-2.53872,6.05926,5.09285,-1.12804,15.96,0.617112,-0.0814346,0.550156,-4.06709,0.553301,112.936,1.18585,0.106821,20.9725,11.5693,4.49018,0.312501],[0.0338272,-0.0549387,0.203734,0.221142,-0.134875,0.206745,0.0287944,-0.0100937,0.012216,0.0329898,0.0121547,1.18585,0.0536894,0.0345105,0.208225,0.168009,0.0770175,0.0113063],[0.0257788,-0.0615775,0.0537043,0.165219,-0.0837621,0.1053,0.0148011,-0.0121964,0.00553638,0.0879744,0.005413,0.106821,0.0345105,0.0434336,-0.191972,0.00482998,0.0356562,0.00470874],[0.98863,0.0201559,3.58239,4.76268,-0.737024,2.12189,0.279,0.138216,0.0749187,-1.855,0.0753395,20.9725,0.208225,-0.191972,11.0407,3.16214,1.05876,0.0881913],[0.963047,0.131048,0.885276,-0.965682,0.193789,4.78754,0.795426,0.102138,0.0867982,-0.350245,0.0874879,11.5693,0.168009,0.00482998,3.16214,8.21812,0.939474,0.0501112],[0.2451,-0.212159,0.674392,0.142494,-0.119056,0.685349,0.134669,0.0173997,0.015936,-0.133686,0.0162302,4.49018,0.0770175,0.0356562,1.05876,0.939474,0.638652,0.000314698],[0.0316497,0.0324518,0.0562468,0.131679,0.0110504,0.117299,-0.00758016,-0.00359873,0.00570599,-0.00761009,0.00571034,0.312501,0.0113063,0.00470874,0.0881913,0.0501112,0.000314698,0.0160512]],"n":18,"lags":3}