{"betahat":[[-0.0330527,0.759676,-2.14705,2.82368,-3.58985,-5.35188,1.36148,0.473774,-0.17092,-2.50337,8.09446,-0.100422,-0.211641,5.5314,0.865492,1.18775,0.0881658],[0.893965,0.372725,0.568574,0.112158,0.179432,0.220445,0.0304775,-0.0154266,0.0135327,0.1159,0.0455146,0.0152266,0.0111099,-0.0501751,0.315895,0.132628,0.00626541],[-0.0525204,0.671748,0.294265,0.457579,0.337132,0.529866,-0.0404042,0.0115491,-0.00025665,0.11035,-0.205864,-0.0344001,-0.0238688,-0.37982,-0.0406508,0.0324446,-0.0167573],[0.0506269,0.111971,0.745143,0.13061,-0.0243595,0.278304,-0.00145218,-0.00293111,0.00196694,0.00353051,-0.0679596,-0.00246449,-0.002098,0.149977,0.0126043,-0.00747053,0.00659227],[-0.0293592,-0.0564168,-0.0189235,0.613805,-0.0661093,-0.0239977,0.0109981,0.00351824,-0.00142435,-0.0367628,0.228368,0.00296208,-0.00365929,0.0336291,-0.0405431,0.00912183,-0.00394693],[0.0653839,-0.0876578,0.0938442,0.300266,0.918628,0.111215,0.00594937,0.00232473,0.000312057,0.0317571,0.718492,0.0201088,0.0203647,-0.0049046,-0.123262,0.0596645,0.00220075],[0.0134117,-0.0164752,0.0700167,-0.150732,0.0886839,0.535502,0.00601632,-0.00626823,-0.0026278,0.0183983,-0.340664,-0.00632138,0.000741498,-0.0784955,-0.0458772,-0.0326536,0.00199126],[0.348483,-0.0546729,-0.0676723,0.760946,0.837666,-0.729339,0.958536,-0.00496961,0.0370818,0.0722203,1.03657,-0.00457933,0.00340609,0.264716,-0.00734617,-0.0728218,0.0253562],[0.176931,-0.383356,-1.27712,1.69217,-0.118796,-3.0797,-0.232077,0.773966,-0.101216,-0.145047,5.47049,0.137077,0.0782608,1.05987,1.05042,-0.578853,0.0410847],[-0.881858,-0.140847,1.32509,0.3714,-2.46261,3.62092,-0.272204,-0.196373,1.24509,0.335827,-0.226677,0.175483,0.109779,0.677247,-0.0444712,-0.0642777,0.154104],[0.0900517,0.101349,-0.0154447,-0.372269,0.0109428,0.0258605,-0.0566002,-0.0184922,0.0164037,1.23044,-1.58502,0.013693,0.0303491,-0.460592,-0.0105321,-0.05274,-0.000558947],[0.000615617,-0.0165432,0.0185243,-0.0285553,0.040021,0.0780266,-3.80106e-05,0.00296132,0.00177539,0.0219242,0.883283,-0.000673132,0.00023909,-0.0618395,-0.00845843,0.00290604,0.00265055],[-0.455789,-0.153857,-0.993531,1.21077,0.326294,-1.7492,-0.261235,-0.0566808,0.154632,-0.618918,1.31591,1.00402,0.0151913,-0.143318,0.572463,-0.590299,0.0452652],[0.243191,0.15618,-0.332455,3.34168,1.50661,-1.64231,0.0659588,-0.0137551,0.0975354,0.260682,-6.03638,0.0386003,1.10707,-1.0412,0.61929,-0.112052,0.0616754],[0.0361698,0.0300273,-0.0122465,0.378547,-0.0362615,0.284409,0.00649249,0.00356608,-0.0101989,-0.00416934,-0.390163,0.012149,0.0101479,0.971922,0.0335214,-0.00420462,0.00104651],[0.0316361,0.0915826,-0.4542,-0.616008,0.628082,0.364234,-0.0847414,-0.0500829,0.00234696,0.073969,-0.275653,-0.0175712,-0.000624261,-0.345461,0.517757,-0.10103,-0.00660116],[-0.161938,-0.223625,0.375334,0.624305,-0.372222,-0.0452069,0.0464108,-0.0211722,0.004105,0.101997,1.00422,0.0398604,0.0428291,-0.0507343,-0.209459,0.61434,-0.019376],[0.235944,1.115,3.11711,3.88557,-0.901947,-2.69496,0.577599,0.101058,-0.113424,-1.13881,12.4866,0.0752737,-0.121374,3.87266,-0.0723706,0.644784,1.06661],[0.162607,-0.144794,-0.319625,-0.288931,-0.174455,0.395283,-0.0142692,0.00124264,-0.0142946,-0.172498,-0.421846,-0.0312553,-0.0170121,-0.156454,-0.316447,-0.172912,-0.00641053],[0.0480737,0.132414,0.0302246,0.390336,-0.396212,-0.124365,0.0384744,-0.00457081,-0.00125595,-0.080879,-0.293614,0.0220193,0.0130801,0.164759,0.019314,-0.0238803,0.0164128],[-0.0170245,-0.136957,0.139475,-0.051751,0.0111827,-0.170935,0.0210629,-0.000154719,0.00499394,0.00364291,-0.0723311,0.00679781,0.0143593,-0.25644,-0.0610974,0.00250802,-0.00837796],[0.0136369,0.0406332,0.0559289,0.255284,0.00632904,0.0585094,0.00291127,-0.00200702,0.000992127,0.0115328,-0.0519103,0.000523807,0.0049838,0.00588335,0.0461674,0.00957786,0.00201932],[-0.0475695,0.0814826,-0.223282,-0.33426,0.00285674,-0.129215,-0.00365174,0.000745612,0.00219633,-0.0651254,-0.477558,-0.0153298,-0.0136179,-0.0232336,0.0678711,-0.0451958,-0.0017393],[-0.00519746,0.0269095,-0.0210251,0.107797,-0.109473,0.36536,-0.00851858,0.00136725,0.000684955,0.00937961,0.206836,0.00783749,0.00554995,0.00770771,-0.0108284,0.0453721,-0.000952285],[-0.0698722,0.0921037,-0.333948,-0.910544,-0.179109,-0.0121557,0.0462769,-0.00178271,-0.0274713,0.0513439,-1.25433,-0.014027,-0.0117147,-0.0471822,-0.0151141,0.0554418,-0.00773359],[0.103659,-0.0308441,1.32844,-0.25024,1.34807,5.1157,-0.0483942,0.0680727,-0.00876098,-0.20369,0.63172,-0.116251,-0.0854045,-0.230694,-0.427145,0.824536,-0.0484057],[0.103797,-0.14505,-0.892017,-1.04455,1.05951,-1.55226,0.0521585,0.0729537,-0.171284,-0.0236179,2.31374,-0.0279884,-0.0208472,-0.14857,0.120729,0.0426404,-0.0783082],[0.0397225,0.0399784,-0.193645,0.436866,0.165338,0.492757,-0.000155802,0.000318751,-0.0134382,-0.304789,0.711273,-0.008969,-0.0180772,0.405248,-0.00292876,0.0376806,-0.00144516],[0.00394184,0.0267014,0.0142712,0.07,-0.0229506,0.0152742,-0.00566019,-0.00200249,-0.000414355,-0.00141979,0.0772921,0.00135237,-0.000265328,0.0539683,0.0059777,-0.0123377,-0.00138301],[0.608668,0.0399994,-0.67259,-2.30987,0.487027,3.70938,0.123317,0.0948138,-0.0760571,0.312878,-3.5445,-0.0735584,-0.0332709,-0.867619,-0.569067,0.197236,-0.0505262],[0.0987999,-0.0382011,-1.02536,-3.04061,-0.0166219,0.741642,0.112508,0.0282834,-0.068333,-0.507264,1.69556,-0.111505,-0.167511,0.422605,-0.39663,-0.184938,-0.0605754],[-0.017876,-0.00285872,0.0824238,-0.145898,0.0290614,-0.0323772,-0.0139279,0.00455331,0.00458641,-0.00215495,0.352586,-0.0115296,-0.0063827,-0.00322483,-0.0302982,0.0140005,-0.00265853],[0.129886,0.0282252,0.321825,0.864918,-0.0851598,0.0246089,0.0270358,0.0095273,0.000376311,-0.111113,0.636276,0.0245893,0.00825176,0.382023,0.132385,0.132766,0.0182499],[0.184406,0.160512,-0.0210996,-0.690833,0.285129,-0.00819534,-0.0186012,-0.0260312,0.0188518,0.0967935,-0.850021,-0.00442582,-0.00339611,-0.311204,0.185307,0.00318713,0.0261011],[-0.290295,-0.0474209,-1.60856,3.29613,-0.468823,0.933572,-0.633973,-0.0660485,0.131797,0.999016,-7.64026,-0.135892,0.0218097,-2.72951,0.541703,-0.767647,-0.0394977],[-0.0565967,-0.227959,-0.248923,0.176643,-0.00499294,-0.615749,-0.0162356,0.014181,0.000770716,0.0566812,0.376558,0.0160435,0.00591454,0.206545,0.000542198,0.0403048,0.000141155],[0.00444184,0.195733,-0.324354,-0.848044,0.0591624,-0.405701,0.00189369,-0.00698332,0.00152194,-0.0293821,0.500048,0.0123971,0.0108012,0.214987,0.0213101,-0.00850713,0.000332858],[-0.0336199,0.024962,0.115342,-0.0790624,0.0132235,-0.107501,-0.0196096,0.00308415,-0.0069583,-0.00706085,0.139916,-0.00431813,-0.0122467,0.106316,0.0484889,0.00496483,0.00178266],[0.0156776,0.0157738,-0.0370312,0.130137,0.0597959,-0.0345975,-0.013932,-0.00151241,0.000438592,0.0254041,-0.176748,-0.00347421,-0.00131182,-0.0397473,-0.00564264,-0.0187056,0.00192197],[-0.0178847,0.00620379,0.129453,0.0339094,0.0783176,0.0179908,-0.00231719,-0.00307372,-0.00250516,0.033415,-0.24089,-0.00476649,-0.00673836,0.0281045,0.0553696,-0.0144743,-0.000461735],[-0.0082417,-0.0104298,-0.0489761,0.042748,0.0207967,0.0986883,0.00252212,0.00489896,0.0019403,-0.027686,0.133389,-0.00150493,-0.00628112,0.0707107,0.0566799,-0.012717,-0.00104195],[-0.278503,-0.0376804,0.402113,0.148214,-0.658129,0.74078,-0.00492306,0.00673592,-0.00960123,-0.123263,0.219427,0.018641,0.0083417,-0.217561,0.0223663,0.0177038,-0.0176518],[-0.305019,0.416178,-0.0104934,-1.32854,-1.26496,-1.98546,0.236432,0.144999,0.12262,0.449793,-5.76113,-0.0228335,0.00906806,-1.03437,-0.672169,-0.253032,0.00693279],[0.719939,-0.0230955,-0.171469,0.648416,1.54251,-1.43265,0.169612,0.0655481,-0.114695,-0.398274,-0.0261169,-0.098736,-0.0595668,-0.0575368,-0.10207,0.132381,-0.071629],[-0.129689,-0.14171,0.209114,-0.0647178,-0.175683,-0.518739,0.0566753,0.0181399,-0.00293616,0.0743475,0.875947,-0.00468991,-0.0122381,0.055261,0.0134735,0.0153018,0.0019747],[-0.00361966,-0.00943665,-0.0293584,-0.0367618,-0.0170258,-0.0891505,0.00594446,-0.00100823,-0.00138546,-0.0202283,0.0306132,-0.000704676,7.36047e-05,0.00869031,0.00228124,0.00936005,-0.00119651],[0.060727,0.116729,1.54768,1.07434,-0.413002,-1.43553,0.0629603,-0.0497779,-0.076232,0.138558,-0.0216413,-0.0210604,-0.0333723,0.669602,0.0204173,0.20242,0.0011939],[-0.345189,0.012552,1.12813,-0.487459,-1.53767,0.740476,-0.149567,-0.00957009,-0.035259,0.137588,3.60904,0.0468015,0.0293966,0.679201,-0.168725,0.197809,0.00838277],[-0.0179014,-0.0283033,-0.0692111,-0.234927,0.00920065,-0.25258,0.00712357,-0.00821656,0.00567085,0.00740536,0.0396602,-0.000526231,-0.00361809,0.0293425,-0.00348197,-0.00921964,0.00149439],[0.105408,-0.0610613,0.155434,-0.372782,0.077473,-0.123535,-0.00332917,0.0132604,0.010567,0.073919,-0.169401,0.0166352,0.0173863,-0.191238,0.101235,-0.0321892,0.000284075],[0.0203509,0.0031811,-0.0579513,-0.143286,0.260078,0.388044,0.0200913,0.00632288,0.0164854,-0.0460067,0.01847,-0.00329819,-0.0125634,0.0257318,0.0846935,0.184335,0.0123772],[-0.339227,-0.658259,-1.76194,-7.81553,0.823613,1.44196,0.0274968,-0.025354,-0.0200394,0.54418,-6.25185,0.0749864,0.102158,-0.91133,-0.414263,-0.0915575,-0.073222]],"sigmahat":[[1.07448,-0.161684,0.723661,1.60293,1.88306,0.70336,-0.0129186,-0.00386384,0.00523958,-0.135022,0.787922,-0.0111024,0.00824964,0.480079,0.157548,0.115833,0.0229998],[-0.161684,1.52852,-1.03997,-0.667789,-0.198188,0.452403,-0.25788,-0.0113336,-0.00231134,0.129546,-3.61264,-0.0641312,-0.0576405,-0.403702,-0.0306907,-0.397666,0.0286648],[0.723661,-1.03997,9.01087,4.81415,0.192183,-0.425573,0.101348,-0.0435444,-0.00276103,0.673448,3.64362,0.158736,0.042831,3.16416,0.211839,0.686125,0.0216131],[1.60293,-0.667789,4.81415,25.5903,-0.537449,2.98114,0.10918,-0.0341006,-0.0129202,-0.216616,3.95445,0.158023,0.146981,4.51968,0.709957,0.509127,0.0836134],[1.88306,-0.198188,0.192183,-0.537449,7.82044,-0.13607,-0.265347,-0.076328,0.0296182,0.167603,-0.0483748,-0.11358,-0.0697893,-0.869688,0.458634,-0.129671,0.017269],[0.70336,0.452403,-0.425573,2.98114,-0.13607,28.3088,-0.984503,0.0352853,-0.0211811,-0.0573905,4.61157,0.0853878,0.171299,-1.8132,0.469408,-0.330701,0.0731333],[-0.0129186,-0.25788,0.101348,0.10918,-0.265347,-0.984503,0.394276,0.0177524,-0.0247639,-0.268342,-0.0348362,0.0121886,0.000426874,0.352199,0.0803778,0.141242,-0.0113296],[-0.00386384,-0.0113336,-0.0435444,-0.0341006,-0.076328,0.0352853,0.0177524,0.0350151,-0.00699674,-0.0300138,-0.214103,-0.0147498,-0.014919,0.1463,0.0406463,0.0227845,-0.00588805],[0.00523958,-0.00231134,-0.00276103,-0.0129202,0.0296182,-0.0211811,-0.0247639,-0.00699674,0.0216714,0.052364,0.0991301,0.00839068,0.00862337,-0.0822835,0.0112212,-0.0250796,0.0045045],[-0.135022,0.129546,0.673448,-0.216616,0.167603,-0.0573905,-0.268342,-0.0300138,0.052364,1.51532,-1.99843,0.0720564,0.0947159,-1.47708,-0.13117,-0.166522,0.0137962],[0.787922,-3.61264,3.64362,3.95445,-0.0483748,4.61157,-0.0348362,-0.214103,0.0991301,-1.99843,69.3749,0.713734,0.316951,9.54072,2.07,3.30489,-0.0385893],[-0.0111024,-0.0641312,0.158736,0.158023,-0.11358,0.0853878,0.0121886,-0.0147498,0.00839068,0.0720564,0.713734,0.0487058,0.0368002,0.0550943,0.00607752,0.0471882,0.00842156],[0.00824964,-0.0576405,0.042831,0.146981,-0.0697893,0.171299,0.000426874,-0.014919,0.00862337,0.0947159,0.316951,0.0368002,0.0426799,-0.171538,-0.0372439,0.0272776,0.00756678],[0.480079,-0.403702,3.16416,4.51968,-0.869688,-1.8132,0.352199,0.1463,-0.0822835,-1.47708,9.54072,0.0550943,-0.171538,8.68944,1.17333,0.896307,-0.0243265],[0.157548,-0.0306907,0.211839,0.709957,0.458634,0.469408,0.0803778,0.0406463,0.0112212,-0.13117,2.07,0.00607752,-0.0372439,1.17333,1.14766,0.0436941,0.0194199],[0.115833,-0.397666,0.686125,0.509127,-0.129671,-0.330701,0.141242,0.0227845,-0.0250796,-0.166522,3.30489,0.0471882,0.0272776,0.896307,0.0436941,0.686703,-0.0178145],[0.0229998,0.0286648,0.0216131,0.0836134,0.017269,0.0731333,-0.0113296,-0.00588805,0.0045045,0.0137962,-0.0385893,0.00842156,0.00756678,-0.0243265,0.0194199,-0.0178145,0.014668]],"n":17,"lags":3}