{"betahat":[[2.02796,1.06759,-5.11052,9.38525,-2.99062,-5.2607,2.00819,1.02074,-6.37983,-0.574783,17.4536,0.0729346,-0.271426,14.1108,1.95605,-0.555718,1.15347,0.430262],[0.863154,0.32509,0.484546,0.00472909,-0.0282138,-0.296154,0.0810499,0.00271795,0.0988433,0.00870641,0.645036,0.0189133,0.0127872,0.200757,0.453236,0.38577,0.183886,-0.00291386],[-0.0471803,0.616356,0.299279,0.61412,0.322881,0.230321,-0.0363975,0.0130122,0.0474678,-0.00565568,-0.0483413,-0.0465979,-0.0320817,-0.3362,-0.0243747,-0.160333,0.0401984,-0.015147],[0.0442564,0.108261,0.703141,0.0935428,-0.0364608,0.192538,-0.00724489,-0.00214657,0.00748416,-0.0018436,-0.129722,-0.00543482,-0.00381869,0.123902,0.249516,-0.0131694,0.00385555,0.00303409],[-0.0196614,-0.0541223,0.00411652,0.612631,-0.0312024,0.0447218,0.00335217,0.00146195,-0.0338521,-0.000741871,0.246635,0.00433961,-0.00318299,0.017719,-0.110679,-0.0344601,0.00665593,-0.00252985],[0.077812,-0.0544408,0.0973257,0.34116,0.944303,0.32049,-0.00182421,-0.00469104,0.029388,0.00532534,0.85653,0.0239995,0.0219822,0.011271,-0.145969,0.0471828,0.0622899,0.00697217],[0.0171856,-0.0155594,0.0513466,-0.146261,0.0786879,0.510894,0.00860849,-0.00440482,0.00400915,-0.00144307,-0.134586,-0.00586431,-0.000987777,-0.0081914,0.0062104,-0.0136427,-0.0227444,0.00239336],[0.360415,-0.0607693,-0.0446629,0.846654,0.694579,-0.504941,0.967367,0.00947499,-0.00689779,0.0169997,2.22134,-0.00309339,-0.00273955,0.548062,0.247626,-0.187044,0.0715148,0.012542],[-0.0105144,-0.440569,-1.00068,1.25157,0.0576725,-3.3393,-0.338455,0.722758,0.103004,-0.141751,3.0835,0.0860695,0.0687114,-0.191998,0.400621,-0.725719,-0.890194,0.0116449],[0.0747081,0.0674204,-0.0918764,-0.336368,-0.0641077,-0.0760615,-0.0352415,-0.0109715,1.12684,0.0101194,-1.54062,-0.00160401,0.0168282,-0.356029,-0.0162297,-0.0438072,-0.0265282,-0.000545021],[-1.22704,-0.247738,0.569555,-0.23714,-3.54283,2.76701,-0.0622215,-0.153217,0.364346,1.21062,-0.47879,0.187772,0.139764,1.28015,-0.708917,1.5521,0.223955,0.120502],[0.00421919,-0.0045179,0.0103574,-0.0254445,0.0289471,0.0598637,0.000823744,0.00308412,0.0189624,0.00160764,0.854439,-0.000540123,0.000651831,-0.0333571,-0.016519,0.0264404,0.0038913,0.00232816],[0.00660056,-0.297097,-1.02545,1.79372,0.954656,-2.11643,-0.309829,-0.0534592,-0.886723,0.158228,-1.9889,0.879643,-0.0359651,-0.520569,1.33581,0.47895,-0.754371,0.0468691],[0.152585,0.341862,-0.438801,2.53543,0.884027,-1.73515,0.188951,0.0246336,0.230619,0.0957631,-2.84638,0.100906,1.10386,-0.595229,1.28735,1.15743,-0.110011,0.0803895],[0.0250493,0.0220439,-0.0837765,0.270635,-0.0344096,0.290738,0.0283269,0.00309493,-0.0282376,-0.00949609,-0.358767,0.00737216,0.00656403,0.98582,0.10105,0.111641,-0.000563928,-8.03508e-05],[-0.0408567,-0.0277535,-0.162195,-0.121119,0.0586058,-0.111368,-0.034569,-0.00522456,0.039174,-0.0108997,-0.952198,-0.0194269,-0.00326571,-0.318702,0.834703,-0.208339,-0.0423276,-0.0150036],[0.0303969,0.021902,-0.148027,-0.23724,0.0753826,0.132703,-0.0304524,-0.00591506,0.0147973,0.00934726,0.86846,0.0215801,0.00425874,0.257886,-0.160216,0.471691,0.0134303,0.00455505],[-0.204865,-0.236431,0.544445,0.764058,-0.299917,0.0932443,0.0190069,-0.0365642,0.117736,0.0130783,-0.0251017,0.0339165,0.0382396,-0.656593,-0.174762,-0.942358,0.395776,-0.00415896],[0.102319,1.67352,3.54281,2.64637,-1.0641,-1.21874,0.585973,0.0737141,-0.143408,-0.0238659,9.75751,0.212996,0.00818112,3.49004,-1.36466,1.93528,0.385785,1.00368],[0.180406,-0.104126,-0.316564,-0.337724,0.112626,0.769436,-0.052981,-0.0168535,-0.0940217,-0.0147699,-0.934568,-0.0330498,-0.0107603,-0.376071,-0.552494,-0.122425,-0.179837,-0.00645376],[0.0535963,0.143954,-0.00608585,0.266942,-0.360475,-0.0300865,0.042263,-0.0028132,-0.0224503,8.45518e-05,-0.622556,0.0263486,0.0219721,0.0781407,0.0384719,0.145172,-0.0271153,0.0103942],[-0.00633221,-0.123153,0.20953,0.0291428,0.00788682,-0.0998303,0.0276188,0.00018821,-0.00433443,0.00748974,0.106289,0.0114377,0.014761,-0.170251,-0.18918,-0.00950123,0.0107437,-0.00401137],[0.00552298,0.0336929,0.0483419,0.283235,-0.0325652,0.0215233,0.00517801,0.000105298,0.00227223,0.00128572,0.0462104,0.00131956,0.00466372,0.0359093,0.0878022,-0.000181931,0.0146193,0.00197105],[-0.0559207,0.0520745,-0.193594,-0.302337,-0.0658924,-0.317596,0.00685737,0.00854078,-0.0711157,-0.00141056,-0.532041,-0.0166564,-0.0145795,-0.0179233,0.171568,-0.0570666,-0.0394342,-0.00445882],[0.000291408,0.0259469,-0.0112178,0.110979,-0.0997197,0.338787,-0.00727783,0.00173621,0.0169718,-0.000454168,-0.0195093,0.00575414,0.00584511,-0.0422428,-0.000971404,-0.00606363,0.036179,-0.00182315],[-0.114457,0.00983778,-0.432896,-1.16009,-0.0219771,-0.309745,0.0382998,5.02143e-05,0.118157,-0.0109314,-1.61239,-0.0110888,-0.00394262,-0.213753,0.0988736,0.063264,-0.00232877,-0.00656567],[-0.013669,0.00545356,1.16146,0.116724,1.29175,6.02842,-0.123515,0.0441898,-0.242343,0.0312825,2.78296,-0.0899352,-0.073174,-0.067894,-0.988354,-0.275439,0.911073,-0.018621],[0.0503221,0.0668557,-0.149522,0.473981,0.249285,0.490512,-0.014078,-0.00763452,-0.24488,-0.008343,0.493728,-0.00292083,-0.0108687,0.340529,-0.0846223,-0.0291209,0.0117078,-0.000233861],[0.339374,-0.140816,-0.441374,-0.116932,1.57665,-0.924417,-0.0229482,0.0666967,-0.210321,-0.200228,5.06417,-0.0843215,-0.0906393,-0.325298,1.02277,-1.22176,0.162265,-0.0662554],[0.00440985,0.00986326,0.0155531,0.0457262,-0.0280002,0.00874353,0.00408203,-0.00051188,-0.00499445,-0.0010496,0.12307,0.000807253,-0.000495304,0.036277,0.0212488,0.0255843,0.000509128,-0.00199197],[0.694673,0.231063,-0.480484,-2.28761,0.527274,4.97311,0.101226,0.0775591,0.283477,-0.0686975,-2.78043,-0.0759784,-0.0412162,-1.16251,-0.648508,0.225547,0.153157,-0.0365346],[0.176019,0.153087,-1.30575,-3.21519,0.609035,1.45409,-0.0535335,-0.0153544,-0.684525,-0.0495689,1.66812,-0.152075,-0.217161,0.812662,-0.971799,-0.498202,-0.336739,-0.0380147],[-0.0108458,-0.00115329,0.0987294,-0.119969,0.00343785,-0.0798791,-0.014763,0.00514636,0.0106198,0.00316983,0.292786,-0.00811612,-0.00341313,-0.0103318,-0.0488485,0.000356394,0.0197565,-0.00216478],[0.025104,0.0845989,0.170896,0.315009,-0.0683193,0.130989,0.0190658,0.0010648,-0.0535883,0.00670841,0.726373,0.0078889,-0.0101363,0.380576,0.116826,0.118849,0.0177241,0.0157365],[0.0415603,-0.00140714,0.0223357,0.0529077,0.185009,-0.28156,-0.0116274,-0.00559066,0.0140441,-0.00904462,-0.529812,-0.0111426,-0.000907094,-0.227604,-0.0338404,-0.0712025,-0.00829911,-0.00548477],[0.062052,0.114261,0.0764666,-0.696146,0.220935,-0.0431042,-0.0159836,-0.0329714,0.176528,0.0225773,-1.33762,0.0130216,0.0136031,-0.420081,-0.197153,-0.054516,-0.0354663,0.0309186],[-0.40835,-0.217342,-2.09452,2.77007,-1.01523,1.15088,-0.537045,0.00674979,0.719413,0.0840587,-4.31129,-0.161794,-0.0226865,-2.56195,1.84571,1.23588,-0.361521,-0.0516601],[-0.0436895,-0.220978,-0.168058,0.332587,-0.0844673,-0.473232,-0.0281151,0.0141247,-0.0047475,0.00607894,0.290631,0.0141543,-0.0020177,0.17523,0.0993223,-0.263273,-0.00395868,0.00934974],[-0.00648995,0.239518,-0.293229,-0.881675,0.0379011,-0.200696,-0.00596361,-0.0102109,-0.0249157,0.00559583,0.672609,0.0202639,0.0101107,0.258098,-0.0140527,0.0151577,-0.0129229,0.00471088],[-0.0379208,0.0148602,0.0867025,-0.12375,0.0286432,-0.0929599,-0.0202755,0.00194442,-0.00300266,-0.00562302,0.0233308,-0.00597119,-0.0108992,0.0459852,-0.0597723,0.0231221,-0.0145371,0.000961547],[0.0140802,0.020302,-0.0525869,0.101582,0.0637273,-0.0661595,-0.00840094,-0.00154908,0.031913,-0.000537388,-0.293118,-0.00564888,-0.00146383,-0.0542349,0.0234165,0.0353756,-0.0211479,0.000528176],[-0.0221055,0.00245656,0.0960952,-0.0383197,0.120907,-0.00264923,-0.00512086,-0.00386325,0.0417459,-0.00389725,-0.323436,-0.00731919,-0.00738985,0.0067334,-0.0255398,0.00982424,-0.0228717,-0.00252059],[-0.0174982,-0.0103702,-0.0400346,0.0342437,0.0210309,0.148624,-0.00116341,0.00266332,-0.0208585,0.00189316,0.152618,0.000132745,-0.00483963,0.0502536,-0.00463507,0.0199063,-0.0133558,-0.000578393],[-0.245515,0.0505864,0.478201,0.311501,-0.671728,0.815124,-0.00591648,-0.00959982,-0.110522,-0.00593624,-0.603656,0.014321,0.0068402,-0.334231,-0.346221,0.12489,-0.0685722,-0.00606402],[-0.24122,0.441342,-0.062158,-0.708453,-1.47924,-2.89599,0.243675,0.168133,0.487492,0.130321,-5.99628,-0.0330808,0.00204597,-0.807102,0.36302,0.350035,-0.119286,0.0039813],[-0.125281,-0.134912,0.240088,-0.140844,-0.184711,-0.418944,0.0492389,0.0186016,0.117763,-0.00171346,1.04719,0.00452275,-0.0060193,0.0155931,0.100586,0.0722392,0.015137,0.000680484],[0.550223,-0.172454,0.282531,1.30624,1.80871,-1.97304,-0.0299185,0.00531427,-0.217463,-0.0979192,-0.117726,-0.0366129,-0.00930575,-0.242029,-0.0638901,-1.57288,-0.0522857,-0.0401451],[-0.00502021,-0.00354059,-0.0117577,-0.00321092,-0.0013739,-0.0502177,-0.00441208,-0.00279274,-0.0124865,-0.000556281,-0.00292428,-7.43818e-05,0.000270563,0.000960398,-0.00549725,-0.0514201,-0.00336668,1.49818e-05],[0.00494351,-0.0465515,1.65879,0.85743,-0.339337,-1.33595,-0.00672418,-0.0534159,0.247647,-0.0456938,-1.13842,0.00713994,0.0018604,0.153856,-0.98482,-0.862704,0.11493,0.00258104],[-0.337942,-0.176515,1.11778,-0.17599,-1.6382,-0.288552,-0.0186172,-0.0045446,0.0741906,-0.048064,0.459581,0.00435299,0.0328508,-0.00543568,-0.278893,-0.216156,0.216581,0.00153637],[-0.013125,-0.0231446,-0.0127667,-0.158903,0.0356063,-0.205976,-0.0140568,-0.00835261,0.02064,0.00646989,0.0726979,0.000926373,-0.00280668,0.0202378,-0.0499058,-0.109575,-0.017266,0.00183775],[0.0170308,-0.0582237,-0.00644444,-0.198579,0.0132525,-0.0184105,0.0153579,0.00403202,0.0153269,0.00442483,0.239398,0.0117697,0.0134987,-0.0603494,0.047232,0.0922383,0.026191,-0.000921347],[-0.0114032,-0.0125244,0.0549998,0.0521446,0.0936346,0.0498763,-0.0158087,0.00143013,0.0365432,-0.00292854,-0.339144,-0.000315895,0.00319844,-0.134379,-0.065083,-0.130539,0.00231077,-0.00105747],[-0.0317666,0.00453213,-0.164988,-0.297218,0.395635,0.113179,0.00514184,-0.0149768,-0.0463147,0.0192337,-0.100224,-0.011864,-0.0175893,-0.158432,0.0512305,-0.140568,0.0628167,0.0155185],[-0.6667,-0.515065,-1.86685,-7.02664,0.538156,-0.46262,-0.00173416,-0.0452339,0.48213,-0.0307277,-9.01877,0.00253774,0.054032,-1.0438,-0.333566,-1.36086,-0.499242,-0.0651371]],"sigmahat":[[1.02919,-0.127082,0.818765,1.31396,1.53389,1.18258,0.0704156,0.00798234,-0.138438,0.0140246,2.10092,0.0268289,0.0206623,0.869784,0.0195924,0.723151,0.215005,0.0243198],[-0.127082,1.28698,-0.857119,-0.624908,-0.140029,0.750622,-0.207286,-0.00871797,0.0374028,-0.0195975,-2.53513,-0.0513991,-0.0471389,-0.274961,-0.405334,0.232177,-0.195785,0.0232613],[0.818765,-0.857119,8.69202,4.78283,0.343606,0.0544219,-0.0409053,-0.0342065,0.618936,0.0233306,4.45188,0.176401,0.0430737,3.21337,-2.45015,0.0747312,0.591939,0.0420723],[1.31396,-0.624908,4.78283,25.5667,-0.347819,2.58177,-0.280651,-0.0745799,-0.0227895,0.0315905,3.49581,0.224812,0.194512,4.00901,-0.59755,-2.43205,0.140934,0.100971],[1.53389,-0.140029,0.343606,-0.347819,7.21626,-0.356189,-0.194211,-0.0705112,0.0534814,-0.00691785,-0.611411,-0.123952,-0.0857054,-0.456755,-0.918193,0.0537263,-0.101665,0.0165406],[1.18258,0.750622,0.0544219,2.58177,-0.356189,31.0092,-0.500633,0.0764935,-0.51041,-0.00720926,14.276,0.189113,0.111616,1.60302,-1.66673,4.09853,0.532396,0.109659],[0.0704156,-0.207286,-0.0409053,-0.280651,-0.194211,-0.500633,0.381758,0.0140272,-0.188959,-0.00102992,0.3691,0.022167,0.0116761,0.210541,0.54248,0.621466,0.129494,-0.01208],[0.00798234,-0.00871797,-0.0342065,-0.0745799,-0.0705112,0.0764935,0.0140272,0.0330075,-0.0114968,-0.00255043,-0.171422,-0.0116942,-0.0125684,0.109597,0.116584,0.0616318,0.0117969,-0.00444819],[-0.138438,0.0374028,0.618936,-0.0227895,0.0534814,-0.51041,-0.188959,-0.0114968,1.31716,0.0125107,-3.61333,0.0293242,0.074946,-1.6203,-0.485755,-0.0948586,-0.134213,0.00309541],[0.0140246,-0.0195975,0.0233306,0.0315905,-0.00691785,-0.00720926,-0.00102992,-0.00255043,0.0125107,0.0178935,0.467329,0.0103461,0.00514308,0.053242,-0.0172116,0.0859334,0.0123286,0.00478795],[2.10092,-2.53513,4.45188,3.49581,-0.611411,14.276,0.3691,-0.171422,-3.61333,0.467329,99.3379,0.929171,0.0668473,16.726,4.66375,7.87578,3.64524,0.19694],[0.0268289,-0.0513991,0.176401,0.224812,-0.123952,0.189113,0.022167,-0.0116942,0.0293242,0.0103461,0.929171,0.0457972,0.0304285,0.142605,0.0148218,0.0884317,0.0576566,0.00983547],[0.0206623,-0.0471389,0.0430737,0.194512,-0.0857054,0.111616,0.0116761,-0.0125684,0.074946,0.00514308,0.0668473,0.0304285,0.0383777,-0.169495,0.0154237,0.0114249,0.0256935,0.00577465],[0.869784,-0.274961,3.21337,4.00901,-0.456755,1.60302,0.210541,0.109597,-1.6203,0.053242,16.726,0.142605,-0.169495,9.14864,0.707899,1.17669,0.847316,0.0341665],[0.0195924,-0.405334,-2.45015,-0.59755,-0.918193,-1.66673,0.54248,0.116584,-0.485755,-0.0172116,4.66375,0.0148218,0.0154237,0.707899,6.36652,1.09052,0.440123,-0.00466925],[0.723151,0.232177,0.0747312,-2.43205,0.0537263,4.09853,0.621466,0.0616318,-0.0948586,0.0859334,7.87578,0.0884317,0.0114249,1.17669,1.09052,6.76424,0.676272,0.0151582],[0.215005,-0.195785,0.591939,0.140934,-0.101665,0.532396,0.129494,0.0117969,-0.134213,0.0123286,3.64524,0.0576566,0.0256935,0.847316,0.440123,0.676272,0.548084,-0.00250921],[0.0243198,0.0232613,0.0420723,0.100971,0.0165406,0.109659,-0.01208,-0.00444819,0.00309541,0.00478795,0.19694,0.00983547,0.00577465,0.0341665,-0.00466925,0.0151582,-0.00250921,0.0131741]],"n":18,"lags":3}