{"betahat":[[0.00869425,0.388452,-1.37811,1.31461,-3.19723,-6.14506,1.1868,0.410143,-0.123225,-1.42153,6.55436,-0.0365263,-0.145656,4.13452,0.400305,1.24965,0.0516597],[0.898659,0.389602,0.604039,0.135599,0.209009,0.169614,0.0234724,-0.0201489,0.0156029,0.130726,-0.0654506,0.0160711,0.0122384,-0.0636387,0.33218,0.126491,0.00782539],[-0.0554923,0.666064,0.298567,0.488212,0.329172,0.545626,-0.0361703,0.0113364,-0.000697178,0.116942,-0.245533,-0.0332274,-0.0228065,-0.381427,-0.0345156,0.0270003,-0.015379],[0.0497568,0.112739,0.727476,0.122362,-0.0250256,0.287505,-0.000642812,-0.00260957,0.00201266,-0.000863864,-0.0492684,-0.00299806,-0.00224584,0.154201,0.0145982,-0.00538716,0.00669061],[-0.0318207,-0.0597782,-0.0123014,0.598632,-0.0703076,-0.0248197,0.0122202,0.00381001,-0.00151164,-0.0372834,0.235134,0.00303455,-0.00383865,0.0349506,-0.040853,0.00824854,-0.00402466],[0.06937,-0.0967435,0.103903,0.312165,0.911938,0.109172,0.00984315,0.00296473,-0.000501566,0.0318649,0.731694,0.0213103,0.0217917,0.00438385,-0.127281,0.0627418,0.00215271],[0.0157701,-0.0181121,0.0735876,-0.155719,0.0943325,0.51866,0.00634238,-0.00650686,-0.0026637,0.0182415,-0.34387,-0.0065638,0.000758305,-0.0749012,-0.0462418,-0.033366,0.00204354],[0.366313,-0.0654843,-0.000690806,0.754714,0.91201,-0.804956,0.971149,-0.00823431,0.0392129,0.0890383,0.940792,-0.00435868,0.00599102,0.237944,-0.00174562,-0.0907656,0.0292932],[0.160123,-0.446017,-1.09333,1.54414,-0.320443,-3.27252,-0.203491,0.760326,-0.111292,-0.130254,5.61928,0.157553,0.0908098,1.16947,1.04599,-0.533226,0.0445616],[-0.87272,-0.201343,1.50115,0.400183,-2.44805,3.57359,-0.247045,-0.208984,1.25236,0.362478,-0.582542,0.178357,0.116087,0.633259,-0.0483464,-0.0873316,0.161035],[0.0906144,0.105603,0.00600435,-0.399534,0.0197776,-0.0428718,-0.0539507,-0.0196975,0.0179913,1.25603,-1.62178,0.0159442,0.0328018,-0.475418,-0.006474,-0.0578919,-0.000697288],[0.000356144,-0.0159485,0.0186935,-0.0362853,0.0408197,0.0845921,-0.000631459,0.00287901,0.00202577,0.0244517,0.883682,-0.000428886,0.000480028,-0.0667075,-0.00830659,0.00171609,0.0028576],[-0.510372,-0.157187,-0.790424,1.61534,0.190732,-1.74385,-0.269242,-0.0722662,0.152068,-0.660194,2.08026,1.02912,0.0228972,0.215332,0.544946,-0.525963,0.0463465],[0.258421,0.165628,-0.571522,3.10006,1.63088,-1.74012,0.0704567,-0.00851806,0.0987632,0.443797,-6.69403,0.0407507,1.12615,-1.46685,0.640462,-0.162544,0.0570732],[0.0370048,0.0299544,-0.0170443,0.395837,-0.0359582,0.267854,0.00743769,0.00395359,-0.0104968,-0.00052589,-0.418371,0.0127459,0.0109221,0.970738,0.0347401,-0.00631384,0.000930726],[0.0334996,0.0989056,-0.494823,-0.633378,0.635325,0.302376,-0.0815084,-0.0496165,0.00191482,0.0715577,-0.336311,-0.0206844,-0.00228402,-0.365639,0.522427,-0.0990335,-0.00720119],[-0.169712,-0.243597,0.376526,0.662384,-0.395588,-0.0761735,0.0528625,-0.0210541,0.00102758,0.0805866,1.02545,0.0402246,0.0427071,-0.0288154,-0.233079,0.630769,-0.0217718],[0.281652,1.16204,3.09555,3.94072,-0.895511,-2.62189,0.58676,0.105648,-0.121802,-1.29656,13.1587,0.0671067,-0.138234,4.04806,-0.0928641,0.67236,1.07577],[0.161791,-0.150375,-0.349852,-0.333624,-0.180077,0.524993,-0.0147685,0.00538748,-0.0172652,-0.199716,-0.309301,-0.0349256,-0.0218952,-0.13605,-0.322882,-0.170335,-0.00788774],[0.0452292,0.142508,0.00576031,0.416532,-0.404642,-0.108381,0.0340457,-0.00530451,-0.000472385,-0.0811863,-0.325369,0.0214161,0.0124062,0.153978,0.0152199,-0.0307371,0.015492],[-0.0173382,-0.140524,0.147581,-0.0576395,0.00659228,-0.189041,0.0227779,-0.00117111,0.00503371,0.00511625,-0.0770766,0.0077796,0.0154054,-0.268618,-0.0692942,0.00212174,-0.00895465],[0.0137481,0.0420315,0.0509335,0.270995,0.00203995,0.0633618,0.00319766,-0.00216576,0.00113721,0.0117717,-0.0406063,0.000952136,0.00544013,0.00745762,0.0481472,0.0113097,0.00193773],[-0.0504181,0.093143,-0.247313,-0.339209,-0.00382271,-0.114404,-0.00780243,0.00102266,0.00319052,-0.0714904,-0.512715,-0.0171989,-0.0151394,-0.040744,0.0664776,-0.047311,-0.00179831],[-0.00610111,0.0274076,-0.0209034,0.117695,-0.114677,0.381191,-0.00884095,0.00122365,0.000614355,0.0114055,0.194692,0.00828463,0.00609536,0.00119902,-0.0144413,0.0464526,-0.000917549],[-0.0641363,0.105728,-0.416267,-0.920571,-0.198663,0.0703582,0.0336262,-0.000359027,-0.0283294,0.0364787,-1.32908,-0.0186535,-0.0140454,-0.063359,-0.0378708,0.0609078,-0.00993418],[0.13068,-0.025708,1.30278,0.0244309,1.49095,5.3904,-0.0604899,0.0853736,-0.00905731,-0.313626,0.298108,-0.139775,-0.103049,-0.221442,-0.429817,0.801263,-0.053672],[0.0643862,-0.0984288,-1.06993,-1.07484,1.0373,-1.56654,0.0327528,0.084277,-0.1803,0.00498726,2.10782,-0.0371908,-0.0293097,-0.217744,0.130848,0.0375484,-0.0892311],[0.0481912,0.0441272,-0.210894,0.456183,0.176467,0.620371,-0.0101447,0.000949307,-0.0149784,-0.326705,0.755517,-0.0109971,-0.0195967,0.432265,-0.00829665,0.0427084,-0.00103607],[0.00455117,0.0263326,0.0128701,0.0800884,-0.0226223,0.0151176,-0.00528621,-0.00210292,-0.000641407,-0.00402995,0.0766007,0.00114832,-0.000466782,0.0567521,0.00459102,-0.0117921,-0.00161398],[0.585449,0.0568115,-0.812533,-2.67448,0.488801,3.48116,0.136984,0.104097,-0.0717447,0.368565,-3.97743,-0.0833492,-0.0340323,-1.03304,-0.569846,0.141685,-0.0537033],[0.0832403,-0.0745243,-1.03348,-3.24226,-0.113744,0.7032,0.0980405,0.0348321,-0.0742808,-0.683837,1.90525,-0.125384,-0.197148,0.699038,-0.446006,-0.164101,-0.0605226],[-0.0176342,-0.00486243,0.088157,-0.171666,0.0306737,-0.0111448,-0.0151294,0.00529853,0.00473233,-0.00524342,0.37489,-0.0123417,-0.00730405,0.00270528,-0.0310304,0.0157839,-0.00267027],[0.113132,0.0304151,0.314952,0.850546,-0.108178,0.020564,0.0244196,0.00882067,-0.000244494,-0.116399,0.694469,0.0257742,0.00863072,0.404333,0.13505,0.136944,0.0184364],[0.193329,0.176941,0.00180645,-0.655326,0.265164,-0.030988,-0.0279899,-0.022391,0.018947,0.117932,-0.877897,-0.00479358,-0.00334105,-0.309526,0.201359,0.0141727,0.0270243],[-0.23303,0.0118346,-1.68071,3.50497,-0.38099,1.20869,-0.68536,-0.0688844,0.13904,1.0661,-8.22332,-0.143578,0.029609,-2.98237,0.552936,-0.798925,-0.0375914],[-0.0604653,-0.239235,-0.254183,0.19792,-0.0289169,-0.694676,-0.00871754,0.0147572,0.00166552,0.0690175,0.374992,0.0188589,0.00966041,0.199665,-0.00929361,0.0438578,5.93489e-05],[0.0102582,0.191361,-0.304287,-0.904848,0.075536,-0.437354,0.002102,-0.00603781,0.00117481,-0.0357177,0.571373,0.0118189,0.0104072,0.227417,0.0192901,0.00377796,-0.000119407],[-0.0324348,0.0277926,0.124869,-0.0649275,0.0184559,-0.0985662,-0.0221358,0.00377815,-0.00704479,-0.00420986,0.126356,-0.00477553,-0.0131535,0.114369,0.0547076,0.00326678,0.00226083],[0.0180425,0.0177627,-0.0386668,0.129984,0.0682668,-0.0386011,-0.0154277,-0.00164572,0.000376214,0.0255933,-0.19458,-0.00398471,-0.00159837,-0.0425171,-0.0072983,-0.0195619,0.00208133],[-0.018991,0.00363204,0.143386,0.0269897,0.0917994,0.00519647,-0.00205701,-0.00399073,-0.00268651,0.039636,-0.218806,-0.00410849,-0.00665098,0.0363661,0.0608015,-0.0154358,-0.000355899],[-0.00969733,-0.00925509,-0.0527213,0.0378797,0.0203018,0.0998949,0.00251162,0.00528201,0.002046,-0.0296236,0.148938,-0.00172031,-0.0068529,0.0736854,0.0606692,-0.0130953,-0.00112841],[-0.302188,-0.0404247,0.417171,0.1653,-0.713061,0.734316,-0.00484097,0.00856232,-0.0108582,-0.125311,0.389428,0.0230538,0.00809756,-0.174833,0.0395926,0.0300062,-0.0193756],[-0.303333,0.487139,-0.209131,-1.4499,-1.20037,-2.04746,0.240798,0.149838,0.129242,0.498091,-5.75272,-0.0220685,0.0119728,-1.09884,-0.644238,-0.274926,0.00833711],[0.747451,0.0242624,-0.19323,0.580258,1.56584,-1.3768,0.158449,0.0670635,-0.110046,-0.458542,0.00176794,-0.103991,-0.0654017,-0.000834357,-0.0758017,0.113141,-0.0707852],[-0.138808,-0.150002,0.205045,-0.0566686,-0.19605,-0.577983,0.0640751,0.0187347,-0.00299447,0.0705891,0.868217,-0.00492046,-0.0131849,0.0433251,0.014804,0.0153534,0.00171624],[-0.00440033,-0.00979994,-0.0295082,-0.0410323,-0.0184286,-0.0968254,0.00601983,-0.00083218,-0.00136338,-0.0201017,0.0346494,-0.000712028,3.04477e-05,0.0105153,0.0036532,0.00989384,-0.00119125],[0.110312,0.104528,1.51013,1.08116,-0.35011,-1.3418,0.0727984,-0.0407582,-0.0822938,0.168281,0.226685,-0.0152092,-0.0295226,0.637898,0.0339028,0.238781,0.00401141],[-0.345821,0.0139719,1.42956,-0.0116297,-1.55166,0.942603,-0.152872,-0.0231684,-0.0295883,0.162299,4.17647,0.0655911,0.0488037,0.824275,-0.160325,0.250187,0.0101018],[-0.0190637,-0.025904,-0.0699558,-0.224899,0.00654633,-0.256202,0.00749937,-0.0093356,0.0058156,0.00641799,0.0465296,-0.000313743,-0.00349166,0.0255184,-0.00377287,-0.00902865,0.00167734],[0.113986,-0.0580509,0.169996,-0.336659,0.0960644,-0.115507,-0.00467022,0.0151391,0.0111712,0.0737385,-0.275275,0.013726,0.0145782,-0.194658,0.113713,-0.0411023,0.000389272],[0.0113255,0.00626043,-0.0749103,-0.180598,0.26999,0.446828,0.0141109,0.00789084,0.0155137,-0.0618853,-0.00285656,-0.00650092,-0.015468,0.0257975,0.0981058,0.184027,0.0116017],[-0.359987,-0.799721,-1.62304,-8.00917,0.834387,1.27976,0.0821986,-0.0264066,-0.0242312,0.529585,-6.36447,0.0831468,0.107333,-0.846653,-0.410754,-0.0589882,-0.076349]],"sigmahat":[[1.06558,-0.165177,0.77068,1.55346,1.86367,0.727155,-0.0179046,-0.00442681,0.00646813,-0.131841,0.752876,-0.01254,0.00888304,0.464957,0.146811,0.12086,0.0241304],[-0.165177,1.50708,-1.00575,-0.654786,-0.191885,0.500835,-0.255162,-0.0109714,-0.00328464,0.112773,-3.57733,-0.0659977,-0.0594374,-0.41134,-0.0266902,-0.396463,0.0263462],[0.77068,-1.00575,8.91619,4.86774,0.248977,-0.546336,0.0788187,-0.0440263,0.00026915,0.731834,3.54445,0.160423,0.0488015,3.18106,0.191445,0.680348,0.0211744],[1.55346,-0.654786,4.86774,25.1953,-0.642228,2.84568,0.0834416,-0.0397129,-0.0107064,-0.160149,3.28008,0.150095,0.148086,4.36769,0.565313,0.512666,0.0810235],[1.86367,-0.191885,0.248977,-0.642228,7.64653,-0.0663082,-0.273729,-0.0767654,0.0326002,0.140375,0.0269558,-0.111809,-0.0665027,-0.852206,0.435747,-0.116005,0.0187447],[0.727155,0.500835,-0.546336,2.84568,-0.0663082,27.7774,-1.00835,0.0233838,-0.0160359,-0.05978,4.0086,0.0753041,0.163538,-1.93178,0.448533,-0.417605,0.0778116],[-0.0179046,-0.255162,0.0788187,0.0834416,-0.273729,-1.00835,0.399614,0.0201978,-0.0262552,-0.267272,-0.0313283,0.0112864,4.72781e-05,0.364165,0.0828353,0.1414,-0.0122734],[-0.00442681,-0.0109714,-0.0440263,-0.0397129,-0.0767654,0.0233838,0.0201978,0.0352992,-0.00761027,-0.0277461,-0.244481,-0.0151391,-0.0150721,0.145915,0.0435898,0.0227838,-0.00587777],[0.00646813,-0.00328464,0.00026915,-0.0107064,0.0326002,-0.0160359,-0.0262552,-0.00761027,0.0215573,0.0532345,0.12384,0.0087017,0.00864487,-0.0793279,0.0102803,-0.0254576,0.00446705],[-0.131841,0.112773,0.731834,-0.160149,0.140375,-0.05978,-0.267272,-0.0277461,0.0532345,1.50486,-1.91912,0.0748622,0.0945045,-1.40901,-0.119922,-0.163532,0.0138995],[0.752876,-3.57733,3.54445,3.28008,0.0269558,4.0086,-0.0313283,-0.244481,0.12384,-1.91912,69.2753,0.731856,0.33593,9.26994,1.99313,3.31992,-0.0333751],[-0.01254,-0.0659977,0.160423,0.150095,-0.111809,0.0753041,0.0112864,-0.0151391,0.0087017,0.0748622,0.731856,0.0498501,0.037379,0.0609684,0.00358836,0.0485847,0.00836757],[0.00888304,-0.0594374,0.0488015,0.148086,-0.0665027,0.163538,4.72781e-05,-0.0150721,0.00864487,0.0945045,0.33593,0.037379,0.0425822,-0.158684,-0.0371518,0.0286222,0.00758968],[0.464957,-0.41134,3.18106,4.36769,-0.852206,-1.93178,0.364165,0.145915,-0.0793279,-1.40901,9.26994,0.0609684,-0.158684,8.50156,1.14257,0.90332,-0.0268385],[0.146811,-0.0266902,0.191445,0.565313,0.435747,0.448533,0.0828353,0.0435898,0.0102803,-0.119922,1.99313,0.00358836,-0.0371518,1.14257,1.13299,0.0315029,0.0181748],[0.12086,-0.396463,0.680348,0.512666,-0.116005,-0.417605,0.1414,0.0227838,-0.0254576,-0.163532,3.31992,0.0485847,0.0286222,0.90332,0.0315029,0.680373,-0.0178478],[0.0241304,0.0263462,0.0211744,0.0810235,0.0187447,0.0778116,-0.0122734,-0.00587777,0.00446705,0.0138995,-0.0333751,0.00836757,0.00758968,-0.0268385,0.0181748,-0.0178478,0.0145196]],"n":17,"lags":3}