{"betahat":[[1.226,1.42778,-1.25947,1.11885,-1.43692,-2.38915,0.922693,0.28994,0.0689368,-1.03599,0.0727078,11.7543,0.122876,-0.0524291,5.06264,3.79189,1.14087,0.14906],[0.905634,0.286278,0.487905,0.0300755,0.112428,-0.234018,0.0631354,-0.00608278,0.0144008,0.0828356,0.0143305,0.267502,0.0130506,0.00923318,0.0677726,0.329904,0.118957,0.00205086],[-0.0618832,0.681092,0.268243,0.499575,0.238441,0.285689,-0.0201469,0.0163268,0.000550831,0.0825539,0.000624913,-0.100483,-0.0355677,-0.0268276,-0.253305,-0.0424951,0.0205781,-0.0153134],[0.0540595,0.106807,0.775773,0.113718,-0.0516575,0.218222,0.00288975,-0.00270939,0.0034348,0.00363621,0.00340945,-0.0205185,-0.000555097,-0.000839935,0.137608,0.0234938,-0.00320388,0.00809356],[-0.0235445,-0.046226,-0.00652303,0.635798,-0.0417642,0.0378329,0.00344071,0.00143573,-0.00139898,-0.0306778,-0.00138464,0.178928,0.00295482,-0.00311745,0.00997694,-0.0458764,0.00326726,-0.00299598],[0.0799491,-0.0511279,0.107848,0.337108,0.942331,0.322824,0.00262482,-0.00306382,0.00536548,0.0269469,0.00535838,0.863053,0.0237748,0.0215111,0.0357147,0.0289759,0.0710187,0.00646396],[0.0199894,-0.0165938,0.0768426,-0.11208,0.0785107,0.569348,0.00930669,-0.00479197,8.68408e-05,0.00609725,0.000113696,-0.120865,-0.00426263,-0.00040734,-0.00394721,-0.0295797,-0.0249601,0.00366733],[0.356432,-0.0600235,-0.0732945,0.818568,0.71154,-0.372786,0.98096,0.00383572,0.0180535,-0.0191679,0.0183695,1.19008,-0.0125132,-0.00805211,0.330508,-0.424934,-0.0281953,0.0181584],[0.0366875,-0.398756,-1.3988,0.662357,0.0862906,-3.41841,-0.273506,0.771207,-0.143713,0.0200026,-0.144439,2.58735,0.0832123,0.054713,0.264247,-0.148534,-0.780013,-0.019782],[-0.507585,-0.168001,0.778128,-0.260836,-1.72974,1.74987,-0.00385415,-0.0917927,1.16254,0.248965,0.161304,-1.14065,0.114036,0.0840243,0.602444,0.91406,-0.0915115,0.0765215],[0.0420347,0.0714709,-0.0716186,-0.2936,-0.0516619,-0.100883,-0.0458771,-0.0163388,0.0113667,1.19154,0.0114429,-1.30904,0.00969246,0.0239672,-0.345634,-0.155944,-0.0190226,-0.00482546],[-0.479633,-0.0309058,0.372161,-0.358686,-1.51756,1.90902,-0.0798424,-0.106753,0.16921,0.231542,1.17128,-1.38407,0.112958,0.0828441,0.504636,0.831653,-0.0229348,0.0870757],[0.0020364,-0.0107237,0.0057755,-0.0302046,0.0326572,0.0487815,0.000492713,0.00230105,0.00196014,0.0185645,0.00195859,0.880573,-0.000121926,0.000956141,-0.0416737,0.00465079,-1.1538e-05,0.00216155],[-0.373718,-0.161794,-0.926983,1.26228,0.428538,-2.17518,-0.14771,-0.0318704,0.135185,-0.47044,0.135922,0.350542,1.01503,0.042152,-0.190837,0.782622,-0.569707,0.0318929],[0.228367,0.204968,-0.179829,2.30282,1.21955,-1.53607,0.0670167,0.00438676,0.0990475,0.35048,0.0973776,-4.6366,0.0597266,1.10386,-0.97467,0.915133,-0.264316,0.0505904],[0.0141872,0.0142636,-0.0697215,0.24416,-0.04028,0.25196,0.0264011,0.00447361,-0.0113352,-0.0149966,-0.0113675,-0.37752,0.00843146,0.00832584,0.988598,0.106693,0.0127295,-0.00305015],[0.0203534,0.039399,-0.234448,-0.278764,0.0671284,0.0461754,-0.0393473,-0.00731236,0.00426546,0.00421671,0.00430448,0.6174,0.00885339,3.31035e-05,0.155572,0.512902,-0.0124345,-0.000386831],[-0.141527,-0.238304,0.440772,0.840523,-0.293189,0.0291401,-0.00396386,-0.0130113,-0.00407891,0.105969,-0.00357567,0.48737,0.0294383,0.0363014,-0.349201,-0.723833,0.638054,-0.0199989],[0.616169,1.13024,3.01796,3.00587,-0.172406,-1.4982,0.602873,0.0685098,-0.0701508,-0.850436,-0.0720372,8.99515,0.103312,-0.0326263,2.48994,1.36897,0.470694,1.06934],[0.158692,-0.0795437,-0.310719,-0.308474,0.0261995,0.731767,-0.0423695,-0.0136731,-0.0196542,-0.0974516,-0.0196161,-1.13241,-0.0409306,-0.0154754,-0.421365,-0.237252,-0.178968,-0.00817727],[0.0568298,0.134434,-0.0140286,0.22841,-0.298221,-0.0838496,0.0316188,-0.00605548,-0.00619914,-0.0510031,-0.00636154,-0.729297,0.0170342,0.0163768,0.0103425,0.0454095,-0.0350474,0.010124],[-0.0214847,-0.122653,0.14007,-0.0387831,0.0343053,-0.135283,0.0134557,-0.000688606,0.00244333,0.00824054,0.00238178,-0.160574,0.00479508,0.0127613,-0.250888,-0.0768925,0.000677819,-0.00901628],[0.0105351,0.0327677,0.0556882,0.275386,-0.0275812,0.0388335,0.00602496,-5.3607e-05,0.00259597,0.000481434,0.00264375,0.117051,0.00291371,0.00459912,0.0563445,0.0463236,0.0147156,0.00310554],[-0.0506607,0.050117,-0.186733,-0.302984,-0.05501,-0.296627,0.00759319,0.00719227,-0.000324028,-0.0750926,-0.000295515,-0.427511,-0.014657,-0.0140929,0.00115562,-0.0144726,-0.0414193,-0.0028442],[-0.00150541,0.0246532,-0.0253958,0.0910421,-0.0947371,0.312265,-0.00869083,0.00196762,-0.00133161,0.0189461,-0.00133073,-0.0136547,0.00535931,0.00607873,-0.0436211,-0.0151306,0.0385934,-0.00308731],[-0.0984826,0.042279,-0.29879,-0.98815,-0.00981794,-0.255442,0.0301217,-0.00611764,-0.0148872,0.0772231,-0.0143487,-1.1439,-0.00993957,-0.00870998,-0.0772735,0.163941,0.00341169,-0.00271677],[0.164278,0.0897524,1.44249,0.416109,1.3202,5.80405,-0.0579452,0.0570253,0.0313114,-0.321045,0.0317802,1.96809,-0.0855364,-0.0777442,0.2339,0.255644,0.868297,0.0095048],[0.0725771,0.0505107,-0.651524,-0.352348,0.873115,-0.545768,-0.0562507,0.044499,-0.134031,-0.144035,-0.13274,3.08598,-0.0658341,-0.0735819,-0.234348,-0.541686,0.151609,-0.0502029],[0.0543662,0.0304685,-0.173859,0.371233,0.225723,0.409724,-0.0010132,-0.00198456,-0.0107881,-0.264249,-0.0108955,0.299457,-0.0112792,-0.0140261,0.263018,0.0370008,0.0118525,0.000561192],[0.0908712,-0.101306,-0.328665,-0.114331,0.77123,-0.606825,0.0193276,0.0586855,-0.137083,-0.0854525,-0.139612,3.25603,-0.0672174,-0.0758122,-0.127247,-0.357002,0.0982502,-0.0609698],[0.0051218,0.013579,0.0128977,0.0416161,-0.0252638,0.00679186,0.00358663,-0.000442145,-0.00110267,-0.00560702,-0.00112638,0.119719,0.000665154,-0.000775603,0.0395524,0.0357765,0.000647634,-0.00169115],[0.563697,0.133955,-0.520568,-1.8483,0.473355,4.01648,0.0616243,0.062864,-0.0786417,0.228309,-0.079699,-2.25959,-0.0884889,-0.057627,-0.86264,-0.715132,0.215294,-0.0492893],[0.178909,0.0247888,-1.10963,-2.63254,0.62891,1.63615,-0.0752492,-0.0138612,-0.0577336,-0.544417,-0.0563288,1.78829,-0.126961,-0.180384,0.416366,-1.06396,-0.180589,-0.0458791],[-0.00923513,-0.00339403,0.104674,-0.0922341,0.00460538,-0.0432229,-0.016803,0.00271486,0.00527109,0.0118158,0.00538031,0.282258,-0.00797475,-0.00419895,-0.0151675,-0.034924,0.00723778,-0.000250054],[0.0432743,0.019392,0.0555798,0.100981,0.149429,-0.230633,-0.0054395,-0.000966284,-0.0052291,0.00931112,-0.00516852,-0.47903,-0.0109841,-0.00353939,-0.154307,-0.00184687,0.0104428,-0.00162233],[0.0856628,0.123792,-0.0752544,-0.658817,0.17308,-0.0893283,-0.0133561,-0.0191747,0.00864286,0.0955954,0.00850395,-1.17574,-0.00196754,0.00164923,-0.241728,0.142993,0.0333547,0.021859],[-0.362573,-0.182127,-1.24155,3.86052,-0.979559,1.9775,-0.564994,-0.0223563,0.101623,0.648373,0.102909,-3.12679,-0.121349,-0.0353048,-1.56813,0.175759,-0.37874,-0.0172538],[-0.0643339,-0.206767,-0.177144,0.278305,-0.138624,-0.497745,-0.02077,0.0197534,0.00525485,0.0146328,0.00528671,0.865139,0.0278852,0.00624594,0.353602,-0.0926882,0.0600327,0.00612246],[0.00505166,0.184392,-0.254147,-0.728105,0.0598241,-0.201859,-0.0114825,-0.0102743,0.00565096,-0.0315262,0.00573898,0.830195,0.0185411,0.0104566,0.242968,-0.00298436,0.0145131,0.00518189],[-0.0325757,0.015825,0.0841493,-0.0750994,0.0173582,-0.0829275,-0.0163359,0.00339635,-0.00587663,-0.01185,-0.00579012,0.181201,-0.00423197,-0.0119143,0.113288,0.0534141,0.00254407,0.000918618],[0.0129945,0.0134371,-0.0491491,0.0884918,0.0693229,-0.0766332,-0.00945994,-0.00138269,-0.00119611,0.0302485,-0.00125861,-0.295953,-0.00586405,-0.00147693,-0.066365,-0.00043364,-0.0179658,-0.000115814],[-0.029315,0.00100239,0.0789177,-0.0341412,0.112595,-0.0262009,-0.0102232,-0.0041302,-0.00504063,0.0481489,-0.00506246,-0.435391,-0.00911339,-0.00741564,-0.0368385,-0.0145455,-0.0295918,-0.00362209],[-0.0184966,-0.00805626,-0.0514169,0.0209226,0.0161839,0.11819,-0.000595815,0.00282316,0.00124276,-0.0250184,0.00121462,0.134328,-0.00109321,-0.00566759,0.0475745,0.0447073,-0.01363,-0.000583531],[-0.257963,0.0175723,0.372266,0.16928,-0.701349,0.628138,-0.0111646,0.00226625,-0.00315685,-0.057845,-0.00401249,-0.0454159,0.0224661,0.0167744,-0.253495,0.260742,0.0248134,-0.0154581],[-0.224973,0.298558,-0.00358299,-0.947526,-1.41086,-2.4006,0.304264,0.164366,0.115958,0.34676,0.116453,-4.47067,-0.00143506,0.0247582,-0.651317,-0.246877,-0.0961022,0.010764],[0.36603,-0.0159074,-0.0127217,0.53562,0.935703,-1.17541,0.0222204,0.0213872,-0.0553186,-0.146014,-0.0551014,-1.52974,-0.0425591,-0.00911836,-0.136644,-0.573785,-0.0548268,-0.0324103],[-0.0963627,-0.102266,0.245567,-0.0780645,-0.173778,-0.309248,0.0468813,0.0182979,-0.000562316,0.072637,-0.000530506,1.01074,0.00159445,-0.00993444,0.0823425,0.118603,0.00728527,0.00423728],[0.316172,-0.0308583,-0.0216258,0.405406,0.825236,-1.19955,0.0181534,0.016477,-0.0599968,-0.171702,-0.0597135,-1.58291,-0.0383857,-0.00101362,-0.262726,-0.731405,-0.0851877,-0.0315984],[-0.00687537,-0.00234057,-0.0168622,-0.00976889,-0.00771815,-0.0537274,-0.00400535,-0.00189393,-0.000856746,-0.0125717,-0.000835877,-0.00595616,-0.000548426,-0.000148591,0.00224253,-0.0407045,-0.000800987,-0.000440279],[-0.0420931,0.0370215,1.40638,0.594046,-0.71708,-1.55681,0.0491337,-0.0337105,-0.0554958,0.121945,-0.0549857,0.393423,0.02322,-0.00865814,0.813439,-0.0226339,0.240332,0.0167704],[-0.38701,-0.151663,1.21222,0.263063,-1.87692,-0.192879,0.025355,0.012711,-0.0429754,0.113735,-0.0428183,2.52107,0.0539533,0.0585875,0.642979,0.263008,0.393979,0.00282385],[-0.00472597,-0.0115466,-0.0341699,-0.153506,0.0371352,-0.207966,-0.00978685,-0.00725051,0.00608041,0.00367349,0.00599988,0.097112,-0.000428324,-0.00407033,0.0256874,-0.0724378,-0.0196411,0.00323091],[-0.00253916,-0.0164854,0.0761973,0.0339113,0.0746797,0.108878,-0.0116311,0.000901462,-0.0018291,0.0296603,-0.00185909,-0.389414,0.000532803,0.00424041,-0.150512,-0.0688905,-0.0129684,0.000891397],[-0.0138875,0.0330623,-0.150179,-0.167831,0.283924,0.0856595,0.00559974,-0.00539056,0.0121114,-0.0704014,0.0122309,0.0696434,-0.0154088,-0.0201459,0.0233275,-0.0116264,0.127895,0.00971915],[-0.521508,-0.616792,-1.94494,-7.22172,0.685094,-0.412517,-0.0137017,-0.0361146,-0.0331853,0.478702,-0.0328715,-7.58513,0.0282581,0.0765316,-0.873472,-1.12023,-0.241612,-0.0824252]],"sigmahat":[[1.18488,-0.16978,0.850193,1.41712,1.68217,1.39321,0.0765813,0.010744,0.015284,-0.250993,0.0157701,2.44895,0.0223223,0.014436,1.02817,0.99629,0.265276,0.0342106],[-0.16978,1.53141,-0.871843,-0.457956,-0.376563,0.745227,-0.189065,-0.00142269,-0.0206593,0.028135,-0.020648,-3.01918,-0.0575158,-0.0638325,0.0251566,0.205974,-0.250178,0.0302993],[0.850193,-0.871843,9.44449,5.31125,0.209594,0.602998,0.00115451,-0.0505859,0.0377144,0.679155,0.0377371,6.03345,0.201029,0.0531465,3.46735,0.764539,0.645384,0.0535939],[1.41712,-0.457956,5.31125,27.7518,-0.568835,3.4601,-0.296761,-0.0896251,0.0358542,-0.213227,0.0344919,5.24579,0.211039,0.159237,4.6838,-1.04826,0.148808,0.135831],[1.68217,-0.376563,0.209594,-0.568835,7.7405,-0.399765,-0.21765,-0.0937589,-0.00451597,0.0106803,-0.00305299,-1.20557,-0.144314,-0.0895958,-0.876618,-0.0446953,-0.125915,0.0147257],[1.39321,0.745227,0.602998,3.4601,-0.399765,33.2392,-0.493945,0.0991529,-0.00292315,-0.622462,-0.00105826,15.9931,0.189485,0.096977,2.09984,4.86209,0.68167,0.113121],[0.0765813,-0.189065,0.00115451,-0.296761,-0.21765,-0.493945,0.396052,0.0174246,0.00172398,-0.207924,0.00160666,0.622792,0.0304033,0.0142439,0.329464,0.841135,0.136103,-0.0063498],[0.010744,-0.00142269,-0.0505859,-0.0896251,-0.0937589,0.0991529,0.0174246,0.0370296,-0.00229331,-0.0245056,-0.00235793,-0.0582316,-0.0105343,-0.0132334,0.170407,0.137234,0.0247509,-0.00403712],[0.015284,-0.0206593,0.0377144,0.0358542,-0.00451597,-0.00292315,0.00172398,-0.00229331,0.0198862,0.0146302,0.0183632,0.542169,0.0122684,0.00580944,0.0592295,0.0754743,0.0104757,0.00592604],[-0.250993,0.028135,0.679155,-0.213227,0.0106803,-0.622462,-0.207924,-0.0245056,0.0146302,1.55309,0.0143522,-4.13063,0.0446615,0.0988887,-1.96044,-0.477501,-0.168515,-0.0139021],[0.0157701,-0.020648,0.0377371,0.0344919,-0.00305299,-0.00105826,0.00160666,-0.00235793,0.0183632,0.0143522,0.019812,0.541974,0.0122219,0.00576584,0.0589074,0.0754057,0.0104788,0.00588967],[2.44895,-3.01918,6.03345,5.24579,-1.20557,15.9931,0.622792,-0.0582316,0.542169,-4.13063,0.541974,117.602,1.25005,0.147933,21.5329,11.722,5.0299,0.307815],[0.0223223,-0.0575158,0.201029,0.211039,-0.144314,0.189485,0.0304033,-0.0105343,0.0122684,0.0446615,0.0122219,1.25005,0.0564623,0.0364615,0.209293,0.155383,0.0801048,0.0107622],[0.014436,-0.0638325,0.0531465,0.159237,-0.0895958,0.096977,0.0142439,-0.0132334,0.00580944,0.0988887,0.00576584,0.147933,0.0364615,0.045012,-0.202082,-0.0177122,0.035286,0.00423532],[1.02817,0.0251566,3.46735,4.6838,-0.876618,2.09984,0.329464,0.170407,0.0592295,-1.96044,0.0589074,21.5329,0.209293,-0.202082,11.5843,3.72701,1.22024,0.0824305],[0.99629,0.205974,0.764539,-1.04826,-0.0446953,4.86209,0.841135,0.137234,0.0754743,-0.477501,0.0754057,11.722,0.155383,-0.0177122,3.72701,8.9988,1.04472,0.040592],[0.265276,-0.250178,0.645384,0.148808,-0.125915,0.68167,0.136103,0.0247509,0.0104757,-0.168515,0.0104788,5.0299,0.0801048,0.035286,1.22024,1.04472,0.723873,-0.00321367],[0.0342106,0.0302993,0.0535939,0.135831,0.0147257,0.113121,-0.0063498,-0.00403712,0.00592604,-0.0139021,0.00588967,0.307815,0.0107622,0.00423532,0.0824305,0.040592,-0.00321367,0.0169414]],"n":18,"lags":3}