{"betahat":[[0.0290938,0.0394569,-0.194772,0.0337297,-0.0337264,-0.19973,0.0981398,-0.119729,-0.140869,0.141436,-0.00210694,-0.00324513,-0.0582122,0.000627125,-0.00345191,0.439683,0.649088,0.132589,0.157804,-0.024145,-0.215156,0.742898,0.00774529],[0.2918,0.11353,1.48183,0.187618,0.240758,0.455848,-0.215026,-0.104426,0.0903806,-0.0894373,0.0228227,0.0151562,0.0432985,-0.00510948,-0.0203464,0.122866,-0.11814,0.12043,0.263983,0.0204455,-0.265643,-0.0647505,0.0323445],[0.00854497,0.0192099,-0.25634,-0.00899222,0.0802431,-0.089812,0.0375755,0.0185012,0.181318,-0.0740274,0.00880567,-0.00980609,-0.017624,-0.0129538,-0.00787305,-0.0329633,-0.0376602,-0.0291722,0.000265655,-0.0234857,0.10372,-0.0341631,-0.0138536],[0.00381969,-0.00315411,-0.000389316,0.00287924,-0.0175781,-0.0246069,0.00872004,0.00244455,-0.0242177,0.00274437,-0.00153728,0.00152139,0.0013885,0.002099,0.00182917,-0.00425179,-0.00211623,0.018459,0.0170458,0.00662709,0.00714117,-0.00456437,0.00150408],[-0.0368955,0.215014,0.160229,0.228601,-0.181332,0.124547,-0.140322,-0.00937074,0.666244,-0.0239845,-0.00998073,-0.031153,-0.0216327,-0.0451024,-0.0238938,0.0830761,-0.0256142,0.0510157,0.0641352,-0.0128984,-0.585834,-0.18772,-0.0192419],[-0.0102488,0.00755502,0.0781235,-0.00811801,0.000340909,0.0544829,0.0156695,-0.000418674,-0.0348971,-0.00335184,0.00142524,-0.00143181,0.00816757,0.000244023,0.0113907,-0.0058797,0.016884,-0.0105043,-0.0138075,0.0210177,-0.040228,-0.00744794,-0.0041667],[-0.00928159,0.00341913,-0.0559222,-0.0114457,-0.0139976,-0.0010474,-0.00534757,-0.00745216,-0.0090654,-0.0140068,-0.000320245,-0.000643655,0.01224,0.00144162,0.00560953,0.0198263,0.0189412,0.00359701,-0.0179725,-0.0155536,0.00778786,0.0147111,0.000231717],[0.00944088,-0.0594551,0.0785385,-0.045735,0.0561548,-0.0205119,0.120981,0.0266227,-0.0756129,-0.0117698,-0.000440716,0.0178933,-0.00050301,0.0216999,0.00612382,-0.0945726,0.00865473,0.010275,0.0296868,-0.0253591,-0.456729,0.104116,0.0222164],[-0.0181365,0.0544751,-0.113808,-0.0664957,0.00402879,-0.00244771,0.0541848,0.563968,-1.01289,-0.348801,0.0307182,-0.0229388,0.046613,-0.0110226,0.00550493,-0.442679,0.315985,-0.0660806,0.0958217,0.0548072,0.654504,-0.240708,-0.00993895],[-0.00010492,0.00248082,-0.0194583,-0.00158068,0.00701157,-0.000549465,7.65656e-05,0.000213547,0.152169,0.00709537,-0.0015558,-0.00228669,-0.000769331,-0.00192611,0.00047044,0.00960987,0.00103414,-0.0082568,0.015637,-0.00503242,0.0341737,0.0600617,-0.00226544],[0.00405092,-0.00605458,-0.110737,0.00350319,-0.00420658,-0.0356396,-0.0146655,-0.00394531,0.125618,0.0688224,-0.00668577,-0.0035784,-0.0122468,-0.00585947,-0.000198516,0.00168741,-0.00101676,0.00352179,0.0345402,0.0162674,-0.116962,0.0183123,-0.00332415],[-0.0218708,0.0896572,-0.351963,0.0133817,-0.0395048,-0.13327,-0.00140977,0.0224055,-0.266418,-0.088001,0.0387421,-0.00774346,-0.0238664,-0.0103309,-0.025685,-0.0546345,0.0345356,-0.0669914,-0.0709733,-0.0159455,0.948256,0.108132,-0.00226521],[0.0525223,-0.126356,-0.10307,0.0260572,-0.30499,-0.568838,-0.0546653,-0.0479224,-1.20314,0.0190792,0.0116819,0.1037,-0.0174708,0.0858694,-0.0148498,-0.0543219,-0.0861139,-0.0618239,0.112257,-0.0605196,0.253913,-0.289836,0.0970051],[-0.0160506,0.0316675,-0.00747843,-0.0314769,-0.0533651,-0.028442,0.0168216,-0.0049049,-0.141776,-0.0799866,0.0199815,0.00929275,0.0562777,0.0169952,0.00644366,0.0320165,0.0243669,0.00797437,-0.0556379,0.0159796,0.0477051,0.00983012,0.0128896],[0.0452465,-0.162625,-0.00464984,-0.0517289,-0.28092,-0.567829,0.0214376,-0.0470614,-1.37556,0.0223775,0.0107588,0.127977,-0.0167725,0.124226,0.000527475,-0.0465695,-0.142866,-0.0770603,0.0746596,0.000493421,0.337088,-0.199791,0.11554],[-0.0137634,-0.0727687,-0.0981933,-0.0763997,-0.0136847,-0.0429937,0.0199203,-0.0203063,-0.187828,0.0559639,-0.0180309,0.0286931,0.0472952,0.0331739,0.0313503,0.0414725,-0.00256412,-0.0137867,0.0220904,0.0735207,-0.179897,-0.00155966,0.0362948],[-0.00501696,0.0537895,0.479836,-0.0579121,0.063863,0.263062,0.0137833,-0.169567,0.604262,-0.0277631,0.00673534,-0.0129775,0.0215535,0.00328112,0.00375449,0.394357,0.266192,0.0468662,-0.0946445,0.000385709,-0.181731,0.71461,-0.00156563],[-0.0124691,-0.00774561,-0.120779,-0.0193608,-0.0107522,0.033413,-0.017621,0.042097,-0.240681,0.0399461,0.00249368,0.00400258,0.0290381,0.00368045,0.0133587,0.0929904,0.542069,0.0488798,0.0449722,-0.00941636,-0.113554,0.547118,-0.00347918],[-0.0147127,0.040602,-0.151325,-0.00414962,-0.0566647,-0.177566,-0.00887441,-0.0929928,-0.487065,0.130497,0.00560952,-0.0140039,0.0257616,-0.0105155,-0.0141355,0.0269824,0.0427345,0.545232,0.0680253,0.00692393,-0.138443,-0.411113,-0.00945537],[0.0397556,-0.0261671,0.22538,0.110587,0.0662526,0.0574085,-0.0330079,0.0824927,0.737824,0.140251,-0.0258369,0.00507648,-0.0596166,-0.00127441,-0.0107373,-0.0568579,0.0665911,0.0126726,0.536892,0.014451,-0.19673,0.106023,0.0092331],[-0.00044447,0.000724164,-0.0662614,-0.000178174,-0.0203399,0.0120345,-0.00190826,-0.0068473,-0.0261903,-0.0116105,9.22009e-05,0.00170758,-0.000200718,0.000563,-0.00298737,0.00977506,0.00242559,0.00247115,-0.011588,0.000826666,-0.0406123,-0.0159903,0.00447796],[-0.00101146,-0.00355728,-0.0588691,-0.00403991,-0.000781735,-0.00869121,0.00619979,0.000606687,-0.0114537,-0.0039705,0.00140016,-0.000243796,-0.000298861,-0.000994557,0.000408496,-0.000129098,0.0192314,-0.00403876,-0.00541018,0.00203598,-0.0479437,0.0101376,-0.00131515],[-0.00114134,0.0106586,0.022097,-0.00167404,-0.0150967,-0.0241702,0.00146848,0.00138145,0.106014,0.0023991,0.00333367,0.000392447,0.00301719,0.000674533,-0.000567698,0.0200494,0.052963,-0.00168315,0.011181,0.00371121,0.116219,0.170269,0.00105188],[0.000204868,-0.00826266,0.0471402,-0.0106594,-0.0921127,-0.153874,-0.0260478,-0.0395108,-0.267801,-0.0011461,0.00526331,0.0233538,-0.00539773,0.0237854,-0.00617556,0.0133746,-0.0477405,-0.0259822,0.0245382,-0.0620021,-0.103253,-0.101361,0.0145271],[0.0236995,0.0195628,0.062811,0.0146753,0.0610334,0.146059,-0.0482333,-0.0314093,0.0894214,-0.0477911,0.00126033,-0.00989066,0.00649907,-0.0106241,-0.0129766,0.0576575,-0.02795,0.0108687,0.0476424,-0.00316876,-0.0640723,0.0295992,0.0021127],[-0.00330358,-0.0113256,-0.154049,-0.0155548,0.030421,-0.041274,0.0262119,0.00484488,-0.0137562,-0.0110437,-0.00319638,-0.00419606,-0.00846829,-0.00467612,-0.00104482,-0.0101367,0.00268495,-0.012806,-0.0152235,-0.0109494,0.256619,-0.0442931,-0.00401293],[-0.000218175,-0.00213342,-0.0133588,-0.00147372,-0.00704184,-0.0116789,0.00165772,0.000891836,-0.0101321,-0.000416816,0.000979841,0.000521672,8.60171e-05,0.000866224,-0.000728167,-0.00321892,-0.00415353,0.000890513,-0.00159152,-0.00305748,-0.00777243,-0.00436149,0.000835414],[-0.0169368,0.0388841,-0.216335,-0.0073999,-0.101006,-0.123409,-0.0125498,-0.00999622,0.230226,-0.0102817,-0.0107286,-0.012638,-0.00907013,-0.0122861,-0.00677584,0.0425389,-0.0124539,-0.00419407,-0.0135556,-0.0123254,0.232414,-0.0224499,-0.0106918],[-0.0014336,-0.00576937,-0.0192978,-0.0050079,-0.047015,-0.0424139,2.37002e-05,-0.00114994,0.0112626,0.00301154,-0.000551841,0.000344446,0.00117645,0.000738601,0.0013843,0.00238561,0.000420867,-0.00299372,-0.00216619,-0.0015418,-0.020692,0.0127359,0.000101724],[-0.00045055,-0.00654037,0.0141219,-0.00443264,-0.0344388,-0.037548,0.00199316,-0.00233499,-0.00624331,-0.00432885,-0.000671204,5.53303e-05,0.00212052,0.00112747,0.00068733,0.00774905,-0.00112855,0.00064002,-0.00701829,0.00228661,0.0214262,0.00582314,-0.000255822],[0.0100325,-0.000777495,0.117874,3.12387e-05,-0.0414296,-0.04751,-0.0204394,-0.00340948,0.0442697,0.0224117,-8.43061e-05,0.0102658,-0.00424242,0.00987972,-0.00480705,-0.0157352,-0.0330783,0.0141258,0.0296836,-0.037229,-0.219947,0.0270654,0.00885261],[-0.00531863,0.00982157,0.185539,-0.0483863,0.0656892,0.159315,-0.00593637,0.0884565,-0.53884,-0.106731,0.00378182,0.00172523,0.00424296,0.00903097,0.00299659,-0.036892,0.0702291,0.0236714,-0.0229655,-0.020441,-0.0872676,-0.143218,0.00884174],[0.000420106,-9.14888e-05,-0.00287048,-0.000641363,-0.000339145,-0.00186243,0.00175829,1.46922e-05,0.0336293,0.000580284,-2.97191e-05,-6.85554e-05,5.60895e-05,-6.55931e-05,0.000397829,0.00224382,0.00134942,-0.00251512,0.00389298,0.000827907,0.00927129,0.018088,-8.20584e-05],[0.00194164,0.00335106,-0.0151002,0.0042394,-0.00217409,0.00191262,-0.00457326,-0.00269654,0.0234418,0.00860213,-0.000130118,-0.00114351,-0.000683823,-0.00143268,-0.000896157,0.00292236,0.00310138,0.00147098,0.00489188,0.00103201,-0.00904774,0.00466776,-0.000686314],[-0.00752717,0.00416566,-0.025078,0.00628398,0.00864426,-0.0117065,0.0121814,0.00264518,-0.100536,-0.0156198,-0.000793459,-0.000218952,-0.00626204,-0.00387465,-0.000210169,-0.0178384,0.00958919,-0.00518933,-0.012914,0.0278289,0.111039,-0.0282313,-0.00498725],[0.0114747,0.0310025,0.127119,0.0353843,0.000616814,0.0533999,-0.0288302,-0.00995268,-0.230646,0.00465151,0.00277792,0.0114247,-0.00850589,0.0081589,-0.00488077,-0.0163036,-0.0242335,-0.0230821,0.0350501,0.0192316,-0.0264749,-0.0801332,0.0113044],[-0.00264393,0.00378705,-0.0458148,-0.000215259,0.000396463,-0.0349392,0.00618089,0.00461701,-0.0349809,-0.0118114,0.00156798,0.00516239,0.00149459,0.00459834,-0.00132531,-0.0103482,-0.00012478,-0.0105693,0.00214602,-0.00877209,0.0191286,-0.0326784,0.00336625],[0.0114852,0.0256582,0.102293,0.0228333,-0.0457127,-0.0431336,-0.014127,-0.00557599,-0.331878,-0.00182934,0.0107456,0.0132189,-0.00327221,0.0111209,-0.00446107,-0.0151734,-0.0209145,-0.0159632,0.0327215,0.0359932,0.0960867,-0.0619423,0.0134821],[0.000476552,0.00169673,-0.0338185,-0.007151,-0.0343055,-0.0221641,-0.0191678,0.000755622,-0.048407,0.0220104,0.00248601,0.0107886,0.00973742,0.0128454,0.00172041,0.0029993,-0.00478483,-0.00453373,0.00140244,-0.0144996,-0.0192715,0.0114267,0.0118909],[-0.00616044,-0.00661304,0.0401929,-0.0233765,0.0401383,0.00944436,0.0248768,-0.0262419,0.0792879,0.00444056,0.00783488,-0.00224783,-0.00152444,0.00149063,-0.0013384,0.0520257,0.0526247,-0.00605522,-0.0268689,-0.00859719,0.212817,0.178154,0.0034746],[-0.00162494,-0.0119839,0.0214703,-0.000488817,0.00819282,-0.0258471,0.00683246,0.00962929,-0.13949,0.0184772,-0.0026018,0.00377705,0.000794644,0.00263862,0.00374936,0.00710098,0.126834,0.0212309,0.0312045,-0.000784282,-0.0197347,0.0330677,0.00425645],[-0.00874723,-0.0145554,-0.234251,-0.00602997,0.0456701,0.0406446,0.0137024,-0.0376573,-0.176444,0.000795576,0.00707849,0.00298868,-0.0040521,0.00100784,-0.00459296,0.000648218,0.00962167,0.0701402,-0.0105579,0.00503614,0.0512222,-0.140003,0.00243048],[0.000424639,0.00297872,-0.178924,0.0094408,0.00903254,0.0594196,-0.0260947,0.0037303,0.167604,-0.00153175,0.00284964,-0.00117455,-0.00548927,-0.000777761,-0.00321616,0.0208995,0.0542047,-0.0282818,0.0643883,-0.00801589,0.0392918,0.0389884,-0.00198284],[-0.000161516,0.00353437,-0.0142793,0.00010331,0.00177916,0.000766938,-0.00497863,0.000551329,-0.00103107,0.000373591,0.000990393,-0.000294815,0.000412336,-0.000155816,-0.00158467,-0.00102942,-0.00141982,0.00137186,-0.000266028,-0.0203235,-0.0417579,-0.00565778,0.000501911],[-9.12919e-05,-0.000640547,-0.00421147,-0.000952759,0.00338297,0.00168128,-0.00114163,0.00100397,0.00403182,0.000125902,0.000107788,-0.00013985,0.000266926,-0.000397424,0.000239226,-0.00198142,0.00226297,-0.00196789,-4.10292e-05,-0.00256165,-0.0320516,0.0045792,-0.000212581],[0.00119784,0.00141924,-0.000792451,0.000244723,-0.00426902,-0.00873642,0.00263183,0.00158503,0.0142242,0.000197441,0.000979028,0.000632921,-0.000570328,0.000260179,-0.000769604,0.000289453,0.0108735,-0.00159241,0.00449505,0.000274452,0.0244179,0.0312385,0.000435446],[-0.000155485,0.0187173,0.0973397,0.00736446,-0.0179595,0.00206239,-0.0132817,-0.00288736,-0.0859649,0.00349442,0.000813407,0.00131416,-0.000535701,0.00122699,0.00116788,-9.93045e-05,0.00234784,-0.00798869,0.00472106,0.0180389,-0.0800184,-0.0382085,-0.000491919],[-0.0158298,-0.00183949,0.000788929,0.00682529,0.00831924,0.0440219,-0.0224454,-0.00800637,0.0234834,-0.0372493,-0.00374376,-0.00631799,0.00212006,-0.00525949,-0.00540548,0.0103017,0.000541627,-0.00152464,-0.00135646,0.0105087,0.0536214,-0.00159404,-0.00668659],[-0.00216866,-0.00799572,-0.0113906,-0.00780051,0.0016066,0.00669601,0.0120379,-0.000319591,0.0251939,0.00610595,-0.00275301,-0.00173406,0.000210955,-0.00156616,0.00172737,0.00132372,0.0023537,-0.000273289,-0.00552766,0.000332623,-0.0273778,0.00411068,-0.00184761],[-0.000327817,0.00123398,-0.017234,-0.00074871,0.00319445,-6.38398e-05,-0.000552899,0.000280896,-0.00446675,0.000107951,0.00068034,0.000203594,0.000296751,0.000299781,-0.000254457,-0.0015082,0.000632111,-0.000570029,-0.00109305,-0.00347189,0.0175692,0.00119958,0.00044808],[-0.00926517,0.00832768,-0.0631291,-0.01828,-0.00314485,0.00452542,-0.00872284,-0.0065669,0.116676,-0.00558756,-0.00292891,-0.00596301,-4.35969e-05,-0.00385779,-0.000342497,0.0256845,-0.00753812,-0.00757103,-0.0228063,0.0063408,0.0112999,-0.0193317,-0.00473743],[-0.000399015,-0.00172005,-0.00188474,0.000355356,-0.00586721,-0.00235483,-0.00411495,-0.00141763,0.00425593,0.00168466,-0.000219953,0.000846183,0.0006029,0.00117054,-0.000294305,0.00281455,3.8456e-05,0.000148328,-0.00128438,0.000580185,0.00487114,0.00555427,0.000629633],[-0.000905767,-0.000855709,-0.00666503,-0.00148769,-0.00173004,-0.000408927,-0.000258709,0.000160968,0.000233919,0.00148363,8.89673e-05,0.00016261,0.00149078,0.00071063,0.000635698,0.00161536,0.00222627,0.000633596,-9.69931e-05,0.000827028,0.0149663,0.0055166,0.000269973],[0.00499101,-0.0113943,0.00090183,0.0046502,-0.0215136,-0.0568227,-0.0100021,-0.00142315,-0.00905648,0.0158678,-0.000697693,0.00573485,-0.00638205,0.00455596,-0.00156887,-0.00780869,-0.0117372,0.00582257,0.0178654,0.00204645,0.04139,-0.00336861,0.00395817],[-0.0098133,-0.020747,0.158486,-0.0339909,0.0390777,0.079718,-0.00856816,0.0173203,-0.346502,-0.0571305,-0.00125724,0.00211488,0.00495222,0.00793247,0.0033338,0.00874288,0.0205814,0.0305162,-0.0413416,-0.00932719,-0.0546238,-0.08268,0.00351778],[3.23762e-05,-0.00045934,-0.00731673,-0.000373604,0.000346982,-0.00216392,0.00116626,9.81308e-05,0.0170185,0.000532672,-7.97197e-05,2.82882e-05,1.43443e-05,2.5985e-05,9.74e-05,0.000710393,0.000801514,-0.00136752,0.00213777,-0.000783239,-0.00207732,0.0096123,0.000145341],[0.00150283,0.0038702,0.000617094,0.00339448,1.41381e-05,0.00705825,-0.00271495,-0.000658729,0.0163561,0.00221146,-8.20934e-05,-0.000535825,0.000223216,-0.000785132,-0.000145157,0.00268751,0.00307624,-0.000165741,0.00109974,-0.000880362,-0.0178155,0.00911804,-0.000599963],[0.000645486,-0.016642,-0.0263376,0.00154627,0.0172539,0.000692346,0.0145556,0.00310701,-0.0337323,-0.00682714,-0.00109568,0.00125718,-0.00374348,-0.0011816,0.000254853,-0.0096565,0.00954021,-0.00717985,0.00117791,0.010182,0.00362299,-0.00858262,0.00144338],[0.00213978,0.014361,0.0037766,0.0173749,0.0167275,0.0413521,-0.0208651,0.00116718,-0.0701766,0.00810926,0.00180672,0.00163202,-0.00150784,-0.000174437,-0.000977477,-0.0173304,-0.0023037,-0.0115729,0.0215396,-0.00817104,-0.0452027,-0.0421328,0.00299961],[-0.000844276,-0.00959927,-0.00416211,0.00319328,0.0202725,0.00778225,0.0154618,0.00535797,-0.0400813,-0.00772552,-0.000379049,0.00178915,-0.00189097,0.000916592,0.000391843,-0.0145083,-0.00190798,-0.00527081,0.00100136,0.00451244,-0.0255943,-0.0193965,0.000719725],[0.00598652,0.030824,0.0503143,0.0213846,0.0398088,0.054277,-0.00859459,0.000153687,-0.130535,-0.00358957,0.00429789,0.00143922,-0.00470714,-0.000996804,-0.00453042,-0.0202994,-0.00907871,-0.00543682,0.0129677,-0.0155644,-0.000685889,-0.0527939,0.00227572],[0.00199185,-0.00555218,-0.0156164,-0.0075446,0.0134538,0.00139773,-0.00161512,0.00200431,-0.0483189,0.00173762,0.00327022,0.00285755,0.00367921,0.00353047,-0.000113185,-0.00573347,-0.010838,-0.00844905,-0.00528053,-0.00457293,-0.0278596,-0.0140632,0.0036658],[-0.000252598,-0.00236897,0.0164634,-0.0122275,-0.0233393,-0.0302899,0.0154473,-0.00999739,0.0167262,0.00555601,0.0047364,-0.000847564,-0.0033185,0.00101408,-0.00306631,0.0126845,0.018166,0.00445767,-0.00639697,0.0127568,0.0847315,0.0849376,0.000443804],[0.00138299,-0.0137134,0.0414707,0.00366287,0.00180253,-0.00348105,0.00595545,0.00381639,-0.0778883,0.0186133,-0.00291701,0.0014581,-0.00457798,0.000769492,0.000626988,0.00111935,0.0386303,0.00683882,0.0139999,0.00550685,0.00703055,-0.0179715,0.00167613],[-0.00442641,-0.0120818,-0.148997,0.00532182,-0.0126031,-0.00756673,-0.000365994,-0.0187229,-0.0686796,-0.00442056,-0.00193909,0.00075696,-0.00943054,-0.00159856,-0.00173043,0.00541333,0.00330523,0.00866907,-0.00457383,0.000677801,-0.0622047,-0.0915162,-0.00152522],[-0.00108001,-0.00243645,-0.128876,-0.00346522,0.00219499,0.0207687,-0.0132272,-0.00184396,0.0635072,-0.0138009,0.00295233,-0.0022413,-0.00257169,-0.00111229,-0.0023563,0.0208762,0.0182608,-0.0192371,0.00168805,-0.00407065,0.0546056,0.0152113,-0.00223451],[-2.33228e-05,0.000532417,0.00578799,0.000225858,-0.000100592,-0.00104439,-0.000257182,0.000497295,0.000209303,-0.000226434,0.00029087,-4.48902e-05,0.000148024,0.000199337,0.000231506,-0.00105669,-0.000644728,-0.000264566,0.000611778,0.00163112,0.0057302,-9.30771e-05,-0.000431361],[-0.000357911,0.000792697,0.00638275,0.000181411,-0.00166857,-0.00148604,-0.000749402,0.00045637,0.00203627,-8.9036e-05,3.16594e-05,-0.000118634,0.000234676,-0.000191153,3.77462e-05,-0.00028341,0.000852425,0.000152446,0.000898766,-0.000539587,-0.000947998,0.00134741,-0.000132246],[0.000561607,-0.000156161,-0.00829284,0.000423348,0.000790052,-0.00232584,0.00077602,0.00143396,0.00736823,0.000795817,0.000330051,0.000568082,-0.00106805,0.000310178,-0.00046884,-0.00172883,0.00591595,-0.00239516,0.00329166,-0.000508769,0.013832,0.0125139,0.000537229],[-0.000485728,0.00322203,-0.00969793,0.00326771,-0.0162634,-0.00481639,-0.00592164,-0.00144495,-0.0253211,-0.00112912,-0.000479959,0.000813931,-0.00135208,-0.000114325,-0.000418118,-0.000358027,-0.00479591,-0.00860691,-0.00696061,0.00524776,0.0621579,-0.0144614,3.17862e-05]],"sigmahat":[[0.157852,-0.00400507,0.45862,0.13558,0.17274,0.116808,-0.0385359,-0.0303415,0.322192,0.041621,-0.0115331,0.0118897,-0.051119,0.000292526,-0.0197856,0.10104,-0.0664957,0.0352718,0.246912,-0.0149371,-0.341003,0.141096,0.0164174],[-0.00400507,0.776195,0.600136,0.211247,-0.290736,0.557004,-0.374048,-0.136655,1.49106,-0.11561,0.0367813,-0.084523,0.04218,-0.0791273,-0.0342778,0.436011,0.137886,0.0420241,-0.0194684,-0.0101133,0.109542,0.425514,-0.0631786],[0.45862,0.600136,27.4763,0.211179,0.340439,5.21922,-0.282708,-0.297252,-0.518457,-0.341301,-0.168062,0.23712,0.330636,0.260092,0.177332,0.689286,-0.0559895,0.82688,0.441726,1.39111,-3.89243,1.47807,0.0311372],[0.13558,0.211247,0.211179,0.552285,0.212327,0.427413,-0.224029,0.0732864,0.938191,0.0341851,-0.0255899,-0.0430163,-0.121341,-0.0734098,-0.0553754,-0.0361125,-0.412667,0.076942,0.632288,-0.0521055,-0.817522,-0.579628,-0.0274692],[0.17274,-0.290736,0.340439,0.212327,3.77255,3.21413,0.347747,0.0547283,0.471604,0.0161957,-0.0397152,-0.0612089,-0.107485,-0.0716155,0.0126247,-0.0793544,0.0824616,-0.0208707,0.230353,-0.185287,0.116328,0.383948,-0.00176127],[0.116808,0.557004,5.21922,0.427413,3.21413,5.89076,-0.116326,-0.0798279,1.84425,-0.24376,-0.0533465,-0.0789364,0.00136463,-0.0738621,0.0197656,0.293803,-0.0135117,-0.0490003,0.122976,0.100004,-2.16274,0.2852,-0.0703395],[-0.0385359,-0.374048,-0.282708,-0.224029,0.347747,-0.116326,0.60981,-0.239673,-0.0706707,0.0739668,0.010892,0.0309745,0.0421391,0.0419198,0.0580198,0.226031,0.654181,0.0594362,-0.296484,0.16266,1.03976,1.58963,0.0110297],[-0.0303415,-0.136655,-0.297252,0.0732864,0.0547283,-0.0798279,-0.239673,12.4386,-43.5898,-11.5609,0.00487365,-0.0413073,-0.0479401,-0.0731829,-0.0274704,-22.1086,-29.3978,-7.52809,-5.36869,-0.0435261,0.503425,-58.0444,-0.0519619],[0.322192,1.49106,-0.518457,0.938191,0.471604,1.84425,-0.0706707,-43.5898,194.509,43.2578,-0.311377,-0.520179,-0.412474,-0.446666,-0.015446,79.9432,106.561,23.7504,25.1572,-0.440509,-0.0121939,221.124,-0.383667],[0.041621,-0.11561,-0.341301,0.0341851,0.0161957,-0.24376,0.0739668,-11.5609,43.2578,12.568,-0.0531876,0.0735551,-0.0225202,0.0919165,0.0590115,21.9483,32.7263,8.13189,7.42335,-0.0272109,-1.66011,60.6158,0.099776],[-0.0115331,0.0367813,-0.168062,-0.0255899,-0.0397152,-0.0533465,0.010892,0.00487365,-0.311377,-0.0531876,0.0423973,0.00532063,0.0237202,0.00817878,-0.00699761,-0.0263597,0.103824,-0.00935262,-0.0866831,-0.0263925,0.242981,0.147685,0.00784058],[0.0118897,-0.084523,0.23712,-0.0430163,-0.0612089,-0.0789364,0.0309745,-0.0413073,-0.520179,0.0735551,0.00532063,0.0576622,0.0143405,0.0548609,0.00644472,0.0116412,0.239351,0.0385205,0.0466991,0.0130397,0.0539996,0.266003,0.0455747],[-0.051119,0.04218,0.330636,-0.121341,-0.107485,0.00136463,0.0421391,-0.0479401,-0.412474,-0.0225202,0.0237202,0.0143405,0.111884,0.0293831,0.0330356,0.0842305,0.333953,0.0880977,-0.149113,0.046671,0.0842188,0.385185,0.00975328],[0.000292526,-0.0791273,0.260092,-0.0734098,-0.0716155,-0.0738621,0.0419198,-0.0731829,-0.446666,0.0919165,0.00817878,0.0548609,0.0293831,0.0597938,0.0127105,0.103345,0.385992,0.0708158,0.0321472,0.0178756,0.0678778,0.516302,0.044283],[-0.0197856,-0.0342778,0.177332,-0.0553754,0.0126247,0.0197656,0.0580198,-0.0274704,-0.015446,0.0590115,-0.00699761,0.00644472,0.0330356,0.0127105,0.0381159,0.119135,0.321727,0.0386817,0.0190926,0.042394,-0.0975223,0.435744,0.00276575],[0.10104,0.436011,0.689286,-0.0361125,-0.0793544,0.293803,0.226031,-22.1086,79.9432,21.9483,-0.0263597,0.0116412,0.0842305,0.103345,0.119135,44.387,64.663,15.5936,13.0497,-0.0161704,-2.58983,118.302,0.0839157],[-0.0664957,0.137886,-0.0559895,-0.412667,0.0824616,-0.0135117,0.654181,-29.3978,106.561,32.7263,0.103824,0.239351,0.333953,0.385992,0.321727,64.663,108.012,24.8553,23.5471,0.0330486,-3.37017,182.058,0.31517],[0.0352718,0.0420241,0.82688,0.076942,-0.0208707,-0.0490003,0.0594362,-7.52809,23.7504,8.13189,-0.00935262,0.0385205,0.0880977,0.0708158,0.0386817,15.5936,24.8553,7.29721,5.63634,0.0135232,-2.68535,41.2296,0.0652318],[0.246912,-0.0194684,0.441726,0.632288,0.230353,0.122976,-0.296484,-5.36869,25.1572,7.42335,-0.0866831,0.0466991,-0.149113,0.0321472,0.0190926,13.0497,23.5471,5.63634,8.0247,-0.11369,-2.73999,38.431,0.100274],[-0.0149371,-0.0101133,1.39111,-0.0521055,-0.185287,0.100004,0.16266,-0.0435261,-0.440509,-0.0272109,-0.0263925,0.0130397,0.046671,0.0178756,0.042394,-0.0161704,0.0330486,0.0135232,-0.11369,0.968195,1.33295,-0.00466439,-0.0235368],[-0.341003,0.109542,-3.89243,-0.817522,0.116328,-2.16274,1.03976,0.503425,-0.0121939,-1.66011,0.242981,0.0539996,0.0842188,0.0678778,-0.0975223,-2.58983,-3.37017,-2.68535,-2.73999,1.33295,40.9225,-1.10475,0.147267],[0.141096,0.425514,1.47807,-0.579628,0.383948,0.2852,1.58963,-58.0444,221.124,60.6158,0.147685,0.266003,0.385185,0.516302,0.435744,118.302,182.058,41.2296,38.431,-0.00466439,-1.10475,332.535,0.400086],[0.0164174,-0.0631786,0.0311372,-0.0274692,-0.00176127,-0.0703395,0.0110297,-0.0519619,-0.383667,0.099776,0.00784058,0.0455747,0.00975328,0.044283,0.00276575,0.0839157,0.31517,0.0652318,0.100274,-0.0235368,0.147267,0.400086,0.0589068]],"n":23,"lags":3}