{"betahat":[[0.148198,0.612217,-6.67903,0.578833,0.781266,-0.203262,0.139313,0.0433413,-0.161514,-0.0882318,0.000641232,8.47551,-0.0468964,-0.181907,4.61352,1.47689,1.32975,-0.0854305],[1.46391,0.519216,2.74542,0.309507,0.761168,1.17364,-0.295949,-0.141719,0.00775986,-0.0197006,-0.00172743,-4.29452,0.0205122,0.113771,-1.58125,0.208877,-0.671483,0.0061868],[-0.027617,0.805402,-0.823416,-0.140742,-0.0516039,-0.373976,0.0988161,-0.0245684,-0.0159286,0.020619,-0.000740075,1.15069,0.0248585,-0.0148286,0.294363,-0.168474,0.201476,-0.0123324],[-0.00150023,-0.0087962,0.674843,-0.000181175,-0.0723957,-0.081329,0.00503454,0.00379838,0.00235884,0.00218426,0.000141231,-0.0236389,0.00312385,0.00402666,-0.0159224,-0.0136486,0.0229828,0.00321605],[-0.00110192,0.444231,1.45436,1.36354,-0.430311,0.216836,-0.130923,0.0225747,-0.0204809,-0.071241,-3.64674e-05,-2.82125,-0.0118929,0.0106091,-0.736449,0.0115163,-0.144256,-0.0226419],[-0.00748189,0.0843625,0.551027,-0.00134846,0.771469,0.075622,0.0412672,0.000813026,-0.00299722,0.0426679,-0.000183128,1.29859,0.0344225,0.0150791,0.301994,-0.0376521,0.0905382,0.00330987],[0.00258666,-0.00761795,-0.358077,-0.0314999,-0.0455899,0.71375,-0.00752776,-0.000606182,0.00199542,-0.00956775,7.93768e-07,0.0817376,-0.00846935,-0.00801695,-0.0345766,0.0402486,0.0190525,-0.00103675],[-0.00898621,0.0214524,0.376793,-0.133675,-0.171,-0.365115,1.18982,0.00260973,0.000445699,0.0288313,-0.00065542,1.77079,0.0236856,0.0257166,-0.488798,-0.418587,0.54654,-0.00620086],[0.0260508,-0.404719,-3.3988,-0.11448,0.324774,-0.534399,0.41652,1.24916,-0.00308768,0.00530789,0.00112078,5.97201,-0.0632665,-0.0878654,2.58142,0.751147,1.30652,0.00537849],[0.0856407,-0.329915,0.0276106,-0.19963,-1.56325,-1.85385,-0.207122,-0.126677,1.26193,-0.0144146,0.000635559,1.99448,-0.0517432,-0.142461,2.18169,0.569546,-0.94071,0.118495],[-0.000996891,-0.100948,-1.00764,-0.223787,0.209409,-0.852195,0.0764642,0.105095,-0.0249663,0.79245,0.000132506,-0.142616,-0.287397,-0.239858,0.744844,0.0443767,-0.381931,-0.0829663],[-6.65167,51.3037,209.402,-17.3531,-51.8623,-10.89,20.6196,-9.80973,-1.13285,-0.551724,0.796556,30.5857,8.73306,8.51791,-30.2637,67.5118,23.7938,2.38452],[-0.00534303,0.0218866,-0.00579314,-0.000203593,-5.62514e-05,0.00686313,-0.0133521,0.00188646,-0.00214395,0.00140713,4.07331e-05,0.963904,0.00268897,0.00298952,-0.0469529,-0.0122974,-0.0409591,0.00152258],[0.228125,-0.486597,1.04292,0.263575,0.486969,0.981742,0.130389,-0.0424649,0.150617,-0.0480017,-0.0016722,-0.885516,1.01432,0.00721816,0.00294708,0.103565,0.321184,0.0259319],[-0.217425,-0.142322,3.04235,0.0123059,1.13101,1.35483,-0.0908342,-0.100046,-0.0368657,-0.0347903,0.000659889,-8.5795,0.118821,1.19264,-1.15767,0.466523,-0.607758,0.0436675],[0.00288035,-0.0419271,0.165062,-0.0191333,0.00420446,-0.0107834,0.0124788,0.00286471,0.0015612,-0.0124365,3.30545e-05,-0.00881785,0.0134073,0.00404912,1.08465,0.038622,0.0145942,0.000692442],[0.0159371,0.255911,0.144933,-0.0177296,-0.328759,0.230889,0.0317398,-0.0296795,0.00311267,0.0353293,9.53389e-05,1.77532,-0.00596431,-0.00693059,0.374651,0.5869,0.0298758,0.0276613],[0.00470515,0.107717,-0.243269,0.00238258,-0.12931,0.169327,0.0347208,-0.0192203,0.0133795,0.0203217,-0.000165457,-1.24177,0.00410113,0.0245834,-0.326494,0.118419,0.388969,0.00925027],[0.0593986,-0.424609,-5.42574,-0.0344916,0.156322,-1.45174,1.14368,0.0872467,0.0437696,0.255362,0.000527338,7.80151,0.077627,0.0422055,2.12912,0.325744,3.04383,1.0776],[-0.309685,-0.592096,-1.89211,-0.247956,0.36746,0.0147297,0.204436,0.132031,-0.00582327,-0.0088458,0.0011232,2.99125,-0.0494673,-0.0802335,0.151556,-0.232969,0.453614,-0.00237965],[0.0227834,0.130753,0.384577,0.0625775,0.0917219,0.168139,-0.0073542,0.0128259,0.00945022,-0.0159306,0.000495736,-0.875067,-0.0203092,0.0120309,-0.103091,0.121006,-0.0116937,0.00877909],[-0.00153573,-0.00637713,0.222793,-0.00878634,0.00708378,0.0130254,-0.00793783,-0.000613268,-0.000816492,-0.000765436,-7.69547e-05,-0.030633,-0.0102522,-0.00888179,-0.067603,-0.0283539,-0.0359031,-0.00249273],[-0.0220441,-0.315091,-1.79632,-0.223582,0.179958,-0.608519,0.0773827,-0.0319436,0.0049203,-0.0114668,-0.000266864,2.07312,-0.0268998,-0.0502973,0.915411,0.0288286,-0.112361,-0.0192681],[0.00036888,-0.0863317,-0.471016,-0.020251,0.0249746,-0.211668,-0.0181805,-0.00222053,0.00201058,-0.0238828,9.24023e-05,-0.935012,-0.0203822,-0.0113409,-0.238534,0.0217568,-0.0625181,-0.00876337],[-0.000601812,-0.0209312,0.454734,0.0073715,-0.100095,0.0206059,0.0222952,-0.0031178,-7.03908e-05,0.00765647,-1.45372e-06,-0.231641,0.00438696,0.00301409,0.0245477,-0.000716664,-0.0417561,-0.0019151],[-0.0126597,0.00962097,0.459842,0.104701,0.128368,0.409692,-0.206156,-0.0169119,0.00776491,-0.0452719,0.000233254,-1.27069,-0.0276543,-0.0275806,0.0706155,0.266968,-0.711124,0.00690183],[-0.0757416,0.121521,1.53194,-0.0681058,0.604045,0.996048,-0.280014,-0.0105761,0.0267889,-0.0438666,-0.000812661,-4.50074,-0.014376,-0.0192294,-1.98538,-0.592673,-0.76193,0.00737653],[-0.124202,0.60339,-0.379426,0.282033,0.810969,1.16632,0.0376727,-0.00755323,-0.252994,0.0408416,-0.00056672,1.40404,0.058746,0.0996453,-1.48192,-0.243462,0.5758,-0.0778691],[-0.0281643,0.152364,0.433449,0.192103,-0.297132,0.321716,-0.0381798,-0.0279833,0.0162634,0.095851,-0.000522388,-1.23806,0.152075,0.110614,-1.16435,-0.116793,-0.124653,0.0468061],[10.4039,-20.4417,-135.853,16.6502,42.7328,29.7014,-20.4205,4.37942,-0.489987,-1.90311,-0.0810763,62.9597,-17.6451,-14.3951,-14.2027,-47.7379,-10.2234,-6.46019],[0.00564944,-0.00872854,0.0144816,0.00263076,0.00689591,0.0183712,0.0111128,-0.00128546,0.00149665,-5.81959e-05,-1.69482e-05,0.0391969,-0.000412067,-0.00102381,0.0363445,0.0114434,0.0384013,-0.000740092],[0.00646388,0.720323,-0.847736,-0.0911849,-0.537435,-0.695458,-0.378857,0.0638278,-0.0434009,-0.0123271,0.000927991,-1.0793,-0.0358268,-0.0443515,-0.433699,-0.0818354,-0.489742,0.0113533],[0.0475857,0.157617,-5.48482,0.0718788,-0.836464,-1.12671,-0.246485,-0.00758721,0.0684845,0.00258754,-0.000557437,4.31419,-0.160565,-0.197191,0.817147,-0.538311,-0.343221,-0.0212669],[0.00675415,0.030402,-0.00811093,0.0205424,-0.0370773,-0.0275742,-0.0220426,-0.00205766,-0.00393938,0.00624536,-6.67279e-05,0.115514,-0.0150074,-0.00605712,-0.115792,-0.0129295,-0.06802,-0.00427874],[-0.0235702,-0.0825072,0.403992,-0.0357374,0.343639,0.0701453,0.00140287,0.0130905,-0.00477738,0.00776839,0.000486067,-0.181905,-0.00586582,-0.00464723,0.0649778,0.150665,0.188851,-3.25825e-05],[0.00367002,0.0298986,0.513378,-0.018274,-0.0424629,-0.0708362,-0.0141175,-0.0023722,0.0207468,0.0109045,0.000264065,-0.54766,0.0208562,0.023522,-0.16295,-0.0575304,-0.0294711,0.0128942],[0.026255,0.508912,4.93891,0.300201,0.488287,1.48547,-0.71178,-0.0826219,-0.0333078,-0.16395,-0.000377903,-3.01739,-0.0107069,-0.0166815,-1.33811,-0.402204,-1.65899,-0.0633983],[-0.154232,0.0728775,-0.853288,-0.0615448,-1.12868,-1.18841,0.0915281,0.00969051,-0.00193798,0.0285499,0.000604217,1.30348,0.0289597,-0.0335327,1.42974,0.0240965,0.217902,-0.00380502],[0.00482567,0.063821,0.438876,0.0781631,-0.0401527,0.205812,-0.0914364,0.0117486,0.00647829,-0.00468378,0.000244348,-0.275371,-0.0045449,0.00280256,-0.19121,0.0474613,-0.189723,0.00355603],[0.00302252,0.0151743,0.102,0.00895911,0.0652207,0.0681919,0.00290499,-0.00318327,-0.00154409,-0.00141101,-6.43291e-05,0.0544834,0.00712548,0.00485434,0.0834766,0.0419926,0.0129322,-0.000722062],[0.0231404,-0.129151,0.341979,-0.139964,0.250329,0.391673,0.0535554,0.0093732,0.0155612,0.082713,0.000303331,0.748312,0.0387965,0.0396918,-0.178924,-0.0403442,0.25666,0.041913],[0.00710742,0.00200839,-0.0799892,0.0216205,0.203373,0.135912,-0.0230721,0.00140404,0.000982851,-0.0187814,9.06481e-05,-0.363237,-0.0140303,-0.00373124,-0.063337,0.0159317,-0.028005,0.00545568],[-0.00199069,0.0285692,-0.0966813,0.0241391,0.145535,0.265503,-0.0147494,0.00372305,-0.00192786,0.00191565,6.01983e-07,0.150193,0.00408797,0.00500698,0.0101249,-0.0395053,0.0227267,0.0029532],[0.0216106,-0.0310294,-0.836449,0.0289909,0.0423494,-0.0447367,0.0163896,0.0143001,-0.00820886,0.0164589,0.000422047,-0.499135,0.00401584,0.00190491,0.418475,0.151643,0.164761,-0.000676817],[0.0539437,0.278534,1.81984,0.175248,-0.857068,-0.407114,-0.153914,-0.245158,-0.0221195,0.033933,-0.000258814,-1.70307,0.0765987,0.107359,-0.655105,-0.174379,-0.561958,-0.0127628],[-0.0360466,-0.0181374,-0.1841,-0.0256199,0.502051,0.655702,0.149286,0.0985312,-0.102667,0.036459,-0.000305025,-2.47557,0.0202054,0.0780475,-0.408058,-0.251979,0.406024,-0.0488796],[0.0312098,-0.196405,0.517188,0.0116373,0.342216,0.597524,-0.0513276,-0.067155,0.0095367,0.0565714,0.000591466,0.908413,0.104288,0.101223,0.506707,-0.0247227,0.388812,0.0172422],[-3.75229,-30.862,-73.5491,0.702815,9.12953,-18.8114,-0.19903,5.43031,1.62283,2.45483,0.28452,-93.5452,8.91207,5.8772,44.4665,-19.7739,-13.5703,4.07566],[-0.000321578,-0.0134695,-0.00778341,-0.00227952,-0.00682804,-0.0253008,0.0023764,-0.000558803,0.000620192,-0.00139506,-2.19162e-05,-0.00828394,-0.00230386,-0.0019097,0.0100972,0.000318763,0.00272373,-0.000787837],[-0.191279,-0.342817,-0.0346028,-0.185337,0.0860389,-0.278545,0.229805,-0.0144138,-0.0836921,0.0464722,0.000818667,0.984109,-0.0219227,0.00125839,0.43373,-0.00660729,0.0235805,-0.0449849],[0.178887,-0.0585274,2.39733,-0.0943233,-0.208145,-0.17855,0.318542,0.111006,-0.0219016,0.025051,-0.000140081,4.09843,0.0278398,-0.0150586,0.365041,0.0651656,0.889522,-0.0264873],[-0.00965366,0.0116952,-0.156267,-0.00132149,0.0317872,0.0375581,0.00975584,-0.00080975,0.00235608,0.0062573,3.36004e-05,-0.105594,0.00168411,0.00210874,0.031366,-0.0254746,0.0537785,0.00363179],[-0.00892188,-0.0496712,-0.0183864,-0.0485435,0.110918,0.0201279,0.104908,-0.00700104,0.0022767,0.00260892,-0.000148924,-0.00527507,0.00748801,0.0131482,-0.395351,-0.013074,0.168065,0.0108439],[-0.0101693,-0.0688977,0.216371,0.000167507,0.0217939,-0.00948786,0.0700579,0.0256901,0.0031869,0.00757386,3.81626e-05,-0.0938102,0.0181939,0.00573081,0.0406888,-0.0548226,0.0961402,0.00922849],[-0.0741685,-0.208267,0.758272,-0.29252,-0.544024,0.0155687,-0.363098,0.0117535,0.00355286,-0.082025,-7.77783e-05,-5.05781,-0.059669,-0.0239341,-0.606014,0.014487,-1.30103,-0.0136211]],"sigmahat":[[0.0659137,0.0397244,0.201068,0.0356975,0.0724917,0.0431405,-0.0245262,0.0126378,0.00498797,-0.0120403,2.10984e-05,-0.602788,-0.00630483,-0.0107755,0.142912,0.058209,-0.0763605,-0.00544947],[0.0397244,0.72812,0.60989,0.12194,-0.503387,0.150033,-0.12797,-0.0584202,-0.000907801,0.0162717,-0.00047019,0.0952247,0.0392471,0.016472,0.0492351,0.153262,-0.285669,0.0190145],[0.201068,0.60989,22.5453,0.515109,1.00974,4.49932,-0.108773,0.118097,0.114834,0.0990923,-0.000900712,-1.68174,0.261115,0.231922,-0.330925,-0.245733,-0.205632,0.107743],[0.0356975,0.12194,0.515109,0.189082,-0.0488484,0.135644,-0.0318516,0.0117517,-0.0060308,-0.0133822,-6.7694e-05,-0.393541,-0.00374988,-0.00700421,0.185363,0.133834,-0.114466,-0.0055159],[0.0724917,-0.503387,1.00974,-0.0488484,3.30144,2.80008,-0.0385482,0.129093,0.0189581,-0.0196445,0.00117137,-2.07959,-0.0138255,0.0143739,-0.880479,-0.165462,0.478724,0.021254],[0.0431405,0.150033,4.49932,0.135644,2.80008,5.0789,-0.0890392,0.0685778,0.0667024,0.0735424,0.000856697,-0.199336,0.107699,0.110752,-0.777415,-0.25471,0.375261,0.100439],[-0.0245262,-0.12797,-0.108773,-0.0318516,-0.0385482,-0.0890392,0.253832,0.0189512,-0.00623615,0.0292394,0.00012783,1.47871,0.024187,0.0220095,0.29077,-0.00758023,0.567871,0.0131277],[0.0126378,-0.0584202,0.118097,0.0117517,0.129093,0.0685778,0.0189512,0.0381246,-4.52717e-07,0.000791487,0.000114456,-0.227778,-0.00570841,-0.00641239,-0.0184099,-0.0230735,0.0683213,-0.00179217],[0.00498797,-0.000907801,0.114834,-0.0060308,0.0189581,0.0667024,-0.00623615,-4.52717e-07,0.0119947,0.00416507,1.4768e-05,-9.94313e-05,0.00234704,4.36437e-05,0.0354949,-0.00958216,-0.00822191,0.00590528],[-0.0120403,0.0162717,0.0990923,-0.0133822,-0.0196445,0.0735424,0.0292394,0.000791487,0.00416507,0.0565546,2.16806e-05,0.559309,0.0293142,0.0291147,-0.111654,-0.0513905,0.132194,0.0146894],[2.10984e-05,-0.00047019,-0.000900712,-6.7694e-05,0.00117137,0.000856697,0.00012783,0.000114456,1.4768e-05,2.16806e-05,6.17759e-06,-0.0046964,-2.93636e-05,5.68194e-05,0.000495104,-0.000495484,0.000140047,3.10718e-05],[-0.602788,0.0952247,-1.68174,-0.393541,-2.07959,-0.199336,1.47871,-0.227778,-9.94313e-05,0.559309,-0.0046964,69.0651,0.788378,0.337615,9.48751,-0.401863,6.98706,0.306335],[-0.00630483,0.0392471,0.261115,-0.00374988,-0.0138255,0.107699,0.024187,-0.00570841,0.00234704,0.0293142,-2.93636e-05,0.788378,0.0509567,0.0385564,0.0809964,-0.00501147,0.106637,0.0142004],[-0.0107755,0.016472,0.231922,-0.00700421,0.0143739,0.110752,0.0220095,-0.00641239,4.36437e-05,0.0291147,5.68194e-05,0.337615,0.0385564,0.0452535,-0.14902,-0.0259283,0.0798339,0.013239],[0.142912,0.0492351,-0.330925,0.185363,-0.880479,-0.777415,0.29077,-0.0184099,0.0354949,-0.111654,0.000495104,9.48751,0.0809964,-0.14902,8.26912,0.597462,0.736268,-0.0276331],[0.058209,0.153262,-0.245733,0.133834,-0.165462,-0.25471,-0.00758023,-0.0230735,-0.00958216,-0.0513905,-0.000495484,-0.401863,-0.00501147,-0.0259283,0.597462,0.876003,-0.200884,-0.0168335],[-0.0763605,-0.285669,-0.205632,-0.114466,0.478724,0.375261,0.567871,0.0683213,-0.00822191,0.132194,0.000140047,6.98706,0.106637,0.0798339,0.736268,-0.200884,2.75257,0.0724942],[-0.00544947,0.0190145,0.107743,-0.0055159,0.021254,0.100439,0.0131277,-0.00179217,0.00590528,0.0146894,3.10718e-05,0.306335,0.0142004,0.013239,-0.0276331,-0.0168335,0.0724942,0.0136615]],"n":18,"lags":3}