{"betahat":[[6.67934,5.34964,7.93003,-1.3141,15.4242,12.4944,4.84909,-1.18644,4.47982,6.23417,-1.48398,1.4967,0.930134,1.48355,1.31036,5.45221,6.50819,36.5884,23.7112,-0.0246324,-32.3086,-7.77169,1.89649],[1.14669,0.10417,0.68914,0.038405,0.673621,0.80967,0.0870791,-0.0679745,-0.154704,0.0135267,-0.0408879,0.0620052,-0.00372926,0.0790741,0.0422688,0.210907,0.0730211,-0.05821,-0.248204,0.00549424,0.0601242,-0.453069,0.0691902],[-0.0031351,0.953012,-0.209748,-0.093193,-0.064747,-0.0684398,0.0711697,-0.00786386,-0.0733795,-0.028262,-0.0113444,0.0162024,-0.00461738,0.00692033,-0.00396574,-0.0264933,0.0041973,-0.0287432,0.0272071,-0.0100241,0.444813,0.186133,0.00531875],[-0.0065841,-0.00029849,0.568723,0.014786,-0.00571026,-0.0771756,0.00535983,-0.00368334,0.0117975,-0.00358206,-0.00411095,0.00148848,0.0035509,0.0020054,0.00400969,0.000104717,0.0110045,-0.00126573,-0.00726433,-0.00244342,-0.470634,-0.0361587,0.00544904],[0.00854529,0.127587,0.298667,0.798383,0.0361725,0.0889897,0.0855836,0.0192647,-0.182089,0.0749116,-0.0178528,0.0228786,0.00101118,0.0156136,0.0436827,-0.0121075,0.0124168,0.0990276,-0.0639885,0.00272758,1.47464,0.698357,0.0326118],[0.00587448,0.042851,0.185712,0.00361679,1.05032,0.109784,-0.0048022,0.00306334,0.028917,-0.0406955,0.00158044,0.0125743,-0.0142769,0.0189605,-0.0110086,0.0434295,-0.0196019,-0.0191625,0.0190864,0.00081189,-0.240042,0.0367213,0.0158797],[-0.00575884,0.00395795,0.00584317,0.018161,0.0137439,0.984244,0.0361056,-0.0145925,-0.0030564,0.00388211,0.00684177,0.0102539,0.00152471,0.0140864,-0.011876,0.0124708,0.0120854,0.00282518,0.0556592,0.00306174,-0.0240377,0.0793391,0.00630139],[-0.0112226,-0.0162807,0.0237955,-0.0288309,-0.0274031,-0.0355398,0.993398,-0.00703705,-0.118409,-0.026761,0.0138237,-0.0101774,0.0296262,-0.0140368,0.0210162,-0.00801045,-0.0152993,-0.0522703,0.0152478,0.0146394,1.18097,0.212554,-0.00868254],[-0.0560701,0.18192,-0.0237927,-0.0759383,0.0206107,0.0995587,-0.222144,0.562253,0.351335,0.0381833,-0.0294271,0.0698123,-0.0669199,0.0826339,-0.0428087,0.17291,-0.0798529,0.100372,0.183396,-0.00103292,-0.433724,0.722475,0.0668456],[0.0136729,-0.00819058,0.00106306,0.00509073,0.116523,0.090619,0.0271066,-0.0219026,0.947532,-0.0175224,-0.00179072,0.00905331,0.00377535,0.019242,0.00553057,0.0228367,-0.0445129,-0.0710072,-0.0209346,-0.000997397,-1.49573,0.132983,0.0127745],[0.0249723,0.00441016,0.195962,-0.00949829,0.154597,0.209004,-0.0043528,-0.0243864,0.0255031,1.03259,-0.0138729,0.0174991,-0.00612814,0.026472,0.0165614,0.0505453,-0.0120698,0.028918,0.00811268,0.00185148,-0.00080687,0.392085,0.0321631],[-0.0110457,0.0100662,0.511724,-0.0222279,0.0376494,0.119998,0.369672,-0.388541,-0.67316,-0.557645,1.00479,-0.20006,0.0645446,-0.12618,-0.120092,0.00129597,0.105309,0.372402,0.758021,-0.00030286,1.68735,2.89507,-0.165525],[0.0673536,0.245752,0.309789,-0.40001,-0.230005,-0.330698,-0.392771,-0.0334202,0.101038,0.124052,-0.0355095,1.03735,-0.0460832,0.00875567,-0.0348214,0.334797,-0.387264,0.189153,0.100648,0.0406376,-4.38831,-1.21442,0.0624167],[-0.0973183,-0.0284196,0.187349,-0.0649061,-0.110572,-0.104369,0.113847,0.110125,0.261051,0.0765948,-0.0269494,0.0827749,1.00992,0.146951,0.181998,0.04764,0.107871,-0.393541,-0.198586,0.010593,-0.919826,-0.865615,0.133118],[-0.192394,-0.12628,-0.0893051,0.00927489,-0.648585,-0.508525,-0.121799,-0.184787,0.546697,0.112228,0.0316191,0.243165,-0.0205931,1.12438,-0.0408493,0.00479649,-0.0279017,-0.0658153,-0.256587,0.0649077,-0.876142,1.57799,0.139806],[0.243181,0.0637593,-0.764803,0.280174,0.741546,0.714909,-0.221585,-0.00831407,-0.406147,0.297404,0.0388058,0.164185,0.0716641,0.131621,0.906902,0.146727,0.0507342,-0.0862136,-0.119965,0.0298111,0.990917,-0.00101943,0.0730555],[0.0785393,0.0248966,-0.141514,0.00799281,0.217688,0.145714,0.141016,-0.0248295,0.112368,-0.0930616,0.00473105,-0.0233352,0.00443017,-0.0180761,0.0262187,0.953679,0.0805022,0.056942,-0.134345,0.0168704,1.36001,-0.0141645,-0.019129],[-0.010897,0.0110122,0.190111,0.0585583,-0.0451251,-0.0537804,0.0543036,-0.0565437,0.322648,-0.0825851,-0.00788851,0.0477913,0.0540772,0.069631,0.0572376,0.0105186,0.947903,-0.0977615,-0.0592515,0.00255181,-0.109263,-0.367547,0.0378241],[0.121289,-0.00439654,0.0427188,-0.152891,0.631217,0.65306,0.154411,-0.0137744,-0.129102,0.0880196,0.0101081,-0.040908,0.0390502,-0.00370776,0.0112974,0.136421,-0.0794594,0.467542,-0.00842665,0.00984095,1.45462,-1.25083,0.0144692],[-0.105647,-0.301371,0.125746,-0.0702274,0.132481,0.17769,-0.0757246,0.066136,0.227439,-0.04439,-0.000991167,0.00154616,-0.0600191,-0.0287376,-0.0578379,-0.120535,-0.109271,0.0303751,0.757464,-0.00867661,-1.19468,0.192653,-0.0275835],[-0.107765,0.417255,1.91951,-0.457172,0.149145,0.275975,0.595855,0.164129,-0.628338,0.369655,0.136881,-0.104345,-0.103846,-0.00296325,-0.187507,-0.272533,0.0217607,0.697118,-0.780096,0.635736,8.66952,-0.590874,-0.0658333],[0.00965182,0.0189123,-0.0122967,0.000586691,0.00999187,0.0145548,0.0208184,-0.00781208,0.0109124,-0.0114811,-0.00146123,0.00132937,0.00170315,0.00300853,0.00112141,0.00989724,0.0294099,0.00113259,-0.018343,-0.00541785,-0.40759,-0.00346793,0.000865833],[0.00126884,-0.00140965,-0.012223,0.00598267,0.0926975,0.0883026,0.013638,0.00891242,-0.0275373,-0.0323297,0.00418568,0.00331432,-0.0014973,0.00138134,-0.0025766,-0.0194007,-0.00115888,-0.0137263,-0.0186131,0.00227845,0.328861,0.932117,0.0014868],[-0.0899151,-0.367848,-0.847384,0.22118,-0.265921,-0.305067,-0.055882,0.137264,0.151624,0.0252556,0.0313672,0.0359615,-0.00269201,0.0531838,-0.0187643,-0.459064,0.127261,-0.0042909,-0.248669,-0.035253,-0.202664,-0.246941,1.03967],[-0.138424,-0.215014,-0.382756,-0.0451497,-0.446803,-0.451973,0.0590727,0.0802788,-0.0111284,-0.076683,0.032827,-0.0460526,0.0204006,-0.0600696,-0.0264624,-0.183005,0.0202647,0.048512,0.107159,3.69866e-06,0.821902,0.269981,-0.0549277],[-0.0310772,-0.0980892,0.164915,0.0513916,-0.00114945,-0.0427775,-0.00242072,-0.00721552,-0.0537374,0.0592247,0.00571419,-0.00951041,0.014421,-0.00525687,0.0108284,-0.00348061,0.0178136,0.0182891,-0.0438514,0.00479573,-0.24649,-0.262025,-0.0026397],[0.00165054,-0.0105846,0.331432,-0.0225779,0.013609,0.0740366,-0.0127041,-0.0036413,0.00898442,-0.000402716,0.00488324,0.000686779,-0.00702831,0.00291852,-0.0100393,-0.000898555,-0.0229815,-0.00371057,0.00421553,0.0010228,0.209337,0.22325,-0.00303968],[0.0445456,0.105126,-0.00883332,0.135049,-0.0609738,0.0214835,-0.0897395,0.0476747,-0.0056484,-0.167012,-0.0168099,-0.012774,-0.0561743,-0.0191203,-0.0690256,0.0214859,-0.0199784,-0.0357885,0.0270932,0.00976215,-1.09829,-0.91834,-0.0271649],[-0.0144291,-0.0361801,-0.185094,-0.00730079,-0.0804946,-0.0981781,-0.0105886,-0.00343304,0.00141564,0.0127529,0.000822829,-0.0194129,0.00525036,-0.0247136,0.00187079,-0.0372012,0.010739,0.0137674,0.00399156,-0.000712609,0.151692,-0.0805308,-0.0208978],[-0.0123495,-0.0248987,0.0060262,-0.0245961,-0.0753484,-0.0300146,-0.0467759,0.0051358,0.0114977,-0.000265658,-0.00155561,-0.0159681,-0.00385404,-0.0194337,0.00154929,-0.0175685,-0.0169582,0.00130331,-0.0230043,-0.000890497,-0.00669131,-0.0195836,-0.0135492],[-0.000581603,0.00689226,0.00305983,0.0596218,-0.10666,-0.0625068,0.0157068,0.0169627,-0.0124729,-0.0427375,-0.00454213,0.0012952,-0.00824711,0.0161569,-0.00355242,0.00577724,0.0938663,0.0311579,-0.0249012,-0.017411,-1.34558,-0.214122,0.00837393],[0.110137,0.0182643,0.143004,-0.19981,0.331347,0.217264,0.0276283,0.226075,-0.0966305,0.162154,-0.0461213,-0.0394975,0.03161,-0.061669,0.0695795,0.0124562,-0.054975,0.0975969,0.16248,-0.00528972,0.672594,-0.245934,-0.0524223],[0.00497539,0.0189037,-0.0427576,-0.00976724,-0.0139217,-0.0173966,-0.0295991,0.00585854,0.0734623,-0.0174127,0.00148059,-0.0101831,0.00138214,-0.0173294,0.00376863,-0.000642166,-0.0354229,0.0254969,-0.0358537,-0.0029808,1.5815,-0.0200915,-0.0102342],[-0.0358407,-0.058608,-0.00631567,0.0469732,-0.146269,-0.171391,0.00658865,-0.00272415,-0.100361,-0.0922742,0.0175903,-0.0187553,-0.00224628,-0.0259899,-0.01882,-0.0484725,-0.0174626,0.0241854,0.0204077,0.0047278,0.489821,-0.211885,-0.0303373],[-0.0762788,-0.00644112,-0.266032,0.118043,0.0146649,0.0375883,-0.357362,0.0790399,0.443383,0.596546,-0.153547,0.221754,-0.20625,0.0100191,-0.101062,-0.0998578,-0.0229082,0.281021,0.0903783,0.0158844,-2.84492,-0.0840543,0.0877003],[0.000642232,-0.0157226,0.0998768,0.0295214,0.707099,0.696427,0.263488,0.0216561,-0.340247,-0.0791454,-0.0205859,-0.0962439,-0.0140986,-0.0287237,0.0451095,0.104601,0.136712,0.199164,0.00301822,-0.0272964,0.82582,-0.21399,-0.0261023],[-0.0666066,-0.04209,0.601018,0.0320846,-0.565023,-0.441397,-0.0908768,-0.0273077,-0.205632,0.303962,0.0667939,-0.019081,-0.065685,-0.0383628,-0.0838846,-0.1259,-0.0695331,0.17129,0.262266,-0.000484065,1.15713,0.351091,-0.0496529],[-0.0711444,0.0826817,-0.0491033,-0.0122424,-0.344461,-0.405529,0.0768218,-0.0323449,-0.0293474,-0.101127,-0.0163948,-0.095502,0.0437094,-0.0707976,0.04953,-0.0757484,0.130095,-0.155405,0.0205025,0.00603496,1.95457,0.281335,-0.0566603],[-0.0580964,-0.0642002,0.778836,0.0684768,-0.614963,-0.53402,0.100843,0.0255716,-0.147894,-0.0877654,0.0781922,-0.105529,-0.00833462,-0.133008,-0.130349,-0.228729,-0.0366676,-0.112939,0.077802,0.00674533,0.961398,-0.735216,-0.0941511],[-0.0962867,-0.163647,0.258099,-0.00444367,-0.123045,-0.0434951,-0.0372877,0.02265,-0.190144,0.109782,-0.00332048,0.00922175,0.00668552,0.0160562,-0.00986248,0.00373385,-0.0310502,0.0125362,-0.00369807,-0.0151901,-0.936694,-0.023351,0.0174123],[-0.0124845,-0.0190445,-0.51993,-0.00391222,-0.00625436,-0.0527973,0.0823698,0.0642363,-0.525323,0.00764584,0.0124551,-0.0247007,-0.00955923,-0.0342447,-0.0246058,-0.0198959,0.095123,0.0674356,0.0421623,-0.00872622,-1.00047,0.155581,-0.0133643],[-0.13215,0.000989247,0.0221217,0.124721,-0.714174,-0.539363,-0.108524,0.0838262,0.000897884,-0.0400428,-0.00359374,0.00486679,-0.0322158,-0.0213656,-0.0182016,-0.179527,0.0619727,0.00994914,0.0238665,0.00630975,-0.767974,1.22006,-0.040731],[0.0633257,0.257305,-0.396444,0.0656599,0.00490676,-0.0439606,0.104143,0.0097436,-0.162472,-0.0198693,0.00446061,-0.00490483,0.0582924,0.0114131,0.0557687,0.106946,0.114622,-0.0525453,-0.132764,0.00353837,0.468093,-0.217808,0.0139866],[-0.0846347,-0.807971,-0.0648698,0.718195,-0.302833,-0.33745,-0.498578,0.0386744,-0.121483,-0.521112,-0.0961719,-0.00289617,0.0812099,-0.0697519,0.129775,0.0569409,-0.0850566,-0.140338,-0.27606,0.235137,1.53641,1.97146,-0.0134282],[0.00408906,0.0172054,-0.004366,-0.00101755,-0.0174692,-0.00969053,-0.0182759,0.002266,0.0331894,0.00296178,-0.000712919,-0.00211816,-0.00455168,-0.00280774,-0.00621367,0.00120336,-0.0160053,0.00951157,-0.0110038,-0.000194685,-0.306731,-0.0215479,-0.00107569],[-0.00917608,0.0151182,0.00459224,-0.00534226,-0.131984,-0.108327,-0.0223563,-0.00983776,0.000479915,0.0313357,0.00160522,-0.00514504,0.00152423,-0.00676958,-0.000116972,0.00202381,-0.00567554,0.00892277,0.00646539,-0.000772656,-0.260894,0.0785062,-0.00379408],[-0.070179,0.176683,0.18391,-0.0229718,-0.380096,-0.12523,0.213043,0.00568358,-0.527019,0.0521018,0.00195019,-0.136692,-0.0148992,-0.124788,-0.0518427,-0.0475598,0.0442127,0.0474497,0.108653,-0.0273046,0.29441,0.699506,-0.165851],[-0.00847653,0.110591,-0.305594,0.00677387,-0.226903,-0.357477,-0.14616,-0.012319,0.165976,0.0631276,0.00805666,-0.0158964,-0.0167385,-0.0188715,-0.0158391,-0.0280055,-0.0933299,0.00945499,0.14153,-0.00551116,-0.883213,0.183749,-0.0141789],[0.0337199,0.143909,0.0466984,0.0418647,0.0645456,0.110237,-0.0694053,0.0150123,0.127176,-0.0308078,0.00565222,-0.00672634,-0.00989225,-0.00165557,-0.00695968,0.0295435,-0.0225094,0.0107932,0.016952,0.00524924,-0.200062,0.0771969,-0.00270059],[0.00453477,0.010738,0.0977974,0.00791543,-0.00787448,0.00305915,0.00712799,0.00737291,-0.0195831,0.00300997,-0.000816173,-0.00203929,0.0033599,-0.00470201,0.00602473,0.000701537,0.01187,0.00453218,0.00375667,0.00140468,0.258571,-0.1862,-0.00223987],[-0.0531157,-0.23257,-0.289906,0.0665109,0.0246016,-0.110852,0.0041184,-0.0668371,0.187731,0.09164,0.0346714,-0.0100657,0.0552102,0.00354393,0.0254016,-0.00936929,0.00753243,-0.0638329,0.0376725,-0.0124854,-0.378303,0.219469,-0.0054143],[0.00807925,-0.00716516,0.00127541,0.00384922,0.0274073,-0.0136647,0.0151288,0.000226097,-0.0300654,0.0278031,-0.00233702,0.00685424,0.0089759,0.00582343,0.00907063,-0.00656898,0.00891586,0.0052715,-0.0229509,-9.95493e-05,0.0918386,0.0449312,0.00502371],[0.0177491,0.0206414,-0.011074,0.00666832,0.0592603,0.0435224,0.0103306,0.00913703,-0.00790073,-0.00386498,-0.00522452,0.00569798,0.00230433,0.00536845,0.0102843,0.00494089,0.00493137,-0.00402737,-0.032877,-0.00217193,0.0350801,-0.0597532,0.00721673],[0.0101072,0.00692049,-0.0234945,-0.0309629,0.126096,0.0904345,-0.0127745,-0.00952372,0.132013,0.0707198,-0.00919473,0.00920347,-0.0211996,-0.00174043,-0.0170847,0.00103879,-0.0801051,0.0219094,0.0121914,0.00276455,0.160286,-0.00484621,0.000530935],[-0.00276297,-0.00826451,0.520955,0.0336323,-0.0179488,0.205893,0.0610107,0.0626626,-0.077774,-0.151446,0.0226644,0.0117886,0.0117247,0.0142599,-0.00688006,0.0754094,-0.0176573,0.120766,-0.195465,0.0153772,-0.0846789,0.258441,0.0129429],[-0.0177995,-0.0112589,0.0408959,0.00635702,-0.0980575,-0.0689348,0.00561094,0.0148244,-0.0235856,0.0343,0.000716137,0.00123237,-0.00416064,-0.00132732,-0.00842117,-0.0221862,0.0818971,0.0423482,0.0631688,0.00400047,-0.069899,-0.100611,-0.00216494],[0.010753,0.0543385,-0.189278,-0.0373431,-0.00968964,-0.0386211,-0.00234733,0.0271465,0.0762492,0.0561892,-0.00374218,0.000626453,0.00800779,-0.00123346,0.00189875,-0.00228023,0.0289553,-0.0547742,-0.0255265,-0.00660516,-0.480723,-0.180236,-0.0024098],[-0.11972,-0.0618133,-0.590124,0.0943066,-0.607688,-0.636145,-0.0482016,0.185192,-0.265691,-0.068824,-0.0663596,0.0108532,0.0424304,0.0219366,0.0315349,-0.135149,0.0263485,0.22202,0.267342,-0.0018309,-0.523484,-0.0192643,0.0345515],[-0.019134,-0.10563,-0.223225,0.0816945,0.207042,0.164722,0.0245184,-0.0110054,-0.0592778,0.147649,0.0113362,-0.061346,0.00334335,-0.0382604,0.0157874,0.0092809,-0.0709307,0.110923,-0.0155674,-0.0245392,0.534589,0.0177217,-0.0233519],[0.114839,0.0158845,-0.200393,-0.120242,0.44492,0.299131,-0.100046,0.0162984,0.207844,-0.400286,-0.0114392,-0.0429833,-0.000564555,-0.0187524,0.00629553,0.0156842,-0.105569,0.118321,0.100358,-0.00238995,0.575159,0.107565,-0.00895996],[0.0350823,0.0180852,-0.339577,0.0461237,0.189537,0.0922404,0.034921,0.0571663,0.0919628,-0.0870361,-0.0157099,-0.0309546,0.0151597,-0.0279006,0.0360302,-0.000394654,0.0063969,-0.110494,0.00262929,-0.0180695,1.5262,0.0680129,-0.0164927],[0.082098,0.177918,-0.0537618,-0.197417,0.492147,0.418774,0.074956,-0.0295991,0.0319173,-0.396352,-0.0265479,-0.0138152,-0.00416866,-0.00540337,0.0452782,0.0810614,0.0434212,-0.222098,-0.142808,-0.000772415,0.426212,-0.595498,-0.00775891],[0.0167142,0.136979,-0.116858,-0.00328997,-0.0977582,-0.105503,-0.105071,0.0018401,0.0815854,-0.0160505,-0.001417,0.0140799,-0.0110803,0.00222894,-0.0163623,0.0415691,-0.0497999,-0.07046,0.136831,-0.00169462,-0.419551,0.0401324,0.00197685],[0.022095,0.00609418,0.328971,-0.0547732,0.0462714,0.101137,-0.139412,-0.00700012,0.204385,0.0746594,-0.00445118,-0.022724,-0.0443693,-0.0348457,-0.0324147,0.00818829,-0.0450991,0.03094,0.0202355,0.00616717,1.09869,0.207999,-0.0241589],[-0.00367659,-0.0118033,2.28722e-05,0.0561079,-0.0288743,-0.209999,-0.131936,-0.0703587,0.121269,-0.0187625,-0.00528964,0.0296079,-0.0326736,0.0151561,-0.0191281,0.0249832,-0.052639,-0.251406,-0.0579806,-0.00943158,-0.784242,0.167026,0.0126293],[0.0469973,0.0388783,0.0902263,0.0147439,-0.030297,-0.0402591,0.067748,-0.0263975,-0.160428,-0.0280147,0.0110029,-0.0101555,0.0115655,-0.000304182,0.00671063,0.0171044,0.0283254,0.0158116,-0.175705,0.00409134,0.902233,-0.119072,-0.000941398],[-0.0538685,0.0636967,-2.93895,-0.162155,-0.132273,-0.383748,0.0216222,-0.0161923,0.473097,0.196292,-0.0529945,-0.0541809,0.0187696,-0.0728333,0.0662116,0.00546847,0.04979,-0.0634606,0.150042,0.0330757,-12.1681,-0.904675,-0.0191479],[4.39671e-05,0.000661434,-0.0091046,0.000449375,-0.010856,-0.00934982,0.00260081,-0.00152462,-0.018965,-0.00527632,0.000635842,-0.00053478,0.00165639,-0.000604992,0.00135886,0.000922636,0.0022727,0.00229927,-0.00627809,0.000338756,-0.127682,-0.0117113,5.42216e-05],[-0.00330105,-0.00621621,-0.0443225,-0.00548806,0.0290477,0.00863685,0.00368564,-0.00187744,0.00459722,0.00109574,-0.00114747,-0.00184249,-0.000194181,-0.000343181,-0.00116025,0.00549877,-0.00349136,0.0220311,0.00472571,-0.00227258,0.0756402,-0.0525445,-0.00206313],[0.0663122,0.151898,0.144733,0.0582074,0.143274,0.257851,0.0241818,-0.00257801,-0.00650018,-0.0196995,-0.024906,-0.0243151,0.00515098,-0.0608553,-0.00388014,0.0559394,-0.080507,-0.0231698,0.0937281,0.0194174,0.248009,0.299915,-0.0945616]],"sigmahat":[[0.138537,0.180862,0.0794275,0.0022147,0.31966,0.279718,0.0266851,-0.0205682,-0.00365373,-0.0472008,-0.00242459,0.0131273,0.00546146,0.0135863,0.0119862,0.10586,0.0318123,-0.0213293,-0.0626419,0.00156926,0.213037,-0.213656,0.00633718],[0.180862,0.486973,-0.0845681,-0.0541325,0.276016,0.283667,0.00494947,-0.0330378,0.0517488,-0.0311363,0.00145723,0.00236984,-0.0107608,-0.0043257,-0.0057415,0.181503,0.0305661,-0.0472741,-0.0825306,0.00343152,-0.248747,-0.419711,-0.0076855],[0.0794275,-0.0845681,3.75569,-0.0206185,0.011588,0.668245,-0.122683,-0.0763805,-0.144817,-0.0100193,-0.0139481,0.0019483,-0.0688183,0.0094101,-0.0401835,0.0841771,-0.0620566,0.0248414,-0.18145,0.0256281,2.15334,0.855573,-0.00706692],[0.0022147,-0.0541325,-0.0206185,0.131215,0.0237894,0.00373442,0.0301581,0.00358797,-0.0490707,-0.0418114,0.0025258,0.00730544,0.0137041,0.0142096,0.0114754,-0.0149828,0.0306016,0.03602,-0.00772016,0.00318351,0.378085,0.0214493,0.00527169],[0.31966,0.276016,0.011588,0.0237894,2.07163,1.8396,0.263465,-0.00541435,-0.0883369,-0.138926,-0.0491215,0.0754212,0.0153323,0.0988541,0.0577939,0.311875,0.0975185,-0.0918405,-0.142587,0.00102725,0.302074,-0.43328,0.0678866],[0.279718,0.283667,0.668245,0.00373442,1.8396,2.04576,0.264333,-0.0014672,-0.132155,-0.161561,-0.0464274,0.0586187,-0.0113796,0.0832387,0.030336,0.29315,0.082223,-0.0749101,-0.143929,0.00536899,0.251372,-0.0563563,0.0545312],[0.0266851,0.00494947,-0.122683,0.0301581,0.263465,0.264333,0.293213,0.00766641,-0.24098,-0.0718129,-0.000366124,0.0146437,0.0316416,0.0222347,0.0325435,0.0325382,0.138715,-0.0285754,0.0171703,-0.00540451,0.897031,-0.0871195,0.0149995],[-0.0205682,-0.0330378,-0.0763805,0.00358797,-0.00541435,-0.0014672,0.00766641,0.0777353,-0.00489044,-0.0314037,0.000347005,-0.00387531,0.00343555,-0.00534734,-3.88893e-05,-0.0274212,-0.000871324,0.0117567,0.0333436,-0.00134916,-0.0152599,-0.0338784,0.000606522],[-0.00365373,0.0517488,-0.144817,-0.0490707,-0.0883369,-0.132155,-0.24098,-0.00489044,0.655955,-0.00676321,-0.0020329,-0.00073142,-0.0334423,-0.00511955,-0.0263755,0.00463371,-0.12961,-0.0354507,-0.0180274,0.00732738,-0.809698,-0.158277,-0.00243093],[-0.0472008,-0.0311363,-0.0100193,-0.0418114,-0.138926,-0.161561,-0.0718129,-0.0314037,-0.00676321,0.538826,0.00130714,-0.009974,0.0140591,-0.0121975,0.00274313,-0.0457789,0.00487023,0.0194009,-0.0185337,0.00336144,-1.05056,-0.0916658,0.00431817],[-0.00242459,0.00145723,-0.0139481,0.0025258,-0.0491215,-0.0464274,-0.000366124,0.000347005,-0.0020329,0.00130714,0.0145865,-0.00381773,0.00695693,-0.00445197,-0.0039685,-0.00545739,0.000132848,0.00135439,0.0129977,0.000834168,0.09452,0.0292026,-0.00533613],[0.0131273,0.00236984,0.0019483,0.00730544,0.0754212,0.0586187,0.0146437,-0.00387531,-0.00073142,-0.009974,-0.00381773,0.0225964,0.00538667,0.0236086,0.0118192,0.0173067,0.0126308,-0.00573582,-0.0111995,0.000294679,0.0200135,-0.030594,0.0159906],[0.00546146,-0.0107608,-0.0688183,0.0137041,0.0153323,-0.0113796,0.0316416,0.00343555,-0.0334423,0.0140591,0.00695693,0.00538667,0.0344886,0.00891452,0.0275737,0.00181369,0.0351495,-0.0171659,-0.000424059,0.00111333,0.208741,-0.113894,0.00675981],[0.0135863,-0.0043257,0.0094101,0.0142096,0.0988541,0.0832387,0.0222347,-0.00534734,-0.00511955,-0.0121975,-0.00445197,0.0236086,0.00891452,0.0335685,0.0172469,0.0186165,0.0182922,-0.00805903,-0.0129256,-0.000401491,-0.0280005,-0.0380047,0.0211814],[0.0119862,-0.0057415,-0.0401835,0.0114754,0.0577939,0.030336,0.0325435,-3.88893e-05,-0.0263755,0.00274313,-0.0039685,0.0118192,0.0275737,0.0172469,0.0398904,0.0089804,0.0360128,-0.0185441,-0.00694358,-0.000664042,0.181601,-0.148374,0.0122515],[0.10586,0.181503,0.0841771,-0.0149828,0.311875,0.29315,0.0325382,-0.0274212,0.00463371,-0.0457789,-0.00545739,0.0173067,0.00181369,0.0186165,0.0089804,0.163063,0.0327718,-0.0274082,-0.0693498,0.000646924,0.0306975,-0.247573,0.0146214],[0.0318123,0.0305661,-0.0620566,0.0306016,0.0975185,0.082223,0.138715,-0.000871324,-0.12961,0.00487023,0.000132848,0.0126308,0.0351495,0.0182922,0.0360128,0.0327718,0.169356,-0.0362089,-0.00851692,0.000255405,0.601171,-0.289488,0.0164157],[-0.0213293,-0.0472741,0.0248414,0.03602,-0.0918405,-0.0749101,-0.0285754,0.0117567,-0.0354507,0.0194009,0.00135439,-0.00573582,-0.0171659,-0.00805903,-0.0185441,-0.0274082,-0.0362089,0.203133,-0.0214437,0.00203386,0.0882916,0.0805711,-0.0094416],[-0.0626419,-0.0825306,-0.18145,-0.00772016,-0.142587,-0.143929,0.0171703,0.0333436,-0.0180274,-0.0185337,0.0129977,-0.0111995,-0.000424059,-0.0129256,-0.00694358,-0.0693498,-0.00851692,-0.0214437,0.41807,-0.00191725,-0.534387,-0.00477173,-0.0128725],[0.00156926,0.00343152,0.0256281,0.00318351,0.00102725,0.00536899,-0.00540451,-0.00134916,0.00732738,0.00336144,0.000834168,0.000294679,0.00111333,-0.000401491,-0.000664042,0.000646924,0.000255405,0.00203386,-0.00191725,0.00540966,0.0572321,0.0117346,-0.000203202],[0.213037,-0.248747,2.15334,0.378085,0.302074,0.251372,0.897031,-0.0152599,-0.809698,-1.05056,0.09452,0.0200135,0.208741,-0.0280005,0.181601,0.0306975,0.601171,0.0882916,-0.534387,0.0572321,32.716,1.66102,-0.072073],[-0.213656,-0.419711,0.855573,0.0214493,-0.43328,-0.0563563,-0.0871195,-0.0338784,-0.158277,-0.0916658,0.0292026,-0.030594,-0.113894,-0.0380047,-0.148374,-0.247573,-0.289488,0.0805711,-0.00477173,0.0117346,1.66102,6.38539,-0.0431189],[0.00633718,-0.0076855,-0.00706692,0.00527169,0.0678866,0.0545312,0.0149995,0.000606522,-0.00243093,0.00431817,-0.00533613,0.0159906,0.00675981,0.0211814,0.0122515,0.0146214,0.0164157,-0.0094416,-0.0128725,-0.000203202,-0.072073,-0.0431189,0.0208487]],"n":23,"lags":3}