{"betahat":[[1.34113,2.76455,4.49151,-0.757618,-3.85832,-0.510241,4.22861,-2.18056,0.689969,3.02065,0.98411,-0.333482,1.33478,0.0972483,-0.226367,0.565282,2.84474,42.7388,47.4142,-0.143266,0.425728,23.2388,0.185174],[0.99157,0.0868846,0.408087,0.152726,-0.198665,-0.0426061,0.0558442,-0.0966487,-0.481584,0.0733881,-0.0191599,-0.038694,0.0696495,-0.0295352,0.0440017,-0.073686,0.115638,0.116404,0.0946738,0.0194871,-0.41295,-1.08452,-0.0347672],[-0.0395066,0.831293,-0.266805,-0.160048,0.019892,0.00515219,0.110704,0.0497689,-0.0244635,-0.0619445,-0.00401801,0.0185115,-0.00963809,0.00613791,-0.0315958,-0.0557431,-0.0434764,0.00255202,0.0707388,-0.0119663,0.385136,0.650491,0.00858929],[-0.0249177,-0.023799,0.380407,0.0344281,-0.0508555,-0.160419,-0.0205339,-0.00505483,0.049789,0.0160598,-0.00470931,0.00434237,0.00270529,0.00437071,0.00795124,-0.0245016,0.00245872,0.00935585,-0.00218355,-7.84052e-06,-0.55169,0.0693075,0.00297816],[-0.0142784,0.174727,0.336542,0.712595,0.0604242,0.0848247,0.162292,0.00324547,-0.0673979,0.0633955,-0.0385833,0.0762279,0.0296813,0.0705783,0.0656123,0.00215315,0.0203114,0.110195,-0.1031,0.00682015,2.36862,0.719719,0.0621514],[0.0184158,0.131965,0.465543,-0.0537117,0.866934,0.0459318,-0.0720098,0.0135117,0.0358785,0.0286254,0.00559671,-0.00344013,-0.0666357,-0.00721591,-0.0250317,0.0391234,-0.0532989,-0.0807548,0.0664908,0.00464477,-0.786183,-0.196392,0.00139293],[-0.00357711,-0.0384663,-0.107753,0.0133119,-0.091885,0.755972,0.023045,-0.0194024,0.0221977,0.076662,0.00888104,0.00579211,-0.0213031,0.00958741,-0.0216155,-0.00849259,0.000876157,0.00136346,0.065177,-0.00554422,-0.0334244,0.285042,0.00728319],[-0.00852142,-0.100447,-0.0810084,0.0105362,0.230658,0.311617,1.06986,0.0564829,-0.161138,-0.148242,0.0107232,-0.00146724,0.0803613,0.00123122,0.0738839,-0.0251677,-0.011195,-0.133569,0.0570514,0.0146583,2.07277,1.02143,-0.00664233],[0.0111932,0.368519,-0.0914597,-0.155005,-0.31723,-0.275388,-0.273811,0.534172,-0.041172,0.487378,0.0550134,-0.0376262,-0.23124,-0.0342016,-0.0750157,0.186474,0.0968615,-0.106959,0.682469,-0.0380223,-1.47638,0.998558,-0.0178116],[0.0209451,-0.0381734,0.0492473,0.0383945,0.24442,0.271671,0.105618,-0.0397575,0.703513,0.094945,-0.0100299,0.013318,-0.00491356,0.0245029,-0.00596901,-0.0130059,-0.0547488,-0.0661234,-0.0392993,0.00626938,-1.74026,0.884131,0.0153653],[0.0457799,0.180838,0.486733,-0.125208,-0.245201,-0.0304206,-0.240498,-0.0846114,0.221375,1.19369,0.0312432,-0.0358035,-0.0551261,-0.0435769,-0.045841,0.0333643,-0.124993,0.0247013,-0.0144978,0.0131658,-0.449858,1.10231,-0.028649],[-0.0471956,-0.400026,-0.190672,0.0837896,0.365622,-0.499447,0.517024,-0.253692,0.161554,-0.399348,0.756414,-0.261693,0.000348723,-0.169575,0.186417,-0.00604267,0.38429,-0.268648,0.927192,-0.0136518,-0.498992,-2.01637,-0.127926],[0.0422393,0.150361,-3.38305,-0.531896,-1.49041,-2.8167,-0.942132,0.235593,1.19789,0.220187,-0.311645,0.897496,-0.187676,-0.116576,0.104235,0.0191637,-0.61968,0.635564,-0.4163,-0.0514722,-0.265364,-4.32791,0.0617211],[-0.182707,-0.357607,0.30732,0.124746,-0.549355,-0.463945,-0.565295,0.238005,0.0128168,0.474334,0.0383729,0.0114115,0.853847,0.0621109,-0.146569,-0.406312,-0.604117,0.578304,-0.780697,0.0462984,-2.5957,3.84396,0.0225311],[-0.149201,0.0828533,1.41826,-0.378107,-2.16985,-1.54332,0.0642349,-0.567615,-0.671227,1.02989,0.287995,0.33742,0.0586478,1.19162,0.113713,-0.130289,0.305978,-0.804871,-1.21661,0.0053951,0.466059,2.62281,0.27064],[0.0607367,0.106141,-1.76461,0.150876,1.31993,1.06099,0.367724,-0.0337442,-0.344109,0.588762,-0.0963528,0.205375,0.227231,0.216534,1.14669,0.234085,0.615609,-0.596635,0.268601,0.0163939,-0.182955,-2.39361,0.202647],[-0.0459008,-0.140351,-0.349683,-0.0344377,-0.335275,-0.443397,0.0257892,-0.0726661,0.0145769,0.168201,-0.0170027,0.0102513,-0.0707689,0.013646,0.0467918,0.862167,0.166934,-0.0640037,-0.177748,-0.0280085,1.3241,0.136993,0.0232785],[0.0399373,0.133446,0.381499,-0.0496306,-0.111236,0.00825469,0.0105111,-0.0256852,0.427112,-0.203367,0.0067402,0.029895,-0.00998819,0.0525014,0.0234423,0.0705527,0.913199,-0.356875,0.12639,-0.00141884,-1.11,-0.48484,0.0280629],[0.136435,-0.0751245,1.45716,-0.303088,1.16716,1.24172,0.251905,-0.0687523,-0.453232,0.220768,-0.0118668,-0.0340287,-0.0292691,-0.00787715,-0.102085,0.228799,-0.336622,0.541188,-0.0550422,-0.000548237,-0.227683,-1.64478,0.00454599],[-0.328024,-0.749159,-0.149518,-0.0637995,-0.266124,-0.169588,-0.19073,0.16418,0.374022,0.0850853,-0.0452849,0.0251795,-0.160129,-0.0119984,0.0179074,-0.320341,-0.0795748,0.0968927,0.883476,-0.0287794,-2.17742,-0.0841458,0.00413361],[1.26414,3.86663,1.02344,-2.11717,3.77113,5.66118,1.71374,0.25534,-2.56654,-3.19745,0.30615,-0.16606,-0.155602,-0.10884,-0.825136,1.4006,0.532607,-0.234579,0.184186,0.338451,8.40835,-5.89367,-0.223286],[0.0231781,0.0400836,-0.0146259,-0.00606858,0.0329104,0.0319129,0.01465,-0.0211285,-0.000614496,-0.0120604,-0.00106341,-0.000690546,0.00305419,-0.00195796,-0.00366129,0.0173121,0.0350577,0.0104069,-0.0341215,-0.00108936,-0.32723,0.0162528,-0.00173008],[-0.00384499,-0.0182537,-0.0204024,0.00483599,0.136385,0.134065,0.0397198,0.0177288,-0.0189953,-0.0304826,0.00235306,0.00786346,-0.0082036,0.00687538,-0.00169243,-0.0170838,0.0117646,-0.0276151,-0.023821,0.000684669,0.373814,0.814805,0.00709004],[-0.250686,-0.826744,-0.340739,0.552863,0.964256,0.821464,0.276114,0.340002,-0.171377,0.291404,0.0313851,0.205368,0.0529496,0.242249,0.00118788,-0.248195,0.157632,0.226117,1.89318,0.0845305,-7.44082,-2.82175,1.07915],[-0.0389124,-0.260246,0.0260819,-0.11722,0.0757556,0.146921,0.295008,0.0422643,-0.0470287,-0.240149,0.0158525,0.0483416,-0.0351314,0.0404099,-0.00886713,0.0954482,0.117752,-0.0618164,-0.186349,-0.0231,1.79737,0.545945,0.0279651],[-0.00142041,-0.0116107,0.260929,0.0811522,-0.0608573,-0.128241,-0.040865,-0.0615156,-0.118407,0.16335,-0.0027865,-0.00622407,0.00947102,0.00018149,0.0307794,0.0151882,0.0440379,-0.00745107,-0.0804582,0.00622191,-0.724494,-0.752961,0.000542489],[0.0193996,0.00484063,0.399499,-0.0346809,0.0400371,0.109411,-0.0014486,-0.00114728,-0.00655411,-0.0141722,0.0109858,-0.00589477,-0.0154542,-0.00581254,-0.0182755,0.0187765,-0.0188982,-0.013577,-0.00784922,-0.000895983,0.395754,0.23525,-0.00682104],[0.0833537,0.160284,-0.0557475,0.186406,0.0309831,0.213937,-0.198005,0.0775539,0.024089,-0.352392,-0.0213541,-0.0490254,-0.149883,-0.0717453,-0.124281,0.0803828,-0.112684,-0.0371975,0.0659126,-0.00598244,-1.86255,-1.39029,-0.0686783],[0.0155247,-0.0221124,-0.459811,0.0401015,0.175484,0.0964698,0.0488255,-0.0149629,0.0150218,-0.0384631,-0.00877597,-0.00626486,0.0345832,-0.00129484,0.0130406,0.00546238,0.0450459,0.0387076,-0.0236385,-0.00295085,0.462834,-0.0508143,-0.00376494],[0.00229582,0.00569236,0.110362,-0.0319796,0.0510446,0.16648,-0.075357,0.0195039,-0.0119778,-0.0376547,-0.00652538,-0.00824861,0.00432493,-0.0097019,0.0091348,0.0109862,-0.0218494,-0.000933753,-0.0224224,0.0069093,-0.0661093,-0.0895761,-0.00548002],[-0.000217968,0.0423456,0.400709,0.0584564,-0.29196,-0.323546,-0.0820761,-0.0491022,-0.0331754,0.0665948,0.00856202,-0.00012468,-0.0235303,0.0134563,-0.0243293,0.020458,0.13607,0.0429474,-0.0952071,-0.0156731,-1.38981,-0.866005,0.00688895],[0.00344477,-0.178996,0.442892,-0.156429,0.492171,0.47187,0.271128,0.31243,-0.278662,-0.0787434,-0.142621,0.0834175,0.11591,0.0870972,0.230543,0.0163651,0.0187072,0.165201,-0.0266992,0.014334,2.70044,-0.065451,0.0647565],[0.0262155,0.0972483,-0.191049,-0.0374925,-0.00783883,-0.111129,-0.0980075,0.0170399,0.153829,-0.11947,0.00590181,-0.00857112,0.015488,-0.0219977,0.00897654,0.0553276,-0.0563203,0.0338003,-0.0746083,-0.0032054,2.1204,-0.431925,-0.00983401],[-0.0210871,-0.175361,-0.0385423,0.177204,0.197119,0.0854373,0.210517,0.0643177,-0.313066,-0.260695,-0.0186376,0.0192172,0.080621,0.0327577,0.051127,-0.0194981,0.0588396,0.0424711,0.0245072,-0.000188202,1.69337,-0.783901,0.0139388],[-0.389333,-0.188591,-0.285534,0.123701,-1.39081,-1.01322,-0.615938,0.224943,0.176261,1.12614,-0.0724572,0.183928,-0.259437,-0.016312,-0.113705,-0.381142,0.0648912,0.675149,0.640867,-0.00299548,1.1246,0.463028,0.0759559],[-0.00371899,-0.0530348,1.18581,0.0228012,1.2457,1.76385,0.341173,-0.0426727,0.0894338,0.0650216,-0.0583308,-0.084797,-0.0711066,0.0152133,0.0452046,0.0548974,0.168313,0.0756951,0.0759612,-0.0103619,-0.364561,-0.768082,-0.0372467],[0.32388,0.748637,1.02093,-0.290132,0.681862,0.696775,0.0924961,-0.324347,0.0273189,0.138895,-0.129308,0.0628069,-0.144512,0.0155103,0.0039463,0.462474,0.0770759,-0.380963,-0.21624,-0.0113553,-1.14526,-1.34376,0.0444615],[0.232473,0.922935,-0.0355921,-0.22498,0.316232,0.533081,-0.361992,-0.117744,0.445658,-0.538856,0.0772982,-0.157451,0.024284,-0.181696,-0.16971,0.350379,-0.0853249,-0.426682,-0.580625,0.0212631,-1.93625,3.19808,-0.196888],[-0.260461,-0.860187,1.05166,0.649708,-1.00584,-0.997136,0.120426,0.343851,0.000776086,-0.423751,0.212201,-0.0142294,0.101746,-3.42321e-05,-0.060806,-0.416116,-0.0560945,0.295251,0.255931,0.0570369,6.93127,-0.611928,-0.0655601],[0.00274797,-0.101104,0.529946,0.0546839,0.274178,0.423217,0.0386783,0.0430758,-0.0702798,-0.0473024,-0.00230923,0.00310894,0.0276886,0.00354083,-0.0362019,0.0532548,-0.111458,0.0829505,-0.0970228,0.0132754,-0.763831,0.0585194,-0.0149676],[0.00667052,0.0198355,-0.914288,0.0497007,0.260866,0.04717,0.196549,0.0374598,-0.601737,0.0127508,0.00681218,-0.000279927,0.0420214,-0.0182179,0.0227055,-0.0151085,0.136666,0.153142,-0.0105284,0.00119302,-0.370208,0.0328457,-0.00411858],[-0.161159,-0.277513,-0.776366,0.256496,-0.893393,-0.752689,-0.0286418,0.04529,-0.28768,-0.358618,-0.0317962,0.0531927,0.0261594,0.0355742,0.0671379,-0.280096,0.26808,0.02792,0.00823216,0.00758381,0.572134,2.19253,0.00358785],[0.276379,0.581066,-0.32801,0.126049,0.228228,-0.00232529,0.239026,-0.0995559,-0.372827,-0.147523,0.0451533,-0.0222485,0.131706,-0.00085118,-0.017842,0.212314,0.159143,-0.0248031,-0.314549,0.0126136,1.45806,-0.0657565,-0.0124352],[-0.579838,-1.21963,4.15461,1.60248,-0.555789,0.714932,-1.20961,-0.497476,1.55848,1.21483,-0.0713169,0.0494179,0.0352404,0.00169458,0.108218,-0.60936,-0.69508,0.842465,-0.89954,0.607568,-3.06439,8.02047,-0.0442986],[0.0125693,0.0355593,0.0313143,-0.000783955,0.0064536,0.0138438,-0.0212548,-0.00244435,0.0431006,0.0149499,-0.000156023,-0.00202666,0.000476268,-0.00347245,-0.00735435,0.0112969,-0.01765,0.0262458,-0.0259103,3.67215e-05,-0.376729,-0.0645022,-0.00169803],[-0.0155262,0.010013,-0.0192129,0.00477681,-0.168508,-0.142813,-0.0305935,-0.012214,-0.00679831,0.0357944,-5.02649e-05,-0.000834095,0.0133967,-0.00263914,0.00513301,0.000757044,-0.00414871,0.0168494,-0.0230167,0.00100532,-0.357491,0.145819,-0.0017846],[0.107637,0.174868,1.1075,0.135757,0.340386,0.527111,0.457395,0.00116495,-0.374543,-0.765117,0.0357874,-0.124008,-0.05485,-0.124003,-0.165887,0.0364845,0.172055,0.466904,0.112851,-0.0193515,7.15295,3.40919,-0.15833],[0.0473233,0.173169,-0.433794,-0.03546,0.122559,-0.104654,-0.350796,0.0543664,0.528576,0.166905,0.00329548,-0.0096373,-0.0345242,-0.0108489,-0.0350775,-0.0217823,-0.233279,-0.0547754,0.0915729,0.00360926,-1.38392,0.537928,0.00683166],[0.0407568,0.179983,0.00660596,0.0788758,0.0403137,0.122617,-0.0702553,0.0118179,0.14335,-0.10132,0.00681655,-0.0122733,0.000126259,-0.00630859,0.000741851,0.0403949,-0.000752316,0.00489935,0.0095928,0.00574979,0.337649,0.101738,-0.0090989],[0.00531474,0.0188102,0.219121,0.000235847,0.0103577,0.0502122,0.0215471,0.00628468,-0.0425152,-0.00194537,-0.00629797,0.0015749,0.0125816,0.00144765,0.010212,0.00555809,0.0162784,0.00391686,0.00968863,0.000902976,0.153722,-0.304971,0.00385172],[-0.0690345,-0.334935,-0.2805,0.100842,-0.0915496,-0.298853,0.035557,-0.0808703,0.043397,0.288972,0.0598813,-0.0271912,0.120091,0.00117661,0.0586827,-0.0824598,0.0923974,-0.073218,0.0372638,-0.000838749,-0.508112,0.669461,0.00655672],[-0.0340519,-0.110122,-0.00514344,0.0138481,-0.0429853,-0.142882,0.0229451,0.00139253,-0.0507472,0.00989197,0.00315995,0.00975416,0.0319546,0.00858974,0.0120325,-0.0446751,0.00841684,0.0416361,-0.0432829,-0.00169774,0.323682,0.245645,0.00242498],[0.00115018,0.0326557,-0.00157837,0.0187298,0.0396645,0.0764962,0.0517985,-0.000220457,-0.00964139,-0.0389134,-0.0023742,0.00250357,0.0168707,0.000156361,0.0124376,-0.00255951,0.0209833,-0.000607806,-0.0435229,-0.00136854,0.0998661,-0.195722,-0.001759],[0.00803358,0.0563791,-0.317389,-0.0687035,0.0570131,0.00675323,0.00974937,-0.00732838,0.196227,0.0824493,-0.0193924,0.00172293,-0.0570548,-0.0144844,-0.0494785,0.00428696,-0.125367,0.0903609,0.0377788,0.00104285,-0.69331,-0.160536,3.60577e-05],[-0.0818281,-0.297729,0.292226,0.191323,-0.114208,0.0517139,-0.103658,0.0936671,0.173593,-0.362016,-0.0117246,-0.0193432,0.0427681,-0.0370274,-0.0862767,-0.125437,-0.247053,0.318791,-0.511992,0.0165346,-0.849593,0.0253493,-0.0209652],[-0.0466275,-0.0585668,0.139654,-0.000682842,-0.234245,-0.158349,-0.00533832,0.0227209,0.140955,0.0237849,0.00423112,-0.00471844,-0.0103927,-0.00245369,-0.00273956,-0.0421186,0.112261,0.0303373,0.115971,-0.00308781,-0.375897,-0.452986,-0.00552334],[-0.0242675,-0.00507108,-0.450129,-0.0516687,0.049995,-0.0535859,0.0301898,0.0204057,0.0913521,0.0655873,-0.0126338,0.0165318,-0.0257201,0.0106637,-0.00544092,-0.0135908,0.0660727,-0.0675252,-0.00931326,-0.0130039,-1.2427,-0.321821,0.0145898],[-0.0385503,-0.0821889,-0.621799,0.241092,-1.48848,-1.42077,0.0110599,0.158709,-0.432533,-0.151736,-0.0442675,0.037991,0.0998744,0.081118,0.0641302,-0.286349,0.0620418,0.43709,0.0440941,-0.00789696,0.825353,0.426585,0.0716379],[-0.0821669,-0.205039,0.265106,-0.0624924,0.0852862,0.00387485,-0.106305,-0.13649,0.0763386,0.498907,0.004636,-0.0402951,-0.00100904,0.0128921,0.0937311,-0.0104966,-0.138035,0.0175834,0.0868039,-0.0147804,-1.78672,-1.69035,-0.00622397],[-0.0993528,-0.497048,-0.0972145,0.0982794,0.53761,0.324973,-0.0348691,0.103094,0.0607855,-0.550601,-0.0528541,-0.0388078,0.0276922,-0.0222703,0.0843943,-0.147177,0.078212,-0.325695,0.339375,-0.00951373,0.0282492,-0.710097,-0.00916993],[-0.0212126,0.18485,-0.648079,0.0633802,0.258679,0.332312,0.371828,0.0731704,-0.373775,-0.0757405,-0.019221,-0.0751076,0.0196365,-0.101286,-0.0427536,0.0034917,0.0865763,-0.364378,-0.105872,-0.00762852,2.2155,0.952355,-0.0922145],[0.173332,0.140086,0.419989,-0.289665,-0.107574,0.0209623,-0.0976899,-0.129737,0.205355,-0.621464,-0.0148643,-0.120867,-0.140589,-0.106279,-0.0665116,0.0818919,-0.164111,0.0254501,-0.314618,-0.0504634,0.50109,0.20277,-0.0648402],[0.0428053,0.240986,-0.178968,-0.0201454,0.058677,0.0177924,-0.0651881,0.0293408,0.0563465,-0.12013,0.0192566,-0.0132342,0.0428984,-0.0170478,-0.0104866,0.0842882,-0.0552823,-0.0198809,0.273947,0.0147001,-0.561342,-0.196795,-0.00815557],[-0.0470962,-0.154529,0.534687,0.000294012,-0.153465,-0.0594878,-0.208494,-0.0115251,0.175611,0.190838,-0.0136801,-0.0294597,-0.03214,-0.0340832,-0.0459792,-0.0558336,-0.0501498,0.203703,-0.114922,0.000267338,1.47315,0.447282,-0.0236639],[0.0228919,0.340141,-0.618195,0.0479923,-0.319547,-0.546634,-0.291439,0.0290943,0.771549,0.140107,0.0417358,-0.0222895,0.00872624,-0.0336307,0.025885,0.0487569,0.0259123,-0.459269,0.0440955,-0.00463276,-0.391206,-0.562228,-0.0119892],[0.0626305,0.134699,0.348942,-0.0450941,0.1539,0.253163,0.00467828,-0.0382355,-0.037012,0.019379,-0.000166159,-0.00518732,0.0325399,0.0082514,0.00461526,0.104973,-0.0593759,-0.0680279,-0.375543,0.0165997,0.780189,0.072064,0.00552012],[-0.540776,-1.59504,-6.72214,-0.092942,-2.7767,-5.86275,-0.564464,0.280449,1.3345,1.90693,-0.0402377,-0.0170472,0.237552,-0.00207317,0.587036,-0.588413,-0.137775,-0.0366646,0.432224,0.0115914,-8.23545,-2.05233,0.116514],[0.00713411,0.00758171,0.0177944,-0.000933834,0.00413071,0.00420316,0.00321264,-0.00170804,-0.0275157,-0.0149865,0.00114489,-0.000215064,0.00888914,-0.00110029,0.00583758,0.0076998,0.00729089,0.00871547,-0.0123782,0.0013161,-0.0467947,-0.0816522,0.000143354],[0.0199623,0.0254298,-0.00969609,-0.0121153,0.0606538,0.0269055,-0.00550818,-0.00724249,0.0201905,-0.00367011,-0.00249515,-0.0060405,-0.00736835,-0.00477003,-0.00121631,0.0223904,-0.00464485,0.0121519,-0.00774529,-0.00239345,0.0964938,-0.0880107,-0.006292],[0.0216287,0.0533795,-0.423494,0.261002,-0.0810562,-0.057809,-0.0519992,0.197696,-0.404475,-0.359823,-0.0286243,-0.0361965,0.10464,-0.0749249,0.0431656,0.0241396,-0.176134,0.219274,0.0642757,0.0104374,0.306954,0.209775,-0.0571476]],"sigmahat":[[0.0612344,0.128435,-0.0283242,-0.0214342,0.0884978,0.088121,0.0252882,-0.0171461,-0.0298601,-0.0282384,-0.000592943,-0.00423441,0.00158633,-0.00590802,0.00442424,0.061912,0.0117658,-0.0109638,-0.0131212,-0.00196955,-0.102171,-0.100139,-0.00408995],[0.128435,0.473487,-0.180768,-0.101968,0.0659077,0.11203,0.0114687,-0.0539986,0.0178789,-0.00339614,-0.0012079,-0.0123364,-0.012407,-0.0173209,0.00300008,0.158976,0.00591301,-0.0435578,-0.0605902,-0.00543007,-0.864657,-0.411737,-0.0128615],[-0.0283242,-0.180768,2.90623,-0.0341231,-0.233914,0.390983,-0.128334,-0.0365208,-0.158102,-0.0697562,-0.027982,0.0112622,-0.0100062,0.0207218,-0.0287613,0.0230643,-0.0211275,0.0633573,-0.160868,0.00914249,1.03205,1.026,0.0181853],[-0.0214342,-0.101968,-0.0341231,0.109798,-0.00728161,-0.035367,0.0193163,0.0211505,-0.039551,-0.026321,0.00434751,0.00223944,0.0106361,0.00495303,0.00594906,-0.0401932,0.0232913,0.0138704,0.0193421,0.00241847,0.461841,0.0133069,0.00121374],[0.0884978,0.0659077,-0.233914,-0.00728161,0.906006,0.782704,0.170894,-0.00418462,-0.153774,-0.177244,-0.0287887,-0.00175432,-0.0129223,-0.00832892,0.00389023,0.0825152,-0.00431881,-0.0613012,0.0463865,-0.00303979,0.394628,0.0262413,-0.0115422],[0.088121,0.11203,0.390983,-0.035367,0.782704,1.02559,0.179193,-0.0175088,-0.209237,-0.186176,-0.0375844,0.000672778,-0.0217695,-0.00424837,0.00360873,0.0922168,0.0160606,-0.0662023,0.0159396,-0.00183917,0.430129,0.238894,-0.00677473],[0.0252882,0.0114687,-0.128334,0.0193163,0.170894,0.179193,0.221522,-0.00388096,-0.189413,-0.0293813,-0.00105826,0.00830247,0.0158052,0.00807085,0.0269517,0.0132823,0.0992232,-0.0427032,0.0393068,-0.00492743,0.821759,0.0244798,0.00520703],[-0.0171461,-0.0539986,-0.0365208,0.0211505,-0.00418462,-0.0175088,-0.00388096,0.0413287,0.0102032,-0.0305389,0.00158157,0.000226601,0.00522844,-0.000746477,-0.00442727,-0.0240281,-0.00869012,0.00885097,0.0361086,0.0018546,0.0945945,0.0213178,-0.00154624],[-0.0298601,0.0178789,-0.158102,-0.039551,-0.153774,-0.209237,-0.189413,0.0102032,0.389246,0.0379442,0.00671761,-0.0116287,-0.0351853,-0.0100246,-0.0423159,-0.00614955,-0.110767,0.00676573,-0.00387684,0.00252595,-1.03354,-0.166216,-0.00797425],[-0.0282384,-0.00339614,-0.0697562,-0.026321,-0.177244,-0.186176,-0.0293813,-0.0305389,0.0379442,0.282357,0.00196879,0.00194794,0.00090951,0.00592921,0.0201423,-0.0370856,0.0169836,0.00579412,-0.0115673,0.00137748,-0.688886,-0.179995,0.00944634],[-0.000592943,-0.0012079,-0.027982,0.00434751,-0.0287887,-0.0375844,-0.00105826,0.00158157,0.00671761,0.00196879,0.0110234,-0.000401139,0.00777494,0.000419752,-0.000597039,-0.00185153,0.00433183,-0.00272247,0.00324577,0.000577561,0.0331728,-0.01401,-0.00100343],[-0.00423441,-0.0123364,0.0112622,0.00223944,-0.00175432,0.000672778,0.00830247,0.000226601,-0.0116287,0.00194794,-0.000401139,0.0047354,0.000904539,0.00366778,0.00234528,-0.00299021,0.00355555,-0.00123011,-0.000119985,0.000106188,0.0435769,0.0104622,0.00304291],[0.00158633,-0.012407,-0.0100062,0.0106361,-0.0129223,-0.0217695,0.0158052,0.00522844,-0.0351853,0.00090951,0.00777494,0.000904539,0.0269921,0.00193034,0.00984775,-0.00222176,0.0155554,0.00922771,0.00817449,0.0020317,0.0685129,-0.0212414,0.000925572],[-0.00590802,-0.0173209,0.0207218,0.00495303,-0.00832892,-0.00424837,0.00807085,-0.000746477,-0.0100246,0.00592921,0.000419752,0.00366778,0.00193034,0.00639694,0.00392049,-0.0057337,0.00477514,-0.00344474,0.000534359,8.64643e-05,0.0276731,0.00432612,0.00374968],[0.00442424,0.00300008,-0.0287613,0.00594906,0.00389023,0.00360873,0.0269517,-0.00442727,-0.0423159,0.0201423,-0.000597039,0.00234528,0.00984775,0.00392049,0.0226979,0.00327691,0.0255926,-0.00533684,0.00244655,-0.000218839,0.107125,-0.121594,0.00361097],[0.061912,0.158976,0.0230643,-0.0401932,0.0825152,0.0922168,0.0132823,-0.0240281,-0.00614955,-0.0370856,-0.00185153,-0.00299021,-0.00222176,-0.0057337,0.00327691,0.0974562,-0.000347024,-0.0166185,-0.0336248,-0.00208815,-0.097987,-0.119496,-0.00457026],[0.0117658,0.00591301,-0.0211275,0.0232913,-0.00431881,0.0160606,0.0992232,-0.00869012,-0.110767,0.0169836,0.00433183,0.00355555,0.0155554,0.00477514,0.0255926,-0.000347024,0.110338,-0.0258507,0.0139491,-0.00316659,0.40938,-0.134734,0.0036068],[-0.0109638,-0.0435578,0.0633573,0.0138704,-0.0613012,-0.0662023,-0.0427032,0.00885097,0.00676573,0.00579412,-0.00272247,-0.00123011,0.00922771,-0.00344474,-0.00533684,-0.0166185,-0.0258507,0.131033,0.00539262,0.00208627,0.154855,0.00529987,-0.00202772],[-0.0131212,-0.0605902,-0.160868,0.0193421,0.0463865,0.0159396,0.0393068,0.0361086,-0.00387684,-0.0115673,0.00324577,-0.000119985,0.00817449,0.000534359,0.00244655,-0.0336248,0.0139491,0.00539262,0.273511,0.00126507,-0.40097,-0.123469,0.000448128],[-0.00196955,-0.00543007,0.00914249,0.00241847,-0.00303979,-0.00183917,-0.00492743,0.0018546,0.00252595,0.00137748,0.000577561,0.000106188,0.0020317,8.64643e-05,-0.000218839,-0.00208815,-0.00316659,0.00208627,0.00126507,0.00149934,-0.0270949,0.00907091,3.17202e-05],[-0.102171,-0.864657,1.03205,0.461841,0.394628,0.430129,0.821759,0.0945945,-1.03354,-0.688886,0.0331728,0.0435769,0.0685129,0.0276731,0.107125,-0.097987,0.40938,0.154855,-0.40097,-0.0270949,21.408,3.37993,-0.0161133],[-0.100139,-0.411737,1.026,0.0133069,0.0262413,0.238894,0.0244798,0.0213178,-0.166216,-0.179995,-0.01401,0.0104622,-0.0212414,0.00432612,-0.121594,-0.119496,-0.134734,0.00529987,-0.123469,0.00907091,3.37993,5.72494,-0.00575403],[-0.00408995,-0.0128615,0.0181853,0.00121374,-0.0115422,-0.00677473,0.00520703,-0.00154624,-0.00797425,0.00944634,-0.00100343,0.00304291,0.000925572,0.00374968,0.00361097,-0.00457026,0.0036068,-0.00202772,0.000448128,3.17202e-05,-0.0161133,-0.00575403,0.00472848]],"n":23,"lags":3}