{"betahat":[[-0.155806,0.249223,-0.525357,-0.237937,1.61455,1.93942,0.620458,-0.151509,-0.194517,0.194927,-0.180185,-0.279234,-0.14894,-0.000602667,0.376889,0.550357,0.0742354,0.371932,-0.0859153,0.0366847,9.85595,-0.103835,12.7194],[1.08068,0.0435361,0.41392,0.14144,0.399986,0.369246,0.0954535,-0.15884,-0.0416904,-0.253309,-0.00290029,-0.0198205,0.073953,-0.000174167,1.00843,-0.274215,-1.08171,0.176788,0.101315,0.0973745,-0.279494,-0.0140147,6.24452],[-0.036613,0.860047,-0.35054,-0.160411,0.0204633,-0.051563,0.108342,0.0150399,0.00164367,-0.115869,-0.0196241,-0.0166066,-0.0376771,-0.000221955,0.264081,0.0422457,-0.281155,0.0163131,0.0222227,0.00892848,0.136292,-0.0479813,0.951819],[-0.00475505,0.0172713,0.432797,0.0311586,0.0356911,-0.0591658,0.0104425,-0.0119905,0.00133478,0.0128241,0.00490783,-0.00122215,-0.0022676,-2.7241e-06,0.0539568,-0.00213149,-0.0462267,0.00818918,-0.00079074,0.00936163,-0.248638,-0.00187876,0.482401],[0.032056,0.29077,0.266954,0.71317,0.140072,0.158508,0.142156,0.0264746,0.0373044,0.042071,0.0107051,0.0266726,0.0116053,-0.000392753,0.289156,-0.155806,-0.160593,0.104893,0.0269054,-0.0115307,0.574181,-0.118082,0.742205],[-0.00260578,0.0872544,0.265816,-0.0354546,0.856877,-0.0225749,-0.0570935,-0.00751075,0.00417585,-0.0015921,-0.0173093,0.00655516,-0.0112042,-1.3735e-05,-0.0313757,0.0053391,0.0599749,-0.00896368,-0.0339274,-0.0467039,0.11748,-0.0219299,-0.872845],[0.0373073,0.0708038,-0.0716044,0.00494675,0.0307983,0.936609,0.0494284,-0.0180716,0.000979288,0.0145613,0.00853571,0.00862009,0.00570449,-0.000140394,-0.0366166,-0.000528605,0.0381881,-0.0236901,-0.0107781,-0.0284519,-0.406773,-0.0216165,-0.190452],[0.0415018,0.0183644,0.0734112,-0.00756132,0.0192073,-0.0438014,0.998361,0.0129795,2.696e-05,0.0433943,0.0538413,-0.0151734,0.0459821,0.000267366,0.122265,-0.102603,-0.183629,0.0545111,0.046196,0.0435942,-1.78821,0.0212139,0.110766],[-0.0742409,-0.0655332,-0.70935,-0.00402741,0.103553,-0.114997,-0.107324,0.688021,-0.0385011,-0.328624,-0.0736962,-0.0359296,-0.050527,0.000128204,0.2667,0.09645,-0.101617,-0.0839328,-0.138811,-0.103003,-0.112741,-0.0381675,-3.40273],[0.253065,0.887186,-0.954782,-0.134099,-0.798942,-0.838096,-0.305531,0.191576,1.04519,0.474786,0.028993,0.02557,0.0698757,-0.000557224,0.442702,0.049143,-0.399313,0.168692,0.0344322,0.108689,0.603026,-0.00686596,8.07739],[0.0984508,0.0895305,-0.0140123,0.060892,0.195785,0.16194,0.10511,-0.00750134,0.0112891,0.635958,0.0272348,0.0235904,0.0373133,0.000362371,0.0977193,-0.0336527,-0.0402971,-0.0278227,0.0170774,0.0372194,-0.0201657,0.0264406,-0.554576],[-0.370747,-0.311008,-0.911107,-0.149169,-0.379852,-0.689989,-0.11735,0.0254138,0.0480183,0.0124632,1.04161,0.0423258,0.0375169,-0.000195526,-0.521024,-0.377415,0.209951,0.0344441,-0.0515521,-0.0806759,-0.540955,-0.124092,-5.16758],[-0.304385,-1.01783,0.750107,-0.268378,-0.487631,-0.293177,0.0461066,-0.0761968,0.334954,-0.0531631,0.0474575,1.31833,0.0989039,0.0012709,-0.120908,-0.0242212,0.0643467,-0.107896,-0.0720162,-0.0839818,0.589365,-0.0265341,-7.68427],[0.134921,0.0300743,0.112666,-0.136621,0.829541,0.706384,0.20732,-0.321632,-0.0336832,0.139165,0.101006,0.0186545,1.08916,-3.01823e-05,0.131716,0.161343,0.1037,0.0251417,-0.0270527,-0.00813108,2.57669,0.0378319,7.20892],[36.3736,-26.6016,-3.78221,20.1788,133.182,53.6663,30.7748,-23.5193,-4.01566,-264.384,37.2227,1.68805,55.013,0.778174,-15.5395,-39.9921,-22.5901,17.1229,17.7212,29.5416,-30.9898,17.4254,936.936],[0.0132231,-0.000692769,-0.30051,0.0910743,0.0576509,-0.0743407,-0.0194148,0.048677,-0.00377406,0.126522,-0.00216213,-0.0067668,-0.0108378,-9.91004e-05,0.964407,0.0038003,-0.158113,0.0316371,-0.00468386,-0.00465269,0.555737,-0.0039508,0.119174],[0.0716868,0.171272,-0.571401,-0.0331815,0.82349,0.650236,0.0785074,0.0280616,-0.00102092,0.0635206,-0.015774,-0.0202631,-0.0439959,-0.000322314,-0.1615,1.06062,0.19053,-0.00329136,-0.0247917,-0.0133183,-0.785425,0.0517664,-1.45099],[0.00329305,0.0515211,-0.260562,-0.00700565,-0.124784,-0.0848718,0.0759047,-0.0104724,0.0161204,-0.0157266,-0.00498468,0.00306117,-0.00813025,-7.65196e-05,0.47582,-0.186588,0.617055,0.0672672,0.0374555,0.033842,1.35477,-0.0591594,3.49574],[0.263913,0.362978,0.00497395,0.447987,-0.756712,-0.615636,0.322097,0.00738286,0.0700135,0.148497,0.173721,0.117877,0.145631,8.71911e-05,-0.415884,-0.236333,0.457678,1.32852,0.176926,0.0868639,-2.17804,0.161259,-0.845903],[0.0376976,-0.118324,-0.612262,0.142251,-0.844264,-0.79452,0.0767247,-0.00585983,0.0658667,-0.681513,0.0811832,0.0908869,0.0538837,-0.00087731,0.0949755,0.483501,0.00471059,-0.207714,1.13344,0.0887572,-3.61609,-0.204633,-6.29478],[0.206074,0.194125,-0.634909,0.0146187,1.2636,0.997483,-0.183723,0.199713,0.147435,-0.222921,-0.0730109,0.134856,-0.0537627,0.000373464,0.174783,-0.0907303,-0.186727,0.014316,-0.0146334,1.11047,2.10026,-0.147868,0.943624],[-0.00436833,-0.02,-0.0494894,-0.000904358,-0.0326212,-0.0573069,0.00826006,-0.00679086,0.00356282,-0.0223179,0.00602156,-4.8627e-05,0.00334927,-6.83027e-06,-0.00762802,-0.0189583,-0.0019703,0.00467143,0.0021164,0.00714725,0.924608,0.0136002,-0.22597],[-0.0495075,-0.10452,-0.885948,-0.19253,-0.00432187,0.00076573,0.0512225,0.0869682,-0.114093,0.318709,-0.0459879,-0.0762623,-0.0566863,0.000255804,-0.209787,-0.211931,-0.112567,-0.0727362,-0.114295,-0.167554,-3.10299,1.13454,-11.07],[0.00173133,0.00661852,0.0158028,0.0015683,0.0185061,0.0331701,0.000494733,-0.00370822,-0.00281902,0.00981858,-0.000781185,-0.00259843,-0.000584902,3.16511e-06,0.00177161,-0.00320135,-0.000725463,-0.000809907,-0.000256203,0.001929,0.0199276,0.00146414,1.10097],[-0.140197,-0.162037,-0.424667,-0.261254,-0.309054,-0.127883,0.238477,0.0781238,0.0426128,-0.295001,0.0432541,0.0357077,-0.014229,0.000585619,-1.27363,0.291466,1.20988,-0.132192,-0.0561968,-0.0745256,-1.18816,0.114812,-8.35389],[0.00751036,-0.025869,0.253664,0.0315937,0.0407085,0.026018,0.0619682,-0.0592301,0.0018957,-0.172212,0.0373555,0.0164941,0.0405284,0.00026367,-0.355911,-0.0211486,0.376175,-0.0107596,-0.00995345,-0.00866232,-0.594523,0.0738929,-0.638751],[-0.00379508,-0.020565,0.434175,-0.0310546,-0.0468255,0.0375004,-0.0381575,0.00917753,-0.000734283,0.0308293,-0.00976136,0.00020614,-0.00586834,3.01196e-05,-0.0495386,0.0179047,0.0455869,-0.0189096,-0.0184716,-0.0221979,0.114023,-0.00776064,-1.3111],[0.0461826,0.108049,-0.281658,0.208689,-0.0386829,0.0951525,-0.176392,0.0512563,-0.0305716,-0.0777565,-0.100056,-0.0470872,-0.111238,0.000310245,-0.330262,0.0933553,0.214648,-0.115484,-0.0873166,-0.072644,0.261558,0.0610235,-2.75761],[0.0265337,-0.0142951,-0.310422,0.00803763,0.15454,0.102405,0.0204706,-0.00130195,-0.00985653,0.0454732,0.0107235,-0.00689444,0.0101005,4.50326e-06,-0.0454965,-0.00722593,0.0106817,0.00864626,0.00645961,0.0254273,0.362769,0.0154316,0.617337],[-0.00197599,-0.0306636,0.0871901,-0.0256983,0.0093309,0.104547,-0.0722114,0.0106516,-0.00599062,-0.0200639,-0.000457344,-0.00852348,0.0025357,0.000132669,0.0149259,-0.0148672,-0.00362488,0.0122416,0.00612886,0.0218292,0.289937,0.0249062,-0.293489],[-0.0521639,-0.0272789,-0.181615,-0.00412463,-0.149999,-0.157029,-0.00456248,-0.0005304,-0.00239813,-0.187518,-0.0162605,0.00710895,-0.0137497,-0.000151988,-0.0699554,0.0370967,0.0573915,-0.015582,-0.0530435,-0.0379069,1.16961,-0.0222729,0.436037],[0.176189,0.371341,0.533399,-0.0997393,0.214089,0.177173,-0.0800251,0.245452,0.0346888,0.691311,0.0778456,0.0598405,0.0608988,-0.000192747,-0.196137,-0.115534,0.116465,0.0379823,0.09476,0.120875,0.495446,0.0307719,3.53181],[0.0708227,0.1147,1.08533,0.00485789,1.43324,1.8134,0.584534,-0.172068,-0.150354,-0.71445,-0.0743167,-0.112083,-0.039711,4.8881e-05,0.260529,-0.205244,-0.200834,0.0337509,0.163526,0.130499,1.01426,0.02388,2.8093],[-0.118758,-0.152008,0.106025,-0.0233965,-0.15263,-0.102574,-0.127917,0.0465657,-0.00643193,0.248043,-0.0250936,-0.0185144,-0.0223034,-0.000194857,-0.0888846,0.00259464,0.0245177,0.00843816,-0.00862598,-0.012033,0.244278,-0.0290711,0.0366128],[0.267722,0.477184,0.589593,0.121249,0.206872,0.536053,0.1203,0.0643976,0.00830348,-0.109989,-0.0177637,-0.01484,0.00675322,0.000295423,0.238748,0.122842,0.0284685,-0.0146349,0.0564885,0.0669761,-0.0323663,0.0621828,3.20563],[0.134482,0.680809,-0.357195,0.0425749,0.027644,-0.17135,-0.128354,-0.110239,-0.22182,0.058422,-0.0904938,-0.248369,-0.184594,-0.000931625,-0.240425,0.10596,0.206146,-0.0915213,-0.0758438,-0.161279,-0.626571,-0.0337889,-0.354595],[-0.0244451,0.0839319,0.413073,0.22619,-0.47338,-0.374208,-0.178521,0.290704,0.0664878,0.0569819,-0.100755,0.0011864,-0.11777,-3.72577e-05,0.0178113,-0.0786113,-0.0486833,-0.0212245,0.00392381,-0.0784747,-2.24347,-0.147338,-6.35889],[15.1914,93.8025,183.668,12.8227,-97.1411,-19.318,47.3173,15.0198,-1.43069,121.053,-34.544,-1.58625,-47.8818,-0.0589234,4.53089,72.3082,46.8987,-2.3386,-8.83311,-20.7995,-106.865,-5.0552,-13.6053],[-0.0138163,-0.078706,0.235852,-0.00307539,-0.0542652,0.0263064,0.0352396,-0.0104617,0.00242227,-0.127265,0.0101863,0.00329564,0.0201101,2.88669e-05,-0.00770631,0.0316793,0.149192,-0.00701673,-0.000264739,0.00959727,-0.234248,0.016338,0.232021],[-0.0573159,-0.0124013,0.664059,-0.115433,-0.784716,-0.544956,-0.104222,-0.0497683,0.00120674,-0.140725,0.0268795,0.00948022,0.0507832,0.000254228,-0.0403003,0.00193824,-0.048814,-0.0275585,0.0459538,0.0162332,-0.00414104,-0.00514182,-1.03488],[-0.0254543,-0.0702751,0.140057,-0.0371306,0.0693934,0.0417571,-0.0593702,0.0263498,-0.00432571,0.0388479,0.0020935,0.00657281,0.00729983,7.61548e-05,-0.303317,0.126133,0.201011,-0.0514599,-0.0249695,-0.0143477,-0.695964,0.0264578,-2.45731],[-0.163164,-0.269686,0.0304206,-0.203206,0.430383,0.231278,0.0865449,0.0590373,-0.0178401,-0.475761,-0.108866,-0.0464431,-0.108322,0.000105306,0.377204,0.244398,-0.357779,-0.135828,-0.0383271,0.00221377,1.0073,-0.0940641,0.211206],[-0.0284281,-0.0770382,1.11708,0.204452,0.138617,0.165378,-0.0495419,-0.0986438,-0.00393886,0.419015,-0.051166,-0.00578771,-0.0323666,0.00042366,-0.136228,-0.0992416,0.0927975,0.0400363,-0.0738229,-0.054326,2.13874,0.0754768,1.06553],[-0.0692976,0.0214337,1.02575,0.16925,-0.848293,-0.470702,0.00912155,-0.0403445,-0.0859499,0.172904,0.0403841,-0.0633806,0.0410757,-0.000214816,-0.288925,0.00764849,0.245377,-0.0703009,0.0370027,-0.0983221,-2.7838,0.0879729,-3.55078],[0.0111287,0.0239939,-0.00882131,0.00181555,0.0318728,0.0319225,-0.0100007,0.0109737,-0.00571205,0.036324,-0.00497617,-0.00322316,-0.00415312,5.8648e-06,0.0256412,0.0248619,-0.00196092,0.00272089,-0.0051271,-0.00958176,0.0189211,-0.00890348,0.509309],[0.0192148,-0.086,0.942702,0.255626,0.299725,0.370059,0.0935088,-0.0933032,0.0899151,-0.445915,-0.00246287,0.0810956,0.0021239,-0.00015408,0.0712093,0.176033,0.138649,0.00739136,0.0371961,0.0749686,1.45311,-0.128276,6.15257],[-0.000891406,-0.00479515,-0.00878342,0.000574138,-0.00205844,-0.0158746,0.00220201,0.00490576,0.0013998,-0.00993038,0.000482389,0.00163516,0.000281982,-1.62186e-06,-0.0112283,0.00577671,0.0102166,-0.00118362,-0.000184064,-0.0012677,0.0139323,-1.53256e-05,-0.0851034],[0.0595155,0.118487,0.0107517,0.119821,-0.0909402,-0.241371,-0.33393,0.0807203,-0.000920442,0.548312,-0.0403527,-0.0158862,-0.0597229,-0.000411449,0.265211,-0.0172527,-0.128179,-0.044591,-0.0451161,-0.022847,1.46767,-0.100796,2.10938],[0.0290982,0.165807,0.0968861,0.128822,-0.0611834,0.0255348,-0.170311,0.0441934,-0.00353779,0.288082,-0.0177304,0.000113233,-0.00285009,-4.17115e-05,0.0918425,-0.0210995,-0.0950259,-0.00555033,-0.0122665,-0.000264027,0.458237,-0.02591,-0.313083],[0.0085447,0.00327935,0.132992,-9.20581e-05,0.0111198,0.0216425,0.0277181,0.00281883,-0.000598578,-0.0436451,0.00485526,0.00101578,0.00813663,-2.74051e-05,-0.0043999,-0.0157727,0.000629626,0.0107287,0.0192633,0.0128374,0.134648,0.00964021,0.828776],[-0.0782412,-0.398833,0.0147087,0.0781481,-0.101393,-0.253665,0.0342365,-0.077725,-0.00672988,0.0356891,0.0893523,0.0204165,0.0996346,8.2512e-05,0.0411177,0.0624482,-0.0540599,0.0105956,0.0604137,0.0841779,-0.835721,0.0570602,2.0154],[-0.023932,-0.0729737,0.0446111,0.0274257,-0.0114367,-0.0798504,0.0366264,0.00881536,0.00568193,-0.0438788,0.00658651,0.00033875,0.00110348,9.22535e-06,0.0768925,0.00188618,-0.0706689,0.000326546,0.0274708,0.0212774,-0.480213,0.00649713,0.255631],[-0.0353348,-0.0401517,-0.0155866,0.0207601,-0.0401506,-0.0411809,0.0227858,0.00742209,0.00501199,0.00550594,-0.00807763,-9.78992e-05,-0.00824047,7.71471e-06,0.0217123,0.0153945,-0.0345771,0.011457,0.00465241,0.00662342,0.116868,-0.00329073,0.484073],[0.010637,0.00884018,0.108253,0.0117307,0.130669,0.200711,0.00615596,-0.0124193,0.00238068,0.144164,-0.0375778,0.00806835,-0.032229,-0.000115369,-0.052233,0.0654792,0.126176,-0.0388917,0.00685898,-0.00567423,0.618804,0.00106223,-0.546722],[-0.0883792,-0.264076,0.250448,0.0820924,-0.290731,-0.0128725,0.170909,0.0454703,0.00326847,-0.365547,-0.00287936,-0.0218641,-0.00592303,6.21895e-05,-0.0710171,0.00810636,-0.0130638,0.0308901,0.0565755,-0.0085545,-0.430125,0.0130338,-0.510654],[-0.0921454,-0.339321,0.230802,0.0464484,0.114137,0.165079,-0.00395386,0.0120968,-0.0225433,-0.0467849,0.0726598,-0.0136531,0.0952184,0.000356096,-0.0618801,-0.10027,0.0964994,0.0631169,0.00682849,0.0811616,1.58194,0.110692,-0.390676],[0.020308,0.0624326,-0.0920658,-0.0374655,-0.0431148,-0.059343,0.0228553,-0.0390478,-0.00484962,0.11597,-0.00213355,-0.00507141,-0.0150036,-0.000167501,-0.00880552,0.0310614,0.0157766,0.0194166,-0.00844903,-0.0251779,-0.223994,0.00263303,0.518625],[0.100485,-0.129806,0.300783,-0.0123296,0.107577,0.0711606,-0.07254,-0.0835164,-0.048378,0.118569,-0.0423265,-0.0177047,-0.0625967,8.29745e-06,0.229559,0.167433,-0.208008,-0.0546432,-0.0173031,-0.00169641,0.354749,0.0581741,0.872332],[-0.0409965,0.0694378,-0.876203,0.250677,-0.0127923,-0.076717,0.154729,0.215999,-0.0566042,-0.160227,0.0459943,-0.0682414,0.00544867,-0.000358024,-0.110003,0.0266872,0.105416,0.0365074,0.00471109,0.0323397,-1.58736,0.0106748,0.516731],[-0.115146,-0.111775,-0.534814,-0.105005,-0.403944,-0.406846,-0.0773,0.0432886,-0.0258637,-0.177743,-0.0169723,-0.0115926,-0.00117092,0.000122531,-0.203107,-0.159727,-0.0189471,-0.0262056,0.00680262,0.0547024,-0.701934,0.0955255,-1.86788],[-51.565,-67.2009,-179.886,-33.0015,-36.041,-34.3482,-78.0921,8.4995,5.44635,143.331,-2.6787,-0.101796,-7.13128,0.280749,11.0087,-32.3161,-24.3086,-14.7843,-8.88805,-8.74201,137.854,-12.3702,-923.331],[0.000588954,0.0793817,0.0646652,-0.087989,-0.00339978,0.0480208,-0.0158248,-0.03821,0.00135396,0.000747528,-0.00802278,0.00347184,-0.00927097,7.02325e-05,0.0433148,-0.0354818,0.00891223,-0.0246114,0.00495159,-0.00494191,-0.321451,-0.0123853,-0.351155],[-0.0143728,-0.158898,-0.0926889,0.148629,-0.0387534,-0.10527,0.0257312,0.0217168,-0.000181214,0.0772111,-0.0110989,0.0107871,-0.006781,6.80891e-05,0.201816,-0.0625661,-0.14172,0.0308636,-0.0211626,-0.00291101,0.789615,-0.0466222,2.48617],[0.0351393,0.00240476,0.0955264,0.0707854,0.119204,0.0933224,0.00286919,0.00280512,-0.00699766,-0.00617605,0.00444868,-0.00409393,0.00364015,3.30812e-06,-0.102276,0.0443241,0.124888,-0.0022665,-0.0145427,-0.0135971,-0.521215,0.0232426,-0.247848],[-0.100766,-0.0933649,-0.0353561,-0.244731,0.326255,0.384286,-0.408657,-0.0663914,-0.0521625,0.32729,-0.0648489,-0.0714275,-0.0373032,-0.000192496,0.0387508,-0.00807933,-0.0999477,-0.192646,-0.138586,-0.0890634,1.17096,-0.0671913,0.634919],[-0.0550036,-0.181094,-0.265834,-0.182611,0.0226489,-0.224593,-0.27087,0.0645975,-0.0320437,0.570593,-0.0314096,-0.0192148,-0.0139273,0.000497698,-0.0935893,-0.0260991,0.098492,0.0564538,-0.185932,-0.140164,1.10154,0.054678,2.60312],[-0.0990473,-0.192884,-0.128966,-0.195821,-0.346011,-0.425044,0.118132,-0.168888,-0.0662797,0.100972,0.0219521,-0.0646686,0.00505231,-8.65244e-05,0.0951513,0.068867,-0.0328962,0.0238778,-0.0219733,-0.0351785,0.418428,0.0604499,1.26524],[-0.00676409,-0.00408978,0.0584035,-0.000810892,0.000653383,0.0252951,0.00173052,-0.00414205,0.00215229,-0.0139524,-0.00105023,0.00326401,0.000795112,9.13503e-07,-0.017844,-0.00591715,0.00379631,-0.00728963,0.00302673,0.00244158,0.0568711,-0.00470069,-0.282107],[0.0537882,0.202665,0.0451044,-0.0547321,-0.213981,-0.277016,-0.133855,0.0141047,0.0283728,0.111189,0.0540572,0.00290007,0.0610737,-0.00011966,0.133738,0.0341404,-0.0210068,0.0528222,0.0845813,0.0965542,1.44385,-0.0165077,4.71307],[-0.000946892,-0.00194758,-0.00666148,-0.00226574,-0.0169643,-0.0177981,-0.00300775,-0.00114191,0.00143134,8.49566e-05,0.000224433,0.000971347,0.000230072,-7.24596e-07,0.0090508,-0.00252711,-0.00919049,0.00184861,0.000424888,-0.000698011,-0.0347054,-0.00134252,-0.0269885]],"sigmahat":[[0.123399,0.192763,0.0461228,0.0298031,0.199837,0.180289,0.0480942,-0.013886,-0.00837554,-0.021368,0.00246242,-0.00817087,0.00321059,-9.45869e-05,0.0606045,-0.0152685,-0.0230506,0.0172811,0.0181965,0.0176711,0.0475051,-0.00609618,1.23089],[0.192763,0.523198,-0.164056,-0.00217602,0.164474,0.14368,0.0242557,-0.0434112,-0.0217273,0.0267882,-0.00569351,-0.0246222,-0.000660432,-0.000205511,0.0352045,-0.0493395,0.0110696,0.00156434,0.0178068,0.0162839,0.0387188,0.000449776,1.06451],[0.0461228,-0.164056,3.45442,-0.0270937,0.0334223,0.76463,-0.218268,-0.00361528,-0.00428106,-0.0577918,-0.113127,0.00432546,-0.100391,0.000114729,0.227298,0.0617305,-0.141035,-0.0617295,0.0638752,-0.0594225,0.499904,-0.118764,-3.09179],[0.0298031,-0.00217602,-0.0270937,0.13963,0.0197071,-0.0130096,0.00553276,0.0302385,0.00111645,0.00313793,0.00560943,0.00028595,0.00676601,-4.70115e-05,0.0912126,0.0109966,-0.080127,0.0184292,0.0113341,0.0192088,0.0551636,-0.00910108,1.01052],[0.199837,0.164474,0.0334223,0.0197071,1.28425,1.18128,0.279355,-0.0218229,-1.68708e-05,-0.192755,0.00168352,0.00405739,-0.0105615,-0.000119873,0.0928881,-0.0186022,-0.0130937,0.0549902,0.0206547,0.0463586,0.357842,-0.0240973,3.20513],[0.180289,0.14368,0.76463,-0.0130096,1.18128,1.47139,0.24665,-0.024474,0.00118526,-0.250116,-0.0249927,0.00540884,-0.0289796,-9.10429e-05,0.11836,-0.0166382,-0.0328951,0.0376733,0.037431,0.0385029,0.564639,-0.0440907,2.18898],[0.0480942,0.0242557,-0.218268,0.00553276,0.279355,0.24665,0.30207,-0.0230471,0.00719102,-0.273187,0.0369723,0.00806239,0.0315349,-0.000112346,-0.00477488,-0.0101739,0.00213533,0.0503232,0.038263,0.0440779,-0.174346,0.00843923,2.40127],[-0.013886,-0.0434112,-0.00361528,0.0302385,-0.0218229,-0.024474,-0.0230471,0.0637813,0.0042926,0.0251984,-0.0043902,0.00249104,-0.00218296,3.05287e-05,0.00830681,-0.00273112,-0.0147721,0.0018397,-0.00795382,-0.00345168,-0.0810485,-0.00412457,-0.294701],[-0.00837554,-0.0217273,-0.00428106,0.00111645,-1.68708e-05,0.00118526,0.00719102,0.0042926,0.00823413,-0.00632905,0.00300765,0.00716879,0.00338601,1.61172e-05,-0.0038106,0.00132715,0.00430346,-8.11428e-05,0.000432149,0.00204641,-0.00498515,-0.00124375,-0.103488],[-0.021368,0.0267882,-0.0577918,0.00313793,-0.192755,-0.250116,-0.273187,0.0251984,-0.00632905,0.609231,-0.0383972,-0.00348274,-0.0374003,-9.5355e-06,0.0621047,0.0141338,-0.0205374,-0.0318733,-0.0659054,-0.0689111,0.554741,-0.0216676,-1.44727],[0.00246242,-0.00569351,-0.113127,0.00560943,0.00168352,-0.0249927,0.0369723,-0.0043902,0.00300765,-0.0383972,0.0344575,0.00553218,0.0343511,-1.92077e-05,-0.0232414,-0.00700374,0.0147501,0.00904107,0.0164929,0.0276984,-0.111819,0.0228597,0.469062],[-0.00817087,-0.0246222,0.00432546,0.00028595,0.00405739,0.00540884,0.00806239,0.00249104,0.00716879,-0.00348274,0.00553218,0.010518,0.00682647,2.39547e-05,-0.0106642,0.00168439,0.0118897,-0.00171865,0.000423533,0.00276817,0.000607599,0.000324492,-0.0885676],[0.00321059,-0.000660432,-0.100391,0.00676601,-0.0105615,-0.0289796,0.0315349,-0.00218296,0.00338601,-0.0374003,0.0343511,0.00682647,0.0429287,1.86151e-06,-0.0247069,-0.0124628,0.0143179,0.00780953,0.0168786,0.0325576,-0.0788395,0.0264232,0.518526],[-9.45869e-05,-0.000205511,0.000114729,-4.70115e-05,-0.000119873,-9.10429e-05,-0.000112346,3.05287e-05,1.61172e-05,-9.5355e-06,-1.92077e-05,2.39547e-05,1.86151e-06,7.10878e-07,-0.000154061,3.07023e-05,0.00014653,-3.10579e-05,-3.08369e-05,-2.01553e-05,-0.000122735,3.94977e-05,-0.00277774],[0.0606045,0.0352045,0.227298,0.0912126,0.0928881,0.11836,-0.00477488,0.00830681,-0.0038106,0.0621047,-0.0232414,-0.0106642,-0.0247069,-0.000154061,0.548495,-0.0529414,-0.422798,0.0512106,0.0377255,0.0265724,0.403577,-0.0635947,3.34271],[-0.0152685,-0.0493395,0.0617305,0.0109966,-0.0186022,-0.0166382,-0.0101739,-0.00273112,0.00132715,0.0141338,-0.00700374,0.00168439,-0.0124628,3.07023e-05,-0.0529414,0.170948,0.0946355,-0.0343445,-0.0108204,-0.0134338,0.0822321,-0.000757482,-1.14972],[-0.0230506,0.0110696,-0.141035,-0.080127,-0.0130937,-0.0328951,0.00213533,-0.0147721,0.00430346,-0.0205374,0.0147501,0.0118897,0.0143179,0.00014653,-0.422798,0.0946355,0.4556,-0.0529478,-0.0389495,-0.0279353,-0.147303,0.0534845,-2.86163],[0.0172811,0.00156434,-0.0617295,0.0184292,0.0549902,0.0376733,0.0503232,0.0018397,-8.11428e-05,-0.0318733,0.00904107,-0.00171865,0.00780953,-3.10579e-05,0.0512106,-0.0343445,-0.0529478,0.0449584,0.0133336,0.0160929,0.123042,-6.95824e-05,1.40751],[0.0181965,0.0178068,0.0638752,0.0113341,0.0206547,0.037431,0.038263,-0.00795382,0.000432149,-0.0659054,0.0164929,0.000423533,0.0168786,-3.08369e-05,0.0377255,-0.0108204,-0.0389495,0.0133336,0.0372592,0.0315548,-0.100787,0.00941499,0.582871],[0.0176711,0.0162839,-0.0594225,0.0192088,0.0463586,0.0385029,0.0440779,-0.00345168,0.00204641,-0.0689111,0.0276984,0.00276817,0.0325576,-2.01553e-05,0.0265724,-0.0134338,-0.0279353,0.0160929,0.0315548,0.0491092,0.017737,0.0217728,0.920393],[0.0475051,0.0387188,0.499904,0.0551636,0.357842,0.564639,-0.174346,-0.0810485,-0.00498515,0.554741,-0.111819,0.000607599,-0.0788395,-0.000122735,0.403577,0.0822321,-0.147303,0.123042,-0.100787,0.017737,11.7785,-0.153436,9.59381],[-0.00609618,0.000449776,-0.118764,-0.00910108,-0.0240973,-0.0440907,0.00843923,-0.00412457,-0.00124375,-0.0216676,0.0228597,0.000324492,0.0264232,3.94977e-05,-0.0635947,-0.000757482,0.0534845,-6.95824e-05,0.00941499,0.0217728,-0.153436,0.0441614,-0.201894],[1.23089,1.06451,-3.09179,1.01052,3.20513,2.18898,2.40127,-0.294701,-0.103488,-1.44727,0.469062,-0.0885676,0.518526,-0.00277774,3.34271,-1.14972,-2.86163,1.40751,0.582871,0.920393,9.59381,-0.201894,90.7506]],"n":23,"lags":3}