{"betahat":[[0.0620926,0.137702,-0.0166543,0.00765551,0.0415047,0.00964122,0.0106789,-0.0713287,-0.039173,0.0825823,0.000729649,0.00223796,-0.0304971,0.00915923,0.00211649,0.472967,0.699689,-0.00246739,0.0725695,-0.00812904,-1.00312,0.824235,0.0116406],[0.130231,0.024617,0.321606,0.1234,-0.00462413,-0.045935,0.205881,0.0281565,-0.0265881,-0.191445,0.00321453,-0.00551968,-0.0201694,0.0075611,-0.0115264,-0.224547,-0.15281,-0.0363274,0.249154,-0.0131273,-1.19514,0.0295817,0.00836282],[0.0262183,0.0509624,-0.0666722,-0.0068924,-0.0114029,-0.0214234,0.0515064,0.0172089,-0.0253581,-0.0147232,-0.00558261,-0.00447717,-0.0189088,-0.0088802,-0.00652522,-0.0555914,-0.0226537,0.00896482,0.0565865,-0.00625978,-0.00442707,-0.0607576,-0.00416445],[0.00268449,-0.00376211,-0.0821097,0.0205771,-0.00517157,-0.0219041,0.00141668,-0.00400339,-0.00088162,-0.0418365,-0.000913748,0.00373405,-0.0032618,0.00378596,-0.00160678,-0.0206165,0.0100808,-0.00315406,0.0156994,-0.000833646,-0.347221,0.0258551,0.00387962],[-0.0585919,-0.0848338,0.159389,0.0383008,-0.0894826,-0.0892281,-0.049247,0.0149579,0.118799,0.00957057,-0.00240974,0.0306465,0.0220251,0.0325423,0.00920139,-0.0113796,-0.0966008,-0.0428556,-0.0274218,0.0049459,0.179895,0.546834,0.0234851],[0.00270866,0.0102457,0.150464,-0.00497231,0.0421979,0.079253,0.00276681,0.00204435,-0.0124986,0.00879216,0.00508271,-0.00346737,-0.00488768,0.000137198,-0.00387791,0.0325945,0.0223025,-0.00513339,-0.00864792,0.00234539,-0.114489,-0.172441,-0.00114508],[0.00626092,0.00272644,0.0524594,0.00673412,0.0547154,0.0747313,0.0364677,0.0025941,-0.0637602,-0.0408575,0.00698392,-0.00319227,0.00108754,-0.000237181,-0.00475739,0.0237413,0.0434843,-0.00310736,-0.0181582,8.78228e-05,0.0566339,-0.0965863,-0.00280539],[-0.00606579,-0.0793255,0.073983,0.0262619,0.071498,0.0944457,0.0729691,0.00314712,-0.0249484,-0.0931756,0.00272443,-0.00397858,0.030542,-0.000795918,0.0182553,-0.0381312,-0.00601991,-0.0168416,0.0115362,0.00114114,-0.428123,-0.0296716,-0.00466319],[-0.0626528,-0.0792878,-0.122762,-0.016917,-0.0154184,-0.0319679,-0.0824785,0.28661,-0.394541,-0.103114,-0.00688826,-0.0153661,-0.031351,-0.012685,-0.0129839,-0.0794734,0.0766239,-0.015039,-0.125301,-0.00384291,0.376751,0.634747,-0.0130158],[0.00318519,0.0113619,-0.00696385,-0.000827568,0.00202165,-0.00102894,-0.00291755,-0.00612245,0.0422721,0.012658,-0.000367466,-0.000456904,-0.00252166,-0.000848199,-0.00202075,0.0165288,-0.00338072,-0.00584783,0.0138794,-0.000310727,-0.0699529,0.0482969,-0.000239764],[-0.00270165,-0.00885322,0.00841325,0.00258565,0.00930883,0.0104751,-0.014915,-0.00149933,0.0276849,0.132717,-0.00132736,-0.000452955,-0.00831547,-0.00200386,0.00161887,0.0161676,-0.0167775,-0.00749576,0.013465,0.000328359,0.114848,-0.114229,-0.000795922],[0.0362242,0.0459083,0.123503,-0.0425524,0.101719,0.120022,0.0380332,-0.0625753,-0.146437,-0.268963,0.0418139,-0.0150001,0.0324358,0.00287377,-0.00547964,-0.0489398,0.0835308,0.0411701,-0.014214,0.0066055,0.329617,-0.13499,-0.00926705],[-0.0479848,-0.110426,0.0475727,-0.0409973,-0.269447,-0.349967,-0.192204,-0.0135202,0.086772,0.0251072,0.0171783,0.0982281,-0.0282178,0.0811565,-0.0232175,-0.0663618,-0.109871,0.0448452,-0.0334814,0.00976382,-0.276148,0.0195563,0.0829047],[0.0291175,0.0830202,0.0386383,-0.00848355,-0.00119467,0.0258453,0.0220612,-0.00975361,-0.108005,-0.0815189,0.0126154,0.00756521,0.0408256,0.0158703,0.00145796,-0.0176335,0.040275,-0.00722312,-0.0656863,0.00548516,-0.0648899,0.00219778,0.00741591],[0.0134483,-0.00951215,0.218674,-0.0423725,-0.153387,-0.172684,-0.155886,-0.0603634,0.0279258,-0.0172709,0.0348161,0.10879,-0.0111323,0.109783,-0.00760207,-0.0541356,-0.0976337,0.0447041,-0.00508193,0.0136492,-0.31672,0.0390381,0.0996243],[-0.00421066,-0.0496864,-0.00827667,0.0237588,0.0425658,0.0528376,-0.0317737,-0.00577295,-0.0469625,0.215343,-0.000227157,0.0335081,0.0377724,0.0403662,0.0361229,-0.00291724,-0.00765615,-0.00107017,-0.0449885,0.00470634,-0.215237,-0.360613,0.0336738],[0.0243552,0.025104,-0.0420537,-0.0238679,0.101327,0.0822519,0.0193257,-0.122212,0.331093,0.179398,-0.000826863,-0.0163603,-0.0136339,-0.0110571,-0.00245787,0.642365,0.117849,-0.0288991,-0.100796,-0.00581456,0.1758,1.32106,-0.0111395],[-0.0145306,-0.0111986,0.0126994,-0.00197628,-0.0312516,-0.00167796,0.00979238,0.0401361,-0.072092,0.0202826,-0.00119553,0.00543745,0.0282171,0.00772219,0.0108505,0.0280527,0.663895,0.00420959,-0.000924319,0.00444021,0.0511409,-0.155941,0.00431277],[-0.0498286,-0.109519,0.0122419,-0.0487123,-0.0353484,-0.0153888,0.0745884,0.00953904,-0.582002,-0.143935,0.0122093,-0.00453227,0.0437547,0.00218241,0.0112057,-0.0323636,-0.196057,0.644626,0.0528554,0.00668411,0.0691265,0.988725,0.000717117],[-0.0373135,-0.135157,-0.0146067,0.0425228,0.0377491,-0.0122306,-0.0103205,0.0346146,0.602707,0.177222,-0.00467239,-0.0172932,-0.0989329,-0.0261245,-0.0250892,-0.11156,0.0391658,0.0402015,0.588014,-0.0170154,0.0974359,0.269483,-0.0111539],[0.1165,0.423424,0.120877,-0.135419,0.0209402,0.165424,-0.0195822,-0.0114924,-0.25745,-0.283508,0.0367677,-0.00317393,0.0313358,-0.00190721,-0.0471871,0.0509594,0.119809,-0.0140709,-0.155585,0.00402875,0.109185,0.347317,-0.005374],[-0.000540092,-0.00250219,-0.00500206,-0.0019555,0.00721156,0.00849005,0.00654896,-0.00401884,-0.0101518,-0.00432626,0.000294963,-0.000757525,0.00104379,-0.00070868,-0.000110214,0.00303477,0.0187246,-0.000524397,-0.00544285,-8.46419e-05,-0.0552405,0.000155348,-0.00109036],[-0.00093611,0.00321915,-0.00240935,0.00205113,-0.000474631,5.59322e-05,-0.000735424,0.00333231,0.0164791,-0.00992342,-0.000549853,3.56218e-05,-0.00356795,-0.00115294,-0.00236957,0.0147076,-0.0052336,0.00310112,0.00317782,-0.000200902,-0.0420242,0.230856,-0.00027111],[-0.0458745,-0.187948,0.138534,-0.00561092,-0.253998,-0.28585,-0.180236,-0.0331196,0.0785669,0.0678602,0.0198285,0.118639,-0.0366813,0.113545,-0.00737402,-0.104968,-0.132606,0.0924461,0.0913965,0.0100663,-0.00267376,0.274382,0.11119],[0.00835033,-0.0599239,0.0657061,0.0295954,-0.0285377,-0.0420753,0.0506282,0.00449614,-0.0275583,-0.0813599,0.00315598,0.00629431,-0.00664759,0.00996298,0.000199291,-0.0371108,-0.0234879,0.00935847,0.0702744,-0.00439151,-0.127261,0.00292992,0.00815208],[-0.00213467,-0.0287062,-0.00545473,-0.00228482,0.000982909,-0.0131752,0.0184731,0.000366903,-0.0244726,0.0119811,-0.00161037,-0.00151142,-0.00230842,-0.00219981,0.002411,-0.0100147,0.00147269,0.00180101,0.0108209,-0.00210504,0.0178754,-0.0523278,-0.000972512],[0.00019517,-0.000584061,0.0036117,-0.000137272,-0.00432655,-0.0020937,-0.00592981,0.0020651,0.0107195,-0.015312,0.000696466,0.000494001,-0.0031398,5.67118e-05,-0.00251731,-0.00638874,-0.0067619,-0.00221219,0.00293107,0.000143486,-0.00780295,0.0440348,-8.50281e-05],[0.00540649,0.0698372,0.0300515,-0.00637031,-0.0373384,-0.0248622,-0.0470106,0.00326084,0.0777242,-0.0165709,-0.00505745,0.0129582,-0.0119026,0.00893614,-0.0087579,0.0156586,-0.0337303,-0.015477,0.0112256,0.0020981,-0.340324,0.0933205,0.00889513],[0.00143536,0.00396007,0.00326324,-0.00132812,-0.0057568,0.0016129,-0.00541966,-0.00277351,0.00511504,-0.010856,0.00102554,-0.00263578,0.000370942,-0.000546071,0.00038763,0.0109736,0.0180835,0.00211336,-0.00778292,-6.39688e-06,-0.0217049,-0.087364,-0.00109107],[0.000389529,-0.00640656,0.00669714,-0.00476437,-0.0109298,-0.0042208,-0.009179,-0.00191885,-0.00461651,-0.0177715,0.00196477,-0.00182033,0.00193665,-0.000435248,0.00150433,0.00926752,0.0113923,7.65508e-05,-0.0118709,0.00033612,-0.0552883,-0.0495657,-0.00078489],[0.00551931,0.0181057,0.0425719,0.0193339,-0.0297439,-0.0246606,-0.00810003,0.000684261,-0.00534575,0.00718386,0.001768,0.00128629,0.00624254,0.00373398,0.0035954,-0.0082955,0.022869,-0.0109733,0.0143156,-0.000740787,-0.510828,-0.0129245,0.00211621],[-0.00466398,-0.0241767,0.0201287,-0.019595,0.0548249,0.0434137,-0.0204379,0.0740223,-0.0619781,-0.0406645,-0.00623342,-0.00543881,-0.00921916,-0.00166235,0.00783642,0.00460772,-0.0188345,0.00405017,-0.0558643,0.00073698,0.454786,0.181484,-0.0017344],[-1.73994e-05,0.00141643,-0.00364836,-0.00179659,0.00215381,0.00165881,-0.000166032,-0.00111092,0.00772116,0.000571866,-5.29692e-05,-0.000497845,0.000496693,-0.000735154,0.000136148,0.00418424,0.00162766,-0.00133387,0.000941431,3.62716e-05,0.0534188,0.0102302,-0.000509531],[-0.000547388,-0.00104496,0.00472894,0.00120084,0.00518527,0.0066246,-0.00203532,-0.000890835,0.0045013,0.0222842,-0.000183076,-0.00113712,-0.00166826,-0.00152105,-0.000782885,0.00579348,0.000259724,-0.0018351,0.00103441,0.000166302,0.0672681,-0.0360658,-0.00142361],[0.0029722,0.0112407,0.0759993,-0.00113854,0.0276804,0.0316358,-0.00159745,-0.0154292,-0.0186076,-0.0243006,-0.000840236,0.00169098,-0.0103274,-8.89784e-05,-0.00793698,-0.0302872,-0.0158717,0.00791142,0.00682721,0.000661638,-0.039289,0.0911091,-0.000200115],[-0.00106903,-0.00291688,0.0570132,-0.0120446,-0.0154261,-0.021336,-0.0259883,-0.00964888,-0.00253886,-0.0316615,0.00605749,0.00695493,-0.0113098,0.00374247,-0.0136834,-0.013095,-0.00862134,0.0237584,0.0194511,0.00158376,0.142935,0.0869504,0.00450766],[0.00504965,0.0139082,0.0620024,2.82536e-05,-0.0148097,-0.00333045,0.00140949,-0.00407507,-0.0240876,0.00617157,0.000166407,0.00270267,-0.00182674,0.002254,-0.00261697,-0.0103651,0.0120971,-0.00924875,-0.00342603,0.000323029,-0.0252191,0.0188998,0.00176553],[-0.000490696,-0.00759206,0.0562619,-0.0199818,-0.0202019,-0.0204266,-0.0338655,-0.0111437,-0.00838287,-0.00290117,0.00498763,0.0120074,-0.0120975,0.0082835,-0.00910811,-0.0115258,-0.0118444,0.0178647,0.000455649,0.00176086,-0.133413,0.0278163,0.00844965],[-0.00353079,-0.0169916,0.0541353,0.0104689,-0.011829,-0.00327522,-0.00952167,0.00184902,-0.0157983,0.0620901,0.00424372,0.00899499,0.0049562,0.0104416,0.000541679,-0.0092064,-0.00782286,0.00324279,-0.00162127,0.002008,0.125031,-0.0837064,0.00730917],[-0.00500396,-0.036092,0.0325375,0.0033305,-0.0115727,-0.0135745,-0.00120135,-0.0357192,0.0784382,0.0394522,0.00147677,-0.0011247,-0.00334812,-8.31201e-05,-0.00268438,0.122483,0.0287975,-0.0067493,-0.0130231,-0.00125314,0.0288969,0.3647,-0.00030385],[-8.36316e-06,0.0019232,-0.0294182,0.00278246,-0.00952637,-0.0173856,0.00391407,0.0119259,-0.0725507,0.0298472,0.000622115,0.00399079,0.00322084,0.00355854,0.00137235,0.00227719,0.153045,0.00413544,0.0126416,0.000722942,-0.171142,-0.0565745,0.00342701],[0.0185116,0.0360294,0.0441841,0.027249,-0.0417322,-0.00945349,0.00968464,0.0379881,-0.13198,-0.0530955,-0.00473183,-0.00604988,0.0136144,-0.00504325,-0.00286536,-0.011718,-0.0420775,0.106227,0.00852171,0.00275312,-0.261952,0.433688,-0.00617179],[0.000455219,0.0033224,-0.0282617,0.00217461,0.0304375,0.0159065,-0.0107826,0.00656364,0.143959,-0.022262,0.000927496,-0.00753089,-0.0030958,-0.00836442,-0.00553175,0.0221192,0.0477044,-0.00317684,0.0700167,-0.000150868,0.189642,0.0682195,-0.00611162],[0.0117733,0.0310514,0.0472139,-0.0143668,0.0137002,0.0342721,0.0188598,-0.0240983,-0.0690823,-0.0534375,0.00524116,-0.00360956,-0.0113239,-0.00533342,-0.0144646,-0.0154155,0.0420951,0.0247764,-0.00033061,-4.44288e-05,0.174423,0.0124646,-0.00602007],[0.000106999,0.00166142,0.00297165,-3.79433e-06,0.000279185,0.00190352,-0.00110405,0.00010644,0.00467242,-0.000620519,5.12607e-05,-0.000145445,0.000140764,-0.00015233,-0.000508467,-0.000274479,-0.00111993,-0.000183417,-0.00215243,0.000116233,-0.0259417,-0.00178508,-0.000234156],[-0.000157545,0.00302834,-0.000771634,-0.000978984,-0.00169875,-0.00162258,-0.00123046,-0.000102693,0.00456118,0.000352412,-0.000186845,-1.77631e-05,-0.000347952,-0.000348545,-0.000316171,0.00520107,-0.00119212,0.00114057,0.000229156,-6.64029e-06,-0.0228221,0.047127,-4.77655e-05],[-0.00616868,-0.0257497,0.0303145,-0.00770589,-0.0107908,-0.0224149,-0.0281605,-0.0139554,0.0042776,0.0719393,0.00693044,0.0116567,-0.018223,0.00910945,-0.0100999,0.000161419,-0.00555087,0.0124216,0.0194404,0.00090488,0.340769,0.0143382,0.00872084],[0.00662273,0.00448902,0.0360388,0.0247847,-0.0171023,-0.0289478,-0.00465135,0.0037654,0.0592573,-0.0281116,0.00195197,0.000435828,-0.00533127,0.00252761,-0.00259078,-0.00983168,-0.024459,-0.00806718,0.0515026,-0.00122075,-0.296113,0.0634535,0.0014061],[-0.000748066,-0.00536912,0.00150068,0.00615064,-0.00313667,-0.00629511,0.000650243,0.00217038,0.00387009,0.000853738,-0.000124708,-0.000281876,0.000108329,0.000151594,0.00164538,-0.00157534,-0.000141157,-4.09843e-05,0.00931007,-0.000305663,-0.0158181,-0.0104088,0.000178917],[-0.000220493,-0.000162047,-0.00844966,0.00231852,-0.000842044,-0.00411852,0.000246161,0.00118458,-9.12048e-05,-0.00647195,-0.000379301,0.00019711,1.28061e-05,1.00815e-05,0.000712655,-0.00152624,0.000926608,0.000394249,0.00060768,-1.46779e-05,0.000725297,-0.00723071,5.18175e-05],[-0.000623312,0.0175242,-0.0336429,-0.017503,-0.0148597,-0.0218454,-0.0158128,-0.0055672,0.0237203,-0.0131662,-0.00183674,0.0030935,-0.00197697,0.000575272,-0.00262195,0.00943643,0.0019501,-0.00107328,-0.00790832,-0.000505839,-0.109457,-0.00747471,0.00189533],[-0.000279098,-0.0069157,0.0203481,-0.00169559,-0.00188966,0.00019032,-0.00118594,-0.00386973,0.0010501,-0.00924174,0.0012684,-0.000507458,0.00243593,0.000657416,0.00201266,0.00275301,0.00554566,-0.00126706,-0.0037702,-0.000106236,0.0108439,-0.0450033,1.76465e-05],[-0.000253036,-0.00522612,0.00450601,0.00362806,-0.00399345,-0.00631435,0.000755458,-0.000747972,-0.00360398,-0.0159451,0.00100618,-0.00061125,0.00291,0.000241455,0.00190903,0.00108369,0.00940444,-0.000362108,-0.0077466,-0.000214965,0.000176683,-0.0404033,-0.000456601],[-0.00186255,-0.00592982,0.0253461,-0.000638692,-0.0166214,-0.0197282,-0.0167416,-0.00119578,0.0153599,0.011379,0.000277028,0.00338134,0.00127017,0.00348357,0.00263763,-0.00657695,-0.0110034,-0.0039076,0.000159134,0.000581733,0.098328,-0.00913968,0.00321635],[-0.00324745,-0.0326904,-0.0178808,-0.00362027,0.025459,0.0191048,-0.000978983,0.0304884,-0.0693592,-0.0226531,-0.00221176,0.00063131,1.33165e-05,0.00266393,0.00609145,0.00582925,0.0138886,0.00908534,-0.0455203,0.000307613,-0.0229355,0.0623248,0.00275472],[0.000368383,0.00136083,-0.00221487,-0.000569806,0.000732772,0.00119936,0.00105076,-0.000508605,0.0014537,-0.00141418,0.000100623,-0.000178324,0.000404655,-0.000135946,-2.01462e-05,0.00170873,0.0037274,-0.000294853,0.000472963,-5.02447e-05,-0.00413529,0.00349541,-0.000138862],[0.000206153,0.000861518,-0.00130122,0.00088385,0.00374145,0.00277881,-0.000158816,-1.23469e-06,0.00210465,0.00540906,-0.000358482,-0.000471352,-0.000494207,-0.00062393,-0.000495301,0.00260688,-0.000228008,-0.00190292,-0.00102208,2.53696e-05,0.00818333,-0.0230161,-0.000649152],[-0.00350769,-0.00830494,0.0232706,0.00742932,-0.018152,-0.0177162,-0.0124302,-0.00507149,-0.00270205,-0.0274529,-0.00184576,0.000569015,-0.00573916,-0.00120233,-0.00466769,-0.0220199,0.0020948,-0.00114459,-0.00342995,0.000324507,0.0225617,0.0534685,-4.16346e-05],[0.000217018,0.00245612,-0.0180116,0.00038822,0.0112281,-0.00206612,-0.000831523,0.00223696,0.0123131,0.0344014,0.000656168,-0.00396661,-0.00924657,-0.00622337,-0.00624394,-0.0164222,-0.0137344,0.00222535,0.0229545,-0.00024165,-0.022084,-0.02006,-0.00498186],[0.000458232,-0.00531877,0.00662233,0.00278249,-0.00872575,-0.0138643,-0.00240217,0.000969549,-0.00394034,0.00307563,-0.000798574,0.000748025,-0.00131806,0.000280696,-3.6831e-05,-0.00668308,-0.00156008,-0.00122205,0.00023848,-9.76032e-05,-0.00923656,0.0121003,0.00082344],[-0.0014485,-0.00967141,0.0370933,-0.00173717,-0.000136066,0.000115947,-0.00516768,0.00231376,-0.0254516,0.0108649,-0.000166331,-0.00146653,-0.0044172,-0.00434397,-0.0059484,-0.0140227,0.00119644,-9.5725e-05,-0.00775575,0.0010073,0.240048,0.0280102,-0.00333149],[-0.00166654,-0.00776866,0.00456115,-0.00395036,0.0015093,0.000561299,0.00174595,-0.00285051,-0.0103256,-0.00123601,0.000764091,0.0022098,0.00112936,0.00173851,5.86819e-05,-0.00508914,0.00381424,0.00215807,-0.00720036,0.000130495,0.0207232,-0.0495801,0.00164371],[-0.0016136,-0.00267291,0.027234,0.00926493,-0.0208089,-0.0199,-0.00847044,-0.0156343,0.0531142,0.0269898,0.00169795,-8.58963e-05,-0.00164791,0.000782144,-0.00157577,0.0437421,0.00588243,-0.00457794,0.0189702,-0.000168189,-0.0488103,0.17154,0.000483033],[-0.000579361,-0.00310949,0.00724661,0.000440188,-0.0100999,-0.0135761,-0.00684196,0.009685,-0.0186556,0.0296956,-0.000467062,0.00157071,-0.00395607,0.000942457,-0.000104907,-0.000154818,0.0446755,0.000667905,0.014614,3.04689e-05,0.110609,0.00230547,0.00157928],[0.0223849,0.049582,0.0548756,0.00514322,-0.0228778,-0.00118727,-0.00524766,0.0179442,-0.0151335,-0.0413053,-0.00247583,-0.0050499,0.0116072,-0.00488138,-0.0039045,0.0216441,-0.0497226,0.0174519,-0.0307151,0.00136193,-0.141043,0.284124,-0.00558159],[-0.000231902,0.00594945,-0.0163537,-0.00924668,0.0294018,0.0298437,-0.00302957,0.00416792,0.0528838,-0.0462481,0.00116006,-0.00491582,0.00564912,-0.00400945,-0.00254986,0.0213423,0.034844,-0.000397051,0.00632655,0.000835281,0.0779882,0.00920608,-0.00373292],[0.0143004,0.0352382,-0.0302519,0.00273844,-0.0189296,-0.0453142,0.0145706,0.000133969,-0.00556294,0.00883805,-0.00315158,-0.00244334,-0.00817219,-0.00410736,-0.00200216,-0.00950139,-0.00834616,-0.00611368,0.0092568,-0.00303317,-0.503011,0.101726,-0.00204963],[-1.88343e-05,0.00012088,-0.000830835,-0.000109765,0.00039461,0.000693215,0.000746288,-7.32284e-05,-0.00221411,-0.000411205,4.28284e-05,-5.26251e-05,0.000384121,-4.9187e-05,0.000151232,0.000190697,0.000507862,7.89208e-05,-0.000905642,6.91971e-05,-0.00163541,-0.00254559,-2.67137e-05],[-0.000354565,0.000491316,-0.00230576,-9.95325e-05,-0.000870563,-0.00185346,-0.00096418,0.000152442,0.00313552,0.00141341,-0.000188277,9.60781e-05,-0.000395769,-6.23748e-05,-5.27419e-05,0.00240787,-0.000538419,0.000601338,0.000255575,-4.66422e-05,-0.0079823,0.0176637,5.46809e-05],[0.00295619,0.00772969,0.013226,-0.00378596,0.00721593,0.00430021,-0.00247736,0.00205278,0.00571152,-0.00540201,-0.000642481,-0.00513333,-0.00802163,-0.0087635,-0.00932383,-0.0053055,-0.0102362,0.00174032,0.00460778,0.000238944,-0.114854,0.114325,-0.00702557]],"sigmahat":[[0.107467,0.233136,0.0593211,-0.045457,0.116855,0.164234,0.0516391,-0.0753261,-0.0517697,-0.112548,0.00688924,-0.013632,0.0341784,-0.00636435,-0.000430782,0.276753,0.166735,-0.0633185,-0.201006,0.00474765,-0.521129,0.113561,-0.0131277],[0.233136,1.07431,-0.155434,-0.310236,0.0249492,0.241822,-0.109248,-0.0611405,-0.309399,-0.358451,-0.00199862,-0.0423538,0.0839964,-0.0423226,-0.0244835,0.38577,0.150563,-0.0705837,-0.524667,0.0210517,-2.21277,-0.0637729,-0.0541096],[0.0593211,-0.155434,3.67524,-0.00655118,-0.0195977,0.772803,-0.0913326,-0.154382,-0.285487,-0.0638653,0.0391007,0.0572804,0.0516927,0.101776,-0.0602137,0.165523,0.0967295,-0.0940451,-0.354963,0.0435737,1.0478,0.831412,0.0665755],[-0.045457,-0.310236,-0.00655118,0.291163,-0.0337328,-0.117916,0.0715272,0.00502334,0.2896,0.104568,-0.00466424,0.000158966,-0.0341555,0.00183125,0.0092558,0.0038747,0.146397,-0.0440048,0.250551,-0.0103825,0.176219,0.426218,0.00148814],[0.116855,0.0249492,-0.0195977,-0.0337328,1.32162,1.31261,0.349775,-0.084768,0.421812,-0.157142,-0.0165994,-0.102323,-0.0551843,-0.0896441,-0.0190532,0.65239,-0.0521396,-0.101413,0.114395,-0.0136294,0.986831,0.787656,-0.0905667],[0.164234,0.241822,0.772803,-0.117916,1.31261,1.71351,0.383333,-0.109686,0.0523108,-0.308546,-0.00289278,-0.10895,0.00470694,-0.082219,-0.0337252,0.678492,0.0149659,-0.0809196,-0.113901,0.0024861,0.798468,0.910124,-0.0965953],[0.0516391,-0.109248,-0.0913326,0.0715272,0.349775,0.383333,0.522441,-0.110178,-0.355786,-0.197376,0.00833878,-0.0467356,0.074089,-0.0284957,0.0276264,0.326573,0.501296,0.0175066,-0.113344,-0.0156394,0.597941,0.585051,-0.038213],[-0.0753261,-0.0611405,-0.154382,0.00502334,-0.084768,-0.109686,-0.110178,1.50587,-3.91874,-3.30057,-0.023004,-0.0192283,-0.0395361,-0.0387013,-0.0245627,-7.0463,-9.27244,0.86263,0.117779,0.00858113,0.254512,-12.5421,-0.0271751],[-0.0517697,-0.309399,-0.285487,0.2896,0.421812,0.0523108,-0.355786,-3.91874,16.6248,11.434,-0.0190392,-0.0597608,-0.343909,-0.0699726,-0.0870651,22.5611,31.307,-3.05374,2.16857,-0.070639,0.0910617,43.412,-0.0209449],[-0.112548,-0.358451,-0.0638653,0.104568,-0.157142,-0.308546,-0.197376,-3.30057,11.434,12.7406,-0.0212671,0.107261,-0.0217565,0.122802,0.13265,20.0548,31.1856,-2.66165,0.687319,-0.0126555,1.47355,34.524,0.129513],[0.00688924,-0.00199862,0.0391007,-0.00466424,-0.0165994,-0.00289278,0.00833878,-0.023004,-0.0190392,-0.0212671,0.0208991,0.00644146,0.0201348,0.0112504,-0.00300138,0.0238463,0.0380191,0.00333625,-0.0184319,0.00358018,0.102516,-0.00677192,0.00627187],[-0.013632,-0.0423538,0.0572804,0.000158966,-0.102323,-0.10895,-0.0467356,-0.0192283,-0.0597608,0.107261,0.00644146,0.0576622,0.0143405,0.0548609,0.00644472,0.00991117,0.245777,-0.0225569,-0.0780716,0.00789184,-0.14953,-0.101991,0.0495822],[0.0341784,0.0839964,0.0516927,-0.0341555,-0.0551843,0.00470694,0.074089,-0.0395361,-0.343909,-0.0217565,0.0201348,0.0143405,0.111884,0.0293831,0.0330356,0.0822126,0.335957,-0.000683013,-0.238526,0.0111732,-0.351209,-0.276526,0.0160662],[-0.00636435,-0.0423226,0.101776,0.00183125,-0.0896441,-0.082219,-0.0284957,-0.0387013,-0.0699726,0.122802,0.0112504,0.0548609,0.0293831,0.0597938,0.0127105,0.101489,0.391695,-0.0293013,-0.102247,0.00831236,-0.192807,-0.031895,0.0507071],[-0.000430782,-0.0244835,-0.0602137,0.0092558,-0.0190532,-0.0337252,0.0276264,-0.0245627,-0.0870651,0.13265,-0.00300138,0.00644472,0.0330356,0.0127105,0.0381159,0.118267,0.323399,-0.0196458,-0.0551494,0.000408397,0.0443452,-0.164738,0.00955717],[0.276753,0.38577,0.165523,0.0038747,0.65239,0.678492,0.326573,-7.0463,22.5611,20.0548,0.0238463,0.00991117,0.0822126,0.101489,0.118267,44.4655,64.2253,-4.2788,0.787098,-0.0440023,-0.884515,86.2431,0.0738508],[0.166735,0.150563,0.0967295,0.146397,-0.0521396,0.0149659,0.501296,-9.27244,31.307,31.1856,0.0380191,0.245777,0.335957,0.391695,0.323399,64.2253,107.248,-6.63968,2.86794,-0.0247718,-2.75316,118.952,0.327197],[-0.0633185,-0.0705837,-0.0940451,-0.0440048,-0.101413,-0.0809196,0.0175066,0.86263,-3.05374,-2.66165,0.00333625,-0.0225569,-0.000683013,-0.0293013,-0.0196458,-4.2788,-6.63968,1.46301,0.198749,0.00862736,-0.447021,-4.86492,-0.0198822],[-0.201006,-0.524667,-0.354963,0.250551,0.114395,-0.113901,-0.113344,0.117779,2.16857,0.687319,-0.0184319,-0.0780716,-0.238526,-0.102247,-0.0551494,0.787098,2.86794,0.198749,2.02401,-0.0362052,1.07583,3.20209,-0.0588572],[0.00474765,0.0210517,0.0435737,-0.0103825,-0.0136294,0.0024861,-0.0156394,0.00858113,-0.070639,-0.0126555,0.00358018,0.00789184,0.0111732,0.00831236,0.000408397,-0.0440023,-0.0247718,0.00862736,-0.0362052,0.00485233,-0.0705328,-0.10995,0.006436],[-0.521129,-2.21277,1.0478,0.176219,0.986831,0.798468,0.597941,0.254512,0.0910617,1.47355,0.102516,-0.14953,-0.351209,-0.192807,0.0443452,-0.884515,-2.75316,-0.447021,1.07583,-0.0705328,66.8227,-2.2809,-0.136415],[0.113561,-0.0637729,0.831412,0.426218,0.787656,0.910124,0.585051,-12.5421,43.412,34.524,-0.00677192,-0.101991,-0.276526,-0.031895,-0.164738,86.2431,118.952,-4.86492,3.20209,-0.10995,-2.2809,203.776,0.0146605],[-0.0131277,-0.0541096,0.0665755,0.00148814,-0.0905667,-0.0965953,-0.038213,-0.0271751,-0.0209449,0.129513,0.00627187,0.0495822,0.0160662,0.0507071,0.00955717,0.0738508,0.327197,-0.0198822,-0.0588572,0.006436,-0.136415,0.0146605,0.0464388]],"n":23,"lags":3}