{"betahat":[[1.67778,2.93957,10.8063,-1.53938,-0.543175,2.84256,1.39559,-2.52041,2.04513,4.78292,0.317543,-0.123913,-0.281354,0.313534,-0.647003,0.0531553,0.724461,41.3344,43.6265,0.00519918,-21.0654,31.9962,0.509949],[1.00551,0.0414363,0.832629,0.0817387,0.0422211,0.155946,-0.0758485,-0.0949136,-0.422217,0.0861109,-0.0641594,-0.025124,-0.0998006,-0.0216972,0.0239826,-0.0769342,-0.00432495,0.0266461,-0.0880906,0.0237331,-1.31312,-0.535847,-0.0193148],[-0.0341066,0.863129,-0.286036,-0.151334,0.00554385,-0.0073841,0.114645,0.0366634,-0.0293951,-0.0518883,-0.00625978,0.0177479,-0.0099405,0.00537952,-0.0283101,-0.0464653,-0.0272149,-0.00827296,0.0700743,-0.012777,0.334605,0.512331,0.00920671],[-0.0245158,-0.018401,0.410139,0.0328824,-0.0502096,-0.154696,-0.0296838,-0.0043009,0.0539814,0.020718,-0.00671002,0.00548736,0.0053963,0.0058673,0.00677993,-0.0235505,-0.00619755,0.00652815,-0.0127915,3.45606e-05,-0.660738,0.0691244,0.00474114],[0.00783648,0.220909,0.349907,0.703328,0.0721685,0.10869,0.143422,-0.000389491,-0.0517559,0.0471222,-0.0402996,0.0739071,0.000872287,0.0665776,0.0595308,0.0234895,-0.00477855,0.104695,-0.144744,0.00640364,2.12771,0.769612,0.0607181],[0.0207616,0.122208,0.481093,-0.0560207,0.904187,0.0684543,-0.0746021,0.00912478,0.0426468,0.0120097,0.000172223,-0.00253216,-0.027676,-0.00524639,-0.0234212,0.0373864,-0.0562949,-0.0861626,0.0647917,0.0033608,-0.727989,-0.161135,0.00384935],[0.00263854,-0.0130413,-0.122881,0.0141713,-0.102983,0.763839,0.0389912,-0.022421,0.0162429,0.0821851,0.0108639,0.00521093,0.00231168,0.00838076,-0.0170069,0.004439,0.0192067,-0.00397233,0.0869848,-0.00519136,-0.0334475,0.14762,0.00640218],[-0.0191552,-0.127375,-0.116463,0.012637,0.146875,0.212819,1.0408,0.0668063,-0.149455,-0.124289,0.0208815,-0.00420178,0.0613213,0.000568401,0.0673555,-0.0386646,-0.0338583,-0.0788426,0.0492563,0.0150817,2.09755,1.05067,-0.00844441],[0.0265811,0.36427,0.112559,-0.190358,-0.276479,-0.245577,-0.350539,0.536548,-0.0545184,0.537161,0.0387624,-0.0300795,-0.12259,-0.0302812,-0.106646,0.171621,0.0112761,-0.079455,0.542181,-0.0315663,-2.23587,1.55773,-0.0113012],[0.0265621,-0.0267407,-0.0215325,0.0355806,0.261334,0.268429,0.129813,-0.041698,0.724667,0.0640904,-0.0100084,0.0102571,-0.0050938,0.0198484,0.00509797,0.00721443,-0.0193166,-0.094264,0.0239181,0.00304574,-1.69848,0.53802,0.0143489],[0.0538083,0.189615,0.553198,-0.123261,-0.188949,0.0334884,-0.218304,-0.0916766,0.207519,1.18781,0.0203545,-0.0307831,-0.0462332,-0.0399984,-0.0388999,0.0484869,-0.107249,-0.0147231,-0.00550202,0.0124051,-0.492923,1.00377,-0.0237301],[-0.0996089,-0.546122,-0.405786,0.068915,-0.172155,-1.03152,0.299125,-0.175667,0.126728,-0.470118,0.901622,-0.302945,0.118949,-0.211969,0.0433925,-0.244216,0.177916,0.191292,0.660751,-0.00222434,1.56611,0.640357,-0.21059],[-0.0277668,-0.0297972,-2.58991,-0.535769,-1.09675,-2.29534,-1.26458,0.29237,1.38082,0.150228,-0.356382,0.91573,-0.236685,-0.0896984,0.0229474,-0.113773,-0.883352,0.354308,-0.762027,-0.0328964,-3.37461,-2.84727,0.0723938],[-0.0488797,0.30152,0.289616,0.124032,-0.513119,-0.119933,-0.0478996,0.0679324,0.0829597,0.80641,-0.0614436,0.0791274,0.853652,0.118881,0.0221745,0.0728518,-0.104598,0.0533481,-0.233792,0.0199258,-4.51224,-0.429189,0.12738],[-0.0116211,0.237501,1.76154,-0.534191,-1.46557,-1.09104,0.0428132,-0.647863,-0.661498,0.918771,0.198008,0.352755,0.265899,1.1745,0.100887,0.0488971,0.25272,-0.949269,-1.3344,0.00363283,0.109148,2.17729,0.28418],[0.0102982,-0.290362,-1.95646,0.0932623,1.49854,0.935699,0.0716921,0.0339627,-0.319205,0.122261,-0.0363475,0.129028,0.119765,0.135459,1.03102,-0.0367509,0.360843,-0.479872,0.0652185,0.0215925,0.589448,-0.432394,0.102971],[-0.041521,-0.144125,-0.49343,-0.0314819,-0.384169,-0.494899,0.0830981,-0.0553332,-0.00029525,0.100185,0.00372312,-0.00147358,0.0221415,0.00211925,0.0441619,0.874369,0.198863,-0.0280797,-0.0800383,-0.0288047,1.57641,0.0681396,0.0104472],[0.0312831,0.0871809,0.328022,-0.0258677,-0.0733006,0.0212968,0.0304152,-0.0117216,0.40551,-0.259082,0.0117387,0.0235964,0.0644016,0.0462002,0.0340204,0.0573413,0.938207,-0.335833,0.160986,-0.00294481,-0.544411,-0.451808,0.0206458],[0.0966792,-0.0362006,0.832031,-0.283941,0.711299,0.827598,0.418586,-0.070299,-0.481353,0.299578,0.0675456,-0.0458279,-0.00917825,-0.0311999,-0.100751,0.222341,-0.194473,0.687214,0.129275,-0.00588388,1.06877,-1.97552,-0.0211375],[-0.313605,-0.784907,-0.0102974,-0.0897942,-0.0427626,-0.014521,-0.238274,0.16457,0.379801,0.0261939,-0.0666109,0.0218782,-0.067469,-0.0115568,0.00496004,-0.320271,-0.132932,0.0277754,0.837483,-0.0276336,-2.79359,0.248898,0.00711008],[0.973157,3.26382,1.21643,-1.85141,2.87613,4.73553,0.951479,0.545245,-2.48436,-2.52154,0.348027,-0.17348,-0.635456,-0.055349,-0.980794,0.830367,-0.204733,0.497436,-0.957833,0.421243,5.98608,-0.382959,-0.201089],[0.0220123,0.0405171,-0.0158583,-0.0050815,0.0352158,0.0368084,0.0190455,-0.0212438,9.77167e-05,-0.0102688,-0.00159453,-0.000446887,-0.000100081,-0.00194488,-0.00278844,0.0183964,0.0398013,0.00398597,-0.0291088,-0.00110356,-0.337588,-0.00607483,-0.00153143],[-0.00248537,-0.0159815,-0.0144837,0.00346704,0.131524,0.125702,0.0322704,0.0179496,-0.0156708,-0.0254402,0.00191185,0.00778023,-0.00260779,0.00737849,-0.00259251,-0.0172927,0.00530462,-0.0211773,-0.0311767,0.000905236,0.325923,0.830206,0.00738057],[-0.22497,-0.658294,-0.780171,0.572053,0.548178,0.480667,0.400392,0.305322,-0.185264,0.212912,0.0740293,0.168414,0.0207995,0.212845,0.0366125,-0.208722,0.349641,0.251565,2.08646,0.0746656,-6.61448,-3.59396,1.05638],[-0.0643601,-0.253904,-0.326231,-0.059971,-0.0873536,-0.00185398,0.354389,0.0523044,-0.0538509,-0.205104,0.0413022,0.039969,0.101258,0.0386931,0.00177277,0.067888,0.171725,-0.0143019,-0.0869144,-0.0245926,2.02918,0.238734,0.0220092],[0.00194593,-0.0170369,0.266106,0.080074,-0.0304485,-0.0928799,-0.0394836,-0.0510286,-0.107339,0.135204,-0.00113934,-0.00578412,0.0183802,0.0006576,0.0294491,0.0178191,0.0344452,-0.00681392,-0.0781154,0.00662393,-0.617255,-0.646122,-0.000588165],[0.0169156,0.00166209,0.406419,-0.0304009,0.0343299,0.109301,0.00120319,0.000147326,-0.0109827,-0.00860604,0.0119639,-0.00490899,-0.00885152,-0.0049571,-0.0180069,0.0164421,-0.017177,-0.00750525,-0.00982119,-5.56617e-05,0.470308,0.26231,-0.00669092],[0.0706847,0.146208,-0.0178673,0.186196,7.939e-05,0.184764,-0.186959,0.077581,0.000324125,-0.312453,-0.0174945,-0.0439847,-0.114096,-0.0623576,-0.121767,0.0637113,-0.10212,-0.0224157,0.0708327,-0.00440357,-1.89833,-1.21444,-0.0637966],[0.00741197,-0.0366414,-0.489976,0.0477172,0.135286,0.0561518,0.0647835,-0.0141243,0.00692288,-0.0403797,-0.00290821,-0.0071123,0.0167593,-0.00419172,0.0183319,0.00730208,0.0677655,0.0351111,0.00313787,-0.00344339,0.643802,-0.186446,-0.00594493],[-0.00240316,-0.0123591,0.092568,-0.0233823,0.0509353,0.158346,-0.0678416,0.0221882,-0.00768742,-0.0443708,-0.0053963,-0.00903459,0.000790879,-0.0100034,0.0115499,0.00449701,-0.0157626,0.000315395,-0.0134428,0.00564421,0.0390932,-0.0793977,-0.00663232],[0.0171089,0.0787385,0.405948,0.0429753,-0.227656,-0.241319,-0.0476263,-0.0605657,-0.050581,0.049197,0.00122548,0.0033331,-0.0104172,0.0122527,-0.022324,0.0347498,0.147762,0.0275621,-0.0846229,-0.0162544,-1.41895,-0.838684,0.00783214],[0.0140664,-0.149676,0.348566,-0.146029,0.672815,0.603946,0.298375,0.281361,-0.219128,-0.15181,-0.157415,0.0756416,0.133327,0.0734602,0.237883,0.05702,0.0528784,0.0453309,0.0193612,0.0093733,2.54734,-0.599126,0.0600714],[0.00662628,0.0583285,-0.158116,-0.0245922,-0.0403897,-0.11532,-0.0953242,0.0286768,0.137401,-0.0995654,0.00941673,-0.00698837,0.0104071,-0.0190904,0.00608957,0.0269544,-0.0598993,0.0515013,-0.0818022,-0.000980103,2.19434,-0.23139,-0.0109012],[-0.0336915,-0.184636,-0.169369,0.173167,0.147396,0.0220052,0.21761,0.065635,-0.284357,-0.272704,-0.00702358,0.0126143,0.0603576,0.024072,0.0503246,-0.024098,0.0782894,0.0434834,0.0665444,-0.00272018,1.82346,-0.904616,0.00699316],[-0.233442,0.0280894,-0.00233103,-0.0563064,-0.431968,-0.194669,-0.614283,0.0823274,0.237874,0.834616,-0.223031,0.17631,-0.329481,-0.0415973,-0.136768,-0.20905,0.0210894,0.0123028,0.482928,-0.0124004,-3.26335,-0.116189,0.0978225],[-0.0452769,-0.0558806,1.00459,0.0342756,0.965732,1.51102,0.331862,-0.0015134,0.0798963,0.0055923,-0.0167627,-0.110903,-0.071334,-0.0172254,0.0233985,0.0234271,0.161274,0.113064,0.0549611,-0.00974781,0.559082,-0.0253499,-0.0730296],[-0.00956119,0.00126132,0.601411,0.111619,-0.196875,-0.082995,0.109086,-0.0140537,-0.187535,0.174372,0.0676999,0.0599207,0.0702193,0.0458376,0.0771012,0.0573178,0.12028,0.356693,-0.0588373,0.00728976,6.27113,0.0721629,-0.0136711],[0.233459,0.838448,-0.170033,-0.158974,0.237937,0.436927,-0.205774,-0.139178,0.360723,-0.513278,0.0652487,-0.158326,0.0172753,-0.164168,-0.0926576,0.352821,0.0643981,-0.428003,-0.292389,0.00586132,-0.94507,2.05133,-0.179057],[-0.137548,-0.518038,1.31069,0.489321,-0.62511,-0.581909,0.0732323,0.240122,0.0565383,-0.363859,0.119478,-0.00166117,0.0466209,0.00195307,-0.119073,-0.283844,-0.15418,-0.0237048,0.0305387,0.0544846,2.78366,-0.510475,-0.0286071],[-0.00336518,-0.0714988,0.5665,0.03386,0.249978,0.408878,0.0135167,0.0212841,-0.0625161,0.0201116,-0.00912863,0.00978352,-0.0305048,0.00887632,-0.0374321,0.0494079,-0.128512,0.0847289,-0.142232,0.0133953,-1.05683,0.0438429,-0.00627557],[-0.00349151,-0.0115444,-0.827075,0.0418202,0.185526,-0.00945001,0.160634,0.0275124,-0.572285,0.0665625,0.00619136,0.00151887,0.00879509,-0.0146508,0.00734979,-0.0359171,0.106953,0.171618,-0.0579768,0.00249894,-0.512779,0.196767,-0.00160121],[-0.151739,-0.280798,-0.660423,0.263085,-0.665065,-0.563516,-0.098498,0.0704976,-0.237736,-0.461155,-0.0502725,0.0424485,-0.0139145,0.0333647,0.0548152,-0.285925,0.193168,-0.0429487,-0.03086,0.00710513,0.303466,2.31813,0.000497369],[0.274403,0.632807,-0.34863,0.131597,0.122044,-0.0256312,0.281753,-0.115377,-0.345466,-0.135887,0.0470818,-0.0205597,0.0689973,-0.00615371,0.00900803,0.247225,0.221323,-0.0484621,-0.244056,0.00989648,1.93184,-0.564174,-0.0134063],[-0.510726,-1.08725,4.00423,1.3671,-0.384197,0.812084,-1.11104,-0.546263,1.7585,1.16607,-0.113553,0.0686173,0.0543162,-0.00437662,0.105931,-0.447199,-0.649748,0.450467,-0.678287,0.5746,-5.03266,6.54809,-0.0261501],[0.0117986,0.0358549,0.0313226,-0.00211299,0.00269901,0.0118038,-0.0226184,-0.0021075,0.043693,0.0184596,-0.000100873,-0.00186105,-0.00693525,-0.00311891,-0.00789257,0.0102315,-0.0189059,0.0244973,-0.0264124,0.000309437,-0.413355,-0.0563897,-0.00146851],[-0.0162887,0.00563492,-0.0249429,0.00640419,-0.15317,-0.130129,-0.0230718,-0.0119898,-0.00816099,0.0259933,-0.00015847,-0.00092503,0.00685729,-0.00330012,0.00648261,0.000910926,0.00224748,0.0113994,-0.0133901,0.000519728,-0.273156,0.119502,-0.00233558],[0.0886311,0.183804,0.868232,0.182901,0.40084,0.627502,0.575157,0.0197505,-0.471727,-0.6463,0.048859,-0.0970646,-0.0726031,-0.0974025,-0.133297,0.0461499,0.20239,0.522597,0.204104,-0.01928,7.14912,3.10824,-0.142657],[0.0587917,0.212402,-0.50605,-0.0218296,0.0448354,-0.154275,-0.278645,0.0425931,0.476179,0.119094,0.022834,-0.0148285,-0.00144722,-0.0169721,-0.0257284,0.00898933,-0.167416,-0.012425,0.175003,0.000865198,-0.717289,0.29642,-0.00266628],[0.0319563,0.153448,0.0199342,0.071329,0.0241335,0.0994453,-0.075441,0.0143947,0.137024,-0.0831236,0.00739546,-0.0119325,-0.00845657,-0.00598022,-0.00115447,0.0283829,-0.00739572,0.0152115,0.0078156,0.00616871,0.281783,0.133904,-0.00856161],[0.00751484,0.0167745,0.182287,-0.00237849,0.0151299,0.0443725,0.0281295,0.00410995,-0.042548,-0.0122006,-0.00520429,-0.000582785,0.00345201,-0.000893077,0.0111627,0.00705847,0.0233464,0.00103359,0.0223849,1.1753e-05,0.191036,-0.332421,0.00194886],[-0.0785452,-0.36718,-0.331699,0.110495,-0.0725548,-0.293611,0.0434332,-0.0771113,0.0514302,0.265128,0.0577802,-0.0299044,0.113234,-0.0041848,0.0622482,-0.0871703,0.106953,-0.0824315,0.074241,-0.00199185,-0.230795,0.443206,0.0031116],[-0.0281638,-0.0855958,0.00964963,0.00845147,-0.0400338,-0.125104,0.00989306,0.00482485,-0.0497022,0.0283378,0.00273181,0.00967419,0.0109752,0.00947466,0.00513753,-0.0446041,-0.0111935,0.0510457,-0.068232,5.71285e-05,0.0862135,0.346866,0.00211572],[-0.000338758,0.0250714,0.0305372,0.00931379,0.0510622,0.0766414,0.0286232,0.000180777,-0.00832115,-0.0378079,-0.0054672,0.00386441,-0.00306914,0.00165202,0.00548796,-0.0089413,-0.00341495,0.00365222,-0.0738271,-0.000461207,-0.00398767,-0.0687452,0.000275036],[0.00126642,0.0467124,-0.287763,-0.0553043,0.0753632,0.0225638,0.00472401,-0.00613372,0.201285,0.0763238,-0.0221328,0.00107667,-0.0506706,-0.0125611,-0.0447782,0.00334115,-0.114154,0.051672,0.0355071,0.00118256,-0.683711,-0.217655,0.000923375],[-0.0992099,-0.304131,0.107338,0.203715,-0.321679,-0.101775,-0.0318688,0.111442,0.125849,-0.338816,0.0286031,-0.0239762,-0.0254859,-0.0367473,-0.0666749,-0.133504,-0.181468,0.402729,-0.394991,0.0135696,0.123492,0.0374444,-0.0290589],[-0.0327625,-0.0314072,0.176664,-0.0105203,-0.21932,-0.151482,-0.0315459,0.0131888,0.13522,0.0344304,0.000705363,-0.00326594,-0.00473032,-0.00072375,-0.0107377,-0.0339826,0.0811764,0.0405089,0.0603745,-0.00213739,-0.489203,-0.308219,-0.00338902],[-0.0201763,-0.00545145,-0.384641,-0.0491881,0.0418292,-0.0555318,0.000922232,0.0263629,0.0767338,0.0833216,-0.0132717,0.0181224,-0.0140481,0.015847,-0.0114786,-0.0243458,0.0292271,-0.0292181,-0.0599424,-0.00967561,-1.32485,-0.102395,0.0166121],[-0.103118,-0.0644811,-0.521145,0.220751,-1.06289,-1.00401,-0.00375148,0.159697,-0.31475,-0.253724,-0.0865851,0.0340705,0.0785221,0.0543618,0.0697376,-0.241176,0.113239,-0.0581676,0.100558,-0.00477995,-0.722608,-0.035401,0.0600209],[-0.0666735,-0.151038,0.224632,-0.0505421,0.0411579,-0.0311863,-0.0724616,-0.124417,0.0093844,0.553156,0.00710629,-0.0325426,0.0483927,0.0109322,0.0685992,-0.0129796,-0.149477,0.0235222,-0.0195729,-0.0104224,-1.64027,-1.37274,-0.00229539],[0.069129,-0.3351,-0.398923,-0.107432,0.0704795,-0.295258,-0.0931849,-0.000139543,0.00898564,-0.426195,-0.00512549,-0.0712899,-0.000299489,-0.0499385,-4.96717e-05,-0.138767,-0.0608668,0.29941,0.237831,-0.0179069,0.277313,0.0747832,-0.0218278],[-0.0540601,0.0384831,-0.769988,0.0867671,0.147438,0.197816,0.31834,0.0883173,-0.281458,-0.122834,-0.00366977,-0.0766364,0.0276678,-0.0959006,-0.0133071,-0.0353982,0.107743,-0.311401,0.0288726,-0.00800965,2.22651,0.533641,-0.0876908],[0.129738,0.168405,0.489141,-0.226725,0.195086,0.381141,-0.00511756,-0.141009,0.214179,-0.662613,-0.0451299,-0.104138,-0.0898003,-0.0975615,-0.0107605,0.162452,-0.0354531,-0.326507,-0.197358,-0.0472157,0.216686,-0.560751,-0.0562321],[0.044532,0.215304,-0.0723578,-0.00220112,0.131101,0.0824147,-0.0977527,0.0339841,0.0641928,-0.119702,0.00548083,-0.00828802,0.00824156,-0.0109637,-0.0069626,0.0759236,-0.0707134,-0.0571175,0.220633,0.0153789,-0.518951,-0.114196,-0.00412521],[-0.0287567,-0.0779343,0.50141,-0.015571,-0.116486,-0.0162574,-0.192859,-0.0155465,0.168086,0.193196,-0.0180524,-0.0248525,-0.0731402,-0.0312763,-0.041286,-0.0221639,-0.0457412,0.164501,-0.102441,0.00050648,1.04906,0.251178,-0.0187366],[0.0525098,0.310481,-0.10028,0.0235431,-0.109037,-0.33242,-0.397086,0.0062027,0.750411,0.178658,-0.0183647,0.000589109,0.00570375,-0.00716054,0.031432,0.0585615,-0.0526759,-0.52679,-0.126158,0.00173445,-1.52217,-0.288177,0.0163924],[0.0498011,0.122919,0.181762,-0.0208729,0.0403394,0.125649,0.0354636,-0.019917,-0.0714058,0.0408517,0.022711,-0.00528971,0.0103706,0.0106153,-0.00372241,0.0787883,-0.0434598,0.0107185,-0.353203,0.0165311,1.06351,0.0956694,0.00109746],[-0.378643,-1.238,-6.31806,-0.104925,-1.68365,-4.64448,-0.0729504,0.102302,1.14843,1.10572,-0.107925,-0.0257291,0.512843,-0.0524075,0.707101,-0.250667,0.428903,-0.761914,1.13007,-0.0289215,-5.7875,-5.35747,0.0766712],[0.00592625,0.00657746,0.01425,-0.000838488,0.00330327,0.00315456,0.00144886,-0.000939816,-0.0270397,-0.0132825,0.00134796,-0.000284629,0.00570268,-0.00103129,0.0047566,0.00595788,0.00496711,0.00870754,-0.0139056,0.00143697,-0.0638598,-0.0643662,4.39297e-05],[0.0204365,0.0259844,-0.00904233,-0.0134021,0.0553786,0.0243515,-0.00644669,-0.00763515,0.0190515,-0.00346845,-0.00254315,-0.0061557,-0.00176465,-0.0048785,-0.00116892,0.0225256,-0.00514665,0.011392,-0.00905091,-0.00223486,0.0681974,-0.0834683,-0.00614021],[0.0405211,0.116576,-0.258093,0.220117,-0.024172,-0.0306813,-0.0547673,0.166615,-0.372285,-0.318961,-0.0366888,-0.0383575,0.0279818,-0.0757771,0.0365139,0.063048,-0.176923,0.271672,0.00610773,0.00795794,0.665758,0.174662,-0.0596609]],"sigmahat":[[0.0647456,0.136651,-0.0169278,-0.0225558,0.0991051,0.0984911,0.0260361,-0.0201503,-0.0307691,-0.0249598,-0.00118077,-0.00382524,0.00273057,-0.00593169,0.00406078,0.0664176,0.0128999,-0.0147678,-0.0170934,-0.00181946,-0.12043,-0.103197,-0.00376815],[0.136651,0.486685,-0.174556,-0.102512,0.0788498,0.119213,0.0152727,-0.0593375,0.0125156,0.000378901,0.000341639,-0.0126698,-0.0039147,-0.0186317,0.00100884,0.166412,0.0105079,-0.0418493,-0.0610476,-0.0051682,-0.834601,-0.396246,-0.0134323],[-0.0169278,-0.174556,3.10735,-0.0473511,-0.165511,0.47819,-0.143708,-0.0470842,-0.161288,-0.059905,-0.0376454,0.0134033,-0.0809752,0.0231736,-0.034086,0.0295454,-0.0377204,0.0501577,-0.213419,0.0102576,0.919698,1.07982,0.021047],[-0.0225558,-0.102512,-0.0473511,0.110783,-0.0111732,-0.0404576,0.0175195,0.0225225,-0.0365308,-0.0317127,0.00510945,0.00128764,0.00948437,0.00455649,0.00577168,-0.0424148,0.0219609,0.0155698,0.025705,0.00234257,0.435192,0.0141202,0.000430711],[0.0991051,0.0788498,-0.165511,-0.0111732,0.974705,0.853695,0.166681,-0.0121547,-0.152924,-0.186679,-0.0376493,-5.39243e-05,-0.0170639,-0.00718641,0.00630364,0.0929986,-0.00913736,-0.0771744,0.0380347,-0.00284233,0.341324,-0.0074464,-0.00858653],[0.0984911,0.119213,0.47819,-0.0404576,0.853695,1.10936,0.180682,-0.0252205,-0.214339,-0.201634,-0.0444319,0.00131936,-0.0310177,-0.00395641,0.00417286,0.100425,0.0143485,-0.0788212,0.0110884,-0.00164647,0.444703,0.240316,-0.00512343],[0.0260361,0.0152727,-0.143708,0.0175195,0.166681,0.180682,0.239811,-0.00582229,-0.195098,-0.0419672,0.00130703,0.0072142,0.0307823,0.00660564,0.0293965,0.0181663,0.11452,-0.0491389,0.0635825,-0.00601651,0.887877,-0.0396048,0.00403812],[-0.0201503,-0.0593375,-0.0470842,0.0225225,-0.0121547,-0.0252205,-0.00582229,0.0457357,0.0116134,-0.0353981,0.00224438,-0.000103603,-0.000902817,-0.00083528,-0.00475995,-0.0285422,-0.0110998,0.0118327,0.038139,0.00191323,0.105549,0.0393393,-0.00188086],[-0.0307691,0.0125156,-0.161288,-0.0365308,-0.152924,-0.214339,-0.195098,0.0116134,0.39883,0.0391822,0.00542538,-0.0114011,-0.0371879,-0.0100805,-0.0420244,-0.00778598,-0.113682,0.0107713,-0.00450322,0.00251641,-0.992991,-0.157861,-0.00820989],[-0.0249598,0.000378901,-0.059905,-0.0317127,-0.186679,-0.201634,-0.0419672,-0.0353981,0.0391822,0.301726,0.00225082,0.00217136,0.00748448,0.0059908,0.0152462,-0.0381296,0.00540815,0.0162943,-0.0312878,0.00196715,-0.767145,-0.115184,0.00953493],[-0.00118077,0.000341639,-0.0376454,0.00510945,-0.0376493,-0.0444319,0.00130703,0.00224438,0.00542538,0.00225082,0.0125768,-0.000826013,0.00861791,3.37523e-05,-0.00064793,-0.00195499,0.00609414,0.000108088,0.00604177,0.000537353,0.0499799,-0.0179913,-0.00148559],[-0.00382524,-0.0126698,0.0134033,0.00128764,-5.39243e-05,0.00131936,0.0072142,-0.000103603,-0.0114011,0.00217136,-0.000826013,0.00499412,0.00142413,0.00384409,0.00195022,-0.00325465,0.00239393,-0.001651,-0.00162383,0.000125521,0.0305027,0.0153721,0.00328438],[0.00273057,-0.0039147,-0.0809752,0.00948437,-0.0170639,-0.0310177,0.0307823,-0.000902817,-0.0371879,0.00748448,0.00861791,0.00142413,0.027967,0.00318518,0.0196593,0.000240043,0.0315287,-0.0134224,0.0120224,-5.55215e-05,0.116567,-0.13687,0.00212049],[-0.00593169,-0.0186317,0.0231736,0.00455649,-0.00718641,-0.00395641,0.00660564,-0.00083528,-0.0100805,0.0059908,3.37523e-05,0.00384409,0.00318518,0.00659731,0.00341695,-0.00675248,0.0031512,-0.00400246,-0.00171957,0.000152791,0.014178,0.0138208,0.00393378],[0.00406078,0.00100884,-0.034086,0.00577168,0.00630364,0.00417286,0.0293965,-0.00475995,-0.0420244,0.0152462,-0.00064793,0.00195022,0.0196593,0.00341695,0.023838,0.00367286,0.0287543,-0.0105431,0.00826762,-0.000398255,0.112486,-0.13785,0.00345458],[0.0664176,0.166412,0.0295454,-0.0424148,0.0929986,0.100425,0.0181663,-0.0285422,-0.00778598,-0.0381296,-0.00195499,-0.00325465,0.000240043,-0.00675248,0.00367286,0.103217,0.00527239,-0.0200989,-0.0305062,-0.00235546,-0.080282,-0.148083,-0.00486257],[0.0128999,0.0105079,-0.0377204,0.0219609,-0.00913736,0.0143485,0.11452,-0.0110998,-0.113682,0.00540815,0.00609414,0.00239393,0.0315287,0.0031512,0.0287543,0.00527239,0.127712,-0.0337007,0.0359326,-0.00434844,0.477696,-0.209755,0.00251951],[-0.0147678,-0.0418493,0.0501577,0.0155698,-0.0771744,-0.0788212,-0.0491389,0.0118327,0.0107713,0.0162943,0.000108088,-0.001651,-0.0134224,-0.00400246,-0.0105431,-0.0200989,-0.0337007,0.138339,-0.00843473,0.0028472,0.0770115,0.0529849,-0.00330777],[-0.0170934,-0.0610476,-0.213419,0.025705,0.0380347,0.0110884,0.0635825,0.038139,-0.00450322,-0.0312878,0.00604177,-0.00162383,0.0120224,-0.00171957,0.00826762,-0.0305062,0.0359326,-0.00843473,0.317272,-0.000234967,-0.2686,-0.241126,-0.0012563],[-0.00181946,-0.0051682,0.0102576,0.00234257,-0.00284233,-0.00164647,-0.00601651,0.00191323,0.00251641,0.00196715,0.000537353,0.000125521,-5.55215e-05,0.000152791,-0.000398255,-0.00235546,-0.00434844,0.0028472,-0.000234967,0.00163279,-0.0333185,0.0143585,9.48462e-05],[-0.12043,-0.834601,0.919698,0.435192,0.341324,0.444703,0.887877,0.105549,-0.992991,-0.767145,0.0499799,0.0305027,0.116567,0.014178,0.112486,-0.080282,0.477696,0.0770115,-0.2686,-0.0333185,21.4235,2.96397,-0.0275308],[-0.103197,-0.396246,1.07982,0.0141202,-0.0074464,0.240316,-0.0396048,0.0393393,-0.157861,-0.115184,-0.0179913,0.0153721,-0.13687,0.0138208,-0.13785,-0.148083,-0.209755,0.0529849,-0.241126,0.0143585,2.96397,6.27417,-0.000979708],[-0.00376815,-0.0134323,0.021047,0.000430711,-0.00858653,-0.00512343,0.00403812,-0.00188086,-0.00820989,0.00953493,-0.00148559,0.00328438,0.00212049,0.00393378,0.00345458,-0.00486257,0.00251951,-0.00330777,-0.0012563,9.48462e-05,-0.0275308,-0.000979708,0.00495873]],"n":23,"lags":3}