{"betahat":[[-0.181407,-0.516594,-1.44981,0.231017,0.963099,0.655787,0.546056,0.142698,-0.121503,-0.157921,4.9746e-05,6.497,-0.0850087,-0.153932,2.74321,0.571872,2.01364,-0.0637129],[1.08479,0.0982138,0.334291,0.102678,-0.183681,-0.208932,0.0141779,-0.077681,0.0352015,0.0552674,1.13092e-05,-2.08306,0.0156966,0.0473347,-0.684737,-0.721923,0.361224,0.0193041],[-0.0256015,0.901759,-0.0312445,-0.0845056,-0.13535,-0.142202,0.0574065,0.00055932,-0.00127404,-0.0108293,-5.9948e-05,-0.0513852,0.00958377,-0.00407674,-0.15779,-0.212888,0.0694098,-0.0045432],[-0.00765828,0.000453791,0.543303,0.033228,-0.0367496,-0.108773,-0.00211533,-0.00990802,0.00189658,-0.00253027,-2.70175e-05,0.265468,0.00576507,0.00663124,-0.134274,-0.0501385,0.0630335,0.00318419],[0.0256444,0.190981,0.268975,0.797102,-0.0284738,-0.0316396,0.12781,0.0190872,0.0506256,0.0125258,-0.000350556,-0.729347,-0.0193547,-0.0740051,1.14731,0.112734,-0.301347,0.0185556],[0.00230325,0.0643314,0.3693,-0.0239328,0.874685,-0.0189648,-0.074482,0.00733522,0.00455603,-0.0141738,-1.39207e-05,-0.984148,-0.0510721,-0.0369671,-0.147624,-0.040701,-0.152496,-0.00432673],[0.00175267,-0.00479566,-0.00973967,0.00249993,-0.0049556,0.943531,0.0335946,-0.00877245,0.00900378,0.00369358,-7.23242e-05,-0.409007,-0.0194153,-0.0110948,-0.213232,-0.0142099,-0.0571962,0.00992308],[0.00675085,0.0729303,-0.208068,-0.0269638,-0.0281854,-0.0224161,0.998027,0.0257054,-0.037335,0.0270993,-1.99744e-05,1.19824,0.0201125,0.0214736,-0.182954,0.012378,-0.0519999,-0.0323255],[0.000117025,0.0502826,-0.644453,0.00923566,-0.0545714,-0.155774,0.157636,0.710652,0.00328562,-0.0177773,0.000233147,-2.89561,-0.0642614,0.00933044,-0.321627,0.612353,1.12739,0.0176394],[-0.133615,-0.152063,0.158614,-0.269666,-0.771559,-0.69081,-0.329356,-0.00224078,1.23876,0.0832011,0.000521823,-1.40379,-0.0395587,-0.0262923,0.000577937,-0.272247,-1.18678,0.204386],[-0.0784041,-0.136148,-0.0327316,-0.14529,0.460842,0.430848,0.0728591,-0.209968,0.0517963,1.11705,0.000204634,4.55801,-0.041993,-0.0335982,0.921269,0.0222275,0.436824,0.0458893],[46.8863,0.695858,33.1561,37.3029,180.469,123.628,60.3599,-9.26525,-0.350587,46.2946,0.848246,722.243,22.9345,14.4034,83.8141,100.356,133.427,-2.85003],[0.00142562,-0.00114816,0.0199216,0.00644738,0.00210188,0.0178194,0.0094081,-0.00134082,-0.00223687,-0.000524969,1.12897e-05,1.07855,0.00219627,0.00148579,-0.00103187,0.00113459,0.00767296,-8.26682e-05],[0.0169006,-0.00922403,-1.01601,-0.0587201,0.445148,0.176424,-0.194215,0.154964,0.116578,-0.0635802,-0.000494504,-0.777424,1.00743,-0.00768023,0.293418,0.310694,0.0254686,0.101525],[-0.0123787,-0.142151,-0.157429,-0.0165426,-0.457352,-0.326123,-0.05087,0.0874779,-0.00281019,-0.0165308,0.000142664,-11.8378,-0.00343054,1.10608,-2.49419,-0.285903,-0.748955,0.0240201],[0.0055053,0.0156025,-0.0494484,-0.00441357,-0.0244868,-0.0331115,-0.0149983,-0.00817997,0.0019662,0.00872665,1.89641e-05,-0.118362,0.0144332,0.00778167,1.03214,0.0424033,0.0194504,-0.000676814],[0.0978763,0.179708,-0.138236,-0.00329359,0.378715,0.319155,0.144607,-0.04738,-0.00340788,0.0109973,-0.000162305,2.25608,0.0312065,0.007243,0.443734,0.728312,0.297713,0.0036919],[0.0227109,0.0315009,0.148276,0.0425748,-0.00789714,-0.00335909,0.016855,-0.0111699,0.023798,0.0104999,-4.55229e-05,-0.32168,0.00616346,0.0192414,-0.337946,0.00937217,0.462215,0.0191695],[0.172803,0.174093,0.293193,-0.0706201,-0.631993,-0.613815,0.119921,-0.15525,0.152159,0.0738295,-0.000341547,4.3112,0.10789,-0.00319333,1.54904,0.374431,0.864223,1.14933],[-0.0619087,-0.247849,-0.141209,-0.0683906,0.322292,0.38611,0.27697,0.0476351,0.0016163,-0.0168498,0.000121137,1.87859,0.0271304,0.0107125,0.271415,0.556024,0.334161,0.0132694],[0.00425409,-0.0533804,-0.0184234,0.0471546,0.176547,0.101912,0.0498656,-0.0173816,0.00502187,0.0131131,5.24111e-05,0.80463,0.00625056,0.0136837,0.26242,0.120647,0.0816887,0.0107665],[0.0035034,-0.000262836,0.360276,-0.0315214,0.0147983,0.0835065,-0.0263053,0.00486555,-0.00157891,-0.00499782,1.75699e-05,-0.830994,-0.014604,-0.0145958,0.026551,0.0448696,-0.135702,-0.00188037],[0.0303292,0.0141473,-0.00834783,0.1982,0.0656226,0.220745,-0.144791,0.0540559,-0.0422222,-0.105487,0.000275802,-1.19075,-0.0618444,-0.0113549,-0.635112,-0.169107,0.0760583,-0.0223065],[0.0142075,-0.0197371,-0.32985,0.0144924,0.133667,0.0865551,0.0383587,-0.00412205,-0.00431743,0.0101324,3.07038e-07,1.04505,0.0319518,0.016838,0.272705,0.102642,0.177994,0.00144344],[0.00222868,-0.0147307,0.027656,-0.0184732,0.0306345,0.0855259,-0.0489304,0.00289624,-0.00782779,0.00244174,7.85821e-05,0.177522,0.0143659,0.00755275,0.217201,0.0691656,0.0446579,-0.00735875],[0.0143978,0.00741061,0.229179,0.0386936,-0.12516,-0.0897622,0.0197687,-0.0388554,0.0355037,-0.000178767,-8.20193e-06,-0.169512,-0.0208321,-0.0102145,0.127825,-0.0289916,0.509545,0.0219257],[0.015813,0.0425934,0.594067,-0.126669,0.199666,0.206145,-0.208334,0.272252,0.0161493,0.0069837,-0.000202071,2.97287,0.0837539,0.00962131,1.19523,-0.204773,-0.934333,0.0138142],[0.0568935,0.14242,-0.215354,0.06298,0.499128,0.450776,0.312022,-0.000550399,-0.20452,-0.090679,-0.000373407,0.486845,-0.0423452,-0.0107168,-0.795543,0.186402,1.02965,-0.1445],[-0.0401107,-0.0592472,0.269099,0.235199,-0.334044,-0.316299,-0.0435173,0.20496,-0.009705,-0.11741,-8.56259e-05,-3.95216,-0.0507602,-0.0582712,-1.6973,-0.24104,-0.345229,-0.0154833],[-17.4564,41.6862,99.7518,-2.40345,-196.22,-121.669,8.9605,8.56161,-2.0297,-43.6411,-0.0637948,92.3212,-22.804,-10.1261,-192.479,-101.328,127.951,0.268348],[3.13014e-05,-8.4738e-05,-0.00740225,-0.00244522,0.0143555,0.000769564,-0.00141237,0.00212172,0.0012217,0.000279966,-4.03122e-06,-0.0203554,-0.000256761,-0.000857147,0.0269955,0.0113099,-0.00985207,0.000251958],[-0.0177303,-0.0589261,1.3253,0.319491,-0.434566,-0.0852367,0.0328527,-0.0290255,-0.0235765,0.0554107,0.000236929,-1.22544,-0.01239,0.00363452,-1.01605,-0.266891,-0.0765987,-0.026087],[-0.00805598,-0.108554,1.15196,0.185574,0.419584,0.503162,0.0678195,-0.132824,0.0412944,-0.0274467,-6.34543e-05,7.28951,-0.0421753,-0.121092,2.07968,-0.00474867,0.578956,0.00116597],[-1.38666e-05,0.00400377,-0.00305439,-0.00991214,-0.00124605,-0.00732005,-0.00488988,0.0114744,-0.00335225,-0.00703632,-1.38549e-05,0.119558,-0.0158306,-0.00610007,-0.110918,-0.0392531,-0.0528122,-0.000827841],[0.00218788,-0.0235248,-0.129689,-0.0337403,0.000888054,0.0473714,0.0530851,0.00471802,-0.00795342,-0.00695936,0.000143401,-0.822095,-0.0107645,0.00315097,-0.0632563,0.0912632,-0.157567,-0.00640789],[0.024916,0.0674492,-0.237911,0.0166859,-0.0158309,-0.0613248,0.0713153,0.012425,0.0144751,0.0195388,0.000100015,-0.466807,0.0208057,0.0219969,-0.15834,-0.0423705,-0.0248471,0.0116045],[0.00890102,0.0383398,0.172786,0.153978,0.357741,0.226875,-0.19335,-0.024399,-0.135602,-0.109207,-0.000156843,-2.57713,-0.121282,-0.0263106,-0.772029,0.0941145,-0.463559,-0.123654],[-0.0228871,0.149618,-0.193064,-0.034281,-0.138621,-0.177188,-0.291144,0.0300453,-0.0368184,-0.0384146,-0.000132439,0.204497,-0.0428232,-0.0580426,0.413328,0.165902,-0.69538,-0.0325734],[0.0213443,0.151603,0.0496914,0.0373569,-0.0412079,0.0402784,-0.107271,0.0168211,-0.0037485,-0.00228073,7.54494e-06,-0.75323,-0.0158303,-0.00960213,-0.104622,0.0922443,-0.151101,-0.00622345],[0.0041506,-0.000212412,0.0964052,-0.00169306,0.0219296,0.0252344,0.0284264,0.00504126,-0.000319574,0.00753235,9.44483e-06,0.565589,0.00884253,0.00796977,0.107719,0.00527233,0.0726891,-0.0013046],[-0.0559763,-0.205146,-0.260608,0.0047043,-0.0371547,-0.189112,0.0169868,-0.073143,-0.00840376,0.0929645,7.47633e-05,1.92012,0.0812042,0.0853657,-0.512185,0.0563799,0.225293,0.00375138],[-0.0165138,-0.0446131,-0.039436,0.00945275,-0.00837952,-0.0676194,0.0361314,-0.00321607,-0.000240294,0.00404513,1.36121e-05,-0.060798,0.0191237,0.0201336,-0.125077,-0.0619414,-0.0254674,0.00288294],[-0.00398396,0.0195091,-0.0179068,0.0159854,-0.0257084,-0.0290913,0.015342,0.00587251,-0.00117797,-0.00613161,-6.26335e-06,0.231579,0.00505262,0.00354648,-0.00396958,-0.054955,0.0125648,-0.00256492],[-0.0211573,-0.0803939,-0.02099,-0.0116869,0.153215,0.11207,-0.0178193,0.0131349,0.0018298,-0.0269097,2.81567e-05,-1.02835,0.000739405,-0.0112432,0.0552188,0.0166133,-0.457477,0.0104002],[-0.00571466,-0.0548385,0.119705,0.0911099,-0.0855989,0.0355437,0.0458784,0.00830453,-0.0176888,0.0104959,-3.67119e-05,-0.389094,-0.0099006,-0.0121051,-0.86211,-0.37908,-0.277467,-0.0293499],[-0.00362225,0.0132067,-0.336581,0.114228,0.311401,0.362107,0.292952,0.0706276,-0.0819408,0.0161181,-8.592e-05,0.960107,0.0595817,0.0336416,0.821509,0.0455732,0.364056,-0.0718314],[0.105023,0.206237,-0.176583,-0.123561,-0.136242,-0.118629,-0.0999112,0.0203316,-0.0300114,-0.0400046,-4.08277e-05,-0.891568,0.0615527,0.0627188,0.790132,0.118154,-0.250775,-0.021136],[-29.4299,-42.3821,-132.908,-34.8995,15.7505,-1.95927,-69.3204,0.70363,2.38029,-2.65348,0.215549,-814.564,-0.130549,-4.27726,108.665,0.972137,-261.378,2.58168],[-0.00151443,0.00106727,-0.0121248,-0.00391969,-0.0167458,-0.0187924,-0.0080894,-0.000657654,0.00100547,0.000166354,-6.61173e-06,-0.0626798,-0.00195455,-0.000583109,-0.02648,-0.0127038,0.00194935,-0.000170099],[0.0342921,0.0567294,-0.109078,-0.245808,0.0549491,-0.0362207,0.0809602,-0.136649,-0.0785013,0.0035625,0.000272652,1.21631,-0.0235127,-0.00960724,0.573148,0.00420454,-0.118135,-0.071082],[0.0297704,0.265659,-0.927653,-0.18096,0.0957452,-0.111207,-0.0436359,0.0434756,-0.0320737,0.0413171,-9.04405e-05,4.41392,0.0385775,0.00479446,0.411082,0.307378,0.0936415,-0.0228713],[-0.00549539,-0.0197988,0.05258,0.0145424,0.0253996,0.040125,0.0199572,-0.00328384,0.00135585,-0.00164076,-5.06947e-06,-0.00121129,0.00143048,-0.00162304,0.0784726,-0.00315895,0.0337344,0.00149011],[-0.0139166,-0.0311637,0.182533,0.0299722,-0.224458,-0.215798,-0.0298013,-0.0220315,0.00283856,0.0232159,-3.12304e-05,-0.0390383,0.00328884,0.0119719,-0.310047,0.029057,0.108343,0.00487789],[-0.0111354,-0.0304708,0.0874561,0.00889062,-0.0775757,-0.0636802,-0.0242534,0.019691,0.00148111,0.00733389,3.9751e-06,0.26202,0.0128077,0.00393601,0.138044,-0.00353567,0.064698,0.0058545],[-0.133117,-0.118998,-0.0894168,0.00983193,-0.0781676,0.0745497,-0.0560362,0.130897,-0.0416207,0.0430147,0.000335618,-2.324,0.0272752,0.0273898,-0.292654,-0.437454,-0.582386,-0.0619841]],"sigmahat":[[0.0888227,0.173473,0.0464349,-0.0251694,0.146348,0.154291,0.0285933,-0.0324525,-0.00379618,0.000857912,-0.000107173,0.354318,0.0103833,0.00714921,-0.109722,0.0583302,-0.0685872,-0.000286997],[0.173473,0.656572,-0.0185474,-0.122235,0.0517668,0.147247,-0.0585197,-0.0794279,-0.0127379,-0.0156428,-0.000391861,-0.203508,0.00902551,0.00761898,-0.584652,0.0157487,-0.463509,-0.00506162],[0.0464349,-0.0185474,4.07885,-0.148069,-0.103963,0.835295,-0.264425,-0.0554675,0.0206865,-0.0899249,0.000241942,-5.34263,-0.0659243,-0.0684628,0.0318477,0.199896,-0.762746,0.00382414],[-0.0251694,-0.122235,-0.148069,0.16716,-0.0586692,-0.105805,0.0351817,0.0301204,0.00304079,0.0125818,6.32834e-05,0.221021,0.00940055,0.0131538,-0.0132433,-0.00945318,0.266795,0.0059459],[0.146348,0.0517668,-0.103963,-0.0586692,1.56882,1.4321,0.324532,-0.01767,-0.00683765,-0.0259973,-1.37318e-05,2.09952,0.0404775,-0.0175988,1.06875,0.508821,0.0447254,-0.00258498],[0.154291,0.147247,0.835295,-0.105805,1.4321,1.80398,0.288183,-0.0272369,-0.000435578,-0.0409686,4.71473e-07,0.763857,0.038928,-0.0252052,0.893746,0.497046,-0.0673926,0.000513917],[0.0285933,-0.0585197,-0.264425,0.0351817,0.324532,0.288183,0.414459,-0.0195458,0.00714282,0.0418209,-5.76692e-05,2.57345,0.059848,0.0387125,0.339669,0.0432338,0.704461,0.0163925],[-0.0324525,-0.0794279,-0.0554675,0.0301204,-0.01767,-0.0272369,-0.0195458,0.0735588,-0.00144626,-0.00358096,7.1121e-05,-0.399277,-0.00932251,-0.00562908,-0.06113,-0.0030519,-0.00523024,-0.00235833],[-0.00379618,-0.0127379,0.0206865,0.00304079,-0.00683765,-0.000435578,0.00714282,-0.00144626,0.0129276,0.00829295,1.48383e-05,0.00994884,0.0042996,0.00293388,0.00820266,-0.0118892,-0.00198232,0.00844462],[0.000857912,-0.0156428,-0.0899249,0.0125818,-0.0259973,-0.0409686,0.0418209,-0.00358096,0.00829295,0.0499069,7.10821e-06,0.642737,0.0380852,0.0337856,-0.00427795,-0.00684882,0.106466,0.00675616],[-0.000107173,-0.000391861,0.000241942,6.32834e-05,-1.37318e-05,4.71473e-07,-5.76692e-05,7.1121e-05,1.48383e-05,7.10821e-06,1.0954e-06,-0.00135326,-1.96919e-05,-1.0658e-06,0.000592782,3.63651e-05,-5.57531e-05,7.58043e-06],[0.354318,-0.203508,-5.34263,0.221021,2.09952,0.763857,2.57345,-0.399277,0.00994884,0.642737,-0.00135326,74.9874,0.724257,0.115865,13.6762,-0.409378,8.1552,0.0556919],[0.0103833,0.00902551,-0.0659243,0.00940055,0.0404775,0.038928,0.059848,-0.00932251,0.0042996,0.0380852,-1.96919e-05,0.724257,0.0568029,0.0418214,0.102156,0.0153131,0.0995674,0.00688058],[0.00714921,0.00761898,-0.0684628,0.0131538,-0.0175988,-0.0252052,0.0387125,-0.00562908,0.00293388,0.0337856,-1.0658e-06,0.115865,0.0418214,0.0494821,-0.178928,0.00415247,0.0629948,0.00660852],[-0.109722,-0.584652,0.0318477,-0.0132433,1.06875,0.893746,0.339669,-0.06113,0.00820266,-0.00427795,0.000592782,13.6762,0.102156,-0.178928,9.70211,0.553012,1.26964,-0.0247399],[0.0583302,0.0157487,0.199896,-0.00945318,0.508821,0.497046,0.0432338,-0.0030519,-0.0118892,-0.00684882,3.63651e-05,-0.409378,0.0153131,0.00415247,0.553012,0.71591,-0.0435706,-0.00563433],[-0.0685872,-0.463509,-0.762746,0.266795,0.0447254,-0.0673926,0.704461,-0.00523024,-0.00198232,0.106466,-5.57531e-05,8.1552,0.0995674,0.0629948,1.26964,-0.0435706,3.14609,0.0149688],[-0.000286997,-0.00506162,0.00382414,0.0059459,-0.00258498,0.000513917,0.0163925,-0.00235833,0.00844462,0.00675616,7.58043e-06,0.0556919,0.00688058,0.00660852,-0.0247399,-0.00563433,0.0149688,0.00943032]],"n":18,"lags":3}