{"betahat":[[2.58971,0.627305,8.18194,0.700496,-0.208604,-4.21103,-3.16094,0.7369,1.64914,1.29718,14.0433,2.06713,8.24038,-29.2689,-0.186749,1.64803,5.54502,65.2779,51.1256,10.1379,23.7806,13.9743,0.828279,-2.61599,-6.86423,-1.43929],[0.667423,-0.102019,0.242145,-0.0720177,0.00433535,-0.106062,-0.0175824,0.0139466,0.0358372,-0.0115881,-0.127977,0.0284421,-0.0403856,-0.119247,-0.0104908,0.022279,-0.8707,-0.0466011,0.00539801,0.0644713,-0.234441,-0.454422,0.0255885,-0.171165,-0.0511799,0.0304474],[0.302452,0.786164,0.348745,0.0452873,0.337661,0.10608,0.0478704,-0.0490545,0.0263007,0.000204129,0.163804,0.0338977,0.141643,0.20234,-0.000922639,-0.0135591,0.261457,0.00831437,-0.0621804,0.119649,-0.000518642,0.411783,0.0146336,0.217539,0.0421788,0.0274122],[-0.0288516,0.0168066,0.541969,0.0229807,-0.0294145,-0.0362548,-0.0121111,-0.00331313,-0.00360802,0.00434004,-0.0185725,0.00320258,0.0117097,-0.871805,-0.000625303,0.00213079,-0.075114,-0.0134013,-0.014632,-0.0544176,0.0883497,-0.0130299,0.00119691,-0.175433,-0.0527775,-0.00179251],[0.0273776,0.0783777,0.372677,0.862437,-0.231673,-0.23669,-0.00180355,-0.0383865,0.0750717,-0.0125163,0.0138381,0.0630047,0.096728,0.548438,-0.00605009,0.0613194,-0.901608,-0.00120142,-0.0383174,0.0272748,-0.160918,0.394082,0.0195033,0.373642,0.071841,0.0928658],[-0.00764388,-0.0158596,0.0927776,-0.00487885,0.827203,0.17048,-0.00544225,-0.00161963,0.00473332,0.00324416,0.14028,-0.00361499,-0.0367001,-0.30685,-0.0043825,0.00544804,-0.0507722,-0.0083677,0.0102459,-0.0103938,-0.254191,-0.113286,0.00346236,0.159747,-0.0747468,0.0024303],[0.0271786,-0.034857,0.0260359,0.0273754,0.0756922,0.799863,0.0398703,-0.0135915,0.00710881,-0.00205141,-0.068727,0.0118489,-0.0652013,0.721377,-0.00333317,-0.00738256,0.262514,0.0194952,0.00963037,-0.022395,0.0355228,0.0382807,0.00275719,0.0101314,0.0528561,0.0297592],[-0.0145011,-0.0995301,-0.771586,0.0345001,-0.112791,-0.194447,0.937043,0.0482098,0.0395685,0.071059,0.540047,0.0328836,-0.0791395,0.484842,0.0693091,-0.00454609,0.959809,-0.0831003,-0.0490815,-0.309589,0.560848,-0.214821,0.0634418,0.224906,-0.341213,0.0125168],[0.231102,-0.179543,1.25049,-0.0121413,-0.250166,-0.165542,0.0718102,0.774353,-0.00410147,-0.0318836,0.464552,-0.0331605,-0.132513,-1.22221,-0.136813,-0.140177,0.0481216,-0.107551,0.184925,-0.219539,2.03947,-0.429565,0.0177418,-0.255304,0.319081,-0.0355545],[-0.134485,-0.0367262,-0.0344223,0.123408,-0.0486893,-0.84387,-0.12633,-0.0868766,0.949396,-0.111669,-0.332063,0.0739574,0.080555,-6.475,-0.256494,-0.0759069,-3.62646,-0.104691,-0.489794,0.564574,-0.5103,0.444836,0.0483495,-1.51138,-0.361289,0.00109398],[0.0512783,-0.0627127,1.48363,0.0134393,0.0656352,0.899526,0.212917,-0.183538,0.358286,1.16611,0.536116,0.274333,-1.09782,14.5392,0.122676,0.0699156,2.25339,0.169227,-0.273386,0.604486,0.971494,0.0576056,0.267311,-0.0648343,1.37483,0.183709],[0.00730097,-0.0292789,0.100079,0.00197449,0.0519847,0.0977565,-0.017744,-0.000958575,0.00396379,-0.016638,1.03908,0.0060896,-0.0835857,-0.689131,-0.025597,-0.014806,-0.0397492,-0.0563567,-0.0424191,0.000553006,-0.0712686,0.0179984,0.0059559,-0.075533,0.000220959,-0.0137602],[0.237512,-0.358163,0.428098,-0.0711391,0.924276,0.646206,0.238155,-0.119907,0.213776,0.135369,0.357359,1.02155,-0.0723104,6.18134,0.198346,0.199614,0.952025,-0.185082,0.321399,0.117408,1.61012,-0.890702,0.150466,1.1903,0.635286,0.177296],[0.027552,0.0852995,-0.0394207,0.0149009,0.046333,0.185501,-0.0117777,-0.00162524,0.0166076,0.0161752,0.115667,0.00547818,1.10164,-0.278174,0.0112509,0.0186044,-0.112583,-0.000867032,-0.0136811,0.00910743,0.23238,0.113831,0.00940218,0.155661,-0.0529938,0.0129286],[-0.00782241,-0.00540117,-0.00218122,-0.000907721,-0.000753648,0.0222919,0.00714312,-0.000705559,0.00191759,-0.00148709,0.00663801,-0.000332516,-0.0171704,0.914258,-0.000842102,0.00325948,-0.063011,0.00264119,-0.00480242,0.00699295,0.04749,0.0306608,0.00135341,-0.00261466,0.0138678,-0.000318264],[0.178349,0.0474523,0.171942,0.0122637,0.345369,0.0198371,-0.265163,0.0467993,0.0395929,-0.126521,-0.107971,0.00549813,0.0679732,-9.34426,0.855588,-0.0155729,-0.472543,0.14221,0.290624,-0.245887,1.44028,-0.197829,-0.0402712,0.0877686,-0.797773,0.137485],[-0.0256928,-0.0739144,-0.491234,0.409354,-0.513153,-0.253917,-0.00380754,0.0852511,-0.201711,-0.00379003,-0.385324,-0.129446,0.255461,-8.43009,-0.0925155,0.901195,-3.87497,-0.149764,0.0427434,0.058644,-3.40214,-0.936086,-0.147021,-0.488209,-0.578242,-0.105876],[0.0151445,0.00819538,0.00367293,-0.00727258,0.0467867,0.0245835,-0.00296593,0.00536452,0.00265404,0.00970534,-0.0340761,0.00363724,0.0256316,-0.00610804,0.0113927,0.00179915,1.07609,-0.000829846,0.0149296,-0.0141592,-0.00923889,-0.0645133,0.00325182,0.0335501,0.00860814,0.00958412],[-0.0029517,-0.0511207,-0.0746626,-0.0488202,0.493405,0.0682072,-0.159904,-0.0739058,-0.0756604,0.017813,-0.563656,-0.0894362,-0.122642,5.28228,0.0903886,0.0380316,1.68054,0.6567,-0.249775,0.0351318,0.700592,-1.27177,-0.0140323,0.0453735,-0.402004,0.0449022],[0.21809,0.016536,-0.41005,0.0303648,0.153767,-0.471907,-0.0986633,0.0410915,-0.0302213,0.0517107,0.15113,-0.0234905,0.34491,1.10512,0.0717316,0.00460202,0.771395,0.0858601,0.298538,0.139973,-1.3967,-0.904545,-0.032385,0.75899,-0.176622,-0.031211],[0.00614806,-0.0181823,0.163481,-0.0670934,-0.307854,-0.163628,-0.00586632,-0.0148524,-0.0116339,-0.0305702,0.204993,0.00726526,-0.0234509,1.78505,-0.0272419,-0.0676265,-0.176242,0.107703,-0.0390931,-0.124504,0.392266,-0.0570659,-0.0129267,-0.0750155,0.147976,0.0253083],[-0.0303434,-0.0156752,-0.0173448,0.00851679,0.000871999,0.0231798,-0.0226799,0.000194246,-0.00684994,-0.00767013,-0.0241571,-0.00888053,0.0064431,-1.47157,-0.00506698,0.0072136,-0.1301,-0.011344,0.0114336,-0.00827807,-0.320536,-0.0086175,-0.00261465,-0.0331754,-0.128613,-0.0116926],[-0.0294346,0.00404667,0.0200231,-0.0343299,0.00386814,-0.0197364,0.0204457,-0.00358754,-0.00947236,0.000765762,-0.12648,-0.00630091,0.0463693,0.530396,0.00175758,-0.0027173,-0.0129827,0.0445647,-0.0301759,-8.05676e-06,-0.181385,0.930332,-0.00675007,-0.0693826,0.0747172,-0.00307627],[-0.204499,-0.0105267,-0.25624,-0.0995309,0.104619,-0.0885425,-0.444278,0.0015099,0.0396106,-0.0840389,0.20118,0.049269,-0.42074,1.0298,0.0781124,-0.066833,2.55048,-0.402338,-0.377139,-0.371614,-4.23277,0.799237,1.07226,-0.399223,-1.30164,0.147972],[0.00733606,0.072236,-0.0381129,0.0248835,-0.0272336,0.0295005,0.0379543,-0.0214131,-0.00603793,-0.000896601,-0.0181014,-0.00170518,0.0352157,1.22113,0.0146798,-0.0104113,0.51874,-0.0227697,0.0228306,0.0270932,-0.249725,0.259318,-0.00131761,0.676696,0.192462,-0.0142618],[0.0349662,0.0115306,0.0143321,-0.00979861,0.195815,0.063118,0.0448699,-0.0102461,0.0246848,0.00569755,-0.184895,0.0296457,0.0169581,0.608582,0.0136529,0.0136283,-0.258877,0.0259796,-0.0396049,0.0377531,-0.406504,-0.00635279,0.0120357,0.107998,0.267895,0.029377],[0.168192,-0.12731,1.63381,-0.0678204,-0.273078,0.517006,-0.0195562,0.138373,0.0642482,-0.0900784,-0.200684,0.146356,0.411717,-1.82679,-0.130713,-0.0822572,0.487559,0.469215,-0.0324168,0.122205,1.23125,0.449978,0.0553008,0.685907,0.234091,0.780665],[0.296663,0.091707,0.0354084,0.0437243,0.0385125,0.1029,-0.0174703,-0.0191876,-0.0131167,0.0260897,0.186876,-0.0077325,0.0556872,0.10634,0.0130828,-0.0111966,0.887597,0.038957,0.00769513,-0.0624599,-0.0104329,0.393442,-0.00333893,0.131135,-0.0586817,0.00806506],[-0.222492,0.113119,-0.45862,-0.0454814,-0.0868191,-0.00453405,-0.0348257,0.0201112,-0.00458195,0.0165337,0.0992893,-0.00449179,0.0383064,1.85752,0.0112554,0.0183012,-0.0390628,0.00871503,0.00554332,-0.125628,-0.0943242,-0.0527286,-0.00243516,-0.39055,0.134529,0.00354261],[-0.00275587,-0.0236633,0.259965,-0.00975638,-0.0120545,0.014688,0.0114355,-0.00150385,0.0108132,-0.000789271,0.0596363,0.0038188,-0.0236812,0.785994,0.00365016,-0.00785576,0.300344,0.00443264,0.00276835,0.0585783,-0.0970991,-0.00355929,0.00429893,0.141279,0.0499245,0.00402615],[-0.119662,0.0326089,-0.716999,0.21026,0.259516,0.434504,-0.0302542,0.0170073,-0.0539644,-0.0080626,0.0475214,-0.0537277,-0.135526,-2.03697,-0.0111331,-0.0706911,0.349865,-0.0144849,0.0787652,-0.0537737,0.142677,-0.804781,-0.0201025,-0.061187,-0.230384,-0.0755651],[0.0281273,0.0270204,-0.0517823,-0.00491323,0.107085,-0.150723,-0.00115505,0.0014692,0.00466727,0.00645959,-0.0301794,0.00602605,0.0318096,0.765872,0.00903618,-0.00375637,0.278126,0.00551206,-0.0123957,0.0196456,0.116786,0.116295,0.00122387,-0.0838503,0.0809101,-0.00124968],[-0.0286655,0.0236954,-0.0734413,-0.0314034,-0.0901505,0.0883412,-0.0235866,0.00929629,-0.0110314,0.00239085,0.0508477,-0.0173766,-0.00295143,-0.661541,0.00371342,0.0165575,-0.40236,-0.0194601,-0.00618022,0.00264559,-0.183921,-0.0975517,-0.00823492,0.0455691,0.00247143,-0.0261213],[-0.0602008,0.0558393,0.756136,-0.0117906,0.000662439,0.186779,0.0923757,-0.0403376,-0.0239782,-0.035173,-0.46314,-0.0199672,-0.0762648,-2.15781,-0.0309089,0.0258303,-0.756804,0.0782845,-0.00913728,0.271448,-0.753745,0.278104,-0.0293863,-0.234421,0.443523,0.0298663],[0.0131263,0.534929,-1.30537,-0.125265,0.672502,0.582128,-0.0649615,0.10358,-0.0321612,-0.0161444,0.131633,0.0137329,0.527139,6.99011,0.0730454,-0.00498306,1.54564,0.0812683,0.0147144,0.132614,-1.78218,0.536816,-0.0486154,-0.444188,0.153912,0.015631],[0.0195432,0.126799,-0.233993,0.00936466,-0.429321,0.0443485,-0.0300882,0.0531035,-0.0339667,0.0276002,0.179574,-0.0577444,-0.0512649,-1.01417,0.00716122,0.046146,-0.0434449,-0.0745898,0.074694,-0.00141154,-0.569768,0.0327904,-0.0556618,-0.0768578,0.103116,-0.0336462],[-0.14455,0.218351,-1.25975,-0.0265532,-0.191752,-0.00446446,0.0140065,0.217181,-0.235462,-0.164069,-0.628596,-0.172999,-0.00513676,-4.40304,-0.0189834,-0.0325269,-1.83129,0.0706119,0.332498,-0.202359,-0.683083,0.250156,-0.161474,0.072167,-0.439076,-0.188918],[-0.0133258,0.0033278,-0.0529286,0.0081355,-0.054277,-0.105383,0.00627573,0.00587145,-0.0118784,0.0159764,-0.0340936,-0.0136576,0.0871187,0.320722,0.013142,0.0203069,-0.137041,0.0274704,0.0258044,0.0092102,0.0341106,0.0298034,-0.0120241,0.0350763,-0.0281101,0.0053488],[-0.0370585,0.203318,-0.398352,0.0839787,-0.0212499,0.455345,0.0577412,0.00536295,-0.188045,-0.00337504,-0.403655,-0.138175,0.393044,-2.04891,-0.0453828,-0.0902542,-0.243576,0.00056057,0.237155,-0.192221,-0.77377,0.242856,-0.122499,-0.324055,0.206893,-0.0817159],[-0.0285776,-0.0475237,0.0612062,0.00230474,-0.0424195,-0.0593287,-0.0137301,-0.00698329,-0.0281395,-0.0168807,-0.062996,-0.0142755,-0.0864985,-0.214054,-0.0148642,-0.0165515,-0.136392,-0.00481178,0.00337593,-0.00521082,-0.188291,-0.0235567,-0.0149489,-0.143758,-0.100071,-0.0191992],[0.00233491,0.000327267,-0.00447961,0.00151347,-0.00246112,-0.0116861,-0.00636993,0.00196964,-0.0010519,-0.00094424,-0.00547085,-0.00040805,0.0109904,-0.0190807,-0.000662716,-0.000802178,0.0028735,0.000234835,0.00536572,-0.00584164,-0.00460033,0.00642238,-0.000892005,0.00614257,-0.013332,-0.000794613],[0.258485,0.0938719,0.0724937,-0.109911,0.970547,0.495377,0.0656137,-0.061067,-0.0580786,-0.0150195,0.252884,-0.0214129,0.224365,3.18201,-0.0204227,-0.0718507,1.14565,0.0715615,-0.170696,0.196985,-0.894731,0.379794,-0.00565533,0.594841,-0.000545595,-0.0160118],[-0.141425,-0.212632,0.48259,-0.156799,0.0589741,-0.360543,-0.0170566,-0.0440269,0.10158,-0.0391875,0.00660194,0.0551693,-0.348102,1.70739,-0.00955291,-0.0266575,2.19087,-0.129569,-0.0860764,-0.0161192,1.74865,0.219429,0.109192,0.674113,-0.0540914,0.0716947],[-0.0128311,-0.00831105,0.0139832,0.00633291,-0.0535237,-0.0348714,-0.00475745,-0.00131591,-0.00534334,-0.0116944,0.00404814,-0.00591126,-0.0131451,-0.14498,-0.0150848,0.000154733,-0.192245,-0.000927638,-0.00808929,0.00525919,-0.0245595,0.0424475,-0.00706403,-0.0459496,-0.0223367,-0.00861277],[-0.179993,-0.109668,-0.405991,0.00372022,-0.344155,0.132922,0.239586,0.0761671,0.0798807,0.039126,-0.157208,0.0527214,0.2939,-3.00208,0.00956485,0.071327,-1.64592,0.0143895,0.340012,-0.0355221,-1.50289,2.15831,0.0203922,0.0502862,0.72243,0.0437522],[-0.254712,0.182924,0.1922,-0.105903,-0.255605,0.371574,0.0117008,-0.0209987,-0.0151965,-0.0654051,-0.0937669,-0.0129087,-0.0483596,-1.3329,-0.0773347,-0.0419517,-0.528304,-0.0380435,-0.0779484,-0.13434,-0.00243862,0.409717,0.00524748,-0.541601,-0.257075,0.00109331],[0.020946,-0.0060504,-0.0277791,0.00618706,0.0652208,-0.0659264,-0.000355324,-0.0188903,-0.00622749,0.0171819,0.0850262,0.004059,0.0973539,0.318746,0.0125365,-0.0126477,0.549254,0.0986919,0.0344279,0.025206,-0.268459,0.0393847,-0.00141673,0.00728536,0.118725,0.0448508],[0.0320132,-0.00879695,0.087999,0.00772624,0.0500266,0.0269975,0.0235173,-0.00422951,0.00100942,0.0104382,-0.0155089,0.000801313,0.0157275,-0.0262382,0.0154712,0.0175806,-0.0401515,-0.00763282,-0.00331952,0.0169565,-0.123317,-0.0302606,0.000434942,0.00569675,0.0897853,-0.00847021],[0.00111947,0.00264964,-0.0604462,0.0439366,-0.0440811,0.0575024,-0.00667874,0.0038131,0.00862834,-0.00366188,0.184175,0.0012558,-0.0374628,-0.138953,-0.012045,-0.00248018,-0.0382746,-0.0268958,0.00752152,0.0188981,0.126489,0.0882066,0.00392981,0.042985,-0.0298735,0.00145985],[0.0200359,0.0905981,-0.233545,0.100558,-0.569202,-0.456882,-0.108027,0.0769892,-0.100665,-0.0428189,-0.180037,-0.0558791,0.219021,1.92364,-0.0354355,-0.0253507,-0.524834,-0.100707,0.0814917,-0.0976218,1.28608,-0.414384,-0.11766,0.465717,-0.305445,-0.0476941],[0.0198224,0.0395319,-0.0283853,-0.0327675,-0.0119259,-0.0066932,-0.0437943,-0.0155374,-0.00800442,-0.00141897,-0.0626427,-0.00910215,-1.26417e-05,-1.68117,-0.0222101,0.00807985,-0.528545,-0.0124709,-0.0117019,-0.0238241,-0.0369225,-0.191555,-0.0070756,-0.136618,-0.168741,-0.012666],[-0.0640982,-0.0205936,-0.0673123,0.0174688,-0.0839862,-0.0617788,0.0658343,0.00517904,0.0117676,0.0142319,-0.0595299,0.0182081,-0.310464,-0.909587,0.0159455,0.0179829,-0.203358,0.0189681,-0.0111999,0.035273,0.569973,-0.138339,0.0112988,-0.0273129,0.102187,0.0180773],[-0.259517,0.18248,-1.37323,0.0317097,-0.705909,-0.775089,0.327227,-0.0897725,-0.0194491,0.157665,-0.294587,-0.0763878,0.0694778,1.07317,0.172086,0.173817,-0.154821,0.216326,-0.183617,-0.249168,-0.642735,-0.0867964,-0.052507,-0.228157,0.725971,0.00308884],[0.0358411,0.0104535,-0.276876,0.0282367,-0.0429553,0.00350317,0.0351434,0.00531954,-0.0227198,-0.0145309,-0.0584794,-0.0207208,-0.0154733,0.0171319,-0.00266234,-0.0111676,-0.0168319,0.00700982,-0.0134673,-0.00220078,0.243831,0.0618092,-0.0222262,0.0397659,0.110268,-0.0384664],[-0.0796179,0.10074,0.109614,0.000377609,-0.249747,-0.100932,-0.0128554,0.0290198,-0.0216095,-0.016662,-0.262027,-0.0293049,-0.180537,-2.05287,-0.0102448,-0.00479859,-0.219908,-0.0179876,0.0564644,0.00579728,0.0948314,-0.358377,-0.0120774,0.17328,-0.176153,-0.0309004],[0.031035,0.00744698,0.194207,-0.0132089,0.0414625,0.0231326,0.00109689,0.00481968,-0.00719898,-0.00347594,-0.0402373,-0.00709177,0.0110163,0.0993281,-0.00278704,0.00573996,-0.222889,0.00831772,0.0109309,-0.00468906,0.00324658,0.0199775,-0.00540234,0.0348276,0.00435498,-0.00222914],[0.0922285,-0.110942,0.344338,-0.0727944,-0.0280467,-0.197776,0.0319687,0.0214574,-0.0212263,0.0204655,-0.0614747,-0.00931772,0.0386203,1.48745,0.0171418,0.009171,0.552718,0.0150413,-0.0402255,0.0261322,0.018874,0.4098,0.000552508,-0.312067,0.157675,-0.0173322],[-0.0206544,-0.0108988,-0.0402117,0.00988238,0.0643774,-0.0197331,0.0068748,0.000412692,-0.00926324,-0.00953284,-0.108929,-0.00235073,0.00506619,-0.446815,-0.00454245,-0.00188809,-0.222766,0.00181949,0.00132656,-0.00974686,0.132728,-0.000834199,-0.00452739,-0.076042,-0.00539937,-0.00110152],[0.00137869,0.0110947,0.047336,0.00414729,0.014468,0.11139,-0.0159649,0.00437025,0.00393726,-0.000342729,0.0179958,0.0054894,0.0669584,-0.0525335,-0.000351963,-0.00928379,0.141249,-0.00154905,-0.00423341,0.0191728,0.146341,0.0592195,0.00559642,-0.0556669,-0.0545153,-0.0034635],[0.0754459,0.0435107,0.0136498,-0.0226038,0.116597,0.00898937,-0.0288357,-0.00707701,-0.0154147,-0.0355876,-0.0707819,-0.012738,0.149385,1.69508,-0.037829,-0.0218639,-0.187407,-0.00207029,0.0575894,0.0363557,0.19774,-0.0708257,-0.0335108,0.00849218,-0.102088,-0.0423376],[0.120812,-0.0670214,0.705882,0.250684,-0.152019,0.124178,0.106249,0.0113998,0.0128101,0.131951,0.242398,0.00119624,0.306538,-1.33641,0.130977,0.0736846,0.971628,-0.191092,-0.08524,0.124406,-0.275234,-0.956529,0.00937525,1.08666,0.248975,-0.0280386],[-0.0274201,0.0259608,-0.249629,-0.0684211,0.0503218,0.129603,0.0757636,0.0198722,0.00108278,0.0301636,0.396416,-0.00548856,-0.105826,-0.0534107,0.0334031,-0.0237872,0.972915,-0.0691035,0.0949499,-0.00620691,-0.0443838,-0.0360354,-0.00240392,0.164926,0.179264,-0.0237012],[-0.00581651,0.00152303,-0.2538,-0.0106982,0.35596,-0.223074,-0.0360345,0.0130802,-0.0383979,-0.0664162,-0.361392,-0.07685,0.474997,-3.14332,-0.0331722,0.0792881,-1.58693,-0.0340205,0.174226,0.00722239,0.624665,-0.294958,-0.0448339,0.466234,-0.0614307,0.0321898],[0.00335418,0.0243078,-0.0362323,-0.00782379,-0.00304819,0.00547671,0.010243,-0.00543404,0.00737618,0.000137747,-0.0210482,0.00720541,0.00301577,0.345655,0.0113369,-0.00651923,0.180401,0.0307286,0.0169157,-0.00996975,0.0441507,-0.0528884,0.00574096,0.0482175,0.0220705,0.00850426],[-0.0284009,0.0160923,0.0413889,-0.146347,0.0461287,-0.157449,0.037056,0.0490815,-0.0378035,0.00146999,0.215425,-0.0228897,-0.234939,-2.41504,0.01512,0.0229583,0.566944,-0.109546,0.139552,-0.0220043,0.222397,0.0463226,-0.0154738,-0.0119108,-0.00228492,-0.0798455],[0.000678529,-0.0368933,-0.0320977,-0.0185301,0.00084029,-0.118734,0.0280682,0.00767789,0.0112776,-0.000261267,-0.0500771,0.00815447,-0.0292209,0.539173,0.00351497,-0.00230342,0.237892,-0.00169761,0.00708204,-0.00840689,-0.0538266,-0.0839071,0.00583113,-0.00447758,0.159772,0.00651945],[0.00291236,0.00197932,0.00313868,-0.00171231,0.000488524,-0.0113433,0.000289034,-0.00192351,0.000563348,0.00180597,-0.0113533,0.000939524,0.0051878,-0.0181331,0.000320258,-0.000514728,0.0313471,-0.00220224,-0.00343327,-0.00101522,-0.0113189,-0.0186373,0.000323665,-0.0105601,0.00163843,0.0014699],[0.110941,0.0108218,0.120195,0.0275889,0.253331,0.208854,-0.0262867,-0.0232783,0.114403,0.0924039,0.496161,0.0874618,-0.0476913,5.00794,0.0694184,-0.0269194,1.62595,-0.0463874,-0.271558,0.228844,-0.404942,-0.372192,0.0884262,-0.399704,0.0613138,0.0645235],[-0.0161551,0.0398043,-0.398769,-0.0396072,-0.133064,0.147874,-0.0457465,0.0192449,0.00381479,0.0116764,0.231433,0.00595646,0.123198,2.82002,0.028416,-0.0343682,0.508536,-0.0736095,-0.0539857,0.0100406,0.0308911,-0.44149,-0.00166636,-0.41547,-0.093455,-0.0210001],[-0.00559832,-0.00136508,-0.00938912,0.00440598,-0.000604154,0.0114618,0.00889958,-0.0037524,0.00186206,0.000750467,0.0136585,0.000940893,-0.011771,0.123344,0.00262406,-0.000912846,0.055608,-0.00620626,-0.00835812,0.00499994,0.0191468,0.0165255,0.00247924,0.00510416,0.0187652,-0.000222183],[0.176828,0.160857,0.423659,0.0221867,-0.169078,-0.246331,-0.0677289,-0.0130173,-0.00620024,-0.0456857,0.608332,0.035643,-0.136928,-1.70774,-0.0812868,-0.0970775,0.039812,-0.52917,-0.0664063,0.0205332,0.688945,-0.777643,-0.0123563,-0.10982,-0.256502,-0.081371],[0.0439414,-0.18573,0.170611,0.0381529,0.131233,0.0778596,0.0758791,-0.0203396,0.0225415,-0.000922659,-0.158581,0.0210665,-0.236616,-0.662599,0.00495442,0.0303306,-0.257015,-0.0221451,-0.114008,-0.0342874,1.34603,0.397278,0.0124496,-0.230478,0.37648,0.0286475],[0.0216396,-0.0190456,0.142558,0.0285356,0.00139497,0.0248121,-0.0427684,0.00203733,0.00346179,-0.00874814,0.00275834,-0.0107368,-0.0704477,-0.590071,-0.0047846,0.0134429,-0.532113,-0.0062082,0.0051674,0.0157055,-0.00897403,-0.0201759,0.00486966,0.0364693,-0.228215,-0.0237307],[0.0188284,0.0029494,0.0245834,0.000121676,0.0300015,0.0288355,-0.00751815,-0.00244331,0.0038045,0.000745803,0.059089,0.00360149,0.0314662,-0.117619,-0.000724107,-0.0019198,0.0765074,-0.00645411,-0.000382983,-0.0164988,-0.119848,0.0478124,0.00296386,0.0119051,-0.0431985,-0.0024165],[0.028202,-0.00751406,0.036201,-0.010663,0.0432301,-0.0372863,-0.0127398,2.21454e-07,0.000685856,0.00264625,-0.0567322,0.00483091,-0.016827,-0.377642,0.0101762,0.00489566,0.0485053,-0.0230905,0.0226574,-0.0205298,0.0571341,-0.0301539,0.00283787,0.0257302,-0.0424102,0.00152675],[-0.106734,-0.20098,0.0176513,0.0454003,0.0385202,0.113309,0.0641069,0.0217755,-0.0212437,0.0202488,-0.016726,-0.016546,0.00357056,1.48169,0.0344072,0.0378139,-0.411587,-0.0861982,0.0736214,0.0884878,1.35987,-0.199946,-0.0274054,0.218999,0.17494,0.0168593],[0.015072,-0.0109891,0.121811,-0.0208577,0.00200348,-0.0197748,0.00694433,-0.0156536,0.00158244,0.00521017,0.0289196,-0.00526182,-0.100121,0.184168,0.00927452,0.00700544,-0.174059,-0.00600628,-0.034177,0.00278455,0.123859,-0.0351234,0.00325417,-0.0678993,0.0595608,-0.00214496],[-0.015405,0.00398079,-0.107593,-0.0200456,-0.00526593,-0.0288569,-0.00893532,0.00138278,0.0157278,0.024465,0.0496611,0.0138775,-0.0187165,0.176882,0.018085,0.00668165,0.1217,0.0255225,-0.00191924,0.031825,-0.198254,-0.0624591,0.0118119,-0.0394137,-0.0117387,0.0168591],[0.012341,-0.00829788,0.120429,0.0527513,0.074991,-0.266608,-0.135838,-0.0411647,-0.0122801,0.0154738,0.0105002,-0.0217731,-0.202313,0.362489,-0.0115942,-0.0106679,-0.202543,0.0772061,-0.24395,0.0703997,0.745395,0.259932,-0.0323844,-0.266563,-0.507925,0.00701236]],"sigmahat":[[0.368688,0.0432118,0.419037,-0.0109035,0.386085,0.115659,-0.00587169,-0.0134558,0.0206305,0.00942972,0.284048,0.0251673,0.113207,1.56463,0.00605579,-0.0297863,0.909485,-0.0146267,0.0106311,-0.00970002,0.191354,0.114619,0.0213743,0.11742,0.014083,0.0169684],[0.0432118,0.225684,-0.155859,-0.0291991,-0.0523677,0.0465359,-0.0261671,-0.00240892,-0.00293589,0.0107914,0.121068,0.00232651,0.0246146,0.101758,0.00813369,-0.0097019,0.293164,0.00122217,-0.0341483,-0.0405617,-0.282019,0.079689,-0.00361221,-0.0390065,-0.0884104,-0.00334295],[0.419037,-0.155859,3.94833,-0.0411331,-0.0324799,-0.0874323,-0.0527156,-0.0073106,0.00815342,-0.020276,-0.00774211,-0.00737421,0.485239,-0.700633,-0.0740898,-0.0475138,0.249951,-0.0618009,-0.0128001,0.0241298,0.256047,-0.114327,0.0237959,-0.183959,-0.322365,0.0288866],[-0.0109035,-0.0291991,-0.0411331,0.145591,-0.0509904,0.0359827,-0.00788647,0.001521,-0.00681424,0.00247659,0.0211237,-0.00280051,0.0674162,-0.214131,0.000221941,-0.00811139,0.0402763,-0.0161604,0.0053543,0.0112344,0.0287049,-0.0469113,-0.00412453,0.102194,-0.0516812,-0.00728294],[0.386085,-0.0523677,-0.0324799,-0.0509904,1.70737,0.739258,0.105007,-0.0154831,0.0441487,0.00728159,0.420919,0.0472459,-0.0298003,3.06044,0.0325983,-0.0222593,1.53018,-0.00602203,0.0504401,0.0828854,0.31677,0.0937775,0.0587184,0.492429,0.324954,0.0572617],[0.115659,0.0465359,-0.0874323,0.0359827,0.739258,1.35106,0.0652523,-0.0282039,0.0397572,0.0102483,0.653449,0.0315444,0.162158,1.39314,0.021297,-0.0336811,0.934583,-0.0334838,-0.00581351,0.0967062,-0.127672,0.213608,0.0383708,0.468405,0.154053,0.0273773],[-0.00587169,-0.0261671,-0.0527156,-0.00788647,0.105007,0.0652523,0.151494,-7.00798e-05,0.0123993,0.0283159,0.000134474,0.00804085,-0.0858645,1.58135,0.0419153,0.0200022,0.309405,0.0284156,0.00762633,0.085608,0.0823458,-0.0161152,0.00861059,0.188163,0.411361,0.0194292],[-0.0134558,-0.00240892,-0.0073106,0.001521,-0.0154831,-0.0282039,-7.00798e-05,0.0305399,-0.00308404,0.000243769,0.000994163,-0.00271437,0.00183001,-0.0958991,-0.00368286,-0.00271786,-0.027094,-0.00567502,0.015705,0.00194682,-0.0349575,-0.0238887,-0.00253957,0.0084931,0.00443502,-0.011391],[0.0206305,-0.00293589,0.00815342,-0.00681424,0.0441487,0.0397572,0.0123993,-0.00308404,0.0349331,0.0132773,0.114316,0.026995,-0.0326666,0.753865,0.00688665,-0.00119359,0.266066,-0.0081171,-0.0197669,0.0208318,0.0361293,0.0322894,0.0203522,0.0716799,0.0595319,0.0142734],[0.00942972,0.0107914,-0.020276,0.00247659,0.00728159,0.0102483,0.0283159,0.000243769,0.0132773,0.0406378,0.0657057,0.010654,0.00145365,0.909602,0.0354309,0.017325,0.311297,0.0117575,-0.00492343,0.0264824,-0.042011,-0.0223175,0.00932998,0.0676217,0.0857293,0.00973578],[0.284048,0.121068,-0.00774211,0.0211237,0.420919,0.653449,0.000134474,0.000994163,0.114316,0.0657057,1.82731,0.100858,0.00305152,3.3302,0.0296712,-0.0536591,1.86713,-0.148495,-0.114316,0.0669119,0.152548,0.169084,0.0813743,0.279435,0.121856,0.0180844],[0.0251673,0.00232651,-0.00737421,-0.00280051,0.0472459,0.0315444,0.00804085,-0.00271437,0.026995,0.010654,0.100858,0.0312385,-0.00808205,0.703271,0.00539656,-0.0105525,0.3295,-0.00414526,-0.012692,0.0209258,0.0603677,0.0282776,0.0183682,0.0464134,0.0368813,0.0137625],[0.113207,0.0246146,0.485239,0.0674162,-0.0298003,0.162158,-0.0858645,0.00183001,-0.0326666,0.00145365,0.00305152,-0.00808205,1.09571,0.192642,-0.0225916,-0.0623867,0.807018,0.036747,0.0571509,-0.0230863,-0.676689,0.168554,-0.0222417,-0.0464874,-0.284405,0.0024545],[1.56463,0.101758,-0.700633,-0.214131,3.06044,1.39314,1.58135,-0.0958991,0.753865,0.909602,3.3302,0.703271,0.192642,96.7588,1.04244,-0.225428,23.6012,0.773298,-0.113319,1.02627,1.13587,0.294092,0.502397,5.10549,6.36229,0.573384],[0.00605579,0.00813369,-0.0740898,0.000221941,0.0325983,0.021297,0.0419153,-0.00368286,0.00688665,0.0354309,0.0296712,0.00539656,-0.0225916,1.04244,0.0544965,0.0286154,0.293858,0.0255446,0.0138642,0.0274283,-0.0088831,0.0169615,0.00635718,0.0959134,0.121697,0.015489],[-0.0297863,-0.0097019,-0.0475138,-0.00811139,-0.0222593,-0.0336811,0.0200022,-0.00271786,-0.00119359,0.017325,-0.0536591,-0.0105525,-0.0623867,-0.225428,0.0286154,0.056736,-0.464389,0.013192,0.000419154,0.0267564,0.00433494,0.0530879,-0.00414915,0.001578,0.0613272,0.00437216],[0.909485,0.293164,0.249951,0.0402763,1.53018,0.934583,0.309405,-0.027094,0.266066,0.311297,1.86713,0.3295,0.807018,23.6012,0.293858,-0.464389,17.0285,0.124877,0.136876,0.124342,0.853866,0.196703,0.257727,2.11063,1.10812,0.17938],[-0.0146267,0.00122217,-0.0618009,-0.0161604,-0.00602203,-0.0334838,0.0284156,-0.00567502,-0.0081171,0.0117575,-0.148495,-0.00414526,0.036747,0.773298,0.0255446,0.013192,0.124877,0.156013,0.0340544,0.0117291,-0.0927144,0.126921,-0.00803932,0.0258629,0.115644,0.0131197],[0.0106311,-0.0341483,-0.0128001,0.0053543,0.0504401,-0.00581351,0.00762633,0.015705,-0.0197669,-0.00492343,-0.114316,-0.012692,0.0571509,-0.113319,0.0138642,0.000419154,0.136876,0.0340544,0.147097,-0.0329729,0.0813257,-0.0708132,-0.0116676,0.127429,0.00019209,-0.00127781],[-0.00970002,-0.0405617,0.0241298,0.0112344,0.0828854,0.0967062,0.085608,0.00194682,0.0208318,0.0264824,0.0669119,0.0209258,-0.0230863,1.02627,0.0274283,0.0267564,0.124342,0.0117291,-0.0329729,0.37776,0.181487,-0.00893472,0.0116136,0.0561864,0.204922,0.0211356],[0.191354,-0.282019,0.256047,0.0287049,0.31677,-0.127672,0.0823458,-0.0349575,0.0361293,-0.042011,0.152548,0.0603677,-0.676689,1.13587,-0.0088831,0.00433494,0.853866,-0.0927144,0.0813257,0.181487,9.6737,-0.418003,0.058472,-0.294843,0.117981,0.0366405],[0.114619,0.079689,-0.114327,-0.0469113,0.0937775,0.213608,-0.0161152,-0.0238887,0.0322894,-0.0223175,0.169084,0.0282776,0.168554,0.294092,0.0169615,0.0530879,0.196703,0.126921,-0.0708132,-0.00893472,-0.418003,3.05255,0.0201248,-0.0204762,0.257626,0.0240556],[0.0213743,-0.00361221,0.0237959,-0.00412453,0.0587184,0.0383708,0.00861059,-0.00253957,0.0203522,0.00932998,0.0813743,0.0183682,-0.0222417,0.502397,0.00635718,-0.00414915,0.257727,-0.00803932,-0.0116676,0.0116136,0.058472,0.0201248,0.0176335,0.0503544,0.0377038,0.0105718],[0.11742,-0.0390065,-0.183959,0.102194,0.492429,0.468405,0.188163,0.0084931,0.0716799,0.0676217,0.279435,0.0464134,-0.0464874,5.10549,0.0959134,0.001578,2.11063,0.0258629,0.127429,0.0561864,-0.294843,-0.0204762,0.0503544,2.22487,0.52859,0.0397041],[0.014083,-0.0884104,-0.322365,-0.0516812,0.324954,0.154053,0.411361,0.00443502,0.0595319,0.0857293,0.121856,0.0368813,-0.284405,6.36229,0.121697,0.0613272,1.10812,0.115644,0.00019209,0.204922,0.117981,0.257626,0.0377038,0.52859,1.81562,0.0550126],[0.0169684,-0.00334295,0.0288866,-0.00728294,0.0572617,0.0273773,0.0194292,-0.011391,0.0142734,0.00973578,0.0180844,0.0137625,0.0024545,0.573384,0.015489,0.00437216,0.17938,0.0131197,-0.00127781,0.0211356,0.0366405,0.0240556,0.0105718,0.0397041,0.0550126,0.0348544]],"n":26,"lags":3,"seasonalRows":0}