{"betahat":[[-0.128996,-0.0893893,0.736607,0.102196,-0.794136,-0.67932,0.148155,0.110885,-0.0798022,-0.0181772,-1.68344,0.00413494,2.13285,7.23702,-0.0202091,0.0482099,0.106384,-0.169405,1.14756,-0.130708],[0.656484,-0.0572199,0.23959,-0.0841379,0.0582048,-0.0699504,-0.0523877,0.0333398,0.0514331,-0.0266032,-0.139031,0.0382903,-0.0454602,-1.02265,-0.0296296,0.00926197,-0.797889,-0.190151,-0.239853,0.0280108],[0.389488,0.911479,0.464064,0.0073073,0.369831,0.262503,0.0548315,-0.0825956,0.032021,-0.0207166,0.285188,0.0427555,0.0276998,1.51916,-0.0344453,-0.0617659,0.814943,0.185606,0.141696,0.0344419],[-0.0256531,0.00382497,0.559642,0.0286332,-0.0242995,-0.0443174,-0.00759709,-0.000332124,-0.00219264,0.00579047,-0.0359112,0.00426309,0.0360528,-0.856259,-9.87594e-05,0.00655741,-0.135073,-0.164505,-0.0839147,-0.000131866],[0.0357848,0.112086,0.392555,0.8132,-0.353301,-0.532006,-0.10469,0.016465,0.015836,-0.0224439,-0.0217452,0.0123459,0.0227995,0.440492,0.0209346,0.0382172,-0.173469,0.579645,-0.207238,0.0334869],[0.00513896,-0.0114718,0.0571971,0.0194005,0.789011,0.216037,-0.00111713,0.00279769,0.00943949,0.00459983,0.228015,-0.00116688,-0.0079132,-0.152516,-0.00427914,-0.00333877,0.0505391,0.225294,-0.119375,0.000373645],[0.0580313,-0.0562559,0.0747771,0.050912,0.201425,0.895719,0.0562192,-0.00842081,0.00927193,0.00623619,-0.084091,0.0100894,-0.0532203,1.15508,0.012407,0.0106668,0.334897,0.152881,0.182998,0.0162203],[-0.120633,-0.188028,-1.10801,-0.00741407,-0.0490201,-0.0924237,1.14317,0.0600629,0.0819886,0.10152,0.423066,0.0699078,-0.325126,0.0340186,0.0982283,0.0712386,-0.480605,0.00996008,-0.222878,0.0690812],[0.251372,-0.167957,0.633934,0.109075,-0.529028,-0.787892,-0.214182,0.841512,-0.0260292,-0.0514272,0.663252,-0.0435747,-0.461839,-1.27128,-0.161521,-0.189275,0.213947,0.59849,-0.563445,-0.0706136],[-0.232872,-0.0269737,-0.0574619,-0.0809944,-0.173265,-0.522146,-0.106796,-0.0100309,0.991681,-0.14933,-0.618679,0.0783892,-0.3264,-6.09333,-0.167181,-0.0701501,-2.90596,-1.62424,-0.32206,-0.0485998],[0.180683,-0.0596318,1.60516,0.111074,-0.139748,0.540336,0.187483,-0.177549,0.402206,1.23651,1.03743,0.325807,-0.780639,14.7715,0.103791,-0.059494,3.51104,-0.0940939,1.21689,0.216553],[0.0201773,-0.0524373,0.200717,-0.000986882,0.105318,0.120132,-0.0169985,-0.0160081,0.00102727,-0.0162164,1.06444,0.00722628,-0.067196,-1.0644,-0.0297683,-0.0200861,-0.0137885,-0.106976,0.0405749,-0.0119847],[-0.0869571,-0.212241,0.342673,-0.244876,-0.0387728,-0.112901,-0.0588476,-0.0558228,0.183983,0.0224118,0.435663,1.07371,-0.22335,5.64405,0.0502917,0.0889901,0.80801,0.395388,-0.0127629,0.139944],[0.0256041,0.0954983,-0.0105927,-0.011924,0.0145881,0.162556,0.0236258,-0.00664496,0.0190331,0.0292538,0.112091,0.00930323,1.18278,0.429617,0.0213198,0.0255938,-0.0853613,0.123442,0.134746,0.0179681],[-0.0148668,-0.00529864,-0.0283149,-0.00185859,-0.00170911,0.0168321,0.00571511,0.000314181,0.0017989,-0.00123981,-0.0118458,-0.000796249,-0.0324736,0.980124,0.000421844,0.00434533,-0.073102,0.00425217,0.00443644,-0.000296648],[0.0817576,-0.0526003,0.233611,0.174999,-0.0907259,0.0231568,-0.203726,0.0965631,-0.0747641,-0.125081,-0.236869,-0.109444,0.100171,-8.54576,0.996012,0.0723108,-0.704717,0.498161,-0.621705,0.0378614],[0.111655,0.106314,-0.322145,0.2623,-0.0413541,0.016721,-0.0425577,0.0250161,-0.17346,0.0260976,-0.585119,-0.0987686,0.672247,-7.49602,-0.0385726,1.01352,-2.69991,-0.302182,-0.383867,-0.157161],[0.0384092,0.0171218,0.0442133,-0.00644968,0.0748233,0.0591091,-0.00981493,0.0024494,0.00254662,0.0115541,0.0267711,0.00451655,0.0573679,0.0371024,0.0120098,0.00143443,1.18893,0.045873,0.00378197,0.00585503],[0.0126869,0.0772432,-0.00257258,0.016525,-0.0491335,0.00323736,0.0157719,-0.0251753,-0.00665637,-0.00609287,-0.0306155,-0.000188334,0.122848,1.59609,0.00669552,-0.026969,0.660261,0.723612,0.124043,-0.00141814],[0.0648497,0.0423159,0.15489,-0.0103606,0.194723,0.147371,0.0107867,-0.0253878,0.0127631,-0.0123648,0.0191454,0.0176921,0.0994075,0.416281,-0.0155735,-0.0145499,0.0131778,0.082797,0.331433,0.0165127],[0.316641,-0.274417,0.716318,0.0485653,1.46089,0.816985,-0.0581632,-0.0413264,0.202436,-0.051613,-0.353373,0.22071,-0.288756,-3.23265,-0.0134095,-0.00193565,0.906167,1.04755,-0.200822,1.16402],[0.350031,0.0636395,0.12967,0.0640001,0.0477333,0.160192,0.0297744,-0.0219341,-0.0128904,0.0409566,0.327974,-0.00598903,0.046745,0.860345,0.0207882,-0.0106659,0.965512,0.135126,0.175277,-0.00662565],[-0.329744,-0.0104248,-0.544092,-0.0160378,-0.105848,-0.0132752,-0.0102126,0.0309589,-0.0184027,0.0334331,0.0436872,-0.0229056,0.107964,0.684287,0.0465562,0.0630564,-0.3895,-0.413305,0.23383,-0.0139991],[-0.00499051,-0.017982,0.263985,-0.0113465,-0.00647293,0.0306038,-0.00212675,-0.00541008,0.0100644,-0.00573755,0.0744342,0.00317811,-0.0258064,0.669301,-0.00225317,-0.0147713,0.374668,0.151185,0.047122,0.0051952],[-0.186549,-0.00725241,-0.81998,0.251792,0.403807,0.718929,0.105875,-0.0181501,-0.0264012,0.00582032,-0.0620891,-0.0341326,-0.170986,-1.17093,-0.00827711,-0.0560634,-0.18722,-0.101133,0.155758,-0.0301802],[0.0535275,0.0376416,0.0282047,-0.0126854,0.171352,-0.158562,-0.00433382,-0.00666598,0.0050269,0.00696364,-0.0431397,0.0077408,0.0116512,0.940343,0.0126746,-0.00299419,0.335157,-0.121056,0.119544,0.00989861],[-0.0385365,0.0579476,-0.0610826,-0.0593052,-0.129163,0.0796082,-0.0111677,-0.00381601,-0.0121224,-0.00100224,0.0457652,-0.0173459,-0.0116394,-0.644144,-0.00238667,0.0137935,-0.474358,-0.103774,0.0143316,-0.0160604],[0.0134937,0.162075,1.03254,0.000116461,-0.15789,0.105637,-0.010953,-0.0368132,-0.024207,-0.053096,-0.47554,-0.0276661,-0.0176721,-1.77244,-0.071325,-0.0170477,-0.138102,-0.220609,0.470571,-0.0297703],[-0.289364,0.509266,-2.04386,-0.281746,0.764045,0.996867,0.0919562,0.126519,-0.0130323,-0.0546766,-0.0904863,0.0252457,0.407975,2.5106,0.0447351,0.0628965,0.264087,-1.27953,0.415529,0.0294366],[0.0463616,0.082975,-0.125697,0.0318109,-0.44949,-0.11527,-0.0188525,0.034103,-0.0317755,0.0588045,0.251865,-0.0656014,0.23483,4.17675,0.0565988,0.0529257,1.13481,0.67658,0.0644931,0.0305101],[-0.171682,0.17092,-1.25192,-0.130665,-0.225542,-0.385058,-0.101851,0.174,-0.331775,-0.240379,-1.2053,-0.215514,0.178904,-8.50378,-0.0952284,-0.0833064,-2.42495,-0.289403,-1.25282,-0.150626],[-0.00368894,0.0458001,-0.134721,0.0235431,-0.111751,-0.131566,-0.000658658,0.0108461,-0.00644861,0.0196316,0.00639778,-0.0118973,0.0727388,1.03378,0.0190899,0.0217177,-0.00803704,0.0924802,-0.0526264,-0.00134202],[-0.0257778,0.273375,-0.689167,0.227137,-0.284754,0.272443,0.0426794,0.0355979,-0.196494,-0.00768098,-0.332221,-0.118728,0.471738,-0.345362,-0.0572445,-0.097348,-0.379288,-0.383689,0.271147,-0.102244],[-0.0700842,-0.0544105,0.0231567,0.0165096,-0.0943969,-0.0786978,-0.0614702,0.00101802,-0.0380908,-0.035977,-0.131646,-0.0241668,-0.132346,-1.50319,-0.0338651,-0.0200321,-0.363363,-0.188983,-0.341754,-0.0331708],[0.00444506,-5.40568e-05,0.0189078,0.000283997,-0.00572135,-0.0153272,-0.00547608,0.00169948,-0.00155007,-0.00025254,0.0084267,-6.51564e-05,0.0223778,-0.0236715,-0.000872357,-0.00146909,0.00917451,-0.00158522,-0.00532047,-0.00110426],[0.0723098,0.0782112,-0.211985,-0.169562,0.652557,0.492697,0.20805,-0.0787137,0.00290503,0.00333008,0.0715552,0.037947,-0.0566952,1.74735,-0.0796118,-0.106685,-0.0561914,0.109107,0.283244,-0.0458859],[-0.0811861,-0.204227,0.51672,-0.143489,0.270802,-0.0481732,0.0847957,-0.0353859,0.206101,-0.0223772,0.423683,0.125153,-0.714537,6.01127,-0.0111897,-0.0149266,2.38115,0.915659,0.39323,0.170765],[-0.022622,-0.00746049,-0.0205172,0.00536214,-0.061853,-0.0486788,-0.000436894,-0.000546228,-0.00530687,-0.0128734,-0.0168727,-0.00684269,-0.0375838,-0.164689,-0.0125769,0.00159213,-0.224558,-0.0565055,-0.0212484,-0.00705816],[0.0041954,0.0302551,-0.0370932,-0.0326536,-0.0187755,-0.0290217,-0.0366936,-0.011429,-0.00763686,0.000254066,-0.113981,-0.00838898,0.00237861,-1.80479,-0.0180407,0.0131971,-0.605189,-0.16149,-0.1601,-0.0102355],[-0.043824,0.00617467,-0.0458538,0.0263914,-0.0840453,-0.0407286,0.0877852,-0.000906029,0.0030737,0.0170165,-0.0587855,0.00987652,-0.313186,-0.209388,0.0220551,0.0215568,-0.134255,-0.051987,0.311486,0.014685],[-0.121553,0.264171,-0.0418367,-0.019686,-1.13023,-0.547297,0.176283,-0.0199356,-0.14123,0.0752476,-0.101598,-0.180873,0.402163,2.30483,0.0321992,0.13525,-1.00505,-0.280777,0.674344,-0.118103],[-0.00651967,-0.00641328,-0.369271,0.0201388,-0.105927,-0.0902283,0.0226192,-0.0114029,-0.0385489,-0.0143553,-0.188966,-0.0323074,-0.00131656,0.162244,0.00884001,0.00140134,-0.167586,0.0550169,0.0645802,-0.0213885],[-0.0597462,0.0989502,0.0800101,0.00873231,-0.263958,-0.249211,-0.0446125,0.0516403,-0.013626,-0.01272,-0.328895,-0.0198574,-0.135715,-2.20354,-0.0121123,-0.00129367,-0.425401,0.227686,-0.375525,-0.0204468],[0.0306233,0.0141699,0.176296,-0.0172869,0.0307897,0.0137379,0.00974317,0.00574798,-0.00788237,-5.54956e-05,-0.0385718,-0.00745242,-0.0103157,0.187026,0.00235065,0.0082125,-0.239573,0.013314,0.0368282,-0.00506979],[0.150765,-0.104827,0.427411,-0.0649913,-0.0504887,-0.18691,-0.00118422,0.00168729,0.0105582,0.0166208,0.0838146,0.0217804,0.148155,0.730351,-0.0126579,0.0178427,0.360741,-0.478516,0.0514677,-0.00331009],[-0.0586692,-0.0261562,-0.0854018,-0.00671115,0.0396554,-0.0574593,0.00546815,0.00387481,-0.0144764,-0.0115639,-0.184901,-0.00658473,-0.0038044,-0.787943,-0.00839657,0.00632974,-0.385603,-0.104258,-0.000137506,-0.0102774],[-0.0195004,-0.00168246,-0.0137197,0.00839795,-0.0722252,0.0246834,-0.0450317,0.0122451,0.00283826,-0.00523777,0.0382851,0.00724326,0.0647543,-0.511072,-0.0100218,-0.0244626,0.139524,-0.0491249,-0.197298,-0.000166361],[0.107188,0.0260102,0.0754052,0.00733157,0.207134,-0.0130762,-0.13218,-0.0232285,-0.0578116,-0.0484276,0.0526173,-0.0422713,0.342492,1.738,-0.0268939,-0.0542177,0.619365,0.210644,-0.247676,-0.0393201],[0.0868035,-0.300542,1.43892,0.190325,-0.167182,-0.127448,0.133841,0.0198092,0.0353789,0.113006,-0.44362,0.0130982,0.0656669,-1.03618,0.1303,0.121878,-0.196784,0.74468,0.212006,0.0424637],[-0.00664041,-0.087771,-0.179863,0.0710294,0.259355,0.36488,0.0786549,0.000633799,0.0030115,0.0597271,0.411836,-0.0283073,0.0267459,0.433686,0.0801335,0.0216143,1.03476,0.671302,0.138995,-0.00295104],[0.0891961,-0.0873555,-0.209528,0.0538312,0.45545,-0.0352673,-0.110185,-0.0113624,-0.0287561,-0.0104077,0.259626,-0.0754864,0.765349,-5.15333,-0.0144943,0.110809,-0.918991,0.603354,0.025871,-0.04307],[-0.016607,0.00655232,-0.0659771,-0.0225149,0.00616549,0.0113275,0.0175574,0.00513404,0.00541744,-0.00343194,-0.07115,0.00467356,-0.0053517,0.0298704,0.0106655,-0.00162477,0.0215858,0.0145635,0.0117908,0.0133322],[-0.0331775,-0.0982974,0.123779,0.00132657,0.157757,-0.16859,0.0514194,0.028816,-0.0340639,0.00376306,-0.194244,-0.0177212,-0.309011,-4.25855,0.0401062,0.0663361,-0.316061,0.0729683,-0.109589,-0.0520764],[0.0443705,-0.0410302,-0.0129098,-0.00463074,0.0799351,-0.0837402,0.038001,0.00567047,0.018999,0.00668712,0.0193065,0.0147934,-0.0510741,1.07387,0.0125274,-0.00556022,0.448247,0.0654916,0.207314,0.0151591],[0.0101898,0.00523083,0.00893383,0.00150207,0.00728836,-0.00175344,-0.000433444,-0.00203498,-0.000284759,0.00131231,0.0030615,0.000798862,0.00952714,0.0292166,0.000358989,-0.00277022,0.0609568,-0.00354012,0.000125327,0.00138511],[-0.0434524,0.0010313,0.106987,-0.00398201,-0.34612,-0.41543,-0.022603,-0.0138852,0.0906164,0.115268,0.248299,0.0861892,-0.011844,6.4527,0.0637116,0.00424743,1.12273,-0.547029,0.245381,0.0171238],[-9.06436e-05,0.093251,-0.183973,-0.0980131,-0.197883,0.0326289,-0.0560316,0.0170793,-0.028436,-0.0108647,0.2222,-0.0205909,0.06043,1.44949,0.0381598,-0.0251444,0.378464,-0.578198,-0.0887821,-0.0158309],[-0.0158305,-0.00953971,-0.0234586,0.00110424,-0.0126196,-0.0100796,0.0104567,-0.00186188,0.0026632,0.00130409,-0.0104698,0.00219789,-0.0204041,0.125024,0.000548656,-0.00296609,0.0353388,0.01027,0.0179686,0.00115396],[0.00126679,-0.0110897,0.0506279,-0.0132726,-0.0167456,-0.0137729,-0.00641902,-0.0119089,0.0062196,-0.00155171,0.0397253,-0.00244842,-0.157823,-0.100965,-0.00107806,0.00654148,-0.246225,-0.052155,0.0120303,0.00181607],[-0.0290629,-0.0197588,-0.0947115,-0.0225664,-0.0383979,-0.0282565,-0.0274061,0.00255083,0.0119315,0.0219533,0.0491883,0.0062982,0.0391134,-0.464043,0.0111418,0.00322242,0.0822078,-0.082041,-0.0576039,0.00491998],[-0.123912,0.0160176,-0.443683,-0.0336768,-0.228998,-0.243516,-0.0932816,0.0738411,-0.0602297,-0.0100223,0.436135,-0.0442755,-0.127629,0.520611,-0.0213651,-0.115036,0.0101888,-0.735282,-0.502196,-0.0618704]],"sigmahat":[[0.554043,0.094011,0.551147,-0.0131563,0.537614,0.150903,0.00907299,-0.0249524,0.0427161,0.0344388,0.479498,0.0505159,0.197164,2.96442,0.026061,-0.0440226,1.47423,0.252206,0.135877,0.0302512],[0.094011,0.27095,-0.0485954,-0.0337189,-0.0057246,0.130169,0.00506449,-0.00979576,0.00044834,0.0241212,0.225484,0.00660357,0.0585478,0.608005,0.0139529,-0.0163321,0.402981,-0.0106372,-0.0120301,-0.000135708],[0.551147,-0.0485954,4.28395,-0.0183017,-0.113918,-0.0731593,-0.023145,-0.0202267,0.0682859,0.0346977,0.0588744,0.0391772,0.622149,0.118269,-0.0303314,-0.0158508,0.526542,-0.107578,-0.0520567,0.0240802],[-0.0131563,-0.0337189,-0.0183017,0.171129,-0.0625128,0.0297855,-0.0155924,0.00510569,-0.0120304,-0.00267594,0.0553492,-0.00559932,0.0721208,-0.377155,-0.00708367,-0.0178718,0.112719,0.0963294,-0.0869683,-0.00197282],[0.537614,-0.0057246,-0.113918,-0.0625128,1.85156,0.694207,0.0641831,-0.0236967,0.0837029,0.0206857,0.664124,0.0889261,0.0134837,4.5925,0.0233446,-0.0578404,2.08931,0.686746,0.273185,0.0653447],[0.150903,0.130169,-0.0731593,0.0297855,0.694207,1.33376,0.018779,-0.0438557,0.0485426,0.0043473,0.699719,0.0364053,0.186399,1.31482,-0.00404397,-0.0602866,1.08595,0.490738,-0.0213638,0.0410772],[0.00907299,0.00506449,-0.023145,-0.0155924,0.0641831,0.018779,0.193511,-0.0038238,0.0118809,0.0421418,-0.0200639,0.00706219,-0.0996285,2.63902,0.0506313,0.0247744,0.402127,0.25439,0.60892,0.0102207],[-0.0249524,-0.00979576,-0.0202267,0.00510569,-0.0236967,-0.0438557,-0.0038238,0.0320163,-0.00388076,-0.00260647,-0.00298908,-0.00311175,-0.00502231,-0.217901,-0.00829039,-0.00537141,-0.0820443,-0.00260627,-0.0156142,-0.00472491],[0.0427161,0.00044834,0.0682859,-0.0120304,0.0837029,0.0485426,0.0118809,-0.00388076,0.0379239,0.0120203,0.123221,0.0288468,-0.0212279,0.91049,0.00679127,-0.00371301,0.344742,0.100701,0.0591093,0.0209887],[0.0344388,0.0241212,0.0346977,-0.00267594,0.0206857,0.0043473,0.0421418,-0.00260647,0.0120203,0.0514601,0.0737205,0.0114946,0.0324108,1.52803,0.0467908,0.0199769,0.462949,0.110097,0.153902,0.0103067],[0.479498,0.225484,0.0588744,0.0553492,0.664124,0.699719,-0.0200639,-0.00298908,0.123221,0.0737205,2.28144,0.11265,0.0125444,4.88243,0.0402602,-0.096556,2.59763,0.518782,0.0517266,0.0639791],[0.0505159,0.00660357,0.0391772,-0.00559932,0.0889261,0.0364053,0.00706219,-0.00311175,0.0288468,0.0114946,0.11265,0.0359778,0.0072705,0.947123,0.00809081,-0.0145596,0.433285,0.0656668,0.0345035,0.0209851],[0.197164,0.0585478,0.622149,0.0721208,0.0134837,0.186399,-0.0996285,-0.00502231,-0.0212279,0.0324108,0.0125444,0.0072705,1.3471,0.536458,0.00238393,-0.0651253,1.25406,0.00529991,-0.223746,0.00630759],[2.96442,0.608005,0.118269,-0.377155,4.5925,1.31482,2.63902,-0.217901,0.91049,1.52803,4.88243,0.947123,0.536458,161.321,1.66671,-0.504813,37.2853,8.99536,12.2656,0.844569],[0.026061,0.0139529,-0.0303314,-0.00708367,0.0233446,-0.00404397,0.0506313,-0.00829039,0.00679127,0.0467908,0.0402602,0.00809081,0.00238393,1.66671,0.0677528,0.0328433,0.464437,0.152333,0.186581,0.0131942],[-0.0440226,-0.0163321,-0.0158508,-0.0178718,-0.0578404,-0.0602866,0.0247744,-0.00537141,-0.00371301,0.0199769,-0.096556,-0.0145596,-0.0651253,-0.504813,0.0328433,0.073034,-0.554594,-0.0165035,0.0937272,-0.00541578],[1.47423,0.402981,0.526542,0.112719,2.08931,1.08595,0.402127,-0.0820443,0.344742,0.462949,2.59763,0.433285,1.25406,37.2853,0.464437,-0.554594,20.6598,3.32234,1.68971,0.371129],[0.252206,-0.0106372,-0.107578,0.0963294,0.686746,0.490738,0.25439,-0.00260627,0.100701,0.110097,0.518782,0.0656668,0.00529991,8.99536,0.152333,-0.0165035,3.32234,2.95321,0.808877,0.0808585],[0.135877,-0.0120301,-0.0520567,-0.0869683,0.273185,-0.0213638,0.60892,-0.0156142,0.0591093,0.153902,0.0517266,0.0345035,-0.223746,12.2656,0.186581,0.0937272,1.68971,0.808877,2.9053,0.0437002],[0.0302512,-0.000135708,0.0240802,-0.00197282,0.0653447,0.0410772,0.0102207,-0.00472491,0.0209887,0.0103067,0.0639791,0.0209851,0.00630759,0.844569,0.0131942,-0.00541578,0.371129,0.0808585,0.0437002,0.0228487]],"n":20,"lags":3}