{"betahat":[[0.0305297,0.0460366,0.063448,-0.0146641,0.00387041,-0.0150981,0.0109542,-0.00228113,0.00335047,0.00368166,-0.29396,-0.000557206,1.02011,0.205446,-0.00453872,-0.0100763,1.32656,2.20617,0.00225676,-0.0855749,-0.10547,0.01147],[0.0484526,0.0222882,0.299792,-0.0579344,0.225896,0.162595,-0.000743281,-0.00251098,0.0419231,0.00207699,0.27729,0.03857,0.0356985,0.176723,-0.0171234,-0.0099447,-0.0641985,-0.0751697,0.0292131,-0.0457103,-0.0309012,0.0243341],[0.282315,0.142199,0.482789,-0.0463715,0.373513,0.341211,0.0401141,-0.0483874,0.0177635,0.00823653,0.308442,0.0251112,-0.110736,1.67828,-0.0305619,-0.0442055,0.435959,0.266622,0.00778646,-0.0265445,0.281678,0.0511039],[0.00556476,-0.00320137,-0.0129139,0.00283332,0.0155,-0.0214452,-0.00124029,0.00484915,0.00412976,0.0029611,0.0136765,0.00738364,0.063615,-0.134086,-0.00696582,-0.00177769,-0.0468501,0.0110743,0.00455106,-0.024694,0.000360887,-0.00115971],[-0.0568943,-0.102088,-0.315464,0.0413743,-0.207006,-0.372112,-0.075126,-0.010116,0.0110896,0.00124326,0.138904,0.013969,0.244385,4.41346,0.0592503,0.022488,-0.212891,0.12593,0.00827251,0.425885,0.314634,0.0577071],[0.014616,-0.0199406,0.0684628,0.0012109,0.0858202,0.149544,0.00743874,0.00194622,0.0132253,-0.00305024,0.124647,0.00691275,-0.0318162,0.0110599,-0.00282677,0.00619767,-0.137156,-0.0378897,0.00864285,0.0183761,-0.0189139,-0.00717336],[0.0300054,-0.0260424,0.0607187,0.0120654,0.115435,0.1202,0.00818009,-0.0111666,0.00757723,-0.00318692,0.0729477,0.0036457,-0.120122,0.664653,0.00346953,0.012492,-0.246987,0.0649278,0.00384083,-0.0643663,0.0706431,0.00193779],[-0.028127,-0.257318,0.058262,0.0349174,0.0550431,-0.151502,0.0953824,0.03153,0.063107,0.0334251,-0.167865,0.057892,-0.43851,-2.68143,0.0399151,0.0232403,-0.125917,-0.276974,0.0542526,-0.153315,-0.706406,0.0757671],[-0.0329685,-0.0772556,-0.0546724,0.0370221,-0.259651,-0.345033,-0.150085,0.522034,-0.0705519,-0.0270662,0.279648,-0.0680183,-1.29614,3.92929,-0.0253825,-0.0446044,1.12035,1.51523,-0.0531664,0.784647,0.142732,-0.0852554],[0.00529907,-0.0306182,0.165603,-0.0130764,0.0697107,0.0530445,-0.0282553,-0.0227321,0.0451838,-0.0221728,0.208685,0.0450764,0.0195902,-0.290693,-0.0305667,-0.0104266,-0.958924,0.459423,0.0478396,-0.262688,-0.216952,-0.00849572],[0.0482913,-0.0243555,0.306504,0.0311556,0.0805842,0.220472,0.0129379,-0.0140831,0.0561491,0.0427011,0.10581,0.0488757,-0.12734,1.9386,0.029635,0.00454887,0.04743,0.184042,0.0434474,0.13902,-0.101876,0.0539426],[0.00621525,-0.000412117,0.0216473,0.00125592,0.0170219,0.0232209,-0.00259143,-0.00483921,0.0045748,0.000574951,0.288397,0.00451311,-0.0424705,0.43747,-0.000467026,-0.0015187,0.0237,-0.110437,0.00428781,0.0110705,-0.00745471,-0.00420288],[0.0247076,-0.043431,0.272773,-0.0353207,0.120146,0.0605047,-0.0401389,-0.0105171,0.0640534,-0.017576,0.501612,0.0597246,0.0598569,1.03027,-0.0277007,-0.0107837,-0.623711,0.499729,0.0624631,-0.126172,-0.211965,-0.00564061],[0.00656522,0.00610834,0.00776735,0.000104818,0.00631028,0.00839579,-0.0064776,-0.0109804,0.000249092,-0.000512239,-0.0474308,0.000134198,0.399525,-0.53955,-0.000314021,-0.000963845,0.424454,0.249097,-9.0928e-05,0.0388539,0.0107864,-0.00527672],[-0.000579006,0.000154016,-0.00144183,-0.000106533,0.00123062,0.0036387,0.000309432,0.000303211,0.000545564,0.000226536,0.00607737,0.000319083,-0.0148133,0.134495,0.000609131,0.000365201,-0.00959183,0.0123999,0.000434067,-0.00223665,0.00278766,0.000569317],[-0.00474492,0.0110753,-0.0377147,0.0192256,0.0396914,0.156549,-0.00555131,-0.0254425,0.0189595,0.0138782,-0.0207276,0.00589989,-0.163108,0.803933,0.0490072,0.0370705,-0.286936,-0.202783,0.00943067,-0.022759,-0.173619,0.0284841],[-0.047385,-0.0242235,-0.159556,0.0571235,-0.125291,-0.0808792,-0.00383633,-0.00896724,-0.0202875,0.000685599,-0.184486,-0.0219913,-0.1343,-1.559,0.0118815,0.0399145,-1.02362,0.0496696,-0.0188906,-0.144042,-0.17995,-0.0130439],[0.00235648,0.00173996,0.00472923,-0.000927286,0.00398714,0.0046259,-0.000913843,-0.00114293,0.000163958,0.000431274,-0.00267484,0.000147067,0.0556897,-0.0287036,0.000604596,-0.000862415,0.304276,0.0263418,8.02418e-05,0.0138079,0.00103289,0.00370423],[-0.00383667,-0.00204528,0.000741959,-0.000207474,-0.00474876,-0.00667312,0.00328078,0.00898039,0.000615732,-4.26399e-05,-0.0648222,0.000967188,0.111116,0.267593,-0.000500817,0.00058372,0.164496,0.503842,0.00101898,-0.0316251,0.00536644,-0.00222633],[-0.0230647,-0.0464055,0.159522,-0.01713,-0.000744624,-0.0183551,-0.059777,-0.00350529,0.0509445,-0.0254821,0.180131,0.0513348,0.0629958,-0.297368,-0.0324072,-0.00609194,-1.12226,0.724806,0.0571675,-0.284789,-0.344353,-0.0129601],[0.00887155,0.00386436,-0.0181745,0.0127634,0.053273,0.101782,-0.00718586,-0.00360722,0.000980179,-0.000416282,0.112626,0.00265046,0.186619,1.08901,0.0140344,-0.0125356,1.00612,-0.108751,0.00099288,0.139559,0.0660309,0.0189396],[0.00866729,0.00939947,-0.017942,-0.000111694,0.0464073,0.0707933,-0.000120734,-0.00726853,0.000547664,0.00133166,-0.042356,-0.00201079,-0.0715964,1.72954,0.00431441,0.00180563,-0.121333,0.0651656,-0.00209457,0.0337248,0.0900576,0.0240752],[0.0504035,-0.0277707,0.154342,0.0284172,0.186506,0.215515,0.00628362,-0.0654757,0.0942152,0.0293565,-1.1925,0.0903683,-2.15308,3.6378,0.038043,0.0121721,4.62878,0.226315,0.0791898,0.226579,0.34107,0.749446],[0.0120285,0.00790203,0.0709787,0.00131603,0.00806007,0.0338905,-0.00122304,-0.000296192,0.00679262,0.0037564,0.0865943,0.00668557,0.0008308,0.103851,-0.00401725,-0.00113344,0.0268585,0.0572976,0.005506,-0.00316802,0.00312956,9.75156e-05],[0.0130435,-0.00479361,0.0663458,-0.0128936,0.0748046,0.0814971,0.0234109,0.000922557,0.000481419,0.0065415,0.0786164,0.00323458,-0.150591,0.61251,-0.00310511,-0.000591844,-0.0905471,0.0314087,-0.000648549,-0.05692,0.118349,0.00822184],[-0.00440981,-0.00272728,0.00159934,0.000279152,-0.00784131,-0.00718316,-0.00330772,0.00142746,0.00225955,9.0695e-05,0.0172009,0.00247535,0.00792164,0.0940536,-0.00228838,-0.00247141,0.0397081,-0.014626,0.00212578,0.0431431,0.00700588,0.00110535],[-0.0267545,0.0308857,-0.17437,0.00420604,0.0125084,0.0683285,-0.0310985,-0.0243894,0.0041424,-0.00670229,-0.0562414,0.0012793,0.0826883,0.596691,0.0066341,-0.00350518,-0.224294,-0.0609589,0.00381265,0.0370097,-0.0275226,0.00768675],[0.00510201,0.00340164,0.0263025,-0.000450735,-0.0117371,-0.0136366,-4.55716e-05,-0.0031247,0.00250636,-0.000944192,0.00772175,0.000601993,0.0121501,-0.156223,-0.00239032,0.00227567,-0.0494003,0.0289907,0.00137974,-0.0636535,0.0112026,-0.00313075],[0.00149673,0.00177967,-0.0046656,-0.00329667,0.00208227,-0.0067434,0.00177917,-0.0048007,-0.000303036,-0.0012156,-0.0185352,-0.00225664,-0.0297721,-0.0249989,0.00101096,0.00704121,-0.180495,-0.0138198,-0.000703845,-0.0440647,0.0160795,-0.00100514],[-0.0150827,-0.0146756,0.140146,0.00547501,-0.0516998,-0.0316761,0.0134675,0.0121074,0.0260942,-0.000696883,-0.131752,0.026161,-0.0647555,-1.22372,-0.0106236,-0.0027365,-0.123865,-0.0258367,0.0216358,-0.0663803,-0.0634442,0.0259921],[0.00731495,0.0582683,-0.109953,-0.0156589,0.0654472,0.116925,-0.0266537,0.0910782,-0.0128769,-0.00801378,0.259185,-0.0100359,-0.425025,0.922325,-0.0027683,-0.00509922,0.61318,0.157999,-0.0115651,0.0444352,0.0449696,0.0113823],[-0.00389839,-0.0035687,-0.00153949,-0.00695219,-0.0236218,-0.0398702,-0.0150685,0.00358238,-0.000323756,-0.00919199,0.0669385,0.00150382,0.021587,0.0356314,-0.0103304,-0.00276474,-0.297425,0.120923,0.00174905,-0.0888574,-0.0585225,-0.0120815],[-0.00738307,-0.0040376,0.0196486,0.004445,-0.0115473,0.0154221,0.00118273,0.00693369,0.00354726,-0.0052856,-0.0795868,0.00684881,-0.0430739,0.277674,-0.00309708,-0.00701235,-0.139335,0.0612457,0.00403152,-0.00570518,-0.0473131,-3.52805e-05],[-0.00157884,-0.000794842,-0.0023978,0.000847436,-0.00232493,0.000496937,-0.000518524,-0.000979269,0.000382725,0.000154187,0.0594364,0.00028425,-0.0112547,0.109178,8.39244e-05,0.000656046,-0.0157513,-0.0300305,0.000386761,-0.000647271,-0.000982983,-0.00120726],[-0.00816919,-0.00455812,-0.00893752,-0.00498139,-0.0330248,-0.0231447,-0.0173117,0.00239241,-0.00048279,-0.00600424,-0.0121106,0.000855082,0.0475475,0.278008,-0.00653617,0.00161627,-0.195112,0.103626,0.00141138,-0.0618847,-0.00943455,-0.00784701],[0.00153795,0.00134671,0.00203549,0.000329975,0.00184393,0.00188559,-0.00143772,-0.00363172,-7.53484e-05,-0.000244109,-0.016803,0.000108337,0.0880213,-0.102823,-0.000376769,-0.00036404,0.0879066,0.0656725,-4.30229e-05,0.00521112,0.00224027,-0.000470707],[-3.47853e-05,7.24413e-05,-0.000265193,-4.41961e-05,0.000122832,0.000505134,3.66243e-05,4.1828e-05,6.45365e-05,-4.31963e-05,0.00138458,3.64491e-05,-0.00353901,0.0225534,4.26527e-05,0.000110386,-0.00477268,0.00347787,5.66412e-05,-0.00135237,-7.40154e-05,2.33437e-05],[0.00567382,0.00582155,-0.00456782,-0.00184779,0.0256945,0.0213305,-0.00411147,-0.010593,0.00195833,-0.00531456,-0.0309014,0.000986403,-0.0256684,-0.131907,-0.00267149,-1.49608e-05,-0.070232,0.00714941,0.000255044,-0.0139249,-0.0389733,0.00681167],[-0.0107766,-0.00647783,-0.0289559,-0.000552572,-0.0130785,-0.0235167,0.00582008,-0.00546398,0.00245242,-0.00137748,-0.0328994,0.00185795,-0.0659183,-0.210951,-0.00124851,-0.000967111,-0.0595219,-0.0314689,0.00144579,-0.00369502,-0.0272674,0.00983705],[8.58661e-05,0.000285233,-0.000674033,-6.11748e-05,-0.000573138,-0.000105708,-0.000194086,-0.000424374,-0.000296086,-0.000116102,-0.00311283,-0.00024593,0.0134948,-0.0202734,-1.6286e-05,8.69342e-05,0.0599952,0.0100108,-0.000266878,0.000631495,-0.000335184,0.000433186],[-0.000412101,-0.00107012,-0.00206693,0.000109148,0.00090322,0.00162079,0.00161302,0.00257419,0.000546839,0.000285252,-0.0117169,0.000335828,0.0198497,0.0755769,-2.46504e-05,0.000257556,0.0464269,0.124708,0.000479031,-0.00819173,-0.000368052,-0.000116062],[-0.00996982,-0.0114957,-0.0190916,-0.00398859,-0.0543705,-0.0827124,-0.0155689,0.00956393,-0.000128703,-0.00919618,0.0428771,0.00158322,0.0181758,0.303523,-0.00982906,-0.00388363,-0.247501,0.162501,0.00282885,-0.0560932,-0.0185551,-0.0147667],[0.0064061,0.00286631,-0.00846867,0.00144108,0.0179014,0.0213564,-0.00466177,-0.00411433,-2.91383e-05,-0.000662207,0.0225431,-0.000105819,0.0539264,0.107217,0.00333714,0.00127201,0.156134,-0.0665565,-0.000511,0.0129641,0.0169643,0.00404076],[-0.0065131,0.000737292,-0.005717,0.00335017,-0.00456416,0.00867408,0.00783315,-0.00143823,0.000296833,-0.000246185,-0.0479925,8.7052e-05,-0.0723663,0.295393,0.000801085,0.00323804,-0.107617,0.0174925,-0.000155428,-0.00403327,0.0595388,0.0090918],[-0.0157851,-0.00128158,-0.0813667,0.00322461,-0.0570719,-0.06083,-0.0301458,0.00354643,-0.0114132,-0.00664823,-0.438052,-0.0123474,-0.393047,-0.747441,-0.00798822,0.0101205,0.554655,0.268585,-0.00801989,-0.0814551,-0.0499099,0.101222],[-0.00752917,-0.00236053,-0.00698984,-0.000992977,-0.00134382,0.00307564,0.00152752,-0.00229467,0.00164255,0.000221791,0.0292217,0.00082031,-0.00999924,-0.0111451,-0.00121267,0.000977208,0.0153718,0.00458194,0.00137862,-0.00122781,0.0221394,-0.00077833],[0.00989989,-0.00337944,0.0600694,-0.000411159,0.0301209,0.0471014,0.0180011,0.000572552,0.00474611,0.00465138,0.0156914,0.00453449,-0.0229328,0.128352,-0.000639458,-0.00138801,0.0553129,0.00531317,0.00294803,0.0463942,0.0418587,0.00546765],[-0.000308961,-0.000896296,0.00554383,5.93306e-05,0.00148161,0.0026111,-0.00186856,0.00070244,0.000359132,-0.000346825,-0.00262765,0.00051334,0.00357375,0.0714992,-0.0004506,-0.000413718,0.00272048,0.0164682,0.000729689,0.00909799,0.00784317,-0.000641574],[0.0124525,0.0155205,-0.0378139,-0.00870633,-0.00858031,0.00151555,-0.00796388,-0.0145516,0.00173813,-0.00350932,-0.0246351,0.00234369,0.0123067,0.606667,0.00376726,-0.000902309,-0.0432108,0.104834,0.00144598,-0.0291455,0.000280955,0.00614972],[-0.00372482,-0.0028442,0.00479244,-0.00108312,-0.011941,-0.0188838,-0.00250869,-0.00104968,0.000362152,-0.00144799,-0.00535477,-0.000549402,-0.00569238,-0.183143,-0.00137384,0.00230981,-0.0771162,0.011954,0.000253457,-0.021302,-0.00154297,-0.00338646],[-0.00129846,-0.00116631,0.00206003,0.000758921,-0.00778117,-0.00992564,0.000735507,-0.00265547,0.0010304,-0.00113114,0.00517361,-0.000298585,-0.000941177,-0.0128793,-0.000630147,0.00140021,-0.037342,0.0260807,0.000560831,-0.0145175,0.00693365,-0.000406028],[0.0148986,-0.000334366,0.00670391,-0.000503424,0.00124906,-0.0417145,-0.0204829,-0.000220447,0.00814848,-0.00266098,-0.0531318,0.00968413,0.0590247,-0.399725,-0.01048,-0.00790568,-0.0246352,-0.00129417,0.00897996,-0.0407682,-0.0974614,0.00154303],[0.0471628,0.0258192,0.0404073,0.000759984,0.0620236,0.0677443,-0.000552285,0.0284638,-0.00507998,0.00381785,0.295225,-0.00536883,-0.156769,0.541472,0.006401,0.0037059,0.430586,-0.0355307,-0.00568581,0.0803869,0.0715281,0.0155664],[-0.00934423,-0.0107187,-0.0158832,0.000794884,-0.0205402,-0.0250343,-0.00476798,0.00501067,0.000321889,-0.00293748,-0.007548,0.0001968,-0.0284676,0.0807129,-0.00139306,-0.000670802,-0.0960583,0.0893408,0.0010723,-0.00797864,-0.0127245,-0.00217792],[0.0055135,0.00150464,-0.00653605,-0.00166239,0.0107641,0.00380972,-0.00398129,-0.00561047,0.000514253,-0.00275227,-0.0567795,0.00071343,0.0497905,0.0044528,-0.00179847,-0.00465191,0.063299,-0.0757319,0.000548278,0.0149806,-0.0065172,0.00264234],[-0.00145935,-0.000516502,-0.00234068,0.000251496,-0.00159665,-0.000953232,-0.000244915,-0.000570072,0.000164958,6.68415e-05,0.025376,0.000104171,-0.00245716,0.0647455,0.000218832,0.0002725,-0.0010491,-0.0120161,0.000176561,0.00298361,0.000132662,-0.000570245],[-0.00835503,-0.0041585,-0.00826914,-0.00277945,-0.0199448,-0.033707,-0.0122884,0.00313167,-0.00116395,-0.00530212,-0.00562111,-0.00154545,0.0429732,-0.0834438,-0.00461001,0.00153461,-0.113678,0.0706921,-0.000368396,-0.00834701,-0.0170774,-0.00961093],[-0.000107563,-0.000377111,0.00106194,0.000555911,-0.00123894,-0.000773075,0.000258958,-0.00167396,0.000134264,-7.5582e-05,-0.0118246,3.93644e-05,0.0364082,-0.0249326,-4.68151e-05,0.000121358,0.0302885,0.0356662,7.0603e-05,0.00154071,0.00552681,-0.000131382],[-2.25742e-05,5.39852e-05,-0.000280117,-8.2694e-05,-4.29959e-05,-8.90669e-05,1.53866e-05,-3.85623e-05,1.82604e-05,1.41317e-06,0.00062319,5.60712e-06,-0.00137958,0.00633583,2.81414e-05,6.57676e-05,-0.00208875,0.00113011,1.09196e-05,-0.000702764,1.2507e-05,2.87062e-05],[-0.00379004,0.00508982,-0.0148004,-0.00542871,-0.00379432,-0.00328953,-0.00130638,-0.00655407,0.00137804,-0.00132165,-0.0247972,0.00120808,-0.0295903,0.0538881,-0.000400204,-0.00309894,0.036257,0.00995044,0.00121947,-0.0215319,-0.0243502,0.00373385],[-0.00723306,-0.0078709,-0.0104697,0.0018916,-0.00474795,-0.00414342,0.00616913,-0.000482233,0.000975328,0.00161767,-0.0363367,0.000926092,-0.0217795,0.0476823,0.00117741,-0.00318006,0.00492088,-0.0269827,0.000949745,-0.0117528,0.00204292,0.00392339],[0.000175465,0.000309151,-0.000391424,-0.000174477,-0.000364484,-0.000577067,-0.000205692,-0.000228313,-0.000196258,-3.56356e-05,-0.0021709,-0.000168229,0.00517881,-0.0106679,-3.18481e-05,9.03288e-05,0.02289,0.00418533,-0.000182696,-0.000182624,0.000298642,0.000271757],[-0.000484087,-0.000770594,-0.000426202,0.000213025,0.000491839,0.000435025,0.000866196,0.00109467,0.000444283,0.000287021,-0.00466444,0.000354706,0.0102303,0.0335583,0.000242558,0.000145348,0.0246338,0.0557587,0.000439802,-0.00280248,-0.00191691,0.000371858],[-0.0127201,-0.00637642,-0.0372751,-0.0045469,-0.0100335,-0.0230884,-0.0087881,0.00779386,-0.000552006,-0.0028947,0.0536733,-0.00110199,0.0320121,0.0159492,-0.000493178,0.000705529,-0.0157012,0.0574367,0.000837822,0.0123999,-0.0347018,-0.0126643],[0.00323692,0.00291576,-0.00149546,-0.0005484,0.00353274,0.00775148,-0.00212718,-0.00257088,-0.000125599,-3.72144e-05,0.0147029,-0.000925986,0.00523266,0.0805313,0.00122612,0.00131928,0.0408165,-0.0231909,-0.000599664,0.00433274,0.0123642,0.00166335],[-0.0019563,-0.000338048,-0.00753933,-0.00084809,-0.00276743,-0.001762,-0.00053989,-0.00171164,0.00021471,7.9071e-05,-0.0104053,0.00012864,-0.0199499,0.0389471,-0.000201528,0.000959497,-0.0309961,0.00740766,8.54055e-05,-0.00984744,0.00248675,0.00316035],[-0.00794028,0.0087279,-0.0713937,-0.0109549,-0.0339936,-0.0536477,-0.0167135,0.0256538,-0.0127954,-0.000567257,-0.170926,-0.0126648,-0.237767,-0.405863,0.00157662,0.00285552,-0.107135,0.234226,-0.0113109,-0.103137,-0.0959393,0.0121442]],"sigmahat":[[0.720342,0.224851,1.14968,-0.0399901,1.09218,0.920496,0.0449164,-0.159037,0.0889208,0.0441874,1.3575,0.0882554,1.81338,5.29051,0.0148847,-0.0628629,5.29414,0.610971,0.0552125,0.351811,0.521712,0.110722],[0.224851,0.446912,-0.0617362,-0.0796814,0.143173,0.324772,-0.0703922,-0.0698933,-0.0443819,0.00578049,0.50672,-0.0399633,1.64385,2.87078,0.0149627,-0.0410326,3.01383,0.811762,-0.0496374,0.152435,0.384597,-0.0655309],[1.14968,-0.0617362,5.38369,-0.0210925,1.72694,1.8751,0.232851,-0.323518,0.344072,0.0965925,2.16592,0.307577,3.06116,5.47985,-0.0552221,-0.0718464,8.29853,1.98614,0.262014,-0.251552,0.794788,0.346502],[-0.0399901,-0.0796814,-0.0210925,0.159439,-0.153725,-0.0986163,0.0105455,0.0419664,-0.0188613,0.00968475,-0.0134197,-0.00988747,0.29568,-1.6225,-0.00711328,-0.0111982,-0.00915322,0.129632,-0.0110412,0.183391,-0.0604247,-0.0442931],[1.09218,0.143173,1.72694,-0.153725,3.52237,3.18219,0.231081,-0.430581,0.334139,0.0451251,2.67774,0.300873,2.33742,13.8195,0.0096785,-0.0715068,9.35977,1.31068,0.240756,0.575094,0.80484,0.467406],[0.920496,0.324772,1.8751,-0.0986163,3.18219,4.24398,0.208083,-0.527348,0.340546,0.0569477,3.2748,0.286948,2.92101,16.0513,0.01782,-0.0707645,10.0021,2.04553,0.237105,0.592212,1.01686,0.446605],[0.0449164,-0.0703922,0.232851,0.0105455,0.231081,0.208083,0.236672,-0.0431618,0.0360695,0.0381507,-0.414121,0.0311858,0.168472,1.27613,0.0276455,0.0253988,0.174212,1.17425,0.0242293,-0.145584,0.378089,0.0372078],[-0.159037,-0.0698933,-0.323518,0.0419664,-0.430581,-0.527348,-0.0431618,0.716528,-0.116757,-0.0191179,-1.11514,-0.0992768,0.0970237,4.03081,-0.0272057,-0.0434809,3.10926,7.42633,-0.0826054,0.341845,0.0538408,-0.215538],[0.0889208,-0.0443819,0.344072,-0.0188613,0.334139,0.340546,0.0360695,-0.116757,0.119964,0.0208072,0.126453,0.104783,-0.688649,3.00631,0.00987549,0.0119693,0.919783,0.208362,0.0973355,-0.186293,-0.0214128,0.267259],[0.0441874,0.00578049,0.0965925,0.00968475,0.0451251,0.0569477,0.0381507,-0.0191179,0.0208072,0.0474551,0.00483929,0.0184766,-0.0584,1.95025,0.0367452,0.0150188,0.862291,0.136636,0.0146823,0.0756516,0.121571,0.0700211],[1.3575,0.50672,2.16592,-0.0134197,2.67774,3.2748,-0.414121,-1.11514,0.126453,0.00483929,75.1773,0.13174,-96.1737,42.8178,-0.190521,-0.447002,-185.558,-215.537,0.0626934,4.64883,-3.88457,-3.38652],[0.0882554,-0.0399633,0.307577,-0.00988747,0.300873,0.286948,0.0311858,-0.0992768,0.104783,0.0184766,0.13174,0.0992378,-0.631383,2.57291,0.00753202,0.00132666,0.952165,0.0683329,0.0876287,-0.14884,-0.0288879,0.244571],[1.81338,1.64385,3.06116,0.29568,2.33742,2.92101,0.168472,0.0970237,-0.688649,-0.0584,-96.1737,-0.631383,482.02,-134.341,0.0567096,-0.562376,583.433,692.573,-0.666319,3.94333,10.44,-15.1226],[5.29051,2.87078,5.47985,-1.6225,13.8195,16.0513,1.27613,4.03081,3.00631,1.95025,42.8178,2.57291,-134.341,763.347,1.60367,-0.716356,-18.0424,15.667,2.26295,4.31541,25.6348,11.0825],[0.0148847,0.0149627,-0.0552221,-0.00711328,0.0096785,0.01782,0.0276455,-0.0272057,0.00987549,0.0367452,-0.190521,0.00753202,0.0567096,1.60367,0.0525946,0.0254214,1.14655,0.203611,0.00546841,0.15977,0.0869157,0.0684463],[-0.0628629,-0.0410326,-0.0718464,-0.0111982,-0.0715068,-0.0707645,0.0253988,-0.0434809,0.0119693,0.0150188,-0.447002,0.00132666,-0.562376,-0.716356,0.0254214,0.0756537,-1.42413,0.162795,0.00762535,-0.275212,-0.0455212,0.0718944],[5.29414,3.01383,8.29853,-0.00915322,9.35977,10.0021,0.174212,3.10926,0.919783,0.862291,-185.558,0.952165,583.433,-18.0424,1.14655,-1.42413,1150.54,1005.89,0.701583,16.7362,24.8702,3.15853],[0.610971,0.811762,1.98614,0.129632,1.31068,2.04553,1.17425,7.42633,0.208362,0.136636,-215.537,0.0683329,692.573,15.667,0.203611,0.162795,1005.89,1284.48,0.219224,-10.022,20.026,-10.1732],[0.0552125,-0.0496374,0.262014,-0.0110412,0.240756,0.237105,0.0242293,-0.0826054,0.0973355,0.0146823,0.0626934,0.0876287,-0.666319,2.26295,0.00546841,0.00762535,0.701583,0.219224,0.0825507,-0.171379,-0.0607911,0.220703],[0.351811,0.152435,-0.251552,0.183391,0.575094,0.592212,-0.145584,0.341845,-0.186293,0.0756516,4.64883,-0.14884,3.94333,4.31541,0.15977,-0.275212,16.7362,-10.022,-0.171379,7.5255,1.62321,-0.408715],[0.521712,0.384597,0.794788,-0.0604247,0.80484,1.01686,0.378089,0.0538408,-0.0214128,0.121571,-3.88457,-0.0288879,10.44,25.6348,0.0869157,-0.0455212,24.8702,20.026,-0.0607911,1.62321,6.08514,0.283301],[0.110722,-0.0655309,0.346502,-0.0442931,0.467406,0.446605,0.0372078,-0.215538,0.267259,0.0700211,-3.38652,0.244571,-15.1226,11.0825,0.0684463,0.0718944,3.15853,-10.1732,0.220703,-0.408715,0.283301,2.32939]],"n":22,"lags":3}