{"betahat":[[-0.296123,0.067077,0.40121,0.0830872,-1.11093,-0.614525,0.00888066,0.238487,-0.0872058,-0.00535994,-1.26929,3.9399,-0.0832319,0.00659989,-1.61447,-0.500073,0.611452,-0.183468],[0.69528,-0.0707266,0.0697954,-0.0699127,0.0744478,0.0420052,-0.0305721,0.0160489,0.050377,-0.0212352,-0.0575166,-0.466788,-0.010145,0.0150116,-0.651792,0.0425038,-0.170637,0.0428125],[0.343072,0.988881,0.526347,0.00996109,0.23706,0.132431,0.0348231,-0.103523,0.0218527,-0.0162663,0.053122,0.649969,-0.0301539,-0.0254387,0.157381,0.353251,0.0583515,0.0132188],[-0.0230841,0.0118236,0.550847,0.0343875,-0.0124036,-0.00791073,0.00464996,-0.0024996,-0.000940917,0.00883218,-0.0182857,-0.1865,0.00926679,0.00608519,0.00375463,0.00938722,-0.0411473,0.00631478],[0.0324557,0.252491,0.167943,0.778863,-0.283888,-0.298006,-0.10026,-0.0585213,0.0187526,-0.0337791,-0.198027,-0.576697,0.036392,0.063674,-0.433097,0.763542,-0.307126,0.0786388],[0.0112908,0.013665,0.101401,0.0081928,0.811966,0.135497,-0.0181111,0.00314038,0.0114236,-0.00027776,0.169954,-0.560928,-0.0101968,0.000614415,-0.0206361,0.0612067,-0.128369,-0.00448321],[0.0314865,-0.00512015,0.0577322,0.0402825,0.137686,0.959412,0.0357579,-0.00811594,0.00907912,-0.000524575,-0.071106,0.240571,-0.00292435,0.00788047,0.0516324,0.0711733,0.0768255,0.00458985],[-0.132355,-0.221498,-1.0662,-0.0199317,-0.0893869,-0.238474,1.11521,0.0196419,0.0833099,0.0685194,0.31324,-0.628581,0.0761519,0.0406352,-0.391306,-0.0665838,-0.422443,0.0590347],[0.186995,-0.0267218,0.423979,0.14725,-0.312814,-0.165787,-0.105436,0.870737,-0.0480542,-0.0693259,0.361812,0.826742,-0.0902952,-0.138234,1.15472,1.92541,-0.264782,-0.040329],[-0.235886,-0.28558,0.155552,-0.110858,-0.23064,-0.833832,-0.0770558,0.0127467,1.06917,-0.127542,-0.535276,-1.10221,-0.114513,-0.0166965,-1.73709,-0.915099,0.00217927,0.0238576],[0.167,-0.0399339,1.44619,0.208334,-0.160195,0.539746,0.229574,-0.152331,0.362105,1.25125,0.982664,13.7834,0.152073,0.0206434,3.19036,1.08963,1.39534,0.209686],[0.0174558,-0.067559,0.217031,0.00396528,0.106436,0.0810953,-0.0123791,-0.00805289,0.00273478,-0.0146658,1.06952,-0.699194,-0.0267285,-0.0214695,0.102717,-0.0300974,0.0549476,-0.0139653],[-0.015309,-0.00535807,-0.0270739,-0.0036142,-0.000629804,0.0212235,0.00555973,-4.65556e-05,0.00258929,-0.0014847,-0.00631757,1.0241,0.000389441,0.0035237,-0.0669101,-0.00210059,0.00233648,0.000384234],[0.129607,-0.0748658,0.34893,0.120623,0.0328476,0.0803505,-0.20592,0.0958862,-0.0522874,-0.115941,-0.0916513,-8.16698,0.970153,0.0243869,-0.372817,-0.343007,-0.668993,0.0531155],[0.0545394,0.137865,-0.49686,0.248981,-0.117001,0.111171,-0.0769592,0.0206553,-0.220107,-0.00214844,-0.658766,-8.65338,-0.0530598,0.992031,-2.85363,-0.703357,-0.638926,-0.178854],[0.0367204,0.0261212,0.0269185,-0.00929839,0.0697456,0.0528597,-0.00870556,-0.000350161,0.00393549,0.0116931,0.0188981,0.175227,0.0141397,0.00295764,1.20124,0.0756338,0.0103697,0.00796398],[0.00100282,0.0743968,0.0642904,-0.0130679,-0.017756,0.232449,0.00992594,-0.0294275,-0.00598649,-0.00767581,0.0414385,0.356841,-0.011837,-0.0273411,0.231467,0.37308,0.0220022,-0.00147523],[0.0567033,0.0605255,0.114504,-0.00561552,0.188253,0.158139,0.0156286,-0.0222182,0.00789386,-0.011707,-0.0402582,0.256589,-0.0115933,-0.00577296,-0.0767233,0.141776,0.361506,0.00858944],[0.220064,-0.226501,0.714428,-0.00102543,1.12719,0.696593,-0.204462,-0.0700781,0.181044,-0.071981,-0.283991,-3.20269,-0.0757678,-0.0602936,0.643499,0.342203,-0.699586,1.11392],[0.305074,0.0796992,0.21663,0.0600986,0.0118247,0.073164,0.00653614,-0.0141035,-0.0168487,0.0342359,0.246198,0.585024,0.0101822,-0.0117497,0.819411,-0.00492307,0.0815396,-0.0181156],[-0.306096,-0.0455082,-0.567556,0.00163697,-0.0599715,0.0679955,0.00668321,0.0488861,-0.0128857,0.0269661,0.187642,1.17046,0.0401177,0.0315671,0.0891295,-0.344354,0.248357,-0.00236389],[-0.00234261,-0.0221813,0.285766,-0.019302,-0.00740119,0.010582,-0.0105582,0.0005826,0.00961577,-0.00676554,0.0644417,0.341855,-0.00833094,-0.0126724,0.257298,0.0265858,0.0207315,0.00159588],[-0.175696,-0.0882435,-0.629698,0.241901,0.29922,0.426339,0.0824506,0.0182722,-0.0338841,0.0114914,-0.0864757,-0.528852,-0.00762668,-0.0473029,-0.184457,-0.363697,0.216665,-0.0625852],[0.03617,0.0269259,-0.0377908,-0.00649225,0.137447,-0.0990016,0.0108084,-0.0111567,0.00200528,0.00889775,-0.0436805,0.729556,0.0124143,-0.00162827,0.209444,-0.00353488,0.116919,0.00941884],[-0.0176049,0.00945957,-0.0649077,-0.0473001,-0.077874,0.0248132,-0.00727832,-0.00295126,-0.0122961,0.00105183,0.034457,-0.361575,0.0055169,0.0135574,-0.310337,-0.0908038,0.0406977,-0.0087931],[0.0701945,0.155163,0.926026,0.00852836,-0.0356978,0.19497,0.0315377,-0.0201922,-0.0176032,-0.030355,-0.381969,0.462024,-0.0358048,-0.00587379,0.220607,-0.0412655,0.713762,-0.00224774],[-0.21514,0.281805,-1.55295,-0.197406,0.510447,0.313839,0.0587,0.121733,-0.0144211,-0.00360134,-0.229955,0.503613,0.0407108,0.0781373,-0.461834,-1.23947,0.33936,0.0103739],[0.0112322,0.168861,-0.410348,0.0288089,-0.389492,0.094415,-0.0245878,0.0261696,-0.0762373,0.0381871,0.189499,0.947991,0.0139151,0.0208053,0.343877,0.19366,-0.0492504,-0.00751478],[-0.186101,0.151145,-0.93993,-0.191065,-0.165118,-0.395102,-0.14098,0.177663,-0.280406,-0.244982,-1.17004,-8.00083,-0.155526,-0.116246,-2.47646,-0.936669,-1.31119,-0.159796],[-0.0107487,0.0568405,-0.15059,0.00911966,-0.113793,-0.106046,-0.00911884,0.00464203,-0.00843899,0.01506,-0.0138126,0.523223,0.0116009,0.0198265,-0.160668,-0.0372357,-0.0950532,0.000455904],[0.00470895,-0.00127431,0.012934,0.00179976,-0.00787942,-0.0237209,-0.00735474,0.000947935,-0.00348428,-0.000801066,0.00256236,-0.111287,-0.000702791,-0.000689867,-0.000757926,-0.00306984,-0.0123262,-0.00219696],[0.0600321,0.00352823,-0.0999061,-0.123233,0.517414,0.185726,0.163332,-0.0533387,-0.0166752,-0.00817464,-0.0428063,0.906066,-0.0703862,-0.07991,-0.150687,0.12872,0.248948,-0.0662758],[-0.00843128,-0.229568,0.748749,-0.151788,0.331511,-0.116451,0.113762,-0.00126376,0.23747,0.00649574,0.540741,6.79107,0.00522878,-0.00992334,2.51716,0.790533,0.658381,0.193723],[-0.0232403,-0.0110556,-0.0150384,0.00758395,-0.0631941,-0.041594,-0.00106944,-0.000283152,-0.00676761,-0.01263,-0.0151401,-0.26743,-0.0132852,0.000567212,-0.231745,-0.0647075,-0.033405,-0.00861369],[0.0562169,-0.0319983,-0.00304924,-0.00649631,0.0776374,-0.0487078,-0.000487824,-0.00851099,-0.00721119,0.0136461,-0.0695189,0.21293,0.0187665,0.0219596,-0.00424772,0.0839165,0.0877591,0.00623604],[-0.039586,0.0081902,-0.039517,0.0188347,-0.0752279,-0.0469875,0.0965265,-0.00326879,0.00965334,0.0208242,-0.0826808,-0.0247611,0.0253147,0.0267992,-0.096733,0.00114757,0.349482,0.0220324],[-0.135968,0.230178,-0.35989,-0.0184112,-0.933086,-0.443686,0.268983,-0.0218309,-0.12004,0.0797162,-0.0949678,3.23376,0.0812383,0.152263,-0.51204,0.104646,0.941375,-0.0703087],[-0.000368604,-0.00897422,-0.286466,0.00982101,-0.0862536,-0.11517,0.0240444,-0.00193839,-0.033533,-0.0130047,-0.188691,-0.118316,-4.1672e-05,-0.00326464,-0.167596,-0.0375867,0.0891137,-0.0246991],[-0.0369841,0.0566195,0.0411612,-0.0115889,-0.17705,-0.200431,-0.0414963,0.0546445,-0.0089737,-0.0107065,-0.240772,-1.82051,-0.00996865,-0.00613282,-0.246469,-0.00891376,-0.306692,-0.0108584],[0.02539,0.0103589,0.163249,-0.0150794,0.0198335,-0.00267393,0.00593341,0.00193105,-0.00868503,-0.00207318,-0.0461982,-0.155317,-0.000942204,0.00658465,-0.261052,-0.0359862,0.0204796,-0.00791685],[0.143234,-0.164246,0.461707,-0.0207555,-0.0153061,-0.128337,0.0178125,0.0402541,0.0151251,0.0222821,0.284491,1.10543,-0.0287688,-0.0163745,0.617588,-0.399847,0.0904573,-0.0160563],[-0.0474732,-0.0405971,-0.0636405,-0.00168864,0.0506165,-0.036514,0.00732581,0.00803013,-0.013438,-0.00862357,-0.126286,-0.168699,-0.00222206,0.00100789,-0.188674,-0.0576882,0.0115064,-0.00493958],[-0.0138959,-0.00435563,0.00711341,0.00703025,-0.059756,0.0157385,-0.0284514,0.0110821,0.00320468,-0.000536678,0.0366076,0.12095,-0.00259868,-0.0214448,0.258818,0.0195982,-0.117459,0.00419674],[0.0622863,0.0662651,0.140246,0.0114222,0.125433,0.0435366,-0.146648,0.000589823,-0.0656945,-0.038139,0.0691732,0.169249,-0.0403039,-0.0348097,0.172514,0.107947,-0.291101,-0.0567711],[0.0962631,-0.210147,1.18975,0.0742287,-0.108623,-0.0478402,0.0624312,-0.0029115,0.0569686,0.0840983,0.0274584,-1.02943,0.067558,0.0535378,-0.265675,-0.610486,0.0211817,0.0331443],[-0.0379871,0.0275974,-0.170532,0.079417,0.169717,0.443773,0.064223,-0.00641768,-0.0533308,0.0646615,0.324507,-0.864226,0.0811755,0.0331382,0.711345,0.316253,0.0428776,-0.0426318],[0.109159,-0.030319,-0.339043,0.00705101,0.374968,0.00641712,-0.116881,-0.0533193,-0.0411622,-0.0155805,0.253715,-4.93997,-0.0014906,0.0768402,-0.711723,-0.0168314,-0.107474,-0.0267955],[-0.00682991,0.0106654,-0.0664432,-0.0130423,0.00711312,0.0250153,0.021366,0.00334324,0.00574524,-0.000410213,-0.056068,0.174236,0.0151025,0.00166969,0.0574839,0.0675578,0.0397156,0.0135373],[0.0103286,0.00639052,0.0137149,0.00168635,0.0085624,0.00253245,0.00168919,-0.000943588,0.000854715,0.00206993,0.00332316,0.0728614,0.000219187,-0.00269604,0.0645497,0.00435617,0.00946841,0.00179201],[-0.0685458,0.090733,-0.113213,0.00543741,-0.288498,-0.15525,0.0366452,-0.0377201,0.0901502,0.116504,0.226396,7.11488,0.0783814,0.0222178,0.99815,0.336147,0.365994,0.0242476],[-0.0151448,0.0918374,-0.235217,-0.076475,-0.20594,-0.00932331,-0.0584429,-0.0163917,-0.0197034,-0.0127596,0.157388,1.69751,0.0355677,-0.0142681,0.35407,-0.117908,-0.149336,-0.0232215],[-0.0135549,-0.0152097,-0.0116642,0.00169235,-0.0060972,-0.0113301,0.0100382,0.000728469,0.00271329,0.000882384,-0.00461664,0.0901868,-0.000881257,-0.00342342,0.030227,-0.0113085,0.0238308,0.000591063],[-0.0157333,0.0120732,0.148925,-0.00672545,-0.0576804,-0.0239503,0.0049211,-0.0080059,0.00929856,0.00325942,-0.0401946,0.165802,-0.00150315,0.0110989,-0.189324,0.127298,0.0346496,0.00447365],[-0.0313592,-0.0470888,-0.0836665,-0.0178912,-0.0412672,-0.0541018,-0.0221194,0.00123558,0.0107142,0.016318,0.0454677,-0.0559916,0.0110633,-0.00021611,0.153981,-0.00789819,-0.0519042,0.00655755],[-0.0583178,0.0186925,-0.281601,0.0213735,-0.152341,-0.238915,-0.0231033,0.0994975,-0.0778499,0.0151359,0.355056,-0.0398713,0.00634676,-0.0622272,-0.157665,-0.368732,-0.254202,-0.0698859]],"sigmahat":[[0.601115,0.107807,0.588467,-0.0135911,0.576485,0.163794,0.0183041,-0.0293197,0.0519166,0.0392602,0.550401,3.309,0.0291833,-0.0475821,1.62158,0.302188,0.177388,0.0370373],[0.107807,0.336874,-0.137164,-0.0225176,-0.0193519,0.165637,0.0233181,-0.0254539,-0.00412371,0.0274711,0.123253,0.900264,0.0311768,-0.000439498,0.352487,0.326877,0.0423923,0.00514624],[0.588467,-0.137164,4.4211,0.0163294,-0.0116804,-0.00213064,-0.0126364,-0.0071718,0.0685461,0.0406291,0.312383,0.715035,-0.0279598,-0.0352684,0.910652,-0.107262,-0.0736182,0.0396088],[-0.0135911,-0.0225176,0.0163294,0.172491,-0.0756281,0.0212868,-0.0287209,0.00780436,-0.0159607,-0.00527889,0.0749269,-0.803018,-0.0180114,-0.0247263,0.0658169,-0.10085,-0.133697,-0.00926868],[0.576485,-0.0193519,-0.0116804,-0.0756281,2.01067,0.714878,0.085505,-0.000142137,0.106649,0.0325576,0.830096,4.67936,0.0176431,-0.0653782,2.35835,0.53674,0.408904,0.0732829],[0.163794,0.165637,-0.00213064,0.0212868,0.714878,1.32429,-0.00335244,-0.024323,0.0518704,0.0173336,0.798513,0.156692,-0.0131974,-0.0465196,0.846728,0.295246,-0.0191542,0.0301935],[0.0183041,0.0233181,-0.0126364,-0.0287209,0.085505,-0.00335244,0.196079,-0.00189183,0.0151474,0.0437759,-0.00325786,2.36512,0.0458049,0.0229138,0.425274,0.0817023,0.63777,0.0112106],[-0.0293197,-0.0254539,-0.0071718,0.00780436,-0.000142137,-0.024323,-0.00189183,0.0487752,-0.00592964,0.00013352,0.0565213,-0.229325,-0.0125257,-0.012226,0.013222,-0.130506,0.00370906,-0.0063676],[0.0519166,-0.00412371,0.0685461,-0.0159607,0.106649,0.0518704,0.0151474,-0.00592964,0.0462268,0.0150516,0.150099,1.09879,0.011134,-0.00169905,0.417743,0.134291,0.0787451,0.0296305],[0.0392602,0.0274711,0.0406291,-0.00527889,0.0325576,0.0173336,0.0437759,0.00013352,0.0150516,0.0563359,0.105886,1.55847,0.048682,0.0209668,0.504226,0.0649896,0.165674,0.015279],[0.550401,0.123253,0.312383,0.0749269,0.830096,0.798513,-0.00325786,0.0565213,0.150099,0.105886,2.72662,5.52347,0.0474532,-0.0986321,3.06819,0.373025,0.246126,0.0803852],[3.309,0.900264,0.715035,-0.803018,4.67936,0.156692,2.36512,-0.229325,1.09879,1.55847,5.52347,141.62,1.42444,-0.487245,34.9562,4.83011,11.9856,0.899648],[0.0291833,0.0311768,-0.0279598,-0.0180114,0.0176431,-0.0131974,0.0458049,-0.0125257,0.011134,0.048682,0.0474532,1.42444,0.067852,0.036471,0.41318,0.101788,0.175336,0.0181366],[-0.0475821,-0.000439498,-0.0352684,-0.0247263,-0.0653782,-0.0465196,0.0229138,-0.012226,-0.00169905,0.0209668,-0.0986321,-0.487245,0.036471,0.079008,-0.612739,0.00262137,0.0806611,0.00140363],[1.62158,0.352487,0.910652,0.0658169,2.35835,0.846728,0.425274,0.013222,0.417743,0.504226,3.06819,34.9562,0.41318,-0.612739,22.046,2.25815,2.03671,0.38158],[0.302188,0.326877,-0.107262,-0.10085,0.53674,0.295246,0.0817023,-0.130506,0.134291,0.0649896,0.373025,4.83011,0.101788,0.00262137,2.25815,2.28791,0.243357,0.0973092],[0.177388,0.0423923,-0.0736182,-0.133697,0.408904,-0.0191542,0.63777,0.00370906,0.0787451,0.165674,0.246126,11.9856,0.175336,0.0806611,2.03671,0.243357,3.17966,0.0609341],[0.0370373,0.00514624,0.0396088,-0.00926868,0.0732829,0.0301935,0.0112106,-0.0063676,0.0296305,0.015279,0.0803852,0.899648,0.0181366,0.00140363,0.38158,0.0973092,0.0609341,0.0305896]],"n":18,"lags":3}