{"betahat":[[0.471782,0.0619315,1.89945,0.333074,-0.582735,-0.139901,-0.107092,0.0211266,0.0719608,0.0718081,-1.25968,0.169596,3.16065,6.79982,0.0327153,0.00254947,2.31124,8.6587,0.0644046,0.592514,0.531214,-0.0115942],[0.672621,-0.050202,0.183507,-0.0823331,0.0391125,-0.0554308,-0.0465425,0.0296131,0.047326,-0.0288437,-0.12302,0.0344334,-0.0396871,-0.971133,-0.0316234,0.0069139,-0.80981,-0.49791,0.02843,-0.201945,-0.223157,0.0257486],[0.345942,0.896431,0.431544,0.0159732,0.347297,0.238277,0.0585092,-0.0773622,0.0319389,-0.0221727,0.254954,0.0411386,0.0333567,1.5144,-0.0369743,-0.0575248,0.679771,0.353156,0.0266631,0.166381,0.152214,0.0318679],[-0.0288944,0.00336096,0.565154,0.0259338,-0.0125625,-0.046174,-0.00463216,0.000152095,-0.00281628,0.00669404,-0.0449252,0.00408516,0.0346698,-0.7486,0.000779483,0.00648436,-0.124743,-0.0582666,-0.00120732,-0.158553,-0.0739244,-0.000740564],[-0.00535486,0.0917593,0.339356,0.840657,-0.359309,-0.520829,-0.0813214,0.0189387,0.0171227,-0.0301877,-0.0255923,0.00789052,0.0529015,0.618757,0.00430922,0.0289906,-0.186963,-0.448998,0.0161073,0.558874,-0.151395,0.0285078],[0.00380907,-0.0158125,0.0704512,0.0119,0.811487,0.178866,0.00113795,0.00120305,0.00828646,0.00525854,0.173135,0.00170293,-0.000530065,-0.00550901,-0.00101549,-0.00386504,0.083064,-0.436201,0.00171293,0.195041,-0.0969248,0.00145192],[0.0598859,-0.0435804,0.0609379,0.0540153,0.171181,0.925155,0.0455823,-0.00822077,0.0105511,0.00274688,-0.0367645,0.0090894,-0.0577144,0.933394,0.00579921,0.00959016,0.264178,-0.0273179,0.00381001,0.138543,0.146889,0.0147677],[-0.0965829,-0.168395,-0.955423,-0.0158284,-0.0297571,-0.127004,1.1303,0.0502658,0.0831568,0.105687,0.365441,0.0759246,-0.323534,0.108365,0.10708,0.0691446,-0.212926,-0.622842,0.0681575,-0.0255412,-0.272643,0.0743656],[0.261259,-0.171089,0.580113,0.105658,-0.46041,-0.680798,-0.226601,0.857026,-0.0222555,-0.0574435,0.692806,-0.0378375,-0.381159,-1.56339,-0.166729,-0.19257,0.291746,-2.08655,-0.00818929,0.6469,-0.632677,-0.0675189],[-0.142219,-0.037383,0.0647866,-0.0563739,0.004901,-0.276972,-0.0575874,-0.0244668,1.00635,-0.107176,-0.426122,0.0686249,-0.324246,-4.31446,-0.1423,-0.0494897,-2.18972,1.15255,0.0806861,-1.29737,-0.0946936,-0.0375907],[0.00796415,-0.110365,1.28605,0.0632572,-0.205423,0.380903,0.2241,-0.154002,0.3305,1.21568,0.597281,0.275412,-0.730923,13.7033,0.0873412,-0.0606099,2.82756,0.11401,0.24025,-0.24278,1.16498,0.178207],[0.015855,-0.0482031,0.193643,0.000528947,0.0931901,0.126289,-0.0120089,-0.0146532,0.00215225,-0.0158999,1.09357,0.0062662,-0.0619065,-0.881361,-0.0309239,-0.0196133,-0.0181993,-0.00191195,0.00563727,-0.0844109,0.0583611,-0.0118663],[0.0130916,-0.187534,0.319172,-0.155679,0.236309,0.167313,-0.0289214,-0.0476555,0.199066,0.0534893,0.587961,1.08663,-0.299745,4.60258,0.0679249,0.0917679,1.30778,0.167038,0.155075,0.694334,0.0131073,0.153297],[0.0378234,0.097806,-0.000804051,-0.0101963,0.031415,0.166077,0.0148378,-0.00835017,0.0178736,0.027289,0.119887,0.0089557,1.15595,0.275748,0.0227178,0.0252063,-0.0485886,0.203753,0.00834595,0.116001,0.108618,0.0186957],[-0.0134657,-0.00419915,-0.0264351,-0.0013768,-0.000905678,0.0174717,0.00534912,0.00044135,0.0016984,-0.00129896,-0.00895286,-0.0008354,-0.0321772,0.962187,0.00039733,0.00436572,-0.0699433,0.0561462,0.0012339,0.00422608,0.00265777,-0.000364955],[0.177667,-0.0458028,0.285225,0.145354,0.0573309,0.104566,-0.196931,0.0776172,-0.0493088,-0.111926,-0.272585,-0.0741576,0.137285,-7.49959,1.00383,0.0506865,-0.328961,-1.85173,-0.0602568,0.480255,-0.550512,0.0531691],[0.141502,0.136955,-0.272864,0.307276,-0.0639319,0.0880507,-0.0562901,0.0254188,-0.153076,0.0145924,-0.318817,-0.098674,0.504226,-7.83137,-0.0496145,1.01497,-2.58614,-0.333254,-0.128363,-0.181738,-0.478715,-0.145712],[0.036599,0.0158174,0.0498072,-0.00726949,0.0707486,0.0569515,-0.00844799,0.00248702,0.00339645,0.010551,0.0258208,0.00452715,0.0556303,0.07703,0.0108768,0.000906886,1.18263,-0.159821,0.00276771,0.0515526,0.00721589,0.00594301],[-0.0231484,-0.0138661,-0.00510506,-0.0207236,-0.0168864,-0.0578824,0.0141212,0.00160769,-0.00783466,-0.000717231,-0.120161,-0.00413943,0.0127094,0.146741,0.000699987,0.00058004,-0.0856252,0.865548,-0.00633746,-0.0326252,0.0396821,-0.00565267],[-0.207388,-0.0514204,-0.0198228,-0.0574457,-0.504173,-0.53965,-0.199982,0.000539898,-0.00383906,-0.112597,-0.209645,0.0183783,-0.118962,-3.25658,-0.0692908,-0.0246916,-1.56506,0.398278,1.05063,-0.984052,-0.654925,-0.0128699],[0.00634031,0.0769408,-0.0310335,0.0136719,-0.0520824,-0.00334263,0.0199093,-0.0243803,-0.00902293,-0.00581986,-0.0518748,-0.00151973,0.12113,1.60727,0.00672264,-0.0262134,0.610643,0.307595,-0.00551629,0.721489,0.127551,-0.00337018],[0.0666915,0.0340073,0.142662,-0.0052186,0.186645,0.150659,0.00540311,-0.0240988,0.0148176,-0.0110379,0.0478569,0.0176695,0.0987059,0.414623,-0.0138,-0.0126693,-0.00556406,0.0840041,0.0132536,0.100016,0.348697,0.0171196],[0.165902,-0.286635,0.528866,0.0347229,1.26357,0.787487,0.0283029,-0.0179187,0.172313,-0.0280777,-0.447623,0.180388,-0.226324,-2.8299,-0.00900941,0.0260684,0.485898,-0.425658,0.151798,1.08053,0.000433355,1.14188],[0.315414,0.0537263,0.135199,0.0561922,0.0262269,0.106662,0.0266101,-0.0201656,-0.0154319,0.037312,0.25156,-0.00674499,0.0529651,0.78622,0.0198942,-0.00995773,0.879422,0.431906,-0.00541544,0.113118,0.155808,-0.0095876],[-0.278926,0.0176186,-0.482687,-0.0173417,-0.10041,-0.00417641,-0.0265144,0.0289515,-0.0173445,0.0308266,0.0885583,-0.0186128,0.0933006,0.525754,0.043864,0.0534382,-0.255454,0.122507,-0.0127151,-0.388226,0.172785,-0.0106576],[0.000776895,-0.0153174,0.267204,-0.012048,-0.011736,0.0304278,-0.00188073,-0.00443235,0.00902228,-0.00576615,0.0762747,0.00225062,-0.0217019,0.644092,-0.00318757,-0.0147269,0.346324,0.0111512,0.00548101,0.144924,0.0491745,0.00434568],[-0.140545,0.0252669,-0.727852,0.211454,0.365122,0.685959,0.0769158,-0.0203229,-0.0262003,0.0115663,-0.0505093,-0.0284052,-0.171579,-1.36614,0.00104295,-0.0492227,-0.168315,-0.907601,-0.0182232,-0.140195,0.0857211,-0.0263183],[0.0428229,0.0300112,0.0219993,-0.0146226,0.153822,-0.142124,-0.000377137,-0.00556088,0.00303626,0.00487266,-0.0492447,0.00395538,0.0120742,0.771819,0.0087497,-0.00085081,0.233344,0.332177,0.00376268,-0.112733,0.121893,0.00695804],[-0.0313268,0.0469647,-0.0413848,-0.0563963,-0.0978482,0.0618412,-0.00947894,-0.00357619,-0.0105379,0.00198064,0.0292813,-0.0141709,-0.00964439,-0.578128,0.00319002,0.0128849,-0.383457,-0.118734,-0.00618909,-0.0842864,0.0168209,-0.0134344],[0.00375941,0.142872,0.897631,0.00904112,-0.152798,0.110876,-0.00811815,-0.0298466,-0.0287904,-0.0574628,-0.43062,-0.0289607,-0.013715,-1.51029,-0.0755609,-0.0225706,-0.261642,0.531854,-0.0276349,-0.150779,0.464465,-0.0335317],[-0.301624,0.465895,-1.82093,-0.278786,0.638668,0.778997,0.0938249,0.114138,-0.0220255,-0.0401317,-0.288438,0.0207689,0.373079,2.74911,0.0621153,0.0715623,0.12088,2.58729,-0.0251411,-1.26389,0.453325,0.0240788],[0.0264821,0.0792663,-0.167519,0.0254244,-0.415557,-0.161013,-0.0134752,0.0350891,-0.0335756,0.0454175,0.174318,-0.0605807,0.26342,3.07854,0.0539436,0.0452915,0.887945,-0.494975,-0.0803172,0.614519,-0.00462244,0.0205942],[-0.0561865,0.193907,-0.981792,-0.0888694,-0.13516,-0.217112,-0.114653,0.149408,-0.272956,-0.223819,-0.830319,-0.18155,0.166342,-8.05434,-0.0916781,-0.0634102,-2.11719,0.516243,-0.193545,-0.10014,-1.12077,-0.124019],[0.00209113,0.0407378,-0.135911,0.0188457,-0.0857394,-0.13219,-0.00425345,0.00898732,-0.00845716,0.0200986,-0.0299191,-0.0109571,0.0668054,0.848235,0.0227805,0.0225293,0.00487229,5.43203e-05,-0.0101716,0.0660808,-0.0651342,-0.0012097],[-0.0850606,0.230398,-0.503849,0.144658,-0.399042,0.0516254,0.0631405,0.0275561,-0.197492,-0.0166617,-0.571051,-0.118187,0.495539,0.243568,-0.0587399,-0.0880562,-0.692369,-0.0115376,-0.159743,-0.562709,0.319985,-0.111845],[-0.0668169,-0.0522876,0.0176018,0.0144529,-0.0882616,-0.0773419,-0.0522027,0.00173545,-0.0339615,-0.0326487,-0.111495,-0.0204911,-0.116258,-1.23127,-0.0310564,-0.0206831,-0.307523,-0.0194653,-0.0187805,-0.170425,-0.305106,-0.0301644],[0.0046996,-0.000640452,0.0171122,0.000737947,-0.00446646,-0.0141817,-0.00509455,0.00150959,-0.00153728,-0.000157863,0.00762656,-0.000122825,0.0213206,-0.010873,-0.000644509,-0.00165787,0.0128802,-0.00288688,-0.00118852,0.00129537,-0.00480552,-0.000832663],[-0.00940875,0.0538859,-0.210624,-0.155788,0.463995,0.299064,0.19569,-0.0649037,-0.0229796,-0.00105796,0.00847844,0.0124266,-0.0567828,1.54768,-0.0816154,-0.0915242,-0.372752,1.60624,-0.00760902,-0.0141936,0.275365,-0.0599703],[-0.0841408,-0.20476,0.449681,-0.207566,0.296979,-0.127973,0.104547,-0.0298284,0.181389,-0.00615908,0.143907,0.123409,-0.628584,6.30994,0.0155833,-0.012535,2.35256,0.669109,0.145841,0.729673,0.469607,0.160576],[-0.0225384,-0.0078667,-0.0233191,0.00528206,-0.0579286,-0.0488013,0.000534045,-0.000249268,-0.00596796,-0.0112583,-0.0230412,-0.00683776,-0.0355494,-0.161719,-0.0108357,0.00205017,-0.20764,0.120193,-0.00598801,-0.0580195,-0.0188841,-0.00711916],[-0.00281845,0.0113686,-0.0281679,0.0226688,-0.0165029,0.0554986,-0.00511693,0.000660401,0.00503349,-0.00270815,0.12517,-0.000770993,-0.0123182,-0.0340995,-0.00881042,-0.00207418,-0.0152534,0.130021,0.00346455,0.0159144,-0.0162933,0.00104359],[0.201103,0.163951,-0.363524,0.0409058,0.145243,0.203804,0.0777293,0.00413686,-0.0225835,0.0504715,0.248054,-0.00592873,0.074808,3.99926,0.0322396,-0.0277065,1.28182,-0.449443,-0.0570168,0.705357,0.383392,0.026011],[0.00947019,0.0306798,-0.011642,-0.0254385,-0.0165257,-0.0128737,-0.0376103,-0.0112009,-0.00473133,-0.000798546,-0.0753527,-0.00769077,-0.00870397,-1.84368,-0.0195668,0.0125427,-0.56821,-0.260503,-0.00594096,-0.143831,-0.162655,-0.00819856],[-0.0435256,0.00359255,-0.0265367,0.0240401,-0.0852695,-0.0398998,0.0850309,-0.000573738,0.00450527,0.0169504,-0.0632201,0.0101518,-0.291168,-0.182464,0.0216827,0.0218921,-0.117955,-0.175713,0.00727032,-0.0444141,0.316679,0.0144796],[-0.0381489,0.248093,0.0664782,-0.033573,-0.96714,-0.508438,0.120973,-0.0272406,-0.121867,0.0594058,-0.050654,-0.153409,0.392106,2.12562,0.0288715,0.0989076,-0.526603,0.426971,-0.136169,-0.351187,0.534146,-0.104662],[0.011947,-0.00352577,-0.318728,0.026139,-0.0653398,-0.0512338,0.0199414,-0.00944405,-0.0318977,-0.00846939,-0.128555,-0.0276944,-0.0133124,0.184973,0.0117276,0.00304442,-0.0696091,0.0659976,-0.0230186,0.0888204,0.0673711,-0.0161639],[-0.0670326,0.0859464,0.0511153,0.0013669,-0.246879,-0.234102,-0.0319848,0.048415,-0.014599,-0.00865601,-0.343526,-0.0225328,-0.126705,-2.04009,-0.00689143,0.00408686,-0.424312,-0.475688,-0.0139527,0.221835,-0.324977,-0.0212138],[0.0280849,0.0119589,0.167565,-0.0138887,0.0243006,0.0157517,0.0065332,0.00428613,-0.00621272,-0.00092898,-0.0313816,-0.00634577,-0.013033,0.104687,0.00240657,0.00824493,-0.22159,0.0471405,-0.00428069,0.0136249,0.0247979,-0.00361038],[0.145886,-0.117029,0.388468,-0.0521134,-0.00580946,-0.165136,0.00441146,0.0013876,0.00907333,0.0186195,0.0760885,0.0205083,0.118643,0.747446,-0.00535313,0.0202323,0.355289,1.35658,0.00211164,-0.418682,0.0656847,-0.00219259],[-0.0466516,-0.0141952,-0.0924625,0.00272192,0.0346899,-0.036748,-0.000741459,0.00436427,-0.0113294,-0.0101306,-0.123911,-0.0056682,-0.0116028,-0.766268,-0.00773611,0.00471647,-0.316369,0.103983,-0.00548307,-0.0823269,-0.0249225,-0.00841475],[-0.0285823,-0.00338504,-0.0195838,0.00238079,-0.0733218,0.0129922,-0.0360815,0.0118047,-2.15491e-05,-0.00472925,0.00744825,0.0050697,0.0672706,-0.355223,-0.00899165,-0.0224736,0.11929,0.145998,0.00237053,-0.0542758,-0.163662,-0.00133922],[0.0928113,0.0255462,0.0577144,0.0068,0.182671,0.0161621,-0.122133,-0.0203977,-0.0543899,-0.0482233,0.0652338,-0.0469942,0.337004,1.40203,-0.031515,-0.0465841,0.474916,0.0904614,-0.0405445,0.176281,-0.19174,-0.0408474],[0.0750791,-0.263139,1.27888,0.182185,-0.134518,-0.0461864,0.143992,0.0198455,0.0406258,0.104497,-0.319203,0.0133201,0.0398592,-0.936771,0.115213,0.116448,-0.16832,-0.71194,0.0310181,0.656131,0.235379,0.0439577],[-0.00355131,-0.0557097,-0.163099,0.0486368,0.149004,0.246006,0.0407319,0.00718663,0.00358083,0.040074,0.308844,-0.0144041,0.0492898,0.281292,0.0621304,0.00424522,0.756539,-0.254885,-0.00693745,0.473639,0.0443972,0.00117139],[0.124614,-0.0618173,-0.194773,0.0508487,0.425809,-0.0535633,-0.125826,-0.00618719,-0.0261386,-0.00667612,0.323118,-0.0674035,0.667519,-4.75893,-0.000798441,0.0939651,-0.588398,-0.868582,-0.0186677,0.534624,-0.065166,-0.0371524],[-0.0180646,0.00738568,-0.0577503,-0.019349,-0.00766697,0.00580019,0.0161901,0.00564806,0.00630499,-0.00421497,-0.0638879,0.00468895,-0.00479739,0.0327333,0.00813324,-0.00290256,0.0130246,0.00206724,0.00453698,0.0183944,0.00660982,0.0130811],[-0.0566651,-0.0594028,0.0236045,-0.0144191,0.0107721,-0.21386,0.0234583,0.0278544,-0.0314801,-0.00782188,-0.0944467,-0.0176758,-0.222326,-3.54784,0.022923,0.0546148,-0.571731,0.0329686,-0.0245313,-0.0431039,-0.116596,-0.0512443],[0.0288576,-0.0454997,-0.0170684,-0.00429127,0.0569056,-0.0886612,0.0375004,0.00664346,0.0160471,0.00534601,-0.00856078,0.0114818,-0.0401903,0.95646,0.00832899,-0.00451378,0.35585,-0.184221,0.0103978,0.0543856,0.196787,0.0114362],[0.00854274,0.00473822,0.00887767,0.000548352,0.00523011,-0.00357467,-0.000393187,-0.00197166,-0.000176983,0.00131957,0.000964634,0.000912254,0.0104435,0.0374738,0.000173936,-0.00260771,0.0543845,-0.0533075,-5.13287e-05,-0.0062433,0.00161703,0.00118699],[-0.0741149,0.0173102,0.0360114,0.00867698,-0.329758,-0.307756,-0.0122781,-0.00951806,0.0884696,0.105823,0.332699,0.0733885,-0.0667756,5.69695,0.0574603,0.0119064,0.993346,0.0384711,0.076221,-0.411393,0.196593,0.0138301],[-0.0300457,0.0663855,-0.176758,-0.0831454,-0.201107,0.0402591,-0.0617403,0.0104013,-0.0249405,-0.0144226,0.233743,-0.0209194,0.13985,1.45408,0.0240603,-0.024449,0.261602,-0.483111,-0.0129003,-0.518002,-0.0548021,-0.0171925],[-0.0141738,-0.0078667,-0.0262849,0.00197674,-0.0126636,-0.00795132,0.00809506,-0.00220283,0.00249533,0.000702653,-0.00328332,0.00220357,-0.0205155,0.0829825,-6.86284e-05,-0.002894,0.0244775,0.0392744,0.00313369,0.00609968,0.0121053,0.00113217],[0.0252235,0.00319507,0.027851,-0.0027576,0.036155,0.00344012,-0.0070218,-0.00186444,0.00201767,0.00293448,-0.00545539,0.0040338,-0.00766887,-0.12105,0.00794871,0.00145644,0.0929518,-0.0135936,0.00234751,0.014056,-0.0193392,0.00402184],[-0.0618757,-0.153418,0.243558,0.0431062,0.295379,0.279876,0.0734989,-0.00063642,-0.00236894,0.0408847,-0.0467153,-0.0339046,-0.0592761,-1.88706,0.0352528,0.0548015,0.259438,-0.154471,-0.0126399,0.217103,0.0982364,-0.020789],[0.00162719,-0.0151186,0.0549573,-0.0172664,-0.00220901,-0.0162055,-0.00346185,-0.0119269,0.00521056,-0.000839763,0.0153183,-0.00188626,-0.138845,-0.0588121,0.000677749,0.00671229,-0.233686,-0.0116971,0.00311815,-0.0483103,0.019332,0.00127179],[-0.0280887,-0.0161252,-0.0990003,-0.0231761,-0.0358747,-0.0274801,-0.0256021,0.001715,0.00927295,0.0186152,0.0430418,0.00457392,0.0356309,-0.409633,0.00928909,0.00245316,0.065926,-0.0952279,0.00668315,-0.0759491,-0.0511018,0.00328841],[-0.0628493,0.0435136,-0.389905,-0.00245432,-0.212937,-0.268935,-0.125287,0.0600438,-0.049306,-0.0203108,0.491163,-0.0302546,-0.182206,0.428799,-0.0249009,-0.109605,-0.0585082,0.0917887,-0.0217619,-0.715497,-0.550527,-0.0519324]],"sigmahat":[[0.539235,0.0864475,0.558236,-0.0149475,0.520348,0.137945,0.0169477,-0.0248791,0.0402422,0.0315236,0.452501,0.0467351,0.197583,3.00494,0.0210857,-0.0454931,1.40768,-0.197455,0.0280512,0.244399,0.16009,0.0272636],[0.0864475,0.26727,-0.0480181,-0.0401105,-0.00937578,0.116442,0.00547664,-0.00987255,-0.00194701,0.0228056,0.1963,0.00401927,0.0665066,0.506221,0.0136778,-0.0148659,0.363727,-0.0422943,-0.00294935,-0.0334581,-0.00807632,-0.00167831],[0.558236,-0.0480181,4.29578,-0.0121809,-0.091367,-0.0551067,-0.0169426,-0.0202393,0.0703814,0.0272784,0.121649,0.0399761,0.560201,0.400515,-0.0435366,-0.0279732,0.552921,-0.610606,0.0390648,-0.0703832,-0.0346964,0.0260082],[-0.0149475,-0.0401105,-0.0121809,0.168157,-0.061732,0.01097,-0.0093587,0.0070064,-0.0140612,-0.00205319,0.017641,-0.00614719,0.0719749,-0.299191,-0.00562591,-0.0184304,0.118499,-0.128078,-0.00700645,0.103649,-0.069705,-0.00367961],[0.520348,-0.00937578,-0.091367,-0.061732,1.83562,0.692838,0.0736044,-0.0233077,0.0870445,0.0199786,0.669675,0.0906242,0.0319748,4.76936,0.0180382,-0.0603833,2.03883,-0.495171,0.0686317,0.692188,0.298113,0.0652987],[0.137945,0.116442,-0.0551067,0.01097,0.692838,1.29176,0.0265119,-0.0411747,0.0442848,0.00208907,0.600684,0.0370983,0.203078,1.4453,-0.00432319,-0.0616327,1.03198,0.0358341,0.0333415,0.473302,0.00437328,0.0380608],[0.0169477,0.00547664,-0.0169426,-0.0093587,0.0736044,0.0265119,0.187204,-0.00432786,0.0142681,0.0416263,0.00309347,0.00973988,-0.107532,2.59487,0.0511194,0.0239192,0.438008,-0.0652605,0.00929145,0.260049,0.586738,0.0125387],[-0.0248791,-0.00987255,-0.0202393,0.0070064,-0.0233077,-0.0411747,-0.00432786,0.0331704,-0.00327892,-0.00212837,0.00135139,-0.00267451,-0.000790517,-0.225565,-0.00780943,-0.00520912,-0.0757713,0.0112646,-0.00245797,0.00757566,-0.0192038,-0.00422803],[0.0402422,-0.00194701,0.0703814,-0.0140612,0.0870445,0.0442848,0.0142681,-0.00327892,0.0377283,0.0121226,0.114467,0.0289525,-0.0249395,0.959314,0.00710651,-0.00420964,0.348043,0.0444813,0.0252669,0.101505,0.0652765,0.0211607],[0.0315236,0.0228056,0.0272784,-0.00205319,0.0199786,0.00208907,0.0416263,-0.00212837,0.0121226,0.0503702,0.0744634,0.0114115,0.0267877,1.50861,0.0455161,0.0193148,0.45666,-0.104186,0.00875778,0.104203,0.152255,0.0102923],[0.452501,0.1963,0.121649,0.017641,0.669675,0.600684,0.00309347,0.00135139,0.114467,0.0744634,2.08008,0.110646,0.0468493,5.12772,0.0457539,-0.0956714,2.52492,-0.042015,0.0868685,0.481088,0.132176,0.0587759],[0.0467351,0.00401927,0.0399761,-0.00614719,0.0906242,0.0370983,0.00973988,-0.00267451,0.0289525,0.0114115,0.110646,0.03569,0.00232456,0.991074,0.00788864,-0.0147403,0.433399,0.051896,0.0234139,0.0672642,0.040554,0.021118],[0.197583,0.0665066,0.560201,0.0719749,0.0319748,0.203078,-0.107532,-0.000790517,-0.0249395,0.0267877,0.0468493,0.00232456,1.33135,0.326372,-0.0022632,-0.0653917,1.21828,-0.0430883,-0.0198763,0.0129456,-0.241963,0.00335966],[3.00494,0.506221,0.400515,-0.299191,4.76936,1.4453,2.59487,-0.225565,0.959314,1.50861,5.12772,0.991074,0.326372,162.219,1.67457,-0.515017,38.1315,-3.9998,0.705831,9.03557,12.2426,0.881529],[0.0210857,0.0136778,-0.0435366,-0.00562591,0.0180382,-0.00432319,0.0511194,-0.00780943,0.00710651,0.0455161,0.0457539,0.00788864,-0.0022632,1.67457,0.0658113,0.0322854,0.449442,-0.0396508,0.00526876,0.14648,0.18846,0.0129008],[-0.0454931,-0.0148659,-0.0279732,-0.0184304,-0.0603833,-0.0616327,0.0239192,-0.00520912,-0.00420964,0.0193148,-0.0956714,-0.0147403,-0.0653917,-0.515017,0.0322854,0.0728502,-0.568756,0.145709,-0.00662665,-0.0210494,0.090963,-0.00574243],[1.40768,0.363727,0.552921,0.118499,2.03883,1.03198,0.438008,-0.0757713,0.348043,0.45666,2.52492,0.433399,1.21828,38.1315,0.449442,-0.568756,20.7301,-1.59297,0.27554,3.29788,1.82052,0.36891],[-0.197455,-0.0422943,-0.610606,-0.128078,-0.495171,0.0358341,-0.0652605,0.0112646,0.0444813,-0.104186,-0.042015,0.051896,-0.0430883,-3.9998,-0.0396508,0.145709,-1.59297,10.5081,0.0321861,-0.788679,0.200608,0.007422],[0.0280512,-0.00294935,0.0390648,-0.00700645,0.0686317,0.0333415,0.00929145,-0.00245797,0.0252669,0.00875778,0.0868685,0.0234139,-0.0198763,0.705831,0.00526876,-0.00662665,0.27554,0.0321861,0.0212097,0.0690498,0.0384625,0.0157709],[0.244399,-0.0334581,-0.0703832,0.103649,0.692188,0.473302,0.260049,0.00757566,0.101505,0.104203,0.481088,0.0672642,0.0129456,9.03557,0.14648,-0.0210494,3.29788,-0.788679,0.0690498,3.02362,0.813137,0.0800762],[0.16009,-0.00807632,-0.0346964,-0.069705,0.298113,0.00437328,0.586738,-0.0192038,0.0652765,0.152255,0.132176,0.040554,-0.241963,12.2426,0.18846,0.090963,1.82052,0.200608,0.0384625,0.813137,2.88017,0.0491493],[0.0272636,-0.00167831,0.0260082,-0.00367961,0.0652987,0.0380608,0.0125387,-0.00422803,0.0211607,0.0102923,0.0587759,0.021118,0.00335966,0.881529,0.0129008,-0.00574243,0.36891,0.007422,0.0157709,0.0800762,0.0491493,0.0229289]],"n":22,"lags":3}