{"betahat":[[0.0755445,-0.0402708,0.871278,0.170424,-0.373178,-0.471454,0.212571,0.0855627,-0.126504,-0.0670342,-1.73052,-0.0624539,1.64295,5.75678,-0.0107785,0.012893,0.703089,0.225962,1.23041,-0.162261],[0.687137,-0.0558026,0.230325,-0.0777989,0.0830506,-0.0407505,-0.0519968,0.0276452,0.0478815,-0.0288501,-0.102494,0.035402,-0.0489263,-1.13199,-0.0308572,0.00646416,-0.786422,-0.215484,-0.253655,0.0267687],[0.369547,0.910025,0.450751,0.00645202,0.368403,0.271714,0.054619,-0.0810952,0.0329547,-0.0209226,0.252951,0.0419846,0.0390435,1.49312,-0.0338326,-0.0607279,0.781592,0.183062,0.141726,0.0343527],[-0.0216246,0.00717598,0.570556,0.0264895,-0.0131116,-0.0396508,-0.00786167,-0.00042548,-0.000286471,0.00707508,-0.0244558,0.00590027,0.039626,-0.753265,0.000617075,0.00642828,-0.110917,-0.155807,-0.0784513,0.000541157],[0.0415854,0.109577,0.382575,0.818179,-0.324615,-0.525658,-0.103583,0.0147685,0.020472,-0.0230799,-0.0259512,0.014069,0.0427734,0.540444,0.0216038,0.0374103,-0.0836927,0.589432,-0.17441,0.0359027],[0.00733743,-0.00717479,0.068685,0.0193379,0.804499,0.216915,-0.00151463,0.00207334,0.0119919,0.00586008,0.229954,0.00184923,-0.00346686,-0.119838,-0.00348363,-0.00327636,0.0806116,0.218474,-0.114462,0.00196119],[0.0561165,-0.0499429,0.0700139,0.0474238,0.175407,0.892721,0.0537193,-0.00860722,0.00847222,0.00516785,-0.0847232,0.00872719,-0.0572705,1.12435,0.0109716,0.0106566,0.293503,0.138317,0.176035,0.0142926],[-0.10658,-0.173471,-0.997508,-0.0108066,0.0121733,-0.0716894,1.16417,0.0487706,0.0895741,0.106431,0.414075,0.0743123,-0.318737,0.294551,0.102568,0.0699056,-0.278018,0.0393388,-0.277756,0.0769139],[0.21619,-0.180837,0.513017,0.101348,-0.526231,-0.716916,-0.211313,0.863206,-0.0307076,-0.0540494,0.608897,-0.0474546,-0.441636,-1.60535,-0.157506,-0.17881,0.142279,0.645997,-0.57113,-0.0707466],[-0.15903,-0.0136704,0.0897385,-0.090389,-0.107255,-0.446286,-0.0889535,-0.0247476,1.00325,-0.133375,-0.581359,0.0806279,-0.252941,-5.02547,-0.155062,-0.0688947,-2.42902,-1.53981,-0.232903,-0.0353092],[0.128533,-0.0688575,1.41682,0.113894,-0.155492,0.547566,0.200692,-0.170719,0.370478,1.22837,1.00594,0.299143,-0.824107,13.7582,0.101716,-0.054159,3.25097,-0.182469,1.16607,0.203999],[0.0247431,-0.0535049,0.211866,-0.0021898,0.112842,0.118795,-0.0149995,-0.0152475,0.00122685,-0.0148334,1.07932,0.007061,-0.0691808,-0.981555,-0.0270287,-0.0178003,0.00788413,-0.0889946,0.0506836,-0.0119651],[-0.13349,-0.215499,0.340109,-0.210431,-0.0503565,-0.0988875,-0.066328,-0.0453817,0.183911,-0.000191198,0.289753,1.0841,-0.305876,4.38393,0.028605,0.0808202,0.33423,0.3747,-0.0841075,0.135815],[0.0295847,0.0943079,0.00572225,-0.0101282,0.0166818,0.167916,0.0203572,-0.00743318,0.0191245,0.0277266,0.108133,0.0094245,1.18783,0.394429,0.0200916,0.0244179,-0.0737419,0.125958,0.130555,0.0176786],[-0.0153295,-0.00518428,-0.0285259,-0.00178907,-0.00277152,0.0149733,0.00532831,0.000306688,0.00183724,-0.00132583,-0.0126907,-0.000770951,-0.0318153,0.979723,0.000331725,0.00438577,-0.074286,0.00354926,0.00283172,-0.000334447],[0.144735,-0.0330833,0.30575,0.175642,-0.00181359,0.122688,-0.224506,0.088339,-0.0545552,-0.125464,-0.15989,-0.0845986,0.152178,-8.74086,0.988802,0.0541158,-0.539099,0.512375,-0.703412,0.0460269],[0.102153,0.106362,-0.273929,0.24587,-0.0996351,-0.045133,-0.0250905,0.0244782,-0.17802,0.0281063,-0.670897,-0.10687,0.586567,-6.79139,-0.0344765,1.02416,-2.65057,-0.236807,-0.366161,-0.1558],[0.0371145,0.0179897,0.0444434,-0.00771301,0.0734353,0.058557,-0.00890414,0.00237385,0.00250594,0.0113897,0.0245026,0.00413435,0.0571095,0.0909774,0.0118484,0.0011762,1.1988,0.0511021,0.00766345,0.00588219],[0.0118333,0.0712313,-0.0146139,0.0206699,-0.0415473,0.00697335,0.0159551,-0.0233316,-0.00665505,-0.00620186,-0.0299981,4.49757e-05,0.11548,1.51704,0.00578945,-0.0267722,0.625594,0.742127,0.114739,-0.00159001],[0.0622715,0.0365045,0.134776,-0.0102976,0.177198,0.143192,0.00618177,-0.0228669,0.0109633,-0.0118864,0.0232273,0.0156884,0.0987452,0.437217,-0.014484,-0.0142099,-0.0171544,0.0752931,0.373904,0.0143694],[0.238317,-0.298158,0.600078,0.031315,1.34232,0.704653,-0.042782,-0.0228775,0.190225,-0.048474,-0.382111,0.205528,-0.32733,-3.91829,-0.0111046,0.0216228,0.562171,0.935091,-0.212898,1.15855],[0.31489,0.0598783,0.129124,0.0629764,0.0117229,0.135746,0.025922,-0.0175171,-0.0120817,0.0401608,0.29582,-0.00556983,0.05913,0.865092,0.0211425,-0.0101343,0.948545,0.151305,0.162883,-0.00653776],[-0.31256,-0.00220609,-0.504938,-0.0122322,-0.134926,-0.0447956,-0.0151729,0.0315538,-0.0204794,0.0303458,0.0488244,-0.0218825,0.101051,0.566929,0.0411927,0.0579498,-0.386781,-0.413637,0.219311,-0.0156595],[-0.00448613,-0.0199492,0.262124,-0.0113178,-0.0131507,0.0272055,-0.00173744,-0.00519619,0.0082469,-0.00595578,0.0621141,0.00159471,-0.0279765,0.611814,-0.00236381,-0.0137662,0.342874,0.142762,0.0474084,0.00441777],[-0.180705,0.000935455,-0.78974,0.238558,0.333559,0.674972,0.0999761,-0.019738,-0.0313899,0.0108851,-0.0506558,-0.0359839,-0.167137,-1.22171,-0.00389054,-0.0510095,-0.226042,-0.157497,0.116096,-0.035236],[0.0530262,0.0310502,0.0234211,-0.0132414,0.165822,-0.154581,-0.00259236,-0.0075135,0.00249634,0.00430337,-0.055102,0.0053142,0.0141607,0.926747,0.0109355,-0.00330031,0.298409,-0.114829,0.121767,0.00844868],[-0.0343641,0.0531493,-0.0537787,-0.0543072,-0.111735,0.0812552,-0.0132703,-0.00386477,-0.0105321,0.000204946,0.0495398,-0.0152211,-0.0044691,-0.641948,-0.000215435,0.012206,-0.407852,-0.0918376,0.00432698,-0.0136492],[0.00814021,0.15387,0.95543,0.010782,-0.190537,0.0939273,-0.0260003,-0.0253003,-0.03097,-0.0577882,-0.461923,-0.0289985,-0.0447198,-1.74679,-0.0759556,-0.0227091,-0.276182,-0.223578,0.469801,-0.0355191],[-0.257878,0.477402,-1.82735,-0.269728,0.702951,0.860127,0.0874974,0.110467,-0.00857994,-0.0457743,-0.12463,0.0284161,0.384979,2.5755,0.054961,0.0663109,0.266926,-1.26842,0.407097,0.0315905],[0.039319,0.0742943,-0.230693,0.0402742,-0.389197,-0.0994661,-0.0208924,0.0353434,-0.0357338,0.0611026,0.262023,-0.0673898,0.230121,3.54282,0.0613967,0.0611789,0.980458,0.751595,-0.0275138,0.0219817],[-0.151519,0.155323,-1.15195,-0.138272,-0.213567,-0.371439,-0.0940842,0.166149,-0.310572,-0.220677,-1.15522,-0.199686,0.229951,-7.7191,-0.0866905,-0.0697449,-2.24462,-0.163419,-1.1407,-0.145682],[-0.0094811,0.0461784,-0.153342,0.0221416,-0.110357,-0.124583,-0.000574493,0.010752,-0.00646245,0.0177945,-0.00743217,-0.011333,0.0693102,0.923586,0.0165187,0.0191864,-0.0288714,0.0748193,-0.0612195,-0.000774069],[-0.000837796,0.265989,-0.627306,0.211603,-0.341,0.167833,0.0395573,0.0315558,-0.196945,0.0051198,-0.297533,-0.121199,0.483797,-0.0863289,-0.0421662,-0.0909677,-0.218467,-0.431756,0.275449,-0.105332],[-0.069069,-0.0521025,0.0135018,0.0152818,-0.0840065,-0.0800487,-0.0561319,0.00179842,-0.0356615,-0.0322374,-0.1179,-0.0227818,-0.135317,-1.35732,-0.0306711,-0.0179657,-0.336611,-0.176806,-0.326105,-0.0312401],[0.00471063,-7.00022e-05,0.0180633,0.000540081,-0.00504252,-0.0132557,-0.00515329,0.00161857,-0.00173451,-0.000187594,0.00924255,-0.000219765,0.0222121,-0.0324786,-0.000771465,-0.00141912,0.00724685,-0.00167014,-0.00483941,-0.00106191],[0.0347671,0.0652474,-0.243402,-0.150473,0.528315,0.358284,0.208381,-0.078778,-0.0114754,0.00747168,0.0142882,0.01965,-0.0750373,2.12323,-0.0695866,-0.0960511,-0.0611393,0.0563765,0.316542,-0.0513141],[-0.0755862,-0.183613,0.436643,-0.147465,0.302725,-0.0116757,0.0745098,-0.0338594,0.204228,-0.0225945,0.469815,0.12979,-0.687791,5.33566,-0.0081182,-0.0173378,2.28474,0.789026,0.391911,0.169712],[-0.0204318,-0.00810655,-0.0225008,0.00599686,-0.0585945,-0.049839,9.23919e-05,-0.000644999,-0.00544741,-0.0121392,-0.0153457,-0.00635247,-0.0386934,-0.176275,-0.0116485,0.00172439,-0.220351,-0.0612189,-0.0200629,-0.00683761],[0.00527075,0.0289498,-0.0280504,-0.0335425,-0.0170283,-0.0289314,-0.0344323,-0.0107762,-0.00648469,-1.62064e-05,-0.110507,-0.007527,-0.00374598,-1.78668,-0.0176362,0.0143054,-0.58735,-0.155751,-0.147112,-0.00927327],[-0.0457182,0.00365556,-0.0452448,0.025155,-0.0874488,-0.0416832,0.0831268,1.02385e-05,0.00255916,0.0161342,-0.0567158,0.00821937,-0.299587,-0.201627,0.0216722,0.0214686,-0.11735,-0.0425104,0.3265,0.0131232],[-0.0840189,0.279191,-0.0111868,-0.017582,-1.04601,-0.439899,0.150536,-0.0269064,-0.129082,0.0661322,-0.00717934,-0.165453,0.45423,3.31985,0.0220589,0.0921072,-0.5206,-0.224399,0.670489,-0.108572],[-0.00203299,-0.00406579,-0.359455,0.0148258,-0.0947635,-0.0949796,0.0260789,-0.0101246,-0.0358034,-0.0113111,-0.193324,-0.0298354,-0.0102164,0.266763,0.00971121,0.00366726,-0.162107,0.0641549,0.0907679,-0.0202329],[-0.0569909,0.0921906,0.0541755,0.00578425,-0.233459,-0.226899,-0.0394415,0.0495456,-0.0124798,-0.0094244,-0.301771,-0.0201063,-0.140119,-2.06021,-0.00736359,0.00277504,-0.394792,0.230547,-0.361042,-0.0186956],[0.0260943,0.0127878,0.167272,-0.0151696,0.0262777,0.0124703,0.00961223,0.00562738,-0.00796694,-0.00111965,-0.0376704,-0.00750151,-0.0116869,0.14138,0.00174327,0.00733656,-0.231952,0.0130176,0.0310578,-0.00496278],[0.139117,-0.110501,0.407156,-0.0567321,-0.00893057,-0.149297,0.00360791,0.00497288,0.0109138,0.0121938,0.0766131,0.0219117,0.124354,0.681114,-0.0177164,0.0135953,0.30976,-0.431957,0.0582981,-0.000668683],[-0.0603692,-0.0238603,-0.0921068,-0.00609195,0.0296944,-0.0623147,0.00411887,0.00544603,-0.0144946,-0.0101624,-0.174851,-0.00717007,-0.0107316,-0.807096,-0.00745485,0.00657458,-0.37897,-0.103679,-0.00729406,-0.010413],[-0.02176,-0.00319394,-0.0162513,0.00688809,-0.0636445,0.0260406,-0.0404352,0.012479,0.00205199,-0.00537358,0.0351745,0.00648561,0.0616765,-0.482608,-0.0107592,-0.0228637,0.114379,-0.0465168,-0.18035,-0.000647455],[0.0984681,0.019656,0.042047,5.15216e-05,0.178522,-0.0221253,-0.138139,-0.0234532,-0.0586249,-0.0486392,0.0479699,-0.0453353,0.363264,1.45167,-0.0266088,-0.0472083,0.554585,0.184179,-0.192049,-0.0414015],[0.0709839,-0.269883,1.32724,0.178944,-0.135405,-0.0897195,0.131583,0.0188991,0.0361938,0.104486,-0.399154,0.0162024,0.0658798,-0.879665,0.111373,0.108781,-0.210209,0.653719,0.199837,0.0406403],[-0.0197094,-0.0868458,-0.116624,0.0696003,0.220573,0.339094,0.0745779,0.00560729,-0.000183887,0.048188,0.340905,-0.0291388,-0.0202095,0.529902,0.0725729,0.015177,0.913611,0.602272,0.158582,-0.0044846],[0.0996265,-0.0687479,-0.15156,0.0508448,0.445631,-0.0781932,-0.128983,-0.00636378,-0.0281524,-0.0175515,0.25006,-0.0719896,0.720525,-5.12988,-0.0201031,0.0964065,-0.841762,0.504236,-0.0511977,-0.0403319],[-0.0153505,0.00728624,-0.0585243,-0.0199155,-0.00266804,0.0057341,0.0155083,0.00448345,0.00523462,-0.00297436,-0.0720473,0.0042757,2.67343e-05,0.0573439,0.0104927,-0.00139023,0.0207744,0.0141739,0.010353,0.0127434],[0.00143021,-0.0787941,0.100746,-0.00892122,0.22102,-0.110018,0.0533686,0.0257736,-0.025162,0.00813654,-0.0528291,-0.0135807,-0.232363,-3.87518,0.0332728,0.0574824,-0.136132,0.0835732,-0.0955206,-0.0463067],[0.0393972,-0.0421567,-0.0194451,-0.0051848,0.0674325,-0.0877787,0.0358808,0.00566449,0.0164971,0.00449764,0.00962983,0.0133114,-0.0529288,0.962806,0.0105682,-0.00644213,0.410063,0.0507101,0.195745,0.0135334],[0.0104333,0.00520881,0.0100588,0.00121575,0.00768519,-0.00182504,-0.000311287,-0.00194338,-0.000119123,0.00139338,0.00330658,0.000955486,0.00928258,0.0432612,0.000371163,-0.00290994,0.065034,-0.00249444,0.0014555,0.00139331],[-0.100218,-0.0135358,0.0328826,-0.0248861,-0.3686,-0.407337,-6.14606e-05,-0.00627231,0.0804195,0.111953,0.202664,0.0755635,-0.0597777,6.35179,0.0642313,0.0199512,0.817702,-0.529134,0.312445,0.0114119],[0.0011756,0.0774861,-0.158902,-0.0846525,-0.176251,0.0654128,-0.0597202,0.014257,-0.0212538,-0.0116975,0.246131,-0.0173965,0.117535,1.46694,0.0348018,-0.0268841,0.404634,-0.51598,-0.0797532,-0.0139264],[-0.0167322,-0.00979204,-0.0218085,0.00171276,-0.0145876,-0.00846294,0.00895789,-0.00169581,0.00287092,0.000750515,-0.00949659,0.00212691,-0.0188502,0.0831568,-0.000211461,-0.00284345,0.0212924,0.00978142,0.0126974,0.00092183],[0.00250683,-0.0117034,0.0525146,-0.0132938,-0.0100412,-0.0104608,-0.0051737,-0.0119164,0.00658966,-0.000602629,0.0397988,-0.0017516,-0.145961,-0.0868632,0.000388473,0.00690636,-0.227397,-0.037379,0.0085138,0.00225569],[-0.0238416,-0.0156737,-0.0975385,-0.0210896,-0.0348116,-0.02581,-0.0282689,0.00218028,0.0097312,0.0198972,0.0541156,0.00455726,0.0373976,-0.391447,0.010537,0.00341698,0.0734014,-0.0816059,-0.0432399,0.0034982],[-0.112554,0.0192882,-0.446482,-0.014962,-0.229874,-0.254509,-0.092225,0.0648711,-0.0614246,-0.0089391,0.374623,-0.0457462,-0.129478,0.258032,-0.015547,-0.100274,-0.107919,-0.684781,-0.477031,-0.0627523]],"sigmahat":[[0.573121,0.095951,0.590421,-0.0128251,0.55055,0.148899,0.0136395,-0.0262393,0.0440915,0.036428,0.49319,0.0504654,0.197431,3.09458,0.0279456,-0.0438884,1.50962,0.271342,0.160901,0.0302593],[0.095951,0.283431,-0.054547,-0.0354509,-0.00983943,0.13554,0.00351295,-0.0117826,0.000512299,0.0236587,0.234065,0.00521025,0.0599457,0.566919,0.0132771,-0.0165043,0.39599,-0.0268178,-0.0154006,-0.000102076],[0.590421,-0.054547,4.43886,-0.0136431,-0.0596756,-0.0579935,-0.0246428,-0.0251955,0.0743368,0.0346086,0.0787968,0.0442643,0.633469,0.498075,-0.032201,-0.0221631,0.634442,-0.0742841,-0.0401001,0.0293691],[-0.0128251,-0.0354509,-0.0136431,0.176451,-0.0645559,0.0298306,-0.0147244,0.00555002,-0.0121463,-0.00249436,0.057602,-0.00556081,0.0730958,-0.366701,-0.00727438,-0.0183421,0.124419,0.10337,-0.0869703,-0.00233792],[0.55055,-0.00983943,-0.0596756,-0.0645559,1.89433,0.706633,0.0764176,-0.0216824,0.091009,0.0259605,0.689607,0.0927349,0.00949528,4.77065,0.0284165,-0.0551907,2.16453,0.732347,0.310585,0.069094],[0.148899,0.13554,-0.0579935,0.0298306,0.706633,1.36265,0.0216525,-0.0433743,0.0522015,0.00578383,0.722812,0.0374415,0.187963,1.39311,-0.00413899,-0.061288,1.12161,0.531419,-0.0247581,0.0425069],[0.0136395,0.00351295,-0.0246428,-0.0147244,0.0764176,0.0216525,0.198884,-0.00386071,0.0134734,0.0439924,-0.0176018,0.00877647,-0.107848,2.74251,0.0526101,0.0249363,0.441051,0.26615,0.618241,0.0119864],[-0.0262393,-0.0117826,-0.0251955,0.00555002,-0.0216824,-0.0433743,-0.00386071,0.0335669,-0.00387711,-0.00246236,-0.00190609,-0.00299199,-0.00186931,-0.228025,-0.00792142,-0.00496025,-0.0863824,0.00267423,-0.0173,-0.00458917],[0.0440915,0.000512299,0.0743368,-0.0121463,0.091009,0.0522015,0.0134734,-0.00387711,0.0396453,0.0127616,0.125681,0.0301224,-0.0226343,0.965336,0.00758533,-0.00387399,0.362091,0.10973,0.0621918,0.022349],[0.036428,0.0236587,0.0346086,-0.00249436,0.0259605,0.00578383,0.0439924,-0.00246236,0.0127616,0.0523634,0.0765522,0.0120561,0.029677,1.56199,0.0475342,0.020323,0.476226,0.112235,0.158892,0.0109385],[0.49319,0.234065,0.0787968,0.057602,0.689607,0.722812,-0.0176018,-0.00190609,0.125681,0.0765522,2.33781,0.11239,0.024101,5.12049,0.0441293,-0.0977819,2.67085,0.556628,0.0692092,0.0647737],[0.0504654,0.00521025,0.0442643,-0.00556081,0.0927349,0.0374415,0.00877647,-0.00299199,0.0301224,0.0120561,0.11239,0.0368954,0.00557047,0.992561,0.00878531,-0.0144254,0.444088,0.0716336,0.0375133,0.0220627],[0.197431,0.0599457,0.633469,0.0730958,0.00949528,0.187963,-0.107848,-0.00186931,-0.0226343,0.029677,0.024101,0.00557047,1.38135,0.410998,-0.00216335,-0.0668539,1.22756,0.0299727,-0.241515,0.00386249],[3.09458,0.566919,0.498075,-0.366701,4.77065,1.39311,2.74251,-0.228025,0.965336,1.56199,5.12049,0.992561,0.410998,166.242,1.71177,-0.517217,38.5536,9.37512,12.7116,0.888108],[0.0279456,0.0132771,-0.032201,-0.00727438,0.0284165,-0.00413899,0.0526101,-0.00792142,0.00758533,0.0475342,0.0441293,0.00878531,-0.00216335,1.71177,0.0688823,0.0336248,0.475451,0.156195,0.193581,0.0138314],[-0.0438884,-0.0165043,-0.0221631,-0.0183421,-0.0551907,-0.061288,0.0249363,-0.00496025,-0.00387399,0.020323,-0.0977819,-0.0144254,-0.0668539,-0.517217,0.0336248,0.0747775,-0.567168,-0.0167174,0.0948164,-0.00527739],[1.50962,0.39599,0.634442,0.124419,2.16453,1.12161,0.441051,-0.0863824,0.362091,0.476226,2.67085,0.444088,1.22756,38.5536,0.475451,-0.567168,21.2511,3.47115,1.84259,0.385229],[0.271342,-0.0268178,-0.0742841,0.10337,0.732347,0.531419,0.26615,0.00267423,0.10973,0.112235,0.556628,0.0716336,0.0299727,9.37512,0.156195,-0.0167174,3.47115,3.12927,0.841522,0.0876983],[0.160901,-0.0154006,-0.0401001,-0.0869703,0.310585,-0.0247581,0.618241,-0.0173,0.0621918,0.158892,0.0692092,0.0375133,-0.241515,12.7116,0.193581,0.0948164,1.84259,0.841522,2.99703,0.0471548],[0.0302593,-0.000102076,0.0293691,-0.00233792,0.069094,0.0425069,0.0119864,-0.00458917,0.022349,0.0109385,0.0647737,0.0220627,0.00386249,0.888108,0.0138314,-0.00527739,0.385229,0.0876983,0.0471548,0.0240301]],"n":20,"lags":3}