{"betahat":[[-0.0554516,-0.0167795,0.531664,0.183602,-0.395959,-0.379729,0.136894,0.114687,-0.14371,-0.0623531,-1.60569,-0.0377338,2.11226,6.59677,-0.0665759,-0.049601,0.602308,-0.219512,1.05564,-0.163588],[0.67216,-0.0506204,0.208523,-0.0787013,0.0660778,-0.0426861,-0.0544012,0.0304543,0.0493842,-0.0271753,-0.12358,0.0356222,-0.0489583,-1.03029,-0.0312384,0.00444767,-0.746951,-0.205812,-0.262787,0.0280604],[0.3755,0.909421,0.454651,-0.00292679,0.376638,0.261181,0.060024,-0.084131,0.0341977,-0.0196114,0.243913,0.0452452,0.030271,1.5629,-0.03094,-0.058278,0.785305,0.178187,0.162823,0.0353382],[-0.0266864,0.00570544,0.559883,0.026815,-0.0196408,-0.0438411,-0.00585265,0.000242767,-0.00155155,0.00655518,-0.0317396,0.00486861,0.0311474,-0.814055,0.000231806,0.00669362,-0.137664,-0.15675,-0.0806183,-0.000152511],[0.0359315,0.108467,0.392689,0.820627,-0.319214,-0.529684,-0.101218,0.0157573,0.0185668,-0.0229805,-0.0420833,0.0142193,0.0318653,0.516012,0.0223717,0.0349113,-0.0236092,0.608212,-0.172035,0.0367346],[0.00997253,-0.00866396,0.0641656,0.0180025,0.80177,0.213948,-0.00206773,0.00246548,0.0110525,0.00486184,0.234202,0.000750739,-0.0058403,-0.1394,-0.0039941,-0.00338468,0.0707241,0.219979,-0.109915,0.000568306],[0.0533537,-0.0567058,0.071305,0.0493411,0.188068,0.895927,0.0572539,-0.00810216,0.008949,0.00494766,-0.0904334,0.00849289,-0.0570397,1.16713,0.00997557,0.0109604,0.297511,0.141185,0.184788,0.0146661],[-0.114408,-0.170546,-1.04268,-0.012204,-0.0440404,-0.0870668,1.15288,0.053109,0.0874327,0.108348,0.433651,0.070976,-0.308637,0.0470595,0.108168,0.0774847,-0.375067,0.00624432,-0.24018,0.0738875],[0.273762,-0.18278,0.580989,0.0991415,-0.45532,-0.760379,-0.225022,0.853315,-0.0170655,-0.0542514,0.690136,-0.0374687,-0.474685,-1.48205,-0.165549,-0.191563,0.294199,0.661625,-0.598158,-0.0660223],[-0.19646,-0.0186888,0.0168932,-0.0896078,-0.134867,-0.508043,-0.118828,-0.0179639,1.00044,-0.144076,-0.605325,0.086974,-0.279618,-5.44258,-0.168662,-0.0730207,-2.7231,-1.65584,-0.302165,-0.0389181],[0.161318,-0.0647135,1.48201,0.132691,-0.121928,0.583838,0.195063,-0.167922,0.386954,1.23906,1.07439,0.314435,-0.765696,14.5179,0.102019,-0.061502,3.38017,-0.0923475,1.17854,0.206915],[0.0228256,-0.0510743,0.211224,-0.00269104,0.102952,0.117149,-0.0152061,-0.0159721,0.00055738,-0.0150758,1.06587,0.00678724,-0.0626592,-1.05333,-0.0264115,-0.0182425,0.00329938,-0.101696,0.0472201,-0.0116654],[-0.0976852,-0.197311,0.322175,-0.222669,-0.00910803,-0.0709799,-0.0489127,-0.0512668,0.186291,0.0156445,0.417086,1.07529,-0.296761,4.89063,0.0422624,0.0977305,0.647322,0.457941,-0.0374587,0.135572],[0.032361,0.0974677,0.00555776,-0.010933,0.0186481,0.163683,0.0207244,-0.00788254,0.0185869,0.0294802,0.108178,0.00902486,1.19643,0.374149,0.0221511,0.0263719,-0.0853278,0.13056,0.130342,0.0179536],[-0.0154496,-0.00517304,-0.027035,-0.00189155,-0.00357842,0.0156637,0.00566981,0.000279637,0.00179604,-0.0011972,-0.0129981,-0.000811546,-0.0322556,0.979813,0.000471287,0.00457919,-0.0729855,0.00293635,0.00407456,-0.000326767],[0.132929,-0.0512917,0.298529,0.187747,-0.012895,0.0895933,-0.196417,0.0909346,-0.072816,-0.128561,-0.231249,-0.101679,0.116308,-8.61406,0.994447,0.060473,-0.590737,0.516262,-0.599837,0.0422332],[0.0979052,0.112399,-0.382221,0.243861,-0.104387,-0.0430278,-0.0319992,0.0265922,-0.172074,0.0341729,-0.664842,-0.103848,0.614086,-7.06408,-0.0294282,1.02676,-2.65347,-0.267249,-0.321037,-0.156571],[0.0365148,0.0162879,0.0380787,-0.00752698,0.0742927,0.0563558,-0.00963559,0.00274453,0.00312202,0.011,0.0257575,0.00468169,0.0544151,0.062401,0.0114071,0.00126583,1.18982,0.048238,0.00619991,0.00621727],[0.0140164,0.0749307,-0.0201405,0.0204605,-0.0464622,0.00401697,0.0153258,-0.024389,-0.00669112,-0.00579703,-0.0270083,-0.000232221,0.119278,1.57956,0.00593237,-0.0276646,0.644173,0.738047,0.116122,-0.00208255],[0.0646437,0.0357148,0.143869,-0.00943946,0.197691,0.140848,0.0077808,-0.0242576,0.0116058,-0.0123729,0.0180154,0.0168878,0.0951915,0.427469,-0.0150562,-0.0145318,-0.00607338,0.0872793,0.345138,0.0156134],[0.262954,-0.286709,0.682684,0.0160859,1.3816,0.767625,-0.0487523,-0.0331073,0.19321,-0.0454035,-0.396729,0.213698,-0.283094,-3.71604,-0.00144953,0.00984069,0.737947,1.06733,-0.208555,1.1622],[0.328862,0.0597916,0.135229,0.0668833,0.0231613,0.139258,0.0288168,-0.0200954,-0.0129502,0.0386744,0.307982,-0.00550969,0.0579587,0.843783,0.0201838,-0.0113096,0.942169,0.146692,0.167206,-0.00698126],[-0.31992,-6.79456e-05,-0.543864,-0.00962183,-0.128433,-0.036397,-0.0197516,0.0318132,-0.0214617,0.0297057,0.0572393,-0.0249983,0.101738,0.477347,0.0397346,0.0591294,-0.414264,-0.412119,0.185235,-0.0156563],[-0.00330477,-0.0195037,0.261365,-0.0113606,-0.00830136,0.0290748,-0.00313474,-0.00556436,0.00911881,-0.00630462,0.0691819,0.00227381,-0.0247159,0.644095,-0.00276175,-0.0142041,0.357884,0.142752,0.0456264,0.00480022],[-0.186279,-0.00925835,-0.801003,0.236803,0.350607,0.683621,0.103488,-0.0171318,-0.0297321,0.00610721,-0.0708432,-0.0373216,-0.180168,-1.1525,-0.00804235,-0.0478459,-0.363554,-0.15145,0.131412,-0.0353943],[0.0484309,0.031949,0.0213798,-0.012724,0.16313,-0.155467,-0.0032918,-0.00702496,0.00287251,0.00548322,-0.0577065,0.00561618,0.0118843,0.916153,0.0112594,-0.00262936,0.304541,-0.110236,0.119151,0.00909895],[-0.0322978,0.0569246,-0.0534855,-0.0555925,-0.118982,0.0754812,-0.0132228,-0.00392333,-0.0113196,-0.000611669,0.0515263,-0.0156691,-0.00467289,-0.707279,-0.00103623,0.0119809,-0.444607,-0.0902364,0.00712531,-0.0146971],[0.0133655,0.142962,0.985585,0.0104241,-0.136918,0.098554,-0.010766,-0.031036,-0.0264992,-0.0582597,-0.487803,-0.0232532,-0.0323324,-1.47489,-0.0783885,-0.0271406,-0.171367,-0.192275,0.483136,-0.0305701],[-0.30181,0.50166,-1.87198,-0.265658,0.652726,0.915784,0.0859403,0.11965,-0.0193895,-0.048339,-0.151303,0.0204961,0.431422,2.31728,0.0505331,0.0740358,0.0557528,-1.30592,0.396548,0.0231939],[0.0390351,0.0761347,-0.224011,0.0513312,-0.435939,-0.0777823,-0.00258896,0.0354474,-0.0377052,0.0558949,0.212634,-0.0747228,0.247178,3.59861,0.0606412,0.0583134,0.982356,0.744812,0.0476589,0.0254439],[-0.151415,0.17173,-1.17466,-0.151421,-0.247578,-0.403298,-0.100573,0.161152,-0.315973,-0.236601,-1.22613,-0.206488,0.184909,-8.58313,-0.0931707,-0.0721999,-2.36164,-0.205058,-1.20557,-0.146204],[-0.00638201,0.0446536,-0.149959,0.0245296,-0.103516,-0.127841,-0.000393671,0.0105964,-0.00599202,0.0194961,0.00454518,-0.0107987,0.0695404,1.08879,0.0174754,0.0197837,-0.00057551,0.090355,-0.0509552,-0.000930973],[-0.01559,0.260085,-0.608797,0.212671,-0.331146,0.221689,0.02366,0.0351183,-0.201333,-0.0104535,-0.318412,-0.118096,0.503158,-0.275675,-0.0574615,-0.111137,-0.352953,-0.470424,0.216108,-0.103283],[-0.07282,-0.0558061,0.0150521,0.0153501,-0.0879087,-0.075388,-0.0560785,0.00168693,-0.0349953,-0.034422,-0.115142,-0.0217444,-0.144472,-1.34836,-0.0333339,-0.0207811,-0.326696,-0.18821,-0.324599,-0.0314383],[0.00555456,4.36774e-05,0.0189553,0.000456738,-0.00359455,-0.0142925,-0.00563192,0.00163217,-0.00157795,-0.000327863,0.00955101,-8.21894e-05,0.0225428,-0.0345902,-0.000832912,-0.00166992,0.00903783,-8.62579e-05,-0.00607714,-0.00100921],[0.0366835,0.0710206,-0.202037,-0.169194,0.565059,0.402396,0.182979,-0.0734543,-0.000847318,0.00533628,0.118161,0.033133,-0.0316713,1.9345,-0.0791152,-0.101432,-0.0620392,0.0336137,0.238028,-0.0474602],[-0.0684369,-0.20429,0.558012,-0.143162,0.302644,-0.0224812,0.0838056,-0.0395426,0.203156,-0.0268936,0.464619,0.125136,-0.724488,5.67226,-0.0157093,-0.019058,2.21899,0.854831,0.358008,0.168509],[-0.0211269,-0.00693558,-0.0162896,0.00607246,-0.0614047,-0.0484464,9.56288e-05,-0.000642369,-0.0060492,-0.0120325,-0.0183638,-0.0071789,-0.0368184,-0.182385,-0.0115774,0.00194551,-0.223739,-0.0592728,-0.0224747,-0.00735319],[0.00463968,0.0295532,-0.0145663,-0.0342633,-0.021061,-0.0274587,-0.0378095,-0.0108524,-0.00671438,0.000130956,-0.103305,-0.0077079,0.00163638,-1.80392,-0.0179995,0.0133794,-0.588458,-0.161601,-0.157853,-0.0094345],[-0.0482877,0.0072565,-0.0534419,0.0245677,-0.089989,-0.0400157,0.086821,0.000344081,0.00266791,0.0171611,-0.059892,0.00871679,-0.309625,-0.181833,0.0215808,0.0211579,-0.120076,-0.0560097,0.322553,0.0134405],[-0.0813481,0.263976,-0.0478947,-0.00494882,-1.07679,-0.531696,0.164041,-0.0245041,-0.129124,0.0740748,-0.0679384,-0.172121,0.382444,3.03206,0.0249108,0.117269,-0.719151,-0.358011,0.67929,-0.111125],[-0.0010288,-0.00916787,-0.343748,0.0118153,-0.0892399,-0.0965712,0.0255936,-0.0103568,-0.0364358,-0.0114987,-0.184416,-0.0301162,-0.00903971,0.186443,0.0110562,0.00686423,-0.195196,0.0591189,0.0955936,-0.0210799],[-0.0555861,0.0906492,0.0892105,0.0125462,-0.248196,-0.22478,-0.0402624,0.0523206,-0.0127388,-0.0100948,-0.301166,-0.0202518,-0.132065,-2.04034,-0.00879268,-0.000849105,-0.371015,0.233928,-0.348047,-0.0196831],[0.0299705,0.0138069,0.178703,-0.0154591,0.0279439,0.0147753,0.00900818,0.00532621,-0.00757234,-0.000250254,-0.0374785,-0.00715026,-0.00650446,0.169991,0.00253209,0.00751482,-0.220211,0.0139989,0.0350311,-0.00465081],[0.150345,-0.099206,0.408315,-0.0574333,-0.0313892,-0.153938,-0.00226424,0.00137608,0.0111634,0.0168732,0.112914,0.0230987,0.148263,0.636402,-0.0143265,0.0129366,0.387197,-0.456759,0.0406227,-0.00134085],[-0.0584094,-0.0232751,-0.0855323,-0.00527938,0.0351036,-0.0584774,0.00537839,0.00456442,-0.01393,-0.0103431,-0.176514,-0.00637467,-0.00611479,-0.776881,-0.00726308,0.00601692,-0.3752,-0.109754,-0.00920155,-0.00966948],[-0.0210645,-0.000212086,-0.0178272,0.00625081,-0.0690683,0.0285904,-0.04401,0.0120319,0.00236372,-0.0043365,0.0388757,0.00716628,0.0616095,-0.459997,-0.00893727,-0.0229373,0.147135,-0.0509591,-0.191879,2.76881e-05],[0.101086,0.0276268,0.0570822,0.00180266,0.181138,-0.0113843,-0.142071,-0.0220553,-0.0609496,-0.0500855,0.0542773,-0.0477436,0.340666,1.42735,-0.0297652,-0.0503513,0.546875,0.186037,-0.242925,-0.0433194],[0.0734759,-0.283789,1.32889,0.181676,-0.144217,-0.084921,0.145992,0.0175446,0.0332126,0.107866,-0.428406,0.0132537,0.0587077,-0.707195,0.125827,0.113103,-0.103756,0.692695,0.242027,0.0438927],[-0.00426716,-0.0913125,-0.116578,0.0643793,0.252913,0.340492,0.070081,0.00471057,0.00282247,0.0566152,0.385427,-0.0274518,0.00729924,0.45714,0.0750779,0.0139912,1.12037,0.66891,0.109502,-0.00470136],[0.0741581,-0.0817863,-0.196939,0.0474595,0.440996,-0.0684166,-0.118451,-0.00527771,-0.033515,-0.0132922,0.261876,-0.076435,0.711501,-4.8676,-0.0123865,0.104489,-0.83672,0.495261,0.0114277,-0.039933],[-0.0165495,0.00634527,-0.0612245,-0.021815,0.000316389,0.0105798,0.0155312,0.0053539,0.00544047,-0.00443149,-0.0706634,0.00401772,-0.00675059,-0.0359853,0.00893144,-0.00152817,-0.00295165,0.0113949,0.00355025,0.0126057],[-0.0431583,-0.0929885,0.0897092,-0.011771,0.166088,-0.154303,0.0625366,0.0264819,-0.0274089,0.0130376,-0.134798,-0.0148945,-0.277524,-3.72289,0.0460252,0.0700941,-0.24455,0.0852301,-0.0360162,-0.0473906],[0.0403457,-0.0416203,-0.0208452,-0.00446125,0.0693156,-0.0882376,0.0354828,0.00622802,0.0163657,0.00492514,0.00673764,0.0126623,-0.0525231,0.974301,0.0111812,-0.00556934,0.411676,0.0576264,0.194513,0.0134545],[0.00970908,0.00504261,0.00766231,0.00136859,0.0070545,-0.00160946,-0.000185543,-0.00194313,-0.000231887,0.00137958,0.00319878,0.0008513,0.00919128,0.0427775,0.000292869,-0.00280613,0.061338,-0.00354074,0.00140437,0.00132963],[-0.063907,0.00210672,0.037988,-0.013783,-0.357892,-0.397899,-0.00518917,-0.0143021,0.0905816,0.117944,0.200342,0.0809274,-0.0583768,6.25773,0.0660657,0.0176974,0.90625,-0.490215,0.271603,0.0120917],[-0.00355109,0.0875536,-0.166627,-0.0836721,-0.177366,0.0662014,-0.0615644,0.0185614,-0.026882,-0.0143051,0.240875,-0.0169313,0.124228,1.35096,0.035363,-0.0293002,0.455994,-0.55188,-0.091264,-0.0137129],[-0.0154347,-0.00923425,-0.0215818,0.0014435,-0.0126421,-0.00762923,0.00972354,-0.00206862,0.00284543,0.00102821,-0.00787303,0.00238454,-0.0181612,0.117606,0.000164436,-0.00313937,0.0336492,0.0107139,0.0167133,0.00109556],[0.00104965,-0.014152,0.0529099,-0.0120619,-0.0098818,-0.0115452,-0.00550302,-0.0115203,0.00652152,-0.00135486,0.0381293,-0.00188825,-0.147548,-0.102443,-0.000151142,0.00655489,-0.2271,-0.0425119,0.0106222,0.00261951],[-0.02675,-0.0176201,-0.096127,-0.0205547,-0.0389454,-0.0248351,-0.0272423,0.0016114,0.011024,0.0205734,0.0543162,0.0057631,0.0401847,-0.397699,0.0110712,0.00367572,0.0825573,-0.0814325,-0.0530724,0.00469056],[-0.119805,0.0278468,-0.449903,-0.0118434,-0.217881,-0.236637,-0.0920823,0.0701534,-0.0659326,-0.0165232,0.432581,-0.04689,-0.110468,0.366523,-0.0252788,-0.111959,-0.0807984,-0.694382,-0.486904,-0.0665344]],"sigmahat":[[0.561938,0.0941869,0.574338,-0.0105657,0.548015,0.155939,0.0113374,-0.0252756,0.0431324,0.0343588,0.485002,0.050061,0.203143,2.95461,0.026197,-0.0434655,1.48806,0.262388,0.149381,0.0306186],[0.0941869,0.275781,-0.0534769,-0.0344095,-0.00218129,0.138487,0.00397329,-0.0104434,0.000540512,0.0231355,0.233831,0.00526926,0.0658742,0.554624,0.0132159,-0.0164968,0.416679,-0.0126761,-0.012911,-0.00015232],[0.574338,-0.0534769,4.34977,-0.0036037,-0.08319,-0.0463817,-0.0226176,-0.0211247,0.0709372,0.0363053,0.111985,0.0424733,0.628564,0.278448,-0.033594,-0.0240244,0.615387,-0.10205,-0.0561541,0.026575],[-0.0105657,-0.0344095,-0.0036037,0.172253,-0.0641168,0.0291101,-0.0154572,0.00557916,-0.0125221,-0.00282245,0.05572,-0.00632133,0.0742022,-0.399952,-0.00782762,-0.0188305,0.115067,0.0989176,-0.0882085,-0.00255427],[0.548015,-0.00218129,-0.08319,-0.0641168,1.87641,0.710929,0.0720531,-0.0234929,0.0880012,0.0232256,0.676489,0.0920235,0.0171868,4.65718,0.0274636,-0.0562373,2.13831,0.723369,0.297706,0.0680111],[0.155939,0.138487,-0.0463817,0.0291101,0.710929,1.36382,0.0184745,-0.0423285,0.0507384,0.00431534,0.734655,0.0381204,0.202596,1.33203,-0.00470817,-0.0635115,1.13094,0.505963,-0.0299372,0.0421069],[0.0113374,0.00397329,-0.0226176,-0.0154572,0.0720531,0.0184745,0.197624,-0.00296529,0.0123772,0.0431475,-0.0214415,0.00803081,-0.105367,2.69531,0.0523043,0.0254637,0.42071,0.26308,0.619914,0.0107367],[-0.0252756,-0.0104434,-0.0211247,0.00557916,-0.0234929,-0.0423285,-0.00296529,0.0324759,-0.0038012,-0.00235284,-0.00266509,-0.00293294,-0.00307131,-0.207916,-0.0079617,-0.00530799,-0.0788975,0.00358202,-0.0127834,-0.00449366],[0.0431324,0.000540512,0.0709372,-0.0125221,0.0880012,0.0507384,0.0123772,-0.0038012,0.038333,0.0119841,0.124653,0.0292131,-0.0206699,0.907862,0.00681657,-0.00359466,0.346409,0.102713,0.0596283,0.0212863],[0.0343588,0.0231355,0.0363053,-0.00282245,0.0232256,0.00431534,0.0431475,-0.00235284,0.0119841,0.0512966,0.0699393,0.011375,0.0306634,1.49707,0.0467895,0.020595,0.458312,0.10718,0.155032,0.0102436],[0.485002,0.233831,0.111985,0.05572,0.676489,0.734655,-0.0214415,-0.00266509,0.124653,0.0699393,2.31717,0.110935,0.0391194,4.76852,0.0381696,-0.0967226,2.61374,0.536131,0.0552045,0.0633113],[0.050061,0.00526926,0.0424733,-0.00632133,0.0920235,0.0381204,0.00803081,-0.00293294,0.0292131,0.011375,0.110935,0.0361028,0.00704015,0.946219,0.00799929,-0.0140977,0.430821,0.0681101,0.0366836,0.0212204],[0.203143,0.0658742,0.628564,0.0742022,0.0171868,0.202596,-0.105367,-0.00307131,-0.0206699,0.0306634,0.0391194,0.00704015,1.37357,0.512492,-0.000803602,-0.0675669,1.28594,0.0160183,-0.235277,0.00635863],[2.95461,0.554624,0.278448,-0.399952,4.65718,1.33203,2.69531,-0.207916,0.907862,1.49707,4.76852,0.946219,0.512492,161.601,1.65905,-0.487208,37.1645,9.11711,12.5118,0.834726],[0.026197,0.0132159,-0.033594,-0.00782762,0.0274636,-0.00470817,0.0523043,-0.0079617,0.00681657,0.0467895,0.0381696,0.00799929,-0.000803602,1.65905,0.0684002,0.0339678,0.461115,0.15142,0.191321,0.0131721],[-0.0434655,-0.0164968,-0.0240244,-0.0188305,-0.0562373,-0.0635115,0.0254637,-0.00530799,-0.00359466,0.020595,-0.0967226,-0.0140977,-0.0675669,-0.487208,0.0339678,0.0735551,-0.553347,-0.0187283,0.0958565,-0.00522073],[1.48806,0.416679,0.615387,0.115067,2.13831,1.13094,0.42071,-0.0788975,0.346409,0.458312,2.61374,0.430821,1.28594,37.1645,0.461115,-0.553347,20.8543,3.38059,1.76374,0.371153],[0.262388,-0.0126761,-0.10205,0.0989176,0.723369,0.505963,0.26308,0.00358202,0.102713,0.10718,0.536131,0.0681101,0.0160183,9.11711,0.15142,-0.0187283,3.38059,3.02191,0.835434,0.0824278],[0.149381,-0.012911,-0.0561541,-0.0882085,0.297706,-0.0299372,0.619914,-0.0127834,0.0596283,0.155032,0.0552045,0.0366836,-0.235277,12.5118,0.191321,0.0958565,1.76374,0.835434,2.98735,0.0442675],[0.0306186,-0.00015232,0.026575,-0.00255427,0.0680111,0.0421069,0.0107367,-0.00449366,0.0212863,0.0102436,0.0633113,0.0212204,0.00635863,0.834726,0.0131721,-0.00522073,0.371153,0.0824278,0.0442675,0.0231201]],"n":20,"lags":3}