{"betahat":[[-0.647815,-2.6544,-2.82933,-0.350937,7.42975,3.60774,-0.381659,-6.48676,0.222244,-0.118851,-1.13003,8.82538,104.754,-2.45122,-1.30854,4.79372,20.086,7.43056,1.12546,-47.467,14.3942,0.341578,-11.3739,3.81756,1.67076],[0.822881,0.0704657,0.00173027,-0.0775898,-0.137699,0.501685,0.00413701,0.0374637,0.00207955,0.00641766,0.0113184,-0.0787666,0.682041,0.0227717,0.0204427,-0.191554,-0.0298456,-0.0551177,0.000380741,-2.21424,-0.442467,0.0087133,0.0570115,0.0358045,0.00316529],[0.118784,0.651372,0.0516153,-0.0163779,1.33131,0.345405,-0.00263772,0.0932874,0.00631229,0.00331052,0.0240587,0.0756314,1.54031,0.0651803,0.0894066,0.0600666,0.0287081,0.0346677,0.00162113,2.36044,0.0493217,0.000709433,0.612327,0.0100651,0.0422424],[-0.0686878,-0.059669,0.796842,-0.000476673,-0.238895,0.0553495,-0.00518726,0.0111211,-0.000344106,0.00253486,-0.000659529,-0.110085,0.353348,0.0166165,-0.00208911,0.307935,-0.0289936,-0.0033193,-0.00497723,0.0907513,0.0757865,-0.0006108,0.470144,-0.0460828,-0.00232775],[0.0126973,0.0567737,-0.029002,0.828015,-0.459141,-0.249891,-0.000740809,-0.0265254,0.00638954,0.0107463,-0.0275253,-0.0414304,0.896338,-0.0900762,-0.0729791,0.887352,-0.0188046,0.0530986,0.00218518,2.18983,-0.0687102,0.00308481,0.395596,0.0887394,-0.0160122],[-0.00834088,-0.0148089,-0.0189426,-0.00753716,0.94425,0.0281182,-0.000290941,0.00744045,0.00147005,0.00124615,-0.00137409,0.000866514,0.142306,-0.00283309,-0.00925043,0.0871622,0.00799005,-0.0195024,-0.000852582,-0.0660128,-0.0413422,0.00251589,-0.039431,0.00107842,0.00363427],[-0.0230899,-0.0286574,0.0017635,0.0174834,-0.308601,0.6598,-0.00302563,0.00529924,-0.00216973,-0.00177258,-0.00773809,-0.0198639,-0.293934,-0.0216765,-0.0241613,0.0111569,-0.0192077,0.0159875,0.00221298,0.0111172,-0.00145451,-0.00212979,-0.214756,-0.0131632,-0.0194302],[0.245064,-0.828752,-0.330973,-0.190644,4.80887,1.82796,0.751144,0.154254,-0.0310419,0.00968522,0.118149,0.331448,3.64318,0.0520465,-0.0899278,7.17803,0.161916,0.105572,-0.021637,-3.4171,-1.85015,-0.0186937,2.54052,-0.329632,0.136891],[-0.0192845,0.00346402,0.322256,-0.0894607,0.251623,0.876449,-0.0148482,0.875213,0.00418875,-0.00526789,-0.00821892,-0.197498,-2.54515,0.0407642,0.16129,-2.73711,0.0342084,-0.0181838,0.0302932,0.82999,0.243561,-0.00611236,-0.177103,-0.214811,-0.0437105],[-0.266332,1.15652,-2.42192,0.0397145,-2.35371,-5.14581,0.15273,-0.952482,0.871957,0.149509,0.0170329,-0.936627,33.2974,-0.129654,-0.577156,5.71597,-1.05086,-0.530141,0.289241,7.41914,-2.70953,0.095528,4.4734,1.78523,-0.0270175],[3.57429,0.611807,4.73588,0.206559,11.8928,9.63307,-0.364476,0.639128,0.0775052,0.672974,-0.372665,3.5588,-67.7863,-1.13421,0.233299,-9.9892,2.14185,1.15964,-0.133858,13.5466,1.15683,0.238334,-13.399,-2.26497,0.0883281],[0.190747,0.295012,0.58751,-0.745706,2.2698,0.368224,0.0274268,0.449951,0.0304931,0.0467197,0.900917,-1.94857,9.19115,-0.0999324,-0.1654,1.8469,-0.12143,0.0660527,0.0675058,0.886911,0.669656,0.0903225,-4.23642,1.11196,0.124467],[0.0127071,0.0262303,0.0289701,0.0133274,-0.096374,-0.036572,-0.00242633,0.00500259,-0.00444519,-0.00119677,-0.00820794,0.6326,0.357954,0.0041864,0.0152315,-0.428111,0.0112934,0.0400668,-0.00557166,-0.178054,0.00846378,-0.00314221,0.0636914,0.045311,-0.0253839],[-0.00222285,-0.00610431,0.00245815,0.00447937,0.034062,0.0365744,0.00124039,0.00458676,-0.000235013,-0.000662541,-0.00174238,-0.00586898,0.822346,-3.67473e-05,0.00219333,-0.0411842,-0.0051162,-0.000217388,-0.000441464,0.0467415,0.0276697,-0.000472103,0.0170519,0.00143943,0.00054493],[0.692345,0.386709,0.1431,0.0197038,2.29706,1.16216,-0.0153196,0.194314,0.0313934,0.0244759,0.043888,0.740221,-1.43962,0.951126,0.0239902,1.85589,0.315759,-0.328326,-0.0477586,8.25915,-0.636846,-0.00530645,2.41907,-0.852254,0.159159],[-0.831372,-0.0367738,-0.145547,0.235891,-3.80001,-0.540891,0.0379514,-0.167896,-0.00471991,-0.014533,-0.00849818,0.275569,-6.56592,0.107431,0.969832,-2.67449,0.0497838,0.187879,0.047862,-4.52788,-0.113661,0.00762305,0.585515,0.0597414,-0.0276905],[0.0154851,-0.000434777,0.0301735,0.00796221,0.123494,0.0634478,-0.00413295,0.00820498,0.00137486,0.001911,0.00746615,-0.00437175,0.0157394,0.0115537,0.00296,1.04307,0.00140344,0.00369,0.000120923,0.0299585,-0.0248846,-0.000162604,0.0872464,0.0179132,0.00310778],[0.443597,0.390633,0.898707,-0.384711,0.957074,0.035069,-0.0283059,0.0498425,0.0364617,0.0207223,0.127064,-0.21324,3.13439,0.129604,0.0553201,1.37564,0.281688,-0.428816,0.0223477,5.72454,-0.21645,0.0170149,1.41225,0.0790365,0.014908],[0.171416,-0.03725,0.237346,0.249985,0.555474,0.561884,0.00459753,-0.0548732,-0.00376602,0.00198705,-0.0109519,-0.0245227,-5.6403,-0.0285789,0.0787907,-2.19576,0.0770934,0.562074,-0.00234015,0.618465,-0.212032,-0.0161592,-0.635318,-0.22913,-0.0745486],[0.127296,0.364652,-0.0649694,-0.0604173,-1.32262,-0.556806,0.015064,0.741616,-0.0144096,-0.0337739,0.0670663,-2.39286,-3.7965,0.160248,0.182814,-0.604207,-0.491166,-1.10144,-0.0116388,13.3371,-0.844597,0.0474419,0.57027,-1.78383,-0.0648976],[0.0149652,0.0180524,0.0127573,-0.000585736,0.0298415,-0.012881,4.15103e-05,-0.00447101,-0.00053594,-0.000385608,-0.00263374,0.023793,-0.224299,-0.00986967,-0.00916992,-0.0155741,0.00380317,-0.00345144,0.00115255,0.0936592,-0.000174479,-0.000373792,0.00897464,-0.0129987,-0.00145508],[0.0144077,0.126481,0.013754,0.0308355,-0.198119,0.0291737,0.00752823,-0.0342723,0.00114849,-0.00280868,-0.00544497,0.0672609,-1.28413,-0.0113309,0.00176044,-0.469828,0.00604251,-0.0161224,-0.00270997,-0.715238,0.837331,-0.00204812,-0.38316,-0.0284206,-0.0140253],[0.487484,1.64545,0.625091,1.9858,-3.96592,1.95608,-0.0429345,-0.362603,0.136319,0.122416,-0.125879,1.2623,-59.1437,-0.0175963,0.104993,-2.43667,-0.765916,-1.29152,0.43661,13.1781,-0.868275,0.608192,-2.32397,0.00707481,0.0472045],[-0.0283727,-0.0209121,-0.041875,0.0213654,-0.0418633,-0.00406322,-0.00279813,-0.00839724,0.000795427,0.000191039,-0.000815797,0.0367459,0.860621,0.0184864,0.00745277,0.146575,-0.00294782,-4.43113e-06,0.00238008,-0.019427,-0.0383696,0.00255085,0.419211,0.00685112,0.0113222],[-0.0641501,-0.137885,0.037232,-0.0484383,0.404163,0.291469,-0.00810013,0.0555102,-0.0040632,0.00615653,-0.0176516,-0.0867519,2.55202,-0.0173726,-0.0239616,0.0542724,-0.00548403,0.0156402,-0.00628091,-0.432093,-0.180642,-0.000831026,-0.680337,0.432746,0.0464997],[0.309589,0.102616,0.941392,-0.271066,-0.221181,-0.660462,-0.035637,-0.234918,-0.00511211,-0.0243926,-0.0556847,0.581136,4.94406,-0.0382188,0.0497062,1.30345,0.166494,-0.243374,0.0269784,2.11046,0.240528,-0.0247751,0.294936,0.930745,1.01783],[0.156692,-0.0366454,-0.0031197,0.0961753,0.136683,-0.304681,-0.00717658,-0.0640463,-0.00303381,-0.00688574,-0.00387025,0.130351,0.63944,0.00981342,0.0286204,0.324352,0.00864792,0.033181,0.000186794,1.34619,0.31969,-0.011559,0.105584,0.00368445,0.0107658],[-0.0636704,0.276437,0.0381179,0.0594171,-0.955385,-0.259112,0.00816623,-0.0390138,-0.00241214,-0.00125769,0.00348553,-0.0289512,0.823279,0.0306682,-0.0323162,0.859026,-0.0131237,0.0220336,-0.00613603,-2.04652,0.0226416,-0.000913495,-0.283706,0.130277,-0.0106232],[-0.00830753,0.043893,0.123402,-0.00995393,0.0622922,-0.0022076,0.00109036,0.00356786,-0.000350842,-0.00238944,-0.00191804,-0.0288632,-1.01393,-0.0353394,-0.0207766,-0.510506,0.0102844,0.0074392,0.000860247,-0.746706,-0.0277704,0.00515669,-0.601212,-0.05409,-0.00456441],[-0.104653,-0.128319,-0.236422,0.0605063,0.378862,-0.203553,0.00102018,0.0136564,-0.00339551,-0.00543031,0.0309309,-0.0796969,0.841508,0.0644716,-0.00755932,0.752082,0.0339753,0.00755257,-0.0064101,-3.59777,0.167123,-0.00209649,-0.0168889,0.141911,0.0328022],[0.0245627,0.0179144,0.017889,-0.00224713,0.0237391,-0.0667755,-0.00134435,-0.00837593,-0.00153868,-0.000754803,0.00170527,0.028168,-0.175891,0.00167971,0.0120994,-0.0555045,-0.0038559,0.00694874,0.00202623,0.152403,0.00111193,-0.00335867,0.0676739,-0.00224528,-0.00173057],[0.0330792,0.000345816,0.00285812,-0.0213978,0.255668,0.158733,0.00244282,0.0120284,0.00336654,0.00356287,0.00598205,0.0314915,0.557188,0.0172416,0.0136514,0.155349,0.0110859,-0.00609937,-0.00108674,0.164674,-0.0440065,0.00259315,0.281887,0.0272928,0.0148298],[-0.38305,0.930506,1.20455,-0.279814,-4.53443,-0.823519,0.0385664,-0.377767,0.0215717,-0.0432299,-0.0203295,0.528255,-5.56322,0.203848,0.292887,-6.61296,-0.598281,-0.247772,0.0499807,-4.86981,0.92655,0.0388201,-2.70667,0.921164,-0.0324722],[-0.00154917,-0.0281682,-0.0624664,-0.0138339,-0.298517,-0.868403,0.00805628,0.0378915,-0.00864934,0.00122493,0.0021947,0.159553,-1.88918,-0.0512954,-0.123147,2.18244,0.0315843,0.0398989,-0.0385219,-1.92373,-0.107848,0.0082971,-0.777969,0.0958907,0.0516476],[0.475081,0.4668,0.688311,-0.449183,1.36357,1.92654,-0.0112406,-0.472138,-0.0410186,-0.0365231,0.252806,1.17463,10.4119,0.258104,-0.132863,9.45372,-0.425119,-0.307837,-0.178506,10.2148,1.15911,-0.0171576,2.20562,0.678076,0.0880973],[-4.22887,-2.59181,-4.26352,-0.327566,-12.5982,-5.25353,0.0786604,0.329375,0.0878845,-0.011955,0.0479749,-2.11177,0.720721,0.084431,0.444164,-10.0667,1.14902,0.714365,0.0462615,-35.0027,0.670883,-0.104068,0.254201,0.254609,-0.32033],[-0.58466,-0.13421,-1.12119,0.405901,-3.55881,0.660159,-0.0288296,-0.759178,0.0206129,-0.0315894,-0.0127712,1.82551,-0.385418,0.0663443,0.15775,-0.773785,-0.00658949,0.193202,-0.0841101,-12.2117,1.3144,-0.0170349,3.67689,-1.26918,-0.160135],[0.0116257,0.024081,-0.00344212,-0.0102174,0.194505,0.160525,0.00259709,0.00569976,0.00248281,-0.000252488,0.00863074,0.245009,0.142832,-0.00314088,-0.0157489,0.57201,-0.00880515,-0.0390706,0.0100688,-0.337727,-0.0138277,0.00667914,0.0826586,-0.0240044,0.0233551],[-0.00193584,-0.000209297,-0.00319609,-0.0004701,-0.0237255,-0.00661501,-0.000348603,-0.00226357,-4.70779e-06,0.000398558,0.0012775,0.00267217,0.0249976,0.00123911,0.00141227,0.0015939,0.00376579,0.0040514,8.42945e-05,-0.00851515,0.00297067,0.000150301,0.0246989,0.000366516,-0.000390231],[-0.0425028,-0.0561915,0.142517,0.037443,0.497021,0.227133,-0.0263277,-0.0467007,-0.0421103,-0.0239624,0.00266555,-1.07124,-2.80645,-0.0626305,-0.0178189,-1.16225,-0.20312,-0.141033,0.00126882,-3.80155,0.15751,-0.00832706,-1.68012,0.436071,-0.0284893],[0.462875,-0.155758,0.042299,-0.251945,2.69829,-0.0802169,0.00547034,0.205574,-0.00386806,-1.84936e-05,-0.0611728,-0.682686,3.84409,-0.0707422,-0.118723,2.06218,0.0534012,0.0530129,-0.0262716,6.28087,0.0880693,-0.00317786,0.11722,-0.300696,0.0234494],[-0.0107934,0.00437466,-0.0193855,-0.0144163,-0.113905,-0.0428057,0.00242793,-0.00612351,-0.00098394,-0.00113309,-0.00403785,0.0101605,-0.0359513,-0.0109638,-0.000969374,-0.053712,0.00253483,0.00713519,-0.000604013,-0.0501574,0.0309323,-0.000247956,-0.029483,-0.0191819,-0.00470597],[-0.282041,-0.485536,-0.723417,0.191084,-0.00693196,-0.92208,0.0481292,0.0611423,-0.0229572,-0.00443597,-0.0630659,0.441995,-1.78666,-0.0128225,-0.0512928,0.313842,0.173673,0.308044,-0.0340985,-2.27431,-0.125222,-0.00293326,-0.712764,-0.00202256,0.140277],[-0.0784508,-0.0331212,8.50613e-05,-0.195996,-0.113068,-0.260087,-0.00943017,0.0951632,0.00289916,0.000659853,-0.00989399,-0.0214906,5.28094,-0.0187387,-0.115937,1.5929,0.02799,-0.074416,0.00159994,0.320362,0.0492018,0.0113717,0.14189,8.78717e-05,0.0555683],[0.215731,-0.0226605,0.597006,-0.345031,1.16912,0.00688931,-0.0185751,-0.0529118,-0.012994,0.0123674,-0.131103,0.684887,3.76292,-0.0678284,-0.186289,-0.633169,-0.41686,-0.287242,0.451312,-0.773149,-0.379844,-0.0272841,-0.115872,0.717919,-0.125238],[-0.000681476,0.00585819,0.0222796,0.00109504,0.0193532,0.0456279,-0.000972475,0.00470731,0.000492839,-4.37071e-06,0.00101109,-0.0308141,0.0307564,0.00401094,0.00405057,-0.01526,0.00118335,-0.00043012,-0.00074952,-0.13095,-0.000626168,3.65491e-05,-0.00350658,0.00216714,0.00040554],[0.0218553,-0.0844285,0.0530357,-0.0116563,0.103663,-0.0421802,-0.00120095,0.0286165,-0.00304649,-0.000984734,0.00573451,-0.023359,0.00634066,0.00975394,0.0228857,0.0261886,-0.000353713,0.0184152,0.00353619,0.742287,0.0650811,-0.000587871,0.101315,-0.0421457,-0.00928924],[-1.41446,-2.34928,-0.769547,-0.893381,2.4508,-2.01611,0.0100553,-0.442527,-0.154582,-0.0581781,0.235942,0.296382,40.8703,0.722492,0.725338,-1.92004,-0.329505,0.806218,-0.12576,-9.26132,2.19377,0.156704,9.75843,3.19969,-0.205844],[-0.000509181,0.0160821,-0.0337367,-0.00661793,-0.0618505,-0.0369136,-0.00325136,-0.00894023,0.00011986,-2.5611e-05,-0.000628246,0.0192997,-0.653436,-0.0107787,0.00121393,-0.342893,-0.00191723,-0.0199559,0.00100661,0.0456957,-0.0350723,-0.000924718,-0.137088,0.0346538,-0.0081595],[-0.0795163,-0.00606953,-0.206702,-0.0360264,-0.29554,-0.282687,-0.00869536,0.0557637,0.00550565,-0.000221119,0.0244523,-0.14162,-0.85225,0.0289159,0.0528648,-0.937387,-0.0168435,-0.0182355,0.00571421,-1.10253,-0.110163,0.00707353,-0.274113,-0.199027,0.0226122],[-0.341349,-0.272511,-0.730634,-0.00599053,-1.16041,-0.343453,0.0179756,0.226016,0.0204587,0.013574,0.0719008,-0.432187,-0.811759,-0.0152389,-0.050707,-0.348544,-0.0212618,-0.108127,-0.0120366,-3.04258,-0.411867,0.0177229,0.701342,-0.707992,-0.158578],[0.0201643,-0.0340326,0.00107157,-0.018424,0.000343889,-0.196884,0.00304269,0.0264751,0.000948587,0.000456277,-0.00744894,-0.0517262,-1.32633,-0.0326376,-0.0490419,-0.133637,0.0212286,0.0218782,-0.000570452,0.866076,0.122674,0.00283705,-0.162459,-0.039704,-0.0139631],[-0.0551546,0.0718926,-0.0897341,-0.0430513,-0.375088,-0.0859765,-0.00553567,-0.0542093,-0.00390861,-0.00205572,-0.0275749,-0.0468111,-2.36349,-0.0958624,-0.0571318,-0.918399,-0.0155927,-0.0568204,0.00450643,-0.312867,-0.0723226,0.000195561,-0.328672,-0.140326,-0.0315724],[0.0765169,0.0152448,0.0786748,0.0103993,0.175736,-0.0546533,0.00411791,-0.0146822,0.000687368,-0.000155588,0.00255937,0.138644,0.657553,0.0187596,0.0228749,0.202102,0.0189026,-0.004358,0.00413052,0.651501,-0.0477206,-0.00454222,0.131039,0.100066,0.00682316],[0.0919909,0.0717198,0.266019,0.111356,0.0801311,0.453945,-0.000282604,0.0130182,-0.00299497,-0.00531746,-0.00336321,0.120773,-1.73596,0.0256495,0.0805044,-1.63795,-0.0150011,-0.0598925,0.00421361,1.40862,-0.0986236,-0.000985227,-0.379038,-0.230861,-0.0168096],[-0.0174509,-0.00391891,0.000433253,0.010048,0.027004,0.0380539,0.00160503,0.000594788,9.13337e-05,-0.000514344,-0.000295318,-0.0281507,0.0236353,0.00105474,-0.00267731,-0.0336378,-0.00398906,0.0129455,-0.00119823,-0.0969092,0.0405282,0.000818937,-0.0278151,0.000698084,-0.00204334],[-0.010716,0.0275304,-0.00477583,0.00381201,0.0505233,0.179535,0.000572854,-0.0170583,-0.00120425,-0.0017859,0.00180613,-0.0124162,-0.267218,0.00446604,0.0104216,-0.163616,0.00853147,-0.00947124,-0.00119167,-0.179318,0.0454158,-0.000472909,-0.0672861,-0.015001,0.00457081],[0.728692,0.322245,0.0527562,0.651803,1.26183,0.433091,0.105916,0.177453,0.00627757,0.0336025,-0.0636983,-0.514267,-1.54823,-0.265741,-0.162573,-0.259581,-0.232619,0.0923907,-0.0022458,11.5302,-0.676931,-0.0253121,0.555725,-0.831457,-0.0529859],[0.0208073,0.0251756,-0.25695,0.103311,0.0416737,-0.0080612,0.00680334,0.0866945,0.00443812,0.004024,0.00623646,0.0376842,4.40884,0.0105025,-0.0379852,0.552198,-0.0651587,-0.019137,0.00821111,1.08558,-0.135483,-0.00221941,0.953867,0.116471,-0.00831598],[0.192955,-0.266891,0.747013,0.0339167,-1.79989,0.340656,0.0295571,0.185995,0.0687915,0.0120206,-0.0763264,0.307434,-9.41302,-0.271921,0.164717,-8.05711,-0.34734,0.0416266,-0.0224557,8.92483,0.732899,-0.0764848,-4.10287,-1.42056,-0.125968],[-0.292509,-0.372273,-0.382877,0.339289,1.47063,-0.478415,0.069486,0.678993,-0.0348679,-0.0091001,0.260604,0.823668,16.2769,0.445145,0.324212,1.64962,1.21751,0.560424,-0.0067905,4.23169,0.091189,-0.108717,8.25655,0.464506,0.149997],[0.399811,0.493925,0.71417,0.103376,0.269008,-1.23622,0.0568779,0.0124445,0.0239133,0.063426,-0.0208363,0.609561,9.35059,0.180055,-0.22347,3.31629,0.244074,-0.0898819,0.00996809,7.71405,-0.0097695,-0.0148996,3.33561,0.440797,0.193403],[-0.0245176,-0.0489444,-0.0217052,-0.00350307,-0.105546,-0.124806,-0.000172977,-0.00981945,0.00189073,0.00141306,-0.000100822,0.115895,-0.516575,-0.000817849,0.000404397,-0.140775,-0.00221472,0.00224113,-0.00453024,0.503695,0.00605485,-0.00345562,-0.150002,-0.0234911,0.00130594],[0.00188237,0.000850237,-0.000651031,0.000363734,-0.00760143,-0.020946,-0.000434016,0.0027438,-6.1631e-05,0.000104134,-0.000197512,0.00425853,-0.0422258,-0.00144782,-0.00174133,0.0132022,0.00242042,-0.00753061,-0.000210764,0.0428156,-0.0319155,-0.000116921,-0.0583636,-0.00167359,-9.53739e-05],[-0.21431,-0.370515,0.0984944,0.145791,-0.375903,-0.154192,0.0251883,-0.0283427,0.0122641,0.0133372,0.0168756,0.0886031,1.18851,-0.0338465,-0.00778876,-0.459686,-0.167308,-0.0950034,0.00633294,-1.78498,-0.0627051,0.0061182,-0.651437,0.233515,0.000443572],[-0.148706,-0.230152,-0.369049,-0.143116,-0.0712363,-0.159457,-0.00679752,0.0737574,0.00690564,0.00352154,0.0505084,-0.0108612,1.02269,0.00740668,0.0177706,-0.0993678,-0.0276183,0.0996293,-0.00171925,-1.08828,0.158924,0.00540618,-0.383999,-0.109274,-0.0251497],[-0.00396894,-0.00402058,-0.00574103,0.00634177,-0.0062847,-0.0140292,0.00152018,0.00159838,-0.000215416,-0.000430681,-0.0027691,-0.00556005,0.0464556,0.000720409,-0.000602709,-0.00573075,0.00327844,-0.000711114,0.000275655,0.0355746,-0.00726303,0.000339318,-0.0481484,0.00419212,0.0009825],[-0.110732,0.126454,-0.250627,0.165131,-0.741446,0.715037,-0.0151765,-0.0911169,-0.0132218,-0.0112991,-0.060313,-0.207303,-1.44554,-0.0741783,0.00662777,-1.34514,-0.240988,0.286523,0.00706792,-2.7401,0.387494,-0.0135514,-0.259471,-0.0449971,-0.133724],[-0.0107413,0.179697,-0.0696813,-0.0744182,-0.356953,-0.185447,0.000368466,-0.0233684,-0.00192458,-0.00376223,0.0203135,0.0384266,1.11689,0.0384121,0.00864477,0.841957,0.010527,-0.0491258,-0.00624034,-0.160578,0.0348484,0.000112997,0.5719,0.20938,0.0119012],[-0.0725276,0.0349238,-0.0217455,-0.0663853,-0.353797,0.21162,-0.000941153,0.00126069,-0.0135046,-0.0193383,-0.0108277,-0.626958,-0.502903,-0.0199258,0.0764602,-1.18382,-0.0577082,-0.124931,-0.120758,1.98431,0.346726,-0.0119273,0.15165,-0.180815,-0.00533166],[0.000643573,-0.00333482,0.00212447,-0.00802164,0.017496,-0.00394785,-0.000218346,2.20285e-06,-0.000467079,-0.000479226,-0.000478193,-0.010204,-0.193874,-0.000359863,-0.00011461,-0.0077874,0.000484279,-0.00637747,0.000233427,-0.10144,-0.0116677,-0.000167942,-0.00401672,-0.00606747,3.39838e-05],[-0.0424048,-0.0256073,-0.116156,-0.00404562,0.0362816,-0.0320363,-0.00181332,0.00693906,0.00219603,0.00318224,0.00458163,-0.0386617,1.18216,0.00823526,-0.017623,0.408321,0.0113274,0.0468821,-0.00135245,-0.439529,0.0735541,0.00394589,0.245816,0.0960877,0.0159409],[1.20902,1.45687,-0.540597,-0.930089,1.68126,-1.28733,0.154648,0.451378,-0.102378,-0.0982417,-0.048458,-2.60509,15.1394,-0.389785,-0.512972,4.59575,-0.82857,-2.3138,-0.0384136,-1.11179,-0.19995,0.0249469,-5.50013,-0.534459,-0.197623],[0.0128785,0.0310242,0.0294555,-0.0349271,0.0105641,0.0352168,-0.00274115,0.00949982,0.000444693,-7.33582e-05,-0.000786591,-0.0275431,-0.409247,0.00274917,0.00822442,-0.233632,0.000255672,-0.0229785,0.000110507,0.222231,-0.0497884,0.000466704,-0.0815239,-0.0208927,-0.000804129],[0.0292502,-0.0117926,0.0838756,0.00305133,-0.124089,0.0811388,0.000956204,-0.0165534,-0.00168945,-0.00179847,0.000434427,-0.0442844,-0.301258,-0.0264074,0.00375236,-0.429243,-0.0295155,0.0298736,-0.00191885,0.324749,0.140912,8.27563e-05,0.0395713,0.0845761,0.0180048],[0.00497467,0.217097,-0.0438845,0.124777,0.516025,0.336469,-0.0105607,0.115013,0.0073795,0.0272976,-0.00972622,-0.489108,-1.01304,0.0422883,0.00327157,-0.30813,0.0123805,-0.236976,-0.00852023,-2.40219,-0.642776,0.0169608,-1.23738,-0.555937,-0.0450964]],"sigmahat":[[0.392667,0.298308,0.371202,0.0142714,0.878334,0.268874,0.00223794,-0.0194157,0.000214028,0.00602626,-0.0100681,0.0788012,0.3311,-0.0089569,-0.0151372,0.238035,0.0170379,0.0148476,0.000165297,2.63529,-0.0325562,-0.00161263,0.151532,0.0484539,0.031589],[0.298308,0.503128,0.355408,-0.0246728,0.271367,0.319114,-0.000166585,-0.0684423,-0.00114006,0.00206917,-0.00363322,0.0565566,-0.415064,-0.0150202,-0.012713,-0.137678,0.00894535,0.00636682,-0.00263823,1.57661,-0.0895848,0.000591761,-0.0557364,0.00673906,0.00807367],[0.371202,0.355408,0.942404,-0.0137298,0.536249,0.529985,-0.0129767,-0.0298245,-0.0021087,0.00531789,-0.00293289,0.01765,-1.23855,-0.0183478,-0.0190028,0.122976,-0.0397153,0.0114672,0.00337262,1.88002,-0.0809605,0.000847591,-0.328792,-0.146055,0.0240783],[0.0142714,-0.0246728,-0.0137298,0.174315,0.0509907,0.0701999,0.00727902,-0.0185242,-0.00122622,-0.000388384,-0.00320942,0.0640891,-0.459659,-0.00840009,-0.00199489,0.0323974,-0.00483676,0.0426662,0.000776545,0.154626,0.0510591,-0.002461,0.221915,0.0174414,0.00549095],[0.878334,0.271367,0.536249,0.0509907,4.81218,1.28396,-0.00748693,0.13161,-0.00269213,0.0227123,-0.018082,-0.00681743,7.29083,0.0743605,-0.0506788,2.24597,0.0788866,-0.0527631,0.00298255,7.25389,-0.0659739,-0.00837803,1.19263,0.594879,0.181997],[0.268874,0.319114,0.529985,0.0701999,1.28396,2.00607,-0.0246129,-0.0452733,0.00190479,0.00160522,0.00528726,0.0509698,0.519558,-0.0049932,0.0448637,-0.956605,-0.0722413,-0.0292067,0.00194819,1.87411,-0.0866429,-0.00285571,0.0408292,0.108585,0.0411259],[0.00223794,-0.000166585,-0.0129767,0.00727902,-0.00748693,-0.0246129,0.00455887,-0.000636003,-0.000186598,-8.47657e-05,-0.00132219,0.00233759,-0.0764608,-0.00160613,-0.00119,0.00117181,0.00289749,0.00871001,0.000177565,0.0277791,0.0124853,-0.000177741,0.0271565,0.000222073,-0.00116334],[-0.0194157,-0.0684423,-0.0298245,-0.0185242,0.13161,-0.0452733,-0.000636003,0.0826401,0.00116385,0.00272211,0.000995348,-0.0800633,1.09928,0.0152363,-0.00946226,0.36937,0.00965535,-0.00341891,-0.00216556,0.354025,-0.053178,0.00136982,0.0473025,0.0138123,0.00313904],[0.000214028,-0.00114006,-0.0021087,-0.00122622,-0.00269213,0.00190479,-0.000186598,0.00116385,0.00124518,0.000643063,0.000473439,0.00808227,0.0428426,0.00037051,0.000202464,-0.00243068,0.000136471,-0.000314885,3.15837e-05,-0.0269318,-0.00048511,0.000534383,0.00135207,0.00112881,-0.000276843],[0.00602626,0.00206917,0.00531789,-0.000388384,0.0227123,0.00160522,-8.47657e-05,0.00272211,0.000643063,0.00107514,-8.55457e-05,0.00304093,0.0718789,0.000506041,-0.00166077,0.0332767,0.00142396,-0.00043187,0.000256225,0.0449017,-0.00336604,0.000320852,0.00772027,0.00374552,0.00134497],[-0.0100681,-0.00363322,-0.00293289,-0.00320942,-0.018082,0.00528726,-0.00132219,0.000995348,0.000473439,-8.55457e-05,0.00748627,0.00346111,0.111966,0.00888931,0.00460509,0.0773421,0.000319651,0.000447754,-0.000408603,-0.191103,0.00315224,0.000289975,0.0248355,0.00394581,0.000422449],[0.0788012,0.0565566,0.01765,0.0640891,-0.00681743,0.0509698,0.00233759,-0.0800633,0.00808227,0.00304093,0.00346111,0.662676,0.540706,-0.00198932,0.0229298,-0.158314,-0.000126736,0.0422043,0.00985097,0.183486,0.00510248,-0.00360897,0.083668,0.142055,0.0125197],[0.3311,-0.415064,-1.23855,-0.459659,7.29083,0.519558,-0.0764608,1.09928,0.0428426,0.0718789,0.111966,0.540706,102.227,0.869781,-0.315363,21.5338,0.0470337,0.136626,0.00959933,15.5291,0.748499,0.0533469,9.2228,4.25867,0.498054],[-0.0089569,-0.0150202,-0.0183478,-0.00840009,0.0743605,-0.0049932,-0.00160613,0.0152363,0.00037051,0.000506041,0.00888931,-0.00198932,0.869781,0.0432993,0.0218742,0.238107,0.0125007,0.000467449,-0.00066366,-0.0574716,0.027837,0.000377996,0.148262,0.0602635,0.00846716],[-0.0151372,-0.012713,-0.0190028,-0.00199489,-0.0506788,0.0448637,-0.00119,-0.00946226,0.000202464,-0.00166077,0.00460509,0.0229298,-0.315363,0.0218742,0.0450016,-0.385607,0.00341044,0.00462955,-0.001275,-0.186174,0.0122449,-0.00136554,-0.0267104,0.0170571,-0.00468613],[0.238035,-0.137678,0.122976,0.0323974,2.24597,-0.956605,0.00117181,0.36937,-0.00243068,0.0332767,0.0773421,-0.158314,21.5338,0.238107,-0.385607,14.3745,0.0991332,-0.0292239,0.00177886,2.41226,0.349476,0.0216644,3.31319,0.739755,0.243809],[0.0170379,0.00894535,-0.0397153,-0.00483676,0.0788866,-0.0722413,0.00289749,0.00965535,0.000136471,0.00142396,0.000319651,-0.000126736,0.0470337,0.0125007,0.00341044,0.0991332,0.0736809,0.0570424,-0.00321808,0.429845,0.0313016,5.31519e-05,0.224048,0.0208992,0.00604135],[0.0148476,0.00636682,0.0114672,0.0426662,-0.0527631,-0.0292067,0.00871001,-0.00341891,-0.000314885,-0.00043187,0.000447754,0.0422043,0.136626,0.000467449,0.00462955,-0.0292239,0.0570424,0.237109,0.000710449,0.32912,0.133422,-0.00213697,0.391953,0.0305128,-0.0100583],[0.000165297,-0.00263823,0.00337262,0.000776545,0.00298255,0.00194819,0.000177565,-0.00216556,3.15837e-05,0.000256225,-0.000408603,0.00985097,0.00959933,-0.00066366,-0.001275,0.00177886,-0.00321808,0.000710449,0.00522651,-0.0413248,-0.000190613,-0.000197615,-0.00291219,0.00836448,-0.000717859],[2.63529,1.57661,1.88002,0.154626,7.25389,1.87411,0.0277791,0.354025,-0.0269318,0.0449017,-0.191103,0.183486,15.5291,-0.0574716,-0.186174,2.41226,0.429845,0.32912,-0.0413248,51.1672,-0.0106127,-0.0520496,6.10804,0.698545,0.240135],[-0.0325562,-0.0895848,-0.0809605,0.0510591,-0.0659739,-0.0866429,0.0124853,-0.053178,-0.00048511,-0.00336604,0.00315224,0.00510248,0.748499,0.027837,0.0122449,0.349476,0.0313016,0.133422,-0.000190613,-0.0106127,0.804727,0.00121836,0.815302,0.133614,0.0133694],[-0.00161263,0.000591761,0.000847591,-0.002461,-0.00837803,-0.00285571,-0.000177741,0.00136982,0.000534383,0.000320852,0.000289975,-0.00360897,0.0533469,0.000377996,-0.00136554,0.0216644,5.31519e-05,-0.00213697,-0.000197615,-0.0520496,0.00121836,0.0011695,-0.0101037,-0.00213376,0.000382589],[0.151532,-0.0557364,-0.328792,0.221915,1.19263,0.0408292,0.0271565,0.0473025,0.00135207,0.00772027,0.0248355,0.083668,9.2228,0.148262,-0.0267104,3.31319,0.224048,0.391953,-0.00291219,6.10804,0.815302,-0.0101037,6.64163,0.578728,0.0663523],[0.0484539,0.00673906,-0.146055,0.0174414,0.594879,0.108585,0.000222073,0.0138123,0.00112881,0.00374552,0.00394581,0.142055,4.25867,0.0602635,0.0170571,0.739755,0.0208992,0.0305128,0.00836448,0.698545,0.133614,-0.00213376,0.578728,0.732943,0.0284217],[0.031589,0.00807367,0.0240783,0.00549095,0.181997,0.0411259,-0.00116334,0.00313904,-0.000276843,0.00134497,0.000422449,0.0125197,0.498054,0.00846716,-0.00468613,0.243809,0.00604135,-0.0100583,-0.000717859,0.240135,0.0133694,0.000382589,0.0663523,0.0284217,0.0205407]],"n":25,"lags":3}