{"betahat":[[0.37035525362069371,0.051685053879337625,0.28511306073566556,0.533664006239099,1.2484994360088735,0.48292189150697162,0.38692120201758279,-0.030784149397759607,0.08731204551571066,-0.020624088795453809,0.0090535601993697659,1.013612224423569,1.7738968299054843,0.70930092223940511,0.0094497937946507148],[0.985490438199902,-0.029703898500720936,0.0170563288483241,-0.012568352202682006,0.038576765182468123,0.11264521209677508,0.099680752958650629,-0.0036204549815370408,0.0059646450270649208,0.00032940226189934955,0.00090032324689301685,0.019067196866114449,-0.31082718822840888,0.020408778017053708,8.876402766751874E-5],[-0.023674189066398035,0.94430108733377882,-0.0029095403703375058,-0.011974772118642792,0.035175294433585184,0.076127079772924669,0.033988900376431319,-0.0021776574514586994,0.0064420063664922759,5.087929733862811E-5,0.0011818004538312037,0.028929589506147969,-0.38082054980420427,0.010394234643731258,0.0022330869527118014],[-0.0250426976806154,-0.037019294480316441,0.99541590315006778,-0.0025678803217010927,-0.078492766358331759,0.016653006471671492,-0.047227569282907632,-0.0024637511958780153,0.00750505690582127,0.00027056755683296308,9.2666060853442559E-7,0.035888811749169344,-0.043011263003596756,0.013906068947937321,0.0017302253395332071],[0.032445997698697708,0.037116288088930728,-0.02204887403633804,0.96411068460029681,0.09813681342870037,-0.075549586731960952,0.075450971617664592,-0.00316846005752867,-0.011838936300775751,5.4148204084278859E-5,-0.0025364484376928613,-0.21721141716691728,-0.077695883277358921,0.028730743163714628,-0.0030007825903844367],[0.00015080528781549749,-0.0041548161942150915,0.0057900937207216686,-0.0039391996894925984,1.0102030880748054,0.030241059819826634,0.040830762553795072,-0.0014208261363993645,0.00119599594354544,0.00020567903695766659,9.6547919412407775E-5,-0.01161021019156148,-0.045663607618936314,0.0030775355631805948,0.00017016908675913117],[0.0014534823753279734,-0.0038675369525547967,0.0012496009252114689,-0.0028497303694032185,-0.04256487919076405,0.97121197040827689,0.014774097213371461,-0.0016958694874480745,0.0010940136430519375,9.7964522398587658E-5,-0.00082922935120913687,-0.022314348148098902,0.0684014007729131,0.00027355246066598874,0.0012283202610940327],[-0.0041218864078298723,-0.016366044423646094,0.0019858188335615877,-0.0011627447955267322,-0.014023567473293185,0.025644276633523543,0.8278740196695128,-0.0023041779393795691,0.0054079153413629727,0.00035950157333661221,-0.0011000114715652984,-0.032540836134599849,-0.060191259392201851,0.00219617229068821,-0.0006472811172381275],[0.15838602813889341,0.07939736092374497,-0.1060269153731408,0.04756913842459784,1.3561479188479446,0.10716474504166036,0.20456762540110202,1.0053046435285757,-0.0662343342733793,-0.0059889362423079335,0.023242321942516485,-0.43460898599736963,0.77665620821206494,0.031922015388754527,8.173037790076189E-5],[-0.0462195364705766,-0.015536991574779755,0.075277204940502482,-0.011707054285030818,-0.11480603376978774,0.21693936389948,-0.12137877476988349,-0.00527193602865198,0.99372078588585233,0.002660755610611007,-0.0063188065419025182,-0.11893518779676601,-0.31831009759827628,-0.24784580976843826,-0.0150325725064552],[-0.97251179767759932,-0.6172188594865492,-1.0461687987282733,-0.20366168076930488,-6.28532984598738,-1.5759029129573379,-2.6494103099368584,0.026324559928651278,0.067825096050975767,1.027112124979183,-0.20656478802125805,-1.2667976977211357,-5.0349589454712964,-0.727092366589277,-0.62754097379547913],[0.33513056965956528,0.36423361593957004,0.19889021198573612,0.069955986274352289,1.7493635372613396,1.1551602271492725,1.7648738557938508,-0.017548038855658688,-0.0028228510358396081,0.018528426694188027,0.97175850355679183,0.021222439622290295,0.49806697605604566,-0.10439110995368425,0.11528854623595741],[0.0056038226661234928,0.0049642337387777917,0.011175896997488936,0.0036145406809231246,0.014637966180135836,0.029749793842543292,0.0037167372651256913,-0.00027803922588671189,0.0021305305942795802,0.00025523353498134904,-0.00015067726979700933,1.031169834163367,0.0021634636958248509,-0.011997283395555711,0.0026528425160008045],[-0.00084808145004129165,-0.0019488137992241927,0.018512772657845542,-0.0067643696011947295,0.043831474451273361,0.076562042862378291,0.04879965215680486,-0.0021033632317909736,-0.0010752603680071193,0.00037232281900171157,-0.00023708065653837109,-0.00034057620558460721,0.52644279314916986,-0.0028995357753989568,0.00020797221813821635],[0.010829818427544817,0.059444205155654635,0.0086837196978546537,0.0030300771221073151,0.090126706939826884,0.14799267056745502,0.036134679003434908,-0.0008273052284404293,-0.015856745589998233,0.0014348959126163048,0.00040435001600792089,0.13188815518903418,-0.049001664552664,0.739460854542323,0.020162560340442556],[-0.01655658361805781,-0.040553533955570958,0.0076930434277310764,-0.062003944463924279,0.15248195139489557,-0.048463003108892233,0.040238962938227818,-0.0038034880521477473,-0.0041611948182684955,0.0092923797190515856,0.012608043942720106,-0.31029109061369176,-0.32278006396795944,-0.10043179834160906,1.0748763536482779],[0.019165893905607433,0.025494185985100795,-0.0052099137015770777,0.0094421956478744126,-0.0093474317400553345,-0.077594699430183114,-0.057671147171736839,0.001136481493670713,-0.002571671631967021,-0.00014709115920456109,-0.00013054842545760369,-0.0020660652551580463,0.3071160796473632,-0.00788240226387779,0.00045177635916481646],[0.024856806896452022,0.0466399830062975,0.008562428654835013,0.00821217990510195,-0.0059099325191837781,-0.052198392255537844,0.0035077423356882336,0.00052350087244913462,-0.002211382511025442,3.90607832702536E-5,-9.9846978525262072E-5,-0.0039112787193974832,0.36690713350580662,0.001302562035893506,0.00016128885522391983],[0.029829972402955911,0.04329949211025895,0.013014900047954614,0.0019651850296403457,0.072290626900929966,-0.016411402512619262,0.034443847541502565,0.00074078412860312183,-0.0021901763607988724,-0.00010232641108220794,-0.00015146741570018152,-0.027793559134402752,0.12318378972993918,-0.012184419899973088,0.00016333007949302292],[-0.016871599429228751,-0.033258573663561122,0.019304077805767823,0.017011316538693127,-0.018042328214418278,0.063606420530605529,0.035381438620678669,0.00021718160037339726,0.00904240533542589,3.5169216290799461E-5,0.0040828904521425418,0.11858553542239911,0.055216693186410044,-0.0034395938782739452,0.0030512309436833474],[0.00082233379504328887,0.0018993105996729836,-0.002659683475213199,0.0019616542200089995,-0.011922488704612559,-0.02358325653202871,-0.020411536458680421,0.00066604013057696961,-0.00062470551718569415,-0.00014899137803285115,-5.2274784514529147E-5,0.0090601636039520442,0.035104548347794154,-0.0012322866589232454,-0.00013852098455563133],[0.00040523039298402945,0.0032027296180149713,0.0012514214994262156,0.00070152045153104147,0.023129804054816436,0.012439697014027211,-0.0020151050893324435,0.0011413190368065175,0.0001420945015823998,-9.95355325621937E-5,0.000538042868615913,0.022439645989300275,-0.055387229735206142,-0.00024750525034075856,-0.0003287909543930787],[-0.0022654775155379137,0.00097328326799088081,0.00079176246612260145,-0.0020392074795317207,-0.028335713088215857,-0.0162494043423017,-0.074284232642696332,-0.00044617618984270005,0.0008569749016553393,9.877191988887828E-5,0.0001086503769123643,-0.010734745230488688,0.01333619930518375,0.00060927991637587547,-0.00067946843477875967],[-0.072159195240980328,-0.033107779730625696,0.13888749828950342,-0.0316146927957553,-0.6666369347194302,0.10816119229601048,0.47895206364619947,-0.011824603772868323,0.020517083941537274,0.0039268666774279924,-0.0030548970118859488,0.074801993564045918,-0.37170099994169975,0.047281190164126435,0.0031966615433295029],[0.0002183910182182,-0.0168211957720029,-0.058648151912906892,0.0010271433487344585,-0.1199551406205614,-0.22755395306990928,-0.069065924811325508,0.0039636752349894964,-0.00034246175152801843,-0.0022674911720206316,0.0021288892071898657,0.098216781624371266,0.11548213605901157,0.17705999215076887,0.00532626392175416],[-0.30983540049204988,-0.13222623077910825,-0.4641157793886137,0.0064298771172800724,-0.25276873113653808,-0.71618473367615576,-0.91422069531640282,0.082374068539730616,-0.017864668181919029,-0.042610017327460573,0.027251017062858852,-1.2677892295699238,0.64459630354080688,-0.1245044617991965,-0.12146099834992735],[0.077499506949935612,0.00998397686184629,0.041412039808507738,-0.013653163560777851,-0.072469063322860822,0.036950971554580221,-0.35731555852013469,-0.011035514252023726,-0.071337533318256222,-0.004625253789425794,-0.0037012221687824755,-0.11473045512954656,0.23191819068747752,0.0920432254045489,-0.012094959714139233],[-0.0040230522965921866,-0.0037173535687996815,-0.0079123398319144375,-0.0025241494620416647,-0.0240138174364785,-0.027819036052248766,-0.00859551771289841,0.0002015576413189554,-0.0014209102947336013,-0.00011518159282986019,-0.00017408139324226802,-0.032356404494572513,-0.00097896878626311471,0.009809361890000607,-0.0012548073087549811],[-0.0034966118018293544,-0.0074061082796797167,-0.00015173111246433285,-0.0032401959006539451,-0.015236093727519233,-3.4728642363668852E-5,-0.012409798576249551,-0.00079071495576238382,0.0010351366520343621,1.013721343099021E-5,0.00010979704370458686,0.0072967727606930077,0.0099769395680782465,0.0056342312478520487,-0.00051714905169911586],[-0.015656400642137341,-0.0087676529465806237,-0.020365994800510146,-0.0055550909460687567,-0.076934373557566,-0.032460762807524475,-0.097761327198283732,0.00090122933581365274,0.0028346114140385833,-0.00016030224058231646,0.0015403794504902845,0.082002666498532314,-0.005471274157968057,0.046584879386189486,0.00817450402294649],[-0.060489954002335228,-0.028538598495267006,-0.097253073462101186,-0.0014347395340288409,-0.21594744040936109,-0.23453271627819725,-0.22273800024359749,0.0079720787267171123,0.0086307152057069417,0.0013531543350173993,0.0067307159552976075,0.0581275375167958,0.24937332280198402,0.044627145896500464,-0.04047662261197351],[-0.0046641105457606684,0.0042032497734373177,-0.011850208605184469,0.0031244539224563974,-0.029251751135741015,-0.035056044272145738,-0.042027535330358322,0.0024840859079776167,-0.00339135743489338,-0.0001821794533840406,-0.000770188452031216,-0.016995762894104309,0.003685390073648878,-0.012526379221327716,-0.00054013772226654832],[-0.0012205163732290879,0.0090044953747551275,-0.00564004691744584,0.0037478260564174064,-0.029303460734401678,-0.023914729840129823,-0.037529594688337956,0.00165127907895523,-0.004208432191641109,-8.9083928259405771E-5,-0.0010849107430865564,-0.02493375530097406,0.013710935620805397,-0.011725858602871057,-0.0023894795861261167],[-0.004843376537424106,-0.0063380065368354695,-0.0085345453558220378,0.00058632913262633658,0.0060420321586005313,-0.00035983606903233555,0.012592029391643599,0.0017256992872908519,-0.005297639866987917,-0.00016657196584572712,0.00014951548986800482,-0.0081721480144481013,-0.080258563573307073,-0.0017190675181539777,-0.0019088026381275853],[-0.0156088572454227,-0.0038798066000828718,0.0027063089320130884,0.018879010850948678,-0.080217909185026026,0.011866728763512404,-0.11085745618813107,0.0029573224321962606,0.0027989580140602337,-8.9109348571744714E-5,-0.0015509681363767595,0.098770807845152769,0.022432119259272531,-0.025249121131862045,-3.5250703321936846E-5],[-0.0012295858610017025,0.00206344443910488,-0.0031912168355509632,0.0019279247888064832,0.00053274497748222877,-0.0069455149182227355,-0.021171737298598184,0.00076207862835996119,-0.000544482192207644,-5.059454629063092E-5,-6.7400375989344854E-5,0.00275196029792926,0.00976532458758123,-0.00183759199629397,-8.1717042566876148E-6],[-0.0020034765751343136,0.00054540995914814335,-0.0025786035653774129,0.0021257843454187274,0.018706798044054763,0.015898989832889402,-0.013357256519117738,0.00056497516239981766,-0.0011962365339074263,5.1297404378478514E-6,0.00027249951141803704,0.00022569043773674804,-0.013165046850093577,-5.4785620994259641E-5,-0.000875908037490886],[-0.0056851630130563772,-0.0037227392091343462,-0.0013754241179631103,-0.00042571034062818233,-0.016864074550682177,-0.0067732990852696594,-0.044998229002457694,-9.3255975810840267E-5,0.00052808704910606752,4.2116069104165662E-5,0.00016986628956083678,0.0023657340387133732,-0.013529338294283426,-0.00021959612808485714,-0.00026816841260740424],[-0.02193704345291143,0.0031181786022657239,0.0321107903626935,-0.010252006220389801,-0.42244891621848041,-0.084678314325290854,-0.50633604995487858,-0.0021489937499690865,0.034562262920353158,0.00080470690828442942,-0.013502533392469341,0.3061215069083747,-0.27530797597127482,-0.077299043407690213,-0.0015988766775316737],[0.045978222947831632,0.032341204703690021,-0.016662512056868108,0.010684315409236584,0.23466087144797274,0.010566649098761228,0.19038680671696423,0.0013117273371766097,0.0066136717331449265,-0.00039352741634806596,0.004188425350696595,0.020661992010605038,0.20277668917090072,0.07078009920336481,0.0097039322478624044],[-0.31854060161358194,-0.1225909942905422,-0.316072539396447,-0.0064201323243917134,-0.13445558449031289,0.10774041575498748,-0.37455084985867843,0.041878288028229717,0.038172318308003994,-0.030530756942061105,0.023659198197941888,-1.16801685621792,-0.69128304081400094,-0.084730872106978758,-0.022179322216827148],[0.06580404038014416,0.0703975261681885,0.11143921002408951,-0.014604063410606397,0.057142162169998151,-0.26035200602274089,-0.10009400302774471,-0.0018019317086786564,0.0020604716859554057,-0.0024700363127786464,0.014465207736891361,0.32133914744236269,0.37033329340873811,0.061821394287241087,0.0033956934219528468],[-0.0016012554344131595,-0.0012984414876661514,-0.0033988395501653012,-0.001092903387020307,0.00941789093906988,-0.0021411370921179018,0.00487270938317947,8.5837155422347977E-5,-0.00069793275609382867,-0.00013908235433062252,0.00032627817913305523,0.00064620229645403018,-0.0010684823760122157,0.0021475947511061509,-0.0013719810254552004],[-0.0013948498133386786,0.0002020113449876264,-0.00068803561056926977,0.0011590719547314387,-0.0036839952575181759,0.00045437681751951404,0.010102296338660981,0.00014681828543281877,-0.00045626942059863809,-6.5119951078244322E-6,-7.4085150572485219E-5,0.0034585723299866461,0.0020759795714258549,0.00033268947319817465,-0.00015270799024988803],[0.0032458977550947157,0.0076779656373255935,0.0084638367588603554,0.0004632577222785735,-0.028822370356635658,-0.023851676577080407,-0.026020685769425043,0.00086781593273787454,-0.0038479029081987461,-0.00015939084822868329,0.00020092441849398093,-0.00045158301553255883,-0.0078543521351699865,-0.014776172133107642,0.0043070034951321673],[-0.03961448084448304,-0.036395855659516856,-0.07788096837080774,0.0081703000022304954,-0.033175478784970222,-0.01754705851434403,-0.13627502589960869,0.0060015546777327095,0.00998052509053454,0.00070620805229614208,0.003725516246252752,0.0025250371603001347,-0.056205366056843696,0.040144663283834293,-0.03505092262440148]],"sigmahat":[[1.1760788403266913,1.0230144033236093,0.66802337429491776,0.098371519560579324,3.2215775265135287,0.56875835970887645,2.4850801207091697,-0.023397409357933649,0.0018515498873954376,0.0055037381428277542,-0.013432602916452674,0.29369711801232218,3.8461531969190266,0.0951754393141722,0.068075111703349567],[1.0230144033236093,1.3460399387423665,0.672465648840934,0.078067652546307584,2.1627776880758689,0.39707929115135537,1.8972090139084252,-0.011341184226197827,-0.088478468387169232,0.0019526281835501949,-0.012022073053507543,0.39038843577447691,3.7700369865652656,-0.010787229171153663,0.067108528699316938],[0.66802337429491776,0.672465648840934,1.2558842635924039,-0.0043520133702407513,1.462223084860546,0.9218220056632227,1.9154378042949589,-0.033162157900709859,-0.0382901688170856,0.0013404428915931119,-0.017174926095961853,0.20573094748537543,0.51938932292848883,-0.20762987880331882,0.047539210381046866],[0.098371519560579324,0.078067652546307584,-0.0043520133702407513,0.20492176566216669,0.27534087891587405,0.080565003150642245,-0.049416627413683654,0.010592151180365193,-0.040104187495535383,3.3219673212373409E-5,-0.0065168098571259771,-0.0724846157541895,0.68781362419951442,-0.052906489205278226,0.0018819561594158648],[3.2215775265135287,2.1627776880758689,1.462223084860546,0.27534087891587405,15.722718265826156,4.5646895771513964,10.148576191304892,-0.1306197498886166,0.35007245366317591,0.02850522591105609,0.0022247829742421724,1.9560200575424025,10.034352396485433,0.44549809745343644,0.25275956687786605],[0.56875835970887645,0.39707929115135537,0.9218220056632227,0.080565003150642245,4.5646895771513964,4.7257554034291482,3.8779799355387889,-0.07413638484012039,0.02583077547197505,0.012291141901148616,0.0073364726318760768,0.20549619529674454,-1.8931213001838081,-0.034449890386858466,0.012717872185971226],[2.4850801207091697,1.8972090139084252,1.9154378042949589,-0.049416627413683654,10.148576191304892,3.8779799355387889,17.438750727769353,-0.10233238001954464,0.13524351976133639,0.017988229106218525,0.0012637989671204946,1.2550179526347591,6.3803452800793243,0.3798400125866746,0.18062909723898021],[-0.023397409357933649,-0.011341184226197827,-0.033162157900709859,0.010592151180365193,-0.1306197498886166,-0.07413638484012039,-0.10233238001954464,0.0097204131532764634,-0.0049017853074589859,-0.000758000899029418,-0.0011915613506542607,0.0053702466452385557,-0.020656602998620231,-0.0078571742141926339,-0.0024408280497935746],[0.0018515498873954376,-0.088478468387169232,-0.0382901688170856,-0.040104187495535383,0.35007245366317591,0.02583077547197505,0.13524351976133639,-0.0049017853074589859,0.12843173846132352,0.0020668012807750105,0.0036764413552680952,0.17886876912291116,0.26066916865876733,0.15810513722715117,0.0068788813525610306],[0.0055037381428277542,0.0019526281835501949,0.0013404428915931119,3.3219673212373409E-5,0.02850522591105609,0.012291141901148616,0.017988229106218525,-0.000758000899029418,0.0020668012807750105,0.00071549008533706884,7.0038732932527193E-5,0.0016859406650102495,0.013678557821002966,0.0016396403144734858,0.00053758327666382445],[-0.013432602916452674,-0.012022073053507543,-0.017174926095961853,-0.0065168098571259771,0.0022247829742421715,0.0073364726318760759,0.0012637989671204937,-0.0011915613506542607,0.0036764413552680952,7.0038732932527193E-5,0.010366872258838877,0.04711543728328467,0.0078975902786108648,0.025448576698762458,-0.0015851059923053079],[0.29369711801232218,0.39038843577447691,0.20573094748537543,-0.072484615754189519,1.9560200575424025,0.20549619529674451,1.2550179526347591,0.0053702466452385557,0.17886876912291116,0.0016859406650102493,0.04711543728328467,9.1168073749634146,0.66652808840422706,0.59349925354679089,0.10825149108323279],[3.8461531969190266,3.7700369865652656,0.51938932292848883,0.68781362419951442,10.034352396485433,-1.8931213001838079,6.3803452800793243,-0.020656602998620238,0.26066916865876733,0.013678557821002966,0.0078975902786108648,0.66652808840422706,38.849393012590674,0.93761670104092265,0.27487509432820745],[0.0951754393141722,-0.010787229171153656,-0.20762987880331882,-0.052906489205278226,0.44549809745343644,-0.034449890386858466,0.37984001258667455,-0.0078571742141926339,0.15810513722715117,0.0016396403144734858,0.025448576698762458,0.59349925354679089,0.93761670104092265,2.0559696642371685,-0.012246937439930784],[0.068075111703349567,0.067108528699316938,0.047539210381046866,0.0018819561594158648,0.25275956687786605,0.012717872185971226,0.18062909723898021,-0.0024408280497935746,0.00687888135256103,0.00053758327666382445,-0.0015851059923053079,0.10825149108323279,0.27487509432820745,-0.012246937439930784,0.03848679671368465]],"n":15,"lags":3}