{"betahat":[[0.0886909,-0.0126961,0.235872,0.428382,0.200981,-0.432819,0.00370431,-0.607823,-0.105195,-0.033473,2.06823,0.0604967,-0.161911,4.8693,0.167184,1.21334,0.0282753,-1.37321,1.41743,1.4525,-0.158661],[0.91319,0.0988401,0.067495,-0.0473196,-0.107572,0.500022,0.00530342,0.0444469,0.00396348,0.0150511,0.988305,0.0142447,0.0344587,-0.132738,0.00325089,0.0122018,0.00237252,-2.69446,-0.0654942,0.0321114,-0.00361305],[0.135848,0.695248,0.0697578,-0.00120896,1.25666,0.345191,-0.00137786,0.103316,0.00822457,0.0316962,0.309227,0.0598438,0.0921315,-0.0771775,-0.0284387,-0.0144145,0.00913353,1.95855,0.0292837,0.035836,0.0337667],[-0.0634493,-0.0752637,0.860671,0.0171185,-0.342406,0.0118314,-0.00358218,0.0166416,-0.000191439,-0.00838307,-0.45796,8.73862e-05,0.00112356,0.184685,0.0225404,-0.0113034,-0.0055144,-0.125977,0.18155,-0.117316,-0.0139399],[0.104694,0.14712,0.0642686,0.829986,-0.199134,-0.0357634,-0.0176536,-0.0329998,0.00366807,-0.0299808,1.12726,-0.0852204,-0.0606197,0.710361,0.0430311,-0.0889349,0.00163635,2.44684,0.391271,0.184842,-0.0152949],[-0.0116494,-0.0287053,-0.0274428,-0.0111521,0.963567,0.0157699,0.000580192,0.00867636,0.00163217,0.000550639,-0.0320149,-0.00388883,-0.00573475,0.0426058,-0.0011848,0.00635017,-0.00151273,-0.179174,0.0420215,-0.00640481,0.00217966],[-0.0192555,-0.0203946,0.0142564,0.0314286,-0.276526,0.708966,-0.00282566,-0.0025828,-0.00210508,-0.00966095,-0.44888,-0.0229849,-0.0274082,-0.00498144,0.0117628,0.0122479,0.00164669,0.225225,-0.170881,0.0227748,-0.0162997],[-0.121216,-0.711483,-1.06658,0.0203778,2.67182,0.246622,0.962062,0.111761,-0.0321857,0.116027,4.23203,0.129367,-0.155093,7.168,-0.0111194,0.0441509,-0.0224555,-6.7837,3.65619,-0.647137,0.0656576],[-0.0447333,-0.165181,0.289282,-0.0386393,0.574594,1.09859,-0.0168255,1.08354,0.0222403,0.015881,-5.11635,0.0479531,0.180144,-2.34454,0.0133197,-0.0931662,0.0331643,0.516916,-0.119703,-0.327823,-0.00472637],[0.753831,1.12607,-0.0667026,0.340216,-0.159477,-1.25845,-0.0642973,-0.0660044,1.05734,-0.226389,-14.2032,-0.572838,-0.0540679,-4.79053,-0.0809629,0.324217,0.29134,7.95411,-2.91746,1.27564,-0.259162],[0.0271209,0.014401,-0.0561249,-0.177933,1.98295,0.291459,0.0949021,0.515928,0.0130848,1.03324,9.24977,0.0372658,-0.0529868,2.70717,-0.032331,0.248644,0.0736797,3.24931,-0.418957,0.835534,0.0984462],[0.0027295,-0.000385378,0.00905898,0.000346036,0.0434606,0.0380143,0.000736234,0.00153075,-0.000114777,-0.00204139,0.982147,-0.00182174,-0.000226645,-0.0222234,0.000449634,-0.00278754,0.00018971,0.00588319,-0.0151198,1.34235e-05,0.00125196],[0.508909,0.454106,-0.0384981,-0.098273,1.45605,0.846796,-0.0166012,0.12102,0.0228068,-0.00217943,-2.32322,1.02602,-0.0394494,1.58643,0.030251,-0.153475,-0.0247314,9.04149,1.60348,-0.749404,0.139687],[-0.605672,0.0804059,-0.0146878,0.155956,-3.16702,-0.512656,0.0226183,-0.18833,-0.00429934,0.00255234,-2.26975,0.0430634,1.05472,-2.57592,0.0462371,0.108809,0.0369443,-6.44799,-0.543384,0.449732,-0.021358],[0.0182497,0.00112195,0.0337707,0.0118113,0.128538,0.0913074,-0.00613895,0.00698792,0.00201035,0.00607,-0.0325154,0.0103103,0.00553712,1.06266,-0.000835688,-0.0116181,-6.52053e-06,0.0310883,0.0598248,0.00887465,0.00499879],[0.454041,0.313922,1.1651,-0.189044,0.661865,0.576507,-0.0421318,-0.0508931,0.0387024,0.0652351,-0.73244,0.0649987,0.199569,-0.0823209,1.14068,-0.0239941,0.0333029,4.62361,0.958847,0.115727,0.0309508],[0.137203,0.0127296,0.246748,0.270739,0.308176,0.501011,0.00387131,-0.154004,0.000523086,-0.0307458,-2.83217,-0.015247,0.0532071,-1.3113,-0.0321161,1.0555,0.00472461,-0.290013,-0.0772203,-0.194767,-0.0158155],[0.0107555,-0.0217172,-0.164291,0.15165,-0.754036,-0.305396,-0.0313202,0.336378,-0.00893544,0.0875974,0.587488,0.163236,0.221123,0.0633596,0.0905123,-0.147704,0.287595,9.41709,0.930018,-1.15674,0.0285416],[0.0101024,0.0133681,0.00659316,-0.00231165,0.0390341,-0.00544373,-0.0009369,-0.00587738,-0.00109971,-0.00315791,-0.117941,-0.0080228,-0.0101643,0.00185886,-0.000925171,-0.00712836,0.000476966,0.288215,0.0128248,-0.0149535,0.000340992],[0.0265406,0.0159888,0.0310517,-0.00533534,0.194204,0.0401307,-0.00725145,-0.0251294,0.00076418,-0.00279905,0.834561,-4.19613e-05,-0.00645714,0.143442,-0.00286841,-0.00910346,0.000688665,-0.053065,0.383683,0.125318,0.0192423],[-0.0643883,-0.0639444,-0.00212899,0.00626445,0.2532,0.259947,-0.000484983,0.0752187,-0.00689409,-0.010452,2.0577,0.0157879,0.00705312,-0.0380584,-0.00165588,-0.0568936,-0.0145427,-0.514974,-0.233427,0.515496,0.0215768],[0.346602,-0.0713228,1.12477,-0.195602,0.48867,-0.0674996,-0.0347618,-0.132513,-0.000651523,-0.0620527,1.23342,-0.0949329,0.00768163,0.752835,-0.0318851,0.0498462,0.0361611,3.24611,-1.3298,0.743219,1.14008],[0.117332,-0.0540269,-0.00798758,0.0858733,0.145368,-0.280993,-0.013333,-0.0666612,-0.00448637,-0.00576575,-0.528443,0.00565779,0.0222728,0.225418,-0.0081062,-0.0244454,0.00253668,1.72518,0.0757618,0.0276383,0.010715],[-0.0726833,0.298601,0.0300412,0.0495234,-0.904375,-0.202382,0.00480397,-0.05269,-0.00384337,-0.00379493,1.36953,0.037942,-0.0348722,0.846234,0.0148434,0.000480419,-0.0111993,-1.8995,0.103604,0.145578,-0.00573178],[-0.0227867,0.0487316,0.0677072,-0.0197135,0.081494,0.03028,-0.00153373,0.00249057,-0.000274191,0.00298863,-0.77961,-0.0264848,-0.018401,-0.530448,-0.00731519,0.00636435,-0.00024741,-0.582546,-0.341563,-0.000597909,-0.00508026],[-0.123966,-0.148006,-0.289291,0.0600443,0.319485,-0.22919,0.0133195,0.0448676,-6.82857e-05,0.0330383,0.726584,0.0673563,-0.016434,0.896983,-0.0178242,0.0886601,-0.00270604,-3.34111,0.109747,0.0404565,0.0389664],[0.0320718,0.0317466,0.0251142,0.00437085,0.0202872,-0.0542414,-0.00174756,-0.00954814,-0.00155132,0.000592262,-0.0839283,0.00163252,0.0104015,-0.0328716,-0.000329867,-0.00568952,0.00359959,0.237375,0.00733016,0.0115067,-0.00109453],[0.0382762,0.00909829,0.00567121,-0.033034,0.274633,0.16297,0.0018126,0.0171125,0.0032027,0.00819002,0.810612,0.018008,0.0138825,0.193965,-0.00654482,-0.0196923,-0.00172184,0.0219938,0.217359,0.0180077,0.0167638],[-0.552291,0.493638,0.869855,-0.418382,-4.47339,-1.28176,0.0193057,-0.203711,0.0092336,0.000218374,-8.18209,0.217682,0.343139,-7.71938,-0.37384,-0.0698256,0.0450456,-4.52941,-3.31806,1.31938,-0.14301],[-0.068825,0.0628773,-0.162786,-0.00255766,-0.787169,-1.08161,0.0142478,-0.0609577,-0.0163979,-0.0114869,-0.364241,-0.0456138,-0.132639,1.64696,0.0100358,-0.00573694,-0.0521654,-1.80753,-0.6591,0.155278,0.0179354],[-0.84651,-0.522902,-0.821863,-0.855685,-0.478172,0.651313,0.0728691,-0.116924,-0.0486663,0.324818,16.9598,0.419618,0.134457,7.70908,-0.15001,-0.339388,-0.194997,-4.8128,5.40547,0.984312,0.105275],[-0.195142,-0.0981535,-0.364628,0.291751,-1.96988,1.09183,-0.0800988,-0.690183,0.0103865,-0.0426588,-11.8689,-0.151922,0.0700095,-1.78437,-0.0387754,-0.054174,-0.0669649,-11.0574,0.0529046,-1.2575,-0.16964],[-0.00511695,0.00499863,-0.00473677,-0.00361954,-0.0483671,-0.0130316,-0.000759847,-0.0057901,-4.39753e-05,0.00174137,-0.00268059,0.00253238,0.00227133,-0.0104441,-0.000132075,0.00296873,-0.000182733,-0.0657891,0.0161467,-0.00234694,-0.000996778],[-0.20232,-0.101947,0.0059469,0.00297386,-0.458026,-0.390479,-0.00176058,-0.0465004,-0.0391529,0.000746048,-0.642583,-0.00494899,0.0348776,-1.35367,-0.078317,0.0598455,0.00323351,-5.68328,-1.06839,0.356101,-0.0970417],[0.631873,-0.047907,0.163241,-0.109599,3.11539,0.302575,-0.00419904,0.18666,0.00117118,-0.053523,1.73148,-0.0655384,-0.100628,2.43838,-0.0365455,-0.0694314,-0.0354271,8.12251,0.698725,-0.367047,0.043964],[-0.0110496,0.00215917,-0.0161794,-0.0199461,-0.113795,-0.0609663,0.00323114,-0.0048876,-0.00153366,-0.00397425,-0.031485,-0.011536,-0.00117311,-0.0732527,0.00318604,0.00947555,-0.000541899,-0.0599473,-0.0548959,-0.0203285,-0.00498668],[-0.379299,-0.543089,-0.965602,0.138292,-0.1536,-1.20228,0.0630732,0.103649,-0.0264087,-0.0349353,-0.856581,-0.0243898,-0.132803,0.550529,0.0313836,0.198111,-0.0321023,-2.38977,-0.868187,0.0869586,0.0866113],[-0.0868404,-0.116686,-0.134052,-0.174222,-0.113067,-0.354217,-0.00172136,0.116376,-0.00166877,0.00584344,1.82556,-0.025916,-0.066732,0.614351,0.01763,-0.0396262,0.000765481,0.685483,-0.103647,0.0461361,0.00265754],[0.0105669,0.110792,0.167116,-0.150333,0.642057,0.0949507,0.0089419,-0.385405,0.0103187,-0.0852685,-0.67165,-0.119279,-0.258922,0.700263,-0.0841558,0.0494516,0.746865,-9.91298,-0.583007,1.1188,-0.0761789],[-0.00137207,0.00555699,0.018846,0.000639845,0.0219894,0.0481873,-0.00142877,0.00534657,0.000243756,0.000271201,0.0508919,0.00483476,0.00377076,-0.0155254,-0.00375261,-0.00347863,-0.00102282,-0.0658042,-0.0126832,-0.00236066,0.0014964],[0.0146781,0.0440353,-0.0782709,0.0184859,-0.0299812,0.0419815,-0.00204229,-0.0280269,0.00173715,-0.00228481,0.0419116,-0.0055526,0.00287932,-0.165721,-0.00174914,-0.0124731,0.00133686,0.394119,0.193675,0.0562567,-0.00355991],[-0.0465633,-0.0209214,-0.217298,-0.0246721,-0.19689,-0.285229,-0.00846187,0.0685582,0.00445139,0.0243762,-0.489998,0.0244065,0.0518486,-0.75549,-0.00759538,-0.0430876,0.00657813,-0.674149,-0.126204,-0.156102,0.0157782],[-0.373359,-0.128447,-0.875335,-0.0942046,-1.253,-0.603504,0.0321076,0.147971,0.0139714,0.0813486,0.958037,0.0257942,-0.0302979,-0.0491553,-0.0528342,-0.104994,-0.022354,-3.66712,1.388,-0.489666,-0.14932],[-0.0305339,-0.0448264,-0.0595143,-0.0385553,-0.0378081,-0.219038,0.008029,0.0222195,0.000523236,-0.00928577,-0.459763,-0.0199025,-0.0567324,-0.0926371,0.0048555,0.0122422,-0.00490915,0.969165,-0.0102678,-0.0597574,-0.00710062],[-0.0631755,0.00613398,-0.0998034,-0.0483157,-0.352287,-0.142815,-0.00342692,-0.0506203,-0.00438113,-0.0279022,-1.67864,-0.0977858,-0.0572613,-0.768992,0.0135959,0.0139338,0.00206587,-0.0591109,-0.132886,-0.181423,-0.0280328],[0.0862159,0.0265114,0.0715936,0.00258777,0.260894,-0.0421456,0.00511594,-0.0191263,0.000466068,0.00539445,1.23766,0.0263975,0.017278,0.345778,-0.0152252,0.00493682,0.00576179,0.708325,0.160014,0.117905,0.0190191],[0.0192692,0.000886191,0.225033,0.10997,-0.120351,0.26496,0.00433383,-0.0118561,-0.00359904,-0.00305703,-1.85371,0.0178652,0.0770504,-1.60725,-0.0252076,0.000269052,0.00106977,0.894162,-0.501016,-0.225304,-0.0236684],[-0.0204434,-0.00306428,0.00233137,0.0067855,0.0160769,0.0384733,0.00116742,0.000884927,-7.82918e-05,-0.00114346,0.116006,0.00225219,-0.0046673,-0.00970322,0.00151503,-0.000664834,-0.00208755,-0.0585192,-0.0493665,-0.00512038,-0.00108123],[-0.0190337,0.0112782,-0.0199245,0.00160323,0.00187282,0.128042,0.00101318,-0.0145118,-0.00109615,0.00147017,-0.361633,0.00497492,0.0135214,-0.18889,-0.00521695,0.0074391,7.45402e-05,-0.247385,-0.0464871,-0.0407986,-0.000460885],[0.700488,0.249941,0.22618,0.423594,1.8548,1.10867,0.0122819,0.0610238,0.0188948,-0.115574,3.65589,-0.341707,-0.190418,0.630246,0.38634,0.0361188,-0.0204501,11.7268,-0.294111,-0.663935,0.0771735],[0.113556,0.102323,-0.126468,0.0411774,0.212453,-0.0169946,0.00257586,-0.0225612,-0.00583894,-0.00438459,5.47971,-0.00235145,-0.0475104,0.697619,-0.023373,0.0988873,0.018997,1.29002,0.778823,0.172443,-0.0132133],[-0.581851,-1.01184,-0.101302,0.208982,-3.84534,-0.788144,0.0965308,0.271436,-0.0288295,-0.118977,-9.91236,-0.227009,0.17188,-10.0946,0.164046,0.739529,-0.0665004,12.7657,-4.10205,-1.71562,-0.161484],[0.350883,0.493595,0.548062,-0.0100592,0.263239,-0.883181,0.00497993,0.0668109,0.00238279,-0.00616932,3.92863,0.148289,-0.105589,0.705487,0.17106,-0.285015,-0.00800595,8.49027,1.04265,0.396919,0.111799],[0.00258966,-0.0044683,-0.00386385,0.00373156,0.00494731,-0.0240496,6.93911e-05,0.00447409,0.000159237,0.000210306,0.0133291,-0.000710795,-0.00200156,0.0329155,-0.000151493,-0.00017169,-1.49419e-05,0.0633541,-0.00220308,0.00245812,-0.000188276],[-0.304443,-0.40943,-0.0283736,0.100953,-0.748386,-0.447069,0.0243373,-0.0522408,0.0216316,0.0146991,2.99003,-0.038073,-0.0160967,-0.0882126,0.0333893,0.049854,0.0214305,-3.47919,-0.381492,0.322301,-0.0305239],[-0.0383907,-0.0471378,-0.181381,-0.0500295,0.0691171,0.18591,-0.0183732,0.00226647,0.00310968,0.0548364,0.47436,0.0237189,0.033477,0.16373,-0.0229671,-0.0561405,-4.15534e-05,-1.58631,-0.11237,-0.112836,-0.0217783],[-0.00709247,-0.00319542,-0.0173652,0.00811816,-0.0143846,-0.0300421,0.00292463,-0.0017949,-0.000441408,-0.002078,0.0648281,0.00123643,-0.00431976,0.0102106,-0.00232919,0.00201554,0.000538882,0.0270198,-0.00508819,0.01157,2.5582e-05],[-0.0735622,0.231693,-0.200279,0.0504069,-0.506417,0.622966,-0.0204838,-0.0489827,-0.011824,-0.0301156,1.57293,-0.0400249,-0.0667694,-0.471605,-0.173021,-0.176701,-0.00117264,-2.25812,-0.0888756,-0.20266,-0.116796],[-0.0449083,0.113993,-0.105391,-0.0938564,-0.195205,-0.137322,-0.00172556,0.0413644,0.00148731,0.0252359,1.04607,0.042182,0.0122568,0.709429,0.0128975,-0.0236038,-0.00542016,-0.39511,0.185937,0.153122,0.0145896],[-0.0829525,-0.122971,-0.079977,-0.0865005,-0.0450944,0.0684411,0.00237289,-0.0211277,-0.0159018,-0.00312034,0.197268,-0.0255902,0.0713797,-1.15233,-0.00132353,0.100117,-0.0745291,1.50079,-0.297408,-0.0745757,0.00371902],[-0.00177283,-0.00621314,-0.000661902,-0.00921882,0.0286604,0.00520089,-0.000945918,-0.000905962,-0.000646648,-0.00067992,-0.130679,0.000773651,-0.000286187,0.0154119,-0.00106633,-0.00383421,0.000394776,-0.0165408,0.0123262,-0.00665211,0.00179717],[-0.0193568,-0.0377487,0.031232,-0.0151507,-0.00724113,0.0382473,-0.00142926,0.0146226,-0.000636037,-9.97486e-05,-0.581538,0.00646743,0.0199095,-0.29575,0.00690925,0.00125724,-0.00102887,0.000150509,0.0665489,-0.095571,0.00168561],[0.0244944,0.041252,0.0740271,0.00203884,-0.184386,0.0953308,0.00264551,-0.0159404,-0.00153739,-0.00267984,-0.81051,-0.0190797,0.00849115,-0.471156,-3.17146e-05,-0.0364969,-0.00660249,0.515675,0.167352,0.125968,0.0112687],[-0.0364547,0.0814161,-0.292445,0.226351,0.618744,0.399047,-7.86612e-05,0.0561965,0.00163172,-0.0190803,-2.01688,0.049557,0.0293424,-0.644973,0.0625606,0.0264837,-0.0114949,-0.792134,-0.200108,-0.387915,-0.0421201]],"sigmahat":[[0.467993,0.351929,0.455791,0.0359887,1.06104,0.394595,0.000924794,-0.01781,-0.00080624,-0.0107751,-0.00543785,-0.0116785,-0.0139852,0.282196,0.00518865,-0.0193565,-0.000347381,3.13356,0.215555,0.0718914,0.0373196],[0.351929,0.609748,0.41131,0.000902137,0.277756,0.412069,0.0016647,-0.0749532,-0.00109802,-0.00386803,-0.649509,-0.00431361,-0.00540762,-0.198032,0.00268315,-0.0448443,-0.00184794,1.67056,0.0665462,0.0355522,0.0106875],[0.455791,0.41131,1.09714,0.0253239,0.707319,0.72416,-0.0154291,-0.0377418,-0.00249749,-0.00608093,-1.21115,-0.0198698,-0.0171592,0.228235,-0.0132643,-0.00942833,0.00250319,2.73656,-0.0349112,-0.0914831,0.0293831],[0.0359887,0.000902137,0.0253239,0.217421,0.0478853,0.125262,0.00740375,-0.0311279,-0.00170076,-0.00542374,-1.09601,-0.0176831,-0.00885739,0.0889462,0.00217508,0.0240561,0.00388857,0.177436,-0.0138762,0.0290123,0.00936883],[1.06104,0.277756,0.707319,0.0478853,5.68562,1.64562,-0.0140785,0.173802,-0.00607067,-0.00478585,6.30787,0.0614382,-0.0470518,2.4697,0.023396,-0.0764128,-0.000913369,8.39197,1.02581,0.50879,0.216594],[0.394595,0.412069,0.72416,0.125262,1.64562,2.48186,-0.0321447,-0.0395133,0.0030936,0.00607291,-0.935144,-0.0101546,0.0626636,-1.11721,-0.0158411,-0.091587,0.000633574,2.69361,-0.0114528,0.0237156,0.0702608],[0.000924794,0.0016647,-0.0154291,0.00740375,-0.0140785,-0.0321447,0.00587655,-0.000725898,-0.000270283,-0.00136937,-0.0881111,-0.00298338,-0.00333572,0.0136712,0.00183524,0.00892969,0.000341015,-0.0216735,-0.000577935,0.0058741,-0.00163066],[-0.01781,-0.0749532,-0.0377418,-0.0311279,0.173802,-0.0395133,-0.000725898,0.109619,0.00256089,0.00237718,1.20263,0.0167978,-0.00866148,0.35851,0.00228429,-0.0149876,-0.00441785,0.436306,0.0609693,0.010361,0.00374383],[-0.00080624,-0.00109802,-0.00249749,-0.00170076,-0.00607067,0.0030936,-0.000270283,0.00256089,0.00179812,0.00059051,0.0288675,0.000491117,0.00011875,-0.000195386,-0.000457909,-0.00166208,0.000248253,-0.0538282,0.00256718,-0.00175978,3.70015e-05],[-0.0107751,-0.00386803,-0.00608093,-0.00542374,-0.00478585,0.00607291,-0.00136937,0.00237718,0.00059051,0.00967434,0.224019,0.0109186,0.00470777,0.110025,-0.0023205,-0.000176172,-0.000270864,-0.224896,0.0462753,0.00641707,0.00144778],[-0.00543785,-0.649509,-1.21115,-1.09601,6.30787,-0.935144,-0.0881111,1.20263,0.0288675,0.224019,106.82,0.895484,-0.314675,21.3479,-0.0210017,-0.32035,-0.0342567,6.61368,6.20302,4.28398,0.386757],[-0.0116785,-0.00431361,-0.0198698,-0.0176831,0.0614382,-0.0101546,-0.00298338,0.0167978,0.000491117,0.0109186,0.895484,0.0508977,0.0259338,0.229932,-0.00479003,-0.015801,-0.00105995,-0.137705,0.0816273,0.0652097,0.00953417],[-0.0139852,-0.00540762,-0.0171592,-0.00885739,-0.0470518,0.0626636,-0.00333572,-0.00866148,0.00011875,0.00470777,-0.314675,0.0259338,0.055322,-0.475731,-5.16977e-05,-0.00189843,-0.00242635,-0.181698,-0.0764905,0.0261195,-0.00581373],[0.282196,-0.198032,0.228235,0.0889462,2.4697,-1.11721,0.0136712,0.35851,-0.000195386,0.110025,21.3479,0.229932,-0.475731,16.7131,0.00303424,0.00455544,0.0204464,0.964584,3.25069,0.814011,0.270094],[0.00518865,0.00268315,-0.0132643,0.00217508,0.023396,-0.0158411,0.00183524,0.00228429,-0.000457909,-0.0023205,-0.0210017,-0.00479003,-5.16977e-05,0.00303424,0.0271811,0.0259325,-0.00326621,0.216075,-0.0178124,0.0262946,-0.00112113],[-0.0193565,-0.0448443,-0.00942833,0.0240561,-0.0764128,-0.091587,0.00892969,-0.0149876,-0.00166208,-0.000176172,-0.32035,-0.015801,-0.00189843,0.00455544,0.0259325,0.187993,0.00418692,-0.205059,-0.116664,0.0953068,-0.0163695],[-0.000347381,-0.00184794,0.00250319,0.00388857,-0.000913369,0.000633574,0.000341015,-0.00441785,0.000248253,-0.000270864,-0.0342567,-0.00105995,-0.00242635,0.0204464,-0.00326621,0.00418692,0.0079447,-0.0772952,-0.00329029,0.0132817,-0.000767761],[3.13356,1.67056,2.73656,0.177436,8.39197,2.69361,-0.0216735,0.436306,-0.0538282,-0.224896,6.61368,-0.137705,-0.181698,0.964584,0.216075,-0.205059,-0.0772952,66.5856,1.79571,0.618629,0.275626],[0.215555,0.0665462,-0.0349112,-0.0138762,1.02581,-0.0114528,-0.000577935,0.0609693,0.00256718,0.0462753,6.20302,0.0816273,-0.0764905,3.25069,-0.0178124,-0.116664,-0.00329029,1.79571,2.6209,0.150767,0.0842672],[0.0718914,0.0355522,-0.0914831,0.0290123,0.50879,0.0237156,0.0058741,0.010361,-0.00175978,0.00641707,4.28398,0.0652097,0.0261195,0.814011,0.0262946,0.0953068,0.0132817,0.618629,0.150767,0.846647,0.0136839],[0.0373196,0.0106875,0.0293831,0.00936883,0.216594,0.0702608,-0.00163066,0.00374383,3.70015e-05,0.00144778,0.386757,0.00953417,-0.00581373,0.270094,-0.00112113,-0.0163695,-0.000767761,0.275626,0.0842672,0.0136839,0.0279798]],"n":21,"lags":3}