{"betahat":[[0.139452,-0.212707,-0.00516712,0.40643,1.25276,-0.300739,-0.0108944,-0.647308,-0.0954396,-0.111454,2.09184,0.0615943,-0.164019,5.18144,0.215799,1.12192,0.106439,2.39918,1.19929,-0.0837415],[0.961901,0.0907584,0.0649885,-0.0324779,0.0703614,0.406572,-0.000145755,0.0185538,0.00134426,0.00413015,0.339891,-0.010908,-0.00106366,-0.0712484,-0.0019217,-0.0144558,0.00302579,-0.0337017,-0.00598522,0.000818883],[0.130355,0.778267,0.0839192,-0.0126707,1.12157,0.330976,-0.00300012,0.0903704,0.00584925,0.0226272,0.302356,0.0462848,0.0668184,0.0171296,-0.0279072,-0.0339319,0.0090729,0.0549362,0.00426275,0.0316888],[-0.0548614,-0.0726707,0.89718,0.00240128,-0.223145,0.0334088,-0.00543818,0.0183487,-0.00134778,-0.0088967,-0.58251,-0.00369127,-0.00117577,0.145239,0.0202621,-0.0147687,-0.0394176,0.148699,-0.120655,-0.00864741],[0.0822747,0.12505,0.00919122,0.837743,-0.175638,-0.127226,-0.015212,-0.0499496,0.000749179,-0.0266363,0.643455,-0.0893364,-0.0712993,0.654577,0.0419446,-0.0802783,0.0438056,0.377842,0.117151,-0.0152567],[-0.00625666,-0.0124944,-0.00550441,-0.00835717,0.972013,0.0264444,-0.000480885,0.00530528,0.000862028,-0.000191515,-0.0303664,-0.00401281,-0.00521131,0.0170998,-0.0019205,0.00467093,-0.00500525,0.0147145,-0.00413696,0.00113211],[-0.0263432,-0.0289474,-0.00270849,0.0149787,-0.255368,0.760273,-0.00276534,-0.00087386,-0.00158145,-0.00704719,-0.410224,-0.01656,-0.0176056,-0.0301181,0.00903584,0.00763211,0.00552585,-0.143455,0.0142018,-0.0119332],[-0.0514169,-0.595233,-0.849207,0.155322,2.14508,0.370771,0.981705,0.0834302,-0.0173511,0.101166,4.35053,0.120964,-0.0962984,5.45385,-0.063057,0.0873465,-0.193631,2.83326,-0.410873,0.010038],[-0.030376,-0.0826469,0.242875,-0.0854669,0.626747,0.935301,-0.0191039,1.04383,0.0157537,0.00609327,-5.41047,0.0112965,0.1106,-1.82088,0.00672816,-0.116521,0.190657,-0.0553138,-0.328274,0.00624085],[0.400361,0.772751,-0.640021,0.0578283,-1.60642,-2.06385,-0.00161247,-0.105495,1.05342,-0.0502576,-13.5854,-0.429127,0.236977,-4.7725,0.10335,0.371754,0.402153,-2.1771,1.1391,-0.286953],[0.0276285,-0.140305,-0.0354179,0.0435678,1.34504,0.267255,0.09442,0.471918,0.0408968,1.04664,8.93384,0.131581,0.056601,2.61293,-0.0392177,0.296663,0.362973,-0.498291,1.11246,0.0836349],[0.00306667,-9.07516e-05,0.00769477,0.000476263,0.0419135,0.0366976,0.000365961,0.00146233,-5.95998e-05,-0.00189751,0.982103,-0.00153356,-0.000422392,-0.0222366,2.21933e-05,-0.00338612,-0.00108896,-0.0130398,-0.00251907,0.00132242],[0.434727,0.356607,0.0186122,-0.0823191,1.32576,0.757863,-0.0159381,0.0850092,0.0138964,-0.00674616,-3.1092,1.02103,-0.021866,0.973839,0.025205,-0.136951,-0.0895803,1.25365,-0.620071,0.12603],[-0.533661,0.0483133,-0.0846046,0.0735407,-2.90988,-0.720926,0.0268803,-0.141323,-0.00297337,-0.0124393,-2.46075,0.0114331,1.00583,-1.95258,0.0454146,0.0984383,0.105222,-0.456032,0.313751,-0.0299683],[0.015461,-0.000299835,0.0253599,0.00617974,0.11054,0.0819711,-0.0049308,0.00742137,0.00198033,0.005651,0.00728055,0.00906591,0.00625247,1.07039,-0.000257794,-0.00801059,-0.000480959,0.0447056,0.00822739,0.00391748],[0.527161,0.374277,1.27188,-0.0629266,0.84107,0.629183,-0.0469765,-0.0188062,0.0346264,0.0186757,-0.354678,0.0100091,0.101573,-0.0837185,1.09795,-0.0480252,-0.196438,0.655072,0.077962,0.0216648],[0.101523,0.00283528,0.158426,0.213598,0.185322,0.337633,0.00725874,-0.140089,-0.00079209,-0.0229939,-2.26611,-0.0214504,0.0345405,-0.972244,-0.0189379,1.06238,0.0652245,-0.005851,-0.152901,-0.0221011],[0.0595526,-0.00871118,0.281168,0.0957944,-0.21514,0.198742,-0.018523,0.159165,0.00415571,-0.00737098,1.17078,0.038471,0.0381552,-0.101183,-0.0341681,-0.0416259,0.886801,-0.0456351,-0.242807,-0.0189049],[0.0304663,0.022217,0.048242,-0.00482778,0.229155,0.0690981,-0.00746818,-0.0177398,0.000227279,-0.00370273,0.761258,-0.00257062,-0.0101146,0.128445,-0.00258959,-0.00779999,0.00448342,0.421318,0.110158,0.0183568],[-0.0561147,-0.0690095,-0.0225971,0.00769502,0.288427,0.257592,0.00118482,0.0712492,-0.00584219,-0.00613586,2.0726,0.0160741,0.0152284,-0.0128953,0.0056925,-0.0524031,-0.0422486,-0.159875,0.529211,0.0283187],[0.303648,0.0391862,0.971184,-0.234547,0.363212,-0.0231498,-0.0418061,-0.132379,-0.00373,-0.0604073,0.155448,-0.11365,-0.0398297,0.419389,-0.0481826,-0.029428,0.175711,-1.00348,0.575397,1.10626],[0.0619978,-0.0494048,0.0218877,0.0646878,0.0198225,-0.147302,-0.00991036,-0.0156143,-0.000129917,0.00463703,0.0947904,0.0365987,0.0489605,0.156261,-0.00908315,0.00189038,0.00279854,0.0241337,0.0591315,0.00873698],[-0.0704812,0.229217,0.00762029,0.0434804,-0.787859,-0.18585,0.00335117,-0.0437025,-0.00322286,-0.00388674,1.06833,0.0247854,-0.0290217,0.575047,0.0134864,0.00994453,-0.0147179,0.0579916,0.104207,-0.00895769],[-0.00806011,0.050883,0.0703711,0.00063705,0.0474392,0.0289174,-2.71726e-05,-0.00184096,0.00121947,0.00491033,-0.297495,-0.0105582,-0.00784341,-0.348875,-0.0102509,0.00500203,0.0135489,-0.244493,0.0275017,-0.00296102],[-0.0891612,-0.0958494,-0.196781,0.0669942,0.210936,-0.153031,0.0119648,0.0432686,0.000391187,0.0287771,0.702099,0.0602701,0.00291914,0.509588,-0.0173819,0.0721313,-0.025018,0.0137975,0.0517762,0.0276047],[0.0198321,0.0152278,0.0146941,0.00420205,0.0143259,-0.0385365,-0.00114557,-0.00412303,-0.000616844,0.000903864,-0.0309815,0.00366228,0.00998345,-0.0150491,-0.00023342,-0.00428977,0.00890566,0.0110365,0.00957791,-0.000354457],[0.0373913,0.0156417,0.010158,-0.0195685,0.23258,0.132448,0.00172572,0.0105981,0.00218327,0.00597413,0.608424,0.0126651,0.00935742,0.14999,-0.00442721,-0.0122955,-0.00299904,0.179323,0.0194859,0.0116457],[-0.407275,0.383685,0.661698,-0.380684,-3.38882,-1.06339,0.0081432,-0.122574,0.00832855,-0.011612,-5.17096,0.130957,0.211791,-5.15255,-0.23266,-0.0923135,0.20019,-2.43354,0.954113,-0.0682181],[-0.0509821,0.0330082,-0.136437,0.0503096,-0.786936,-0.856529,0.0167831,-0.0280032,-0.0118712,0.000565772,0.834478,-0.0132259,-0.0631229,1.11795,0.012432,0.0415748,-0.217812,-0.52559,0.150256,0.00663432],[-0.608958,-0.311979,-0.649273,-0.653531,0.137894,0.372963,0.038965,-0.151929,-0.058555,0.150127,10.6318,0.160946,-0.127954,4.84199,-0.16846,-0.252567,-0.105453,3.7867,0.416812,0.0482561],[-0.0625121,0.0618268,-0.438343,0.113217,-1.31594,0.460579,-0.0602218,-0.574157,-0.011304,-0.0693077,-9.71212,-0.25111,-0.0934402,-1.26014,0.0279397,-0.139128,-0.224706,0.430786,-1.31806,-0.145786],[-0.00465798,0.00285748,-0.00433115,-0.00199986,-0.0458503,-0.0166371,-0.000444866,-0.00413032,-3.17348e-05,0.00152311,-0.0055346,0.00172049,0.00209575,-0.00871396,0.000242112,0.00356099,-0.000438521,0.0110378,-5.81596e-06,-0.00123012],[-0.105705,-0.0318955,-0.0118659,0.0300565,-0.378476,-0.413854,0.00196331,-0.0477051,-0.0260629,-0.000759635,0.420286,-0.044486,-0.0133533,-0.771849,-0.0608299,0.0507291,-0.0308289,-0.701802,0.243121,-0.0815276],[0.527977,0.000355958,0.163179,-0.0329594,2.62206,0.433014,-0.0108537,0.152488,0.000961228,-0.0205588,2.19421,-0.0193698,-0.034259,1.85969,-0.0384899,-0.0620426,-0.0975771,0.512505,-0.283306,0.0426807],[-0.00948605,0.00357184,-0.0139591,-0.0117224,-0.0996584,-0.0551727,0.00259155,-0.00583409,-0.00145309,-0.00351339,-0.0574977,-0.00952911,-0.00231231,-0.0749171,0.00199396,0.00622906,-0.00357354,-0.0411597,-0.0165314,-0.0039288],[-0.387803,-0.456982,-0.832498,0.0614892,-0.320662,-0.813075,0.0491595,0.105356,-0.0201331,-0.00299727,-0.389118,0.0312012,-0.0430766,0.249397,0.00389444,0.12639,0.123649,-0.624294,0.00666598,0.0597143],[-0.074151,-0.0765674,-0.0940834,-0.130276,-0.130766,-0.273757,-0.00276557,0.103325,3.77868e-05,0.00631624,1.48193,-0.00847839,-0.0409231,0.473124,0.0121857,-0.0342543,-0.0330279,-0.130999,0.0538598,0.00772597],[0.0730661,0.10874,0.0223275,-0.0740178,0.443397,-0.0253811,0.0107906,-0.190463,-0.00265484,-0.0221037,-0.825209,-0.0765256,-0.105507,0.314326,-0.0101695,0.0044987,0.367643,-0.0251542,0.396821,-0.010991],[0.0144867,0.0399314,-0.0542369,0.0146833,-0.0401505,0.0494361,-0.00229223,-0.0257125,0.00153528,-0.000878246,0.0862272,-0.000522642,0.00777274,-0.1138,-0.00317508,-0.00858052,0.00426671,0.177644,0.0486626,-0.00390298],[-0.0460541,-0.0175481,-0.175503,-0.0203347,-0.246184,-0.251789,-0.00576962,0.0575445,0.00445047,0.0197141,-0.414017,0.021144,0.0481804,-0.737957,-0.00383471,-0.0303794,0.0341644,-0.142415,-0.105185,0.0106796],[-0.32052,-0.154064,-0.696107,-0.0187506,-1.03583,-0.47979,0.0275428,0.142839,0.0116704,0.0676898,0.892673,0.046826,0.02465,-0.19171,-0.0251165,-0.0478065,-0.0861085,0.896401,-0.375933,-0.124198],[-0.0239048,-0.0413547,-0.0868855,-0.0322091,-0.0902167,-0.259273,0.010056,-0.00293915,-0.00121333,-0.00876583,-0.434657,-0.0256923,-0.0479001,-0.0850039,0.0110012,0.0125654,-0.00582234,0.00956586,-0.0531471,-0.00955669],[-0.0598764,-0.00748673,-0.091543,-0.0308095,-0.333713,-0.145122,-0.000351634,-0.0466673,-0.00262575,-0.0187398,-1.37066,-0.071072,-0.0378017,-0.592145,0.0144171,0.0239873,0.00564835,-0.112927,-0.108474,-0.0227309],[0.0629071,0.0217778,0.0324115,-0.0030409,0.175659,-0.0623625,0.00546629,-0.016507,0.00012977,0.00398811,0.880018,0.0142484,0.00901768,0.203613,-0.010015,0.0097679,0.0258691,0.0957949,0.0931553,0.0116052],[0.006891,-0.0291865,0.187595,0.0952655,-0.035324,0.280265,0.00324796,0.00668904,-0.00113858,-0.0021374,-1.34547,0.0290658,0.0683743,-1.16411,-0.0245671,0.0081439,-0.0187862,-0.391639,-0.168921,-0.0123476],[-0.0135934,-0.00274657,-0.00918862,0.00416134,0.0135306,0.0120927,0.00162763,-0.00117351,-0.000241674,-0.000709165,0.0613649,0.00034359,-0.00477395,-0.00207393,0.00215109,-0.000381328,-0.00390887,-0.0257658,-0.00544808,-0.000778559],[-0.0110555,0.0132965,-0.00745001,0.00459005,0.0227334,0.107253,0.00104076,-0.00970897,-0.000599305,0.00107522,-0.198164,0.00389048,0.00824103,-0.119812,-0.00461041,0.00466116,-0.00253168,-0.0358761,-0.0336938,0.00028754],[0.492194,0.248315,0.216733,0.238817,1.34685,0.779107,0.00111422,0.0103076,0.00497396,-0.0910304,0.497343,-0.247756,-0.120855,-0.193805,0.29278,-0.000298102,0.0141517,-0.351061,-0.550513,0.0633926],[0.0813231,0.0496345,-0.106489,0.0351741,0.159884,-0.0788253,0.00231988,-0.0157885,-0.00387694,-0.00664439,4.57635,0.00194139,-0.0474627,0.702958,-0.0191662,0.0749313,0.0271571,0.580856,0.178032,-0.0128924],[-0.407991,-0.493953,0.573153,0.000771305,-1.67617,0.822224,0.0121136,0.169694,-0.0657043,-0.150516,-8.71094,-0.148094,0.0563384,-8.2125,-0.0675874,0.343834,-0.112325,-3.08575,-1.59159,-0.0724225],[0.216826,0.396533,0.613344,-0.0219939,0.248816,-0.273476,-0.0200344,0.0198943,0.00171481,0.00122677,2.67027,0.163331,-0.0385574,0.303119,0.0917618,-0.224853,-0.233913,0.75264,0.270378,0.103213],[0.00174261,-0.00253592,-0.00255341,0.0018572,0.0038618,-0.0188646,0.000102914,0.00291821,6.22412e-05,0.000292275,0.0127946,-0.000212163,-0.00163036,0.0301713,-0.000117783,-0.000286547,0.00145739,0.000508551,0.00245069,-7.16967e-05],[-0.311326,-0.370506,-0.0634797,0.0754223,-0.688692,-0.319183,0.0208836,-0.010696,0.0186054,0.0191785,2.72066,0.00508546,0.0139171,-0.0332099,0.0208444,0.0398315,0.0845844,-0.390463,0.301739,-0.0303887],[-0.0148885,-0.0656766,-0.120145,-0.0480651,0.307658,0.239539,-0.0153328,-0.00875876,0.00180481,0.0338071,0.144572,0.00605043,0.00762435,0.159564,-0.0224941,-0.0522542,0.00423407,-0.0320488,-0.075594,-0.0118148],[-0.0059226,-0.00309267,-0.011124,0.00559575,-0.0114465,-0.0265438,0.00236796,-0.00128911,-0.000487036,-0.00207435,0.0498944,0.000496353,-0.00382533,0.00371618,-0.00169006,0.00176359,0.003925,-0.00422346,0.00852504,1.44315e-06],[-0.138725,0.0849148,-0.440506,0.000821311,-0.522915,0.177606,-0.00179677,-0.0823881,-0.0140782,-0.0149685,0.753506,-0.0397356,-0.0576837,-0.172099,-0.10304,-0.080745,0.072347,-0.0338269,-0.0821564,-0.0809641],[-0.0234456,0.0814144,-0.0584923,-0.0799807,-0.0641583,-0.060998,-0.00389711,0.0408119,0.00116029,0.0178914,0.849948,0.0313473,0.00610093,0.513296,0.0053281,-0.033686,-0.0316394,0.135432,0.106891,0.0151462],[-0.133233,-0.0798372,-0.281816,-0.0403067,-0.279466,-0.183367,0.00582642,0.0222247,-0.00510311,0.033704,-0.328451,0.037807,0.0713834,-0.312633,0.0454455,0.0350571,-0.285336,0.0592395,-0.167216,0.0178763],[-0.0174545,-0.0365781,0.0172041,-0.0119552,-0.0221987,0.00437297,-0.000847365,0.00963413,-0.000517293,-0.000656887,-0.490423,0.00262838,0.0140656,-0.23327,0.00598411,-0.00156724,-0.000200605,0.0570809,-0.0794861,0.000922411],[0.0151213,0.023142,0.0568016,-0.0049766,-0.159793,0.0650524,0.00338176,-0.00644368,-0.000993175,0.00128309,-0.561678,-0.0108404,0.0165503,-0.407644,0.00196833,-0.0246902,-0.0303621,0.122401,0.105414,0.011744],[-0.0630226,0.000442645,-0.3183,0.195731,0.43014,0.253071,0.0105769,0.057221,0.00524678,-0.00505642,-0.830707,0.0490963,0.0238549,-0.256755,0.0541874,0.0529611,-0.0812963,-0.079916,-0.305559,-0.0344364]],"sigmahat":[[0.51231,0.37525,0.479078,0.0349031,1.19207,0.407766,0.000378043,-0.0209621,-0.00105485,-0.0127542,0.00616253,-0.0149115,-0.0169995,0.349506,0.00679176,-0.0260435,-0.000120522,0.264507,0.0699334,0.0422989],[0.37525,0.661591,0.442864,0.00771955,0.285616,0.439407,0.00104449,-0.0827126,-0.00152998,-0.00638514,-0.663064,-0.00806451,-0.0120793,-0.171609,0.00356422,-0.047105,-0.0115719,0.081637,0.0457121,0.0120807],[0.479078,0.442864,1.1742,0.0222088,0.810468,0.828147,-0.0177614,-0.0412072,-0.00275232,-0.00744199,-1.41361,-0.0145569,-0.00921091,0.159724,-0.0143313,-0.0200926,0.00236103,-0.0618746,-0.085923,0.0375446],[0.0349031,0.00771955,0.0222088,0.238983,0.00478156,0.127089,0.0086908,-0.0335964,-0.00115306,-0.00365306,-0.963946,-0.0152675,-0.00353964,0.0536627,0.00458966,0.0315028,0.0178451,-0.0460241,0.035157,0.00679687],[1.19207,0.285616,0.810468,0.00478156,6.63149,1.97455,-0.0239046,0.192613,-0.0064915,-0.0127045,6.31065,0.0686936,-0.0542928,2.77965,0.00330141,-0.135786,0.0207145,1.17275,0.426012,0.248266],[0.407766,0.439407,0.828147,0.127089,1.97455,2.96648,-0.0404772,-0.0268133,0.00440116,0.00932147,-0.979568,0.0181792,0.101446,-1.33535,-0.0305477,-0.127331,-0.00663027,-0.015451,-0.0261195,0.0858404],[0.000378043,0.00104449,-0.0177614,0.0086908,-0.0239046,-0.0404772,0.0065388,-0.000614856,-0.000169663,-0.00132003,-0.0607441,-0.00324712,-0.00364942,0.015079,0.00232473,0.0109477,-0.000112551,-0.00111574,0.00822863,-0.00213037],[-0.0209621,-0.0827126,-0.0412072,-0.0335964,0.192613,-0.0268133,-0.000614856,0.125477,0.00318769,0.00629186,1.30848,0.0241013,-0.00020029,0.365373,0.00249136,-0.0186814,-0.0197586,0.066733,-0.000347049,0.00651194],[-0.00105485,-0.00152998,-0.00275232,-0.00115306,-0.0064915,0.00440116,-0.000169663,0.00318769,0.00199752,0.00105376,0.0492633,0.00111305,0.000840763,0.00110674,-0.000304232,-0.00136051,0.00219357,0.00253577,0.000106293,-9.74564e-05],[-0.0127542,-0.00638514,-0.00744199,-0.00365306,-0.0127045,0.00932147,-0.00132003,0.00629186,0.00105376,0.0114579,0.29324,0.0145177,0.00843397,0.117081,-0.00275976,0.000525075,-0.0028771,0.0516315,0.0105902,0.00186628],[0.00616253,-0.663064,-1.41361,-0.963946,6.31065,-0.979568,-0.0607441,1.30848,0.0492633,0.29324,115.928,1.01522,-0.249853,23.262,-0.0218632,-0.222137,-0.265554,6.48631,4.84903,0.419188],[-0.0149115,-0.00806451,-0.0145569,-0.0152675,0.0686936,0.0181792,-0.00324712,0.0241013,0.00111305,0.0145177,1.01522,0.0619386,0.036113,0.242306,-0.00659845,-0.0154149,-0.00791362,0.0898935,0.0730092,0.0120199],[-0.0169995,-0.0120793,-0.00921091,-0.00353964,-0.0542928,0.101446,-0.00364942,-0.00020029,0.000840763,0.00843397,-0.249853,0.036113,0.0705443,-0.529732,-0.00124278,-0.00083172,-0.0217637,-0.0813142,0.0264371,-0.00432936],[0.349506,-0.171609,0.159724,0.0536627,2.77965,-1.33535,0.015079,0.365373,0.00110674,0.117081,23.262,0.242306,-0.529732,18.2617,0.0098918,-0.00351992,0.150081,3.60436,0.963265,0.293365],[0.00679176,0.00356422,-0.0143313,0.00458966,0.00330141,-0.0305477,0.00232473,0.00249136,-0.000304232,-0.00275976,-0.0218632,-0.00659845,-0.00124278,0.0098918,0.0301902,0.0269232,-0.0187677,-0.0175304,0.0236815,-0.00183326],[-0.0260435,-0.047105,-0.0200926,0.0315028,-0.135786,-0.127331,0.0109477,-0.0186814,-0.00136051,0.000525075,-0.222137,-0.0154149,-0.00083172,-0.00351992,0.0269232,0.201778,0.0230982,-0.140989,0.113108,-0.019072],[-0.000120522,-0.0115719,0.00236103,0.0178451,0.0207145,-0.00663027,-0.000112551,-0.0197586,0.00219357,-0.0028771,-0.265554,-0.00791362,-0.0217637,0.150081,-0.0187677,0.0230982,0.151069,-0.0360019,0.0612754,-0.00492812],[0.264507,0.081637,-0.0618746,-0.0460241,1.17275,-0.015451,-0.00111574,0.066733,0.00253577,0.0516315,6.48631,0.0898935,-0.0813142,3.60436,-0.0175304,-0.140989,-0.0360019,3.08022,0.124551,0.0920559],[0.0699334,0.0457121,-0.085923,0.035157,0.426012,-0.0261195,0.00822863,-0.000347049,0.000106293,0.0105902,4.84903,0.0730092,0.0264371,0.963265,0.0236815,0.113108,0.0612754,0.124551,0.996448,0.013531],[0.0422989,0.0120807,0.0375446,0.00679687,0.248266,0.0858404,-0.00213037,0.00651194,-9.74564e-05,0.00186628,0.419188,0.0120199,-0.00432936,0.293365,-0.00183326,-0.019072,-0.00492812,0.0920559,0.013531,0.0305894]],"n":20,"lags":3}