{"betahat":[[-0.103037,-2.98617,-2.15428,-1.55338,6.87868,3.68832,-0.358218,-8.32386,0.00532847,-0.243525,-1.79988,12.4033,96.7802,-2.41954,-0.954921,-2.37567,16.7657,4.01205,1.29655,9.93347,11.884,0.0844336,-11.6388,2.58605,1.5042],[0.862289,0.0535179,-0.00120375,-0.0457111,0.0278311,0.534854,0.00110403,0.0462706,0.00250937,0.0058255,0.0083222,-0.0785995,1.11997,0.0255091,0.0226386,-0.106433,0.00895785,-0.0368792,-0.0030808,-1.62716,-0.2714,0.00881824,0.17433,-0.026522,0.000740763],[0.0751437,0.667226,0.0321696,-0.0178469,1.10697,0.234119,-0.00180996,0.0854424,0.00518447,0.00363451,0.0251093,0.0548786,0.986145,0.053824,0.0780704,0.0362533,0.023748,0.042355,0.000333677,1.71843,0.00922174,0.000213323,0.496146,0.0249832,0.0306071],[-0.0377765,-0.0536591,0.808675,0.00405013,-0.133237,0.118681,-0.00412881,0.0216833,-0.000105381,0.00143461,0.000638687,-0.121951,0.280559,0.0201849,0.000255043,0.385493,-0.0121589,-0.00189742,-0.00375252,0.270516,0.078117,-0.000726719,0.394151,-0.0103724,0.00264381],[0.00183576,0.0529087,-0.0708527,0.842073,-0.350311,-0.318422,-0.00546366,-0.00817144,0.00764455,0.0114124,-0.0244379,-0.079248,0.660847,-0.0782633,-0.0709111,1.03868,0.0289456,0.0610319,0.00261538,1.56615,-0.110101,0.00307041,0.346028,0.091561,-0.0266506],[-0.0086236,-0.0221208,-0.0064866,-0.0118286,0.999613,0.0503313,-0.00126167,0.0153598,0.00147266,0.00076407,-0.00116936,-0.0206804,0.166986,-0.00672944,-0.00507908,-0.0453274,0.010306,-0.0247739,-0.00121908,-0.183669,-0.0415992,0.00214693,-0.0773773,-0.00533166,0.00667521],[-0.0181688,-0.019574,0.00460394,0.0201395,-0.320637,0.712952,-0.00138978,-0.00270449,-0.00197789,-0.00133056,-0.00853871,0.00303692,-0.197578,-0.0223832,-0.0241352,-0.025759,-0.0242591,0.0186193,0.00285151,0.0962136,0.00864626,-0.00160716,-0.187155,-0.0116909,-0.0129867],[0.401766,-0.439149,-0.676526,0.00949757,3.34765,1.81205,0.873021,-0.0623593,-0.042032,0.00905135,0.123162,1.01973,2.7805,0.0969566,-0.0533513,6.15704,-0.00586082,0.826262,0.000734423,-2.84257,-1.19752,-0.00483174,0.794439,0.0465866,0.123035],[-0.0649613,-0.071464,0.375215,-0.0435576,0.351295,0.89654,-0.020036,0.923254,0.00383555,-0.00123669,-0.00556629,-0.287987,-3.18165,0.00957374,0.137314,-2.79318,0.122764,0.00976575,0.0191309,-0.173104,0.155286,-0.00697791,-0.358479,-0.215229,-0.0487718],[0.118787,1.2299,-0.521935,0.777531,0.443769,-2.83595,0.0232745,-0.409794,0.905007,0.105647,0.0597774,-3.0403,32.561,-0.276353,-0.641319,3.42569,0.16076,-1.0113,0.209448,4.53711,-6.11235,0.0777117,3.33379,-0.470134,-0.147192],[2.71041,0.369493,2.37324,-0.82772,7.9917,5.90371,-0.309061,0.0153959,0.0446739,0.710962,-0.344014,5.1198,-63.4114,-0.526797,0.445955,-1.38487,0.918599,1.27276,-0.0440057,15.0994,5.30402,0.219616,-4.42407,0.274518,0.155068],[0.187674,0.347953,0.330601,-0.519032,1.92745,0.569994,0.0384496,0.355707,0.0293713,0.0430743,0.921703,-1.56467,6.87516,0.0277441,-0.0563482,2.48371,0.031238,0.224512,0.0564538,-0.225476,0.432831,0.0833725,-2.89505,1.16854,0.0324751],[-0.00856603,0.0165283,-0.0119169,0.00692788,-0.143739,-0.079209,-0.000336675,-0.0056026,-0.00542085,-0.000448479,-0.0125666,0.708465,0.194267,-0.00541962,0.0152915,-0.639156,-0.0104982,0.0461794,-0.00678761,-0.147322,0.0179629,-0.00321984,0.151077,0.0564041,-0.0263913],[-0.000303149,-0.00345217,0.00415171,0.00393696,0.0274778,0.0404696,0.00108478,0.00521161,-6.353e-06,-0.000282936,-0.00178827,-0.00446614,0.813811,-0.00138716,0.00188905,-0.0672381,-0.00444706,-0.000979949,-0.000417043,0.0447398,0.0166001,-0.000240355,0.0102621,0.0067179,0.0019403],[0.583731,0.406735,0.0972301,-0.0230881,1.80306,0.734891,-0.00863739,0.113883,0.0202728,0.015164,0.0277446,0.900241,-0.936475,0.938817,-0.0180457,1.66748,0.161919,-0.294668,-0.0355963,8.43551,-0.319799,-0.0082938,2.12414,-0.87432,0.118992],[-0.738188,-0.0852917,-0.0697714,0.205506,-3.37581,-0.399947,0.0459505,-0.112075,-0.00521787,-0.0151106,-0.00443075,0.151061,-4.92417,0.0518525,0.966602,-3.04335,0.0737924,0.191429,0.043187,-4.83386,-0.257365,0.0104547,0.59594,-0.0587418,0.0165069],[0.012648,-0.00138657,0.0284187,0.00899138,0.103444,0.0517423,-0.00357182,0.00553451,0.000933485,0.00148989,0.00713098,-0.000124209,0.148164,0.0103216,0.00092858,1.08033,-3.1025e-05,0.00422126,0.000147695,0.0259233,-0.0162407,-0.000232899,0.0660267,0.00702853,0.0044596],[0.474505,0.368956,1.1239,-0.307465,1.1543,0.299366,-0.0377416,0.0846838,0.0376429,0.0203825,0.122068,-0.292627,2.74316,0.0727077,0.0228646,1.00922,0.377565,-0.440853,0.0122312,4.81619,-0.214161,0.0167897,0.0966029,0.0860263,0.0585277],[0.22018,0.0776727,0.312349,0.249426,0.243084,0.529579,0.00772872,-0.0734731,-7.52555e-05,0.00560084,-0.00263107,0.0605752,-5.85981,-0.0311256,0.0619256,-2.00283,0.0709891,0.569768,-0.00309768,0.514351,-0.125431,-0.0125149,-0.98282,-0.158814,-0.0712308],[0.059574,0.236169,0.30584,0.00886696,-1.48985,0.0629751,-0.00873577,0.693951,-0.0203639,-0.0401667,0.0359412,-2.52608,-3.29347,0.0656177,0.146057,-1.8116,-0.54301,-1.16326,-0.00860593,13.2666,-0.533574,0.0491876,1.91574,-2.09481,-0.0571923],[0.0125458,0.0176109,0.0162136,-0.00187396,0.0172661,-0.0168155,5.52707e-05,-0.00729249,-0.000737942,-0.000430598,-0.00319643,0.0318923,-0.216374,-0.00983706,-0.00979876,-0.00997843,-0.000467996,-0.00648299,0.00141575,0.115178,0.00129311,-0.00048026,0.0211596,-0.016963,-0.00212232],[-0.0232161,0.0894142,0.0136478,0.0178627,-0.268398,-0.0500044,0.00655071,-0.0520109,-0.00327353,-0.00465685,-0.0133989,0.126244,-1.83989,-0.0282525,-0.00590884,-0.642711,-0.00831878,-0.0273982,-0.00309013,-0.833622,0.82828,-0.00696204,-0.353201,-0.0544633,-0.0274153],[0.425404,1.8478,-0.207337,2.05381,-3.65582,1.54146,0.0130961,-0.442487,0.125571,0.102991,-0.129679,1.48016,-61.6592,-0.0269694,0.269428,-5.46338,-0.736538,-1.1278,0.445715,7.15426,-0.957197,0.624624,-3.95067,0.0035144,-0.0225119],[-0.0348087,-0.0358043,-0.0684751,0.0227658,0.0287824,0.0264933,-0.00321791,-0.000306796,0.000998021,-0.000276738,-0.00157605,-0.00629732,1.04059,0.0219982,0.0113382,0.189353,0.00299487,-0.00725543,0.00218073,0.0251629,0.0271569,0.00236075,0.511791,-0.0169911,0.0117747],[-0.0674976,-0.115616,-0.0190464,-0.0180456,0.36863,0.244948,-0.00412074,0.0331002,-0.00388887,0.00282579,-0.0104665,-0.0649186,2.89233,0.0256895,0.000377052,0.425584,0.0049632,0.0469217,-0.00539414,-0.48135,-0.157885,-0.000491055,-0.308211,0.444015,0.0454181],[0.473396,0.155825,1.369,-0.117257,-0.676747,-0.0589816,-0.0301398,-0.205035,0.0045323,-0.0155112,-0.00699444,0.388411,4.50188,-0.0969195,-0.0159768,1.23708,0.140391,-0.187034,0.0247105,2.53073,0.179346,-0.0142289,-0.872237,0.918943,1.02387],[0.104151,-0.0354664,-0.0246089,0.0652462,0.00499165,-0.390195,-0.00683081,-0.0555474,-0.00335199,-0.00559515,-0.00282987,0.118654,0.25164,0.00284217,0.0167788,0.307075,-0.00435292,0.0256427,0.001809,0.783748,0.22624,-0.0109475,0.00444802,0.0523849,0.0116014],[-0.0428076,0.273953,0.0272509,0.0418281,-0.851022,-0.228652,0.00689075,-0.0400015,-0.00161562,-0.00117255,0.00106731,-0.011585,0.789828,0.0363802,-0.0258415,0.845535,-0.0179816,0.0185806,-0.00368323,-1.66979,0.0339551,-0.000150786,-0.306101,0.147611,-0.0058923],[-0.00835796,0.0532137,0.157894,-0.00205412,0.0184875,-0.0376766,0.000799486,-0.00943202,-0.000264728,-0.00087723,-0.00150412,-0.00615998,-0.593507,-0.0307331,-0.0213418,-0.438148,0.00716749,0.00441839,-0.000551006,-0.672025,-0.0470017,0.00438409,-0.339105,-0.0871955,-0.00685959],[-0.0967482,-0.112652,-0.180575,0.0669122,0.254026,-0.140281,0.00564569,0.00787877,-0.00452328,-0.00683516,0.0317169,-0.0667862,0.766015,0.0513498,-0.00661782,0.493225,0.00449816,0.00928434,-0.00630103,-3.25429,0.0637301,-0.00163728,-0.240553,0.0952459,0.0276219],[0.0220053,0.0167033,0.0129916,0.00279564,0.000333877,-0.0664758,-0.000718627,-0.0102816,-0.00114005,-0.000433001,0.00143825,0.0294332,-0.162254,0.00377998,0.00865674,0.0202633,-0.0039008,0.0108304,0.00182932,0.196728,0.00828013,-0.00266782,0.0831212,0.000644062,-0.00361162],[0.0268939,0.00137283,-0.00286696,-0.0166593,0.222772,0.137982,0.00173964,0.0140922,0.00295185,0.00300262,0.00739234,0.0146261,0.402158,0.0170496,0.0140032,0.151386,0.0141362,-0.00541189,-0.00181488,0.0615261,-0.0371978,0.00213075,0.18567,0.0249402,0.0107583],[-0.590196,0.695463,0.868456,-0.366023,-4.4531,-1.54278,0.00433783,-0.351226,0.019242,-0.041878,-0.0198089,0.540602,-5.26766,0.219233,0.266872,-5.53202,-0.584134,-0.271945,0.0408318,-5.16262,0.698314,0.0301114,-1.17367,0.855749,-0.085494],[0.0112766,0.0214233,-0.183799,-0.0500617,-0.261683,-0.892111,0.00790082,0.0220271,-0.00609876,0.000298367,0.00319661,0.185595,-0.524122,-0.00116304,-0.0967637,2.6127,-0.0155936,0.0302963,-0.0283061,-0.938037,0.0278066,0.00902186,0.0275781,0.160154,0.0625673],[0.169763,0.216611,0.604911,-0.515012,1.4614,1.06458,-0.0425833,-0.312499,-0.0288051,-0.0110299,0.203821,0.873251,6.92812,0.0989041,-0.219152,8.39516,-0.220589,-0.433863,-0.161418,6.1742,0.542139,-0.0330157,-4.73018,0.785406,0.0471488],[-3.09571,-2.03565,-3.59601,-0.186301,-13.1159,-4.32009,0.240184,-0.137776,0.0438679,-0.010604,0.032128,-0.313528,2.39997,-0.0480672,0.332957,-12.5127,0.364996,1.14896,0.0890859,-19.2807,1.97903,-0.0874574,-1.64847,0.241033,-0.226234],[-0.504793,-0.147252,-1.02867,0.204705,-2.21852,0.157207,-0.0467274,-0.573355,0.0180478,-0.024913,-0.026596,1.32068,2.43048,0.00676147,0.0649196,-0.187972,0.0219191,0.0550027,-0.0758296,-9.84724,1.33423,-0.0176207,3.43686,-1.16919,-0.132945],[0.0244783,0.0252886,0.0230893,-0.0153289,0.225145,0.195905,0.00124106,0.0111412,0.00286354,-0.000859025,0.0107017,0.206432,-0.0203918,-0.00294174,-0.0121764,0.500629,0.000331131,-0.0411357,0.0108392,-0.383261,-0.00810861,0.00588605,-0.0943712,-0.0216406,0.0238409],[-0.00242468,0.00167151,-0.00553073,-0.000441691,-0.0314909,-0.0150177,-0.000143993,-0.00346156,-8.53794e-05,0.000241339,0.00151555,0.00232452,-0.0100407,0.00261909,0.00172863,0.0260043,0.00306316,0.00477251,3.13502e-05,-0.016379,0.00116859,8.65244e-05,0.0137822,-0.000364975,-0.00156981],[-0.0386641,-0.106268,0.0693601,0.0087966,0.283326,0.222809,-0.0223242,-0.057543,-0.0314626,-0.0142406,0.00660072,-0.925123,-3.66108,-0.0512826,0.0105633,-1.4057,-0.190792,-0.082137,0.00158145,-3.94651,0.162745,-0.00320143,-1.58097,0.541985,-0.00846623],[0.435704,-0.151536,-0.0105576,-0.198368,2.65138,0.134566,0.000168476,0.19642,-0.00388528,0.000449143,-0.0584397,-0.637121,2.94452,-0.056048,-0.0843026,1.65894,0.0539763,0.00538829,-0.0323508,5.97582,0.0206571,-0.00490081,0.13284,-0.16206,0.0464801],[-0.00846807,0.0047087,-0.017094,-0.0141596,-0.101195,-0.0299842,0.00207285,-0.00477784,-0.000651375,-0.000737055,-0.0039538,0.00805873,-0.134739,-0.0113926,-1.82785e-05,-0.104472,0.00221713,0.00709603,-0.000548475,-0.0551806,0.022027,2.83618e-05,-0.0256533,-0.00812221,-0.00449603],[-0.34674,-0.508694,-0.884263,0.189602,-0.180744,-1.07714,0.0509521,0.0552787,-0.019865,-0.000988331,-0.0539339,0.395787,0.028003,0.0320902,-0.040148,0.741898,0.138621,0.351884,-0.0258046,-2.34153,-0.0526209,0.000398876,0.74152,0.0180842,0.112694],[-0.113327,-0.0765649,-0.104187,-0.165615,-0.154995,-0.322021,-0.00398935,0.0825473,-2.00331e-05,-0.000889774,-0.00854172,-0.0278581,5.19826,-0.00901547,-0.102033,1.50097,0.0243321,-0.0229347,0.0046267,0.0785668,0.0850446,0.0103878,0.406237,-0.00281536,0.0503771],[0.162301,0.018614,0.604153,-0.325447,0.754143,-0.0108311,-0.0278154,-0.0963647,-0.0113561,0.0127773,-0.122154,0.69771,2.99649,-0.0651213,-0.193735,-0.302399,-0.468581,-0.336428,0.420012,-0.210841,-0.162091,-0.0254119,-0.325509,0.742676,-0.0800284],[-0.000595082,0.00630555,0.0205891,-0.000542565,0.0146079,0.0370939,-0.0010699,0.00354383,0.000370511,-1.8618e-05,0.000889056,-0.0253859,0.0245433,0.00386869,0.00376681,-0.0119696,-0.000402831,-0.00192024,-0.000538649,-0.11155,0.00323561,-0.000136924,0.00548974,0.00108344,8.34639e-05],[0.0400479,-0.0917216,0.0798214,-0.0189703,0.189265,0.034449,-0.00380402,0.0400161,-0.000954493,0.000656019,0.00735738,-0.053331,0.60118,0.0171063,0.0288605,0.121653,-0.000282024,-0.0027621,0.00495127,1.07043,0.0956856,0.00119282,0.196111,-0.0517654,0.00457425],[-1.42385,-2.28692,-0.777868,-0.934392,2.8665,-1.57625,-0.0101135,0.111211,-0.110586,-0.0390967,0.301397,-0.838379,39.9485,0.655139,0.635117,-1.3972,0.143585,0.783145,-0.173906,-13.0466,0.0990646,0.178283,7.11344,3.25211,-0.155481],[0.00948932,0.016263,0.00169674,-0.0102729,-0.0255506,-0.0236516,-0.00383409,-0.00232679,3.87198e-05,9.84434e-05,0.000641227,0.0131891,-0.761965,-0.00865513,0.00167825,-0.256658,0.00727778,-0.0196085,-0.000494186,0.120288,-0.0358384,-0.00114387,-0.160578,0.0532569,-0.00583368],[-0.0886272,-0.00214022,-0.256151,-0.0437248,-0.300238,-0.370449,-0.00905032,0.0543129,0.0023285,-0.00409373,0.0180931,-0.1156,-1.30447,0.0151042,0.0459826,-1.06197,-0.0120409,-0.0324858,0.00545983,-0.990131,-0.131064,0.00365203,-0.0982483,-0.24773,-0.0112313],[-0.439329,-0.186742,-1.16134,-0.048758,-1.03883,-0.739596,0.010591,0.1436,0.0109931,0.0159238,0.0255216,-0.167649,-0.797703,0.0789593,0.0018499,0.344329,-0.0352306,-0.135533,-0.00867708,-2.85798,-0.215548,0.0105936,1.32052,-0.541874,-0.155152],[0.0334067,-0.0181545,0.0259034,-0.0195367,-0.0328106,-0.144628,0.00570879,0.00932622,0.000846468,-0.000221522,-0.00545988,-0.0402344,-1.3689,-0.0283194,-0.0394873,-0.199153,-0.00452047,0.011279,0.00126137,0.841313,0.0450269,0.00213251,-0.178751,-0.025959,-0.0122741],[-0.0325673,0.0582485,-0.059743,-0.0239918,-0.255504,-0.00554724,-0.00508606,-0.0452324,-0.00356628,-0.0024512,-0.0261947,-0.0433051,-1.77199,-0.0901755,-0.0522242,-0.881196,-0.00573933,-0.0610425,0.00335543,-0.047215,-0.0431833,-6.79356e-05,-0.189892,-0.17262,-0.0246936],[0.0458575,0.000296293,0.0322648,-0.00209541,0.114653,-0.0818246,0.00336376,-0.0122836,0.000371131,-0.000558018,0.000839011,0.127858,0.31096,0.0105995,0.0210945,0.0526205,0.00520324,-0.0027807,0.00429799,0.399897,-0.0309282,-0.00364336,-0.0550388,0.0979525,0.0041196],[0.0950452,0.059875,0.252191,0.0909468,0.0966101,0.458886,-0.000200065,0.000531663,-0.00311843,-0.00456401,-0.00722756,0.145339,-1.42737,0.0268882,0.0773995,-1.52945,-0.0331628,-0.0697517,0.00366981,1.68787,0.0461536,-0.00142538,-0.105876,-0.187193,-0.000985064],[-0.0145624,0.00465334,-0.00637796,0.00944106,-0.00484552,0.0155082,0.00187166,-0.00520355,-0.00029366,-0.00033519,-0.000194484,-0.00881959,-0.00970983,0.00289349,-0.00352444,0.0263796,-0.00594785,0.0142554,-0.000644376,-0.0260083,0.0327236,0.00050758,-0.00531816,0.00434307,-0.00309762],[-0.00919953,0.0173076,-0.00163118,-0.00344884,0.0974712,0.1473,-0.000405741,-0.0109519,-0.00097574,-0.00164735,0.00113771,-0.018758,-0.20949,0.00525516,0.00988325,-0.12102,0.0108904,-0.0127932,-0.00105642,-0.159109,0.0287878,-0.000535709,0.00325799,-0.0143772,0.00211862],[0.60205,0.121717,0.291659,0.45271,1.80861,0.490576,0.0490504,0.259201,0.00875532,0.0331818,-0.0796522,-0.720389,-1.99165,-0.326674,-0.173112,-0.842447,-0.225223,-0.302798,-0.00414433,10.2709,-0.553475,-0.0301166,0.279712,-0.979857,-0.0159623],[0.0530614,0.0504118,-0.19026,0.0939692,-0.095498,-0.00663629,0.0122234,0.0548195,0.00226441,0.000926547,0.00272024,0.100348,3.67581,-0.00839816,-0.0405458,0.183862,-0.105818,-0.0368107,0.00913104,1.09037,-0.182837,-0.00205268,0.335005,0.0527707,-0.0143352],[-0.0155768,-0.451392,0.604729,0.0483278,-1.86764,0.40124,0.00498451,0.19241,0.0560487,0.00156838,-0.0534098,0.0874016,-7.59797,-0.172082,0.138618,-5.6482,-0.293679,-0.121128,-0.0194451,8.88322,0.496605,-0.080694,-0.303673,-1.13858,-0.0398182],[-0.206468,-0.32087,-0.414682,-0.0728313,1.6286,0.492507,0.083468,0.482139,-0.0354841,-0.000498334,0.0968175,1.71923,19.7108,0.256694,0.333069,-2.05256,0.506815,0.56343,-0.00328322,8.17699,1.34872,-0.0748723,6.23298,0.420468,0.293564],[0.415268,0.37845,0.962348,0.169838,0.667881,-0.58134,0.0472564,0.124657,0.0358132,0.0551098,0.00711128,0.257955,9.84068,0.155987,-0.182104,2.49779,0.321866,-0.114098,-0.000561596,5.78067,-0.263871,-0.00451148,2.69008,0.311415,0.183999],[-0.0162753,-0.041036,-0.00882682,0.00821178,-0.0843957,-0.115576,-0.000785204,-0.00377047,0.00250005,0.00124464,0.00227261,0.0778621,-0.191629,0.00845421,-0.00283436,0.13003,0.0111268,-0.000384533,-0.00413721,0.505455,-0.0107176,-0.00254267,-0.0608628,-0.0356699,0.00179405],[0.00151774,-0.000701904,-0.000989241,0.00095411,-0.00264396,-0.0181132,-0.0001594,0.00279765,-0.000126597,-0.000109803,4.22046e-05,0.00271187,-0.00699668,-0.000862962,-0.00125435,0.0171137,0.00244106,-0.00577225,-0.000197394,0.0329774,-0.0188102,-0.000127275,-0.0351833,-0.00363443,-0.000115642],[-0.17793,-0.275526,0.109745,0.140569,-0.477589,-0.0965783,0.0305141,-0.0273401,0.00919929,0.0122087,0.016274,0.0633437,1.31212,-0.0221542,-0.00275024,-0.434665,-0.132753,-0.0302467,0.00630364,-1.73364,0.00830136,0.00796385,-0.980332,0.20814,0.0216834],[-0.120214,-0.147165,-0.387509,-0.0944394,-0.11591,-0.277173,-0.00174042,0.0370299,0.00755869,0.00191971,0.0481325,0.0729506,0.0615684,0.023973,0.0169449,0.1978,-0.0151813,0.107899,-0.00193121,-1.23332,0.0929379,0.00471173,-0.205939,-0.099782,-0.0817358],[-0.00369772,-0.00419332,-0.00776772,0.00537123,0.00501823,-0.0132406,0.00129786,0.00295108,-8.0921e-05,-0.000421691,-0.00250723,-0.00697525,0.00916565,0.00156562,0.00036742,-0.00283539,0.00442724,-0.00133822,0.000186273,0.026715,-0.0064172,0.000211788,-0.0362631,0.00292726,-0.000761038],[-0.0901974,0.161941,-0.319448,0.103213,-0.67938,0.614703,-0.0118704,-0.0875235,-0.0146449,-0.0146306,-0.0572858,-0.161354,-2.72444,-0.0520934,0.0313151,-1.26546,-0.233145,0.268118,0.00629296,-2.48959,0.252605,-0.015208,-0.446688,-0.085386,-0.150681],[-0.0317999,0.141827,-0.0982461,-0.076964,-0.180347,-0.157059,6.5165e-05,-0.00182092,-0.0023465,-0.00587789,0.020318,-0.00535428,1.30026,0.0422694,0.0183759,0.744526,0.0309694,-0.00404181,-0.00874044,-0.376122,0.00275842,0.00025202,0.560244,0.207866,0.00729291],[-0.0415622,0.0621643,0.0702341,-0.0760765,-0.428907,0.251999,-0.000375386,-0.00520691,-0.0128515,-0.0193428,0.00393491,-0.528838,-0.084843,0.0111236,0.0717705,-0.616754,-0.0914997,-0.145797,-0.115656,1.88998,0.284878,-0.0119633,0.369117,-0.173033,-0.0116767],[-0.00129643,-0.00410383,0.00239001,-0.00865992,0.0103746,-0.00783628,-0.000400162,-0.000576961,-0.000510782,-0.00032732,-0.000741885,-0.0080684,-0.191821,-0.000855732,-0.000702534,-0.0102899,-0.00146602,-0.00680659,0.000377157,-0.0770021,-0.00217304,-0.000199204,-0.00869996,-0.00514502,-0.000565226],[-0.0171222,0.00238616,-0.0939161,0.00129065,0.0775142,0.0149462,-0.00269878,0.0122142,0.00424648,0.00399462,0.0061672,-0.0732238,1.23758,0.0112556,-0.0228554,0.520862,0.00909859,0.0310399,-0.00190553,-0.244999,0.0758005,0.00580269,0.156978,0.106161,0.0227439],[1.29634,1.52657,0.0871143,-0.492554,1.20542,-1.01908,0.119988,0.347142,-0.0825881,-0.0908645,0.0468101,-2.68328,14.8386,-0.222822,-0.503151,6.94067,-0.42579,-1.92567,-0.0293962,-3.3418,0.0486431,0.0185472,-4.11788,-0.37358,-0.221415],[0.0204927,0.0323513,0.022808,-0.031429,0.0213595,0.0295735,-0.00290001,0.00694754,0.000807196,0.000799366,-0.000426646,-0.0177775,-0.163952,0.00144296,0.00360341,-0.17825,0.000416503,-0.0248469,0.00138756,0.218262,-0.0433028,0.000742239,-0.0657903,-0.00874037,0.00221199],[-0.00313763,-0.00694056,0.044564,-0.0219583,-0.140425,-0.026897,-0.000354573,-0.0155879,-0.00135988,-0.000373084,-0.00391735,-0.0334163,-0.508621,-0.0248517,0.00471908,-0.498292,-0.0196645,0.0186515,-0.00166566,0.219587,0.0926235,-0.000251778,-0.0866515,0.0635746,0.0137402],[-0.147446,0.0637677,-0.145839,0.0144787,0.238725,-0.105871,-0.000243331,0.0879301,0.00086966,0.0181531,-0.0139562,-0.325615,-1.26777,-0.0131995,-0.0159835,-0.850005,-0.0692116,-0.160935,-0.00624025,-2.5089,-0.368581,0.0112374,-0.67746,-0.638339,-0.0632479]],"sigmahat":[[0.392014,0.284765,0.381058,0.0208079,0.874279,0.322709,0.00354863,-0.0169682,0.000101585,0.00460637,-0.00931519,0.0753314,0.386016,-0.009159,-0.0111799,0.19772,0.012215,0.00930386,8.28318e-05,2.64476,0.0120962,-0.00190687,0.0746267,0.0357608,0.0333164],[0.284765,0.494326,0.332129,-0.0138407,0.185985,0.304087,0.00228932,-0.0719689,-0.00143729,0.00116042,-0.00266665,0.0673767,-0.412534,-0.00959764,-0.00919274,-0.0797996,0.0052429,0.0159196,-0.00226693,1.535,-0.0539906,0.000378557,-0.0447359,0.0101446,0.00655988],[0.381058,0.332129,1.02733,-0.00516381,0.584926,0.637291,-0.0120408,-0.0264245,-0.00184343,0.00452144,-0.00327677,-0.0298988,-0.802676,-0.0270384,-0.0189222,-0.0473706,-0.0402731,-0.00369468,0.00254862,2.03803,-0.0100209,0.000719209,-0.187743,-0.170631,0.0383539],[0.0208079,-0.0138407,-0.00516381,0.180526,0.0171847,0.0724388,0.00781853,-0.0207181,-0.000884125,0.00011031,-0.00145136,0.0655756,-0.426411,-0.00956014,-0.00507763,0.0313944,0.000157236,0.0474027,0.00026463,0.0750062,0.00712421,-0.00217083,0.150455,0.0222759,0.00458323],[0.874279,0.185985,0.584926,0.0171847,5.29995,1.55692,-0.017852,0.184883,0.000601661,0.0184379,-0.0207573,-0.0825571,7.62363,0.0749013,-0.0219732,1.88489,0.0962512,-0.129843,0.00252543,7.01578,0.0427247,-0.00850969,0.84206,0.462767,0.18161],[0.322709,0.304087,0.637291,0.0724388,1.55692,2.29795,-0.0233475,-0.0179162,0.00356877,0.000206832,0.00345712,0.0112163,0.927107,-0.0142326,0.0579711,-1.4289,-0.0637912,-0.0474903,-0.000800716,2.10362,-0.0593857,-0.00201159,-0.151067,0.0506732,0.0675733],[0.00354863,0.00228932,-0.0120408,0.00781853,-0.017852,-0.0233475,0.00490694,-0.00148024,-0.000284087,-0.000143168,-0.00104685,0.00481397,-0.067891,-0.0016918,-0.00134205,-0.00193533,0.00200546,0.0110154,0.000160108,0.0332839,0.0105991,-0.000142589,0.0201721,0.00181165,-0.000806824],[-0.0169682,-0.0719689,-0.0264245,-0.0207181,0.184883,-0.0179162,-0.00148024,0.09057,0.00158043,0.00233875,0.00100497,-0.101032,1.07007,0.0123486,-0.00755477,0.284739,0.0181186,-0.00726841,-0.00274671,0.298936,-0.0576867,0.00154839,0.0558276,0.00201991,0.00422025],[0.000101585,-0.00143729,-0.00184343,-0.000884125,0.000601661,0.00356877,-0.000284087,0.00158043,0.00126216,0.000660937,0.000495952,0.00702858,0.0385335,0.000520143,0.000417644,-0.00252608,0.000871484,-0.000777954,3.4008e-05,-0.0338187,-0.00278616,0.000528099,-0.000828661,0.00115729,-0.000182524],[0.00460637,0.00116042,0.00452144,0.00011031,0.0184379,0.000206832,-0.000143168,0.00233875,0.000660937,0.00121342,-0.000157517,0.00319988,0.063922,0.000297956,-0.00183816,0.0332341,0.00149677,-0.000493823,0.000268813,0.0334101,-0.00448895,0.000322306,-0.00116709,0.00476051,0.00158105],[-0.00931519,-0.00266665,-0.00327677,-0.00145136,-0.0207573,0.00345712,-0.00104685,0.00100497,0.000495952,-0.000157517,0.00806996,0.00132139,0.120185,0.0098793,0.00487629,0.0939296,0.00169263,0.00274498,-0.000452912,-0.209441,-0.00213748,0.000340315,0.0152341,0.00560566,0.000347295],[0.0753314,0.0673767,-0.0298988,0.0655756,-0.0825571,0.0112163,0.00481397,-0.101032,0.00702858,0.00319988,0.00132139,0.738739,0.607616,0.00713426,0.0247886,-0.0511804,-0.0245977,0.0495396,0.0128414,0.412774,0.0189377,-0.00368062,-0.0476338,0.169931,0.0125971],[0.386016,-0.412534,-0.802676,-0.426411,7.62363,0.927107,-0.067891,1.07007,0.0385335,0.063922,0.120185,0.607616,101.38,0.832962,-0.290236,20.2789,0.0989321,0.0809986,0.0111635,14.1557,0.327067,0.0444702,5.71128,3.96497,0.58417],[-0.009159,-0.00959764,-0.0270384,-0.00956014,0.0749013,-0.0142326,-0.0016918,0.0123486,0.000520143,0.000297956,0.0098793,0.00713426,0.832962,0.0494163,0.0242386,0.319774,0.0122578,0.00151014,-0.000361972,-0.0931238,0.0244062,0.000292713,0.125772,0.0673725,0.00787733],[-0.0111799,-0.00919274,-0.0189222,-0.00507763,-0.0219732,0.0579711,-0.00134205,-0.00755477,0.000417644,-0.00183816,0.00487629,0.0247886,-0.290236,0.0242386,0.046629,-0.373523,0.00319588,0.00449763,-0.00132383,-0.179011,0.00884188,-0.00122101,-0.0177858,0.0173594,-0.00379248],[0.19772,-0.0797996,-0.0473706,0.0313944,1.88489,-1.4289,-0.00193533,0.284739,-0.00252608,0.0332341,0.0939296,-0.0511804,20.2789,0.319774,-0.373523,16.0433,0.12181,-0.0311546,0.00588022,1.71673,0.439661,0.0169808,2.55254,0.920064,0.214451],[0.012215,0.0052429,-0.0402731,0.000157236,0.0962512,-0.0637912,0.00200546,0.0181186,0.000871484,0.00149677,0.00169263,-0.0245977,0.0989321,0.0122578,0.00319588,0.12181,0.087362,0.0569079,-0.0038765,0.242169,-0.00310549,0.000558123,0.201533,0.0148495,0.00426842],[0.00930386,0.0159196,-0.00369468,0.0474027,-0.129843,-0.0474903,0.0110154,-0.00726841,-0.000777954,-0.000493823,0.00274498,0.0495396,0.0809986,0.00151014,0.00449763,-0.0311546,0.0569079,0.257392,0.000549391,0.167092,0.0914027,-0.0016539,0.318956,0.0532649,-0.00920304],[8.28318e-05,-0.00226693,0.00254862,0.00026463,0.00252543,-0.000800716,0.000160108,-0.00274671,3.4008e-05,0.000268813,-0.000452912,0.0128414,0.0111635,-0.000361972,-0.00132383,0.00588022,-0.0038765,0.000549391,0.00558327,-0.0442893,0.0003711,-0.000233313,-0.0161218,0.0100805,-0.000302861],[2.64476,1.535,2.03803,0.0750062,7.01578,2.10362,0.0332839,0.298936,-0.0338187,0.0334101,-0.209441,0.412774,14.1557,-0.0931238,-0.179011,1.71673,0.242169,0.167092,-0.0442893,52.0658,0.0727066,-0.0626593,5.07549,0.460755,0.239777],[0.0120962,-0.0539906,-0.0100209,0.00712421,0.0427247,-0.0593857,0.0105991,-0.0576867,-0.00278616,-0.00448895,-0.00213748,0.0189377,0.327067,0.0244062,0.00884188,0.439661,-0.00310549,0.0914027,0.0003711,0.0727066,0.62222,-0.000689133,0.562154,0.0725328,0.0160425],[-0.00190687,0.000378557,0.000719209,-0.00217083,-0.00850969,-0.00201159,-0.000142589,0.00154839,0.000528099,0.000322306,0.000340315,-0.00368062,0.0444702,0.000292713,-0.00122101,0.0169808,0.000558123,-0.0016539,-0.000233313,-0.0626593,-0.000689133,0.00118159,-0.00928608,-0.00179795,0.000495474],[0.0746267,-0.0447359,-0.187743,0.150455,0.84206,-0.151067,0.0201721,0.0558276,-0.000828661,-0.00116709,0.0152341,-0.0476338,5.71128,0.125772,-0.0177858,2.55254,0.201533,0.318956,-0.0161218,5.07549,0.562154,-0.00928608,5.49849,0.108913,0.0249182],[0.0357608,0.0101446,-0.170631,0.0222759,0.462767,0.0506732,0.00181165,0.00201991,0.00115729,0.00476051,0.00560566,0.169931,3.96497,0.0673725,0.0173594,0.920064,0.0148495,0.0532649,0.0100805,0.460755,0.0725328,-0.00179795,0.108913,0.770124,0.0308661],[0.0333164,0.00655988,0.0383539,0.00458323,0.18161,0.0675733,-0.000806824,0.00422025,-0.000182524,0.00158105,0.000347295,0.0125971,0.58417,0.00787733,-0.00379248,0.214451,0.00426842,-0.00920304,-0.000302861,0.239777,0.0160425,0.000495474,0.0249182,0.0308661,0.0293754]],"n":25,"lags":3}