{"betahat":[[0.0891832,0.122325,0.220389,0.416536,0.0473922,-0.992345,0.0129243,-0.916303,-0.112922,-0.0224464,2.42098,0.0455038,-0.183299,6.80676,0.26061,1.45487,0.0900708,2.38154,1.9563,-0.189367],[0.948964,0.151282,0.103076,-0.0463426,0.017314,0.479213,0.00380255,0.0204518,-8.81283e-05,-0.00159501,0.756649,-0.0222051,-0.0126547,-0.0733804,0.00236068,-0.00882708,0.00346739,0.041246,-0.0323839,-0.0077245],[0.148904,0.721325,0.0843193,-0.0113491,1.31537,0.373276,-0.00470239,0.106266,0.00757185,0.0293512,0.326862,0.0598694,0.0867895,-0.0660071,-0.036017,-0.0371581,0.00818627,0.0272393,-0.00640927,0.0400558],[-0.0592362,-0.0726066,0.876693,-0.00160068,-0.269501,0.0481245,-0.00579148,0.00918136,-0.0020206,-0.0105504,-0.736583,-0.00368733,-0.00433006,0.215957,0.0195564,-0.0281008,-0.00624303,0.218912,-0.153818,-0.00943003],[0.0860612,0.119152,0.029789,0.815292,-0.19581,-0.0856095,-0.0188855,-0.0259494,0.00234992,-0.0321077,0.909864,-0.0895741,-0.0650578,0.6822,0.0430269,-0.107667,0.0026226,0.264396,0.118011,-0.019764],[-0.00652624,-0.0219592,-0.011469,-0.00983466,0.993019,0.0337587,-0.000352266,0.00835918,0.00117247,-5.57115e-05,-0.0260162,-0.00377135,-0.00657078,0.0523595,-0.00187294,0.00483055,-0.00164976,0.0404643,-0.0101937,0.00351539],[-0.0287598,-0.029463,-0.00438999,0.0247307,-0.299606,0.702709,-0.00285573,-0.00199728,-0.00193327,-0.00828471,-0.522108,-0.0206135,-0.0222605,-0.0494662,0.0112086,0.0145767,0.00211311,-0.174072,0.0458645,-0.0173605],[-0.0848992,-0.619954,-1.1117,0.0758418,2.27725,0.236757,0.964233,0.0200862,-0.0281503,0.110155,4.48892,0.118045,-0.108334,6.45805,0.0161218,0.104113,-0.0239231,3.2053,-0.176733,0.0501105],[-0.0146915,-0.115919,0.310315,-0.0929223,0.79991,1.09752,-0.0259643,1.05773,0.0144935,0.00157778,-5.62296,0.0240352,0.138013,-2.16375,0.00310122,-0.151962,0.033036,-0.131509,-0.428361,0.00561808],[0.742804,0.805442,-0.258966,0.431424,-0.519153,-1.66353,-0.0236432,-0.0170718,1.04964,-0.161434,-11.6221,-0.445573,0.104063,-4.39485,0.00440135,0.547173,0.286858,-3.93644,2.21522,-0.29247],[-0.0998443,-0.184464,-0.128086,-0.128289,1.31026,0.193872,0.115361,0.531388,0.0277161,1.05842,10.742,0.140621,0.0461175,3.39692,0.000655368,0.306701,0.0736084,-0.497861,0.946235,0.089223],[0.00255151,-0.000732433,0.00747725,0.000174566,0.0475442,0.0390091,0.000749991,0.00176592,-0.00020008,-0.00232363,0.992876,-0.00205158,-0.000803941,-0.0172686,0.000611112,-0.00358951,0.000187276,-0.0183528,0.00278946,0.00145559],[0.501755,0.425188,-0.0589277,-0.136554,1.58407,0.806199,-0.0185314,0.0994211,0.0203458,-0.0083397,-2.94068,1.0131,-0.0433811,1.49569,0.0281437,-0.175104,-0.0187892,1.5312,-0.915126,0.149956],[-0.624263,0.0121585,-0.144801,0.149142,-3.2757,-0.687646,0.0291129,-0.188979,-0.00463173,0.00695733,-2.94114,0.0373571,1.06161,-2.61113,0.062065,0.124507,0.0404422,-0.318386,0.592009,-0.0148242],[0.0135946,-0.00355335,0.0283861,0.0125947,0.115029,0.0947103,-0.00575578,0.0069214,0.0021663,0.00650433,0.017863,0.0119668,0.0075507,1.07073,-0.000967605,-0.00923792,-6.02898e-06,0.0531975,0.0180622,0.00471617],[0.503179,0.401125,1.14187,-0.170005,0.867898,0.539164,-0.0466206,-0.0563094,0.0380475,0.0536411,-0.635373,0.0251506,0.149822,-0.28152,1.12581,-0.0756677,0.0346213,1.16526,0.0447102,0.0225933],[0.120492,0.00691993,0.210254,0.268805,0.243628,0.472631,0.00497964,-0.158761,0.00123743,-0.0315364,-2.89134,-0.0267104,0.0494985,-1.42116,-0.0324963,1.05462,0.00466625,-0.0430152,-0.219544,-0.0185254],[-0.100788,-0.123307,-0.431984,0.248935,-1.31678,-0.391996,-0.0245195,0.375908,0.00193619,0.100984,1.17494,0.19715,0.29428,-0.671702,0.104484,-0.0773229,0.282583,0.522088,-1.38486,-0.00239741],[0.0352999,0.0277659,0.0389217,-0.00023377,0.195672,0.0605592,-0.00880389,-0.0295707,0.00102157,-0.00334059,0.436344,-0.00794796,-0.00393341,-0.0682947,-0.00170001,-0.0037831,-0.000300242,0.330417,0.075223,0.0194954],[-0.0340771,-0.0467394,0.0353723,-0.00404694,0.248116,0.20874,-0.000726654,0.0671716,-0.00575098,-0.00443555,1.97804,0.017899,0.00751649,0.0974757,-0.00345755,-0.0506754,-0.0151431,0.0118416,0.477032,0.0184232],[0.336221,-0.00331136,0.968287,-0.224256,0.45583,-0.294358,-0.0350498,-0.121556,-0.00304462,-0.0605359,1.39012,-0.105718,-0.0236547,0.626418,-0.043241,-0.000690598,0.0384484,-1.0233,0.871522,1.11966],[0.0754478,-0.0885372,0.0126282,0.0889492,0.0792926,-0.134828,-0.0140659,-0.019484,0.00049205,0.0117482,0.0161776,0.0543961,0.0743498,0.207318,-0.0173844,-0.00814184,-0.000934955,-0.107015,0.0828121,0.0131955],[-0.0788065,0.283031,0.0242764,0.0561266,-0.937494,-0.218685,0.0053718,-0.0590873,-0.00405996,-0.00557566,1.09196,0.026735,-0.0402905,0.755168,0.0156402,0.00872786,-0.0100443,0.0844153,0.146912,-0.0114824],[-0.0194623,0.0500786,0.0776375,-0.00387525,0.0745132,0.0316077,-7.44694e-05,0.00932099,0.00099165,0.00554486,-0.52156,-0.0162776,-0.0108148,-0.499044,-0.00714785,0.0176989,0.000108237,-0.388545,0.0282257,-0.00468043],[-0.0923951,-0.106719,-0.255772,0.0697317,0.309588,-0.238115,0.0150232,0.0273966,-0.00023816,0.0309911,0.847629,0.0590519,-0.0203863,0.882174,-0.0153207,0.0940352,-0.00203699,0.0753487,0.0735784,0.0387779],[0.0235817,0.0235053,0.0157603,0.00515026,-0.0068581,-0.0539283,-0.00131418,-0.00649187,-0.000924672,0.00170524,-0.0787997,0.00377107,0.0134952,-0.055191,-0.000824631,-0.00406467,0.00292506,-0.00648991,0.019005,-0.0015622],[0.0469398,0.0164483,0.0161602,-0.0304475,0.287972,0.163092,0.00156178,0.014612,0.00310335,0.00737335,0.816536,0.0162497,0.0118379,0.199896,-0.00516075,-0.0203774,-0.00148078,0.25095,-0.00405063,0.0178227],[-0.552956,0.360102,0.865174,-0.445857,-3.90369,-1.27507,0.0156312,-0.0871247,0.0109544,0.0127032,-6.13319,0.241794,0.305869,-6.44625,-0.3678,-0.1187,0.0369879,-3.02352,1.01726,-0.121867],[-0.0780511,0.0472876,-0.127392,0.0413789,-0.897046,-1.00493,0.0186401,-0.0273316,-0.00972403,-0.000804172,0.753493,-0.017106,-0.094478,1.46067,0.0115723,0.0482326,-0.0540933,-0.703125,0.257466,0.0129227],[-0.817641,-0.216982,-0.935584,-0.97145,-0.316686,0.38171,0.0380075,-0.310862,-0.0521266,0.260309,11.2343,0.180295,-0.0626006,5.90862,-0.178886,-0.430828,-0.162788,6.35338,0.208338,0.116047],[-0.0158931,0.116162,-0.487553,0.333261,-1.62377,0.654605,-0.0731101,-0.736572,-0.00280628,-0.0838603,-12.7109,-0.31695,-0.103848,-1.91447,0.00177402,-0.0496036,-0.0627868,0.185262,-1.22991,-0.18489],[-0.00508473,0.00480339,-0.00392659,-0.00251272,-0.0538714,-0.0145388,-0.000693406,-0.00506014,0.000132632,0.00224882,-0.0145431,0.00282085,0.00324654,-0.020322,-9.15917e-05,0.00359814,-0.000168911,0.0147942,-0.00155727,-0.00116706],[-0.137453,-0.0336503,0.0377609,0.0359861,-0.409245,-0.456572,0.0035509,-0.0506339,-0.0388773,0.000272854,0.11372,-0.0336065,-0.0117522,-0.977728,-0.0705262,0.0625691,-0.000519269,-0.999703,0.479282,-0.103407],[0.619407,0.0125716,0.284658,-0.0907655,3.06907,0.513345,-0.0107227,0.199584,0.00311188,-0.0483042,2.60944,-0.0442693,-0.0890252,2.36183,-0.053744,-0.0777125,-0.0420017,0.386794,-0.493364,0.0307623],[-0.00635052,0.00595635,-0.0131363,-0.019478,-0.10484,-0.0681147,0.00323137,-0.00514971,-0.00158021,-0.00406122,-0.0598188,-0.0125909,-0.00303061,-0.0697996,0.0034621,0.0080357,-0.000627373,-0.0487533,-0.0292117,-0.00471078],[-0.435972,-0.549217,-0.872191,0.0904845,-0.256696,-0.954727,0.056771,0.123406,-0.0248646,-0.0255692,-0.749634,0.022023,-0.0871182,0.608352,0.00973012,0.173508,-0.0357178,-1.23328,0.187899,0.0993373],[-0.0807605,-0.109401,-0.116708,-0.169643,-0.124803,-0.340178,-0.0020328,0.124757,-0.000422945,0.00923544,2.05984,-0.0132316,-0.0594313,0.747231,0.01709,-0.0376414,0.000332753,-0.145365,0.0703477,0.00232739],[0.115453,0.143854,0.272402,-0.252613,1.17577,-0.0855487,0.000923943,-0.458762,-0.00869309,-0.113279,-1.56083,-0.19616,-0.356683,1.15724,-0.0765515,0.00206719,0.724854,0.147356,1.43652,-0.0663367],[0.0001282,0.0338714,-0.0712814,0.00433223,-0.0136195,0.072015,-0.00441361,-0.0256214,0.00166053,-0.00410171,0.17723,0.00147001,0.00754943,-0.168796,-0.00494864,-0.0141169,0.00159742,0.160191,0.0713119,-0.00061179],[-0.0522994,-0.0331026,-0.197095,-0.00373236,-0.219454,-0.211709,-0.00561565,0.0737889,0.00502234,0.0209707,-0.341299,0.0205102,0.0504553,-0.816011,-0.0027403,-0.0334965,0.00615566,-0.136315,-0.234422,0.0131507],[-0.396032,-0.191564,-0.809932,-0.0321452,-1.28869,-0.318431,0.030632,0.130827,0.0176731,0.0708041,-0.0521597,0.0164619,-0.00816521,-0.407597,-0.0460258,-0.0734201,-0.0225791,1.04717,-0.68975,-0.139543],[-0.0244243,-0.0627612,-0.115718,-0.0426111,-0.0966199,-0.344385,0.0102636,-0.00096009,-0.000403987,-0.0101534,-0.772653,-0.0321909,-0.0616952,-0.13399,0.0150218,0.0169713,-0.00253351,0.0657417,-0.0504336,-0.00547055],[-0.0701056,-0.0043755,-0.108603,-0.0447825,-0.377855,-0.154581,-0.000669737,-0.0471699,-0.00351244,-0.0237768,-1.41863,-0.0866044,-0.0465016,-0.689177,0.0203748,0.0284327,0.00185693,-0.111677,-0.140513,-0.0285709],[0.0786747,0.022502,0.0456187,0.00546491,0.194948,-0.0797769,0.00586774,-0.0184942,0.00102907,0.00500652,1.25831,0.0199661,0.0151483,0.282974,-0.0124102,0.0104065,0.0061338,0.169598,0.125593,0.0141063],[0.00633381,-0.0124313,0.225989,0.114973,-0.113788,0.323743,0.00386286,-0.0014309,-0.00211108,0.00111823,-1.75725,0.0305236,0.085442,-1.5644,-0.0277091,0.0136291,-0.000587148,-0.339791,-0.19159,-0.0190123],[-0.0170853,-0.00158597,-0.00429614,0.00468595,0.013715,0.0201725,0.00166697,-0.00185208,-0.00024485,-0.00165016,0.104928,-6.03847e-06,-0.00692193,0.00271444,0.00269671,-0.000766745,-0.00127833,-0.034029,-0.00884575,-0.00195063],[-0.0181957,0.0129854,-0.0117737,0.0057091,0.0115938,0.134169,0.00129475,-0.0125903,-0.00116864,0.000910278,-0.29427,0.00436027,0.0104181,-0.150452,-0.00604765,0.00579849,-0.000635021,-0.0769416,-0.0418409,-0.000460005],[0.684998,0.304339,0.309527,0.383714,1.77426,1.15528,0.00852741,0.035684,0.0113041,-0.123391,1.11465,-0.355021,-0.206364,0.131073,0.345344,0.0067616,-0.0078138,-0.110005,-0.828823,0.0740149],[0.0926972,0.0685937,-0.182883,0.0515331,0.0968074,-0.0926034,0.00733748,-0.0303719,-0.00476643,-0.000764479,4.86826,-0.0069392,-0.0435326,0.702811,-0.0146779,0.103813,0.0210526,0.834405,0.170794,-0.0185497],[-0.498947,-0.745851,0.589787,0.0173671,-2.03024,0.69652,0.02945,0.376896,-0.0487891,-0.174703,-9.62167,-0.17417,0.071028,-8.9523,-0.0254428,0.306273,-0.0925994,-4.13005,-2.30859,-0.0836353],[0.334042,0.550878,0.77891,-0.0484215,0.427422,-0.378374,-0.0102599,0.0858861,0.00735262,0.00683325,3.96931,0.225023,-0.0285546,0.548188,0.128173,-0.309181,-0.00751684,1.05261,0.411865,0.142049],[0.00283878,-0.00398986,-0.00284217,0.00296876,0.00729954,-0.0226275,-9.16243e-06,0.00364011,5.24576e-05,-7.81776e-05,0.00749934,-0.000794175,-0.00239828,0.0373833,-0.000314634,-6.24593e-05,-4.85112e-05,0.00198271,-0.00113175,-0.000145713],[-0.349671,-0.452506,-0.0486848,0.116277,-0.861507,-0.323304,0.0235929,-0.0211569,0.0242136,0.0272061,2.79852,-0.00359999,0.0308812,-0.371371,0.0239984,0.0527521,0.016876,-0.347237,0.33558,-0.0285916],[-0.0130583,-0.0383676,-0.178928,-0.0692349,0.246723,0.135699,-0.0187452,-0.00491271,0.000798628,0.0441618,0.236965,0.00736891,0.00384024,0.303109,-0.0299175,-0.0735586,0.00466436,-0.00932597,-0.140434,-0.0129802],[-0.00721087,-0.00244734,-0.0151403,0.00696003,-0.0104193,-0.0263595,0.00255952,-0.00133214,-0.00053473,-0.00239388,0.0449249,0.00064589,-0.00441719,-0.00203017,-0.00239422,0.00115008,0.000595812,-0.00517125,0.011518,2.22405e-05],[-0.065882,0.148064,-0.273447,0.0782745,-0.604206,0.412023,-0.00978257,-0.0608994,-0.0125426,-0.0277664,1.41126,-0.0451161,-0.0614969,-0.327047,-0.137325,-0.102432,0.000862407,0.0704827,-0.232863,-0.120335],[-0.0331683,0.11667,-0.0860613,-0.0932906,-0.130865,-0.122448,-0.00231218,0.0387818,-0.000112408,0.022981,0.909171,0.0415223,0.00908331,0.678779,0.0134073,-0.0266818,-0.00507063,0.184753,0.158036,0.0176692],[-0.0999561,-0.119723,0.0462888,-0.109034,-0.00662076,0.247126,0.00108508,0.0233124,-0.0171852,0.00161345,0.52433,0.00992169,0.0913601,-1.02925,-0.0172431,0.0631678,-0.0790348,-0.471293,-0.273096,0.00495587],[-0.0207418,-0.0423723,0.0147013,-0.0139929,-0.00755221,0.0199586,-0.00113922,0.0106369,-0.000795529,-0.00164628,-0.5363,0.00552345,0.0171065,-0.221979,0.00734765,-0.00747552,-0.000381469,0.0325547,-0.072825,0.00191495],[0.00967167,0.0273449,0.0659435,-0.00588076,-0.185727,0.0903659,0.00216004,-0.0136069,-0.00138005,-0.00087141,-0.786232,-0.0144674,0.0148343,-0.431777,-0.00154629,-0.0224567,-0.00695936,0.0582965,0.14116,0.0126474],[-0.0385841,0.0490887,-0.237825,0.182235,0.543061,0.291229,0.000418703,0.0721808,0.00251608,-0.00790722,-1.08118,0.0693489,0.0481764,-0.282779,0.0665067,0.0479063,-0.0131051,-0.170981,-0.357873,-0.0478872]],"sigmahat":[[0.489747,0.371784,0.468596,0.0365771,1.11043,0.402786,0.00121884,-0.0216088,-0.000626742,-0.0132242,-0.065671,-0.0173562,-0.0201508,0.294325,0.00484905,-0.0240614,1.29841e-05,0.250466,0.054211,0.0374637],[0.371784,0.632239,0.43442,0.00899157,0.328098,0.433819,0.00191422,-0.0740469,-0.000931021,-0.00550967,-0.632105,-0.00937192,-0.0112446,-0.195818,0.00198177,-0.0470532,-0.00215335,0.0908108,0.0377128,0.00965344],[0.468596,0.43442,1.13804,0.0240936,0.775804,0.801851,-0.0173632,-0.0341421,-0.00204716,-0.00913592,-1.39032,-0.0196456,-0.018306,0.172531,-0.0191462,-0.0199692,0.00167684,-0.00618662,-0.146335,0.0321157],[0.0365771,0.00899157,0.0240936,0.228542,0.0116527,0.121512,0.00884103,-0.0308905,-0.00105955,-0.00462995,-0.88689,-0.0173514,-0.00794129,0.0995245,0.00331387,0.0310905,0.00273622,-0.0318278,0.0604823,0.0070687],[1.11043,0.328098,0.775804,0.0116527,6.02587,1.81334,-0.0198521,0.162663,-0.00782294,-0.019143,5.86923,0.050626,-0.0682145,2.59152,0.0080992,-0.119582,0.00210834,1.0146,0.398885,0.235717],[0.402786,0.433819,0.801851,0.121512,1.81334,2.73369,-0.0374172,-0.0203426,0.0042861,0.00427022,-0.811432,0.00438087,0.0752823,-1.1672,-0.030511,-0.115009,-0.00252957,-0.0801226,-0.0121429,0.0805282],[0.00121884,0.00191422,-0.0173632,0.00884103,-0.0198521,-0.0374172,0.00615405,-0.00139428,-0.000200019,-0.00119811,-0.0779643,-0.00309551,-0.00305394,0.0103373,0.00241565,0.0107001,0.000329868,-0.00234929,0.00771226,-0.00198952],[-0.0216088,-0.0740469,-0.0341421,-0.0308905,0.162663,-0.0203426,-0.00139428,0.110272,0.00279851,0.00316766,1.18561,0.0210686,-0.00289135,0.325254,0.0010246,-0.0145827,-0.00509144,0.0614195,-0.00560838,0.0043552],[-0.000626742,-0.000931021,-0.00204716,-0.00105955,-0.00782294,0.0042861,-0.000200019,0.00279851,0.00187079,0.000836797,0.0440504,0.00104475,0.000703256,0.00111683,-0.000389368,-0.00108028,0.000144358,0.00276138,-0.00174599,-7.65254e-05],[-0.0132242,-0.00550967,-0.00913592,-0.00462995,-0.019143,0.00427022,-0.00119811,0.00316766,0.000836797,0.0104458,0.239445,0.0129256,0.00745615,0.101016,-0.00205827,0.00187815,-0.000414271,0.0376672,0.0120603,0.00130017],[-0.065671,-0.632105,-1.39032,-0.88689,5.86923,-0.811432,-0.0779643,1.18561,0.0440504,0.239445,111.101,0.928006,-0.275842,21.9187,-0.00181558,-0.254898,-0.0435787,6.50362,4.30968,0.39239],[-0.0173562,-0.00937192,-0.0196456,-0.0173514,0.050626,0.00438087,-0.00309551,0.0210686,0.00104475,0.0129256,0.928006,0.0569675,0.0328691,0.21724,-0.00591463,-0.0131671,-0.00148866,0.0785287,0.0748761,0.0106996],[-0.0201508,-0.0112446,-0.018306,-0.00794129,-0.0682145,0.0752823,-0.00305394,-0.00289135,0.000703256,0.00745615,-0.275842,0.0328691,0.0641645,-0.503576,-0.000735384,0.000626156,-0.00299778,-0.0945241,0.0352764,-0.00628429],[0.294325,-0.195818,0.172531,0.0995245,2.59152,-1.1672,0.0103373,0.325254,0.00111683,0.101016,21.9187,0.21724,-0.503576,17.1219,0.00438564,0.0156205,0.0236655,3.48328,0.846073,0.298603],[0.00484905,0.00198177,-0.0191462,0.00331387,0.0080992,-0.030511,0.00241565,0.0010246,-0.000389368,-0.00205827,-0.00181558,-0.00591463,-0.000735384,0.00438564,0.0286784,0.0274427,-0.00323631,-0.0287614,0.0295782,-0.00226562],[-0.0240614,-0.0470532,-0.0199692,0.0310905,-0.119582,-0.115009,0.0107001,-0.0145827,-0.00108028,0.00187815,-0.254898,-0.0131671,0.000626156,0.0156205,0.0274427,0.195686,0.00388535,-0.152223,0.108045,-0.0197188],[1.29841e-05,-0.00215335,0.00167684,0.00273622,0.00210834,-0.00252957,0.000329868,-0.00509144,0.000144358,-0.000414271,-0.0435787,-0.00148866,-0.00299778,0.0236655,-0.00323631,0.00388535,0.008449,0.0031974,0.0203048,-0.000789199],[0.250466,0.0908108,-0.00618662,-0.0318278,1.0146,-0.0801226,-0.00234929,0.0614195,0.00276138,0.0376672,6.50362,0.0785287,-0.0945241,3.48328,-0.0287614,-0.152223,0.0031974,2.95558,0.136785,0.0816769],[0.054211,0.0377128,-0.146335,0.0604823,0.398885,-0.0121429,0.00771226,-0.00560838,-0.00174599,0.0120603,4.30968,0.0748761,0.0352764,0.846073,0.0295782,0.108045,0.0203048,0.136785,1.07439,0.013159],[0.0374637,0.00965344,0.0321157,0.0070687,0.235717,0.0805282,-0.00198952,0.0043552,-7.65254e-05,0.00130017,0.39239,0.0106996,-0.00628429,0.298603,-0.00226562,-0.0197188,-0.000789199,0.0816769,0.013159,0.0320669]],"n":20,"lags":3}