{"betahat":[[0.670078,1.93892,-0.122927,0.595195,-1.808,0.546105,0.594044,0.231114,-0.756381,0.00483419,2.50187,4.54596,-0.00295832,0.176451,-1.94285,0.322686,1.29807,0.0601016],[0.720569,0.132964,0.023262,-0.0325452,0.0930086,0.633066,-0.0870693,-0.0236586,0.0354473,-0.031052,0.333275,-1.63323,-0.0247359,0.00229511,0.0329076,-0.0334505,0.219827,-0.0390312],[0.0667954,0.799909,0.509801,-0.0104714,0.107763,-0.0941736,0.0422379,-0.0378359,0.417111,0.0330343,0.174028,3.52843,-0.00545252,-0.0458428,1.07707,0.156568,0.293974,0.0307855],[-0.0189675,-0.000383178,0.800529,0.0421998,-0.0428138,-0.104394,0.0103247,-0.00682036,-0.0143176,-0.00533835,-0.126507,0.337098,-0.00501302,-0.00944581,0.0309565,-0.0662616,-0.0309361,-0.0111598],[-0.134308,-0.254911,-0.737165,0.839532,-0.40909,-0.704504,0.0509285,0.0096068,-0.0145532,-0.00862357,-0.593886,0.72219,-0.0270174,-0.0562982,-0.921241,0.118332,0.00783437,0.00386867],[-0.0519411,0.109756,-0.0194093,0.0278622,0.587588,0.154907,-0.00670356,-0.00685558,0.0907982,0.0135428,-0.125098,0.105147,-0.00170034,-0.00810827,0.0335246,-0.163548,-0.0126166,0.0101252],[-0.0188954,-0.0334448,0.0175961,-0.0327173,-0.0697991,0.681888,-0.00705689,-0.000911399,-0.0434377,0.00562541,-0.0686177,-0.32575,-0.000314519,0.00484069,-0.104305,-0.172869,-0.0409921,-0.00347034],[-0.0949684,-0.0262523,-0.12923,0.18592,0.120685,-0.0059952,0.974998,0.0118643,0.501515,0.0350199,-0.0759141,0.0803541,0.0650049,0.0730666,-0.47264,0.807279,-0.0056864,0.029131],[-0.165306,-0.556145,-2.02103,0.159752,0.579485,-1.3566,0.0684778,0.831666,-0.781448,-0.0931165,-0.570101,-1.32509,-0.0530334,-0.0330208,0.226698,-0.097327,-0.789567,0.0303142],[0.06775,0.0949259,-0.0427777,-0.0171569,-0.0260383,0.155694,0.00809836,0.0201052,1.15014,-0.008482,0.176828,0.386973,-0.00835282,0.0144905,-0.206884,0.122719,0.160441,-0.0046424],[0.187851,-0.458456,0.344263,-0.17615,0.0394473,0.721339,0.170252,0.148114,-0.823386,1.23635,-0.912272,-0.921982,0.0463,0.21101,-0.0692467,-0.300737,0.232078,0.266467],[0.00114552,-0.0351775,0.218407,0.0017382,0.0722423,0.112358,0.0157392,-0.0134701,0.0793884,0.0233779,1.00362,0.784422,0.00313551,-0.00620763,0.282931,0.100267,0.128972,0.0281946],[-0.00302116,-0.0126896,-0.00287852,-0.00337243,0.00756474,0.00931434,0.00714682,-0.00330419,-0.0187801,-0.0007208,-0.0489779,0.985742,-0.000368807,0.00181227,-0.0599545,-0.0221826,-0.00106668,0.000723825],[-0.0896476,-0.428467,-0.424101,-0.114182,-0.461634,-0.575196,0.064825,0.0610283,-0.716785,0.0359187,0.238491,-6.72699,1.04556,0.0257021,1.11635,0.640687,-0.6079,0.0958412],[0.0977401,0.172788,-0.15343,0.155111,0.00854255,-1.16701,0.126255,-0.0407861,-0.64234,-0.109367,0.132666,-3.51363,0.0124674,1.06481,-3.06945,0.0669618,0.216809,-0.10398],[0.00945622,0.0225102,0.034174,0.00346919,0.0374115,0.0217939,-0.00119951,0.000654464,0.00699292,0.00877127,0.0708166,0.021354,0.010454,0.00269227,1.15057,0.0621161,0.0110913,0.0068154],[0.0600903,0.173747,0.0436586,0.0357859,0.0985117,0.211369,-0.0108552,-0.0123328,0.0381679,0.0292101,0.0308392,1.2656,0.011218,-0.0212638,0.395875,0.774053,0.0288385,-0.00371035],[0.0421281,0.0211644,-0.0579307,0.0533412,0.169197,0.133897,0.0179412,0.0123728,0.00672262,0.0194909,-0.0030291,0.608882,0.0090907,-0.00413612,-0.00263833,-0.124314,0.292658,0.0116823],[0.0237572,-0.531448,1.48391,-0.140442,-0.0447538,-0.16086,-0.069384,-0.102062,-0.0234678,0.114948,0.168221,1.31089,-0.144771,-0.114414,-0.359398,-0.185722,-0.0408932,1.17899],[0.1496,-0.10327,-0.116411,0.0812356,0.0637157,-0.843254,-0.0513251,0.018134,-0.372646,-0.01656,-0.114266,-1.091,-0.0126583,0.015565,-0.652142,-0.184331,-0.394091,0.0211546],[-0.173857,0.00559246,-0.429929,-0.0172472,-0.274728,0.151641,-0.0405534,0.015341,-0.393801,-0.019046,-0.0493379,-2.16157,0.0137475,0.0539428,-0.952905,-0.174771,-0.053456,-0.0152755],[0.0264974,-0.00771609,0.212106,-0.0230807,0.0642812,0.0232824,-0.0206789,0.000371763,0.0899613,0.0107409,0.1739,-0.174761,-0.00127205,-0.000254177,0.0785628,0.0803445,0.0114439,0.00780798],[-0.079656,0.21469,0.435851,0.043895,0.367058,0.480411,-0.1832,-0.0657301,-0.114671,-0.0353948,0.333086,-2.42261,-0.0186422,0.0494213,-0.410505,-0.423705,-0.262905,-0.0267012],[0.0213814,-0.0562058,0.000976907,-0.0110776,0.190885,-0.0872462,-0.0165023,0.0273718,-0.0693535,-0.00558052,-0.0406619,-0.269443,-0.0007282,-0.00489757,0.117382,0.28486,-0.0769641,-0.00903974],[-0.0120582,0.00371377,0.0196281,0.0321749,-0.0120484,0.1509,-0.00989051,0.00665179,0.0267162,0.00146513,0.06562,0.00919536,0.00753151,0.00233546,0.0647295,0.147935,0.0160733,0.00573579],[0.0392311,-0.0610761,0.259519,-0.0798511,-0.362376,-0.119598,0.0112277,-0.0117482,-0.68885,-0.0232723,-0.00338286,0.0687408,-0.0511062,-0.0983186,0.767512,-0.817149,0.0106006,-0.0250084],[-0.350309,0.396552,2.48,-0.267792,-0.738989,1.20202,-0.135878,0.0604177,-0.546005,-0.106835,-0.112332,-8.07508,-0.185226,-0.0373069,-2.2185,-1.32897,-0.699064,-0.0742372],[-0.0315687,-0.0614502,-0.0344582,-0.00583512,0.028275,-0.110173,-0.0180222,-0.02043,-0.12043,-0.000941574,-0.0826242,-0.651543,-0.0108986,-0.0225041,0.196768,-0.0148462,-0.144897,-0.00415689],[-0.0806315,0.113601,-0.25307,0.138963,0.329,-0.584429,-0.130647,-0.0911218,0.105448,-0.220082,0.892524,-0.98842,-0.123166,-0.15087,-0.646136,-0.087703,-0.0993952,-0.251444],[0.0255172,0.0435746,-0.063871,-0.0224369,-0.0582268,-0.0796086,-0.0527318,0.00859949,-0.0938313,-0.0164131,-0.291849,-1.4344,-0.0113682,-0.000365767,-0.251453,-0.113749,-0.356763,-0.0209514],[0.00651838,0.00617575,0.00474984,0.000260046,0.00178585,-0.0178633,-0.00375406,0.0028002,0.0312065,-0.000295964,0.0324962,0.0225958,-8.26845e-05,-3.08161e-05,0.00745337,0.0216053,0.000883955,-0.00157665],[0.22104,0.445702,-0.900884,0.0866734,1.27174,0.697936,0.0846584,-0.00081158,0.583937,-0.00592274,-0.456273,1.79181,-0.138031,-0.129817,-1.08097,-0.255023,0.332858,-0.0975612],[-0.0304163,0.0391661,0.99616,-0.30615,-0.0233647,1.53611,0.0493666,-0.00858037,-0.0606386,0.137234,-0.737877,4.0818,-0.0488528,-0.0344141,2.63832,0.596351,-0.0828763,0.159559],[-0.0135575,-0.0222081,-0.0505599,-0.00883345,-0.0294803,-0.0427761,-0.00711534,0.000650484,0.00931634,-0.00747695,-0.0489069,-0.0197187,-0.0112604,-0.000147259,-0.159235,-0.0514032,-0.0158858,-0.00803262],[0.0278699,0.0835068,-0.0184985,0.0306213,-0.078221,0.0438632,0.0127503,-0.00723678,-0.0496513,-0.016135,-0.0563352,-1.17757,-0.00253579,0.0204096,-0.358314,-0.012315,0.00140764,-0.00295027],[0.00757995,0.0652694,-0.0151983,0.000329878,-0.0529267,0.114469,0.0763914,-0.0142022,-0.110983,0.0100454,-0.319886,-0.227213,0.0313976,0.0342277,-0.147895,-0.0744184,0.422894,0.0226567],[0.108004,0.271499,-0.986332,0.217567,0.492515,-0.445582,0.0621409,0.0718189,0.289789,-0.0543462,0.164504,2.26855,0.0804309,0.160377,0.0974788,0.717322,0.199919,-0.130968],[0.129832,-0.0297306,0.0931509,-0.0487047,-0.156656,0.210158,0.138411,0.00552653,0.337201,0.0476143,-0.219044,2.72424,0.037395,-0.0178612,0.619331,0.21776,0.174297,0.0178745],[0.107064,0.194425,-0.0798488,0.0276894,0.1671,-0.0575153,-0.00165621,0.0225006,-0.0233076,-0.0139825,-0.12477,-1.36679,-0.00829218,-0.00810417,-0.123942,0.0181615,-0.240467,-0.0155129],[-0.00751424,0.00805554,-0.0126889,-0.0191285,-0.0213448,0.0810709,0.0103833,0.00645004,-0.0757036,-0.00540006,-0.0474815,-0.162358,0.00628442,0.00970123,-0.109479,-0.01417,0.0195367,0.00334709],[0.213969,0.0401633,0.301322,0.116547,0.0421525,0.224048,0.132294,0.0561281,0.12925,0.0440223,0.260743,1.70052,0.0456634,0.00687229,1.33198,0.305356,0.255121,0.0228291],[0.0305602,-0.0535854,0.0184308,-0.0167966,0.221572,-0.0676937,0.0232254,-0.0205147,-0.0214337,-0.00795989,0.165734,0.164346,0.00242939,0.0130055,-0.150812,-0.121326,0.0896205,-0.00108728],[0.0309514,0.0296479,-0.0371925,0.000513985,0.0819611,0.167112,0.0169658,-0.00573205,0.0166841,-0.00708765,0.00290508,0.316412,-0.00721758,-0.00717861,0.0397097,0.0248627,0.024935,-0.00226903],[0.0557229,0.0870575,-0.130166,-0.106221,0.24231,0.125438,0.0139021,-0.000107412,0.18759,-0.0117093,0.0790411,-0.147627,-0.0138659,0.0252193,-0.293095,0.00979259,-0.00456048,-0.00413026],[0.593978,0.0568956,-0.339011,0.0593976,0.339661,0.0840338,0.0926868,0.0540195,1.36437,0.163458,0.661371,9.69565,0.246603,0.0567042,2.51189,1.53012,1.46326,0.0307463],[-0.0361646,-0.0333352,0.0772825,0.0230557,-0.00276498,-0.04535,0.00979733,0.000353736,-0.0302276,0.0093842,-0.094235,0.262054,0.0192223,0.00804311,0.00879493,-0.107804,-0.015959,0.00880271],[-0.109192,0.271612,-0.0180355,0.048405,-0.225132,-0.200744,-0.0632908,-0.0344886,0.576234,-0.0514309,-0.129335,0.881832,0.0574596,-0.0329047,0.201284,0.16227,-0.18061,-0.0532068],[-0.0266473,-0.00862497,-0.154305,0.0206005,-0.0136516,-0.0328301,0.0371037,0.0048864,0.014493,-0.00692912,0.287785,0.651298,0.00826552,0.00656807,-0.0304646,0.0134138,0.22799,-0.00724264],[-0.00332974,0.00649157,-0.00198307,0.00313868,-0.00866184,0.00942772,-0.00358861,0.000597136,-0.0136102,0.000863722,0.0158662,-0.0228057,0.000390524,-0.0016816,0.0498372,0.000492383,-0.000459616,0.000751684],[-0.192202,-0.0292481,1.3121,0.019742,-0.800455,-0.0432088,-0.192576,-0.0666724,0.265077,-0.00950287,0.307916,4.75429,0.058824,0.059082,0.314948,-0.249034,0.166849,0.00906867],[-0.104305,-0.230941,-0.836939,0.180051,-0.0752326,-0.388075,-0.208043,0.0543115,0.776537,-0.028911,0.673946,-0.664091,0.0220018,-0.0619856,0.50474,-0.581271,-0.215751,-0.0563129],[0.00429625,-0.000584417,0.01633,0.00514929,-0.00638282,0.0208186,0.0087264,-0.00129529,-0.0162799,-0.00122441,-0.0225388,8.49626e-05,0.000870668,-0.00246944,0.0100115,-0.0112838,0.00569811,0.00119389],[-0.0334637,-0.0735834,0.0174041,-0.0504599,0.0554891,0.132839,-0.00576501,-0.00294565,-0.0719794,-0.00612599,-0.0442096,-0.541737,-0.00695016,0.0100808,-0.354644,-0.102036,-0.0639718,0.00847858],[-0.0275331,0.0229259,-0.0511359,0.0178335,-0.0506549,0.00102239,-0.0288768,-0.0117699,0.0650512,0.00593898,0.142782,-0.0173608,0.00495295,-0.0143614,0.294515,-0.00721125,-0.0793641,0.00882148],[-0.109062,0.278751,-0.458175,-0.053569,-0.42821,0.61805,0.0162038,0.0261978,-0.148047,-0.0580814,-0.285004,-2.97504,0.0763795,-0.0331099,0.343312,-0.409953,-0.0970177,-0.0757985]],"sigmahat":[[0.539758,0.273857,-0.184757,0.130785,0.61787,0.0893392,0.0937733,0.0104587,-0.0453557,-0.0157939,0.0701687,-0.21819,0.0425573,0.0294099,0.159389,0.307576,0.0642388,-0.00311607],[0.273857,0.845528,-0.317134,0.137601,0.041414,0.822208,0.0100075,-0.0401833,0.103415,0.00312544,0.352424,0.697606,0.0564899,0.0280737,0.304703,0.192248,0.0523778,0.0110312],[-0.184757,-0.317134,4.39022,-0.290101,-0.435734,0.393494,-0.181767,-0.0146763,0.491603,0.0235416,-0.117703,1.6446,-0.0241833,-0.00860541,0.452073,0.256844,-0.1116,0.0169556],[0.130785,0.137601,-0.290101,0.224045,0.0899336,0.00886425,0.0472762,-0.0031454,0.106476,-0.00179495,0.183516,-0.0136949,0.016096,-0.00462451,0.0455659,0.0446612,0.0521108,-0.00214855],[0.61787,0.041414,-0.435734,0.0899336,3.11363,0.39862,0.110556,0.030318,0.134737,-0.0105934,0.0619141,-3.04639,0.0208355,0.0249507,0.11687,0.0403613,0.155316,-0.00595247],[0.0893392,0.822208,0.393494,0.00886425,0.39862,4.18161,0.094504,-0.067462,-0.234484,0.0295055,0.000763874,-1.84764,0.00923217,0.0197337,0.32342,0.345927,-0.081397,0.0265546],[0.0937733,0.0100075,-0.181767,0.0472762,0.110556,0.094504,0.256703,0.0287251,0.10381,0.0113484,-0.0922651,1.34127,0.0458314,0.0389457,0.0827349,0.206636,0.426549,0.00491018],[0.0104587,-0.0401833,-0.0146763,-0.0031454,0.030318,-0.067462,0.0287251,0.0493187,-0.0200557,0.00538523,-0.0470547,-0.329234,0.0056973,0.0069156,-0.0180129,0.0588955,0.00237761,6.89343e-05],[-0.0453557,0.103415,0.491603,0.106476,0.134737,-0.234484,0.10381,-0.0200557,3.31135,0.184714,1.04825,13.8918,0.146928,-0.109008,3.90523,1.45826,1.06026,0.0619165],[-0.0157939,0.00312544,0.0235416,-0.00179495,-0.0105934,0.0295055,0.0113484,0.00538523,0.184714,0.0388825,0.0495332,1.34701,0.0142382,-0.0153171,0.538901,0.123943,0.064304,0.0215029],[0.0701687,0.352424,-0.117703,0.183516,0.0619141,0.000763874,-0.0922651,-0.0470547,1.04825,0.0495332,2.73993,2.90003,0.002732,-0.101833,1.57291,0.804381,0.628633,0.0334081],[-0.21819,0.697606,1.6446,-0.0136949,-3.04639,-1.84764,1.34127,-0.329234,13.8918,1.34701,2.90003,155.508,1.63255,-0.309398,37.8748,9.9615,9.90029,0.848333],[0.0425573,0.0564899,-0.0241833,0.016096,0.0208355,0.00923217,0.0458314,0.0056973,0.146928,0.0142382,0.002732,1.63255,0.068009,0.035215,0.48288,0.172927,0.175795,0.0125086],[0.0294099,0.0280737,-0.00860541,-0.00462451,0.0249507,0.0197337,0.0389457,0.0069156,-0.109008,-0.0153171,-0.101833,-0.309398,0.035215,0.0740632,-0.532598,-0.0176431,0.0875893,-0.00328526],[0.159389,0.304703,0.452073,0.0455659,0.11687,0.32342,0.0827349,-0.0180129,3.90523,0.538901,1.57291,37.8748,0.48288,-0.532598,22.258,4.56767,1.79754,0.391704],[0.307576,0.192248,0.256844,0.0446612,0.0403613,0.345927,0.206636,0.0588955,1.45826,0.123943,0.804381,9.9615,0.172927,-0.0176431,4.56767,3.92746,0.98333,0.0801422],[0.0642388,0.0523778,-0.1116,0.0521108,0.155316,-0.081397,0.426549,0.00237761,1.06026,0.064304,0.628633,9.90029,0.175795,0.0875893,1.79754,0.98333,2.50532,0.0377934],[-0.00311607,0.0110312,0.0169556,-0.00214855,-0.00595247,0.0265546,0.00491018,6.89343e-05,0.0619165,0.0215029,0.0334081,0.848333,0.0125086,-0.00328526,0.391704,0.0801422,0.0377934,0.028427]],"n":18,"lags":3}