{"betahat":[[0.257722,0.989087,0.436057,0.516392,-1.83579,-1.14255,0.597224,0.276389,-0.0183957,7.54968,0.027242,0.0750412,-0.683628,0.339748,1.30952,0.0394917],[0.828947,0.153439,0.0620235,-0.0213754,-0.0212742,0.634032,-0.0607433,-0.0157409,-0.00413911,-1.89626,-0.0264848,-0.0100113,-0.178517,0.0740957,0.134861,-0.0299812],[0.0539882,0.852719,0.424386,-0.0123505,0.104525,0.027117,0.0149031,-0.0403851,0.284048,2.32018,-0.00562297,-0.0357188,0.786499,0.00650152,0.193386,0.0167038],[0.00165984,0.00912965,0.821852,0.0374383,-0.0365345,-0.0847533,0.00939616,-0.00531074,-0.0382546,0.0788578,-0.00600308,-0.00817584,-0.0146957,-0.089983,-0.0762245,-0.00817228],[-0.0777438,-0.185761,-0.501126,0.838153,-0.192324,-0.304534,0.015615,-0.00819306,0.0857524,1.13525,-0.019698,-0.0424436,-0.658063,0.27111,0.0346564,0.0258799],[-0.0449522,0.0899384,0.0349032,0.0232278,0.625812,0.125508,-0.00962515,-0.00368013,0.142317,0.299447,0.00362079,-0.00420436,0.156677,-0.0642569,0.0129791,0.0102075],[-0.0170959,-0.0537221,0.032515,-0.0284818,-0.0517379,0.699754,-0.0109391,0.00344257,-0.0427335,-0.512498,0.00141704,0.0106186,-0.13043,-0.215633,-0.0412101,-0.00979818],[-0.0664693,0.162785,-0.325736,0.194347,0.116155,0.21336,0.958911,-0.00693254,0.239876,-0.847031,0.0414945,0.0610874,-0.851424,0.630395,-0.220981,0.0254711],[0.0231146,-0.521019,-2.09134,0.131648,0.535282,-1.23036,0.0969389,0.887822,-0.99618,-1.70785,-0.0679705,-0.0233096,-0.0495474,0.394043,-0.78345,0.0615135],[0.0358361,0.0394649,-0.0197889,-0.0243185,-0.0240714,0.130043,0.018705,0.0205608,1.09123,0.378929,-0.0102661,0.0137427,-0.183266,0.0178293,0.174075,0.00612214],[-0.00113627,-0.0135018,0.00186779,-0.00523326,0.00579608,0.016424,0.00625699,-0.00240551,-0.0165593,1.02722,-0.000240818,0.00150098,-0.0554102,-0.01774,-0.00810862,0.00107501],[-0.15037,-0.483112,-0.492804,-0.135045,-0.611718,-0.712253,0.119144,0.070476,-0.487862,-4.28688,1.07882,0.00576662,1.63511,0.203844,-0.516198,0.104451],[-0.0903339,0.021394,-0.537414,0.137523,0.0879281,-1.40813,0.116966,-0.0240942,-0.868305,-4.89223,-0.0280437,1.06329,-3.66097,-0.966602,0.0750901,-0.153194],[0.00696313,0.0253299,0.0471002,0.00145465,0.0630931,0.0657009,-0.0086822,-0.00115882,0.026974,0.187847,0.0106203,0.00202125,1.2084,0.111993,0.0251562,0.0089587],[0.0963129,0.205896,0.0075202,0.0438064,-0.00822308,0.123493,0.0220899,-0.0155217,-0.114553,0.0245343,-0.011557,-0.0150632,-0.0674558,0.454648,-0.0748989,0.015595],[0.0585255,0.0422833,0.0510032,0.0557712,0.20059,0.17895,0.0141413,0.00159089,0.0476865,0.562484,0.008943,-0.0031198,0.0944722,0.0590187,0.348314,0.0229329],[0.0959842,-0.829055,1.49939,-0.212036,0.0707598,0.066734,-0.0126616,-0.0242809,-0.969416,-1.58477,-0.135802,-0.0137566,-0.686468,-0.913177,-0.152642,1.24446],[0.0182758,-0.207733,-0.0624466,0.0204601,0.141902,-0.828154,-0.0499959,0.023953,-0.0855521,1.48394,0.00926526,0.00876594,0.100258,-0.0845694,-0.190519,0.0298703],[-0.132629,0.0114547,-0.352666,-0.00360028,-0.229896,0.0842199,-0.013903,0.0194409,-0.289699,-1.39253,0.0163085,0.0421867,-0.74853,-0.0742038,-0.00833766,-0.00753459],[0.0162504,-0.00853702,0.1831,-0.0213251,0.0582063,0.0196127,-0.0165637,0.00160262,0.0966112,-0.0249562,-0.000822183,0.000413292,0.0746954,0.102473,0.0432865,0.00551927],[-0.084417,0.150357,0.24406,0.0493742,0.148235,0.110193,-0.159967,-0.0321311,-0.165809,-2.69982,-0.00704306,0.0526291,-0.552869,-0.493935,-0.406282,-0.0558018],[0.0158377,-0.0442548,-0.0524035,-0.00711083,0.155459,-0.102037,-0.0147733,0.021214,-0.142131,-0.628768,-0.00640261,-0.00343841,-0.0755676,0.107443,-0.133293,-0.00960281],[0.00609043,0.0355882,-0.00477645,0.0313729,-0.0226941,0.17349,-0.00397123,0.00268684,-0.0198701,-0.0600777,0.00327353,-0.00207804,0.0058644,0.126148,-0.0123716,0.00924861],[0.0317574,-0.141448,0.303524,-0.0830938,-0.30614,-0.198331,0.0360636,0.0035898,-0.417927,1.03069,-0.0300955,-0.0758549,0.977193,-0.45357,0.32336,-0.0172644],[-0.489408,0.255301,2.67509,-0.312121,-0.643241,0.939082,-0.17941,0.0503114,0.109573,-4.52475,-0.139078,-0.0506746,-0.963634,-0.947816,-0.525568,-0.108688],[-0.0220357,-0.0276499,-0.029144,-0.00778655,0.046992,-0.0650162,-0.0393732,-0.0229554,-0.0745775,-0.763372,-0.0112205,-0.0232335,0.185788,0.0386794,-0.173507,-0.0138778],[0.00343446,0.00941754,-0.00884272,0.00104108,0.00426771,-0.0179893,-0.00630056,0.00188486,0.0223552,-0.073077,-0.0010498,-0.000106423,-0.00615648,0.000810725,-0.00434347,-0.0026204],[0.178719,0.337281,-0.591829,0.0756379,1.33445,0.738264,0.0192384,-0.0222022,0.348823,0.483657,-0.147321,-0.0967164,-1.06626,-0.0589566,0.340245,-0.0745978],[-0.00629971,-0.018801,1.18459,-0.26516,-0.023193,1.49531,0.0568739,-0.0139404,0.11207,4.26847,-0.0290414,-0.0494722,2.86526,1.00137,0.126982,0.191501],[-0.00645128,-0.0206166,-0.0486055,-0.00454604,-0.0508829,-0.066089,-0.00227599,0.00185747,-0.0174544,-0.217356,-0.0110676,0.00119294,-0.210341,-0.0910371,-0.0353524,-0.0094312],[-0.0388877,-0.040178,0.024347,-0.0259208,-0.00884255,0.0378796,0.0126928,0.00312169,0.144646,0.40499,0.0126653,0.0220684,0.0352078,0.195496,0.125444,0.015298],[0.0128124,0.0570595,-0.00305704,-0.00358531,-0.0682843,0.0910798,0.0789529,-0.0104237,-0.115596,-0.213159,0.0281804,0.0367273,-0.16795,-0.0768949,0.380007,0.0242379],[-0.0525931,0.359234,-1.14276,0.224315,0.416433,-0.445708,0.0575222,0.0344306,0.512726,2.13895,0.0444382,0.107298,-0.505308,0.579262,0.380922,-0.176865],[0.152774,0.0542662,0.000408032,0.000899422,-0.12057,0.194141,0.110754,-0.00820782,0.0896606,0.412318,0.0172219,0.00124408,0.0784057,0.0104737,0.0557211,0.000108297],[0.0786361,0.13575,-0.0717253,0.0159177,0.125486,-0.11134,-0.00097031,0.0209564,0.00561325,-0.927614,-0.0106793,-0.00647187,-0.037689,0.0676596,-0.184957,-0.00917357],[-0.017905,-0.000654805,-0.00505841,-0.0161266,-0.0215784,0.0650915,0.00719895,0.00371748,-0.058454,-0.0538755,0.0068264,0.00776371,-0.0598846,-0.0125441,0.0330339,0.00264658],[0.16216,0.035355,0.257046,0.112444,0.0441988,0.194359,0.144373,0.0403335,0.0800386,1.56459,0.0267474,-0.0101902,1.21122,0.222813,0.371708,0.0299162],[0.0291099,-0.0457042,0.0174832,-0.01613,0.218766,-0.0234402,0.0244133,-0.0175301,-0.000219861,0.329255,0.00278382,0.00764264,-0.0809818,-0.0431827,0.120376,-0.000608014],[0.0109964,0.0180449,-0.0277304,-0.00292429,0.0745247,0.126691,0.0149266,-0.00611361,0.0625166,0.572338,-0.00468832,-0.0085421,0.124734,0.0893959,0.0536216,0.000543631],[0.0347402,-0.0216403,0.0219361,-0.111318,0.19064,-0.0153774,0.00518132,0.00338577,0.178256,-0.182111,-0.0113436,0.0147327,-0.124038,-0.177139,-0.101746,-0.00824262],[0.542711,0.212,-0.487409,0.134762,0.329516,0.278093,0.0925207,-0.00747572,0.875677,6.05278,0.210475,0.0552664,1.5375,0.675719,1.22292,0.0247703],[-0.0138076,-0.0115455,0.0491626,0.032157,-0.0233992,-0.0645465,0.0205176,0.0023692,-0.0172149,0.381578,0.0214591,0.00954312,-0.00396899,-0.0563601,-0.00104431,0.00778013],[-0.00209626,0.00428343,0.00660294,0.00426403,-0.00934854,0.00243031,-9.59353e-05,0.000598675,-0.0072944,0.0302871,0.00118715,-0.00124559,0.0579924,0.0161391,0.0119012,0.00143272],[-0.0542104,0.145568,1.13664,0.0584155,-0.637742,0.128375,-0.177133,-0.0531312,0.257563,3.72894,0.036375,0.0558254,-0.199386,0.0112526,0.084413,-0.0210547],[0.0716974,0.0154099,-0.619595,0.159861,-0.141011,-0.0499925,-0.21035,0.0385543,0.846248,0.531276,0.0413043,-0.0482593,0.830126,-0.020962,-0.315847,-0.0446723],[-0.000407311,-0.00528445,0.00127175,0.00282666,-0.0108013,4.33397e-05,0.0114171,-0.000616925,-0.0097196,0.030283,0.000485116,-0.00311942,0.00296161,-0.0216263,0.0114081,0.00042055],[0.0126613,-0.0439528,0.0144189,-0.0200901,0.0215854,0.0781398,-0.00527359,-0.0016504,-0.0563312,-0.229845,-0.00152743,0.015366,-0.204762,0.0349357,-0.0245553,0.00587712],[-0.00419018,0.0252317,-0.110587,0.0167725,-0.0651777,0.00335764,-0.0203659,-0.00182106,0.043294,-0.0543534,0.00458126,-0.00778925,0.172116,0.0310826,-0.0714166,0.00545498],[-0.0365773,0.433017,-0.297806,0.00736811,-0.408219,0.38131,-0.044931,-0.00274727,0.397993,-0.837317,0.0881471,-0.0580436,0.846369,0.16237,-0.20806,-0.106734]],"sigmahat":[[0.561133,0.385261,-0.160864,0.111743,0.787906,0.457707,0.0434138,-0.00886754,-0.111927,-0.735767,0.0378153,0.0422635,-0.0315129,0.265078,-0.0674817,0.0109246],[0.385261,1.17217,-0.253483,0.147992,0.195933,1.41345,-0.0248768,-0.0620458,0.214394,1.22769,0.0813954,0.0614519,0.187375,0.93758,0.0604739,0.0314403],[-0.160864,-0.253483,5.14723,-0.334542,-0.269403,0.919254,-0.267177,-0.0500068,0.413867,0.254283,-0.0369374,-0.00768242,0.436699,0.107291,-0.368081,0.0561869],[0.111743,0.147992,-0.334542,0.236999,0.111087,0.029695,0.0472693,-0.00669545,0.124835,0.287922,0.013718,-0.00670549,0.100319,0.0405257,0.0931975,-0.00276693],[0.787906,0.195933,-0.269403,0.111087,3.49089,0.817606,0.126342,0.0212937,0.253584,-1.98541,0.0408743,0.0426104,0.226269,0.795455,0.189047,0.0122343],[0.457707,1.41345,0.919254,0.029695,0.817606,5.73097,0.144587,-0.0849317,0.13105,1.00814,0.114877,0.117412,0.472227,2.46921,0.238976,0.122422],[0.0434138,-0.0248768,-0.267177,0.0472693,0.126342,0.144587,0.27498,0.0216479,0.0119507,1.10077,0.0350764,0.0355378,0.0264698,-0.110528,0.503342,0.00459932],[-0.00886754,-0.0620458,-0.0500068,-0.00669545,0.0212937,-0.0849317,0.0216479,0.0514833,-0.0779291,-0.689838,-0.000566341,0.00498275,-0.0974097,-0.131552,-0.0472801,-0.00326209],[-0.111927,0.214394,0.413867,0.124835,0.253584,0.13105,0.0119507,-0.0779291,3.19771,12.1496,0.108143,-0.156252,3.64582,1.01211,0.914722,0.0651488],[-0.735767,1.22769,0.254283,0.287922,-1.98541,1.00814,1.10077,-0.689838,12.1496,144.403,1.43384,-0.496481,36.6843,7.94795,11.5093,0.990972],[0.0378153,0.0813954,-0.0369374,0.013718,0.0408743,0.114877,0.0350764,-0.000566341,0.108143,1.43384,0.0694409,0.0363743,0.42212,0.110815,0.1611,0.0191774],[0.0422635,0.0614519,-0.00768242,-0.00670549,0.0426104,0.117412,0.0355378,0.00498275,-0.156252,-0.496481,0.0363743,0.0836859,-0.679125,-0.0430884,0.0725259,0.000167201],[-0.0315129,0.187375,0.436699,0.100319,0.226269,0.472227,0.0264698,-0.0974097,3.64582,36.6843,0.42212,-0.679125,24.0893,3.8981,1.93314,0.467709],[0.265078,0.93758,0.107291,0.0405257,0.795455,2.46921,-0.110528,-0.131552,1.01211,7.94795,0.110815,-0.0430884,3.8981,3.70726,0.540609,0.136407],[-0.0674817,0.0604739,-0.368081,0.0931975,0.189047,0.238976,0.503342,-0.0472801,0.914722,11.5093,0.1611,0.0725259,1.93314,0.540609,3.18284,0.0580288],[0.0109246,0.0314403,0.0561869,-0.00276693,0.0122343,0.122422,0.00459932,-0.00326209,0.0651488,0.990972,0.0191774,0.000167201,0.467709,0.136407,0.0580288,0.0397502]],"n":16,"lags":3}