{"betahat":[[6.59781,3.81269,15.8051,3.89042,11.2662,5.85701,-1.40524,3.78254,15.5337,3.32067,-14.6356,101.126,2.74825,1.34402,22.0317,27.206,26.7053,5.25616,33.1226,-21.223,1.49317,-2.13598,5.1962,2.65285],[0.697785,0.0706808,-0.0131051,0.0799041,0.130702,0.328614,-0.0533766,0.00729775,0.198389,-0.000883384,0.223409,-1.0177,-0.0115304,0.00115608,-0.34668,0.0220526,0.0493947,-0.0256949,0.304593,0.334791,0.0159303,0.113019,0.242241,-0.0220231],[0.0582557,0.73186,0.375974,-0.0356608,0.0910889,-0.163787,0.0949711,-0.00720524,0.332091,0.00921805,0.173635,3.16805,0.0129676,-0.0314714,0.925258,0.12021,-0.085695,-0.00507021,0.333188,0.0193244,0.00280896,0.201458,0.322638,0.0197529],[-0.0129615,0.0158016,0.737948,0.0106685,-0.0199067,-0.0375326,-0.00139894,-0.00388122,0.036487,-0.00449295,-0.0645584,0.147208,0.00145442,-0.00412227,0.0555602,0.0187098,-0.00630543,-4.361e-05,0.160822,-0.0411188,-0.00127397,-0.0871818,-0.0313952,-0.0122858],[-0.126461,0.0841567,-0.607499,0.555026,-0.14609,-0.0689261,-0.0353469,-0.0139742,0.333197,0.0408685,-0.153546,0.999697,-0.0114169,-0.0219711,-0.368441,-0.00824574,-0.084057,0.0792988,0.918684,-0.122685,-0.0172452,0.0512866,-0.0394814,-5.59497e-05],[-0.0557868,0.0955345,0.0471101,0.0113007,0.557308,0.150528,0.00891466,-0.00403769,0.0548649,0.00379009,-0.0669243,-0.196704,0.0104985,0.00436027,0.0475634,-0.0365811,0.00791647,0.0101924,-0.148972,-0.0430644,0.00183624,-0.122766,0.0200038,0.00562386],[-0.00190866,-0.0494681,0.0675154,-0.0273858,-0.0242859,0.668924,-0.0172923,-0.00261034,-0.0218908,0.00646183,-0.0960931,-0.063142,-0.00192997,0.00372679,-0.108408,-0.0126463,-0.00257642,-0.00128848,0.320397,0.0838288,0.00282228,-0.139727,-0.0419315,-0.00442242],[0.00100035,0.102438,-0.0528157,0.0931687,0.181308,0.147036,0.916681,0.01321,0.241825,0.0312735,0.0457947,0.566275,0.0411762,-0.0123837,0.692716,0.0835622,0.0337037,-0.0183733,1.96035,-0.283051,0.0461238,0.430844,0.167713,0.0319522],[-0.300192,-0.864137,-1.7028,0.0973947,-0.318747,-1.32183,0.19395,0.770264,-2.00905,-0.275204,-0.725621,-6.85683,0.00455105,0.155493,-1.68592,-0.170118,0.484219,-0.0531312,-1.05541,0.633476,-0.0480095,0.219428,-0.790473,0.02163],[0.0721457,0.100554,0.0330421,0.00648167,-0.0295215,0.127145,0.0208892,0.011295,1.03891,0.00759395,0.100401,0.594066,-0.0152456,0.00375,-0.227146,0.0119263,-0.00823307,-0.00746807,-0.797347,0.0668606,-0.00507497,0.0586395,0.10496,-0.00757649],[-0.175224,-0.770861,0.68575,0.0774461,-0.184839,-0.851494,0.149697,0.0224941,-0.433781,1.15766,-1.03412,-0.95575,0.0177911,0.159623,-2.75295,-0.466231,0.374467,0.164277,4.29071,-0.119262,0.0346345,-0.569141,-0.106122,0.195054],[-0.0256041,-0.0944781,0.187168,-0.00398927,0.0638699,0.0543739,0.0187944,-0.0188332,0.0446517,0.0155791,0.93747,0.302992,-0.00394878,-0.0161482,0.221638,-0.00876344,0.0214677,0.0188068,0.523347,-0.105738,-0.000229359,0.0487635,0.0922698,0.0129075],[-0.0153139,-0.0208169,-0.0106733,-0.0110885,0.00270976,0.0051635,0.00277998,-0.00176135,-0.0223063,-0.0016311,-0.0171922,0.785096,-0.00240922,0.00152992,-0.064986,0.00239034,-0.0102609,-0.00259339,-0.0550904,0.0159837,-0.000474399,-0.0215787,-0.00518795,0.00100429],[-0.135882,-0.259252,-0.833497,-0.0521683,-0.201751,-0.0960883,-0.184256,-0.00356746,-0.901063,-0.00838631,-0.459799,-7.11559,0.880055,0.127959,-1.33025,0.0426237,-0.131133,0.0630893,-2.97373,0.0219297,-0.0108021,0.478988,-0.644072,0.145936],[-0.155166,-0.194764,0.109757,0.316245,-0.136165,-1.84922,0.400948,-0.0438633,0.731901,0.0606191,0.273606,1.07397,-0.0268102,0.838693,-2.74223,-0.226937,-0.231314,-0.0524084,3.29778,-0.39466,-0.0192451,-0.184812,0.295494,-0.0895089],[0.0131081,0.000486403,0.0424239,0.0235403,0.0011725,-0.0276031,0.0114117,-0.0012934,-0.00631743,0.00545265,0.0479355,0.119869,0.0142487,0.00968796,0.996221,-0.00878736,0.0228822,0.00493714,0.147013,0.000585831,-0.00135184,0.0507003,0.0475882,0.0106648],[-0.277379,-0.306142,0.352417,-0.00059328,-0.6586,-0.957525,0.0698347,0.0630811,0.574214,0.0722272,0.30528,0.391191,0.012642,0.0480488,-1.02565,0.45585,0.0039128,0.04101,-1.91096,0.320611,0.0820427,0.308732,0.198491,0.0440809],[-0.0486761,-0.184192,-0.13936,-0.0834056,0.345176,-0.271425,-0.102301,0.037143,0.148729,-0.000151044,-0.00050418,-0.903982,-0.0393237,-0.01961,-0.260892,-0.203067,0.600996,-0.028153,-0.272549,0.0627026,-0.0156578,0.191029,-0.302954,-0.0181524],[0.37597,0.681544,-0.43342,-0.0302021,-0.115376,1.15051,0.0916823,-0.0535035,0.281042,0.113599,0.768581,-1.79899,0.00764916,-0.0150935,1.1304,0.128212,-0.746317,0.991206,9.05059,1.05444,-0.0527555,0.134886,-0.0523465,0.0720689],[-0.024388,-0.0268504,-0.00202188,-0.00693039,-0.0209498,-0.0187096,-0.00840806,-0.00210841,-0.0203073,-0.000644015,0.00921629,-0.204403,-0.00434478,-0.00274086,-0.0349945,-0.000677347,0.0095341,-0.0135914,-0.29188,-0.0420237,0.000688995,-0.0247069,-0.0285052,-0.00173197],[-0.0345269,-0.0101501,-0.119091,0.0211006,0.0150023,0.0433765,-0.0237345,-0.00492744,-0.141642,-0.0204337,0.129269,-1.14656,-0.030643,0.00321866,-0.509878,0.0727616,-0.0363219,-0.0197757,-0.365848,1.08709,-0.0122526,-0.143875,-0.00283826,0.00230697],[0.632168,-0.465091,0.774028,0.148525,0.108531,-0.696453,-0.274459,0.0991118,-0.66162,-0.198969,1.10648,-1.15742,0.175807,-0.13312,5.11494,1.11585,0.291769,-0.045852,3.72831,-0.529769,1.07867,0.914518,0.70726,0.0453882],[0.0222078,0.180497,-0.0209155,-0.0134923,0.0714399,0.224177,0.00290244,-0.00920499,0.0951774,0.0376514,0.0322087,1.4183,0.0174657,-0.0192788,0.584654,-0.0306978,-0.0728143,0.00146014,-1.67965,-0.0807921,0.0292041,0.730431,0.0965006,-0.00442213],[0.102311,0.069024,-0.0696209,0.0333601,0.238651,0.275005,-0.0389469,0.00764831,-0.0522823,0.010164,-0.0832576,0.397436,0.0126798,0.00437212,-0.07857,0.120579,-0.188393,0.0129066,0.470531,0.0226012,-0.00183617,0.0120349,-0.0140352,0.00740406],[0.562045,-0.00653123,1.94578,0.374385,0.628952,0.421332,0.137125,-0.0433777,0.159764,0.0281248,-0.46403,4.31219,-0.186341,-0.146027,0.514876,0.293224,-0.108511,0.0205183,0.37986,0.32142,0.0390252,0.240233,0.0571271,0.917017],[0.163724,-0.0578632,0.0357228,-0.0217103,0.0485274,-0.413847,-0.0497558,-0.00119428,-0.3692,-0.0160243,-0.07801,-0.418749,-0.0205338,-0.00222721,0.149611,-0.0826539,0.00593002,0.0239087,-0.657138,-0.162934,-0.0187762,-0.16958,-0.341289,-0.000191689],[-0.146586,0.0589712,-0.34323,-0.0219256,-0.196363,0.169591,-0.094114,-0.0101168,-0.346077,-0.00480714,-0.136333,-1.43317,-0.0173762,0.0152953,-0.702815,-0.0856981,0.0427054,0.00191433,-0.634325,-0.0744424,-0.00573856,-0.179562,-0.182511,-0.00323578],[0.0053815,-0.0275244,0.30011,-0.00045307,0.0305155,-0.0142993,-0.00450666,0.00179963,-0.0218082,0.00195542,0.0679725,0.0360397,-0.00846546,-0.00767993,0.0125506,-0.0140946,0.0131738,-0.000808949,-0.0597348,0.0224751,0.00125404,0.0805372,0.00137884,0.00595068],[-0.0484501,-0.122158,0.58008,0.322688,0.0891186,-0.0064906,-0.0394304,-0.0111499,-0.151641,-0.043028,0.0857392,-1.20322,-0.00193483,0.0404968,-0.743849,-0.0123239,0.025752,-0.0918176,-0.744967,0.0581443,0.00570129,-0.174708,-0.065164,-0.0177202],[-0.0021756,-0.0689582,-0.0840593,-0.00925033,0.165831,-0.108162,-0.0242074,0.0226957,-0.0629323,-0.00154551,-0.0630331,-0.277031,-0.00919104,-0.0118026,0.0518101,-0.00879096,0.0272342,0.00198773,0.418157,0.0216438,-0.00381219,0.21121,-0.0978404,0.000606011],[-0.00843609,0.0212971,-0.0145026,0.019407,-0.0329521,0.186442,-0.00653129,0.00510477,0.0240449,0.00397586,0.0732314,-0.0568072,0.00686905,0.00163153,0.128498,0.0195777,0.000719021,0.0104164,0.0728464,-0.0259191,0.00216408,0.121442,0.0132785,0.00390681],[-0.00919019,-0.117821,0.152895,-0.00817074,-0.369918,-0.233684,-0.023948,0.00515904,-0.524158,-0.0428943,-0.0425419,-0.793717,-0.0344764,-0.0165548,-0.341641,-0.0608532,0.002472,0.019511,-1.64598,0.162449,-0.0429346,-0.369271,-0.260402,-0.0177791],[-0.102954,0.491768,2.15036,-0.124914,-0.327078,1.18855,-0.181827,0.0256261,-0.57603,-0.100704,-0.0964231,-5.92702,-0.0857359,-0.0212416,-1.31928,0.176873,0.245664,0.0998903,5.54482,-0.892996,-0.0468083,-0.588696,-0.703107,-0.105325],[-0.0418302,-0.0738003,-0.0389236,0.00795459,0.0364127,-0.133879,-0.0199323,-0.00926848,0.0549683,-0.00620179,-0.0231696,-0.476181,0.00281359,-0.0109242,0.243599,-0.00940106,0.0238773,0.000774503,0.0680773,-0.0425867,-0.00143038,0.0561499,-0.0632995,-0.00657999],[-0.162547,0.0284016,-1.15145,0.00246297,0.264651,-0.2902,-0.0796727,-0.0191381,-0.00432735,-0.217067,0.383816,-0.778011,-0.0723968,-0.0950824,0.336491,0.0966604,0.232979,-0.0856675,-3.26138,-0.0862925,-0.031287,0.117023,0.263503,-0.181515],[0.0389074,0.0617062,-0.101931,-0.0204518,-0.0258629,-0.0622153,-0.039867,0.0155016,-0.0851936,-0.0148876,-0.204381,-1.12901,-0.00181129,0.0100524,-0.210003,-0.00249953,0.0116731,-0.00718915,0.425662,0.0318253,0.00176926,-0.0760427,-0.234458,-0.00932371],[0.0131575,0.0120735,0.00347716,0.00228868,0.00190262,-0.0147332,3.35014e-05,0.00122032,0.00812098,-0.00279242,0.0143035,0.0586328,0.00151721,0.00119859,0.00537676,-0.00449392,-0.00305454,0.00059513,-0.118834,0.00132546,-0.000527877,0.0260037,0.00175719,-0.00309375],[0.127354,0.206239,0.249285,-0.202092,0.774789,0.358766,-0.0836424,-0.0156433,0.349426,0.029472,-0.100211,-0.153719,-0.110649,-0.121992,-0.178466,0.143842,0.163205,-0.0364015,-0.720169,-0.271339,-0.0107978,-0.127721,-0.195319,-0.0643917],[0.0822464,0.149589,0.932692,-0.00714981,0.00885189,1.20596,0.0215668,-0.00227816,-0.315836,0.0447246,-0.31283,0.365143,-0.0608809,-0.041101,2.04593,0.0857502,-0.104778,0.0483448,0.211854,-0.0291189,0.0237393,0.519209,0.045661,0.0720536],[-0.0130397,-0.00997039,-0.0609538,-0.0175597,0.00711147,-0.0151008,-0.0116946,0.00153748,0.0172611,-0.00108923,-0.0278528,-0.131458,-0.0146266,-0.00393381,-0.0904469,0.0020491,0.00346667,-0.00653899,-0.250935,-0.00242573,-0.000773031,-0.0425211,-0.0334777,-0.00742646],[0.228902,0.232945,-0.0474748,-0.0333788,0.537308,0.627365,0.0167463,-0.0300706,-0.526453,-0.0787255,-0.0678566,-1.30176,0.0163752,-0.0114011,0.788003,0.00889093,-0.101132,-0.042548,1.13103,0.0436936,-0.0365835,-0.0852781,0.225302,-0.0342616],[0.0923636,0.18711,-0.00986154,0.0688202,-0.245974,0.224802,0.0205054,-0.0319878,-0.0858401,-0.0163061,0.143699,-0.176564,-0.0165294,-0.0128687,-0.132219,0.0718364,-0.0471013,-0.011419,0.323162,0.127317,-0.00351425,-0.350591,0.0491435,0.00215525],[0.0350679,-0.200318,-0.314208,-0.109069,0.336014,-0.623801,-0.0348303,0.00480947,-0.245817,-0.0531692,0.366755,-2.77066,0.00548927,0.0032312,-0.65785,0.0728982,0.0309332,-0.0143579,2.91368,0.338622,-0.0329617,-0.103515,-0.211579,-0.0584208],[-0.00627111,0.00384537,-0.0275004,-0.00291023,-0.00256202,0.00775205,0.00133621,0.00203193,-0.00161546,-2.39182e-05,0.0345934,-0.00718098,0.00363907,0.00361889,0.0101748,0.00507328,-0.00635431,0.000228257,-0.123694,0.00274381,8.94897e-05,0.00755316,0.0248752,0.0011642],[0.00722194,0.00483436,0.214371,0.0031814,-0.108295,-0.128518,-0.00309414,-0.0040771,0.111108,0.0208852,-0.14275,1.32232,0.0136768,-0.0107109,0.44847,-0.0249364,0.0123677,0.00725221,0.20768,-0.0714226,0.00840611,0.0626851,-0.0269304,0.00581626],[-0.505149,0.501896,-0.284947,-0.172455,0.212398,1.90616,0.191554,-0.0723033,0.381625,0.236205,-0.0560891,0.896995,-0.253618,-0.140585,-1.90618,0.0985407,-0.663297,0.0424679,0.67577,-0.306328,-0.151938,-1.12742,-0.628244,0.048696],[0.0151878,0.0736973,-0.0366224,0.0394734,-0.0742376,0.0524481,0.00966406,-0.0051442,-0.0847322,-0.00678175,-0.0672829,-0.945499,-0.0104334,0.0113504,-0.316733,-0.0307296,-0.0217892,-0.0171586,0.133259,-0.0269829,-0.00381568,-0.0912819,0.0233773,0.00210847],[0.0127435,0.0406348,-0.162133,-0.0122029,0.0194952,0.183033,0.0392945,-0.00584614,-0.0535423,0.0113606,-0.32037,-0.529848,0.0290851,0.0332026,-0.147917,0.128405,-0.139596,0.0209296,1.62336,-0.0659648,0.0117731,-0.0299802,0.257225,0.0278213],[-0.193717,-0.138977,-1.00899,-0.204503,-0.464825,-0.715621,0.217858,0.0170281,-0.260429,-0.0330111,0.299813,-1.26793,0.207577,0.243704,-0.715561,-0.0414672,-0.118543,-0.0871994,-3.95713,-0.249086,0.00654099,0.223364,0.758948,-0.0345268],[0.13793,-0.0128837,-0.0224643,-0.0581622,-0.18003,0.0858808,0.103336,-0.0062123,0.170495,0.0168708,-0.145156,1.43629,0.032108,0.00110602,0.196597,0.0617943,-0.05528,0.0016752,0.353779,-0.171123,0.00286251,0.0566269,0.0990888,0.02207],[0.0875656,0.208277,-0.032634,0.0571862,0.103747,-0.00636475,-0.000742382,0.0171947,0.0133356,-0.00445008,-0.0365548,-1.73665,0.00419875,0.016077,-0.223018,-0.0332461,0.0440216,0.00284533,0.296563,0.0563676,0.00290205,-0.0217916,-0.140764,-0.0166828],[0.0067785,0.0117104,-0.0443963,-0.0102184,-0.0115996,0.0506833,0.00559768,0.00170844,-0.018262,0.00249726,-0.00352516,-0.183597,0.00661098,0.0114257,-0.0679025,-0.002893,-0.00663363,0.000661365,-0.100547,0.0209234,-8.58347e-05,0.00297508,0.0280784,0.00605312],[0.174502,0.0377987,0.0265524,0.121766,0.0555671,0.0743962,0.0747835,0.0249819,-0.181418,0.00205308,0.068622,0.207924,0.0133023,-0.0186003,1.11262,0.0219757,0.0594143,0.0122107,-0.176931,0.0653101,0.0115863,0.123697,0.104779,0.0176978],[0.0576478,-0.0263447,0.0362414,-0.00229538,0.274701,-0.041787,0.0158277,-0.0185326,0.00721773,-0.00230906,0.128941,0.474252,-0.00121224,0.00747619,-0.100045,0.0466028,-0.0347624,-0.0122434,-0.264,0.0218181,0.00200075,-0.0880965,0.0781085,-0.00620992],[0.00897927,0.0267854,-0.0530915,0.00741641,0.0533189,0.140063,0.0233433,-0.00262035,-0.00469826,-0.0104481,0.0229558,0.117054,-0.00518656,-0.00549798,-0.0213572,-0.00642285,0.00338096,-0.00954923,-0.403444,-0.0573026,-0.00508223,0.0162852,0.0260516,0.000293035],[0.00791047,0.0171604,-0.10331,-0.085833,0.186691,0.0887334,0.108268,-0.0191411,0.283457,0.0114518,0.000902097,0.229546,-0.00639307,0.0287513,-0.341649,-0.0136619,-0.0308698,-0.00159196,-0.279736,0.124699,-0.00274417,-0.0588451,0.0957374,-0.01466],[0.535874,0.00128866,-0.144678,0.0638854,0.430926,-0.228915,0.00808767,-0.0243693,0.718601,0.0427074,0.312335,7.19377,0.148774,0.0370557,0.894026,0.141957,-0.0683795,-0.0034071,-2.89044,-0.500987,-0.000137452,0.924411,0.621482,0.024243],[-0.0310469,-0.0276315,0.0193999,-0.0175157,-0.0105843,0.00783491,-0.00484351,-0.00140618,-0.105065,-0.00189666,-0.0838617,-0.111184,0.0114517,0.00697604,-0.0214974,-0.0093559,-0.0214922,0.00622685,0.658428,-0.0308906,0.00616958,-0.112438,-0.0493104,0.0146232],[0.171832,0.25046,-0.0317274,-0.109064,0.122838,0.28778,-0.0792661,-0.0175757,-0.449665,-0.116913,-0.419393,-0.849719,0.00433792,0.0109413,0.0888832,0.102121,0.0953144,-0.069143,0.10396,-0.00789699,0.0148858,-0.0907059,-0.129787,-0.0461277],[-0.0142926,0.0294061,-0.0824959,0.0234251,-0.0380239,0.00696699,0.021433,0.00314035,0.0388526,0.000154624,0.262546,0.824728,0.00503614,0.00502643,0.00113056,0.00988717,-0.0268663,-0.0124031,-0.959752,0.069728,-0.00140348,0.0352584,0.138175,-0.00317407],[0.000225574,0.00401758,-0.0090007,0.00689977,-0.00287095,0.00734402,-0.00558273,-0.00146987,-0.0077363,-0.00012089,0.010802,-0.0644242,-0.00103872,-0.000630666,0.00341206,-0.00237785,-0.0103173,-0.000553356,0.0454916,0.00470256,-0.000189565,-0.00326837,-0.0025297,-0.000927921],[-0.321888,-0.150523,0.426542,-0.0879673,-0.425232,0.214818,-0.107241,-0.0337011,0.216297,0.0248411,0.325006,4.41884,0.0587494,-0.0341437,1.43853,0.0937734,0.170541,0.0563393,0.505831,0.451881,-0.015614,-0.184313,0.0727258,0.0715795],[-0.135847,-0.139907,-1.15669,0.165916,-0.17109,-0.0932861,-0.156781,0.0149354,0.309348,-0.0958214,0.55273,-2.85484,-0.00422061,-0.000421724,-0.648291,0.0525513,0.281075,-0.0551449,-2.20411,-0.214717,0.00134785,-0.488368,-0.242836,-0.0981002],[0.00244441,0.00877675,0.0120837,-0.0013322,0.0050736,0.0425628,0.00690046,-0.000615589,-0.0143162,-0.00237276,-0.0169422,-0.018625,0.000361606,-0.00486748,0.071321,0.0129192,-0.0191233,0.00181847,0.151972,0.0201531,0.00102528,-0.0114413,-0.0112768,-0.00356299],[0.0368075,0.132764,-0.325033,0.00455332,0.0369899,0.351516,-0.0616988,-0.0462309,-0.0154746,-0.00262768,-0.236132,2.11494,-0.0124386,-0.032866,0.500348,-0.17274,0.0256722,0.0027944,1.32217,-0.264813,-0.0333771,-0.267892,-0.283148,0.00377973],[-0.0232585,0.0256349,0.136993,-0.0128361,-0.0371293,0.0782293,0.0404624,-0.0128844,0.0621671,-0.0060243,0.0129391,0.36603,0.0268036,0.00945052,0.329988,0.0382779,-0.14245,0.00715715,-0.367846,-0.0971614,0.00365237,0.107999,0.274367,-0.00472792],[-0.0425286,0.111562,0.680301,0.0962812,-0.31796,0.281217,-0.0431994,0.0375367,-0.0613476,-0.0602252,0.0567276,2.82167,0.048626,0.0491141,0.689328,0.00214685,-0.0505821,-0.105567,-6.32802,0.00921609,-0.0105771,0.571319,0.0045956,0.0424891],[0.00333622,0.00398647,-0.0138334,-0.00121104,-0.0066675,-0.00549135,0.000883558,-0.000430292,-0.00222994,0.00173859,0.0197366,0.0838314,0.000828098,-0.00294298,0.0633328,0.00448362,-0.0036887,5.5221e-05,-0.154597,0.00105096,5.4946e-05,0.00916338,0.00765738,0.00146454],[0.0266402,0.00476737,-0.10091,-0.0231794,0.0923104,0.0833132,0.029508,0.0089752,0.0350969,-9.12984e-05,0.0170976,-0.173371,0.0172734,0.00766732,0.0623687,-0.0456904,0.0268877,0.011828,0.163884,-0.0163443,0.00411937,0.0867293,0.0342082,-0.00830035],[-0.101034,0.233108,0.457299,-0.0598817,-0.175983,-0.579702,-0.128249,0.132763,1.00821,0.0614837,-0.541722,2.69814,0.0741157,0.120446,-0.052301,-0.352004,0.34936,0.0515243,-2.40769,-0.122018,0.0369848,0.19287,-0.353636,-0.0371688],[-0.00912525,-0.0538048,-0.0206836,-0.0359035,0.0798807,0.138293,-0.00161369,0.000697213,-0.0495447,-0.00609569,0.0191242,-0.436234,0.00121211,0.0117692,-0.267666,-0.0484789,-0.0365,0.000665412,0.352144,0.0244684,-0.00714195,-0.114287,-0.00687534,0.00500485],[-0.0267924,0.0407205,-0.0352122,-0.0197976,-0.0312741,0.0100641,-0.0327698,-0.00702456,-0.00606405,-0.00261831,0.0596016,-0.16703,0.00229085,-0.00223891,0.0835142,0.0457213,-0.0435848,0.00154672,-0.216521,0.0218001,0.00281322,-0.0983954,-0.119503,0.0142091],[-0.0785316,0.166762,-0.350326,0.0263221,-0.0424437,0.238894,-0.232489,0.0169046,0.459213,0.0230579,-0.192542,-1.01247,0.0680935,0.00127038,-0.0797424,-0.0316404,-0.116674,0.097647,1.52177,-0.257047,0.00153586,-0.122646,-0.356646,-0.0633844]],"sigmahat":[[0.453566,0.177928,-0.087303,0.0819587,0.475893,0.103289,0.0488819,0.012103,-0.0728727,-0.00936109,0.0306464,-0.27211,0.0197202,0.0104503,0.281204,0.0111512,-0.0330337,-0.00194567,0.337405,0.103637,0.00143416,0.187181,0.0176096,-0.0105911],[0.177928,0.631014,-0.228629,0.0628801,0.0730032,0.506841,-0.0145811,-0.0270567,-0.0124927,-0.00194533,0.240757,0.113141,0.0247309,-0.00136182,0.256822,0.0709392,-0.124405,0.0197714,1.27037,0.0370569,0.00521208,0.0646622,-0.0619027,-0.0186027],[-0.087303,-0.228629,4.64874,-0.058676,-0.380684,0.484144,-0.0871781,-0.0113999,0.262107,0.02103,-0.0869923,2.94533,-0.0244803,-0.00238706,0.0634115,0.0173753,0.0785676,-0.00964621,-0.820851,0.174523,-0.00271932,0.363518,-0.0941509,0.00237537],[0.0819587,0.0628801,-0.058676,0.425197,0.0746344,-0.0388111,0.0475212,-0.00132136,0.25556,0.00973428,0.137067,0.134464,0.0107125,-0.0107544,-0.000815552,0.00403465,-0.0580727,0.00648756,0.036212,-0.0458666,0.00205074,0.137367,0.0174833,-0.0275824],[0.475893,0.0730032,-0.380684,0.0746344,2.33126,0.259403,0.0318663,0.0180664,0.22855,0.0268465,0.178816,-2.57637,-0.0119386,0.00437257,0.0363816,-0.0726811,-0.0864277,0.0487523,1.98688,0.278434,-0.0114302,0.105111,0.0666706,-0.00575292],[0.103289,0.506841,0.484144,-0.0388111,0.259403,3.24786,0.128702,-0.0298889,-0.15392,0.0076401,-0.0843269,-0.0382422,0.0256103,0.0333049,0.503119,0.153224,-0.367063,0.0278414,2.6101,0.396151,0.000686343,0.315269,0.129545,-0.0109585],[0.0488819,-0.0145811,-0.0871781,0.0475212,0.0318663,0.128702,0.249144,0.0277077,0.055199,-0.000625845,-0.116345,1.04761,0.0367315,0.0310422,-0.0682432,0.0533633,-0.0414172,-0.00305885,0.466802,0.0931953,0.0064232,0.139199,0.32918,-0.0012784],[0.012103,-0.0270567,-0.0113999,-0.00132136,0.0180664,-0.0298889,0.0277077,0.0369098,-0.0304032,-0.00170381,-0.0581453,-0.384856,0.00312963,0.00849662,-0.0927095,-0.0169582,0.024178,-0.00717112,-0.40736,-0.00487459,0.000518289,0.0510589,0.00503222,-0.001296],[-0.0728727,-0.0124927,0.262107,0.25556,0.22855,-0.15392,0.055199,-0.0304032,3.12526,0.167474,1.00598,9.66488,0.0994067,-0.0258279,1.78601,0.0927848,-0.0119338,0.0665917,-2.67935,-0.0808358,0.0338429,1.11933,0.812183,0.0234265],[-0.00936109,-0.00194533,0.02103,0.00973428,0.0268465,0.0076401,-0.000625845,-0.00170381,0.167474,0.0341215,0.0457882,0.795607,0.0040609,-0.00896014,0.225161,-0.00517975,-0.0114136,0.0150984,-0.00487027,-0.0372097,0.00275,0.0604276,0.0342573,0.0110755],[0.0306464,0.240757,-0.0869923,0.137067,0.178816,-0.0843269,-0.116345,-0.0581453,1.00598,0.0457882,2.0381,2.04279,0.00098601,-0.0714164,1.25785,0.0412251,0.0201335,-0.0184954,-3.62851,0.301282,-0.0200755,0.461689,0.380669,-0.0130959],[-0.27211,0.113141,2.94533,0.134464,-2.57637,-0.0382422,1.04761,-0.384856,9.66488,0.795607,2.04279,110.864,0.919166,-0.101532,20.8402,1.1948,-0.686992,0.275283,-20.3516,-0.466069,0.210831,6.10825,6.63484,0.611932],[0.0197202,0.0247309,-0.0244803,0.0107125,-0.0119386,0.0256103,0.0367315,0.00312963,0.0994067,0.0040609,0.00098601,0.919166,0.0512053,0.0309189,0.271282,0.0129582,-0.0305805,0.0101712,0.365619,-0.0235876,0.00668286,0.10898,0.122051,0.00807278],[0.0104503,-0.00136182,-0.00238706,-0.0107544,0.00437257,0.0333049,0.0310422,0.00849662,-0.0258279,-0.00896014,-0.0714164,-0.101532,0.0309189,0.0539843,-0.332605,0.00482206,-0.0259621,-0.0025277,0.214352,0.0363816,0.00351309,0.0197981,0.064927,0.00225104],[0.281204,0.256822,0.0634115,-0.000815552,0.0363816,0.503119,-0.0682432,-0.0927095,1.78601,0.225161,1.25785,20.8402,0.271282,-0.332605,15.881,0.0618762,0.0146491,0.196386,-2.45729,-0.233401,0.0553411,2.43737,1.30847,0.177341],[0.0111512,0.0709392,0.0173753,0.00403465,-0.0726811,0.153224,0.0533633,-0.0169582,0.0927848,-0.00517975,0.0412251,1.1948,0.0129582,0.00482206,0.0618762,0.354799,-0.136234,-0.00157503,0.315285,0.157952,0.0139434,-0.018854,0.199038,0.012336],[-0.0330337,-0.124405,0.0785676,-0.0580727,-0.0864277,-0.367063,-0.0414172,0.024178,-0.0119338,-0.0114136,0.0201335,-0.686992,-0.0305805,-0.0259621,0.0146491,-0.136234,0.483422,-0.0256331,-0.238078,0.00235135,0.000944163,0.0468331,-0.128547,-0.0117383],[-0.00194567,0.0197714,-0.00964621,0.00648756,0.0487523,0.0278414,-0.00305885,-0.00717112,0.0665917,0.0150984,-0.0184954,0.275283,0.0101712,-0.0025277,0.196386,-0.00157503,-0.0256331,0.0429521,0.789986,-0.0312775,0.00350385,-0.0034326,-0.0148746,0.00934461],[0.337405,1.27037,-0.820851,0.036212,1.98688,2.6101,0.466802,-0.40736,-2.67935,-0.00487027,-3.62851,-20.3516,0.365619,0.214352,-2.45729,0.315285,-0.238078,0.789986,84.9734,0.810681,0.10166,-3.95395,-1.99742,0.0632448],[0.103637,0.0370569,0.174523,-0.0458666,0.278434,0.396151,0.0931953,-0.00487459,-0.0808358,-0.0372097,0.301282,-0.466069,-0.0235876,0.0363816,-0.233401,0.157952,0.00235135,-0.0312775,0.810681,1.62385,-0.00848204,0.106117,0.38244,0.0106432],[0.00143416,0.00521208,-0.00271932,0.00205074,-0.0114302,0.000686343,0.0064232,0.000518289,0.0338429,0.00275,-0.0200755,0.210831,0.00668286,0.00351309,0.0553411,0.0139434,0.000944163,0.00350385,0.10166,-0.00848204,0.00786745,0.0259105,0.0219119,0.00184926],[0.187181,0.0646622,0.363518,0.137367,0.105111,0.315269,0.139199,0.0510589,1.11933,0.0604276,0.461689,6.10825,0.10898,0.0197981,2.43737,-0.018854,0.0468331,-0.0034326,-3.95395,0.106117,0.0259105,2.52532,0.661237,0.0180342],[0.0176096,-0.0619027,-0.0941509,0.0174833,0.0666706,0.129545,0.32918,0.00503222,0.812183,0.0342573,0.380669,6.63484,0.122051,0.064927,1.30847,0.199038,-0.128547,-0.0148746,-1.99742,0.38244,0.0219119,0.661237,1.82398,0.0453199],[-0.0105911,-0.0186027,0.00237537,-0.0275824,-0.00575292,-0.0109585,-0.0012784,-0.001296,0.0234265,0.0110755,-0.0130959,0.611932,0.00807278,0.00225104,0.177341,0.012336,-0.0117383,0.00934461,0.0632448,0.0106432,0.00184926,0.0180342,0.0453199,0.0354137]],"n":24,"lags":3}