{"betahat":[[0.247409,0.969503,0.367907,0.547829,-1.8596,-1.17504,0.629674,0.265956,-0.414068,6.57148,0.0441177,0.0992052,-0.545753,0.275463,1.60608,0.0259925],[0.840332,0.153754,0.11607,-0.0230224,-0.00529233,0.655372,-0.0602205,-0.0161058,-0.00469197,-1.78877,-0.0228915,-0.0074331,-0.149945,0.0775452,0.155514,-0.0264608],[0.0469729,0.858476,0.407752,-0.010062,0.104584,0.0113381,0.0149661,-0.0404874,0.290689,2.34065,-0.00624985,-0.0355738,0.749896,0.0154413,0.192655,0.0162428],[-0.0013475,0.00686501,0.834023,0.0357892,-0.0370035,-0.084193,0.00693639,-0.00467825,-0.0396109,0.0217067,-0.00664937,-0.00837021,-0.0120827,-0.0866004,-0.0813724,-0.00744071],[-0.0735491,-0.170358,-0.532041,0.844786,-0.16659,-0.282793,0.0214209,-0.00783592,0.086884,1.02996,-0.0175202,-0.0430659,-0.600436,0.284912,0.0201126,0.0277011],[-0.0457029,0.0872509,0.0344887,0.0229069,0.641246,0.110116,-0.00825669,-0.0030673,0.137573,0.26955,0.00379279,-0.0039083,0.149074,-0.0769765,0.0131932,0.00963494],[-0.0133163,-0.0484609,0.0227749,-0.0251806,-0.0449426,0.710551,-0.0115416,0.00292509,-0.0323994,-0.47061,0.00283987,0.00994918,-0.108056,-0.207666,-0.0486875,-0.00873752],[-0.0700734,0.136369,-0.304704,0.186337,0.0885632,0.195572,0.968989,-0.00592715,0.179327,-0.816681,0.0419224,0.0632633,-0.823575,0.592821,-0.207978,0.0275003],[-0.00355469,-0.500179,-2.04822,0.134161,0.54267,-1.21003,0.0832765,0.891005,-0.940238,-2.00843,-0.0830301,-0.0392927,-0.170558,0.402712,-0.807867,0.054502],[0.0330244,0.0384282,-0.0124626,-0.0254822,-0.033661,0.126689,0.015248,0.0210676,1.09305,0.371092,-0.01068,0.012213,-0.160167,0.0159514,0.156666,0.00634922],[-0.0014199,-0.0143797,0.00374606,-0.00537823,0.00655976,0.0166196,0.00630521,-0.00240948,-0.0157572,1.01949,-0.00034133,0.00149486,-0.0555443,-0.0170374,-0.00680986,0.000977789],[-0.135827,-0.480146,-0.500482,-0.126125,-0.542581,-0.754333,0.120898,0.0688841,-0.467338,-4.26007,1.06671,0.000950412,1.54489,0.167404,-0.525719,0.107904],[-0.115981,-0.0356544,-0.497731,0.0970513,-0.0123394,-1.3778,0.11259,-0.0220192,-0.898299,-4.98091,-0.0391308,1.04397,-3.43468,-0.90096,-0.00821618,-0.156424],[0.00722446,0.0242939,0.0474403,0.000900242,0.0592165,0.0665082,-0.00866839,-0.00131555,0.025418,0.197197,0.0103303,0.0017705,1.20722,0.111505,0.022603,0.00885876],[0.0950917,0.197488,0.0123994,0.0391874,-0.0158858,0.135971,0.0246263,-0.0153162,-0.135625,-0.0123278,-0.010975,-0.0123857,-0.0692604,0.454261,-0.0528165,0.0154165],[0.0614754,0.0499014,0.0365637,0.0563503,0.203989,0.177622,0.0108368,0.00299345,0.0495109,0.499224,0.00904696,-0.00165066,0.0610505,0.0563039,0.334363,0.0215566],[0.0971328,-0.765207,1.41931,-0.190134,0.0509367,0.0384128,-0.0252692,-0.0289839,-0.910878,-1.62564,-0.142574,-0.0171017,-0.799806,-0.936097,-0.234759,1.23917],[0.00972168,-0.220049,-0.115929,0.0199679,0.102176,-0.858164,-0.0487763,0.0245193,-0.0925197,1.37316,0.00400609,0.00404775,0.0796478,-0.0872058,-0.219818,0.025766],[-0.124641,0.0103056,-0.333525,-0.00686741,-0.22184,0.0921934,-0.0165445,0.0183803,-0.293787,-1.41394,0.0150362,0.0409826,-0.700161,-0.0741826,-0.0182146,-0.00684142],[0.020227,-0.00317748,0.174701,-0.0207895,0.0580153,0.0200912,-0.0148636,0.00160636,0.0930794,0.0126717,0.000219276,0.00115231,0.0663285,0.0976246,0.0436683,0.00518587],[-0.0789436,0.132124,0.234729,0.051503,0.128523,0.0717334,-0.15359,-0.0260955,-0.15069,-2.50341,-0.00825507,0.0489501,-0.584368,-0.499929,-0.377647,-0.0571329],[0.0168135,-0.0442236,-0.041968,-0.0105091,0.153709,-0.0847985,-0.0152318,0.0202194,-0.143676,-0.636115,-0.00725926,-0.00311286,-0.0868535,0.109702,-0.13218,-0.00906353],[0.00417498,0.0316726,-0.00236664,0.0299661,-0.0239839,0.17489,-0.00155031,0.00263254,-0.0256351,-0.0561501,0.00233328,-0.00153797,-0.00136033,0.129292,0.00608821,0.00880364],[0.0336344,-0.122308,0.312735,-0.0807836,-0.279467,-0.177008,0.0318431,0.00228409,-0.369216,0.843544,-0.026324,-0.0698432,0.885836,-0.445523,0.30996,-0.0198774],[-0.463127,0.225232,2.56502,-0.309679,-0.681378,0.889025,-0.184998,0.0556885,0.106673,-4.19173,-0.133302,-0.0445252,-0.88485,-0.921442,-0.553893,-0.101131],[-0.0208367,-0.0256059,-0.0305037,-0.00518448,0.0611649,-0.0617895,-0.0345065,-0.0240779,-0.0742567,-0.734199,-0.0106903,-0.02087,0.145013,0.0438146,-0.155841,-0.0130769],[0.00378815,0.010701,-0.00999157,0.000969253,0.0026325,-0.016932,-0.00648681,0.00193595,0.0209234,-0.0659097,-0.000999994,-0.000113188,-0.00651848,0.001681,-0.00560413,-0.00255951],[0.165705,0.348837,-0.52112,0.0651884,1.25256,0.830731,0.00405656,-0.0194044,0.340909,0.474695,-0.131969,-0.0871328,-1.05762,-0.0146242,0.348125,-0.0730198],[-0.00116415,0.037894,1.07475,-0.225276,0.0437991,1.47141,0.0625468,-0.015396,0.179328,4.49939,-0.0119926,-0.0275945,2.67239,0.947052,0.239221,0.195199],[-0.00606271,-0.0193555,-0.0531982,-0.00370726,-0.0444255,-0.0649845,-0.00112731,0.0018519,-0.0165114,-0.221408,-0.0105509,0.00131254,-0.201391,-0.0882571,-0.032276,-0.00925191],[-0.0397733,-0.0429399,0.0188434,-0.0228866,-0.0122089,0.0199937,0.0118286,0.0045624,0.143249,0.365257,0.0120533,0.0203478,0.0231986,0.182608,0.11876,0.0127457],[0.0100102,0.0481137,-0.0110297,-0.00382729,-0.0655946,0.0769574,0.0743538,-0.0103546,-0.108183,-0.170901,0.0261015,0.0330521,-0.141309,-0.0817652,0.384131,0.0235523],[-0.0610268,0.31117,-1.11002,0.204073,0.426375,-0.396675,0.0682796,0.0399213,0.482401,1.995,0.0519867,0.111306,-0.396274,0.561767,0.398383,-0.169162],[0.14994,0.0662564,-0.000136747,0.00303523,-0.0968456,0.202785,0.109015,-0.00840949,0.097226,0.415869,0.0188899,0.00338176,0.0705027,0.00963414,0.0643604,0.000694055],[0.0776611,0.131132,-0.0742149,0.0168946,0.117349,-0.103562,0.00161308,0.0221186,0.0031123,-0.926343,-0.00877697,-0.00541499,-0.0493855,0.0586689,-0.174347,-0.00940301],[-0.0188775,-0.00376349,-0.00881457,-0.0150149,-0.0209428,0.064018,0.00796311,0.00308017,-0.053515,-0.0340491,0.00643357,0.00721624,-0.0540741,-0.0111114,0.0377945,0.00225043],[0.15249,0.0381728,0.297311,0.103679,0.0381503,0.211044,0.132196,0.0339403,0.0638422,1.4738,0.0257848,-0.00589136,1.18517,0.21497,0.357618,0.0294286],[0.0288833,-0.0430611,0.00748785,-0.0124147,0.205058,-0.0253131,0.0235077,-0.0171486,0.0061177,0.366784,0.00347083,0.00701831,-0.0620237,-0.0327538,0.11904,-0.000572657],[0.00913114,0.0166864,-0.0203804,-0.00482117,0.0689973,0.114462,0.0131124,-0.00554249,0.0579974,0.526831,-0.00516787,-0.00841493,0.109651,0.0782514,0.0426353,-6.93665e-05],[0.0364367,-0.0143821,-0.00813754,-0.105692,0.19155,-0.0187416,-0.000708393,0.00369022,0.190272,-0.0254349,-0.0155262,0.00655419,-0.0603195,-0.147472,-0.101536,-0.00764167],[0.530319,0.228967,-0.414978,0.135164,0.3532,0.299912,0.105008,-0.0152538,0.843492,5.90933,0.211485,0.058063,1.48646,0.663284,1.24911,0.0213508],[-0.0120227,-0.0123763,0.0431845,0.0307759,-0.0276765,-0.0642247,0.0190991,0.0029698,-0.0191902,0.360651,0.0213204,0.00869609,0.0137972,-0.0594868,-0.00117477,0.00675429],[-0.00220887,0.00382139,0.00590621,0.00445931,-0.00852831,0.00138229,3.16777e-05,0.000564524,-0.00660121,0.0314791,0.00123099,-0.00124773,0.0589171,0.01458,0.0116856,0.00147608],[-0.0573385,0.131484,1.06715,0.056247,-0.644147,0.0665246,-0.166942,-0.0534627,0.236565,3.52532,0.0313802,0.0500134,-0.160612,-0.0163242,0.0622583,-0.0255678],[0.0927058,0.0190062,-0.562922,0.15728,-0.0928341,-0.048775,-0.212826,0.0377213,0.793406,0.303452,0.0364593,-0.0474054,0.745503,-0.0328289,-0.347132,-0.0453688],[-0.00100102,-0.00542357,0.00541347,0.00257694,-0.0133489,-0.00176033,0.0102408,-0.000450333,-0.00917288,0.0252612,0.000269776,-0.0029661,-0.00491771,-0.0237457,0.01075,0.000351417],[0.0129377,-0.0428076,0.0164469,-0.0194328,0.0249303,0.0841523,-0.00281279,-0.00223075,-0.0490231,-0.169298,-0.000671712,0.0161158,-0.211858,0.0472477,-0.010486,0.00576361],[-0.00526168,0.0239957,-0.0941981,0.0148259,-0.0606869,0.00501934,-0.0203015,-0.00266564,0.0347781,-0.0695812,0.00451849,-0.00681694,0.164135,0.0444915,-0.070369,0.00546313],[-0.0304517,0.416811,-0.251345,0.00712059,-0.392306,0.349532,-0.0414405,-0.00297623,0.376211,-0.591106,0.0856709,-0.0587657,0.828669,0.207567,-0.12849,-0.109477]],"sigmahat":[[0.564407,0.384575,-0.146184,0.11516,0.79986,0.456673,0.0455991,-0.0102053,-0.105303,-0.659912,0.0372554,0.0411418,-0.025173,0.260219,-0.0598956,0.0120454],[0.384575,1.16961,-0.197073,0.146974,0.197233,1.42651,-0.0254548,-0.0625051,0.232642,1.28427,0.079361,0.0596638,0.192671,0.935904,0.0826511,0.0316649],[-0.146184,-0.197073,5.09631,-0.318714,-0.265337,1.03462,-0.262719,-0.059802,0.421136,0.542077,-0.0297099,-0.000189888,0.384597,0.148546,-0.322987,0.0646356],[0.11516,0.146974,-0.318714,0.239219,0.111366,0.031811,0.0463154,-0.00629236,0.122092,0.290173,0.0138532,-0.00598224,0.0915997,0.0390308,0.0881761,-0.00327848],[0.79986,0.197233,-0.265337,0.111366,3.56517,0.848673,0.134197,0.018896,0.244777,-1.91459,0.0428913,0.0429785,0.230919,0.809047,0.207988,0.0153006],[0.456673,1.42651,1.03462,0.031811,0.848673,5.97381,0.145835,-0.0953823,0.170726,1.04945,0.113567,0.118794,0.339184,2.50282,0.299483,0.125731],[0.0455991,-0.0254548,-0.262719,0.0463154,0.134197,0.145835,0.275648,0.0230028,0.0137689,1.09624,0.0369585,0.0357368,0.0476029,-0.11667,0.496368,0.00486897],[-0.0102053,-0.0625051,-0.059802,-0.00629236,0.018896,-0.0953823,0.0230028,0.0521098,-0.0802673,-0.696885,-0.00029077,0.00497054,-0.085385,-0.137134,-0.0502628,-0.00358397],[-0.105303,0.232642,0.421136,0.122092,0.244777,0.170726,0.0137689,-0.0802673,3.16454,11.9733,0.107182,-0.152023,3.51974,1.04151,0.926472,0.0651031],[-0.659912,1.28427,0.542077,0.290173,-1.91459,1.04945,1.09624,-0.696885,11.9733,145.282,1.469,-0.453761,36.5113,8.07835,11.5876,1.02353],[0.0372554,0.079361,-0.0297099,0.0138532,0.0428913,0.113567,0.0369585,-0.00029077,0.107182,1.469,0.0701971,0.0371996,0.422299,0.110888,0.167117,0.0199346],[0.0411418,0.0596638,-0.000189888,-0.00598224,0.0429785,0.118794,0.0357368,0.00497054,-0.152023,-0.453761,0.0371996,0.0847713,-0.67891,-0.0484966,0.0751961,0.000476979],[-0.025173,0.192671,0.384597,0.0915997,0.230919,0.339184,0.0476029,-0.085385,3.51974,36.5113,0.422299,-0.67891,24.0795,3.92621,1.98408,0.478597],[0.260219,0.935904,0.148546,0.0390308,0.809047,2.50282,-0.11667,-0.137134,1.04151,8.07835,0.110888,-0.0484966,3.92621,3.82701,0.584544,0.141631],[-0.0598956,0.0826511,-0.322987,0.0881761,0.207988,0.299483,0.496368,-0.0502628,0.926472,11.5876,0.167117,0.0751961,1.98408,0.584544,3.23102,0.0614404],[0.0120454,0.0316649,0.0646356,-0.00327848,0.0153006,0.125731,0.00486897,-0.00358397,0.0651031,1.02353,0.0199346,0.000476979,0.478597,0.141631,0.0614404,0.0417947]],"n":16,"lags":3}