{"betahat":[[16.2076,-0.751742,-2.55899,45.7656,33.0955,-16.7461,-57.7216,-0.421348,7.16584,-1.02899,0.207059,-1.15794,16.6654,-1.30888,-5.43641,0.920011,3.17131,-27.4552,1.78511,9.63258,-4.19756,-1.39648],[0.998994,0.000734804,0.00708201,-0.0623315,0.179745,0.01814,0.491121,0.0119368,-0.0349871,1.0987,0.0142348,-0.00944157,0.487769,-0.00103588,-0.011888,-0.00120023,0.0611408,0.100097,-0.00345317,0.100483,0.00719799,-0.00520004],[-0.184779,0.946206,-0.0134222,-0.121034,0.539175,-0.0462141,0.628483,0.0142056,0.0489044,0.993219,0.0190731,-0.00370919,0.289217,-0.0141103,0.0192596,0.00420899,-0.0689523,0.0977395,-0.00440411,-0.221342,0.117933,-0.0370558],[-0.0845041,0.297221,0.713995,0.128535,-0.152906,-0.00582984,0.0579798,0.0293781,-0.513089,-0.262655,-0.0319775,-0.0134006,-0.528039,0.0910037,0.067292,0.0581051,-0.0605563,0.0823033,0.0147837,-0.586042,-0.0690828,-0.0564845],[0.0229402,-0.0192895,0.00201942,0.892045,-0.0520741,0.0153992,-0.00188036,-0.00233294,0.00777757,0.0690447,-0.000401974,0.00389896,-0.0205932,-0.00409294,-0.0014461,0.000607331,-0.0541809,0.00637381,0.000394303,-0.0192182,-0.0018495,0.00167746],[-0.0159078,-0.00276577,0.00890584,-0.0101492,0.851852,0.0115825,-0.116667,-0.00139541,0.00380921,-0.29265,-0.00495564,-0.00282069,0.00416274,0.00261336,0.00218824,0.00141984,-0.0178499,-0.0160339,-0.000616881,-0.0236763,-0.0178002,0.000795507],[0.0578441,-0.0551531,-0.0210417,-0.069599,-0.205959,1.00709,0.237841,-0.0127472,0.00718758,0.129792,-0.00174022,0.0106989,-0.0318955,-0.00786106,0.000512022,0.00488141,-0.147758,0.0210104,-0.00311082,0.0512487,0.0806697,-0.00339455],[0.00415756,0.0106432,0.00574487,-0.0286723,0.00987627,0.0097104,1.14443,0.00261077,-0.00174756,-0.0300895,0.000657109,0.00135423,0.000541142,0.00120075,0.000980727,0.000377877,0.0888756,0.028477,0.000757326,0.0145926,0.00164671,0.00191167],[0.697738,0.0892176,0.629094,2.82959,2.51234,1.17761,-1.28347,1.00857,0.479899,1.19156,-0.338564,-0.0999033,-0.0986001,0.0729167,-0.248096,-0.0368342,0.542007,-1.60209,0.0680062,0.367282,-0.225611,0.154396],[0.0650319,0.0397079,-0.0104199,-0.188076,-0.104966,0.020888,-0.299903,-0.00267897,1.15426,0.567354,-0.000368862,-0.00095269,-0.235366,0.0105964,-0.0179714,0.00684379,0.110733,-0.136307,0.0171916,-0.0313246,-0.0954474,-0.00153612],[-0.00943557,0.00767774,0.00285456,0.0246879,0.0114296,0.00781195,-0.134845,0.00199516,-0.00603309,0.879743,0.00199376,0.0017375,-0.00115641,-0.000954134,0.00156634,0.00090224,-0.00124738,0.0110483,-0.000632139,0.00374915,0.00637876,9.84521e-05],[0.0893215,-0.416994,-0.0217937,1.12131,-0.91048,-0.648224,1.75354,-0.0156007,0.248782,-6.09156,0.857902,0.0764857,-1.24141,-0.0804345,-0.0679896,-0.0288464,0.273845,-0.0164586,-0.0346038,0.693908,-0.620897,0.151633],[0.341404,0.186175,0.182673,-0.768967,0.687831,-0.53194,-0.835915,0.0449557,0.219746,1.75867,-0.0324822,0.788148,-0.124654,0.0603459,-0.0163578,0.0572746,1.2812,1.09848,0.0355972,-0.615519,-0.0357152,-0.00627959],[0.0231181,-0.00451381,-0.00437414,0.127012,0.0314469,0.0154361,0.0166486,0.000277805,0.00442183,-0.0287125,0.00674253,0.00458869,0.983487,-0.000618755,0.000352485,-0.000522394,-0.0213138,-0.0155809,-0.00168381,0.0137767,0.0137276,0.00494326],[0.426898,-0.372283,0.198883,0.845691,-0.770425,0.857928,-1.35933,-0.0286235,-0.201065,5.06507,0.100876,0.0561622,-0.758474,0.862828,0.16779,-0.0354917,-0.354067,0.344802,0.0241787,0.647946,0.333456,0.0988495],[-0.596406,-0.0744801,-0.317505,-2.20542,-0.886631,0.0444885,-4.52185,-0.0977863,0.693384,-3.10711,0.0818372,0.132638,-2.80723,0.174941,0.875782,0.072164,-1.98467,-0.433016,0.00449647,-1.35577,-0.0877359,-0.00735585],[-0.23984,-1.30723,-0.0733342,-2.13746,-1.03814,-1.53823,2.44432,0.0629514,1.02557,-4.99652,-0.0481098,-0.0874113,4.5086,-0.0354649,0.0284059,0.783514,-2.62067,-0.59748,0.0237566,0.67585,0.655253,0.186103],[-0.0100158,-0.00762757,0.0152054,0.00710395,0.0785357,-0.125585,0.186091,0.00792084,0.0762506,0.521557,0.0121065,0.000623195,-0.0475385,0.011848,-0.00955651,-0.00242509,-0.219395,-0.00656601,0.00171245,-0.038348,0.0638864,0.00046639],[-0.00391593,-0.0323214,-0.00733975,0.0504594,0.295208,-0.116373,0.0317467,0.00471113,0.0438436,0.902674,0.00536028,-0.00535899,0.223025,0.00352137,-0.0107286,-0.00466117,-0.149472,0.953996,0.00248137,0.144328,0.0697935,-0.00278478],[0.214175,-0.214012,-0.0268274,1.39911,5.58746,0.588565,0.534125,0.0532817,0.709343,14.2997,0.124228,-0.0927282,5.37401,-0.17078,-0.133621,-0.0442166,1.09687,1.59032,0.973428,0.178019,-0.0984542,-0.0120815],[-0.0694764,0.0570758,-0.0102768,0.0593905,0.698663,-0.0656079,0.10787,-0.00199051,-0.0202737,2.14096,0.0364799,-0.0035791,0.518723,0.0254979,-0.0213177,0.000765233,0.267776,-0.145122,0.00330758,0.553749,0.119371,0.0317432],[0.124996,-0.116174,-0.0409017,-0.029879,-0.240629,-0.0714616,-1.2187,-0.0224714,-0.0762736,-0.531835,-0.0190108,0.0179745,-1.18185,-0.00425644,0.0253291,-0.00977259,-0.62323,-0.182463,-0.00500224,-0.205082,0.264158,0.0446023],[0.34479,0.00870308,0.108762,0.519834,-0.790813,-0.0011188,1.36282,-0.0179454,0.305374,-0.734546,-0.032635,-0.000342352,0.491413,-0.0211776,-0.0175229,0.0734091,-0.162987,-0.197283,0.0195678,-0.198527,-0.0353419,0.860928],[-0.0189892,0.000575957,-0.0169585,0.00683679,-0.201793,0.00541504,-0.2314,-0.00999596,0.0358785,-1.29713,-0.022064,-0.0023124,-0.417894,0.00438883,0.00734595,-0.00118114,-0.06314,-0.0479727,-0.00383223,-0.0269251,-0.0180085,-0.00496853],[0.043398,-0.0944775,0.0132991,-0.117234,-0.511877,-0.144997,-0.921948,0.00117758,0.0182233,-0.221756,-0.0250061,-0.00773938,-0.408044,0.0131525,-0.00957564,-0.00231633,-0.102345,-0.028031,0.00230637,0.0703571,-0.116556,0.0103181],[0.206686,-0.224528,-0.0878513,-0.115846,-0.199133,-0.626794,-1.93444,-0.0314619,0.148409,1.30659,0.0281127,-0.00329754,0.277098,0.000851697,-0.0465594,-0.0460178,-0.102271,-0.502482,0.00237753,0.417082,0.210483,0.0278596],[-0.0159865,0.014506,-0.00284349,0.0627325,0.0301478,0.00227524,-0.0574182,0.00123295,-0.00480475,-0.118454,-0.000836525,-0.00184113,-0.0556741,0.00218095,-0.000582552,0.000862741,0.00429132,-0.00141985,-0.000526642,0.00262869,-0.00401028,-0.00234541],[0.0181278,0.00400641,-0.00812384,0.027334,0.099629,-0.00186721,0.050846,0.00142501,-0.00386758,0.250858,0.00231008,0.00271494,-0.0286684,-0.00193754,-0.00125364,-0.000845782,0.0219328,0.0147147,0.00103864,0.0228235,0.00863135,-0.0028617],[-0.03443,0.0195608,0.0112884,0.0501378,0.122095,-0.109289,0.0264003,0.0118744,0.00977031,0.13823,0.00208053,-0.00732694,-0.0240465,0.00722028,0.000657568,-0.00645763,0.0655511,-0.0197586,0.00505658,-0.0645637,-0.0364419,-0.00555334],[0.00207731,0.0035181,-0.00290057,0.0523942,0.0286226,-0.00299401,-0.164431,-0.000724747,0.000190415,0.101541,-0.000735344,-0.00136004,0.0182198,-7.80932e-05,0.00183758,0.000158026,-0.0522001,-0.00603283,-0.00106625,-0.00464447,0.00584762,-0.0016091],[-0.368614,-0.170613,-0.258973,-2.46787,-4.34589,0.0224392,0.412316,-0.0799187,-0.567211,-8.49715,-0.094102,-0.0711588,-2.62736,0.0748636,0.0440716,-0.0203756,-0.836614,1.34796,-0.0239219,-0.77949,-0.265766,-0.079401],[-0.0389214,-0.02144,0.0217095,0.116995,0.0942652,0.0220029,0.480794,0.000732561,-0.11625,-0.462298,0.00237377,0.00753922,0.155457,-0.00432097,0.00477869,-0.000764956,0.103343,0.0804103,-0.00796401,0.014143,0.0739003,-0.000598329],[0.00803524,-0.000588372,-0.00268944,-0.00433195,-0.00754211,0.0145544,0.0919382,-0.00143155,-0.00584268,0.00442052,0.000781347,0.000369774,0.00934779,0.000348219,8.38136e-05,-1.33761e-05,0.00871487,0.0118388,0.000382635,-0.00238066,-0.00023348,-0.00105307],[0.080769,0.0771554,-0.142157,-0.970673,-0.558676,0.415346,0.244798,0.0121105,-0.256472,-1.57865,-0.128973,-0.0696087,-0.890602,-0.0297796,0.027171,-0.0503749,-1.36573,-0.226869,-0.0157341,-0.109857,-0.0310362,-0.0160829],[-0.0296505,-0.214593,-0.104293,0.276727,0.899012,-0.627402,0.877386,-0.0135857,-0.148209,1.66143,-0.024257,0.00350229,0.685011,0.0523515,0.0529561,-0.0450823,-0.0637724,-0.430766,-0.00446326,0.727489,0.0726635,0.0613849],[-0.00762525,-0.000342424,0.00136311,-0.0796051,-0.0712365,0.00605248,-0.062619,-0.00193873,8.13806e-05,-0.0235849,-0.00828027,-0.00274479,-0.0482625,-0.000994675,0.00176973,-0.00145059,0.00105884,0.0162452,-0.00029368,-0.0125566,-0.00757774,-0.00546878],[-0.0324772,0.233923,-0.0924312,-1.32479,-0.306067,-0.0290268,0.160392,-0.00597524,0.095786,-7.16308,-0.0364962,0.0810504,-1.01766,-0.00350488,0.0336977,0.00412294,1.1827,0.0235151,-0.00878706,-0.241474,-0.366918,-0.0828129],[0.178521,-0.0535423,0.161113,1.14853,0.158785,0.430901,2.28437,0.0211487,-0.288711,-1.60895,-0.159893,-0.136192,0.359111,-0.0365731,-0.119177,-0.019341,0.161679,0.281408,-0.0169043,0.332078,-0.334465,0.0149331],[-0.766489,0.766086,0.295032,-1.63797,1.18393,1.73811,1.6115,0.00412315,-0.467431,0.228105,0.234308,0.131967,-0.04994,-0.102569,0.0499709,0.0125323,0.872261,0.201018,-0.0151588,-0.0843289,-0.60699,-0.165802],[0.00934056,-0.00780241,0.00501516,0.0524733,0.146544,-0.0331261,0.186848,0.00428154,0.0244181,0.513942,0.00755771,-0.00563702,0.199434,0.00770021,-0.0079575,-0.00344431,0.117398,0.00725457,0.00429529,0.0581106,0.0310727,-0.000729356],[-0.00374254,0.027548,0.00571757,-0.0652,-0.241599,0.063824,0.209067,-0.00377107,-0.0428767,-0.533921,-0.00704756,-0.00947734,-0.00854865,0.000777746,0.00518772,0.00244828,0.148058,0.014696,-0.0024398,-0.0986231,-0.0619038,0.00105284],[0.792536,0.198952,0.169901,3.04879,-1.39215,-0.0584587,0.906665,0.0901413,0.239882,-8.16777,0.135068,0.149714,-2.64927,0.0659303,-0.0382839,0.0280132,-2.37039,-0.499384,-0.0398844,0.531711,0.282575,-0.0354683],[-0.18434,0.0312112,-0.00231642,-0.398106,-0.306728,-0.0384894,-0.343343,-0.00294243,0.00286152,-0.193749,2.52834e-05,0.0186019,-0.191803,0.0118197,-0.0204233,0.000596279,-0.114462,0.0262873,-0.000768906,-0.0376316,0.0421707,0.0128871],[-0.0419791,-0.0730182,0.0101299,-0.653635,-0.747039,-0.114227,-0.426313,-0.00808813,-0.0224705,-1.29444,0.0251322,0.037814,-0.367318,0.000636736,-0.00469662,-0.0108578,-0.350708,-0.174539,-0.00365716,-0.0311638,0.0309098,0.0140763],[-0.0442053,0.00688105,-0.0693407,-1.33874,-0.744186,0.425831,0.564205,-0.00345427,0.00416378,0.414437,0.0905918,0.0591791,0.0158038,0.0103565,-0.0326326,-0.028462,0.579663,0.137103,-0.023271,-0.121095,0.0900066,0.00925523],[0.0105806,0.00323573,0.00956499,0.0401208,0.0467956,-0.027502,-0.161402,-0.00142288,-0.0055803,0.325277,0.00902847,0.0114096,-0.0238234,-0.00302963,0.0118057,0.000474791,0.0152713,-0.0410683,0.00721363,-0.0669706,0.0147097,0.0110414],[0.141942,0.147052,0.00073952,0.2421,-0.0186954,0.191607,0.301603,-0.0151311,-0.0675825,-0.708579,0.00685323,0.0117207,0.13302,0.000701601,-0.00747412,-0.00198006,0.170775,-0.0662677,0.00226616,0.151977,0.00254028,0.0277172],[-0.179271,-0.0488257,-0.0515761,-0.163066,0.0485692,0.157661,-0.683194,-0.0148509,-0.123138,0.664345,0.00941183,-0.0161,0.100169,0.0526203,0.0144409,0.00986833,-0.227547,-0.0443498,-0.0167546,-0.0305896,-0.120085,0.023925],[-0.00665018,0.00488544,0.000708316,0.043047,0.0210345,-0.0178139,0.0652496,0.00110838,-0.00285056,0.0506003,0.00120711,-0.00210007,0.0777816,0.00203747,0.00195251,-0.00162996,0.0510018,-0.00442053,0.000116604,0.0167893,0.00585395,0.000736775],[-0.00205629,-0.00105116,-0.000733369,-0.0175025,0.048313,-0.0100889,0.0677946,2.30145e-05,2.87789e-05,0.0450202,0.00264244,6.727e-05,0.0273811,-0.000636753,-0.000975456,-0.000712961,-0.00351522,0.00171978,-0.000401468,0.00127882,0.0092941,0.00211757],[-0.0254079,0.0299484,0.00912047,0.00724415,0.0567804,0.0900227,-0.256958,0.000220615,-0.0151572,-0.281937,0.00102937,-0.00180987,0.0348547,0.00122477,0.000916043,0.00223518,0.0744163,-0.00187782,-0.00288612,0.0136627,-0.0378568,0.00936354],[-0.00686406,-0.00243471,-0.00259231,-0.0213217,-0.0314964,0.00220668,-0.10662,-0.00118573,0.00288132,-0.0746487,-0.0010719,0.00213946,-0.0523028,0.00196983,0.000578115,-0.000422566,0.00419971,-0.00848602,-3.14686e-05,-0.0118242,-0.00198012,-0.00155438],[-0.406373,-0.0456105,-0.166562,-0.14608,0.944052,0.120784,2.57987,-0.0604095,-0.00477802,0.795636,0.117787,0.158684,-0.669518,0.0253835,-0.0222767,0.0391121,-0.159276,0.893726,-0.0395259,-0.324295,0.0455916,-0.00251602],[-0.0319912,-0.0155117,-0.0111533,0.0662139,0.00410691,-0.0417799,-0.130201,0.00229752,-0.0417711,-0.0945913,-0.00224138,-0.00706549,0.0742254,-0.00709312,0.0159958,-0.00601933,-0.20937,0.0573609,-0.00912175,0.00941836,0.0229897,0.00228973],[-0.00506362,-0.0013051,-7.54966e-05,-0.0397573,-0.0295761,-0.0065168,0.0435875,-9.67609e-05,0.00204298,-0.0171717,-0.000375414,-0.000476612,0.0144914,0.00210919,-0.00151684,-0.000899677,-0.00451214,0.000405672,0.00065703,-0.00514009,-0.000661693,0.000924233],[-0.104427,0.204647,0.0885014,0.117526,0.665687,0.365177,-0.733579,0.0382814,-0.327222,3.2518,0.0304136,-0.0270807,0.546572,0.0125984,0.0285027,0.0519466,-0.200567,-0.0793656,-0.00395495,-0.294475,0.0998607,0.0538373],[-0.189602,-0.0619135,-0.0936652,0.472336,-0.551022,0.244439,-0.53492,-0.0502065,-0.397807,-1.47083,-0.00901012,0.00297324,-0.594017,-0.0109915,0.0341349,0.0306094,-0.196966,0.0799124,-0.0189428,-0.220593,-0.0572855,-0.110441],[-0.0153453,0.00208363,0.00233752,-0.0438268,0.0333145,-0.00489126,0.107907,0.00188373,-0.00311057,0.0871189,0.00233752,0.000173104,0.0281151,-0.00111117,0.0014768,0.00204589,0.00776567,-1.41014e-05,0.00108411,-0.00300513,0.00198187,0.00101214],[-0.196216,0.185724,0.0138969,-0.186156,-0.00405146,-0.594037,1.44351,0.0408067,0.137664,-1.06845,-0.0827189,-0.128576,1.76408,-0.0524113,0.0477375,0.0278967,0.37376,-0.254281,-0.0253218,-0.137596,-0.352653,-0.0237177],[0.171676,-0.0378986,0.109876,1.05771,0.853839,-0.555727,1.49045,0.0519104,-0.337122,4.32534,0.00706582,-0.0499743,1.69486,-0.0179536,-0.130639,-0.0429603,0.493204,0.0344555,0.00633578,0.587246,0.410819,-0.0171837],[-0.0925657,0.455449,0.123899,0.0450575,-1.78191,1.01458,-1.02831,-0.0382532,-0.457063,-1.85505,-0.0528432,0.057162,-2.76772,-0.0833125,0.0867688,-0.0153239,0.135761,0.0135968,0.0347764,-0.253658,0.0994474,-0.0393886],[-0.0116246,-0.0255232,0.010232,-0.0382095,0.0169736,-0.00936721,0.0515538,-0.00017255,0.020313,-0.148666,-0.000267204,0.00130876,-0.0240737,0.00620758,-0.00407007,-0.00329893,-0.109359,-0.0319224,0.00352626,0.00497705,-0.02694,-0.00256297],[0.00876188,0.00420238,0.00280284,0.0242655,-0.0429536,0.0541221,-0.242548,-0.000753473,-0.00415478,-0.327339,0.00294627,0.0153715,-0.199516,-0.00408887,0.00711441,0.00258979,-0.00147655,0.0319822,-0.000141684,-0.0419478,-0.00465734,0.00245481],[-1.39852,0.11226,-0.133422,-4.50675,-3.38507,-0.509461,-0.847779,-0.0139514,-0.0456673,0.278301,-0.146921,-0.0818154,-1.66813,0.13859,-0.0772506,0.0148475,0.221285,-0.602239,-0.0850602,-1.01362,-0.166842,-0.0149953],[-0.0721154,0.014915,0.011392,-0.109185,-0.0285298,0.0328478,-0.171703,0.00564299,-0.00306158,-0.340389,-0.0041312,0.00484515,-0.28856,0.00670534,-0.0210812,0.00857661,-0.00563734,-0.0378009,-0.00187255,-0.0599113,-0.031205,-0.00102823],[-0.0708573,0.0508837,0.0275351,-0.0799354,-0.176578,0.0566926,-0.0720648,0.00605988,-0.0464448,-0.130049,0.014337,-0.00508181,0.109145,-0.000694715,-0.00454277,0.0106392,0.357512,0.0861911,0.00265421,0.096166,0.0293813,0.0130562],[-0.430942,-0.066051,-0.0143867,-0.465782,0.177579,-0.242969,-2.74475,-0.00999777,-0.034177,-1.5528,0.00742242,-0.00358512,-0.136441,0.00518289,-0.0175599,-0.0294827,-0.189436,-0.236855,-0.0094316,-0.130737,-0.328985,-0.0884296]],"sigmahat":[[1.76138,-0.104439,-0.00239623,3.64343,1.93142,-0.0851468,1.16818,0.0123412,0.0435442,3.04316,0.0601184,0.0017203,1.26165,-0.0158367,-0.0436004,-0.0109028,0.162626,-0.046098,0.0311911,0.844136,0.33178,0.029308],[-0.104439,0.36384,0.0082905,0.140802,0.0326604,0.255464,0.0056014,0.0179729,-0.214632,-0.51614,-0.00961505,-0.0232574,0.422031,-0.00682326,-0.00561003,0.0264983,0.600374,0.0915025,-0.00107781,-0.00596772,-0.118595,-0.00333956],[-0.00239623,0.0082905,0.12012,0.124705,0.233122,0.0249941,-0.0861464,0.0149004,-0.000551039,0.644934,0.0174818,0.00157551,0.278011,0.0109884,-0.00677021,0.00156587,0.0821378,-0.00428173,0.0077973,0.0968621,0.00743487,0.0105295],[3.64343,0.140802,0.124705,15.7392,9.67281,-0.0542549,4.71931,0.140703,-0.731738,12.3992,0.165643,-0.14148,6.13455,-0.118688,-0.0518281,0.0429468,0.928182,0.248677,0.070032,2.67954,0.924134,-0.00194817],[1.93142,0.0326604,0.233122,9.67281,16.0701,-0.399627,5.38357,0.212399,-0.32065,27.5674,0.289067,-0.0731834,7.35797,-0.1244,-0.016281,0.0328037,1.48232,0.356112,0.114963,1.94669,1.31319,0.155967],[-0.0851468,0.255464,0.0249941,-0.0542549,-0.399627,2.18242,0.463149,-0.0480655,-0.343765,-4.54147,-0.012293,0.0413134,-0.931946,0.025959,0.00719667,0.0290242,0.275873,0.145108,-0.00647493,-0.221989,-0.395186,-0.0267522],[1.16818,0.0056014,-0.0861464,4.71931,5.38357,0.463149,52.9158,0.149718,-0.874099,7.17017,-0.0506091,-0.316267,6.24242,-0.170225,-0.320763,-0.0459542,3.65783,0.541546,0.013205,0.115397,0.0380732,0.140036],[0.0123412,0.0179729,0.0149004,0.140703,0.212399,-0.0480655,0.149718,0.0180539,-0.00377533,0.66411,0.00314946,-0.0126876,0.263039,-0.00227212,-0.0067048,0.00221449,0.123974,0.0309053,0.00159749,0.0610631,0.0262645,0.00492132],[0.0435442,-0.214632,-0.000551039,-0.731738,-0.32065,-0.343765,-0.874099,-0.00377533,0.654684,0.691386,0.0190771,0.0222394,-0.353351,0.0135352,-0.0112455,-0.01993,-0.163792,-0.0815292,0.00285852,-0.116537,0.0907846,0.0104933],[3.04316,-0.51614,0.644934,12.3992,27.5674,-4.54147,7.17017,0.66411,0.691386,110.512,1.09912,-0.117363,23.0375,-0.371788,-0.0904427,0.0216448,5.10754,1.6079,0.334552,4.27776,5.36025,0.713495],[0.0601184,-0.00961505,0.0174818,0.165643,0.289067,-0.012293,-0.0506091,0.00314946,0.0190771,1.09912,0.0604163,0.0362568,0.312421,-0.00210364,-0.00224523,0.00271404,-0.00302031,0.0102737,0.00539554,0.0747979,0.0980724,0.0111334],[0.0017203,-0.0232574,0.00157551,-0.14148,-0.0731834,0.0413134,-0.316267,-0.0126876,0.0222394,-0.117363,0.0362568,0.0602168,-0.315993,0.00138146,0.00500742,0.000369854,-0.140396,-0.00815135,0.000603358,-0.0158026,0.0376339,0.00260143],[1.26165,0.422031,0.278011,6.13455,7.35797,-0.931946,6.24242,0.263039,-0.353351,23.0375,0.312421,-0.315993,15.5193,-0.0785567,-0.14136,-0.04805,2.96941,0.509455,0.0784712,2.43406,1.00199,0.203544],[-0.0158367,-0.00682326,0.0109884,-0.118688,-0.1244,0.025959,-0.170225,-0.00227212,0.0135352,-0.371788,-0.00210364,0.00138146,-0.0785567,0.0673468,0.0157741,-0.00105657,0.0488413,-0.0264816,0.00144083,-0.0162054,-0.0498138,-0.00711016],[-0.0436004,-0.00561003,-0.00677021,-0.0518281,-0.016281,0.00719667,-0.320763,-0.0067048,-0.0112455,-0.0904427,-0.00224523,0.00500742,-0.14136,0.0157741,0.0665619,5.76663e-05,-0.1484,-0.000542794,-0.000795279,-0.0593688,0.00265111,-0.00230941],[-0.0109028,0.0264983,0.00156587,0.0429468,0.0328037,0.0290242,-0.0459542,0.00221449,-0.01993,0.0216448,0.00271404,0.000369854,-0.04805,-0.00105657,5.76663e-05,0.0172962,0.0510664,0.0234981,-0.000451751,-0.0161881,-0.0116795,-0.00250885],[0.162626,0.600374,0.0821378,0.928182,1.48232,0.275873,3.65783,0.123974,-0.163792,5.10754,-0.00302031,-0.140396,2.96941,0.0488413,-0.1484,0.0510664,6.44656,0.489594,0.019777,0.35783,0.056502,0.0496516],[-0.046098,0.0915025,-0.00428173,0.248677,0.356112,0.145108,0.541546,0.0309053,-0.0815292,1.6079,0.0102737,-0.00815135,0.509455,-0.0264816,-0.000542794,0.0234981,0.489594,1.07177,-0.0160427,0.0749419,0.116165,0.00468589],[0.0311911,-0.00107781,0.0077973,0.070032,0.114963,-0.00647493,0.013205,0.00159749,0.00285852,0.334552,0.00539554,0.000603358,0.0784712,0.00144083,-0.000795279,-0.000451751,0.019777,-0.0160427,0.00907313,0.00974359,0.0193945,5.2566e-05],[0.844136,-0.00596772,0.0968621,2.67954,1.94669,-0.221989,0.115397,0.0610631,-0.116537,4.27776,0.0747979,-0.0158026,2.43406,-0.0162054,-0.0593688,-0.0161881,0.35783,0.0749419,0.00974359,1.70511,0.317729,0.0241267],[0.33178,-0.118595,0.00743487,0.924134,1.31319,-0.395186,0.0380732,0.0262645,0.0907846,5.36025,0.0980724,0.0376339,1.00199,-0.0498138,0.00265111,-0.0116795,0.056502,0.116165,0.0193945,0.317729,0.795271,0.035155],[0.029308,-0.00333956,0.0105295,-0.00194817,0.155967,-0.0267522,0.140036,0.00492132,0.0104933,0.713495,0.0111334,0.00260143,0.203544,-0.00711016,-0.00230941,-0.00250885,0.0496516,0.00468589,5.2566e-05,0.0241267,0.035155,0.0585155]],"n":22,"lags":3}