{"betahat":[[4.4474536324058809,0.42194779546691136,0.2428147240578433,7.0187446154407969,7.416791764303114,-1.1863605653794778,8.9508727965624821,1.5189957766164244,0.5252543167624325,0.072758480171339387],[0.99485127269433815,0.019642562052638455,0.0136510284052112,0.035022614701066573,0.17663187421014065,0.0054190162358889234,0.043651345898923735,0.31206378302757359,0.024950338447404994,0.003667657868747115],[0.050230708713635309,0.99092079498089647,0.002433102035747303,0.09185551197807465,0.17416770927028119,-0.040767991704062444,-0.21991433803194518,-0.43486369409699605,0.15031867329583723,0.0017654146681904909],[-0.016042805888737677,0.1306790285427209,0.96615832852595307,-0.213371566455928,-0.4104728050403349,0.33564842322637373,-0.61853419964491574,-0.47681021215173008,-0.033826167323080365,-0.013066508219067878],[0.0019286398202987664,0.002624676534597266,0.0024705331248331226,1.0203356763243994,0.023754761577019116,0.016051785722537616,-0.014683143532118659,0.085683298420456827,0.0072196169481360453,0.0011652372537080341],[0.011360100383855903,0.0029862297493103941,0.0045297820090534182,0.06276732907405598,1.0302539332531535,0.003222028661623722,-0.0858923230674192,-0.011894480066734901,-0.0029363771559959987,0.00031866333694542583],[0.0069622875864890979,-0.0067090165150442,-0.0080886615887163383,-0.099571463092494178,-0.12009520471889723,1.0339449604558526,0.079221060612077052,-0.070415973371101115,0.042872631124048419,-0.0044880613053230826],[0.0072649733887545339,0.0027690733703844466,0.002361606750493996,0.016391095679195684,0.027753696190586673,-0.0025965447936554882,1.0894822496207044,0.0041688631669810541,0.002209477671525109,0.00063339985523392056],[-0.0058137951823955579,0.0032707726187824878,0.0004710394544030141,0.00042624963745914126,-0.021799286983900514,0.014676533397655791,-0.044858910544691329,0.45262236058893213,0.0033356281702470267,0.0021109682261232989],[-0.072733339932678054,0.0059681634701779793,-0.0052335164627034057,0.020863447644946922,-0.15010567199055888,0.0065122119592854544,-0.7994955057604296,0.01040298907473162,0.69931569770693269,0.025279987876581866],[0.064283167630799179,0.0067456065065723556,0.018413106750891715,-0.15174346192478122,-0.69243322168851329,-0.11702449134654827,1.0608816899785793,-0.46673733709107496,-0.12578352447523658,1.096867986839952],[0.016434764471096968,-0.011551192875303427,-0.0091128590585354639,-0.00966111900899403,-0.11994160417241183,0.0085535919974911272,-0.065638030498738176,-0.33235474057361336,-0.028562716211245353,-0.0030024984367711524],[-0.02560463028278721,-0.003628685205103851,-0.0011447010513763191,-0.038978407090141609,-0.1378259827318162,0.025692592135419797,-0.067843541013138817,0.32828161771319875,-0.13378788114586293,-0.0013663497769580018],[-0.068203231466491571,-0.062242864544291218,-0.0346934600416333,-0.28167479251046962,-0.35839962693563648,0.017632232952123683,-0.40919634155078111,0.11243821606254489,-0.016836001389124593,-0.0081735912069366458],[0.0011592668308553771,-0.00098199383543088182,-0.0020217030235997469,-0.011053755984594541,-0.021996714391903146,-0.0049877454542533312,-0.010711782997934531,-0.089215641402917864,-0.0058211947430364648,-0.00098730908205097562],[-0.0037127815468382332,-0.0011787168569236846,-0.0032694637040351776,-0.034396970899054816,-0.023055671436623654,0.0023365601789878893,0.040505269411668578,-0.00084442177004301821,0.0018783053799484362,-0.00044120082825788252],[3.0489108096505358E-5,0.0024081520079844783,0.00322294608513419,0.06406870032173119,0.08170388511321032,-0.033944459872788414,-0.026025793707901149,0.066234068396982565,-0.031695782262091458,0.0026640220266001937],[-0.0039290822637700236,-0.0011302642698775641,-0.0011606815067186224,-0.0063455569201123071,-0.012450436774142691,0.0010000134746938954,-0.057100100344092311,-0.001214459058241967,-0.00070296961602982384,-0.00037502145150302189],[-0.004362384612119968,0.0043587076898331132,-0.0011001613630719212,9.0047448131563122E-5,0.0084620191321986785,0.0019959922634693373,-0.0024993136733746433,0.018215288246235594,0.0073252674852572388,0.00061260830238557226],[-0.042533145445079017,-0.011883278210227638,0.0027930033219415724,-0.10271866840524756,-0.13079572506657874,-0.0026030203954411891,-0.046903385603223213,-0.04502189114803621,0.05610427024862568,0.0074194653416374042],[0.0064307269102577037,0.0082662541272444,-0.035435584417538191,-0.036688630529989372,0.086899743298639476,0.11767276584881484,-0.33434633589606971,0.18448498838502386,0.038578368038068959,-0.072945394134047686],[-0.011479244001838281,-0.0081201716052401157,-0.0045399270746908724,-0.025659830875867557,-0.056954725292744077,-0.014017470081378139,0.021900242357773877,0.020334677694411871,0.0036536024203646009,-0.00066319645225012853],[-0.025130133342553033,0.012613245537788432,-0.0012991334847382821,-0.053620396022446996,-0.037043848536874868,0.014940219306690367,0.28741239921048506,0.10666323614134919,-0.016415712110620529,-0.00039377652136831173],[-0.067304994748622782,-0.029623911830025607,-0.015143708172476535,-0.15463983435721265,-0.1660846540817158,0.050104581121856465,-0.084802765390027388,0.068749395370295827,-0.062771155716416241,-0.0046382352171814587],[-0.0031455881247528755,-0.0016495729787826742,-0.00044878623249027395,-0.0093943114419421658,-0.0018597220414248029,-0.011064674391905982,0.025375167908889662,0.00354510128012143,-0.0013869297344738395,-0.00017741532247496789],[-0.0076984744806087267,-0.0018133311643145846,-0.0012598748678338996,-0.028460747938489697,-0.00729274605044727,-0.0055569781141842078,0.04535342076987274,0.012744088071942159,0.0010670643598525724,0.00012302616494740118],[-0.0074397137353473045,0.0042140997502117051,0.0048504002856601921,0.034667701805822369,0.037667979566773042,-0.00020537105674430363,-0.053360807929141038,0.0042724695913006535,-0.011078891168603989,0.0018312482561226372],[-0.0039974989092887931,-0.0015317683067499631,-0.00114045559489371,-0.011920428221916154,-0.016260976104907957,0.0016600154259484965,-0.037348378820063595,-0.0031060573594221879,-0.0013280206873350297,-0.00033075295225758059],[0.001014587175707509,-0.0014113151405623424,-0.00016674025545643,-0.0081197394280968227,-0.0092345459724640228,-0.0022540523825307817,-0.0052639822168405147,0.0030034463058673431,-0.00027305365211203304,0.00020480276400869463],[-0.0046046760674164286,0.0085766767063669633,-0.00073785537875891176,-0.044347791271403862,-0.045528338776572023,0.0046622238157563878,0.024715320205053619,0.018866015949922189,-0.014493000972248,0.0031554637580363076],[0.016658890282238346,-0.016174239142945562,-0.018422481469138881,0.1494490623070826,0.31718802854282796,0.059661833075150487,-0.38303967775244008,-0.064753148913049619,0.0044815000032584866,-0.060481871422292929]],"sigmahat":[[3.8788389104052046,0.26135003659313871,0.10853583391813811,6.1094841180649055,3.9623987700104824,0.051743517283672678,2.4754308792763782,-0.89002820765928314,-0.055628673982531414,0.00069453681311521789],[0.26135003659313871,0.609087924560885,0.06574494629900994,0.33246915713740055,0.6600264052740703,0.53422072346741,0.79191931015369676,0.56406830663853857,-0.33194158434941068,-0.0037629037348427953],[0.10853583391813811,0.06574494629900994,0.20559881749502468,0.3872121941417665,0.5667023477165114,0.072766115239772278,0.21721746514213891,0.50221570367315937,-0.0035235361877729767,0.015826435461368332],[6.1094841180649055,0.33246915713740055,0.3872121941417665,21.425990938596687,13.901850076125534,-0.79704698064498947,4.7065592487080563,0.0090326996706744551,0.31583114307960924,0.11151719681192157],[3.9623987700104824,0.66002640527407019,0.5667023477165114,13.901850076125536,25.077271884186118,-1.9211911177045482,8.84934865068593,7.5146269702355211,2.0454355227629586,0.227409759845385],[0.051743517283672678,0.53422072346741,0.072766115239772278,-0.79704698064498947,-1.9211911177045482,3.8703344830623343,-0.75058103288874289,-0.68007853411290953,-1.205201464534535,-0.1329771969977484],[2.4754308792763782,0.79191931015369676,0.21721746514213888,4.7065592487080563,8.84934865068593,-0.75058103288874289,86.970565469282477,8.7479179455855149,2.3573268506926466,0.30343115118760994],[-0.89002820765928314,0.56406830663853857,0.50221570367315937,0.0090326996706745141,7.5146269702355211,-0.68007853411290953,8.7479179455855149,43.229557179114074,0.6001374281815931,0.2048360067372412],[-0.055628673982531421,-0.33194158434941068,-0.003523536187772975,0.31583114307960924,2.0454355227629586,-1.205201464534535,2.3573268506926466,0.6001374281815931,2.7660284725362523,0.035476155562669226],[0.00069453681311521789,-0.0037629037348427944,0.015826435461368332,0.11151719681192156,0.227409759845385,-0.1329771969977484,0.30343115118760994,0.2048360067372412,0.035476155562669226,0.041388478824478311]],"n":10,"lags":3}