{"betahat":[[15.9337,-0.313479,-1.39412,51.4591,40.9494,-11.3233,-54.3345,0.268464,7.83365,26.4362,1.7713,-0.191618,20.3009,-1.2022,-5.46137,1.45555,2.84652,5.38253,-6.16102,-2.72303],[0.946143,0.025604,0.0123942,0.0499117,0.076615,0.044133,-0.052069,0.00884255,0.0212707,0.425872,0.00334227,-0.013133,0.259321,0.000246514,-0.0114453,0.00130638,-0.0520353,0.00744027,-0.0106604,-0.0104882],[-0.247868,0.946767,-0.0181963,-0.0194799,0.563305,-0.0819423,0.533098,0.0146096,0.0677891,1.01805,0.016579,-0.00426408,0.193431,-0.0107321,0.0191458,0.00623859,-0.0559801,-0.240528,0.108273,-0.0421437],[-0.019717,0.288178,0.739684,0.39304,0.202335,0.110874,-0.183358,0.0288231,-0.48133,0.374439,-0.0164852,-0.00433335,-0.256231,0.0672175,0.0716792,0.0612296,0.0151573,-0.60244,-0.10108,-0.0659887],[0.0200796,-0.0218023,0.000116485,0.899881,-0.0297654,0.0170613,0.0617761,-0.00209256,0.00274305,0.134132,0.000980959,0.0044295,0.00142433,-0.00411692,-0.0020721,0.000675005,-0.0422919,-0.00911996,-0.00045141,0.000944863],[0.00800622,-0.00472361,0.00842089,0.00821372,0.87874,0.012241,-0.094679,-0.000942252,0.00554464,-0.267463,-0.0040449,-0.00237695,0.0125783,0.000705538,0.00148364,0.00103662,-0.01817,-0.0203125,-0.0177798,0.000423637],[0.021632,-0.0540645,-0.0197743,-0.0843606,-0.188984,0.989109,0.246649,-0.00973349,0.0184533,0.186865,5.16699e-05,0.0103568,-0.0299195,-0.00427707,-0.00546632,0.00322449,-0.166214,0.0649687,0.0918806,0.000762204],[0.0359004,0.0105047,0.00508951,-0.020026,0.022399,0.00563968,1.15533,0.00274135,-0.00175915,0.0110043,0.000524624,0.000632928,0.015485,0.00139904,0.000950668,0.000124719,0.0811462,0.02143,0.00376992,0.0016849],[0.726494,0.0699301,0.584171,2.56844,2.14014,1.01764,-0.976969,1.0193,0.66917,0.762194,-0.355829,-0.126728,-0.387555,0.0978676,-0.317701,-0.0422997,0.156701,0.352301,-0.142302,0.157389],[0.0840796,0.0421485,-0.0106305,-0.0760944,0.0383686,0.0167959,-0.138012,0.00362288,1.16335,0.896979,0.00261799,-0.00464009,-0.137314,0.00560264,-0.0315971,0.00680398,0.137357,-0.00249672,-0.0815161,-0.000311961],[-0.00814071,0.00684324,0.00260612,0.0233262,0.0184058,0.00561428,-0.128369,0.00215289,-0.00317136,0.912874,0.00258952,0.00167248,0.0109693,-0.000473298,0.000996178,0.000655435,-0.00762305,0.00631644,0.00509845,-0.000540179],[-0.166724,-0.382331,0.00483625,0.86049,-1.09571,-0.548735,1.08412,-0.00797897,0.341204,-6.02445,0.872677,0.0762107,-1.00416,-0.0818729,-0.0863488,-0.0298117,0.118613,0.639007,-0.681758,0.202447],[0.60808,0.130661,0.145331,-0.811638,0.87313,-0.576374,-0.503026,0.0370169,0.178536,2.3107,-0.0325248,0.777384,0.203986,0.0537799,-0.0105823,0.0469898,1.27406,-0.482224,-0.022941,-0.0306098],[0.0357968,-0.00423561,-0.00408908,0.111504,0.0245021,0.0137479,-0.00184767,-0.000201723,0.00224267,-0.0419874,0.00669933,0.0047288,0.98905,-0.000677389,0.00155432,-0.00101127,-0.0193499,0.0133804,0.0110528,0.00678232],[-0.00210504,-0.28251,0.163817,0.475668,-0.898851,0.812178,-1.63542,-0.0348962,-0.207223,4.22573,0.0782832,0.0466485,-0.765867,0.848228,0.186901,-0.0309751,0.0192949,0.438187,0.271595,0.0953628],[-0.878513,-0.0774625,-0.297892,-2.11259,-0.842081,0.0935058,-4.54948,-0.11655,0.464225,-3.60963,0.0701418,0.14212,-2.75537,0.166143,0.924009,0.0636125,-1.87944,-1.19109,-0.0213419,0.0531099],[-0.866306,-1.23336,-0.0469134,-1.87073,-0.970159,-1.62931,1.37395,0.0735502,0.970705,-4.60053,-0.0590165,-0.0869256,4.33774,-0.0314316,-0.000348585,0.810223,-2.82004,0.85648,0.735025,0.223069],[-0.0760786,-0.0152873,0.0125271,0.00239164,0.125698,-0.128631,0.223177,0.00541295,0.0626907,0.58189,0.0135486,0.00480072,-0.0490565,0.00859592,-0.00367119,-0.00357467,-0.203601,-0.0311947,0.0721028,0.00368915],[0.0503854,0.0572485,-0.0130401,0.0378041,0.691783,-0.0824421,0.3575,-0.000631621,-0.0544209,2.18083,0.0346424,-0.00641875,0.564102,0.0256737,-0.0186538,0.000565848,0.311462,0.599276,0.149817,0.0313898],[-0.0853417,-0.118076,-0.0368558,0.0369945,-0.0304728,-0.119815,-0.938445,-0.0178421,-0.0780179,0.0698946,-0.019573,0.01241,-1.04191,-0.00429092,0.0305453,-0.0101645,-0.526692,-0.187696,0.317449,0.0485599],[0.0229488,0.00867112,0.0538215,0.449354,-0.457052,0.185504,1.86145,-0.0164571,0.183601,0.0209204,-0.0373206,-0.021941,0.579116,-0.00916684,0.0244918,0.0679371,0.218855,-0.283838,0.0363784,0.847897],[0.00832959,-0.0174595,-0.0120456,-0.0715177,-0.0979765,-0.0146253,0.170948,-0.00604213,-0.00129547,-0.507302,-0.00482681,0.00742998,-0.197384,0.00196587,0.0023703,-0.00246669,-0.0114395,0.0316116,-0.00638225,0.00504141],[0.0573573,-0.0860443,0.01759,-0.171096,-0.523137,-0.109119,-0.914993,-0.000188943,0.00903754,-0.282366,-0.0189528,-0.00437549,-0.343547,0.0127235,-0.0118983,-0.00478609,-0.124301,0.0996251,-0.0926808,0.0106446],[0.320628,-0.222569,-0.0843906,-0.0518101,-0.0852285,-0.599924,-1.45354,-0.0233207,0.152271,1.72216,0.0387409,-0.00292822,0.374894,0.0104229,-0.0499908,-0.0451508,-0.0815151,0.40897,0.202841,0.023225],[-0.0258753,0.0152186,-0.00195509,0.0518766,0.0122051,-0.000795483,-0.0864098,0.0011579,-0.0015967,-0.159688,-0.00184975,-0.00226427,-0.0682191,0.00179075,-0.000181484,0.000815311,-0.000525131,-0.00221036,-0.00379808,-0.00175799],[0.0136189,0.00514381,-0.00718014,0.012953,0.0768893,-0.00455346,0.0397295,0.00125217,-0.00280479,0.21794,0.00193082,0.00274447,-0.0392341,-0.000464205,-0.00078977,-0.000401588,0.0202134,0.0169961,0.0107177,-0.00270898],[-0.00538403,0.0194874,0.00869343,0.0542003,0.119612,-0.0966389,0.017429,0.0103514,0.00368228,0.146094,0.000548837,-0.00841419,-0.0100598,0.00492242,0.00285503,-0.00539972,0.0712456,-0.0654445,-0.0401003,-0.0123199],[-0.0107499,0.00289165,-0.00243979,0.044906,0.0215863,-0.00261776,-0.165489,-0.000708646,0.000766639,0.0809508,-0.000595076,-0.000933125,0.00847312,5.84587e-05,0.00182232,0.000167918,-0.0466796,-0.00710857,0.0052082,-0.00152186],[-0.589722,-0.101991,-0.235101,-2.36483,-4.35543,0.174958,0.271809,-0.0833279,-0.63615,-7.86876,-0.0874949,-0.0700093,-2.33643,0.0584199,0.0515517,-0.0171265,-0.634988,-0.908327,-0.325111,-0.0546879],[0.0119083,-0.0241138,0.0208084,0.0322665,0.0216215,0.0335801,0.330941,-0.00237017,-0.109694,-0.643043,0.00134643,0.00968889,0.102992,-0.00158555,0.0124363,-0.00177763,0.083138,-0.000141618,0.0608141,-0.00133484],[0.00932598,0.000643642,-0.0025855,-0.00986353,-0.0114489,0.0135845,0.0879363,-0.00124308,-0.00540764,0.00809069,0.000617198,0.000130547,0.00779707,0.000507788,3.16822e-06,-5.86734e-05,0.00753107,-0.00393178,0.00101393,-0.000493333],[-0.0880453,0.0891749,-0.128643,-0.859387,-0.572789,0.284225,0.165056,0.0157863,-0.241728,-1.40836,-0.116104,-0.0562964,-0.889571,-0.017207,0.0179872,-0.0459092,-1.25452,-0.0871696,-0.0079818,-0.0233179],[-0.0786144,-0.220312,-0.115819,0.42844,1.1996,-0.715629,1.29523,-0.00508094,-0.100654,2.51491,-0.0159991,-0.00922733,0.990278,0.0577199,0.0319378,-0.0471682,-0.215739,0.802001,0.121125,0.0639575],[-0.0263598,0.000612776,0.001478,-0.0874427,-0.0857306,0.00839258,-0.0424031,-0.00237817,-0.00462204,-0.0587501,-0.0082682,-0.00198364,-0.0606186,-0.000842366,0.00330768,-0.00130088,-0.000524236,-0.0172074,-0.006175,-0.00555333],[0.122267,0.164937,-0.0511318,-1.0274,-0.0712624,-0.0549506,0.639576,0.00912855,0.151138,-6.1664,-0.0196439,0.0757174,-0.945648,0.00809276,0.0125143,0.00400904,0.862047,-0.123042,-0.33825,-0.0695027],[0.0536459,-0.0473521,0.154356,1.30884,0.428124,0.361197,2.52477,0.0287824,-0.220601,-0.725279,-0.143024,-0.139783,0.658176,-0.0381412,-0.111623,-0.0212868,0.143131,0.347879,-0.315258,-0.0184915],[-0.381982,0.708936,0.287633,-1.26718,1.09934,1.96194,1.19964,-0.0094964,-0.448667,-0.848966,0.232557,0.142468,-0.19035,-0.109849,0.0409006,0.00709421,0.826777,-0.144993,-0.56846,-0.102095],[0.00810387,-0.00945483,0.00364093,0.0562011,0.129757,-0.033345,0.133028,0.00300732,0.0184694,0.409387,0.00705269,-0.00362523,0.16289,0.00776656,-0.00487756,-0.00309252,0.120124,0.0499151,0.0303237,-0.000337724],[-0.178809,0.031462,-0.000531208,-0.345943,-0.367056,-0.0219849,-0.44772,-0.0044929,-0.00392806,-0.523366,-0.00548089,0.0189798,-0.321763,0.0096391,-0.0175157,0.00241605,-0.118243,-0.0660394,0.0206122,0.0151138],[-0.107238,-0.0602476,0.0163519,-0.459712,-0.616505,-0.114734,-0.297282,-0.00629503,-0.043195,-1.32669,0.0257846,0.0375839,-0.363588,-0.000684798,-0.000908024,-0.00816399,-0.287633,0.0213167,0.0427866,0.00231721],[0.0527217,-0.0328605,-0.02517,-1.19314,-0.627338,0.310864,0.221057,-0.00391624,-0.0222942,-0.327158,0.0835789,0.0635907,-0.0574673,0.00334864,-0.0171493,-0.0289158,0.408796,-0.0243408,0.0800093,0.0343423],[0.0453877,-0.00778499,-0.000342249,0.0216045,0.0241204,-0.0302217,-0.109537,-0.00277517,-0.0207649,0.0986971,0.00170632,0.00572454,-0.0556958,-0.00222209,0.00990397,0.000990585,0.0643237,-0.0379513,0.0179297,0.00565285],[0.18942,0.137416,0.0011054,0.193241,-0.0299593,0.189879,0.390717,-0.0143629,-0.0781078,-0.669672,0.00332527,0.00888477,0.167056,-0.00223561,-0.00432007,-0.00157517,0.178086,0.143306,-0.0112416,0.0331199],[-0.336095,-0.0507604,-0.0501756,-0.263907,-0.173042,0.133705,-0.774708,-0.0131711,-0.114876,0.273602,0.0131215,-0.00681967,-0.11044,0.0500201,0.011919,0.0119437,-0.294517,-0.0421076,-0.125246,0.0232771],[0.00634376,0.00665842,0.00179906,0.0454894,0.0175266,-0.0163335,0.0307094,0.000912387,-0.0012779,0.0298992,0.000929229,-0.00212876,0.069481,0.00240925,0.00234284,-0.00166852,0.0442296,0.0116648,0.00440024,0.0009338],[-0.0208307,-0.000280126,-0.00134365,-0.0225584,0.0427866,-0.00829203,0.0562016,-0.000285717,-0.00275073,0.0511987,0.0020186,-0.000489034,0.0288413,-0.000165864,-0.000628891,-0.000775225,-0.00109252,0.00340955,0.00707197,0.00226776],[-0.0273735,0.0287699,0.0107875,0.0140298,0.0332751,0.0939015,-0.257012,-0.00113098,-0.0190169,-0.345985,0.00044363,-0.000811659,0.0176098,0.000394821,0.00461785,0.00275817,0.0842058,0.00164805,-0.0438038,0.0121491],[-0.00548866,-0.00210793,-0.00243071,-0.0245908,-0.036132,0.00426701,-0.109307,-0.00135417,0.00154572,-0.085678,-0.00119366,0.00212608,-0.0503801,0.00180546,0.000991428,-0.000498588,0.00581551,-0.0127415,-0.00289964,-0.00113776],[-0.533942,-0.0977556,-0.17306,0.0345074,1.48353,0.00831362,2.5429,-0.0389804,0.128819,2.02793,0.122256,0.141877,-0.302072,0.0304391,-0.0599236,0.0315181,-0.374155,-0.109362,0.117358,-0.0291881],[-0.0979674,-0.0152049,-0.0100005,0.0456733,-0.0560873,-0.0480187,-0.12958,-0.000383768,-0.0539964,-0.213754,-0.0038483,-0.00556257,0.0298922,-0.00508606,0.0213702,-0.00490971,-0.217813,-0.00362614,0.0239809,0.0018891],[-0.008014,-0.00142532,-0.00021931,-0.0380249,-0.0246672,-0.00721397,0.0511992,4.51979e-05,0.00215518,-0.00310005,-0.000179751,-0.000468403,0.0194009,0.00186784,-0.00151837,-0.00104186,-0.00451658,-0.00239347,0.000445129,0.00120374],[0.0126473,0.222495,0.0801755,0.0266183,0.63591,0.407048,-0.770607,0.0284604,-0.391723,2.8078,0.0199251,-0.0224891,0.391268,0.00737251,0.0357613,0.0473573,-0.0776448,-0.388927,0.0662214,0.0714094],[-0.32011,-0.0359785,-0.0634014,0.520417,-0.581321,0.275663,-0.704797,-0.0405214,-0.316714,-1.27947,-0.0126923,-0.0063157,-0.606781,-0.000806618,0.0119124,0.0286704,-0.235666,-0.210796,-0.0499755,-0.115964],[-0.0126874,0.00224643,0.0019706,-0.031363,0.0458947,-0.00530663,0.0972564,0.00187924,-0.00323992,0.11112,0.00218619,-0.000165955,0.0367069,-0.0013305,0.00157711,0.00195945,0.0146861,0.00269053,0.0038545,0.00181464],[0.0991258,0.1766,0.00842797,-0.113939,0.0398509,-0.593396,1.49539,0.0450797,0.142431,-0.52905,-0.0737811,-0.125489,1.81914,-0.0371405,0.0361982,0.0257986,0.279436,-0.0492329,-0.283323,-0.0366479],[0.334231,-0.0249005,0.10414,0.952462,0.756436,-0.499855,1.73589,0.055985,-0.311977,4.33667,0.00842858,-0.0522927,1.68371,-0.012613,-0.114763,-0.0405803,0.513104,0.529771,0.373692,-0.032376],[-0.181781,0.486505,0.100555,0.105289,-1.66736,0.971187,-1.28495,-0.0277921,-0.325816,-2.23764,-0.0587285,0.0464505,-2.8739,-0.083525,0.0534641,-0.00979378,0.00539286,-0.469384,0.0564855,-0.0741989],[-0.0335899,-0.0259558,0.00939324,-0.0211282,0.0287782,-0.00297579,0.0294078,-0.00078745,0.0169401,-0.1289,4.88736e-05,0.00191622,-0.0250126,0.00502988,-0.00274138,-0.00272999,-0.104114,0.00918943,-0.0219495,-0.00313383],[-0.0586028,0.0139016,0.0128536,-0.0953643,-0.0779712,0.03751,-0.24136,0.00373711,-0.00196201,-0.477293,-0.00491798,0.00740077,-0.349515,0.00633737,-0.0184574,0.00838965,-0.0424663,-0.0691089,-0.0276438,-0.00299674],[0.0326361,0.0458604,0.0287614,-0.0482577,-0.186601,0.0594864,0.00922264,0.00619057,-0.0445225,-0.118749,0.0156817,5.20951e-05,0.0593741,-0.00093588,-0.000489693,0.0123,0.278228,0.0859715,0.02958,0.00917536],[-0.307771,-0.0451283,-0.00728404,-0.12112,0.0735466,-0.296223,-1.76788,-0.00721782,-0.0512767,-1.48969,-0.000248357,-0.000500815,-0.287743,-0.00410619,-0.00385189,-0.0127217,-0.218125,-0.021715,-0.268334,-0.13363]],"sigmahat":[[3.02305,0.060283,0.0466245,4.18878,2.96868,-0.120088,1.30168,0.0557197,-0.099435,6.14264,0.0718228,-0.020762,2.28602,0.00886279,-0.0466975,-0.0121105,2.1713,0.995585,0.429766,0.076736],[0.060283,0.385005,0.00966095,0.1158,-0.0432086,0.28329,0.0399681,0.0173541,-0.234491,-0.661192,-0.00881992,-0.0197117,0.380842,-0.0079005,-0.00211916,0.0290676,0.635895,-0.0469245,-0.134471,-0.00750087],[0.0466245,0.00966095,0.125875,0.165658,0.265849,0.0278563,-0.0676285,0.0153465,-0.0021975,0.656948,0.019101,0.00244486,0.301953,0.0106214,-0.00646004,0.00178396,0.112394,0.108713,0.0111248,0.010444],[4.18878,0.1158,0.165658,16.536,10.266,-0.0459332,4.91122,0.158402,-0.71725,13.7404,0.19507,-0.134027,6.33633,-0.111589,-0.03756,0.0480606,1.3442,2.82668,0.993808,-0.014521],[2.96868,-0.0432086,0.265849,10.266,17.6296,-0.457906,5.95572,0.243774,-0.259809,31.3394,0.344767,-0.0798754,8.43184,-0.123508,-0.0142392,0.0232535,1.70861,2.20104,1.49723,0.181132],[-0.120088,0.28329,0.0278563,-0.0459332,-0.457906,2.28669,0.388879,-0.0512098,-0.388876,-4.91664,-0.0108431,0.048765,-1.02656,0.0189383,0.0109764,0.0316293,0.352068,-0.293166,-0.415241,-0.0161571],[1.30168,0.0399681,-0.0676285,4.91122,5.95572,0.388879,55.7153,0.174526,-0.873822,9.43746,-0.0448493,-0.367251,7.59701,-0.17634,-0.3394,-0.0683017,3.93658,0.375282,0.00461839,0.116442],[0.0557197,0.0173541,0.0153465,0.158402,0.243774,-0.0512098,0.174526,0.0194793,-0.000997604,0.739915,0.00397833,-0.0130069,0.280243,-0.00223469,-0.00819598,0.0022594,0.125277,0.0699869,0.0327194,0.00526439],[-0.099435,-0.234491,-0.0021975,-0.71725,-0.259809,-0.388876,-0.873822,-0.000997604,0.735854,0.773185,0.0229671,0.0248333,-0.378318,0.0125534,-0.0283852,-0.0221398,-0.220384,-0.104114,0.111309,0.00952925],[6.14264,-0.661192,0.656948,13.7404,31.3394,-4.91664,9.43746,0.739915,0.773185,121.917,1.23816,-0.148018,26.4947,-0.367289,-0.103053,-0.0142134,5.36403,5.12356,6.00781,0.899811],[0.0718228,-0.00881992,0.019101,0.19507,0.344767,-0.0108431,-0.0448493,0.00397833,0.0229671,1.23816,0.0646549,0.0379376,0.361674,-0.00271893,-0.0021716,0.00251013,0.00216082,0.0882649,0.109148,0.0151207],[-0.020762,-0.0197117,0.00244486,-0.134027,-0.0798754,0.048765,-0.367251,-0.0130069,0.0248333,-0.148018,0.0379376,0.0631851,-0.334114,0.000895128,0.00558268,0.000901356,-0.149018,-0.0178341,0.0416509,0.00649225],[2.28602,0.380842,0.301953,6.33633,8.43184,-1.02656,7.59701,0.280243,-0.378318,26.4947,0.361674,-0.334114,17.1032,-0.0945134,-0.135108,-0.0623696,3.36156,2.78335,1.09854,0.256192],[0.00886279,-0.0079005,0.0106214,-0.111589,-0.123508,0.0189383,-0.17634,-0.00223469,0.0125534,-0.367289,-0.00271893,0.000895128,-0.0945134,0.0834188,0.0286063,-0.000885104,0.0527125,-0.00911486,-0.0428576,-0.00638432],[-0.0466975,-0.00211916,-0.00646004,-0.03756,-0.0142392,0.0109764,-0.3394,-0.00819598,-0.0283852,-0.103053,-0.0021716,0.00558268,-0.135108,0.0286063,0.0957035,5.36818e-05,-0.148892,-0.0605236,0.00668105,0.000529838],[-0.0121105,0.0290676,0.00178396,0.0480606,0.0232535,0.0316293,-0.0683017,0.0022594,-0.0221398,-0.0142134,0.00251013,0.000901356,-0.0623696,-0.000885104,5.36818e-05,0.0181949,0.0495435,-0.0177826,-0.0117718,-0.00260924],[2.1713,0.635895,0.112394,1.3442,1.70861,0.352068,3.93658,0.125277,-0.220384,5.36403,0.00216082,-0.149018,3.36156,0.0527125,-0.148892,0.0495435,6.94988,0.408112,-0.00161101,0.0635051],[0.995585,-0.0469245,0.108713,2.82668,2.20104,-0.293166,0.375282,0.0699869,-0.104114,5.12356,0.0882649,-0.0178341,2.78335,-0.00911486,-0.0605236,-0.0177826,0.408112,1.92019,0.377076,0.0344142],[0.429766,-0.134471,0.0111248,0.993808,1.49723,-0.415241,0.00461839,0.0327194,0.111309,6.00781,0.109148,0.0416509,1.09854,-0.0428576,0.00668105,-0.0117718,-0.00161101,0.377076,0.882226,0.0530112],[0.076736,-0.00750087,0.010444,-0.014521,0.181132,-0.0161571,0.116442,0.00526439,0.00952925,0.899811,0.0151207,0.00649225,0.256192,-0.00638432,0.000529838,-0.00260924,0.0635051,0.0344142,0.0530112,0.08497]],"n":20,"lags":3}