{"betahat":[[5.89524,-0.0777023,0.171672,10.8525,13.6214,-2.80099,17.2631,18.2914,0.222554,-0.373026,9.64456,-0.183297,0.0130217,-0.137936,6.02393,4.00098,0.891523,-0.194953],[0.995881,0.120394,0.0191499,0.395929,0.148796,0.102667,-0.475274,-0.0141448,-0.00672666,-0.0214934,0.129232,0.0234374,-0.0226162,0.00451431,-0.189886,-0.0760911,-0.000830609,-0.0149469],[0.0232389,0.943435,-0.0194791,0.524344,1.08872,-0.0479805,0.293312,2.59824,0.038048,0.0127303,0.540118,0.0340692,0.0177185,0.00157922,-0.0679121,-0.0695919,0.269633,-0.0255781],[0.123767,0.379469,0.97363,0.327769,-0.0358526,0.544946,0.292706,-1.90264,-0.091153,-0.0195592,-0.553631,0.0428725,0.0587589,0.0404616,0.576154,-0.654153,-0.273336,-0.0915203],[0.00425419,-0.0257511,-0.00682377,0.861654,-0.0460601,0.00684179,0.0127194,0.0316824,-0.0011072,0.0107265,-0.117895,-0.00230839,-0.00405938,-0.000332133,-0.108535,-0.0572446,0.0203499,0.00864644],[0.0342988,0.00368929,0.0125634,0.0479765,0.924798,0.00762656,-0.122709,-0.245033,-0.00688516,-0.00755008,0.0594189,0.00260879,-0.00170383,0.000612609,-0.00115397,-0.00817677,-0.0116144,0.000126878],[-0.0144553,-0.0265974,-0.0129302,-0.168262,-0.318316,1.13524,0.384379,0.0186857,0.00489412,0.0194495,0.00486424,-0.000918869,-0.00178714,0.00228163,-0.154628,0.0286348,0.106684,-0.00371118],[0.0334456,0.00709758,0.00543596,-0.0185454,0.0177903,0.00901584,1.2452,-0.0072419,0.000227622,0.000618546,0.0167486,0.000386662,0.00218325,0.000210509,0.0694848,0.0210568,0.00153347,0.00193501],[0.00405428,0.00529109,0.00414272,0.0568412,0.0490401,-0.00227881,-0.172765,1.05584,0.00109672,0.001559,-0.0227203,-8.20097e-05,0.000915741,0.001475,-0.000669307,0.00947828,2.27465e-05,0.000889841],[-0.159343,-0.519351,0.0221649,0.893719,0.0311775,-1.36058,2.28254,-1.84031,1.07362,0.0505848,0.716371,-0.0947688,-0.0734425,-0.00687683,0.313509,0.783265,-0.568802,0.130566],[0.380415,0.350156,0.0505774,-2.07673,-1.17291,0.134749,-1.36882,-1.31648,-0.029042,0.956539,-1.29949,0.00606791,0.049467,0.038727,1.00397,-0.958778,-0.137739,0.0701864],[0.012728,-0.00368628,-0.00194419,0.0568834,-0.0413632,0.0311417,0.0144795,-0.201255,0.00933251,0.00696911,1.04527,0.0016654,-0.00524772,-0.000997111,-0.0474177,0.00353564,0.0038949,0.006008],[0.22988,-0.190357,-0.0173527,-1.81872,-2.65539,0.574292,-2.40675,-3.33496,-0.0623436,0.0246754,-2.72907,1.25815,0.21284,0.00513304,0.892174,0.0790044,-0.462948,0.0919767],[-0.276362,-0.0599651,-0.21803,-0.618347,-0.390915,0.221299,-4.92745,-2.96358,0.0332525,0.101475,-2.99701,0.0769362,1.33551,0.0502536,-0.843739,-1.03975,0.0580589,-0.0427899],[-1.04569,-1.45708,-0.150145,-1.0731,-0.984173,-2.33265,2.36028,-3.61318,-0.128546,-0.199386,4.80753,-0.00437589,-0.0805453,0.876025,-3.49759,0.920766,0.738016,0.186626],[-0.0316398,-0.00540082,0.0200553,-0.124517,0.10132,-0.124595,0.236962,0.623006,0.0139677,0.00770306,-0.0252343,0.000267935,0.00857481,-0.00213522,0.143088,-0.0257605,0.06562,0.00142017],[0.0532973,0.0451102,-0.00480738,0.259883,0.642359,-0.0520035,0.476606,1.78918,0.00774436,-0.0241587,0.44483,0.000523229,0.0154608,-0.00352679,0.148011,0.665301,0.122942,0.0454268],[-0.189372,-0.049287,-0.0521489,-0.124209,0.00184301,0.0420907,-0.925873,0.0404947,-0.01504,0.0273481,-0.915114,0.0216028,0.0194908,-0.016486,-0.639407,-0.256715,0.517968,0.0400388],[-0.354295,0.0461635,0.0313403,-0.0114947,-0.809658,0.130172,2.48214,-1.10765,-0.117548,-0.0585119,-0.00518143,-0.00898774,0.0301499,0.056757,-0.297812,-0.61507,-0.0935602,1.00574],[0.0129797,-0.059685,-0.00323988,-0.278532,-0.0526707,-0.0245225,0.727024,0.191245,0.00806647,0.0185338,-0.0265697,-0.0119249,0.0075499,-0.00587581,0.187155,0.123827,-0.0255314,0.0206006],[-0.0774685,-0.100814,0.0114818,-0.446283,-0.985539,-0.133396,-0.988801,-1.33586,-0.0431703,-0.0194905,-0.670284,-0.0183712,-0.00332019,-0.00128675,-0.135141,0.0329822,-0.212705,0.000399233],[0.0196974,-0.25037,-0.0736342,-0.570334,-0.602967,-0.536334,-1.20311,0.778575,0.0354098,0.00620611,0.316237,-0.0240157,-0.0546181,-0.0586696,-0.389879,0.386816,0.236406,0.068042],[-0.0152555,0.0236276,0.00151371,0.0913547,0.0746576,0.00754309,-0.0817403,0.0404435,0.00274562,-0.00330992,-0.0070314,0.00108888,-0.000339918,0.00248296,0.0415803,0.0147427,-0.0114773,-0.00233088],[-0.000623317,0.00249275,-0.0118578,-0.0197437,0.0581603,-0.00638856,0.0388633,0.295947,0.0039656,0.00560318,-0.068031,-0.000735415,-0.000134652,-0.000222358,0.0209874,0.0139401,0.0104661,-0.00226907],[0.0324755,0.00943331,-0.000748621,0.0815225,0.184053,-0.193964,-0.0729615,0.130026,-0.00105692,-0.0110204,-0.0579976,0.00263564,0.00448117,-0.00583465,0.115524,-0.0545875,-0.0555911,-0.014834],[-0.0258609,-0.00166952,-0.00361114,0.0316398,0.0147544,-0.00868405,-0.186761,0.10457,0.000124817,-0.00112432,0.0164015,1.50973e-05,-0.00119043,0.000101735,-0.0682107,-0.00913161,0.00530274,-0.00113276],[0.000788146,-0.000987873,-0.00323844,-0.025116,-0.0330235,0.0200202,0.111103,-0.0529103,-0.00022174,-0.00034891,0.00329108,6.93486e-05,0.000519323,-0.000198392,0.0101569,-0.012496,-0.00416598,-0.00161502],[-0.0959793,0.223642,-0.151527,-0.931839,-0.543478,0.665217,-0.458069,-0.735773,-0.128925,-0.0724073,-0.900537,0.0484911,0.0227524,-0.0473714,-1.06414,-0.328773,0.295835,-0.120994],[-0.109867,-0.264135,-0.0745939,1.19092,1.89876,-0.632972,1.69527,3.29539,-0.0105379,0.0233985,1.25691,0.0125681,0.00264294,-0.0591214,-0.845847,1.03626,0.1786,0.0967695],[-0.0164305,0.00139169,0.00121111,-0.0730249,-0.0780846,0.00426056,-0.107866,-0.0233298,-0.0119486,-0.00436791,-0.0884281,-0.000724074,0.00293375,-0.00195842,0.0236257,-0.0157734,-0.011008,-0.00776295],[-0.259219,0.195886,0.037069,1.30639,1.68212,0.166007,1.18963,1.83737,0.0183047,0.0120798,0.560665,-0.144743,-0.111728,-0.00910571,-0.520166,-0.276944,0.379501,-0.0731147],[0.142215,0.0018726,0.151752,-0.0350501,-0.0687362,0.243245,2.99544,-2.54248,-0.102172,-0.101242,1.07091,-0.0540129,-0.235889,-0.0143247,0.714682,0.627975,-0.595919,0.014082],[0.717175,0.923457,0.273301,-0.407031,2.08959,1.85927,-0.430932,2.07546,0.225428,0.161232,-0.772542,-0.0248976,0.05333,0.0496586,2.94375,-0.139309,-0.777447,-0.115833],[0.0323068,0.00830455,0.00641589,-0.0270732,0.0609786,-0.0120221,0.0396448,0.282584,0.000413537,-0.00687404,0.138055,0.00496507,0.000596294,-0.00104568,0.271859,0.0472391,0.00899896,-0.00160973],[-0.0651068,0.0012755,0.00275461,-0.162221,-0.39273,-0.0105876,-0.384158,-0.678862,0.00420608,0.0347805,-0.25733,-0.00995214,-0.000436253,-0.0032763,-0.0447285,0.0743035,0.0308827,0.016095],[-0.167764,-0.0391017,0.021453,-0.55433,-0.77645,-0.0209688,-0.268332,-1.60789,0.036608,0.0529376,-0.245344,0.0091262,-0.00609644,-0.00651574,-0.272027,-0.00333012,0.170887,-0.00601998],[0.231165,-0.000668602,-0.0336911,-0.864857,-0.247355,0.335681,-0.0476378,0.353702,0.11941,0.0916738,0.0579797,0.00216999,-0.0107936,-0.040677,0.483323,0.181648,0.232258,0.0780846],[-0.00890432,-0.0607038,-0.015921,-0.117493,-0.0962315,-0.0781357,-0.251818,-0.176999,-0.00133872,0.00296513,-0.102652,-0.0115171,0.0150661,0.00136496,0.00274326,-0.0477603,0.0263842,-0.00564866],[0.0540921,0.157379,0.00798316,-0.0783441,-0.103658,0.181472,0.695097,-1.26261,0.00511924,0.00677112,0.130124,-0.0157071,-0.0144003,-0.000281147,0.203042,0.0365168,-0.0569005,0.0251971],[-0.23517,-0.0693805,-0.00684115,-0.00488572,-0.0548976,0.324287,0.0945867,-0.153567,0.0273625,0.0173159,-0.132033,0.00897256,0.0278377,0.0119296,-0.263021,0.0628046,-0.0625649,0.0415876],[0.0110178,0.00213497,0.00530567,0.0469562,-0.028649,-0.0143672,0.0690654,-0.0721258,-0.00163904,-0.00741423,0.124945,0.00121844,0.0043998,-0.00214956,0.0670265,0.0424911,-0.00887012,-0.00631161],[-0.0336579,-0.00616991,-0.000708827,-0.0282569,0.0169861,-0.00122177,0.083871,-0.0509366,0.00291838,0.00194777,0.00863905,-0.00187478,0.00183882,-0.000389228,-0.0197667,-0.00577192,0.00114813,0.00214574],[-0.0183119,0.0170889,0.0136526,0.0862706,0.133724,0.0585158,-0.312209,-0.148609,-0.00381982,-0.00840132,0.0524085,-0.00173405,-0.0027011,0.00356722,0.0389325,0.0258781,-0.050995,0.0185594],[-0.00740797,-0.00502563,-0.00183049,-0.0141023,-0.0330232,2.36635e-05,-0.0652617,-0.0965727,-0.00047547,0.000594468,-0.0357845,-0.000300889,-0.000915679,-0.000308409,-7.97404e-05,-0.0123279,-0.00644982,-0.000875416],[-0.00375059,-0.00367334,-0.000785876,-0.0317112,-0.0185106,-0.0157742,0.0652689,-0.0133285,-0.00096443,-0.00121316,0.0212412,7.82621e-05,-0.00134226,-0.00124616,-0.00724609,0.00293701,0.0036296,0.000857859],[0.23639,0.272345,0.116602,0.080124,0.564012,0.625956,-1.68927,2.54302,0.0395364,0.013801,0.192254,0.05098,0.0542467,0.0529421,0.629805,-0.448954,0.250897,-0.00361294],[-0.267808,-0.0968612,0.0232749,0.892786,-0.633298,0.434686,-0.274541,-1.9089,0.0317993,0.00608758,0.0891872,-0.0136594,-0.0500151,0.0200285,-0.164107,-0.0730614,-0.0537161,-0.170519],[0.00307947,0.0021942,0.000599979,0.0153409,0.11841,-0.0351155,0.092438,0.225545,0.00264603,-0.00245412,0.0418682,-0.000950967,0.00232904,0.00296795,0.0229869,0.0118636,0.00750508,0.00179058],[0.0119518,0.00618949,-0.0124886,0.399174,0.809543,-0.704889,1.11781,1.1562,0.0406671,-0.0379715,2.14258,-0.117007,-0.100541,0.00741593,-0.302643,0.179444,0.0559248,-0.0177901],[0.0662523,0.0481202,0.0620477,0.562231,0.388296,-0.474002,1.76839,5.51193,0.0687569,0.000493256,1.88673,-0.0284372,-0.104999,-0.0334368,0.0508845,0.391857,0.548518,0.0276363],[0.180743,0.479709,-0.102663,1.3321,-1.00116,0.431603,-2.15518,1.56367,-0.0951862,0.0352733,-4.14247,0.026511,0.0240212,0.0548263,0.212897,-0.758209,0.0744988,-0.0765357],[-0.00413068,-0.0137277,0.0128503,-0.0152569,2.3256e-05,0.0311145,-0.00508687,-0.237184,-0.00513418,0.00233531,-0.0672597,0.0045472,-0.00178626,-0.00248851,-0.0758053,0.0161907,-0.034584,0.000115949],[0.0365172,-0.0132421,0.0105969,0.0740181,-0.0382374,0.0627443,-0.148023,-0.669254,-0.00446727,0.00919146,-0.293997,-0.00348629,-0.00783382,0.00901288,-0.0757027,0.00377569,-0.0826062,-0.0137637],[0.17476,0.0722713,0.0321197,0.247794,-0.0123547,0.0565681,-0.122123,0.214822,0.0243329,-8.09018e-05,0.245839,0.0159442,-0.00963164,0.0146697,0.398507,0.11259,0.10741,0.00610576],[0.00971166,-0.0871223,-0.00824852,0.709542,0.809266,-0.420336,-2.3628,0.00591987,-0.0183518,-0.0246973,-0.254545,0.0170311,-0.0102487,-0.0147047,-0.360086,0.310757,-0.176902,-0.128746]],"sigmahat":[[1.89545,0.385848,0.0509555,1.0989,1.44972,0.179288,0.972797,2.24631,-0.0327341,-0.0595959,1.4528,0.0196579,0.021576,-0.000175964,3.05741,0.235854,-0.0104391,0.0549142],[0.385848,0.433717,0.0182101,0.45769,0.133971,0.370439,-0.0266823,-0.563809,-0.013708,-0.0175322,0.505719,-0.000900381,0.0109284,0.0296052,1.04919,0.0256248,-0.111835,-0.00444196],[0.0509555,0.0182101,0.157103,0.104185,0.209967,0.0798511,-0.00440904,0.0917766,0.0113682,0.00183678,0.235931,-0.00447896,0.00156194,-0.00143143,0.189829,0.120425,-0.0121445,0.0076285],[1.0989,0.45769,0.104185,9.77756,7.21145,0.151023,5.02032,6.38155,0.0170587,-0.200324,4.38029,-0.0334285,-0.0291239,0.0540054,1.61068,1.03586,0.243884,-0.0786375],[1.44972,0.133971,0.209967,7.21145,17.509,-0.908701,5.20387,29.8237,0.279756,-0.139675,7.72181,0.0165691,-0.120563,0.0193795,1.73016,1.34486,1.38586,0.139447],[0.179288,0.370439,0.0798511,0.151023,-0.908701,2.86769,0.594371,-7.15915,-0.0400935,0.0793484,-1.35577,0.0146351,0.0271474,0.01665,0.900585,-0.316456,-0.472446,-0.0331403],[0.972797,-0.0266823,-0.00440904,5.02032,5.20387,0.594371,61.5797,1.00866,-0.0841126,-0.448452,7.96822,-0.250528,-0.332417,-0.0509268,3.33478,0.199071,-0.58221,0.0884936],[2.24631,-0.563809,0.0917766,6.38155,29.8237,-7.15915,1.00866,116.911,1.27183,-0.0199489,21.0664,0.0610188,-0.439381,0.0334357,3.52295,3.14393,6.49418,0.827132],[-0.0327341,-0.013708,0.0113682,0.0170587,0.279756,-0.0400935,-0.0841126,1.27183,0.0796755,0.047642,0.347745,0.00283512,-0.0054748,0.00317589,-0.0753972,0.0510897,0.126761,0.0138344],[-0.0595959,-0.0175322,0.00183678,-0.200324,-0.139675,0.0793484,-0.448452,-0.0199489,0.047642,0.0776957,-0.384699,0.00733448,0.00688392,4.9879e-05,-0.178661,-0.0402879,0.060295,0.00787849],[1.4528,0.505719,0.235931,4.38029,7.72181,-1.35577,7.96822,21.0664,0.347745,-0.384699,17.427,-0.0793644,-0.162448,-0.0552786,3.38101,2.40163,0.88667,0.2115],[0.0196579,-0.000900381,-0.00447896,-0.0334285,0.0165691,0.0146351,-0.250528,0.0610188,0.00283512,0.00733448,-0.0793644,0.0271297,0.00321434,-0.000129892,-0.00984011,0.0104548,0.0190615,-0.00436866],[0.021576,0.0109284,0.00156194,-0.0291239,-0.120563,0.0271474,-0.332417,-0.439381,-0.0054748,0.00688392,-0.162448,0.00321434,0.0360098,-0.00198558,-0.0123971,-0.0492338,-0.0282075,-0.00154333],[-0.000175964,0.0296052,-0.00143143,0.0540054,0.0193795,0.01665,-0.0509268,0.0334357,0.00317589,4.9879e-05,-0.0552786,-0.000129892,-0.00198558,0.0207276,0.0787954,-0.0166315,-0.0136448,-0.00335412],[3.05741,1.04919,0.189829,1.61068,1.73016,0.900585,3.33478,3.52295,-0.0753972,-0.178661,3.38101,-0.00984011,-0.0123971,0.0787954,9.98004,0.325885,-0.163362,0.0398217],[0.235854,0.0256248,0.120425,1.03586,1.34486,-0.316456,0.199071,3.14393,0.0510897,-0.0402879,2.40163,0.0104548,-0.0492338,-0.0166315,0.325885,1.64188,0.123042,0.0269051],[-0.0104391,-0.111835,-0.0121445,0.243884,1.38586,-0.472446,-0.58221,6.49418,0.126761,0.060295,0.88667,0.0190615,-0.0282075,-0.0136448,-0.163362,0.123042,1.00268,0.0401715],[0.0549142,-0.00444196,0.0076285,-0.0786375,0.139447,-0.0331403,0.0884936,0.827132,0.0138344,0.00787849,0.2115,-0.00436866,-0.00154333,-0.00335412,0.0398217,0.0269051,0.0401715,0.10554]],"n":18,"lags":3}