{"betahat":[[16.5431,-0.2133,-1.74655,55.5274,44.317,-11.3473,-49.3785,0.250307,8.81778,27.853,1.83701,-0.111379,20.321,-1.50083,-5.39329,1.51471,0.233181,4.49598,-6.54393,-2.80205],[0.941666,0.0285545,0.0109619,0.0370683,0.072646,0.0476298,-0.0696208,0.00894014,0.0182763,0.416506,0.00363037,-0.0130429,0.260952,0.000799907,-0.0103712,0.00129963,-0.0554048,0.00933893,-0.0153565,-0.0106867],[-0.260749,0.952337,-0.0178191,-0.0178189,0.571125,-0.0804748,0.612675,0.016076,0.0674876,1.09226,0.0173752,-0.00629873,0.248031,-0.0126091,0.0211158,0.00609821,-0.0537664,-0.239763,0.105635,-0.041266],[0.00188468,0.298878,0.734699,0.382998,0.18997,0.119779,-0.0732938,0.0273985,-0.474904,0.386521,-0.0121301,0.00158044,-0.241422,0.0657594,0.0664249,0.0610065,0.0166353,-0.596454,-0.114368,-0.068896],[0.0219938,-0.0212742,0.00128263,0.899153,-0.028933,0.0153593,0.0596543,-0.00189741,0.00238143,0.148075,0.000840603,0.00385073,0.0108458,-0.00443163,-0.00161472,0.000751634,-0.0409538,-0.00934227,-0.00158821,0.0010132],[0.0079033,-0.00470431,0.00860153,0.0134088,0.875899,0.0133514,-0.0982763,-0.00121504,0.00461893,-0.26385,-0.00434817,-0.00245401,0.00748923,0.00122534,0.00232484,0.00131909,-0.0234496,-0.0208868,-0.0161866,4.65141e-05],[0.0311705,-0.0537931,-0.0199943,-0.0738192,-0.184693,0.994907,0.23699,-0.00980261,0.0214534,0.156702,0.000236968,0.0101856,-0.0416823,-0.00506627,-0.00583366,0.00349797,-0.158419,0.062086,0.0904013,0.000845052],[0.0378254,0.010513,0.00514112,-0.0209756,0.0228539,0.00437818,1.15497,0.0028648,-0.00132763,0.0210951,0.000509939,0.000631978,0.0156068,0.00136174,0.000885939,8.12311e-05,0.0830704,0.0220887,0.00432373,0.00188592],[0.745005,0.0878378,0.584559,2.73293,2.22634,0.938453,-1.04595,1.02958,0.658263,0.966021,-0.365221,-0.148387,-0.377722,0.0954369,-0.313434,-0.0387408,0.244407,0.342986,-0.127092,0.157657],[0.0933218,0.0438375,-0.0091776,-0.0815712,0.0450003,0.0279955,-0.118184,0.00326226,1.16362,0.903719,0.00491429,-0.00408308,-0.0922979,0.00504254,-0.0296141,0.00707986,0.160721,-0.00585847,-0.0862556,0.00115537],[-0.00724085,0.00706282,0.00266806,0.0230238,0.0167205,0.0067141,-0.132321,0.00225577,-0.00347314,0.900144,0.00233637,0.00160297,0.00994267,-0.000317371,0.000607143,0.000676264,-0.00508632,0.00685371,0.00399802,-0.000603438],[-0.178669,-0.36116,-0.000683138,0.884188,-1.00705,-0.524909,1.14023,-0.00679105,0.333705,-5.97802,0.86821,0.076816,-1.14508,-0.0816631,-0.0848727,-0.0300447,0.134121,0.644393,-0.696809,0.193883],[0.636881,0.127364,0.153052,-0.770764,0.833517,-0.648771,-0.590576,0.040453,0.164003,2.313,-0.0356027,0.769336,0.315425,0.0548947,-0.0111663,0.0493433,1.2388,-0.472212,-0.0123348,-0.0312561],[0.0372897,-0.00575202,-0.00298342,0.113658,0.0240341,0.0127722,0.00172374,-0.000334138,0.0041145,-0.0297187,0.00716426,0.0049193,0.992398,-0.000556888,0.00160876,-0.00108375,-0.0197367,0.0152076,0.0130696,0.00669299],[0.0334035,-0.314582,0.173503,0.704462,-0.746907,0.825576,-1.55335,-0.0308778,-0.214524,4.38965,0.0868134,0.05052,-0.735103,0.85567,0.198482,-0.0328759,-0.0710779,0.498119,0.312422,0.0903923],[-0.915541,-0.0930887,-0.298765,-2.19807,-0.916466,0.053106,-4.61873,-0.117864,0.507766,-3.86363,0.0693147,0.147812,-2.90923,0.164673,0.922792,0.0654547,-1.9667,-1.19009,-0.0216197,0.0494117],[-0.830392,-1.30689,-0.0532655,-2.03764,-1.1129,-1.61485,1.58536,0.0631695,1.04649,-5.31404,-0.0520211,-0.0776827,4.1061,-0.0205332,-0.000270639,0.797916,-2.83029,0.89134,0.796649,0.217492],[-0.0792674,-0.0155269,0.0136596,-0.00811786,0.111468,-0.12698,0.200751,0.00520869,0.0610843,0.548662,0.0142672,0.00584776,-0.0592504,0.00852062,-0.00440361,-0.00352732,-0.21,-0.0328684,0.0717088,0.00274572],[0.0466393,0.0554107,-0.0156735,0.0532552,0.693829,-0.0805007,0.362266,-0.000752601,-0.055752,2.18769,0.0346567,-0.00600728,0.567308,0.0258012,-0.0190195,0.000711389,0.309381,0.598365,0.156008,0.0342018],[-0.102196,-0.116835,-0.039006,0.0175739,-0.0487721,-0.114401,-0.898412,-0.0199545,-0.0785671,0.0713231,-0.017577,0.0138925,-1.04082,-0.00613556,0.0308662,-0.0107191,-0.558578,-0.193426,0.313519,0.0475969],[0.0228144,-0.00293896,0.0634833,0.440243,-0.422964,0.185375,1.78641,-0.0169495,0.192475,0.00508922,-0.0447918,-0.0318074,0.582729,-0.00947675,0.0294673,0.068148,0.213114,-0.315724,0.0376386,0.845455],[0.0150009,-0.0206822,-0.0112987,-0.0554714,-0.0952438,-0.0168168,0.182726,-0.00624817,0.000515217,-0.529349,-0.00581892,0.0070447,-0.215175,0.00196004,0.00216788,-0.00229109,-0.0112212,0.030455,-0.00290578,0.00486315],[0.0652056,-0.0942488,0.0159947,-0.199453,-0.540964,-0.116868,-0.950735,-0.000838638,0.00248644,-0.29083,-0.0212039,-0.00399407,-0.395775,0.0140838,-0.0114127,-0.00436959,-0.121023,0.0884511,-0.0901443,0.00846511],[0.313885,-0.224029,-0.0783612,-0.0432337,-0.0858842,-0.589534,-1.646,-0.0226255,0.147114,1.69295,0.0393802,-0.00510111,0.404278,0.0105642,-0.0488659,-0.0429857,-0.0690152,0.41889,0.20986,0.029438],[-0.02441,0.0149127,-0.00287058,0.0585924,0.0149579,0.000732638,-0.0853867,0.000980839,-0.0012014,-0.164565,-0.0015876,-0.00172212,-0.0750458,0.0020329,-0.000778354,0.000486468,-3.16707e-05,-0.00133185,-0.00229801,-0.00143318],[0.0129895,0.00506211,-0.0075342,0.00892378,0.0753974,-0.0040706,0.0430849,0.00144416,-0.00407659,0.217179,0.00194295,0.00275295,-0.0402663,-0.00104519,-0.00148957,-0.000638639,0.0226629,0.0178097,0.0104333,-0.00250781],[-0.00652498,0.0191641,0.00839984,0.0627485,0.126621,-0.103527,0.0235217,0.0105708,0.00266613,0.185121,0.000885866,-0.00798638,0.00333603,0.0052121,0.00292561,-0.00562204,0.0658569,-0.06199,-0.0391524,-0.0122393],[-0.0111559,0.00292762,-0.00249427,0.0482595,0.0266727,-0.00169527,-0.157799,-0.000812388,0.000795754,0.0886626,-0.000472171,-0.00108882,0.0159757,0.000252409,0.00204846,9.64491e-05,-0.0474028,-0.00676442,0.00547349,-0.00136018],[-0.645308,-0.133263,-0.239173,-2.5155,-4.44168,0.167488,0.252003,-0.0890881,-0.594381,-8.49568,-0.0890822,-0.0566967,-2.53025,0.0680917,0.0503003,-0.0196976,-0.740843,-0.938418,-0.359672,-0.0631273],[0.00626436,-0.0234905,0.0190112,0.0512556,0.0180285,0.0254004,0.374545,-0.00202128,-0.111559,-0.608952,-0.00106593,0.0087532,0.067138,-0.00275793,0.010924,-0.00229681,0.0640348,-0.00142328,0.0669217,-0.00247219],[0.0083363,0.000207682,-0.0027063,-0.00907545,-0.0122215,0.0131967,0.0895016,-0.00131864,-0.00465817,0.0141328,0.000944528,0.00035892,0.00954269,0.000379113,0.000192976,-3.85429e-05,0.00607607,-0.00414295,0.0016929,-0.000327723],[-0.0865674,0.0847396,-0.120845,-0.862204,-0.643023,0.306417,0.298947,0.0130654,-0.234911,-1.6019,-0.116664,-0.0568758,-0.884894,-0.0110914,0.0213656,-0.0486444,-1.30022,-0.125353,-0.012718,-0.0230116],[-0.112494,-0.214743,-0.107152,0.387682,1.16355,-0.70129,1.274,-0.00360796,-0.0811521,2.69823,-0.0193676,-0.0183577,1.02952,0.0573888,0.031133,-0.0482177,-0.161896,0.802522,0.112789,0.0675217],[-0.0267536,0.00151355,0.00086884,-0.0889043,-0.0868689,0.0104498,-0.0484425,-0.00236306,-0.00541455,-0.0741573,-0.00844777,-0.00212489,-0.06236,-0.000871564,0.00291478,-0.00132965,0.00266568,-0.0179737,-0.00809164,-0.00580402],[0.136022,0.208243,-0.0625465,-1.20353,-0.144079,-0.060647,0.435995,0.00463835,0.172999,-6.0181,-0.0236817,0.0758815,-0.982829,0.0101774,0.0101675,0.00170614,0.975626,-0.139815,-0.367653,-0.0721218],[0.0418657,-0.0310944,0.148014,1.32188,0.409813,0.350034,2.54973,0.0326539,-0.255704,-0.305259,-0.146942,-0.156437,0.864038,-0.0422412,-0.110433,-0.0200839,0.273548,0.322611,-0.340694,-0.0139383],[-0.482323,0.767066,0.284246,-1.27937,1.13713,1.87907,0.785752,-0.00466718,-0.519023,-0.0119027,0.223524,0.135326,-0.137594,-0.114773,0.0435993,0.0164492,0.805966,-0.143967,-0.579034,-0.107708],[-0.000529061,-0.00984953,0.00420808,0.0421178,0.121895,-0.035581,0.121196,0.00263205,0.0206044,0.37954,0.00676452,-0.00380688,0.157514,0.00705665,-0.00554739,-0.00365623,0.121159,0.0481685,0.029164,-0.000422303],[-0.175446,0.0342691,-0.00139431,-0.371196,-0.371607,-0.0290308,-0.420248,-0.00387357,-0.00560028,-0.493558,-0.00562627,0.0185263,-0.302841,0.00970241,-0.0161806,0.00286655,-0.0996757,-0.0701177,0.021074,0.0150419],[-0.107923,-0.0617277,0.0154447,-0.485111,-0.612131,-0.114298,-0.291585,-0.00623274,-0.0417048,-1.32065,0.0265914,0.0385629,-0.390705,0.000566711,-0.00026599,-0.00769117,-0.291659,0.0257703,0.0398915,0.00361859],[0.060452,-0.0073677,-0.0256888,-1.15866,-0.574813,0.30685,0.355615,-0.00175517,-0.0575073,-0.184661,0.0896997,0.0724601,0.000940089,-0.000791167,-0.0186452,-0.0313721,0.42559,0.00221648,0.0980976,0.0409841],[0.0430116,-0.00761566,0.000361955,0.0163616,0.0252622,-0.0314072,-0.105856,-0.00268917,-0.0196237,0.130635,0.00247931,0.00605352,-0.0398991,-0.0027463,0.00902368,0.000842359,0.0683837,-0.0387895,0.0193508,0.00609458],[0.194352,0.140158,0.00209347,0.215568,-0.0221773,0.196352,0.345948,-0.0152117,-0.0719756,-0.741123,0.0045626,0.0104976,0.162121,-0.00175857,-0.0064211,-0.00197596,0.173651,0.152427,-0.0112537,0.0343252],[-0.335829,-0.0509202,-0.0495491,-0.251568,-0.0986927,0.122238,-0.6867,-0.0123687,-0.116444,0.518963,0.0155905,-0.00858035,-0.0206226,0.0504587,0.0138952,0.0106812,-0.296729,-0.0455904,-0.115191,0.0220857],[0.00289155,0.00639125,0.00154583,0.0392898,0.0129636,-0.0164952,0.0323963,0.00089901,-0.00121664,0.0194461,0.000776858,-0.00213384,0.0673513,0.00251249,0.00241352,-0.00144311,0.0426479,0.0111797,0.00398272,0.000529828],[-0.0200743,-0.000227057,-0.00108098,-0.0230982,0.0484208,-0.00988087,0.0585475,-0.000162149,-0.000595168,0.0517142,0.00237278,-0.000436059,0.0361705,-0.000119619,-0.000792983,-0.000832002,0.00209453,0.00355217,0.00595193,0.00252246],[-0.0342431,0.0294533,0.0111934,-2.34274e-05,0.0235022,0.0965693,-0.259996,-0.00128654,-0.0215361,-0.35788,-6.39186e-05,-0.000912856,0.0136259,0.000835117,0.00470931,0.00269703,0.0807807,0.00190004,-0.0433081,0.0119283],[-0.0064546,-0.0019558,-0.0024817,-0.0265045,-0.0404398,0.00502389,-0.116743,-0.00136742,0.0010235,-0.0994777,-0.00128594,0.00233998,-0.0581569,0.0016363,0.000867377,-0.00036737,0.00501056,-0.0140626,-0.00334911,-0.00135812],[-0.537653,-0.0756248,-0.16926,-0.0639807,1.36255,0.0518978,2.54635,-0.0449781,0.0805356,2.24985,0.124872,0.14516,-0.327102,0.029923,-0.0533249,0.0348789,-0.352323,-0.104465,0.129005,-0.0220278],[-0.102237,-0.0175907,-0.0092621,0.0294467,-0.0614661,-0.0508396,-0.195647,-0.000396688,-0.0533435,-0.257563,-0.0038029,-0.00507484,0.0204884,-0.00330271,0.0209108,-0.00460637,-0.222231,0.000609783,0.0223592,0.00143641],[-0.00774979,-0.00134371,-0.000250137,-0.0375093,-0.0224941,-0.00775163,0.0516851,6.94721e-05,0.00190888,0.00199817,-0.000340737,-0.000544775,0.0187573,0.00174751,-0.00151961,-0.00105599,-0.00501667,-0.00216024,0.000942914,0.00116777],[0.0063559,0.224741,0.0701144,-0.0642501,0.490419,0.425865,-0.951723,0.0272451,-0.394523,2.56061,0.0237222,-0.0155084,0.318084,0.0037596,0.0367957,0.0510757,-0.0552678,-0.371497,0.058584,0.0710744],[-0.318604,-0.041955,-0.0705827,0.494937,-0.517579,0.269407,-0.634704,-0.0441467,-0.322946,-1.20044,-0.0075118,-0.000350295,-0.563646,0.00201724,0.0115656,0.0272671,-0.234456,-0.219238,-0.0556751,-0.112279],[-0.0141808,0.00229659,0.00160909,-0.0326827,0.0446674,-0.00603779,0.0959732,0.00187695,-0.00421057,0.109949,0.00182479,-0.00034379,0.0354154,-0.00110113,0.0018663,0.0020087,0.0113381,0.00192031,0.00383729,0.00187755],[0.0460387,0.160449,0.0113298,-0.191096,-0.0541835,-0.57279,1.60399,0.0433428,0.123803,-0.914851,-0.0781239,-0.127525,1.78071,-0.0431377,0.029831,0.0285381,0.226131,-0.0983222,-0.295764,-0.0314286],[0.376659,-0.0178647,0.110976,1.046,0.83905,-0.483191,1.78147,0.0556286,-0.318199,4.20273,0.0112295,-0.0445192,1.63254,-0.00763438,-0.112045,-0.0412366,0.477133,0.554443,0.391289,-0.0324785],[-0.166346,0.465448,0.121961,0.169519,-1.68528,1.01836,-1.32811,-0.0214812,-0.322045,-2.40827,-0.0581564,0.0454206,-2.78779,-0.0815353,0.0451122,-0.0108962,0.0367662,-0.40877,0.0327136,-0.0659598],[-0.0332573,-0.026591,0.00955437,-0.0175926,0.0323224,-0.00666732,0.0352079,-0.000517961,0.0177952,-0.124849,-0.000546102,0.000993266,-0.0198412,0.00513292,-0.00378954,-0.00318627,-0.10731,0.0118726,-0.0233917,-0.00382202],[-0.0733215,0.0114873,0.0128882,-0.120147,-0.09541,0.0345451,-0.27547,0.00322689,-0.000627437,-0.51164,-0.00452006,0.00835527,-0.373108,0.00660424,-0.0191593,0.00870015,-0.0597904,-0.0736088,-0.0293125,-0.00304972],[0.0498462,0.0452003,0.0301796,-0.0437965,-0.196013,0.0587036,-0.0055957,0.00602981,-0.0415211,-0.0939266,0.0160522,-0.000858695,0.0738032,-0.00161662,-0.00179662,0.0115667,0.294877,0.0886092,0.029441,0.00827515],[-0.312468,-0.055992,-0.0134294,-0.0883377,0.0541422,-0.284419,-1.80828,-0.00822956,-0.0327905,-1.59411,0.00132901,0.000988189,-0.342352,0.00109178,-0.00384242,-0.00966863,-0.241569,-0.0260609,-0.280518,-0.137545]],"sigmahat":[[2.99821,0.071977,0.0446915,4.12079,2.96269,-0.125198,1.26411,0.05471,-0.0865383,6.12086,0.0686382,-0.0226217,2.26711,0.0104266,-0.0421669,-0.0115112,2.18506,0.968192,0.427921,0.0786525],[0.071977,0.380852,0.00915726,0.1209,-0.0237293,0.264513,0.0629986,0.0181569,-0.227587,-0.586797,-0.00977638,-0.0228375,0.416702,-0.00831734,-0.00217492,0.0282725,0.638519,-0.0318355,-0.133457,-0.00666282],[0.0446915,0.00915726,0.12539,0.161009,0.263128,0.0261717,-0.0663543,0.0151027,-0.00280865,0.664862,0.0187274,0.00211805,0.295032,0.0105468,-0.00632301,0.00151745,0.110907,0.107129,0.0103771,0.0108206],[4.12079,0.1209,0.161009,16.3444,10.1983,-0.0471313,5.05763,0.154751,-0.693688,13.3981,0.187915,-0.133878,6.25517,-0.102146,-0.0369242,0.0462425,1.29721,2.79135,0.988534,-0.0074331],[2.96269,-0.0237293,0.263128,10.1983,17.5148,-0.456742,6.27142,0.242067,-0.267104,30.8086,0.326912,-0.0936662,8.43285,-0.113196,-0.0168061,0.0212603,1.7421,2.16724,1.4651,0.183555],[-0.125198,0.264513,0.0261717,-0.0471313,-0.456742,2.28021,0.412286,-0.0543088,-0.382064,-4.93968,-0.0104143,0.0504918,-1.07109,0.0166583,0.0156973,0.0305537,0.314575,-0.271567,-0.414073,-0.0169212],[1.26411,0.0629986,-0.0663543,5.05763,6.27142,0.412286,56.0996,0.174474,-0.958743,9.25143,-0.0330118,-0.360719,7.54906,-0.154503,-0.325639,-0.0630824,3.92139,0.368847,-0.0107347,0.112194],[0.05471,0.0181569,0.0151027,0.154751,0.242067,-0.0543088,0.174474,0.0195077,-5.00595e-05,0.739517,0.00381858,-0.0133377,0.280006,-0.00211328,-0.00814504,0.00208211,0.124386,0.0685603,0.0323012,0.00531914],[-0.0865383,-0.227587,-0.00280865,-0.693688,-0.267104,-0.382064,-0.958743,-5.00595e-05,0.726074,0.796106,0.0227703,0.0251348,-0.385291,0.0136385,-0.0257804,-0.0219106,-0.205686,-0.110213,0.11385,0.00844606],[6.12086,-0.586797,0.664862,13.3981,30.8086,-4.93968,9.25143,0.739517,0.796106,120.569,1.19431,-0.185824,26.2557,-0.344587,-0.11574,-0.0109939,5.62426,4.96182,5.94403,0.87286],[0.0686382,-0.00977638,0.0187274,0.187915,0.326912,-0.0104143,-0.0330118,0.00381858,0.0227703,1.19431,0.0633421,0.0373185,0.351128,-0.00274522,-0.00218464,0.00242204,-0.000656648,0.0847973,0.107426,0.01441],[-0.0226217,-0.0228375,0.00211805,-0.133878,-0.0936662,0.0504918,-0.360719,-0.0133377,0.0251348,-0.185824,0.0373185,0.0631108,-0.337752,0.000385914,0.00537392,0.000769426,-0.15613,-0.0176748,0.0407416,0.00617126],[2.26711,0.416702,0.295032,6.25517,8.43285,-1.07109,7.54906,0.280006,-0.385291,26.2557,0.351128,-0.337752,16.9964,-0.0844131,-0.130995,-0.0623805,3.39822,2.71886,1.0648,0.252553],[0.0104266,-0.00831734,0.0105468,-0.102146,-0.113196,0.0166583,-0.154503,-0.00211328,0.0136385,-0.344587,-0.00274522,0.000385914,-0.0844131,0.0691639,0.0160418,-0.00126289,0.0516827,-0.00994164,-0.0426703,-0.00681277],[-0.0421669,-0.00217492,-0.00632301,-0.0369242,-0.0168061,0.0156973,-0.325639,-0.00814504,-0.0257804,-0.11574,-0.00218464,0.00537392,-0.130995,0.0160418,0.0760768,-0.000356276,-0.139862,-0.060038,0.00543845,-0.000167309],[-0.0115112,0.0282725,0.00151745,0.0462425,0.0212603,0.0305537,-0.0630824,0.00208211,-0.0219106,-0.0109939,0.00242204,0.000769426,-0.0623805,-0.00126289,-0.000356276,0.018113,0.0492474,-0.0157879,-0.0121627,-0.00237943],[2.18506,0.638519,0.110907,1.29721,1.7421,0.314575,3.92139,0.124386,-0.205686,5.62426,-0.000656648,-0.15613,3.39822,0.0516827,-0.139862,0.0492474,6.93543,0.412381,0.0171651,0.0667856],[0.968192,-0.0318355,0.107129,2.79135,2.16724,-0.271567,0.368847,0.0685603,-0.110213,4.96182,0.0847973,-0.0176748,2.71886,-0.00994164,-0.060038,-0.0157879,0.412381,1.89543,0.36727,0.0337604],[0.427921,-0.133457,0.0103771,0.988534,1.4651,-0.414073,-0.0107347,0.0323012,0.11385,5.94403,0.107426,0.0407416,1.0648,-0.0426703,0.00543845,-0.0121627,0.0171651,0.36727,0.8873,0.0513319],[0.0786525,-0.00666282,0.0108206,-0.0074331,0.183555,-0.0169212,0.112194,0.00531914,0.00844606,0.87286,0.01441,0.00617126,0.252553,-0.00681277,-0.000167309,-0.00237943,0.0667856,0.0337604,0.0513319,0.0850691]],"n":20,"lags":3}