{"betahat":[[24.966712352574518,4.281254068486902,1.2354824115833443,46.214064999596225,48.460551218636958,3.8004837530069331,9.9170953658887555,2.9505048052937766,-0.4648694030279038,-0.43865374756428915],[0.99254129769025978,0.0028481741448412637,0.0028753277300065851,0.0014054737322029074,0.027445391840863694,-0.0003182137111322731,0.0085305907531023784,0.058914355081258821,0.0065092531770096773,0.0010462154999381224],[-0.0014886161424477902,0.995661849207286,-1.8229625056565068E-5,0.0050602305468589988,0.015585135143211993,-0.010129200158535258,-0.034173065127685996,-0.092550930975223933,0.033749213687776239,0.00091049923139710661],[-0.029656673153509464,0.042479798227987906,0.95902767759334384,-0.25047612512259237,-0.41784908443818547,0.22944056217685677,-0.49686728424815879,-0.31155150174804724,-0.028298258624033044,-0.012192655144363958],[-0.001553544408783342,0.00062683050400525484,0.00076469255208076986,1.0021924776485578,0.0027235584166773108,0.0032793812973596365,-0.0060274735144602238,0.01441566212822446,0.001611349365165,0.00043327527122374193],[0.00038013716701549872,0.00066893943718836712,0.0010996961872707378,0.010911245236981754,1.0040522118556447,0.0010501367379787388,-0.018401629986780747,-0.0058311563463545307,-0.00056561533972620723,0.00031301771560685715],[-0.0063903866505435857,-0.0040395858852453658,-0.0028992992702520756,-0.03993008697424888,-0.0408596956546183,1.0002210936774083,0.027926745774043266,-0.011643782848984565,0.011291059770645033,-0.0010658671756390392],[0.0024038556762504748,0.0024626894577144572,0.0011265996830549115,0.0003001991712560913,0.0090858908951278738,0.0013145717649669529,0.98306953987860046,-0.0034322330655800221,0.00079927985685950974,-0.00048124392780377544],[-0.00028718080758927697,0.0015355232453785168,0.00065244954601719894,0.0052904079934489078,-0.00276086539191938,0.0046385194606217975,-0.014955338544892248,0.8517311751484179,-3.5438561975454211E-5,0.00090093666113338488],[-0.012474388932411738,0.0035330383614797308,-0.00023126344512311718,0.023583979362969489,-0.034518537449277582,0.0026007513687863982,-0.22443589115380155,-0.017179878486434468,0.91389547356097023,0.00882288688402973],[-0.013725522418576153,-0.0061055049084364123,-0.013327724528177879,-0.16650269552471259,-0.43811759775599246,-0.03251360266009648,0.40244073185415535,-0.32130107583865331,-0.092123214401901285,1.0105650108938906],[0.0034409406581344679,-0.0021811620925828966,-0.0019826348888531157,-0.0029019615597762538,-0.024209615287554956,0.0015535005195372884,-0.012445688341189353,-0.069224683312874832,-0.0063015263759215127,-0.00056574841922725635],[-0.0063248396824885809,-0.0010955323274735498,-0.00058138006262922163,-0.0091618329801730763,-0.027388086438053204,0.0032108300892761971,-0.018166442156493118,0.076724234187706838,-0.02915139615340686,-0.00020139277002071622],[-0.020395831339842463,-0.0088579619272448756,-0.016462262027699927,-0.1171401408419772,-0.15797937601754614,0.04304706660915851,-0.165148387227624,0.0058882870644849849,-0.011634875064028624,-0.0051582447123851944],[0.00038388657032925719,-0.00035539322830719738,-0.00057715317105142168,-0.0033160166443155304,-0.005574143137836384,-0.00082475846981400831,0.00028487533161621493,-0.01787894481533955,-0.0012901138345971332,-0.0002446450748304129],[-0.00052254946138922725,-0.00034293160986957508,-0.00075443219006980438,-0.0074884474257771458,-0.0055904797064353371,0.00048284202872959432,0.0082893912674165769,0.0013923434208518118,0.00033189754141481028,-0.00017401811287554362],[-0.0019266522425398398,3.2844148392414038E-5,0.00061323343178752807,0.0092799503336088753,0.011699459104955446,-0.0078551519816081,-0.0055011373776875207,0.013918145850768554,-0.0076211332681768093,0.00078735553005318548],[-0.00064660169823675554,0.00020927552058727287,-0.00011339868877669768,-0.0026448931625089414,-0.0023454333829082191,0.0007475322515894876,-0.020487723078275257,-0.00058670103113071,-0.00013624150323156373,-0.00024063367346966832],[-0.0007767824187951849,0.00085817080680002913,-0.00019005576760038986,0.00017262708934287369,0.0012658543328861627,0.00037489565000452192,-0.0014949405271585284,0.0057348442831698168,0.0012801156451145012,0.00018152301714302263],[-0.0070640220708985731,-0.0017634017935886227,0.00048635263757748469,-0.017249702850802483,-0.026573155510783555,0.00012467134060109664,-0.020077454400506876,-0.012834774838890567,0.006931283595990303,0.0019923514684814913],[-0.00964174717003241,-0.0078357897038214969,-0.013976493051123329,-0.0664953736897616,-0.066534620774155867,0.014438031794691525,0.06309555266279572,0.052463795209024118,0.00812048855274584,-0.020139222533783932],[-0.00020846846682711891,-0.0014740617032770712,-0.0010611265929854645,-0.0041918005119034058,-0.0094102723061913352,-0.0025588321822253585,0.0071860460055495987,0.010936065607839794,-4.893082107901784E-5,-0.00030987848155837751],[-0.0035912463031139387,0.0020884331300802584,-0.00023984814390342081,-0.0097335128175419887,-0.0062084641104863791,0.0023815282574749393,0.051179247987430974,0.015880976621842683,-0.0038345337555903232,-0.00027356453485323338],[-0.015106374159710384,-0.0050047901511778526,-0.0074230700288097032,-0.05889985193786048,-0.071199032586505659,0.024887136181641203,-0.052014466713841627,0.0088448965182430766,-0.015792599008393016,-0.0028267762187179604],[-1.7225761971796117E-5,-0.00040814485407144284,-0.00022562708168676496,-0.0019309912109278916,-0.00038372288759543581,-0.002040229797962752,0.0073277912301658683,0.0035156424568088328,-0.0003398505679363827,-0.00013504492588037621],[-0.00087099655995376193,-0.00041214924316327858,-0.0003546329921356794,-0.0055046810044001859,-0.0015962529242935844,-0.00099332812371356,0.010122192292493835,0.0039808704465833485,0.00010771255168402931,-8.64924907026197E-5],[-0.0018136545975588429,0.000745318292613879,0.0010522098256775232,0.00680333963224107,0.0066707475935334059,-0.0010401410450038479,-0.0099774702134637367,-0.0011878980698528136,-0.0025917101863485656,0.00059051442680420959],[-0.00078571905970973557,-0.00012046638081869095,-0.00019684209714539698,-0.0032509629959544973,-0.0033893233116646169,0.00055930719415402585,-0.01229877661827127,-0.00049464132568051563,-0.00028903513785265278,-0.00016210770703215427],[0.00011781946781490813,-0.00026905229661255053,-3.9746508615929276E-5,-0.001542209776479004,-0.0019962857411580073,-0.00038666734554327747,-0.001844255081870344,0.00029092695343474039,-0.00024675209477834634,6.55234761312757E-5],[-0.00063277795613514789,0.0015428830543448009,-0.00024044627082769288,-0.0079809920869897757,-0.0099710737633497224,0.00086206231233495177,-0.00090689280516601564,0.0030312304521769675,-0.0046221859938183774,0.00080519170370964787],[-0.0058360235952450868,-0.0095028889420120631,-0.007638884892346689,-0.0083536833495287538,0.017057294171251295,0.0067510963066122563,0.0014966947836941604,0.010243660932613268,0.005994279386328666,-0.015798704196742036]],"sigmahat":[[3.5980929204743122,0.21114954121847362,0.11476109285294206,5.69087798518999,3.6001862919216188,-0.073264179351159475,2.8193556729675415,-1.005722071164308,0.075881959026167789,0.0013526602798108877],[0.21114954121847362,0.6244378442114159,0.074698645252195481,0.35448410412778264,0.68614511645937093,0.527836113537898,0.96450756758333389,0.53847433803138578,-0.33130760921403996,0.0068976959061476419],[0.11476109285294206,0.074698645252195481,0.22126452292622215,0.49630002911216065,0.69889515819242964,0.051812854900656756,0.3502958506181631,0.54721213715537964,0.0096439648642320363,0.0233996862381765],[5.69087798518999,0.35448410412778264,0.49630002911216065,21.649308857457729,14.251420713861421,-1.0425496164273886,4.0990250504414147,-0.12238128125053568,0.33142190257989756,0.14453567278561438],[3.6001862919216188,0.68614511645937093,0.69889515819242964,14.251420713861421,26.302774237007263,-2.3016938842599024,10.55964757202039,9.0534900888890029,2.4146576580894457,0.23863848146676719],[-0.073264179351159475,0.527836113537898,0.051812854900656756,-1.0425496164273886,-2.3016938842599024,3.9904219938062946,-1.1255221035872394,-1.1405727481102561,-1.1934757405778165,-0.13672856427998004],[2.8193556729675415,0.96450756758333389,0.3502958506181631,4.0990250504414147,10.55964757202039,-1.1255221035872394,93.803246711439044,10.853733272365417,3.5567018541333013,0.20627433955836527],[-1.005722071164308,0.53847433803138578,0.54721213715537964,-0.12238128125053567,9.0534900888890029,-1.1405727481102561,10.853733272365417,60.759338290797579,0.58297070178124921,0.15271270417706637],[0.075881959026167789,-0.33130760921403996,0.0096439648642320363,0.33142190257989756,2.4146576580894457,-1.1934757405778165,3.5567018541333013,0.58297070178124921,3.3328593877689969,0.0012378507547172444],[0.0013526602798108872,0.0068976959061476419,0.0233996862381765,0.14453567278561438,0.23863848146676719,-0.13672856427998004,0.20627433955836527,0.15271270417706637,0.0012378507547172425,0.052220605261452863]],"n":10,"lags":3}