{"betahat":[[5.4162,4.07552,-3.70786,23.2703,28.5263,-19.0927,-33.0155,-0.474063,4.67769,47.0572,0.238759,-0.328781,0.931925,-4.49245,-1.79416,0.780412,2.01881,-4.90537,2.30753,-4.03734,-5.8148,-3.4461],[0.925345,0.0246381,0.01111,0.0372295,0.0500865,0.022442,-0.200255,0.007638,0.0136425,0.412103,0.00254686,-0.0144173,0.267006,0.000556097,-0.00825011,0.00123857,-0.0933649,-0.0144394,-0.00276012,0.029014,-0.00487411,-0.0102877],[-0.24441,0.929952,-0.000858547,0.0346273,0.551177,-0.0418003,0.523841,0.0132593,0.0487834,0.7062,0.0219388,-0.0014842,0.245357,0.0010593,0.0172921,0.00767573,-0.0400192,0.0650799,-0.00425772,-0.2295,0.0855963,-0.0357963],[-0.239911,0.349835,0.71728,0.0367069,-0.177538,-0.0450704,-0.195667,0.0267543,-0.50283,0.443387,-0.0318411,-0.00620899,-0.557704,0.0525316,0.0886861,0.0591295,-0.147573,0.237977,0.0218201,-0.703623,-0.0975597,-0.0835979],[0.0199553,-0.0248464,-0.000135023,0.883281,-0.0272937,0.00637888,0.0394984,-0.00217731,0.00370281,0.210842,0.00111575,0.00464118,0.00907909,-0.00575266,-0.00219925,0.000337915,-0.0529338,-0.0156384,0.000538354,-0.00933037,0.00321673,0.0018947],[-0.00156762,-0.00418391,0.0076752,-0.00610019,0.850007,0.00575868,-0.10588,-0.00145887,0.00403697,-0.306901,-0.00549743,-0.0032383,-0.00609707,0.00201933,0.00296372,0.00130336,-0.0275285,-0.00172183,-0.00039941,-0.0253969,-0.01696,-0.000504121],[0.0415741,-0.0562349,-0.0190252,-0.067528,-0.205081,1.00543,0.224095,-0.0124762,0.00337999,0.108642,0.000295279,0.0107604,-0.0102095,-0.00535008,-0.002439,0.00401215,-0.144594,0.0203,-0.00354365,0.0773334,0.0865944,0.00448239],[0.0392287,0.00968303,0.00552645,-0.0169814,0.024027,0.00563585,1.1523,0.00280228,-0.00221435,0.0066317,0.000747909,0.000712878,0.0203317,0.001867,0.000675233,0.000238069,0.0821085,0.00123827,0.000699444,0.024611,0.00447156,0.00237459],[1.30026,-0.0263469,0.633353,3.50867,2.61523,1.15147,-1.33063,1.0088,0.575962,-0.0948564,-0.346976,-0.119293,0.194481,0.122101,-0.304799,-0.0479317,0.573564,-2.75902,0.0659677,0.684389,-0.154671,0.193226],[0.0646372,0.0361603,-0.0124074,-0.135449,-0.0276115,-0.018865,-0.36558,-0.00124169,1.14433,0.867808,0.00290329,-0.002994,-0.145317,0.00555203,-0.0230397,0.00644645,0.0867232,-0.299827,0.018791,0.0074147,-0.0743213,0.00219468],[-0.00180832,0.00577189,0.00413476,0.0319819,0.0101845,0.00986704,-0.147852,0.00188911,-0.00753077,0.85546,0.00273217,0.00194607,0.011768,0.00119812,0.000660551,0.00116988,0.000797695,0.00749172,-0.0010434,0.0110475,0.00419011,0.000320234],[-0.214999,-0.356688,-0.00150262,0.665844,-1.07074,-0.678734,1.17465,-0.0153634,0.311415,-5.54322,0.865967,0.0888795,-1.15066,-0.114253,-0.0449418,-0.0328145,0.157466,0.24413,-0.0353328,0.699497,-0.624902,0.211171],[0.713162,0.120419,0.172925,-0.683757,0.772466,-0.467939,-0.394764,0.0481984,0.211229,1.49109,-0.0285997,0.772303,0.144735,0.0888447,-0.0450751,0.0529651,1.41431,0.696711,0.0297597,-0.556907,-0.0764123,-0.0317999],[0.0361982,-0.00133406,-0.00543135,0.105663,0.0199649,0.0193716,0.0375845,-0.000304752,0.0029332,-0.055027,0.00643935,0.00530672,0.959265,-0.00217491,0.00221279,-0.00102386,-0.015646,-0.0199581,-0.00154336,0.00306797,0.0110468,0.00583189],[-0.0586436,-0.34049,0.16162,0.591814,-0.811788,0.697111,-2.01273,-0.0329118,-0.193473,5.52121,0.0871418,0.047965,-0.815768,0.829706,0.202499,-0.0457975,-0.517524,-0.148743,0.0310228,0.519208,0.430187,0.107707],[-0.834402,-0.0736445,-0.27513,-1.86152,-0.789478,0.194332,-4.1662,-0.0972162,0.612988,-3.89064,0.0926122,0.151803,-2.86825,0.220819,0.872258,0.079246,-1.8046,-0.0861238,0.00181298,-1.2519,-0.0551664,0.0377489],[-0.882675,-1.2203,-0.0833891,-2.19159,-0.829864,-1.63165,2.44689,0.0725832,1.0127,-4.23108,-0.0838191,-0.0991315,3.95039,-0.0768161,0.0324998,0.795639,-2.82981,-0.979305,0.0352068,0.634282,0.75651,0.207425],[-0.0978166,-0.00944889,0.0115588,-0.0380268,0.0711428,-0.130816,0.276372,0.0065214,0.0657945,0.537163,0.0122001,0.00327122,-0.079488,0.0090215,-0.00610864,-0.00351808,-0.20434,-0.0293262,0.00203867,-0.0497115,0.0670573,0.000699154],[-0.0122589,-0.0463883,-0.00935038,0.122007,0.106561,-0.120905,-0.651593,-0.001046,0.0312085,0.474751,0.00624916,-0.00110497,0.179977,0.000913485,-0.00541273,-0.00235725,-0.270903,1.00052,-0.000343299,0.132945,0.0807447,0.00846377],[1.62216,-0.543505,-0.0222559,2.93171,6.36851,0.54112,-1.29607,0.0488504,0.664355,13.0206,0.15364,-0.085965,6.05335,-0.0470302,-0.265504,-0.0271838,0.397705,0.382354,0.960033,0.908832,0.145628,0.0928794],[0.0341097,0.0580305,-0.0174761,0.0238566,0.77604,-0.0947217,0.374169,0.00135476,-0.0340779,2.47276,0.0374266,-0.00575567,0.57777,0.0210326,-0.0168642,-0.000864722,0.291344,-0.101098,0.0042031,0.579277,0.158518,0.0290193],[-0.120286,-0.101086,-0.0363175,0.0143273,-0.100649,-0.0900647,-0.670078,-0.0179331,-0.080001,-0.217555,-0.0208559,0.017303,-1.21856,-0.00668305,0.0329643,-0.00897997,-0.540139,-0.12882,-0.00188948,-0.222669,0.280925,0.042095],[-0.126262,0.0325796,0.035937,0.196202,-0.316117,0.104691,2.09114,-0.00391374,0.301391,1.23616,-0.0513966,-0.0434164,0.570874,-0.0389022,0.0143988,0.0636225,0.0675573,-0.0842778,0.0255237,-0.414346,0.0558401,0.826945],[0.0214421,-0.0192595,-0.0121395,-0.0665553,-0.0826098,-0.00642323,0.262059,-0.00581852,0.00558753,-0.493133,-0.00542638,0.00658451,-0.192268,0.00222675,0.000569097,-0.00231407,0.0100703,-0.00970634,-0.000985154,0.0190028,-0.0104643,0.00546757],[0.0582477,-0.0844893,0.00637724,-0.210434,-0.514278,-0.139901,-0.984794,0.00153134,0.0202482,0.00303789,-0.0226688,-0.0060974,-0.370262,0.0063452,-0.00842938,-0.00480891,-0.137221,0.0178481,0.00173796,0.087156,-0.0768199,0.00512145],[0.276306,-0.214962,-0.103164,-0.301076,-0.223257,-0.637727,-1.6896,-0.0311506,0.132754,1.73584,0.0309866,-0.00818467,0.331774,-0.00049467,-0.0350566,-0.0467433,-0.00430598,-0.527948,0.0013766,0.368497,0.205788,0.0221663],[-0.0262959,0.0163155,-0.00200075,0.069414,0.0137315,0.00424712,-0.0825504,0.00107983,-0.00245879,-0.201353,-0.00219132,-0.00283661,-0.0704087,0.00293586,-0.000180049,0.000998504,0.000150068,0.00696881,-0.000766783,-0.00188594,-0.00582399,-0.00221022],[0.0229715,0.00503309,-0.00676704,0.0247824,0.0971324,0.001968,0.0274082,0.00161619,-0.00384845,0.239841,0.00216753,0.00262941,-0.0272264,-0.00120949,-0.00198074,-0.000558347,0.0301795,-0.00406387,0.000784818,0.0212219,0.00858673,-0.00194992],[-0.00379622,0.0190336,0.00958687,0.0664447,0.14676,-0.105679,0.0594048,0.012364,0.00936189,0.172246,0.000199467,-0.00871245,-0.0139654,0.0068038,0.000654672,-0.00605652,0.0796927,-0.0342399,0.00489941,-0.0734554,-0.0408692,-0.0147632],[-0.0114339,0.00282952,-0.00260282,0.0473696,0.0222885,-0.00190247,-0.16346,-0.000857692,0.00102419,0.082694,-0.00066247,-0.00108545,0.00920753,-5.04174e-05,0.00194003,0.000143695,-0.0476714,-0.000951265,-0.00108862,-0.0077541,0.00521966,-0.0015358],[-0.767821,-0.136018,-0.245131,-2.6016,-4.62806,0.104515,-0.269728,-0.085259,-0.62691,-8.6095,-0.0830421,-0.0633709,-2.55961,0.0611889,0.0529386,-0.0120602,-0.994092,1.62129,-0.0327258,-0.848525,-0.29575,-0.0330433],[0.0123624,-0.0220506,0.0197791,0.0391976,0.00526351,0.027987,0.428203,-0.000924296,-0.102838,-0.639982,-0.00118591,0.00755595,0.0973052,-0.00349329,0.00921569,-0.00201454,0.0955013,0.147279,-0.00989516,-0.00823213,0.0655767,-0.000248694],[0.012579,-0.000501786,-0.00275513,-0.00275783,-0.00730967,0.0151765,0.0948068,-0.0014558,-0.00519317,0.0095589,0.000944322,0.000382361,0.0140669,0.000842665,2.73169e-05,-0.00011587,0.0103863,0.00847279,0.000358493,-0.00230663,0.000383694,-0.00022799],[-0.0222227,0.0923929,-0.13648,-0.719387,-0.550482,0.439881,0.128845,0.00655228,-0.289621,-2.06106,-0.120298,-0.0622551,-0.803085,-0.0226937,0.0224624,-0.0487181,-1.31027,-0.444343,-0.0147148,-0.0857963,-0.0597161,-0.0293828],[-0.0873904,-0.205326,-0.0964901,0.237443,0.988286,-0.614735,1.60235,-0.00999007,-0.139099,1.76759,-0.0264834,-0.00438291,0.721471,0.0630923,0.0509846,-0.0412491,0.0712488,-0.359745,-0.00450373,0.744933,0.0292763,0.0622846],[-0.0229199,-0.00205217,0.00178033,-0.0735919,-0.0704054,0.0048633,-0.0723579,-0.0020334,-0.00126871,-0.00986976,-0.00770264,-0.0024625,-0.0356987,-0.000315535,0.00193096,-0.00154995,-0.0054253,0.0142256,-0.000244459,-0.00906224,-0.0048731,-0.00579067],[0.130935,0.243612,-0.090563,-1.35634,-0.12164,-0.0358721,0.884638,0.0021455,0.124045,-6.53909,-0.0379124,0.0734078,-0.986746,-0.0200672,0.0292492,0.00286611,1.21994,0.140148,-0.00554141,-0.210468,-0.420449,-0.0897747],[-0.0711199,-0.0514402,0.139952,1.13304,0.284265,0.386908,2.48613,0.0227356,-0.28508,-1.09662,-0.159498,-0.144828,0.568512,-0.0505442,-0.0949547,-0.0249367,0.0204415,0.18047,-0.0193349,0.333659,-0.329577,-0.0119221],[-0.551616,0.737714,0.315839,-1.51101,0.786836,1.83697,0.102829,-0.012813,-0.484376,-1.267,0.246084,0.149109,-0.05221,-0.0907052,0.0306589,0.0146821,0.744508,0.573045,-0.0185784,0.000875633,-0.53236,-0.0909434],[-0.0081774,-0.00595737,0.00233641,0.0371605,0.143159,-0.0355041,0.156859,0.0036495,0.0227063,0.466577,0.00672893,-0.00445779,0.15693,0.00629481,-0.0060888,-0.0038425,0.120371,-0.00631422,0.00455385,0.0427756,0.0324203,-0.00227913],[0.0191811,0.0218312,0.0138589,-0.0311482,-0.112351,0.0822449,0.438286,-0.000127565,-0.0356988,-0.282368,-0.00183599,-0.00841365,0.0908818,0.00829075,-0.00295301,0.00244898,0.223206,-0.0102563,-0.00224543,-0.0791116,-0.0732416,0.00114805],[-0.0304383,0.199825,0.185074,3.04834,-1.53035,-0.073243,1.92738,0.0966923,0.281953,-8.33984,0.113705,0.133334,-2.9391,0.0868231,-0.0391964,0.026345,-1.65088,-0.775471,-0.0484671,0.453001,0.264377,-0.0776817],[-0.201854,0.035809,-0.00417199,-0.386933,-0.325146,-0.0453515,-0.500685,-0.00428882,0.0035485,-0.283094,-0.00577507,0.0173614,-0.255824,0.00531002,-0.0156147,0.000749408,-0.137048,0.107784,-0.00022656,-0.0622755,0.0351268,0.0176792],[-0.159127,-0.0644707,0.00996795,-0.561346,-0.669785,-0.139031,-0.242938,-0.00701951,-0.0454997,-1.3148,0.0236108,0.0370601,-0.416885,-0.00324359,0.00104279,-0.0091961,-0.351005,-0.111132,-0.00312878,-0.001604,0.0391929,-0.00155456],[0.0309432,-0.0133154,-0.0267281,-1.27912,-0.656569,0.281559,0.239393,-0.000985618,-0.0100718,-0.0606079,0.0960511,0.0769681,-0.108568,0.00502737,-0.0129465,-0.0317371,0.393727,0.102237,-0.0187962,-0.011314,0.116369,0.0383374],[0.0530172,-0.00526611,0.00123974,0.0299227,0.0358639,-0.0165121,-0.0550537,-0.00172552,-0.019733,0.097113,0.00319773,0.00785273,-0.0687818,-0.00253976,0.00840874,0.000947002,0.0833912,0.0241723,0.00373146,-0.0466832,0.0162244,0.00503717],[0.187252,0.153312,-0.00432772,0.181389,-0.0221788,0.182765,0.468337,-0.0142901,-0.0705543,-0.636549,0.00203298,0.00803868,0.144068,-0.00748685,-0.00633025,-0.00292567,0.177842,-0.0793614,0.00258692,0.143976,-0.00347462,0.0324375],[-0.288993,-0.0672138,-0.0479324,-0.173298,-0.0172043,0.147619,-0.820493,-0.0170289,-0.139374,0.434173,0.0139139,-0.00801346,0.0381825,0.0508205,0.018695,0.00854524,-0.318643,0.202348,-0.0180897,-0.0203679,-0.132297,0.0315824],[0.00716425,0.00848908,0.00208979,0.0453239,0.0137895,-0.0109764,0.0485012,0.00110765,-0.000982179,-0.00422004,0.00113571,-0.00181884,0.0645956,0.00298256,0.00234049,-0.0014979,0.0543391,0.00823424,0.000214422,0.0119155,0.00267182,0.000440807],[-0.0205639,-0.000774983,-0.00089865,-0.0191688,0.0522848,-0.00800594,0.0812364,-9.71786e-05,-9.65587e-05,0.0698925,0.00331588,0.000512845,0.0363953,-0.000701444,-0.0010646,-0.000885579,-0.00175506,0.00557328,-0.000392338,0.00465247,0.00833473,0.0025056],[-0.0456365,0.0325234,0.00865889,-0.0131177,0.0328028,0.0884556,-0.272465,-0.000498134,-0.0100947,-0.28674,0.00021943,-0.00106676,0.00217065,-0.00151428,0.00441511,0.00234405,0.0582142,0.0184015,-0.00216223,-0.00481467,-0.0382589,0.0106986],[-0.00525246,-0.0029059,-0.00268073,-0.0226705,-0.0347498,0.00311286,-0.119761,-0.001244,0.00279973,-0.0751332,-0.000995873,0.00212384,-0.0457063,0.00207893,0.00029395,-0.000459136,0.00385566,-0.00527233,-7.67485e-05,-0.0111997,-0.00175417,-0.00122639],[-0.584758,-0.0233817,-0.168266,-0.217536,1.28715,0.11159,3.23713,-0.0535176,0.0145353,1.47942,0.114733,0.153936,-0.646899,0.028334,-0.0289799,0.0421198,-0.00581724,1.33843,-0.0364556,-0.294928,0.038988,-0.0450595],[-0.07747,-0.013084,-0.00674138,0.093365,0.0132119,-0.00677332,-0.0274293,0.00245268,-0.0449688,-0.22107,-0.00153235,-0.00480701,0.0473737,-0.00209085,0.0163257,-0.00423139,-0.179285,0.146165,-0.00899212,-0.00169761,0.0110865,-0.00097435],[-0.00842137,-0.00127424,-1.6709e-05,-0.0423467,-0.0285356,-0.00663259,0.0573892,-3.51474e-06,0.00178641,-0.0164735,-0.000347277,-0.000538504,0.0170193,0.00205303,-0.00152982,-0.00114065,-0.00297281,0.00298039,0.000650987,-0.00486264,-0.000468981,0.00109889],[0.0304709,0.19612,0.0728871,0.245664,0.702601,0.343667,-1.06055,0.0329452,-0.382785,3.14188,0.0288608,-0.0239849,0.587305,0.0155501,0.0227971,0.0511028,-0.269024,-0.0804345,-0.00760078,-0.279078,0.110804,0.0814088],[-0.284335,-0.0422095,-0.0712252,0.546559,-0.546332,0.281542,-0.735872,-0.0522496,-0.387693,-1.35111,-0.00730911,0.00662878,-0.611784,-0.0080551,0.0219369,0.0304201,-0.183474,0.275831,-0.0166158,-0.188849,-0.0498538,-0.117096],[-0.0179846,0.00152814,0.00261834,-0.0319626,0.0488305,-0.00784806,0.0854976,0.00239583,-0.00190248,0.125013,0.00245057,-0.00070793,0.0487764,-0.000711731,0.000560741,0.0022253,0.00730987,0.000434108,0.000901236,0.00464672,0.00492848,0.00196607],[0.0179328,0.238374,0.0155154,-0.369979,0.0224861,-0.587207,1.86484,0.043745,0.126126,-0.526827,-0.0871938,-0.126448,1.59512,-0.0682054,0.0679704,0.029139,0.421217,0.0890718,-0.0202349,-0.19781,-0.341254,-0.0462735],[0.392875,-0.0432168,0.105213,1.03577,0.9156,-0.607313,1.4759,0.0527288,-0.328787,5.0471,0.0116272,-0.0583672,1.95932,-0.0293219,-0.113667,-0.0467283,0.495013,-0.0420672,0.00612502,0.629363,0.423253,-0.0268497],[-0.00982873,0.453535,0.133878,0.454533,-1.77793,1.07978,-1.58516,-0.0368056,-0.446479,-2.47115,-0.056,0.0497039,-2.71571,-0.0737371,0.074265,-0.00810704,0.167233,0.589151,0.0327412,-0.359609,0.0536869,-0.05761],[-0.0523614,-0.0245844,0.00941409,-0.0491378,0.0190543,-0.00922711,0.0424249,-0.000236059,0.0225191,-0.105375,-0.000623885,0.00130622,-0.0376679,0.0042075,-0.00334857,-0.00318861,-0.120784,-0.0501893,0.00364312,0.00298172,-0.0225021,-0.0036582],[0.0439781,0.00205356,0.00536727,0.0322251,-0.00537688,0.0689021,0.140851,0.00121608,-0.000783056,-0.494984,0.000761943,0.0111813,-0.201242,0.00817599,-0.00324278,0.00303139,0.067297,-0.0150753,-0.000886792,-0.00476861,-0.0148655,-0.00375594],[-1.75262,0.199147,-0.123821,-4.58238,-3.49745,-0.288621,0.133399,-0.00636516,-0.0799037,-0.867168,-0.166394,-0.0866582,-2.08116,0.120092,-0.0838697,0.0362526,0.175481,0.410292,-0.0828324,-1.19914,-0.272325,-0.0937797],[-0.0627797,0.0141778,0.0128699,-0.0909344,-0.0751657,0.026353,-0.296731,0.00385098,0.00113281,-0.405272,-0.00454905,0.00676696,-0.352385,0.00374174,-0.0180292,0.00856686,-0.0560517,-0.0303367,-0.000831663,-0.072042,-0.0223454,-0.00371757],[0.0392919,0.0464935,0.0288801,-0.0352837,-0.19453,0.0359022,-0.0972482,0.00582879,-0.0486245,-0.0573972,0.0154549,-0.00302255,0.0883753,-0.00236596,-0.000374433,0.0126046,0.284151,0.134066,0.00184967,0.111025,0.040342,0.00988994],[-0.353621,-0.0567561,-0.0111981,-0.073746,0.126469,-0.317359,-1.92317,-0.00584828,-0.0350504,-1.49361,-0.00385705,-0.00446996,-0.28816,-0.000976138,-0.0123672,-0.0128173,-0.311183,-0.105581,-0.00927867,-0.0330866,-0.288487,-0.141806]],"sigmahat":[[2.92009,0.0777331,0.0254188,4.08411,2.88733,-0.196172,1.30518,0.0549075,-0.0940404,6.33752,0.0654649,-0.0228721,2.14445,-0.00970791,-0.0405805,-0.0127987,1.9519,-0.763199,0.0466297,0.979141,0.468062,0.073249],[0.0777331,0.353825,0.0103945,0.155734,-0.0264848,0.252419,-0.00437145,0.016353,-0.219999,-0.672735,-0.00698291,-0.0212121,0.442881,-0.00329413,-0.00690492,0.0275578,0.588045,0.120216,-0.00207173,-0.0169259,-0.133045,-0.00459994],[0.0254188,0.0103945,0.120668,0.118731,0.240369,0.0137821,-0.0750556,0.0150184,-0.000249477,0.730914,0.0178862,0.00152577,0.291516,0.00817348,-0.00460639,0.00120164,0.0900828,-0.0252917,0.00898605,0.0937524,0.0126198,0.0101356],[4.08411,0.155734,0.118731,15.8438,9.8349,-0.144948,5.31273,0.14633,-0.761539,13.2568,0.161,-0.133925,5.77742,-0.146994,-0.0196369,0.0441056,1.2255,-1.21571,0.0789502,2.65893,1.00843,-0.0183436],[2.88733,-0.0264848,0.240369,9.8349,16.4887,-0.48124,5.97343,0.227498,-0.346284,28.8615,0.3125,-0.0746097,7.66763,-0.110836,-0.00471372,0.0281854,1.63095,-0.69065,0.118427,2.09093,1.42894,0.181967],[-0.196172,0.252419,0.0137821,-0.144948,-0.48124,2.11968,0.129283,-0.0528728,-0.35453,-4.51804,-0.012586,0.0432182,-0.979247,0.010609,0.0155767,0.0268307,0.150376,0.282066,-0.00691098,-0.273993,-0.373637,-0.0175864],[1.30518,-0.00437145,-0.0750556,5.31273,5.97343,0.129283,52.161,0.163001,-0.909485,9.45476,-0.0396155,-0.362656,7.65824,-0.150225,-0.321607,-0.0709688,3.38008,-1.53248,0.0121925,0.59314,0.105877,0.133109],[0.0549075,0.016353,0.0150184,0.14633,0.227498,-0.0528728,0.163001,0.0183024,-0.00531634,0.710293,0.00350597,-0.012774,0.273747,-0.00223117,-0.00667343,0.00211048,0.126353,0.00632549,0.00177846,0.0668464,0.0308157,0.00615452],[-0.0940404,-0.219999,-0.000249477,-0.761539,-0.346284,-0.35453,-0.909485,-0.00531634,0.673587,0.53504,0.0196264,0.0257088,-0.428365,0.0165992,-0.0168979,-0.0204338,-0.152918,-0.204328,0.00331758,-0.11889,0.0955155,0.0142354],[6.33752,-0.672735,0.730914,13.2568,28.8615,-4.51804,9.45476,0.710293,0.53504,113.681,1.20603,-0.0947253,24.7173,-0.261493,-0.118045,0.0189835,6.0499,-0.467293,0.333983,4.90547,5.63036,0.926329],[0.0654649,-0.00698291,0.0178862,0.161,0.3125,-0.012586,-0.0396155,0.00350597,0.0196264,1.20603,0.0612323,0.036161,0.33461,-0.00351487,-0.00111941,0.00259577,0.00681965,-0.0175806,0.00582313,0.0772293,0.103871,0.0147474],[-0.0228721,-0.0212121,0.00152577,-0.133925,-0.0746097,0.0432182,-0.362656,-0.012774,0.0257088,-0.0947253,0.036161,0.0601935,-0.30947,0.000142127,0.00487023,0.000729572,-0.149751,-0.00379816,0.00056941,-0.016531,0.0406181,0.00638675],[2.14445,0.442881,0.291516,5.77742,7.66763,-0.979247,7.65824,0.273747,-0.428365,24.7173,0.33461,-0.30947,15.8224,-0.0894184,-0.121854,-0.0580369,3.33453,0.146841,0.0842923,2.493,1.01176,0.234299],[-0.00970791,-0.00329413,0.00817348,-0.146994,-0.110836,0.010609,-0.150225,-0.00223117,0.0165992,-0.261493,-0.00351487,0.000142127,-0.0894184,0.0628438,0.0192544,-0.00224399,0.040292,-0.0273022,0.00212479,-0.021054,-0.0408918,-0.00787643],[-0.0405805,-0.00690492,-0.00460639,-0.0196369,-0.00471372,0.0155767,-0.321607,-0.00667343,-0.0168979,-0.118045,-0.00111941,0.00487023,-0.121854,0.0192544,0.069274,0.000198091,-0.146082,0.0312109,-0.00134914,-0.0504634,0.00601358,-0.000481336],[-0.0127987,0.0275578,0.00120164,0.0441056,0.0281854,0.0268307,-0.0709688,0.00211048,-0.0204338,0.0189835,0.00259577,0.000729572,-0.0580369,-0.00224399,0.000198091,0.0174094,0.0449563,0.0339223,-0.000315895,-0.0161578,-0.00989648,-0.00207163],[1.9519,0.588045,0.0900828,1.2255,1.63095,0.150376,3.38008,0.126353,-0.152918,6.0499,0.00681965,-0.149751,3.33453,0.040292,-0.146082,0.0449563,6.30673,0.197719,0.026807,0.466903,0.0905172,0.068467],[-0.763199,0.120216,-0.0252917,-1.21571,-0.69065,0.282066,-1.53248,0.00632549,-0.204328,-0.467293,-0.0175806,-0.00379816,0.146841,-0.0273022,0.0312109,0.0339223,0.197719,1.72391,-0.0425267,-0.214288,-0.0555911,0.00564121],[0.0466297,-0.00207173,0.00898605,0.0789502,0.118427,-0.00691098,0.0121925,0.00177846,0.00331758,0.333983,0.00582313,0.00056941,0.0842923,0.00212479,-0.00134914,-0.000315895,0.026807,-0.0425267,0.00920014,0.0117568,0.0205394,0.000983249],[0.979141,-0.0169259,0.0937524,2.65893,2.09093,-0.273993,0.59314,0.0668464,-0.11889,4.90547,0.0772293,-0.016531,2.493,-0.021054,-0.0504634,-0.0161578,0.466903,-0.214288,0.0117568,1.77847,0.355521,0.0245351],[0.468062,-0.133045,0.0126198,1.00843,1.42894,-0.373637,0.105877,0.0308157,0.0955155,5.63036,0.103871,0.0406181,1.01176,-0.0408918,0.00601358,-0.00989648,0.0905172,-0.0555911,0.0205394,0.355521,0.834368,0.0518467],[0.073249,-0.00459994,0.0101356,-0.0183436,0.181967,-0.0175864,0.133109,0.00615452,0.0142354,0.926329,0.0147474,0.00638675,0.234299,-0.00787643,-0.000481336,-0.00207163,0.068467,0.00564121,0.000983249,0.0245351,0.0518467,0.0826097]],"n":22,"lags":3}