{"betahat":[[6.28079,-0.134397,0.22173,12.2633,15.0389,-2.68104,18.2649,17.9647,0.307988,-0.434753,10.4317,-0.306879,-0.104863,-0.0531345,4.59371,0.702343,-0.197973],[0.932721,0.110795,0.033165,0.264646,0.247048,-0.00743844,-0.353269,0.607235,0.00661808,-0.0115414,0.0289092,0.0210786,-0.0137256,-0.00058527,-0.112856,0.0576091,-0.0155935],[0.0227312,0.940018,-0.000621492,0.421001,1.15797,-0.145388,0.691734,3.0546,0.0389755,0.00919541,0.626695,0.0356982,0.0242058,-0.000987804,-0.0728366,0.311751,-0.0260181],[0.0923249,0.365069,0.972281,0.186217,0.0860685,0.506111,0.305234,-1.19301,-0.0825346,-0.0237183,-0.518813,0.0496481,0.0596022,0.0141657,-0.619422,-0.234937,-0.0989712],[0.00875672,-0.0237959,-0.00956652,0.879059,-0.0706445,0.0269466,-0.00609116,-0.0651127,-0.00330112,0.00844192,-0.10438,-0.00214582,-0.00489895,0.000483578,-0.0520889,0.0106358,0.0071092],[0.0339952,0.00219075,0.0129779,0.0403042,0.913037,0.00699981,-0.134324,-0.264492,-0.00714385,-0.00718052,0.0576938,0.00332104,-0.00129911,7.74757e-05,-0.0028946,-0.0152602,0.000253789],[-0.0350306,-0.0311786,-0.0133261,-0.197347,-0.294419,1.1073,0.348035,0.0654934,0.00710318,0.0213819,0.00601661,-0.00194212,-0.00234589,0.000325842,0.0205952,0.112224,-0.00258024],[0.0288895,0.00592439,0.00613218,-0.0251389,0.0213238,0.00302123,1.23588,0.0260932,0.00111033,0.000887879,0.0221521,0.000301784,0.00231424,0.000283486,0.0210193,0.00604843,0.00173641],[0.00453435,0.00498317,0.00452062,0.0558612,0.0551572,-0.0050139,-0.155694,1.07013,0.000996696,0.001128,-0.0150086,1.08247e-05,0.000757281,0.000347239,0.00948833,0.000906385,0.000742911],[-0.179311,-0.500567,0.00964381,0.699991,-0.159567,-1.35078,2.36348,-1.83647,1.06344,0.0355711,0.780366,-0.0838169,-0.0601403,0.00628754,0.71044,-0.506136,0.120371],[0.471967,0.374862,0.0192301,-1.72524,-1.27644,0.225542,-1.46675,-2.10568,-0.046086,0.939756,-1.23243,-0.00165594,0.038478,0.0125263,-0.889506,-0.232423,0.0557973],[0.0141626,-0.00410741,-0.000377385,0.0552807,-0.0153499,0.0238871,0.0335124,-0.141207,0.0100137,0.00734158,1.04624,0.00158287,-0.00531932,-0.00029188,0.00974558,0.00220984,0.00538077],[-0.00673094,-0.316393,-0.0054938,-1.94408,-2.32631,0.398453,-2.51097,-2.68791,-0.0583403,0.0284367,-2.43668,1.24329,0.187728,-0.00931023,0.190854,-0.338114,0.0772482],[-0.335893,-0.0481321,-0.174715,-0.692695,-0.152504,0.110008,-4.82296,-1.76273,0.0466604,0.0983077,-2.83296,0.0635,1.32723,0.0177748,-0.966882,0.104608,-0.0342755],[-4.60443,-4.25379,-0.561086,-3.5125,1.42096,-9.86337,0.752711,2.34502,-0.129035,-0.339528,10.231,-0.0247866,-0.164858,0.843588,2.73711,3.7923,0.316508],[0.0282878,0.0432224,-0.00073066,0.24118,0.607966,-0.0554181,0.4087,1.7266,0.0102097,-0.0154664,0.318468,-0.000235791,0.0176917,-0.00174968,0.620846,0.135559,0.0507206],[-0.139584,-0.027605,-0.0502416,-0.0856509,-0.0406694,0.0726438,-1.04371,0.0138924,-0.00839278,0.0306322,-0.919187,0.0247354,0.0208657,-0.00651812,-0.247869,0.50045,0.0448549],[-0.388697,0.0272606,0.0159233,-0.0722167,-0.914631,0.144348,2.41905,-1.2899,-0.120323,-0.0695143,0.197755,-0.0135464,0.0239763,0.0119959,-0.531672,-0.0744083,0.984192],[0.0590063,-0.0532317,-0.0165404,-0.173659,-0.142468,0.0622975,0.51184,-0.206905,-0.00389875,0.00800863,0.088154,-0.008854,0.000784707,-0.00113937,0.168678,-0.0618314,0.0185058],[-0.0739915,-0.100675,0.000808639,-0.376355,-1.01098,-0.0729079,-1.19459,-1.59591,-0.0438697,-0.0217182,-0.590469,-0.0192126,-0.00897353,0.0012937,0.0729131,-0.238833,0.00262086],[0.0147496,-0.251588,-0.0660286,-0.507874,-0.745707,-0.415288,-1.23221,0.0805609,0.0235426,0.00871251,0.213798,-0.0180099,-0.0536329,-0.0237126,0.36559,0.170626,0.0745261],[-0.0167482,0.0220688,0.00321137,0.0791822,0.0692036,0.00204867,-0.0699284,0.0469784,0.00283659,-0.00236053,-0.0213052,0.00111046,-0.000196648,-0.000151742,0.0144117,-0.011467,-0.00173575],[-2.16016e-05,0.00313301,-0.0111858,-0.014764,0.057847,0.000772341,0.0432931,0.255019,0.003625,0.00544092,-0.0726072,-0.00103415,-0.000439527,-0.000140658,0.00937607,0.00936902,-0.00257803],[0.0458145,0.0104513,-0.00248649,0.111601,0.162324,-0.157912,-0.0954391,0.0624795,-0.00343246,-0.0136571,-0.0413082,0.0025284,0.00419133,-0.00127635,-0.0437432,-0.0618282,-0.0135024],[-0.0201202,0.000559646,-0.0034042,0.0337665,0.0136371,-0.00226525,-0.176271,0.0765286,-0.00069451,-0.0013183,0.00824236,0.000318103,-0.00125713,-0.000314134,-0.00842144,0.000721377,-0.000999722],[-0.000716863,-0.00151958,-0.00352832,-0.0247322,-0.039075,0.0214006,0.102228,-0.0640423,-0.000148432,-9.06577e-05,0.00191884,0.000209133,0.000447558,-4.20474e-05,-0.0107676,-0.00375025,-0.0014568],[-0.0557079,0.246272,-0.119097,-0.896666,-0.432888,0.639803,-0.403438,-0.415347,-0.112827,-0.050555,-1.07222,0.0416961,0.0225962,-0.0224173,-0.314103,0.229015,-0.102487],[-0.219876,-0.303205,-0.0415349,0.870705,1.81243,-0.683035,1.88945,3.43668,0.00758281,0.0393321,1.1559,0.0150382,0.00664591,-0.0188895,0.916079,0.249818,0.107171],[-0.0144276,0.00302779,0.00051992,-0.0627826,-0.0833321,0.00990985,-0.120406,-0.0560147,-0.0121852,-0.00501985,-0.0772528,-0.000642815,0.00294833,-0.000398,-0.0156698,-0.012029,-0.00729923],[-0.166176,0.239793,0.0332513,1.17776,1.49918,0.183014,1.22347,1.40774,0.027559,0.0117059,0.396859,-0.134521,-0.0927604,0.00517783,-0.315498,0.29045,-0.0625971],[0.13256,-0.0229093,0.122168,0.00234688,-0.157754,0.328435,2.73761,-2.84555,-0.10401,-0.0885983,0.923523,-0.041834,-0.228359,-0.00910591,0.53357,-0.579578,0.016503],[2.73846,2.68148,0.485653,-1.48851,4.4883,7.25377,0.52731,-0.945279,0.257661,0.101203,1.50629,-0.0539957,0.00741657,0.0520963,-0.507346,-3.3256,-0.297572],[-0.0460713,0.00978676,0.00221347,-0.11967,-0.317878,-0.0125787,-0.409459,-0.525,0.00381526,0.0320441,-0.195774,-0.011129,-0.00127787,0.000647112,0.0650109,0.0361322,0.0187839],[-0.167961,-0.0556971,0.0230225,-0.52384,-0.741137,-0.0160067,-0.299047,-1.812,0.0292842,0.0516925,-0.31922,0.00987932,-0.00691095,-0.00402486,-0.0100192,0.137326,-0.00423188],[0.262817,0.000721962,-0.0331062,-0.855556,-0.261758,0.325307,-0.129096,0.272355,0.111374,0.0921351,-0.0684918,0.00896322,-0.00732781,-0.00747763,0.112493,0.204955,0.0799563],[0.00826618,-0.0575433,-0.0166416,-0.0910582,-0.10463,-0.0548562,-0.15847,-0.399915,-0.00271419,0.00354203,-0.116958,-0.0122244,0.0129425,0.00172659,-0.0558422,0.0042706,-0.00290488],[0.0510719,0.160679,-0.000192863,-0.044928,-0.147289,0.218368,0.503747,-1.45788,0.00491607,0.0125454,-0.0360595,-0.0164858,-0.0152343,-0.000298157,-0.00016501,-0.0727658,0.0234062],[-0.24288,-0.0725205,-0.0302755,0.0284056,-0.0656723,0.282213,-0.0569802,-0.32536,0.0219524,0.0171133,-0.178878,0.0068898,0.0300819,0.00375073,0.0342142,-0.0456551,0.0341831],[0.00802024,0.00174115,0.00634611,0.0417197,0.00140871,-0.0289865,0.0761513,0.0182405,0.000465886,-0.00607614,0.125762,0.00103696,0.00509703,-0.00033178,0.0376713,0.000848623,-0.00537004],[-0.0339464,-0.00530974,-0.00179941,-0.0255621,0.0290683,-0.00776555,0.0911092,0.00951096,0.00351874,0.00174209,0.0150041,-0.00228625,0.00173948,6.29739e-05,-0.00648372,0.00590338,0.00232628],[-0.0111797,0.0206018,0.0157597,0.0851123,0.131338,0.0502121,-0.25334,-0.127345,-0.00363342,-0.0076977,0.0347442,-0.000594429,-0.0018378,0.000954595,0.0230344,-0.0501069,0.0160824],[-0.00778459,-0.0056441,-0.00260436,-0.0100848,-0.0346211,-1.80381e-05,-0.0707831,-0.0994782,-0.000583637,0.000626036,-0.0354199,-0.000368615,-0.000875455,5.1317e-05,-0.0131218,-0.00620469,-0.000857572],[-0.00264263,-0.00272942,-0.000886855,-0.0302841,-0.0183819,-0.0138325,0.0605163,-0.0190072,-0.000908626,-0.00102122,0.0176134,-0.000116826,-0.00110007,-0.000312991,0.00122001,0.00265746,0.000936614],[0.229879,0.231654,0.0887813,0.211657,0.562406,0.625044,-1.82655,2.03059,0.0241094,0.00112317,0.275761,0.0484311,0.0430692,0.0161795,-0.388778,0.222911,1.18459e-05],[-0.253884,-0.0793753,0.0251677,0.856237,-0.400971,0.360151,-0.433352,-1.22582,0.026732,-0.000412168,0.115456,-0.00556117,-0.0418397,0.00672338,-0.0302006,-0.0325531,-0.167719],[-0.000118317,0.00104757,-0.000354341,0.00651563,0.096643,-0.0329212,0.0865794,0.19666,0.00217449,-0.00210318,0.0283501,-0.000926517,0.0024002,0.000711194,0.00548653,0.0101413,0.00198709],[0.153629,0.0846856,-0.00943261,0.583324,0.635721,-0.566656,1.22493,0.92725,0.0273798,-0.0414625,2.0197,-0.110886,-0.0920789,0.00515356,0.11592,0.0112129,-0.0136218],[0.156406,0.0675089,0.0489531,0.623059,0.224178,-0.445311,1.96228,4.63366,0.0552028,-0.0111263,1.87198,-0.0266342,-0.104221,-0.00674727,0.405492,0.479089,0.0171463],[-0.114238,1.10537,-0.126431,4.20494,-5.02145,2.1025,-4.4669,1.51168,-0.0430592,0.305323,-12.0791,-0.0249816,0.0959286,0.0767376,-2.37508,0.230609,-0.0741483],[0.0271344,-0.0165501,0.0141333,0.0671294,-0.0526487,0.0647976,-0.183964,-0.722209,-0.00489607,0.0121192,-0.320869,-0.00431739,-0.00791791,0.00217133,-0.00386187,-0.086265,-0.0106506],[0.167325,0.068701,0.0280826,0.237771,-0.0187853,0.0366208,-0.110047,0.248798,0.0239728,-0.000150357,0.263884,0.0146836,-0.00957594,0.00591675,0.111519,0.104494,0.00796081],[0.0253463,-0.0582581,0.0156882,0.707615,0.756288,-0.357663,-2.1532,-0.0486358,-0.0136323,-0.0118817,-0.420985,0.0187828,-0.00404826,-0.000655255,0.257353,-0.198577,-0.123887]],"sigmahat":[[1.76629,0.353393,0.0222005,0.978227,1.40425,0.109564,0.666274,2.46734,-0.0347832,-0.0590269,1.39912,0.0215538,0.0153217,0.00619237,0.219867,0.0244999,0.0472306],[0.353393,0.442243,0.00624819,0.448501,0.15419,0.349024,-0.127978,-0.411315,-0.014498,-0.0180612,0.446099,-0.001066,0.0104208,0.0106669,0.0166581,-0.0964656,-0.00964762],[0.0222005,0.00624819,0.161988,0.0736854,0.235052,0.0584207,-0.0108507,0.178637,0.0134792,0.00411765,0.223897,-0.00240176,0.00176774,-0.000476624,0.125669,-0.000290269,0.00866155],[0.978227,0.448501,0.0736854,9.9113,7.23729,0.192281,4.48715,6.43076,0.0126464,-0.206309,4.4117,-0.0283691,-0.0437063,0.0205206,1.03777,0.246449,-0.0958572],[1.40425,0.15419,0.235052,7.23729,17.7392,-0.947495,4.9765,31.1259,0.309189,-0.117293,7.66028,0.037774,-0.118631,0.00887087,1.36221,1.47229,0.12703],[0.109564,0.349024,0.0584207,0.192281,-0.947495,2.89607,0.260744,-7.49861,-0.0522867,0.0755133,-1.46096,0.0189577,0.0188646,0.00704636,-0.27718,-0.487317,-0.0381833],[0.666274,-0.127978,-0.0108507,4.48715,4.9765,0.260744,62.5466,2.03566,-0.0407771,-0.406498,8.13575,-0.255276,-0.32358,-0.0422544,0.117793,-0.332213,0.0942642],[2.46734,-0.411315,0.178637,6.43076,31.1259,-7.49861,2.03566,122.379,1.38324,0.00874722,21.7902,0.085517,-0.409709,0.0318235,3.13739,6.91808,0.772359],[-0.0347832,-0.014498,0.0134792,0.0126464,0.309189,-0.0522867,-0.0407771,1.38324,0.0827428,0.0491152,0.366992,0.00231212,-0.00482679,0.000939889,0.0539978,0.138631,0.0141687],[-0.0590269,-0.0180612,0.00411765,-0.206309,-0.117293,0.0755133,-0.406498,0.00874722,0.0491152,0.079482,-0.392823,0.00731248,0.00739151,0.000340622,-0.0362163,0.06139,0.00827398],[1.39912,0.446099,0.223897,4.4117,7.66028,-1.46096,8.13575,21.7902,0.366992,-0.392823,18.1524,-0.0830648,-0.176858,-0.0161355,2.45887,1.01822,0.233415],[0.0215538,-0.001066,-0.00240176,-0.0283691,0.037774,0.0189577,-0.255276,0.085517,0.00231212,0.00731248,-0.0830648,0.0274452,0.00315671,-0.000513517,0.012137,0.0199525,-0.00486425],[0.0153217,0.0104208,0.00176774,-0.0437063,-0.118631,0.0188646,-0.32358,-0.409709,-0.00482679,0.00739151,-0.176858,0.00315671,0.0371365,-0.000250418,-0.0523665,-0.0249712,-0.00110286],[0.00619237,0.0106669,-0.000476624,0.0205206,0.00887087,0.00704636,-0.0422544,0.0318235,0.000939889,0.000340622,-0.0161355,-0.000513517,-0.000250418,0.00245442,-0.00726021,-0.00106084,-0.000984206],[0.219867,0.0166581,0.125669,1.03777,1.36221,-0.27718,0.117793,3.13739,0.0539978,-0.0362163,2.45887,0.012137,-0.0523665,-0.00726021,1.65939,0.127005,0.0320317],[0.0244999,-0.0964656,-0.000290269,0.246449,1.47229,-0.487317,-0.332213,6.91808,0.138631,0.06139,1.01822,0.0199525,-0.0249712,-0.00106084,0.127005,1.03119,0.0402412],[0.0472306,-0.00964762,0.00866155,-0.0958572,0.12703,-0.0381833,0.0942642,0.772359,0.0141687,0.00827398,0.233415,-0.00486425,-0.00110286,-0.000984206,0.0320317,0.0402412,0.104209]],"n":17,"lags":3}