{"betahat":[[-0.0375963,0.0553704,0.0012852,-0.102353,0.0468554,0.099619,1.29828,0.00354309,0.0106975,1.62554,-0.00408964,-0.01648,2.38043,0.14439,0.213124,-0.000142664,0.184194,2.62049,-0.00578925,0.0833194,-0.0195148,0.00750819],[0.0707079,-0.0227134,0.00692454,0.100449,0.0414046,0.0180852,-0.380116,0.00776562,-0.00460058,0.422223,0.014542,0.00552098,0.00616493,0.00704471,-0.0016677,0.00104545,-0.13717,0.0270747,0.00122782,-0.0237229,0.0302615,-0.00893795],[-0.0936077,0.204943,0.0223653,0.103002,0.562048,0.182448,-0.672604,0.0147769,0.110366,0.735553,-0.0206382,-0.00937239,0.279499,0.0147664,0.0359981,0.00204293,-0.69963,-0.050708,0.000343625,-0.33505,0.173518,-0.0286266],[0.080714,0.090071,0.0453492,0.197182,0.180693,0.069768,-0.180574,0.0134505,-0.0498833,-0.0730374,-0.00350575,0.00267994,-0.01263,0.00871939,0.00542048,0.00543863,-0.0878367,-0.0314369,0.0086718,-0.126968,0.0149922,-0.0261056],[0.0206844,-0.0196425,-0.000860855,0.0430497,-0.0273836,0.034662,0.0340561,-0.000403548,-0.00643848,-0.0500163,0.00232838,0.00500878,-0.0333016,0.00160355,-0.00179057,0.000580707,-0.0234747,0.00201726,-1.5774e-05,-0.0225627,0.007774,0.00215727],[0.0239696,0.00441866,0.00943118,0.127857,0.121913,0.0379876,-0.172008,0.0021381,0.00587206,-0.167106,-0.000745659,-0.000566031,-0.0391156,0.00299467,-0.000921851,0.000972546,-0.0606524,-0.0407535,5.24539e-05,-0.0199804,-0.0132822,0.00116289],[0.00127666,-0.00275184,-0.00320877,-0.0118684,-0.0419555,0.33407,0.176115,-0.00125044,0.0494959,-0.906563,-5.34668e-05,0.00272143,-0.197565,-0.00128143,0.00104057,0.000456755,-0.0255473,0.0623354,-0.000220353,-0.0100241,0.0198455,-0.00337743],[0.00462769,0.0017116,0.000772587,0.00718945,0.0138454,0.00778625,0.317327,0.000444353,0.00845032,0.0323381,-0.000228568,-0.000531517,0.0275436,0.00178245,0.00117983,-0.000170557,0.0161018,0.00842391,-0.000104679,0.00123784,0.00365623,-0.000230668],[0.0123526,0.209404,0.127085,0.653739,0.906614,0.224784,-2.77899,0.0713633,-0.0673437,-0.26244,-0.0352102,-0.0301949,-0.190934,0.0707199,0.0315189,-0.00543002,-0.9261,-0.717112,-0.00125732,-0.257095,-0.0563736,0.0178661],[0.00846712,0.0112225,0.00658089,0.00404744,0.0431921,0.153589,0.527815,0.00353886,0.438695,0.683623,0.000897976,-0.00207009,0.132863,0.000531787,0.00267714,0.000383716,0.00182949,-0.0813852,0.00358837,-0.00808514,0.0198319,7.43295e-05],[0.000457218,-0.000486515,0.000179032,0.00468232,0.00547366,-0.019024,-0.0053796,0.00019122,0.00156146,0.225483,0.00022215,8.81027e-05,0.0291852,0.000848083,-0.000383955,1.67555e-05,-0.00171224,0.00882775,5.23044e-05,0.000655455,0.00418896,0.000973928],[0.00522512,-0.0909987,0.0015563,0.1479,-0.0178233,-0.369369,-0.850935,0.00151101,0.171158,-1.50402,0.0398133,0.0337482,-0.450761,-0.0114707,-0.00274819,-0.00155306,-0.0313402,0.0263227,-0.0011752,0.0629478,-0.181082,0.053037],[-0.0251458,-0.055202,-0.00648906,-0.479978,-0.468381,-0.213205,-1.20679,-0.0048769,0.0054284,-0.73588,0.0222317,0.0444328,-1.06713,0.00771498,0.0164108,0.00477634,0.263163,0.291223,-0.000335099,-0.136872,-0.115799,0.0300017],[0.00378807,0.0017339,0.000647678,0.0141281,0.00823507,-0.00895583,0.143779,0.000474713,0.00922326,0.153031,0.000595747,-0.000469516,0.25691,-0.00127706,-0.000502955,-0.000419899,0.0069754,0.0286918,-0.000178419,0.00567851,0.0051947,0.0027063],[0.239298,-0.0142919,0.0377728,0.724867,0.209061,0.907159,2.03376,0.0185296,-0.251804,8.25818,0.0106837,0.0150588,-2.66242,0.80132,0.14152,-0.00523526,0.447208,0.382578,0.00864287,-0.267417,-0.0330184,-0.00979381],[-0.272143,0.0310073,-0.0954315,-0.730084,-0.651788,-0.421672,-1.13568,-0.050702,0.73956,-6.24048,-0.0215922,0.0306916,-1.8177,0.0121647,0.655869,0.00463191,-0.521512,1.90948,-0.0117271,-0.654481,-0.234921,-0.114289],[-0.175443,-0.25995,-0.0328324,-0.129487,-0.0789213,-0.454723,0.0500015,0.0182148,0.32596,-1.18936,-0.0169842,-0.044944,1.1946,-0.0159159,-0.0640448,0.0254637,-0.515711,-0.273508,-0.00226438,0.380447,0.126455,0.0100447],[0.00683423,0.00259353,0.00402613,0.00335088,0.0463618,-0.0885809,0.559558,0.00170322,0.0268329,0.350174,0.00387295,-0.000899144,0.133351,0.00273857,-0.000727724,0.000719807,-0.0750923,-0.00387353,-0.00066821,0.0110944,0.0308873,0.00143614],[0.00796751,0.000694652,0.00164077,0.0234135,0.0342193,0.0502556,0.031895,0.00136997,-0.0493496,0.238752,0.00235254,0.000516151,0.262467,0.000800971,0.00687126,-0.000164972,-0.0159089,0.560802,0.000141263,0.0276083,0.0155536,0.0106587],[0.717436,-0.154595,0.0307418,1.3872,1.26055,0.249649,-3.27238,0.00115385,0.486366,6.17657,0.0864818,0.00804356,1.10401,-0.0242642,-0.0529255,-0.0112423,-0.548262,0.410385,0.0622753,0.226139,0.0186809,0.049603],[0.142297,-0.0200034,0.0139094,0.413783,0.490847,-0.124836,0.319235,0.00645655,0.00805849,1.23367,0.0177851,-0.0156099,0.84773,-0.00401043,-0.0232945,-0.0029597,0.105749,-0.00483141,0.0040898,0.22273,0.0777451,0.0189838],[0.0148258,-0.0250654,-0.00664102,0.132995,0.210099,0.00292047,-0.210123,0.00632506,0.0689203,3.2416,0.00438312,0.00549619,0.00885414,0.0106297,0.00218728,-0.00221957,-0.0361459,0.0974506,0.00181214,-0.0490971,0.108938,0.0187822],[-0.0450206,-0.0483035,-0.00350704,0.0402763,-0.12105,-0.111462,2.1781,0.00307205,-0.193835,1.32808,0.00106119,0.0164651,1.73016,0.00161746,-1.16975e-06,0.0127349,0.01701,0.986798,0.00503661,-0.354717,-0.120351,0.536917],[-0.0225671,-0.00886325,-0.000254876,-0.0168192,-0.0471202,0.00659849,-0.135302,0.00137006,-0.00818015,-0.092102,0.000159024,0.00141653,-0.0411273,0.00204021,-0.00126307,0.000189118,-0.0558785,0.00133301,-0.00166723,-0.004515,-0.00543733,-0.00358176],[-0.00273538,-0.0303507,0.0043279,-0.00462944,0.00536782,0.0247154,-0.627841,0.00312477,0.0599251,0.0060247,-0.0109949,-0.00356243,-0.0843744,0.0056749,0.00645754,-0.0034035,-0.155814,-0.0717122,0.00175519,-0.0530646,-0.0374512,-0.00581601],[0.00944014,-0.00647788,-0.000919922,-0.0352248,-0.0107194,-0.0319903,-0.283751,0.00141303,-0.000566008,-0.0582865,0.00152228,0.00266844,0.0256915,0.00128234,-0.00178971,-0.000514952,-0.050924,-0.0195423,0.00223062,-0.00964864,0.00853376,-0.00563435],[-0.00309598,-0.00141027,-0.000391426,-0.00844508,-0.0193012,0.0153621,-0.0171753,9.22413e-06,0.00310878,-0.0482527,-0.000227927,0.00155589,-0.0172483,0.00053358,-0.000399293,0.000504104,-0.0139885,-0.00437622,-0.000470854,-0.0124583,0.000361255,-5.00212e-05],[0.00456703,0.0021608,0.000339467,0.010137,-0.0172795,0.0149513,-0.0738215,0.000162317,0.00398468,-0.0427733,-0.000832522,0.000915112,-0.0254718,0.000972948,-0.00146872,0.000451917,-0.0185797,-0.00550553,-8.11375e-05,-0.0118142,-0.00165646,-0.000968606],[-0.000426288,-0.00181893,-0.000533243,-0.00220405,-0.00198539,0.0590742,0.0332663,5.80818e-05,0.0126596,-0.210722,0.000146102,0.000527655,-0.0677954,0.00044528,0.00049364,-7.3157e-05,-0.00187803,0.00887223,2.17283e-05,-0.00232645,0.0014529,-0.00114747],[0.00100202,0.000819507,8.80111e-05,0.00380725,0.00444391,0.00110628,0.0524327,8.72354e-05,0.00136918,0.0130764,-6.44692e-05,-5.07809e-05,0.00108995,0.000501935,0.000411478,-5.52358e-06,0.00140413,0.00142757,-3.52969e-05,-0.0008635,0.000957657,-4.49095e-05],[-0.0495521,0.054663,0.0124194,-0.0704464,-0.254403,0.133806,-0.971458,0.0041702,-0.0603561,-0.97172,-0.0129986,0.00473644,-0.376986,0.0137389,0.0213648,-0.00178258,-0.215752,0.00736647,2.8908e-05,-0.20675,-0.0258219,0.00614696],[0.000173762,0.00377624,0.00164582,-0.00170624,0.00556833,0.0362414,0.16682,0.00086406,0.0853535,0.171554,3.48318e-05,-0.000396188,0.0322219,-0.0008714,0.00138982,0.000128432,0.00633166,0.01109,0.000532056,-0.00643989,0.00901942,-0.000322769],[-4.5273e-05,-0.000132708,-2.72092e-05,0.000309441,-0.000904411,-0.00286494,0.00309279,-1.11972e-05,-0.000140178,0.0491735,1.44972e-05,7.91719e-05,0.00481519,0.000229435,-4.7386e-05,1.12818e-05,-0.000265954,0.00303101,-4.15141e-06,-0.000184719,0.000981131,0.00013611],[-0.0482216,-0.00398178,-0.00101651,-0.114677,-0.0792553,-0.118835,-0.173235,0.00276848,0.0231621,-0.353901,-0.00119049,0.00348,-0.133049,0.00319984,-0.00142292,-0.00301474,-0.0741233,-0.0294872,-0.00107466,-0.00470095,-0.0434423,0.0114645],[-0.0379479,-0.0247054,-0.00123354,-0.126962,-0.018977,-0.150169,-0.054227,0.0019935,0.010277,0.0634969,0.00332819,0.00202862,-0.186776,0.00136724,0.00420977,-0.0023448,0.0204057,-0.0285121,8.9114e-05,0.0315801,-0.0198985,0.0163315],[-0.000641716,0.000685894,-2.95175e-05,-0.000209546,-0.00341253,0.000432003,0.0315295,-2.70213e-05,0.00165873,0.0288489,-8.21753e-05,9.27268e-05,0.052125,-0.000144296,0.000177572,-0.000131284,0.00106675,0.00690332,-0.000141512,-0.00138441,0.00126116,0.000507333],[-0.0420296,-0.0133097,-0.00338957,-0.213953,-0.149432,0.187671,-0.240425,0.00289593,-0.0165739,-0.233345,0.0108911,0.00936514,0.0571662,0.125807,0.00682898,-4.83046e-05,0.326944,-0.00790904,0.000287453,0.0954285,-0.0963844,-0.00908836],[-0.0650089,-0.0626601,0.00702425,-0.146747,-0.117443,-0.325737,0.145734,-0.00643733,0.255037,-0.362591,-0.0259695,-0.0307852,0.929854,-0.0229759,0.0598209,0.000800088,0.0202703,0.333932,-2.02092e-05,0.119372,-0.0591518,-0.0513473],[-0.051479,-0.00173879,0.00927749,-0.213254,0.0406881,0.0643798,0.307093,0.000230552,-0.0171462,-0.426897,0.00164509,-0.00607374,0.214105,-0.00114736,-0.00751834,-0.00214666,0.108726,0.00296655,-0.000121883,0.00366877,-0.0452904,-0.00636502],[0.00666472,0.00209485,0.00104235,0.0186836,0.0322601,-0.0299862,0.159105,0.0012388,0.00882253,0.0719861,0.000984488,-0.00174372,0.0514331,0.00115058,-0.000948241,-4.18665e-06,0.0359072,-0.0134285,-3.8055e-06,0.01447,0.00239548,-0.000218528],[0.00315332,0.00191396,0.000711616,0.0106855,0.00847968,0.0207797,-0.0257956,0.00037543,-0.0147469,-0.0669096,0.000354571,-0.000200689,0.0560525,-0.000415459,0.00174585,1.45893e-05,-0.00260247,0.123924,4.61536e-05,0.00404486,-0.000274416,0.0025894],[0.126238,-0.0306063,-0.00896857,0.462657,0.31971,-0.0544074,-0.553269,0.00731921,0.0179408,1.01064,0.0162782,0.000529143,0.223886,0.000306339,-0.0136703,-0.000986737,-0.145051,0.0953588,0.000879228,0.105299,-0.000526685,0.00126651],[0.000180806,0.00643162,0.00128036,0.0661328,0.0614936,-0.0130808,-0.0563839,0.000162867,0.00069796,0.0497659,0.00236585,0.00024974,0.13284,-0.00304906,-0.00855666,-0.000656063,-0.0346937,0.0188867,-0.000108457,0.0163608,0.0213433,0.00835688],[-0.0038584,-0.00588579,0.00280385,-0.00564211,-0.0492309,0.0155284,-0.221407,-7.6197e-05,0.000491776,0.544202,0.00236681,0.00736152,-0.130425,0.00265932,0.000398228,-0.00144581,-0.048461,0.0279618,0.000378074,-0.0206937,0.0204867,0.00337933],[0.00255229,-0.0162935,-0.00104613,-0.261357,-0.236455,0.0754568,1.39624,0.00344295,-0.190276,-0.849343,0.00727077,0.0108721,0.197719,0.00978809,0.0107012,0.00165693,0.128491,0.17711,-0.00077805,-0.138087,-0.0510403,0.0873522],[-0.0243529,-0.00248,-0.00024538,-0.0423884,-0.0372468,0.00250855,-0.0850278,0.00017329,-0.00905599,-0.0262036,-0.000521529,0.000951395,-0.0322237,0.0013421,-0.000128299,0.0003243,0.000673921,0.00650399,-0.000696851,-0.00444058,-0.00148558,-0.000937585],[0.045662,-0.00483459,0.00355559,0.0182276,-0.0439001,0.0735724,-0.252114,-0.00121651,0.00897464,-0.00958278,-0.00730484,-0.000775546,-0.00230203,0.00414051,0.00122536,-0.00386037,-0.0332329,-0.00684393,0.00160278,-0.00410104,-0.00747564,0.00073961],[-0.00917175,-0.00240572,-0.00271008,-0.0296876,-0.00987684,-0.00253719,-0.0951866,0.000142227,-0.00314397,0.0123259,0.000158863,-0.000574784,0.0276429,0.00118393,0.001824,-0.00100842,-0.0160193,0.00989806,7.25919e-06,-0.0149401,-0.00590594,-0.000889393],[-0.000357316,0.00019334,3.62203e-05,-0.00737929,-0.0061312,0.00352438,-0.00125825,0.000124609,-0.00180661,-0.00264167,-0.000148968,0.000480932,-0.002067,0.000721307,0.000307563,8.83628e-05,0.0038902,0.00446777,-0.000176931,-0.00200006,0.00173593,0.00020719],[0.0013807,0.000229163,0.000249225,-0.000723279,-0.0104295,0.00555494,-0.0351067,4.88429e-05,-0.000678099,-0.0116219,-9.6567e-05,0.00049316,-0.00271672,0.000390213,-0.000656747,0.000337889,-0.00189094,0.00331576,8.89653e-05,-0.00442782,0.00166442,-0.000232064],[-0.00147967,-0.000227973,-1.29501e-05,-0.00248576,-0.00341239,0.0222366,-0.00241254,2.0426e-05,0.00404155,-0.100852,0.000221003,0.000326007,-0.0344968,1.27353e-05,0.000363153,-9.647e-05,-7.23782e-05,0.00537051,-6.92103e-05,-0.00132663,-0.00130594,0.000147646],[0.000471223,0.000359573,1.00238e-05,0.00122502,0.000737121,0.000641612,0.0114929,4.17884e-05,0.000169878,0.00139023,-5.6636e-05,5.31067e-05,-0.0037076,0.000251125,0.00020049,-7.81171e-06,0.00065605,0.000485003,-1.70408e-05,-0.000660934,0.000292488,-1.69741e-05],[-0.0205153,0.00830725,-0.00542342,-0.0544866,-0.112857,0.0668541,-0.394113,-0.00199175,-0.0361078,-0.0434743,-0.00262918,0.00788777,-0.175283,0.00842156,0.0103505,-0.00209998,-0.0957126,0.0992586,0.00095178,-0.0897594,-0.0003706,-0.00865969],[-0.000174848,0.00181973,0.000366689,0.000187688,-0.0030714,0.0181969,0.0597441,0.000417897,0.0315811,0.0813691,-9.19459e-05,-0.000241239,0.00802893,-0.000280574,0.000863824,3.05379e-05,-0.00391936,0.00798858,0.000165272,-0.00459189,0.00528591,8.33794e-05],[-0.000471258,-3.42503e-05,-2.3652e-05,-0.00154757,-0.00143359,-0.00135328,0.00346101,1.17401e-06,-0.000243715,0.0203331,-7.58629e-06,7.93684e-06,0.0034647,0.000131794,-5.23587e-05,1.54971e-05,0.000132693,0.00130364,1.05301e-05,-0.000282508,0.000473367,0.000125694],[-0.0148866,0.00593657,0.000984332,-0.0433999,-0.0189931,-0.0183655,0.00809004,0.00136018,-0.0167113,-0.181128,-0.000186224,-0.000208848,-0.0546413,0.00262839,0.00152827,-0.000348212,0.0200669,-0.010098,-0.000680739,-0.00790728,-0.00627653,0.0102418],[0.000265158,-0.00497234,-0.000733201,0.0205111,0.0170313,-0.00282295,-0.0186925,-0.000690726,-0.00575704,-0.142752,-4.56287e-05,-0.00208328,-0.152929,-0.000161608,0.0042805,0.000825818,0.0152636,-0.036747,-8.44992e-05,-0.0213497,-0.00637652,0.00314962],[-0.000191604,0.000302967,-7.26175e-05,-0.000771356,-0.00153444,0.00104901,0.0156623,2.15414e-05,0.000656444,0.013445,-3.58664e-05,0.000130235,0.0170198,-6.27892e-05,0.000173719,-4.22762e-05,0.000598262,0.00201029,-2.03409e-05,-0.00127453,0.000614014,0.000285931],[-0.08674,0.00145623,-0.00167517,-0.219149,-0.000554132,0.0417119,0.082486,0.00377523,0.038441,0.0216356,0.000162839,-0.00710244,0.680607,0.0386339,-0.0142295,0.00129337,0.0647349,-0.0994032,-0.00130298,0.061668,-0.0705006,-0.0136863],[0.00859346,-0.0250369,0.0142098,-0.0238196,0.0182826,-0.251905,0.0892981,0.00169236,0.120676,0.841865,-0.014343,-0.0204704,1.14634,-0.0215846,-0.00332233,0.00285082,0.0958969,0.161326,0.000246788,0.115836,0.0850969,-0.0324384],[-0.00321515,0.0193716,0.0103631,-0.110977,-0.0328285,0.0486645,0.0769823,-0.00159648,-0.0102331,-0.392413,0.00204392,0.0020135,-0.0116523,-0.000459155,0.00162404,-0.002728,-0.0136953,-0.0485788,0.00103831,-0.00959509,-0.00923401,0.00527097],[-0.00421133,-0.00207406,0.0011572,-0.00274496,0.00669455,-0.00879998,0.0262628,0.000130565,0.000689287,0.00865892,0.000177843,0.000288506,-0.00685848,0.00084388,-0.000334132,-0.000391661,-0.0131231,-0.00579381,0.000188245,0.00229411,-0.00287044,2.01656e-05],[0.00356864,0.00135882,0.000718136,0.00784027,0.0040249,0.0114462,-0.0256791,0.000266461,-0.00520246,-0.0450453,0.000438198,0.000237188,0.0336836,-0.000428972,0.000586263,-5.58712e-05,-0.000376114,0.0502852,2.24839e-05,0.00138444,0.00131174,0.00162046],[-0.0932674,-0.00487256,-0.00259995,-0.200066,-0.0289876,-0.0267182,-0.428541,0.00413153,0.0237961,0.385877,0.00629492,0.00299985,-0.000351935,-0.000120963,-0.00500346,0.00132715,-0.0140138,0.0241726,0.000479898,-0.0110527,-0.017224,0.0069162],[0.000579399,0.00362462,-0.000211715,0.0389548,0.0294378,0.00291003,-0.0625378,0.000155939,0.00244299,-0.0849504,0.000192146,0.0013388,-0.00530821,-0.00171693,-0.00458959,0.000639745,-0.0197145,-0.00819068,-0.000647232,-0.00806795,0.00491854,0.00224166],[0.00375779,0.00351922,0.00227385,-0.0149591,-0.0569558,0.0119349,-0.0221501,5.29316e-05,-0.0069813,0.327213,0.000728779,0.00183766,-0.0289037,0.00260375,-0.0010904,0.00124044,0.0561923,0.047039,0.000539252,-0.00550783,0.0127253,0.0022244],[-0.00192161,-0.0106909,0.00512639,-0.112995,-0.0864677,0.0130348,0.579869,0.00402756,-0.142603,-0.566013,0.00278257,0.00241936,-0.0296374,0.00816341,0.0102192,0.000212663,0.0110909,0.0286614,0.000358758,-0.0588208,-0.0536852,0.00872221]],"sigmahat":[[2.53088,0.616173,0.132575,4.70086,4.51193,2.80714,12.0825,0.0673881,2.8403,9.6473,-0.0182893,-0.126073,12.8177,0.634721,1.30352,-0.0126867,1.01713,16.2975,0.0233703,0.482702,0.854437,-0.224805],[0.616173,0.583099,0.10418,1.39205,1.33365,0.35026,1.31166,0.0452263,-0.304749,2.92094,-0.0109583,-0.0199918,1.39788,-0.0627878,-0.0929132,0.0158866,0.342124,-0.426166,0.00420323,-0.250827,0.273858,0.0614129],[0.132575,0.10418,0.156516,0.462782,0.758105,-0.0122376,0.899428,0.0390155,0.220413,2.29209,0.00788276,-0.0102323,1.10323,0.0162242,-0.0833832,0.00115113,-0.0888976,-0.14532,0.00875215,0.0269251,0.0698626,0.0243667],[4.70086,1.39205,0.462782,20.3852,17.5894,5.27223,28.6064,0.253883,6.18225,40.6878,0.0528065,-0.373279,35.7602,1.2625,2.51683,0.0140737,-3.0854,34.0573,0.0374147,1.48558,2.44833,-0.307067],[4.51193,1.33365,0.758105,17.5894,27.1018,0.103883,32.1146,0.440373,6.34565,66.4269,0.257453,-0.493985,38.7009,0.603245,1.48109,-0.0117921,-2.50741,23.5171,0.100918,2.87525,3.47852,0.0380094],[2.80714,0.35026,-0.0122376,5.27223,0.103883,203.697,334.159,-0.166896,81.8042,237.534,-0.1558,0.146257,378.991,69.008,84.9169,-0.0133025,7.41974,1101.22,-0.0552552,-4.11808,3.3958,-8.42608],[12.0825,1.31166,0.899428,28.6064,32.1146,334.159,1323.41,0.86338,164.895,921.125,0.748148,-0.743622,939.544,138.047,167.602,-0.177622,48.0695,2157.39,-0.256941,-3.32961,15.8687,-7.44576],[0.0673881,0.0452263,0.0390155,0.253883,0.440373,-0.166896,0.86338,0.0286681,0.0550381,2.33383,0.00372724,-0.0122253,0.574784,-0.00889206,-0.0836595,0.00119782,-0.0302154,-0.738297,0.00181288,0.0105517,0.0722663,0.039434],[2.8403,-0.304749,0.220413,6.18225,6.34565,81.8042,164.895,0.0550381,56.3569,198.847,0.109803,-0.12985,174.135,32.2889,38.9563,-0.031439,4.65236,474.609,0.125846,0.24843,3.43016,-5.60492],[9.6473,2.92094,2.29209,40.6878,66.4269,237.534,921.125,2.33383,198.847,2301.1,1.75147,-0.548413,910.425,176.379,178.352,-0.105398,46.7156,2075.36,0.653637,-9.90979,27.4735,-16.8034],[-0.0182893,-0.0109583,0.00788276,0.0528065,0.257453,-0.1558,0.748148,0.00372724,0.109803,1.75147,0.0550252,0.0281423,1.23242,-0.012081,0.0217938,0.000316016,-0.00755011,0.635734,0.00313829,0.0977355,0.0620825,0.0603742],[-0.126073,-0.0199918,-0.0102323,-0.373279,-0.493985,0.146257,-0.743622,-0.0122253,-0.12985,-0.548413,0.0281423,0.067706,-1.143,0.00569051,6.48485e-05,0.00123125,-0.130757,-0.283222,-0.000529592,-0.255024,-0.0571094,0.0648079],[12.8177,1.39788,1.10323,35.7602,38.7009,378.991,939.544,0.574784,174.135,910.425,1.23242,-1.143,1456.19,141.238,207.124,-0.236353,6.36328,2929.67,-0.318837,8.79212,22.5455,-0.831496],[0.634721,-0.0627878,0.0162242,1.2625,0.603245,69.008,138.047,-0.00889206,32.2889,176.379,-0.012081,0.00569051,141.238,31.6687,35.1672,-0.013793,6.64816,426.225,-0.00519888,-1.7178,0.369746,-4.33959],[1.30352,-0.0929132,-0.0833832,2.51683,1.48109,84.9169,167.602,-0.0836595,38.9563,178.352,0.0217938,6.48485e-05,207.124,35.1672,43.933,-0.0188293,4.69246,558.225,-0.0350697,-1.1436,1.60439,-3.95847],[-0.0126867,0.0158866,0.00115113,0.0140737,-0.0117921,-0.0133025,-0.177622,0.00119782,-0.031439,-0.105398,0.000316016,0.00123125,-0.236353,-0.013793,-0.0188293,0.0134374,0.0461775,-0.257531,-0.000434266,-0.0389581,-0.0103831,0.00898896],[1.01713,0.342124,-0.0888976,-3.0854,-2.50741,7.41974,48.0695,-0.0302154,4.65236,46.7156,-0.00755011,-0.130757,6.36328,6.64816,4.69246,0.0461775,17.6713,40.3927,-0.0041879,0.981392,-1.18438,-1.32524],[16.2975,-0.426166,-0.14532,34.0573,23.5171,1101.22,2157.39,-0.738297,474.609,2075.36,0.635734,-0.283222,2929.67,426.225,558.225,-0.257531,40.3927,7418.31,-0.686513,-7.41259,27.6526,-36.0672],[0.0233703,0.00420323,0.00875215,0.0374147,0.100918,-0.0552552,-0.256941,0.00181288,0.125846,0.653637,0.00313829,-0.000529592,-0.318837,-0.00519888,-0.0350697,-0.000434266,-0.0041879,-0.686513,0.00748057,0.00319669,0.0133025,-0.0124089],[0.482702,-0.250827,0.0269251,1.48558,2.87525,-4.11808,-3.32961,0.0105517,0.24843,-9.90979,0.0977355,-0.255024,8.79212,-1.7178,-1.1436,-0.0389581,0.981392,-7.41259,0.00319669,4.45025,0.474724,-0.260188],[0.854437,0.273858,0.0698626,2.44833,3.47852,3.3958,15.8687,0.0722663,3.43016,27.4735,0.0620825,-0.0571094,22.5455,0.369746,1.60439,-0.0103831,-1.18438,27.6526,0.0133025,0.474724,2.47047,0.16381],[-0.224805,0.0614129,0.0243667,-0.307067,0.0380094,-8.42608,-7.44576,0.039434,-5.60492,-16.8034,0.0603742,0.0648079,-0.831496,-4.33959,-3.95847,0.00898896,-1.32524,-36.0672,-0.0124089,-0.260188,0.16381,1.93748]],"n":22,"lags":3}