{"betahat":[[4.488,2.04292,-36.235,3.20054,7.36593,0.933921,1.26516,5.39551,6.92793,-4.15348,0.786575,-1.02504,-0.384682,-0.952414,0.548537,7.5586,2.63464,11.8256,15.8628,0.667184,9.64122],[0.670975,0.00642692,0.653741,-0.0216896,-0.206891,0.00482527,0.0422735,0.00245196,-0.0198077,0.0780609,-0.00180177,0.0304517,0.0260784,0.0259921,0.0257928,0.015628,0.0292233,-0.114706,-0.0876797,0.0180472,-0.291544],[-0.000871786,0.542397,-0.0138455,-0.169511,0.0620675,0.0772492,-0.0353033,0.0294765,-0.249657,-0.115694,0.00408419,-0.000359917,-0.0578294,-0.020807,-0.0745063,0.00217525,-0.0452493,-0.0111582,-0.0282768,4.96173e-05,0.0776787],[-0.0297881,-0.0159759,0.575394,-0.0161933,0.0058143,-0.0505681,-0.00331279,-0.00689521,-0.0106642,-0.00299234,0.000389023,0.00114887,-0.00510287,0.00110335,-0.00267859,-0.00531422,-0.00518904,0.0208258,0.0176827,0.000600603,0.100607],[-0.0282418,0.309186,0.139449,0.765477,-0.201741,-0.0291534,-0.00184117,-0.0152308,-0.0428903,-0.0320158,0.00976561,-0.00655126,-0.00739535,-0.0178262,-0.0198905,0.143568,0.081664,-0.0595765,-0.20347,-0.00172151,-0.792606],[-0.0127141,0.0400229,0.739762,-0.0498041,0.797952,-0.0431221,0.0207325,0.00185933,-0.0959092,0.0260244,-0.00495898,0.00137229,-0.000181336,0.00499983,-0.00783564,0.0309789,0.013716,0.0279505,0.0300012,0.00593027,-0.30141],[0.0355992,0.0533815,-0.103951,0.0551226,0.00703011,0.921435,-0.013967,-0.0111493,0.00624084,-0.0489009,-0.00362296,-0.00948539,-0.0128003,-0.0110211,-0.0108098,0.0266869,-0.0333568,0.0191845,0.00370546,-0.00329414,0.0705872],[-0.174998,0.11164,1.53649,0.218483,-0.577644,-0.258594,1.00863,-0.130559,0.0729999,0.00494444,0.00665854,-0.0274427,0.020246,-0.0188194,-0.03807,-0.012282,-0.0111687,0.082967,-0.0195481,-0.0116365,-0.358871],[0.155587,0.359004,1.30634,-0.179958,0.235236,0.435917,-0.161384,0.185105,-0.120868,-0.143399,-0.022887,0.0671888,-0.0103756,0.0325847,-0.0272419,-0.0678417,-0.0382097,-0.0363225,-0.278816,0.0222773,-0.277437],[0.0347502,0.0188381,1.38537,0.0853223,0.161948,0.325329,0.0212009,-0.0130903,0.848023,-0.0233264,-0.00893664,-0.0125767,0.00313814,-0.00680194,0.00250262,0.0084174,0.0138536,0.0547654,0.0692409,0.00618663,1.00614],[0.0327973,-0.050627,-1.84102,0.0910727,0.448832,0.270643,-0.0272873,0.144807,-0.223325,1.01638,0.00345028,-0.0283501,-0.0372812,-0.0371915,-0.0137848,-0.00409269,-0.181039,0.0628408,0.321961,-0.0362145,-1.35224],[-0.537068,0.645037,5.63929,0.292304,0.224855,1.16071,1.17624,-0.026067,-2.17901,-1.85006,0.646296,0.175429,0.451309,0.279229,0.453114,-0.0735885,1.80236,-0.14901,-1.52016,-0.128692,-1.89507],[-0.525169,-0.266568,0.551423,-0.898715,-1.73608,-2.31488,-0.467062,-0.121145,-1.04298,0.68088,-0.026364,0.994039,-0.123896,0.103411,0.00405234,0.291074,-0.47992,0.304723,-0.559673,0.145451,2.67297],[-0.418217,0.418942,-0.344655,-0.0783626,-0.50709,-0.571792,-0.0192778,0.156891,-0.494173,0.19341,0.0117258,-0.0206664,0.962659,-0.036154,0.117368,-0.0214297,-0.0491183,-0.0857209,0.242824,0.00979721,3.33119],[0.0856082,0.446767,4.40608,0.647739,-1.75414,-0.658201,-0.225352,0.161515,-0.0645955,-0.076505,-0.0783725,0.312784,0.0782938,1.14837,-0.145313,-0.27785,0.0841446,-0.166447,0.499893,-0.0483199,-2.11982],[-0.232101,-0.783788,2.04875,-0.477558,0.405247,0.492252,0.176069,0.347896,-0.371379,0.519896,0.0250935,0.143635,0.103481,0.257211,1.02021,0.212525,0.419149,-0.423515,0.17026,0.020885,-1.77471],[-0.089591,0.264574,-2.64631,-0.173483,-0.336601,-0.474595,0.0179692,-0.180027,0.755426,0.177728,0.01961,-0.0129689,0.0358243,-0.00309937,0.0620275,0.990672,-0.00502013,0.0155118,0.0841105,0.023213,-0.441519],[-0.0658811,0.108045,-0.777034,-0.149992,-0.182899,-0.324842,-0.2447,0.0923705,-0.255201,-0.0501208,0.00679247,0.0238567,0.0240007,0.0214604,0.0160851,0.0163269,0.681892,-0.0234046,-0.0385088,0.0363354,0.443601],[0.126673,0.0846462,1.20195,-0.484234,0.576702,0.684389,-0.105944,-0.198741,0.228979,-0.0790043,0.021105,-0.0227551,-0.107966,-0.0394181,-0.122846,0.22941,-0.140427,1.01791,-0.275688,0.0327213,-1.71182],[0.203932,-0.107872,0.759834,-0.405517,0.119168,0.215401,-0.202745,0.0326581,0.0757635,0.137355,0.0131201,0.0180688,-0.0248928,-0.00581713,-0.00174584,-0.119479,-0.177543,0.225643,0.412647,0.00940777,2.09591],[0.191117,1.05648,-1.23905,1.56087,0.010254,-1.36806,0.502912,0.394923,-3.79075,0.6583,-0.0853699,0.0548095,0.426345,0.119141,0.450864,-0.046687,-0.186355,-0.492353,-2.01142,0.77425,-5.10445],[-0.00223135,-0.0384387,-0.198606,0.0321416,0.0547451,-0.0267467,-0.0283566,-0.0111586,0.136276,0.00985079,0.000530254,-0.00045045,-0.0151806,-0.000731248,-0.0154876,-0.00681748,-0.00918061,0.0226435,0.067255,-0.00742667,-0.359903],[0.119089,-0.0424338,-1.14602,0.00785295,-0.0570237,-0.346709,-0.0125339,0.0204427,0.0975705,-0.115755,-0.000749353,-0.0229748,-0.033046,-0.0243881,-0.0352862,-0.00499747,-0.0100498,0.0181128,0.0454783,-0.0215979,-0.225272],[-0.0318583,0.211782,-0.062403,-0.051532,0.0107168,-0.0439245,0.0496989,-0.0496285,0.0583774,0.0616629,-0.0103069,-0.00939788,0.0293137,0.00798353,0.0390103,0.00547845,0.0134422,-0.00341379,-0.016123,-0.0187697,-0.565261],[0.0280837,0.0226128,0.201876,-0.00946631,0.00487614,0.0411985,0.00370147,0.0027647,0.0153886,-0.00676622,0.000981228,-0.000906758,0.000102534,-0.00126329,-0.00328633,0.00619605,0.00349708,-0.00679065,-0.009636,0.00022535,0.0392512],[0.0741167,-0.118632,-0.938115,0.0890333,0.235613,-0.0420676,-0.0340405,-0.0058543,0.163625,0.0667607,-0.00516875,-0.00453724,0.00192186,0.00606923,0.00800323,-0.078711,-0.0769001,0.0784128,0.157109,0.0110964,0.912775],[0.0139034,-0.0379735,-0.409289,0.0539122,0.142385,-0.0163563,0.000453816,-0.0040026,0.0261764,-0.0305641,0.00142054,2.26051e-05,0.000162224,-0.00188487,0.00884333,-0.01381,0.00387036,-0.0115866,-0.0157421,-0.0063449,0.260768],[0.0124608,-0.0320466,0.0527181,-0.0651021,0.0492429,0.074547,0.0272291,0.00179106,-0.0268323,0.0228293,0.0043569,0.00618177,0.00238866,0.00687181,0.00369823,-0.0204278,0.0312673,-0.00162946,0.00221592,-0.000732113,0.0825061],[0.0651907,-0.0697185,-0.492865,-0.147581,0.159879,0.0475755,-0.0455458,0.0660644,0.0459664,-0.0564211,-0.000721159,0.0346535,0.0155079,0.0376697,0.0393732,0.0449349,0.0130996,0.0146542,0.0525073,0.00885987,0.0415851],[-0.0760889,-0.00818853,0.0999478,-0.0194321,0.18341,0.364894,-0.323529,0.231831,0.0608124,0.134971,0.00410879,-0.00595323,0.00347491,-0.0180572,-0.0342883,0.0265563,-0.337534,-0.0794482,-0.11672,-0.0148578,-1.03948],[-0.117528,-0.0276375,-1.2348,-0.125123,-0.173005,-0.241781,0.0132876,0.0147672,0.0941636,0.00821723,0.0108133,0.0049882,0.0134591,0.000506183,0.00470734,0.000340284,0.0227253,-0.0303148,-0.0203822,-0.00380829,-0.606726],[0.157427,0.0874031,2.90882,0.185989,-0.262354,0.178398,0.0570986,-0.10434,0.214032,-0.112559,0.0225479,0.00416012,0.0461094,0.017518,0.0121124,-0.0391902,0.119773,-0.0918942,-0.236777,0.037734,1.40581],[-0.264007,-1.28724,-5.50223,0.560282,-1.79849,-2.57395,-1.00826,0.56431,1.16232,1.81451,-0.148596,0.185915,-0.356488,0.0115812,0.00147538,-0.121314,-0.872873,0.302179,0.851014,-0.0413219,-1.82791],[-0.330168,-0.0261292,-0.92296,-0.133127,0.196314,-0.300145,0.105475,0.077967,0.0196135,-0.0535397,0.0453141,-0.14787,-0.0561124,-0.080425,0.0674195,0.272481,-0.0556592,0.490339,0.121109,-0.049105,-0.514792],[0.677649,-0.18964,-1.62131,-0.024945,1.17503,0.715992,0.116324,-0.584349,-0.68238,0.318801,0.0532564,0.0771274,-0.0688847,0.0225649,-0.0410753,-0.131351,0.190427,-0.121405,0.0245127,0.00451648,-1.60464],[-0.129207,0.179485,-0.393893,0.206029,0.267786,0.283011,0.588129,-0.188516,-0.0961182,-0.349481,0.040464,-0.174005,0.0393934,-0.209188,-0.0104654,-0.0891755,0.345689,-0.388517,0.0025686,-0.0601219,0.592221],[0.428238,0.247691,4.03657,0.0390907,0.367798,0.605108,-0.222019,-0.504956,0.887232,-0.248461,0.00985075,-0.0324073,-0.0111081,-0.00187444,-0.192806,-0.0777495,-0.219537,0.0822642,0.0660164,0.0593296,0.624334],[-0.126142,-0.187597,2.0037,0.335097,0.505433,0.623618,0.131893,0.0296278,-0.716909,-0.105179,-0.0193878,0.0106697,-0.00352503,-0.00305047,-0.0332598,-0.00104803,0.147815,0.0865277,-0.122322,-0.0138818,-0.429391],[-0.114829,-0.0857142,0.33959,0.00677153,0.122632,0.388432,0.252372,-0.173318,0.181922,0.00310154,0.00276733,-0.0123459,0.0381844,-0.00408062,0.0128229,0.00370108,0.349272,0.105259,0.0830811,-0.0156629,-0.574122],[0.122733,-0.0660748,0.480358,0.655863,-0.0868399,-0.200528,0.075479,0.350138,0.727755,0.0835929,-0.0321399,0.00327504,0.00700972,0.018073,0.0248656,-0.331374,0.251609,-0.164988,0.269021,-0.0490455,0.386121],[-0.183417,0.0562229,-0.0586207,0.1579,-0.371534,-0.412556,0.188753,0.0207618,-0.0526641,-0.119318,-0.00862541,-0.00921095,0.0494204,0.0116421,0.0102358,0.0353101,0.170513,-0.100099,-0.0918442,0.015556,-0.709122],[-0.604066,-0.879553,8.87717,-1.35904,-1.45013,0.464161,-1.0296,-0.187707,2.46867,-0.1783,0.112812,-0.0920693,-0.277849,-0.104901,-0.468362,0.187756,-0.711041,0.918902,0.490915,0.0193867,1.50511],[-0.00173015,-0.0347968,-0.0715655,-0.0120422,0.0577681,0.0567393,-0.0144633,0.00227101,-0.0129028,0.0276712,-0.000696133,0.00135738,0.00132503,0.000906767,0.0033386,-0.0104508,-0.0231571,0.00855723,0.044188,-0.00380992,-0.216119],[0.209773,0.0362182,0.493826,0.0138347,0.263454,0.341757,-0.0295333,-0.0229603,-0.0787774,0.0376444,0.00254521,-0.00740269,0.00706072,-0.00153315,0.009547,-0.0107351,-0.0190101,0.0974742,0.0427446,0.00356385,0.516029],[0.032793,0.245133,0.0768419,0.220819,-0.0732159,-0.0336465,-0.0141845,0.0201346,0.189909,0.0544662,0.0062087,0.0098929,0.0285653,0.0129532,0.0354742,-0.00822347,0.0319785,0.0166959,0.046262,0.0187541,0.487737],[0.000491125,-0.00575615,0.204466,0.0263,-0.0118755,0.00677769,-0.000625479,0.00373735,-0.00503198,0.00986533,-0.00145593,-0.000277877,0.00471589,2.55353e-05,0.00577663,-0.00106828,0.00150174,-0.0141411,-0.00809924,-0.00117176,-0.144698],[-0.0470355,-0.190434,0.795113,0.144213,-0.0342951,0.0712494,0.0362574,0.0213067,-0.121321,-0.0342728,-0.0045759,0.0112297,0.00565469,0.0119082,0.0120619,-0.065107,-0.0044218,-0.0159921,0.0485279,-0.00938596,-0.124485],[-0.00154912,-0.0022728,-0.328887,-0.00423449,0.0582307,0.0582762,-0.0212798,0.00244329,0.0687229,0.00462043,0.00351471,-0.0012508,-2.30031e-05,-0.00295416,-0.00106089,-0.0174271,-0.0175396,-0.0152079,-0.0135465,0.000390414,0.0397484],[-0.0487019,-0.0213742,0.0489556,0.00946925,-0.0579828,0.00184334,-0.0135329,0.00958349,0.0192387,0.0260165,-0.000767511,0.00348189,0.0103026,0.00432547,0.00702786,-0.00658999,0.00189974,-0.0162993,-0.00520355,0.00394297,-0.155754],[0.108298,-0.0423401,-1.04822,-0.0714488,0.415712,0.208762,0.0359257,0.0654784,-0.121008,0.0518877,-0.00600485,-0.0067949,-0.0356027,-0.0183602,-0.000966404,-0.0335767,-0.00234815,-0.0934151,-0.0300649,0.00273484,0.312467],[0.215123,0.122836,-0.271775,-0.10637,0.00880132,-0.102312,-0.0334296,0.0326467,-0.00492219,0.0877863,-0.0281445,-0.0371304,-0.0526975,-0.0391732,-0.0287443,0.0566833,0.00108114,-0.0980878,-0.127041,-0.00335805,-0.402641],[0.0821988,0.00911349,-0.146436,0.0402492,0.0141808,-0.0797229,-0.0301858,-0.00474627,0.052987,0.0158059,-0.00147096,0.00770866,-0.0155684,0.0064436,-0.00671543,-0.0100124,-0.0335532,-0.0177697,-0.0415038,-0.00251637,-0.386983],[-0.190637,-0.0363738,-1.06903,-0.276801,-0.186533,-0.449472,-0.0294538,-0.040857,0.00904474,0.095822,-0.0260123,0.0241409,-0.00884846,0.0195719,0.00154716,0.0433194,0.0613335,0.0299912,-0.0843654,-0.00161357,-0.0554746],[0.000651164,0.747552,-1.08241,1.37033,1.78438,3.16472,0.245942,-0.927004,-0.794493,-1.10821,0.0217698,-0.107529,0.125279,-0.159388,-0.0378184,0.179358,-0.573509,0.11496,0.101788,0.000657204,4.9789],[-0.0433607,-0.304923,-1.00941,0.228267,-0.257851,-0.132336,-0.0898084,0.260271,0.175978,0.113019,-0.0087574,-0.0444289,0.0580441,-0.0161956,0.0850369,0.0734554,-0.0590257,0.484764,0.638779,0.00517469,0.417354],[0.118026,-0.107119,-0.805872,-0.100638,0.48994,0.596529,-0.095487,0.319861,0.38899,-0.245508,-0.0306055,-0.0172078,-0.0479154,-0.020444,-0.00869777,-0.117587,-0.0563027,0.0375166,-0.188578,-0.00141186,-1.20446],[0.40777,-0.155955,-1.44086,0.468298,0.642895,0.381805,0.168917,0.0292893,0.534716,-0.23478,-0.00126443,-0.0809874,0.0110419,-0.119452,-0.0222385,-0.1774,0.0796337,-0.0761853,0.279308,-0.0379895,-0.691606],[-0.0840728,0.521775,-4.15954,-0.332912,0.620772,0.669427,-0.0611979,0.158633,-0.0234191,-0.566925,-0.0125656,-0.0916096,-0.0139038,-0.100165,0.0349074,0.15532,-0.139563,0.131125,-0.20621,0.0210723,-0.876204],[0.214694,-0.0780415,0.643215,-0.160623,-0.169083,-0.148873,-0.14922,0.149703,-0.0401132,-0.0722838,-0.00026609,0.0025048,-0.0320107,0.00637495,-0.0287488,0.00885379,-0.142344,-0.097666,0.0419985,-0.00922974,0.871079],[0.180052,-0.0232624,0.437551,0.141763,0.0593313,-0.0643361,-0.00808162,0.0815934,0.0702207,0.0474086,-0.0095482,-0.011212,-0.0620057,-0.0169764,-0.0286286,-0.0204654,-0.0316195,-0.077404,-0.0418322,-0.0206064,0.129575],[-0.259985,-0.047449,-1.25949,-0.189629,-0.556904,-0.491846,0.0145188,-0.153025,-0.886105,0.0158908,0.00912383,0.0226518,0.0958975,0.0289262,0.0906823,0.0571761,-0.129599,-0.58211,0.210725,0.0147392,1.65139],[0.012682,0.0251596,-0.244782,0.302777,0.323697,0.309844,0.0555071,-0.0764287,0.0331174,0.00210261,-0.0114764,-0.0115962,-0.0139458,-0.00838696,-0.00293014,0.0406645,0.0187215,-0.0264033,-0.124296,-0.0280446,-1.37726],[-0.613272,-0.967186,-0.802732,-0.126502,-2.25841,-2.42358,0.0955975,-0.103248,1.76867,0.0497532,-0.106634,-0.117044,-0.137683,-0.11454,-0.110124,-0.170332,0.0539467,-0.32472,0.392705,0.102636,4.33783],[0.0154003,-0.00979293,-0.046706,0.00414674,0.0608382,0.047014,-0.00904253,-0.00680522,0.000255388,0.0040519,-0.00182565,-0.000871029,-0.00225867,-0.0017274,-0.00115626,0.00154982,-0.0120146,-0.000657411,0.0131013,-0.000177289,-0.0782083]],"sigmahat":[[0.616587,-0.0189586,1.02433,0.176349,0.553503,0.500366,-0.0786366,0.0135421,-0.0737586,0.0220239,-0.00322577,-0.000229289,-0.0407351,-0.00464816,-0.020704,-0.0193526,-0.0672952,-0.00675019,-0.0091614,0.0154442,0.592531],[-0.0189586,0.395331,-0.128665,-0.0773507,-0.188263,-0.154676,-0.016262,-0.00933275,0.13589,-0.00942658,0.00796351,-0.00599366,0.00790849,-0.0100161,0.0122092,0.0716366,-0.00537541,-0.0012413,-0.057777,-0.00733756,-0.088158],[1.02433,-0.128665,19.7669,0.570022,-0.317832,1.77765,-0.111036,0.17924,-0.165175,0.0425548,0.0168883,0.0364903,0.0204392,0.0791769,-0.025294,0.0325875,-0.0532406,0.241985,-0.0117259,0.102275,4.19878],[0.176349,-0.0773507,0.570022,0.533044,0.220751,0.235023,-0.00776863,-0.00882604,-0.0483809,-0.0120314,-0.00766151,-0.000129648,0.00934022,-0.00210548,0.0133523,-0.0894033,-0.019411,-0.0160037,0.0274463,0.0092532,0.582534],[0.553503,-0.188263,-0.317832,0.220751,1.81854,1.59676,0.10151,-0.0940698,-0.282842,0.00581988,-0.000589651,-0.014966,0.00983071,-0.0209819,0.0201682,-0.0369513,0.0627121,-0.00667358,-0.00659878,0.00889371,-0.462353],[0.500366,-0.154676,1.77765,0.235023,1.59676,2.10689,0.130167,-0.0655235,-0.364778,-0.00946942,0.00340553,-0.0132867,0.0450602,-0.0167653,0.0433986,-0.0135435,0.0984791,0.0360262,-0.00248729,0.0312918,0.227655],[-0.0786366,-0.016262,-0.111036,-0.00776863,0.10151,0.130167,0.246088,-0.0767392,-0.198127,-0.000812516,0.0118064,-0.00833382,0.0567256,-0.00879265,0.036344,0.0165186,0.193631,-0.010715,0.00618873,0.005013,0.135594],[0.0135421,-0.00933275,0.17924,-0.00882604,-0.0940698,-0.0655235,-0.0767392,0.178368,0.0440132,-0.0151225,-0.00900088,0.00349663,-0.0186054,0.00615066,0.00351435,0.0138893,-0.0574562,-0.00251458,-0.0325909,-0.00212471,-0.317671],[-0.0737586,0.13589,-0.165175,-0.0483809,-0.282842,-0.364778,-0.198127,0.0440132,1.28365,0.072744,-0.000197787,-0.0117162,-0.0382922,-0.00591079,-0.0509993,-0.111086,-0.0945273,0.0775907,0.142603,-0.0248616,-0.601894],[0.0220239,-0.00942658,0.0425548,-0.0120314,0.00581988,-0.00946942,-0.000812516,-0.0151225,0.072744,0.133887,-0.000936234,0.00289565,-0.000108672,0.00436922,0.00270833,-0.0268883,0.0212784,0.0136151,0.0466221,-0.00281948,-0.10677],[-0.00322577,0.00796351,0.0168883,-0.00766151,-0.000589651,0.00340553,0.0118064,-0.00900088,-0.000197787,-0.000936234,0.00567802,-0.000710106,0.00519175,-0.00042053,0.00235631,0.00140872,0.00831584,-0.00239949,-0.00130146,0.000323609,0.110561],[-0.000229289,-0.00599366,0.0364903,-0.000129648,-0.014966,-0.0132867,-0.00833382,0.00349663,-0.0117162,0.00289565,-0.000710106,0.00559913,-0.000663602,0.00414568,-0.000296297,-0.00346619,-0.00438606,0.00081319,0.00366836,0.000326391,-0.0197794],[-0.0407351,0.00790849,0.0204392,0.00934022,0.00983071,0.0450602,0.0567256,-0.0186054,-0.0382922,-0.000108672,0.00519175,-0.000663602,0.0321749,0.00114615,0.0217134,0.00284732,0.0416687,-0.00665923,0.00810566,0.00248263,0.0944722],[-0.00464816,-0.0100161,0.0791769,-0.00210548,-0.0209819,-0.0167653,-0.00879265,0.00615066,-0.00591079,0.00436922,-0.00042053,0.00414568,0.00114615,0.00692969,0.000915716,-0.00347279,-0.00421219,0.00134953,0.00459031,0.000353229,-0.00288793],[-0.020704,0.0122092,-0.025294,0.0133523,0.0201682,0.0433986,0.036344,0.00351435,-0.0509993,0.00270833,0.00235631,-0.000296297,0.0217134,0.000915716,0.0237258,0.00819758,0.0236503,-0.00617251,-0.00151077,0.00258623,0.0453949],[-0.0193526,0.0716366,0.0325875,-0.0894033,-0.0369513,-0.0135435,0.0165186,0.0138893,-0.111086,-0.0268883,0.00140872,-0.00346619,0.00284732,-0.00347279,0.00819758,0.107302,0.01006,-0.0289758,-0.0922701,0.00322553,-0.193484],[-0.0672952,-0.00537541,-0.0532406,-0.019411,0.0627121,0.0984791,0.193631,-0.0574562,-0.0945273,0.0212784,0.00831584,-0.00438606,0.0416687,-0.00421219,0.0236503,0.01006,0.205431,-0.0116265,-0.0111169,0.0057012,0.00517083],[-0.00675019,-0.0012413,0.241985,-0.0160037,-0.00667358,0.0360262,-0.010715,-0.00251458,0.0775907,0.0136151,-0.00239949,0.00081319,-0.00665923,0.00134953,-0.00617251,-0.0289758,-0.0116265,0.261138,0.153062,0.00125746,0.279717],[-0.0091614,-0.057777,-0.0117259,0.0274463,-0.00659878,-0.00248729,0.00618873,-0.0325909,0.142603,0.0466221,-0.00130146,0.00366836,0.00810566,0.00459031,-0.00151077,-0.0922701,-0.0111169,0.153062,0.308045,-0.0055811,0.35405],[0.0154442,-0.00733756,0.102275,0.0092532,0.00889371,0.0312918,0.005013,-0.00212471,-0.0248616,-0.00281948,0.000323609,0.000326391,0.00248263,0.000353229,0.00258623,0.00322553,0.0057012,0.00125746,-0.0055811,0.00763069,0.162516],[0.592531,-0.088158,4.19878,0.582534,-0.462353,0.227655,0.135594,-0.317671,-0.601894,-0.10677,0.110561,-0.0197794,0.0944722,-0.00288793,0.0453949,-0.193484,0.00517083,0.279717,0.35405,0.162516,14.8807]],"n":21,"lags":3}