{"betahat":[[0.0490236,0.0634541,0.0855876,0.0514031,0.0157493,0.0672764,0.0353508,0.110136,0.562219,0.0287377,-0.0103313,-0.00349428,-0.0420453,0.00292005,-0.00283731,0.448997,0.628354,0.0887449,0.245025,-0.0182576,0.457815,2.21716,0.00796015],[-0.0196148,-0.0253752,0.287939,0.0198108,-0.0537687,-0.0303435,-0.00857956,0.00437501,0.079688,0.0563377,-0.00232765,0.00406653,-0.00176987,0.000428481,-0.00169769,0.029541,0.0359713,-0.0166989,-0.0386092,0.00804877,-0.531679,0.125611,0.00177436],[-0.0440973,-0.0176543,0.122074,0.0153303,0.0298297,0.0809477,0.0556709,-0.0237528,0.107601,-0.161125,0.00801157,-0.00341059,-0.00225473,-0.00664995,-0.0286016,-0.0531403,-0.0192752,-0.0228298,0.0606194,-0.0134177,0.383723,0.191053,-0.00357556],[-0.0117126,0.00289725,-0.0182389,-0.00283094,-0.0130994,-0.0196446,-0.00300106,-0.00258325,0.0103818,-0.0046102,-0.000260987,0.000654847,-0.0015518,0.000861709,-0.00172014,-5.98809e-05,-0.00199542,-0.00507025,0.000249714,6.4548e-05,0.00429386,0.0206916,0.000949458],[-0.0715576,-0.0111001,0.126063,-0.000120267,-0.131369,-0.0822362,-0.0410402,0.00910979,0.20124,0.0266503,0.00136562,-0.00590726,0.0154324,-0.00689991,0.000886286,0.0438614,0.0325667,0.00611959,-0.0411757,0.00495493,-0.305608,0.23752,-0.00451865],[0.0120384,-0.0109505,0.307895,-0.0239288,0.0629548,0.107564,-0.000556701,0.00860039,-0.0439825,0.00703358,-0.00164235,0.0026349,0.00179319,0.0044667,0.00250033,0.0115266,-0.000766941,-0.0136082,-0.0328377,0.00602094,-0.153897,0.0152603,0.00176841],[0.00324773,-0.00214072,0.119879,-0.012554,0.0662269,0.0756481,-0.00250705,-0.00273247,-0.0387388,-0.00903506,-0.00170981,0.00196686,0.00481486,0.00353397,0.000786703,0.00720499,-0.00441651,-0.0178203,-0.022411,0.0046862,-0.107686,0.10194,0.00130875],[-0.118021,-0.00422867,0.697769,0.146783,-0.27033,-0.15383,0.0649473,0.0597232,0.296503,-0.0554601,0.00652466,-0.00113252,0.0431989,0.0133013,0.0167929,-0.0796707,-0.120494,0.0045523,0.0186476,-0.0169913,0.443266,0.184171,-0.00292823],[0.0228233,0.0233828,0.418298,0.0379411,-0.0735107,-0.044831,0.000497802,0.123381,-0.0272364,-0.0467308,-0.00352071,0.00220629,-0.0113401,0.000162815,-0.00309586,-0.00730099,-0.0944405,-0.00980614,-0.0843833,-0.00993872,0.311807,1.10233,2.48968e-05],[0.00644708,0.00418562,0.0439497,0.00368462,0.0127069,0.0168932,-0.000180459,-0.00984254,0.370149,0.002365,-6.15903e-05,-0.00131968,-0.00340631,-0.00195446,-0.00176997,0.0142359,0.00276007,-0.00881047,-0.000411038,-0.00228488,0.0523321,0.296613,-0.00119204],[0.030542,-0.00697024,-0.0352327,0.0247408,0.0459817,0.0446304,-0.00578968,-0.0026523,0.0181952,0.120119,-0.000437272,-0.000978638,-0.00537,-0.00238583,0.00343491,0.028901,-0.0044744,0.0164188,0.0277512,-0.0027809,-0.0982641,-0.0157983,0.00147929],[0.00626503,0.0198466,0.683736,-0.0924028,0.173927,0.117494,0.0697964,0.0136179,-0.0785717,-0.093903,0.0120529,0.00524886,0.0320382,0.0267715,0.0233055,-0.0952068,0.122412,0.0472444,-0.0403903,-0.00940996,-0.861276,-0.487598,0.0032587],[0.015614,-0.00675769,0.256273,-0.0478813,-0.0619292,-0.05406,-0.105144,0.0479902,-0.676629,0.0820485,-0.00919777,0.116619,-0.0230525,0.0933686,-0.0169002,-0.0542997,-0.18261,0.0711005,-0.0142756,0.0065009,-0.0849915,0.324819,0.0737585],[-0.0446477,0.0535832,-0.00502622,-0.119689,-0.0378964,-0.0430093,-0.0164642,-0.0158591,-0.314358,-0.0410902,0.00656102,0.0115868,0.0438389,0.0194581,0.00588628,-0.00761618,0.029575,0.026164,-0.0107054,0.0063071,0.138469,-0.208081,0.00484954],[-0.0247538,0.0475523,0.531786,-0.113505,-0.0996506,-0.0578976,-0.134404,0.0603708,-0.655735,0.044645,-0.00541482,0.127093,-0.00160252,0.122964,-0.00873594,-0.0282446,-0.195661,0.051294,0.017246,0.00848066,0.0339816,0.104709,0.0833776],[-0.063726,-0.00391789,0.0315417,-0.0724282,0.0221445,0.0423303,-0.0173539,-0.0361513,-0.54226,0.173739,0.00364242,0.0359629,0.0571036,0.0425306,0.0408824,0.0434786,0.00918276,0.0413588,0.00279524,0.01449,-0.377286,-0.714982,0.0172296],[-0.0120628,0.0320168,-0.369274,0.00207398,-0.0155372,-0.0670575,0.0325397,-0.0522588,1.09517,0.16542,0.00229443,-0.00735848,-0.00350159,0.00164327,0.00693828,0.616263,0.0923164,0.0839765,-0.00319233,0.000858622,0.00532369,1.11272,-0.00306118],[-0.0485359,-0.00672946,-0.138799,-0.0468593,-0.040441,-0.0602746,-0.0043641,0.00159462,-0.467522,0.00500614,0.0044273,0.00104012,0.0363242,0.00508258,0.0114389,0.0428632,0.702464,0.00506026,0.0370278,0.0160313,-0.362168,0.674086,0.000802664],[-0.0573506,0.0501762,0.261118,-0.196655,-0.200306,-0.155458,-0.0272197,0.0171728,-0.472856,0.139246,-0.00184748,-0.00915733,0.0353315,-0.0183303,-0.0128994,0.116818,-0.114143,0.530487,0.154859,0.0253965,0.322136,-0.0230838,-0.00488761],[0.12099,-0.047907,0.28862,0.131033,0.205573,0.240096,-0.00665274,-0.0277091,0.251518,0.215269,-0.00860875,0.00934917,-0.0763283,0.00266907,0.00267669,-0.111137,0.0119875,0.010525,0.440872,-0.0390458,0.340947,-0.884301,0.00763499],[-0.0912322,0.110889,-0.844118,-0.172448,-0.156646,-0.27769,-0.0292139,-0.0689754,-0.784386,-0.0557772,0.00270266,0.0184346,0.0650816,0.0225126,0.00819173,0.0755351,0.0919211,0.0246526,-0.10298,0.0311293,-1.00302,-0.743427,0.00982642],[-4.19111e-05,-0.00021946,-0.0318274,0.0106937,0.00279994,-0.010164,0.00186277,0.000332235,0.0303636,-0.00557622,0.000667396,0.000102307,-0.0014209,0.000421522,-0.00129372,-0.00173989,0.000466329,-0.00328096,0.00692873,-0.00109369,-0.0922117,0.00352506,-0.000344547],[0.00397081,0.000395711,-0.00575094,0.00260021,0.00219297,0.00246645,-0.000943648,0.00559005,0.106447,-0.00102446,-0.000239563,-2.90289e-06,-0.00142445,-0.000847711,-0.00158245,0.00669202,0.00398915,-0.00118806,-0.00649878,-0.000984915,-0.00440374,0.194777,-0.00030557],[-0.00778898,0.028751,0.73118,0.0323139,-0.0529348,0.0446608,-0.0707331,0.00466715,-1.00873,-0.000119041,-0.00539209,0.13488,-0.0148586,0.120415,-0.0032285,-0.0596645,-0.0995651,0.121957,-0.042938,0.00810158,0.153309,0.0739392,0.0921471],[-0.0220994,0.00506382,-0.0736042,0.000153509,-0.0699647,-0.0906573,0.00866561,0.00157379,0.0438754,-0.00291035,0.000132498,-0.00175663,-0.00127379,-0.00240197,-0.00144639,0.0140457,0.0072483,-0.00302421,-0.00724654,-0.000292893,0.0233771,-0.049247,-0.000463046],[-0.0188608,-0.0231435,-0.161581,-0.0219065,0.0163526,-0.015033,0.0195498,-0.0148276,0.0192567,-0.0367244,-0.00100126,-0.00297997,-0.00663691,-0.00309014,-0.00332626,-0.0255576,-0.00382993,-0.000786601,0.0242818,-0.00886885,-0.0745677,0.0110294,-0.000818089],[0.00218845,0.00179386,-0.00311509,-0.00107828,-2.85191e-06,-0.000853084,-0.00142583,-0.00107997,0.0100543,-0.000379551,0.000138346,-2.15615e-06,-0.0020146,-0.000180524,-0.00127223,0.00136122,-0.00124796,-0.00146883,-0.000505665,-0.000195445,-0.00157135,0.00931752,7.54004e-05],[-0.00662647,0.00763564,-0.138018,-0.0206461,-0.0238735,-0.0459509,-0.0215589,0.000971945,0.10802,0.013735,-0.000265408,-0.000741169,-0.000118638,-0.000810655,-0.00249906,0.014625,-0.00673713,0.00637259,-0.00127547,0.00167353,-0.0494062,0.0881085,-0.000592245],[-0.000490276,0.00196191,-0.0128047,-0.000889704,-0.00959839,-0.0222026,0.0022032,0.000112492,-0.00734119,-0.00486327,-0.000350527,0.00104988,0.0015255,0.0017442,0.000277248,0.00270045,0.00230501,-0.00427862,-0.00569988,0.000775914,0.00103719,0.00228763,0.000634831],[0.0032069,0.00156567,-0.0148077,-0.00148679,-0.00319224,-0.0140134,0.000300944,-0.0025103,-0.00551835,-0.00685491,-0.000300397,0.001739,5.63583e-05,0.00211125,-0.00121378,-0.00106563,0.00131698,-0.00362649,-0.00553437,0.000676512,-0.00809705,-0.00397142,0.000991942],[-0.00654363,0.000305426,0.091494,-0.000615102,-0.0482709,-0.0210782,-0.0280159,-0.00953216,0.114698,-0.00774255,0.000904588,0.0122028,0.0124655,0.0154878,0.00499201,-0.0149239,-0.0271724,0.0120968,0.0362707,-0.000250988,0.0987366,0.0868963,0.00693515],[-0.00619979,-0.0150394,0.0664923,0.0162588,-0.00582033,-8.7453e-05,-0.02471,0.062279,0.00837773,0.0209015,-0.000466584,-0.00183679,-0.00875702,-0.00375578,-0.0064583,-0.00440785,-0.0744252,-0.00147719,-0.0265607,-0.00411484,-0.0467432,0.166097,-0.00182988],[0.00104574,0.00107662,0.000676147,-0.000223813,0.00182711,0.00213587,-0.000162715,-0.00306494,0.0875442,0.0021222,8.84097e-05,-0.000352014,-0.000697422,-0.000490503,-0.000361152,0.00413255,0.00183578,-0.00256596,0.000220741,-0.000560378,-0.00378338,0.070913,-0.000276642],[0.00477857,0.00221338,0.0172929,0.00739607,-0.00176713,0.00244183,-6.64852e-05,-0.00332205,0.0215658,0.0169182,0.000233497,-0.00174313,0.000233248,-0.00186854,-0.000573637,0.00894593,0.00748968,0.00454262,-0.00289355,0.000215498,-0.0421988,0.0322992,-0.000777239],[0.00393567,-0.0522276,0.00765949,-0.0595811,0.044225,0.0369562,0.00192474,-0.00780564,0.0519741,0.038897,-0.00334467,0.0099191,-0.00606751,0.00588489,0.00326032,-0.0440391,0.014125,0.00758835,0.0176188,-0.0040141,-0.159959,0.237372,0.00438963],[0.00958591,-0.000387197,0.00185473,0.00547525,-0.0492146,-0.0859157,-0.00856321,0.0296733,-0.173454,0.00639548,-0.00117208,0.00745902,-0.0144445,0.00356294,-0.0129825,0.0147024,-0.0169761,0.0209909,-0.0223269,-0.00308695,-0.127623,0.145378,0.00573899],[0.00519366,0.00321733,0.0192943,-0.0194229,0.00509743,0.00966709,-0.00192117,-0.0109518,-0.038706,0.00674858,0.000915564,0.00507303,-0.000736999,0.0046134,-0.000351642,-0.0096613,-0.003334,0.00651742,0.00958631,0.000133375,0.072728,-0.0133852,0.00229282],[-0.0111942,0.00796943,0.112769,0.000395666,-0.0500325,-0.0468864,-0.00735926,0.0263437,-0.18051,-0.01725,-3.91117e-05,0.0163363,-0.00803576,0.0154382,-0.00785995,-0.00643456,-0.0227462,0.00317677,-0.00986316,-0.00310782,-0.0773292,0.189294,0.0126151],[0.017515,0.0122809,0.240048,-0.016251,0.0174391,0.0488851,-0.0142333,-0.0259827,-0.0801784,0.0218426,0.00133157,0.00976946,0.00883634,0.010672,-0.00250216,-0.00612043,-0.00151759,0.00896212,-0.0063396,0.00293446,-0.0280446,-0.0239592,0.00455516],[-0.0196043,-0.00564789,0.166396,0.014554,0.00633705,0.0323726,0.00966833,0.00703143,0.21612,0.00974049,0.000142414,0.00529061,0.00535194,0.00749014,0.00433259,0.110513,0.0111766,0.0279202,0.00952511,-0.000696602,0.132152,0.301611,0.00321195],[0.00883543,-0.0169815,0.0218926,-0.00175007,0.024886,0.0297724,-0.00297059,0.0132143,-0.216234,0.0172164,0.000516019,0.00552189,0.00337165,0.00549459,0.00347367,-0.00302182,0.154426,0.00710996,0.0180341,0.00150083,-0.107635,0.262687,0.00371763],[-0.00240429,0.0406772,0.13865,-0.00180177,-0.0343665,-0.0165141,0.0111486,0.0292389,-0.00115861,0.00477892,-0.00469192,-0.0116854,-0.006614,-0.01095,-0.0121381,-0.00572562,-0.00598855,0.0693456,0.086326,-0.00156894,0.277986,-0.00978496,-0.00662611],[0.0263955,-0.00868453,0.0607592,0.0438037,0.0410685,0.0322824,-0.00297981,-0.00983016,0.147649,0.0330143,-0.00221549,0.00026259,-0.0155742,-0.000389325,-0.00358535,-0.0275288,0.0195657,0.00120994,0.0831526,-0.00545992,0.00886447,-0.185709,0.000984134],[-0.0166209,0.00766573,-0.0267369,-0.0537451,-0.0255784,-0.0249628,0.00962275,-0.0055939,-0.27211,0.00358712,0.00212021,0.00202769,0.011217,0.00400697,0.00222054,0.0158411,0.0168349,0.0125885,0.00140632,0.00114785,-0.0169548,-0.183605,0.00228645],[-0.000912282,-0.000457024,0.0080282,-0.000440662,0.000469483,0.00134917,-0.000768841,0.00138611,0.00562882,0.00133262,0.000122857,0.000483018,-0.000249912,0.000500026,0.000135843,-0.000716754,-0.00334288,0.000601353,0.00342868,-0.000614849,-0.0138602,-0.00284152,0.000278743],[-7.79603e-05,1.5152e-05,-0.0034003,-0.000113208,-0.00218758,-0.00206034,-0.00011013,0.0018453,0.0245704,-0.000529059,-0.000173598,-9.27508e-05,-0.000505794,-0.000352856,-0.000331324,0.00220397,0.0010237,-0.00104872,-0.00195905,-0.000103776,0.00504168,0.0420441,-0.000174657],[-0.00618916,0.0121197,0.0772376,0.0348187,-0.132204,-0.145824,0.000307767,0.0190908,-0.304046,-0.0435481,-0.000867218,0.00870204,-0.0155779,0.00221109,-0.0175228,0.00546223,-0.0242165,0.0207209,-0.0161103,-0.00321917,-0.0723731,0.0719979,0.00547084],[-0.000617186,0.00706931,0.0185838,-0.0014369,-0.0187703,-0.0134832,-0.00138269,-0.00477259,0.0455414,-0.00157883,0.000131416,-0.0011379,0.000111565,-0.0010345,1.93407e-05,0.010335,0.00355616,-0.00233928,-0.00773026,0.00085875,0.0399514,-0.0257093,-0.000817917],[-0.0106742,-0.000890226,-0.0892541,-0.00121675,0.00688345,0.00215686,0.00740697,0.00384692,0.00637083,-0.00920378,0.000796789,-0.000922469,5.61433e-05,-0.000625385,0.00299537,-0.00470884,0.000249,-3.4075e-05,0.0153501,-0.000945409,0.0936421,-0.039069,-0.00091178],[-0.000277122,4.29027e-05,0.00408015,0.000947026,-0.00467275,-0.00320344,-0.000868189,-0.000335472,0.00678418,0.000845447,-0.000252308,-0.000214544,-0.000772348,-0.000371559,-0.000176159,0.000515492,-0.000806712,-0.000574887,0.000708074,-0.000221694,-0.0132259,0.00596384,-9.67593e-05],[0.00448492,0.00396744,-0.0157333,-0.00832045,0.00897226,0.00262629,-0.00478705,-0.004054,0.0503929,0.00165168,-0.00039055,-0.00095371,-0.00012646,-0.00101284,-0.0013427,0.00532537,0.00311381,0.00620114,-0.0027535,0.000403996,-0.0500076,0.0389231,-0.000546785],[-0.00101093,0.000313153,-0.00167448,-0.00206264,-0.00832105,-0.00865504,-0.00108768,-0.000368027,0.00713798,-0.00168513,-8.34991e-05,0.000466267,0.000429582,0.000658299,-0.000448901,0.00125114,-0.00106937,-0.000154649,-0.00145702,0.000280978,-0.0173787,-0.0100428,0.000330951],[-0.00084301,-0.000630176,-0.00532961,-0.00151007,-0.0108101,-0.0126717,-0.00209606,-0.000439014,0.00163276,-0.00104371,-0.000346324,0.000917287,-0.000324282,0.000867223,-0.000969167,0.00037927,-0.0038413,-0.000882888,-0.000585326,0.000257808,-0.0209442,-0.0127183,0.000609852],[0.0209314,0.00404478,0.0160685,0.0057899,0.0486377,0.0538692,-0.0228722,0.0012524,0.0649163,-0.00776891,-0.000377921,0.00684364,-0.000802016,0.00631977,0.000725529,-0.015964,-0.0202843,-0.003396,0.00457836,0.000657671,0.0944381,0.110141,0.00381486],[0.00637602,-0.0033049,0.0310819,0.000142639,0.00622018,0.00112541,-0.00292043,0.0179393,-0.0188243,0.0115475,-0.00143778,-0.0035312,-0.00538934,-0.00390902,-0.00250583,0.0038766,-0.0129548,5.74893e-05,-0.00602796,-0.00204262,-0.035639,0.0446985,-0.00132213],[0.000693475,0.0002901,-0.000673467,-0.000128862,0.00180456,0.00238177,0.000183334,-0.00241142,0.0338897,0.000604742,1.52565e-05,4.90962e-05,-3.78214e-05,-2.79961e-05,-7.07635e-05,0.00143198,0.00250831,-0.00114515,0.000438476,-5.97349e-05,-0.00159238,0.0257382,-5.61605e-06],[0.00120862,0.00153019,0.00191109,0.00152754,-0.00225044,-0.000699213,-0.000981588,-0.00415962,0.00457314,0.00482909,-0.000163155,-0.000652926,-0.000192672,-0.0011263,-0.000771264,0.00516646,0.00445787,0.00345143,0.000707568,0.000146909,-0.00672348,0.0104541,-0.000391043],[-0.0115151,-0.000376057,-0.0423881,0.0115262,-0.00391982,0.0160452,0.00430391,-0.00663177,-0.0343944,0.0231439,-0.00100346,0.00660468,-0.00098699,0.00310396,0.00531081,-0.0293941,-0.0134842,0.00144668,0.0186871,-0.00193581,0.11935,-0.028094,0.00369319],[0.00812182,-0.00930784,-0.037448,0.0192933,-0.0465415,-0.0616838,0.00176391,0.00303345,-0.0308663,0.0146618,0.000526423,-0.00129658,-0.00558287,-0.00344885,-0.00412101,-0.00462082,-0.0117963,0.0137909,0.00754927,-0.00322873,0.00386415,0.0568165,-0.000905825],[0.00623595,-0.00153003,-0.00566901,-0.000583132,0.0248394,0.018246,0.00366855,2.86772e-05,-0.0430182,0.000276605,0.000433002,0.00218146,-0.00131655,0.00189713,0.000136882,-0.0119321,0.000150751,0.00190407,0.00412767,-0.000477247,-0.00515849,-0.0099483,0.00164427],[2.05083e-05,-0.00637784,-0.0349873,0.0239461,-0.0685319,-0.0810306,0.000611716,0.0212401,-0.127784,0.00601602,-0.00102118,0.00233434,-0.00661381,-0.000808167,-0.00440873,-0.0108033,-0.000254889,0.013313,0.00652996,-0.00379548,-0.133289,0.107762,0.00171646],[0.000464402,0.00540566,-0.0509978,-0.010401,0.0202747,0.0183758,0.000176578,-0.00365782,-0.0209806,0.011216,-0.000109595,0.0020406,-0.000645649,0.00175286,-0.000332602,0.00367239,-0.0151928,0.00227079,0.00398683,-0.000315048,0.00571481,-0.0227407,0.00160447],[-0.00837717,-0.00563873,0.0320319,0.00885228,-0.0219991,-0.0226858,0.00378299,0.00731077,0.162998,0.000753882,0.000642153,0.00284205,-8.45034e-05,0.00301034,-0.00167817,0.0351523,-0.00459055,0.0122364,0.0148428,-0.00218825,0.129707,0.220352,0.00162877],[0.00162573,-0.00448848,0.0225025,0.00286975,-0.00486204,-0.00536969,-0.00437935,0.0215675,-0.0727141,0.0158031,-2.35522e-05,0.0014844,-0.00408936,0.00110233,-0.000202869,0.00497979,0.0425979,-0.000406013,0.00849958,-0.00151122,-0.00597281,0.122547,0.00118093],[-0.00381386,0.0294355,0.0891381,0.00143687,-0.0381144,-0.0131441,0.00643762,0.0132273,0.0536887,-0.0118167,-0.00143725,-0.00684505,-0.00792112,-0.005859,-0.00671972,-0.00168931,-0.0238953,0.00222383,0.0589335,-0.00269028,0.314386,-0.0570889,-0.00360007],[0.00736861,-0.00466855,-0.00141616,0.0213769,0.013143,-0.00145616,-0.00492893,-0.01012,0.0997795,0.00327734,-0.00129867,-0.00224562,-0.00630305,-0.00179873,-0.00437568,-0.0115203,0.0208457,0.00257758,0.0143547,-0.000932364,-0.0842524,-0.0305079,-0.000567159],[-0.0105818,0.00459968,-0.0159922,-0.015606,-0.0237965,-0.0230682,0.0104681,-0.00298254,-0.0954744,-0.00418773,0.00122237,0.000625773,0.00312077,0.00111082,0.000589771,-0.00272033,-0.000160345,0.00787505,0.00894137,-0.000311657,0.0835289,-0.0950537,0.000741644],[0.000206903,-0.000793009,-0.00648965,-0.000628572,0.00283361,0.00193102,-0.000500195,-0.000258518,0.00395312,0.000813367,-2.71899e-05,5.37031e-05,-0.000443847,-2.4328e-05,3.8589e-05,-0.000173126,-0.00108336,-0.000122881,0.00134609,-0.000164192,0.0039531,-0.000943992,9.86509e-05],[0.000491175,-0.000118957,-0.000458354,0.00013707,-0.000584844,-0.000876172,-0.000395213,0.00105577,0.00862899,0.000392662,-0.000100942,6.61943e-05,-0.000326317,-5.70606e-05,-0.000163994,0.00117618,-0.000181693,-0.000201679,-0.000276134,-8.0561e-05,0.00295673,0.0149917,-1.26648e-05],[0.0262035,-0.016773,-0.0866162,0.0223002,-0.0563205,-0.084226,-0.0119318,0.0118772,-0.176732,-0.000767198,-0.000220786,-0.00225918,-0.0139863,-0.00597684,-0.0106441,-0.0149081,-0.0125432,0.0134293,-0.000595075,-0.00332862,-0.0296324,0.117847,-0.00119657]],"sigmahat":[[0.938185,-0.112928,1.43035,0.483841,1.19962,1.22413,-0.0307571,-0.050156,2.19936,0.269434,-0.0168079,-0.0175506,-0.195139,-0.0408143,-0.0390987,-0.0211697,-0.215826,-0.0290687,0.345462,-0.0391317,1.33805,1.8839,-0.0112221],[-0.112928,0.42967,-0.235535,-0.259511,-0.422223,-0.371748,-0.0301475,-0.0867819,0.886995,-0.105958,0.0150457,-0.0141746,0.0618187,-0.00987238,-0.0124623,0.379085,0.232237,0.0821914,-0.17985,0.0307338,0.755903,1.36479,-0.00955508],[1.43035,-0.235535,32.0499,0.941982,1.35676,4.98939,-0.120423,0.372178,3.54387,0.640464,-0.0159905,0.207989,-0.0953592,0.255126,-0.0541296,-0.468896,-0.437606,-0.00753374,0.00253748,0.0251286,7.91056,3.09115,0.127275],[0.483841,-0.259511,0.941982,1.3587,0.666413,0.734973,0.154721,0.0448272,4.35904,0.307028,-0.0211635,-0.037458,-0.176948,-0.054724,-0.000639913,0.0682337,-0.00505985,-0.0869276,0.519864,-0.0997021,1.23288,3.38122,-0.0194494],[1.19962,-0.422223,1.35676,0.666413,3.81203,3.88391,0.107318,-0.226729,5.1599,0.457915,-0.0278742,0.0125132,-0.207371,0.00441063,0.00228354,0.249369,0.0786859,-0.157148,0.65961,-0.0824581,0.00550781,4.21896,0.0153782],[1.22413,-0.371748,4.98939,0.734973,3.88391,4.81751,0.115296,-0.225448,5.76403,0.411938,-0.0342434,0.0210271,-0.184991,0.0109863,0.0281668,0.338079,0.145801,-0.159743,0.716039,-0.0635342,1.92068,5.23212,0.0216806],[-0.0307571,-0.0301475,-0.120423,0.154721,0.107318,0.115296,0.325678,-0.0767667,1.11212,-0.0373272,0.0147044,-0.039619,0.0392565,-0.0287233,0.0347127,0.249025,0.472347,0.0481418,0.0198872,-0.0147422,0.853797,1.45661,-0.0266944],[-0.050156,-0.0867819,0.372178,0.0448272,-0.226729,-0.225448,-0.0767667,0.680863,0.621714,0.411335,-0.0085276,0.0242865,0.00470029,0.0294743,0.00959641,1.02799,2.15827,0.382167,0.268657,-0.000726734,-0.578681,7.87963,0.0258161],[2.19936,0.886995,3.54387,4.35904,5.1599,5.76403,1.11212,0.621714,431.382,43.6479,0.0102007,-0.586899,-0.716087,-0.453026,-0.13553,125.308,172.437,26.5242,30.0063,-0.574781,-3.68466,765.054,-0.313934],[0.269434,-0.105958,0.640464,0.307028,0.457915,0.411938,-0.0373272,0.411335,43.6479,7.99156,0.00753165,0.0869153,-0.00561129,0.100046,0.100296,16.0012,25.1292,4.72542,5.66426,-0.0363372,-2.01231,92.4093,0.0772944],[-0.0168079,0.0150457,-0.0159905,-0.0211635,-0.0278742,-0.0342434,0.0147044,-0.0085276,0.0102007,0.00753165,0.00911651,-0.00131264,0.0168502,0.0014926,0.00220248,0.0174822,0.056143,0.00604757,-0.0220465,0.00132862,0.0767134,0.0911101,-0.00173812],[-0.0175506,-0.0141746,0.207989,-0.037458,0.0125132,0.0210271,-0.039619,0.0242865,-0.586899,0.0869153,-0.00131264,0.0576622,0.0143405,0.0548609,0.00644472,0.0123721,0.242081,0.0410068,0.05024,0.00666347,-0.186701,0.221598,0.034991],[-0.195139,0.0618187,-0.0953592,-0.176948,-0.207371,-0.184991,0.0392565,0.00470029,-0.716087,-0.00561129,0.0168502,0.0143405,0.111884,0.0293831,0.0330356,0.0846263,0.336218,0.0588836,-0.0845471,0.0204812,-0.028764,0.0228808,0.00586574],[-0.0408143,-0.00987238,0.255126,-0.054724,0.00441063,0.0109863,-0.0287233,0.0294743,-0.453026,0.100046,0.0014926,0.0548609,0.0293831,0.0597938,0.0127105,0.104305,0.389241,0.0513652,0.0581912,0.00901027,-0.222109,0.534006,0.0341636],[-0.0390987,-0.0124623,-0.0541296,-0.000639913,0.00228354,0.0281668,0.0347127,0.00959641,-0.13553,0.100296,0.00220248,0.00644472,0.0330356,0.0127105,0.0381159,0.119517,0.323775,0.0447435,0.0798438,0.0040132,-0.00383815,0.298172,0.0039446],[-0.0211697,0.379085,-0.468896,0.0682337,0.249369,0.338079,0.249025,1.02799,125.308,16.0012,0.0174822,0.0123721,0.0846263,0.104305,0.119517,44.6531,65.1054,10.9901,11.9478,-0.00159031,-2.82733,257.285,0.061199],[-0.215826,0.232237,-0.437606,-0.00505985,0.0786859,0.145801,0.472347,2.15827,172.437,25.1292,0.056143,0.242081,0.336218,0.389241,0.323775,65.1054,108.932,17.222,21.4238,-0.00481666,-6.87375,389.656,0.243894],[-0.0290687,0.0821914,-0.00753374,-0.0869276,-0.157148,-0.159743,0.0481418,0.382167,26.5242,4.72542,0.00604757,0.0410068,0.0588836,0.0513652,0.0447435,10.9901,17.222,3.8776,3.96495,0.012401,-0.191079,62.0224,0.0472486],[0.345462,-0.17985,0.00253748,0.519864,0.65961,0.716039,0.0198872,0.268657,30.0063,5.66426,-0.0220465,0.05024,-0.0845471,0.0581912,0.0798438,11.9478,21.4238,3.96495,5.78278,-0.0382698,-0.816094,69.5112,0.0666174],[-0.0391317,0.0307338,0.0251286,-0.0997021,-0.0824581,-0.0635342,-0.0147422,-0.000726734,-0.574781,-0.0363372,0.00132862,0.00666347,0.0204812,0.00901027,0.0040132,-0.00159031,-0.00481666,0.012401,-0.0382698,0.0159719,0.104105,-0.503711,0.00352926],[1.33805,0.755903,7.91056,1.23288,0.00550781,1.92068,0.853797,-0.578681,-3.68466,-2.01231,0.0767134,-0.186701,-0.028764,-0.222109,-0.00383815,-2.82733,-6.87375,-0.191079,-0.816094,0.104105,39.1356,-17.1037,-0.139613],[1.8839,1.36479,3.09115,3.38122,4.21896,5.23212,1.45661,7.87963,765.054,92.4093,0.0911101,0.221598,0.0228808,0.534006,0.298172,257.285,389.656,62.0224,69.5112,-0.503711,-17.1037,1578.38,0.375788],[-0.0112221,-0.00955508,0.127275,-0.0194494,0.0153782,0.0216806,-0.0266944,0.0258161,-0.313934,0.0772944,-0.00173812,0.034991,0.00586574,0.0341636,0.0039446,0.061199,0.243894,0.0472486,0.0666174,0.00352926,-0.139613,0.375788,0.0235469]],"n":23,"lags":3}