{"betahat":[[3.19248,-1.51621,-32.1619,4.49066,1.67734,-3.51962,-0.233507,5.67328,2.69902,-3.36623,0.367477,-0.385779,-1.27697,-0.538817,-0.538898,5.73256,1.60146,14.8847,17.2377,0.892718,12.0024,96.0819,0.0415051],[0.676489,0.0232388,0.712555,-0.0133528,-0.19796,0.0381073,0.0420048,-0.00316125,-0.0146279,0.0784681,-0.000741446,0.0295926,0.0246948,0.0256287,0.0247615,0.0192387,0.0298497,-0.125889,-0.105244,0.0184257,-0.231174,-0.397089,0.0167444],[0.0155691,0.543643,-0.100332,-0.165355,0.123751,0.127008,-0.0378612,0.031564,-0.239264,-0.118643,0.00465116,-0.00327822,-0.0587665,-0.0233162,-0.0763966,0.0104085,-0.046225,-0.0384672,-0.0544234,-0.00101471,-0.104874,2.27497,-0.00417707],[-0.0353998,-0.0180584,0.580726,-0.0157698,0.00240845,-0.0489998,0.00226096,-0.00734201,-0.0126762,-0.00528626,0.000373458,0.000769103,-0.00319834,0.000843579,-0.00140105,-0.00592904,-0.00117143,0.0207147,0.0192538,0.00070285,0.115563,0.0513316,0.00196106],[-0.0394672,0.323323,0.172817,0.745871,-0.220716,-0.041429,-0.00655668,-0.0119428,-0.0405076,-0.0312253,0.0123158,-0.00701264,-0.00543136,-0.0181018,-0.0147089,0.150853,0.0763525,-0.0464737,-0.200238,-0.000837764,-0.737673,-0.937435,-0.00993414],[-0.0168838,0.0326619,0.849834,-0.061143,0.791722,-0.0367603,0.0220254,-0.00276432,-0.086544,0.0303076,-0.00486011,-0.000232914,0.000657496,0.00458864,-0.00785473,0.0360282,0.0143828,0.0231749,0.0303885,0.0067001,-0.326263,-0.996556,-0.00018202],[0.0434588,0.0505343,-0.0327094,0.0591311,-0.0052598,0.912761,-0.0218285,-0.0124729,0.0087448,-0.0406439,-0.00414466,-0.00918687,-0.015272,-0.0110118,-0.01154,0.0252902,-0.0420595,0.0311978,0.0221103,-0.00123319,0.177597,1.129,-0.00658357],[-0.189968,0.121539,1.19699,0.222234,-0.579436,-0.311017,1.00712,-0.117618,0.0857905,-0.00142213,0.00707249,-0.0251345,0.0227863,-0.0172881,-0.0363661,-0.00971752,-0.00676032,0.0749334,-0.0396775,-0.0138508,-0.474475,0.56227,-0.0132788],[0.155466,0.372887,1.48077,-0.178916,0.245244,0.482943,-0.185472,0.188672,-0.0767989,-0.137066,-0.0222559,0.0631028,-0.0156674,0.0283876,-0.0279711,-0.052817,-0.0569727,-0.0725787,-0.310709,0.0260685,-0.277774,2.20233,0.00556689],[0.0332022,0.0183014,1.41856,0.0771447,0.140501,0.308923,0.0148518,-0.0122092,0.840239,-0.0174504,-0.00921128,-0.0112211,-0.00063687,-0.00550285,-0.000777167,0.00831312,0.00906827,0.0731893,0.0796085,0.00755342,1.07064,-0.466258,-0.00461839],[-0.0102362,-0.0366503,-2.49026,0.048181,0.435101,0.165146,0.011159,0.16116,-0.243812,0.991136,0.006918,-0.0276977,-0.0230183,-0.0362209,-0.00273611,-0.00443078,-0.142562,0.0927873,0.348897,-0.0434707,-1.50931,-0.390631,0.0111412],[-0.232317,0.755548,8.38691,0.234673,0.705931,1.87069,1.08729,-0.0851361,-1.8133,-1.75899,0.662355,0.119442,0.431285,0.235176,0.485991,0.0478773,1.64445,-0.345414,-1.3979,-0.0970244,-1.53787,-5.06112,0.083071],[-0.551817,-0.370922,-1.52393,-0.756444,-1.48961,-2.23658,-0.566831,-0.117864,-0.604693,0.646697,-0.0528709,0.969634,-0.140443,0.076267,-0.0707403,0.31887,-0.500401,-0.096599,-0.803962,0.133684,0.689879,-5.21651,0.0512802],[-0.500468,0.391412,-0.171052,-0.0910325,-0.559695,-0.556294,-0.0377589,0.140702,-0.490139,0.20895,0.0208115,-0.0118269,0.960105,-0.0251539,0.106347,-0.0376579,-0.0366036,0.0142966,0.261301,0.00709263,3.57681,2.46794,-0.0292307],[0.441846,0.204234,6.27314,0.494073,-1.97484,-1.12389,-0.659,0.186038,0.144294,0.220345,-0.111083,0.334324,-0.093357,1.16531,-0.259829,-0.386552,-0.280308,0.115307,0.891771,-0.0270979,-1.55029,9.03955,0.225203],[-0.135366,-0.847576,0.746777,-0.401495,0.468621,0.28773,0.0642763,0.419201,-0.560031,0.515652,0.00420259,0.182399,0.0458877,0.280842,0.959336,0.0954429,0.335138,-0.269089,0.18378,-0.000755517,-2.61581,-7.80906,0.0903482],[-0.114486,0.293006,-2.61646,-0.211589,-0.442954,-0.570537,0.0146166,-0.178215,0.734288,0.17018,0.021263,-0.00831161,0.0311846,0.00216449,0.059815,0.998866,0.00259635,0.0661467,0.0997162,0.0257182,-0.278845,-2.50469,0.000464242],[-0.0802312,0.140547,-0.757698,-0.139087,-0.176369,-0.275675,-0.233616,0.0955958,-0.274145,-0.0749369,0.00722539,0.0208752,0.0264937,0.0187613,0.0158418,0.0339055,0.692323,-0.0681293,-0.100769,0.0361146,0.378354,-0.0476258,0.0152035],[0.0936726,0.0682418,1.92682,-0.548269,0.465273,0.720905,-0.0322576,-0.250093,0.237292,-0.0715305,0.0233531,-0.0380615,-0.0783251,-0.0530065,-0.0898779,0.267965,-0.105667,0.96822,-0.224436,0.048861,-0.88653,4.65672,-0.0159662],[0.177775,-0.0862956,0.919662,-0.386349,0.115156,0.260812,-0.165597,0.00772893,0.0833899,0.111514,0.0147451,0.00720227,-0.0147839,-0.0156836,0.0047799,-0.093598,-0.161884,0.131478,0.364257,0.00697853,2.07686,2.39114,-0.00166591],[0.296068,1.22039,-3.57485,1.44996,0.500384,-1.42195,0.441884,0.535723,-3.78896,0.654735,-0.0611319,0.077212,0.444759,0.145188,0.484686,-0.108972,-0.222024,-0.344845,-1.92956,0.723525,-6.91807,-12.9852,0.0719957],[-0.00969068,-0.0405547,-0.237437,0.0322396,0.0442547,-0.0355772,-0.0247481,-0.0107433,0.133268,0.0067961,-0.00014808,-8.13553e-05,-0.0140232,-0.000711972,-0.0151395,-0.00497701,-0.00443938,0.0181306,0.0621121,-0.00702366,-0.363576,0.130156,0.000199432],[0.0028118,0.00602538,-0.106546,-0.00221665,0.0179428,-0.00136012,-0.00483798,0.00483791,0.00161697,-0.00345112,0.000830366,0.00110428,-0.000636056,0.00120912,-0.00105067,-0.00165723,-0.00141379,0.00369782,-0.00398109,-0.00203518,-0.0817729,0.71071,0.000678016],[-0.792292,1.07033,0.0678325,0.0959961,0.320585,1.73252,1.04746,-0.0238079,0.0245939,-0.569125,0.129132,-0.102447,0.516674,-0.0532362,0.468455,0.555584,0.908023,-0.939931,-0.969543,0.0228594,1.10007,-5.86004,0.928096],[0.111766,-0.0491683,-1.08406,-0.0011129,-0.0843324,-0.375143,-0.00804407,0.0160176,0.0873877,-0.117847,-0.00103714,-0.0231465,-0.0336307,-0.0246177,-0.0364855,-0.00240547,-0.00712842,0.0159727,0.0479028,-0.0212893,-0.26379,0.346799,-0.00764384],[-0.059808,0.191419,-0.0610668,-0.0420578,-0.0620737,-0.103521,0.0606831,-0.0466126,0.0381275,0.0572104,-0.0136907,-0.00695484,0.033183,0.00958632,0.0413289,-0.0031072,0.019174,0.0151637,0.00509041,-0.0179373,-0.420539,-0.539118,0.00372429],[0.0345134,0.0230009,0.236274,-0.0104665,0.00981756,0.0462257,-0.00141853,0.00251572,0.0178935,-0.00464632,0.00101914,-0.000898136,-0.00174486,-0.00118553,-0.00431265,0.00668243,-0.00137193,-0.00513022,-0.00762205,0.000619115,0.0501344,-0.0413209,-0.00165843],[0.0865723,-0.121315,-0.98307,0.0949236,0.261403,-0.0336409,-0.0223531,-0.0138854,0.165063,0.0650755,-0.00686208,-0.00603301,0.00277489,0.0049136,0.00530079,-0.0775442,-0.065544,0.0614067,0.148326,0.00965569,0.850878,1.10038,0.00245243],[0.0149067,-0.0293217,-0.49237,0.0627907,0.143807,-0.0286988,-0.00568958,0.000955991,0.0221001,-0.0331261,0.00131462,0.00137685,-0.00134942,-0.00142654,0.00835406,-0.0149994,-0.000956718,-0.0134304,-0.0207931,-0.00759706,0.224823,0.893302,-0.000101844],[0.00825285,-0.0316226,0.0295543,-0.0758044,0.0545034,0.0835963,0.0329063,0.000479741,-0.0253591,0.0207382,0.00425979,0.00535366,0.00351968,0.00621539,0.00365998,-0.0162325,0.0380325,-0.0154662,-0.0122738,-0.00148349,0.0342421,-0.737916,0.0020158],[0.0545916,-0.0672062,-0.11944,-0.159141,0.0975534,0.0690966,-0.0357254,0.0493613,0.0370239,-0.053307,-0.00112068,0.0328118,0.0187365,0.0365664,0.0411943,0.0499525,0.0130868,0.0157329,0.0660599,0.0127874,0.200542,-0.406692,0.0228276],[-0.0998894,0.00414008,0.140712,-0.0248647,0.145319,0.351519,-0.290582,0.226625,0.0111379,0.125364,0.00541311,-0.00723087,0.0107301,-0.0214605,-0.0250379,0.0437536,-0.319872,-0.0935359,-0.133991,-0.0140772,-0.9325,-4.48664,-0.0146587],[-0.117202,-0.0162328,-1.30105,-0.123734,-0.150489,-0.234687,0.013093,0.0136329,0.101691,0.0042909,0.0125306,0.00459963,0.0144463,0.000344067,0.00562357,0.00146747,0.0234032,-0.0445752,-0.0350403,-0.00600735,-0.689968,0.529456,0.00426243],[0.172715,0.0663592,3.23288,0.217073,-0.295744,0.17828,0.0250695,-0.103924,0.236954,-0.0904469,0.0179049,0.00663284,0.0360162,0.0187937,0.00295165,-0.059746,0.0959041,-0.0660658,-0.211913,0.0404449,1.45937,2.1074,-0.0193356],[-0.380405,-1.34629,-7.26666,0.576567,-1.51698,-2.50368,-0.778707,0.54196,1.0541,1.70875,-0.148534,0.169524,-0.294962,0.00174403,0.0393292,-0.0693808,-0.661324,0.0862811,0.694649,-0.0715687,-3.03409,3.02771,0.107123],[-0.53147,0.00376407,-1.54718,-0.163049,-0.109004,-0.625475,0.137366,0.142485,-0.0395649,-0.0785723,0.0441949,-0.122939,-0.0355569,-0.057847,0.0768732,0.247241,-0.0030959,0.552714,0.0538543,-0.0576598,-0.679278,-2.03598,-0.0876437],[0.707783,-0.150451,-1.22943,-0.0408845,1.03027,0.594494,0.155098,-0.609429,-0.759941,0.342379,0.0523581,0.0795592,-0.068284,0.0236122,-0.0340542,-0.119937,0.192382,-0.0750623,0.0787818,0.016752,-1.22472,-2.48122,0.017907],[-0.137836,0.105782,0.365201,0.272038,0.0234548,0.14369,0.49898,-0.172071,-0.425774,-0.28265,0.0379436,-0.13606,-0.00211158,-0.177937,-0.0467365,-0.183755,0.28299,-0.0847177,0.102596,-0.0480561,1.55835,1.97366,-0.116748],[0.343261,0.279685,4.1665,-0.0256308,0.197586,0.460134,-0.204091,-0.506856,0.897175,-0.242063,0.0189075,-0.0250209,-0.00291871,0.00749629,-0.181615,-0.0758241,-0.181609,0.180953,0.0710784,0.061162,1.12436,1.43011,0.0215111],[-0.122548,-0.206642,2.06273,0.358233,0.585073,0.720012,0.158171,0.0256753,-0.725923,-0.0919971,-0.0203588,0.00585411,0.0083644,-0.00862619,-0.0240198,-0.00610148,0.169297,0.0632326,-0.131399,-0.0106737,-0.382426,1.61019,-0.00327794],[-0.122532,-0.108239,0.295106,-0.00503703,0.0977398,0.333182,0.262866,-0.179855,0.179626,0.00993039,0.00233513,-0.0124969,0.0400809,-0.00469856,0.0145571,-0.00210273,0.35473,0.123204,0.115139,-0.015126,-0.488215,0.471235,-0.00708792],[0.171249,-0.0456176,0.487818,0.752215,0.107624,-0.00811593,0.0279116,0.370877,0.811859,0.0786603,-0.0319427,0.00159119,-0.0185004,0.020207,-0.000912622,-0.338838,0.234277,-0.216281,0.176335,-0.0592195,-0.33577,0.194403,-0.0139904],[-0.130151,0.0581771,0.067643,0.13145,-0.359121,-0.403999,0.161123,0.0317338,-0.0371343,-0.100548,-0.00917115,-0.00599784,0.0423719,0.0146075,0.0055052,0.0336681,0.153772,-0.0695348,-0.0796303,0.0213835,-0.622173,-3.22788,-0.00313321],[-0.752061,-1.06643,8.87423,-1.41127,-1.98324,0.0654108,-0.887223,-0.288939,2.33847,-0.185754,0.108711,-0.0816865,-0.241976,-0.0994095,-0.46175,0.172591,-0.597206,1.11073,0.763673,0.0415763,3.42078,4.42769,-0.0496209],[-0.00441522,-0.0332728,-0.104698,-0.00973232,0.0610428,0.0560717,-0.0149352,0.0037987,-0.0120219,0.0270372,-0.00110523,0.00174629,0.0013208,0.00110884,0.00321853,-0.0118087,-0.0220882,0.00858966,0.040557,-0.00417909,-0.244537,0.112676,0.00258482],[-0.0170039,-0.00722205,-0.0230727,-0.00186551,-0.0408321,-0.0346823,0.0109045,-0.000331194,-0.0105036,-0.000262528,-0.00105765,0.00078156,0.00290882,9.36829e-05,0.00229255,-0.00295732,0.00886728,0.00914515,0.0104725,0.00078106,0.0773524,-0.0368753,-9.79335e-05],[0.495674,-0.383571,-0.881626,-0.0232097,0.893057,-0.14235,0.238745,-0.287687,-0.6752,-0.128226,-0.0443774,-0.0521055,-0.118029,-0.0775317,-0.0967675,-0.0289927,-0.0646105,-0.203705,0.257073,-0.0744953,-1.77466,-6.25434,-0.0871859],[0.211109,0.0259216,0.370762,0.0144155,0.282279,0.33708,-0.0335557,-0.0130457,-0.0734815,0.0393503,0.00180312,-0.00642624,0.00905067,-0.000998182,0.0117593,-0.0168386,-0.0224047,0.110519,0.0577901,0.00284724,0.493396,0.0505701,-0.00908902],[0.0440867,0.264861,0.160681,0.207455,-0.0613048,-0.0229829,-0.0224663,0.0149065,0.200078,0.0615806,0.00903196,0.0102829,0.0257468,0.0137976,0.0351943,-0.00750962,0.0273255,0.0247439,0.0504729,0.0190192,0.524937,-1.73434,0.000458427],[0.000133239,-0.00370227,0.166592,0.0262225,-0.0132747,0.000135589,-0.00148132,0.00452649,-0.00494997,0.0103099,-0.0014721,0.000113029,0.00456293,0.00023068,0.00554359,-0.000979066,0.00195435,-0.0153311,-0.0112748,-0.00164482,-0.168705,0.00715374,-0.000339598],[-0.0477356,-0.201337,0.810193,0.158597,-0.0408852,0.0751008,0.0291555,0.0258895,-0.124929,-0.0335238,-0.00545704,0.0130908,0.00282981,0.0132745,0.00957368,-0.07349,-0.0106319,-0.0129036,0.0536514,-0.00884854,-0.116677,-0.16057,0.00749584],[0.00171173,-0.00328503,-0.354981,-0.00179547,0.0631511,0.0643712,-0.0162695,0.00189291,0.0637708,0.00280176,0.00353493,-0.00107517,0.000654263,-0.00309891,-0.000528441,-0.021025,-0.0133902,-0.00916513,-0.00926659,0.000872856,0.100168,0.105759,0.000308866],[-0.0523535,-0.0185682,0.00262842,0.0162528,-0.0509246,0.00158973,-0.0109409,0.0120217,0.0157753,0.0199795,-0.000102378,0.00392278,0.0118057,0.00491972,0.00792947,-0.0090626,0.0041856,-0.0149565,-0.00936812,0.00266584,-0.213914,-0.390156,0.00459322],[0.135003,-0.0548656,-1.07063,-0.0631323,0.48185,0.243477,0.0283662,0.0689237,-0.124553,0.0553027,-0.0060029,-0.00748481,-0.0412711,-0.0189477,-0.0044903,-0.0408105,-0.00636568,-0.0874144,-0.0240026,0.00109535,0.271994,-0.136362,-0.0094635],[0.244327,0.174229,-0.487469,-0.104459,0.122798,-0.0325668,-0.034705,0.0402957,-0.0139523,0.0690963,-0.0239344,-0.0362883,-0.0519516,-0.0376895,-0.0287623,0.0628327,0.0030953,-0.109274,-0.168733,-0.0107047,-0.681822,-0.796526,-0.00460359],[0.0840692,-0.00229881,-0.112645,0.0474005,0.0143035,-0.0696534,-0.023979,-0.00447437,0.0552835,0.0135448,-0.00304951,0.00653416,-0.0129701,0.00505856,-0.00458607,-0.0107116,-0.0298303,-0.0241002,-0.0378422,-0.00174181,-0.375817,-0.0607478,0.000280253],[-0.162808,-0.0294102,-0.74323,-0.264738,-0.138764,-0.342924,-0.0361907,-0.0574444,0.00766599,0.0990202,-0.0248295,0.0209572,-0.0130225,0.017327,-0.00040755,0.0638883,0.0464556,-0.025046,-0.135488,0.00286872,0.0484446,-1.70813,0.00817125],[0.122592,0.700069,-0.321831,1.45559,1.92043,3.27305,0.150228,-0.934417,-0.701548,-1.06354,0.00977642,-0.119837,0.101885,-0.171659,-0.0680742,0.171817,-0.66223,-0.00938339,0.0859999,0.00942666,4.93342,-8.2071,-0.0348779],[-0.0284755,-0.221773,-0.46708,0.262304,-0.132031,0.139574,-0.00244743,0.220472,-0.0667614,0.0601599,0.00438697,-0.0360984,0.0714304,-0.0090442,0.0998578,0.0929078,-0.0106225,0.536615,0.565637,0.00561825,0.709726,1.20288,-0.0147197],[0.21088,-0.1333,-0.296693,-0.0910097,0.55608,0.685917,-0.180594,0.338403,0.36424,-0.21752,-0.0336483,-0.0109215,-0.0823265,-0.0171072,-0.0290279,-0.156505,-0.132144,0.109721,-0.171279,0.000476162,-1.10821,2.35538,0.00633082],[0.453801,-0.127865,-0.455597,0.510248,0.623348,0.451846,0.145275,0.00106914,0.358073,-0.216568,0.000295667,-0.0699403,-0.0162213,-0.111224,-0.0384591,-0.190724,0.0273336,0.0184115,0.227953,-0.0295528,-0.23596,2.73471,-0.0576875],[-0.108976,0.501945,-4.5781,-0.367575,0.536881,0.52079,-0.112763,0.179601,-0.0228687,-0.572927,-0.00963926,-0.0857113,-0.0283066,-0.096712,0.0212294,0.128877,-0.183183,0.239017,-0.152102,0.0188063,-0.842984,0.786559,-0.0331982],[0.236619,-0.0876583,0.553815,-0.146371,-0.141406,-0.148288,-0.172047,0.151933,-0.00949132,-0.0777452,-0.000952609,0.00251029,-0.0392516,0.00656548,-0.0356864,0.00631305,-0.171557,-0.126669,0.034211,-0.0149767,0.661657,0.897505,0.00282938],[0.202447,-0.0323379,0.461556,0.143481,0.0789527,-0.0566096,-0.0293864,0.0847569,0.0921821,0.0653524,-0.00954937,-0.00816038,-0.0661839,-0.0136931,-0.029909,-0.032008,-0.0472434,-0.0528489,-0.0127669,-0.0209416,0.104155,-0.41726,-0.00798488],[-0.272295,-0.0461907,-1.96416,-0.205037,-0.586328,-0.648938,-0.00313173,-0.125949,-0.96219,0.00384536,0.00626477,0.0347699,0.0950299,0.035665,0.0851247,0.0423417,-0.140634,-0.545318,0.205123,0.0093653,1.43941,-4.4882,0.0297567],[-0.00327289,0.00266912,-0.562647,0.31772,0.328278,0.261562,0.0378154,-0.0639069,0.0106455,0.00700779,-0.0120829,-0.00319527,-0.0184822,-0.000597748,-0.00793096,0.0123084,0.0145344,0.0339906,-0.0990955,-0.0322784,-1.47285,0.701114,0.00529772],[-0.612854,-0.815604,-0.565378,-0.258096,-2.39943,-2.59472,-0.0746717,-0.0253622,1.88638,0.0878816,-0.102301,-0.0946118,-0.190933,-0.0877741,-0.132247,-0.180235,-0.0245533,-0.0790708,0.370439,0.0990805,4.13197,-7.33868,-0.0849885],[0.0147189,-0.0100286,-0.0560833,0.00577608,0.0567294,0.0428684,-0.00897043,-0.00676412,-0.00343946,0.00370838,-0.00223975,-0.000578081,-0.00277576,-0.00179506,-0.00181206,0.000956694,-0.0118882,-0.000618133,0.0121334,-0.000290936,-0.0861406,-0.12664,0.000670593],[0.0134955,0.00186507,0.110432,-0.00302626,0.0148865,0.0217929,-0.00751039,-0.00264825,0.0049928,0.00530316,0.000866207,-0.000633899,-0.00244181,1.48524e-05,-0.000533506,0.00138642,-0.00801335,0.00512815,0.00600942,0.000913778,0.0304448,0.0687557,-8.01899e-05],[-0.0410242,-0.266091,-1.1631,-0.171467,-0.504893,-0.612547,-0.441383,0.226405,1.15958,0.286441,-0.0284014,-0.00654059,-0.0267233,0.00997217,-0.0280174,-0.0912058,-0.180861,0.0523876,0.42857,0.0325194,-0.263604,4.16259,0.0398568]],"sigmahat":[[0.574669,-0.0249869,0.88071,0.171689,0.504091,0.456532,-0.0635917,0.0122992,-0.0770996,0.0144235,-0.00407337,0.000810106,-0.0335966,-0.004125,-0.0173939,-0.0229984,-0.0532141,-0.00238681,-0.00337357,0.0153307,0.6533,0.540976,-0.00360381],[-0.0249869,0.367146,-0.164084,-0.0820844,-0.206872,-0.181857,-0.0158408,-0.0103212,0.134852,-0.00418049,0.00708705,-0.00529739,0.00585477,-0.00955835,0.00995043,0.0639982,-0.00526549,0.0065346,-0.0396129,-0.00722997,-0.0368712,-0.407028,-0.00363848],[0.88071,-0.164084,17.5669,0.569689,-0.300916,1.54636,-0.0690053,0.205422,-0.140028,-0.0216376,0.0124007,0.0404227,0.0395903,0.0809492,-0.0233162,0.000262841,0.00225263,0.220892,-0.0378239,0.0853435,3.58684,2.83798,0.0279205],[0.171689,-0.0820844,0.569689,0.515423,0.216812,0.235935,-0.0119303,-0.00310854,-0.050825,-0.0113672,-0.00749435,1.33451e-05,0.0083112,-0.00129489,0.0125778,-0.0905827,-0.0226853,-0.00492823,0.0323429,0.00947611,0.591035,0.64521,-0.0004369],[0.504091,-0.206872,-0.300916,0.216812,1.63837,1.44192,0.10498,-0.0840644,-0.285696,0.0083358,-0.00214661,-0.00991142,0.0160874,-0.0163588,0.022724,-0.0532773,0.0674389,0.0324803,0.0273456,0.0126119,-0.149409,1.86398,-0.0111717],[0.456532,-0.181857,1.54636,0.235935,1.44192,1.92243,0.126489,-0.0491789,-0.367369,-0.00992694,0.00152431,-0.00712147,0.0476112,-0.0112624,0.0430338,-0.0364251,0.0989669,0.0798901,0.028594,0.0327786,0.419841,2.16639,-0.00726897],[-0.0635917,-0.0158408,-0.0690053,-0.0119303,0.10498,0.126489,0.217467,-0.0699423,-0.176723,0.00904406,0.0120358,-0.0070574,0.0493937,-0.00710251,0.0306405,0.012102,0.171713,0.00141126,0.0131329,0.00491947,0.1122,-0.851249,-0.00612277],[0.0122992,-0.0103212,0.205422,-0.00310854,-0.0840644,-0.0491789,-0.0699423,0.168636,0.0348714,-0.0170437,-0.00907465,0.00266824,-0.0176915,0.00520745,0.00470647,0.0157408,-0.0544908,-0.00782725,-0.0340477,-0.00127181,-0.312523,0.215231,0.00386998],[-0.0770996,0.134852,-0.140028,-0.050825,-0.285696,-0.367369,-0.176723,0.0348714,1.19243,0.0597993,9.28426e-05,-0.00957299,-0.0344146,-0.00459938,-0.0476034,-0.104513,-0.0841945,0.0857581,0.139815,-0.0237227,-0.516775,1.77831,0.000115906],[0.0144235,-0.00418049,-0.0216376,-0.0113672,0.0083358,-0.00992694,0.00904406,-0.0170437,0.0597993,0.122536,-0.000601609,0.00231608,0.00279342,0.00366889,0.00428705,-0.0221589,0.0283801,0.00412515,0.0349279,-0.00359598,-0.136669,-0.585587,0.00168392],[-0.00407337,0.00708705,0.0124007,-0.00749435,-0.00214661,0.00152431,0.0120358,-0.00907465,9.28426e-05,-0.000601609,0.00536615,-0.00069744,0.00503447,-0.000482034,0.00212323,0.00124471,0.00877472,-0.00198433,-0.000865821,0.000357623,0.109911,-0.00298254,-0.000300931],[0.000810106,-0.00529739,0.0404227,1.33451e-05,-0.00991142,-0.00712147,-0.0070574,0.00266824,-0.00957299,0.00231608,-0.00069744,0.00481053,-0.000355408,0.003482,3.77751e-06,-0.00199828,-0.00387411,-0.00336506,0.00171919,0.000310795,-0.0228351,-0.0230009,0.00197719],[-0.0335966,0.00585477,0.0395903,0.0083112,0.0160874,0.0476112,0.0493937,-0.0176915,-0.0344146,0.00279342,0.00503447,-0.000355408,0.029161,0.00141757,0.0192636,0.00152073,0.0358255,-0.00232409,0.00985597,0.00249364,0.0879758,-0.197425,0.000129868],[-0.004125,-0.00955835,0.0809492,-0.00129489,-0.0163588,-0.0112624,-0.00710251,0.00520745,-0.00459938,0.00366889,-0.000482034,0.003482,0.00141757,0.00621345,0.00112981,-0.00215389,-0.00326858,-0.00268182,0.00252233,0.000355705,-0.00687241,-0.0249646,0.00208839],[-0.0173939,0.00995043,-0.0233162,0.0125778,0.022724,0.0430338,0.0306405,0.00470647,-0.0476034,0.00428705,0.00212323,3.77751e-06,0.0192636,0.00112981,0.0214808,0.00705828,0.0194105,-0.00356631,-0.0014446,0.00240317,0.0289099,-0.163306,0.000338795],[-0.0229984,0.0639982,0.000262841,-0.0905827,-0.0532773,-0.0364251,0.012102,0.0157408,-0.104513,-0.0221589,0.00124471,-0.00199828,0.00152073,-0.00215389,0.00705828,0.0981652,0.00761476,-0.0149307,-0.0770096,0.00275325,-0.162408,-0.327837,-0.0011265],[-0.0532141,-0.00526549,0.00225263,-0.0226853,0.0674389,0.0989669,0.171713,-0.0544908,-0.0841945,0.0283801,0.00877472,-0.00387411,0.0358255,-0.00326858,0.0194105,0.00761476,0.185219,-0.00363602,-0.00372815,0.00601865,0.00992045,-0.681975,-0.00524736],[-0.00238681,0.0065346,0.220892,-0.00492823,0.0324803,0.0798901,0.00141126,-0.00782725,0.0857581,0.00412515,-0.00198433,-0.00336506,-0.00232409,-0.00268182,-0.00356631,-0.0149307,-0.00363602,0.207511,0.118211,0.000961088,0.172,0.601554,-0.00151773],[-0.00337357,-0.0396129,-0.0378239,0.0323429,0.0273456,0.028594,0.0131329,-0.0340477,0.139815,0.0349279,-0.000865821,0.00171919,0.00985597,0.00252233,-0.0014446,-0.0770096,-0.00372815,0.118211,0.265455,-0.00635654,0.227835,0.182253,0.00149092],[0.0153307,-0.00722997,0.0853435,0.00947611,0.0126119,0.0327786,0.00491947,-0.00127181,-0.0237227,-0.00359598,0.000357623,0.000310795,0.00249364,0.000355705,0.00240317,0.00275325,0.00601865,0.000961088,-0.00635654,0.00719276,0.146396,-0.0817723,-2.70505e-05],[0.6533,-0.0368712,3.58684,0.591035,-0.149409,0.419841,0.1122,-0.312523,-0.516775,-0.136669,0.109911,-0.0228351,0.0879758,-0.00687241,0.0289099,-0.162408,0.00992045,0.172,0.227835,0.146396,13.6953,2.1109,-0.0136931],[0.540976,-0.407028,2.83798,0.64521,1.86398,2.16639,-0.851249,0.215231,1.77831,-0.585587,-0.00298254,-0.0230009,-0.197425,-0.0249646,-0.163306,-0.327837,-0.681975,0.601554,0.182253,-0.0817723,2.1109,51.1397,0.0158724],[-0.00360381,-0.00363848,0.0279205,-0.0004369,-0.0111717,-0.00726897,-0.00612277,0.00386998,0.000115906,0.00168392,-0.000300931,0.00197719,0.000129868,0.00208839,0.000338795,-0.0011265,-0.00524736,-0.00151773,0.00149092,-2.70505e-05,-0.0136931,0.0158724,0.00233308]],"n":23,"lags":3}