{"betahat":[[0.129658,-0.251376,-49.0354,2.87179,-1.40975,-9.12184,-1.52331,5.21574,6.39886,-3.28547,0.476083,-0.332174,-2.36378,-0.383451,-0.904651,5.77584,0.681668,17.4917,19.2267,0.2426,10.7633,115.486,0.0564295],[0.604791,0.0426459,0.581708,-0.0532592,-0.229377,-0.00804108,0.0417268,-0.00951877,0.0343249,0.0849786,0.00287873,0.0319913,0.0342526,0.032131,0.0259582,0.0103627,0.0368867,-0.12254,-0.102851,0.0105499,-0.321961,-0.116528,0.0180512],[0.00640331,0.525479,-0.127932,-0.160569,0.128167,0.132907,-0.0415014,0.0350937,-0.234838,-0.128222,0.00249598,-0.00347866,-0.0152801,-0.0246145,-0.0765664,-0.000743776,-0.0550419,-0.048033,-0.0364752,-0.000857905,-0.193065,2.42719,-0.00462897],[-0.0370152,-0.0213608,0.585226,-0.0126459,-0.00144151,-0.0498635,0.00665526,-0.00957217,-0.0231991,-0.00385521,0.000294557,0.000658741,-0.00191039,0.000746883,-0.00051787,-0.00419246,0.00208644,0.0210257,0.0214039,0.00164583,0.139627,0.0057852,0.00190872],[0.00635712,0.342886,0.369219,0.701874,-0.278976,-0.0785245,-0.0520865,0.00710127,0.020918,-0.0340159,0.0148659,-0.00554835,-0.0148973,-0.0156699,-0.0259917,0.156354,0.0471935,-0.0260726,-0.206026,-0.000783207,-0.51755,-1.10416,-0.00826977],[-0.0108242,0.0321383,0.856701,-0.0686586,0.783542,-0.030841,0.0225832,-0.00641753,-0.0977085,0.0363692,-0.00523815,0.00154092,-0.0308873,0.00543432,-0.00833253,0.030981,0.0165967,0.030819,0.0401018,0.00786018,-0.360092,-1.18907,0.000875135],[0.0405495,0.0570379,-0.0357353,0.0674908,-0.00836539,0.900151,-0.0243796,-0.0141866,0.0316222,-0.0468847,-0.00485641,-0.0113509,-0.00853137,-0.013354,-0.013173,0.0313525,-0.0456574,0.0342604,0.0219452,-0.00259356,0.1985,1.39065,-0.00738183],[-0.219613,0.120487,1.75808,0.220155,-0.776332,-0.428429,0.994678,-0.0909965,0.168788,-0.0063566,0.00421467,-0.0334988,0.0311713,-0.0173341,-0.0514533,0.0364576,-0.0055054,0.0949825,-0.0575352,-0.0171434,-0.281349,0.274191,-0.0134969],[0.156679,0.356438,1.47915,-0.148788,0.216806,0.450443,-0.177326,0.150501,-0.0495205,-0.15529,-0.0256969,0.0642254,0.00943763,0.0321507,-0.0368154,-0.0396722,-0.0465187,-0.0813949,-0.334375,0.0239222,-0.704811,2.116,0.00738488],[0.0387812,0.0238199,1.65477,0.0816177,0.107554,0.303132,0.0167915,-0.0095317,0.849029,-0.0209454,-0.0100538,-0.0128067,-0.0111646,-0.00578638,-0.0022589,0.0221155,0.0137766,0.0758466,0.0729422,0.00869721,1.18821,-0.64495,-0.0046951],[-0.00780858,-0.0161141,-2.95372,0.0408074,0.483652,0.146178,-0.0292423,0.140027,-0.225577,1.01929,0.0114972,-0.0215086,-0.0205251,-0.0356287,-0.00938166,-0.0550475,-0.170034,0.132025,0.404511,-0.0548589,-1.52969,0.218925,0.01288],[-0.0877104,0.753845,10.3869,0.665084,1.12612,2.74447,1.60347,-0.10017,-3.10258,-1.81107,0.632116,0.09812,-0.0348387,0.179314,0.627353,0.183232,2.04181,-0.661159,-1.73246,0.00929891,-1.51294,-6.73318,0.0556927],[-0.318639,-0.514929,-2.53653,-1.11343,-1.24722,-2.24385,-0.743917,-0.0998618,-0.488222,0.724373,-0.0531376,0.9889,-0.0658234,0.0808794,-0.119001,0.21406,-0.545267,-0.0635466,-0.89541,0.146764,0.925729,-5.71389,0.0677071],[-0.5597,0.43714,-2.79648,-0.509194,-0.514728,-0.970305,-0.587597,0.00955496,1.01956,0.0867641,0.0607589,0.0204611,0.906248,0.0483187,-0.072089,-0.41075,-0.467987,0.390919,0.483329,-0.14321,1.64542,5.96741,0.010226],[0.417557,0.255918,7.48924,0.899435,-1.94013,-0.922024,-0.511187,0.164555,0.241395,0.132062,-0.140879,0.320288,-0.257845,1.15382,-0.218308,-0.316835,-0.265572,-0.015797,1.00045,-0.0162882,-2.44052,9.45644,0.213177],[0.160731,-0.969197,2.32376,-0.209904,0.851411,0.867201,0.40665,0.524764,-1.77459,0.655096,-0.00899589,0.174369,0.241003,0.231118,1.09423,0.257696,0.581687,-0.596132,0.0343508,0.105713,-0.630026,-10.4359,0.0597315],[-0.201214,0.376403,-2.49211,-0.278021,-0.814567,-0.920545,-0.107776,-0.169925,1.09565,0.174781,0.0300472,-0.00812877,-0.0378286,0.0156797,0.0325331,1.01277,-0.0820938,0.142171,0.154114,0.00772596,0.207276,-2.71411,0.00674751],[-0.0401076,0.179151,-1.04542,-0.198273,-0.113723,-0.240643,-0.265443,0.0958734,-0.393084,-0.0468574,0.013903,0.0302387,0.0554371,0.0171264,0.0244768,0.00752181,0.670232,-0.0704073,-0.0939068,0.0431739,0.653087,-0.135722,0.0161153],[0.0639416,0.0178442,1.90179,-0.489658,0.577564,0.835588,0.0705114,-0.316135,0.1707,-0.115367,0.0174628,-0.0473807,0.0703224,-0.0602987,-0.0743609,0.292113,-0.0622768,0.943525,-0.227399,0.061294,-1.32924,4.43415,-0.0206816],[0.0777224,-0.0571432,1.02565,-0.380437,-0.0528169,0.143836,-0.129603,0.00441337,0.122277,0.0857303,0.010048,-0.000989351,-0.0653954,-0.0165843,0.013941,-0.0331358,-0.130499,0.106848,0.342031,0.0111548,2.08385,2.27467,-0.00401526],[0.932577,1.0878,-1.80404,1.53083,0.800573,-0.848415,0.571093,0.656342,-4.79495,0.758618,-0.0573803,0.0941668,0.565933,0.138095,0.482278,-0.00350356,-0.0806532,-0.409167,-2.1726,0.7822,-5.52645,-15.9034,0.0784919],[-0.024801,-0.0355801,-0.294732,0.0331872,0.0380892,-0.052289,-0.0267139,-0.0167267,0.149292,0.00869986,-3.2891e-05,-0.000397802,-0.0144771,-0.00054572,-0.0152584,-0.00823387,-0.00584532,0.020666,0.0698789,-0.00878046,-0.397395,0.20098,0.000125915],[0.00897612,0.00236836,-0.109254,0.00204976,0.0289636,0.00859606,-0.00292526,0.00507388,-0.00494065,-0.00385588,0.00055472,0.00111765,0.00352349,0.000913476,-0.000586259,-0.0018789,-0.000514986,0.00020108,-0.00648129,-0.00139326,-0.0977165,0.690331,0.000673647],[-1.37241,1.44772,-0.813257,-0.106504,-0.467642,1.00817,1.04962,0.0429175,0.0362581,-0.491207,0.155361,-0.107168,0.303983,-0.0228724,0.507448,0.628481,1.00446,-0.789051,-1.01857,-0.0127782,1.4446,-4.22785,0.934949],[0.126389,-0.0540519,-1.04672,0.0141878,-0.123542,-0.416072,-0.0101581,0.0291185,0.0881787,-0.132149,-0.0040455,-0.0256571,-0.0436682,-0.0289702,-0.0424514,0.0209412,-0.00869081,0.0155677,0.028541,-0.0181431,-0.30118,0.183902,-0.00776715],[-0.0324451,0.17422,-0.02715,-0.0626823,-0.0313435,-0.0760727,0.0812547,-0.060092,-0.0273638,0.0670909,-0.0126333,-0.00608565,-0.00165598,0.00967719,0.0421665,0.00627298,0.0364481,0.00924977,-0.00966491,-0.0166197,-0.370788,-0.752797,0.00387167],[0.03618,0.0237115,0.239366,-0.00997892,0.0137709,0.0492831,-0.00141545,0.00224776,0.0241858,-0.00590105,0.00104154,-0.000939228,-0.0067757,-0.0012196,-0.00480518,0.00542882,-0.00146126,-0.00602843,-0.00860087,0.000382791,0.0378075,-0.0278594,-0.00167277],[0.0802119,-0.135314,-1.13973,0.137204,0.368985,0.0550888,0.0128924,-0.0279939,0.136142,0.0688937,-0.00855937,-0.00815518,0.0240827,0.00280066,0.0149274,-0.0839074,-0.0450177,0.0543493,0.149576,0.0113972,0.69944,1.29952,0.000521739],[0.00184568,-0.0241942,-0.480387,0.0597544,0.145381,-0.0365674,-0.0115321,0.0082237,0.0368217,-0.0406813,0.00157053,-0.000356561,0.0191297,-0.00197991,0.0092541,-0.0129544,-0.00789298,-0.0167957,-0.026234,-0.010104,0.252655,1.11514,-0.00116808],[0.00799321,-0.0348157,-0.00135068,-0.0828433,0.0641382,0.0942933,0.0388383,-0.00502742,-0.0501689,0.02753,0.00482095,0.00715445,0.00264105,0.0079544,0.00565887,-0.0226716,0.0434456,-0.0165059,-0.00653361,-0.000261876,0.0296543,-0.907627,0.00220754],[0.0815446,-0.0797901,-0.455182,-0.140762,0.220115,0.137191,-0.00738422,0.0244286,-0.0433714,-0.05825,0.00076189,0.0391415,0.019489,0.0371823,0.0561082,0.0336132,0.0274399,-0.0124759,0.0795647,0.0167018,0.0585639,-0.437685,0.0228913],[-0.171219,0.0104894,0.477457,-0.0245897,-0.000423285,0.299746,-0.304901,0.26465,0.0689938,0.0894039,0.0028204,-0.0125599,-0.0309643,-0.0200971,-0.0272652,0.0752354,-0.336685,-0.088845,-0.157292,-0.0171832,-0.923235,-4.76695,-0.0147814],[-0.12465,-0.0239466,-1.441,-0.128729,-0.128683,-0.221119,0.01178,0.0175465,0.104101,-0.00109781,0.0137855,0.00497962,0.0100892,0.000536704,0.00654071,-0.00791213,0.0198426,-0.0499034,-0.0366587,-0.00665772,-0.780606,0.655283,0.00453324],[0.229332,0.0604546,3.72886,0.234838,-0.299642,0.224258,0.0293705,-0.089271,0.212843,-0.10164,0.0206405,0.00462024,0.0661716,0.0194532,0.000815449,-0.0390065,0.0961475,-0.0747735,-0.238054,0.0473911,1.71631,1.70635,-0.0204966],[-1.10279,-1.04931,-11.7339,0.61952,-1.61994,-3.22187,-0.936212,0.278112,1.77708,1.95542,-0.124652,0.185399,-0.064524,0.0350259,0.0592524,-0.456447,-0.830075,0.151674,1.20651,-0.191024,-4.46033,7.64365,0.110495],[-0.390242,-0.056597,-0.862997,-0.238002,-0.129407,-0.560698,0.0711023,0.254174,-0.116673,-0.143602,0.0463841,-0.122582,-0.012585,-0.0555058,0.0576451,0.363601,-0.0690543,0.580684,-0.0785132,-0.0530723,-0.387933,-3.12572,-0.0844576],[0.734509,-0.138917,2.86017,-0.23499,-0.138856,0.0628927,0.0916147,0.00192268,-0.983469,0.280595,0.00985284,0.0393111,-0.235668,-0.00896017,-0.0655118,0.426123,0.266104,0.0461676,-0.348086,0.0849069,1.34291,-5.10408,0.0160336],[-0.479819,0.185959,-0.195649,0.284763,-0.337994,-0.196046,0.572844,-0.289163,-0.513694,-0.227447,0.0545382,-0.150445,0.0128105,-0.186615,-0.0334826,-0.235728,0.349987,-0.0793812,0.198397,-0.0695115,2.23077,2.41649,-0.130142],[0.354855,0.19355,2.98953,0.134241,0.725322,0.777741,-0.141838,-0.797929,1.08953,-0.245737,0.0277657,-0.00868646,0.0036354,0.0231692,-0.189923,-0.273087,-0.149942,0.117733,0.18364,0.0405959,-0.85419,2.37795,0.0304578],[-0.0611199,-0.274242,2.02804,0.413494,0.812111,0.915228,0.190944,0.030507,-0.8625,-0.107602,-0.0249569,0.00610447,0.0644957,-0.0138954,-0.0264436,-0.0261276,0.186003,0.0795195,-0.155517,-0.00723569,-0.616419,2.05807,-0.00505707],[-0.135858,-0.141736,0.4635,0.0265776,0.126879,0.398231,0.296972,-0.196745,0.219945,-0.000942002,0.000919498,-0.0178892,0.0304888,-0.0056647,0.013612,0.00501858,0.38123,0.137686,0.123124,-0.0148012,-0.551508,0.468484,-0.00896782],[0.254083,-0.0102791,0.685974,0.78335,0.119618,0.0120954,-0.0224017,0.442383,0.903174,0.120806,-0.0370003,0.00818758,-0.129109,0.0226364,-0.00921582,-0.357424,0.248303,-0.227161,0.142598,-0.06265,-0.557566,0.193974,-0.0140898],[-0.128061,0.0519406,0.0214359,0.0767087,-0.389596,-0.477509,0.109282,0.0537325,0.00364027,-0.0843848,-0.0031176,0.000566451,0.106295,0.0221176,-0.00736996,-0.00468656,0.109885,-0.0352071,-0.0553968,0.0127621,-0.524043,-3.29776,-4.02512e-05],[-1.19033,-1.04552,8.18977,-1.20157,-1.55061,0.495472,-0.637748,-0.469029,2.53048,-0.359617,0.0970204,-0.109749,-0.191705,-0.122255,-0.364579,0.18206,-0.480329,0.955142,0.762466,0.0554224,1.28631,6.81845,-0.0624101],[-0.00928688,-0.0365642,-0.139533,-0.00801154,0.0609514,0.0501731,-0.0171741,0.00120233,-0.00973143,0.0300157,-0.000794613,0.00191756,-0.000413486,0.00167368,0.00236931,-0.0150245,-0.0235668,0.011007,0.047153,-0.00552084,-0.250548,0.160839,0.00268852],[-0.0231637,-0.0080004,-0.0216057,0.00065546,-0.045709,-0.0366657,0.0147626,-0.00134378,-0.0115438,-0.00161333,-0.00121829,0.00056878,0.00200699,6.46238e-05,0.00304151,-0.0021784,0.011721,0.0091335,0.010697,0.000985171,0.0775237,-0.0369504,-0.000206771],[0.82043,-0.522356,-1.21037,-0.0502931,1.75112,0.506023,0.310453,-0.44725,-1.08593,0.0217108,-0.0352699,-0.02586,-0.0972875,-0.0952024,-0.110741,-0.158942,-0.00861836,-0.193981,0.402725,-0.0689146,-1.91522,-6.70769,-0.0950612],[0.268432,0.0114612,0.465643,0.0389563,0.352677,0.42412,-0.0313728,-0.0196421,-0.123087,0.0471415,0.00117169,-0.00633261,0.00952161,-0.00313963,0.0165165,-0.0314025,-0.0281155,0.107611,0.0748618,0.00760646,0.623458,-0.0674933,-0.0102879],[0.026241,0.299667,0.15614,0.223347,-0.0965241,-0.0565156,-0.0395936,0.0251013,0.260892,0.0612512,0.0101386,0.00962815,0.0170756,0.0150158,0.0344904,-0.00583013,0.0186918,0.0398826,0.0471853,0.0175962,0.565561,-1.67637,0.000795542],[0.000505609,-0.00119501,0.162018,0.0228214,-0.0133003,-0.00124288,-0.00598901,0.00675263,-0.000901473,0.0104452,-0.00139831,0.000250835,0.00830227,0.000303403,0.00512175,-0.00168639,-0.00125605,-0.0148221,-0.0123343,-0.00229991,-0.178827,0.0369444,-0.000268259],[-0.0867398,-0.207368,0.770095,0.160145,-0.0891736,0.0246129,0.039726,0.0210356,-0.157605,-0.0346085,-0.0063022,0.0137527,-0.00891238,0.012925,0.0112588,-0.0727348,-0.00175513,-0.0264305,0.0582978,-0.0106179,-0.185292,-0.193204,0.00777148],[0.00874434,-0.00787293,-0.371938,0.00873954,0.0696981,0.0664249,-0.0109579,-0.00163232,0.0608675,0.00412973,0.00367516,-0.00112646,0.0118153,-0.00337472,-0.000922555,-0.0179309,-0.00859633,-0.0134619,-0.0138125,0.00223136,0.106688,0.0754899,0.000322857],[-0.0481577,-0.0223959,0.0395438,0.0154189,-0.0560326,0.00508074,-0.0145565,0.0193425,0.017727,0.0194517,1.78326e-05,0.00427912,0.00589022,0.00547732,0.00749293,-0.00880991,0.0021833,-0.0170928,-0.0150219,0.00284609,-0.229775,-0.478674,0.00520165],[0.138375,-0.0408431,-1.29962,-0.0800217,0.55809,0.294225,0.0124029,0.0671445,-0.129022,0.0652636,-0.00500393,-0.00537397,-0.0501974,-0.0195911,-0.00425476,-0.0708906,-0.0219325,-0.0801373,-0.0201066,0.000591519,0.219905,0.179312,-0.00932507],[0.223088,0.212784,-0.420348,-0.101358,0.0495227,-0.0836533,-0.037751,0.0687824,0.038507,0.0710378,-0.0245517,-0.0428132,-0.0440762,-0.0394939,-0.02506,0.0760997,-0.00665474,-0.125383,-0.171052,-0.0120605,-0.492182,-0.982052,-0.00614378],[0.0854789,-0.000173555,-0.204937,0.0471426,0.0238395,-0.0785974,-0.0248041,-0.0107976,0.0436632,0.0223841,-0.0034062,0.00784068,0.00167718,0.00531058,-0.00395449,-0.0148009,-0.0311749,-0.0215549,-0.0301062,-0.00216614,-0.398066,-0.0165525,0.000184989],[-0.221663,-0.044089,-0.772928,-0.275427,-0.184255,-0.370204,1.46457e-05,-0.0504006,0.0134551,0.0820162,-0.0321393,0.0168173,-0.0456253,0.0161386,0.0085381,0.094076,0.0738763,-0.0562202,-0.16558,0.00744013,-0.186985,-1.92292,0.00761763],[-0.405904,0.798206,-1.04862,1.23989,1.29549,2.58425,0.186569,-1.09452,-0.829112,-1.0425,0.0273192,-0.110826,-0.0867628,-0.14439,-0.137718,0.259766,-0.561509,0.244489,0.163711,-0.0402443,4.62879,-8.25948,-0.0213402],[-0.0613059,-0.268418,-0.205179,0.277696,-0.282999,0.0700874,-0.0660537,0.308209,0.177139,-0.0161043,0.00253209,-0.03879,0.0269943,0.00362831,0.0929674,0.103307,-0.0948027,0.619154,0.62563,-0.0132185,0.654731,1.44057,-0.00709113],[0.436177,-0.249919,0.59377,0.195038,0.751544,0.930236,-0.126778,0.184586,0.456533,-0.299251,-0.0185104,-0.0191493,0.0602129,-0.0168814,0.010927,-0.197028,-0.255838,-0.110293,-0.0344353,0.020281,-0.268228,0.26921,-0.0034869],[0.450046,0.0202609,-0.847946,0.473213,0.571497,0.340109,0.1176,-0.0293494,0.416212,-0.199807,0.00769584,-0.067452,-0.0146394,-0.11314,-0.0512504,-0.206438,0.0352663,0.0764271,0.276342,-0.0381443,0.0794633,3.21905,-0.058978],[-0.198183,0.564494,-5.46354,-0.373848,0.524817,0.500659,-0.126398,0.234444,0.0232488,-0.627291,-0.0279122,-0.0927189,0.000178186,-0.102541,0.0219501,0.1358,-0.170527,0.29501,-0.199552,0.0145875,-1.81278,1.34189,-0.033727],[0.26261,-0.102795,0.467329,-0.135281,0.00199501,0.00556434,-0.0822414,0.138799,-0.234835,-0.0671166,-0.00509294,0.0020386,-0.0265749,-0.00172865,-0.00611609,0.0126391,-0.103341,-0.218769,0.00444164,-0.000393029,0.413791,0.653184,-0.00170701],[0.176743,-0.0376694,0.585923,0.17169,-0.0107276,-0.154498,-0.0317298,0.101154,0.169391,0.0483517,-0.0148043,-0.0121417,-0.0854847,-0.0112349,-0.0375998,-0.0133612,-0.0517136,-0.0647377,-0.0276022,-0.0282071,-0.10319,-0.322186,-0.00708251],[-0.311788,-0.0351162,-2.17077,-0.286367,-0.681337,-0.76329,-0.0470103,-0.13122,-0.999738,0.00472833,0.0143862,0.0370229,0.0741145,0.0400566,0.0798885,0.0373977,-0.194495,-0.525263,0.231012,0.000822558,1.93794,-4.33126,0.0338075],[0.097388,-0.0112985,-0.654131,0.347239,0.511517,0.435205,0.0417734,-0.0805681,-0.0756512,0.0247498,-0.0114549,0.000675585,-0.0447014,-0.00651526,-0.00602876,-0.0136577,0.0204106,0.0280312,-0.10387,-0.0279311,-1.50586,0.879556,0.00515632],[-0.792664,-0.825603,-2.29842,-0.277936,-2.43144,-2.84944,-0.0164915,-0.0825862,1.77258,0.262328,-0.115661,-0.0837696,-0.157651,-0.0883605,-0.109537,-0.326736,0.0752124,-0.0955101,0.519326,0.101911,3.84811,-7.24096,-0.0913069],[0.0131765,-0.0094849,-0.0371907,0.00242466,0.0485658,0.03568,-0.0138172,-0.00460715,0.00249831,0.00418564,-0.00206309,-0.000578806,-0.0069824,-0.00154619,-0.00315391,0.00247064,-0.0150394,0.00237351,0.0134396,-0.0010029,-0.0699034,-0.125631,0.000920787],[0.0109622,0.00370451,0.12065,-0.00161331,0.0120171,0.020421,-0.00600208,-0.00310992,0.00761956,0.005336,0.000709492,-0.00104023,-0.001787,-3.29922e-05,-0.0003151,0.00283507,-0.00705115,0.00465568,0.00640123,0.000932813,0.0203621,0.0731474,-0.000204435],[0.0620517,-0.30088,-1.7239,-0.16231,-0.194028,-0.468223,-0.485674,0.154442,1.03701,0.372384,-0.0268518,0.0120508,-0.022855,0.00856111,-0.0214822,-0.229257,-0.205721,-0.00169682,0.441167,0.0491764,-0.416375,5.94329,0.0442682]],"sigmahat":[[0.520079,-0.0214015,0.661139,0.174081,0.492341,0.430712,-0.0510588,-0.00309055,-0.0911093,0.0233124,-0.00298645,0.00271625,-0.0336942,-0.00254237,-0.0119424,-0.0387416,-0.040635,-0.00218573,0.00820124,0.0125635,0.569568,0.698036,-0.00313521],[-0.0214015,0.346878,-0.144992,-0.0824271,-0.197044,-0.174098,-0.010063,-0.00877148,0.119569,-0.00397994,0.00608905,-0.00565169,-0.00611066,-0.0112665,0.0114533,0.0687581,-0.00255264,0.000267611,-0.0440763,-0.00539027,-0.0606666,-0.402157,-0.00370303],[0.661139,-0.144992,16.0817,0.51202,-0.444006,1.23599,-0.0869541,0.23723,-0.0247665,-0.0631145,0.0116407,0.0352125,0.0411701,0.0815952,-0.0189196,-0.00999384,-0.0337515,0.219256,-0.0412179,0.06939,3.32729,3.35069,0.0320396],[0.174081,-0.0824271,0.51202,0.476633,0.187043,0.194646,-0.0309069,-0.0021877,-0.0471308,-0.00581878,-0.00549366,0.00182159,-0.00254725,1.37125e-05,0.00611018,-0.0932425,-0.0345273,0.00213004,0.0336264,0.00806913,0.723397,0.654837,0.000605598],[0.492341,-0.197044,-0.444006,0.187043,1.6138,1.4102,0.104105,-0.0996644,-0.315672,0.0341158,0.00187911,-0.00402995,0.0307498,-0.0131545,0.023402,-0.0737219,0.0783261,0.0424465,0.0501044,0.0106688,-0.124958,2.03345,-0.0103909],[0.430712,-0.174098,1.23599,0.194646,1.4102,1.84387,0.117424,-0.0577147,-0.377499,0.0156099,0.00466093,-0.00177011,0.0568042,-0.00740129,0.0413663,-0.0589187,0.102455,0.0927965,0.0521447,0.027644,0.421323,2.44067,-0.00572538],[-0.0510588,-0.010063,-0.0869541,-0.0309069,0.104105,0.117424,0.190359,-0.0657937,-0.156137,0.0126765,0.0136365,-0.00553161,0.0357273,-0.0058989,0.0266598,0.00632556,0.149127,0.0125742,0.0215197,0.0027888,0.183108,-0.762207,-0.00511754],[-0.00309055,-0.00877148,0.23723,-0.0021877,-0.0996644,-0.0577147,-0.0657937,0.168399,0.0457689,-0.0226995,-0.0099221,0.00164075,-0.00530711,0.00524972,0.00474461,0.0192362,-0.0505732,-0.00604759,-0.0365017,-0.00121153,-0.31726,0.270352,0.00381897],[-0.0911093,0.119569,-0.0247665,-0.0471308,-0.315672,-0.377499,-0.156137,0.0457689,1.17719,0.0498692,-0.00481095,-0.0131782,-0.0107081,-0.00622867,-0.0488352,-0.0742472,-0.0695856,0.0719732,0.113459,-0.022553,-0.667913,1.48155,-0.000492015],[0.0233124,-0.00397994,-0.0631145,-0.00581878,0.0341158,0.0156099,0.0126765,-0.0226995,0.0498692,0.115385,-0.000169466,0.00191495,-0.00512072,0.00212755,0.00515766,-0.0287552,0.0291001,-0.000438804,0.036562,-0.00293104,-0.120683,-0.540483,0.000982847],[-0.00298645,0.00608905,0.0116407,-0.00549366,0.00187911,0.00466093,0.0136365,-0.0099221,-0.00481095,-0.000169466,0.00510062,-0.000689175,0.00438284,-0.000662769,0.00256666,0.00125815,0.00975703,-0.00340924,-0.0011723,0.000575746,0.101406,-0.0125312,-0.000362623],[0.00271625,-0.00565169,0.0352125,0.00182159,-0.00402995,-0.00177011,-0.00553161,0.00164075,-0.0131782,0.00191495,-0.000689175,0.00447805,-0.00161964,0.00304296,0.00024824,-0.00255359,-0.00312569,-0.00370784,0.0015742,0.000528941,-0.0259158,-0.0258961,0.00173148],[-0.0336942,-0.00611066,0.0411701,-0.00254725,0.0307498,0.0568042,0.0357273,-0.00530711,-0.0107081,-0.00512072,0.00438284,-0.00161964,0.0347648,0.000323643,0.0143928,0.000162172,0.0219899,0.0174906,0.00341508,0.00253615,0.0747637,0.131949,-0.000152277],[-0.00254237,-0.0112665,0.0815952,1.37125e-05,-0.0131545,-0.00740129,-0.0058989,0.00524972,-0.00622867,0.00212755,-0.000662769,0.00304296,0.000323643,0.00577403,0.000929589,-0.00152611,-0.00298368,-0.0033812,0.0014629,0.000595334,-0.010211,-0.0319093,0.00189935],[-0.0119424,0.0114533,-0.0189196,0.00611018,0.023402,0.0413663,0.0266598,0.00474461,-0.0488352,0.00515766,0.00256666,0.00024824,0.0143928,0.000929589,0.0197868,0.00694667,0.0167552,-0.000576307,-0.00044226,0.002205,0.0549207,-0.146971,0.000339982],[-0.0387416,0.0687581,-0.00999384,-0.0932425,-0.0737219,-0.0589187,0.00632556,0.0192362,-0.0742472,-0.0287552,0.00125815,-0.00255359,0.000162172,-0.00152611,0.00694667,0.0962123,-3.33955e-05,-0.0126021,-0.0730952,0.000549508,-0.164164,-0.241545,-0.000849103],[-0.040635,-0.00255264,-0.0337515,-0.0345273,0.0783261,0.102455,0.149127,-0.0505732,-0.0695856,0.0291001,0.00975703,-0.00312569,0.0219899,-0.00298368,0.0167552,-3.33955e-05,0.162678,0.0019513,0.00408336,0.00409268,0.0436203,-0.605712,-0.00463617],[-0.00218573,0.000267611,0.219256,0.00213004,0.0424465,0.0927965,0.0125742,-0.00604759,0.0719732,-0.000438804,-0.00340924,-0.00370784,0.0174906,-0.0033812,-0.000576307,-0.0126021,0.0019513,0.186825,0.107564,0.00228841,0.0926588,0.49192,-0.00157167],[0.00820124,-0.0440763,-0.0412179,0.0336264,0.0501044,0.0521447,0.0215197,-0.0365017,0.113459,0.036562,-0.0011723,0.0015742,0.00341508,0.0014629,-0.00044226,-0.0730952,0.00408336,0.107564,0.247746,-0.00396337,0.208647,0.0438821,0.000996802],[0.0125635,-0.00539027,0.06939,0.00806913,0.0106688,0.027644,0.0027888,-0.00121153,-0.022553,-0.00293104,0.000575746,0.000528941,0.00253615,0.000595334,0.002205,0.000549508,0.00409268,0.00228841,-0.00396337,0.00624452,0.146735,-0.0574494,3.17253e-05],[0.569568,-0.0606666,3.32729,0.723397,-0.124958,0.421323,0.183108,-0.31726,-0.667913,-0.120683,0.101406,-0.0259158,0.0747637,-0.010211,0.0549207,-0.164164,0.0436203,0.0926588,0.208647,0.146735,12.9333,1.75223,-0.015928],[0.698036,-0.402157,3.35069,0.654837,2.03345,2.44067,-0.762207,0.270352,1.48155,-0.540483,-0.0125312,-0.0258961,0.131949,-0.0319093,-0.146971,-0.241545,-0.605712,0.49192,0.0438821,-0.0574494,1.75223,48.3312,0.013597],[-0.00313521,-0.00370303,0.0320396,0.000605598,-0.0103909,-0.00572538,-0.00511754,0.00381897,-0.000492015,0.000982847,-0.000362623,0.00173148,-0.000152277,0.00189935,0.000339982,-0.000849103,-0.00463617,-0.00157167,0.000996802,3.17253e-05,-0.015928,0.013597,0.0021835]],"n":23,"lags":3}