{"betahat":[[-6.69246,-7.22006,11.9509,6.51438,-19.2986,-21.4003,4.33631,2.60652,-1.21006,-1.1249,1.42238,-0.626601,0.578076,0.0002321,-5.85826,0.454557,5.00609,-1.8316,0.41013,1.21237,-0.164874,2.15398,81.2126],[0.657131,-0.0700119,-0.0241062,0.104182,-0.103635,-0.123255,0.0131235,-0.00432159,0.0265118,0.142454,0.00720889,0.0303744,-3.56104e-05,0.000139542,0.0184656,-0.00412336,0.0962574,-0.0143556,-0.0116113,-0.0107718,-0.0483125,-0.00896904,-0.228579],[0.0122399,0.763538,0.274219,0.00594322,0.091237,0.211904,0.0414775,-0.0620197,-0.00729108,-0.355193,-0.0301422,-0.0250655,-0.0350066,-0.000308412,0.453773,-0.0989667,-0.502769,0.0539155,0.039994,-0.00150372,-0.0693404,-0.0679148,1.5485],[-0.0279274,0.00599706,0.612841,0.00437187,-0.00448635,-0.069374,-0.000572656,-0.00136632,0.000488266,-0.00452598,-0.00257408,0.000795224,-0.000447478,-1.88945e-05,0.023673,-0.0173496,-0.024347,0.0041304,0.000919238,-0.00124388,-0.0453745,-0.00851215,0.119178],[-0.0803523,0.0454479,-0.0247613,0.686593,-0.247541,-0.0277523,-0.0781546,-0.00560699,0.0125322,-0.0619892,0.00954731,0.00557498,-0.00176118,-4.59217e-05,-0.201495,0.0225674,0.204623,-0.0444623,-0.0107902,-0.0368659,-0.23382,0.0168418,-2.34562],[0.0160145,0.0984888,1.13026,-0.117449,0.824568,0.0941417,0.0252212,0.0238993,0.00142485,-0.186952,0.0105932,0.00506202,0.00122352,-4.58458e-05,0.0235788,-0.0307696,-0.0132183,0.00921585,-0.00208297,0.0165212,0.263075,-0.00462199,1.00214],[0.0733032,0.0556252,-0.104439,0.0408531,0.0547984,0.974848,0.00829718,-0.0229502,-0.00616514,0.0183354,-0.00762393,-0.00763311,-0.0095983,-2.89299e-05,-0.0195236,-0.00483249,0.00757551,0.000635528,-0.00707109,-0.0107964,-0.248986,0.0054932,-0.552261],[-0.211876,0.155824,1.01122,0.192249,-0.962379,-0.686174,0.809378,-0.0579449,0.0135175,-0.432138,0.0376875,0.0223561,-0.00400345,-0.000177696,0.146113,-0.00149407,-0.0497346,0.00670017,0.00629243,-0.0233469,-0.319338,-0.0160517,-0.708456],[0.0977208,0.311633,1.96814,-0.265101,-0.0411559,0.368141,-0.15104,0.167712,0.0436886,0.267939,-0.0214165,0.0232972,-0.0673271,-0.000158641,-0.0337634,0.0854073,0.00672624,-0.125874,-0.0672578,-0.0048624,-0.415829,0.0180767,-2.49239],[-0.123025,1.35508,-1.41234,-1.07173,-0.4147,-0.527926,-0.0572987,-0.205518,0.977305,-2.1583,0.0442155,0.0845406,0.256609,-9.58695e-06,0.503638,-0.152306,-0.373593,0.0423006,0.161212,0.346857,0.418138,0.186588,7.79887],[0.0379616,0.0636173,1.43347,0.004997,0.217243,0.386331,0.0205119,0.0283899,-0.00322664,0.681143,0.00764275,-0.00370552,-0.00181718,3.66611e-05,-0.0290413,0.0362946,0.0545853,0.0137811,0.0062547,0.00883034,0.171868,0.00167807,-0.164371],[-0.767543,-0.0079825,-2.37393,0.137116,-1.41755,-1.56898,-0.427012,0.355274,-0.0287925,-0.52564,0.935561,-0.0633626,0.0315712,0.0005208,-0.76209,-0.419628,0.587196,-0.126196,-0.108,-0.0520177,1.3442,0.0726321,-7.99616],[0.189879,-0.225618,5.24565,-0.0526262,-1.26971,-0.536641,-0.196543,0.390812,0.305857,-0.743087,0.106593,1.18376,-0.219099,0.00064413,-0.522989,0.217679,0.437039,-0.0563078,-0.128723,-0.243704,-0.41554,-0.107502,-8.31837],[-0.0747647,-1.23628,-5.19451,0.179095,2.00932,1.19001,0.195686,0.21805,0.169023,-0.483859,0.0878516,0.213482,1.03116,0.000382913,-0.398867,-0.11154,0.351815,0.182446,0.00798195,0.0588046,3.71288,-0.0873349,4.49966],[-42.9256,6.47353,1350.84,267.935,-94.2912,195.309,-22.3871,0.235793,-11.7562,160.015,34.7172,-8.4628,34.152,0.708474,-64.2262,-37.1078,16.1595,3.84588,0.214258,8.9884,13.8736,1.64997,227.989],[0.0984961,0.0847128,0.260124,0.0894398,-0.133115,-0.134745,-0.134914,0.0374855,0.0129088,-0.0102616,0.00275298,0.0142972,0.000141072,3.75512e-05,0.88207,0.0123808,-0.0706409,0.00215512,-0.00155574,0.00626021,0.446632,0.00163266,-0.722763],[-0.0590085,0.27156,-1.38498,0.386735,-0.222718,-0.494224,-0.228442,0.020964,0.0148583,0.279845,-0.05875,-0.00801112,-0.0415548,-0.000103419,-0.111221,0.954284,0.157889,0.00374224,-0.0497964,-0.0371503,-0.263606,0.0207872,-2.05323],[0.0750446,0.166118,0.32743,-0.112671,-0.14576,-0.134841,-0.0917992,-0.0343401,0.014255,0.207614,-0.0544131,-0.00227174,-0.0500074,-0.000214589,0.906935,-0.21773,0.22698,0.0662787,0.000962861,0.00512573,1.5367,-0.149262,4.95955],[-0.527566,0.708832,-1.27949,-0.413931,0.0355324,-0.0669343,0.455799,-0.177077,0.0314412,0.796278,0.115818,0.0497663,0.0591895,-8.33426e-05,-0.493346,-0.326514,0.387479,1.2217,0.0814631,-0.0100493,-4.18111,0.0788142,-1.79892],[-0.233343,0.318377,0.761936,-0.457947,0.724869,1.13587,0.187984,-0.160772,0.095102,-0.599608,0.128729,0.0506918,0.12121,-0.00130314,1.10922,0.374475,-0.903687,0.0249758,1.1902,0.247873,-4.92921,-0.32886,3.20518],[0.258126,0.68275,2.15778,0.503267,-0.712097,-0.577062,-0.189353,-0.0647411,0.0143774,-0.253634,-0.135486,0.0406586,-0.124716,0.000213206,0.195615,0.0397558,-0.138492,0.0110858,-0.126316,0.811415,2.97459,-0.156871,-0.236425],[-0.0173397,0.00429221,-0.11383,0.000813377,0.0133858,0.00971352,0.0188052,0.00399151,0.00229459,-0.0487421,0.00394778,-0.0015835,0.00563325,-7.85166e-06,-0.00434184,-0.0161329,-0.000654599,0.00425086,0.0067615,0.00988549,0.958251,0.0115978,-0.150671],[-0.0324517,-0.1939,0.744624,-0.664196,0.119045,-0.512397,0.148547,0.065082,-0.0735265,-0.0367572,0.0648068,-0.0175836,0.072407,0.000214684,-0.464315,-0.080044,0.139046,-0.106124,0.0194953,-0.0301701,-4.83905,1.10302,-8.47345],[0.011457,0.00302283,0.147837,0.011052,0.00964068,0.0213244,-0.0015391,0.0062046,-0.00298773,0.037082,-0.00143808,-0.002871,-0.000245068,8.71632e-06,0.00184084,-0.00113499,-0.00369259,-0.00107873,-0.000356856,0.00222622,-0.00120634,0.00134034,0.981541],[0.120265,0.0182874,-0.652855,-0.0935113,-0.163294,-0.293168,-0.00257114,0.0626982,-0.0198046,-0.0681641,-0.0212227,-0.0262019,-0.0139805,-5.93258e-05,-0.0496213,0.0349498,-0.00870595,0.00363311,-0.00968416,-0.0118933,0.137895,0.00988665,0.318981],[-0.0475448,0.0752795,-0.599854,-0.0786218,-0.0885426,-0.302463,-0.0372538,0.013733,-0.00281278,0.266356,0.0104372,0.0118469,0.00380366,0.00018619,-0.396066,0.12194,0.393464,-0.0547529,-0.0390903,-0.0261139,-0.251297,0.039132,-1.69623],[0.0245818,0.00419891,0.172247,-0.00671348,0.0123799,0.0501736,0.000254478,-0.000287721,-0.000501793,0.0188826,-0.000859427,-0.000819032,-0.00251307,2.56915e-05,-0.0140023,0.0118742,0.0214783,-0.00341379,-0.0101695,-0.00568913,0.100871,0.00160464,-0.174329],[0.115092,0.00234419,-1.18641,0.189043,0.288464,-0.0181441,0.00896184,0.00621141,-0.0209709,0.159989,0.00137465,-0.0126664,0.00674078,-1.13398e-05,0.0376751,0.0194687,-0.057828,0.0232673,-0.0249197,0.00991001,0.919917,-0.0112751,1.43132],[-0.0105237,-0.0844494,-0.835832,0.104476,0.125917,-0.114954,-0.00608756,-0.0186187,0.00198194,0.0647986,-0.00429273,-0.000691199,0.002541,3.2431e-05,-0.0278639,0.0222883,0.0217011,0.0026145,0.00621807,-0.0054834,-0.0846207,0.0122949,-0.645007],[-0.01285,-0.0238012,-0.0222125,-0.0246278,0.0291375,0.0571668,0.0161551,0.00720172,0.00714211,-0.0487371,0.00629644,0.00754074,0.0129451,2.89975e-05,0.0189207,0.00443396,0.000336127,0.0116162,0.0105513,0.011684,0.235109,-0.000325587,0.323296],[0.00965901,-0.0906891,-0.59792,-0.117589,0.457204,0.413606,0.181374,-0.0281333,0.0076508,0.304309,0.0376986,0.01112,0.0427616,0.0003011,-0.173484,-0.0245446,0.0786817,-0.00433588,0.0124301,0.0552199,-0.658718,0.0673497,-0.637251],[-0.0970207,-0.069784,0.639391,0.0318131,0.225098,0.372587,-0.344216,0.257608,0.00433055,0.153757,0.00880077,-0.000745881,-0.0330296,-0.000109172,0.0373657,0.0734222,0.071693,-0.0695792,-0.0245134,-0.0624237,-0.806982,0.000385389,-5.07802],[-0.239391,0.241896,-2.47058,0.197984,-0.242154,-0.875349,0.0986176,0.0376383,-0.115955,0.0671899,-0.0397,-0.0563362,0.119891,3.5887e-05,0.392331,-0.146332,-0.258596,0.0295931,0.176552,0.189848,1.10699,0.0110826,4.14146],[-0.0807227,-0.0800096,-1.33234,-0.0522636,-0.167534,-0.296006,-0.00931352,-0.0175799,0.00108077,0.245598,0.00125789,0.001659,0.00569502,9.84846e-06,0.0235485,-0.0174716,-0.033573,-0.0180772,-0.00655064,-0.013376,-0.331913,0.00908417,-0.292925],[0.747472,0.424804,0.810453,-0.278171,1.6046,1.35729,0.248931,-0.710658,0.0256053,-0.83189,-0.0699076,-0.0113857,0.00408517,-0.000314745,0.558609,-0.0685897,-0.311436,0.0826075,0.110095,0.0203877,-1.237,-0.100301,6.79188],[-0.00699434,-0.0158641,2.61818,0.319052,-0.186498,-0.0703647,0.376618,-0.193285,-0.155661,0.614643,-0.0491822,-0.188051,-0.108648,-0.000671481,-0.224823,0.291829,0.237349,-0.0442058,-0.0794413,-0.186084,-0.199365,-0.0296117,-0.762683],[-0.0637832,-0.210198,4.46219,0.0205299,-0.648927,0.140374,-0.178582,-0.240166,0.0015733,0.0686497,0.0448264,0.00310928,-0.0055423,0.000105485,0.0048099,0.2648,0.0797541,-0.110375,0.0655997,0.00258308,-2.76168,0.085172,-3.31181],[-3.29419,86.0058,-255.596,-208.791,-129.144,-276.671,85.2207,33.226,-3.3605,-51.0709,-34.2482,5.43891,-25.4842,-0.0559842,44.2399,107.441,34.3248,4.83443,-10.9873,-15.9326,115.803,-4.47481,1131.35],[0.0161773,-0.0758801,0.13375,-0.01631,0.218712,0.247358,0.112825,-0.021471,-0.00857382,0.0180146,0.00401503,-0.00856785,0.0101397,-4.95091e-05,0.0577759,0.0229035,0.0873268,0.00422609,-0.00799677,-0.00376005,-0.219508,0.00798412,0.652115],[-0.0708971,-0.408686,0.316113,-0.45823,0.0409422,0.167517,0.0725947,0.0692982,-0.00783346,-0.107816,0.0322505,0.0109,0.0334301,0.000183631,-0.0818299,0.0488811,-0.00848479,-0.0596372,0.026632,0.00591992,-0.125496,-0.00160208,-1.30175],[-0.0379495,-0.0493972,0.0965954,0.0282946,0.11454,0.132026,-0.00462451,-0.0237747,0.00177032,0.209889,0.00802029,0.0114927,-0.00224604,0.000118102,-0.267235,0.0871257,0.184003,-0.0268288,-0.0361822,-0.0169068,-0.295774,0.0323327,-1.74039],[0.413243,-0.219554,1.32857,0.390698,0.130358,0.318823,-0.192367,0.0588089,0.00427118,-0.872784,-0.051048,0.00216956,0.0231746,6.5265e-05,0.679386,0.212822,-0.529982,-0.0685322,0.0287528,0.0775902,2.37462,-0.079458,2.98908],[0.637118,-0.176529,4.10392,0.111569,-0.140347,-0.412584,-0.126777,0.150634,-0.00238351,1.14454,-0.116449,0.00247392,-0.118595,0.000318161,-0.416958,0.065672,0.378807,-0.130667,-0.176197,-0.170928,3.20625,-0.0198862,-4.02912],[-0.0509479,0.270726,-0.365278,-0.49938,0.0916261,-0.171047,0.0285661,-0.00849287,-0.0617563,1.02745,0.0106888,-0.0330234,-0.0523786,-7.22651e-05,-0.0696866,-0.171815,0.0132936,-0.0496688,0.0208601,-0.0802395,-2.92399,0.0584643,-2.36696],[-0.00535469,0.0100784,-0.0304259,-0.0134148,-0.00862999,0.00889848,-0.00951751,-0.01388,-0.00440358,0.0468251,-0.00431989,-0.00256841,-0.00866018,1.00282e-05,0.0103422,0.0180052,-0.000778431,0.00237896,-0.00640114,-0.00907844,-0.0469326,-0.00684784,0.383315],[0.129245,0.267172,1.8572,-0.0286704,-0.459349,0.105207,-0.168726,0.0658637,0.0614386,0.330279,-0.0561946,0.0418792,-0.0381948,-0.000321587,0.171097,0.146143,0.0663848,-0.0299428,-0.0258672,-0.00975441,1.22377,-0.163588,2.71137],[-0.00435879,-0.00100675,-0.0531331,-0.00955246,-0.0055271,-0.00110334,-0.00245624,-0.00434316,0.00155361,-0.0207767,-0.000330087,0.00175308,-0.0012465,-2.13801e-06,-0.00370809,0.0039337,0.00611043,-0.000763756,0.000204427,-0.00119998,0.0297996,-7.65515e-05,-0.0287118],[0.222735,0.0518794,0.676995,-0.0107551,0.267051,0.416805,-0.0104512,-0.0584518,-0.00668366,-0.0743415,0.0140166,-0.00414382,0.0140551,-8.01459e-05,0.0311207,-0.030816,-0.0874183,0.0108515,0.0213245,0.0226506,-0.089565,-0.000931235,-0.0919723],[0.0353464,0.160908,0.322964,0.0726711,-0.00188856,0.0909955,-0.00409263,0.0483192,0.0101334,0.0877952,0.019778,0.0132224,0.0313281,0.000122156,-0.0572786,-0.0232132,0.108841,0.00101187,-0.000724671,0.0277557,0.321469,0.0287655,0.149427],[0.00312554,-0.010547,0.203675,0.00289361,-0.0080444,0.0178447,9.15746e-05,0.00164589,6.40887e-05,-0.0142647,0.0031831,9.09938e-06,0.00278263,-6.73015e-06,-0.00949868,0.00570476,0.00302139,-0.00064223,0.00912763,0.00668048,-0.0525689,0.00665314,0.0469457],[-0.033848,-0.0476059,1.20852,0.124445,-0.0392474,0.0477583,0.0693095,-0.000468981,0.00850614,-0.0983972,-0.0109371,0.00711965,-0.00487965,5.73109e-05,0.163888,-0.0421599,-0.146838,0.0215688,0.0357567,0.026974,-0.682857,-0.00560719,0.915411],[-0.00510755,-0.0139471,-0.29526,0.0130688,0.0495367,0.0207601,-0.0192637,-0.00516968,-0.00335618,0.121781,-0.00640541,-0.00433549,-0.00378548,1.34195e-05,0.00470749,0.00854578,-0.00881442,-0.0116789,-0.00405363,-0.0110426,-0.176318,-0.00782317,-0.356992],[-0.0601486,-0.0316843,0.126331,-0.0162093,-0.0839211,-0.0322054,-0.0245172,0.0158507,-0.000862224,0.0296448,0.00125681,0.000187163,-0.00337033,-1.28446e-07,0.000795132,0.000456693,-0.00803581,-0.0120826,-0.00339855,-0.000911943,0.0152254,-0.00534989,0.228474],[0.203664,-0.0647529,-0.415558,-0.0749892,0.507029,0.274584,0.00832684,0.0870294,-0.0209831,0.126488,-0.0755354,-0.0333359,-0.0385372,-0.000122992,0.0287365,0.0255608,-0.0301402,-0.00197516,-0.0185385,-0.0316779,0.986422,-0.0515227,1.34158],[0.212125,0.128649,0.294839,-0.0216339,0.258102,0.235684,0.0329732,0.0607864,-0.0383666,-0.00911089,-0.0380639,-0.0391056,-0.0398447,-9.12676e-05,0.0986471,-0.0930159,-0.112707,0.0274389,-0.0120141,-0.0161193,1.25047,-0.0601598,2.86679],[0.0151807,-0.184693,-2.2292,0.164692,-0.00744754,0.110399,-0.0434229,0.175071,-0.0451209,0.337976,0.0756632,-0.041131,0.12681,0.000104115,0.0183893,-0.263256,-0.0273445,0.140952,-0.00666969,0.0833761,0.827003,0.0715319,2.35968],[0.0453202,0.0159639,-0.112154,0.0479266,-0.0407559,-0.082475,-0.00945472,-0.0124253,0.00257479,0.0707002,-0.00889562,0.00229573,-0.00344257,-4.58836e-05,0.00589147,-0.0179157,-0.0206666,0.0059273,0.000303808,0.00438014,0.16135,-0.0111819,0.461157],[0.158148,-0.259464,1.50415,-0.131682,-0.183484,-0.0728539,-0.129363,0.379887,-0.0220459,0.542291,-0.0694157,-0.00755903,-0.110033,-0.000244034,0.232829,0.0936399,-0.39064,-0.0667241,-0.0647843,-0.0340734,-0.016786,-0.0410238,-0.447031],[0.224007,-0.221871,0.195507,0.426293,0.301902,0.263149,0.109517,0.0942014,-0.0708345,0.806094,-0.0137549,-0.1057,-0.044894,-0.000358725,-0.122017,-0.00509794,-0.00217541,0.0468778,-0.0294859,-0.0486779,-1.61482,-0.0327188,-1.58488],[-0.140841,0.378844,-2.13946,0.170022,0.0124934,0.121209,0.175526,-0.091295,-0.08539,0.214578,0.0244579,-0.0831061,0.0163133,-0.000113087,-0.13564,0.00865773,0.173794,-0.0393679,0.00327093,0.0498888,0.0591758,0.16528,-2.40671],[46.2196,-92.4797,-1095.24,-59.1435,223.435,81.3621,-62.8336,-33.4621,15.1167,-108.944,-0.46888,3.02391,-8.66777,0.34751,19.9858,-70.3328,-50.4837,-8.68039,10.7729,6.94407,-129.677,2.82491,-1359.34],[-0.114265,-0.00842877,-0.395432,-0.0732664,-0.0850966,-0.112297,0.0220739,-0.0159937,-0.00432122,-0.00811972,-0.00681954,-0.00572782,-0.0102603,1.20394e-05,0.0600575,-0.0354754,-0.0166463,-0.00626855,0.00958654,-0.00253244,-0.226271,-0.00963014,0.0700361],[0.130163,0.136762,1.06737,0.0715654,0.182535,0.326968,0.156165,-0.0904584,-0.00700131,-0.172128,0.0265739,-0.0028692,0.00818839,-7.99097e-05,0.192446,-0.00336841,-0.148977,0.0560989,0.0230722,0.0311532,0.387436,-0.0191195,3.35547],[0.130357,0.0716079,0.562741,0.141375,0.411848,0.391309,0.0533217,-0.055263,0.00126731,-0.0271392,0.0125279,0.00672793,0.00654623,3.50711e-05,-0.0594598,0.0513063,0.103283,0.0130067,-0.0224582,-0.00580721,-0.279521,0.017339,0.608785],[0.115799,-0.489047,-0.053411,0.0234969,-0.163209,-0.249358,-0.263452,0.118793,-0.0355174,0.0751585,-0.064823,-0.051781,-0.0820719,1.84334e-05,-0.18531,0.113275,0.14208,-0.152597,-0.110006,-0.0673425,1.81221,0.000610492,-1.19023],[0.0171878,-0.393943,0.900924,0.0460966,0.27255,0.576759,-0.00686109,0.00171531,-0.0159862,-0.276965,-0.00122781,0.00142395,0.000988115,0.000365669,-0.254631,0.0504342,0.163118,-0.0245374,-0.123318,-0.0750164,0.48318,0.0789097,1.78824],[-0.518156,-0.256845,-2.83313,-0.300146,-0.0458508,0.00976071,-0.00704002,-0.0490413,-0.0383323,-0.232141,0.0351668,-0.0238042,0.0122113,0.000165627,-0.0383354,-0.00918484,0.0245954,-0.00703371,0.0133163,-0.0073678,-0.665187,0.0819421,-0.395419],[0.0253862,-0.0117935,0.129018,0.0124176,0.0019808,-0.0128711,-0.00901285,0.00996165,0.00228328,0.00091684,0.000161106,0.00416502,0.00319481,-2.05721e-06,-0.00386523,-0.00296034,-0.000457491,-0.00501789,6.56297e-05,-0.000715951,0.0928458,-0.00498592,-0.222386],[0.10591,0.445351,-0.847514,0.161431,0.354535,0.615118,0.0548597,-0.0453148,0.0236495,-0.373024,0.0511667,-0.00655441,0.0619842,-0.000317422,0.270615,0.033351,-0.229244,0.0788894,0.0694388,0.0845625,1.22117,-0.048952,4.44158],[-0.0107859,-0.00464627,-0.107196,-0.00568094,-0.00328474,-0.0179305,0.000408444,0.00101825,0.0017405,-0.00580287,0.000754268,0.00123691,0.00123112,7.27764e-07,0.000437006,-0.000583048,-0.00208091,0.00103315,-5.03114e-05,-0.00107702,-0.0423411,-0.000523885,-0.091549]],"sigmahat":[[0.580462,0.124436,1.03889,0.0613773,0.552757,0.557618,-0.0794501,0.0209241,-0.00358194,-0.0251794,-0.0463987,-0.00787198,-0.0227626,5.30869e-06,0.0574206,0.0026453,-0.0462979,0.00333997,-0.0137091,-0.0206572,0.495924,-0.0421669,-0.495555],[0.124436,0.67207,0.514243,-0.042008,-0.0047566,0.116806,0.026788,-0.0338751,-0.0100402,0.00827257,0.0184394,-0.0107624,0.036372,-0.000125025,0.138353,-0.0702014,-0.0701017,0.0366553,0.0432354,0.0514411,0.164804,-0.0095562,2.39486],[1.03889,0.514243,19.6578,0.0941083,-0.337577,2.08706,-0.117966,0.178965,0.011876,-0.641542,-0.0128354,0.0334624,-0.0716762,-0.000459878,0.226527,0.130197,-0.218629,-0.15713,-0.0340881,0.00551679,2.26778,-0.144675,-0.747755],[0.0613773,-0.042008,0.0941083,0.358388,0.0335779,-0.0526357,-0.00705912,-0.00681361,0.00325154,0.0739916,-0.00121419,0.00691456,-0.00903741,-2.26763e-05,0.0776236,0.0188471,-0.0319484,0.00162625,-0.0060475,-0.00414729,0.413499,-0.00484461,0.606983],[0.552757,-0.0047566,-0.337577,0.0335779,1.87705,1.6286,0.0180955,-0.0819836,-0.0101018,-0.149037,-0.0255552,-0.0175017,0.000789167,0.000154704,0.102657,0.062122,0.00555402,0.0146144,0.00395916,0.0148527,-0.201909,0.0226572,-1.15891],[0.557618,0.116806,2.08706,-0.0526357,1.6286,2.22506,0.0453982,-0.0421402,-0.00943761,-0.332778,0.00959861,-0.0176922,0.0309799,6.09276e-05,0.174621,0.0998916,-0.0502281,0.0121826,0.0322176,0.0772694,0.252797,0.0513894,-0.117931],[-0.0794501,0.026788,-0.117966,-0.00705912,0.0180955,0.0453982,0.227836,-0.0774673,-0.00621932,-0.182871,0.0501865,-0.00626966,0.040302,-7.25281e-05,0.00384209,-0.0266912,-0.0110099,0.0542958,0.0348408,0.0391517,-0.398222,0.0344269,2.38625],[0.0209241,-0.0338751,0.178965,-0.00681361,-0.0819836,-0.0421402,-0.0774673,0.187234,0.00249357,0.0200783,-0.0155275,0.00542437,-0.00376191,3.44063e-05,0.00221295,0.00547535,-0.0103099,-0.0243247,-0.000650587,0.00509028,0.537829,-0.00226213,-0.918443],[-0.00358194,-0.0100402,0.011876,0.00325154,-0.0101018,-0.00943761,-0.00621932,0.00249357,0.00539789,-0.00966593,0.00068881,0.00422817,0.000573778,7.31502e-06,-0.00247778,0.0012667,0.00191506,-0.000734692,0.000227348,-3.42718e-05,0.0137227,-0.00216919,-0.121175],[-0.0251794,0.00827257,-0.641542,0.0739916,-0.149037,-0.332778,-0.182871,0.0200783,-0.00966593,1.34142,-0.0613758,-0.0093367,-0.0741489,4.60787e-05,-0.114304,0.0707553,0.117196,-0.0763919,-0.0938263,-0.0958851,-0.537093,-0.0331136,-2.9687],[-0.0463987,0.0184394,-0.0128354,-0.00121419,-0.0255552,0.00959861,0.0501865,-0.0155275,0.00068881,-0.0613758,0.032539,0.00270423,0.0268777,-1.09891e-05,-0.0125521,-0.0176887,-0.00014774,0.0122348,0.0163323,0.02551,-0.165482,0.0227922,0.558022],[-0.00787198,-0.0107624,0.0334624,0.00691456,-0.0175017,-0.0176922,-0.00626966,0.00542437,0.00422817,-0.0093367,0.00270423,0.00678932,0.00205081,1.20989e-05,-0.00515189,0.000390399,0.00519009,-0.00236955,-0.000335152,0.000348874,0.0265549,-0.000627845,-0.116912],[-0.0227626,0.036372,-0.0716762,-0.00903741,0.000789167,0.0309799,0.040302,-0.00376191,0.000573778,-0.0741489,0.0268777,0.00205081,0.0351854,3.77821e-06,0.00633705,-0.0221541,-0.0165755,0.0137659,0.0192022,0.0308568,-0.0816823,0.0217191,0.542238],[5.30869e-06,-0.000125025,-0.000459878,-2.26763e-05,0.000154704,6.09276e-05,-7.25281e-05,3.44063e-05,7.31502e-06,4.60787e-05,-1.09891e-05,1.20989e-05,3.77821e-06,4.16118e-07,-0.000114456,-6.97541e-07,0.000102227,-2.59753e-05,-2.16179e-05,-1.67893e-05,-0.000244148,3.80021e-05,-0.00216199],[0.0574206,0.138353,0.226527,0.0776236,0.102657,0.174621,0.00384209,0.00221295,-0.00247778,-0.114304,-0.0125521,-0.00515189,0.00633705,-0.000114456,0.555819,-0.011347,-0.435272,0.0334696,0.0536387,0.0499092,0.578731,-0.0548839,3.0693],[0.0026453,-0.0702014,0.130197,0.0188471,0.062122,0.0998916,-0.0266912,0.00547535,0.0012667,0.0707553,-0.0176887,0.000390399,-0.0221541,-6.97541e-07,-0.011347,0.132479,0.0602346,-0.0296641,-0.0115611,-0.0161965,0.107706,-0.00777172,-0.845351],[-0.0462979,-0.0701017,-0.218629,-0.0319484,0.00555402,-0.0502281,-0.0110099,-0.0103099,0.00191506,0.117196,-0.00014774,0.00519009,-0.0165755,0.000102227,-0.435272,0.0602346,0.468695,-0.0460408,-0.0528054,-0.0498076,-0.259765,0.0423482,-2.82252],[0.00333997,0.0366553,-0.15713,0.00162625,0.0146144,0.0121826,0.0542958,-0.0243247,-0.000734692,-0.0763919,0.0122348,-0.00236955,0.0137659,-2.59753e-05,0.0334696,-0.0296641,-0.0460408,0.0364971,0.0146414,0.0149807,-0.0477938,0.00335698,1.15853],[-0.0137091,0.0432354,-0.0340881,-0.0060475,0.00395916,0.0322176,0.0348408,-0.000650587,0.000227348,-0.0938263,0.0163323,-0.000335152,0.0192022,-2.16179e-05,0.0536387,-0.0115611,-0.0528054,0.0146414,0.0351529,0.0322062,-0.0527833,0.00968173,0.754315],[-0.0206572,0.0514411,0.00551679,-0.00414729,0.0148527,0.0772694,0.0391517,0.00509028,-3.42718e-05,-0.0958851,0.02551,0.000348874,0.0308568,-1.67893e-05,0.0499092,-0.0161965,-0.0498076,0.0149807,0.0322062,0.0465782,0.0159807,0.021345,0.902818],[0.495924,0.164804,2.26778,0.413499,-0.201909,0.252797,-0.398222,0.537829,0.0137227,-0.537093,-0.165482,0.0265549,-0.0816823,-0.000244148,0.578731,0.107706,-0.259765,-0.0477938,-0.0527833,0.0159807,11.2312,-0.185293,3.91315],[-0.0421669,-0.0095562,-0.144675,-0.00484461,0.0226572,0.0513894,0.0344269,-0.00226213,-0.00216919,-0.0331136,0.0227922,-0.000627845,0.0217191,3.80021e-05,-0.0548839,-0.00777172,0.0423482,0.00335698,0.00968173,0.021345,-0.185293,0.0436364,0.0759483],[-0.495555,2.39486,-0.747755,0.606983,-1.15891,-0.117931,2.38625,-0.918443,-0.121175,-2.9687,0.558022,-0.116912,0.542238,-0.00216199,3.0693,-0.845351,-2.82252,1.15853,0.754315,0.902818,3.91315,0.0759483,77.3501]],"n":23,"lags":3}