{"betahat":[[0.0325212,0.125341,-0.269619,-0.0687585,-0.019391,-1.20378,0.004688,1.01844,-0.782468,-0.0104111,-0.00908243,1.30768,5.80343,-0.00729565,-0.165595,0.0103174,0.0274836],[0.25389,0.0188123,1.5816,-0.0528096,0.047478,0.214885,0.0616037,0.0892159,1.19058,-0.0135414,-0.00642056,-0.57439,0.0168479,-0.0123715,-0.306888,-0.0942448,0.00550747],[-0.0533789,0.113619,-0.0160394,0.00138851,-0.164925,0.404776,-0.105945,-0.190769,-0.684819,-0.000641136,0.0137977,-0.15249,-0.093629,-0.0673524,0.0683229,-0.139685,-0.0145402],[0.00682326,0.000567061,0.0890012,0.00702916,0.0114357,0.0513951,0.0101408,-0.0265086,0.0376493,0.00149605,0.00256129,-0.0866859,-0.00674803,0.0100669,-0.0382512,-0.00241443,-0.0034785],[-0.00331481,0.0801147,-0.614231,0.26402,0.0629883,-0.561838,0.121517,0.869999,-1.94547,0.0349949,0.0356735,-2.9533,-2.31189,0.157673,0.349486,-0.204126,-0.144018],[-0.0212018,0.0279931,-0.0282503,0.00553213,0.00766124,0.00552339,0.0338705,-0.0217741,-0.0539342,0.00146205,0.0015471,-0.0921629,-0.0702878,0.0355566,-0.0282625,0.0085488,-0.00190619],[0.00175507,-0.00522271,0.01377,-0.00220205,-0.00479516,0.136435,-0.00562979,0.0422143,0.165101,0.0003172,-4.01569e-06,-0.0467469,-0.0251268,-0.00521159,-0.0108213,-0.00804079,-0.00101224],[-0.0263196,0.0370511,0.0195619,0.00222539,0.00383814,0.112759,0.0423244,-0.00828201,-0.00273253,0.00258824,0.00165862,-0.0856782,-0.107444,0.0472585,0.00138548,0.0184901,-0.00635367],[-0.000464024,0.00112216,-0.0150202,0.00329321,0.00202951,0.0852327,-0.000922529,0.38418,0.215047,-0.000577472,-0.000132974,-0.0821928,-0.00711979,0.000447272,0.00610946,0.00922226,0.000929826],[0.000904865,-0.00198585,0.0303923,-0.00114068,0.000253113,0.0391944,0.000211079,0.0174986,0.131977,0.000488957,0.000226995,-0.00976108,0.00644088,2.10786e-05,-0.0014425,0.0027706,0.000506186],[-0.0517526,-0.157326,0.215674,-0.0140142,-0.0068111,0.317737,-0.0287516,-0.307397,-0.0296047,0.0419378,0.0338326,-0.29815,0.113082,-0.00165332,-0.287695,-0.171169,0.0373127],[-0.158372,-0.013289,-1.13115,0.0290281,-0.0162177,-0.00643875,-0.00741392,-0.799623,-1.12755,0.0239728,0.0444135,-1.53991,-0.0257558,0.0166043,-0.398828,-0.213804,0.00975614],[0.00318981,-0.00142663,0.033417,-0.00550418,-0.00274503,-0.0498167,-0.00273329,-0.0163903,-0.0140218,0.000196221,-0.00119896,0.223793,0.0435186,-0.00305425,0.0142382,0.0128052,0.0030992],[-0.000589125,-0.000543238,-0.0222134,-0.00563291,0.000183379,-0.171559,0.000837822,-0.0544219,-0.0112254,4.14162e-05,0.000279344,0.0947966,0.621315,0.00216806,-0.0117598,-0.00716904,-0.00243852],[-0.0331765,0.0320951,0.0378869,0.0055081,0.00476615,0.154317,0.0420845,0.122787,-0.0825229,0.0043334,0.00350016,-0.0867896,-0.101081,0.0523991,-0.0323896,0.0146121,-0.0132378],[0.0191119,-0.0287032,0.220726,-0.00698402,0.0143991,-0.108994,0.00542342,-0.00125854,0.650476,0.0101501,-0.00392063,0.497224,-0.00861369,-0.00424863,0.108551,0.0418662,0.012245],[0.0256215,0.0521097,0.284513,-0.0265564,-0.00815991,0.430495,0.0107816,0.307705,2.20853,0.0160143,0.00609712,0.76491,-0.114833,-0.00687462,-0.0441258,0.258161,0.0239082],[0.0900191,-0.118852,0.147419,-0.149364,0.0535894,-1.02723,0.0565044,2.39309,1.77661,0.0510264,0.0377573,2.60901,-0.195762,0.066694,0.266329,-0.0187525,0.664782],[-0.0255024,0.0127152,-0.176705,0.0121828,0.0322281,0.0051568,0.0315634,0.0323285,-0.466234,-0.0130428,0.0072766,-0.49859,-0.0317922,0.0221808,-0.158713,-0.042777,-0.0185746],[-0.0146906,-0.0313335,0.00145925,0.00320942,-0.0401166,0.0240118,-0.0377155,0.043101,-0.306981,-0.00175,0.00260343,-0.0517871,0.0745476,-0.0261925,-0.0117962,-0.056701,-0.0076701],[-0.00217932,0.00284354,-0.0141496,0.00140358,0.00110891,0.0126485,0.00209862,-0.0117283,-0.0240044,0.000161622,0.00144759,-0.0295572,0.00378663,0.0030298,-0.00473362,0.000757855,-0.00128992],[0.00261367,-0.0791219,0.521368,0.0126184,-0.00263434,0.00101299,0.00765325,0.414824,0.306849,0.00562023,-0.0118358,-0.616775,-0.459376,0.0049173,0.0225036,-0.107113,-0.0215861],[-0.00177879,0.00120657,0.00143847,-0.000460428,-0.000371728,0.0248796,-0.00130001,-0.0043325,-0.00879425,-1.94143e-05,0.000268948,0.00235201,0.00249016,-9.37424e-05,0.00102325,0.00343503,-0.000898319],[-0.000294281,-0.000544393,-0.00268948,-0.000372229,-0.000539095,0.0196875,-0.000356628,0.00838011,0.0305633,7.41572e-05,0.000140084,-0.0124651,-0.00271345,-0.000138495,-0.00383519,-0.00149914,5.24525e-05],[-0.00310749,-0.000473271,0.0405995,-0.000937465,-0.00127746,0.0404738,-0.000958425,-0.00467061,-0.0313285,0.00090965,0.000914365,-0.0128309,-0.00327951,0.000547976,-0.0100488,-0.00476507,-0.000884765],[-0.000193056,0.000339606,0.00127811,0.00114145,-0.000575076,0.0249885,-0.000542212,0.0809662,0.0653338,-7.24527e-06,4.28588e-05,-0.0307231,-0.00162567,-0.000213755,0.000419093,0.00179742,-0.000109055],[-0.000266581,-0.000168084,0.00163678,-0.000141599,0.00018241,0.00711462,9.17593e-05,0.00470978,0.0184859,8.34994e-05,0.000153563,-0.00468307,0.0018113,0.000141906,-0.00108167,4.77056e-05,0.000131907],[-0.000320298,-0.0489133,0.0425952,-0.00356636,0.00371969,-0.039991,-0.00795307,-0.0405113,-0.413864,0.00120841,0.00507239,-0.166307,0.0497652,0.000934419,-0.101219,-0.042999,0.00877586],[-0.0139196,-0.028521,0.0253603,-0.00693746,-0.00534842,0.0252476,-0.00987112,-0.0472823,-0.00894076,0.00223769,0.00307088,-0.142569,0.0681403,-0.00735349,-0.0403409,-0.0311767,0.00762615],[-0.000125806,0.00033113,0.0008358,-0.000848163,-1.92831e-05,-0.0136446,-0.000312237,0.00299368,-0.022984,-0.000124763,7.72055e-05,0.0409901,0.00955849,-0.000441155,-9.23805e-05,0.00384001,0.000442156],[0.000228781,-0.000372811,0.0103608,-0.00163506,0.000760209,-0.033982,0.000342332,0.00114767,0.0264463,0.00025299,1.71941e-05,0.0279918,0.160265,0.000264637,-0.000702319,0.00094337,-0.000448677],[-0.00353224,-0.00170874,0.0684432,-0.000866339,0.00193544,0.0572126,0.00213122,0.0276846,-0.0537285,0.00182799,0.00172349,-0.0124993,-0.0153886,0.00416689,-0.0129355,-0.0035096,-0.00371054],[0.00429112,-0.00619915,0.054745,0.000350086,0.00430739,-0.0103442,0.0042101,-0.0225077,0.0863728,0.0022204,0.000240097,0.094212,-0.00797912,0.0023831,0.0172301,0.0151301,0.00112103],[-0.000859934,-0.0125603,0.186698,-0.0185321,-0.0190037,0.178444,-0.0143205,0.106756,0.470901,0.00201553,0.00295149,0.0761861,0.036206,-0.0134219,-0.00166051,0.0209457,0.0100096],[0.0120352,-0.0147047,-0.194355,-0.00691895,0.0317153,-0.169178,0.0713492,0.727369,-0.468341,3.60506e-05,0.00705058,0.417915,0.142083,0.0682241,-0.151611,-0.125261,0.0758759],[-0.0234988,0.013218,-0.0475454,0.0107376,0.0175502,0.0784467,0.0130651,-0.0270513,-0.194496,-0.00341956,0.006549,-0.246753,-0.0102694,0.0104709,-0.0353815,-0.0023123,-0.0117828],[0.00178607,-0.0130786,-0.120349,0.00691085,-0.018076,-0.0411732,-0.0151389,0.0284414,-0.191884,-0.00249842,-0.00110942,0.0545611,-0.0109858,-0.00898981,0.00311143,0.0088124,-0.00422001],[-0.00183844,0.00122612,-0.0176415,2.29122e-06,-0.000105223,0.00305829,0.000767877,-0.0084206,-0.0111089,8.73188e-05,0.000597084,-0.0173668,0.000767236,0.000604046,-0.0043477,-0.00126375,-0.000522519],[-0.010593,-0.0376848,0.238544,0.012966,0.00422701,0.0354288,-0.00528947,0.139113,-0.197176,7.40556e-05,0.000376033,-0.36234,-0.287908,0.00109318,-0.00377969,0.0253619,-0.0127378],[0.000972251,0.000947857,0.0140404,0.000541105,-0.00204939,0.00418472,-0.00190939,-0.011829,-0.0261085,0.000566284,0.000395183,-0.00473787,0.00131917,-0.00128051,-0.00085706,-0.000759345,-0.000486017],[0.000124721,-0.000277662,-0.00189792,-0.00010916,-0.00038083,0.00732259,-0.000301018,0.00302678,0.0126208,1.98198e-05,-1.29278e-05,-0.00782399,-0.00142861,-0.000196966,-0.000716018,-0.00120558,6.03443e-05],[-0.00136385,0.000873184,-0.00531774,0.000386849,-0.0026189,0.00852335,-0.00152504,0.00831413,-0.0598576,0.000259425,0.000523505,-0.00631991,0.00146645,-0.00114035,-0.006741,-0.00060538,-0.000568289],[0.000285012,-2.70432e-05,0.00369395,0.000805058,0.000324897,0.007056,0.00041433,0.0315078,0.0259967,8.12599e-06,0.00013053,-0.0223753,0.00223168,0.000352622,-0.000895506,0.000277957,-5.56424e-05],[-0.000148807,-8.56626e-05,-0.00107049,-8.19602e-05,0.000157454,0.00263622,0.000159428,0.00215888,0.00694358,1.50368e-05,4.93829e-05,-0.00260424,0.000793049,0.000141962,-0.000814841,-0.00012445,4.14534e-06],[0.00488535,-0.0229668,0.0395248,-0.00818064,0.0093971,-0.0112159,-0.000361424,-0.017648,0.0135586,0.00100765,0.000160738,-0.0269086,0.030074,-0.00682492,-0.027389,0.00229852,0.00415111],[-0.000381873,0.00433795,-0.0235066,0.00162238,0.00736861,-0.0574827,0.00209014,0.0168628,0.0145466,-0.000165017,-0.0020921,-0.0872148,0.00590429,0.000230283,-0.0438276,0.00897867,0.00141647],[-0.000183965,4.43337e-05,0.000478104,-0.000355995,0.000109628,-0.0091574,-6.5729e-05,-0.0016987,-0.00924874,-4.48375e-05,6.87915e-05,0.0167278,0.00518381,7.91384e-07,-0.00111173,0.00157232,0.000263053],[-7.59969e-05,-0.000300644,0.000678886,-0.000214167,0.000471334,-0.0143619,0.000122521,0.00114412,0.00309326,-1.81464e-05,-3.10829e-05,0.00123394,0.0656935,-8.85817e-05,-0.000819187,0.000158516,-0.000610267],[-0.00237001,-0.000609008,0.00132161,-0.000813104,-0.0039815,0.00907502,-0.00202968,0.0155035,-0.0782755,0.00093617,0.000808513,0.00758895,-0.00231826,-0.00109444,-0.0031305,-0.00261825,-0.00131611],[0.00231257,-0.00404811,0.0204727,0.000373799,0.00127198,0.000375397,0.00176917,-0.0154138,-0.00352333,0.000540095,0.000343329,0.0237693,-0.0214471,0.00125001,0.00213345,0.00638963,-0.000862353],[-0.00344751,-0.00278804,-0.0103668,-0.00350376,-0.00711039,0.0341208,-0.0075143,0.0564057,0.0724382,-0.000483492,0.00175729,-0.0130523,-0.0122064,-0.00713695,-0.0258183,0.0145943,0.00501484],[-0.0174663,0.00238489,-0.0109046,0.00439004,0.0466406,-0.230876,0.0604251,0.531945,-1.06385,-0.00533597,-0.000575402,0.085134,0.0407163,0.0629385,-0.189531,-0.097489,0.011836]],"sigmahat":[[1.40457,-0.235426,6.78909,-0.356395,0.143104,-0.366495,-0.0277989,1.38012,11.6196,-0.00470953,-0.131938,7.51305,2.51504,-0.283266,0.501015,0.63208,0.450108],[-0.235426,1.58666,-2.90992,0.175131,-0.0165361,-3.8792,0.364328,-3.03308,-4.32014,-0.0150997,0.0403384,0.447807,7.14267,0.376613,0.539463,0.684196,-0.242272],[6.78909,-2.90992,106.461,-3.36191,0.528229,30.024,-0.0282049,3.19286,143.732,0.687767,-0.478305,51.2802,3.82319,-1.41259,3.25558,7.04092,2.08074],[-0.356395,0.175131,-3.36191,2.41393,-0.0428371,33.3484,-0.0592082,13.0383,-5.14112,-0.0439757,0.0255997,-47.9785,-113.893,0.0872275,1.59077,-1.47526,-1.19297],[0.143104,-0.0165361,0.528229,-0.0428371,2.16603,-7.38802,1.35726,1.58441,-3.96678,-0.0709343,-0.00340776,0.949601,6.93539,0.868681,-1.22044,0.44181,0.171166],[-0.366495,-3.8792,30.024,33.3484,-7.38802,821.307,-6.09436,367.939,285.683,0.229346,0.335318,-813.741,-2276.88,-4.81548,23.6414,-19.3685,-8.85411],[-0.0277989,0.364328,-0.0282049,-0.0592082,1.35726,-6.09436,1.4137,0.607259,-3.47014,-0.0408573,0.0164964,1.32977,7.02659,1.09322,-0.983794,0.306221,0.198582],[1.38012,-3.03308,3.19286,13.0383,1.58441,367.939,0.607259,510.55,297.593,-0.0072793,0.569362,-335.449,-825.634,1.52746,4.86569,-1.61204,7.49026],[11.6196,-4.32014,143.732,-5.14112,-3.96678,285.683,-3.47014,297.593,763.347,1.60367,-0.716356,-18.0424,-187.291,-6.16094,10.7242,28.2426,8.59524],[-0.00470953,-0.0150997,0.687767,-0.0439757,-0.0709343,0.229346,-0.0408573,-0.0072793,1.60367,0.0525946,0.0254214,1.14655,0.649838,-0.0315023,0.140426,0.0691489,0.078875],[-0.131938,0.0403384,-0.478305,0.0255997,-0.00340776,0.335318,0.0164964,0.569362,-0.716356,0.0254214,0.0756537,-1.42413,0.343211,0.0419989,-0.372154,-0.109844,0.0553318],[7.51305,0.447807,51.2802,-47.9785,0.949601,-813.741,1.32977,-335.449,-18.0424,1.14655,-1.42413,1150.54,2507.73,-0.858016,-12.8418,41.6542,22.6328],[2.51504,7.14267,3.82319,-113.893,6.93539,-2276.88,7.02659,-825.634,-187.291,0.649838,0.343211,2507.73,7767.07,5.83286,-106.391,69.2498,24.5351],[-0.283266,0.376613,-1.41259,0.0872275,0.868681,-4.81548,1.09322,1.52746,-6.16094,-0.0315023,0.0419989,-0.858016,5.83286,1.05363,-0.880818,-0.0646343,0.102876],[0.501015,0.539463,3.25558,1.59077,-1.22044,23.6414,-0.983794,4.86569,10.7242,0.140426,-0.372154,-12.8418,-106.391,-0.880818,18.4237,0.895667,-0.459288],[0.63208,0.684196,7.04092,-1.47526,0.44181,-19.3685,0.306221,-1.61204,28.2426,0.0691489,-0.109844,41.6542,69.2498,-0.0646343,0.895667,6.45821,0.643648],[0.450108,-0.242272,2.08074,-1.19297,0.171166,-8.85411,0.198582,7.49026,8.59524,0.078875,0.0553318,22.6328,24.5351,0.102876,-0.459288,0.643648,2.1525]],"n":17,"lags":3}