{"betahat":[[2.39735,1.37939,-0.461242,0.739524,0.671645,1.7395,-0.762789,5.76669,23.043,0.194281,-0.13817,9.72688,-0.231703,-0.373684,0.128159,2.77277,-0.206289],[1.08481,-0.0203615,1.51776,-0.131815,0.0751434,-0.0758198,0.0715502,0.286301,2.72697,0.00340179,-0.00623708,0.486539,0.0884385,-0.0111956,0.142895,0.0229413,0.0577903],[-0.0516816,1.05504,1.12667,-0.0437253,-0.00594041,0.587407,-0.0502946,-0.477258,0.243182,-0.00822202,0.0345601,-0.552474,0.253009,-0.0701451,0.263674,-0.0886728,-0.0091439],[-0.000496031,0.00690452,0.831309,0.00953188,0.00895647,0.0181662,0.0103792,0.0180257,-0.0231811,-0.000806751,0.00207618,-0.0394232,-0.00831485,0.0077194,-0.0511825,-0.00204032,-0.00195998],[0.164509,0.211199,-0.274689,0.789248,-0.113437,0.183263,0.0960019,-0.0965921,1.93372,0.0726117,0.0462561,0.428094,-0.969765,0.0640682,0.649521,-0.211685,-0.0416105],[-0.122579,0.248491,-0.919376,0.03412,0.837529,-0.417151,0.153771,-0.386336,-1.11663,0.00464845,-0.000103136,-0.0905989,-0.163339,0.208266,-0.0315155,-0.00271665,0.00201533],[0.00427638,-0.0196218,-0.21513,-0.00183222,0.00288068,0.95516,-0.0111811,0.107612,-0.313977,-0.00790353,-0.00594829,-0.0435839,0.106352,-0.0123247,-0.0490239,-0.035626,-0.01219],[-0.095608,0.0211451,0.56496,-0.0394475,-0.199705,0.986775,0.925381,-0.016615,0.600312,0.00294435,0.00194466,0.104689,-0.188363,0.0191728,0.15905,0.0539387,-0.0127942],[-0.00362059,-0.000828081,-0.0199421,-0.00610958,-0.0289682,0.13354,-0.0333144,1.12965,-0.071337,0.0086198,0.0097623,0.00883547,0.0390494,-0.0198288,0.0716988,0.024308,0.00349928],[-0.00387841,-0.00342263,0.19878,-0.00258545,-0.0096009,0.0507861,-0.00580843,-0.00468812,0.979184,0.00173277,0.00342437,-0.040136,-0.00041233,0.00143688,0.0185905,-0.00148204,0.00343843],[-0.0573485,-0.297982,-1.95745,-0.188065,0.258603,-0.141114,-0.0377322,0.772634,-2.65149,0.988727,-0.024417,0.892998,-0.0708662,0.119355,0.873956,-0.358471,0.242185],[-0.513867,0.451689,-7.27365,0.236847,-0.356106,-2.36661,-0.175573,-1.98282,-5.53009,-0.039224,0.991262,-2.45044,0.582233,-0.0134988,-0.379004,-0.396906,-0.0586902],[0.0343453,0.0113467,0.13339,-0.00208604,-0.0257887,-0.017914,-0.0096705,-0.0819128,-0.0780925,0.00685219,0.000324308,1.13094,0.0145704,-0.00766786,0.0670574,0.00828561,0.0032662],[0.00756444,0.0376905,-0.0385432,0.0111936,-0.016292,-0.128188,-0.00156301,0.108103,-0.190847,0.0035247,0.0118516,-0.0659726,1.21628,0.0181894,-0.0562839,-0.0238309,0.00479287],[-0.080843,0.0905862,-1.03708,0.0301505,-0.122979,0.675621,-0.0666377,0.715905,0.798354,0.0181863,0.000645756,-0.0164545,-0.455662,0.950694,0.0250726,0.104544,-0.042099],[0.0340472,0.00464357,0.362061,-0.012561,0.0703712,-0.0589776,0.0521809,0.0907058,0.552089,0.0122997,-0.00307913,0.236059,0.0708027,0.017186,0.561827,0.0320512,-0.00207185],[0.107493,0.154049,-0.162381,-0.00508167,-0.0650948,0.474394,-0.0436748,-0.112821,1.23889,0.0277657,0.0143284,0.13799,-0.245594,-0.0470613,-0.316824,0.574757,0.0154664],[0.394155,-0.156355,-0.391635,0.106841,0.163935,0.739643,0.0936966,0.592455,-1.55833,-0.0390793,0.0110869,-0.0977894,0.710616,0.118229,0.776901,0.13017,1.10202],[-0.125517,-0.0381343,-1.65233,0.074751,-0.0161804,0.0362434,-0.05353,0.0127398,-2.28325,-0.0352493,0.00485623,-0.781949,-0.0522224,-0.00845141,-0.24304,-0.154448,-0.0449955],[-0.00687347,-0.0556665,-0.584048,0.0224734,0.0220508,-0.405538,0.0446962,0.323827,-0.409308,0.00833633,-0.0114819,0.140639,0.0254853,0.0579908,-0.17546,0.0280306,0.00747877],[-0.00339087,-0.000402052,0.145264,-0.00395092,-0.00575101,0.0199382,-0.00643145,0.00518668,-0.0261707,4.7397e-05,0.00082205,-0.0182508,0.00772921,-0.00262013,0.0353613,0.0125323,-0.000272314],[-0.0812599,-0.212525,1.00149,0.0361379,-0.239781,-0.0992546,-0.170853,0.561621,0.858917,-0.0754535,-0.151671,0.23113,0.316707,-0.183731,-0.193012,-0.401016,0.0105043],[0.114735,-0.164361,0.582362,-0.00453982,0.0176931,0.54109,-0.160168,0.216372,0.911285,0.00307854,-0.00014288,0.268738,-0.00290757,-0.162503,0.0778839,0.0118275,-0.00289215],[-0.00416414,0.0176204,0.279209,0.00111392,-0.0121506,0.0796668,0.00880509,-0.08933,0.339873,0.00695695,0.00560953,0.0663924,-0.0761618,0.0108486,0.0507824,0.0274677,0.00772242],[0.0874301,-0.0402082,-0.19319,0.0308305,0.108353,-0.495669,-0.0358458,0.126229,-0.326122,0.00652871,0.00612383,0.0439536,0.135412,-0.0672041,-0.0170082,0.00123873,0.0198031],[0.00506412,0.00590386,0.0863683,0.00304435,0.0186406,-0.0564028,0.0198019,-0.0495505,0.169564,-0.00590101,-0.00931648,0.0948134,-0.0355244,0.0116581,-0.0463045,-0.00922389,-0.00810163],[-0.00010193,0.00884492,-0.129383,0.00492425,0.00920489,-0.0263193,0.00528229,0.000768913,-0.0154356,-0.00109227,-0.00147273,0.00396147,0.0070237,0.00160185,0.00992869,-0.000700315,-0.00402118],[0.186845,0.0907894,0.859972,0.128725,-0.349262,-0.720979,-0.195268,0.745547,0.708255,-0.0762809,-0.0487223,-0.553261,0.575601,-0.146672,-0.314345,0.0948435,-0.138032],[0.341426,-0.467904,7.10224,-0.222251,-0.00775828,2.57686,-0.148856,1.13375,5.21962,0.00866271,-0.0210839,2.14424,-0.922533,-0.121949,0.979616,0.0807703,0.0521709],[-0.0203848,-0.00513901,-0.0953379,0.00131658,0.0183207,-0.0200398,0.00887615,0.0760977,0.00870408,-0.00797255,0.000595392,-0.123251,0.0157088,0.00857468,-0.0543289,-0.00636846,-0.00339452],[0.0159394,-0.0244265,0.134133,-0.00464256,0.0197363,0.0862421,0.00335936,-0.00302915,0.288926,-0.00350852,-0.0105136,0.0688234,-0.117499,-0.00799562,0.0572289,0.0292464,0.00316541],[0.0213206,-0.0691189,0.93471,-0.0377478,0.139105,-0.579709,0.0418368,-0.387949,-0.769843,-0.0042554,0.0119169,-0.059844,0.381083,-0.00574821,0.0458575,-0.0853442,0.0324188],[0.0077625,0.000321982,-0.0997498,-0.00043437,0.0314989,-0.0178448,0.0195501,-0.091504,-0.403968,-0.00585723,-0.00143655,-0.0444757,0.0182947,0.015242,-0.0385664,0.0325063,-0.00799917],[-0.0390059,-0.106265,0.474142,-0.047989,-0.0639688,0.115833,-0.00608746,0.173667,-0.258103,0.0107462,0.0152997,-0.27004,0.0364968,0.0158718,0.184743,0.0412527,0.0266349],[-0.20148,0.108343,-0.425637,-0.044479,0.106122,-0.993508,0.20755,-0.603342,-0.18348,-0.0108723,0.0128422,-0.107758,-0.589755,0.0928406,-0.143522,-0.240465,-0.098547],[0.0406837,0.0584647,0.134781,0.057052,-0.0589577,0.0396113,-0.0180014,-0.299011,-0.443604,0.0318478,0.00137943,0.295388,-0.0361972,0.0196467,0.100157,0.131513,-0.0127853],[0.0583205,-0.00122407,-0.531583,0.0206512,-0.0152505,-0.18187,0.00657741,0.153805,0.170198,-0.000148573,-0.023314,0.414853,-0.280776,0.0121665,-0.0886285,0.061421,0.00194161],[0.00383093,-0.00651048,0.0229923,-0.00558447,-0.00321663,-0.0381726,-0.00394351,-0.023259,0.048706,0.000755105,-0.00289181,0.0574821,0.000689624,-0.00509279,0.0158028,-0.0105103,0.00223395],[-0.0545505,0.0828274,-0.464624,0.148505,0.185903,0.25985,-0.0148911,-0.436266,-2.09217,0.00105188,0.0927742,-0.673051,0.273528,0.0615663,-0.259863,0.597832,0.0121202],[0.006894,-0.0119507,0.122604,0.000241535,0.00686246,-0.0991389,0.00574487,0.100484,-0.0307392,0.0125576,0.0157204,-0.151885,0.0973736,-0.013799,-0.0558,0.00638844,0.00314264],[-0.000344885,0.00243413,-0.0712607,0.000805162,0.0084932,-0.0372662,0.00159565,-0.0198708,-0.0326888,0.000989412,0.000454483,-0.0239712,-0.0270189,0.00134168,-0.00117629,0.00710894,0.00441165],[0.0344671,0.00914306,-0.159593,0.0117876,-0.00895852,-0.101616,-0.00530478,-0.00623686,0.15523,0.00301883,-0.00234238,0.0570499,-0.0922501,-0.0169997,-0.056701,0.014763,-0.00837341],[-0.0026953,-0.00381322,-0.064942,0.00312464,0.010107,-0.0773312,0.0138537,-0.0871716,-0.0951887,-0.00274744,-0.000305415,-0.106133,-0.00112723,0.00829496,-0.0241325,-0.0138066,0.00453331],[0.00117943,-0.00541728,-0.0897522,-0.00251552,0.00126008,-0.0324235,0.00198901,-0.0014358,-0.0159631,-0.000787176,-0.00156159,0.026133,0.00481447,-0.00142151,-0.0289007,-0.00150316,0.000649751],[0.14361,0.193091,1.28788,0.0254601,0.182911,0.0933731,0.30365,-0.823586,1.6824,0.028821,0.022295,-0.189133,0.198632,0.0170057,-0.557269,0.17707,-0.0406208],[0.164969,0.0130792,-0.0816436,0.0004631,0.346834,-0.211262,0.317414,0.590595,0.372535,0.016328,-0.014684,0.255966,0.243794,0.164033,-0.528776,0.281102,0.00770467],[-0.0139467,-0.00651484,-0.0312105,0.000512563,0.00959033,0.033643,0.00219948,0.0101268,0.0696139,0.00105209,-0.000861539,-0.00894503,-0.028324,-0.000511497,-0.01345,-0.000733834,0.00034283],[-0.0239104,-0.01384,-0.0928026,-0.00675749,-0.00314598,0.0412763,-0.00137481,-0.105881,-0.0980286,-7.39866e-05,-0.00140692,-0.00299002,-0.100419,-0.0100813,-0.00135796,-0.00523386,-0.00785888],[-0.00992703,-0.0267431,-0.152998,-0.00540337,-0.0970062,0.0515377,-0.0566913,-0.456281,-0.401995,-0.0176238,-0.0121745,-0.0175615,-0.100774,-0.0533694,0.0127862,-0.115489,0.00431018],[0.00485083,-0.00141677,-0.0566962,-0.00467493,-0.0079685,0.0645761,-0.0084697,-0.0341455,-0.0419677,0.00231995,0.00286381,-0.0846253,-0.0457225,-0.0124718,-0.0797129,0.00797705,0.00343325],[-0.0113528,0.0201595,-0.584123,0.0162954,0.032326,-0.324665,0.033885,-0.0975992,-0.355314,0.0022295,0.00678553,-0.123314,-0.0959101,0.0346533,-0.136363,0.0668647,0.00362944],[-0.19226,0.0666615,0.736953,-0.0106363,0.229108,-0.495417,0.0029621,-0.0380105,0.374952,-0.00739306,-0.0386102,-0.208634,0.371202,0.119957,-0.922603,0.0117229,-0.108791]],"sigmahat":[[0.752217,0.0546995,2.36262,-0.0195629,0.11785,-0.18112,0.0834549,0.682887,4.48916,0.0161519,-0.09807,2.64237,-0.0987444,-0.0348953,0.58471,0.334796,0.0729104],[0.0546995,0.702058,-1.62224,0.0979565,0.315805,-1.48604,0.3389,-0.361726,-0.297243,0.0146491,0.0166786,-0.0731353,-0.353385,0.238997,0.371471,0.366906,-0.026768],[2.36262,-1.62224,76.1668,-1.23009,-0.121393,17.7096,-0.614752,1.52251,72.6657,0.810417,-0.282478,20.8377,-3.6772,-1.02456,8.97504,4.57267,0.617311],[-0.0195629,0.0979565,-1.23009,0.130788,-0.00281834,-0.143033,0.00830685,-0.0783191,-1.02797,0.00229066,0.0189902,-0.467884,-0.0272093,0.0284895,-0.114534,0.0748462,-0.0242699],[0.11785,0.315805,-0.121393,-0.00281834,3.07365,-4.63623,1.65151,1.88479,-0.468582,0.00898893,0.0325555,-0.540349,1.32615,0.95197,0.253274,0.456619,0.0683291],[-0.18112,-1.48604,17.7096,-0.143033,-4.63623,24.9991,-3.373,-1.23211,23.3462,0.227639,0.0319087,4.13354,-5.33227,-2.41124,1.23719,0.595799,-0.0891996],[0.0834549,0.3389,-0.614752,0.00830685,1.65151,-3.373,1.42035,0.565703,-1.53428,0.0132827,0.0240189,-0.477541,0.920166,0.895562,0.189402,0.251169,0.0639278],[0.682887,-0.361726,1.52251,-0.0783191,1.88479,-1.23211,0.565703,13.9579,2.07649,-0.106557,-0.117182,0.232396,1.08141,0.0832808,-1.55794,0.620142,0.0497248],[4.48916,-0.297243,72.6657,-1.02797,-0.468582,23.3462,-1.53428,2.07649,162.423,1.57311,-0.656874,43.0524,-10.4397,-2.90678,15.2757,10.1319,0.915502],[0.0161519,0.0146491,0.810417,0.00229066,0.00898893,0.227639,0.0132827,-0.106557,1.57311,0.0691979,0.0326304,0.429979,-0.097447,-0.00261923,0.23483,0.151814,0.025008],[-0.09807,0.0166786,-0.282478,0.0189902,0.0325555,0.0319087,0.0240189,-0.117182,-0.656874,0.0326304,0.0747298,-0.696804,0.0851265,0.0211696,0.00153195,0.0297262,0.00558486],[2.64237,-0.0731353,20.8377,-0.467884,-0.540349,4.13354,-0.477541,0.232396,43.0524,0.429979,-0.696804,24.6652,-2.35988,-0.749198,4.40217,2.65372,0.360557],[-0.0987444,-0.353385,-3.6772,-0.0272093,1.32615,-5.33227,0.920166,1.08141,-10.4397,-0.097447,0.0851265,-2.35988,9.36392,0.671387,-0.56582,-0.626985,0.0334804],[-0.0348953,0.238997,-1.02456,0.0284895,0.95197,-2.41124,0.895562,0.0832808,-2.90678,-0.00261923,0.0211696,-0.749198,0.671387,0.761959,0.0922921,0.0294739,0.0299495],[0.58471,0.371471,8.97504,-0.114534,0.253274,1.23719,0.189402,-1.55794,15.2757,0.23483,0.00153195,4.40217,-0.56582,0.0922921,9.75901,0.920268,0.174546],[0.334796,0.366906,4.57267,0.0748462,0.456619,0.595799,0.251169,0.620142,10.1319,0.151814,0.0297262,2.65372,-0.626985,0.0294739,0.920268,2.6889,0.0464586],[0.0729104,-0.026768,0.617311,-0.0242699,0.0683291,-0.0891996,0.0639278,0.0497248,0.915502,0.025008,0.00558486,0.360557,0.0334804,0.0299495,0.174546,0.0464586,0.067202]],"n":17,"lags":3}