{"betahat":[[2.50266,-0.658847,9.72201,0.738351,0.21834,5.25097,-0.288776,9.80802,18.274,0.07689,-0.103496,5.89427,-1.08194,1.95505,0.44791],[1.07007,0.00874302,1.14194,-0.113462,0.0200938,-0.153016,0.050788,0.252304,1.93788,0.00161344,-0.000367312,0.262672,-0.0966879,-0.00462312,0.0666798],[-0.0755236,1.06458,0.812341,-0.0210332,-0.0174802,0.687889,-0.0879549,-0.359656,0.184659,-0.0117821,0.0304672,-0.527466,0.0647535,0.00722479,-0.016916],[0.00235356,0.0122639,0.816759,0.010657,0.00752157,0.0203947,0.00824964,0.0173897,-0.00663276,-0.000859305,0.00136872,-0.0273748,-0.00720555,0.00154524,-0.00309786],[0.178303,0.159411,0.0236246,0.773804,-0.14019,0.581939,0.0570665,0.366915,2.64786,0.0806895,0.0598712,0.468272,0.996862,-0.254642,-0.047126],[-0.151042,0.270169,-1.08087,0.034546,0.796569,-0.419192,0.157418,-0.358854,-1.38505,0.00232074,0.000139302,-0.134029,-0.0703776,-0.0137869,-0.00166694],[0.000853276,-0.0243488,-0.269914,-0.00210384,0.00798336,0.946462,-0.00941716,0.0734798,-0.363833,-0.00829133,-0.00730388,-0.0364716,-0.0432798,-0.032218,-0.0135476],[-0.103779,0.0515648,0.126414,-0.0260358,-0.235373,1.32823,0.867141,0.306109,1.10319,0.0210331,0.00819882,0.120996,0.299604,0.126443,-0.025357],[0.00219354,0.00887987,-0.00912542,-0.00332805,-0.0157011,0.0977424,-0.0306771,1.13733,-0.0126794,0.0102799,0.0109458,0.0278233,0.0575779,0.0294954,0.00371522],[-0.00490224,-0.00708118,0.221851,-0.00305093,-0.00773224,0.0486978,-0.00617608,-0.00823127,0.962927,0.00139662,0.00376503,-0.0442649,0.00453471,-0.00108604,0.0033322],[-0.1093,-0.343667,-2.77691,-0.170178,0.434761,-0.111959,0.0626506,0.799425,-3.70522,1.00676,-0.0170729,0.757069,0.799621,-0.525465,0.255859],[-0.429277,0.629511,-7.13714,0.271683,-0.282066,-3.30428,-0.113509,-1.67063,-5.58068,-0.0368695,0.98332,-2.44706,-0.398336,-0.600047,-0.0500639],[0.032268,0.0051159,0.157248,-0.00343118,-0.0281303,-0.0135222,-0.00999732,-0.0775975,-0.0312966,0.00600925,-0.00038841,1.13454,0.0858144,0.000584953,0.00379178],[0.0405306,0.0226865,0.417732,-0.0175429,0.0774475,-0.115141,0.048795,0.0432626,0.542191,0.00959819,-0.00465633,0.218399,0.558865,0.0268072,-0.00132038],[0.12993,0.126195,-0.118756,-0.00909158,-0.087621,0.589996,-0.0110954,-0.099599,1.53266,0.031907,0.0156058,0.128852,-0.291754,0.634852,0.0269041],[0.455446,-0.151232,0.22266,0.11481,0.255867,1.02543,0.167429,0.981492,0.110319,-0.0122768,0.0197352,0.229539,1.09179,0.171751,1.06355],[-0.105523,-0.061335,-1.2901,0.0613934,0.0158785,0.0964287,-0.0292391,0.0983222,-1.68504,-0.0328747,0.000686589,-0.597631,-0.192675,-0.131821,-0.0446745],[0.0103495,-0.0536946,-0.342631,0.00573031,0.0686658,-0.542246,0.085525,0.270782,-0.437551,0.0145267,-0.0062037,0.0988276,-0.0712375,-0.0470901,0.0130311],[-0.00513728,-0.00355525,0.149503,-0.00424007,-0.0027526,0.0167214,-0.00386495,0.00716519,-0.0380836,3.73716e-05,0.00125009,-0.0254601,-0.00271437,0.00979452,0.000312288],[-0.106624,-0.239299,1.10882,0.0261363,-0.287414,0.0350912,-0.14237,0.387976,0.749519,-0.0791375,-0.15936,0.0808535,-0.454983,-0.417556,0.00959088],[0.10693,-0.156856,0.496224,-0.0034099,0.013929,0.528413,-0.152054,0.188335,0.784385,0.00626357,0.00389905,0.201162,0.120108,0.0165585,-0.00384583],[-0.0023611,0.0215728,0.298977,0.00213331,-0.0194313,0.083009,0.00496332,-0.0730097,0.341616,0.00685246,0.00694313,0.0529923,0.0436973,0.0222772,0.00848667],[0.0861031,-0.0795361,0.137885,0.0115944,0.105354,-0.543352,-0.0536784,0.0196842,-0.457686,-0.00380661,-0.000571526,0.076433,-0.123444,-0.0692355,0.0296704],[0.0021407,0.00330936,0.0648447,0.00178313,0.011449,-0.0450293,0.0180446,-0.0573039,0.137484,-0.00679767,-0.0100509,0.0803764,-0.0283274,-0.0133797,-0.0086788],[0.000623915,0.0108703,-0.155883,0.00569898,0.00758089,-0.0231269,0.00552467,0.00289227,-0.0036977,-0.000351918,-0.00138714,0.0107094,0.0157513,0.00198876,-0.00408538],[0.299143,0.0884937,1.45178,0.114056,-0.505556,-0.632791,-0.26973,0.827982,0.821679,-0.0997019,-0.0524842,-0.716301,-0.596697,0.311716,-0.124704],[0.344293,-0.581389,7.12626,-0.236508,-0.0362727,3.07874,-0.132142,0.648233,5.75268,0.0226403,-0.021389,2.20846,1.14952,0.267122,0.0700161],[-0.0224913,-0.00128743,-0.12713,0.00122818,0.014935,-0.019784,0.00844973,0.0714179,-0.043814,-0.00760951,0.000438495,-0.12143,-0.0815816,-0.00625583,-0.00412855],[-0.00415981,-0.00791217,-0.131936,0.00194528,0.0230902,-0.0249753,0.013456,-0.0874134,-0.327311,-0.00432475,0.001822,-0.0839752,-0.0343569,0.0228271,-0.00589566],[-0.0458901,-0.107498,0.781583,-0.0625425,-0.0889745,0.161492,-0.0394251,0.185067,-0.11883,0.00232099,0.00704257,-0.141869,0.117101,0.0254698,0.0231663],[-0.25207,0.0905032,-0.604785,-0.0319419,0.0450355,-1.00255,0.188804,-0.447763,-1.1283,-0.0336792,0.0123186,-0.425786,-0.111529,-0.461178,-0.100501],[0.0354222,0.052586,0.148346,0.052056,-0.0359973,0.0566738,-0.0215782,-0.350781,-0.252814,0.0312518,-0.000329591,0.334962,0.28942,0.136451,-0.022011],[0.0641417,-0.0136256,-0.460229,0.0138759,-0.0490253,-0.146955,0.00371402,0.0803897,0.260393,-0.00292525,-0.025081,0.437338,0.00657298,0.0404008,0.0038308],[0.00271101,-0.0086604,0.0326932,-0.00641327,-0.00480761,-0.037249,-0.00441652,-0.024672,0.0436288,0.000808376,-0.00261235,0.0525997,0.00988528,-0.0113575,0.00276606],[-0.0534452,0.109899,-0.254783,0.144299,0.17732,0.164187,0.0097113,-0.385028,-2.3927,-0.00554804,0.0897123,-0.697372,-0.17039,0.608031,0.0138152],[-0.000734897,-0.0160569,0.148851,-5.32629e-05,0.00530778,-0.127324,0.00625844,-0.00815561,-0.0440834,0.0132755,0.0177674,-0.132716,-0.0726544,0.0116566,0.00381154],[0.00166585,0.0037524,-0.0441514,0.000549742,0.00954795,-0.035645,0.00291418,0.00114869,0.0104065,0.00154407,0.000691453,-0.0181482,-0.000297895,0.00860372,0.00507419],[0.0222693,-0.0203498,-0.0220192,0.00207519,-0.0417987,-0.108051,-0.0278784,-0.188651,-0.167743,-0.00439422,-0.00305376,0.0223757,0.0212463,-0.0505378,-0.00412718],[-0.00557993,-0.00856974,-0.0556713,0.00171649,0.00497668,-0.0577165,0.0131062,-0.0951081,-0.113159,-0.00332923,-0.000540209,-0.107015,-0.0237832,-0.0141281,0.00474866],[0.00151285,-0.00209576,-0.0972513,-0.0025258,0.00198616,-0.0387401,0.0022862,-0.000859472,-0.0178597,-0.00098201,-0.00179524,0.0257074,-0.0239298,-0.00399491,0.000538957],[0.158279,0.230035,1.40145,0.0243017,0.191662,-0.344688,0.247247,-0.853983,2.26564,0.0281964,0.0213646,0.316256,-0.170415,0.265152,-0.0299035],[0.0474078,-0.0482924,-0.66157,-0.0103896,0.304168,0.122267,0.219453,0.411533,-0.0157379,-0.00129737,-0.0345717,0.287287,-0.610399,0.223278,-0.0263035],[-0.0101335,-0.00344225,-0.0240069,0.00189082,0.0163911,0.0256773,0.00281828,0.00996658,0.0786077,0.00148059,2.11022e-05,-0.0163,-0.00488396,0.00815987,0.000303453],[-0.00346203,-0.00800368,0.0128729,-0.00433294,-0.0053211,0.0902002,-0.00539341,-0.0284972,-0.0732421,0.000451649,0.00399317,-0.118797,-0.0380349,0.000133633,0.00208941],[-0.0263283,0.0209124,-0.671988,0.0163092,0.0203339,-0.272498,0.0324462,-0.0445112,-0.425124,0.00797572,0.0145051,-0.224685,-0.147662,0.0609868,0.00530098],[-0.230613,0.071819,0.849769,-0.0321392,0.215191,-0.492888,0.0480362,-0.00807971,-0.131882,-0.0144728,-0.0331815,-0.567716,-1.32037,0.0675353,-0.0940542]],"sigmahat":[[0.834047,0.0865489,2.52335,-0.0086213,0.131491,-0.246079,0.114124,0.816321,4.64094,0.0186519,-0.104102,2.85234,1.25454,0.386608,0.0883622],[0.0865489,0.709073,-1.49822,0.115067,0.291567,-1.49053,0.340983,-0.101707,0.193365,0.0190829,0.0298132,-0.0596771,0.67516,0.400955,-0.0113435],[2.52335,-1.49822,78.6121,-1.14405,0.0604295,18.1831,-0.531638,1.06348,76.0174,0.946589,-0.268604,22.4944,9.24653,5.0465,0.775109],[-0.0086213,0.115067,-1.14405,0.138279,-0.0107716,-0.14221,0.00756712,0.00391117,-1.0406,0.00106815,0.021115,-0.503748,-0.0086314,0.0765051,-0.0294714],[0.131491,0.291567,0.0604295,-0.0107716,3.23243,-4.67793,1.76255,2.19899,-0.712336,0.012506,0.0437895,-0.650885,-0.0796634,0.577279,0.0907502],[-0.246079,-1.49053,18.1831,-0.14221,-4.67793,26.5402,-3.49891,-1.59823,26.5248,0.244048,-0.0113949,4.93813,2.87242,0.566008,-0.146586],[0.114124,0.340983,-0.531638,0.00756712,1.76255,-3.49891,1.50273,0.745987,-1.68927,0.00825111,0.0208607,-0.422271,-0.0571109,0.303873,0.0710343],[0.816321,-0.101707,1.06348,0.00391117,2.19899,-1.59823,0.745987,16.0986,3.42035,-0.0795962,-0.0904017,0.270713,-1.18466,1.00906,0.037724],[4.64094,0.193365,76.0174,-1.0406,-0.712336,26.5248,-1.68927,3.42035,173.299,1.75204,-0.640786,45.4523,22.0539,11.2275,1.05525],[0.0186519,0.0190829,0.946589,0.00106815,0.012506,0.244048,0.00825111,-0.0795962,1.75204,0.0694912,0.032046,0.483597,0.286189,0.155328,0.0238889],[-0.104102,0.0298132,-0.268604,0.021115,0.0437895,-0.0113949,0.0208607,-0.0904017,-0.640786,0.032046,0.078247,-0.711262,-0.0755597,0.0213849,0.00414952],[2.85234,-0.0596771,22.4944,-0.503748,-0.650885,4.93813,-0.422271,0.270713,45.4523,0.483597,-0.711262,25.5897,7.47475,2.76959,0.431281],[1.25454,0.67516,9.24653,-0.0086314,-0.0796634,2.87242,-0.0571109,-1.18466,22.0539,0.286189,-0.0755597,7.47475,13.1262,1.89465,0.178976],[0.386608,0.400955,5.0465,0.0765051,0.577279,0.566008,0.303873,1.00906,11.2275,0.155328,0.0213849,2.76959,1.89465,2.47175,0.0397228],[0.0883622,-0.0113435,0.775109,-0.0294714,0.0907502,-0.146586,0.0710343,0.037724,1.05525,0.0238889,0.00414952,0.431281,0.178976,0.0397228,0.0719469]],"n":15,"lags":3}