{"betahat":[[0.28907,0.486845,-2.15065,0.196727,-0.125802,-1.2268,3.88251,-0.0632765,-0.206722,3.96509,1.21807,1.30557,0.0139304],[1.08708,0.0151468,1.00458,-0.124417,0.0303186,0.0899796,1.87321,0.0124999,0.0184107,0.191032,-0.115441,-0.0535698,0.0636551],[-0.0993487,1.12446,0.651614,-0.029913,-0.0706552,1.02156,0.139408,-0.00689127,0.0377165,-0.658902,0.00647937,-0.0289001,-0.0242681],[0.00299687,0.0159998,0.758568,0.0129514,0.00682605,0.0199334,-0.0525189,-0.00177627,0.00118508,-0.0461608,-0.000306493,0.00556676,-0.00497232],[0.189675,0.124578,0.0880103,0.781219,-0.0534304,-0.134219,2.19879,0.0765408,0.0532719,0.439115,1.09618,-0.279815,-0.00444714],[-0.198281,0.29085,-0.978429,0.0148267,0.74698,0.148693,-0.887394,0.0126231,0.0068958,-0.101483,-0.0565722,0.0729559,-0.010925],[0.00448491,-0.0227665,-0.261274,-0.00369253,0.00404001,0.975971,-0.272716,-0.0042577,-0.00541695,0.011665,-0.0239813,-0.0270934,-0.0134638],[-0.00416305,-0.0155907,0.338208,-0.00643969,-0.0113615,0.0662746,1.06443,0.0011802,0.00339995,-0.0498876,-0.013144,-0.00348015,0.00569386],[-0.380808,-0.387476,-4.04024,-0.18116,0.162252,1.24161,-3.76091,1.07135,0.0352627,0.503133,0.910864,-0.654163,0.282694],[-0.311821,0.752319,-7.64233,0.283853,-0.262951,-4.16843,-6.75511,-0.0351085,1.01748,-2.25065,-1.34843,-0.367006,-0.0626511],[0.0308955,0.00222025,0.17882,-0.00151873,-0.0297928,-0.0518194,-0.0662125,0.00747362,0.00119835,1.17618,0.087012,-0.00828279,0.00293463],[0.0888817,0.0576225,0.294995,-0.020344,0.0890839,-0.250431,0.217527,-0.00383206,-0.0170121,0.106386,0.546506,0.10647,0.00659462],[0.149045,0.16719,-0.0688326,-0.00245285,-0.039242,0.434709,1.69781,0.0368733,0.0081348,0.414228,0.0119817,0.700517,0.0184423],[0.552422,-0.311342,-0.0875479,0.0614588,0.250101,0.694317,-0.493531,-0.0534679,-0.0580365,0.640429,-0.347116,0.181386,1.10735],[-0.110752,-0.0613074,-1.4172,0.0653691,0.0430975,-0.125712,-1.86167,-0.0488655,-0.0156934,-0.632642,-0.091407,-0.115404,-0.05279],[0.00305806,-0.0944315,-0.39253,0.0206083,0.0963678,-0.775491,-0.973873,0.0127169,0.000583133,0.00516192,-0.150914,-0.0719783,0.0163791],[-0.00523828,-0.0051604,0.221932,-0.00648568,-0.00271835,0.0315177,0.0599883,0.00133754,0.001197,-0.00477011,-0.00546801,0.0150746,0.00213092],[-0.162167,-0.276063,1.01733,0.0384407,-0.298315,0.19859,1.65313,-0.0769085,-0.170873,0.224128,-0.555598,-0.518797,-0.000447784],[0.155598,-0.218445,0.814752,-0.00585827,0.045649,0.524303,1.09164,0.00189641,-0.00448335,0.357593,0.146857,-0.00737884,-0.00139954],[-0.000724653,0.0195806,0.32205,0.00202307,-0.0233385,0.0817713,0.284844,0.00476143,0.00579768,0.0300356,0.0315321,0.01098,0.00890171],[-0.000466466,0.0151501,-0.238462,0.00896584,0.0121627,-0.0345304,-0.114041,-0.000693683,-0.00114965,-0.0048732,0.00720231,-0.00714962,-0.00569874],[0.300203,0.116297,1.4011,0.144114,-0.540985,-1.32794,0.42864,-0.125568,-0.0711395,-1.06045,-0.891313,0.299818,-0.167946],[0.378256,-0.631431,7.99847,-0.273629,-0.0334756,3.65157,6.30683,0.0122653,-0.00246286,1.8385,1.75151,0.181849,0.0891038],[-0.0215659,-0.00077611,-0.154526,-0.000305743,0.016498,0.00664167,-0.0474164,-0.00919075,0.000296836,-0.163332,-0.0886004,-0.00268103,-0.00324299],[-0.0199023,-0.00449822,0.323355,-0.00258445,0.00796465,-0.0914293,0.577076,0.012634,0.011188,0.222408,0.0797009,0.0903911,0.00487804],[-0.0573342,-0.134558,0.893372,-0.0636684,-0.0365347,0.086141,-0.172167,-0.0076471,0.00287487,-0.137131,0.141842,0.0205757,0.0160692],[-0.290931,0.205615,-1.15134,-0.029991,0.0762129,-1.14192,-1.92787,-0.0212721,0.0605604,-0.73238,0.271682,-0.495957,-0.0717843],[0.0236522,0.0461505,0.412699,0.0590424,-0.0733628,0.0356993,-0.0116056,0.0363675,-0.00271679,0.441596,0.206829,0.168971,-0.0108646],[0.0957915,-0.0308379,-0.255965,0.00900547,-0.0248378,-0.246186,0.836375,-0.00583604,-0.0383906,0.654804,0.143838,0.10114,0.00793375],[0.00221917,-0.0108328,0.0193328,-0.00646692,-0.0040682,-0.0515504,-0.00772052,0.000438525,-0.00237979,0.0508721,0.00573886,-0.0206517,0.00283922],[-0.00958705,0.178611,-1.02278,0.166354,0.230087,0.14244,-3.63606,-0.00240602,0.108402,-0.675006,-0.424654,0.770704,0.000248955],[0.0357324,-0.0476132,0.136981,0.00234585,0.0534465,-0.388437,-0.255057,0.00145507,0.00761267,-0.176081,-0.0712765,-0.0497429,0.0101695],[-0.00359904,0.00365339,-0.0642857,0.00180962,0.0191867,-0.0600759,-0.0153711,-0.000494312,-0.000331603,-0.0421357,-0.00757409,0.0156503,0.00456394],[0.00414792,0.000985883,-0.105917,-0.00252178,-3.56677e-05,-0.0359875,0.0382961,-0.000490289,-0.0021471,0.0529974,0.00504967,0.00974893,-2.03431e-05],[0.228568,0.302077,2.63865,0.0441912,0.373079,-0.229209,3.14034,0.0319084,0.0102272,0.786308,0.133392,0.347797,-0.095589],[-0.0405989,-0.0993117,-0.552378,-0.00324598,0.282383,0.39504,0.394611,0.0103405,-0.0426023,0.41015,-0.37204,0.113114,-0.0263901],[-0.0095206,-0.00160008,-0.0223395,0.00175703,0.0142687,0.0442641,0.114435,0.00171784,-0.00142843,-0.0131935,0.00123471,0.011721,0.000319778],[-0.0122496,0.00114956,-0.171743,0.0130255,-0.0483484,0.202438,-0.395722,-0.00011199,0.0170419,-0.327611,0.134751,-0.0826651,0.00423405],[-0.0344548,0.0244726,-0.684642,0.0229944,0.0509599,-0.340388,-0.584656,0.0112235,0.0213519,-0.317353,-0.117767,0.105838,0.00832899],[-0.253767,0.130167,1.54955,0.00193226,-0.0675443,0.226019,1.75312,0.044015,-0.00599949,-0.0476943,-0.0550442,0.236624,-0.09767]],"sigmahat":[[0.878537,0.0646938,2.33114,-0.00498174,0.142946,-0.404524,3.84851,0.00556448,-0.104381,2.75551,0.93322,0.317569,0.0943178],[0.0646938,0.695154,-1.84335,0.107268,0.229236,-1.64022,-0.446076,0.00449658,0.0216491,-0.142798,-0.0657526,0.342584,-0.0160951],[2.33114,-1.84335,70.1049,-1.1441,0.233882,18.5425,58.7133,0.77868,-0.232419,18.6991,4.1428,3.848,0.628659],[-0.00498174,0.107268,-1.1441,0.136533,-0.0186472,-0.249673,-0.948335,-0.00367392,0.0151965,-0.452033,-0.161283,0.0686799,-0.0255266],[0.142946,0.229236,0.233882,-0.0186472,3.85297,-5.85101,-1.94648,-0.0281877,0.0332293,-1.12275,-0.483221,0.417171,0.084581],[-0.404524,-1.64022,18.5425,-0.249673,-5.85101,31.1831,26.5875,0.33315,0.0367703,5.23528,2.60894,0.698596,-0.188444],[3.84851,-0.446076,58.7133,-0.948335,-1.94648,26.5875,130.98,1.30723,-0.555593,35.1221,8.02083,9.50468,0.722512],[0.00556448,0.00449658,0.77868,-0.00367392,-0.0281877,0.33315,1.30723,0.0721633,0.0386243,0.378019,0.0541011,0.120081,0.0243218],[-0.104381,0.0216491,-0.232419,0.0151965,0.0332293,0.0367703,-0.555593,0.0386243,0.082511,-0.685905,-0.134175,0.0209775,0.00769028],[2.75551,-0.142798,18.6991,-0.452033,-1.12275,5.23528,35.1221,0.378019,-0.685905,23.7899,4.60895,2.32423,0.353664],[0.93322,-0.0657526,4.1428,-0.161283,-0.483221,2.60894,8.02083,0.0541011,-0.134175,4.60895,4.19748,0.116447,0.104399],[0.317569,0.342584,3.848,0.0686799,0.417171,0.698596,9.50468,0.120081,0.0209775,2.32423,0.116447,2.49847,0.0342623],[0.0943178,-0.0160951,0.628659,-0.0255266,0.084581,-0.188444,0.722512,0.0243218,0.00769028,0.353664,0.104399,0.0342623,0.0759338]],"n":13,"lags":3}