{"betahat":[[1.36035,0.24901,6.14924,0.297877,0.532867,1.46066,-0.0252331,4.82278,13.2776,0.0698579,-0.147541,5.77372,1.37566,1.84706,0.205964],[1.10094,0.00897038,1.26416,-0.120061,0.0539871,-0.170027,0.0789617,0.338366,1.92349,-0.004392,-0.00370036,0.253986,-0.177671,-0.0172803,0.0695456],[-0.0633268,1.09058,0.950532,-0.025237,-0.0643944,0.776333,-0.100945,-0.351901,0.449205,-0.00419426,0.0334184,-0.491739,0.110334,-0.00571468,-0.0138628],[0.0038946,0.0133654,0.823505,0.0109307,0.00827807,0.0174398,0.0089638,0.027416,0.00685459,-0.000887563,0.00124939,-0.0242042,-0.00841955,0.00297421,-0.00326559],[0.183083,0.168698,-0.180576,0.802396,-0.0533287,0.236184,0.108782,0.248023,2.34981,0.0731727,0.054304,0.48268,0.972238,-0.256962,-0.0417427],[-0.143638,0.241882,-0.944596,0.0268557,0.850724,-0.380129,0.151583,-0.321165,-1.19718,-0.00112118,-0.0036213,-0.100143,-0.100163,-0.0150526,-0.00313243],[0.000828203,-0.0241714,-0.252508,-0.00329366,0.00602197,0.96716,-0.00892873,0.0754644,-0.331119,-0.00686433,-0.00640532,-0.0350398,-0.0463028,-0.0346675,-0.0128091],[-0.11528,0.0745298,0.0165667,-0.0185033,-0.190619,1.12549,0.954761,0.250556,0.741459,0.0198741,0.0122883,0.00774678,0.234126,0.109217,-0.0295311],[0.00656348,0.00931972,0.00408174,-0.00268459,-0.0204975,0.0990036,-0.0317935,1.16525,-0.00393522,0.0102741,0.0109538,0.0340148,0.0657368,0.0289183,0.00391004],[-0.00402365,-0.0071441,0.224546,-0.00316585,-0.0073938,0.0495356,-0.00584928,-0.00952813,0.976983,0.00110285,0.00361719,-0.050644,0.00423429,-0.00167519,0.00331463],[-0.21004,-0.281656,-3.11494,-0.153154,0.245572,0.464184,-0.0509436,0.57268,-3.37124,1.0439,-0.00367118,0.813461,0.944072,-0.481916,0.245078],[-0.410512,0.644306,-7.48043,0.279877,-0.241859,-3.42341,-0.0731126,-1.45473,-6.2809,-0.034671,1.02785,-2.63398,-0.729311,-0.629872,-0.057108],[0.0307116,0.00304814,0.167923,-0.00365061,-0.0234616,-0.0238786,-0.00727138,-0.0840876,-0.0513804,0.00641912,0.00113165,1.14323,0.0712042,0.00423483,0.00343634],[0.0392487,0.0206629,0.395369,-0.0162306,0.0595732,-0.100813,0.0376877,0.0471328,0.521824,0.00797914,-0.00619511,0.225001,0.615262,0.0176307,-0.00146576],[0.110516,0.11326,-0.139286,-0.00716119,-0.0853149,0.583343,-0.0224728,-0.155217,1.40508,0.0304097,0.0144696,0.13911,-0.285614,0.657945,0.024386],[0.520079,-0.15949,-0.179226,0.101084,0.21902,0.786092,0.134338,0.931168,0.112708,-0.00324986,0.01472,0.429873,1.12408,0.150413,1.12106],[-0.124467,-0.0583703,-1.41244,0.0656542,0.00664295,0.0482824,-0.0412065,0.0529917,-1.71909,-0.0332547,0.00328933,-0.650317,-0.146801,-0.126371,-0.0480391],[-0.00157855,-0.0622579,-0.475926,0.0122773,0.0626645,-0.5475,0.0785888,0.243026,-0.66358,0.012497,-0.00456844,0.0610422,-0.0992683,-0.0393019,0.00907641],[-0.00588206,-0.00401218,0.149842,-0.00439628,-0.00365255,0.0211436,-0.00487892,-0.00131523,-0.0388102,0.000202597,0.00140434,-0.0274868,-0.00333068,0.00979223,0.000445856],[-0.111035,-0.258658,0.960748,0.0271162,-0.268845,0.015556,-0.157208,0.365688,0.669054,-0.0753258,-0.158947,0.0919409,-0.54153,-0.4031,0.0143757],[0.11882,-0.171375,0.538669,-0.00612454,0.0249747,0.541159,-0.16259,0.231877,0.893813,0.00234516,-0.000474716,0.215228,0.138805,0.0191079,-0.00188357],[-0.00300826,0.022052,0.28783,0.00305209,-0.0193973,0.0754698,0.00495298,-0.079714,0.330686,0.00652488,0.00676333,0.0511927,0.04271,0.0232365,0.00805176],[0.090167,-0.0785662,0.144461,0.0136652,0.131066,-0.595137,-0.0446103,0.0266728,-0.471277,-0.0071661,-0.00277106,0.0810413,-0.177355,-0.0507805,0.0272988],[0.00142468,0.00319438,0.0585012,0.00216067,0.0161549,-0.0488518,0.0202721,-0.0708015,0.130889,-0.00699078,-0.00986777,0.0756404,-0.0319044,-0.0122842,-0.00906768],[0.000402706,0.0103796,-0.144648,0.00560541,0.00640417,-0.0175764,0.00458201,0.00441199,0.0077235,-0.00029929,-0.00153499,0.0156156,0.0169468,0.00295868,-0.00410297],[0.255976,0.0538636,1.63165,0.109933,-0.446326,-0.717219,-0.190652,0.817929,0.789499,-0.104361,-0.0532989,-0.900635,-0.809187,0.313284,-0.155076],[0.372793,-0.566125,7.53071,-0.248237,-0.0277198,3.07537,-0.119322,0.829518,6.04969,0.0243166,-0.0187869,2.22342,1.32026,0.338567,0.0836777],[-0.0210157,0.000218686,-0.128518,0.00224336,0.0139644,-0.0118862,0.00717035,0.0725316,-0.0262859,-0.0069864,6.00696e-05,-0.121937,-0.0705609,-0.00616748,-0.00383285],[-0.0064567,-0.00348909,-0.180448,0.00287943,0.0187254,-0.0349445,0.0113851,-0.0907781,-0.37356,-0.00444177,0.00269362,-0.0962223,-0.00833286,0.0162228,-0.00498231],[-0.0502206,-0.113863,0.736101,-0.0603842,-0.0510634,0.0582322,-0.0219011,0.181785,-0.327666,-0.00406479,0.00371255,-0.143598,0.130161,0.0295369,0.0181673],[-0.250869,0.0711548,-0.29345,-0.034034,0.0680075,-0.990507,0.176282,-0.484956,-0.946874,-0.0340706,0.00626185,-0.344321,-0.193171,-0.399243,-0.111817],[0.023489,0.0494188,0.148123,0.054411,-0.0606205,0.121666,-0.0377521,-0.391388,-0.204556,0.0376415,0.000409355,0.396218,0.324497,0.14364,-0.0215152],[0.0642464,-0.0295585,-0.471233,0.0123844,0.00270541,-0.229814,0.022813,0.104187,0.217122,-0.00835798,-0.029139,0.434165,-0.0112652,0.0453738,0.00474247],[0.00194306,-0.00931713,0.0260788,-0.00652697,-0.00462906,-0.0387243,-0.00408918,-0.0261314,0.0314173,0.000679456,-0.00264959,0.051527,0.0117503,-0.0127842,0.00280927],[-0.0536841,0.109873,-0.459238,0.148248,0.165212,0.111467,-0.0119986,-0.472665,-2.58636,-0.00157539,0.0950299,-0.623878,-0.238725,0.617204,0.0181761],[0.00766982,-0.0226874,0.163496,-0.00243911,0.0106098,-0.116599,-0.000270476,0.0309693,-0.0117409,0.0104268,0.0151551,-0.13975,-0.0518919,0.00438066,0.00433634],[0.0021478,0.00271018,-0.0419111,0.000469242,0.0127473,-0.0457228,0.0034685,0.00440071,-0.00628145,0.000364847,-0.000204557,-0.0174513,0.00340126,0.0107735,0.00476983],[0.0254372,-0.0154193,-0.0155647,0.000471411,-0.0421536,-0.160758,-0.0210009,-0.213752,-0.107755,-0.00553999,-0.00673403,0.0312336,0.0459381,-0.0523262,-0.000240328],[-0.00855453,-0.0109861,-0.0626628,0.000532312,0.00486012,-0.0527,0.0118336,-0.100556,-0.122696,-0.00323162,-0.000964473,-0.109298,-0.0315989,-0.0158346,0.00507029],[0.00239321,-0.00248054,-0.0960519,-0.00233987,0.00175988,-0.0387744,0.0019548,0.00228437,-0.013384,-0.000831278,-0.00181718,0.0302496,-0.0231871,-0.00293238,0.000684716],[0.136186,0.240973,1.4086,0.0359975,0.241635,-0.283076,0.261314,-0.968665,2.25015,0.0247014,0.0275713,0.247937,-0.070924,0.184108,-0.0461413],[0.0310269,-0.0644278,-0.461804,-0.0163428,0.240683,0.302217,0.173342,0.348449,0.165085,-0.000477637,-0.0429398,0.396572,-0.538332,0.227987,-0.0307157],[-0.00989774,-0.00324309,-0.0366711,0.00121321,0.0108961,0.0326298,0.000805747,0.0135995,0.0783547,0.000515057,-0.00117598,-0.0221705,-0.00174569,0.00304263,0.000436402],[-0.00324874,-0.0066303,-0.00804712,-0.00353204,-0.0129086,0.0910272,-0.0094927,-0.0220242,-0.100437,0.000408046,0.00415693,-0.123968,-0.0224425,-0.00205791,0.00322082],[-0.0248899,0.0183722,-0.66222,0.0199533,0.0635688,-0.370171,0.0564212,-0.0605456,-0.509258,0.00452484,0.0120147,-0.207595,-0.177981,0.067519,0.00290176],[-0.268596,0.0991716,0.620255,-0.0250102,0.0420298,-0.241171,-0.068212,-0.157697,-0.13803,-0.00278261,-0.0276451,-0.458239,-1.12524,0.0918378,-0.0845696]],"sigmahat":[[0.872169,0.0806226,2.69593,-0.0116912,0.133248,-0.237513,0.110927,0.893975,4.82664,0.0155513,-0.108866,2.89336,1.21483,0.394155,0.0960176],[0.0806226,0.742039,-1.67229,0.122293,0.269773,-1.56285,0.34543,-0.144604,0.0516417,0.019555,0.0314479,-0.128834,0.685333,0.387438,-0.0139782],[2.69593,-1.67229,81.1941,-1.22343,0.244723,18.5001,-0.465365,1.51225,77.8585,0.943304,-0.311891,22.9996,9.23622,5.17494,0.787561],[-0.0116912,0.122293,-1.22343,0.143124,-0.0130581,-0.177644,0.00931384,-0.00086971,-1.14532,0.000208121,0.0221685,-0.513402,0.00971584,0.0751747,-0.0316378],[0.133248,0.269773,0.244723,-0.0130581,3.5095,-5.13156,1.94068,2.18718,-0.885941,-0.00521868,0.0327078,-0.664784,-0.328828,0.592164,0.0798577],[-0.237513,-1.56285,18.5001,-0.177644,-5.13156,27.8725,-3.83215,-1.28462,27.1071,0.280028,0.00566511,5.06755,3.08571,0.50449,-0.130083],[0.110927,0.34543,-0.465365,0.00931384,1.94068,-3.83215,1.63732,0.738359,-1.77137,-0.000508277,0.0162849,-0.475236,-0.199224,0.308639,0.0637873],[0.893975,-0.144604,1.51225,-0.00086971,2.18718,-1.28462,0.738359,16.5085,3.87399,-0.08634,-0.102832,0.454325,-1.15505,0.984627,0.0469086],[4.82664,0.0516417,77.8585,-1.14532,-0.885941,27.1071,-1.77137,3.87399,176.209,1.75744,-0.699853,45.644,21.7498,11.3405,1.12173],[0.0155513,0.019555,0.943304,0.000208121,-0.00521868,0.280028,-0.000508277,-0.08634,1.75744,0.0734679,0.0345797,0.49001,0.277295,0.15776,0.0252681],[-0.108866,0.0314479,-0.311891,0.0221685,0.0327078,0.00566511,0.0162849,-0.102832,-0.699853,0.0345797,0.0824054,-0.727715,-0.0836426,0.0206853,0.00392578],[2.89336,-0.128834,22.9996,-0.513402,-0.664784,5.06755,-0.475236,0.454325,45.644,0.49001,-0.727715,25.7753,7.38544,2.81684,0.452109],[1.21483,0.685333,9.23622,0.00971584,-0.328828,3.08571,-0.199224,-1.15505,21.7498,0.277295,-0.0836426,7.38544,13.7703,1.89109,0.179091],[0.394155,0.387438,5.17494,0.0751747,0.592164,0.50449,0.308639,0.984627,11.3405,0.15776,0.0206853,2.81684,1.89109,2.55495,0.0439762],[0.0960176,-0.0139782,0.787561,-0.0316378,0.0798577,-0.130083,0.0637873,0.0469086,1.12173,0.0252681,0.00392578,0.452109,0.179091,0.0439762,0.0776299]],"n":15,"lags":3}