{"betahat":[[1.73452,0.784141,2.31204,0.438357,-0.2747,2.93489,-0.371857,7.51934,11.777,0.239544,-0.0640588,7.81429,3.34786,0.172104,3.94351,2.74987,0.293758],[1.06537,0.00801967,1.28968,-0.126459,0.0586418,-0.0911963,0.0710486,0.383102,2.27371,0.00256617,-0.00216501,0.298219,-0.202827,-0.00278212,-0.120598,0.0217367,0.0651355],[-0.082142,1.08844,0.818936,-0.0224037,-0.0591654,0.643235,-0.0970957,-0.542452,-0.0702381,-0.0139195,0.0363575,-0.600305,-0.0683808,-0.088739,0.0153234,-0.055969,-0.0145837],[0.00349713,0.0141027,0.800878,0.011449,0.00922616,0.00680079,0.00974598,0.0245243,-0.00338712,-0.00056977,0.00170615,-0.0228418,-0.0325753,0.00950051,-0.0151055,-0.000490665,-0.0032226],[0.148002,0.132456,-0.0680604,0.768525,-0.0694827,0.243733,0.0985245,-0.109988,2.05842,0.0800997,0.0622645,0.430112,-0.557993,0.0946449,0.943425,-0.314543,-0.0349824],[-0.136939,0.234662,-0.843801,0.0247796,0.841599,-0.411433,0.164484,-0.34085,-1.22565,-0.00387493,-0.00949285,-0.0912368,-0.034865,0.213794,-0.0965472,0.00169647,0.00216085],[0.00452651,-0.013599,-0.358149,4.00957e-05,0.00411092,0.887041,-0.0161534,0.105835,-0.428116,-0.00903054,-0.00770634,-0.03448,0.0661971,-0.0139681,-0.0734639,-0.0520409,-0.013962],[-0.0842846,0.0391021,0.339894,-0.030927,-0.194096,0.860557,0.932015,-0.0993169,0.453509,0.0142221,0.0137506,0.0751527,-0.254035,0.0306425,0.152193,0.0429666,-0.00325947],[0.000682535,0.00872827,-0.034661,-0.00434028,-0.0259603,0.112781,-0.0383863,1.13905,-0.0666856,0.00933341,0.0116002,0.00889795,-0.00979691,-0.0206047,0.0631958,0.0187443,0.00242875],[-0.00440919,-0.00576605,0.22711,-0.00319156,-0.0104252,0.0428448,-0.008615,-0.00131282,0.968335,0.00158642,0.00405734,-0.0490741,-0.0102873,0.00281098,0.0043932,-0.00244411,0.00325693],[-0.271928,-0.348738,-2.93023,-0.177106,0.369325,0.375996,0.0568509,0.482525,-3.81959,1.03825,0.00110205,0.737598,0.245074,0.182379,0.923455,-0.508856,0.257508],[-0.518182,0.646475,-7.29903,0.275578,-0.334399,-3.10595,-0.106809,-1.84537,-6.03367,-0.029278,1.02442,-2.88792,0.426285,0.0512847,-0.365474,-0.540837,-0.0828975],[0.0299233,0.00376939,0.161387,-0.00260699,-0.0312284,0.00621507,-0.00817564,-0.108309,-0.0686175,0.00655499,0.000769007,1.13142,0.026616,-0.0102337,0.0962814,0.00390805,0.0019772],[0.00755454,0.0765674,-0.485848,0.0166235,-0.0105247,-0.622296,-0.0254284,0.0738695,-0.78778,0.003622,0.0126698,-0.0255226,1.14018,0.0265907,-0.232998,-0.113891,0.000872694],[-0.0579219,0.12034,-0.998795,0.0343123,-0.0892609,0.680607,-0.0456603,0.849072,0.922509,0.0204985,-0.000173628,0.032548,-0.253497,0.981764,0.311598,0.122243,-0.0572329],[0.0408663,0.0240088,0.397965,-0.0166429,0.0682134,-0.132914,0.0405315,0.0782342,0.516546,0.00826408,-0.0055641,0.220563,-0.0136918,0.0160691,0.539707,0.0156704,-0.00115444],[0.130937,0.137989,-0.276476,-0.000681267,-0.0786333,0.453909,-0.0272748,-0.140494,1.36437,0.030333,0.0154618,0.148172,-0.172632,-0.0722065,-0.339567,0.619295,0.0270578],[0.557455,-0.182504,-0.155948,0.111439,0.291352,0.503951,0.138995,0.808432,-0.582453,-0.0113588,0.0132412,0.436995,0.33892,0.127893,1.14387,0.163174,1.121],[-0.109303,-0.0690829,-1.4714,0.0658651,-0.00319494,-0.00566933,-0.0411498,0.052589,-1.93266,-0.0403854,0.00149925,-0.69646,0.148973,-0.0097906,-0.20551,-0.168823,-0.0466733],[0.00912322,-0.0507676,-0.380221,0.0107063,0.0806733,-0.485481,0.0888351,0.399779,-0.294866,0.0177616,-0.00734688,0.112264,0.133529,0.089544,-0.00386243,-0.00577486,0.0104571],[-0.00576927,-0.00322585,0.162362,-0.00473094,-0.00298796,0.0192888,-0.0048055,0.00207372,-0.0500895,-0.000342893,0.00103045,-0.0309478,0.0148693,-0.00211059,-0.00220512,0.0112897,0.000373111],[-0.068742,-0.231421,0.827706,0.047067,-0.30538,-0.184988,-0.179074,0.581373,1.03098,-0.0809726,-0.177893,0.246284,0.266432,-0.21493,-0.526126,-0.448764,0.0146016],[0.130539,-0.175821,0.612242,-0.00553084,0.00224124,0.598365,-0.183629,0.235573,1.0059,0.00478962,0.00147985,0.273155,-0.0241182,-0.182809,0.147385,0.0169818,-0.00116501],[-0.00254256,0.0150898,0.396703,0.000769208,-0.014199,0.139915,0.0112836,-0.088541,0.456679,0.00817217,0.00750695,0.0628224,-0.0542391,0.0119219,0.0666246,0.0390329,0.00950424],[0.0757171,-0.0585912,-0.0555282,0.024814,0.106802,-0.531377,-0.0373488,0.173953,-0.434207,-0.00502756,-0.00451025,0.0573698,0.181609,-0.0716056,-0.157694,-0.0433949,0.0182881],[0.00529965,0.00304294,0.115896,0.00187687,0.0226437,-0.0563077,0.0252085,-0.0482101,0.212538,-0.0059359,-0.0110357,0.114204,-0.0116235,0.0149262,-0.0282651,-0.00345591,-0.00834615],[0.00157368,0.0105408,-0.137097,0.00610891,0.010567,-0.017008,0.00713397,-0.00214181,0.0175779,-0.00054305,-0.00178311,0.0133594,0.00899545,0.000512392,0.0228854,0.00408959,-0.00394873],[0.323109,0.0649388,1.37151,0.126733,-0.518834,-0.723753,-0.274471,1.06122,0.9525,-0.117839,-0.0728026,-0.938999,-0.224442,-0.221077,-0.789626,0.248228,-0.160884],[0.433536,-0.570997,7.45287,-0.255932,0.0221282,2.92688,-0.133027,1.07806,6.00144,0.0117813,-0.0227542,2.44758,-0.891639,-0.153551,1.13023,0.239001,0.0907809],[-0.0195546,-0.000511955,-0.127685,0.000615442,0.0174818,-0.0298707,0.00793468,0.0924961,-0.0154242,-0.00819189,2.48905e-05,-0.118219,0.0028388,0.00872633,-0.0884209,-0.00462845,-0.00281491],[0.0301403,-0.0484961,0.414361,-0.0111882,0.0452691,0.349388,0.0186516,0.0484718,0.895418,-0.00816864,-0.016957,0.0606825,-0.113474,-0.0189713,0.137415,0.0835199,0.01054],[0.032637,-0.068909,0.811514,-0.0373289,0.156598,-0.731937,0.0562084,-0.492845,-0.847854,0.00176169,0.016744,-0.0136491,0.252126,0.00702516,-0.274146,-0.0499359,0.0415275],[-0.00202679,-0.00563994,-0.171295,0.00241466,0.0268825,-0.0586539,0.0159832,-0.0894511,-0.389375,-0.00440799,0.00243965,-0.0948642,0.01038,0.00949069,-0.0343428,0.0154471,-0.00493258],[-0.0464774,-0.104893,0.729595,-0.0658825,-0.0728817,0.0587569,-0.0339119,0.223554,-0.27954,0.000683372,0.00559484,-0.133908,0.0474493,0.0160341,0.0876886,0.020171,0.0228646],[-0.290116,0.0461926,-0.128951,-0.0455928,-0.00437381,-0.703443,0.169222,-0.701284,-0.596504,-0.039007,0.00333491,-0.290864,-0.218212,0.0912711,0.00961318,-0.489436,-0.102078],[0.0439273,0.0610647,0.181632,0.0605983,-0.0554497,0.0968261,-0.029893,-0.435764,-0.341222,0.0378162,0.000666424,0.398207,0.0538576,0.0125763,0.326064,0.147082,-0.0184642],[0.0731879,-0.0384047,-0.436892,0.0114829,-0.0207776,-0.159108,0.00861141,0.142065,0.367016,-0.00380512,-0.0291803,0.492184,-0.0654284,-0.000790582,-0.0123479,0.0623237,0.00421519],[0.00224202,-0.0108634,0.036337,-0.00671349,-0.00623426,-0.0262117,-0.00493532,-0.0267001,0.0529581,0.000907213,-0.00273276,0.05367,0.0177493,-0.00738101,0.017255,-0.010824,0.00284302],[-0.0851806,0.121155,-0.515181,0.157398,0.223851,0.228481,0.0122348,-0.424929,-2.66532,-0.0039345,0.105198,-0.80266,0.0709457,0.0655661,-0.254735,0.713602,0.01263],[0.0132111,-0.0152726,0.160532,0.00342781,0.0178809,-0.110108,0.00647915,0.11039,0.0762505,0.013971,0.0185722,-0.14994,0.053215,-0.0164435,-0.0540049,0.0212406,0.00492958],[-0.00224125,-0.00122402,-0.042867,-0.000731023,0.0098004,-0.0287397,0.00464997,-0.0187077,-0.0323428,0.000821197,0.000270526,-0.0301169,-0.010873,0.00199499,0.00678775,0.0123549,0.00441518],[0.0224979,-0.0108438,0.00619077,0.00391226,-0.0307049,0.0721473,-0.00396218,0.0502009,0.280085,-0.000938076,-0.00607124,0.0141416,0.0194759,-0.0294728,0.0864855,0.0227569,-0.0122629],[-0.00662423,-0.010678,-0.082159,0.00254285,0.0036284,-0.0582346,0.0134748,-0.0961611,-0.144671,-0.00345039,-0.000516167,-0.124407,0.021363,0.00583974,-0.0329155,-0.0150323,0.00575443],[0.00163316,-0.00435647,-0.101309,-0.00294759,0.00101106,-0.0316137,0.00231149,-0.000427575,-0.00782571,-0.001122,-0.00210031,0.0316039,0.00361052,-0.00241831,-0.029178,-0.00325219,0.000559155],[0.116579,0.287046,1.57315,0.0395926,0.234459,-0.239452,0.28496,-1.14248,2.52942,0.0353231,0.035642,0.231595,0.0367905,0.0507789,-0.0947162,0.260077,-0.0611152],[0.0779168,-0.0550229,-0.32958,-0.0103,0.301214,0.102099,0.238943,0.515805,0.159663,0.00210498,-0.0376834,0.394718,0.357602,0.110329,-0.682955,0.241587,-0.0150113],[-0.0102846,-0.00317144,-0.0319425,0.00197973,0.014762,0.0211221,0.000698182,0.0179298,0.0835857,0.0016495,-0.000698753,-0.0133007,-0.0287572,0.00170629,-0.00851667,0.00171233,0.00088788],[-0.0468574,-0.0327834,0.105702,-0.00840343,-0.0207894,0.243197,0.0143575,-0.146452,-0.0934857,0.00305082,0.00359157,-0.0579982,-0.0685923,-0.0080254,0.0670882,0.0265663,-0.0130758],[-0.011333,-0.0324752,-0.179661,-0.00522972,-0.106314,0.129751,-0.0712342,-0.517385,-0.269573,-0.0199886,-0.0168184,0.0169455,-0.0498202,-0.0674592,0.0849643,-0.114882,0.00642871],[-0.00252817,-0.00581716,0.0185971,-0.00423585,-0.0103673,0.0858111,-0.008213,-0.0269654,-0.0936096,0.00128284,0.00460538,-0.119112,-0.0214264,-0.00559247,-0.0364849,-0.000291237,0.00339969],[-0.0327441,0.0155034,-0.687631,0.0151037,0.0615896,-0.394809,0.0558935,-0.140502,-0.55714,0.00717798,0.0135527,-0.209971,-0.0456577,0.0581436,-0.179001,0.068338,0.00730876],[-0.281039,0.0858463,0.632602,-0.0247896,0.16934,-0.32643,0.0186645,-0.0441888,-0.215213,-0.0115254,-0.0301792,-0.738613,0.410669,0.0860184,-1.46464,0.153823,-0.0991099]],"sigmahat":[[0.791926,0.0778815,2.52428,-0.0158556,0.143583,-0.153966,0.123635,0.775691,4.54922,0.0120136,-0.10423,2.68573,-0.291109,-0.00939938,1.24038,0.391824,0.081783],[0.0778815,0.640073,-1.18676,0.0997932,0.292785,-1.35153,0.344939,-0.25573,0.259893,0.0143273,0.0250465,-0.125733,-0.103182,0.225849,0.752439,0.395108,-0.0104153],[2.52428,-1.18676,74.6815,-1.07282,0.0560293,16.9252,-0.566028,1.99818,74.7394,0.937921,-0.276273,22.5166,-5.81263,-0.90479,9.19372,4.86034,0.718555],[-0.0158556,0.0997932,-1.07282,0.128926,-0.00817473,-0.129936,0.011826,-0.0520975,-1.02473,-0.000811468,0.0198475,-0.51097,0.0414674,0.0310713,0.0101393,0.0656372,-0.0288145],[0.143583,0.292785,0.0560293,-0.00817473,3.25163,-4.86542,1.78671,2.17184,-0.875514,0.00374311,0.0319601,-0.532248,0.862913,1.0387,-0.12482,0.571822,0.0830383],[-0.153966,-1.35153,16.9252,-0.129936,-4.86542,24.7629,-3.67051,-1.38434,24.345,0.249349,0.00326603,5.06347,-4.29207,-2.56933,2.23112,0.181963,-0.114933],[0.123635,0.344939,-0.566028,0.011826,1.78671,-3.67051,1.50735,0.703166,-1.82348,0.00424163,0.0182987,-0.38393,0.504489,0.977766,-0.0908426,0.278355,0.067726],[0.775691,-0.25573,1.99818,-0.0520975,2.17184,-1.38434,0.703166,14.7165,2.78435,-0.109101,-0.105957,0.203391,-0.26515,0.163586,-1.24143,0.93508,0.0598267],[4.54922,0.259893,74.7394,-1.02473,-0.875514,24.345,-1.82348,2.78435,168.321,1.71503,-0.61149,44.3976,-10.6295,-3.02215,21.7101,10.8625,1.057],[0.0120136,0.0143273,0.937921,-0.000811468,0.00374311,0.249349,0.00424163,-0.109101,1.71503,0.0679495,0.0313844,0.461451,-0.111043,-0.00681216,0.272251,0.148914,0.0235906],[-0.10423,0.0250465,-0.276273,0.0198475,0.0319601,0.00326603,0.0182987,-0.105957,-0.61149,0.0313844,0.0754801,-0.689521,0.0491218,0.018776,-0.0728276,0.0191899,0.00283487],[2.68573,-0.125733,22.5166,-0.51097,-0.532248,5.06347,-0.38393,0.203391,44.3976,0.461451,-0.689521,24.5625,-2.58685,-0.703193,7.23713,2.76971,0.427574],[-0.291109,-0.103182,-5.81263,0.0414674,0.862913,-4.29207,0.504489,-0.26515,-10.6295,-0.111043,0.0491218,-2.58685,3.17171,0.477314,-1.78421,-0.490799,-0.0339564],[-0.00939938,0.225849,-0.90479,0.0310713,1.0387,-2.56933,0.977766,0.163586,-3.02215,-0.00681216,0.018776,-0.703193,0.477314,0.829574,-0.295537,0.0640235,0.033825],[1.24038,0.752439,9.19372,0.0101393,-0.12482,2.23112,-0.0908426,-1.24143,21.7101,0.272251,-0.0728276,7.23713,-1.78421,-0.295537,13.3598,1.89827,0.185041],[0.391824,0.395108,4.86034,0.0656372,0.571822,0.181963,0.278355,0.93508,10.8625,0.148914,0.0191899,2.76971,-0.490799,0.0640235,1.89827,2.34528,0.0487012],[0.081783,-0.0104153,0.718555,-0.0288145,0.0830383,-0.114933,0.067726,0.0598267,1.057,0.0235906,0.00283487,0.427574,-0.0339564,0.033825,0.185041,0.0487012,0.0684193]],"n":17,"lags":3}