{"betahat":[[-3.68052,7.17754,8.60087,13.5295,12.7367,44.1953,10.6393,3.87201,0.988441,6.07043,-21.0484,0.921876,2.4859,132.023,-1.26305,-0.69088,40.4776,19.766,3.50013,6.0631,17.6902,13.4815,0.720482,-17.3717,7.84203,-0.640861],[0.79217,-0.089392,-0.0502059,-0.0568089,-0.368237,-0.124764,-0.0124109,0.00033935,-0.0242437,-0.0264803,0.334544,-0.0130482,0.00618493,-0.82761,0.00898294,0.00277778,-0.261552,0.00110672,-0.00930302,-0.0263692,0.0279591,-0.119826,-0.003735,0.0944764,-0.0612991,0.000422951],[0.0746032,1.0334,0.308786,-0.276529,-0.0302726,-0.263532,-0.00274453,0.000829805,0.0283145,0.0348245,0.265018,0.0156761,-0.0652401,-0.940931,0.00195583,0.010162,-0.267584,0.0259533,-0.117544,0.0345949,-0.0364625,-0.0168631,0.0105551,-0.165876,0.00736054,-0.0162359],[0.0319247,0.0120383,0.796938,0.0842618,0.207204,0.102208,0.0129361,-0.00455394,0.00382247,0.00934437,-0.0528848,-0.00205745,-0.0415308,0.268264,-0.00109009,-0.00638684,0.165957,0.00595715,0.0337984,0.00936549,0.0687116,0.053441,-0.00222225,-0.0462904,-0.0230622,-0.00288982],[-0.0164512,0.0570263,-0.0298273,0.848564,-0.0568968,-0.106353,-0.0502948,0.00693248,-0.0123011,-0.0217054,0.0378374,-0.00210102,0.0726277,-0.776601,-0.00644816,0.0198564,-0.414887,-0.00749459,0.00519724,-0.0217814,-0.0235454,0.0331349,0.000799513,-0.0486486,-0.0364235,-0.0060149],[-0.0865014,-0.0588717,-0.0814244,-0.113315,0.66403,0.0408518,-0.00217827,0.000930446,0.00213302,0.00299012,-0.0529154,0.00681523,-0.0501385,0.378388,0.00264251,2.82445e-07,0.037074,0.00443583,-0.0112385,0.00301819,-0.139564,0.0309389,0.00318893,0.00965423,0.021834,0.00484758],[-0.00821931,-0.0109344,-0.0929737,0.0076265,0.066524,0.761882,-0.014643,-0.000682118,-0.00110304,-0.00189162,-0.0583276,-0.00468499,-0.0112469,-0.135752,-0.00315702,-0.00113299,-0.0784919,0.00282287,-0.0102116,-0.00180056,-0.0817376,-0.00797395,-0.00246899,-0.0660732,-0.00911206,-0.00508653],[0.114795,0.106372,0.241604,-0.105283,-0.0389486,0.0515221,0.821781,-0.0292982,0.0403125,0.0100818,0.150387,0.037326,0.120705,-0.658069,-0.0385345,-0.0336727,-0.0859278,0.0272525,-0.021045,0.00995195,-0.177717,0.0910497,0.0240707,-0.0617235,-0.0831944,0.0263951],[0.0986139,-0.171141,-0.100899,0.350149,-0.333533,-0.094605,0.342188,0.688453,-0.122232,0.0381263,-1.01343,-0.121731,-0.957452,8.41656,0.288623,0.254832,-1.43201,-0.0351524,0.028523,0.0378011,1.28594,0.720879,-0.0977296,0.628715,0.110408,-0.029871],[0.244616,0.0605195,1.18532,-0.53347,0.569711,3.36109,0.385542,-0.232953,1.22096,0.123953,0.600222,0.454018,-0.149223,0.961545,0.170281,0.214361,0.778812,0.330319,0.203245,0.122535,-1.82586,0.429439,0.187661,0.654338,-0.122675,0.264247],[0.316818,0.0137888,0.323902,-0.0814138,0.818989,1.01262,-0.102252,0.0737173,0.0763501,0.828197,-0.255966,0.0579167,-0.396884,3.63929,-0.00217486,-0.0296602,0.931466,-0.0162322,-0.106312,-0.172922,0.412153,0.336449,0.0446525,0.467417,0.0117871,0.0122863],[-0.0408114,0.00670967,-0.0467745,-0.226197,-0.00542198,-0.00729783,-0.00557356,-0.00112702,-0.0045392,-0.00992881,1.09197,-0.00674222,-0.0317142,0.817129,0.0131625,0.00397153,0.0554208,-0.0246557,0.00172131,-0.010012,-0.301383,0.0138362,-9.67485e-05,0.0638632,-0.00931929,0.0129321],[-0.754091,-0.689342,-2.17836,0.232042,-0.424392,-4.20523,-0.13516,0.149303,-0.114581,-0.165248,0.286309,0.771274,-0.465151,-4.66544,-0.227859,-0.252817,-0.69417,-0.0640887,0.24881,-0.164284,-0.0746905,-0.743124,0.00890332,-2.41337,-0.290243,-0.163611],[-0.0359666,-0.0241555,-0.131197,0.0884434,-0.155433,-0.176559,-0.140445,0.0170199,-0.0227221,-0.036926,0.0835876,-0.0157231,0.922887,-1.80713,-0.0202439,0.00853386,-0.565228,-0.0119336,0.0152119,-0.0368166,-0.0198257,0.0469083,-0.00891288,-0.324336,-0.128732,-0.0165736],[0.00135908,0.00283437,0.00370973,0.000374752,-0.000772084,0.0310708,-0.00628769,0.000156998,-2.66317e-06,0.00333699,-0.00702094,0.000216125,-0.0101436,0.853521,0.00114928,0.0028529,-0.0485496,-0.00445437,-0.00183835,0.00329195,0.0149883,0.000423404,-0.000744428,0.0205063,0.00473431,-0.00053052],[0.224522,0.0674661,1.22235,-0.603907,-0.540328,2.14006,-0.0879638,-0.195957,0.0604903,0.031512,0.886268,0.085938,1.39241,-6.77777,0.902282,-0.0423495,0.247324,0.0944043,-0.150843,0.0294705,-0.581575,-1.35636,-0.00852914,0.499744,-0.726582,0.113114],[-0.406333,-0.718491,-2.47692,-0.448689,0.394359,-3.73932,0.419842,0.071767,0.0290827,0.237651,-1.21315,-0.0568734,-0.45897,0.182796,0.104101,0.84091,0.718001,0.0254131,0.268229,0.239119,1.91683,0.0469683,0.015385,0.0582246,-0.0437984,-0.0125075],[0.0309667,-0.0137075,0.0309269,0.0973921,0.170852,0.160851,0.0247499,0.00317037,0.00466156,0.00793994,-0.00562265,0.00414045,0.0321886,0.0133264,0.0107827,0.00244831,1.07918,-0.00245143,0.0153526,0.0079808,0.0921804,-0.0341887,0.00239634,0.0770298,0.0191395,0.0033173],[0.780692,0.673961,2.36867,1.66225,-0.309081,0.45093,0.250839,-0.0606718,0.0177206,-0.0520503,0.0697712,0.0528242,-0.376897,-3.73294,-0.035785,0.169715,-3.07503,0.370713,0.134854,-0.0522129,2.00179,1.2073,0.018925,1.34351,-0.0142936,0.0184203],[0.211228,-0.0329094,1.02669,-0.386782,0.292737,0.80642,0.219675,-0.0330285,0.0594034,0.0384456,-0.000134958,0.0358854,-0.300668,1.54925,0.0174856,0.0444957,-0.702985,0.0507285,0.483495,0.0381351,0.261689,0.00299352,0.0273075,0.807392,0.157466,-0.0130719],[0.33228,-0.00914336,0.0782073,-0.116684,0.943524,0.795771,-0.146705,0.0808235,0.0791341,-0.178064,-0.26306,0.0537362,-0.454088,3.07954,0.00902,-0.0266693,0.899521,-0.0361572,-0.105923,0.824033,0.308098,0.261745,0.0445013,0.452323,0.0393896,0.0128967],[-0.0397256,-0.0099614,0.0263822,0.119454,0.0377467,-0.0233113,-0.00221727,-0.00735828,0.000767147,-0.00227693,-0.104514,-0.00187679,0.00689933,0.30293,-0.00385899,-0.00811552,0.0874923,-0.0228496,0.00603298,-0.00223069,-0.199728,0.0649337,-0.00348389,-0.0737408,-0.00908581,0.000978067],[-0.025397,-0.0142074,-0.0409565,-0.0458051,-0.187402,-0.178509,-0.0440617,-0.015782,0.00581371,0.00206107,-0.159038,0.00700726,0.0609226,-0.352757,-0.00988049,0.00173136,-0.404396,0.0255391,0.00421286,0.00217719,-0.0838479,0.61709,-0.00371051,-0.142749,-0.059843,-0.0110095],[-0.952756,-0.760538,-2.08636,0.162628,-2.75661,-1.02115,-1.661,0.126486,-0.276479,-0.131561,0.335618,-0.167427,2.12534,-20.9369,-0.059179,0.252553,-9.0309,-0.119139,-0.334231,-0.129519,-4.09155,0.328281,0.935925,0.530122,-0.686856,-0.148726],[0.055296,-0.00854309,0.0841576,0.0397889,0.203729,-0.0741702,-0.0218941,0.00202149,8.75885e-05,0.00708213,0.0327486,0.00453899,-0.00879932,0.637056,0.00693284,-0.0045761,0.293698,0.0190851,-0.00482034,0.00709138,0.0643456,-0.0158627,0.00615422,0.444892,0.000133094,0.00580987],[-0.0904798,-0.001511,0.135135,-0.186422,0.140071,0.371646,0.0258816,0.0107475,-0.0140111,-0.0414093,-0.147463,0.00499159,-0.291877,0.258976,-0.0196109,0.0542016,-1.17925,0.00319792,-0.045409,-0.0404104,-0.812436,0.35103,0.000461737,-1.02832,0.346415,0.0180125],[0.303818,1.27596,0.587059,-1.32045,0.792961,-0.00388832,1.12445,-0.0478373,0.00891622,-0.0836822,-0.663681,0.0207256,-0.584264,8.91405,0.0742281,0.199921,1.05681,-0.117044,-0.325243,-0.0838194,3.01959,1.40826,0.0723667,2.32968,0.910784,1.01747],[0.146621,0.0914876,0.0826057,-0.00469134,0.182831,0.0666245,0.0289624,-0.00680686,0.0103304,0.0058729,-0.213488,0.00314458,-0.0331681,0.161653,-0.0118351,0.00261258,0.0685086,-0.00212398,0.0101776,0.00582681,-0.00198106,0.066349,0.00125218,-0.0385108,0.0300358,0.000393211],[-0.0103571,0.00110352,-0.0584321,0.246147,0.211425,0.432375,0.0110215,-0.00969383,-0.0119357,-0.0365587,-0.093007,0.00348486,0.125719,0.331422,0.00369338,0.00667062,0.162369,-0.00572319,0.0523734,-0.0365424,0.0162462,0.0751996,-0.00621125,0.160779,-0.0333738,0.0213432],[-0.0157841,-0.015246,0.090269,-0.0543326,-0.136841,-0.0249067,0.0108107,0.00426627,-0.00103336,-0.0122977,0.0215564,0.00389578,0.0302359,-0.484579,-0.00338055,0.00310666,-0.0951155,-0.0014809,-0.0162803,-0.0122642,-0.0263704,0.00445176,0.00218779,0.0806322,0.00839418,0.00385024],[-0.0215228,-0.0344458,-0.0845823,0.052331,0.0516277,-0.0169561,-0.000267572,-0.00586643,0.00802141,0.0105199,0.00933385,-0.00112805,-0.0647752,0.517315,-0.0117729,-0.0211874,0.143122,0.00814929,0.0287733,0.0106761,-0.135359,-0.0403604,-0.00362351,0.0660971,0.0134928,-0.00176428],[0.0595799,0.046024,0.0033619,0.0424785,0.230039,-0.0809809,0.00990213,-0.00290284,-0.00477511,0.00126667,0.0273776,-0.00848199,0.0293176,-0.0679827,0.00310093,0.00277906,0.00617077,-0.008185,0.0120985,0.00130654,0.0950513,0.00903008,-0.0029938,-0.0186263,0.00709908,-0.00271889],[0.025646,0.0173183,0.0868894,0.0529032,-0.0415168,0.117313,0.0090856,0.00132055,0.000930488,0.00913083,0.0420599,0.00212257,0.00532499,0.260041,0.00632271,0.00717322,0.0650994,0.000765861,0.0108573,0.00902997,0.0363982,-0.00706285,0.00337135,0.0576315,0.0113068,0.00582514],[-0.188119,-0.137653,-0.27893,-0.0261881,-0.109119,-0.376383,0.0652901,-0.00216106,-0.0329714,0.0213266,-0.0691965,-0.0199753,0.149067,0.217136,0.052781,0.0618894,-0.174648,-0.00371872,-0.0116765,0.0216684,-0.0219381,-0.0552779,-0.0101685,-0.0892108,0.0345533,-0.017844],[0.571244,0.373345,0.162818,-0.491505,1.65058,-0.542836,-0.341577,-0.208865,0.0718824,0.165255,0.0945989,0.0696942,0.269176,-1.88434,0.0197226,0.00961674,0.0207929,-0.122165,-0.054674,0.164935,0.850772,0.429182,0.0301598,-0.232329,0.313354,0.0696083],[0.466493,0.140655,-0.546794,0.28702,0.342772,-1.08645,0.100284,0.0747741,-0.0244151,-0.00686033,-0.233904,-0.130445,-0.401674,3.84051,0.0257458,-0.136469,2.03621,-0.0011771,-0.113386,-0.00784541,2.34053,0.117543,-0.0603163,0.0775325,0.193642,-0.033861],[-0.022984,0.206805,0.516872,0.168459,-0.431022,-1.09134,0.272102,-0.027379,-0.0384483,-0.0107476,0.444213,-0.0232533,0.208885,-3.48468,0.0515899,0.0764027,-1.19297,0.00404756,-0.0603559,-0.0106893,0.688499,0.426615,0.00143733,0.162751,-0.117446,-0.00293087],[0.0303443,-0.00570488,-0.0343727,0.121735,-0.0113906,-0.046574,0.031092,-0.00860271,0.0088958,0.00786725,-0.171071,0.0071609,-0.0202317,-0.508157,-0.0051184,0.00788788,-0.024657,0.0129925,-0.0101738,0.00805182,0.241998,0.0461624,0.000675353,-0.108848,0.031297,-0.00793926],[0.383328,0.209999,-0.309843,0.712159,-0.143745,0.538823,-0.187082,0.0210979,-0.0528591,0.124004,0.120452,-0.0849991,-0.390898,4.25081,0.14192,0.0857237,1.23286,0.0556391,-0.168427,0.124076,0.782704,-0.335707,-0.0368725,0.456326,0.230098,-0.00409947],[0.0441738,0.0395068,-0.013056,-0.13589,0.147264,-0.048041,0.107353,-0.0137129,0.00946377,0.0281389,-0.107266,0.00538348,-0.0985751,1.40004,0.0136371,-0.00201727,0.390682,0.0119322,-0.00741868,0.0278991,-0.00514615,-0.0589367,0.001507,0.148416,0.0630712,0.00473725],[-0.00438259,0.000325009,-0.000486789,0.0145795,-0.0139379,-0.0286315,-0.00197301,-0.0005411,-0.000816502,-0.00144299,0.00875029,-0.000864119,0.0197145,0.0251648,-1.3113e-05,-0.000114111,0.0170091,-0.00109117,0.00521509,-0.0014637,-0.00223182,0.00301767,-0.000268908,0.0173262,-0.00109168,-0.000332711],[-0.206486,-0.281218,-0.363954,-0.257779,-0.686188,-0.987687,-0.0451817,0.111387,-0.0120681,-0.0807215,-0.162709,-0.0282773,-0.969254,1.36795,-0.147591,-0.116535,0.141496,-0.0711347,-0.225635,-0.0804148,-0.269592,-0.562111,-0.0433146,-0.0224781,0.137085,-0.0738485],[0.368644,0.284596,0.686674,0.0708913,0.274917,2.32496,0.0891795,-0.0642741,0.0215094,-0.12393,0.28827,0.0778363,0.24245,2.42752,-0.00896383,0.0390144,0.482448,-0.0149836,0.00717718,-0.123753,-0.978472,-0.11556,0.0108313,0.367439,-0.135266,-7.81542e-05],[-0.0425822,-0.000550502,-0.0267692,-0.0666453,-0.128411,-0.138225,-0.015825,-0.000978184,-0.00654361,-0.00868978,0.00334262,-0.00591822,-0.0193271,-0.060793,-0.0123412,-0.00283563,-0.0817042,-0.00223811,-0.00546577,-0.00867889,-0.0698447,0.00754783,-0.00251962,-0.0328061,-0.0120283,-0.00450823],[-0.594608,-0.184243,-0.936307,-1.31358,0.219895,-1.10581,-0.646219,0.105686,-0.0280796,0.105462,0.055343,-0.0587479,0.419894,3.8741,0.117418,-0.0288997,2.80809,-0.0144583,0.0886008,0.104995,-2.59918,-0.776152,-0.0481477,0.182333,0.258817,0.0436719],[-0.213806,-0.0479571,-0.911243,0.114271,-0.822698,-0.660099,-0.194966,0.00463552,-0.0343341,-0.05119,-0.00696534,-0.0143188,-0.139359,1.00937,0.00355066,-0.0230541,0.185069,-0.0395939,-0.0277647,-0.0510851,-0.331976,0.171327,-0.0146561,-0.220367,-0.153776,0.0106764],[-0.0570411,0.195724,0.560084,0.180505,-0.549212,-1.21327,0.252126,-0.0276327,-0.0416193,-0.00592334,0.427167,-0.0292197,0.244507,-3.54779,0.0485301,0.0766357,-1.21521,0.0125965,-0.0659162,-0.00533323,0.539811,0.348679,0.00144479,0.00497805,-0.142909,-0.00798756],[0.0461343,0.0458755,0.168926,-0.00675911,0.0956677,0.0921135,-0.0350626,0.00131515,-0.000426451,-0.00278137,0.0285904,-0.00233791,0.00556012,0.603253,0.00503169,-0.0111887,0.18705,-0.00362182,0.0260947,-0.00284005,-0.12221,0.0248504,-0.00160924,0.0181953,0.0271291,0.000608419],[-0.0424612,-0.0505517,-0.0186703,0.047877,0.0358459,0.132499,0.0220776,0.013854,-0.00297911,-0.00746361,0.126518,-0.00512769,-0.0412195,0.567047,0.00124513,-0.00293136,0.244422,-0.0077918,-0.0135533,-0.00745728,-0.0473301,0.402925,0.00525068,0.141419,0.0263251,0.00471236],[1.10043,0.821209,1.66942,-0.323576,1.97226,2.44597,-0.0588151,-0.122044,0.0578951,-0.0028406,0.0427362,0.0143611,-0.484551,5.83869,-0.0664238,-0.141854,3.69452,0.135881,-0.0103469,-0.00581053,2.18485,0.632943,-0.0191554,0.670791,-0.0815074,0.0338187],[0.0225183,0.0481472,-0.0835435,0.00851916,0.0626393,0.00642038,0.0390451,0.00348371,-0.00296404,0.00151619,-0.0326173,-0.00680521,0.0485149,-0.361725,-0.00773266,-0.00100533,-0.135259,0.0210254,0.0189791,0.00156054,0.0732569,0.0191447,-0.00234877,-0.11912,0.0255803,-0.0021022],[-0.220417,-0.186976,-0.0543107,0.121833,-0.388033,-0.121063,-0.0371379,-0.0127975,0.0041199,-0.0213674,-0.116873,0.00975581,0.208025,-1.38398,-0.0541135,0.00752789,-1.17859,0.0327419,-0.0223454,-0.0216363,-0.226309,0.122803,0.0118464,-0.512276,0.0246496,-0.0015967],[0.152996,-0.0744731,-0.32176,1.31712,0.569559,0.263195,0.0537327,0.140173,0.0346476,0.227683,-1.02744,0.00503968,-0.657061,1.52273,0.0640191,0.0918643,-1.55614,-0.186027,-0.0198793,0.227545,0.147996,-0.0459539,0.00638739,0.0612004,-0.194553,-0.0919991],[0.0609736,-0.00251232,-0.0327277,0.0613386,0.184618,0.0570183,-0.0167589,0.00637386,0.0138672,0.0202789,-0.119859,0.00986513,0.027187,0.660675,0.00280644,-0.00545581,0.192075,0.00076941,-0.000807811,0.020207,-0.027206,0.0535436,0.0024618,-0.0566505,0.0309318,-0.000822864],[-0.0640262,-0.034835,-0.250574,0.0299251,-0.181274,-0.170278,-0.00835002,0.00874197,-0.0163894,0.00152608,-0.171208,-0.0191812,-0.0599689,0.608,-0.00559053,-0.0169106,0.107357,-0.0203052,0.0653361,0.00174226,0.0204508,-0.0584656,-0.00436547,0.00431255,0.0254667,-0.00509394],[-0.0164506,0.00237292,0.110406,-0.0301684,-0.0699666,-0.0792011,-0.0237702,0.000148358,-0.00273285,0.00271988,0.0320807,-0.00178805,0.0109527,0.215208,0.00451006,0.00322763,-0.0709627,-0.00461846,-0.0173758,0.00267685,-0.0428719,-0.0577199,3.56453e-05,-0.0350244,0.0143245,-0.000917734],[0.0383351,-0.0226095,0.114738,0.0966936,0.00602311,0.121655,0.0503784,-0.00133177,0.00432146,0.0108537,-0.0458097,0.00325647,-0.00775975,0.259617,0.0182136,0.00112032,0.273703,-0.000787762,-0.0334007,0.0107859,0.158456,0.00775451,0.00282855,-0.0167299,0.0226649,0.00787829],[0.02615,0.0120311,0.0772671,0.0702392,0.102122,0.0376703,-0.00833596,0.00180141,0.00259536,-0.00459126,0.026634,0.00166393,0.0214236,-0.317085,-0.00576668,-0.0027529,-0.0467969,0.00356161,-0.000520703,-0.00466528,0.0418172,-0.0392466,-0.000215228,0.00804242,-0.0296417,-0.00213063],[-0.0178823,-0.00693608,0.00516624,-0.0607484,-0.026727,0.117536,0.00514224,-0.000788549,0.000160087,-0.00744265,0.0169185,0.00255638,0.00636503,-0.125105,-0.0031515,-0.00600751,0.0123696,-0.00366908,-0.000436068,-0.00744238,0.044306,0.0154385,-0.000926872,0.00838563,-0.00260205,-0.000755609],[0.0744194,0.0292514,0.0366962,0.129183,0.149569,0.318106,0.109257,0.0304609,-0.00727679,-0.0323622,-0.0749894,-0.0173126,-0.266399,0.429509,-0.0138867,-0.0284303,0.266982,-0.0245789,0.0340584,-0.0325916,0.197151,-0.0358615,-0.0138666,0.151606,0.0464382,-0.00835592],[0.219655,0.587951,-0.351517,0.842628,-0.562694,0.244238,-0.230656,0.302883,-0.0865837,0.163583,1.07715,-0.0535105,-0.0517551,-4.61063,0.0918938,0.17552,-0.98375,-0.195648,-0.188564,0.163563,-0.748543,-1.30806,0.0265373,0.0767047,0.350537,0.00945438],[-0.0920924,-0.0444101,0.200144,-0.0820626,-0.129896,0.184187,0.0267583,-0.0133153,-0.0438891,0.0554802,0.191683,-0.0298873,0.00166395,0.400217,-0.0229878,0.0120666,-0.0448064,0.0322002,0.00412535,0.0553974,0.0544127,-0.478493,-0.0343047,0.024421,0.106517,-0.00181106],[-0.251396,-0.300817,-0.267965,0.148316,-0.308586,0.000879422,0.0149166,-0.0280338,0.0410143,0.0206878,-0.0749659,0.023823,0.234742,1.46855,-0.0234715,-0.0267075,0.408739,0.0211226,-0.0647373,0.0210126,-0.469981,-0.100022,-0.00239113,0.200929,0.0759352,0.0090307],[0.00663893,-0.00497425,0.069211,0.101813,0.012916,0.0487615,-0.0256018,0.00942248,-0.00508888,0.000639157,0.0742708,-0.00100502,0.0472373,-0.30054,-0.00917988,-0.0126631,-0.0334153,0.00977274,0.0072627,0.000526187,0.0605748,-0.0557651,-0.000905444,0.035658,-0.0215649,-0.00540599],[-0.00655622,0.00724767,0.539939,-0.345243,0.318296,-0.0196699,0.021517,7.25083e-05,-0.061811,-0.0254614,0.189905,-0.0465613,0.13621,-1.40349,-0.0757084,-0.0571616,0.349374,0.0137168,0.0983264,-0.0244525,-0.00703661,-0.34716,-0.0470928,-0.167257,0.0575773,-0.00487805],[-0.00517164,-0.0151839,0.143747,0.0452662,0.0120805,0.215164,0.0323577,-0.00365156,0.0133845,0.00704717,0.0325798,0.0103491,0.168864,0.387265,0.00631347,-0.0075813,0.176682,-0.00181953,-0.00705026,0.00718629,0.0299359,0.0100724,0.0074659,0.174654,0.0628006,0.012068],[0.00577525,0.00192795,-0.00392307,-0.0115926,0.0165719,-0.00698694,0.00492319,-0.00180672,0.000348167,0.000215098,0.00140064,0.000181952,-0.00527117,-0.00497462,0.000697891,-0.000427464,0.021993,0.00211442,0.000170101,0.000266207,-0.0114285,-0.00889731,0.000736603,-0.0261553,0.00143812,0.00101026],[-0.231389,-0.0048398,0.468275,0.161829,0.233673,0.405629,-0.215102,0.0391592,0.00809334,-0.0216812,-0.0544626,-0.00388181,-0.46237,2.14386,0.0141299,0.0299485,-0.215368,0.0359559,0.0839782,-0.0203091,-0.392622,0.175223,-0.00660986,-0.679299,0.374702,-0.00484954],[0.10043,0.293773,0.543958,0.458297,0.121762,0.562868,-0.010325,-0.0210097,-0.0676539,-0.0751844,0.339976,-0.0507133,-0.193244,-0.343743,-0.0380834,-0.0139418,-0.586761,-0.0825155,0.101275,-0.0766023,0.212397,-0.326209,-0.0219491,-0.416634,0.0606744,-0.0239467],[0.00835458,0.00599362,-0.00888781,-0.0315469,-0.048967,-0.0461242,-0.019559,-0.00193938,0.00129026,-0.00293433,0.0165418,0.00111586,-0.00820367,-0.0411738,0.00201768,0.000837816,-0.0103699,0.00156594,-0.00419576,-0.0029673,-0.0404922,0.0147975,-0.000109004,-0.0344152,-0.00887778,0.00167156],[-0.162451,-0.433554,-1.10392,-0.688104,-0.0225158,0.300377,0.542139,-0.0526522,0.04092,0.00676917,-0.281366,0.0295791,0.0173712,1.03704,-0.0691158,-0.160739,0.778574,-0.138178,-0.137226,0.00719264,0.464239,-0.480089,0.0364248,-1.25842,-0.185325,-0.0371764],[0.146508,0.170615,0.0532777,0.249812,0.305346,0.228388,-0.0265796,0.0228606,-0.0179815,-0.018656,-0.0664568,-0.0159595,0.0505522,-1.30033,-0.00530886,0.0254175,-0.282458,-0.0203762,-0.104071,-0.0184376,0.152525,-0.514669,-0.018004,0.0829448,0.0416246,-0.000155301],[-0.268573,-0.309475,-0.351966,0.201203,-0.324468,-0.007596,0.010416,-0.0329658,0.0419078,0.0211407,-0.071491,0.0273688,0.228656,1.47407,-0.0275083,-0.0200027,0.260563,0.0352994,-0.0902741,0.0202504,-0.461876,-0.0810243,-0.00168458,0.150426,0.0630809,0.00614925],[0.00612625,0.0200179,-0.0122243,-0.0229413,0.052008,0.137427,-0.00862258,0.00307541,-0.00355261,9.64604e-05,0.00932561,-0.00440357,0.0232381,0.324092,0.00107371,-0.00378588,0.0614419,-0.0056556,0.00921417,0.000124156,-0.127919,0.0229441,-0.00486804,0.0280291,0.0233273,0.00027103],[0.0699277,0.0648975,0.0601402,-0.00387464,0.153285,0.0392094,0.0210515,0.00153993,-0.00290363,0.00466428,0.0381404,-0.0019899,-0.0183167,-0.227701,0.00903078,0.000749233,0.166909,-0.0184416,0.00996336,0.00455548,0.131986,-0.0228126,-0.0015483,0.00211286,0.0319022,0.00657037],[-0.0377882,-0.191854,0.706155,0.117434,0.148415,-0.15181,0.562498,-0.0671715,0.00568809,0.0592415,-0.188823,0.00313539,-0.257671,2.35362,0.00194668,0.0214228,-0.222799,0.0732279,0.417522,0.0596364,-1.29784,-0.11017,-0.0432762,-1.00573,0.288047,0.05507],[0.056715,0.0567945,-0.00876028,0.0283973,0.148982,0.098322,0.0272576,-0.00975158,0.00834756,0.00775684,-0.00115732,0.00666507,-0.0320155,0.0864022,0.00521445,0.00127959,-0.0527872,0.00362169,-0.00630817,0.00771538,0.0667047,0.0187186,0.00211312,-0.0327433,0.0192303,0.00339886],[-0.103647,-0.0258161,-0.238215,-0.0591198,-0.244631,0.0185868,0.169907,0.0119957,-0.00720382,-0.0263472,0.0950679,-0.010773,-0.0988906,-0.00506753,-0.00670452,-0.0181764,-0.14636,-0.0116033,0.0442525,-0.0265802,0.297631,-0.0617782,0.00167306,0.150668,-0.00702459,0.00913271],[-0.341522,-0.3491,-0.415915,0.808138,-0.959469,-0.336094,-0.720343,-0.00249769,-0.0796652,-0.119909,0.103668,-0.0383471,1.1713,-6.50825,0.00174866,0.0269972,-1.81347,-0.162456,0.0806906,-0.119268,-2.20869,-0.132521,-0.0461891,-1.58703,-0.522779,-0.0750932]],"sigmahat":[[1.19847,0.779652,1.18131,0.282684,2.18894,1.27901,0.187976,-0.0177422,0.0502438,0.0358687,-0.0172228,0.0342786,-0.317447,1.10527,0.0146019,-0.0358889,1.19924,-0.00416737,0.111343,0.0355554,1.57367,0.0982865,0.0121277,0.383564,0.084603,0.0308145],[0.779652,0.864049,1.10329,0.168575,1.19147,1.09521,0.111335,-0.000304461,0.00865273,0.0111556,-0.0831062,0.00941214,-0.270383,0.535003,-0.00555684,4.69436e-05,0.325436,0.000682376,0.0990563,0.0108669,0.868727,0.0445757,0.00414236,0.253507,0.0831052,0.00960652],[1.18131,1.10329,5.28137,0.594221,1.36176,2.78598,0.12924,0.00525866,0.0537804,-0.0297419,0.646333,0.0521972,0.0359736,1.35702,-0.0201579,-0.00576767,1.35089,0.0301121,0.237612,-0.0301215,1.31217,0.167154,0.0100011,1.76851,0.203794,0.0366437],[0.282684,0.168575,0.594221,2.92716,0.538159,0.6602,-0.0387716,0.0525147,-0.00203519,-0.00870633,0.397983,-0.0142466,0.158648,0.3432,0.0769534,0.121416,-0.689651,-0.0728454,-0.00367077,-0.00926663,0.631151,-0.34388,0.010572,0.237284,0.022423,-0.0154063],[2.18894,1.19147,1.36176,0.538159,8.05472,3.12578,0.690397,-0.0529845,0.183021,0.0952362,-0.121301,0.103086,-0.947898,5.3453,0.0332061,-0.168316,3.81473,-0.00117015,0.203846,0.0950864,3.43625,0.353899,0.0503693,0.694668,0.409692,0.0816159],[1.27901,1.09521,2.78598,0.6602,3.12578,7.46478,0.575418,-0.0017693,0.109049,0.0326903,-0.254142,0.120345,-0.454097,5.70909,-0.0127385,-0.0316151,2.31695,0.0397781,0.0599284,0.0322918,1.55939,0.672345,0.0108324,1.304,0.423125,0.0670315],[0.187976,0.111335,0.12924,-0.0387716,0.690397,0.575418,0.708945,-0.00821707,0.0415348,0.043149,-0.313752,0.0249416,-0.314282,3.36843,0.0154206,-0.0604625,1.22053,0.0292209,0.00416375,0.0431238,1.24546,0.143997,0.0142684,0.206527,0.115909,0.0223012],[-0.0177422,-0.000304461,0.00525866,0.0525147,-0.0529845,-0.0017693,-0.00821707,0.0249141,-0.003972,-0.0016076,0.0265052,-0.00545814,-0.0315634,-0.0229534,-0.00219026,-0.00144375,-0.0216967,-0.00720967,0.00312253,-0.00158786,0.0267958,-0.0418622,-0.00102106,0.0772569,0.00934579,-0.00401981],[0.0502438,0.00865273,0.0537804,-0.00203519,0.183021,0.109049,0.0415348,-0.003972,0.0224756,0.0141254,-0.0364363,0.015613,-0.0307198,0.561259,0.00815861,-0.00384633,0.179895,0.00876092,-0.00514181,0.0141098,0.11872,0.0339744,0.00754369,0.0701763,0.0250351,0.00723846],[0.0358687,0.0111556,-0.0297419,-0.00870633,0.0952362,0.0326903,0.043149,-0.0016076,0.0141254,0.0625972,-0.0827535,0.00967735,-0.024301,1.04478,0.0333393,0.0146642,0.262046,0.0166557,-0.00856724,0.0613537,0.0867766,-0.00990658,0.0063138,0.0813693,0.0780259,0.0128987],[-0.0172228,-0.0831062,0.646333,0.397983,-0.121301,-0.254142,-0.313752,0.0265052,-0.0364363,-0.0827535,1.55053,-0.0229154,0.328974,-3.58604,-0.0120427,0.0116441,-0.185524,-0.0843568,0.0220258,-0.0825214,-0.238255,-0.45489,0.0038241,0.443963,-0.149009,0.00998645],[0.0342786,0.00941214,0.0521972,-0.0142466,0.103086,0.120345,0.0249416,-0.00545814,0.015613,0.00967735,-0.0229154,0.0163571,-0.00817441,0.288811,0.00443978,0.00104118,0.0695351,0.00709721,-0.00760029,0.00965016,0.0571589,0.0367484,0.00655991,0.0379746,0.00953763,0.00577558],[-0.317447,-0.270383,0.0359736,0.158648,-0.947898,-0.454097,-0.314282,-0.0315634,-0.0307198,-0.024301,0.328974,-0.00817441,2.00784,-5.37338,0.0319007,0.0798356,-0.821135,0.0317904,-0.0443951,-0.024024,-1.65472,-0.229184,-0.0060963,-0.521455,-0.279095,-0.00766672],[1.10527,0.535003,1.35702,0.3432,5.3453,5.70909,3.36843,-0.0229534,0.561259,1.04478,-3.58604,0.288811,-5.37338,110.364,1.01119,-0.252418,24.8902,0.309368,0.291762,1.04046,6.87453,2.63103,0.169071,8.04754,4.17905,0.467046],[0.0146019,-0.00555684,-0.0201579,0.0769534,0.0332061,-0.0127385,0.0154206,-0.00219026,0.00815861,0.0333393,-0.0120427,0.00443978,0.0319007,1.01119,0.0539098,0.0295424,0.284475,0.00591869,0.0012872,0.033259,-0.000374785,-0.0262173,0.00461182,0.123782,0.0703845,0.0147212],[-0.0358889,4.69436e-05,-0.00576767,0.121416,-0.168316,-0.0316151,-0.0604625,-0.00144375,-0.00384633,0.0146642,0.0116441,0.00104118,0.0798356,-0.252418,0.0295424,0.0549105,-0.35892,0.00525086,-0.00579026,0.0145869,-0.183315,-0.0220173,0.00290663,0.00949189,0.022363,0.0021657],[1.19924,0.325436,1.35089,-0.689651,3.81473,2.31695,1.22053,-0.0216967,0.179895,0.262046,-0.185524,0.0695351,-0.821135,24.8902,0.284475,-0.35892,14.1161,0.0633619,0.0243251,0.260981,3.52522,0.172976,0.0389473,2.61353,1.03024,0.189986],[-0.00416737,0.000682376,0.0301121,-0.0728454,-0.00117015,0.0397781,0.0292209,-0.00720967,0.00876092,0.0166557,-0.0843568,0.00709721,0.0317904,0.309368,0.00591869,0.00525086,0.0633619,0.0545975,-0.00400721,0.0166428,-0.0282067,0.0345462,0.0022226,-0.0446155,0.0101029,0.00609691],[0.111343,0.0990563,0.237612,-0.00367077,0.203846,0.0599284,0.00416375,0.00312253,-0.00514181,-0.00856724,0.0220258,-0.00760029,-0.0443951,0.291762,0.0012872,-0.00579026,0.0243251,-0.00400721,0.221004,-0.00854736,0.11663,0.0537741,-0.00324192,0.287555,0.00520129,-0.00122121],[0.0355554,0.0108669,-0.0301215,-0.00926663,0.0950864,0.0322918,0.0431238,-0.00158786,0.0141098,0.0613537,-0.0825214,0.00965016,-0.024024,1.04046,0.033259,0.0145869,0.260981,0.0166428,-0.00854736,0.0624354,0.0858971,-0.00999963,0.00628958,0.0805873,0.0778712,0.0128594],[1.57367,0.868727,1.31217,0.631151,3.43625,1.55939,1.24546,0.0267958,0.11872,0.0867766,-0.238255,0.0571589,-1.65472,6.87453,-0.000374785,-0.183315,3.52522,-0.0282067,0.11663,0.0858971,8.1929,0.683331,0.0545425,1.70297,0.20255,0.0462458],[0.0982865,0.0445757,0.167154,-0.34388,0.353899,0.672345,0.143997,-0.0418622,0.0339744,-0.00990658,-0.45489,0.0367484,-0.229184,2.63103,-0.0262173,-0.0220173,0.172976,0.0345462,0.0537741,-0.00999963,0.683331,2.19165,0.0117367,-0.161539,0.110687,-0.00119521],[0.0121277,0.00414236,0.0100011,0.010572,0.0503693,0.0108324,0.0142684,-0.00102106,0.00754369,0.0063138,0.0038241,0.00655991,-0.0060963,0.169071,0.00461182,0.00290663,0.0389473,0.0022226,-0.00324192,0.00628958,0.0545425,0.0117367,0.00730249,0.0128169,0.00632264,0.00286936],[0.383564,0.253507,1.76851,0.237284,0.694668,1.304,0.206527,0.0772569,0.0701763,0.0813693,0.443963,0.0379746,-0.521455,8.04754,0.123782,0.00949189,2.61353,-0.0446155,0.287555,0.0805873,1.70297,-0.161539,0.0128169,5.06495,0.569352,0.0738876],[0.084603,0.0831052,0.203794,0.022423,0.409692,0.423125,0.115909,0.00934579,0.0250351,0.0780259,-0.149009,0.00953763,-0.279095,4.17905,0.0703845,0.022363,1.03024,0.0101029,0.00520129,0.0778712,0.20255,0.110687,0.00632264,0.569352,0.476785,0.0320072],[0.0308145,0.00960652,0.0366437,-0.0154063,0.0816159,0.0670315,0.0223012,-0.00401981,0.00723846,0.0128987,0.00998645,0.00577558,-0.00766672,0.467046,0.0147212,0.0021657,0.189986,0.00609691,-0.00122121,0.0128594,0.0462458,-0.00119521,0.00286936,0.0738876,0.0320072,0.0134492]],"n":26,"lags":3,"seasonalRows":0}