{"betahat":[[0.756999,0.752805,2.1692,-0.0132472,-0.301768,1.70873,0.459807,0.0992382,0.233,0.500667,-0.91983,0.171902,1.53458,17.9369,0.164581,-0.345685,8.79525,3.53422,1.46221,0.190604],[0.81563,-0.0962903,0.0234006,0.00516463,-0.296949,-0.164786,-0.0112986,-0.00683678,-0.0167381,-0.034317,0.285777,-0.010274,-0.0181102,-0.407974,0.0060684,-0.0060859,-0.0788932,0.19767,-0.065827,0.00838794],[0.0328188,1.0405,0.210425,-0.281684,0.000552282,-0.219355,0.0192599,0.00307577,0.0293145,0.0429474,0.216242,0.0153456,-0.0299045,-0.691867,0.0051571,0.011514,-0.232972,-0.238194,0.0353536,-0.0263722],[0.0345789,0.0155279,0.875206,0.0566663,0.209852,0.142081,0.0229096,-0.00369169,0.00567117,0.00877826,-0.0528302,3.06343e-05,-0.0369376,0.505001,-0.00261634,-0.00629787,0.142152,0.0426096,-0.0103422,-0.00329883],[-0.00678849,0.0671018,0.026512,0.86761,0.0170303,-0.0786474,-0.0603438,0.00621757,-0.0114576,-0.0149138,0.0407897,-0.00365651,0.0671768,-0.523952,-0.000767884,0.0122063,-0.202956,-0.0391913,-0.024466,-0.00224458],[-0.0778484,-0.0560214,-0.0600834,-0.106002,0.691848,0.0843627,-0.00184038,-0.00186219,0.00167965,0.00218882,-0.0689952,0.00726756,-0.0420504,0.207946,0.00146653,0.00465426,-0.104169,-0.0380262,0.00727015,0.00196286],[-0.0124101,-0.0112264,-0.0762904,0.0116748,0.0180135,0.762238,-0.0188917,-0.00124,-0.00365518,-0.000891756,-0.0553836,-0.00506248,-0.0171665,-0.273584,-0.00620944,0.00252773,-0.159007,-0.0609596,-0.0206186,-0.00763227],[0.0486131,0.109411,0.262464,0.0221045,0.044518,-0.00445031,0.91034,-0.0303788,0.0470402,0.00196939,-0.0307288,0.0428774,0.086049,-0.134897,-0.0370686,-0.034943,0.0336842,-0.200435,-0.127062,0.0321528],[-0.391515,-0.668916,-0.452641,-0.220068,-0.730091,-0.281992,0.50349,0.790894,-0.0383963,-0.168104,-1.03347,-0.0486257,-0.471978,8.53191,0.113263,0.0752558,-0.593146,0.976045,-1.27321,-0.0950299],[-0.376695,-0.352125,0.467783,-0.212976,-0.680375,1.03148,-0.0733202,-0.0960388,1.15931,-0.0310246,0.721726,0.303628,0.315534,-4.3343,0.0310104,0.109746,-0.347976,0.165808,-0.479415,0.152123],[0.580008,-0.00354136,0.508607,-0.219991,1.0844,1.92171,-0.224945,0.0942273,0.0957092,0.873346,-0.646637,0.0867956,-0.821589,5.99565,-0.0109386,-0.0772521,1.41069,0.903358,0.137436,0.0225038],[-0.0381397,0.00659015,-0.0880977,-0.250468,0.00383805,0.000993521,-0.0213625,-0.000574264,-0.0090779,-0.00681298,1.19278,-0.00953807,-0.0283909,0.517225,0.0131449,0.00261335,0.19837,0.0378964,-0.00631277,0.0222204],[-0.674892,-0.496156,-1.51805,0.226541,-0.573691,-2.60338,0.00161235,0.0786221,0.00871239,-0.198769,0.317802,1.00942,0.156292,-5.4422,-0.114601,-0.0905296,-1.52598,-1.00709,-0.486269,-0.0374399],[-0.0172904,-0.0280873,-0.121391,0.0560271,-0.122874,-0.110824,-0.110995,0.0257457,-0.0228951,-0.0392394,0.0753149,-0.0155054,0.985854,-1.77526,-0.0235064,0.00560805,-0.529252,-0.28299,-0.0584336,-0.0228195],[0.00227188,0.00204565,0.0122682,-0.00273105,-0.00299264,0.0445439,-0.00475064,0.000482655,0.000833687,0.00199963,-0.010565,0.00128954,-0.0134142,0.91985,0.0001117,0.00397339,-0.0841121,-0.0121022,-0.00148707,9.49318e-06],[0.457875,0.245216,0.179284,-0.315149,0.534702,1.46026,0.243276,-0.207394,0.0298749,0.0430548,0.589461,0.0562844,1.08284,-4.30313,1.07898,0.0206097,0.191029,1.00833,-0.792305,0.0812736],[-0.705562,-0.630756,-2.0671,-0.244264,-0.751588,-3.88508,-0.00695711,0.0817257,0.0181416,0.145663,-0.923214,-0.0392307,-0.203476,-4.75272,0.0246667,1.04492,-2.09089,-0.530488,-0.176911,0.00900416],[0.031566,-0.00258885,0.060028,0.0856713,0.172251,0.168528,0.0192004,0.00197128,0.00578886,0.00937059,0.0122887,0.00515267,0.0405624,0.00361086,0.00728481,-0.000190589,1.15383,0.0359902,0.0320989,0.00410337],[0.0365623,-0.0311048,0.00625665,0.0801516,0.1476,-0.0266939,-0.0246016,-0.00550513,0.000912185,0.00815608,-0.0329625,0.00262137,-0.0358809,0.693042,0.00977211,-0.00358007,0.233701,0.551155,0.0405115,0.0074543],[0.0467726,0.0866312,0.204663,-0.103528,0.451722,0.404691,0.0768838,0.0338275,-0.022756,-0.0218397,-0.00947051,-0.012089,-0.223804,0.798313,0.0126268,0.0363416,0.155612,-0.321698,0.567424,0.015451],[0.16547,0.795326,0.820747,-1.9801,0.584606,0.734625,0.353174,0.00348905,0.0433841,-0.161968,0.21854,0.0655531,-0.547937,5.56654,-0.0700356,0.0607175,1.49934,0.568587,0.525043,1.06801],[0.161897,0.112187,0.0996197,-0.0556603,0.18653,0.117632,0.0223517,0.0014648,0.00761259,0.00465275,-0.160465,0.00223251,-0.00954581,0.170487,-0.00948831,-0.00039374,0.078031,-0.0988558,0.0620534,-0.00460922],[0.0220784,0.0136056,-0.00478267,0.233687,0.171587,0.421014,-0.0186584,-0.0103005,-0.0141788,-0.0474466,-0.0609205,0.00411151,0.0969653,0.0953915,-0.00264798,0.00174615,0.133309,0.109756,-0.04297,0.0289855],[-0.0158524,-0.0160398,0.0408729,-0.0390559,-0.146334,-0.0368075,0.0131419,0.00434796,-0.000491572,-0.0115603,0.0128782,0.00443297,0.033462,-0.598301,-0.00247424,0.00370442,-0.0991901,0.0192084,-0.00584448,0.0041748],[-0.0125612,-0.0390118,-0.0931255,0.0315067,0.0232301,0.0166957,0.0150182,-0.00721405,0.00680728,0.011023,0.00322574,-0.000733187,-0.065961,0.522813,-0.013749,-0.0203067,0.0793928,-0.0104524,0.0325595,-0.0033446],[0.0629713,0.0520818,0.00661048,0.0504768,0.213374,-0.101417,0.00310144,-0.000564053,-0.00500261,0.000588237,0.0534532,-0.00858095,0.0165969,0.0250281,0.00430488,0.00101089,0.0729821,0.0317548,0.0161571,-0.00056447],[0.0271571,0.0163578,0.0859735,0.0492192,-0.0125474,0.139735,0.0152422,0.00172129,0.00381763,0.00745721,0.0400752,0.00326467,0.00635474,0.310113,0.00549066,0.00418989,0.116897,0.0539652,0.0126066,0.00925404],[-0.106393,-0.0987242,-0.284132,-0.129863,-0.0829833,-0.31517,-0.0168355,0.00385426,-0.0448928,0.0234419,0.0488628,-0.0292755,0.158143,0.0893392,0.0597153,0.0618988,-0.198472,0.0252308,0.0709603,-0.0247432],[0.650125,0.446545,1.10353,-0.422599,1.7633,0.0765318,-0.272424,-0.14227,0.0838662,0.132367,0.192702,0.0827933,0.190508,-1.48851,-0.0576455,-0.0859364,1.47413,-0.623475,0.740159,0.132326],[0.619609,0.276459,-0.589976,0.200548,0.803484,-0.931331,0.0669415,0.105845,-0.10029,-0.0137026,-0.323511,-0.234125,-0.42624,3.54524,0.00681291,-0.124504,1.30292,0.409588,0.325509,-0.123545],[-0.179869,0.368679,0.206668,-0.0171989,-0.59561,-1.83577,0.303512,-0.0342426,-0.1148,0.0407365,0.654446,-0.0931859,0.617979,-6.83155,0.067076,0.104264,-1.74742,-0.391977,-0.288808,-0.0193502],[0.0427045,-0.00107682,0.026142,0.122865,-0.0119464,-0.0512338,0.0417289,-0.00786622,0.0145945,0.0105429,-0.215658,0.0105228,-0.0269261,-0.309358,-0.00756465,0.00353529,-0.0346539,-0.0799709,0.0333459,-0.0138178],[0.659186,0.352699,0.400362,0.386114,0.276977,1.8199,-0.114353,-0.0222725,-0.0325731,0.18114,-0.0167954,-0.0386888,-0.412246,4.65207,0.15695,0.135207,1.10536,0.883355,0.422963,0.00173523],[0.010754,0.0208996,-0.0113956,-0.095062,0.0771647,-0.121889,0.0890205,-0.0228402,0.0138207,0.0351093,-0.137238,0.00818094,-0.114596,1.41373,0.0161144,0.000614696,0.362576,0.187319,0.0123979,0.0102226],[-0.00810534,-0.00338254,-0.012864,0.0150086,-0.0130418,-0.0395884,-0.00250107,0.00054322,-0.00125742,-0.00239139,0.00918463,-0.00143173,0.017077,0.0578848,-0.000245203,-0.00180771,0.0475482,0.0276043,-0.000648894,-0.000634734],[-0.170727,-0.186967,-0.229542,0.044476,-0.534626,-1.4808,0.00838281,0.138881,-0.00851375,-0.0682583,-0.264492,-0.0432673,-0.88341,1.61763,-0.112598,-0.079078,0.366704,-0.393093,0.371469,-0.0710829],[0.483982,0.329385,1.33477,0.0819364,0.613318,2.95543,0.100941,-0.0734328,0.0450724,-0.101804,0.367617,0.0833541,0.259788,3.76188,-0.00485643,0.00645795,1.54332,0.781308,-0.0915487,0.00105896],[-0.0416071,-0.00397444,-0.0376764,-0.066856,-0.131556,-0.128846,-0.0143925,-0.000419237,-0.00617701,-0.00686519,-0.00979967,-0.00577495,-0.0243041,-0.00116943,-0.0106333,-0.00113934,-0.111517,-0.0228088,-0.0201793,-0.0040534],[0.016184,0.0397533,-0.0315412,0.02384,0.00177939,0.00684742,0.023768,0.005772,-0.00384082,-0.0037929,0.0137173,-0.00628587,0.104301,-0.454931,-0.00753224,0.000191208,-0.15739,-0.0239407,0.00523471,-0.00534399],[-0.125855,-0.110212,-0.200211,0.106071,-0.339372,-0.393082,-0.0598531,-0.0277881,0.0144254,0.00216026,-0.112707,0.0113593,0.130216,-1.44522,-0.0104497,0.0114488,-0.885162,-0.422586,0.157151,-0.000423199],[-0.105975,-0.319017,-0.731365,1.37233,0.274375,-0.372212,0.0938148,0.0929926,-0.0373771,0.180329,-0.643239,-0.0674423,-0.149474,-0.894961,0.0305706,-0.0145712,-0.843264,0.00846731,-0.290059,-0.0760113],[0.0224606,-0.0158974,-0.12307,0.0504775,0.110387,0.0470953,-0.0110824,0.00537264,0.00912178,0.0296548,-0.125286,0.00803878,0.0276528,0.237185,0.00341815,0.00648262,0.000792292,-0.0988636,0.00375916,-0.00378015],[-0.0549075,-0.0540988,-0.205687,0.0479779,-0.172161,-0.201715,-0.000632466,0.0072253,-0.0151391,0.00449133,-0.155293,-0.0194603,-0.0670691,0.596204,-0.00250877,-0.0132568,0.0996399,0.128393,0.00760618,-0.00261438],[-0.0187424,0.000507512,0.0838421,-0.0176333,-0.0635501,-0.105352,-0.0360808,-0.000655522,-0.00518269,0.00277261,0.0399758,-0.00446576,0.00346749,0.0929962,0.00509046,0.00259848,-0.043043,-0.0618735,0.0161722,-0.000876971],[0.0193421,-0.0280823,0.0665485,0.100834,-0.0402815,0.0618633,0.0452816,0.000995627,0.00464519,0.00387749,-0.0439741,0.00438579,-0.00122148,0.000659249,0.0145159,0.00810361,0.12348,0.0495902,-0.00811437,0.005589],[0.0148566,0.00393303,0.0534145,0.0554993,0.0947102,0.0169813,-0.00129633,0.00242633,0.00331888,-0.00278937,0.0155662,0.00131074,0.0254623,-0.233402,-0.00577476,-0.00566061,0.0310501,0.00621183,-0.0234538,-0.00140068],[-0.0147633,-0.00513353,-0.00973667,-0.0609119,-0.00551718,0.0979274,0.00361769,-0.000481376,-0.000165732,-0.00657567,0.0153328,0.00179538,0.010812,-0.0369052,0.000717845,-0.0067117,0.0420059,0.00694485,0.00799283,-0.00162313],[0.0577206,-0.0106821,0.0213737,0.107657,0.0383429,0.319259,0.106284,0.0265229,-0.00217066,-0.0254685,-0.0179712,-0.0136217,-0.244163,0.0434827,-0.0226496,-0.0269376,0.164483,0.174985,0.0560055,-0.0074169],[-0.144842,0.294871,-0.408771,0.786295,-0.72885,0.42037,-0.136923,0.325489,-0.0357204,0.104397,0.866361,-0.0268591,0.0869401,-4.19707,0.00462691,0.0480298,-0.562176,-0.200502,0.700666,-0.0245329],[-0.138763,-0.0593969,0.0418156,0.147027,-0.107871,-0.102544,0.0282314,-0.0178828,-0.0769928,0.0478475,-0.140009,-0.0720487,-0.000772023,0.357674,-0.0451597,0.0249867,-0.807897,-0.419323,0.123475,-0.02046],[-0.346601,-0.377721,-0.504685,0.307327,-0.373613,0.0749797,0.0220858,-0.0653673,0.0397138,0.0741937,-0.0624069,0.0237342,0.244816,1.29399,-0.0542839,-0.0345948,0.400694,-0.285326,0.125398,-0.000214669],[-0.00471759,-0.00555856,0.0615484,0.127511,0.00787805,0.0499639,-0.0204979,0.0084449,-0.0055457,-0.00377467,0.0228783,-0.00100908,0.0551972,-0.209118,-0.00560471,-0.00613654,-0.164126,0.0417003,-0.0270786,-0.00841663],[0.0352829,-0.0320996,0.755643,-0.348213,0.266525,0.34376,0.0496506,-0.0310937,-0.0446628,-0.00866059,-0.0753404,-0.0289552,0.223301,-0.682341,-0.075555,-0.045988,0.0861609,0.0331256,0.0227885,0.00351699],[0.0065071,0.00724177,0.13257,0.0388824,0.0456044,0.232366,0.0217362,-0.0029007,0.00905,0.00408398,0.0622477,0.00730262,0.128535,0.360428,0.00739337,-0.00620307,0.166634,0.0953753,0.0460436,0.0125949],[0.00558985,0.00142902,-0.000373633,-0.0119298,0.0158166,-0.00605487,0.00723352,-0.00111092,0.000400979,0.000193866,0.00150428,0.000123904,-0.00359004,0.0106021,0.000173361,-0.00200765,0.0336523,-0.0161684,0.00168909,0.000616626],[-0.246838,-0.0366518,0.246223,0.301494,0.153848,0.281902,-0.175547,0.0592476,-0.00484468,0.0154553,-0.29616,-0.00563626,-0.311597,2.9419,0.0143486,0.0349354,-0.343239,-0.509949,0.415981,-0.0133899],[0.242924,0.299964,0.729755,0.185921,0.239213,1.0157,-0.0149699,-0.00993877,-0.0579995,-0.0412137,0.472544,-0.0428185,-0.0943343,1.22147,-0.0241579,-0.0694124,0.586292,-0.150387,0.250514,-0.0156221],[0.00967872,0.006571,-0.0231575,-0.0190767,-0.0414114,-0.0408683,-0.00558528,-0.0015439,0.000304299,-0.00267247,-0.00161541,0.000541245,-0.0165637,-0.00768536,0.00336303,0.0014715,-0.0434573,-0.0141465,-0.0119662,-6.20467e-05],[0.0510816,0.0597164,0.0637186,0.016194,0.0909327,0.104179,0.00595905,-0.00929471,0.00718165,0.00440145,0.00811591,0.00623438,-0.037495,-0.15042,0.000808936,0.00497828,-0.135413,0.000569436,0.00236412,0.00571574],[-0.0909671,-0.0326828,-0.148733,-0.0461783,-0.30681,-0.0672374,0.0731019,-0.02145,-0.00288235,-0.0147319,0.0293675,-2.10859e-05,0.0342329,-0.170989,-0.00378694,0.0086739,-0.312188,0.290453,0.0215493,0.00168313],[-0.134377,-0.369292,-0.257265,0.584635,-0.88118,-0.28207,-0.506287,-0.0750798,-0.0452462,-0.0662776,0.257802,-0.0301809,0.738497,-6.14185,0.0140468,-0.00665506,-1.46734,-0.857573,-0.369007,-0.0514957]],"sigmahat":[[1.56744,1.01303,1.73157,0.35425,2.7209,1.71831,0.241069,-0.0325572,0.0648161,0.0610305,0.0596872,0.047764,-0.405974,2.40692,0.0428404,-0.0380976,1.68213,0.879397,0.178502,0.0402427],[1.01303,1.122,1.38389,0.285221,1.51767,1.332,0.110453,-0.00999347,0.00625112,0.0271028,-0.0638311,0.00972622,-0.330464,0.837263,0.016221,0.0189767,0.403955,0.346417,0.156188,0.0117154],[1.73157,1.38389,7.28524,0.695098,2.11522,3.7671,0.202861,-0.0415223,0.139315,0.000129882,0.885629,0.124649,-0.0490292,4.43107,0.000770197,-0.00625291,2.28722,2.79718,0.268679,0.0662269],[0.35425,0.285221,0.695098,3.67357,0.6898,0.735476,0.0115038,0.0499445,-0.0055587,-0.0174888,0.275863,-0.0202615,0.187184,-0.740342,0.0741626,0.15672,-1.16275,0.154412,0.12665,-0.0359029],[2.7209,1.51767,2.11522,0.6898,9.51544,3.82951,0.865457,-0.0693467,0.196521,0.132628,-0.0913643,0.122591,-1.01566,8.95715,0.0971688,-0.205336,5.31168,1.97665,0.530137,0.123105],[1.71831,1.332,3.7671,0.735476,3.82951,9.56129,0.801179,-0.00852297,0.164809,0.0693645,-0.184298,0.164437,-0.564932,9.013,-0.0159372,-0.0699022,3.04671,2.08241,0.377284,0.0903013],[0.241069,0.110453,0.202861,0.0115038,0.865457,0.801179,1.03408,-0.0235193,0.074311,0.0672577,-0.476484,0.0482915,-0.452614,4.23596,0.0141047,-0.0816564,1.35434,0.506632,0.0102419,0.0257996],[-0.0325572,-0.00999347,-0.0415223,0.0499445,-0.0693467,-0.00852297,-0.0235193,0.0316473,-0.0062708,-0.0040917,0.0344367,-0.00786702,-0.0211856,-0.0914502,-0.00491469,-0.00418309,-0.0243223,0.0759661,0.0319066,-0.00753797],[0.0648161,0.00625112,0.139315,-0.0055587,0.196521,0.164809,0.074311,-0.0062708,0.0329349,0.0158496,-0.0429004,0.0233346,-0.0448423,0.814239,0.00834834,-0.00681435,0.272313,0.160063,0.0343757,0.010833],[0.0610305,0.0271028,0.000129882,-0.0174888,0.132628,0.0693645,0.0672577,-0.0040917,0.0158496,0.0884378,-0.114525,0.0109224,-0.0349391,1.48004,0.0423384,0.0163216,0.38398,0.102031,0.118563,0.0171571],[0.0596872,-0.0638311,0.885629,0.275863,-0.0913643,-0.184298,-0.476484,0.0344367,-0.0429004,-0.114525,2.14705,-0.0237439,0.268627,-3.81577,0.00497633,0.0160877,0.379058,0.648219,0.0125897,0.0336262],[0.047764,0.00972622,0.124649,-0.0202615,0.122591,0.164437,0.0482915,-0.00786702,0.0233346,0.0109224,-0.0237439,0.0242033,-0.0149847,0.453638,0.00470062,0.000618162,0.10639,0.0962959,0.0115285,0.00913932],[-0.405974,-0.330464,-0.0490292,0.187184,-1.01566,-0.564932,-0.452614,-0.0211856,-0.0448423,-0.0349391,0.268627,-0.0149847,2.45022,-6.92897,0.0190426,0.0815789,-0.989248,-1.0321,-0.408417,-0.0216772],[2.40692,0.837263,4.43107,-0.740342,8.95715,9.013,4.23596,-0.0914502,0.814239,1.48004,-3.81577,0.453638,-6.92897,148.697,1.34353,-0.597747,35.3427,14.6978,4.73076,0.618943],[0.0428404,0.016221,0.000770197,0.0741626,0.0971688,-0.0159372,0.0141047,-0.00491469,0.00834834,0.0423384,0.00497633,0.00470062,0.0190426,1.34353,0.0706477,0.0376023,0.372486,0.161408,0.0902629,0.0178432],[-0.0380976,0.0189767,-0.00625291,0.15672,-0.205336,-0.0699022,-0.0816564,-0.00418309,-0.00681435,0.0163216,0.0160877,0.000618162,0.0815789,-0.597747,0.0376023,0.0804348,-0.631559,-0.0895267,0.0172745,0.000966813],[1.68213,0.403955,2.28722,-1.16275,5.31168,3.04671,1.35434,-0.0243223,0.272313,0.38398,0.379058,0.10639,-0.989248,35.3427,0.372486,-0.631559,20.9065,5.02717,1.41311,0.297066],[0.879397,0.346417,2.79718,0.154412,1.97665,2.08241,0.506632,0.0759661,0.160063,0.102031,0.648219,0.0962959,-1.0321,14.6978,0.161408,-0.0895267,5.02717,7.99604,0.71082,0.0778587],[0.178502,0.156188,0.268679,0.12665,0.530137,0.377284,0.0102419,0.0319066,0.0343757,0.118563,0.0125897,0.0115285,-0.408417,4.73076,0.0902629,0.0172745,1.41311,0.71082,0.722797,0.0348427],[0.0402427,0.0117154,0.0662269,-0.0359029,0.123105,0.0903013,0.0257996,-0.00753797,0.010833,0.0171571,0.0336262,0.00913932,-0.0216772,0.618943,0.0178432,0.000966813,0.297066,0.0778587,0.0348427,0.0240887]],"n":20,"lags":3}