{"betahat":[[0.430756,0.529026,2.15116,-0.00115066,-1.10178,1.86143,0.80723,0.226441,0.343997,0.711864,-1.43138,0.2992,2.29841,20.6493,0.0100267,-0.448228,9.65383,2.59881,0.0967171,3.29397,1.6464,0.195993],[0.799905,-0.0919515,-0.0257799,-0.00144084,-0.310549,-0.204439,-0.0207238,-0.00553561,-0.0209558,-0.0377769,0.264595,-0.0129754,0.00844567,-0.76436,0.00564453,-0.00204757,-0.236679,-0.0600818,-0.00633539,0.153858,-0.0884282,0.00423201],[0.0500984,1.03869,0.281632,-0.301489,0.0391665,-0.17299,0.0278094,-0.00232246,0.0333471,0.0476948,0.19635,0.0184909,-0.0355219,-0.464151,0.00458508,0.00971858,-0.194597,-0.147092,0.0116512,-0.22427,0.0431143,-0.0241896],[0.0407068,0.0223876,0.863576,0.0558633,0.223455,0.140299,0.017616,-0.00289536,0.00577104,0.00892543,-0.0471546,-3.26324e-05,-0.0349051,0.416903,-0.00304001,-0.00707769,0.157067,0.0510723,-0.00130504,0.0473302,-0.00875913,-0.00325987],[-0.00881764,0.0695341,0.036336,0.867846,0.00694379,-0.0892415,-0.0644176,0.00603426,-0.011451,-0.0156074,0.0272788,-0.00321794,0.0693295,-0.512638,-0.000767287,0.0142788,-0.239347,0.0314595,-0.00118983,-0.0246336,-0.0291105,-0.00302009],[-0.0711947,-0.0529412,-0.0522452,-0.100569,0.695607,0.0717183,-0.000550399,-0.00202905,0.00248252,0.00351392,-0.0663205,0.00787899,-0.0470975,0.248475,0.00202739,0.0037145,-0.0677631,0.0360993,0.00400207,-0.0215034,0.0123539,0.00252491],[-0.0186716,-0.0163379,-0.0955609,0.018507,0.00895671,0.757057,-0.0216898,-0.000516982,-0.00446255,-0.00109628,-0.0583326,-0.00569923,-0.0106495,-0.277824,-0.00601666,0.00212205,-0.172595,-0.00603629,-0.00327006,-0.0802568,-0.0211767,-0.00804351],[0.0531766,0.111898,0.308531,0.0169183,0.044407,-0.0324962,0.896536,-0.0319119,0.0484739,0.00664713,-0.0554707,0.0436011,0.0825355,0.0456594,-0.0380962,-0.0365823,0.0860032,0.128574,0.0268546,-0.185596,-0.11513,0.0304923],[-0.309525,-0.6614,-0.186735,-0.215443,-0.5558,-0.291855,0.564164,0.778442,-0.021735,-0.133124,-1.08334,-0.0407244,-0.649385,10.5222,0.12657,0.0519324,0.0618228,1.29656,-0.0400481,1.31624,-1.07701,-0.0942022],[-0.198543,-0.255123,1.07122,-0.336104,-0.587823,1.28455,0.0588872,-0.13348,1.18469,-0.0058845,0.610985,0.32511,0.0406346,-1.94494,0.0281453,0.103027,0.514479,-0.162077,0.126433,0.409693,-0.418027,0.173264],[0.576537,0.00109582,0.497566,-0.25017,1.15082,1.79351,-0.24984,0.0864637,0.105941,0.853261,-0.788904,0.0948279,-0.784506,5.48727,-0.0229551,-0.0821301,1.23744,0.329157,0.0550326,0.742041,0.0993382,0.014882],[-0.0445716,-0.00427227,-0.0464823,-0.263658,-0.0244642,-0.0329417,-0.0187927,-0.00409228,-0.00705956,-0.00428395,1.11686,-0.00805725,-0.0210515,0.695968,0.0112345,0.00209982,0.143949,-0.0250983,-0.00222893,0.01567,-0.0190882,0.0188522],[-0.461175,-0.380108,-1.06418,0.0848666,-0.08623,-2.17802,0.194764,0.0522091,0.0422344,-0.17207,0.442435,1.02142,-0.170548,-2.54753,-0.107869,-0.110461,-0.456148,0.00932618,0.107122,-0.831149,-0.34101,-0.011172],[-0.0253588,-0.0334972,-0.123934,0.05027,-0.114316,-0.0943913,-0.108902,0.0253461,-0.0231689,-0.0400759,0.0927717,-0.0155362,0.966364,-1.77123,-0.0229964,0.00854749,-0.557101,0.118266,-0.00538777,-0.288387,-0.0606435,-0.0214261],[0.00221601,0.00202202,0.00906763,-0.00367703,-0.00238167,0.0457663,-0.00518336,0.00104666,0.000691359,0.00201116,-0.00625474,0.0011919,-0.0134638,0.909082,0.000257348,0.00364615,-0.0767792,0.00509354,-0.000244831,-0.0040507,-0.00058898,-0.000128461],[0.447069,0.215898,0.269608,-0.366295,0.393751,1.40499,0.217214,-0.217413,0.0380672,0.0322949,0.485354,0.0552525,1.11176,-4.72897,1.05052,0.0114878,-0.00615426,-0.72104,0.0162683,0.754607,-0.84467,0.0793985],[-0.587879,-0.63659,-1.71658,-0.204191,-0.578838,-3.6834,0.128739,0.0771221,0.0448319,0.173801,-0.895221,-0.0212019,-0.281608,-3.00313,0.0265426,1.00117,-1.20285,0.2355,0.0262492,0.0352317,-0.0890461,0.0137581],[0.0316932,-0.00418785,0.0694953,0.0897358,0.169926,0.186645,0.0220561,0.00150267,0.00612993,0.00870899,0.012505,0.00539564,0.0427938,0.0246925,0.00733071,-0.000173212,1.14112,-0.020569,0.00203731,0.0472558,0.0284526,0.00414824],[0.0286474,0.0134307,0.122401,-0.0100282,0.0167175,-0.14644,-0.0139525,-0.018015,0.00316341,0.00540384,-0.26124,0.00195258,0.0595466,-0.30753,-0.00764782,-0.00130592,-0.294934,0.807812,-0.00389642,-0.26054,-0.0531,-0.0122962],[-1.00286,-0.53559,-2.65914,0.688861,-1.79789,-1.75323,-0.697474,0.151874,-0.202977,-0.0670646,-0.021856,-0.122748,1.44015,-13.2077,0.0300579,0.128891,-5.47621,1.00768,1.01408,-1.47155,-0.394707,-0.09135],[0.0242988,-0.0367468,-0.0153068,0.0769908,0.138811,-0.0475042,-0.0228477,-0.00423345,0.000326723,0.006095,-0.00129415,0.00222055,-0.0390835,0.675139,0.00989034,-0.00182976,0.229144,-0.133488,0.00346306,0.487692,0.0403237,0.00974893],[0.0162135,0.0818029,0.143471,-0.124996,0.41195,0.408726,0.0783014,0.0312174,-0.0291345,-0.0309309,-0.0701923,-0.0157309,-0.227988,0.546709,0.00991643,0.0477786,-0.148081,0.174669,-0.00376825,-0.451456,0.498587,0.0142125],[0.244401,0.795947,1.03158,-1.92335,0.863344,0.855028,0.429801,0.0104828,0.0583429,-0.148683,-0.0139378,0.0725389,-0.621604,7.07754,-0.0826588,0.0184822,2.28144,0.401945,0.0615869,1.11517,0.641434,1.04039],[0.166159,0.110569,0.118555,-0.0462876,0.179943,0.133968,0.0169732,0.000737538,0.00893838,0.00584682,-0.148391,0.00270765,-0.0271234,0.348165,-0.00867935,-0.00175693,0.140974,0.030653,0.00317611,-0.0835144,0.0752148,-0.00238786],[0.0135864,0.0126361,-0.0479233,0.265941,0.151805,0.377779,-0.0205544,-0.00718665,-0.0155583,-0.0507173,-0.0604977,0.00334271,0.0996626,0.0301896,-0.00219108,0.00303061,0.121014,0.139148,-0.00595338,0.071439,-0.0534932,0.026655],[-0.0216127,-0.0214795,0.0521286,-0.0459457,-0.158827,-0.0271108,0.0140584,0.00448762,-0.000951784,-0.0118256,0.0168157,0.00405683,0.0261401,-0.540963,-0.0025656,0.0039253,-0.0994952,-0.0326427,0.00238816,0.0214708,-0.00423013,0.00425049],[-0.0184459,-0.0429253,-0.114207,0.0256509,0.0224255,0.0172086,0.0181891,-0.00666873,0.00615399,0.010097,0.011897,-0.00178133,-0.0712093,0.517783,-0.0151569,-0.0221894,0.100355,-0.0174468,-0.00313733,-0.0191024,0.0318815,-0.00328478],[0.0578839,0.0485014,0.0105458,0.0395861,0.205988,-0.0952852,0.00152578,-0.000424007,-0.00492061,0.000159933,0.0500574,-0.00852986,0.0223415,0.0272245,0.00425588,0.00187642,0.0525053,-0.00522045,-0.00302905,0.034305,0.0121373,-0.00100551],[0.0307895,0.0200234,0.0908346,0.047961,-0.00925386,0.138668,0.0154297,0.00189977,0.00380902,0.0076009,0.0394196,0.00323324,0.00287401,0.306024,0.00541577,0.00425082,0.125528,-0.0231045,0.00349729,0.071376,0.0140113,0.00912979],[-0.106886,-0.100484,-0.294378,-0.139694,-0.0716226,-0.289643,-0.00341804,0.0048973,-0.0442536,0.0219998,0.075493,-0.0284616,0.153106,0.0897827,0.0602572,0.0621824,-0.200311,-0.0632117,-0.0109979,0.0171307,0.0702095,-0.0222116],[0.615594,0.481884,0.850227,-0.427923,1.73941,0.122437,-0.268255,-0.14485,0.0656974,0.129709,0.21248,0.0740214,0.166374,-1.93178,-0.0469815,-0.0535614,0.973229,-0.0365229,0.0173473,-0.758449,0.669189,0.132633],[0.494657,0.1811,-0.796552,0.198519,0.532249,-1.2522,0.0352821,0.117505,-0.0975766,-0.0310404,-0.111141,-0.224367,-0.404452,2.33798,0.00555241,-0.109863,0.911485,-0.299415,-0.0807294,0.373969,0.273496,-0.117233],[-0.19326,0.332082,0.319128,0.0111912,-0.693416,-1.66019,0.321351,-0.0237026,-0.112088,0.0340531,0.756009,-0.0918227,0.582607,-6.09412,0.0734936,0.103504,-1.48011,-0.217568,-0.0322496,-0.123274,-0.257999,-0.0122894],[0.0448419,0.00249204,-0.00455382,0.132494,0.00544243,-0.0156762,0.0434174,-0.00579196,0.0133663,0.00787213,-0.167317,0.00987531,-0.036944,-0.459784,-0.00540948,0.0052804,-0.0265365,0.0300394,0.0024904,-0.061459,0.0404425,-0.0109299],[0.50508,0.233796,0.0901044,0.517347,0.0864654,1.50091,-0.104777,-0.0127169,-0.0414834,0.163502,-0.114765,-0.0512048,-0.297753,3.67682,0.145913,0.13494,0.635191,-0.0624192,-0.0441099,0.646399,0.374338,-0.0121825],[0.0128063,0.0293137,-0.0232487,-0.0912048,0.0641501,-0.12734,0.0927732,-0.0221325,0.0136801,0.0357809,-0.138943,0.00802591,-0.112673,1.3958,0.0169015,0.000197605,0.372526,-0.0924603,0.000289524,0.16489,0.0129389,0.0106293],[-0.00852338,-0.00342143,-0.0115899,0.0148242,-0.0143048,-0.0409094,-0.00280027,6.47253e-05,-0.00120579,-0.00224767,0.00665564,-0.00136618,0.0176634,0.0574835,-0.000220084,-0.00150542,0.0418642,0.00582514,-0.000443074,0.0268158,-0.00162262,-0.000601068],[-0.169509,-0.180021,-0.189066,0.0672549,-0.527841,-1.45041,0.0369804,0.135054,-0.00968953,-0.0706915,-0.296874,-0.0419489,-0.951907,1.69441,-0.112702,-0.0835654,0.353034,0.00386946,-0.0315094,-0.319782,0.347452,-0.0730625],[0.412136,0.30567,1.04751,0.0209254,0.547916,2.87913,0.0540336,-0.0619222,0.0306945,-0.105932,0.344232,0.072924,0.328348,2.8349,0.00108452,0.0182008,1.16594,-0.20741,-0.00356803,0.525577,-0.123788,-0.00569923],[-0.0406418,-0.0032976,-0.0403361,-0.0709796,-0.128189,-0.141323,-0.0141014,-0.000228497,-0.00639381,-0.00626537,-0.00936701,-0.00596188,-0.0264978,-0.00980429,-0.0105667,-0.00130068,-0.0969161,0.0109748,-0.00214366,-0.0243526,-0.0165349,-0.00421627],[-0.0780086,-0.0764028,-0.12063,-0.00731214,-0.121978,0.119221,-0.0100818,0.0167991,-0.000831202,-0.00757446,0.18346,-0.00100565,-0.0740321,0.821356,0.00377634,-0.00429716,0.259884,0.265692,0.00666131,0.237381,0.0489915,0.00673263],[1.14955,0.80693,2.00761,-0.767184,2.04025,2.19543,0.0204081,-0.0956932,0.115394,0.0454962,0.228831,0.0681894,-0.947884,9.97499,-0.0297395,-0.144661,5.14191,-0.201643,-0.000769901,1.89117,0.237389,0.0309686],[0.0261904,0.0493826,-0.0187112,0.0256234,0.0173158,-0.00739836,0.020269,0.00204213,-0.00331361,-0.00191797,-0.018663,-0.00588177,0.108814,-0.482752,-0.00776253,0.00120812,-0.193935,0.00953086,-0.00228861,-0.0755126,0.00358773,-0.00607937],[-0.171621,-0.140253,-0.233578,0.107154,-0.39352,-0.364522,-0.0501929,-0.0267733,0.0118195,-0.00639524,-0.0578027,0.0110086,0.127417,-1.56024,-0.0104032,0.0201662,-1.01257,-0.0398875,0.00846091,-0.489087,0.128156,0.00431653],[-0.0975355,-0.256781,-0.779969,1.30779,0.339957,-0.298455,0.119144,0.0881408,-0.0458245,0.167316,-0.637001,-0.0729885,-0.199694,-1.5958,0.0318168,0.00926012,-1.25505,-0.14569,-0.0321497,-0.202664,-0.340235,-0.0711361],[0.0339216,-0.0186234,-0.0928481,0.047697,0.130574,0.0703895,0.00370596,0.00479613,0.0120107,0.031912,-0.116121,0.010262,0.0186418,0.415897,0.00303462,0.00380426,0.0957053,0.0294033,0.00315593,-0.070356,0.0131992,-0.00184356],[-0.0636922,-0.0513265,-0.233769,0.0355136,-0.190985,-0.20487,-0.00730208,0.00950669,-0.0177943,0.00300851,-0.13577,-0.02184,-0.0641838,0.433759,-0.00238922,-0.0127492,0.073696,0.00788787,-0.00570216,0.152831,0.0103748,-0.00246361],[-0.019111,-0.000920554,0.084157,-0.00995873,-0.0646489,-0.113302,-0.0317158,-0.00159438,-0.00482381,0.00288285,0.0304183,-0.00402838,0.00871391,0.123807,0.00560976,0.00315565,-0.0575731,-0.0184613,-0.00108541,-0.0688112,0.0129785,-0.000988515],[0.027276,-0.0265914,0.0777968,0.10641,-0.029354,0.0719158,0.0461638,0.000627714,0.00528877,0.00548527,-0.0390522,0.00499155,0.0018241,-0.00567338,0.0159266,0.0079082,0.13902,-0.0140461,0.00432364,0.0437624,-0.00279299,0.00630926],[0.0132836,0.00442357,0.0416153,0.0609358,0.0982953,0.0234641,-0.00103219,0.00244939,0.00243125,-0.00369665,0.0163459,0.000645621,0.0247414,-0.276209,-0.00628561,-0.00558758,0.015127,-0.0308897,-0.000976284,-0.0128233,-0.0245278,-0.00152019],[-0.0121348,-0.00369134,0.00465026,-0.0664946,0.000228737,0.104113,0.00621188,-0.0013863,0.000648388,-0.00652285,0.0189954,0.00246101,0.00774317,-0.0285973,0.000603649,-0.00636705,0.0470177,0.0291235,-0.000229738,0.00888708,0.00714627,-0.00108518],[0.0536732,-0.0114165,-0.0145312,0.122633,0.0271085,0.32154,0.106514,0.0269949,-0.00425763,-0.0287542,-0.0195437,-0.0151769,-0.235659,-0.138313,-0.0221468,-0.0255889,0.11433,-0.0655754,-0.0158716,0.168421,0.0447768,-0.00827663],[-0.127285,0.30953,-0.395219,0.867315,-0.767804,0.375712,-0.199286,0.319336,-0.0472326,0.114458,0.870465,-0.0328675,0.175788,-4.49548,0.019432,0.0737863,-0.771239,-1.25541,0.0250123,-0.499964,0.682944,-0.0226843],[-0.148585,-0.0394448,-0.17075,0.169909,-0.102587,-0.0399717,-0.08772,-0.00891265,-0.0901989,0.0595569,-0.0901152,-0.0772001,0.151855,-0.398256,-0.0272964,0.0292028,-0.848158,0.17994,-0.0392697,-0.529169,0.138972,-0.020351],[-0.323184,-0.359373,-0.503554,0.360717,-0.332363,0.0911345,0.0665206,-0.0648704,0.0408951,0.0821699,-0.0557207,0.0259744,0.282703,1.17325,-0.049337,-0.0309452,0.289715,0.0148878,-0.00961824,-0.228293,0.111005,-0.0012384],[-0.000564397,0.00164293,0.0502773,0.131026,0.0185846,0.048129,-0.0248539,0.00988566,-0.00636392,-0.00367387,0.0505676,-0.00187031,0.0576724,-0.237671,-0.00586682,-0.00738201,-0.117748,-0.00501499,-0.000290879,0.0453075,-0.0213803,-0.00793723],[-0.0166235,-0.0416349,0.501847,-0.318453,0.153869,0.0423148,-0.119205,-0.0153552,-0.0735116,-0.0060043,-0.0394531,-0.050033,0.299024,-1.83349,-0.0647275,-0.0362236,-0.26023,0.0871731,-0.0594761,-0.113908,0.0241023,-0.00474947],[0.0125781,0.00425989,0.146884,0.0406631,0.0501108,0.221137,0.0157275,-0.00321882,0.0094495,0.00419057,0.0469197,0.00747197,0.145774,0.374161,0.00609805,-0.00874057,0.184896,-0.0261889,0.00507489,0.123186,0.0477352,0.0108061],[0.00626504,0.00188359,0.000923885,-0.0103564,0.0172953,-0.00615186,0.00808717,-0.00132131,0.000504994,-4.08886e-05,4.52559e-05,0.000158052,-0.00453753,0.0138946,0.000138632,-0.00186348,0.0311481,-0.0109788,0.000738714,-0.0229624,0.00188272,0.000739675],[-0.267636,-0.0540272,0.218886,0.315019,0.229586,0.343422,-0.174603,0.0618827,0.00165038,0.0175737,-0.182244,0.000881006,-0.316673,3.11703,0.0216164,0.0316212,-0.175371,0.409504,0.00321614,-0.352549,0.454711,-0.0095593],[0.213403,0.320801,0.656881,0.20501,0.185369,0.935581,-0.0632763,-0.0201311,-0.0695648,-0.0615503,0.389195,-0.0513563,-0.116509,0.548832,-0.0326249,-0.0509988,0.101403,-0.0946836,-0.0258124,-0.399006,0.176085,-0.0188053],[0.00843113,0.0073965,-0.0303414,-0.0191118,-0.0429295,-0.0475047,-0.00944323,-0.00128426,0.000137105,-0.00278194,-0.00116822,0.0004291,-0.0169661,-0.0235217,0.00327846,0.00168785,-0.0456852,0.00823753,3.80105e-05,-0.024139,-0.0118963,7.48426e-05],[0.0534277,0.0670434,0.00421802,0.0174259,0.113052,0.0276442,0.0235659,0.00162722,-0.00238867,0.0036903,0.0803791,-0.00119897,0.0134887,-0.480643,0.00561664,0.00621391,0.054002,-0.0823408,-0.00277616,0.0250874,0.0089873,0.00596014],[-0.1238,-0.302052,0.693082,0.0850374,-0.233707,-0.282088,0.666192,-0.0522363,0.0737103,0.0161817,-0.317278,0.0472692,-0.322534,2.78082,-0.0157615,0.00714935,0.0103133,-0.642223,-0.0191518,-0.341625,0.0832739,0.04962],[0.0529228,0.0588491,0.063538,0.021956,0.0905412,0.11073,0.00366596,-0.008595,0.00702791,0.00534963,0.00819587,0.00573867,-0.034488,-0.110413,0.00174762,0.00436079,-0.121493,-0.0516388,-0.00129001,0.00294943,0.0080559,0.00544936],[-0.0921458,-0.0281488,-0.148547,-0.0524474,-0.307109,-0.062706,0.100336,-0.0224636,-0.00141807,-0.0164647,0.0343686,0.00102669,0.0326775,-0.14107,-0.00526731,0.0105297,-0.366543,0.0598172,0.00481814,0.252384,0.00141035,0.00597097],[-0.271092,-0.370997,-0.56027,0.628328,-1.2422,-0.454864,-0.657453,-0.0595519,-0.0763025,-0.0871768,0.302251,-0.0489045,0.962077,-7.67552,0.0176117,0.0385519,-2.34894,-0.318289,-0.0570106,-1.3281,-0.482613,-0.064372]],"sigmahat":[[1.4474,0.939829,1.56891,0.322632,2.47321,1.57246,0.219869,-0.0251025,0.0564177,0.0487322,0.0570835,0.0432038,-0.374555,1.82977,0.0360971,-0.0313588,1.41163,-0.0731768,0.0163592,0.843391,0.140149,0.0367595],[0.939829,1.04518,1.29609,0.274063,1.38957,1.22857,0.10996,-0.00649299,0.00480388,0.0185442,-0.0699084,0.00952695,-0.314774,0.726485,0.011132,0.0154137,0.331445,-0.0700126,0.00323552,0.368335,0.130026,0.011626],[1.56891,1.29609,6.87948,0.667806,1.79385,3.50028,0.114223,-0.0192157,0.11084,-0.019491,0.923558,0.104458,0.0640311,2.89652,-0.00969961,0.00655059,1.7558,0.157611,0.0317104,2.75066,0.213997,0.0537749],[0.322632,0.274063,0.667806,3.55442,0.614307,0.693726,-0.0166709,0.0461948,-0.00590962,-0.0193168,0.283459,-0.0187778,0.195436,-0.76571,0.0673351,0.152117,-1.09925,-0.145262,0.00813847,0.130637,0.11612,-0.033857],[2.47321,1.38957,1.79385,0.614307,8.8912,3.5138,0.786582,-0.0554216,0.178273,0.112456,-0.100649,0.112013,-0.974914,7.86429,0.0855447,-0.187865,4.78983,-0.231585,0.0619358,1.78986,0.490531,0.116194],[1.57246,1.22857,3.50028,0.693726,3.5138,8.97464,0.701763,-0.0125274,0.147062,0.061981,-0.288453,0.152483,-0.414018,6.87062,-0.0238365,-0.0465357,2.27499,0.143007,0.0132758,1.77191,0.316927,0.0783818],[0.219869,0.10996,0.114223,-0.0166709,0.786582,0.701763,0.947571,-0.0180891,0.0641347,0.0648702,-0.442863,0.0412816,-0.406687,3.85091,0.0172475,-0.0757815,1.29144,0.0202156,0.0261064,0.431949,0.0180704,0.0224449],[-0.0251025,-0.00649299,-0.0192157,0.0461948,-0.0554216,-0.0125274,-0.0180891,0.0286932,-0.00494594,-0.00300055,0.023544,-0.00689898,-0.0241516,-0.0431496,-0.00428775,-0.00404349,-0.0153383,-0.0141898,-0.00147198,0.0727145,0.0303041,-0.00685228],[0.0564177,0.00480388,0.11084,-0.00590962,0.178273,0.147062,0.0641347,-0.00494594,0.0296389,0.0146789,-0.0411796,0.0210947,-0.0366964,0.698533,0.00853341,-0.00456139,0.227754,-0.00511977,0.0101159,0.14085,0.0304635,0.00953321],[0.0487322,0.0185442,-0.019491,-0.0193168,0.112456,0.061981,0.0648702,-0.00300055,0.0146789,0.0834253,-0.116089,0.00999086,-0.0262521,1.36126,0.0406017,0.0161586,0.352834,-0.0252856,0.00692454,0.0986042,0.107649,0.0160443],[0.0570835,-0.0699084,0.923558,0.283459,-0.100649,-0.288453,-0.442863,0.023544,-0.0411796,-0.116089,1.91585,-0.0232567,0.298086,-4.11602,-0.00757213,0.0141246,0.02797,-0.456118,0.00487723,0.513028,-0.0514666,0.0204658],[0.0432038,0.00952695,0.104458,-0.0187778,0.112013,0.152483,0.0412816,-0.00689898,0.0210947,0.00999086,-0.0232567,0.0224692,-0.010305,0.378858,0.00460482,0.00179485,0.0812336,0.025174,0.00963226,0.0834791,0.00955246,0.00801598],[-0.374555,-0.314774,0.0640311,0.195436,-0.974914,-0.414018,-0.406687,-0.0241516,-0.0366964,-0.0262521,0.298086,-0.010305,2.3242,-6.07316,0.021404,0.0791339,-0.763157,-0.123464,-0.0107659,-0.9092,-0.380093,-0.0152199],[1.82977,0.726485,2.89652,-0.76571,7.86429,6.87062,3.85091,-0.0431496,0.698533,1.36126,-4.11602,0.378858,-6.07316,137.073,1.29826,-0.485355,31.7575,2.53608,0.207856,13.2376,4.2868,0.551098],[0.0360971,0.011132,-0.00969961,0.0673351,0.0855447,-0.0238365,0.0172475,-0.00428775,0.00853341,0.0406017,-0.00757213,0.00460482,0.021404,1.29826,0.0675506,0.0355705,0.358692,-0.0129154,0.00606059,0.157906,0.0852028,0.016666],[-0.0313588,0.0154137,0.00655059,0.152117,-0.187865,-0.0465357,-0.0757815,-0.00404349,-0.00456139,0.0161586,0.0141246,0.00179485,0.0791339,-0.485355,0.0355705,0.0739726,-0.555507,0.00930654,0.00428643,-0.0580814,0.0220405,0.000885006],[1.41163,0.331445,1.7558,-1.09925,4.78983,2.27499,1.29144,-0.0153383,0.227754,0.352834,0.02797,0.0812336,-0.763157,31.7575,0.358692,-0.555507,18.7534,-0.0629716,0.0378274,4.25799,1.1729,0.265886],[-0.0731768,-0.0700126,0.157611,-0.145262,-0.231585,0.143007,0.0202156,-0.0141898,-0.00511977,-0.0252856,-0.456118,0.025174,-0.123464,2.53608,-0.0129154,0.00930654,-0.0629716,2.1837,0.0134186,0.848328,-0.0622336,-0.0103862],[0.0163592,0.00323552,0.0317104,0.00813847,0.0619358,0.0132758,0.0261064,-0.00147198,0.0101159,0.00692454,0.00487723,0.00963226,-0.0107659,0.207856,0.00606059,0.00428643,0.0378274,0.0134186,0.0100584,0.0371528,0.0103567,0.00385639],[0.843391,0.368335,2.75066,0.130637,1.78986,1.77191,0.431949,0.0727145,0.14085,0.0986042,0.513028,0.0834791,-0.9092,13.2376,0.157906,-0.0580814,4.25799,0.848328,0.0371528,7.84277,0.668917,0.069867],[0.140149,0.130026,0.213997,0.11612,0.490531,0.316927,0.0180704,0.0303041,0.0304635,0.107649,-0.0514666,0.00955246,-0.380093,4.2868,0.0852028,0.0220405,1.1729,-0.0622336,0.0103567,0.668917,0.657858,0.0300558],[0.0367595,0.011626,0.0537749,-0.033857,0.116194,0.0783818,0.0224449,-0.00685228,0.00953321,0.0160443,0.0204658,0.00801598,-0.0152199,0.551098,0.016666,0.000885006,0.265886,-0.0103862,0.00385639,0.069867,0.0300558,0.0214307]],"n":22,"lags":3}