{"betahat":[[2.66204,3.69895,1.25241,-0.581963,-0.765611,-1.39772,4.7643,-1.79175,32.9468,0.214306,-0.142855,3.61368,3.66359,2.19636,0.150638],[0.910195,0.0761415,0.152633,0.0235562,0.0371772,0.186552,0.414459,-0.0772895,0.594023,-0.0203545,-0.0328298,0.224051,0.0136036,0.0284449,0.00783408],[-0.0269412,0.856101,0.060302,-0.00289629,-0.00470321,0.0401792,0.172524,0.0353033,0.00675985,0.0148774,0.0111923,0.15582,-0.0721381,0.0236642,0.0120043],[0.0156897,0.102675,0.987388,0.00343151,0.00309056,-0.0680949,-0.140507,-0.00228475,-0.249884,-0.00761961,0.00255301,-0.209764,-0.0717974,-0.028127,-0.00154131],[-0.127387,-0.0204309,0.0608178,1.16279,0.137022,-0.328272,-0.69109,0.140245,0.743184,-0.0263134,0.00530151,-0.430245,-0.173522,0.220721,-0.00532461],[-0.158413,-0.097469,-0.187576,0.00672502,0.916681,0.0631508,-0.343719,0.168556,-0.61925,-0.00357105,-0.042123,-0.0533905,-0.310793,0.0599836,0.00961031],[0.0318934,0.0685447,0.0389928,0.0339678,0.0207594,1.24022,-0.0422805,0.040798,0.521071,-0.00763769,-0.00321049,0.120742,0.017946,0.0579818,0.00414739],[0.066206,0.0938335,0.10464,0.0117692,0.0146256,0.112577,1.16934,-0.0413779,0.511352,0.00933049,-0.00507372,0.27861,0.0793691,0.0345982,0.00697486],[0.0283049,0.00269154,0.028269,-0.00281825,-0.021882,-0.0807979,-0.272114,1.21355,-0.0928627,-0.0124622,-0.0107098,0.0533883,-0.0077885,-0.0181171,-0.00843194],[-0.000145957,0.0118636,0.0165694,0.00632087,-0.00257294,0.0184888,-0.0566214,-0.00977021,0.96478,-0.00131875,8.37048e-05,-0.0385548,0.00779789,0.00498372,0.00115405],[0.238357,0.213308,0.451035,-0.0934534,-0.0428223,0.402188,0.954186,-0.570756,-3.9821,1.00213,0.0181939,-0.575484,0.41884,-0.60271,0.0607559],[-0.275923,-0.259314,-0.617853,0.0561252,0.160728,-0.589305,-2.06428,-0.842319,-0.707038,-0.0139748,0.970642,-1.20229,-0.250603,0.107298,-0.0145404],[0.0142669,0.0242933,0.0464446,-0.00543611,-0.00851568,0.020755,-0.0260482,0.0300065,-0.147785,0.00424175,0.00457341,0.99803,0.00313313,-0.00334357,0.00167227],[0.0373391,-0.0147942,-0.0677559,-0.00934058,0.0149358,-0.111604,0.100131,-0.0457608,0.789346,0.0152539,0.00803161,0.134161,0.514706,0.00539747,-0.000238768],[-0.0824914,-0.0630437,0.0701109,0.136451,0.164961,0.0828609,-0.593016,0.175075,0.724134,0.0232179,0.0432584,-0.225902,-0.339095,0.401702,0.0322152],[-0.0544634,-0.468105,-0.882196,-0.0856193,0.0238072,-0.00907908,-1.40019,0.321731,-4.34499,-0.108366,-0.0376126,0.546104,0.459986,-0.207288,1.09577],[0.0506156,-0.0414321,-0.16449,-0.0301643,-0.0120246,-0.134851,-0.216865,0.0232055,0.0787197,-0.000509651,0.00921175,-0.0789357,0.0468152,-0.0179878,-0.00389489],[0.039473,0.114175,-0.0622501,0.00186071,0.00804987,-0.0412887,-0.243645,-0.0765558,0.213142,-0.00603892,-0.00789362,-0.0647573,0.0757399,-0.0225813,-0.00456049],[-0.00784526,-0.110211,-0.0303178,-0.00846458,0.00846797,0.0178984,0.0248398,-0.0522295,0.269482,0.00683001,0.00229588,0.165212,0.0418473,0.0251005,0.00135828],[0.156813,0.074262,0.152333,-0.0580267,-0.00998209,0.167307,0.562011,-0.0897395,0.0112049,0.0361324,0.0189975,0.325179,0.28199,-0.119682,-0.000274998],[0.0989526,-0.0741345,-0.147173,0.0133196,0.10999,0.100452,0.652688,-0.107581,0.368753,0.0108382,0.0338486,0.243821,0.332266,-0.0746667,0.00899672],[0.021745,-0.0165448,-2.78718e-05,-0.0206727,-0.0195402,-0.165622,0.140809,-0.0596584,-0.25795,0.00778738,0.00780973,-0.0726847,0.0038601,-0.0197239,-0.00171013],[-0.0541679,-0.0554723,-0.0563391,-0.00910737,-0.01863,-0.0714939,-0.181412,0.0508343,-0.426576,-0.00850144,0.00521191,-0.235539,-0.0682013,-0.0245596,-0.00640749],[-0.0270496,0.0164495,0.00315078,0.0037006,0.00469951,0.000191592,-0.0313166,-0.0924804,0.0805738,0.00772438,0.0075348,-0.0971493,-0.00944442,0.0107691,0.00598682],[0.000748404,-0.00674616,-0.0163169,-0.00449848,0.00104551,-0.0134903,0.0459702,-0.00457102,-0.0176264,0.00097629,0.000181291,0.0192196,0.00597196,-0.00577613,-0.00139807],[-0.0325218,-0.0389131,-0.312608,0.0150589,0.0306582,-0.159683,-0.00258227,0.316255,-0.250779,-0.0628134,-0.036269,-0.142247,0.0896795,0.173622,-0.0610226],[0.239848,0.181416,0.545181,-0.0355545,0.0596097,0.406476,3.03391,1.13062,2.42684,0.00224481,-0.00189328,1.6239,0.71079,-0.0283493,0.058148],[-0.0179292,-0.0398,-0.0413373,0.00447386,0.00172271,-0.0269394,-0.0288027,-0.0359237,0.0177152,-0.00657162,-0.00284427,-0.0282551,-0.0030944,-0.000206819,-0.00384805],[-0.0154824,0.0196631,0.0716909,-0.00173926,-0.00247411,-0.0598169,-0.115536,-0.0602193,-0.541413,-0.0089423,0.000178176,-0.144853,-0.019542,0.00711721,-0.000586863],[-0.132801,-0.260974,-0.0847311,0.0155995,0.00428505,-0.0808102,-0.682889,0.00737888,-0.910554,0.0252168,0.054206,-0.718465,-0.121089,0.00861897,0.000239785],[-0.230395,-0.218492,0.0499819,-0.0209863,0.0606205,-0.308995,1.12908,-0.0108312,3.76802,0.106607,0.0588132,0.436674,-0.274275,0.244555,-0.0904002],[0.039064,-0.0348022,0.0118948,0.00662618,-0.0251174,-0.0515319,-0.197429,0.0541343,-0.67358,0.0208618,0.0236,-0.144666,-0.0605547,-0.0105251,-0.00394435],[-0.0125875,0.0296025,0.0019942,0.00105036,-0.00332053,0.00138847,0.0717381,0.0412587,-0.220753,-0.00883834,-0.00331981,-0.0903869,-0.00371253,-0.00114962,-0.00745063],[-0.00791034,0.00740047,0.0428969,0.00504373,-0.0115213,0.0504301,0.116156,0.0545229,-0.0205645,0.000786367,-0.00486925,0.0451248,0.0298192,0.00295015,0.00017218],[-0.0297307,-0.0537065,-0.212705,-0.104785,-0.126985,0.160894,0.130049,-0.0504581,-0.759423,-0.00976282,-0.0243115,0.106516,-0.108665,-0.101309,0.005587],[0.0588923,0.171654,0.334776,-0.0200494,-0.0267412,-0.163741,-0.308942,-0.0605486,0.247709,-0.00727263,0.00822075,-0.189583,-0.0219954,0.0143881,-0.0186168],[-0.0541165,-0.0527183,-0.0394648,-0.0128563,-0.00103535,-0.0751143,-0.0998862,0.019567,-0.266382,-0.00022551,-0.0046466,-0.0473027,-0.0219052,-0.0384377,-0.00251361],[-0.0121622,-0.0386428,-0.0483082,-0.00259621,0.00415112,-0.0403027,0.0105618,-0.008863,-0.0859265,-0.000882063,-0.000135954,-0.0432927,-0.011203,-0.00992603,-0.000564784],[-0.00190932,-0.019793,-0.0319838,-0.00104361,0.0170924,0.0798879,0.29928,-0.121644,0.00958738,0.00465729,0.00315897,0.04207,0.0162186,0.00702025,0.00238693],[0.00179434,-0.00519214,-0.000868233,-0.00122418,0.00215564,-0.00174117,0.0223887,0.0159035,0.0155229,0.000268091,-0.000304759,0.0219469,-0.0113322,0.00109743,0.000285452],[-0.120885,0.118569,0.1263,0.0720016,-0.0123986,-0.25731,-0.888202,0.269055,3.56384,0.0281078,0.0153578,0.297281,-0.426461,0.363232,0.00874575],[0.0885777,0.102006,0.0470145,-0.00413267,-0.200691,0.169874,-1.05064,-0.23248,-1.85633,-0.00126896,0.000982884,-0.618402,-0.392887,-0.135522,-0.057267],[0.00207132,0.0149308,-0.00423265,0.00113881,0.00678803,0.00598358,0.0507083,0.0040956,0.1256,0.00245821,-0.00139165,0.029065,-0.00176724,0.00352923,0.00214065],[0.0158512,0.0719629,0.0844128,0.00717596,0.00247049,0.0326279,-0.145767,0.0360783,-0.0925864,-0.00282624,-0.00165563,-0.0765035,0.0128775,0.0136774,0.00332488],[0.0375303,0.0388257,0.0340884,0.0140262,-0.0161073,-0.0961035,0.00961593,-0.0907558,-0.192319,-0.00783431,-0.000383088,-0.161798,0.0200835,0.0134269,0.0094841],[0.0603528,0.148735,0.424378,0.067649,-0.0931641,0.427117,-0.162656,0.0507262,-0.785044,-0.0192574,0.00776737,-1.15215,-0.308361,-0.0858165,-0.0668095]],"sigmahat":[[1.50897,1.41062,1.15988,0.0957487,0.0731545,0.469413,2.3471,-0.860214,2.97357,0.0677122,0.0245321,0.993897,1.18861,0.327318,0.0614921],[1.41062,4.84845,3.79245,0.0118359,-0.081926,0.654975,1.62069,-0.339384,4.84377,0.0847367,0.017539,0.964062,1.36017,0.505102,0.138802],[1.15988,3.79245,5.30639,0.084815,-0.107208,0.922794,0.546616,-0.277639,6.01964,0.13333,0.0882308,0.858087,1.13941,0.602371,0.170682],[0.0957487,0.0118359,0.084815,0.220528,0.0371541,0.0486828,-0.148975,-0.126508,1.55404,0.0173369,0.0141264,0.0435557,0.225474,0.148158,0.014312],[0.0731545,-0.081926,-0.107208,0.0371541,0.51231,0.0478495,-0.0376462,-0.0766477,2.08278,0.024719,0.00474931,0.335807,0.273917,0.102749,0.0270738],[0.469413,0.654975,0.922794,0.0486828,0.0478495,3.26463,1.1971,0.0836394,3.83512,0.0217567,-0.0971474,1.41845,0.658883,0.27271,0.0606473],[2.3471,1.62069,0.546616,-0.148975,-0.0376462,1.1971,37.8503,-0.261047,13.8694,0.435173,-0.291935,17.963,6.06608,0.809925,0.135436],[-0.860214,-0.339384,-0.277639,-0.126508,-0.0766477,0.0836394,-0.261047,3.85094,-2.78215,-0.0959895,-0.0581799,0.60342,-0.583273,-0.177988,0.0117356],[2.97357,4.84377,6.01964,1.55404,2.08278,3.83512,13.8694,-2.78215,160.764,1.47626,-0.26404,28.3373,8.8581,6.16837,0.705493],[0.0677122,0.0847367,0.13333,0.0173369,0.024719,0.0217567,0.435173,-0.0959895,1.47626,0.0828837,0.0496489,0.404134,0.183046,0.119122,0.0201094],[0.0245321,0.017539,0.0882308,0.0141264,0.00474931,-0.0971474,-0.291935,-0.0581799,-0.26404,0.0496489,0.0863341,-0.526628,0.0377666,0.0456142,0.00861507],[0.993897,0.964062,0.858087,0.0435557,0.335807,1.41845,17.963,0.60342,28.3373,0.404134,-0.526628,21.7972,3.38328,1.53348,0.215118],[1.18861,1.36017,1.13941,0.225474,0.273917,0.658883,6.06608,-0.583273,8.8581,0.183046,0.0377666,3.38328,5.39826,0.840003,0.126965],[0.327318,0.505102,0.602371,0.148158,0.102749,0.27271,0.809925,-0.177988,6.16837,0.119122,0.0456142,1.53348,0.840003,0.938587,0.0758691],[0.0614921,0.138802,0.170682,0.014312,0.0270738,0.0606473,0.135436,0.0117356,0.705493,0.0201094,0.00861507,0.215118,0.126965,0.0758691,0.0405466]],"n":15,"lags":3,"seasonalRows":0}