{"betahat":[[8.18279,5.89634,41.5198,5.59419,35.4953,50.4936,-1.35429,4.89988,2.5295,-2.38483,-14.4852,3.0731,28.9672,-119.74,-1.39132,-0.972392,14.7953,6.19425,5.33693,-9.08986,-44.335,10.1257,-8.02467,-14.7252,1.38706],[0.645682,-0.108122,0.0882035,-0.15194,0.226187,-0.578199,0.249589,-0.062923,0.0832697,0.101907,0.525377,0.0612509,-0.374299,4.1605,0.131871,0.0855948,0.238833,-0.0456379,-0.130276,0.109676,-0.469401,0.288872,-0.489894,0.393168,0.0332083],[0.0588211,0.990338,0.34293,0.101661,-0.0207839,0.557286,-0.0233155,-0.1464,-0.0224949,-0.0729821,-0.0310776,-0.00885544,-0.0832373,0.662481,-0.0487514,0.00573028,-0.578354,0.0294511,-0.0188949,0.0849641,-0.00665332,0.181086,-0.205729,-0.0942059,-0.0141762],[-0.00535688,0.0165003,0.702496,0.013855,-0.0745634,0.143742,0.000468481,-0.00676419,0.0185004,-0.0310748,0.144793,0.0249343,0.0882007,0.393366,0.0264127,0.0118457,0.337324,0.00409683,-0.0227567,-0.0273448,-0.197628,-0.0158811,0.118666,0.0755308,0.00537899],[-0.0342627,0.0227764,-0.0189384,1.0866,-0.605359,0.434887,-0.0467062,0.066628,-0.0179731,-0.032086,0.385446,-0.024784,0.0564686,2.67122,-0.00856583,-0.0349756,0.0839391,0.0238651,0.0444351,-0.0101271,-0.266783,-0.165211,-0.0403893,0.16954,0.0447241],[-0.014743,-0.0264105,0.0518979,-0.0284644,0.514329,0.0431873,-0.0436559,0.0189751,-0.0135533,-0.0144809,-0.260243,-0.017146,0.0921392,-1.10932,-0.0226231,-0.00127957,-0.473678,0.0057506,0.00388717,0.0205459,-0.00567691,0.0186249,-0.159878,-0.0605746,-0.0162904],[0.0197086,0.0140195,0.0812912,-0.0315614,0.179215,0.662392,-0.000851508,-0.0222488,0.0123999,0.00281591,0.123931,0.0134829,0.0323992,0.258811,0.0142897,0.0172238,0.0383704,-0.0075452,-0.0183977,0.0111828,0.181401,0.0203041,0.193222,0.0462134,0.0112368],[-0.0688246,-0.0993786,-0.24048,-0.00553518,-0.117581,-0.807409,0.943697,0.095515,0.0147105,-0.107666,0.342232,0.0141696,0.185168,-1.40029,-0.0269658,0.0159893,-1.08226,-0.0280693,-0.0982915,-0.0965519,-0.063769,0.198591,-0.492624,0.0301129,-0.0259449],[-0.00470019,0.0122777,0.192636,-0.055993,-0.0649152,-0.0474038,-0.0812888,0.770544,0.00697642,0.0348906,-0.685322,0.00103772,0.172147,-2.04545,-0.0136233,-0.011153,-0.205367,-0.00236872,-0.00811123,0.173006,-0.237005,-0.165948,0.00776499,-0.476461,-0.0338178],[0.0199597,0.0224678,-0.394287,0.00293246,0.500274,0.00633866,0.102547,-0.13214,0.976638,0.000321651,0.586365,-0.0494922,-0.246928,-1.89912,0.0329849,0.0734759,-0.696248,0.0419705,0.0203976,-0.00242785,-0.130926,-0.0854277,0.683544,-0.0842956,0.0108273],[0.111198,0.251843,0.102092,-0.0309585,1.50176,0.16397,0.0378114,-0.110416,0.0654183,0.752148,2.22113,0.0775348,-0.160687,3.83208,-0.0377665,-0.0738569,0.944202,-0.0257948,0.184876,0.413176,-1.14862,0.463109,0.160914,0.0153672,0.0595491],[-0.026353,-0.0127241,-0.0256645,-0.0300834,-0.130819,-0.105348,-0.0204055,-0.0139763,-0.0101227,-0.0154408,0.922778,-0.00851312,0.0331783,-0.571522,-0.00739533,0.0046844,-0.171142,-0.00686429,0.00613268,0.0420725,-0.0228932,-0.00910885,0.0741293,-0.0316743,-0.00263463],[-0.053974,-0.0394538,-0.195494,0.0796725,0.154014,0.0111722,0.206063,0.0502818,0.149758,-0.0253411,1.24103,1.06021,-0.366095,-1.03829,0.0134645,0.0624536,-0.949037,0.0595258,0.0348655,0.0195772,-0.505091,0.0221029,0.258596,0.179661,-0.0145985],[0.00794124,0.000899966,-0.241425,-0.0656296,-0.20882,-0.352166,-0.0808636,-0.0176824,-0.0117503,-0.0164761,0.368792,-0.0141031,1.33769,-0.348979,0.00958447,-0.0139213,0.326907,-0.0501573,-0.0613091,0.0790175,-0.521183,-0.00253426,0.0275571,-0.059339,-0.0104283],[0.00361778,-0.00263087,-0.00979849,-0.00563382,0.0112999,0.0057055,0.00823807,0.00323795,0.0024878,0.00043423,0.00150359,0.00217454,-0.0157663,0.80475,-0.000827562,0.00172289,-0.0258571,-0.00472816,-0.00229117,-0.00168494,0.0553224,-9.32116e-05,0.00759439,0.000267262,-0.000662835],[0.337809,0.129266,-0.686055,-0.0993265,2.27449,2.04866,-0.181037,-0.427196,-0.0322837,-0.0872684,0.423891,-0.0190138,1.00271,0.589159,1.01822,-0.0099859,2.35457,0.100286,-0.303435,0.687106,1.47339,0.155699,1.7463,-0.721559,0.253314],[-0.382868,-0.392257,-0.598673,-0.00364287,-3.04612,-2.57251,0.218748,0.450924,-0.0624027,0.195833,-1.50369,-0.0637611,-0.508367,-4.71175,0.0263249,0.906909,-3.85675,-0.00827354,-0.0629308,0.174288,0.146945,-0.223701,0.199687,-0.0627894,-0.142755],[-0.00183911,0.00473292,0.0294818,0.0249291,0.0639504,0.0360471,-0.013744,0.016946,-0.0113442,0.00970996,-0.0423936,-0.0107118,0.0174874,-0.115626,0.0129587,0.0045188,1.00597,0.00325652,0.0148153,-0.0353389,0.0383581,-0.0731945,0.0307533,0.0164824,0.00611661],[-0.151741,-0.440384,-1.1588,0.488614,0.749117,-0.960108,-0.00386224,0.0452798,-0.127347,-0.0159879,-0.449341,-0.169454,-0.370766,0.0319373,-0.00903186,-0.00416881,-1.04407,0.442425,0.129382,0.564341,2.43162,0.364653,0.977975,-0.0291148,-0.0368784],[-0.0200439,-0.0832907,-0.519762,0.0624249,0.526858,-1.19654,0.0500798,-0.170028,-0.0687497,0.0422329,-2.39691,-0.0826077,0.167197,-8.78711,-0.0979392,0.024874,-2.64972,0.041392,0.614321,0.0499768,0.616764,0.144579,-2.03182,-0.125244,-0.140309],[0.0409649,0.0599468,0.0956479,-0.0462249,0.220815,-0.0656133,-0.0330729,0.0286307,-0.013826,-0.0198797,0.136335,-0.010882,0.0292225,1.29751,0.0175183,-0.00426362,0.265063,0.0553523,-0.0300007,-0.267282,0.297362,-0.0771009,-0.177607,0.0194635,0.00315851],[0.00348158,0.022269,-0.0778652,-0.00649024,-0.0825325,-0.161444,-0.0723227,-0.021998,-0.0114777,0.00458079,-0.100267,-0.0100571,0.0766895,-1.16161,-0.00297343,-0.000578171,-0.0224451,0.0167693,-0.0024567,-0.00665271,-0.153095,0.0376958,-0.0938254,-0.144386,0.0056686],[-0.00179274,0.0221222,0.101211,-0.0367307,0.0304629,0.0604025,0.0247338,-0.0421228,0.0109537,0.0216147,-0.489508,0.0123944,-0.00853365,-0.799227,-0.00576075,0.0196486,-0.806516,0.0104567,0.0238728,-0.0260067,0.522036,0.816806,0.00250486,0.0103593,-0.00880692],[0.0197028,0.0733822,0.0990066,0.0261215,0.0254341,0.0981286,0.0226571,-0.00447132,0.0244731,-0.0117807,0.275921,0.0220858,-0.0467869,1.39216,0.0200209,0.00417766,0.143555,0.00503551,-0.0179502,-0.0062872,-0.0859539,0.0596414,0.572469,0.040245,0.00434599],[0.128265,0.0344983,0.273466,0.140957,0.110062,0.297171,0.148227,0.116041,0.0791316,0.0703529,-0.0479602,0.098389,-0.372968,2.4933,0.0186644,0.0165816,-0.183589,-0.0353306,-0.0376324,0.169863,0.189973,0.110898,-0.307321,0.47546,0.0214109],[0.165337,-0.181572,1.55378,0.469787,0.291618,0.20895,0.156024,-0.206985,0.480204,0.078807,-4.17652,0.489868,-0.403862,-0.122401,-0.269832,-0.178099,1.80925,0.341514,-0.0596962,-0.819214,-1.6099,0.100522,-1.60767,-0.158279,0.985252],[0.26364,0.0816642,0.0811792,0.124717,0.0742975,0.287629,-0.153806,-0.0772067,-0.0598318,-0.0647111,-0.553439,-0.0291563,0.222979,-2.18581,-0.104088,-0.0698448,-0.246036,-0.0112649,0.0530512,0.0251451,0.493332,-0.212711,0.242601,-0.263099,-0.0338712],[0.0118099,0.0214558,-0.0706273,-0.166471,0.182452,-0.287463,0.00905922,0.140501,0.026171,0.0564106,0.0397921,0.00688331,0.0837888,-0.699447,0.0451655,-0.00944888,0.698662,-0.0117182,0.0100402,-0.0624761,0.176353,-0.346382,0.0343683,0.111852,0.0123736],[-0.0057338,0.00221914,0.139116,-0.00466936,-0.0358228,-0.206359,0.0041038,-0.0194711,-0.0100162,0.024766,-0.00115289,-0.0165331,-0.0343657,-0.715881,-0.0197246,0.000258849,-0.458125,-0.0120591,0.0332064,0.0242456,0.15893,0.0383499,-0.16171,-0.0895587,-0.0105054],[0.107598,0.0455079,-0.0721758,-0.134722,0.994333,-0.145183,0.0958562,-0.0814473,-0.00202738,0.0548793,-0.477141,0.00466482,-0.0532975,-0.191146,0.00792483,0.00438173,0.00232374,-0.0371605,-0.0626521,-0.0623965,0.603313,0.198649,-0.00675738,-0.0847422,-0.0237468],[-0.00700119,0.0234391,-0.075565,0.00323317,0.203952,-0.0917983,0.0258427,-0.0140484,0.0112473,0.0175278,0.0716617,0.0124746,-0.0473298,0.500184,0.0146795,0.0103607,0.293026,-0.00586056,0.000352145,-0.0304118,-0.00508359,0.0878699,0.0983901,0.0412525,0.00654356],[-0.0342646,-0.0144901,-0.0477384,0.00737357,-0.116407,0.228918,0.010722,0.0245317,-0.00670074,0.000868628,-0.0779474,-0.00685014,-0.00732565,-0.572979,-0.00642523,-0.00799539,-0.0537592,-0.00237025,0.0270802,-0.0577636,-0.0859577,-0.0289796,-0.0447373,-0.0436218,-0.0044355],[0.112969,0.0432095,0.475466,0.0264469,0.24946,0.784264,-0.0349686,-0.0466409,0.049659,0.0699562,-0.457391,0.0547775,-0.0448442,0.497849,-0.00187175,-0.0661116,1.24037,0.0333701,0.0497114,0.0986544,-0.139086,-0.0282543,0.0786945,-0.110591,0.0328817],[0.016032,0.108567,-0.097715,0.035729,0.263146,0.322845,-0.0127236,-0.218724,-0.0531192,-0.0116055,0.900474,-0.0548389,-0.0397239,0.650956,0.03815,0.0400338,0.0413039,-0.00174908,0.0222955,-0.130566,0.181917,-0.0278201,-0.202082,0.315889,0.0196963],[-0.040456,-0.0450848,0.429695,0.0286563,-0.140857,-0.0755041,-0.127334,0.0806275,-0.12806,-0.0171955,-0.360593,-0.105028,0.126188,1.70881,-0.0279662,-0.0893819,1.32922,-0.0335835,-0.0718355,-0.0864092,0.151257,-0.218015,-0.321863,-0.0176803,0.00976426],[-0.104459,0.0743652,0.131707,-0.00863066,-0.935516,0.674371,-0.180116,0.248161,0.0325763,-0.173133,-0.758214,0.0219171,0.437969,-7.4505,-0.103369,-0.0116301,-2.76276,-0.0355279,-0.0772435,-0.142057,-0.808784,-0.0890716,-0.616695,-0.512996,-0.104863],[0.0257156,0.0159602,0.00900056,0.00718914,0.151781,0.141911,0.0133212,0.00557823,0.00797702,0.0181239,-0.0596178,0.00555384,-0.0292891,0.207573,0.00473611,-0.00383898,0.168271,0.000334385,-0.00627418,-0.0432811,0.0205487,0.0218051,-0.0884752,0.0310944,0.00148965],[0.01545,0.00574617,0.143927,-0.0404778,0.0292789,-0.0795929,-0.212868,-0.109875,-0.236518,6.65878e-05,-1.00891,-0.17359,0.22665,0.557155,-0.0324341,-0.0646137,1.06078,-0.0445048,-0.0709284,0.0528384,0.476038,-0.252809,0.11276,-0.213659,0.0147674],[-0.00797205,-0.00450118,0.147352,0.0369983,0.138919,0.221681,0.0343521,-0.00549817,-0.00919559,0.00872557,-0.155141,-0.0100424,-0.195577,0.542201,-0.00739449,0.00948993,-0.144603,0.0290654,0.0208483,-0.0249,0.401583,-0.0155782,0.0445191,0.0431433,0.00787879],[-0.00298557,-0.00105361,-0.00891667,0.000174148,-0.00853532,-0.000384285,-0.00462079,-0.00440185,-0.00433899,-0.0024765,0.00228722,-0.00413007,0.00554446,0.126985,0.00126967,0.00132041,-0.0160369,-0.00322379,0.00433247,0.00450872,-0.0200194,-0.00488342,0.0279137,0.00769886,-0.00262492],[0.0325597,0.301319,0.202243,0.00601053,0.300057,0.654963,0.133118,0.191791,0.158904,0.0972713,-1.99724,0.185783,-0.424671,-3.23036,-0.176335,-0.0419315,-2.11796,-0.0661985,-0.0760829,-0.518248,0.556703,-0.88956,-0.789196,0.382737,-0.130859],[0.0818749,-0.202925,0.118337,0.0217455,1.34934,0.842976,0.248328,-0.168909,0.121425,0.0436757,1.1137,0.143931,-0.0988338,6.32313,0.0441957,-0.00347992,4.20777,-0.0818567,0.131791,-0.135307,0.507902,-0.306257,1.79266,0.256015,0.11126],[-0.000278362,0.00124573,-0.0216741,-0.0118207,-0.0487832,-0.0398751,0.00583536,-0.0103523,0.00724109,-0.00855477,-0.0230523,0.00480625,-0.0147481,-0.0643821,-0.0148776,0.000765514,-0.13974,-0.000979686,-0.000785778,0.0388119,-0.0171467,0.0423018,-0.0356888,-0.0060304,-0.00805105],[0.243675,0.191968,1.31782,-0.55371,0.159902,1.27497,0.214528,-0.342338,0.15253,0.0771765,0.68667,0.211606,0.12837,0.44934,0.115689,0.0876772,1.19644,-0.0742084,-0.155461,-0.513391,-1.0474,-0.442813,-0.224789,0.0920601,0.0588912],[-0.0312756,-0.104356,-0.39255,-0.0664267,-0.356047,-0.137261,0.0388404,0.192796,0.0207839,0.0183224,1.63681,0.0299901,-0.378763,6.79198,0.0141969,-0.0832058,2.19395,0.0659436,-0.108649,0.131984,-0.0344259,0.259674,1.37409,-0.127174,0.0987016],[-0.0196904,0.00416716,-0.0188457,-0.0795512,-0.115449,-0.17366,0.0301659,0.0554639,0.0114721,-0.0380344,0.181757,0.00916239,-0.0693691,0.883398,0.0155958,0.00103171,0.0450464,0.0617524,-0.0109805,0.477275,-0.116764,0.0062182,-0.0665889,0.0303967,-0.00636125],[-0.0162671,0.00729794,-0.101522,-0.0436662,-0.0274144,-0.0146923,-0.0275086,0.0301858,0.00214881,-0.0230946,0.27416,0.000217859,0.0343314,-0.344775,0.0121451,0.00190588,0.236649,-0.00297199,0.00181014,-0.0408356,-0.281784,0.000744523,-0.0442122,-0.00719234,0.00788404],[0.0168665,-0.00742052,0.0160835,0.0125193,9.38511e-05,-0.117817,-0.0577102,-0.00384567,-0.0027682,-0.03639,0.359227,-0.00584138,0.0534412,0.318946,0.00209975,-0.014624,0.646895,0.007615,-0.0155511,0.0443369,-0.226285,0.248623,-0.0320364,-0.0707904,0.0108145],[-0.00382075,-0.0328847,0.0863018,-0.00912391,-0.140263,-0.150682,-0.0224345,0.00309519,-0.00958492,0.00235363,-0.2205,-0.00716267,0.0570209,-1.24988,-0.015154,-0.00179119,-0.185986,0.0102719,-0.00540641,-0.00911306,-0.0786389,0.151829,-0.132813,-0.0156342,-0.00761532],[-0.0872088,-0.150606,0.22746,0.0157309,-0.147421,0.000632452,-0.0450103,-0.129471,0.00790703,0.0534896,-0.616937,0.00315251,0.00347035,-1.46023,0.00274213,0.0146056,-0.483754,-0.00570664,-0.0407392,-0.0641022,0.0163667,0.348911,0.0113541,-0.125667,0.0334468],[-0.0852496,0.0518938,-1.43508,-0.19951,-0.827714,-1.91652,-0.140176,0.324223,-0.24499,-0.0940399,2.23969,-0.228038,0.341004,1.99667,0.185853,0.151133,0.00325168,0.0282465,-0.102432,0.312076,0.570717,-0.202059,1.92919,-0.228084,-0.0545872],[0.0905555,0.0262669,-0.169961,0.0274182,-0.301289,0.29007,-0.095796,0.139837,-0.0235071,-0.037218,0.0281327,-0.0321643,0.150833,-1.96962,-0.02786,-0.0158429,0.0078728,0.0571346,0.077531,-0.134432,-0.022781,-0.076035,0.247787,-0.130124,0.000671216],[-0.070864,-0.0121315,-0.273121,0.0648655,-0.162165,-0.271245,0.0143689,0.00569582,-0.00383378,0.0166442,-0.0090368,0.00182157,-0.00113817,0.0439699,0.00357997,0.00369851,-0.119435,-0.017506,0.00934324,-0.022134,-0.169309,0.16535,0.171807,-0.0174436,0.00181541],[0.0107932,-0.019092,0.155106,-0.00899928,0.108736,0.0590211,-0.00406236,0.0253276,-0.00848748,0.00643294,-0.140938,-0.0084369,-0.0552125,0.338024,-0.00666941,-0.0121304,0.121223,0.00852266,-0.00969577,0.00465773,0.040724,-0.0224813,0.0447573,0.0138865,0.0050843],[-0.0734234,-0.0685431,0.0899759,0.0479856,-0.389282,-0.29041,-0.0490843,0.0145488,0.0199744,-0.0227199,0.0921286,0.0201026,-0.00389227,-2.47711,0.000622832,0.0305474,-0.0869391,0.0136948,0.0186338,0.0733644,-0.334964,-0.0329041,0.0480713,-0.0849855,-0.0209975],[0.0213658,0.00262877,0.0231179,0.0253431,0.278642,0.0474218,0.0178213,-0.0049771,0.00222891,-0.00314982,0.18935,0.00460443,-0.0451024,0.609389,0.00788712,-0.00908999,0.180202,0.000514894,-0.00404902,0.00990041,0.011494,-0.106266,0.0619864,0.0193592,0.00971159],[0.0142353,-9.71943e-05,-0.0349661,0.024483,-0.0651425,0.104516,-0.00978809,-0.00286566,-0.00575613,-0.00357982,-0.0455961,-0.00669175,-0.0257999,0.324489,-0.00788583,-0.00928797,0.0163657,0.0106296,-0.00797968,0.047492,-0.0937235,0.00852048,-0.147036,-0.00285393,-0.00673769],[-0.047951,0.0508028,-0.249468,-0.0224981,-0.145924,0.0062233,0.0891894,-0.0493367,-0.0654407,0.0394322,0.113869,-0.0702132,-0.147399,0.99997,0.0292526,0.0481465,-0.130754,0.0017355,0.0562948,0.00178658,0.235476,-0.16497,0.425061,0.0806817,-0.00651401],[-0.0174282,-0.0587608,0.0597783,0.0459872,-0.192613,-0.192538,0.0275483,0.299136,0.0074424,0.0210566,-0.0774724,0.00916429,0.0123349,1.55747,0.0274823,-0.00171776,0.707642,-0.0120719,0.0131716,-0.208444,-0.0136415,-0.0371597,0.0585949,0.358325,0.0258421],[-0.0106999,-0.0076903,-0.0930802,-0.0107611,-0.351938,-0.208999,-0.0672135,-0.0318522,0.00974941,0.0216857,-0.0361857,0.00118386,0.0501457,-0.989249,-0.00495884,0.0634058,-1.30008,-0.0101898,-0.0298436,-0.0191481,-0.148426,0.3843,-0.712548,0.0322979,-0.0567313],[-0.025219,-0.201439,-0.658728,-0.150017,-0.836372,-0.718868,0.158602,0.184056,-0.0598399,0.0916616,0.747471,-0.0675343,-0.142769,4.01884,0.133271,0.0548024,1.05922,-0.0823967,0.0022923,-0.147336,0.969394,-0.502116,0.731316,0.403715,0.0230015],[0.00238305,0.00252125,0.0230712,0.0263461,-0.0172481,-0.0321986,0.00324315,0.00667204,-0.00102831,-0.00412859,0.10914,-0.000555071,-0.000826807,0.325598,0.000810348,-0.00132016,-0.00532408,0.00217821,-0.00381918,0.00564203,-0.00334692,-0.0153162,0.00888852,-0.000368472,0.000525363],[-0.00844066,-0.0345873,0.0837382,0.0101986,-0.282409,-0.136208,-0.0484904,-0.00942867,0.00336618,0.0240548,0.0878766,0.00829806,0.0289076,-0.560059,0.00834113,0.0375597,-0.787877,-0.00207453,-0.0399468,-0.18201,-0.0528637,0.322985,-0.722794,-0.0101224,-0.0349009],[-0.000353549,0.00448217,0.0849828,0.0291207,0.0541096,0.118624,0.0490855,0.0200579,0.0209838,0.00823726,-0.200903,0.0241989,-0.151739,-0.0895552,-0.00109407,0.00577783,-0.179406,0.0269188,0.0419237,-0.0396151,0.113736,-0.000194282,-0.0565861,0.0272158,0.00228093],[-0.00215267,0.00286972,0.00798516,0.0014787,-0.00457149,0.00537915,-0.00463969,-0.0014782,-0.00225964,-0.00108009,0.0181451,-0.00282008,0.00114911,-0.0410488,-0.000768705,-0.00182868,0.0231234,0.00262849,0.00345383,-0.00555958,-0.0197846,0.00962324,-0.0283314,-0.00580045,0.00132721],[0.0422249,0.108708,0.577196,0.181419,-0.807508,-0.688957,-0.175471,0.131725,-0.0465556,0.0721973,0.813027,-0.0559671,-0.258324,2.17339,-0.0160063,-0.0407896,0.0637492,0.0262241,-0.0289656,0.205182,-0.218392,-0.153128,-1.39685,0.354092,0.0551709],[0.0580792,0.187315,-0.338536,-0.0431176,0.578713,0.557412,-0.0556879,-0.148038,0.0408731,-0.0316794,0.749353,0.021225,0.105975,3.58004,0.0695116,-0.0195019,0.983916,-0.081789,0.180256,0.153895,0.258178,0.208319,-0.113111,0.198261,0.0323771],[-0.00151695,-0.00861605,-0.00907579,-0.0165515,-0.0196981,-0.00392942,0.0104646,-0.00249582,0.00593622,0.00183688,0.033986,0.00791532,-0.0105349,0.111217,0.00159589,-0.00254183,0.0629957,0.00599819,-0.0101473,2.1558e-05,-0.0210918,0.0207318,-0.00914794,-0.0040024,0.000703179],[-0.147194,0.179518,-0.382748,0.012073,-1.18937,-0.331039,-0.087703,0.310865,0.0501615,-0.011134,-0.0891213,0.0371538,-0.032239,1.00602,-0.06903,-0.0755082,0.129638,-0.105205,0.0844806,0.0462233,-0.717156,0.149649,-0.391215,0.0860145,-0.0102591],[0.0641797,0.160325,0.419813,-0.0413877,0.0875016,0.822116,-0.0510923,-0.0281629,0.0209031,-0.0250575,0.786944,0.0293433,0.0202495,2.46739,0.0675664,0.0570236,0.663746,-0.0649712,-0.194413,-0.268854,-0.684525,-0.196373,0.379045,0.316373,0.0433928],[0.00896198,0.0430958,0.0129448,-0.00500727,-0.139101,0.00278292,-0.0160808,-0.0045913,-0.00451339,0.0115147,-0.111729,-0.00564716,-0.057725,-0.18211,0.00853672,0.0250287,-0.273783,0.0297091,-0.0179135,-0.0451238,0.210128,-0.0813989,-0.00585487,0.063194,0.000217344],[0.00598846,0.00507731,0.0387151,0.0343184,-0.0745837,-0.0308723,-0.00258262,0.0116497,-0.0126655,0.0023892,0.0329429,-0.0150054,-0.0149264,-0.252021,-0.00272655,-0.00396676,0.0505131,0.0133109,-0.0112182,0.0122992,0.0157427,0.088389,-0.0886541,-0.025384,0.00320533],[-0.0166019,-0.0163136,-0.121792,0.0233122,-0.0361387,0.0489552,0.0323026,0.0475643,-0.00780535,0.015207,0.124022,-0.00623886,-0.0459522,0.482377,0.00325394,-0.0061499,0.159992,-0.0151434,-0.00703507,-0.0170761,-0.282234,-0.0642626,0.0264518,0.0574693,-0.00214462],[0.0342858,0.0628056,-0.000965133,-0.0136418,0.108134,0.15832,-0.000593656,0.00463033,0.00771575,0.00856579,-0.0211362,0.00816711,-0.0145129,-0.247995,0.00064669,-0.00470383,-0.0791248,0.0199499,-0.0110707,-0.0184675,0.0987224,0.082216,-0.145774,-0.0191358,-0.000210707],[0.0114261,-0.00505613,0.206289,-0.0273353,0.0941322,-0.179279,-0.058265,-0.0857249,-0.0433137,0.00168468,-0.588228,-0.0451709,0.061466,-1.13379,-0.00941229,0.0275054,-0.514121,-0.015452,-0.0213232,0.241515,-0.153645,0.0458205,-0.440106,-0.0683145,0.00715357],[-0.0602309,-0.0538369,0.697277,-0.175042,-0.323867,0.00717358,0.0699751,-0.170202,-0.0448949,0.0182437,0.301324,-0.0452236,0.257048,-4.04757,0.0914491,0.0884129,-0.876611,0.0498973,-0.0350333,0.546641,-0.457414,0.793887,-0.414459,-0.0360799,-0.0377184]],"sigmahat":[[0.121102,0.0589124,0.167613,0.000400473,0.338595,0.334654,-0.0330695,-0.0203256,0.00451725,-0.00147015,-0.0291439,0.00922757,0.031317,-0.58946,-0.00762579,-0.00404368,0.0986371,0.0150045,-0.0183834,0.00800612,0.0368189,0.0471195,-0.120748,-0.0580061,0.0119157],[0.0589124,0.2,-0.071209,-0.024208,0.165253,0.25121,-0.0513727,-0.0214053,-0.0140608,-0.0221086,0.047295,-0.0166486,0.0412488,-0.885014,-0.00943597,-0.0060758,-0.120493,0.00818106,-0.0216208,-0.000626843,-0.0379677,-0.0165767,-0.234619,-0.0630269,-0.00335905],[0.167613,-0.071209,2.21617,0.0202171,0.540685,1.10044,-0.146263,-0.0913043,0.0240303,0.0133446,-0.87305,0.0274981,0.127296,-2.43454,0.0021727,0.0255424,-0.0499779,0.0404761,-0.0930759,-0.0307993,0.179925,0.299912,-0.453672,-0.179627,0.0572741],[0.000400473,-0.024208,0.0202171,0.282934,-0.190353,-0.259562,0.013049,-0.0164736,-0.00139722,-0.0167004,0.0976542,-0.00264821,-0.0643255,0.563672,-0.0361943,-0.0206176,0.0360959,0.00102524,0.0100165,-0.109324,-0.0606122,-0.105995,-0.0859698,0.0380286,-0.00130029],[0.338595,0.165253,0.540685,-0.190353,3.66092,1.6588,0.0463075,-0.0860926,0.0588694,0.085188,-0.933703,0.0900661,-0.0652772,-0.158054,0.0144952,0.00283628,0.722338,-0.0175404,-0.0166842,-0.107441,0.319569,0.131688,0.0317483,-0.0814843,0.0725357],[0.334654,0.25121,1.10044,-0.259562,1.6588,4.95105,-0.0289942,0.0158279,0.0546132,-0.0243554,-0.279897,0.0803317,-0.0478093,-0.853428,0.0106325,-0.0384265,0.752612,0.0413214,-0.105704,-0.115064,0.532759,0.386616,0.718279,-0.15696,0.0603123],[-0.0330695,-0.0513727,-0.146263,0.013049,0.0463075,-0.0289942,0.162655,0.0286469,0.0451921,0.0232527,0.0439623,0.048285,-0.182071,1.58407,0.0106876,0.000519673,0.0177593,-0.00716064,0.0256384,-0.0245342,0.14548,-0.0889082,0.219522,0.101101,-0.00180616],[-0.0203256,-0.0214053,-0.0913043,-0.0164736,-0.0860926,0.0158279,0.0286469,0.328516,0.0224948,-0.0157845,-0.162193,0.022142,-0.0319597,-0.822397,-0.0241173,-0.036841,-0.102897,-0.00842592,0.0135102,-0.123966,-0.0753021,-0.00226259,0.0736372,0.0888676,-0.00645255],[0.00451725,-0.0140608,0.0240303,-0.00139722,0.0588694,0.0546132,0.0451921,0.0224948,0.0525868,0.00371863,-0.0289245,0.0520557,-0.0482727,0.206912,-0.00146438,-0.00356532,-0.00999707,0.0119246,0.00751835,-0.0197952,0.0553937,0.0108005,0.0260108,-0.00332326,0.00372809],[-0.00147015,-0.0221086,0.0133446,-0.0167004,0.085188,-0.0243554,0.0232527,-0.0157845,0.00371863,0.0612186,-0.294937,0.00579686,-0.0408839,0.186242,0.0184591,0.0170572,-0.0796646,0.00913831,0.00448455,-0.00622291,0.140062,-0.00398489,-0.0462825,0.0401119,0.00535591],[-0.0291439,0.047295,-0.87305,0.0976542,-0.933703,-0.279897,0.0439623,-0.162193,-0.0289245,-0.294937,7.64353,-0.0603262,0.106937,12.0444,0.179928,-0.0649045,4.53287,-0.0926039,-0.0691797,-0.0278553,-1.02139,-0.589546,1.39531,0.46983,0.0886941],[0.00922757,-0.0166486,0.0274981,-0.00264821,0.0900661,0.0803317,0.048285,0.022142,0.0520557,0.00579686,-0.0603262,0.0612647,-0.0480105,0.214108,-0.000397418,-0.00308509,-0.00409453,0.0132726,0.00657562,-0.0247203,0.0612061,0.012303,0.059018,-0.00706789,0.005851],[0.031317,0.0412488,0.127296,-0.0643255,-0.0652772,-0.0478093,-0.182071,-0.0319597,-0.0482727,-0.0408839,0.106937,-0.0480105,0.478755,-2.61615,0.00788617,0.00946606,0.123564,-0.0353661,-0.0392227,-0.0228501,-0.542423,0.0649655,-0.126941,-0.148145,0.00725803],[-0.58946,-0.885014,-2.43454,0.563672,-0.158054,-0.853428,1.58407,-0.822397,0.206912,0.186242,12.0444,0.214108,-2.61615,102.213,0.991174,-0.140366,22.3271,-0.268486,0.10592,0.844042,4.32652,-3.46251,8.54367,4.55378,0.340751],[-0.00762579,-0.00943597,0.0021727,-0.0361943,0.0144952,0.0106325,0.0106876,-0.0241173,-0.00146438,0.0184591,0.179928,-0.000397418,0.00788617,0.991174,0.0479338,0.0267972,0.239773,9.97533e-05,-0.00570411,0.00485449,-0.00168444,-0.0611829,0.128167,0.0547762,0.0107206],[-0.00404368,-0.0060758,0.0255424,-0.0206176,0.00283628,-0.0384265,0.000519673,-0.036841,-0.00356532,0.0170572,-0.0649045,-0.00308509,0.00946606,-0.140366,0.0267972,0.0516738,-0.349674,0.000559498,0.00270138,0.00776877,-0.0542991,-0.0167882,-0.014844,0.00400014,0.00135941],[0.0986371,-0.120493,-0.0499779,0.0360959,0.722338,0.752612,0.0177593,-0.102897,-0.00999707,-0.0796646,4.53287,-0.00409453,0.123564,22.3271,0.239773,-0.349674,13.576,-0.0814527,-0.0764299,-0.0365295,0.199176,-0.445724,2.86824,1.13659,0.212723],[0.0150045,0.00818106,0.0404761,0.00102524,-0.0175404,0.0413214,-0.00716064,-0.00842592,0.0119246,0.00913831,-0.0926039,0.0132726,-0.0353661,-0.268486,9.97533e-05,0.000559498,-0.0814527,0.0634271,-0.00162969,0.0234441,0.12379,0.063796,-0.121687,-0.0358435,0.00176322],[-0.0183834,-0.0216208,-0.0930759,0.0100165,-0.0166842,-0.105704,0.0256384,0.0135102,0.00751835,0.00448455,-0.0691797,0.00657562,-0.0392227,0.10592,-0.00570411,0.00270138,-0.0764299,-0.00162969,0.078452,-0.0184666,0.0403419,-0.0474239,0.0836251,0.0218072,-0.0019701],[0.00800612,-0.000626843,-0.0307993,-0.109324,-0.107441,-0.115064,-0.0245342,-0.123966,-0.0197952,-0.00622291,-0.0278553,-0.0247203,-0.0228501,0.844042,0.00485449,0.00776877,-0.0365295,0.0234441,-0.0184666,0.855574,-0.0722091,0.0581667,-0.0628364,-0.0743616,-0.00966196],[0.0368189,-0.0379677,0.179925,-0.0606122,0.319569,0.532759,0.14548,-0.0753021,0.0553937,0.140062,-1.02139,0.0612061,-0.542423,4.32652,-0.00168444,-0.0542991,0.199176,0.12379,0.0403419,-0.0722091,4.16481,0.0866757,0.80545,0.120958,0.0149733],[0.0471195,-0.0165767,0.299912,-0.105995,0.131688,0.386616,-0.0889082,-0.00226259,0.0108005,-0.00398489,-0.589546,0.012303,0.0649655,-3.46251,-0.0611829,-0.0167882,-0.445724,0.063796,-0.0474239,0.0581667,0.0866757,1.63902,-1.04131,-0.414765,0.00619647],[-0.120748,-0.234619,-0.453672,-0.0859698,0.0317483,0.718279,0.219522,0.0736372,0.0260108,-0.0462825,1.39531,0.059018,-0.126941,8.54367,0.128167,-0.014844,2.86824,-0.121687,0.0836251,-0.0628364,0.80545,-1.04131,4.73893,0.486694,0.0672257],[-0.0580061,-0.0630269,-0.179627,0.0380286,-0.0814843,-0.15696,0.101101,0.0888676,-0.00332326,0.0401119,0.46983,-0.00706789,-0.148145,4.55378,0.0547762,0.00400014,1.13659,-0.0358435,0.0218072,-0.0743616,0.120958,-0.414765,0.486694,0.693152,0.00115442],[0.0119157,-0.00335905,0.0572741,-0.00130029,0.0725357,0.0603123,-0.00180616,-0.00645255,0.00372809,0.00535591,0.0886941,0.005851,0.00725803,0.340751,0.0107206,0.00135941,0.212723,0.00176322,-0.0019701,-0.00966196,0.0149733,0.00619647,0.0672257,0.00115442,0.0170842]],"n":25,"lags":3}