{"betahat":[[0.44202,0.0620914,-1.42752,0.719559,0.667485,-0.113321,1.04685,0.618737,-0.438061,0.21735,-0.554219,7.33183,-0.00913444,-0.34165,6.94972,3.76188,0.417504,-0.0521273],[0.815903,-0.0409559,0.0871252,-0.0681337,0.148597,-0.282521,0.118209,-0.0448021,0.0587888,0.00717667,0.534185,2.94732,0.0698829,0.0257181,0.696994,0.269666,0.180811,0.0329934],[0.0580576,1.00016,0.300581,0.0917982,-0.183621,0.266139,-0.0762555,-0.0892452,-0.0174213,-0.100853,-0.0569422,0.380913,-0.0633492,-0.032312,0.207805,0.16981,-0.19828,-0.00028746],[0.00110713,0.00602436,0.901204,0.0505139,-0.0612548,0.022257,-0.0210772,-0.0277202,-0.0117656,-0.0132441,-0.0823836,-0.419867,0.0118355,0.0113383,0.0174411,-0.118997,-0.0115833,-0.010769],[-0.0333861,-0.109197,0.130546,1.21139,-0.437655,0.174806,0.0203145,-0.0076047,-0.0424092,0.0148129,-0.242794,1.16788,-0.0329298,-0.0285957,-0.343279,-0.217171,0.0780944,0.00366508],[-0.0270047,-0.0387898,0.00541203,-0.0246252,0.628438,-0.0325258,-0.0235627,0.0218479,-0.00539694,-0.0128181,-0.149838,-0.820179,-0.0149853,0.00428318,-0.38775,-0.12682,-0.0440613,-0.0140385],[0.0154051,0.0212646,0.0757292,-0.0106077,0.126392,0.774756,-0.00447629,-0.036689,-0.0016694,0.00811326,-0.0205735,-0.237482,0.00436791,0.0159924,-0.154603,-0.00272126,0.0286987,0.00688618],[-0.0151572,-0.0436333,0.0789743,0.0470593,-0.0573278,-0.485494,1.12417,0.0183822,0.0982871,-0.0682945,-0.067826,-1.83771,-0.0231028,0.0380971,-1.31577,-0.124686,-0.107755,-0.0183928],[-0.000155822,-0.0411567,0.132077,0.0157791,-0.0613695,-0.021633,0.0327839,0.874193,0.041579,0.0547938,-0.643786,-1.01685,-0.0235269,-0.00322042,-0.514981,-0.0205953,-0.425733,-0.0264609],[-0.0412947,-0.0911151,-0.0815297,-0.0197961,0.543647,0.160047,0.20212,-0.0225202,1.19789,0.00589123,0.436168,0.24812,0.0226775,0.0376045,-0.477745,0.0952968,0.154663,0.0575607],[0.00382735,0.067804,-0.0714208,0.104789,0.840466,-0.26446,0.030803,-0.197282,0.0868756,0.968277,1.19547,2.54032,-0.038177,-0.0464496,0.889317,0.591473,-0.120375,0.0857335],[-0.0219663,-0.0128884,0.0228361,-0.0176261,-0.096223,-0.0252521,-0.0233172,-0.0174685,-0.0190665,-0.0126451,1.06318,-0.221065,-0.00483467,0.0011633,-0.104141,0.000791095,-0.017813,-0.00260982],[0.00506845,0.000267201,1.72819e-05,-0.00447348,0.0266012,0.0106149,0.0043296,0.00464706,0.0028966,4.47364e-05,-0.00453106,0.973601,-0.000280366,0.00181714,-0.0298107,-0.0200758,-0.00437351,0.00116271],[0.139657,-0.105271,-0.503038,-0.0394371,0.6998,0.436085,-0.0858987,-0.421151,-0.0505553,-0.00388211,0.237282,-2.42683,1.07581,-0.00669114,1.06271,0.630241,-0.643255,0.129303],[-0.214573,-0.299407,0.00451171,-0.0664847,-2.04292,-1.4434,0.181262,0.205248,-0.000643789,0.0913061,-2.3038,-5.26168,-0.0703879,1.01094,-3.53577,-1.04156,-0.27463,-0.106234],[0.00557172,0.013112,0.0186439,0.00859756,0.0634466,0.0342753,-0.0132447,-0.00568626,-3.39455e-05,0.0037828,-0.0337229,-0.0184391,0.00968931,0.00761302,1.06727,0.0478176,-0.0050416,0.00497877],[0.0729465,0.0875092,0.344785,0.0988848,0.250766,0.515954,0.0151257,0.0695976,0.0172221,0.0362736,-0.134875,0.96532,0.00152467,-0.019058,0.16472,0.530615,0.16482,0.0234813],[0.0964302,0.0313755,0.187916,0.111464,0.000658485,0.242727,0.111375,0.10858,0.0605314,0.0281472,0.208724,1.8886,0.0249925,-0.00329071,0.369854,0.176727,0.588348,0.0211637],[-0.0325182,-0.132417,0.0461188,0.183648,0.0685101,0.201569,0.143439,0.0823863,0.393666,0.0171905,-2.65391,0.155461,-0.153522,-0.173998,1.95705,-0.991394,0.0420082,1.10828],[0.194417,0.105704,0.18559,0.0619207,0.153133,0.345252,-0.0691382,-0.034009,-0.0365123,-0.0309364,-0.366009,-2.056,-0.0618707,-0.0283708,-0.495353,0.0514099,-0.161074,-0.0255641],[0.0272383,0.0699056,-0.0605561,-0.1198,0.348612,0.0414161,0.0509528,0.0744535,0.0334173,0.0858261,-0.0948348,-0.0700915,0.0559967,0.0226797,0.0569531,-0.0129089,0.171374,0.00881907],[0.00864218,0.0123368,0.109131,-0.0108005,0.0674988,0.00661852,0.0102057,0.00158623,0.00340439,0.01693,0.0861511,0.160812,-0.00441516,-0.000330102,-0.171341,0.0821352,-0.0138942,0.00465095],[0.103062,0.0847427,-0.0013426,-0.142035,0.728938,-0.0538365,0.0362641,-0.0137939,0.0175155,0.0282432,-0.0469371,0.382493,0.0272998,0.00479916,0.382673,0.185849,-0.0568319,-0.00258209],[0.00749732,0.0294566,-0.0418326,0.00740997,0.181599,-0.0208163,0.0118029,-0.00406289,0.00399117,0.0138071,0.0466104,0.42329,0.0108228,0.00347291,0.290769,0.0836382,0.0514676,0.00775563],[-0.0138707,-0.00110099,-0.0245052,-0.0046948,-0.0504195,0.198174,-0.00349613,0.0193886,-0.00169332,0.00139954,0.00309732,-0.162189,0.00244021,-0.00433179,0.0591054,-0.0304663,-0.0343778,-0.00114067],[-0.0117276,-0.0305537,0.0371968,-0.0221451,-0.0845511,0.355579,-0.1009,0.0137282,-0.0549226,0.0345872,-0.0708477,-0.0953711,-0.000528157,-0.0539562,0.949385,0.0243936,-0.0365004,0.00573337],[-0.000762973,0.0964321,-0.105911,-0.0413676,0.216215,0.211151,-0.0658568,-0.121995,-0.0633252,-0.0609152,0.827228,0.533987,0.0267714,0.0127792,0.343112,-0.0594123,0.277132,0.0182216],[0.0522869,0.0914329,0.219816,0.0506308,-0.129371,-0.0960217,-0.156244,-0.047476,-0.16242,-0.00842563,-0.185022,-0.205517,-0.00961687,-0.0275045,0.684074,-0.107818,-0.210857,-0.0237656],[-0.127583,-0.0332724,0.083839,-0.120129,-0.78976,0.260734,-0.0546083,0.218821,-0.0196535,-0.127214,-0.945996,-5.21437,-0.0530258,0.00857073,-1.79319,-0.630756,-0.0419676,-0.108174],[0.0193982,0.0109766,-0.0287454,0.00500826,0.098373,0.0542995,0.0135007,0.00506736,0.0137519,0.0157791,-0.0793873,0.124461,0.00405707,-0.00235315,0.126509,-0.0165465,0.0167943,0.00123287],[-0.000848201,0.00170975,0.00519146,0.00199201,-0.0125103,0.00562772,-0.00622608,-0.00415309,-0.00196802,-0.00129009,-0.00938519,-0.0207048,0.000115066,2.05951e-05,-0.00595407,0.0149108,-0.000202134,-0.00190724],[0.0586002,0.336075,0.357405,-0.0552679,0.166682,0.456469,0.0376858,0.18136,0.137267,0.033644,-0.949049,-0.258407,-0.0867212,-0.0134212,-0.847501,-0.286728,0.291867,-0.0994771],[0.217061,0.152005,0.357502,0.128526,1.76703,1.3265,-0.00665816,-0.112852,0.033114,0.0455756,1.0825,4.32526,0.045253,0.0124645,2.72051,1.1126,0.231694,0.112488],[-0.00539424,-0.00799334,-0.0219013,-0.00635577,-0.0516302,-0.0478057,0.00381861,0.000189486,0.00161518,-0.00559945,-0.0393383,-0.140604,-0.0126035,-0.00393997,-0.108278,-0.0583458,-0.00418353,-0.00684854],[0.0381171,0.0704327,-0.0066839,-0.0621005,0.0635236,0.133566,-0.00518454,-0.0405433,0.0260019,-0.0155724,0.138878,0.273518,-0.00119435,0.01515,-0.092633,0.00478095,0.0255105,0.00316137],[-0.0905283,-0.0742917,0.0457077,-0.0682441,0.0272809,0.144476,-0.0578458,-0.106703,0.00372787,0.0253121,-0.249685,-0.655503,0.0190303,0.0400574,-0.446914,-0.102601,0.0636734,0.0211407],[0.0925457,0.106747,-0.26606,0.0537175,-0.0800744,-0.752376,-0.11194,0.0499554,-0.22309,0.00351965,1.48724,-0.219124,0.0671062,0.141379,-1.04484,0.833436,-0.157343,-0.0869134],[-0.0103361,-0.0647654,-0.272764,0.00620242,-0.301762,-0.0628159,-0.0490681,0.0788065,-0.022273,0.0237697,-0.168233,-0.891401,-0.00801072,0.00265423,-0.201642,-0.321108,-0.0197327,-0.00742775],[-0.0853164,-0.0700839,-0.24009,0.027989,-0.165033,-0.307662,0.0253091,0.0147898,-0.0159908,0.015038,0.151703,-0.310861,0.00735418,0.00963425,-0.264748,-0.15695,0.0269192,-0.00852929],[-0.00978023,-0.0184063,-0.0104776,-0.0397302,-0.00636015,-0.0290994,0.0109068,0.0261291,0.00837022,-0.00365768,-0.00401352,0.258781,-0.00742257,-0.0110026,0.153684,0.0367704,0.0254425,0.00611591],[-0.069698,0.0244318,-0.129278,-0.0693884,-0.291311,-0.121076,-0.0565749,0.0213942,0.024899,-0.0430453,0.289677,-1.55049,0.00563358,0.0237986,-0.0394002,0.031266,-0.0212579,-0.00108145],[0.0194858,0.00930855,0.0363782,0.0172076,0.189862,0.053215,0.0117617,-0.0177878,0.00141141,-0.000976075,0.103163,0.396767,0.00416582,-0.00774957,0.0969302,0.0431475,-0.00740456,0.00628369],[-0.00156639,-0.0202061,-0.0513278,0.0152788,-0.0760767,0.0268087,0.00798994,0.0172985,0.00337719,-0.00949152,0.0172854,0.399481,-0.0068057,-0.0116535,0.095423,0.0330918,0.0056724,-0.00574194],[0.0263126,0.0738593,-0.11808,-0.0255371,0.140863,0.128814,-0.0233301,-0.0320186,-0.0433167,0.0337491,0.13824,1.93131,0.0236913,0.0158999,0.366438,0.0987854,0.144532,0.0126976],[-0.00366762,-0.0519445,-0.0299905,0.0213539,-0.147829,-0.176174,0.0267457,0.239743,0.0201588,0.00454161,-0.123807,0.572025,0.000922043,-0.00770143,0.217272,0.0739816,0.170705,0.00928705],[-0.0208756,-0.0123386,-0.100621,-0.0133586,-0.459667,-0.0955815,-0.0588581,0.0662811,-0.0532949,0.0028639,-0.16362,-0.114904,-0.0137814,-0.00595872,-0.313115,-0.00109756,0.0446797,-0.0395987],[0.113149,-0.0295407,-0.037319,-0.00142527,-0.0576384,0.00402063,0.00800186,-0.0186455,-0.071339,0.134152,0.0277365,2.77167,0.0927112,0.0328817,0.953036,0.0176177,0.173629,0.0220852],[0.00286276,0.00221505,0.00677393,0.0129479,-0.00159525,-0.028334,0.0097168,0.0123436,0.00521551,-0.00318543,0.0152897,0.0969979,0.000690878,0.00111572,-0.0220015,0.0164592,0.000892232,0.00136568],[-0.00434131,-0.00199614,-0.00623889,0.0018994,-0.0140566,-0.0155356,0.00227575,-0.000430968,-0.00105783,0.00124798,0.00958996,0.0308981,9.63271e-05,-0.0016007,0.0317769,0.00323714,0.00464459,0.000698071],[-0.121242,-0.118087,0.174843,0.106609,-0.778637,-0.770579,-0.000626962,0.229874,-0.0807951,-0.061418,1.00048,2.57979,-0.0144714,-0.0131477,0.0217391,-0.159611,0.275779,-0.0187501],[0.0168765,0.162467,-0.348358,-0.0449241,0.246989,0.125014,-0.161986,-0.0971387,-0.0389807,-0.140124,1.33438,0.902179,0.0228999,-0.0429203,0.854036,-0.0468399,0.0118514,-0.00792164],[-0.000658431,-0.00532382,0.00205068,-0.00287755,-0.0126267,0.0124264,0.00956714,0.00563429,-0.0013842,0.00197046,0.071584,0.159904,0.00298849,-0.00341632,0.0388371,0.009262,0.00998357,0.00184914],[0.0161005,0.0210923,0.0395819,0.00646161,0.0652329,0.0520682,0.0200559,-0.0216469,0.0105015,0.00302856,0.0634699,-0.343036,-0.0001076,0.0103116,-0.267088,0.0305854,-0.040633,-0.0030862],[0.0223704,0.025067,0.179438,-0.00607532,0.0995445,0.0195678,-0.029879,-0.0613544,-0.024773,-0.0173899,-0.181128,-0.399751,-0.0027384,0.0159205,-0.300136,0.0338173,0.0288494,0.00524163],[-0.0640054,-0.010329,0.391533,-0.215816,-0.309422,0.0988673,-0.0124747,-0.165501,-0.140127,-0.0406472,0.66211,-1.45675,0.0595737,0.0610857,-1.23993,-0.0627652,-0.0301948,-0.072268]],"sigmahat":[[0.214176,0.143576,0.318479,0.0406754,0.590816,0.562536,-0.0450202,-0.0511363,0.0269424,-0.0089153,0.00866657,-0.16973,-0.00303212,-0.00947455,0.277395,0.201223,-0.107151,0.022092],[0.143576,0.369143,0.0480585,-0.0312706,0.440487,0.627225,-0.0942014,-0.0639088,0.0119756,-0.0502275,0.347184,-0.271596,0.0106763,-0.00389773,0.145027,0.171107,-0.040523,0.012734],[0.318479,0.0480585,3.51487,0.113045,0.870266,1.61814,-0.215564,-0.344096,0.0886566,-0.0621236,-1.01441,-2.60187,0.00918857,0.0762961,-0.445727,0.313116,-0.438032,0.0596112],[0.0406754,-0.0312706,0.113045,0.429012,-0.154705,-0.198877,0.032197,-0.0344279,-0.0100998,0.00197469,0.0812482,1.06391,-0.0464389,-0.0268271,-0.01158,0.0822535,-0.020016,-0.00636267],[0.590816,0.440487,0.870266,-0.154705,5.92878,2.8192,0.024598,-0.292613,0.101861,0.101256,-0.695648,2.76848,0.0780667,0.0244103,1.3726,0.781825,0.0081489,0.133363],[0.562536,0.627225,1.61814,-0.198877,2.8192,7.01127,-0.0544527,-0.115526,0.106016,-0.0517497,0.215256,-0.180294,0.0442685,-0.0183995,0.788685,0.700318,-0.108236,0.0989876],[-0.0450202,-0.0942014,-0.215564,0.032197,0.024598,-0.0544527,0.306442,0.0850499,0.0544841,0.0765789,-0.273544,1.98847,0.00366529,-0.0012461,-0.185004,-0.0207097,0.198742,-0.0101044],[-0.0511363,-0.0639088,-0.344096,-0.0344279,-0.292613,-0.115526,0.0850499,0.480021,0.0290749,-0.00789533,-0.1056,-0.618885,-0.0366269,-0.0529632,-0.0871596,-0.184722,0.133476,-0.0129329],[0.0269424,0.0119756,0.0886566,-0.0100998,0.101861,0.106016,0.0544841,0.0290749,0.0929229,0.0135063,-0.173865,-0.239097,-0.00119316,-0.000775932,-0.133694,-0.0328515,-0.0467426,0.00724343],[-0.0089153,-0.0502275,-0.0621236,0.00197469,0.101256,-0.0517497,0.0765789,-0.00789533,0.0135063,0.129857,-0.506156,0.973061,0.0349865,0.0326993,-0.152842,-0.0327626,0.110715,0.0103291],[0.00866657,0.347184,-1.01441,0.0812482,-0.695648,0.215256,-0.273544,-0.1056,-0.173865,-0.506156,12.322,13.2787,0.272285,-0.157582,6.68056,1.6309,0.635516,0.156588],[-0.16973,-0.271596,-2.60187,1.06391,2.76848,-0.180294,1.98847,-0.618885,-0.239097,0.973061,13.2787,122.068,1.19468,-0.187414,25.2594,6.33481,6.71353,0.474189],[-0.00303212,0.0106763,0.00918857,-0.0464389,0.0780667,0.0442685,0.00366529,-0.0366269,-0.00119316,0.0349865,0.272285,1.19468,0.0706535,0.0415621,0.281275,0.0971294,0.0880052,0.018319],[-0.00947455,-0.00389773,0.0762961,-0.0268271,0.0244103,-0.0183995,-0.0012461,-0.0529632,-0.000775932,0.0326993,-0.157582,-0.187414,0.0415621,0.0806296,-0.573283,-0.0458909,0.0399332,0.0025961],[0.277395,0.145027,-0.445727,-0.01158,1.3726,0.788685,-0.185004,-0.0871596,-0.133694,-0.152842,6.68056,25.2594,0.281275,-0.573283,19.6694,3.59501,1.26185,0.322091],[0.201223,0.171107,0.313116,0.0822535,0.781825,0.700318,-0.0207097,-0.184722,-0.0328515,-0.0327626,1.6309,6.33481,0.0971294,-0.0458909,3.59501,2.78026,-0.0183942,0.0984947],[-0.107151,-0.040523,-0.438032,-0.020016,0.0081489,-0.108236,0.198742,0.133476,-0.0467426,0.110715,0.635516,6.71353,0.0880052,0.0399332,1.26185,-0.0183942,1.34911,0.000936827],[0.022092,0.012734,0.0596112,-0.00636267,0.133363,0.0989876,-0.0101044,-0.0129329,0.00724343,0.0103291,0.156588,0.474189,0.018319,0.0025961,0.322091,0.0984947,0.000936827,0.0299199]],"n":18,"lags":3}