{"betahat":[[3.46736,1.33633,14.1952,3.91873,14.6567,16.6667,1.70004,1.78555,1.41797,0.617814,-6.62717,1.65061,12.8898,-1.51657,-0.547021,-0.910814,15.0336,2.81896,-3.65918,0.562093],[0.738743,-0.105265,0.0171106,-0.100568,0.165018,-0.212589,0.135886,-0.0239769,0.0626945,0.0344745,0.588711,0.0521049,-0.16344,3.12791,0.0972066,0.0555543,0.453681,0.0881654,0.261224,0.0414201],[0.0128413,0.975551,0.27721,0.0816925,-0.172517,0.280707,-0.0572089,-0.0890679,-0.0337137,-0.0949966,0.00920197,-0.0298761,0.00865834,-0.364151,-0.0582414,-0.0134332,-0.189601,-0.118243,-0.140021,-0.00905175],[-0.000561032,0.0150573,0.84788,0.0233931,-0.00462541,0.11105,-0.0101187,-0.0175539,0.0120011,-0.021563,0.00392336,0.0155538,0.0970117,0.112136,0.0216234,0.014219,0.157933,0.0687436,0.0535955,0.00178376],[-0.026908,-0.046709,-0.000874672,1.15874,-0.276473,0.345636,0.0153605,0.00987093,-0.0164609,0.00139494,-0.0536764,-0.0222494,0.025081,1.77771,-0.0242568,-0.0302087,-0.156159,-0.149448,0.208037,0.0234385],[-0.0155932,-0.0253689,0.0241262,-0.0211961,0.648812,-0.0145759,-0.0265792,0.0161952,-0.00531156,-0.00985193,-0.181894,-0.00855905,0.0629063,-0.867408,-0.0165412,0.00197271,-0.402952,-0.173175,-0.05583,-0.0128965],[0.0184346,0.020234,0.0843607,-0.0141111,0.108981,0.770011,0.00151991,-0.0326301,0.00879239,0.000754669,0.0186805,0.00855204,0.0299934,0.0430669,0.0047611,0.0160593,-0.105048,0.11256,0.0290133,0.00592],[-0.0223261,-0.0702566,-0.00449275,0.00308337,-0.0370189,-0.488721,1.00722,0.0246985,0.0459386,-0.0693967,-0.0161914,0.0476894,0.0963091,-1.0074,-0.0265264,0.013064,-0.885411,-0.199427,0.0274346,-0.0163219],[-0.00748647,-0.0129021,0.097787,-0.00365504,-0.0788991,0.0422162,0.0103797,0.84771,0.0223399,0.0372923,-0.423711,0.0144855,-0.000866297,-0.491366,-0.0114303,-0.00702807,-0.170083,0.0252573,-0.319116,-0.0287868],[0.00856964,0.0269943,-0.132601,0.0388706,0.315584,-0.0169107,0.0926495,-0.067178,1.03238,0.0104482,0.37914,0.00384259,-0.224934,-2.17765,0.0131181,0.054413,-0.82304,0.31698,-0.0446313,0.0110813],[0.0226612,0.0951977,0.0161956,0.0486467,1.04807,-0.0158713,0.0239924,-0.151114,0.103034,0.896563,1.25488,0.119709,-0.153478,3.06384,-0.0527006,-0.0819511,1.06381,0.362213,0.0256509,0.0929204],[-0.0197923,-0.0139626,0.00428918,-0.0206601,-0.0847904,-0.0328698,-0.00672733,-0.00849514,-0.00927861,-0.00990994,0.955571,-0.00810513,0.0160708,-0.248324,-0.00520493,0.00218366,-0.0880602,0.0538305,-0.00661555,-0.00202233],[-0.042278,-0.0317875,-0.0955692,0.036403,0.133784,-0.000799436,0.174055,0.0224216,0.141745,-0.00486136,0.869759,1.08157,-0.284074,-1.16271,0.0203842,0.0545427,-0.781769,0.153009,0.0994113,-0.000818144],[0.0279977,0.0179133,-0.000817769,-0.00910075,-0.0261256,-0.0472869,-0.0490468,-0.0208263,-0.00417337,-0.0155736,0.162734,-0.00511673,1.35522,0.0949907,0.00243576,-0.0131091,0.261632,0.127933,-0.0317253,-0.0077852],[0.00446649,0.000942997,-0.00311918,-0.00513274,0.017105,0.00843478,0.00408129,0.00278061,0.00198947,-0.000981994,-0.000695489,0.00204064,-0.00853435,0.882789,3.28767e-05,0.00259111,-0.0320443,-0.00695701,-0.00305552,-7.65658e-05],[0.180104,0.0501621,-0.727296,-0.0984053,1.09149,0.759506,-0.129018,-0.31475,-0.00315531,-0.00376364,0.0926291,0.00355846,0.662407,-2.33834,1.05554,0.00395142,1.26053,0.951839,-0.544288,0.182722],[-0.27992,-0.346046,-0.36447,-0.0148153,-2.37087,-1.66157,0.281403,0.257044,-0.0519862,0.0207625,-0.841591,-0.0584872,-0.396488,-3.09677,-0.0423995,0.918318,-2.66668,0.0683422,-0.183996,-0.123058],[-0.00127685,0.0057104,0.0105914,0.0156071,0.0531178,0.0422202,-0.009466,0.00769679,-0.00789358,0.00557956,-0.0122558,-0.00763833,0.00759423,0.00146849,0.00773863,0.00346228,1.03634,0.0489317,0.0134225,0.00474108],[0.0351002,0.0754626,0.136448,0.0394605,0.0911106,0.189695,0.0123543,0.0250991,0.0245446,-0.00409163,0.26938,0.0235285,-0.0116039,1.13114,0.0149217,-0.00286022,0.286502,0.533115,0.069022,0.00947253],[0.114913,0.00143361,0.274287,0.13147,-0.0169997,0.134732,0.119377,0.0861195,0.0568699,0.0529103,0.00216036,0.0740151,-0.280843,1.51911,0.00972942,-0.000603607,0.03536,-0.212625,0.395175,0.0182497],[0.0812203,-0.140491,0.988119,0.331983,-0.0620987,0.146541,0.0593984,-0.0846292,0.389728,0.0478693,-2.98092,0.397038,-0.281307,-0.0604411,-0.132911,-0.103626,1.93969,-0.685911,-0.104144,1.03855],[0.210631,0.124717,0.148858,0.0439447,0.0716527,0.27772,-0.0777026,-0.0553872,-0.0354929,-0.0503224,-0.375837,-0.0223719,0.126664,-1.92453,-0.0732493,-0.03414,-0.41769,0.0796188,-0.160517,-0.0319614],[0.0422659,0.0650266,-0.0563074,-0.121718,0.314728,-0.00282823,0.0318527,0.0680865,0.0292794,0.0794648,-0.0608864,0.022299,0.00358434,0.234697,0.0546057,0.0147036,0.28596,0.0853437,0.151994,0.0131299],[-0.00541411,-0.000213666,0.069097,-0.0107984,-0.011757,-0.115111,0.0135012,-0.00225945,-0.00617825,0.0192584,0.0593188,-0.0097262,-0.0510747,-0.249724,-0.0108062,-0.000305529,-0.279096,-0.0941502,-0.0476645,-0.00473282],[0.0830227,0.0543288,-0.0377681,-0.144723,0.612396,-0.191944,0.0391642,-0.0248641,0.00309804,0.0274682,0.00719788,0.00946687,-0.0073992,-0.0518876,0.0255135,0.00671913,0.269035,0.0543979,-0.126324,-0.0106858],[0.000588312,0.0225411,-0.0570128,0.00270857,0.167598,-0.0314695,0.0147099,-0.00154311,0.00438054,0.0119899,0.075158,0.00604525,-0.0337897,0.449551,0.011638,0.00574386,0.284257,0.0919338,0.0573451,0.00637327],[-0.0219948,-0.00757351,-0.0434023,-0.00252024,-0.0666622,0.175341,-0.00157086,0.0222546,-0.00675888,0.0051592,-0.022423,-0.00546933,-0.00210819,-0.302109,0.00135531,-0.00449496,0.0233591,-0.0763436,-0.0249737,-0.00164842],[0.0187007,0.0203171,0.110706,-0.00811998,0.0477332,0.449827,-0.049228,0.00859199,0.00716509,0.0215754,-0.0192922,0.00812806,0.000770841,0.349317,0.0056759,-0.0485531,1.02101,0.167005,-0.0911812,0.018589],[0.014778,0.0913768,-0.0195714,-0.0117451,0.231697,0.205916,-0.0604458,-0.148107,-0.0585433,-0.0467923,0.798489,-0.0574097,0.0790428,0.413,0.0290941,0.0177276,0.290931,-0.0750697,0.223761,0.0213485],[-0.0280115,-0.0717097,0.234575,0.0415268,-0.240181,-0.0980902,-0.101445,0.0395412,-0.113302,0.00131394,-0.323351,-0.0920163,0.114142,1.27141,-0.0201676,-0.061675,0.750254,-0.225711,-0.0511389,-0.00269655],[-0.0822587,0.0298893,0.120909,-0.12113,-0.682891,0.362906,-0.0986629,0.200583,-0.0201991,-0.163558,-0.174277,-0.0344308,0.360285,-4.54159,-0.0441575,0.0134892,-1.70514,-0.61357,-0.174358,-0.101076],[0.0195234,0.0135792,-0.0139482,0.00660187,0.0936286,0.0540275,0.00520998,0.000988501,0.00772421,0.0135696,-0.0502271,0.00639006,-0.0144452,0.115899,0.00245794,-0.00228308,0.0930372,-0.0598473,0.00859647,0.000419656],[0.0181555,-0.0138986,0.171092,0.0278867,-0.0174135,-0.0578778,-0.156393,-0.0584978,-0.180024,0.0131235,-0.787798,-0.136887,0.154653,0.701856,-0.0265775,-0.0484763,0.574556,-0.00563764,-0.140456,0.000720475],[-0.00737368,-0.0107433,0.0377829,0.0159076,0.0642062,0.0251272,0.0196538,-0.00244951,-0.00941994,0.0121468,-0.12638,-0.00936448,-0.198192,0.215072,-0.00366418,0.0107558,-0.178882,-0.05526,0.0296434,0.00597512],[-0.00308154,-0.00034512,-0.00539406,-0.000570551,-0.0142242,-0.00228718,-0.00466475,-0.00277432,-0.00287676,-0.00180159,-0.00506469,-0.00295391,0.00406631,0.0377508,0.000141831,-0.000181326,-0.000903829,0.0239889,0.00403266,-0.00166921],[0.0933909,0.336072,0.499603,-0.0287771,0.205754,0.769105,0.00819049,0.160803,0.103334,0.0474594,-1.18221,0.123012,-0.195118,-0.191025,-0.118494,-0.0434356,-0.87732,-0.415687,0.30015,-0.0775614],[0.153908,0.0286687,0.30614,0.101362,1.45593,1.00195,0.0228212,-0.111601,0.0603925,0.051148,0.66719,0.079191,0.0959033,3.67399,0.044808,0.016198,2.5621,1.07002,0.158687,0.0966998],[-0.00035821,-0.00126753,-0.0167062,-0.00935417,-0.0414405,-0.0452807,0.00167748,-0.00794574,0.00453105,-0.00574045,-0.0457198,0.0033146,-0.00453924,-0.12172,-0.0108444,-0.00123071,-0.0971439,-0.0524251,-0.0119636,-0.00642083],[-0.00950493,-0.0223373,0.00473759,-0.012453,-0.118879,-0.0746101,-0.00101684,-0.00462763,-0.0042041,0.00310915,-0.125676,-0.0025451,0.00522796,-0.495303,-0.0114553,-0.00289231,-0.170328,-0.0388307,-0.00563679,-0.00592869],[-0.068679,-0.0752869,0.168598,-0.0200791,0.0746458,0.186288,-0.0657827,-0.106304,-0.00229343,0.0436287,-0.448608,-0.0063186,0.0386011,-0.837828,0.0152738,0.0332161,-0.546724,-0.110804,-0.0253752,0.0236879],[-0.0733608,-0.0798902,-0.872302,-0.0587413,-0.437805,-1.42958,0.0639501,0.143374,-0.185439,-0.0359328,1.27398,-0.18334,-0.0130018,1.03052,0.0628926,0.103781,-0.552519,0.965809,-0.0718564,-0.0963761],[0.0505109,-0.0195619,-0.166558,0.056645,-0.237181,-0.0660357,-0.0581518,0.0793377,-0.0272014,0.015866,-0.212908,-0.0297334,0.0363947,-1.20285,-0.0239943,-0.0214571,-0.0358761,-0.167707,-0.100743,-0.00945525],[-0.0552749,-0.0407415,-0.221553,0.0400138,-0.142968,-0.278663,0.0254614,0.0210183,0.00445439,0.0155525,0.0518861,0.00759968,-0.0127506,0.130887,0.003621,-0.00132013,-0.0960032,0.0328388,-0.0118814,-0.00409333],[0.00583044,-0.0151547,0.0814149,-0.0126653,0.0156574,0.00237139,-0.00322724,0.0196969,-0.00582935,0.00233506,-0.0632999,-0.00582055,-0.0469219,0.137896,-0.0108605,-0.0139421,0.120349,0.0255557,-0.0063537,0.00291991],[-0.0561947,-0.00768106,0.0380611,-0.0142765,-0.336152,-0.154163,-0.0545287,0.0150336,0.0133948,-0.0288314,0.0460339,0.0128207,-0.0180322,-1.72559,-0.00125786,0.0234534,-0.112616,0.0949796,-0.0817728,-0.0127479],[0.0148024,0.0026043,0.0323832,0.0183702,0.182214,0.0450618,0.0119411,-0.0145349,0.000987144,-0.00211342,0.106876,0.00256131,-0.0295351,0.418913,0.00493419,-0.00769399,0.118193,0.081314,-0.00152521,0.00651712],[0.00336666,-0.0129148,-0.0419819,0.0166409,-0.0432715,0.0523603,9.89006e-05,0.0102316,-0.00200716,-0.00584231,0.00369898,-0.00305403,-0.0285653,0.259992,-0.00610385,-0.0115524,0.0820217,-0.0363023,-0.00416228,-0.00423598],[0.00135116,0.0481631,-0.120051,0.00221736,-0.0192643,0.0256913,0.0403925,-0.0336684,-0.0533532,0.0481475,0.0340045,-0.0561914,-0.10207,0.64562,0.0208881,0.0349758,-0.130563,0.0288862,0.0610981,-0.00214481],[-0.0107408,-0.0482529,-0.0217529,0.0206884,-0.0963548,-0.112599,0.0179078,0.228974,0.0138497,0.0183657,-0.206659,0.0177865,0.00843557,0.430675,0.00715923,0.000567496,0.16373,0.0608319,0.221773,0.0131153],[-0.00950867,0.0234478,-0.0448077,-0.0489024,-0.231624,0.00882284,-0.0531322,-0.0102856,0.0024603,0.000779206,0.0789984,0.00206037,0.0930904,-0.211565,0.00577655,0.0381661,-0.488092,-0.323465,0.0470759,-0.0332325],[-0.00294287,-0.12246,-0.401308,-0.0402611,-0.438189,-0.412287,0.080061,0.0932271,-0.0648025,0.10206,0.276629,-0.0715073,-0.075672,2.79473,0.086599,0.0298585,0.703267,0.33842,0.222746,0.00630258],[0.00173353,0.00267683,0.0168353,0.0160689,-0.00477035,-0.0145808,0.000615235,0.0068785,0.000322044,-0.00420438,0.0845975,0.000463926,0.000766782,0.131337,0.00219331,0.000160752,-0.00860376,0.00650664,-0.00126631,0.00143647],[-0.00735367,0.00952342,0.000348255,-0.028809,-0.257515,-0.0468982,-0.0625164,-0.00301573,-0.0176976,0.0138656,0.0942202,-0.0117041,0.0929262,-0.422354,0.0115444,0.0249231,-0.307112,-0.380349,-0.00752598,-0.0210698],[-0.0211995,-0.00713705,-0.0430696,-0.0077062,-0.0444169,0.0135707,0.0317851,0.023923,0.0141003,0.00464398,-0.035076,0.0151328,-0.166705,-0.235789,0.00223556,0.00314537,-0.082332,-0.0655493,0.00844077,0.00186347],[-0.00183722,3.21096e-06,0.00299087,0.0024542,-0.00556557,-0.0054309,-0.00147745,-0.00196629,-0.0018746,0.00115504,0.00445658,-0.00217016,-0.00186438,-0.0269397,-0.000382147,-0.00131556,0.0154521,-0.020559,-0.00174625,0.000874281],[0.0301029,0.0821158,0.2497,0.0813784,-0.286744,-0.199219,-0.0846192,0.14412,-0.0353742,-0.0480436,1.07161,-0.0478864,-0.195744,2.73282,-0.0126724,-0.0431644,0.404079,-0.520604,0.209012,0.0258298],[0.0556423,0.176828,-0.306933,-0.056888,0.465232,0.159606,-0.110833,-0.106091,-0.00524641,-0.0708195,0.594659,-0.023117,0.138281,0.6794,0.0216925,-0.0311312,0.677901,-0.296278,0.0284648,0.0110323],[5.20412e-05,-0.00520864,0.00155131,-0.00857787,-0.0143629,-0.000150327,0.00880005,0.00200435,0.00437085,0.00107097,0.0470754,0.00542821,-0.00984155,0.113077,0.00306365,-0.00104711,0.0383353,-0.00262948,0.00128829,0.00134379],[0.0258105,0.039328,0.0447687,-0.00543446,0.111522,0.10025,-0.00200429,-0.0190057,0.00258779,0.00572994,-0.0649147,0.0027941,-0.00524071,-0.284368,-0.000777411,0.00337987,-0.183147,-0.0815743,-0.00731351,-0.0012463],[0.011586,0.000618639,0.176981,0.00634433,0.0658316,-0.034039,-0.0180295,-0.0530389,-0.0223068,5.56318e-05,-0.27389,-0.0256498,0.00939681,-0.306815,-0.00293133,0.0159674,-0.333359,-0.124913,-0.0244202,0.00816734],[-0.0329767,0.00710879,0.434421,-0.203157,-0.182085,0.000330919,0.0301298,-0.134184,-0.0644758,-0.0495491,0.213663,-0.0601385,0.218943,-2.05324,0.0465654,0.0595257,-1.17979,-0.280044,-0.117931,-0.0657929]],"sigmahat":[[0.168544,0.097327,0.223526,0.0140586,0.505156,0.459148,-0.0327124,-0.0394192,0.00499354,0.00824334,-0.0955955,0.0119512,0.0559298,-0.412333,-0.00466451,0.000684472,0.120983,-0.109732,-0.0489539,0.0153999],[0.097327,0.290046,-0.0329339,-0.0499166,0.303542,0.422638,-0.0750095,-0.0506165,-0.0121112,-0.0268979,0.0834342,-0.0133926,0.092958,-0.797849,2.31886e-05,0.00716948,-0.108105,-0.220194,-0.0286675,-6.6666e-05],[0.223526,-0.0329339,2.9966,0.0480367,0.799117,1.56404,-0.137017,-0.204164,0.0134232,-0.00767219,-1.3467,0.021077,0.267809,-2.46168,-0.00802938,0.0505344,-0.352815,-0.310342,-0.128331,0.058335],[0.0140586,-0.0499166,0.0480367,0.393026,-0.165636,-0.227076,0.031629,-0.00933516,-0.016171,0.00829474,-0.0470457,-0.0182907,-0.0898507,0.739177,-0.0472616,-0.0269998,-0.0405178,-0.111964,0.0317252,-0.00373845],[0.505156,0.303542,0.799117,-0.165636,5.48939,2.55947,0.0935682,-0.232102,0.083515,0.151138,-1.03248,0.126057,-0.0119508,2.33369,0.065812,0.0386883,0.950831,0.316935,0.0633284,0.111371],[0.459148,0.422638,1.56404,-0.227076,2.55947,6.8003,0.0523081,-0.0113227,0.0793011,0.00277063,-0.433998,0.117793,0.0150268,0.913443,0.0362627,-0.00430606,0.734967,0.910111,0.134486,0.0824373],[-0.0327124,-0.0750095,-0.137017,0.031629,0.0935682,0.0523081,0.256191,0.0615246,0.0709463,0.0497376,0.0570589,0.0755243,-0.314658,2.61504,0.0146713,-0.00183545,0.00942771,0.269032,0.176772,-0.00110743],[-0.0394192,-0.0506165,-0.204164,-0.00933516,-0.232102,-0.0113227,0.0615246,0.446707,0.033955,-0.0115306,-0.0501192,0.0340605,-0.107933,-0.290375,-0.0279068,-0.0496289,-0.0251761,-0.0541874,0.131148,-0.00735103],[0.00499354,-0.0121112,0.0134232,-0.016171,0.083515,0.0793011,0.0709463,0.033955,0.0801623,0.010035,-0.0153539,0.0807467,-0.0716489,0.407446,0.00152,-0.0033542,-0.00138937,0.0102905,0.0015532,0.00674794],[0.00824334,-0.0268979,-0.00767219,0.00829474,0.151138,0.00277063,0.0497376,-0.0115306,0.010035,0.120112,-0.477473,0.0145833,-0.103729,0.470732,0.0289601,0.0275632,-0.203543,-0.104922,0.091079,0.0103152],[-0.0955955,0.0834342,-1.3467,-0.0470457,-1.03248,-0.433998,0.0570589,-0.0501192,-0.0153539,-0.477473,10.7511,-0.0560792,0.128268,16.4453,0.276446,-0.098791,6.97909,2.61393,0.603815,0.137298],[0.0119512,-0.0133926,0.021077,-0.0182907,0.126057,0.117793,0.0755243,0.0340605,0.0807467,0.0145833,-0.0560792,0.0915582,-0.0716578,0.479798,0.00371384,-0.00248473,0.015137,0.0592783,0.00148186,0.00984348],[0.0559298,0.092958,0.267809,-0.0898507,-0.0119508,0.0150268,-0.314658,-0.107933,-0.0716489,-0.103729,0.128268,-0.0716578,0.85643,-4.25999,0.000935776,0.00596806,0.228715,-0.214448,-0.296965,0.00216908],[-0.412333,-0.797849,-2.46168,0.739177,2.33369,0.913443,2.61504,-0.290375,0.407446,0.470732,16.4453,0.479798,-4.25999,143.757,1.38601,-0.149521,28.7614,14.488,7.27386,0.567981],[-0.00466451,2.31886e-05,-0.00802938,-0.0472616,0.065812,0.0362627,0.0146713,-0.0279068,0.00152,0.0289601,0.276446,0.00371384,0.000935776,1.38601,0.0662817,0.0361816,0.328024,0.217081,0.092767,0.0163958],[0.000684472,0.00716948,0.0505344,-0.0269998,0.0386883,-0.00430606,-0.00183545,-0.0496289,-0.0033542,0.0275632,-0.098791,-0.00248473,0.00596806,-0.149521,0.0361816,0.0676144,-0.477885,-0.0134249,0.0369653,0.00201755],[0.120983,-0.108105,-0.352815,-0.0405178,0.950831,0.734967,0.00942771,-0.0251761,-0.00138937,-0.203543,6.97909,0.015137,0.228715,28.7614,0.328024,-0.477885,18.5863,4.8404,1.24099,0.311459],[-0.109732,-0.220194,-0.310342,-0.111964,0.316935,0.910111,0.269032,-0.0541874,0.0102905,-0.104922,2.61393,0.0592783,-0.214448,14.488,0.217081,-0.0134249,4.8404,6.96939,0.769084,0.100964],[-0.0489539,-0.0286675,-0.128331,0.0317252,0.0633284,0.134486,0.176772,0.131148,0.0015532,0.091079,0.603815,0.00148186,-0.296965,7.27386,0.092767,0.0369653,1.24099,0.769084,1.19199,0.0135128],[0.0153999,-6.6666e-05,0.058335,-0.00373845,0.111371,0.0824373,-0.00110743,-0.00735103,0.00674794,0.0103152,0.137298,0.00984348,0.00216908,0.567981,0.0163958,0.00201755,0.311459,0.100964,0.0135128,0.0252788]],"n":20,"lags":3}