{"betahat":[[1.39845,0.0937689,2.61731,1.79875,3.1596,1.00493,0.745325,0.497065,-0.152769,0.242602,-0.567682,11.8285,-0.0952447,-0.584579,12.2852,8.36191,-1.21769,-0.0476898],[0.77677,-0.0773169,-0.000755366,-0.0960842,0.125777,-0.336751,0.11811,-0.0381671,0.0609145,0.01716,0.667418,3.21596,0.0865709,0.0328418,0.817856,0.228939,0.224978,0.0376849],[0.0292749,0.964858,0.282498,0.0863618,-0.241884,0.227526,-0.0726232,-0.10125,-0.0253044,-0.108416,-0.0164512,0.378656,-0.0609336,-0.0294271,0.171113,0.154917,-0.183522,-0.00530552],[-0.00145109,0.00726405,0.8746,0.0416805,-0.0625286,0.0217037,-0.0212816,-0.02638,-0.0109385,-0.0153467,-0.0797369,-0.416713,0.0134663,0.0118523,0.0385433,-0.120159,-0.00351748,-0.00949106],[-0.0387493,-0.10481,0.0678148,1.19845,-0.414665,0.175667,0.0215807,-0.0101966,-0.0392069,0.0148129,-0.214949,1.35131,-0.0320671,-0.0320072,-0.280203,-0.205909,0.113027,0.00899657],[-0.0259338,-0.0381563,0.00552338,-0.0237979,0.615976,-0.0384615,-0.0247621,0.0228615,-0.00586334,-0.0128946,-0.167773,-0.866642,-0.0164426,0.00320261,-0.415086,-0.126678,-0.0524813,-0.0145603],[0.0148536,0.0196071,0.0742015,-0.0112224,0.12048,0.751263,-0.00475585,-0.0342466,-0.00113458,0.00651738,-0.0306155,-0.303674,0.00295725,0.0160632,-0.171839,-0.00333427,0.0217034,0.00519071],[-0.020381,-0.0232028,0.0211873,0.0237832,-0.0303927,-0.480615,1.10366,0.022636,0.103917,-0.0796736,0.100201,-1.51758,-0.016133,0.0410137,-1.18372,-0.0951161,-0.0647441,-0.012975],[-0.00683092,-0.0448192,0.135955,0.00486013,-0.0760202,-0.00945732,0.0335675,0.865984,0.0419364,0.0526773,-0.628417,-1.01327,-0.0199569,-0.00252332,-0.489614,-0.0531793,-0.398458,-0.0283069],[-0.0359923,-0.111946,-0.0185216,0.029534,0.561151,0.202297,0.209114,-0.0244447,1.16297,0.0198595,0.457685,0.148218,0.0170452,0.0347549,-0.61517,0.183181,0.123138,0.0567974],[-0.0137212,0.081263,-0.0678926,0.106293,0.826021,-0.282427,0.0349664,-0.187657,0.0890369,0.944627,1.22572,2.65651,-0.0397443,-0.0433516,0.814822,0.487254,-0.0567193,0.0819644],[-0.0209262,-0.0123018,0.0213751,-0.0196346,-0.0955371,-0.0326477,-0.0203244,-0.0174061,-0.0171292,-0.0125228,1.02058,-0.257754,-0.00551086,0.00235799,-0.114287,-0.00165307,-0.018106,-0.00255445],[0.00426146,-0.000471698,-0.0030636,-0.00535058,0.0222035,0.00798328,0.00477119,0.00541592,0.00260204,-0.000338359,-0.00577412,0.937808,-0.000517854,0.00199043,-0.0350271,-0.0245765,-0.00334805,0.000881407],[0.174096,-0.0641107,-0.563204,-0.0789375,0.847795,0.544707,-0.115742,-0.418512,-0.0470747,-0.00253358,0.148545,-2.2161,1.06583,-0.0153869,1.14873,0.800454,-0.686961,0.146369],[-0.21829,-0.306851,-0.0376252,-0.0317454,-2.23082,-1.44852,0.200996,0.216225,-0.00953202,0.0851591,-1.92859,-5.17494,-0.0724338,0.975827,-3.35464,-1.05623,-0.252457,-0.105584],[0.00528822,0.0142217,0.0150352,0.011177,0.0557725,0.0335428,-0.0156568,-0.00463165,-0.00200225,0.00257588,-0.00415635,0.012082,0.0100436,0.00621488,1.07752,0.0574369,-0.0069014,0.00523345],[0.0741352,0.0894052,0.375115,0.102415,0.269864,0.551579,0.0214522,0.0684368,0.0188307,0.0427483,-0.155383,1.01567,0.00460014,-0.0127424,0.102061,0.458971,0.188471,0.0227739],[0.110138,0.0247546,0.251889,0.132231,0.0189509,0.249099,0.120126,0.103884,0.0611354,0.0378808,0.140555,1.94989,0.023527,-0.00267158,0.311303,0.226516,0.52431,0.021957],[-0.0334804,-0.206679,0.242659,0.239775,-0.0681011,-0.172476,0.161315,0.0707042,0.416568,0.0150504,-2.82351,-0.517545,-0.170152,-0.173398,2.11528,-0.934401,-0.0197056,1.07669],[0.203604,0.119106,0.203821,0.0646102,0.141813,0.347793,-0.0685246,-0.046848,-0.0357364,-0.0402762,-0.447266,-2.25086,-0.0720834,-0.0295967,-0.650064,0.0233231,-0.182848,-0.0324403],[0.0433959,0.0872725,-0.03339,-0.117766,0.385055,0.0783133,0.0511363,0.0904112,0.0367636,0.092082,-0.0940863,-0.073378,0.0576314,0.0240282,0.0762058,-0.0094297,0.170484,0.0134385],[0.00694243,0.0125123,0.117372,-0.00853305,0.0644819,0.00503748,0.0101043,0.00193698,0.00400332,0.0177396,0.0864234,0.129778,-0.00563098,-0.000485098,-0.195504,0.0682003,-0.0152668,0.00405636],[0.103668,0.0853733,0.0123884,-0.147625,0.715218,-0.0200539,0.0256756,-0.0151323,0.0146415,0.026787,-0.00460731,0.388106,0.0306232,0.00563148,0.367874,0.182529,-0.0650757,-0.00465246],[0.00570909,0.0278747,-0.0450376,0.00823833,0.178711,-0.0210929,0.0114,-0.00500177,0.0029507,0.0145893,0.0524309,0.453433,0.0116373,0.00486116,0.301409,0.0849752,0.0592991,0.00759906],[-0.0136923,0.00198899,-0.0238604,-0.00285722,-0.0493595,0.209491,-0.00474812,0.0187399,-0.0016036,0.00118575,0.0118384,-0.137691,0.00316087,-0.00431184,0.0716096,-0.0287059,-0.032912,0.000186336],[-0.00585915,-0.0433036,0.0653047,-0.0110585,-0.0760499,0.36354,-0.0839721,0.0186896,-0.0529756,0.0406116,-0.199064,-0.245137,-0.00489227,-0.0605295,0.973959,0.0110825,-0.0575248,0.0043017],[0.0127877,0.105383,-0.0889795,-0.0303001,0.235355,0.240669,-0.0709177,-0.137177,-0.0683267,-0.0588161,0.841026,0.458376,0.0248105,0.0118466,0.355004,-0.0217356,0.249925,0.0187162],[0.0442232,0.108103,0.207654,0.0254901,-0.147161,-0.0805075,-0.18639,-0.0450133,-0.160034,-0.0151907,-0.141179,-0.268399,-0.000999509,-0.0231709,0.709085,-0.158218,-0.204294,-0.0263286],[-0.118113,-0.0248526,0.0881653,-0.133899,-0.780222,0.282333,-0.0689077,0.22518,-0.029575,-0.147253,-0.653459,-5.30416,-0.0554887,0.00169376,-1.79342,-0.593751,-0.0790925,-0.111055],[0.0189098,0.0105375,-0.0294361,0.005131,0.0980667,0.0574686,0.0116695,0.00499205,0.0129902,0.0158114,-0.0639512,0.122338,0.00439763,-0.00305363,0.13192,-0.0146043,0.0152741,0.000734212],[-0.000779928,0.00227931,0.00608101,0.00203735,-0.00984262,0.00864144,-0.00598759,-0.00479359,-0.00206284,-0.00104053,-0.00973817,-0.00787367,0.000307578,0.00021361,-0.00823133,0.0162165,0.000250996,-0.00184588],[0.0727392,0.367828,0.333482,-0.0446147,0.167369,0.498604,0.0150381,0.180365,0.141792,0.00948784,-0.787604,-0.306754,-0.0982442,-0.0277706,-0.60317,-0.241431,0.291956,-0.0970294],[0.21691,0.146848,0.346932,0.10184,1.82673,1.31935,0.00351239,-0.117786,0.0285327,0.051194,0.866611,4.04139,0.0504553,0.0222507,2.55204,1.04263,0.212328,0.103657],[-0.00520131,-0.00884051,-0.0205898,-0.00830569,-0.0460507,-0.0469858,0.0051259,-0.000811289,0.00189433,-0.00508651,-0.0557459,-0.156583,-0.0128278,-0.00325037,-0.113463,-0.0620469,-0.00457326,-0.00713146],[0.0435198,0.079086,0.00686387,-0.0640513,0.0777613,0.158281,-0.00529311,-0.0395575,0.0297029,-0.0156107,0.143121,0.311073,-0.00125053,0.0141893,-0.0707441,-0.0156593,0.0367409,0.0037485],[-0.0838452,-0.0724813,0.0903239,-0.0556775,0.0489867,0.176928,-0.064375,-0.111975,0.00498277,0.0300231,-0.289979,-0.616374,0.0202643,0.0413235,-0.478526,-0.0873819,0.0313506,0.0239402],[0.0554782,0.0847103,-0.347615,0.0239207,-0.144128,-0.743673,-0.0833466,0.0382653,-0.235003,0.019403,1.28838,-0.434187,0.0811781,0.1635,-1.42231,0.666104,-0.111944,-0.0893707],[0.01958,-0.0418311,-0.203297,0.0314391,-0.267713,-0.0112096,-0.0495443,0.0850514,-0.0251677,0.0231342,-0.220383,-0.965166,-0.0144963,-0.0032579,-0.167733,-0.252371,-0.0421331,-0.00524126],[-0.072729,-0.0521922,-0.249376,0.0313755,-0.14341,-0.306084,0.0215364,0.0108761,-0.0114513,0.0163575,0.110286,-0.304961,0.00329705,0.00539154,-0.247273,-0.145642,0.0130718,-0.00812987],[-0.0055925,-0.0198809,0.00735676,-0.033218,-0.0023826,-0.0273989,0.0113023,0.024481,0.00696529,-0.00232905,-0.00701486,0.287139,-0.00784297,-0.0113817,0.156614,0.0516519,0.0187305,0.00542478],[-0.0649681,0.0193873,-0.0804915,-0.0509368,-0.300736,-0.155714,-0.0472246,0.0253685,0.0245759,-0.041573,0.21909,-1.74044,0.00142719,0.0263678,-0.0879649,0.0231569,-0.0479897,-0.0043505],[0.0201511,0.0102134,0.0393182,0.0154824,0.205,0.0592703,0.013392,-0.0177909,0.00291776,-0.00167921,0.11523,0.412389,0.00481116,-0.0080428,0.113396,0.0415335,-0.00681367,0.00696006],[-0.00123606,-0.0216871,-0.0507112,0.0140527,-0.071456,0.0384443,0.00954647,0.015494,0.00277089,-0.00765386,0.0183234,0.441013,-0.00612368,-0.0117398,0.0998105,0.0317194,0.0111051,-0.00536827],[0.0249864,0.0657461,-0.0914857,-0.0140743,0.103829,0.113904,-0.0198244,-0.0411943,-0.0507979,0.0393512,0.0975772,1.76242,0.0211871,0.0195381,0.209954,0.080414,0.122299,0.00886687],[-0.0116289,-0.0501908,-0.03733,0.0203085,-0.130021,-0.179065,0.0232438,0.243839,0.0199108,0.00701657,-0.0994544,0.784138,0.00621291,-0.00450756,0.26969,0.0770786,0.209403,0.0125787],[-0.0417607,-0.0342686,-0.120535,-0.0162197,-0.53165,-0.178094,-0.0512893,0.0625357,-0.0483937,0.00305015,-0.135167,-0.136004,-0.0154637,0.00582678,-0.424353,-0.0902603,0.0628903,-0.0435525],[0.108722,-0.0441449,-0.109807,-0.0119151,-0.0799234,-0.00384797,0.0148881,-8.26833e-05,-0.0652419,0.136297,0.0188157,2.67556,0.0902776,0.0242776,0.942475,0.0068383,0.151583,0.0245112],[0.00270281,0.00270752,0.0105528,0.015324,-0.000983635,-0.0229607,0.00817629,0.0120803,0.00371942,-0.00360026,0.0409158,0.138053,0.000960207,0.000687689,-0.0173585,0.0180646,0.00296069,0.00178789],[-0.00392848,-0.00165821,-0.00561537,0.00177658,-0.0128496,-0.0139095,0.00182381,-0.000467869,-0.00122386,0.00112509,0.00960463,0.0308526,7.06686e-05,-0.00163015,0.0325289,0.00274736,0.00406047,0.000845349],[-0.101451,-0.0774121,0.169662,0.116597,-0.707168,-0.680491,-0.021856,0.229983,-0.0779694,-0.0531573,1.0556,2.77896,-0.00625613,-0.010156,0.127566,-0.121834,0.295233,-0.00233994],[0.0192834,0.162997,-0.331857,-0.0412416,0.29109,0.112406,-0.141408,-0.114143,-0.0228534,-0.125367,1.20067,1.16576,0.0245896,-0.039904,0.83399,0.00463018,0.00155235,-0.000860043],[-0.0012063,-0.00588418,0.00186299,-0.00409525,-0.0116837,0.0103396,0.0111677,0.00616502,0.00059272,0.00295359,0.0557847,0.146705,0.00285077,-0.00238657,0.0282701,0.00164049,0.0134663,0.00182038],[0.0207285,0.0293736,0.0420115,0.00627399,0.0763728,0.0708889,0.025775,-0.0238224,0.0141816,0.00411578,0.0567643,-0.308796,8.94806e-06,0.0118745,-0.304211,0.0018978,-0.0307036,-0.00312216],[0.0254424,0.0228888,0.203203,-0.000963278,0.100503,0.039574,-0.0259513,-0.0621804,-0.0229703,-0.0136114,-0.187212,-0.270873,-0.000728239,0.0172401,-0.305023,0.0411634,0.0182876,0.00745358],[-0.0302443,0.0300553,0.463429,-0.228015,-0.227343,0.151626,-0.00675042,-0.166345,-0.115004,-0.0472814,0.531131,-1.02534,0.0624426,0.0639954,-1.09615,-0.0454906,-0.0510256,-0.0701861]],"sigmahat":[[0.194614,0.126434,0.289608,0.0339365,0.551888,0.517484,-0.0442964,-0.0476939,0.0233525,-0.00795762,0.0150638,-0.208553,-0.000755771,-0.00577686,0.232692,0.178377,-0.0949994,0.0192533],[0.126434,0.346822,0.0333584,-0.0351971,0.395815,0.577885,-0.0899083,-0.0604606,0.0100058,-0.0489473,0.301748,-0.377082,0.0124138,0.000340346,0.0826604,0.157815,-0.0486708,0.00913575],[0.289608,0.0333584,3.35432,0.0840088,0.815574,1.52791,-0.218126,-0.318478,0.0854899,-0.0689482,-0.931431,-2.59759,0.00755925,0.0686232,-0.360983,0.296823,-0.384031,0.0592523],[0.0339365,-0.0351971,0.0840088,0.41046,-0.152168,-0.215975,0.028687,-0.035885,-0.00635127,0.00083316,0.0720502,0.983972,-0.0441155,-0.02339,-0.0103736,0.0612123,-0.00702075,-0.00541486],[0.551888,0.395815,0.815574,-0.152168,5.75018,2.69561,0.0366172,-0.250731,0.0947773,0.111128,-0.753205,2.34359,0.075575,0.0261553,1.17078,0.737887,-0.0228892,0.120605],[0.517484,0.577885,1.52791,-0.215975,2.69561,6.79074,-0.035956,-0.0863029,0.0978523,-0.0501869,0.0566507,-0.798089,0.037302,-0.0148047,0.661006,0.683623,-0.118351,0.0804665],[-0.0442964,-0.0899083,-0.218126,0.028687,0.0366172,-0.035956,0.29219,0.0814144,0.0504431,0.0734014,-0.232385,1.94695,0.0041337,-0.00134529,-0.171129,-0.0171605,0.202469,-0.0101667],[-0.0476939,-0.0604606,-0.318478,-0.035885,-0.250731,-0.0863029,0.0814144,0.466773,0.0278245,-0.0080479,-0.105054,-0.58698,-0.0352644,-0.0531804,-0.0508598,-0.170804,0.1279,-0.0118711],[0.0233525,0.0100058,0.0854899,-0.00635127,0.0947773,0.0978523,0.0504431,0.0278245,0.0859688,0.0131653,-0.149175,-0.247085,-0.00126039,-0.00116614,-0.143691,-0.0276442,-0.0448063,0.00595477],[-0.00795762,-0.0489473,-0.0689482,0.00083316,0.111128,-0.0501869,0.0734014,-0.0080479,0.0131653,0.125953,-0.466174,0.95469,0.0340425,0.0313511,-0.14693,-0.0261141,0.111022,0.010007],[0.0150638,0.301748,-0.931431,0.0720502,-0.753205,0.0566507,-0.232385,-0.105054,-0.149175,-0.466174,11.3091,12.1112,0.261325,-0.13153,6.36007,1.56079,0.526627,0.143436],[-0.208553,-0.377082,-2.59759,0.983972,2.34359,-0.798089,1.94695,-0.58698,-0.247085,0.95469,12.1112,116.716,1.14212,-0.155609,23.9905,5.8999,6.38802,0.409638],[-0.000755771,0.0124138,0.00755925,-0.0441155,0.075575,0.037302,0.0041337,-0.0352644,-0.00126039,0.0340425,0.261325,1.14212,0.0682943,0.04025,0.268136,0.0978512,0.0810375,0.0171522],[-0.00577686,0.000340346,0.0686232,-0.02339,0.0261553,-0.0148047,-0.00134529,-0.0531804,-0.00116614,0.0313511,-0.13153,-0.155609,0.04025,0.0770312,-0.550905,-0.0366613,0.0378919,0.00268753],[0.232692,0.0826604,-0.360983,-0.0103736,1.17078,0.661006,-0.171129,-0.0508598,-0.143691,-0.14693,6.36007,23.9905,0.268136,-0.550905,18.8786,3.40234,1.15824,0.300201],[0.178377,0.157815,0.296823,0.0612123,0.737887,0.683623,-0.0171605,-0.170804,-0.0276442,-0.0261141,1.56079,5.8999,0.0978512,-0.0366613,3.40234,2.58422,0.0144584,0.0919254],[-0.0949994,-0.0486708,-0.384031,-0.00702075,-0.0228892,-0.118351,0.202469,0.1279,-0.0448063,0.111022,0.526627,6.38802,0.0810375,0.0378919,1.15824,0.0144584,1.26013,-0.00306363],[0.0192533,0.00913575,0.0592523,-0.00541486,0.120605,0.0804665,-0.0101667,-0.0118711,0.00595477,0.010007,0.143436,0.409638,0.0171522,0.00268753,0.300201,0.0919254,-0.00306363,0.0274509]],"n":18,"lags":3}