{"betahat":[[1.35753,0.391359,4.86719,1.88934,4.88044,6.85556,1.51399,1.51172,0.28348,0.413601,-4.59887,0.396756,5.54477,0.789406,-0.288071,-0.554156,8.31596,3.28818,-0.65391,0.20263],[0.788596,-0.0740064,0.0880404,-0.0614927,0.191807,-0.173753,0.143021,-0.0232943,0.0633856,0.0340689,0.392989,0.0530256,-0.148449,2.73758,0.0804153,0.0458391,0.389272,0.144285,0.208451,0.0390994],[0.037603,0.99772,0.316085,0.0890713,-0.120316,0.322102,-0.0534404,-0.0840306,-0.0240009,-0.0838469,-0.123522,-0.0165785,-0.00510335,-0.272471,-0.0634364,-0.0177034,-0.165603,-0.0964974,-0.150626,-0.00173446],[0.00277735,0.0125422,0.895705,0.0361229,-0.00953638,0.101834,-0.0108805,-0.0225708,0.00773773,-0.0198186,-0.00624034,0.011188,0.101076,0.0760525,0.0206584,0.0152535,0.127064,0.0574278,0.0341051,-0.00107998],[-0.0257356,-0.0697254,0.09438,1.19075,-0.3236,0.302503,0.0302003,0.00603133,-0.0231534,0.0102945,-0.131128,-0.0290131,0.0128462,1.69586,-0.0262435,-0.0249204,-0.259265,-0.130473,0.165745,0.016994],[-0.0174824,-0.0248501,0.0227482,-0.0212507,0.649565,-0.0180639,-0.0271001,0.0152038,-0.00578097,-0.0112997,-0.176559,-0.00908694,0.0608393,-0.906099,-0.0170101,0.00337761,-0.428036,-0.189925,-0.0542552,-0.0134239],[0.0184396,0.022914,0.0842577,-0.014364,0.131018,0.807291,-0.000660969,-0.0349197,0.00700703,0.00249566,0.0306362,0.00680468,0.0325126,0.0960065,0.00644405,0.0160539,-0.0904751,0.102836,0.0371997,0.0078151],[-0.010177,-0.0777485,0.0678762,0.0436335,-0.0416929,-0.480128,1.0222,0.0164614,0.0351123,-0.0668173,-0.0283517,0.0367337,0.0943901,-1.12011,-0.0311621,0.00261985,-0.868992,-0.100431,-0.0339515,-0.0218793],[-0.00385188,-0.0285654,0.0934593,0.00664315,-0.0702329,-0.00141719,0.0273929,0.864674,0.0311471,0.04081,-0.496481,0.026102,-0.0402392,-0.506709,-0.0161491,-0.00575433,-0.301599,0.022345,-0.366711,-0.0279692],[0.00835772,-0.000986804,-0.159615,0.0336858,0.317188,-0.0912752,0.106849,-0.0344973,1.06736,0.00052117,0.360301,0.0397878,-0.210404,-1.71688,0.0142717,0.0525707,-0.662116,0.340632,-0.0250516,0.0137517],[0.0493529,0.100958,0.0958058,0.0980803,1.06285,0.0692338,0.0236677,-0.174235,0.0975871,0.965929,0.92676,0.117775,-0.191248,3.21949,-0.0479026,-0.0762815,1.00574,0.348466,-0.00967769,0.100835],[-0.0231805,-0.0140443,0.00358423,-0.0178901,-0.0916377,-0.0293791,-0.0119034,-0.00815803,-0.0145592,-0.00930173,1.00963,-0.0140946,0.0253759,-0.232282,-0.00347788,0.00282748,-0.10764,0.0432198,-0.00309636,-0.00246375],[-0.043513,-0.0222209,-0.0992528,0.00274744,0.149348,-0.0044303,0.19559,0.0375216,0.180793,-0.00869025,0.769753,1.12796,-0.291326,-0.543933,0.0213609,0.0501039,-0.635467,0.129044,0.12979,0.0121099],[0.042161,0.0319062,0.0586495,0.0133459,0.0390515,0.0443669,-0.0485687,-0.0146161,-0.000472535,-0.0174339,0.242239,-0.000714849,1.41388,0.452833,0.000732667,-0.0215532,0.368879,0.151724,-0.0168426,-0.00131516],[0.00482687,0.00133256,0.000536333,-0.00371343,0.020054,0.0117499,0.00479678,0.00432288,0.00324371,-0.00100367,0.00560496,0.00344341,-0.00581145,0.950622,-2.87747e-05,0.00200939,-0.0225163,-0.00505188,-0.00242309,0.000597852],[0.102856,-0.081388,-0.728626,-0.081108,0.744703,0.393626,-0.0768331,-0.326085,-0.0351958,-0.0163267,0.17685,-0.0321023,0.568398,-2.87669,1.0693,0.0105998,0.989276,0.99234,-0.579666,0.142068],[-0.244405,-0.307369,-0.188346,-0.037516,-2.18499,-1.52441,0.227105,0.21684,-0.0344122,0.041448,-1.5175,-0.0319932,-0.45895,-4.03238,-0.0558048,0.979606,-3.15105,-0.272055,-0.285851,-0.122669],[-0.000160657,0.00506995,0.0168176,0.0140997,0.0530017,0.0383909,-0.00897476,0.00427102,-0.00567087,0.0066947,-0.0520299,-0.00502383,0.00225068,-0.0322937,0.0075531,0.00502634,1.04432,0.0433858,0.0114396,0.00428632],[0.0416018,0.0794994,0.13386,0.0396557,0.0947605,0.185968,0.0132222,0.0238614,0.0247786,-0.00360143,0.236717,0.023858,-0.0127799,1.01255,0.0123192,-0.00513545,0.276247,0.565376,0.0556512,0.00992475],[0.102687,0.0129691,0.190276,0.107872,-0.0120778,0.131512,0.11112,0.0847498,0.0552256,0.0441594,0.101132,0.0707723,-0.257829,1.50382,0.0133581,-0.00192993,0.147959,-0.224114,0.478607,0.0174232],[0.111262,-0.0177943,0.617289,0.240959,0.27651,0.628895,0.0378826,-0.0276554,0.401972,0.0222734,-2.52153,0.412008,-0.229653,0.746064,-0.134233,-0.149882,2.30919,-0.611062,-0.00304321,1.10375],[0.194915,0.115996,0.118901,0.0291,0.0942036,0.266586,-0.0810279,-0.0503426,-0.0347239,-0.0446938,-0.319111,-0.020973,0.119669,-1.76964,-0.0658907,-0.0336877,-0.342617,0.0208594,-0.153446,-0.0281626],[0.0326347,0.0612472,-0.0769315,-0.123057,0.288349,-0.0148944,0.0329303,0.0672941,0.024803,0.0771787,-0.0815728,0.0176062,-0.00131529,0.0252703,0.0535935,0.019797,0.200828,0.0548255,0.148072,0.00919172],[-0.00451897,-0.00176118,0.0589668,-0.0128907,-0.00785695,-0.111196,0.0140388,-0.000645109,-0.00559419,0.020797,0.0344644,-0.00918233,-0.0563813,-0.285495,-0.011055,-0.000160588,-0.283265,-0.0847059,-0.0467663,-0.00378771],[0.0873437,0.0663781,-0.0481201,-0.143752,0.620886,-0.207464,0.0251664,-0.0347345,0.00664284,0.0244077,-0.0709464,0.0131779,-0.00450431,-0.351822,0.0205096,0.00799258,0.220315,-0.0181278,-0.142658,-0.0126405],[0.00174312,0.0221733,-0.0581124,0.00217584,0.165258,-0.0316647,0.0153092,-0.00168744,0.00529816,0.0122177,0.0760516,0.00720871,-0.0334317,0.477185,0.0118956,0.00491072,0.300197,0.106497,0.0550439,0.00667768],[-0.021593,-0.00984761,-0.0466449,-0.00148212,-0.0805637,0.153421,-0.00104743,0.0234089,-0.00639841,0.00389768,-0.0205721,-0.00546553,-0.00255864,-0.336225,0.000742831,-0.00444329,0.0165686,-0.0700624,-0.0325746,-0.00271947],[0.00975013,0.0198467,0.0876807,-0.0267032,0.0313381,0.488907,-0.054775,0.0169276,0.00555737,0.0209817,0.0421686,0.00634947,0.00691872,0.457292,0.0118917,-0.0387995,0.959598,0.118146,-0.0398176,0.0212239],[0.0124695,0.100557,-0.0443439,-0.0243042,0.240451,0.215769,-0.0732844,-0.133582,-0.0590976,-0.0510558,0.822074,-0.0589818,0.0972106,0.294285,0.0249875,0.0139433,0.281576,-0.139916,0.235852,0.0212951],[-0.0199211,-0.0428116,0.282973,0.0537349,-0.198004,-0.0470118,-0.0922735,0.0194692,-0.108588,0.002363,-0.331752,-0.0867201,0.122802,1.36855,-0.0205226,-0.0646639,0.766954,-0.243,-0.0547096,-0.00235919],[-0.0744386,0.0311861,0.144518,-0.110102,-0.658033,0.302934,-0.112053,0.169206,-0.0174252,-0.151652,-0.344203,-0.032702,0.348224,-4.80827,-0.0413597,0.0197086,-1.63583,-0.634606,-0.159255,-0.0990747],[0.0215611,0.0131535,-0.0122544,0.00512192,0.0985024,0.0560569,0.00703593,0.000993586,0.0104932,0.0132343,-0.0690439,0.00955829,-0.0169202,0.133967,0.00197629,-0.00278379,0.109494,-0.0541284,0.00767053,0.000900276],[0.0225127,-0.0155143,0.216899,0.0366357,-0.00842728,-0.0200964,-0.157955,-0.0693002,-0.192539,0.0127177,-0.756477,-0.152351,0.181186,0.591171,-0.026544,-0.0476848,0.605116,0.0507777,-0.142355,-0.00457492],[-0.0156633,-0.0178506,0.00702635,0.00330017,0.0401756,-0.0193406,0.0204318,-0.00219434,-0.00846002,0.0143435,-0.190496,-0.00870723,-0.227578,0.0310292,-0.00309107,0.0148724,-0.232422,-0.0669279,0.0192995,0.00246098],[-0.00286691,-0.000742284,-0.00398845,0.000176161,-0.0130573,-0.00214224,-0.00441495,-0.00300457,-0.00270903,-0.00121014,-0.0100257,-0.00275502,0.00472099,0.0221524,3.61429e-05,-0.00019894,-0.00225961,0.0223035,0.00320862,-0.0016912],[0.072299,0.296943,0.4785,-0.0338002,0.112584,0.592981,0.0207165,0.177079,0.108559,0.0549371,-1.24107,0.125685,-0.217782,-0.138306,-0.108263,-0.0363971,-0.819169,-0.430189,0.28614,-0.0846661],[0.176356,0.0890604,0.355569,0.114067,1.53409,1.15164,-0.0115124,-0.101223,0.0521859,0.0415187,0.996044,0.0682579,0.187585,4.18075,0.049527,0.00713677,2.81426,0.968766,0.230783,0.108764],[0.000111712,9.59821e-05,-0.0183072,-0.0091761,-0.04009,-0.0411614,0.000255508,-0.00610242,0.00370413,-0.00722244,-0.0207154,0.00222416,0.00117471,-0.0968383,-0.0106788,-0.00218981,-0.0902537,-0.0511028,-0.0116173,-0.00604417],[-0.0100896,-0.0201002,-0.00167345,-0.0146856,-0.109748,-0.0668273,-0.00294728,-0.00503012,-0.00516309,0.00384202,-0.128146,-0.00381694,0.00149558,-0.534317,-0.0108556,-0.0018227,-0.173946,-0.0314032,-0.00475274,-0.00551088],[-0.0750409,-0.0670527,0.135329,-0.0386762,0.0610417,0.187892,-0.0732302,-0.109277,-0.00863173,0.0319284,-0.345943,-0.0142872,0.054068,-0.86533,0.0185063,0.0345671,-0.48313,-0.0763112,0.0285856,0.0211347],[-0.0867177,-0.0741275,-0.767771,-0.0497255,-0.521469,-1.39313,0.0213866,0.128176,-0.218865,-0.0295804,1.30384,-0.222968,-0.048486,0.347067,0.0619776,0.128054,-1.09811,0.862953,-0.0735422,-0.116544],[0.0164765,-0.0419798,-0.207237,0.0323648,-0.286044,-0.0930523,-0.0620046,0.0736049,-0.0286661,0.0106387,-0.0739813,-0.0320544,0.0286993,-0.968137,-0.0145235,-0.0121522,-0.0465003,-0.165032,-0.0550513,-0.0109328],[-0.0702809,-0.0589886,-0.239477,0.0339614,-0.168118,-0.307496,0.020531,0.0167467,-0.000793851,0.00666935,0.205229,-0.00102283,0.00622413,0.247952,0.00983137,-0.00211619,-0.0349967,0.0416111,0.0025623,-0.00745364],[0.00166464,-0.0108592,0.0445938,-0.0232721,0.0169905,0.00856076,-0.0030519,0.0231125,-0.00212397,-0.000944554,-0.0280885,-0.00198179,-0.0451714,0.210972,-0.00958985,-0.0150672,0.155773,0.0275496,0.0125887,0.00485613],[-0.0617079,0.00332442,-0.0466181,-0.047124,-0.297635,-0.0953239,-0.0553536,0.028745,0.0165222,-0.0347212,0.202142,0.0158454,-0.00854381,-1.34401,0.00573775,0.0169278,0.0387495,0.148696,-0.0230833,-0.00437297],[0.0156992,0.0026507,0.0350757,0.0190196,0.184827,0.0494578,0.011801,-0.0135282,0.000511872,-0.000904562,0.100643,0.00190861,-0.0275989,0.429141,0.00513083,-0.00826268,0.127813,0.0833781,-0.000797721,0.00675028],[0.00308238,-0.0131624,-0.0380763,0.0158171,-0.0509668,0.0383073,0.0017606,0.011505,-0.000585839,-0.00634088,-0.0100833,-0.00131357,-0.0303054,0.240914,-0.00718322,-0.0116167,0.0740633,-0.0327626,-0.00467727,-0.00508338],[-0.000639813,0.057104,-0.161322,-0.0182841,0.00687761,-0.0142781,0.0318868,-0.033712,-0.0406653,0.0458825,-0.0134264,-0.0431363,-0.103518,0.656629,0.0193673,0.0360257,-0.0880972,-0.019809,0.0726585,0.000733032],[-0.0128268,-0.0587302,-0.0333329,0.0150888,-0.140262,-0.157444,0.0283131,0.233996,0.0195042,0.0125429,-0.229521,0.0234782,-0.0118558,0.395264,0.00309292,-0.00255885,0.142861,0.104086,0.189697,0.00977732],[-0.000838274,0.0310597,-0.0925297,-0.0645835,-0.199252,0.0461732,-0.0444072,-0.00138647,0.00373887,0.00195256,0.0760943,0.00451666,0.0910067,-0.240333,0.00475813,0.0238905,-0.375591,-0.202575,0.0372017,-0.0245297],[-0.00362333,-0.131338,-0.355113,-0.0352409,-0.433383,-0.383837,0.0881924,0.0670819,-0.0709124,0.112013,0.105257,-0.0785351,-0.0876889,2.30804,0.087193,0.0384393,0.710145,0.327849,0.213813,-0.000461936],[0.00231545,0.00185044,0.0116672,0.0135968,-0.0045474,-0.0238867,0.00452545,0.00680736,0.00360856,-0.00415654,0.0555707,0.00408096,-0.00732867,0.0982364,0.00133124,-9.23679e-06,-0.00312778,0.0112208,-0.00449376,0.0015201],[0.00741588,0.0229995,-0.059048,-0.0168534,-0.216514,-0.0175583,-0.0618266,0.0101702,-0.019162,0.00362283,0.0819787,-0.0126151,0.107722,-0.526863,0.00437467,0.011216,-0.247507,-0.306831,-0.01989,-0.0197313],[-0.0266195,-0.0141071,-0.0678562,-0.0168284,-0.0813255,-0.0283639,0.0292512,0.0170454,0.00925065,0.00369833,-0.0527711,0.00978031,-0.190768,-0.458027,0.00268231,0.00704116,-0.137831,-0.0824686,1.71162e-05,-0.0011246],[-0.00203569,-0.000426571,0.00116567,0.00219414,-0.00756523,-0.00929228,-0.000990757,-0.00217858,-0.00158276,0.0015811,0.00168353,-0.00185857,-0.00222485,-0.0205954,-0.000156447,-0.00141936,0.0176769,-0.018738,-0.00156596,0.000721601],[-0.0153988,0.0229209,0.284133,0.0990511,-0.435837,-0.355371,-0.050954,0.139221,-0.0509566,-0.0570515,1.15556,-0.0645039,-0.213334,3.01007,-0.00745325,-0.0287633,0.285508,-0.432001,0.248109,0.00290096],[0.0523548,0.174498,-0.312109,-0.0537112,0.484185,0.191057,-0.130871,-0.106924,-0.0202254,-0.0858935,0.777877,-0.0417975,0.210004,0.409229,0.0149102,-0.0320795,0.588266,-0.339118,0.0489372,0.00794778],[-0.000729824,-0.00539896,-0.000646404,-0.00620851,-0.0136125,0.00100148,0.00898064,0.00248006,0.00242178,0.000873937,0.0688536,0.00329271,-0.00613213,0.130502,0.00322225,-0.00221528,0.0379034,0.00476954,0.0019115,0.00163736],[0.0256801,0.0397313,0.0407972,-0.00429377,0.11266,0.105389,-0.00468797,-0.0219991,-0.00013336,0.00865942,-0.0786059,-0.000201196,-0.00810592,-0.340173,-0.00088236,0.00419988,-0.193909,-0.0838563,-0.0113438,-0.00103083],[0.0140097,0.00768926,0.154922,-0.000372337,0.064331,-0.0269007,-0.0222821,-0.0513009,-0.0254597,-0.0103059,-0.198679,-0.0291426,0.0190051,-0.354113,-0.00469057,0.0130247,-0.276279,-0.0743436,0.00174125,0.00548983],[-0.0405456,-0.00758984,0.409399,-0.166551,-0.219838,-0.0395016,0.00252566,-0.149625,-0.109161,-0.0224897,0.369347,-0.108879,0.205705,-2.16252,0.0531215,0.0625751,-1.23621,-0.325368,-0.10599,-0.0679474]],"sigmahat":[[0.185504,0.111746,0.248659,0.0233992,0.541776,0.500665,-0.0326417,-0.0393402,0.00650616,0.00990336,-0.147516,0.0145174,0.0601925,-0.504215,-0.00850532,-0.00262081,0.108935,-0.104222,-0.0636646,0.0177384],[0.111746,0.315882,-0.025723,-0.0491911,0.363008,0.502442,-0.0829136,-0.0502673,-0.0109745,-0.029857,0.116979,-0.0114422,0.111453,-0.823068,-0.000925422,0.00294175,-0.0678789,-0.222279,-0.0233595,0.00506146],[0.248659,-0.025723,3.21075,0.0951948,0.842659,1.64838,-0.14209,-0.236387,0.00473262,0.00844135,-1.54073,0.0114369,0.285814,-2.87069,-0.0164697,0.0572486,-0.58365,-0.416111,-0.201283,0.0535151],[0.0233992,-0.0491911,0.0951948,0.418584,-0.163813,-0.212212,0.034087,-0.00941148,-0.0230871,0.0150682,-0.072588,-0.024978,-0.0820324,0.678604,-0.0490449,-0.0274645,-0.0860814,-0.10406,0.018852,-0.00438355],[0.541776,0.363008,0.842659,-0.163813,5.66609,2.79407,0.0789615,-0.229949,0.0905842,0.153505,-1.07936,0.137786,0.0430834,2.63883,0.0664246,0.03001,1.11595,0.305411,0.110844,0.130862],[0.500665,0.502442,1.64838,-0.212212,2.79407,7.17437,0.0268345,-0.0253864,0.0766655,0.00598128,-0.301634,0.115367,0.0950585,1.25517,0.0410079,-0.0156931,0.925431,0.864379,0.180797,0.107213],[-0.0326417,-0.0829136,-0.14209,0.034087,0.0789615,0.0268345,0.271763,0.0713174,0.0771369,0.0515468,0.000312518,0.0828181,-0.333213,2.70115,0.0135373,-0.00437179,0.0212485,0.30163,0.182966,-0.00182987],[-0.0393402,-0.0502673,-0.236387,-0.00941148,-0.229949,-0.0253864,0.0713174,0.461381,0.0386579,-0.0124173,-0.0378658,0.0393114,-0.111765,-0.161261,-0.029733,-0.0540261,-0.00540581,-0.0388072,0.132643,-0.00694221],[0.00650616,-0.0109745,0.00473262,-0.0230871,0.0905842,0.0766655,0.0771369,0.0386579,0.0899776,0.00919209,-0.0394634,0.0917926,-0.0781211,0.52186,0.00142212,-0.00452687,0.0395602,0.0205649,0.0105083,0.00863634],[0.00990336,-0.029857,0.00844135,0.0150682,0.153505,0.00598128,0.0515468,-0.0124173,0.00919209,0.128497,-0.539376,0.0140549,-0.115315,0.463389,0.0297682,0.0295554,-0.218266,-0.113548,0.0881057,0.0108114],[-0.147516,0.116979,-1.54073,-0.072588,-1.07936,-0.301634,0.000312518,-0.0378658,-0.0394634,-0.539376,12.0875,-0.0910131,0.362899,17.6208,0.300685,-0.118546,7.30026,2.63679,0.776956,0.1466],[0.0145174,-0.0114422,0.0114369,-0.024978,0.137786,0.115367,0.0828181,0.0393114,0.0917926,0.0140549,-0.0910131,0.104153,-0.0799838,0.605776,0.00340749,-0.00355565,0.0565007,0.0703098,0.0115035,0.012058],[0.0601925,0.111453,0.285814,-0.0820324,0.0430834,0.0950585,-0.333213,-0.111765,-0.0781211,-0.115315,0.362899,-0.0799838,0.959848,-4.04159,0.00185661,-0.00194521,0.350704,-0.214301,-0.270045,0.00568927],[-0.504215,-0.823068,-2.87069,0.678604,2.63883,1.25517,2.70115,-0.161261,0.52186,0.463389,17.6208,0.605776,-4.04159,151.523,1.45334,-0.204207,30.6151,15.0093,7.97555,0.647475],[-0.00850532,-0.000925422,-0.0164697,-0.0490449,0.0664246,0.0410079,0.0135373,-0.029733,0.00142212,0.0297682,0.300685,0.00340749,0.00185661,1.45334,0.0691333,0.0374473,0.34728,0.212266,0.103321,0.0170677],[-0.00262081,0.00294175,0.0572486,-0.0274645,0.03001,-0.0156931,-0.00437179,-0.0540261,-0.00452687,0.0295554,-0.118546,-0.00355565,-0.00194521,-0.204207,0.0374473,0.0726646,-0.51188,-0.0370004,0.0356164,0.000608539],[0.108935,-0.0678789,-0.58365,-0.0860814,1.11595,0.925431,0.0212485,-0.00540581,0.0395602,-0.218266,7.30026,0.0565007,0.350704,30.6151,0.34728,-0.51188,19.4759,5.14289,1.46853,0.338555],[-0.104222,-0.222279,-0.416111,-0.10406,0.305411,0.864379,0.30163,-0.0388072,0.0205649,-0.113548,2.63679,0.0703098,-0.214301,15.0093,0.212266,-0.0370004,5.14289,7.28074,0.843875,0.105839],[-0.0636646,-0.0233595,-0.201283,0.018852,0.110844,0.180797,0.182966,0.132643,0.0105083,0.0881057,0.776956,0.0115035,-0.270045,7.97555,0.103321,0.0356164,1.46853,0.843875,1.33075,0.0191287],[0.0177384,0.00506146,0.0535151,-0.00438355,0.130862,0.107213,-0.00182987,-0.00694221,0.00863634,0.0108114,0.1466,0.012058,0.00568927,0.647475,0.0170677,0.000608539,0.338555,0.105839,0.0191287,0.0284241]],"n":20,"lags":3}