{"betahat":[[0.656945,0.69435,1.04384,0.568251,-1.3526,-2.23728,0.187936,2.07929,-0.124387,-0.452614,-2.21033,4.64997,-0.0285335,-0.298234,4.90134,1.8159,0.963983,-0.0560318],[0.851714,-0.0421001,0.295778,-0.223721,0.28194,0.224105,0.0344016,0.0425246,0.0127898,0.0958127,0.0626593,0.859296,0.00814671,0.0294013,-0.0589597,0.0287268,-0.0263914,0.0117229],[0.0212574,0.955306,0.539999,0.0864376,0.0880836,0.411404,0.0300973,-0.105653,0.0256538,-0.0183468,-0.379641,-0.176879,-0.0108446,-0.00210336,-0.258207,-0.172753,0.0297159,0.0168625],[0.0235404,0.0235221,0.863254,-0.0230639,-0.0541225,0.104368,0.00266581,-0.00906976,0.0124152,0.0243249,-0.090884,0.0899752,0.011851,-0.00011388,0.129105,0.00936844,-0.0119984,0.00161755],[-0.0178182,-0.0129813,-0.235233,0.651177,0.171855,-0.149865,-0.0411846,-0.0672482,-0.0202685,-0.00352115,0.175547,0.52827,-0.00463174,-0.00481641,0.0285462,-0.0392496,0.00737697,0.00159441],[0.0323385,0.0524044,0.0191674,0.0746448,0.703326,0.0683951,0.00192876,-0.011578,0.00315957,0.030049,0.0221824,0.700488,0.00818585,0.00803079,-0.128816,-0.0117269,0.067611,-0.0014243],[0.0801703,0.0739095,0.138803,0.00476703,0.228062,0.868638,-0.00262903,-0.00873245,-0.00804244,-0.0244313,0.0893054,-0.403377,-0.0106002,-0.00585359,0.0397298,-0.00373473,0.00104604,-0.00476056],[0.052624,-0.00756654,-0.0845724,-0.189154,0.414618,-0.20356,1.00344,-0.569536,0.162621,0.0143402,0.0815917,0.399318,0.037142,0.024879,-0.530553,0.0208038,-0.286466,0.0343679],[-0.0407767,0.0302263,0.0554548,0.0709931,-0.279431,0.263846,0.0425121,0.583921,-0.0989143,-0.00790858,0.252501,1.44698,-0.017756,0.00668625,-0.179752,0.136314,-0.0555361,-0.010712],[-0.0518301,-0.0294409,-0.470787,-0.186236,-0.185416,-0.439275,0.187987,0.031312,1.12781,-0.0809372,-0.045725,-0.421965,-0.0113601,0.0226671,-0.72248,-0.222312,-0.146865,0.0415879],[-0.101496,-0.175015,-0.281748,0.142462,-0.0523969,0.181752,0.0527639,0.00670556,0.167007,1.03836,0.0201721,0.331689,-0.0561401,-0.0551365,0.272839,-0.0102675,0.036438,-0.0178212],[0.00913585,0.0023364,0.097878,0.042219,-0.0060588,0.0279891,-0.0407056,-0.032459,0.00317979,-0.00793875,1.076,0.158003,-0.00389408,-0.00905565,0.0983516,-0.0217245,0.0138204,0.00305033],[0.000276706,0.00341951,-0.036075,-0.00431395,-0.0164629,0.0501156,-0.00761669,-0.0024636,3.10745e-05,0.0046839,-0.00862828,0.995155,-0.00118583,0.0026372,-0.076701,-0.0140679,-0.0055114,-0.000729443],[0.00851322,0.0362229,1.41066,-0.853478,0.813893,0.140353,0.0621733,0.111767,-0.0700201,-0.266941,0.430797,-2.47815,1.07373,0.0155803,0.602783,1.05426,-0.41844,0.212797],[0.301758,-0.102789,0.942024,0.54403,0.65786,0.407148,0.094118,0.180293,0.00594012,0.15406,-2.43264,-5.64492,0.00875963,1.02259,-2.62175,-0.973376,-0.431235,-0.0115347],[0.0207234,0.00193339,-0.0298204,0.0521141,0.0581219,0.0441303,-0.0116526,-0.0189534,-0.0006528,0.0173776,-0.0575648,-0.017716,0.0068027,0.0015535,1.1238,0.0125823,0.00467313,0.00568256],[0.0916918,0.0789962,0.254288,0.124815,0.184894,0.189191,0.0590917,-0.0219855,0.00731021,0.0207973,0.168632,0.0845018,-0.0115868,-0.0348911,0.358185,0.663029,-0.0452501,0.0285152],[-0.0699774,-0.0678649,-0.299456,-0.071323,-0.177169,0.592367,0.248735,0.266598,0.0902937,0.0875603,0.115383,1.05285,0.038591,0.0334498,0.369296,0.244952,0.622133,0.00349445],[0.105348,-0.048019,0.0824011,-0.00385302,1.33702,-0.518934,0.24353,0.333694,0.227188,-0.227562,2.13904,0.51827,-0.0655985,-0.0800527,2.68468,-0.386546,0.742046,1.13723],[0.0299389,-0.0922985,-0.119747,0.263315,-0.225185,-0.174457,-0.0116839,-0.120808,0.0410637,-0.0451647,0.147485,-0.817718,0.00653336,0.0105315,-0.365859,-0.308697,0.0965116,-0.000221282],[-0.0429222,0.00101151,-0.385009,0.215096,0.0402239,-0.245813,-0.00911947,0.00780942,-0.0235252,0.0138156,0.530086,1.12637,0.0290765,0.0258727,0.203939,-0.00688195,0.0865565,-0.0173157],[-0.04388,-0.0347471,0.0316339,-0.00198004,-0.0091803,-0.0463058,-0.00636766,0.00377405,0.00340885,-0.00706042,0.00503566,-0.339796,-0.013642,-0.0014963,-0.160852,-0.0178008,-0.0239954,-0.00336008],[0.0149489,0.0162427,0.235647,0.16377,-0.0797757,0.109948,0.0100037,0.0150372,0.0157018,0.0191273,-0.247533,-0.804767,0.00682121,0.015535,-0.153616,-0.0201697,-0.0308101,0.000234706],[-0.0566812,-0.0685457,0.0179157,-0.140813,0.0387336,-0.155008,0.00787819,-0.00656632,0.0123405,-0.0299869,0.109246,-0.433287,-0.00666306,-0.0134166,0.192177,0.0310809,-0.0418682,0.00289669],[-0.0429058,-0.0417641,-0.0118576,0.0147524,-0.0719304,0.143322,-0.00226462,-0.0112832,0.0195408,0.0294555,-0.081267,0.365829,0.00806019,0.00403776,-0.0270696,0.0446516,0.00117113,0.00395674],[-0.0347707,-0.00638211,0.246347,-0.150879,-0.265964,0.380441,-0.128078,0.202248,-0.0431203,-0.0112691,-0.630655,-1.80318,-0.032991,-0.0151382,0.0328478,-0.05985,0.115929,-0.0179811],[0.0572163,0.0429346,0.029927,0.0470348,0.217445,-0.130422,-0.0241983,0.465402,0.0465531,-0.0392869,0.042333,-0.471352,-0.0264144,-0.0471412,0.1248,-0.065818,0.0234662,0.00130118],[-0.147928,-0.173707,-0.124228,0.311313,-0.114974,-0.318157,-0.00812936,0.155905,-0.120606,0.0320448,0.638082,0.442617,0.0119534,-0.013614,0.556961,0.215364,0.0757037,-0.0324187],[0.016637,0.194117,-0.00734698,-0.0752698,-0.230111,-0.21515,-0.00751319,0.0398687,-0.106603,-0.0367003,0.0952008,-2.19917,-0.00430364,0.027937,-0.655637,-0.2327,0.0394484,-0.0176975],[-0.0294119,-0.0166985,-0.062333,-0.0933384,-0.0242322,0.0736244,0.0120795,0.00669388,-0.00878591,0.0119488,-0.133318,-0.177468,0.00249469,0.00920139,-0.0645454,-0.00707341,-0.0311837,0.00125275],[-0.00647493,-0.00399802,0.0398414,-0.0182093,-0.00755296,-0.0248596,0.00375863,0.00396762,0.00203772,-0.00369888,-0.0023,-0.0881758,0.000149328,6.6101e-05,-0.00865349,0.000399685,-0.0036045,-0.0011924],[-0.226189,-0.328812,-0.851739,0.903902,-1.12622,-0.676459,-0.208236,-0.18945,-0.0627948,0.185596,-1.09045,-1.27537,-0.119999,-0.0543468,-1.19207,-0.841223,0.0747729,-0.1568],[-0.216014,-0.0920036,-0.52862,-0.459108,-0.540589,-0.471166,-0.19295,-0.282129,-0.119971,-0.180763,1.07319,5.0748,-0.0231354,-0.0110258,2.59425,1.14462,0.169373,0.0387288],[-0.0202859,0.00552241,0.0155537,-0.0153702,-0.030328,0.000768256,0.0028014,0.00267932,0.00345803,-0.013517,0.023705,-0.103662,-0.00916987,0.001477,-0.174056,-0.0286861,-0.0118901,-0.00530209],[0.0235304,0.0346917,-0.173596,0.076487,-0.0242506,0.0559574,0.00925362,-0.01018,0.0146542,-0.0268955,-0.357098,0.418542,0.0236525,0.0501451,-0.246043,0.0423949,0.12333,-0.00303002],[0.0712558,0.179512,-0.115392,-0.320403,0.0309306,-0.0247058,-0.0552405,-0.142243,0.0254752,0.0646996,-0.223089,1.01205,0.0115385,0.0173965,-0.184471,-0.0466055,0.116386,0.0207222],[-0.138943,-0.0553463,0.179374,0.0109447,-0.659439,0.39561,-0.101178,0.0370005,-0.260145,0.0359898,-1.10772,-1.15674,-0.00809929,0.00825629,-0.406185,0.323356,-0.612815,-0.0819889],[0.118328,0.134379,-0.176082,-0.0395756,-0.0567486,-0.0496804,-0.0227151,0.0782618,-0.0538525,-0.0506435,-0.210119,-0.0415732,-0.0146797,-0.0399369,0.424916,0.279961,-0.0701143,-0.0114978],[0.0216464,0.0436618,-0.155046,-0.301508,-0.128295,-0.165626,-0.0209743,0.0978173,-0.00212863,0.00453814,-0.150412,-0.949464,-0.0182301,-0.0237742,0.0544148,0.179629,-0.116261,0.000458554],[0.0203092,0.0111893,0.104947,0.025053,0.0633207,-0.0581179,0.00370721,0.00526502,-0.0158172,-0.0172567,0.0858497,0.249741,0.00178778,0.00160563,0.0317578,0.00841011,0.0359787,0.00174481],[0.00283922,-0.00328527,-0.00050539,0.185052,-0.0920857,0.0398636,0.0311866,0.0521812,0.00456628,-0.0155948,0.0720083,0.276504,-0.00218756,-0.0107245,0.125237,0.0594012,0.0234521,-0.00182284],[0.0243217,0.0161187,-0.0371287,0.0661782,0.257898,0.0865784,-0.00980749,0.0181204,-0.0154965,-6.00816e-05,-0.131406,-0.26729,-0.00152422,0.00538318,-0.0633366,-0.0193736,-0.0257531,-0.00147072],[-0.0372957,-0.0321813,-0.127075,-0.0194859,-0.156127,-0.0120315,0.00489654,0.0199698,-0.0114961,-0.00501338,-0.00803109,0.0373256,0.00253978,0.00180913,-0.0125293,-0.0409435,-0.00222315,0.000809081],[-0.018244,0.0135555,-0.163338,0.340551,-0.148694,-0.177371,0.124718,0.36693,-0.119539,-0.00285075,0.549861,1.40452,-0.00409177,-0.00984662,0.500591,0.0387824,0.170748,-0.016293],[0.0364198,0.00150668,0.0229011,-0.115932,0.141251,-0.0868476,-0.0303231,-0.0926473,0.0396454,0.0377084,-0.227433,-0.433333,0.0486226,0.035981,0.178814,-0.0240073,0.0925113,0.0101394],[0.115516,0.111406,0.324329,-0.0884989,0.279776,0.53066,-0.103976,-0.137336,-0.0834068,0.0342199,-0.291395,0.29276,0.0183575,0.00444001,0.165364,-0.0525926,0.0522861,-0.0186237],[0.0766504,-0.0172531,0.315796,-0.0712793,0.305438,0.0588586,-0.012597,-0.0472614,-0.0537875,-0.0313036,0.0568525,1.68382,0.0595021,0.0282202,0.292905,0.247602,-0.0367037,0.035625],[0.0204684,0.0143536,-0.034397,0.0516814,0.0302698,-0.100524,0.0282587,0.0254598,0.0055361,-0.00419959,0.0556389,0.0139954,0.0012763,-0.000101588,-0.0362179,0.0285386,0.0166602,-0.00437765],[0.00618223,0.000744933,-0.00313298,0.023313,0.0214603,-0.0236602,0.00347358,-0.0019395,-0.00225967,-0.00102798,0.00797416,0.071002,0.000883002,-0.00253532,0.0795526,0.0122032,0.0077935,0.0018276],[0.264265,0.287598,-0.309698,-0.0619976,0.366558,0.718296,0.133878,0.112605,0.127877,0.0513142,0.878493,3.56316,0.00838878,0.0192782,0.626159,-0.0591408,0.286089,-0.0526848],[-0.0331149,0.178527,-0.302648,-0.0355762,0.0176845,0.0987063,0.0994038,0.134981,0.108382,-0.0136915,1.55023,0.54506,-0.00798006,-0.0425002,-0.0516426,-0.0974772,0.192113,-0.038466],[-0.000879602,-0.00758596,0.0123105,-0.0365905,-0.028151,-0.0451689,0.00907812,0.0160387,-0.0027677,-0.00342642,0.0332596,0.120422,0.0024207,-0.00294269,0.0507017,0.0153194,0.00775294,-0.00035028],[-0.0391393,-0.0608858,0.0905424,-0.0655346,-0.00487408,0.0526916,-0.0353857,0.00782731,-0.00869922,0.0118599,0.0644155,-0.330352,-0.0100584,0.00661382,-0.315167,0.0359152,-0.094151,-0.00369654],[0.0452292,0.0387995,0.00467777,0.208144,0.0883159,-0.0434061,-0.0309194,-0.06246,0.000932905,0.0283811,-0.343827,-0.882984,0.00316909,0.0102,-0.280279,-0.0503953,0.0997821,0.0106582],[0.0266452,0.142504,-0.17994,0.0202194,-0.875794,0.200129,-0.115356,-0.347112,0.0291289,0.261306,-0.991183,0.161994,0.0529686,0.091513,-2.2827,-0.0722825,-0.0819054,-0.0959255]],"sigmahat":[[0.510598,0.265066,0.85821,0.489946,0.991867,0.359997,-0.00422715,-0.0504052,-0.0281679,-0.0360222,0.172294,2.48542,0.0236647,-0.046076,1.09039,0.311154,0.100643,0.0222068],[0.265066,0.47897,0.51231,0.118548,0.152083,0.402391,0.0442566,0.087854,-0.0240885,0.0199997,-0.284045,0.503096,0.00258829,0.00769306,0.0116961,0.034146,0.220068,-0.0227918],[0.85821,0.51231,7.77693,1.0528,1.11969,1.44613,-0.333347,-0.166914,-0.155312,-0.285218,-0.297626,1.13685,0.0639405,-0.053612,2.37051,0.876392,0.351635,0.0293628],[0.489946,0.118548,1.0528,4.69368,1.55521,0.770819,-0.0660798,0.197247,-0.183835,-0.203734,0.0171544,0.738334,-0.0339776,-0.0560885,0.011574,-0.287474,0.057331,-0.0451513],[0.991867,0.152083,1.11969,1.55521,8.09014,1.04089,-0.193413,-0.341168,-0.0306571,-0.323192,1.59394,12.2761,0.0313747,-0.221465,5.04024,1.5584,0.12011,0.153055],[0.359997,0.402391,1.44613,0.770819,1.04089,5.67253,-0.212513,-0.316079,0.121996,0.0813582,-3.23955,-3.7431,-0.0317742,0.168683,-3.29787,-0.510823,-0.741803,0.0363261],[-0.00422715,0.0442566,-0.333347,-0.0660798,-0.193413,-0.212513,0.289001,0.268662,0.0185249,0.0722983,0.264815,0.86061,0.0138776,0.00539869,0.0786039,-0.0270488,0.184366,0.00119706],[-0.0504052,0.087854,-0.166914,0.197247,-0.341168,-0.316079,0.268662,0.747325,-0.0491993,0.0150235,0.184053,0.0951201,-0.0304796,-0.031395,0.218169,-0.032063,0.226008,-0.0320529],[-0.0281679,-0.0240885,-0.155312,-0.183835,-0.0306571,0.121996,0.0185249,-0.0491993,0.141616,0.0708564,-0.0606475,-0.241845,0.0115521,0.0210759,-0.368226,-0.000912879,-0.0656916,0.0129217],[-0.0360222,0.0199997,-0.285218,-0.203734,-0.323192,0.0813582,0.0722983,0.0150235,0.0708564,0.269107,-0.647259,-0.251365,0.0570915,0.0750904,-0.36691,-0.111807,0.0492479,0.00357385],[0.172294,-0.284045,-0.297626,0.0171544,1.59394,-3.23955,0.264815,0.184053,-0.0606475,-0.647259,11.6254,21.1187,0.0887606,-0.290243,6.85492,1.81944,0.690153,0.0629341],[2.48542,0.503096,1.13685,0.738334,12.2761,-3.7431,0.86061,0.0951201,-0.241845,-0.251365,21.1187,127.013,1.20543,-0.789005,37.5819,8.17011,4.90897,0.623239],[0.0236647,0.00258829,0.0639405,-0.0339776,0.0313747,-0.0317742,0.0138776,-0.0304796,0.0115521,0.0570915,0.0887606,1.20543,0.0660955,0.0306453,0.417716,0.0741791,0.0555515,0.0201349],[-0.046076,0.00769306,-0.053612,-0.0560885,-0.221465,0.168683,0.00539869,-0.031395,0.0210759,0.0750904,-0.290243,-0.789005,0.0306453,0.0750779,-0.657453,-0.142953,-0.0151929,-0.00157342],[1.09039,0.0116961,2.37051,0.011574,5.04024,-3.29787,0.0786039,0.218169,-0.368226,-0.36691,6.85492,37.5819,0.417716,-0.657453,23.416,4.57642,1.87212,0.373684],[0.311154,0.034146,0.876392,-0.287474,1.5584,-0.510823,-0.0270488,-0.032063,-0.000912879,-0.111807,1.81944,8.17011,0.0741791,-0.142953,4.57642,2.21635,0.200868,0.0995538],[0.100643,0.220068,0.351635,0.057331,0.12011,-0.741803,0.184366,0.226008,-0.0656916,0.0492479,0.690153,4.90897,0.0555515,-0.0151929,1.87212,0.200868,0.993888,-0.0145633],[0.0222068,-0.0227918,0.0293628,-0.0451513,0.153055,0.0363261,0.00119706,-0.0320529,0.0129217,0.00357385,0.0629341,0.623239,0.0201349,-0.00157342,0.373684,0.0995538,-0.0145633,0.0332072]],"n":18,"lags":3}