{"betahat":[[0.707927,0.521036,1.22579,0.939747,-0.636727,-2.36388,0.115893,1.76437,-0.103809,-0.465972,-1.65843,5.79352,-0.0473508,-0.343616,5.12105,2.07996,0.838886,-0.0392012],[0.848896,-0.042329,0.370171,-0.26128,0.266079,0.214228,0.0243582,0.0291149,0.0160932,0.0947168,0.115763,0.902693,0.00933948,0.0315471,-0.0411527,0.0314626,-0.0311848,0.0110898],[0.0215887,0.954017,0.509445,0.106884,0.0509079,0.399584,0.0345638,-0.105107,0.0262006,-0.0112389,-0.391796,-0.111192,-0.00937714,0.000153787,-0.23291,-0.197098,0.0379525,0.0156762],[0.0236386,0.0220664,0.862674,-0.0224319,-0.0551089,0.106224,0.00343633,-0.00854883,0.01191,0.0243629,-0.0974357,0.0714933,0.0119567,0.000428276,0.108669,0.00535276,-0.0141489,0.0010578],[-0.0218509,-0.0156783,-0.244782,0.650511,0.173251,-0.145449,-0.0421248,-0.0684418,-0.0181424,-0.002085,0.166131,0.510679,-0.00443673,-0.0033387,0.0159296,-0.0411485,0.00449348,0.00166098],[0.0331547,0.0518383,0.0136887,0.0808238,0.705379,0.0631258,0.00379564,-0.00875698,0.00207569,0.0266667,0.0265489,0.68267,0.00642107,0.00611342,-0.126975,-0.0113332,0.0687143,-0.00153357],[0.0790499,0.0714199,0.135421,-0.00129372,0.235984,0.864377,-0.00181019,-0.00853731,-0.00738845,-0.0242331,0.0954542,-0.423774,-0.0113617,-0.00632201,0.0323501,0.000296627,-0.00171315,-0.00464288],[0.0526254,-0.00725792,-0.0994576,-0.191686,0.384748,-0.253653,1.0146,-0.557085,0.164362,0.0159632,0.129487,0.472311,0.0384617,0.0225691,-0.536918,0.0104933,-0.275234,0.0330719],[-0.0424333,0.0303023,0.0500247,0.0742167,-0.28175,0.273197,0.0429961,0.592992,-0.098752,-0.0090622,0.229811,1.43644,-0.020509,0.00613031,-0.170221,0.143758,-0.0581652,-0.0100369],[-0.0492279,-0.024542,-0.442423,-0.194985,-0.19213,-0.387572,0.183247,0.0414671,1.13796,-0.0772288,-0.130824,-0.557781,-0.0113585,0.0241354,-0.743381,-0.217309,-0.159777,0.0421346],[-0.11192,-0.189045,-0.289095,0.151299,-0.0223186,0.185941,0.050986,0.000986107,0.163084,1.0358,0.00199017,0.339376,-0.0578389,-0.0536869,0.272971,-0.0255429,0.0323088,-0.0191508],[0.00825856,0.00184399,0.100655,0.0415122,-0.00418416,0.0224805,-0.0426844,-0.0335007,0.00286923,-0.00822009,1.08043,0.142234,-0.0042978,-0.00892803,0.0959575,-0.0224863,0.0143783,0.0022669],[0.000987495,0.00440723,-0.0348425,-0.00673426,-0.0173143,0.0522962,-0.00757287,-0.0023799,-0.000125565,0.00467445,-0.0104242,1.00152,-0.0009678,0.0026092,-0.0729065,-0.0133791,-0.00531672,-0.000625829],[0.00269994,0.0269643,1.48711,-0.796815,0.770492,0.0273845,0.0630554,0.10442,-0.0750152,-0.275062,0.44323,-2.89316,1.07086,0.0133323,0.567139,1.05258,-0.385972,0.215654],[0.306672,-0.0580962,0.903109,0.482814,0.600485,0.457814,0.103423,0.184762,0.0210313,0.171976,-2.51078,-5.48491,0.0196211,1.03347,-2.6172,-0.993019,-0.397641,-0.010093],[0.020481,0.000416398,-0.0335416,0.0498689,0.0590521,0.0453871,-0.0113364,-0.0195573,0.000369807,0.0180196,-0.0534892,0.00145704,0.00764508,0.00176046,1.12895,0.011892,0.00213574,0.00625027],[0.0888988,0.0789039,0.244482,0.124083,0.168818,0.199809,0.0625567,-0.0183939,0.0103892,0.0262272,0.131219,0.0627934,-0.0107221,-0.0331356,0.342857,0.670318,-0.0475605,0.0287505],[-0.0664255,-0.0667971,-0.286903,-0.0515252,-0.156645,0.603222,0.246379,0.261037,0.0879914,0.0891878,0.0976251,1.00994,0.0374636,0.0347421,0.313624,0.242536,0.627676,0.00332037],[0.108297,-0.0445779,-0.0402763,0.0668889,1.36814,-0.475969,0.271803,0.357233,0.224086,-0.230457,2.10363,0.592295,-0.070368,-0.0669472,2.50347,-0.463183,0.774627,1.13281],[0.0252465,-0.0927948,-0.197239,0.292144,-0.238652,-0.147235,-0.000414306,-0.115797,0.0410497,-0.0393559,0.0849589,-0.962978,0.00558529,0.0134822,-0.462922,-0.341258,0.0959584,-0.00038714],[-0.0377822,0.00301993,-0.363728,0.166972,0.100963,-0.247293,-0.0167974,-0.000474912,-0.0207547,0.00912536,0.528854,1.16183,0.0282229,0.0222327,0.229031,0.0333764,0.0766211,-0.0139547],[-0.0426839,-0.0309242,0.0273861,-0.00122913,-0.0104632,-0.0439455,-0.00732741,0.00177677,0.00374271,-0.00653706,0.00949173,-0.330003,-0.0137265,-0.00229239,-0.145767,-0.0139881,-0.0240833,-0.00310898],[0.0168315,0.0173953,0.233947,0.163588,-0.0813026,0.112065,0.0112072,0.0177154,0.0147376,0.0179572,-0.24796,-0.792243,0.00670572,0.0158755,-0.151926,-0.0220066,-0.0285922,0.000225285],[-0.0580893,-0.0697848,0.0180942,-0.148584,0.0392418,-0.151293,0.0056512,-0.0107618,0.0137983,-0.0281864,0.108524,-0.435382,-0.00560183,-0.0125873,0.192588,0.0326623,-0.0458706,0.00320411],[-0.0421046,-0.0402345,-0.00599226,0.0240811,-0.0751868,0.155347,-0.00245336,-0.00966997,0.0203913,0.0283322,-0.0926998,0.35605,0.00793342,0.0039506,-0.0292959,0.0479984,-0.000172808,0.00459973],[-0.0315694,-0.00345966,0.248619,-0.159154,-0.21127,0.428239,-0.136004,0.184515,-0.0419514,-0.00786166,-0.687775,-1.8263,-0.0340655,-0.0135665,0.0542418,-0.0292552,0.107865,-0.0145774],[0.0562302,0.0402075,0.0141834,0.0507533,0.218984,-0.13995,-0.0222822,0.468497,0.0458678,-0.0389496,0.0486511,-0.487044,-0.0250372,-0.0468308,0.104215,-0.0729319,0.0210024,0.000403994],[-0.151741,-0.179254,-0.163655,0.321967,-0.126586,-0.352629,-0.0050023,0.146586,-0.125441,0.0359675,0.750166,0.675304,0.0128597,-0.0130324,0.562537,0.20127,0.0855135,-0.0331986],[0.0391252,0.215153,0.0124157,-0.0592932,-0.260735,-0.215018,-0.00113022,0.0418095,-0.101139,-0.029264,0.117651,-2.06346,9.32337e-06,0.029866,-0.640018,-0.229247,0.0463426,-0.0199898],[-0.0289616,-0.0145061,-0.0682349,-0.0941543,-0.0334127,0.0810757,0.0152707,0.00894484,-0.00830436,0.0128804,-0.145084,-0.14475,0.00272206,0.00922281,-0.0693396,-0.00678123,-0.0289289,0.00160078],[-0.00690437,-0.00479217,0.0377527,-0.0166013,-0.00665699,-0.0283282,0.00402823,0.0039871,0.00243533,-0.00366358,0.000898556,-0.0820158,0.000259164,-4.31864e-05,-0.00785003,-0.000265861,-0.00332794,-0.00114556],[-0.233871,-0.344817,-0.876259,0.874648,-1.0968,-0.639802,-0.231172,-0.206023,-0.0694897,0.191194,-1.09761,-0.973741,-0.116382,-0.0595406,-1.05764,-0.773336,0.040709,-0.154386],[-0.220597,-0.104604,-0.596662,-0.41931,-0.521183,-0.467402,-0.185528,-0.276366,-0.132186,-0.1788,0.987861,4.89383,-0.0279788,-0.0134646,2.5519,1.12273,0.14484,0.0401183],[-0.0190158,0.00806351,0.0210725,-0.0130998,-0.0288554,0.00204162,0.00184854,0.00376214,0.00224673,-0.014625,0.0186812,-0.122869,-0.0101426,0.000927909,-0.178028,-0.0279506,-0.0111982,-0.00591197],[0.0231715,0.0395171,-0.181339,0.0767919,-0.023579,0.0593611,0.00805175,-0.00654559,0.0121726,-0.0307019,-0.343733,0.398119,0.0219805,0.0516879,-0.267496,0.0383065,0.128464,-0.0041535],[0.0754089,0.17974,-0.101919,-0.299127,0.0228023,-0.037309,-0.0562591,-0.144564,0.0236346,0.0605752,-0.178508,1.02012,0.0129337,0.0174667,-0.169714,-0.0466608,0.116229,0.01905],[-0.150426,-0.0729065,0.227903,-0.118017,-0.639781,0.357042,-0.11562,0.0030858,-0.254877,0.0381387,-1.14774,-1.24001,-0.00270946,-0.00250976,-0.262321,0.403578,-0.661642,-0.0708776],[0.125837,0.135113,-0.173,-0.0308639,-0.027476,-0.0670358,-0.0239348,0.086677,-0.0571443,-0.0553568,-0.200705,0.0602291,-0.0149236,-0.0450324,0.504153,0.309772,-0.0647632,-0.0107002],[0.0161735,0.0429506,-0.145789,-0.273854,-0.151917,-0.152338,-0.0177558,0.105574,-0.00544787,0.00212039,-0.137031,-1.05067,-0.018843,-0.0223906,0.00400986,0.163702,-0.114558,-0.00171747],[0.0190141,0.00882999,0.109761,0.0236557,0.0655281,-0.0623487,0.00390185,0.00675806,-0.0156483,-0.0178209,0.0879434,0.25836,0.00176713,0.00186048,0.0370825,0.00859385,0.0382214,0.00205189],[0.00498693,-0.00173295,0.0107242,0.185872,-0.0920226,0.0333175,0.0309309,0.0507146,0.00340288,-0.0158614,0.0818497,0.281507,-0.00226592,-0.0125418,0.13614,0.0631209,0.0241191,-0.00188131],[0.0249131,0.0179332,-0.0318483,0.0677529,0.255282,0.0881187,-0.0094403,0.0195133,-0.0158736,0.00152081,-0.135061,-0.247438,-0.000820045,0.00647222,-0.0656086,-0.0213647,-0.0228471,-0.00167077],[-0.0369798,-0.0312138,-0.129573,-0.0227839,-0.160867,-0.0198093,0.00427394,0.0181805,-0.0130017,-0.00408925,-0.00273992,0.0674628,0.00342925,0.00236513,-0.00294009,-0.0483361,0.00188181,4.73823e-05],[-0.0214205,0.0104091,-0.150681,0.351104,-0.173459,-0.174837,0.121485,0.372232,-0.122458,-0.00782792,0.558863,1.3554,-0.00431867,-0.00909174,0.485747,0.0185048,0.167654,-0.018415],[0.0339145,0.00146279,0.0417177,-0.130011,0.135245,-0.0855421,-0.0346074,-0.10327,0.0411865,0.0378224,-0.214765,-0.478148,0.0499388,0.0374938,0.161658,-0.0269446,0.0913934,0.0108364],[0.123857,0.115789,0.341484,-0.0915708,0.305381,0.539271,-0.105177,-0.146485,-0.0837614,0.0310808,-0.321105,0.189782,0.0167334,0.00438492,0.139665,-0.0530088,0.0496291,-0.0195544],[0.0633322,-0.0246498,0.309524,-0.0807411,0.302792,0.0499537,-0.0171126,-0.0327304,-0.0570242,-0.0384878,0.0383075,1.49089,0.0550901,0.024271,0.279565,0.25322,-0.043509,0.0376822],[0.0208832,0.0127567,-0.0314129,0.0531162,0.0375107,-0.102219,0.0270564,0.0242901,0.00537419,-0.00477219,0.0624925,-0.00391868,0.00143802,-0.000248064,-0.0290731,0.0289007,0.0139262,-0.00395071],[0.00596197,0.000589848,-0.00232235,0.0241083,0.0216977,-0.0225734,0.0032213,-0.00192342,-0.0025124,-0.00108639,0.00671036,0.0604222,0.000590826,-0.00240649,0.0757635,0.0122711,0.00756178,0.0017127],[0.271074,0.306925,-0.380954,-0.0777592,0.343266,0.734281,0.160832,0.143918,0.133326,0.0562642,0.92408,3.81998,0.0113305,0.0246246,0.594427,-0.115747,0.302451,-0.0569778],[-0.0352127,0.147314,-0.192967,-0.024746,0.0513033,0.0675372,0.0832277,0.1141,0.106043,-0.0332483,1.68246,0.540543,-0.0120303,-0.0483581,-0.0237671,-0.0667877,0.183591,-0.0398967],[-0.00192625,-0.00853768,0.010641,-0.036556,-0.0306906,-0.047503,0.00972754,0.0156641,-0.00255834,-0.00295783,0.0338575,0.119746,0.00253458,-0.00259807,0.0495209,0.0152962,0.00964327,-0.000325715],[-0.0379076,-0.0640657,0.0988938,-0.0663101,-0.000783673,0.0435796,-0.0366889,0.00938074,-0.0104897,0.0112813,0.08482,-0.278581,-0.00998157,0.00386135,-0.276534,0.0383553,-0.0942714,-0.00402018],[0.041825,0.03444,0.00202439,0.190316,0.095144,-0.0427664,-0.038428,-0.0665447,-0.00360231,0.0239323,-0.346757,-0.915395,0.00237742,0.00937783,-0.272309,-0.0475571,0.0912086,0.0113135],[0.0317981,0.151829,-0.109458,0.0697093,-0.898978,0.198146,-0.130559,-0.336363,0.0250068,0.25144,-0.915342,0.168414,0.0523671,0.0875643,-2.21756,-0.0561004,-0.068106,-0.0988326]],"sigmahat":[[0.514548,0.268792,0.85163,0.479894,0.995647,0.367075,-0.00393812,-0.0512157,-0.0275681,-0.0350593,0.174591,2.56299,0.0235374,-0.0472747,1.10177,0.315411,0.100172,0.0220617],[0.268792,0.476906,0.501484,0.116413,0.167411,0.400445,0.0446489,0.0887844,-0.0232476,0.0217563,-0.282709,0.600063,0.00427821,0.00743203,0.0406327,0.0298109,0.22556,-0.0219053],[0.85163,0.501484,7.59791,1.03793,1.10637,1.37772,-0.334698,-0.167998,-0.15697,-0.284802,-0.224162,1.55477,0.0643246,-0.0553843,2.51864,0.905882,0.358273,0.0286144],[0.479894,0.116413,1.03793,4.66816,1.50521,0.729635,-0.0606298,0.194498,-0.184554,-0.200233,-0.0240417,0.693944,-0.0336418,-0.0566338,-0.0293569,-0.319849,0.0571206,-0.0449929],[0.995647,0.167411,1.10637,1.50521,7.90065,1.004,-0.179627,-0.340849,-0.0279149,-0.314289,1.58129,12.2087,0.0316742,-0.21952,4.89287,1.51489,0.102929,0.146201],[0.367075,0.400445,1.37772,0.729635,1.004,5.69697,-0.209623,-0.345357,0.12683,0.0784961,-3.20877,-3.59627,-0.031096,0.171539,-3.32935,-0.510433,-0.763305,0.0350405],[-0.00393812,0.0446489,-0.334698,-0.0606298,-0.179627,-0.209623,0.289491,0.269941,0.0171459,0.07487,0.255215,0.874534,0.0151316,0.0064096,0.0858928,-0.0346607,0.192303,0.00217048],[-0.0512157,0.0887844,-0.167998,0.194498,-0.340849,-0.345357,0.269941,0.751383,-0.0529274,0.0158268,0.204363,0.11244,-0.0294176,-0.0312395,0.243948,-0.0548198,0.244869,-0.0316853],[-0.0275681,-0.0232476,-0.15697,-0.184554,-0.0279149,0.12683,0.0171459,-0.0529274,0.143398,0.071455,-0.0618462,-0.240625,0.0114657,0.0215585,-0.376714,0.002345,-0.0671296,0.0124202],[-0.0350593,0.0217563,-0.284802,-0.200233,-0.314289,0.0784961,0.07487,0.0158268,0.071455,0.269533,-0.646896,-0.238241,0.0580992,0.0759695,-0.359924,-0.111269,0.0508427,0.00406201],[0.174591,-0.282709,-0.224162,-0.0240417,1.58129,-3.20877,0.255215,0.204363,-0.0618462,-0.646896,11.5123,20.7994,0.0909083,-0.288592,6.7314,1.80312,0.703361,0.0613746],[2.56299,0.600063,1.55477,0.693944,12.2087,-3.59627,0.874534,0.11244,-0.240625,-0.238241,20.7994,126.699,1.2242,-0.76105,36.8571,7.94638,4.94143,0.614542],[0.0235374,0.00427821,0.0643246,-0.0336418,0.0316742,-0.031096,0.0151316,-0.0294176,0.0114657,0.0580992,0.0909083,1.2242,0.0668945,0.031858,0.411019,0.073374,0.0570677,0.0200848],[-0.0472747,0.00743203,-0.0553843,-0.0566338,-0.21952,0.171539,0.0064096,-0.0312395,0.0215585,0.0759695,-0.288592,-0.76105,0.031858,0.0762664,-0.654541,-0.142377,-0.0147038,-0.00127324],[1.10177,0.0406327,2.51864,-0.0293569,4.89287,-3.32935,0.0858928,0.243948,-0.376714,-0.359924,6.7314,36.8571,0.411019,-0.654541,23.1002,4.48033,1.88107,0.360277],[0.315411,0.0298109,0.905882,-0.319849,1.51489,-0.510433,-0.0346607,-0.0548198,0.002345,-0.111269,1.80312,7.94638,0.073374,-0.142377,4.48033,2.19994,0.181238,0.0957328],[0.100172,0.22556,0.358273,0.0571206,0.102929,-0.763305,0.192303,0.244869,-0.0671296,0.0508427,0.703361,4.94143,0.0570677,-0.0147038,1.88107,0.181238,1.01383,-0.0156323],[0.0220617,-0.0219053,0.0286144,-0.0449929,0.146201,0.0350405,0.00217048,-0.0316853,0.0124202,0.00406201,0.0613746,0.614542,0.0200848,-0.00127324,0.360277,0.0957328,-0.0156323,0.0325709]],"n":18,"lags":3}