{"betahat":[[-2.72716,-3.96141,17.5365,-6.40171,-7.32213,4.89237,1.97043,6.10749,-1.1891,1.16766,-2.13594,15.7839,-6.10521,60.8317,2.29496,2.0855,29.5143,0.404329,-3.3371,4.12926,-17.4944,21.5277,1.60149,-31.7361,-3.95476,2.81211],[-0.174712,-0.898794,-2.75467,-2.48595,2.675,-2.85062,-0.536475,-2.81869,-0.0624096,-0.118377,-0.0385875,-0.590561,7.04833,17.5753,0.197472,-0.12755,4.44255,0.141674,-0.0517761,-1.08467,-2.93457,1.12457,-0.26169,3.08568,-0.709427,0.0124488],[-0.349468,-0.956113,-0.904139,-1.1168,2.20322,2.53018,-1.25046,-2.17266,-0.0858703,-0.104571,-0.0997055,-0.00537336,1.28256,4.69704,-0.127183,-0.152238,-1.53184,-0.0326926,-0.463483,-0.811443,-3.10489,0.774335,-0.0208202,-0.603859,-1.48813,0.0132704],[-0.362577,-0.658575,-0.435649,-2.14744,1.02641,1.93218,-1.28857,-2.66767,-0.0241412,0.026051,-0.0622401,-0.920114,-2.58114,-7.86574,0.0824939,0.126162,-2.18761,0.121395,-0.453453,-0.783889,-3.96881,1.52966,-0.289599,-1.09573,-1.18307,0.0333493],[0.807691,0.0370967,0.263112,-0.179814,0.872171,0.726616,0.0380156,0.0320255,-0.0158771,0.108081,0.185913,0.108089,-0.151007,1.24631,0.0410199,0.0575942,-0.0826641,0.0772787,0.0844727,0.130989,-0.413948,0.213447,0.05696,-0.461748,-0.071841,0.0290417],[-0.0478947,0.75646,0.630272,0.0150997,-0.242226,0.118062,-0.00628401,-0.0275583,0.0524692,-0.0121087,0.0168772,0.126174,-1.21841,-4.53756,-0.0274524,0.058814,-1.60866,-0.0557047,0.0410798,0.117907,-0.0380587,0.284735,-0.0166592,-0.565326,0.0866869,-0.0346305],[0.028025,0.0139141,0.829637,0.0710085,-0.114635,0.128679,0.0161424,-0.00739128,0.00473124,0.00328418,-0.00225256,-0.0172916,-0.0428105,0.195176,0.00787244,-0.00647273,0.150787,-0.0578579,-0.00299036,0.0228279,0.179635,-0.0542794,0.0102437,0.206389,0.0131511,0.00546691],[-0.0383522,-0.0344464,-0.254412,0.577581,0.066603,-0.249944,-0.0122505,-0.0132907,-0.028824,-0.0167838,-0.0125089,0.0639515,0.138167,0.373324,-0.00758742,4.4797e-05,-0.0934125,-0.00164301,0.00752306,-0.0253789,-0.173248,0.00446239,-0.0439221,-0.0897718,0.0156915,-0.00136467],[0.0363017,0.0480134,0.066105,0.123239,0.569466,0.147947,0.000577774,-0.00898558,0.0131697,0.00902157,0.0372229,0.00994349,0.0523095,1.12654,0.0188585,0.0103757,0.00444628,0.0123562,0.00876613,0.00342426,0.139575,0.0468794,-0.00557307,0.1764,0.0875075,0.0107503],[0.0658178,0.0266826,0.0137446,-0.0524559,0.302124,0.69035,-0.00430077,-0.0175512,-0.0208658,0.00253686,-0.0542831,0.00148761,0.210324,0.172623,-0.00472564,-0.0118361,0.259122,-0.0197895,-0.0295526,0.0136695,0.152061,0.0751392,0.00940502,0.0508593,-0.0212066,0.00745687],[0.289901,0.215557,0.742139,0.680367,-0.217167,-1.06444,1.12022,-0.0508891,0.155432,0.164438,0.049956,-0.118668,-0.230907,-1.55439,0.0560803,0.0514383,0.115782,0.0911717,0.126598,0.257826,0.758811,0.1773,0.176004,1.2694,0.239092,0.0309346],[0.00647919,0.211159,0.635881,0.511652,-0.847998,1.27963,0.00337287,0.835758,-0.160325,-0.0942623,-0.0718747,0.282254,-0.872372,-3.46167,-0.101427,-0.0263047,-1.17856,-0.128745,-0.105307,0.0843309,-0.974057,-0.0824545,-0.212505,-0.556372,0.0641016,-0.0328008],[-0.0964104,-0.23454,-0.705775,-0.052201,-0.558513,-0.435595,0.0304384,0.0827856,0.918951,0.134564,0.0720816,-0.257594,0.342164,3.49638,0.151171,0.0380249,1.97926,-0.0699962,-0.270783,-0.166094,-0.830262,0.175224,-0.0597792,-0.73232,-0.143274,0.12621],[-0.603171,-0.146934,-1.17937,-1.42376,-2.08714,-0.475151,0.157302,0.101079,0.18841,1.08468,0.108762,-0.29718,-0.911811,-10.9856,-0.0782394,0.119233,-3.90346,0.000128257,0.139542,-0.0274412,1.00393,1.16008,0.299793,-0.892792,-0.458161,-0.0259097],[-0.260127,-0.242081,-0.907094,0.196542,0.232918,0.0819212,0.213376,0.0384044,0.237903,0.15729,0.831723,-0.151635,0.470207,4.86316,-0.00518315,0.00833583,-0.129331,-0.0160935,-0.111263,0.0757191,-0.641343,-0.0567985,0.389264,-0.632096,0.44575,-0.00550473],[0.0764073,-0.00196068,0.365927,0.255823,-0.17185,-0.0771363,-0.00888792,-0.0233736,-0.0430942,-0.0228892,-0.0180268,0.272877,0.322384,1.09046,0.0803787,0.0309684,0.378964,-0.0680752,-0.000184826,-0.00479056,0.412338,0.260637,-0.0089908,0.539694,0.0891574,0.0339071],[0.0233835,0.0169159,0.154632,0.0650603,0.0375329,1.66506e-05,-0.021267,-0.00665041,0.00545671,0.00119479,-0.00368671,0.000643584,0.885293,0.53906,0.00704037,-0.00351133,0.282921,-0.00610057,-0.00681517,0.0298458,0.232335,-0.0634039,0.000518491,0.0486066,0.0653675,0.00869071],[-6.80717e-05,0.00698864,-0.03247,0.0105118,-0.0458909,0.0356651,0.00563362,0.00519683,0.000104025,0.00371225,0.0101963,0.01016,-0.00580189,0.799321,-0.00432454,0.00249358,-0.0946676,-0.00373962,0.00812408,-0.00315896,-0.0443631,-0.0186591,-0.00409093,0.0291108,0.00345721,-0.00262789],[0.0546362,0.123799,2.14621,-1.23279,2.12514,-0.505242,-0.250852,0.00532997,-0.230692,2.25416e-05,-0.490559,-0.429713,2.04419,-5.77352,0.94736,-0.063342,1.56669,0.133392,0.25419,-0.0890154,-1.66299,1.06311,-0.215735,0.457307,-0.39157,0.258365],[0.522322,-0.269171,0.974499,0.794608,-0.301851,0.0660891,0.216299,0.00284455,-0.0200128,0.0301082,0.463495,-0.420819,-3.41874,-8.34061,0.103653,0.899752,-3.27783,-0.146909,-0.399801,0.205224,4.05874,-0.731826,-0.002159,0.482294,-0.452491,-0.0512859],[0.0172163,-0.00318666,-0.0905882,0.0167036,0.0655404,0.00612996,-0.0018604,-0.00810012,0.00303128,0.00474958,0.0185484,-0.0243373,-0.110827,-0.124783,0.00723671,-0.00452459,1.06003,0.012008,-0.00900641,0.00590559,-0.00350904,0.0543827,0.00518068,-0.0858831,-0.000765941,0.00508916],[0.313681,0.263772,-1.41764,-0.206849,0.594647,-0.26631,0.22683,0.014027,0.15222,0.185949,0.0838675,0.0750521,-0.0953321,1.5205,-0.0775805,-0.134765,0.44956,0.489109,0.301623,0.0455324,3.04227,-0.0931415,0.207144,1.01202,-0.0602154,0.0274529],[-0.0440157,-0.208061,0.694722,-0.133086,1.32535,0.453681,-0.059909,0.00703086,-0.0248459,0.0616853,-0.0935408,0.162122,0.456718,1.15549,-0.0553567,-0.157747,2.30248,0.183415,0.319725,0.0515359,-0.76688,0.390255,-0.046556,-0.695737,-0.22245,-0.00594051],[-0.119677,0.261269,-0.309205,0.0337854,0.155568,0.619658,0.0421376,-0.0657206,0.357066,0.143306,0.4245,0.72349,-1.44658,3.77506,0.133426,0.198413,-1.46697,0.204906,0.214999,0.712217,2.09675,-0.206161,0.304432,-0.4978,0.649914,-0.000699184],[-0.000556862,0.0141605,-0.058766,-0.0491462,-0.0380117,0.00467218,0.00610959,-0.00944791,-0.00795178,-0.00776653,0.0249978,-0.0437297,-0.327923,0.0182891,-0.00779112,0.00336683,0.0643749,-0.00613463,0.0169791,-0.0274856,-0.10298,-0.0257781,-0.00774204,0.0742746,0.00403272,-0.00742332],[0.0162466,0.00685892,0.0181744,-0.271244,0.221892,-0.153944,0.0175616,0.0340433,0.0142166,0.0172671,0.0567104,-0.0977264,-0.0650156,-0.655189,0.00425857,0.0028504,0.100691,0.00969597,-0.0199109,0.0051418,-0.360943,0.865609,-0.0195491,0.012755,0.0383388,-0.0133747],[0.168004,0.0727668,0.094776,0.799838,1.64185,0.434668,-0.0736783,-0.0547713,-0.124828,-0.0657316,-0.372265,0.105924,-0.30308,1.00441,-0.154843,-0.156489,-0.244489,0.00485574,-0.193678,-0.0154929,0.35659,-0.835269,0.767717,0.56163,0.10112,-0.0490265],[0.00191701,0.00768653,-0.124429,0.0376577,-0.18467,0.0292758,0.0429256,-0.0179973,0.011675,0.00686377,0.00611137,0.0508015,0.238617,1.02543,0.0181018,-0.00585859,0.256393,-0.0195042,-0.0127547,0.00110235,0.00103634,-0.0382897,0.00943604,0.562688,-0.0411457,0.0142454],[-0.209534,-0.179588,-1.09786,-0.749742,-0.320782,1.35706,0.0302246,0.0858888,0.0715769,-0.00127651,0.0451123,-0.645581,-1.01326,-2.94915,-0.0214826,0.0610999,-1.71459,0.00982804,-0.160558,-0.085773,-0.886505,-0.0468595,0.0722818,-1.36073,0.0129873,-0.0300182],[0.578713,-0.205924,3.2344,2.00885,0.999708,0.0543247,-0.159971,-0.0419706,0.391962,0.300233,-0.228792,1.07704,2.71002,4.82329,-0.0851086,-0.0275085,3.62402,-0.0401343,0.539695,0.269464,-1.89907,0.135433,0.668953,3.49851,0.334749,1.03655],[0.0734351,-0.134061,-0.0764115,0.131876,-0.551888,-0.59212,-0.00896444,-0.130426,0.0460614,-0.0514652,-0.0790541,-0.0524658,0.382654,-1.66303,-0.0172808,-0.00821041,-0.220969,-0.105377,-0.0864555,-0.0770504,-0.139689,-0.28084,-0.0515389,-0.0584585,0.0948046,-0.0135005],[-0.0430396,0.0716508,-0.508384,0.270324,0.203989,-0.307538,0.0451381,-0.0103181,-0.0546008,-0.0305401,0.000675757,-0.0968794,1.32191,4.74262,0.0231964,-0.0376361,1.28273,0.0517522,-0.0135879,-0.0447137,-0.671337,-0.0502224,-0.031702,0.346185,0.0408608,0.0190416],[-0.042558,-0.0112568,-0.00288046,-0.0363916,-0.0261359,-0.0518105,-0.00410369,-0.00665739,0.00597516,0.00983189,0.00460418,0.0203367,0.0344437,-0.249849,-0.000375009,0.00468967,-0.138923,0.0299664,-0.0137765,-0.0212774,-0.181956,0.0463813,-0.00463703,-0.0754274,-0.028212,3.98593e-05],[0.0223373,0.037937,0.178957,0.186059,0.0324853,0.142526,0.00607184,0.0121857,0.0278627,0.00992982,0.0253261,-0.0572003,-0.18415,-0.740717,0.00804312,0.0174488,-0.207579,0.00994367,0.00213471,0.0178708,0.100174,0.0132524,0.0169862,0.0425693,-0.0128201,-0.00617963],[-0.0375968,-0.0512552,0.132401,-0.14866,0.0991539,-0.19622,0.0100602,-0.0119412,0.00707238,-0.00832333,-0.0510805,0.0396548,0.174359,-0.272869,-0.01089,-0.0235693,0.364331,0.00598879,-0.00479081,-0.00779679,-0.132207,0.00243522,0.00874592,-0.000107201,-0.0382704,-0.00402436],[-0.052703,-0.0292249,0.0473485,0.067985,-0.120252,0.259913,0.0087959,0.0106966,0.029218,-0.000718165,0.0380588,0.0442378,-0.149212,0.0807589,0.00202893,0.00471941,-0.180231,-0.0063447,0.0165457,-0.014889,-0.027766,-0.048537,-0.005559,0.0227842,0.017938,-0.00130849],[-0.190165,-0.147812,-0.202608,-0.603877,-0.125551,0.647051,-0.144427,-0.0238565,-0.0364033,-0.0680651,-0.0263469,-0.0356789,-0.0966022,-0.0484301,-0.0364418,-0.0281991,-0.174366,-0.121528,-0.112893,-0.137886,-0.406471,-0.167539,-0.0460256,-0.760155,-0.120324,-0.017386],[0.0917161,0.132629,-0.528624,-0.103511,0.712075,-0.801219,-0.0147232,0.0894407,-0.0216938,-0.0464225,-0.107944,-0.0528039,0.923077,2.85731,-0.00145587,-0.0574413,1.22018,0.1584,0.0545685,-0.0925431,-0.279959,0.157739,0.0110755,-0.00714072,0.0449168,-0.00362302],[-0.0477663,-0.149939,0.151219,-0.0768976,0.330133,-0.0898838,-0.00555685,-0.0417936,-0.0854441,-0.06816,-0.0089944,0.429431,0.702821,0.668441,0.0502395,0.0375853,0.376056,0.20159,-0.0931225,-0.0224531,-0.429176,-0.141147,-0.0948151,-0.893152,0.101218,-0.027418],[0.266232,0.0918165,0.160581,0.697101,1.84503,0.463454,-0.115854,-0.0647637,-0.131903,-0.158386,-0.180632,0.201884,0.781746,4.30097,-0.119173,-0.208232,1.86344,-0.0314084,0.0325717,0.0173571,-1.51033,0.464603,-0.159548,0.0378209,0.0282195,-0.0138369],[0.0924317,0.214006,0.852873,-0.194163,-0.465262,0.26978,-0.0737065,-0.0948246,-0.127785,-0.0247381,0.0444505,0.0681901,0.390829,-3.34831,0.0112249,0.0333122,-0.459875,-0.0220093,0.105927,-0.0198527,0.480596,-0.521998,-0.194017,0.556812,-0.265681,0.00119938],[-0.0641056,0.0242396,-0.279757,-0.284552,0.0380594,-0.0585616,0.010094,0.0165969,0.0513462,0.0102043,-0.00847417,0.610023,-0.106492,-0.126843,-0.0400039,-0.0233475,0.118121,0.0173384,0.0513914,-0.000543353,-0.461307,0.00577199,-0.0044693,0.0530331,0.0669011,-0.0121983],[-0.0304475,-0.016315,-0.134181,-0.141641,0.0135647,0.0498362,0.0142534,0.00559812,-0.0113822,-0.00577674,0.0104021,-0.0268957,0.0543156,-0.315687,-0.00443916,-0.000530259,-0.113852,-0.000798794,-0.00584369,-0.0215143,-0.136261,0.0654226,-0.00170262,-0.0562563,-0.0362886,-0.00427758],[0.00161646,0.00117131,0.0577498,0.00907265,-0.0160041,-0.0172979,-0.00552948,-0.00260731,0.000806404,-0.00135949,-0.00510315,-0.00360994,-0.0139866,0.0326853,0.00136898,0.000285047,-0.0130657,0.00217074,0.00488288,0.00673924,0.05762,0.00510943,0.00143929,0.0459426,0.00286716,-0.00164515],[-0.32513,-0.300956,-1.74878,0.873759,-2.22448,-0.200104,0.109771,0.141698,-0.0616964,-0.125652,0.340031,0.294539,-4.37701,-7.47477,-0.23772,0.0083559,-4.49036,-0.0850093,-0.193212,-0.0974703,3.00705,0.130046,-0.400666,-1.28032,-0.189744,-0.190921],[-0.281261,-0.166953,-0.262895,-0.808491,0.628466,-0.421563,-0.121392,0.0850717,-0.1122,-0.0974629,-0.467761,0.179596,2.43239,6.78533,-0.135673,-0.111465,3.95008,0.234552,0.294474,0.0751642,-3.74387,0.821371,-0.0473748,-0.248918,0.0115158,-0.0269337],[-0.0273014,0.00449471,0.0186251,0.0572944,-0.071149,0.0203825,-0.001606,0.00479615,-0.00234298,-0.00767417,-0.0160258,0.0255237,0.0249644,-0.0291725,-0.00779394,0.00883167,-0.163708,-0.00381514,0.0100191,-0.00494762,0.0236716,-0.0579182,-0.0101069,0.0912979,0.00207685,-0.00669053],[-0.353873,-0.292236,0.104658,-0.789621,-1.64223,-0.733287,-0.0511017,-0.105281,-0.114094,-0.0623297,-0.220131,-0.125715,1.28134,1.05557,0.049322,0.0518851,-0.622197,-0.149116,-0.0116716,-0.00142177,-2.34453,-0.571873,-0.130283,-0.426664,0.268373,0.0098737],[0.41235,0.283489,0.664473,0.178308,-0.111993,0.167699,0.0663826,-0.00235322,-0.0505591,-0.0615287,0.106052,0.0347618,-0.890501,1.73345,0.115261,0.0353093,0.574616,0.0261596,0.175398,-0.0663508,1.85979,-0.39633,-0.0448985,1.36076,0.199037,0.0563815],[0.320277,0.0165305,1.30496,-0.0433651,-0.230329,-0.216744,-0.157955,0.060315,-0.160852,-0.096783,-0.206114,0.18183,0.350519,-3.0695,-0.119475,-0.143611,1.34332,-0.214071,0.0441981,0.0193219,-0.505968,0.426997,-0.164849,1.05847,-0.550729,-0.0111248],[-0.00373263,0.00546699,-0.111,-0.013171,0.00670781,-0.0887913,-0.0019482,0.00956837,-0.00527498,-0.00837465,0.00736136,0.00837213,-0.207901,-0.00676208,-0.00184098,-0.00251459,0.00150241,-0.000595046,0.00307564,0.00115136,0.197462,-0.0526882,-0.014289,0.0181125,0.0314182,-0.000274096],[0.0580929,0.00768968,0.324252,0.219192,-0.131243,0.271413,0.0207202,-0.0786529,-0.034251,-0.0156086,-0.0475879,0.222451,0.0340206,1.10731,-0.00901478,0.00290706,-0.0238495,0.0296609,0.0210004,0.0306522,0.479474,0.111446,0.0271158,0.118916,-0.0250753,0.0212386],[-0.0900038,-0.134139,0.129093,0.155888,-0.530095,-0.616287,0.0832338,-0.00363406,0.0601674,-0.0100794,0.16392,0.0447514,0.429218,0.749501,0.114585,0.0792044,0.331763,0.0364394,0.131034,0.0737222,-0.183207,0.579088,0.0503506,0.274233,0.0462736,0.0205448],[0.05618,0.0810991,-0.0389844,0.0329683,0.2351,0.331242,0.00708205,-0.025657,0.00319593,-0.00611099,-0.0185527,-0.0509874,-0.10172,-0.648977,-0.0220987,0.00154249,-0.367071,0.0154336,-0.0498958,-0.0111196,-0.020141,0.0257583,0.0168533,-0.258045,-0.00388101,-0.0134746],[-0.0606176,0.119393,-0.0966131,-0.943474,-0.318206,-0.251421,-0.000524982,-0.0582632,0.0827136,0.0456413,0.153474,-0.0512219,-0.27646,1.55107,0.036686,0.0376724,0.0922987,-0.0198193,-0.01484,-0.021694,-0.243982,-0.142421,0.0772741,-0.189378,0.116434,0.0398621],[0.0702766,0.400233,-1.15066,0.493296,0.27375,0.54555,0.0453054,-0.0298189,-0.381114,-0.176632,-0.00169544,-0.548749,-0.045127,6.50626,0.132099,-0.0353138,2.07902,0.0929323,-0.00907326,-0.0464158,0.960494,-0.246107,-0.411828,0.500233,0.291001,-0.071657],[0.118732,0.0969978,-0.187176,0.0476158,-0.320589,-0.134944,-0.0291457,0.0983572,-0.0301447,-0.0566293,-0.106938,-0.0560331,-0.23051,0.417083,-0.0237651,-0.0494315,0.303632,0.0282329,0.0020274,-0.0540196,0.552945,0.0671433,-0.0053791,0.520377,-0.0229252,-0.0155677],[0.0908416,0.171854,-0.122976,-0.285523,0.0383191,0.188856,-0.0388515,0.0378746,0.00214397,0.0426647,-0.0174466,-0.0297388,-0.102616,-0.204767,0.00426565,-0.0212405,0.326706,0.00411691,-0.0273195,-0.0732663,0.708604,-0.234442,0.0483762,0.219484,-0.127467,0.0156055],[0.014279,-0.00290715,0.171278,-0.0352027,0.14109,-0.0774229,-0.0120335,0.0139984,-0.0105585,-0.0131146,-0.00214363,-0.00383055,0.00864439,0.0530163,-0.00751125,0.00180467,-0.0130651,0.0280689,0.0167474,-0.00173808,0.00277385,0.00710398,-0.00544441,-0.130262,0.0150499,-0.00556274],[0.0159584,-0.0034953,0.0748523,0.235325,-0.0989542,0.106527,0.00613305,0.00117462,0.000963174,0.00681724,-0.0127739,-0.00733366,0.0472751,0.368005,-0.000465055,-0.0175949,0.301201,-0.00810141,-0.00957488,0.00734071,0.0726378,-0.0181008,0.0268646,0.0473784,-0.00272777,0.00753851],[0.00106341,0.00314625,-0.198901,0.0247496,0.329944,0.0473582,-0.0106269,0.0209562,-0.0201357,-0.000647204,0.0139241,-0.04989,-0.226183,-0.857173,-0.0080144,0.0131694,-0.370284,-0.0182542,-0.00392864,0.00437805,-0.00762132,-0.0494596,-0.00311637,-0.176265,-0.049277,-0.00676429],[-0.0132571,0.0024416,-0.0622631,-0.0157958,-0.181994,0.0486639,-0.00456782,0.00682047,-0.00823586,-0.00181939,0.0161828,-0.0463821,-0.0598754,-0.254525,0.00263374,0.00699682,-0.0788555,0.0264859,0.013261,0.00107782,-0.124388,-0.0267213,-0.00373439,-0.0730478,0.00337039,-0.00620271],[-0.101247,-0.0680838,-0.556154,-0.0806551,0.346622,0.407579,0.0221773,0.075065,-0.118576,-0.0971445,-0.0235828,0.142246,0.345333,1.60409,-0.0200826,-0.0249167,0.0681083,0.032675,-0.0121735,-0.122532,-0.368495,-0.0153427,-0.130269,-0.507713,-0.11749,-0.01341],[0.158128,0.0122528,0.167545,0.371751,0.547605,-0.405766,-0.0364654,-0.0082703,-0.00461237,-0.0175545,0.0136687,-0.0793201,0.576208,2.69391,0.0536504,-0.00744582,1.08453,0.0250034,0.129456,0.0052569,0.239268,0.102158,-0.0242643,0.7027,0.179549,0.0113254],[0.0502535,0.0523333,-0.225213,-0.0911033,0.0319734,0.266073,-0.0232054,-0.0426814,-0.0410866,-0.0896674,-0.00190574,-0.125726,-0.470111,-0.256832,-0.00292932,0.0510145,-0.592071,-0.0524143,0.0927824,0.0330617,0.375782,-0.524622,-0.0402371,0.482071,0.0324161,2.10263e-05],[0.123297,0.0910405,0.618665,0.611438,-0.188325,0.201276,-0.0428343,-0.0269859,-0.0289035,-0.0677925,0.0738635,0.0773157,-0.562904,1.48755,0.0318809,0.048898,-0.205544,-0.083086,0.0734711,0.0667941,0.566162,-0.748093,-0.0624096,0.690533,0.154069,-0.0274416],[0.207841,0.137189,0.406391,-0.108639,0.349588,0.30222,0.0545524,-0.0346506,0.00336716,0.0262708,0.0278758,-0.20356,-0.3366,0.637467,0.0634265,0.0414014,0.115988,-0.0632357,0.145855,0.117162,0.365295,-0.061824,-0.0281246,0.705776,0.0719319,0.0260141],[-0.0139469,-0.0232277,-0.100335,0.0270817,0.134723,0.131485,-0.00154288,0.00615805,-0.00698941,0.012705,0.0273813,0.106398,-0.207724,-0.972409,-0.0407964,-0.00786446,-0.511821,0.0524329,-0.0508257,0.00353431,0.0561833,-0.274332,0.0154589,-0.585734,-0.15561,-0.0224457],[0.00833092,0.000474842,-0.0110658,0.0892203,-0.0466588,-0.0324807,0.00468503,0.000682974,0.00428979,0.00277309,-0.00981747,0.0343222,0.0341352,-0.271139,-0.00445226,0.00427676,-0.18905,0.00776656,0.0131472,-0.00664064,-0.0741875,0.000518356,0.000272965,0.00377451,-0.0325663,-0.00545383],[-0.00521392,-0.00505248,-0.0202808,-0.00235682,0.030589,-0.0108317,-0.00469228,-0.00259068,-0.00327198,-0.00487555,-0.00787348,-0.004348,-0.0202044,-0.109077,-5.85953e-05,-0.00120019,0.0349359,0.0102933,-0.00826708,-0.00334637,-0.0104382,0.0173423,-0.00366016,-0.0793471,-0.0123307,0.00191487],[0.143861,-0.146358,-0.788584,-0.3269,0.918009,1.18055,0.11939,0.0190086,0.150427,0.124263,0.088641,0.0590028,1.42645,8.92874,0.071515,-0.00647829,2.12781,-0.287513,-0.434837,0.0523674,-0.815271,-0.173897,0.34153,0.135732,0.180677,0.0377329],[-0.0635401,0.225165,-0.226072,-0.205751,-0.265513,-0.39129,-0.104942,-0.0544028,0.14255,0.0935004,-0.0222892,-0.036184,1.95721,0.300258,-0.0413519,-0.092792,0.00987729,0.094189,-0.0243253,-0.285643,-0.97663,-0.157719,0.114481,0.0318877,0.120618,-0.0467523],[0.0108154,0.000454342,0.0531784,-0.0636498,0.00122539,-0.0257918,0.00564042,0.00301157,0.00108947,0.00387799,0.00266398,-0.00896508,0.0700922,0.148615,0.00082196,-0.00284087,0.0650119,-0.00822793,0.00234812,-0.00148839,-0.00751785,0.00027483,0.00661045,-0.00273239,0.00195517,0.000839811],[0.104135,0.0101427,0.8056,0.852808,0.811214,0.930699,-0.0659663,0.0734161,0.0183883,-0.0287389,0.216063,0.164428,-0.9239,-1.66379,-0.004425,0.105215,-0.196868,-0.0530669,0.115895,-0.0434592,0.156434,0.499918,-0.0142084,-0.107051,-0.0801755,-0.0474145],[-0.150454,0.0179122,-0.0681157,-0.0677314,-0.591463,-0.506071,0.0376217,-0.111434,0.0740319,0.0134461,0.0399853,-0.0838455,0.542788,-1.01848,0.00629674,0.0501311,-0.765736,-0.131041,-0.0281647,0.0243354,-0.318006,-0.107179,0.0732153,0.0640209,0.103797,-0.00668067],[-0.116512,-0.0625073,-1.43781,0.0949079,0.170684,-0.45017,0.0435369,-0.0426441,0.00466559,-0.0251793,0.030445,-0.497949,1.04128,2.08624,0.0267248,0.0105994,0.172651,0.00220083,-0.256807,0.0158879,-1.22717,-0.257184,0.100266,-0.375822,-0.0111497,-0.0094342],[-0.0117416,-0.00473224,-0.129087,-0.0863669,-0.0240158,-0.0728474,-0.00341182,0.00674647,0.00713132,-0.000235883,-0.00736671,0.00556362,-0.0462879,-0.343613,-0.0105676,-0.0062156,-0.0637025,-0.00358963,0.0133243,-0.00894691,0.0330627,0.0244073,-0.0141456,-0.0567126,-0.0160805,-0.00656816],[-0.0744466,-0.0146616,-0.344708,0.0515129,-0.0899758,-0.118489,-0.0383682,0.0445504,0.0201794,-0.00166695,-0.00891997,-0.126294,0.0329919,-0.449641,0.00475594,-0.0058348,-0.0768413,-0.0390119,-0.000851313,-0.0361149,-0.118305,0.0213183,-0.00729761,-0.130442,-0.0129749,-0.0079306],[-0.0884661,0.0390404,-0.03766,-0.732983,-0.480922,-0.0510798,0.00741511,0.0614701,0.0101537,0.0067895,0.0736863,-0.105856,-0.291489,-1.5844,0.0232068,0.0411701,-0.270639,-0.0135765,0.00871405,-0.0392573,0.0929329,-0.128581,-0.0192113,-0.329727,-0.0492758,0.0103432],[0.00991573,0.016142,0.0849069,-0.127699,0.175658,-0.0116057,-0.0252107,0.000393955,-0.0133907,-0.00599931,-0.0136529,-0.0417605,0.0661115,0.133821,0.00505345,-0.005685,0.104531,-0.00101611,-0.0145804,-0.015225,-0.218354,-0.016471,-0.0210705,-0.173313,0.0125842,0.00484472],[0.114877,0.080909,-0.124153,0.173626,0.238498,-0.411269,0.0563959,0.0237239,0.0380347,0.0120391,0.105779,0.0968602,-0.191953,1.33014,0.0300932,-0.0151639,0.583427,-0.0356284,0.13159,-0.0689866,0.469344,0.053281,0.0401615,0.238194,0.234725,0.0241376],[-0.362939,0.193046,-0.742651,-1.76936,-1.74844,-0.565192,0.00759834,0.0803571,0.0559281,-0.0453013,0.243422,-0.141023,-1.41558,-9.12771,-0.0382829,0.0390826,-3.92212,0.306891,-0.374969,-0.0782911,-0.239652,-0.138104,-0.141586,-3.61353,-0.432773,-0.114749]],"sigmahat":[[0.23308,0.0614114,0.354057,0.355889,0.456642,0.158168,0.00424065,-0.0263932,-0.0203082,-0.00615139,-0.0205153,0.032966,0.125566,2.15833,0.0186933,-0.0231033,0.653436,-0.0162447,0.038148,0.0262056,0.336428,-0.0679533,0.0142239,0.402076,0.0803966,0.012716],[0.0614114,0.158598,0.152315,0.107019,0.0221111,0.163653,-0.0243043,0.00140856,-0.0127548,-0.0100804,-0.0130434,-0.00816467,-0.0524737,0.234396,-0.00499731,-0.00185171,-0.121006,0.0143706,0.0405763,-0.0145713,0.0934239,-0.0881325,-0.00529761,0.123172,0.00544715,-0.00428242],[0.354057,0.152315,4.35446,0.803879,0.566777,0.560712,-0.169126,-0.0710811,-0.135543,-0.0759636,-0.256243,0.544705,-0.0126078,1.95268,0.0244259,-0.0651191,1.17188,0.0060847,0.0165138,0.203014,1.22068,-0.101367,-0.0883249,0.688963,0.0963729,0.00130099],[0.355889,0.107019,0.803879,2.88945,0.445461,0.394161,-0.0557509,-0.0508581,-0.0640626,-0.0757566,-0.0616802,0.104744,-0.636948,1.68939,0.02136,-0.00850542,0.171577,-0.0660212,0.110189,0.173056,1.00296,0.184121,-0.0558885,1.20017,0.144291,-0.0261715],[0.456642,0.0221111,0.566777,0.445461,4.5979,0.762806,-0.0554431,-0.0940017,-0.0710741,-0.0266144,-0.194364,-0.0944475,0.806034,8.83534,0.0378231,-0.117156,3.50971,0.0182224,-0.0880717,0.0506017,0.344607,-0.18652,0.0849575,0.489763,0.154673,0.0930331],[0.158168,0.163653,0.560712,0.394161,0.762806,2.78823,-0.0177693,-0.0241515,-0.0470879,-0.0205353,-0.0137208,-0.00283774,-1.15192,0.05015,-0.0227688,0.0552686,-1.26166,-0.0887754,-0.078897,0.00626666,0.914155,-0.635108,0.0509345,-0.226847,-0.206585,0.0112398],[0.00424065,-0.0243043,-0.169126,-0.0557509,-0.0554431,-0.0177693,0.0687181,-0.00232907,0.0191903,0.0254352,0.0436633,0.00194097,0.0418171,0.35967,0.0090249,0.00776125,0.0125841,-0.0018324,0.0195264,0.00936908,-0.00548149,-0.0163515,0.0197722,0.0867974,0.0346916,0.00570297],[-0.0263932,0.00140856,-0.0710811,-0.0508581,-0.0940017,-0.0241515,-0.00232907,0.0589006,-0.00582405,-0.000438231,0.0046236,0.0105972,-0.0774654,-0.46783,-0.0069295,0.000889439,-0.128116,0.00176357,0.0109002,-0.00895878,0.0809921,0.0654108,-0.0150413,-0.035594,-0.0220508,-0.00577802],[-0.0203082,-0.0127548,-0.135543,-0.0640626,-0.0710741,-0.0470879,0.0191903,-0.00582405,0.0467184,0.0227913,0.0334627,-0.0305366,0.00266824,-0.108728,0.00397174,0.00861412,-0.122334,-0.0056136,0.00316064,-0.000239532,-0.0165368,-0.0147123,0.0409434,0.0320483,0.00875291,0.000398839],[-0.00615139,-0.0100804,-0.0759636,-0.0757566,-0.0266144,-0.0205353,0.0254352,-0.000438231,0.0227913,0.0370199,0.024646,-0.0159784,0.0744705,0.154279,0.00599036,0.0052169,-0.000757817,-0.00305448,0.00435567,0.00535495,-0.00496027,0.000630087,0.0293091,0.0395568,0.0110205,0.00364148],[-0.0205153,-0.0130434,-0.256243,-0.0616802,-0.194364,-0.0137208,0.0436633,0.0046236,0.0334627,0.024646,0.134018,-0.0244592,-0.265656,-0.360334,0.0259178,0.0369418,-0.329247,-0.012317,0.0339421,-0.0112827,0.0459559,-0.0726218,0.0331718,0.00720296,0.0239717,0.000312891],[0.032966,-0.00816467,0.544705,0.104744,-0.0944475,-0.00283774,0.00194097,0.0105972,-0.0305366,-0.0159784,-0.0244592,0.546195,-0.193828,0.461392,-0.0248164,-0.0215947,0.392436,0.00694626,0.0320641,0.0253934,0.250136,0.119165,-0.0474691,-0.0160397,0.0441627,-0.0101904],[0.125566,-0.0524737,-0.0126078,-0.636948,0.806034,-1.15192,0.0418171,-0.0774654,0.00266824,0.0744705,-0.265656,-0.193828,5.52411,12.0953,0.0564324,-0.128003,3.86145,0.155037,0.0377131,-0.048442,-3.20816,-0.0685049,0.133637,0.978191,0.346467,0.0574317],[2.15833,0.234396,1.95268,1.68939,8.83534,0.05015,0.35967,-0.46783,-0.108728,0.154279,-0.360334,0.461392,12.0953,89.3102,0.80006,-0.379149,23.8523,-0.196267,0.564904,0.0774893,-5.49713,-1.35144,0.778019,6.75268,3.14749,0.531245],[0.0186933,-0.00499731,0.0244259,0.02136,0.0378231,-0.0227688,0.0090249,-0.0069295,0.00397174,0.00599036,0.0259178,-0.0248164,0.0564324,0.80006,0.0316485,0.0135035,0.252257,-0.00878176,0.00442599,0.0013078,0.0320128,-0.0530255,0.0160352,0.092092,0.0439371,0.0101929],[-0.0231033,-0.00185171,-0.0651191,-0.00850542,-0.117156,0.0552686,0.00776125,0.000889439,0.00861412,0.0052169,0.0369418,-0.0215947,-0.128003,-0.379149,0.0135035,0.0377287,-0.324689,-0.00440735,0.00450468,-0.000790475,0.0796674,-0.0603556,0.0127158,-0.00798489,0.00420716,-0.00106016],[0.653436,-0.121006,1.17188,0.171577,3.50971,-1.26166,0.0125841,-0.128116,-0.122334,-0.000757817,-0.329247,0.392436,3.86145,23.8523,0.252257,-0.324689,12.683,-0.0754348,0.07578,0.0502649,-0.765378,0.389686,0.0799404,2.31939,0.899502,0.232124],[-0.0162447,0.0143706,0.0060847,-0.0660212,0.0182224,-0.0887754,-0.0018324,0.00176357,-0.0056136,-0.00305448,-0.012317,0.00694626,0.155037,-0.196267,-0.00878176,-0.00440735,-0.0754348,0.0983796,0.0195734,-0.011702,-0.231642,-0.0132572,-0.0186092,-0.0894125,-0.0127191,-0.00513662],[0.038148,0.0405763,0.0165138,0.110189,-0.0880717,-0.078897,0.0195264,0.0109002,0.00316064,0.00435567,0.0339421,0.0320641,0.0377131,0.564904,0.00442599,0.00450468,0.07578,0.0195734,0.168373,0.00779695,0.0953542,0.0235893,-0.0101977,0.431738,0.0754782,-0.00391488],[0.0262056,-0.0145713,0.203014,0.173056,0.0506017,0.00626666,0.00936908,-0.00895878,-0.000239532,0.00535495,-0.0112827,0.0253934,-0.048442,0.0774893,0.0013078,-0.000790475,0.0502649,-0.011702,0.00779695,0.0590873,0.120221,0.0215957,0.00199122,0.171762,0.0226127,0.000860776],[0.336428,0.0934239,1.22068,1.00296,0.344607,0.914155,-0.00548149,0.0809921,-0.0165368,-0.00496027,0.0459559,0.250136,-3.20816,-5.49713,0.0320128,0.0796674,-0.765378,-0.231642,0.0953542,0.120221,8.72985,-0.0577082,0.0832032,1.69369,-0.0694518,-0.0328788],[-0.0679533,-0.0881325,-0.101367,0.184121,-0.18652,-0.635108,-0.0163515,0.0654108,-0.0147123,0.000630087,-0.0726218,0.119165,-0.0685049,-1.35144,-0.0530255,-0.0603556,0.389686,-0.0132572,0.0235893,0.0215957,-0.0577082,1.55619,-0.050884,-0.411011,-0.0364537,-0.00844119],[0.0142239,-0.00529761,-0.0883249,-0.0558885,0.0849575,0.0509345,0.0197722,-0.0150413,0.0409434,0.0293091,0.0331718,-0.0474691,0.133637,0.778019,0.0160352,0.0127158,0.0799404,-0.0186092,-0.0101977,0.00199122,0.0832032,-0.050884,0.103888,0.0741161,0.0107274,0.00373712],[0.402076,0.123172,0.688963,1.20017,0.489763,-0.226847,0.0867974,-0.035594,0.0320483,0.0395568,0.00720296,-0.0160397,0.978191,6.75268,0.092092,-0.00798489,2.31939,-0.0894125,0.431738,0.171762,1.69369,-0.411011,0.0741161,3.98697,0.518536,0.0375813],[0.0803966,0.00544715,0.0963729,0.144291,0.154673,-0.206585,0.0346916,-0.0220508,0.00875291,0.0110205,0.0239717,0.0441627,0.346467,3.14749,0.0439371,0.00420716,0.899502,-0.0127191,0.0754782,0.0226127,-0.0694518,-0.0364537,0.0107274,0.518536,0.28913,0.0189926],[0.012716,-0.00428242,0.00130099,-0.0261715,0.0930331,0.0112398,0.00570297,-0.00577802,0.000398839,0.00364148,0.000312891,-0.0101904,0.0574317,0.531245,0.0101929,-0.00106016,0.232124,-0.00513662,-0.00391488,0.000860776,-0.0328788,-0.00844119,0.00373712,0.0375813,0.0189926,0.0146988]],"n":26,"lags":3,"seasonalRows":3}