{"betahat":[[0.938043,-0.00268673,30.3462,7.72448,-3.99873,9.65464,2.76261,9.38356,1.59647,2.43629,1.45437,29.6156,-8.55418,115.634,2.75005,2.75961,28.0111,1.35118,0.39295,20.3572,-5.9162,23.1573,4.9941,-17.0034,-1.81798,2.27482],[0.83367,0.0307207,0.352352,-0.00934763,0.691521,0.49303,0.0892334,0.130634,-0.0429456,0.0854043,0.123075,0.0989631,0.0506945,1.21335,0.0375006,0.0436334,0.184296,0.0685394,0.0407257,-0.194497,-0.376093,0.0998273,0.039747,-0.288151,-0.0650894,0.0390486],[-0.044898,0.755705,0.411585,0.0252593,-0.223472,0.174211,-0.0107856,0.00272865,0.0402114,-0.0268462,-0.00479088,0.0582572,-0.884608,-3.9445,-0.0508452,0.0330827,-1.54592,-0.066297,0.0223531,0.510172,-0.305046,0.321519,-0.022257,-0.444571,0.00542375,-0.0408738],[0.0197392,0.0255891,0.812081,0.0920244,-0.106712,0.0931267,0.0248303,0.000215518,0.0181149,0.00807488,0.0134335,-0.0165229,-0.0906809,0.381917,0.0169908,0.00297368,0.11483,-0.0476337,0.0114354,0.111485,0.235598,-0.0662882,0.0205904,0.197208,0.0318371,0.00359725],[-0.0328442,-0.0121394,-0.249473,0.649572,0.0971202,-0.256846,-0.00283608,0.00971701,-0.021879,-0.0160818,-0.0114474,0.06887,0.155738,0.720024,-0.00702042,-0.00098023,-0.131711,0.00992325,0.0225985,0.0159441,-0.177723,0.00529157,-0.0403417,-0.118648,0.0428717,-0.00295454],[0.037627,0.0442376,0.0904386,0.143199,0.61281,0.162567,-0.0123298,-0.0150829,0.0104701,0.00467692,0.0343393,0.0270304,0.0270116,0.97789,0.0138319,0.00791835,-0.046353,0.0106859,0.00931193,-0.00330212,0.140537,0.0511965,-0.00799162,0.117992,0.0628188,0.0073504],[0.0558987,0.0212777,0.0553482,-0.0875712,0.255745,0.705589,-0.00767046,-0.0312106,-0.0178294,0.0027646,-0.04234,0.0317131,0.184082,0.0829219,-0.0023674,-0.00617704,0.24754,-0.0253261,-0.029632,0.0265342,0.16711,0.068939,0.0118272,0.0796757,-0.0230486,0.0061527],[0.134505,0.079983,0.376147,0.346168,0.146111,-1.00391,0.979477,-0.327191,0.199939,0.134008,0.0413529,-0.0906913,0.371522,0.45586,0.0479449,0.0473695,-0.188506,0.0864696,0.112003,0.878051,0.207769,0.201901,0.215178,0.957408,0.0164157,0.0126631],[0.00321352,0.116238,0.184147,0.107535,-0.333426,0.55622,-0.0703369,0.405046,-0.141297,-0.116622,-0.0940667,0.115655,0.282916,-0.792393,-0.0586894,-0.0344179,-0.490807,-0.0215655,-0.0864561,0.00340045,-1.53439,0.0890735,-0.254611,-0.179749,-0.0155706,-0.0412727],[-0.0706763,-0.24451,-0.213396,-0.188028,-0.727092,-0.443712,-0.159435,-0.028335,0.899581,0.0719762,0.0113445,-0.220908,0.162185,1.17175,0.103179,0.0106078,1.77284,-0.0860031,-0.276188,0.316606,-1.56197,0.211933,-0.0742674,-0.745711,-0.440684,0.0942292],[-0.490503,-0.0302319,-0.975093,-0.873761,-1.72041,-0.557811,0.328969,0.370754,0.203177,1.097,0.116023,-0.09228,-0.989784,-8.90946,-0.0604704,0.106992,-3.34344,0.00702762,0.194294,-0.306031,1.95028,1.03317,0.288635,-0.510589,-0.219703,-0.0182371],[-0.255196,-0.150166,-0.895192,0.247673,0.0338294,0.21521,0.207574,0.0674463,0.179902,0.136402,0.81,-0.276242,0.2684,2.40769,-0.012298,0.0225051,-0.660109,-0.00875299,-0.161108,0.434693,-0.508153,-0.123479,0.326261,-0.688208,0.270514,-0.0147022],[0.0959014,-0.0149328,0.282849,0.314827,-0.0569568,-0.0911119,-0.0394975,-0.0909086,-0.0396864,-0.0246389,0.000520949,0.339217,0.425834,1.50676,0.0727668,0.023039,0.438347,-0.0780952,-0.00301513,0.139641,0.284337,0.298333,-0.00268551,0.551822,0.0385157,0.0178201],[0.0156331,-0.00291137,0.122858,0.0417183,0.0615544,0.0576807,-0.0464762,-0.0599793,0.00315664,-0.000834579,-0.00857131,-0.0037279,0.949795,0.5865,0.00400158,-0.00451495,0.22524,-0.00771501,-0.0180892,0.120505,0.0941293,-0.0370939,1.32706e-05,-0.00206373,0.0203828,0.00901307],[-0.00185036,0.00798429,-0.0247864,0.00175297,-0.0474426,0.0500227,-0.00241068,0.00288871,-0.000830745,0.00181548,0.00574909,-0.00354421,-0.0298566,0.654511,-0.00534317,0.00233948,-0.120216,-0.00435109,0.00382555,0.0102733,-0.0720198,-0.0137858,-0.00615404,0.00718425,-0.00823243,-0.00274478],[0.0272205,0.0187208,2.3207,-1.24282,1.49642,-0.0619881,-0.330367,0.139866,-0.148563,0.0012952,-0.40499,-0.185332,1.26403,-7.91757,0.875829,-0.0673311,0.842489,0.0407568,0.272084,0.573393,-2.22513,1.08374,-0.128755,0.58681,-0.792626,0.23966],[0.531776,-0.237655,0.719637,0.975612,-0.0573074,0.0248562,0.248624,0.148021,0.0365905,0.00783776,0.437497,-0.166084,-2.74671,-5.2589,0.088561,0.88582,-2.69927,-0.180267,-0.30673,0.34354,4.51733,-0.764649,0.0852584,0.972492,-0.104545,-0.0604494],[0.0181537,0.00248873,-0.102485,0.0454346,0.0441879,-0.0293212,0.00682267,0.0059087,0.000629341,0.00149105,0.0166062,-0.0227831,-0.0518,0.0047274,0.00709105,-0.00540073,1.09946,0.00785898,-0.00504231,0.0149692,-0.00366932,0.0314442,0.00431081,-0.0347183,0.0192934,0.00639586],[0.343715,0.274325,-1.04832,-0.170929,0.472265,-0.386059,0.210258,0.057588,0.109298,0.161163,0.0294854,0.180974,-0.0751269,0.536875,-0.0936368,-0.159111,0.656874,0.473419,0.313573,-0.106195,3.21277,-0.0430988,0.153791,0.976695,-0.0441464,0.0513868],[-0.0650194,-0.173398,0.850297,-0.208594,0.925165,0.254941,-0.0279605,0.144278,-0.025461,0.0568464,-0.0563987,0.0960199,0.0663791,0.393749,-0.0453783,-0.145529,2.03561,0.156387,0.368527,-0.0460605,-0.55501,0.295067,-0.0656726,-0.708428,-0.105839,-8.05942e-05],[-0.0575205,-0.0579408,-0.229247,-0.508273,-0.0448044,0.295263,-0.0960965,-0.202922,0.0375524,0.00981452,0.0480675,-0.0469701,-0.355896,-0.812143,0.00756491,0.0318263,-0.212086,-0.00672289,-0.0470535,-0.321205,-0.102249,0.0639327,0.0257718,-0.098383,-0.0686986,0.0139148],[-0.00103535,0.00763985,-0.0620737,-0.0968721,-0.0269656,0.0280882,-0.00797021,-0.0441025,-0.00643625,-0.00686605,0.0263473,-0.0318804,-0.283191,0.14543,-0.00646333,0.00288028,0.0853949,-0.0106066,0.0149415,0.0285673,-0.144302,-0.00982645,-0.00546134,0.0954802,-0.0198199,-0.00252854],[0.00203048,0.00579066,0.0181645,-0.259397,0.142711,-0.132615,-0.000701761,0.0332953,0.00665895,0.01016,0.0560064,-0.0841827,-0.106341,-1.00133,0.000468072,0.00212535,0.0619128,0.00103395,-0.0377647,0.110125,-0.365766,0.872483,-0.0222262,-0.0140071,0.0256763,-0.0102783],[0.169451,0.0479516,0.0191164,0.758547,1.6084,0.0352199,-0.0582437,-0.184207,-0.110526,-0.0383411,-0.31407,0.0438158,-0.0991865,1.7594,-0.106337,-0.143225,0.298404,0.00961935,-0.179104,-0.0245054,0.131888,-0.660102,0.769075,0.594919,0.209842,-0.0392631],[-0.0103782,0.00433463,-0.217276,0.0682028,-0.172745,0.0973126,0.0402245,-0.0332718,0.0173604,0.0100719,0.0167014,0.0637858,0.186355,0.883306,0.0190799,-0.000599789,0.185354,-0.0222545,-0.0101866,-0.00326682,0.0119956,-0.0327142,0.0171708,0.575681,-0.0265204,0.0128668],[-0.0967535,-0.166997,-0.840046,-0.742249,-0.056639,0.857671,0.178123,0.0660413,0.117804,0.053246,0.133691,-0.203287,-0.158944,1.28312,0.0304126,0.0538881,-0.336671,0.042321,-0.0721908,-0.139822,-0.241714,-0.0522089,0.139736,-0.525895,0.246462,-0.00137239],[0.457126,-0.113589,1.97116,0.94178,1.34317,0.981549,0.00123485,-0.295183,0.440649,0.431707,-0.0848402,0.65486,1.39902,4.12346,-0.00771848,0.0687138,2.24943,0.282206,0.609843,-0.659776,0.235104,0.393477,0.581314,2.56909,0.97977,1.02935],[0.031341,-0.120586,-0.296637,-0.00802309,-0.43664,-0.426129,-0.0227599,-0.211375,0.0992222,-0.0233913,0.004555,-0.0210928,0.218606,-0.845764,0.00491571,0.0216617,-0.483465,-0.0701279,-0.0411048,0.283328,-0.0376635,-0.214042,-0.0016568,-0.137211,0.172543,-0.0159656],[-0.0696246,0.0846982,-0.499296,0.234589,0.22534,-0.215584,0.0249191,-0.038383,-0.03433,-0.0188624,0.0154455,-0.0770668,1.09637,4.29335,0.0340565,-0.0151649,0.998313,0.0660277,-0.0151599,-0.234136,-0.576433,-0.114504,-0.00914278,0.0907175,0.0736026,0.0149763],[-0.0307789,-0.0107968,0.0509497,-0.0287227,-0.0267641,-0.0308763,-0.00437424,0.00826831,-7.57972e-05,0.00595942,-0.00153895,0.0481303,0.0461188,-0.399039,-0.00892005,-0.00141864,-0.130918,0.0242296,-0.010073,-0.0673093,-0.143766,0.0523902,-0.00933786,-0.0767329,-0.037702,-0.00381317],[0.015425,0.0154263,0.193009,0.129437,-0.00846761,0.179541,-0.0116801,-0.0264703,0.0188845,0.00679852,0.023195,-0.0498332,-0.215249,-1.09841,0.00481203,0.0172458,-0.182894,-0.00610664,-0.00986748,-0.0134935,0.131059,0.0282365,0.0118303,0.0984067,-0.0603129,-0.00332695],[-0.0456323,-0.0563149,0.0856957,-0.161891,0.0936654,-0.196089,0.0120197,-0.0209154,0.0109803,-0.00405294,-0.0452705,0.00957038,0.168484,-0.238128,-0.00644567,-0.0182861,0.328619,0.00528782,-0.00657731,-0.059572,-0.165987,-0.00498294,0.0122811,-0.0208627,-0.0133093,0.000426773],[-0.0391457,-0.015184,0.0481646,0.0976321,-0.102197,0.205211,0.0145809,0.0322833,0.0287093,-0.000792636,0.0326102,0.0308315,-0.128126,0.208064,0.0031701,0.00103408,-0.154225,0.00222513,0.0273574,-0.00777329,-0.016368,-0.0516795,-0.00789764,-0.00223103,0.0321384,-0.004582],[-0.0900161,-0.102855,0.220272,-0.330143,-0.0833392,0.884449,-0.152909,0.0401808,-0.0756821,-0.0430093,-0.0344633,-0.0730096,-0.743303,-1.32993,-0.0375115,-0.0348187,-0.0441423,-0.107569,-0.135208,-0.551221,-0.384391,-0.114217,-0.0707243,-0.672959,-0.101566,-0.0111621],[0.109196,0.161433,-0.0958723,0.156261,0.519375,-0.104435,-0.0447592,0.37716,-0.0147867,-0.0380046,-0.0740848,0.156841,0.347912,1.81662,-0.0431025,-0.0714774,0.827374,0.0745024,0.0463319,0.497949,0.0471037,-0.0272482,0.100726,-0.0819883,0.0654954,0.000616837],[-0.0197082,-0.171134,-0.0238629,0.0912049,0.348017,-0.249671,0.0603014,0.00762086,-0.108543,-0.0647941,0.00940534,0.351355,1.20819,2.06921,0.0583285,0.0195267,0.941353,0.133548,-0.107865,0.144056,-0.668145,-0.213438,-0.0630238,-0.514828,0.161598,-0.0118999],[0.207513,0.016369,0.0155595,0.469466,1.69105,0.526531,-0.181551,-0.193547,-0.134003,-0.170414,-0.177323,0.161985,0.778538,3.56627,-0.117856,-0.182832,1.37569,-0.0481359,-0.0164997,0.184077,-1.57537,0.470287,-0.160326,0.0504809,-0.0317724,-0.0034264],[0.0515142,0.245873,0.755594,-0.0113687,-0.735109,0.271725,0.050284,0.206884,-0.0931251,-0.0202175,0.0637612,0.0378758,-0.110944,-3.94085,0.00282909,0.0525829,-1.09234,-0.010766,0.132249,-0.535982,0.886312,-0.61927,-0.171556,0.0752276,-0.0370876,-0.0336268],[-0.0530658,0.0321335,-0.151768,-0.236963,0.00317075,-0.114845,0.0269014,0.0757035,0.0341008,0.00700468,-0.0319133,0.568459,-0.11211,-0.334711,-0.0445331,-0.0315853,0.161938,0.018285,0.0471173,-0.184995,-0.403837,-0.0324649,-0.0137461,0.0194785,0.0699287,-0.0100074],[-0.0240676,0.00371248,-0.0718069,-0.0615,-0.011696,0.0361304,0.0249028,0.0473505,-0.00889325,-0.00365932,0.00714931,-0.0174895,-0.0393053,-0.492014,-0.00516278,0.00127778,-0.162978,0.00305734,0.00222586,-0.113546,-0.0298497,0.0464661,0.000376301,-0.0324472,-0.0185745,-0.00476229],[0.000454374,-0.000173971,0.0400853,0.00549845,-0.0154913,-0.0307253,0.000483473,0.00208171,0.000406038,-0.001374,-0.0033408,-0.00285528,-0.000885553,0.0647371,0.00156079,0.000191027,0.00370434,0.00123327,0.00381764,-0.00495211,0.0586603,0.00166129,0.00234529,0.0408416,0.00614253,-0.00150027],[-0.26727,-0.32273,-1.74309,0.737309,-1.30855,-0.855369,0.012137,-0.189656,-0.0947642,-0.135484,0.26759,0.109839,-2.52605,-1.82051,-0.160757,-0.0380845,-2.29058,-0.108171,-0.308705,0.188802,1.77402,0.0866379,-0.359539,-1.13864,0.107968,-0.158614],[-0.201431,-0.147599,0.067341,-0.90512,0.597277,-0.645379,-0.224191,-0.208216,-0.130693,-0.059325,-0.406728,0.143447,2.25986,6.23707,-0.116069,-0.109195,3.88415,0.272387,0.268441,0.584633,-4.19646,0.952291,-0.0856538,-0.100131,-0.133629,0.0185098],[-0.028275,-0.000916806,0.0195367,0.0303552,-0.0425345,0.0335477,-0.00998766,-0.0105888,0.00037877,-0.00564472,-0.0143986,0.0229057,0.00474915,-0.0666722,-0.00789188,0.00818156,-0.188572,-0.00144261,0.00742696,-0.0018827,0.0206046,-0.0391314,-0.00760377,0.0450348,-0.0149568,-0.00770053],[-0.362281,-0.279958,-0.0733593,-0.597861,-1.43916,-0.727952,-0.00292162,-0.0707934,-0.0851423,-0.0378832,-0.156857,-0.17195,1.0685,1.81012,0.0810329,0.0892985,-0.69752,-0.115155,-0.0216926,-0.166035,-2.13711,-0.53889,-0.0965188,-0.639749,0.384567,-0.0248272],[0.385632,0.241256,0.370822,0.109158,0.137495,0.186817,0.060737,-0.114965,-0.0186627,-0.044466,0.117459,0.15547,-0.439238,2.99023,0.111335,0.0262109,0.845673,0.0253853,0.182486,-0.146974,1.83673,-0.306047,0.00674648,1.40005,0.202048,0.0615008],[0.00635643,0.0306714,-0.0555698,-0.0551668,-5.58696e-05,-0.0704179,-0.0111055,0.0659815,0.0248273,-0.00506945,-0.0156937,-0.0633013,-0.104165,-0.124398,-0.00445692,-0.00078806,-0.00243065,-0.000453504,-0.0147383,-0.16753,-0.128922,-0.0355269,0.0230036,-0.184301,0.0220436,-0.00158185],[0.00568339,-0.00925416,-0.0793327,-0.00141392,0.0488834,-0.0650186,-0.0171708,-0.0180626,-0.0150504,-0.012236,-0.0101157,-0.00882696,-0.155801,-0.0920315,-0.00839883,-0.00959481,0.0213324,-0.00386324,-0.00989637,-0.00435851,0.0555076,-0.0145176,-0.0216184,0.00132638,-0.0182702,0.000153143],[0.0562694,0.00695261,0.266871,0.197484,-0.10234,0.208646,0.0238012,-0.0826451,-0.0258302,-0.0113457,-0.0463048,0.179092,0.0402271,1.17135,-0.00384663,0.00265926,-0.0387942,0.0339541,0.0266674,-0.057395,0.412067,0.125001,0.0216128,0.0589343,-0.0161718,0.0194556],[-0.084916,-0.0927313,0.0307061,0.0816934,-0.659781,-0.520802,0.119851,0.173713,0.0395639,-0.0237905,0.142262,0.0752882,0.621396,0.809438,0.0789419,0.0520881,0.369488,0.0261869,0.125819,0.0836381,-0.0673399,0.348295,0.0607259,0.393816,0.00920595,0.031122],[0.0790832,0.0984047,0.122803,0.0598807,0.223376,0.214081,0.0218995,-0.000673685,0.000185351,-0.00517865,-0.0235311,-0.0261345,-0.108924,-0.536781,-0.0165386,0.00244876,-0.245571,0.0201649,-0.0379369,-0.0295554,0.0513859,0.0152801,0.00769146,-0.20529,0.0222493,-0.0118292],[0.0409226,0.156365,-0.27599,-0.522546,-0.0575049,0.00121637,-0.00526344,-0.0674788,0.0718884,0.0467505,0.146343,-0.0340768,-0.14221,2.97877,0.0270881,0.0125451,-0.0172353,0.00692411,0.000784777,0.110845,-0.23414,-0.0699454,0.0639754,-0.100739,0.0556862,0.035736],[0.104394,0.506166,0.582047,0.795333,-0.929125,0.518599,-0.038867,0.434235,-0.409681,-0.245887,-0.12659,0.0569895,-0.148455,3.25185,0.0279393,-0.022723,0.989567,-0.0543441,0.0340116,0.337482,0.408312,-0.586262,-0.372141,-0.0660214,-0.0652577,-0.0919254],[0.134827,0.0897161,-0.0566037,0.0170571,-0.254843,-0.0673312,-0.0664873,0.0806595,-0.0562774,-0.0620425,-0.12764,-0.0784686,-0.268838,-0.368594,-0.0424286,-0.0653226,0.299016,0.00164777,0.000378522,-0.0891776,0.41378,0.113643,-0.0380715,0.425353,-0.107512,-0.0231013],[0.114311,0.159441,0.0865861,-0.260485,-0.00171894,0.0407162,-0.0141246,0.0356273,-0.00591036,0.0456831,-0.0107119,0.018113,-0.210562,-0.348036,0.0167519,-0.0180008,0.548399,0.000410306,-0.00714343,-0.276414,0.880179,-0.207365,0.0313323,0.353869,-0.0789048,0.025904],[0.0108112,-0.0150623,0.134307,-0.0637142,0.133909,-0.0631786,-0.0204252,-0.00869653,-0.0179414,-0.0139979,-0.0118247,-0.032626,0.0457009,0.0185878,-0.00808533,-0.0015581,0.0157301,0.0235587,-0.00142417,-0.0449075,-0.09206,0.0133587,-0.0110869,-0.119891,0.00600472,0.000165209],[0.0171322,-0.00331487,0.054981,0.219887,-0.0890809,0.0768179,0.014498,0.0168349,0.00295131,0.00923766,-0.0117296,-0.0201642,0.0599451,0.374298,0.00217042,-0.0163004,0.314028,-0.00372097,-0.0126719,-0.00349689,0.047112,-0.0339851,0.0284613,0.0199639,0.0173926,0.00624714],[0.00766338,0.0119481,-0.176716,0.0177192,0.29172,0.0324801,0.000317566,0.0360074,-0.0213758,-0.000599275,0.0109064,-0.0370031,-0.195501,-0.744093,-0.00741876,0.0103979,-0.284217,-0.0158675,-0.00278109,0.0627679,0.0254178,-0.0464426,-0.00431393,-0.0976352,-0.0496261,-0.00784097],[-0.0169286,-0.00629271,-0.105168,-0.0110278,-0.153361,0.0878304,-0.00689298,-0.00130028,-0.010813,-0.00196692,0.00966799,-0.0638298,-0.0542959,-0.292212,-0.000833606,0.00503294,-0.0927775,0.0234171,0.00238784,-0.0193531,-0.151509,-0.0175426,-0.00384291,-0.0770688,-0.00908857,-0.00157782],[-0.046569,0.0210346,-0.614717,-0.0259298,-0.0600665,0.112405,0.170924,0.286684,-0.124487,-0.0920421,-0.00853548,0.146899,0.390629,0.850217,-0.0115169,-0.015018,0.245929,0.0223495,0.0242455,-0.333434,0.152731,-0.0938121,-0.14534,-0.284716,0.083693,-0.00132205],[0.138355,0.0828116,0.31558,0.41731,0.258069,-0.398625,-0.0360013,-0.042509,-0.00620956,0.0047815,0.0362962,-0.165022,-0.255441,0.523456,0.0723811,0.0330875,0.720475,0.0387607,0.134567,-0.416065,0.338986,0.173652,-0.0629749,0.355102,0.239086,0.00636927],[0.0369774,0.0312037,-0.204141,-0.0421437,0.172054,0.165302,-0.0119345,-0.0720329,-0.0602913,-0.0740228,-0.0280519,-0.214477,-0.33057,0.0182119,0.0144868,0.0429926,-0.382931,-0.0106344,0.0728046,-0.34317,0.332165,-0.448342,-0.0802639,0.34483,0.0144392,0.00392554],[0.0861662,0.0763784,0.437776,0.470065,-0.133161,0.308197,-0.0660097,-0.0596357,-0.00198195,-0.0646165,0.0866538,0.122585,-0.611828,1.32866,0.0240956,0.0574865,-0.491249,-0.0703801,0.0619335,0.342924,0.489272,-0.584602,-0.039824,0.404263,0.124268,-0.0435802],[0.164711,0.0956141,0.367786,-0.386149,0.233723,0.167889,0.0105095,-0.151346,0.033244,0.0403395,0.0587996,-0.117449,-0.28603,0.675351,0.0692066,0.0484434,0.291118,-0.0786712,0.187865,0.0355266,0.313292,-0.0321276,-0.009596,0.826107,0.110152,0.047781],[-0.0457282,-0.019647,-0.149182,-0.0830002,0.0511883,0.201505,0.0118113,0.0137367,0.00570919,0.0172949,0.0308852,0.0767333,-0.302759,-1.19994,-0.0289208,0.00820355,-0.619129,0.0613614,-0.0450311,0.0388087,0.116864,-0.274619,0.0174974,-0.570344,-0.109462,-0.00878377],[0.00984044,0.000181279,-0.0425856,0.0347834,-0.0392967,-0.0720959,0.0177655,0.00933538,0.0038324,0.00206937,-0.00191436,0.0300769,0.065249,-0.124884,-0.00080097,0.00351042,-0.0894873,0.00557723,0.0151407,0.000232914,-0.0448136,-0.00529462,-0.00163086,0.0280438,-0.00661165,-0.00537583],[-0.00433265,-0.00649508,-0.0197729,-0.000963672,0.0351216,-0.0132571,-0.00431936,-0.0079842,-0.00216176,-0.00388311,-0.00553502,0.00202683,-0.00610019,-0.0177148,0.000735448,-0.00126507,0.0404817,0.0109515,-0.00632867,-0.00102939,0.000662058,0.0161516,-0.0030671,-0.0583879,-0.00970455,0.00221033],[0.196687,-0.106615,-0.71383,0.126825,0.945168,0.874734,0.159924,0.0997827,0.0491443,0.0819515,0.010502,0.0329337,1.3534,7.64904,0.0539762,-0.0522549,2.28221,-0.240523,-0.427063,-0.710647,-0.223721,-0.0314923,0.198823,0.17781,0.164999,0.0575766],[0.00543545,0.315378,-0.317198,0.195292,-0.248582,-0.0601371,0.0660057,0.166327,0.163779,0.116035,0.0661344,0.281986,1.78793,2.20042,-0.0276075,-0.0669682,-0.186613,0.124214,0.0361316,0.144072,-0.055539,-0.221038,0.160314,0.0994187,0.20593,-0.0701617],[0.00849068,-0.00110072,0.0593006,-0.0718619,-0.0109229,-0.00508668,0.00575371,0.00546073,-0.000150751,0.00456488,0.00145296,-0.0137861,0.0300693,0.0100756,0.00096282,-0.00141308,0.0507818,-0.00645101,-0.000892708,-0.0236437,-0.00329069,0.00166281,0.00343176,-0.0143562,-0.00118808,0.000791174],[0.0867763,0.00654194,0.5744,0.828773,0.693814,0.871313,-0.0781153,0.0224522,0.0214912,-0.042564,0.205334,0.18944,-0.733508,-1.62511,-0.0101215,0.0971208,-0.306824,-0.0650715,0.109069,0.345148,0.185108,0.445161,-0.0190375,0.064098,-0.0889028,-0.0368679],[-0.099469,-0.0354188,0.202148,-0.0453638,-0.372053,-0.394802,-0.0317768,-0.172566,0.00798742,-0.00224124,-0.0500983,-0.215206,0.493633,-1.70184,-0.0121379,0.022994,-0.553187,-0.123377,-0.0738854,-0.0675755,-0.825828,8.71435e-05,0.00589553,0.0171451,-0.0465869,0.00201623],[0.00256719,0.0200166,-0.270132,-0.0403991,0.0931171,-0.207371,0.0426586,0.00612718,0.0320551,0.0113872,0.0306843,0.00677209,0.433731,1.25881,0.0145664,0.00605078,0.366879,-0.0204702,0.00888671,-0.144864,0.238106,-0.0434549,0.0598157,0.258565,0.0486823,0.00196909],[-0.0156761,-0.0106211,-0.150179,-0.0781412,-0.0136778,-0.058526,-0.00853205,-0.0109956,0.00682577,0.000502572,-0.00513311,-0.0126813,-0.0404517,-0.234345,-0.00770503,-0.00411518,-0.0695915,-0.00201286,0.00411416,0.00476428,-0.0193365,0.0255008,-0.0112721,-0.0603155,-0.0138263,-0.00615602],[-0.0585807,-0.0130068,-0.287544,0.0605975,-0.040106,-0.0769586,-0.023101,0.0493944,0.0192045,0.00112359,-0.00972528,-0.096818,0.0685524,-0.169363,0.00329373,-0.0049745,-0.0230837,-0.0347045,0.0112299,-0.0540517,-0.0466118,0.000653061,0.000689634,-0.0443126,-0.00937515,-0.0092398],[-0.0931548,0.0355343,-0.0350702,-0.709347,-0.359291,0.065088,-0.0197066,-0.0212986,0.0171556,0.00605547,0.0769885,-0.152623,-0.594002,-1.67329,0.0365906,0.0586634,-0.449929,0.0141525,0.00152205,-0.240162,0.18608,-0.115725,-0.0307007,-0.442622,-0.0741308,-0.0023642],[0.00785135,0.01728,-0.0228885,-0.139035,0.177645,-0.0195241,-0.019738,-0.011444,-0.00567246,-0.00326148,6.32468e-05,-0.055352,0.0723904,0.180426,0.00753648,-0.0041235,0.0690335,0.00223467,-0.00361918,0.0248683,-0.168663,-0.0119412,-0.0160389,-0.137957,0.0191362,0.0016152],[0.0861227,0.0750543,-0.137493,0.307374,0.222099,-0.0836151,0.0203932,-0.00846169,0.0462779,0.01695,0.0963644,0.0846219,-0.346884,0.951489,0.0142716,0.0107069,0.0943764,-0.0468056,0.0961415,0.0498814,0.114865,0.0945306,0.0739663,0.0513593,0.14263,0.0227991],[-0.308481,0.130851,-1.02413,-1.30393,-1.2834,-0.683719,-0.0712327,-0.170216,0.123178,-0.0304295,0.324145,-0.202339,-1.07811,-7.17104,-0.010539,0.017127,-3.05258,0.231857,-0.34563,0.438859,-1.19958,-0.107311,-0.0239662,-2.5192,-0.597975,-0.0996805]],"sigmahat":[[0.256891,0.0669761,0.386471,0.381078,0.48517,0.128301,0.00476958,-0.020667,-0.0241495,-0.00823523,-0.0188769,0.055299,0.153219,2.25698,0.0191098,-0.0287349,0.790235,-0.0239466,0.045914,0.0334096,0.395287,-0.0691919,0.0123486,0.461082,0.0934365,0.0179473],[0.0669761,0.180089,0.120567,0.0865026,0.00137447,0.168184,-0.000581541,0.0419423,-0.00507002,-0.00659612,0.00447517,0.0169884,-0.114098,0.155444,-0.00221284,0.0032682,-0.142441,0.0176178,0.0465761,0.0203258,0.237907,-0.11374,0.00104614,0.135201,0.0303596,-0.00860716],[0.386471,0.120567,4.74425,0.676818,0.575093,0.5425,-0.196754,-0.0943445,-0.122184,-0.0544803,-0.227231,0.625072,0.00833774,2.32365,0.0355052,-0.0640093,1.64245,-0.0309272,0.0543507,0.185188,1.27773,-0.0751394,-0.0536128,1.00136,0.0836349,0.0232512],[0.381078,0.0865026,0.676818,2.9407,0.442815,0.469065,-0.0168769,-0.00166025,-0.0510187,-0.0722645,-0.0246933,0.13628,-0.553002,1.83651,0.0254837,-0.00799856,0.286296,-0.0671729,0.0963282,0.480074,1.08476,0.111751,-0.034249,1.28974,0.209014,-0.00313926],[0.48517,0.00137447,0.575093,0.442815,4.98037,0.879893,-0.152229,-0.281743,-0.0889362,-0.0395137,-0.203251,-0.0457645,0.839491,9.39684,0.0308081,-0.140236,3.63442,0.0241863,-0.0809122,-0.0689842,0.150888,-0.0934927,0.0516362,0.382093,0.140435,0.115518],[0.128301,0.168184,0.5425,0.469065,0.879893,3.329,-0.0773743,-0.0298744,-0.0581525,-0.0297233,-0.0420399,-0.10562,-1.56699,-1.11002,-0.0488507,0.0546809,-1.91473,-0.096811,-0.131105,-0.0205513,0.727749,-0.597776,0.0392407,-0.555696,-0.334827,-0.0109901],[0.00476958,-0.000581541,-0.196754,-0.0168769,-0.152229,-0.0773743,0.115922,0.0796019,0.020685,0.025072,0.0522484,0.0335542,0.0557644,0.315525,0.00937304,0.00942188,0.00103599,-0.00180563,0.0351548,-0.0295057,0.179114,-0.0616956,0.0215347,0.102578,0.0826874,0.00627667],[-0.020667,0.0419423,-0.0943445,-0.00166025,-0.281743,-0.0298744,0.0796019,0.24065,-0.00525215,0.00117006,0.021665,0.0708401,-0.0933218,-0.785529,-0.0140336,0.00213237,-0.170793,-0.00672464,0.0363277,-0.0172662,0.424828,-0.020836,-0.0015726,0.0232382,0.0448008,-0.00881368],[-0.0241495,-0.00507002,-0.122184,-0.0510187,-0.0889362,-0.0581525,0.020685,-0.00525215,0.056292,0.0260285,0.0437948,-0.009958,-0.035432,-0.089056,0.007998,0.0132841,-0.154219,-0.00154247,0.00890869,0.0135456,0.0495929,-0.0196842,0.046211,0.0163116,0.0273061,-0.00124426],[-0.00823523,-0.00659612,-0.0544803,-0.0722645,-0.0395137,-0.0297233,0.025072,0.00117006,0.0260285,0.0396394,0.0273745,-0.0117543,0.0462351,0.0909607,0.00800098,0.00717847,-0.0107473,-0.00234319,0.00624627,7.36476e-05,0.0119096,-0.00130415,0.0308598,0.0243195,0.0164188,0.00349975],[-0.0188769,0.00447517,-0.227231,-0.0246933,-0.203251,-0.0420399,0.0522484,0.021665,0.0437948,0.0273745,0.148696,-0.00292825,-0.311885,-0.312573,0.0323694,0.0429827,-0.354561,-0.00511612,0.0409365,0.0121456,0.158197,-0.0880611,0.0398562,0.000898613,0.0580886,-0.00148214],[0.055299,0.0169884,0.625072,0.13628,-0.0457645,-0.10562,0.0335542,0.0708401,-0.009958,-0.0117543,-0.00292825,0.692688,-0.0520074,1.28267,-0.0217658,-0.0271193,0.579901,0.0150065,0.0554963,0.119951,0.353412,0.0620683,-0.0223881,0.0563749,0.111299,-0.00487066],[0.153219,-0.114098,0.00833774,-0.553002,0.839491,-1.56699,0.0557644,-0.0933218,-0.035432,0.0462351,-0.311885,-0.0520074,6.52687,14.3516,0.0456349,-0.180518,4.68243,0.130773,0.0544397,-0.0196052,-3.68255,-0.0633762,0.107178,1.10121,0.348398,0.0667583],[2.25698,0.155444,2.32365,1.83651,9.39684,-1.11002,0.315525,-0.785529,-0.089056,0.0909607,-0.312573,1.28267,14.3516,98.2257,0.884406,-0.488252,26.6295,-0.165329,0.593943,-0.627776,-4.87847,-1.5784,0.759288,6.86911,3.49026,0.563012],[0.0191098,-0.00221284,0.0355052,0.0254837,0.0308081,-0.0488507,0.00937304,-0.0140336,0.007998,0.00800098,0.0323694,-0.0217658,0.0456349,0.884406,0.0372831,0.0167367,0.272074,-0.00494591,0.00855102,-0.0272236,0.0715124,-0.0548464,0.0175287,0.0893559,0.0541998,0.00996065],[-0.0287349,0.0032682,-0.0640093,-0.00799856,-0.140236,0.0546809,0.00942188,0.00213237,0.0132841,0.00717847,0.0429827,-0.0271193,-0.180518,-0.488252,0.0167367,0.0436434,-0.398749,-0.000715567,0.0059115,-0.00995715,0.113496,-0.0628236,0.0136112,-0.0372341,0.00870633,-0.00393236],[0.790235,-0.142441,1.64245,0.286296,3.63442,-1.91473,0.00103599,-0.170793,-0.154219,-0.0107473,-0.354561,0.579901,4.68243,26.6295,0.272074,-0.398749,14.4661,-0.092681,0.135698,-0.516826,-1.06814,0.422143,0.0591042,2.57968,1.01655,0.2855],[-0.0239466,0.0176178,-0.0309272,-0.0671729,0.0241863,-0.096811,-0.00180563,-0.00672464,-0.00154247,-0.00234319,-0.00511612,0.0150065,0.130773,-0.165329,-0.00494591,-0.000715567,-0.092681,0.108606,0.0210659,0.0212364,-0.184613,-0.00605927,-0.0170842,-0.120597,-0.00140144,-0.0043714],[0.045914,0.0465761,0.0543507,0.0963282,-0.0809122,-0.131105,0.0351548,0.0363277,0.00890869,0.00624627,0.0409365,0.0554963,0.0544397,0.593943,0.00855102,0.0059115,0.135698,0.0210659,0.182653,0.0245247,0.194818,0.0127424,-0.00677921,0.443367,0.111299,-0.00180661],[0.0334096,0.0203258,0.185188,0.480074,-0.0689842,-0.0205513,-0.0295057,-0.0172662,0.0135456,7.36476e-05,0.0121456,0.119951,-0.0196052,-0.627776,-0.0272236,-0.00995715,-0.516826,0.0212364,0.0245247,1.23193,-0.571735,0.0283299,-0.000121262,0.0416517,-0.0719194,-0.0257348],[0.395287,0.237907,1.27773,1.08476,0.150888,0.727749,0.179114,0.424828,0.0495929,0.0119096,0.158197,0.353412,-3.68255,-4.87847,0.0715124,0.113496,-1.06814,-0.184613,0.194818,-0.571735,10.1772,-0.291437,0.134664,1.31528,0.299237,-0.0390694],[-0.0691919,-0.11374,-0.0751394,0.111751,-0.0934927,-0.597776,-0.0616956,-0.020836,-0.0196842,-0.00130415,-0.0880611,0.0620683,-0.0633762,-1.5784,-0.0548464,-0.0628236,0.422143,-0.00605927,0.0127424,0.0283299,-0.291437,1.6751,-0.0566722,-0.404959,-0.0690673,0.00701582],[0.0123486,0.00104614,-0.0536128,-0.034249,0.0516362,0.0392407,0.0215347,-0.0015726,0.046211,0.0308598,0.0398562,-0.0223881,0.107178,0.759288,0.0175287,0.0136112,0.0591042,-0.0170842,-0.00677921,-0.000121262,0.134664,-0.0566722,0.108027,0.044063,0.0274235,0.00266445],[0.461082,0.135201,1.00136,1.28974,0.382093,-0.555696,0.102578,0.0232382,0.0163116,0.0243195,0.000898613,0.0563749,1.10121,6.86911,0.0893559,-0.0372341,2.57968,-0.120597,0.443367,0.0416517,1.31528,-0.404959,0.044063,3.80988,0.460036,0.0542615],[0.0934365,0.0303596,0.0836349,0.209014,0.140435,-0.334827,0.0826874,0.0448008,0.0273061,0.0164188,0.0580886,0.111299,0.348398,3.49026,0.0541998,0.00870633,1.01655,-0.00140144,0.111299,-0.0719194,0.299237,-0.0690673,0.0274235,0.460036,0.448808,0.0122085],[0.0179473,-0.00860716,0.0232512,-0.00313926,0.115518,-0.0109901,0.00627667,-0.00881368,-0.00124426,0.00349975,-0.00148214,-0.00487066,0.0667583,0.563012,0.00996065,-0.00393236,0.2855,-0.0043714,-0.00180661,-0.0257348,-0.0390694,0.00701582,0.00266445,0.0542615,0.0122085,0.016947]],"n":26,"lags":3}