{"betahat":[[1.23793,0.271552,12.2545,1.47744,0.943177,-2.10025,0.196485,4.65999,1.38024,1.31856,-0.595045,13.3984,8.1159,51.9054,0.922458,0.530475,19.2109,5.31725,3.36987,-2.71357,1.14856,1.04628],[0.811466,0.000487867,0.209364,-0.163411,0.350657,0.245998,0.0922447,0.109352,-0.0161207,0.0837864,0.128775,0.0406994,0.0482768,1.49435,0.0281403,0.0518872,0.0878235,-0.0027567,0.0562013,-0.176465,0.0227284,0.0163094],[-0.0374747,0.841193,0.364712,-0.0107686,-0.16888,0.118821,0.0362459,-0.023839,0.0174467,-0.00897367,-0.0328986,0.108133,-0.578035,-2.68529,-0.0528888,0.00266958,-0.984923,0.0510496,-0.0137125,-0.411836,0.0424924,-0.0242442],[0.0326025,0.0207065,0.888939,0.0646352,-0.0285233,0.124406,0.0189597,-0.0157669,0.0156074,0.00665343,0.0245941,-0.00570611,-0.103129,0.41206,0.0186016,0.00301774,0.174992,-0.0210979,0.022133,0.189361,0.0180834,0.00878933],[-0.0425869,-0.0182677,-0.299719,0.611233,0.0733661,-0.167566,-0.0216824,-0.0327455,-0.0167742,-0.0120505,-0.00221696,0.0610724,0.122854,0.514955,-0.0059786,0.00162104,-0.113219,0.0144325,-0.0399564,-0.104153,0.015523,-0.00274175],[0.0464244,0.0482214,0.0748597,0.0875351,0.695892,0.126365,-0.00456589,-0.0255756,0.0133374,0.00625944,0.0373315,0.0247069,0.0317203,0.934899,0.0121735,0.00498989,0.000132099,0.0152864,-0.00489179,0.182223,0.0597882,0.0089886],[0.0519694,0.0371467,0.118711,-0.00444498,0.184896,0.821365,-0.00416874,-0.00804619,-0.0178317,-0.00717704,-0.0310225,0.0251025,0.0620942,-0.0543651,-0.00277536,0.000523369,0.102588,0.00851841,0.00653048,0.0977375,-0.00479309,0.000864634],[0.0926016,0.021511,0.111685,-0.0700633,0.161172,-0.666483,0.930311,-0.527227,0.142088,0.112755,0.0352032,-0.0663717,-0.0838408,0.0525017,0.0233117,0.0251248,-0.267704,0.0813063,0.120545,0.413295,-0.100143,0.0188318],[-0.00497089,0.057498,0.106831,0.160398,-0.0959442,0.360727,0.0273709,0.502962,-0.121775,-0.0863984,-0.0143649,0.147814,0.507387,1.56935,-0.0281354,-0.0164713,0.0483766,-0.0162078,-0.170906,0.144541,0.00103678,-0.0257276],[-0.0970924,-0.115561,-0.468819,-0.474082,-0.525705,-0.477697,0.0569161,0.0379128,1.02382,0.107707,-0.000414046,-0.316912,0.284322,1.34264,0.0659637,0.0123311,0.837204,-0.0963953,0.0785771,-0.0942727,-0.211471,0.0610047],[-0.289352,-0.0667361,-0.24317,-0.746874,-1.09617,-0.46118,0.285478,0.254124,0.167186,1.15705,0.100427,-0.00647506,-0.372825,-4.35477,0.0157371,0.0759914,-1.18258,0.217617,0.239954,-0.204176,-0.00158335,0.0167148],[-0.126365,-0.189628,-0.385604,0.165428,0.193396,0.14386,0.110187,0.0486341,0.161311,0.115443,0.898391,-0.0661613,0.338209,1.32863,-0.0360094,-0.0476831,0.14056,-0.0298076,0.285454,-0.398704,0.115174,0.000137459],[0.0743729,0.00610341,0.165457,0.114543,-0.129014,0.0234749,-0.0551963,-0.121826,-0.0165318,-0.0156616,0.0244246,0.412,0.0833727,0.704173,0.0489458,0.0243204,0.112818,0.101031,0.0137539,0.317461,-0.00629113,0.00130623],[0.0123411,0.00272686,0.092208,0.049711,0.00622014,0.0658242,-0.0357631,-0.0299821,0.00872128,0.00502408,-0.00936054,0.0197699,1.05309,0.283421,-0.000822748,-0.00527716,0.0707732,-0.0030518,0.00784011,-0.00549328,0.0156044,0.00662462],[-0.00324293,0.000499852,-0.0293003,0.00412806,-0.0231571,0.04391,-0.00486091,0.00200714,0.000216262,0.00177085,0.00418899,0.00159494,-0.0224805,0.78969,-0.00327539,0.00280544,-0.0995968,-0.00483724,-0.00418693,-0.00812491,-0.0070631,-0.00176974],[0.139018,0.121835,1.59586,-0.963734,0.961212,0.092089,-0.0862129,0.0955692,-0.0728646,0.027544,-0.193963,-0.275982,0.148547,-5.23037,0.96782,-0.0168663,0.394843,0.0778572,-0.0110013,1.36557,-0.594217,0.18553],[0.207505,-0.293641,0.628756,1.12606,0.150796,0.239299,0.18658,0.323793,0.015976,-0.0217828,0.252108,-0.092268,-2.43731,-5.55386,0.0313025,0.995829,-3.22194,-0.130953,0.0753879,0.0353553,-0.355222,-0.0718577],[0.0289993,0.014316,-0.036957,0.0478108,0.0586142,-0.0105398,0.00145098,-0.00608669,-0.00371457,-0.000371109,0.0154265,-0.0227585,-0.0184093,0.038504,0.00773521,-0.00359599,1.14257,0.0193661,3.47925e-06,0.026111,0.0213713,0.00773552],[-0.118376,-0.113168,-0.475348,-0.315059,0.0965054,-0.154375,-0.0115758,0.106491,-0.00763367,-0.030166,0.0839653,-0.145461,-0.772128,-2.23751,-0.0261038,0.0258724,-0.507514,0.862042,-0.0762312,-0.0904465,-0.0316019,-0.0431612],[0.0278501,0.0103167,-0.341849,0.567998,0.765305,0.0660025,-0.0865829,-0.166948,-0.0723334,-0.0332704,-0.222926,0.0517097,-0.264481,0.667195,-0.0874809,-0.0438782,-0.626985,-0.0144391,0.895631,0.157011,0.0660274,-0.0380853],[-0.0261925,-0.0179846,-0.0438056,0.0455779,-0.0731803,0.159017,0.0192921,-0.0487188,-0.00125509,-6.63752e-05,0.00522753,0.0594106,-0.00353677,0.637512,0.00835896,-0.0135669,0.316556,-0.0590776,-0.0081842,0.512764,-0.0633941,0.0109225],[-0.0459359,-0.064941,-0.368697,-0.266228,-0.0257089,0.720378,0.24898,0.259,0.100973,0.0542912,0.113464,-0.240658,0.188961,1.41135,0.037612,0.0482772,-0.00362918,-0.155781,0.120644,-0.415793,0.465118,-0.0129697],[0.196349,-0.22308,1.27577,1.07531,0.839861,-0.0145384,0.125999,0.159886,0.286827,0.41239,-0.211103,0.226698,2.22662,2.72146,-0.014821,0.0238333,2.26293,0.178929,0.41758,1.54981,0.840048,1.11107],[0.0669189,-0.0885797,-0.121153,0.184707,-0.164307,-0.22834,-0.0427991,-0.159907,0.0598429,-0.0336709,-0.0443469,0.0207249,0.199111,-1.53266,-0.00669616,-0.00670285,-0.514621,-0.0261602,-0.0332447,-0.287494,0.0774181,-0.00851395],[-0.0941793,0.000938792,-0.438928,0.109758,0.150775,-0.106444,-0.0369914,-0.0536277,-0.0284237,-0.0293748,0.0239182,-0.12472,0.70572,2.85091,0.0461149,0.0175825,0.521313,-0.0439392,-0.0356412,-0.0908202,0.0281821,0.00715272],[-0.0460537,-0.0246889,0.0117035,-0.0523715,-0.0549008,-0.0523811,-0.015747,0.00422435,0.00111343,0.00162677,-0.00543603,0.0370467,0.0310473,-0.447058,-0.0116848,-0.000475901,-0.162062,0.0170106,-0.0127035,-0.100913,-0.0350488,-0.00826301],[0.032311,0.023193,0.269689,0.190731,-0.0138043,0.113307,0.00123669,0.00750149,0.0115605,0.00272261,0.00968048,-0.0339143,-0.186717,-0.803665,0.00340554,0.00790671,-0.0893979,-0.00460973,0.0112983,0.0725734,-0.0342002,-0.000678194],[-0.0476744,-0.0545827,0.0321805,-0.148935,0.0688996,-0.16602,0.00867147,-0.0211029,0.00827784,-0.00179401,-0.043105,-0.00477661,0.131977,-0.32997,-0.00760847,-0.0133454,0.18573,0.0040004,0.01397,-0.0389361,-0.0225329,0.000136991],[-0.0331441,-0.0217061,-0.00662119,0.0446761,-0.0724361,0.153224,0.00821905,0.00157874,0.0257563,0.00161663,0.0327698,0.0155723,-0.0539809,0.240048,0.00472118,0.00235363,-0.0900024,-0.00942937,-0.00171777,0.0366022,0.0179981,-0.00130591],[-0.0762371,-0.0713133,0.221556,-0.332873,-0.124342,0.833171,-0.148605,0.084267,-0.0285929,-0.0281707,-0.00111614,-0.0957933,-0.767368,-1.81052,-0.0205227,-0.0117255,-0.130044,-0.0325608,-0.0402063,-0.446588,-0.0468392,0.000897037],[0.0860909,0.0921211,0.0535722,0.158377,0.371998,-0.0591295,-0.0342306,0.426066,0.00777574,-0.00978892,-0.0726035,0.0941463,0.128354,0.828524,-0.0268824,-0.0612006,0.330351,-0.076146,0.109224,-0.144174,0.0350931,0.0140378],[0.00548159,-0.0915672,0.127194,0.434175,0.357837,-0.131528,0.00871829,0.0443557,-0.116492,-0.106613,-0.0112995,0.346306,0.65613,0.318767,0.0116874,0.0042238,0.22333,0.00571348,-0.112994,-0.222258,0.103455,-0.0232125],[0.194233,0.0387218,0.0758462,0.433216,1.30346,0.272993,-0.160793,-0.152718,-0.123232,-0.167144,-0.0977495,0.0933898,0.542291,2.18998,-0.0688553,-0.114822,0.977243,0.0507282,-0.15927,0.0817203,-0.0464547,-0.0125982],[0.0785075,0.249637,0.317298,-0.122909,-0.611476,0.00460349,0.0277701,0.0361828,-0.0834267,-0.0407809,0.0633827,-0.0391411,-0.0618161,-2.61678,0.0148527,0.0568471,-0.927852,-0.15483,-0.161538,0.213075,0.0228654,-0.0232725],[-0.0491151,0.0278879,-0.0759055,-0.238072,0.0168747,-0.128017,0.0338006,0.067303,0.0195017,0.00619077,-0.0275424,0.52059,0.0108813,0.303882,-0.0254363,-0.0247709,0.333975,-0.0252309,-0.010668,0.167322,0.0963424,0.000512913],[-0.0361183,-0.0151321,-0.0639003,-0.109687,-0.0349289,0.063665,0.00803207,0.00234525,-0.013388,-0.00832988,0.0151683,-0.034651,-0.1486,-0.248918,-0.000936902,0.00805978,-0.0883315,0.0241945,-0.00318797,-0.053495,-0.0265656,-0.00227746],[2.79456e-05,0.00147207,0.0333046,-0.00279119,-0.0150888,-0.0295743,0.00317785,0.00200264,0.00169595,-4.12042e-05,-0.00207733,-0.00277798,0.00751222,0.0556024,0.00133554,-0.00013509,0.00584409,0.00390614,0.00326216,0.0313357,0.00630216,-0.00144858],[-0.250313,-0.323183,-1.10494,0.586396,-0.887789,-0.523118,-0.0945829,-0.15745,-0.0541569,-0.042221,0.13833,0.139876,-1.15115,-1.24098,-0.142522,-0.0773511,-1.55132,0.00691563,-0.255268,-1.43464,0.153074,-0.150321],[-0.100606,0.00396673,-0.347634,-1.02888,0.205772,-0.319526,-0.215775,-0.366709,-0.149711,-0.0755026,-0.261806,0.0358177,1.00355,4.54728,-0.0730642,-0.0587014,2.82738,0.00983221,-0.158914,0.335773,-0.00723839,0.0418328],[-0.0318331,-0.00857551,-0.00456259,-0.00313297,-0.0542876,0.0239776,-0.00792212,-0.00795554,0.00535077,-0.00123366,-0.0146251,0.0250518,-0.00521936,-0.128041,-0.00932084,0.00580709,-0.198794,-0.00912074,-0.00179538,-0.0111279,-0.0191669,-0.00760744],[0.17957,0.116094,0.574285,0.306451,-0.0426542,0.583161,0.0544583,-0.175949,-0.0216562,0.0137272,-0.0542958,0.280483,0.266307,2.01908,0.000759284,0.00417143,-0.258112,0.105324,0.0888245,0.0177622,-0.00726912,0.0441204],[-0.043952,-0.0673704,0.0484193,0.130174,-0.441595,-0.385592,0.101791,0.233713,0.026343,-0.0205944,0.0896195,0.107672,0.634889,0.300561,0.0511405,0.0152866,0.283866,0.0589119,0.0474513,0.0835476,-0.0461969,0.0235178],[0.0952977,0.102706,0.00379774,0.0647616,0.283133,0.132668,0.02466,0.0173281,0.0098923,-0.00957821,-0.006599,-0.0262601,-0.112324,-0.476427,-0.00797559,0.00693188,-0.228698,-0.0273939,0.00665987,-0.0851721,0.0430757,-0.00730135],[0.049494,0.158316,-0.183999,-0.507324,-0.02996,0.0226214,-0.0655385,-0.158959,0.0457968,0.0365316,0.133026,-0.0563536,-0.244429,1.21001,0.0280136,0.0148425,-0.0708875,-0.0653387,0.0165052,-0.0559731,0.0195185,0.0369612],[0.158602,0.32608,0.408587,0.215682,-0.0548276,0.724828,-0.0811878,0.0777867,-0.307527,-0.231802,0.00574535,0.292044,-0.814712,1.57464,-0.0207565,-0.0712156,1.06931,-0.100821,-0.354491,0.194348,-0.295046,-0.0855717],[0.121594,0.0880682,-0.0883129,-0.0213829,-0.186334,-0.0176722,-0.0494559,0.0505275,-0.0437397,-0.0501242,-0.0844347,-0.0615312,-0.247362,0.0378968,-0.0214557,-0.0452126,0.427085,0.0289173,-0.0229999,0.463945,-0.10017,-0.00779107],[0.131654,0.157845,0.0741212,-0.0990664,0.0181759,-0.0123963,0.000734968,0.0774265,0.0109536,0.0383373,0.00897479,0.0164517,-0.127649,-0.165965,0.00676558,-0.0202891,0.464132,-0.00711604,0.0492965,0.502682,-0.0706823,0.0171018],[0.0133872,0.00389911,0.0988176,-0.0123686,0.0834125,-0.072218,-0.00322202,0.0114794,-0.0167101,-0.00828073,-0.0191478,-0.0314849,0.0721777,0.0344318,-0.00693836,-0.00256469,-0.0128953,0.0041252,-0.00942642,-0.0884197,0.0168968,-0.000532008],[0.0102579,-0.00493718,0.0298362,0.197771,-0.0595096,0.0542285,0.0204252,0.0251992,0.00518039,0.0093158,-0.00748156,-0.0273809,0.063859,0.287954,0.00255834,-0.00957647,0.20319,-0.00983116,0.0285731,0.0314751,0.0186519,0.00342966],[0.00118321,0.00631746,-0.107191,0.0612556,0.234907,0.0395571,-0.00411161,0.0466549,-0.0216178,-0.00446529,0.0057695,-0.0199769,-0.163683,-0.605702,-0.00458408,0.00833924,-0.185971,-0.0192744,-0.00911065,-0.143338,-0.0373079,-0.009131],[-0.018841,-0.0154845,-0.11238,-0.0403336,-0.112452,0.0251745,-0.00407551,0.00637309,-0.00794034,0.00554999,-0.00176324,-0.0408967,-0.00808814,-0.187216,-0.00196999,-0.00293471,-0.0120575,0.000932243,-0.00488314,-0.134291,-0.0132821,0.000443259],[-0.0165482,0.0493281,-0.335331,0.400908,-0.0347709,-0.166425,0.217221,0.441795,-0.114194,-0.0851346,-0.0343347,0.157963,0.851315,1.74329,-0.00308769,-0.0142262,0.407613,-0.0490468,-0.0818006,0.0330574,0.146007,-0.0195336],[0.0863375,0.0633087,0.135733,-0.0271226,0.124437,-0.132453,-0.0346106,-0.086498,0.0470837,0.0362826,0.0475598,-0.218081,-0.366409,-0.60239,0.0613998,0.0489645,0.257753,0.0221724,-0.017458,0.19881,0.186587,0.00903311],[0.00920876,0.00271342,-0.103373,0.0257794,0.100338,0.248027,-0.0499088,-0.108226,-0.0551174,-0.0723453,-0.0217247,-0.130317,-0.430886,-0.235054,-0.000518457,0.018869,-0.303483,-0.0493017,-0.102909,0.154131,0.033748,-0.00647302],[0.0274612,0.022309,0.258798,0.344807,-0.0750172,0.249767,-0.0634626,-0.0443552,-0.0310186,-0.0707393,0.050628,0.0615183,-0.257766,1.72897,0.0317558,0.0437873,-0.137551,-0.159421,-0.0586711,0.240159,0.0733028,-0.0305489],[0.0643696,0.0268676,0.188753,-0.125512,0.236509,0.0659222,0.00407737,-0.0742863,-0.0245045,-0.00993362,-0.00321217,-0.177245,-0.239393,1.19035,0.0487416,0.0301014,0.203412,0.0275743,-0.0653743,0.523599,0.0516278,0.0262504],[-0.0256907,-0.0347935,-0.0923763,0.123317,0.112245,0.104504,0.0207854,0.0534152,-0.00328974,0.00912581,0.00282703,0.0648068,-0.0947508,-1.02173,-0.0237497,0.000131858,-0.446122,-0.0755606,-0.0037124,-0.484611,-0.0914405,-0.0018528],[0.0234865,0.0122626,-0.0275456,0.0628443,0.027401,-0.125351,0.0268446,0.0266108,0.00441533,0.00280146,-0.00606741,0.016799,0.0875397,-0.0543334,0.00125643,-0.00246343,0.00639218,-0.0203567,-0.00469751,0.058021,0.00929085,-0.00476935],[0.00220402,-0.00193129,-0.00499959,0.00186518,0.0289473,-0.0115406,7.5975e-05,-0.0060206,-0.0028637,-0.00252111,-0.00253754,8.12887e-05,0.00359573,0.0512979,0.000983257,-0.00233381,0.0681197,0.000933214,-0.00130187,-0.0263656,-0.00339565,0.00239452],[0.0545021,0.0365388,-0.665858,0.00892362,0.0893439,0.581743,0.147557,0.117818,0.0938104,0.0475695,0.0507,-0.0775841,1.11093,5.37395,0.0511658,0.0403139,0.729675,-0.01025,0.248831,-0.0371295,0.214552,-0.00169912],[-0.0297357,0.224309,-0.46826,-0.0387027,-0.19052,-0.18894,0.0971946,0.178737,0.166228,0.121749,0.0330154,0.0859671,1.76639,0.721403,-0.0288858,-0.0495167,-0.00961143,0.0217047,0.157641,-0.011944,0.261483,-0.039745],[0.00307729,-0.00504228,0.0410391,-0.0436235,-0.0050703,-0.011953,0.00656911,0.0137693,-0.00174543,0.00162546,-0.00011227,-0.00510132,0.018518,0.0776406,0.00171759,-0.0020035,0.0555727,-0.00974969,0.00104148,-0.0160987,-0.00156201,-7.24415e-06],[-0.0765558,-0.0129275,-0.213403,-0.016547,-0.0845227,-0.453717,-0.0148491,0.0675639,0.0319487,0.0175295,-0.00808078,-0.256565,0.439527,0.301392,0.0261982,-0.0282051,0.630247,-0.0271114,-0.00480534,0.15455,0.066305,-0.0067845],[-0.0323399,0.0365553,0.0625217,-0.647083,-0.258842,0.125062,-0.00703142,-0.0440029,0.0115658,0.0209296,0.0640632,-0.129652,-0.34023,-0.716215,0.0354814,0.0215674,0.175422,-0.0842253,-0.0291279,-0.299349,-0.0255175,0.00752624],[0.00590779,0.0128824,-0.00993046,-0.130512,0.105693,-0.0138868,-0.0226313,-0.0263678,-0.00285682,-0.00179158,0.00202604,-0.0556216,0.00388249,-0.134745,0.00239089,0.00147875,-0.122003,-0.00197806,-0.00742242,-0.111844,-0.0211852,0.00174709],[0.0693256,0.0754585,-0.0589421,0.17935,0.0911659,0.0649689,-0.0246634,-0.0602037,0.0298983,0.0069765,0.0594419,0.0482141,-0.490286,-0.380474,0.00369999,0.0153392,-0.139793,0.0256393,0.0335658,-0.0483832,0.0883997,0.0201121],[-0.226974,0.168433,-1.1491,-1.14932,-1.35472,-0.366966,-0.0717026,-0.22446,0.106965,-0.063721,0.3065,-0.211633,-1.51532,-5.74968,-0.0219284,0.0635522,-3.47403,-0.0427096,-0.00954502,-1.9512,-0.395438,-0.11479]],"sigmahat":[[0.406112,0.165149,0.653794,0.524635,0.774837,0.107644,0.0324224,-0.00186059,-0.0278087,-0.003484,-0.00998465,0.0948223,0.243269,2.91866,0.027702,-0.0520958,1.27873,-0.0635639,0.0201087,0.82027,0.154236,0.0240073],[0.165149,0.311706,0.273488,0.170133,0.125255,0.157353,0.0285918,0.0802938,-0.000197404,-0.00420964,0.0094696,0.0345257,-0.077933,0.324163,-0.000628637,-0.00486185,-0.00789252,-0.0597852,0.0106404,0.292124,0.0909962,-0.0131616],[0.653794,0.273488,6.81149,1.22986,1.00684,0.964132,-0.177828,-0.0565125,-0.175351,-0.0795942,-0.208232,0.760256,-0.168249,2.65235,0.083261,-0.0623035,2.64534,-0.0932552,-0.0980769,1.89035,0.289408,0.035567],[0.524635,0.170133,1.22986,4.45256,0.852754,0.532614,0.0353117,0.250801,-0.114061,-0.137066,-0.0887738,0.329525,-0.18014,2.80881,0.0209415,-0.0239004,0.41047,0.0425363,-0.0557877,1.64748,0.303074,-0.0339869],[0.774837,0.125255,1.00684,0.852754,6.70131,0.800252,-0.129355,-0.174719,-0.128585,-0.0518037,-0.205918,0.070825,1.33742,11.8971,0.0368447,-0.231921,5.4753,-0.230111,0.0465897,0.908247,0.229959,0.137784],[0.107644,0.157353,0.964132,0.532614,0.800252,4.43392,-0.198901,-0.182872,-0.0554367,-0.0390464,0.028558,-0.0777466,-2.49535,-2.48442,-0.046404,0.102175,-2.33334,-0.347512,0.0167993,-0.925,-0.447723,-0.0145129],[0.0324224,0.0285918,-0.177828,0.0353117,-0.129355,-0.198901,0.18756,0.166067,0.0331914,0.0431016,0.0558049,0.0602436,0.296316,0.936639,0.0168649,0.00315086,0.162392,-0.0225073,0.0507709,0.259191,0.131809,0.00738045],[-0.00186059,0.0802938,-0.0565125,0.250801,-0.174719,-0.182872,0.166067,0.512992,-0.00156715,0.0102626,0.00299846,0.121611,0.211778,-0.413627,-0.0207411,-0.0184687,-0.0913592,-0.00800903,0.0311618,0.0460502,0.0773614,-0.0195329],[-0.0278087,-0.000197404,-0.175351,-0.114061,-0.128585,-0.0554367,0.0331914,-0.00156715,0.0912832,0.0474901,0.0605084,-0.00488997,-0.0145174,-0.146103,0.00960754,0.017755,-0.242257,-0.000757842,0.082426,0.0332932,0.0310224,-0.0011974],[-0.003484,-0.00420964,-0.0795942,-0.137066,-0.0518037,-0.0390464,0.0431016,0.0102626,0.0474901,0.0647457,0.0376034,-0.01224,0.0829655,0.141053,0.0100903,0.00632895,0.0097868,0.000252916,0.057544,0.0475965,0.0247126,0.00695591],[-0.00998465,0.0094696,-0.208232,-0.0887738,-0.205918,0.028558,0.0558049,0.00299846,0.0605084,0.0376034,0.206083,0.00969342,-0.423655,-0.249792,0.0426372,0.0559194,-0.3167,-0.0173304,0.0580833,0.0559337,0.0540748,0.00128336],[0.0948223,0.0345257,0.760256,0.329525,0.070825,-0.0777466,0.0602436,0.121611,-0.00488997,-0.01224,0.00969342,0.958207,0.040428,1.90914,-0.0270808,-0.0303846,0.588345,0.0165538,-0.000499436,0.208695,0.157608,-0.0157163],[0.243269,-0.077933,-0.168249,-0.18014,1.33742,-2.49535,0.296316,0.211778,-0.0145174,0.0829655,-0.423655,0.040428,9.41775,19.5232,0.090965,-0.233981,6.04395,-0.221119,0.239116,2.10285,0.634338,0.0852164],[2.91866,0.324163,2.65235,2.80881,11.8971,-2.48442,0.936639,-0.413627,-0.146103,0.141053,-0.249792,1.90914,19.5232,135.385,1.27129,-0.6478,37.1243,-1.43871,1.15263,12.3988,4.89823,0.761493],[0.027702,-0.000628637,0.083261,0.0209415,0.0368447,-0.046404,0.0168649,-0.0207411,0.00960754,0.0100903,0.0426372,-0.0270808,0.090965,1.27129,0.0533154,0.0251449,0.394143,-0.0345396,0.0228718,0.161413,0.0788832,0.0162027],[-0.0520958,-0.00486185,-0.0623035,-0.0239004,-0.231921,0.102175,0.00315086,-0.0184687,0.017755,0.00632895,0.0559194,-0.0303846,-0.233981,-0.6478,0.0251449,0.0670596,-0.579006,-0.0131807,0.0180294,-0.0738119,0.00655399,-0.0036723],[1.27873,-0.00789252,2.64534,0.41047,5.4753,-2.33334,0.162392,-0.0913592,-0.242257,0.0097868,-0.3167,0.588345,6.04395,37.1243,0.394143,-0.579006,20.1874,-0.0915463,0.0866511,4.81278,1.48292,0.392107],[-0.0635639,-0.0597852,-0.0932552,0.0425363,-0.230111,-0.347512,-0.0225073,-0.00800903,-0.000757842,0.000252916,-0.0173304,0.0165538,-0.221119,-1.43871,-0.0345396,-0.0131807,-0.0915463,0.410604,-0.0170994,-0.0528727,-0.0157185,-0.00514585],[0.0201087,0.0106404,-0.0980769,-0.0557877,0.0465897,0.0167993,0.0507709,0.0311618,0.082426,0.057544,0.0580833,-0.000499436,0.239116,1.15263,0.0228718,0.0180294,0.0866511,-0.0170994,0.17108,0.128139,0.0404121,0.00618117],[0.82027,0.292124,1.89035,1.64748,0.908247,-0.925,0.259191,0.0460502,0.0332932,0.0475965,0.0559337,0.208695,2.10285,12.3988,0.161413,-0.0738119,4.81278,-0.0528727,0.128139,6.24304,0.892706,0.0839098],[0.154236,0.0909962,0.289408,0.303074,0.229959,-0.447723,0.131809,0.0773614,0.0310224,0.0247126,0.0540748,0.157608,0.634338,4.89823,0.0788832,0.00655399,1.48292,-0.0157185,0.0404121,0.892706,0.623769,0.0183088],[0.0240073,-0.0131616,0.035567,-0.0339869,0.137784,-0.0145129,0.00738045,-0.0195329,-0.0011974,0.00695591,0.00128336,-0.0157163,0.0852164,0.761493,0.0162027,-0.0036723,0.392107,-0.00514585,0.00618117,0.0839098,0.0183088,0.0252464]],"n":22,"lags":3}