{"betahat":[[0.562315,0.347216,5.29793,-1.0573,0.0787647,-1.83564,1.40409,5.34697,0.488306,0.435499,-0.281533,7.82555,-3.71138,38.9951,0.453809,0.588998,3.55315,0.508096,1.27424,0.472878],[0.811987,-0.0222623,0.117955,-0.197635,0.231491,0.164694,0.0811058,0.0796653,-0.00342932,0.0834991,0.107428,0.0191979,0.099364,1.3879,0.0227364,0.0443209,0.0293398,-0.145564,0.0442061,0.0138716],[-0.0427536,0.870339,0.415737,0.0790404,-0.0873618,0.14022,0.0162683,-0.0404905,0.01581,-0.00468571,-0.0295804,0.114227,-0.482351,-2.20797,-0.0396378,0.00295427,-0.722274,-0.421277,0.0428559,-0.0180952],[0.0285743,0.0180679,0.897351,0.0458629,-0.0338969,0.120211,0.0160799,-0.0146418,0.0152963,0.00698522,0.0240245,-0.0187917,-0.0853366,0.423012,0.0187923,0.00253276,0.191662,0.175826,0.0147343,0.00775645],[-0.0439987,-0.0231009,-0.29656,0.671577,0.100478,-0.167506,-0.0238689,-0.0350478,-0.0192958,-0.0128543,-0.00315824,0.0678681,0.135315,0.585404,-0.00596615,-0.00146537,-0.0340236,-0.0671892,0.0196447,-0.00276652],[0.0516716,0.0485307,0.089308,0.112638,0.745975,0.123705,-0.00617288,-0.0295704,0.0100796,0.00424294,0.0288663,0.041657,0.0455421,0.891023,0.0095192,0.00361544,-0.0183236,0.168013,0.0541352,0.00879687],[0.0538167,0.0380922,0.12515,0.0163984,0.182191,0.837896,-0.00920634,-0.014962,-0.0145888,-0.00411745,-0.0315124,0.0406086,0.10851,0.0187742,-0.00350792,-0.00255771,0.131225,0.0877291,-2.3959e-05,0.00109678],[0.0915983,0.0467145,0.14498,-0.0759141,0.195721,-0.526065,0.949433,-0.520662,0.132902,0.112502,0.0140801,-0.154756,0.0365438,0.751986,0.0274987,0.0117369,-0.139022,0.423213,-0.073447,0.0216571],[0.0150589,0.073761,0.179115,0.132689,-0.167732,0.408714,0.0377252,0.512191,-0.118783,-0.0787024,-0.00916336,0.149428,0.32202,1.53167,-0.0221297,-0.00469972,-0.0792131,0.0985183,0.000998341,-0.0172197],[-0.0910557,-0.0950492,-0.5475,-0.123401,-0.21717,-0.439458,0.039714,-0.00391992,1.00795,0.0958179,-0.0862665,-0.153141,0.0819082,1.36066,0.0248837,0.000265187,0.408951,-0.0664279,-0.155776,0.0482804],[-0.2739,-0.126764,-0.519726,-0.336612,-0.621425,-0.524809,0.236072,0.199448,0.123226,1.12013,-0.0140259,-0.0616084,-0.372968,-3.75221,-0.038639,0.047922,-1.63876,-0.137928,-0.0109738,-0.0119608],[-0.0852944,-0.162332,-0.286695,0.223195,0.274913,0.32067,0.084767,-0.0489575,0.15388,0.125203,0.933898,-0.0281959,0.151024,1.07912,-0.0432204,-0.0520124,0.31496,-0.216885,0.111271,-0.00142083],[0.0779198,-0.00710738,0.18458,0.156075,-0.0488618,0.0199025,-0.0844219,-0.114808,-0.018265,-0.0176063,0.00420108,0.571562,0.137663,0.327996,0.0355922,0.0187319,0.179128,0.213185,-0.0347528,-0.00373315],[0.0101626,-0.00122291,0.0944169,0.0634766,0.0261554,0.0721842,-0.0427595,-0.0401344,0.00587351,0.0053884,-0.00836519,0.0388731,1.05865,0.247401,-0.00165653,-0.0065565,0.113223,-0.0177391,0.0104966,0.00701429],[-0.0020065,0.00180507,-0.0264622,0.00541688,-0.021496,0.0399346,-0.00474629,0.000674745,0.000466318,0.00184422,0.00185934,-0.00451607,-0.0172671,0.847465,-0.00260845,0.00219644,-0.0926439,-0.00378329,-0.00548508,-0.00113758],[0.172384,0.168887,1.77921,-0.875374,0.752328,0.188136,-0.0893069,0.0756301,-0.0508188,0.0642262,-0.178605,-0.120856,0.375432,-4.75761,1.018,-0.0229852,0.912317,1.04535,-0.578102,0.208095],[0.196047,-0.295295,0.861962,1.02993,0.321016,0.333455,0.117326,0.270087,-0.00874089,-0.0401407,0.134103,0.248456,-2.22556,-4.96149,0.00614403,1.00699,-2.92026,-0.0957787,-0.402114,-0.0549382],[0.0270972,0.0116424,-0.0282595,0.0570185,0.0724194,0.00338411,-0.00298125,-0.00644809,-0.00357636,-0.000209006,0.0145842,-0.00106193,-0.0146695,-0.0098912,0.0044078,-0.00268133,1.12417,0.00982905,0.016215,0.00601865],[-0.0289682,-0.0203843,-0.0756605,0.018666,-0.0689227,0.142481,0.0270936,-0.0475391,-0.000473042,0.000220852,0.00866777,0.0494844,-0.0137729,0.621404,0.0077666,-0.0118464,0.259637,0.538462,-0.0557881,0.0105812],[-0.0541874,-0.0597782,-0.373865,-0.330514,-0.104128,0.701204,0.261627,0.276741,0.100564,0.0500545,0.119147,-0.268936,0.195875,1.241,0.0381154,0.052116,-0.0780096,-0.35264,0.484426,-0.0142497],[0.15543,-0.204127,1.21455,0.690639,0.629473,0.147321,0.0760267,0.186929,0.262738,0.397174,-0.169237,0.0924538,1.51675,1.62846,0.00695702,0.0404449,2.53662,1.62067,0.774432,1.11253],[0.068835,-0.0631984,-0.0419095,0.195713,-0.111248,-0.1336,-0.0388627,-0.118633,0.0453932,-0.0375879,-0.0361354,0.0446487,0.11211,-1.44273,-0.00471103,-0.000955447,-0.434213,-0.252485,0.0411931,-0.00774631],[-0.0614468,0.00331771,-0.415823,0.0611751,0.151413,-0.130824,-0.0218967,-0.0323836,-0.0244976,-0.0262989,0.020574,-0.0880576,0.615528,2.36713,0.03852,0.0128394,0.482621,-0.0101942,0.0304435,0.00547474],[-0.0396693,-0.0244083,0.0154499,-0.0186283,-0.0234109,-0.0568257,-0.0127434,0.00185921,2.82086e-05,0.000580843,-0.00572959,0.0566901,0.0170849,-0.449151,-0.0139673,-0.000617676,-0.195977,-0.11026,-0.0319133,-0.00656684],[0.0280148,0.0204239,0.263141,0.173642,-0.0331829,0.120144,0.0051277,0.00789882,0.0134457,0.00442053,0.0171962,-0.0226965,-0.20066,-0.850812,0.00459641,0.0104163,-0.113115,0.0304233,-0.0337045,0.000885111],[-0.0545762,-0.0574726,0.00769699,-0.154353,0.0400724,-0.173111,0.0123978,-0.00561506,0.00929378,-0.000613479,-0.0318814,-0.0216304,0.0994375,-0.359683,-0.00448426,-0.00991878,0.165789,-0.0434165,-0.0190439,-0.000317428],[-0.0344798,-0.0232014,-0.0092948,0.0227922,-0.0635878,0.138078,0.00751504,0.00664743,0.0218265,2.73891e-05,0.0305709,0.00315076,-0.0948001,0.0967852,0.00394265,0.00362766,-0.106801,0.0193193,0.0112156,-0.00167277],[-0.0647841,-0.068414,0.0810348,-0.262042,-0.158867,0.61323,-0.12431,0.14221,-0.0290212,-0.03425,0.00136555,-0.0375085,-0.647152,-1.9325,-0.0265143,-0.0080779,-0.214094,-0.407144,-0.0298016,-0.00720443],[0.0730543,0.0842825,0.0125513,0.0443432,0.281357,-0.0672184,-0.0255755,0.436117,0.0234693,-0.00499451,-0.0527548,0.0464058,0.138186,0.781836,-0.0147619,-0.0521757,0.393233,-0.081619,0.0363554,0.0167231],[0.0116031,-0.0763196,0.119793,0.36699,0.213947,-0.192176,0.0331961,0.0981144,-0.112193,-0.10976,-0.00366606,0.304614,0.847366,0.542091,0.0271679,-0.00274078,0.433658,-0.133945,0.0771923,-0.0127818],[0.153612,0.0590331,0.0532705,0.233132,0.913386,0.193917,-0.110013,-0.0907604,-0.106669,-0.157041,-0.0495123,0.0413689,0.449078,2.08283,-0.0318033,-0.0802962,0.823215,0.0811694,-0.0362238,-0.00772926],[0.0625323,0.185122,0.229786,0.106342,-0.36759,-0.171783,-0.0110125,0.0279098,-0.0846777,-0.0427713,0.0058318,0.0391698,0.197135,-2.28984,0.00534779,0.0369074,-0.657849,0.153135,0.0275851,-0.0227867],[-0.0590965,0.0207011,-0.114702,-0.268753,0.000850704,-0.136101,0.0410855,0.0728728,0.0197335,0.00620096,-0.0201539,0.434485,-0.0207994,0.119183,-0.0245869,-0.0200287,0.162441,0.116171,0.0826507,-0.00224144],[-0.0272947,-0.00931777,-0.0554187,-0.110319,-0.0451088,0.0517357,0.0137388,0.0123855,-0.0101444,-0.00722285,0.0106926,-0.037242,-0.127588,-0.225766,-0.000129425,0.0076801,-0.0922389,-0.0336133,-0.0232564,-0.0023631],[-0.000378667,0.00148962,0.0317518,-0.00531732,-0.0119666,-0.0241972,0.00381139,0.00366584,0.00115381,-0.000434083,-0.000491154,0.00141115,0.00413692,0.0335992,0.00127743,0.000312918,0.0104345,0.0233565,0.00551809,-0.00149633],[-0.231389,-0.276578,-0.943269,0.52921,-0.712966,-0.530434,-0.109335,-0.120244,-0.058234,-0.0674383,0.0978393,0.145205,-1.04426,-1.05686,-0.152035,-0.0644275,-1.41931,-1.12997,0.160783,-0.15271],[-0.086469,0.0251534,-0.467485,-0.836061,0.0913593,-0.384735,-0.199284,-0.313791,-0.120474,-0.0506234,-0.201889,-0.056761,1.01944,3.89452,-0.0565216,-0.0658756,2.62743,0.259098,0.0152046,0.0314729],[-0.0284289,-0.00633984,-0.00150583,-0.0155913,-0.0583456,0.0132616,-0.00351944,-0.00464482,0.00523112,-0.000735348,-0.0117829,0.010902,-0.0141062,-0.0893704,-0.00653492,0.00458858,-0.167299,-0.00160762,-0.0141299,-0.00551075],[0.0949051,0.107435,0.024619,0.0535202,0.233185,0.136418,0.0252714,0.0130042,0.0104353,-0.0067852,-0.00758524,-0.0374708,-0.0945341,-0.390202,-0.00407968,0.00831981,-0.22165,-0.0816263,0.0381535,-0.00417932],[0.0474421,0.143996,-0.192631,-0.457134,-0.0529463,-0.0455892,-0.0668494,-0.156245,0.0462997,0.0324031,0.119433,-0.0567497,-0.213261,0.930199,0.0220836,0.0169667,-0.229052,-0.0450326,0.0181192,0.0285454],[0.111378,0.261246,0.0918823,0.213682,0.071009,0.498783,-0.0517489,0.043583,-0.281428,-0.234939,-0.0131984,0.27779,-0.511266,0.843282,-0.0542766,-0.0730453,0.00177828,-0.279855,-0.348227,-0.0958007],[0.119136,0.0854115,-0.0762278,0.00192499,-0.120206,-0.0311612,-0.0422563,0.038902,-0.0419678,-0.0459126,-0.0713015,-0.0640516,-0.211303,0.0545834,-0.0180298,-0.043395,0.405181,0.398059,-0.0854131,-0.00612192],[0.104174,0.126293,-8.38924e-05,-0.140191,-0.0639674,-0.00947627,0.00561412,0.072791,0.00868051,0.030983,0.00900312,-0.0263975,-0.132964,-0.159299,0.00111842,-0.0158309,0.240204,0.43152,-0.0732965,0.0126299],[0.0110036,0.00623309,0.0865722,-0.0272531,0.0573173,-0.0636005,-0.00333766,0.0126945,-0.0153081,-0.00756556,-0.0182951,-0.0382109,0.068439,0.0258115,-0.00484397,-0.00194228,0.00426001,-0.0654953,0.0171347,-0.00120156],[0.0159313,0.00262434,0.0331128,0.15466,-0.0672399,0.0472175,0.0187279,0.027053,0.00583904,0.00843302,-0.0140396,-0.0455313,0.0655933,0.265062,0.0013694,-0.00899962,0.147761,0.0367507,0.0140651,0.00188819],[0.00282682,0.0088748,-0.0972284,0.0416659,0.213742,0.0493003,-0.00624068,0.0351259,-0.0193672,-0.00362691,0.00299854,-0.0201738,-0.144843,-0.531931,-0.00504847,0.00628374,-0.147522,-0.124646,-0.0351441,-0.00848449],[-0.0193878,-0.0149774,-0.11625,-0.0391571,-0.118555,0.023741,0.00166873,0.00816574,-0.00723775,0.00408909,0.000937091,-0.0441028,-0.0134313,-0.116495,-0.000446111,-0.00112708,-0.0238426,-0.106939,-0.0112293,0.000575671],[-0.0275229,0.0206261,-0.229835,0.338488,-0.0359308,-0.0891633,0.174229,0.376845,-0.104103,-0.0784223,-0.0154635,0.187323,0.61543,1.17391,-0.00101119,-0.00448686,0.36575,-0.0149381,0.103161,-0.0142858],[0.0732077,0.0614318,0.108008,-0.0497974,0.141461,-0.0949849,-0.0373627,-0.0841382,0.0391402,0.0319165,0.0290002,-0.201053,-0.313477,-0.531054,0.0471516,0.0399367,0.147372,0.122522,0.153788,0.00550211],[-0.0216378,0.00314733,-0.0340439,-0.252129,-0.107743,0.177871,-0.038487,-0.0813948,-0.0389579,-0.0627953,0.0182219,-0.222732,-0.361847,-0.368469,0.0215207,0.0226636,-0.166643,0.0380376,0.0209108,-0.00615764],[0.0216861,0.031264,0.333316,0.0916651,-0.199812,0.265302,-0.0494715,-0.038529,-0.0254036,-0.0595817,0.0982462,0.0247063,-0.25183,1.42194,0.0544247,0.0466239,0.177224,0.180631,0.0752281,-0.0170496],[0.0594818,0.0280704,0.251165,-0.134507,0.145129,-0.00757694,-0.00138931,-0.0360791,-0.0231427,-0.0158601,-0.00707502,-0.0526966,0.00527601,1.24369,0.0554432,0.028695,0.325552,0.362985,0.0206665,0.0325355],[-0.0195065,-0.0144402,-0.0741427,0.112227,0.0480007,0.114182,0.0431793,0.0408042,-0.00154049,0.0113931,0.0160743,-0.0106767,-0.115876,-0.455929,-0.0111126,0.000936681,-0.340341,-0.328278,-0.0481198,0.00585189],[0.0171795,0.0103808,-0.0364777,0.0487292,0.0179785,-0.119419,0.0280424,0.026891,0.00398546,0.00136844,-0.00262498,0.00182928,0.0618962,-0.040361,0.00131705,-0.000738434,-0.0316709,0.0498542,0.0110106,-0.00494804],[0.00174068,-0.00284468,-0.00429917,0.00144609,0.0244825,-0.0129711,-0.000421873,-0.00557889,-0.00234337,-0.00200787,-0.00157385,0.00315441,0.00223709,0.0304132,0.000695839,-0.00209633,0.0620648,-0.0232978,-0.00385091,0.0020955],[0.0799044,0.0273608,-0.508679,0.0127994,0.131624,0.618263,0.113007,0.124111,0.0878229,0.0411075,0.0607083,0.110448,0.879164,4.40834,0.0261367,0.0405002,0.481386,-0.17193,0.176658,-0.0161725],[-0.0382869,0.220428,-0.379105,-0.196738,-0.271334,-0.119348,0.100292,0.183341,0.153084,0.106602,0.0419746,0.00612987,1.59568,0.545292,-0.0130942,-0.0340186,-0.0167492,-0.028308,0.235063,-0.0277095],[0.0013015,-0.00523464,0.026519,-0.0387903,-0.0138407,-0.0174622,0.00682606,0.00996515,-0.0014741,0.00119557,-0.00177582,-0.013503,0.0274337,0.0935664,0.00229595,-0.00184669,0.0449591,-0.00786917,-0.000519594,-0.000488548],[0.00302092,0.0111649,-0.0132079,-0.121475,0.0901681,-0.0219495,-0.0198093,-0.0197184,-0.00126822,-0.00122391,0.00347026,-0.0546806,-0.0113967,-0.181493,0.00173081,0.0017731,-0.114469,-0.106247,-0.0205253,0.00136556],[0.0563937,0.063743,-0.0486313,0.198192,0.0863249,0.0145681,-0.0165163,-0.0468839,0.0240984,0.007051,0.050595,0.0233378,-0.400268,-0.278196,0.00631001,0.0121635,-0.140715,-0.0683118,0.0874502,0.0205288],[-0.159631,0.1655,-0.849751,-0.795002,-1.14307,-0.190336,-0.0501029,-0.23517,0.0849358,-0.0603679,0.303374,-0.0222497,-1.27165,-4.09302,-0.0070143,0.055719,-2.58578,-1.57987,-0.321077,-0.0865293]],"sigmahat":[[0.460961,0.212849,0.771151,0.575675,0.817925,0.21796,0.0324943,-0.0204078,-0.0314077,-0.0028984,-0.0159913,0.129853,0.232048,3.13312,0.0298049,-0.0522511,1.3518,0.882702,0.168524,0.0320774],[0.212849,0.376088,0.358688,0.143027,0.128966,0.269182,0.0364188,0.0751598,-0.000454351,-0.000337797,0.0133636,0.026998,-0.143197,0.509509,0.00551625,-0.00185558,0.0211297,0.343373,0.112531,-0.00617282],[0.771151,0.358688,7.46287,1.33541,0.935812,1.31031,-0.183596,-0.112881,-0.172377,-0.0658502,-0.209315,0.950548,-0.128966,3.29004,0.101094,-0.0525904,2.99625,2.11523,0.310848,0.0687297],[0.575675,0.143027,1.33541,4.9814,1.15611,0.627996,0.02115,0.189095,-0.126515,-0.14266,-0.138093,0.503476,0.11283,3.37699,0.00676566,-0.0410235,0.574213,1.67497,0.320622,-0.0276944],[0.817925,0.128966,0.935812,1.15611,7.13557,0.708509,-0.174317,-0.219063,-0.157515,-0.0715226,-0.26702,0.18052,1.44228,11.5593,0.00885334,-0.249616,5.56965,0.968573,0.238477,0.131721],[0.21796,0.269182,1.31031,0.627996,0.708509,5.01596,-0.178624,-0.22447,-0.059214,-0.0282436,0.0481784,0.0124166,-2.8591,-1.85346,-0.037676,0.117465,-2.22646,-0.677667,-0.411847,0.0069246],[0.0324943,0.0364188,-0.183596,0.02115,-0.174317,-0.178624,0.214159,0.190031,0.035261,0.044164,0.0635998,0.0345658,0.294464,1.089,0.0208352,0.00557764,0.115732,0.26594,0.138358,0.00919251],[-0.0204078,0.0751598,-0.112881,0.189095,-0.219063,-0.22447,0.190031,0.603526,0.00017859,0.00804814,0.0102423,0.10511,0.247613,-0.495347,-0.0212902,-0.0197324,-0.119517,0.0331985,0.0644049,-0.0227461],[-0.0314077,-0.000454351,-0.172377,-0.126515,-0.157515,-0.059214,0.035261,0.00017859,0.101399,0.0537782,0.0671186,-0.0173798,-0.0124998,-0.173685,0.0110516,0.0193082,-0.264441,0.0329368,0.0344131,-0.00139056],[-0.0028984,-0.000337797,-0.0658502,-0.14266,-0.0715226,-0.0282436,0.044164,0.00804814,0.0537782,0.071743,0.0401951,-0.0198598,0.0861257,0.154882,0.0115184,0.00705742,0.0105615,0.0490138,0.0275597,0.0083886],[-0.0159913,0.0133636,-0.209315,-0.138093,-0.26702,0.0481784,0.0635998,0.0102423,0.0671186,0.0401951,0.234485,-0.0135763,-0.503211,-0.376119,0.0486527,0.062801,-0.362794,0.0299082,0.0547613,0.00218764],[0.129853,0.026998,0.950548,0.503476,0.18052,0.0124166,0.0345658,0.10511,-0.0173798,-0.0198598,-0.0135763,1.28952,0.14871,1.95961,-0.0431356,-0.0374782,0.741954,0.212811,0.132529,-0.00713176],[0.232048,-0.143197,-0.128966,0.11283,1.44228,-2.8591,0.294464,0.247613,-0.0124998,0.0861257,-0.503211,0.14871,10.4306,20.4992,0.0892055,-0.274552,6.65101,2.12378,0.642408,0.0862275],[3.13312,0.509509,3.29004,3.37699,11.5593,-1.85346,1.089,-0.495347,-0.173685,0.154882,-0.376119,1.95961,20.4992,141.838,1.34657,-0.690597,38.6634,13.6336,5.21879,0.847003],[0.0298049,0.00551625,0.101094,0.00676566,0.00885334,-0.037676,0.0208352,-0.0212902,0.0110516,0.0115184,0.0486527,-0.0431356,0.0892055,1.34657,0.0601224,0.0280569,0.435806,0.175268,0.0845002,0.0188983],[-0.0522511,-0.00185558,-0.0525904,-0.0410235,-0.249616,0.117465,0.00557764,-0.0197324,0.0193082,0.00705742,0.062801,-0.0374782,-0.274552,-0.690597,0.0280569,0.0717898,-0.614293,-0.0781887,0.00798557,-0.00325892],[1.3518,0.0211297,2.99625,0.574213,5.56965,-2.22646,0.115732,-0.119517,-0.264441,0.0105615,-0.362794,0.741954,6.65101,38.6634,0.435806,-0.614293,21.9881,5.15984,1.51854,0.43189],[0.882702,0.343373,2.11523,1.67497,0.968573,-0.677667,0.26594,0.0331985,0.0329368,0.0490138,0.0299082,0.212811,2.12378,13.6336,0.175268,-0.0781887,5.15984,6.58401,0.95046,0.0967322],[0.168524,0.112531,0.310848,0.320622,0.238477,-0.411847,0.138358,0.0644049,0.0344131,0.0275597,0.0547613,0.132529,0.642408,5.21879,0.0845002,0.00798557,1.51854,0.95046,0.671689,0.0207114],[0.0320774,-0.00617282,0.0687297,-0.0276944,0.131721,0.0069246,0.00919251,-0.0227461,-0.00139056,0.0083886,0.00218764,-0.00713176,0.0862275,0.847003,0.0188983,-0.00325892,0.43189,0.0967322,0.0207114,0.0288815]],"n":20,"lags":3}