{"betahat":[[0.751275,0.565424,3.15521,1.0842,-0.44966,-0.10344,0.533682,2.34366,0.00684583,0.0946771,-0.456399,3.48154,-3.85693,9.97231,0.013523,-0.0405776,3.30681,1.02268,0.720528,0.223502],[0.813909,-0.0121802,0.111762,-0.187164,0.271026,0.160316,0.0867843,0.114428,0.000121098,0.0929301,0.107039,0.0681541,0.0721529,1.07693,0.0111485,0.0408022,-0.0791078,-0.213559,0.00887103,0.0109835],[0.00729513,0.932191,0.476878,0.102039,-0.0196777,0.255246,0.0183071,-0.0880647,0.0190078,-0.0047437,-0.0256921,0.0739224,-0.49968,-1.73008,-0.0315661,0.00347389,-0.57587,-0.425145,0.0947171,-0.011107],[0.0323714,0.0180177,0.900539,0.0304464,-0.0324946,0.133089,0.0159307,-0.0129911,0.0182944,0.0093598,0.0260357,-0.0149277,-0.0980875,0.378598,0.0164558,0.00111344,0.174675,0.177279,0.00966475,0.00803164],[-0.0452729,-0.0194579,-0.314205,0.66789,0.0962533,-0.168142,-0.0273692,-0.0474342,-0.0199885,-0.0147503,-0.00168233,0.0541242,0.117643,0.611846,-0.00373195,0.000661258,-0.0236629,-0.0783497,0.0237015,-0.00214446],[0.0504262,0.0469428,0.0950357,0.116763,0.736998,0.127094,-0.00383661,-0.0244818,0.0101707,0.00416709,0.0295677,0.0452133,0.060627,0.954793,0.01018,0.00388872,-0.0248829,0.176679,0.0533252,0.00898452],[0.0643839,0.0521339,0.145996,0.0263371,0.200059,0.859452,-0.00776119,-0.0192769,-0.0117566,-0.00150702,-0.0321423,0.0420152,0.108374,-0.0137516,-0.00464569,-0.00253424,0.120952,0.0835549,0.00234355,0.00154727],[0.113453,0.0890855,0.0752936,-0.043555,0.278516,-0.478305,0.991815,-0.555465,0.143675,0.11068,0.0264793,-0.242683,0.0687873,1.31233,0.0476678,0.0207731,-0.14441,0.488426,-0.0303677,0.0271088],[-0.0220382,0.0174059,0.114584,0.0417884,-0.201949,0.335121,0.0406253,0.549965,-0.109594,-0.0684446,-0.000222919,0.194118,0.321105,1.30243,-0.0276283,-0.00440425,-0.134333,0.0992439,-0.0614408,-0.0165072],[-0.0693328,-0.0477529,-0.480792,-0.157889,-0.142592,-0.203194,0.0516542,0.00841395,1.07469,0.13009,-0.0585356,-0.120892,-0.120116,1.22467,0.00404761,0.00144778,0.0465012,-0.0743477,-0.198974,0.0416475],[-0.252302,-0.130788,-0.491356,-0.38518,-0.797173,-0.591602,0.247857,0.215749,0.136545,1.17033,-0.00910099,-0.0499844,-0.277254,-4.00942,-0.0259839,0.0576749,-1.51778,-0.184957,-0.0221985,-0.00121136],[-0.122331,-0.199863,-0.3928,0.0727066,0.190227,0.324063,0.0563,-0.0377045,0.160062,0.120586,0.995496,-0.0631624,0.00407709,0.718448,-0.0568944,-0.057083,0.305341,-0.382555,0.023153,-0.00730534],[0.091471,0.00208395,0.275452,0.177166,-0.0549691,0.0436507,-0.094087,-0.107624,-0.0208897,-0.0186237,-0.0084575,0.627029,0.135357,0.198485,0.0279853,0.0158897,0.115896,0.204923,-0.0448612,-0.0086833],[0.0119647,0.000149439,0.0982587,0.0664999,0.0266548,0.0769499,-0.0442218,-0.0390901,0.00608102,0.00451423,-0.00884652,0.0442995,1.0617,0.207905,-0.0031339,-0.00748037,0.0973097,-0.0267302,0.00638879,0.00707096],[-0.00119952,0.00275726,-0.0328087,-0.00112099,-0.017302,0.0433996,-0.00354543,0.00154495,0.00128653,0.00232107,0.00336099,-0.0045635,-0.0174723,0.905088,-0.00218546,0.00247781,-0.0878663,-0.00320525,-0.00529504,-0.000803729],[0.15581,0.152886,1.60441,-0.70491,0.864854,-0.0624547,-0.0207225,0.0747347,-0.0632699,0.0371045,-0.281803,-0.20118,0.821737,-3.66837,1.07202,-0.0173197,0.981397,1.18902,-0.545695,0.210499],[0.220956,-0.251735,0.976339,1.00283,0.151329,0.645624,0.116619,0.26261,0.0119152,-0.00503578,0.232246,0.288594,-2.83025,-5.82639,0.0174742,1.05607,-3.16938,-0.283478,-0.449023,-0.0412548],[0.0303916,0.0163733,-0.0205895,0.0518636,0.063824,0.0116242,-0.00511835,-0.0130077,-0.00241256,0.00142182,0.0200098,-0.00529924,-0.0385688,-0.0492021,0.0046486,-0.00175981,1.13808,-0.000750509,0.0184919,0.00650154],[-0.0375559,-0.0351175,-0.0567623,0.0233863,-0.0964839,0.126983,0.0244603,-0.0410128,-0.00245079,-0.000251161,0.00623945,0.0592401,-0.00115646,0.545386,0.00616309,-0.0127299,0.240389,0.564445,-0.0644688,0.00928394],[-0.0399892,-0.051247,-0.237356,-0.180622,-0.0948548,0.657638,0.246659,0.252077,0.0815251,0.040873,0.089994,-0.266941,0.244148,1.12544,0.0352632,0.045949,0.0540746,-0.246725,0.573464,-0.0187022],[0.0932335,-0.269685,0.929211,0.592331,0.849275,0.0477387,0.0664699,0.203863,0.216369,0.3537,-0.211996,-0.107297,1.81232,2.46972,0.0200392,0.0403145,2.87967,1.47352,0.742444,1.1484],[0.0633641,-0.0781156,-0.0230609,0.197794,-0.150209,-0.126733,-0.0437683,-0.136926,0.044447,-0.041125,-0.0411059,0.0412221,0.131306,-1.53134,-0.00272,0.00235772,-0.497178,-0.253413,0.0612818,-0.00914686],[-0.0975424,-0.0315847,-0.463789,0.0454185,0.106104,-0.190568,-0.0252598,-0.0136204,-0.0318967,-0.0330659,0.0192569,-0.0745683,0.649242,2.2861,0.038109,0.0156713,0.448235,-0.0119319,0.00454723,0.00299054],[-0.0429907,-0.0256968,0.0173608,-0.0112472,-0.0332527,-0.0568756,-0.0138813,0.00568156,-0.00204537,-0.00028709,-0.00552632,0.0634782,0.016124,-0.479939,-0.0146655,-0.000666321,-0.205068,-0.110236,-0.0352183,-0.00812267],[0.0305851,0.0194844,0.275959,0.167115,-0.025578,0.130679,0.00821038,0.0128149,0.0151785,0.00630965,0.0184815,-0.0197863,-0.212185,-0.889158,0.00399114,0.0101597,-0.121658,0.0353512,-0.0369022,0.00112886],[-0.0595637,-0.0626439,-0.00125979,-0.16643,0.0312711,-0.186072,0.0111117,-0.00853288,0.0114417,0.000106803,-0.0318526,-0.0255002,0.0943653,-0.458665,-0.00585909,-0.0107417,0.161776,-0.0418284,-0.020388,-0.000766003],[-0.0397533,-0.0276032,-0.0181402,0.0115912,-0.0725579,0.137675,0.00611159,0.00823727,0.0234599,-0.000111571,0.0339287,0.00558753,-0.100634,0.128887,0.00381774,0.00359984,-0.0988948,0.0266305,0.00892727,-0.00192733],[-0.0790922,-0.0950699,0.186866,-0.298938,-0.208018,0.599807,-0.161703,0.134049,-0.0338714,-0.0307452,-0.00223881,0.00512755,-0.661061,-2.19914,-0.0354927,-0.0140976,-0.145213,-0.410575,-0.0486885,-0.010033],[0.0470992,0.0496319,-0.0470994,0.041061,0.232433,-0.103274,-0.0171542,0.489047,0.0384338,0.0094259,-0.0479186,0.0461544,0.10767,0.387107,-0.0206468,-0.0531965,0.280241,-0.130238,-0.0164816,0.0163343],[-0.000594397,-0.0816681,0.191873,0.422048,0.161962,-0.271025,0.0393272,0.108553,-0.113281,-0.122287,-0.000297096,0.344719,0.854171,-0.0257529,0.0178291,-0.00434282,0.336961,-0.0738304,0.111348,-0.0286988],[0.136407,0.0457513,-0.0449649,0.253527,1.01358,0.2441,-0.135192,-0.121927,-0.136721,-0.177603,-0.0724129,0.0350713,0.515417,2.33158,-0.0371862,-0.0903292,0.997906,0.00776064,-0.0537768,-0.00883168],[0.095243,0.208133,0.262985,0.170359,-0.310762,-0.195895,-0.0140337,0.0337829,-0.108626,-0.0624857,-0.0118339,0.0755764,0.22031,-2.20023,0.00223339,0.0300763,-0.649347,0.183048,0.0370488,-0.0241326],[-0.0592998,0.0218034,-0.119836,-0.28318,0.00474505,-0.158782,0.0410652,0.0655004,0.0218659,0.00533895,-0.0168326,0.438448,-0.0218124,0.158716,-0.0247255,-0.0198939,0.19181,0.147612,0.0947916,-0.00128579],[-0.0310444,-0.010277,-0.0652075,-0.116187,-0.0471132,0.052863,0.0145896,0.0108745,-0.0120288,-0.00861198,0.0122389,-0.043496,-0.136381,-0.197388,0.00118162,0.00881819,-0.0807282,-0.034596,-0.0227447,-0.00262629],[-0.000335365,0.000420436,0.0356384,-0.00182994,-0.013794,-0.0294807,0.00434545,0.00411326,0.00134687,-0.000209565,-0.00134036,0.000840754,0.0125025,0.0438009,0.00175259,5.24715e-05,0.0131842,0.0261097,0.00633642,-0.00139629],[-0.222448,-0.264491,-0.948654,0.582109,-0.745479,-0.50915,-0.126621,-0.130002,-0.0410481,-0.0524467,0.16951,0.220792,-1.39757,-1.43746,-0.177053,-0.0753115,-1.51629,-1.15521,0.226606,-0.18276],[-0.110582,0.0277411,-0.510961,-0.824769,0.121667,-0.491378,-0.223412,-0.366773,-0.151718,-0.0810031,-0.273825,-0.104055,1.38021,4.71773,-0.0526614,-0.0581488,2.89646,0.365874,0.081226,0.0429312],[-0.0320086,-0.0090987,-0.00444626,-0.0125773,-0.0538881,0.0161153,-0.00276946,-0.000448299,0.00477841,-0.00192893,-0.0148978,0.0171851,-0.00340275,-0.0688754,-0.00723198,0.00502177,-0.185508,0.00172184,-0.0168839,-0.0061068],[0.098887,0.108577,0.0332843,0.0673907,0.236131,0.133958,0.0260414,0.0209535,0.0114025,-0.00632022,-0.0086695,-0.0272816,-0.101564,-0.463037,-0.00743763,0.00679744,-0.230969,-0.0624941,0.0418586,-0.00494582],[0.0448103,0.150704,-0.137306,-0.444735,-0.0652728,-0.0707336,-0.0965624,-0.179663,0.0190816,0.0180362,0.0901537,-0.0400241,-0.208084,0.672044,0.0166959,0.00859795,-0.154536,-0.0595593,0.0466688,0.0273323],[0.132019,0.231131,0.069038,0.263468,0.0335071,0.492571,-0.0202206,0.0219842,-0.28052,-0.249281,0.031113,0.327489,-0.729026,1.38534,-0.0359742,-0.0663329,0.123646,-0.13275,-0.390131,-0.0879994],[0.122707,0.0902774,-0.0888135,-0.0106253,-0.120811,-0.0336475,-0.0430191,0.022483,-0.0445648,-0.0518041,-0.0659308,-0.109449,-0.203393,0.454364,-0.00842946,-0.0431675,0.576387,0.466977,-0.0701491,-0.0018377],[0.0902326,0.0993759,-0.0132034,-0.147445,-0.0864069,-0.0647483,0.00694961,0.101662,0.0128918,0.0378109,0.00644017,0.000560829,-0.149479,-0.556019,-0.00654156,-0.0191547,0.127817,0.4371,-0.0992535,0.00811739],[0.0105797,0.00763785,0.0818381,-0.0191985,0.0657341,-0.0763409,-0.00205033,0.00729069,-0.01624,-0.00907237,-0.0205028,-0.0486574,0.0820103,0.101145,-0.00179614,-0.000453663,0.0303542,-0.067034,0.0255424,8.42938e-05],[0.0146626,-4.62007e-05,0.0380715,0.164968,-0.0706715,0.0373653,0.0191559,0.0345894,0.00481374,0.0084434,-0.0167905,-0.0344725,0.0946326,0.27724,-0.000257221,-0.0108328,0.145533,0.0430067,0.0132167,0.00101602],[0.00910644,0.0156755,-0.0938974,0.0496539,0.231662,0.0588978,-0.0072798,0.0330061,-0.0216068,-0.00427203,0.00228469,-0.0197605,-0.154943,-0.496328,-0.00432592,0.00684796,-0.136918,-0.134878,-0.0329507,-0.00822318],[-0.0246603,-0.0245657,-0.128071,-0.0379047,-0.127517,0.00272144,0.00164339,0.010996,-0.011697,0.00162001,-0.0017775,-0.047735,-0.00766411,-0.115517,0.000826943,-0.00107919,-0.0218855,-0.110146,-0.0112754,0.000377422],[-0.0345274,0.00567989,-0.263526,0.342991,-0.0700341,-0.122293,0.169733,0.420766,-0.109874,-0.0800083,-0.024127,0.235596,0.593676,0.885756,-0.0121091,-0.00691105,0.294472,-0.0768036,0.0791466,-0.0170136],[0.0526255,0.0364385,0.0773778,-0.0395457,0.0999577,-0.115467,-0.0302892,-0.0910435,0.0507531,0.0417238,0.0339563,-0.237735,-0.343889,-0.788809,0.0541404,0.0489852,0.0774376,0.105744,0.157975,0.00484267],[-0.00127347,0.0328993,0.0184756,-0.252849,-0.103135,0.230748,-0.0451281,-0.0876257,-0.034269,-0.057488,0.0255936,-0.242357,-0.416407,-0.716908,0.00790358,0.0163202,-0.210081,0.0861122,0.0595989,-0.00953526],[0.0355529,0.0344726,0.389486,0.121663,-0.215044,0.227571,-0.0518523,-0.0382516,-0.0251195,-0.0515942,0.0919844,0.0272446,-0.199887,1.61317,0.0620204,0.044894,0.268887,0.204357,0.0892133,-0.0112946],[0.0455551,0.0087954,0.236282,-0.182305,0.170041,-0.0666924,-0.00911069,-0.014983,-0.0380823,-0.031722,-0.0227586,-0.0172559,0.0231086,1.56832,0.0588119,0.0265533,0.354552,0.33521,-0.00112864,0.0352734],[-0.0325247,-0.0242397,-0.157526,0.106062,0.0498678,0.114002,0.0530646,0.0417128,-0.000970802,0.013259,0.0254176,-0.0672872,-0.112859,-0.357914,-0.00321861,0.00389613,-0.306517,-0.351958,-0.0499034,0.00995317],[0.0191187,0.00999529,-0.0323876,0.0502558,0.0202321,-0.128771,0.0292749,0.0281593,0.00587167,0.00394286,-0.00351624,0.000420046,0.0721165,-0.0189588,0.00175709,-0.001264,-0.0203444,0.0605801,0.0156126,-0.00456238],[0.00119881,-0.00318407,-0.0030535,0.00317788,0.0276465,-0.0129895,-0.00125192,-0.00604473,-0.00285535,-0.00231638,-0.00207107,0.0038752,0.00126206,0.0190412,0.000190117,-0.00238346,0.0665934,-0.0243944,-0.00276161,0.00198677],[0.108196,0.0974212,-0.402286,0.0172948,-0.00934877,0.758969,0.123312,0.0984595,0.0994729,0.0440704,0.0930279,0.115267,0.755108,4.33584,0.0406492,0.0614981,0.435159,-0.118581,0.225824,-0.0194537],[-0.0668454,0.202734,-0.382541,-0.148651,-0.187165,-0.186845,0.111852,0.167345,0.140151,0.0907328,0.00437817,-0.0564457,1.67348,0.784812,0.00298286,-0.0367322,0.0954313,0.00922878,0.297571,-0.0194597],[0.00144288,-0.00725191,0.0237415,-0.0383785,-0.00999126,-0.0276058,0.00802735,0.0130583,-0.00226597,0.000635518,-0.00471969,-0.0135378,0.0415381,0.115913,0.00267307,-0.00320695,0.0490462,-0.000977031,-0.00102714,-0.000390375],[-0.00989382,-0.0058752,-0.0261199,-0.151192,0.0648573,-0.0407578,-0.0269393,-0.013519,-0.00247594,-0.000572158,0.00422639,-0.0504301,-0.0210284,-0.319064,-5.24871e-05,0.00263536,-0.141843,-0.112146,-0.0386579,0.000650753],[0.054245,0.0647147,-0.041146,0.243979,0.071659,-0.0355565,-0.0208482,-0.0682029,0.00682789,-0.00727915,0.0341088,0.0250969,-0.389404,-0.404121,0.00914024,0.0123963,-0.134727,-0.0142852,0.129825,0.0189743],[-0.20955,0.115781,-0.855479,-0.827593,-1.12743,-0.320185,-0.0486819,-0.202042,0.0886507,-0.0600752,0.261915,-0.0555606,-1.17861,-4.82462,-0.0155684,0.045053,-3.01568,-1.55052,-0.326373,-0.0972088]],"sigmahat":[[0.478586,0.23626,0.820547,0.555878,0.82659,0.269955,0.0315349,-0.0300625,-0.0277804,0.0032045,-0.0187631,0.143087,0.232875,3.30576,0.0273015,-0.0554279,1.36823,0.858632,0.178356,0.0326232],[0.23626,0.413579,0.423698,0.134589,0.153707,0.362651,0.0353678,0.0524972,0.00693049,0.0047127,0.0170276,0.0311336,-0.1661,0.782423,0.00641621,-0.0014001,0.0613989,0.300358,0.128229,-0.00415313],[0.820547,0.423698,7.55343,1.36307,1.00608,1.41475,-0.208913,-0.130722,-0.16661,-0.0500889,-0.238494,1.03192,-0.101775,3.45812,0.0817052,-0.0624513,2.96853,2.13691,0.379662,0.0656502],[0.555878,0.134589,1.36307,4.92599,1.07181,0.565545,-0.000979338,0.1763,-0.136891,-0.146383,-0.158936,0.511573,0.124967,2.87528,-0.00259165,-0.0454346,0.455973,1.72438,0.327074,-0.0354675],[0.82659,0.153707,1.00608,1.07181,7.12671,0.756583,-0.150946,-0.233929,-0.15068,-0.0651229,-0.266649,0.190697,1.50622,12.6477,0.0188316,-0.253691,5.66047,0.942772,0.28982,0.137591],[0.269955,0.362651,1.41475,0.565545,0.756583,5.15076,-0.172866,-0.235717,-0.0343574,-0.0103389,0.0718853,0.0400073,-2.94743,-1.99254,-0.0442445,0.123223,-2.35651,-0.782667,-0.429932,0.00890495],[0.0315349,0.0353678,-0.208913,-0.000979338,-0.150946,-0.172866,0.218397,0.182046,0.0358493,0.0426853,0.0653079,0.0246437,0.309396,1.23061,0.0241347,0.00694492,0.134194,0.253476,0.142588,0.0100327],[-0.0300625,0.0524972,-0.130722,0.1763,-0.233929,-0.235717,0.182046,0.586315,0.00243795,0.0085386,0.0132036,0.121912,0.219237,-0.611793,-0.0248356,-0.0187827,-0.182773,0.0145708,0.0504565,-0.0243695],[-0.0277804,0.00693049,-0.16661,-0.136891,-0.15068,-0.0343574,0.0358493,0.00243795,0.106432,0.0584763,0.0728932,-0.0194033,-0.0328431,-0.212747,0.0101735,0.0196913,-0.26972,0.0139986,0.027925,-0.00112922],[0.0032045,0.0047127,-0.0500889,-0.146383,-0.0651229,-0.0103389,0.0426853,0.0085386,0.0584763,0.0778828,0.0417748,-0.0172221,0.0834385,0.0966187,0.00927831,0.00620937,0.0131464,0.0454938,0.0263535,0.00838877],[-0.0187631,0.0170276,-0.238494,-0.158936,-0.266649,0.0718853,0.0653079,0.0132036,0.0728932,0.0417748,0.248215,-0.0299426,-0.546316,-0.359566,0.0492857,0.0663306,-0.374044,-0.00854983,0.041059,0.00150998],[0.143087,0.0311336,1.03192,0.511573,0.190697,0.0400073,0.0246437,0.121912,-0.0194033,-0.0172221,-0.0299426,1.37536,0.150387,1.81581,-0.0583629,-0.0427973,0.654852,0.197011,0.135718,-0.0147056],[0.232875,-0.1661,-0.101775,0.124967,1.50622,-2.94743,0.309396,0.219237,-0.0328431,0.0834385,-0.546316,0.150387,10.7372,21.1079,0.0960957,-0.288489,6.92186,2.26893,0.71787,0.0925263],[3.30576,0.782423,3.45812,2.87528,12.6477,-1.99254,1.23061,-0.611793,-0.212747,0.0966187,-0.359566,1.81581,21.1079,151.006,1.47891,-0.685663,40.483,13.7663,5.70423,0.915466],[0.0273015,0.00641621,0.0817052,-0.00259165,0.0188316,-0.0442445,0.0241347,-0.0248356,0.0101735,0.00927831,0.0492857,-0.0583629,0.0960957,1.47891,0.0643702,0.0298661,0.457976,0.170068,0.0887501,0.0202454],[-0.0554279,-0.0014001,-0.0624513,-0.0454346,-0.253691,0.123223,0.00694492,-0.0187827,0.0196913,0.00620937,0.0663306,-0.0427973,-0.288489,-0.685663,0.0298661,0.0743049,-0.620274,-0.0914666,0.00336642,-0.00277304],[1.36823,0.0613989,2.96853,0.455973,5.66047,-2.35651,0.134194,-0.182773,-0.26972,0.0131464,-0.374044,0.654852,6.92186,40.483,0.457976,-0.620274,22.5048,5.25427,1.69997,0.446013],[0.858632,0.300358,2.13691,1.72438,0.942772,-0.782667,0.253476,0.0145708,0.0139986,0.0454938,-0.00854983,0.197011,2.26893,13.7663,0.170068,-0.0914666,5.25427,6.70118,1.01631,0.0945656],[0.178356,0.128229,0.379662,0.327074,0.28982,-0.429932,0.142588,0.0504565,0.027925,0.0263535,0.041059,0.135718,0.71787,5.70423,0.0887501,0.00336642,1.69997,1.01631,0.730029,0.0231875],[0.0326232,-0.00415313,0.0656502,-0.0354675,0.137591,0.00890495,0.0100327,-0.0243695,-0.00112922,0.00838877,0.00150998,-0.0147056,0.0925263,0.915466,0.0202454,-0.00277304,0.446013,0.0945656,0.0231875,0.0299547]],"n":20,"lags":3}