{"betahat":[[0.1343,0.0611873,1.51256,-1.21974,-2.1788,-4.66206,0.407365,3.41127,0.173105,-0.5667,-0.36494,15.4268,0.0916181,-0.17156,5.91537,3.82173,1.15248,-0.0696264],[0.834356,-0.046494,0.238158,-0.235325,0.256553,0.182043,0.044133,0.0320611,0.0166661,0.111114,0.12411,1.10909,0.0174145,0.0382728,-0.0452982,0.0228592,-0.00699217,0.0125419],[-0.000266704,0.902824,0.515419,0.100204,0.0408193,0.305385,0.0269271,-0.0795803,0.017999,-0.0306625,-0.330323,-0.373828,-0.0178191,-0.0114054,-0.227001,-0.163445,0.0146677,0.00859828],[0.0174529,0.0193788,0.850795,-0.0212695,-0.0573787,0.0863514,0.00463259,-0.00838429,0.00963552,0.0227558,-0.0857792,0.0840909,0.0138428,0.000125221,0.130581,0.00813767,-0.00959447,0.00135778],[-0.0168839,-0.011461,-0.227296,0.652219,0.178815,-0.141443,-0.0396268,-0.0653517,-0.0186002,-0.00276676,0.175432,0.565316,-0.00464729,-0.00476291,0.0300969,-0.0317275,0.00829004,0.00156328],[0.0336237,0.0513763,0.0233788,0.0763605,0.708836,0.07053,0.00248597,-0.0107417,0.00306094,0.0273815,0.0190187,0.688902,0.00799074,0.00693252,-0.118584,-0.00836031,0.0682277,-0.000709197],[0.0706976,0.0660958,0.121716,0.00318501,0.217083,0.841968,-0.00400579,-0.00382453,-0.0115502,-0.026971,0.108063,-0.457512,-0.0115074,-0.0065399,0.0301909,-0.00144132,-0.00134264,-0.00620034],[0.0466803,-0.0156616,-0.00416643,-0.202029,0.321891,-0.286297,0.966321,-0.560661,0.151702,0.0048335,0.0028339,-0.120331,0.0276913,0.0155495,-0.541211,0.00558494,-0.294143,0.0298363],[-0.027787,0.0620921,0.0673759,0.078094,-0.247819,0.285866,0.0408952,0.563298,-0.107927,-0.0191023,0.319493,1.63609,-0.0168435,0.00533651,-0.129169,0.124013,-0.0107788,-0.01075],[-0.0763068,-0.0671412,-0.552379,-0.167113,-0.181303,-0.545781,0.179362,0.0359047,1.08607,-0.0989488,0.0460314,-0.189986,-0.00441214,0.0171922,-0.59631,-0.214379,-0.141922,0.0397768],[-0.12637,-0.189518,-0.237235,0.180029,0.00376634,0.116704,0.0650143,0.00278686,0.15887,0.991109,0.150275,0.344946,-0.0519981,-0.0477818,0.195428,-0.0489271,0.106733,-0.0198566],[0.00716895,0.00245497,0.0964417,0.0391069,-0.00810976,0.0212857,-0.0405546,-0.0331467,0.00544959,-0.00726539,1.07978,0.158316,-0.0034804,-0.00834795,0.0946496,-0.0144281,0.0158466,0.00265052],[-0.000840399,0.00194525,-0.03537,-0.00586688,-0.020617,0.0473286,-0.00920412,-0.00323557,-0.000885639,0.00300902,-0.00785628,0.961147,-0.00158453,0.0022934,-0.0784714,-0.015596,-0.00611563,-0.00116519],[0.108952,0.101633,1.7198,-0.841322,0.889878,0.362047,0.0223802,0.0878609,-0.0485459,-0.236497,0.276094,-2.37588,1.0413,0.00451148,0.859308,1.0815,-0.433802,0.226503],[0.319779,-0.0756221,0.945797,0.563581,0.619103,0.363815,0.0808047,0.177694,0.0085244,0.130933,-2.30138,-5.3279,0.01809,1.00023,-2.49077,-0.93564,-0.389596,-0.014277],[0.0181569,-0.00162473,-0.0367478,0.0495776,0.0585286,0.0280787,-0.0120395,-0.0160645,-0.00178137,0.0129201,-0.0278299,0.0115235,0.00709657,-0.000561123,1.13443,0.0260304,0.00341929,0.00542653],[0.0990325,0.0891636,0.235288,0.162166,0.196337,0.272713,0.0695272,-0.0303025,0.0093233,0.0361093,0.05744,0.0711038,-0.00682301,-0.023188,0.265106,0.567021,-0.0520423,0.0329818],[-0.0551543,-0.0631833,-0.325474,-0.0550707,-0.144587,0.69689,0.267287,0.284495,0.102402,0.113583,0.0260374,1.20437,0.0429302,0.0415423,0.305931,0.272009,0.565151,0.00860319],[0.116095,-0.00306666,0.172739,-0.0315377,1.20225,-0.682907,0.216559,0.378294,0.223629,-0.244,2.14648,-0.358802,-0.101795,-0.102478,2.48129,-0.261462,0.811548,1.08285],[0.0292966,-0.0874959,-0.12278,0.240231,-0.243203,-0.152095,-0.0115123,-0.110392,0.0395413,-0.0452392,0.102352,-0.989655,0.00337945,0.00732814,-0.387141,-0.314054,0.0863408,-0.000607473],[-0.0300873,0.0311355,-0.391533,0.165327,0.0825357,-0.201497,-0.0113036,-0.00987072,-0.0166917,0.0217081,0.495098,1.24026,0.0312032,0.0289981,0.210622,0.0126773,0.0908577,-0.0106432],[-0.0423418,-0.032343,0.0263993,-0.00660693,-0.0105197,-0.0356313,-0.00742045,-0.000662647,0.0056776,-0.00417891,-0.0002383,-0.323291,-0.0137755,-0.00052817,-0.166183,-0.0200887,-0.0238389,-0.00311531],[0.0138332,0.0140177,0.222962,0.169629,-0.0759464,0.101867,0.0104524,0.0147765,0.0134776,0.0179434,-0.239262,-0.810147,0.00690315,0.0154516,-0.150225,-0.0256308,-0.0304728,0.000304564],[-0.0568256,-0.067866,0.0129023,-0.148249,0.0403749,-0.154938,0.00583782,-0.00887324,0.0124705,-0.0284026,0.113499,-0.418017,-0.0069239,-0.0134082,0.189738,0.0318837,-0.0446102,0.00290175],[-0.0402054,-0.039378,-0.0111895,0.018697,-0.0614272,0.155107,-0.00129613,-0.0122589,0.0202911,0.0293082,-0.100066,0.396904,0.00845597,0.00417364,-0.0276356,0.0432158,0.00200818,0.00483533],[-0.0314821,-0.00442474,0.154686,-0.12698,-0.192028,0.445284,-0.111237,0.189068,-0.0328445,-0.00185479,-0.611806,-1.50742,-0.0312958,-0.00947793,0.0117115,-0.0524403,0.113563,-0.0141974],[0.0808356,0.071093,0.0726803,0.0544274,0.276399,-0.127171,-0.0271485,0.44605,0.0353824,-0.0399391,0.0590622,-0.187491,-0.0220708,-0.0482335,0.213478,-0.0482455,0.0578926,0.00116639],[-0.146497,-0.167979,-0.145336,0.302476,-0.0832819,-0.342894,0.00596849,0.157823,-0.125517,0.031238,0.664967,0.709786,0.0192009,-0.00734636,0.556364,0.188347,0.0786964,-0.0252636],[0.0339025,0.206905,-0.0155947,-0.079013,-0.234795,-0.208817,-0.00031026,0.0384966,-0.089277,-0.020075,0.127191,-2.02698,-0.00219723,0.0257948,-0.630113,-0.208305,0.0316326,-0.018782],[-0.027967,-0.0146313,-0.0603958,-0.0933922,-0.0258891,0.0774081,0.0107594,0.00813239,-0.00988414,0.0112478,-0.145729,-0.177774,0.00172988,0.00811033,-0.0585065,-0.0107694,-0.0282747,0.00129895],[-0.00618754,-0.00339775,0.0387916,-0.0154638,-0.00731557,-0.02338,0.00408109,0.00354916,0.00250435,-0.00266862,-0.00362742,-0.081316,0.000310256,0.000192971,-0.00905313,-0.00106826,-0.00349457,-0.000977999],[-0.271977,-0.368451,-0.897384,0.898371,-1.12117,-0.676427,-0.209391,-0.16972,-0.0638193,0.164931,-1.05342,-1.46671,-0.1167,-0.057442,-1.26601,-0.697602,0.0431472,-0.150847],[-0.204445,-0.115902,-0.605314,-0.430199,-0.466731,-0.394243,-0.185541,-0.278734,-0.118238,-0.152455,0.88584,4.40429,-0.0357805,-0.00633953,2.3253,1.05899,0.0615223,0.0350771],[-0.0196068,0.00704441,0.021405,-0.0174985,-0.0353275,0.00173042,0.00248441,0.00158001,0.00267515,-0.0113787,0.00548158,-0.137647,-0.0093204,0.00217723,-0.178557,-0.0333598,-0.0107897,-0.00565566],[0.0325381,0.0440207,-0.183416,0.0849812,-0.00818626,0.108237,0.021701,-0.0141981,0.0185737,-0.0194618,-0.383239,0.48361,0.0263327,0.0566833,-0.28382,-0.00399067,0.120254,0.00113678],[0.0786381,0.176297,-0.157299,-0.328318,0.0579064,0.0150217,-0.0329788,-0.129386,0.0434387,0.0817182,-0.212443,1.24776,0.0172563,0.0212137,-0.193905,-0.011871,0.0883219,0.0234159],[-0.110557,-0.045815,0.270377,-0.00597321,-0.520706,0.547803,-0.123143,-0.0481546,-0.228281,0.0388328,-1.1097,-0.788105,-0.00765012,0.010052,-0.230473,0.257375,-0.587896,-0.0626273],[0.136319,0.13396,-0.115511,-0.00490855,-0.0133254,-0.0299968,-0.0326073,0.0782952,-0.0562044,-0.0658578,-0.226416,-0.119327,-0.0207897,-0.0456123,0.432623,0.29118,-0.079346,-0.011925],[0.0303309,0.0660078,-0.124026,-0.265525,-0.123313,-0.103945,-0.0156091,0.0894044,-0.00130612,0.00897818,-0.16471,-0.866265,-0.0133761,-0.0176067,0.0166956,0.150759,-0.105509,0.00205836],[0.0248372,0.0128949,0.122399,0.0278687,0.0679765,-0.0508107,0.00281141,0.00898744,-0.0152948,-0.0185573,0.0860653,0.239154,-7.3576e-05,0.000390191,0.0355498,0.011909,0.0333804,0.00176186],[0.00300324,-0.00259814,0.00409637,0.178086,-0.102867,0.0394812,0.029194,0.0505202,0.00512239,-0.0151448,0.0638999,0.244955,-0.00224767,-0.0107055,0.120468,0.0573135,0.0222124,-0.00185249],[0.0231691,0.016454,-0.0364004,0.0718596,0.250693,0.0843513,-0.0083149,0.0195741,-0.0155214,0.00103359,-0.132485,-0.270965,-0.00106588,0.00646859,-0.0711544,-0.0235557,-0.0236533,-0.00218862],[-0.0305351,-0.0267836,-0.110831,-0.0218476,-0.155606,0.00279578,0.00531551,0.0159855,-0.0087321,-0.00230984,-0.00793033,0.0602196,0.00305279,0.0023458,-0.00228598,-0.0418358,-0.000694106,0.0013787],[-0.0157736,0.0193941,-0.152983,0.329856,-0.129163,-0.159284,0.144931,0.370731,-0.119119,-0.00280002,0.610327,1.62848,0.00364791,-0.00646494,0.536822,0.0461072,0.180761,-0.0153862],[0.0564047,0.0246825,0.0967184,-0.116638,0.151598,-0.076753,-0.0452781,-0.102605,0.0345475,0.0335183,-0.231822,-0.363794,0.0471741,0.0337262,0.20541,-0.00742141,0.095551,0.00946902],[0.0980079,0.0920184,0.246742,-0.0884787,0.246565,0.51303,-0.0841482,-0.125615,-0.0797893,0.0449599,-0.309178,0.237931,0.0247847,0.0137658,0.0455667,-0.0635562,0.0319055,-0.0202414],[0.0644319,-0.0114874,0.293994,-0.100134,0.257361,0.137277,-0.0151277,-0.0547966,-0.0392015,-0.0225032,-0.0195496,1.2523,0.0549849,0.0299106,0.239795,0.237935,-0.0417356,0.0386823],[0.0213279,0.0124031,-0.0337541,0.0558871,0.0345696,-0.0959878,0.0289691,0.0244156,0.00418815,-0.00426434,0.0611427,0.00758734,0.00149277,0.000370865,-0.0409617,0.024552,0.0112942,-0.00415322],[0.00693956,0.00175813,-0.00248323,0.023294,0.0217676,-0.0200793,0.00411656,-0.00127311,-0.00211479,-0.000496637,0.00373087,0.06647,0.000871054,-0.00210101,0.0736711,0.0123842,0.00682741,0.00194156],[0.217551,0.229482,-0.470356,-0.12507,0.292147,0.504255,0.135354,0.141312,0.102833,0.0396984,1.0453,3.77855,0.0126069,0.00903275,0.732136,-0.0144406,0.292174,-0.0554475],[-0.0079497,0.178039,-0.174367,-0.0329209,0.0735007,0.12475,0.106664,0.147449,0.114391,-0.0200763,1.63257,0.8952,-0.0170639,-0.0495111,0.0497336,-0.0221789,0.176822,-0.043211],[0.000749375,-0.00554924,0.0119745,-0.0307947,-0.0236499,-0.0305511,0.00994978,0.0140358,-0.000793478,-0.000676327,0.020799,0.12265,0.00226968,-0.00150559,0.0441485,0.00562055,0.00862191,0.000264512],[-0.0282785,-0.0524835,0.128908,-0.0467407,0.0328374,0.0706132,-0.0309011,-0.000176448,-0.00862203,0.00591648,0.106814,-0.198911,-0.00616289,0.00806912,-0.292626,0.016013,-0.0877373,-0.000508989],[0.0534065,0.051035,0.000984721,0.167956,0.0956001,0.0172447,-0.0240083,-0.0629668,0.0166565,0.0388952,-0.375534,-0.768418,0.00413239,0.0116871,-0.285386,-0.0300431,0.0712493,0.0147861],[0.0502287,0.191792,-0.115103,0.0776455,-0.91878,0.409996,-0.0971622,-0.335704,0.027863,0.302917,-1.1589,0.222579,0.0681292,0.115126,-2.28847,-0.19315,-0.141042,-0.0851992]],"sigmahat":[[0.490578,0.239545,0.790879,0.486327,0.974087,0.29987,0.000153315,-0.0475779,-0.0334898,-0.034668,0.174441,2.44206,0.0269644,-0.0454921,1.11551,0.304785,0.10148,0.0196021],[0.239545,0.434294,0.449849,0.117317,0.135941,0.325454,0.0447814,0.0980025,-0.0292982,0.0114995,-0.266885,0.331353,0.00101988,0.00422964,-0.00670504,0.0178924,0.202677,-0.0246407],[0.790879,0.449849,7.46246,1.09831,1.08479,1.32364,-0.301874,-0.141073,-0.166836,-0.255571,-0.422716,1.38444,0.0845344,-0.036104,2.40962,0.839467,0.335032,0.027635],[0.486327,0.117317,1.09831,4.70882,1.49659,0.706909,-0.061575,0.206595,-0.181967,-0.197779,0.0197163,0.682166,-0.0305574,-0.0563946,0.0604891,-0.248986,0.0653576,-0.0454095],[0.974087,0.135941,1.08479,1.49659,7.95671,0.974964,-0.192404,-0.350304,-0.0413373,-0.311727,1.51205,11.8645,0.0327385,-0.214979,4.97591,1.53075,0.0712756,0.144041],[0.29987,0.325454,1.32364,0.706909,0.974964,5.41578,-0.221627,-0.337142,0.0912047,0.0598103,-3.16517,-3.87089,-0.0298013,0.157302,-3.19876,-0.494612,-0.740002,0.0299974],[0.000153315,0.0447814,-0.301874,-0.061575,-0.192404,-0.221627,0.272517,0.262984,0.0181528,0.0688575,0.256463,0.746714,0.0110567,0.002756,0.0798551,-0.0215247,0.191799,0.000267771],[-0.0475779,0.0980025,-0.141073,0.206595,-0.350304,-0.337142,0.262984,0.739544,-0.0488218,0.0151139,0.198314,0.0130133,-0.0289699,-0.0289789,0.199,-0.0573846,0.250884,-0.0308783],[-0.0334898,-0.0292982,-0.166836,-0.181967,-0.0413373,0.0912047,0.0181528,-0.0488218,0.132061,0.0671862,-0.036521,-0.26294,0.0114812,0.0205677,-0.367991,-0.00777489,-0.0605475,0.0108465],[-0.034668,0.0114995,-0.255571,-0.197779,-0.311727,0.0598103,0.0688575,0.0151139,0.0671862,0.25619,-0.587038,-0.259945,0.0551059,0.0707278,-0.360712,-0.0981262,0.0540517,0.00254886],[0.174441,-0.266885,-0.422716,0.0197163,1.51205,-3.16517,0.256463,0.198314,-0.036521,-0.587038,11.303,20.8247,0.102176,-0.264649,6.71051,1.74267,0.672369,0.0710187],[2.44206,0.331353,1.38444,0.682166,11.8645,-3.87089,0.746714,0.0130133,-0.26294,-0.259945,20.8247,123.666,1.1745,-0.754699,36.5966,7.89814,4.76448,0.578835],[0.0269644,0.00101988,0.0845344,-0.0305574,0.0327385,-0.0298013,0.0110567,-0.0289699,0.0114812,0.0551059,0.102176,1.1745,0.0636566,0.0292805,0.417848,0.0826992,0.0547131,0.0190182],[-0.0454921,0.00422964,-0.036104,-0.0563946,-0.214979,0.157302,0.002756,-0.0289789,0.0205677,0.0707278,-0.264649,-0.754699,0.0292805,0.0717665,-0.629743,-0.12423,-0.0121566,-0.00175756],[1.11551,-0.00670504,2.40962,0.0604891,4.97591,-3.19876,0.0798551,0.199,-0.367991,-0.360712,6.71051,36.5966,0.417848,-0.629743,22.8093,4.43939,1.77853,0.3608],[0.304785,0.0178924,0.839467,-0.248986,1.53075,-0.494612,-0.0215247,-0.0573846,-0.00777489,-0.0981262,1.74267,7.89814,0.0826992,-0.12423,4.43939,2.08183,0.185005,0.0994898],[0.10148,0.202677,0.335032,0.0653576,0.0712756,-0.740002,0.191799,0.250884,-0.0605475,0.0540517,0.672369,4.76448,0.0547131,-0.0121566,1.77853,0.185005,0.963019,-0.0159432],[0.0196021,-0.0246407,0.027635,-0.0454095,0.144041,0.0299974,0.000267771,-0.0308783,0.0108465,0.00254886,0.0710187,0.578835,0.0190182,-0.00175756,0.3608,0.0994898,-0.0159432,0.0308384]],"n":18,"lags":3}