{"betahat":[[-1.01023,-2.79882,-3.26201,-0.862167,1.64169,-7.93902,-3.01929,0.41531,11.3292,5.03114,1.37239,-0.502413,0.655453,-0.694431,-0.0414268,0.630796,-1.62717,34.3788,20.6203,0.320481,-7.70248],[0.987112,-0.173536,-0.160178,0.0495097,0.209581,0.312068,-0.0547152,-0.046284,0.170098,0.151615,-0.00543424,-0.0106113,-0.0271922,-0.00988384,-0.0161152,0.0157564,0.0857043,-0.0472983,0.247872,-0.0109075,-0.183547],[-0.0769868,0.650002,-0.13255,-0.0111424,-0.0298511,0.0830681,-0.0857258,0.0120797,0.0471579,-0.0934325,-0.00993855,0.0121085,-0.0273135,0.0129308,-0.0198037,-0.0660032,0.0065668,0.0610835,0.10848,-0.00642179,-0.400126],[0.0471978,0.149952,0.750752,-0.0101428,0.0586218,0.0675275,-0.0506716,-0.0213357,0.0156308,0.00209919,-0.034774,0.000747432,-0.00458139,0.00307804,0.0075337,0.0376333,0.00587266,0.0168213,0.033332,-0.00444621,-0.139962],[0.0912287,0.265685,-0.0494229,0.635479,0.287009,0.393342,-0.0700783,0.0211115,0.18768,0.0467328,-0.122991,-0.001244,-0.0658459,-0.010821,-0.0166787,0.0627658,-0.0309248,-0.00675291,0.128331,0.0170109,-0.964503],[0.0190357,0.0359832,-0.0252308,-0.0760416,0.863291,0.0630075,-0.0808534,-0.0112061,0.0225689,-0.0751108,-0.00234967,-0.00552858,-0.0127068,-0.0017887,-0.0137354,-0.0202992,-0.0563096,-0.0213102,0.0165981,-0.0145324,-0.949467],[0.050905,0.0924414,0.0117101,0.00433828,0.133271,0.873236,0.0667695,-0.0270301,-0.0599595,0.00676838,-0.047049,-0.000460865,0.0424582,-0.000492119,0.061426,0.0505296,0.0573083,0.0353075,0.0533824,0.0241591,0.477884],[-0.0219958,0.0269046,0.229815,-0.0372029,0.0112689,0.0677469,0.802735,-0.00120768,0.0789468,0.0211675,0.0150177,0.00312992,-0.00192724,0.00174161,-0.00530381,-0.0331435,-0.0656264,0.0449612,0.0506624,-0.0889208,-1.20216],[0.114672,-0.109061,0.690934,0.102219,0.501798,0.454872,0.223908,0.762848,-0.402117,0.192215,0.115383,0.0545096,0.0351738,0.0571278,0.0143935,0.106469,-0.014586,0.212294,0.282944,0.0633814,2.04748],[0.0934332,0.163776,-0.248413,-0.0788071,0.195478,0.0900399,0.00177533,-0.00822491,0.89351,-0.0332539,0.0345941,-0.0147692,-0.020942,-0.00897362,-0.033618,0.0540278,-0.0250398,-0.0405995,-0.02926,0.0221877,-1.52235],[0.0287333,-0.0837202,0.0927714,-0.0149422,0.0410987,0.161315,-0.154912,0.00181445,0.0815537,1.08156,-0.0296117,-0.0258188,0.00620093,-0.0231693,0.0293207,-0.0163405,-0.0253895,-0.00642052,-0.0920612,-0.0380539,-0.651932],[-0.0593913,0.0882622,-1.30868,0.0265638,0.0122285,-0.557768,0.235278,0.122516,-0.487783,-0.41148,0.902251,-0.0809817,-0.0704756,-0.0719919,-0.00713932,0.0992013,0.135871,-0.279888,-0.444516,0.0930619,1.4139],[0.450541,0.352658,1.82105,0.811979,0.605467,1.91244,-1.02231,0.0401213,0.397642,0.366195,-0.0265006,1.02447,-0.0930506,0.0677969,-0.0594788,0.212155,-0.380149,-0.0676756,0.0709983,-0.395873,-2.57128],[0.0238575,-0.0192265,-0.500337,0.167964,-0.694393,-0.721805,0.385949,-0.0259634,-0.185269,0.769679,0.0419008,-0.0365562,1.03077,0.0128224,0.0818344,-0.0589669,0.165159,0.322615,0.645623,0.0904206,2.21481],[-0.116699,-0.0311289,0.0244218,-0.487521,-1.66122,-2.85778,0.728321,-0.341193,-0.138981,0.747776,-0.0622135,0.412065,0.179568,1.27495,0.198548,-0.266068,0.0743303,-0.121995,0.385415,0.216081,-5.81446],[0.215965,0.783552,0.0723253,-0.279387,0.129319,0.450806,0.323722,-0.105557,-0.33467,-0.148272,-0.234631,0.21663,-0.12292,0.201374,0.924626,0.348694,0.0345536,-0.183146,-0.519059,0.0531247,3.87944],[0.026603,-0.0999359,0.166923,-0.016966,0.249817,0.0384182,0.16154,-0.0686119,-0.0966236,0.196964,-0.0178497,-0.0232045,0.0040698,-0.0340689,0.00428628,0.932227,-0.0240905,-0.109333,-0.30865,0.0258488,1.81426],[-0.0551929,-0.0676166,-0.568824,0.0525501,0.259255,-0.105824,0.229239,-0.0757018,-0.331396,-0.180666,0.0767643,0.0649901,0.0818058,0.0674717,0.0445158,-0.0155453,1.0982,-0.0522468,0.233664,0.0156805,-2.01904],[0.349649,0.594286,-0.506774,-0.437866,0.122739,0.706286,0.259523,-0.19783,-0.486692,0.517477,-0.187006,0.0342488,0.0309274,0.0341542,0.170425,0.00353253,0.0181799,0.622143,0.360851,-0.00401536,-1.29951],[-0.323065,-0.606399,-0.0797046,0.0851167,-0.472545,-0.187602,-0.136595,0.0107823,-0.0647569,0.300258,-0.159227,0.021182,-0.0791975,-0.00397746,-0.027845,-0.242169,-0.120507,0.138909,1.07982,-0.0445097,-1.4549],[-0.218292,-0.33477,-0.885063,0.0415975,-0.0725277,-0.154604,-1.32472,0.267683,0.331726,-0.187476,-0.0589792,-0.0527017,-0.0662818,-0.0605452,-0.0782014,-0.0982999,-0.709281,0.178754,0.0812179,0.258536,-7.39349],[0.0227208,0.0381193,0.0639306,-0.0199056,0.00119602,0.0392859,-0.0183789,-0.00517938,0.0443289,0.0147036,0.00354938,-0.0029582,-0.00133891,-0.00316447,-0.00201109,0.0143913,0.0178606,-0.00871274,-0.0258137,-0.00419717,-0.326769],[-0.00729378,0.121178,-0.0568546,-0.0156593,-0.0763004,-0.134117,0.202184,0.0187578,-0.233469,-0.0851347,0.0196963,0.0128543,0.0461692,0.0115054,0.0322851,-0.0277677,0.0366502,0.0329919,-0.222389,0.0459755,0.848335],[0.0242371,0.17001,0.0641938,0.0394305,-0.0278666,-0.0684391,0.0955944,-0.0029574,-0.118784,0.0674376,0.00697297,-0.0033297,0.0227689,-0.0058914,0.0190152,0.0163311,0.00234226,-0.0241053,-0.0416771,0.00782161,0.206438],[-0.0226646,-0.0866369,0.172674,-0.00355578,-0.0560048,-0.0758268,0.0705396,0.035651,-0.0374448,0.0329241,0.0175355,0.0019132,-0.00102563,-0.00188259,-0.00971953,-0.028028,0.0215457,-0.00987539,-0.0241234,0.0148266,-0.129489],[0.0159925,0.0186352,-0.129851,0.14459,-0.0976537,0.203242,0.105192,-0.0208744,-0.299707,-0.275308,0.116806,0.00897187,0.0518588,0.000778468,0.0144504,-0.00625465,0.0785219,-0.0511822,-0.0940123,-0.036829,1.49227],[-0.0258634,-0.00919447,-0.0805252,0.0258034,0.137445,0.00366757,0.0504656,0.0134208,-0.0212928,0.0526592,-0.0037863,0.0110026,0.0288855,0.0200937,0.0331431,0.0190857,0.0857739,-0.0292919,-0.0553788,0.00302344,0.698178],[-0.0108167,-0.0350826,0.0608822,-0.000913119,-0.0283027,0.15462,-0.0169399,0.018278,0.0272787,-0.00965317,0.0196132,-0.00170572,-0.0177124,0.00297216,-0.0226957,-0.0355639,-0.0123918,-0.00773079,-0.0177615,-0.0165202,-0.179471],[0.0123428,-0.0203018,-0.107949,0.0078622,-0.0258007,0.0401842,0.222225,0.0113498,-0.14555,-0.0456261,-0.00650374,-0.000134169,0.0118001,0.000695452,0.011641,0.0149014,0.0887408,-0.0126661,-0.0211053,0.0972877,1.10663],[0.167217,0.550927,-0.797789,-0.0163703,0.241696,0.333761,0.104038,0.0435298,-0.254994,-0.436553,-0.14847,0.00400222,-0.0400612,-0.0290442,0.0452395,0.0240786,0.0790333,0.0736359,-0.214262,0.0171098,-0.49244],[-0.00996595,0.0133721,0.126004,0.0406152,-0.0569786,-0.0694931,-0.0458867,-0.0298061,0.0582013,0.0348196,-0.0292386,0.00735051,-0.000811542,0.00132856,0.0152463,0.00526036,-0.033113,0.014228,-0.00519897,-0.0405745,0.391386],[-0.0898269,-0.0471928,-0.0896864,0.0529189,-0.180063,-0.333524,0.0766387,0.0377792,-0.0623521,-0.170438,0.0561031,0.0169135,0.00252917,0.0166928,-0.0260322,-0.0362409,0.0308161,0.021995,0.0830715,0.0306571,0.0665936],[0.0468321,0.143283,0.102993,-0.443754,0.054252,-0.244828,-0.187249,-0.0155071,-0.0417535,0.116851,-0.281685,0.0759971,-0.0847819,0.0270816,0.000830566,-0.0147776,-0.0160879,-0.0357118,-0.133532,-0.0671424,-0.338601],[-0.144629,-0.304407,-1.21407,-0.117005,-0.0617568,0.185422,-0.249891,0.0687499,0.255177,-0.0744574,-0.111296,-0.184552,-0.0971527,-0.106051,-0.0609468,0.0373855,-0.0905958,0.415594,0.0159478,-0.0119371,2.4749],[0.0726362,0.111015,0.439296,-0.182032,0.64799,0.318987,0.0743085,0.132086,-0.290473,0.462033,0.0910589,0.0569228,0.0259766,0.033351,-0.0152213,0.00386272,0.0745097,-0.158397,-0.00384311,0.100516,-0.460943],[-0.155454,-0.0222306,-1.14782,-0.0990541,0.92162,-0.122169,-0.154501,0.1007,0.281591,-0.462945,0.126904,-0.197098,0.0416204,-0.232635,-0.0242629,0.0282392,0.139746,-0.36527,0.13292,0.0562838,-1.90606],[-0.193349,-0.295813,-0.465586,0.231026,0.279,-0.042662,-0.204341,0.0526217,0.0754834,-0.390264,0.233595,-0.0321186,-0.0476566,0.00887063,-0.150659,-0.133658,-0.22796,-0.00681707,-0.27627,-0.0520549,-0.589231],[-0.0893316,-0.00252984,-0.122313,-0.0105209,-0.273791,0.196852,-0.0381926,0.023495,-0.00332364,-0.12141,0.0374176,0.0156905,-0.0208123,0.0112502,-0.0325627,0.0120825,0.0336663,0.0190799,0.0677384,-0.0119079,-1.41844],[0.0868433,0.157555,0.543543,-0.0918504,-0.0804327,0.233834,-0.0685087,0.0538924,-0.0701065,-0.0249915,-0.0152292,-0.0297988,-0.0262467,-0.0284492,-0.0181209,0.0481525,-0.103064,0.0514618,-0.125971,-0.0137527,0.980624],[-0.100181,0.00309275,0.143932,0.490235,-0.195716,-0.535263,-0.245589,0.152064,0.796652,-0.176939,0.209186,-0.0275098,0.0453677,-0.012982,-0.0859354,0.132167,-0.0684875,-0.0838092,-0.0722582,0.0193422,0.285619],[0.297463,0.46365,0.208891,-0.0292775,0.464354,0.345633,0.0749906,-0.0493692,0.0334432,-0.445176,0.0966689,-0.0155362,0.0654287,-0.00077029,0.0319152,0.182048,0.131337,-0.0938033,-0.140488,0.035247,1.0709],[0.144189,0.154332,0.649831,-0.0410736,0.246362,0.303721,0.626396,0.0199445,-0.479494,-0.111014,0.0608627,-0.012874,0.0799262,-0.0262826,0.044107,0.0911382,0.223539,0.0830616,-0.00234395,0.312772,3.33091],[0.00252414,0.00616109,0.0317932,0.00415049,-0.0166693,-0.00811982,-0.00824136,-0.000929207,-0.00058254,0.0365892,-0.00575019,0.000325573,-0.00267237,-0.000227421,0.000497518,0.00231068,-0.0166071,0.00406139,-0.0165241,-0.00207875,-0.390483],[0.0200881,0.0522525,0.217051,-0.0338987,-0.133287,-0.178141,-0.147384,0.0274689,0.0632443,-0.0662884,-0.0142043,-0.00223748,-0.0189452,-0.00161897,-0.0161455,0.0119409,-0.122288,0.0141789,-0.0258212,-0.0350325,-0.663504],[0.0525259,0.179513,0.0685158,-0.0282028,0.0577048,-0.0148645,-0.0100313,-0.00907718,0.0718666,0.0259301,0.00295402,-0.00877624,0.00452629,-0.00704831,0.000767352,0.0495705,-0.00897967,-0.0371544,-0.0672561,-0.00145155,0.194106],[-0.0242719,-0.0627819,0.0767001,0.0136418,-0.00253591,0.00922601,-0.0196013,-0.0145739,0.021932,-0.0349772,0.0172519,-0.0026302,0.00566178,-0.00115091,0.00226566,-0.0094798,-0.0270233,-0.00713486,-0.00874066,-0.0103172,0.271276],[-0.107207,-0.284404,0.179476,0.219954,-0.189232,-0.596398,-0.0351752,-0.000315919,0.112032,0.2285,0.0062122,-0.00776102,0.0139933,0.0100087,0.00223493,-0.0564352,-0.0476143,0.0577257,-0.0343166,0.0197943,-0.52879],[0.00654617,-0.0270815,0.106312,0.0502872,-0.00178968,-0.0676793,0.0304972,-0.00234597,-0.00143502,0.0225585,0.00619698,-0.0053556,-0.0161748,-0.0181573,-0.0194298,0.000974587,-0.0295264,0.0508863,0.0381486,0.0114983,0.251583],[-0.0402369,-0.0573775,-0.0718094,-0.00342962,-0.105537,-0.0286942,-0.049652,0.00857125,0.0327126,0.00301926,0.0275106,0.00227079,-0.0246897,-0.00235035,-0.0386634,-0.0150784,-0.0448175,-0.0277423,-0.0362714,-0.00763383,-0.298271],[0.00857104,-0.00780272,-0.118448,0.0295349,0.0119465,-0.109345,-0.025145,-0.0104635,0.0652176,0.0241867,-0.00880389,-0.0024671,-0.0101076,-0.00180338,-0.00647051,0.0170328,-0.0234393,-0.028791,-0.0283429,-0.00880777,0.0940426],[-0.167178,-0.0628077,-0.272799,-0.101227,-0.710992,-0.595744,-0.385887,0.0873502,0.313979,0.254976,-0.00836265,-0.0457431,-0.0626235,-0.0254235,-0.0934941,0.00456981,-0.20906,-0.040094,-0.314059,-0.0784298,-2.32251],[-0.0823418,-0.176197,0.119473,0.0376028,-0.135315,-0.0179426,0.0447781,0.0384627,0.0480584,-0.000665311,-0.0045611,0.00681142,0.0224152,0.00702077,0.0186429,-0.0580914,0.0589757,0.0242015,0.0373575,0.0189362,1.13298],[0.0609799,0.131099,-0.00323483,-0.0381423,0.139256,0.173916,0.0783672,-0.0398882,-0.0197179,0.0855134,-0.0264675,0.00887766,-0.00904409,0.0064468,-0.00362484,0.0525226,-0.00513621,-0.0155586,0.011168,0.00721996,0.58655],[-0.189834,-0.307782,-0.255627,0.193871,-0.200672,-0.139332,0.0441524,-0.027079,0.074817,0.0427077,0.00846318,0.000318343,0.00529203,0.0230064,-0.00926812,-0.128339,0.0556892,0.167413,0.258574,0.0142205,-0.306481],[-0.00975671,0.180724,0.357249,-0.058868,-0.520141,0.0111711,0.287058,-0.074693,-0.43957,0.269843,-0.0668409,-0.0361575,0.0157413,-0.00541466,0.0473317,0.0232773,-0.052437,0.394236,-0.172921,0.0352508,2.64209],[-0.0637278,-0.159997,-0.182882,-0.0173963,0.0864573,0.440849,-0.111595,-0.0186541,0.102365,-0.531013,-0.01109,-0.064703,0.00066022,-0.0655886,-0.00845261,-0.0394054,0.0519095,-0.0493415,-0.29022,-0.0119226,0.537256],[-0.0812753,-0.0758209,-0.182941,0.0934499,0.113778,0.0385045,0.182152,0.0485224,-0.148787,-0.402001,-0.0176629,-0.0658659,0.00816494,-0.110568,0.018422,-0.0559437,0.152623,-0.0721812,-0.181626,0.0522545,1.50041],[0.0380689,-0.0599514,0.0350983,-0.131708,0.0604503,0.436172,-0.279633,-0.0266843,0.283469,-0.582039,-0.12946,-0.10045,-0.0977811,-0.0991571,-0.0361614,0.00810784,-0.050289,-0.0201196,-0.258041,-0.0554951,-1.47838],[0.0617477,0.101492,-0.043355,0.0272227,0.0220954,-0.236834,-0.123283,0.0445302,0.0993835,-0.0758731,-0.0195978,0.00783585,0.0164777,0.0231429,0.0280394,0.0547355,-0.00973906,0.0911943,0.239688,-0.0140989,-0.395068],[-0.0320055,-0.0893776,0.0291454,0.0391628,-0.181027,-0.12807,-0.159684,0.021337,0.399655,0.205395,-0.0617756,-0.0346241,-0.0557076,-0.038388,-0.0264137,-0.0333888,0.00506228,0.00436967,-0.106009,-0.00208774,1.04141],[-0.257078,-0.615727,0.389886,-0.0426446,0.0450212,-0.173723,-0.00842564,0.0607379,-0.317148,-0.32854,-0.0318471,-0.00582819,-0.0759535,-0.0165436,-0.0819029,-0.156344,0.0466833,-0.440045,-0.186404,-0.0139623,0.98588],[0.0784793,0.178193,0.0119883,-0.0201108,0.060202,0.0233494,0.14899,0.0428616,-0.0591957,0.0620367,0.0572855,-0.00855452,0.0149369,0.002627,0.000982931,0.0799259,0.0644279,0.0171744,-0.436948,0.0242982,0.750475],[-0.0791836,-0.153925,-0.0766683,0.0244101,-0.0115204,-0.00390348,-0.120084,0.0336216,0.169375,0.2218,0.00312036,0.00100815,0.0466673,0.00850989,0.0542133,-0.0371154,0.0197097,0.0184921,-0.0687167,-0.0197064,0.222827],[0.00659985,0.00316279,0.0228859,-0.000596641,0.00742856,-0.00460895,-0.0239827,0.000170169,0.00527108,0.00108942,-0.00599454,0.000847057,0.000212589,0.000287408,0.00264111,0.0073192,-0.0175276,-0.000305353,-0.00972418,-0.0104883,-0.186106]],"sigmahat":[[0.169221,0.33612,0.0218416,-0.0321013,0.161717,0.197228,0.04291,-0.027205,-0.0329314,-0.0394233,-0.000320685,-0.00241336,0.000430985,-0.00554422,0.0025822,0.108329,0.0199472,-0.00752047,0.0143029,0.00432401,-0.120333],[0.33612,0.91537,-0.120886,-0.0885746,0.25063,0.315043,0.10909,-0.0545106,-0.102446,-0.0498285,0.00512912,-0.00878412,-0.00557092,-0.0109346,-0.00527643,0.239797,0.0492792,-0.0227786,-0.0647031,0.0106224,-0.478986],[0.0218416,-0.120886,1.26922,0.055332,0.0378002,0.106354,-0.0064928,0.0183994,-0.033317,0.00980531,0.00426226,0.00607442,-0.00721778,-0.00784477,-0.00381569,0.00312363,0.000480241,0.00930258,0.0959514,-0.0209539,0.356765],[-0.0321013,-0.0885746,0.055332,0.136792,-0.0306827,-0.0956887,0.0128235,0.0185199,0.0347921,-0.0235394,-0.000459114,-0.00284283,-0.00139677,-0.00323125,-0.00435943,-0.0126042,0.00508038,0.0191861,0.0497613,-0.00114156,0.116574],[0.161717,0.25063,0.0378002,-0.0306827,0.750844,0.452787,0.0847385,-0.00264311,-0.175917,-0.199802,0.0148348,-0.00574727,0.0160579,-0.014137,0.0102159,0.131041,0.0632585,-0.0453512,0.0488494,0.0119745,0.553],[0.197228,0.315043,0.106354,-0.0956887,0.452787,1.06623,0.0496945,-0.0509911,-0.0575992,-0.199102,0.0014132,-0.00983529,-0.0123828,-0.0132546,-0.0142681,0.156411,0.0529964,-0.0302183,0.134671,-0.00514843,0.884443],[0.04291,0.10909,-0.0064928,0.0128235,0.0847385,0.0496945,0.284081,-0.0044695,-0.199447,-0.0029903,0.0112569,0.00777271,0.0259474,0.0035184,0.0220159,0.0257717,0.120303,-0.00586427,0.0231566,0.0762582,1.15378],[-0.027205,-0.0545106,0.0183994,0.0185199,-0.00264311,-0.0509911,-0.0044695,0.0560074,-0.015076,-0.00504994,0.00232851,-0.00328464,0.000470671,-0.00283184,-0.00316917,-0.0202158,0.00107992,0.0107097,0.0257689,-0.00196788,-0.140823],[-0.0329314,-0.102446,-0.033317,0.0347921,-0.175917,-0.0575992,-0.199447,-0.015076,0.463297,0.086459,-0.0118425,-0.0116838,-0.0147889,-0.00794982,-0.0140632,-0.0282818,-0.0750423,-0.00494281,-0.0532093,-0.0441049,-0.530265],[-0.0394233,-0.0498285,0.00980531,-0.0235394,-0.199802,-0.199102,-0.0029903,-0.00504994,0.086459,0.519377,0.00630464,0.00466727,0.0276518,0.00980492,0.0279871,-0.0461916,-0.0230474,-0.00746288,-0.0612193,0.0228736,-0.135717],[-0.000320685,0.00512912,0.00426226,-0.000459114,0.0148348,0.0014132,0.0112569,0.00232851,-0.0118425,0.00630464,0.0492543,-0.00303896,0.0151516,-0.00281347,-0.00365272,-0.00172939,0.00970074,-0.0126309,-0.0088851,0.00688956,0.00952574],[-0.00241336,-0.00878412,0.00607442,-0.00284283,-0.00574727,-0.00983529,0.00777271,-0.00328464,-0.0116838,0.00466727,-0.00303896,0.00799663,0.00081173,0.00620927,0.00230701,-0.00379978,4.05451e-05,0.00129221,-0.000395786,0.00148969,0.00887388],[0.000430985,-0.00557092,-0.00721778,-0.00139677,0.0160579,-0.0123828,0.0259474,0.000470671,-0.0147889,0.0276518,0.0151516,0.00081173,0.0276538,0.0019683,0.0207797,-0.00294398,0.0189193,-0.00466492,0.000100431,0.0122288,0.185538],[-0.00554422,-0.0109346,-0.00784477,-0.00323125,-0.014137,-0.0132546,0.0035184,-0.00283184,-0.00794982,0.00980492,-0.00281347,0.00620927,0.0019683,0.00894761,0.00346421,-0.00542281,0.000278031,0.00524456,0.00431561,0.0017282,-0.0139452],[0.0025822,-0.00527643,-0.00381569,-0.00435943,0.0102159,-0.0142681,0.0220159,-0.00316917,-0.0140632,0.0279871,-0.00365272,0.00230701,0.0207797,0.00346421,0.025676,-0.00338762,0.0183099,-0.00118576,0.00510887,0.00984894,0.171184],[0.108329,0.239797,0.00312363,-0.0126042,0.131041,0.156411,0.0257717,-0.0202158,-0.0282818,-0.0461916,-0.00172939,-0.00379978,-0.00294398,-0.00542281,-0.00338762,0.105627,0.00928767,-0.0210073,-0.0178282,-0.00146788,0.00287521],[0.0199472,0.0492792,0.000480241,0.00508038,0.0632585,0.0529964,0.120303,0.00107992,-0.0750423,-0.0230474,0.00970074,4.05451e-05,0.0189193,0.000278031,0.0183099,0.00928767,0.109179,-0.0105425,0.0351058,0.0411233,0.640438],[-0.00752047,-0.0227786,0.00930258,0.0191861,-0.0453512,-0.0302183,-0.00586427,0.0107097,-0.00494281,-0.00746288,-0.0126309,0.00129221,-0.00466492,0.00524456,-0.00118576,-0.0210073,-0.0105425,0.116698,0.106605,-0.00189616,-0.10468],[0.0143029,-0.0647031,0.0959514,0.0497613,0.0488494,0.134671,0.0231566,0.0257689,-0.0532093,-0.0612193,-0.0088851,-0.000395786,0.000100431,0.00431561,0.00510887,-0.0178282,0.0351058,0.106605,0.632059,0.00460207,-0.242455],[0.00432401,0.0106224,-0.0209539,-0.00114156,0.0119745,-0.00514843,0.0762582,-0.00196788,-0.0441049,0.0228736,0.00688956,0.00148969,0.0122288,0.0017282,0.00984894,-0.00146788,0.0411233,-0.00189616,0.00460207,0.0379476,0.37137],[-0.120333,-0.478986,0.356765,0.116574,0.553,0.884443,1.15378,-0.140823,-0.530265,-0.135717,0.00952574,0.00887388,0.185538,-0.0139452,0.171184,0.00287521,0.640438,-0.10468,-0.242455,0.37137,18.0456]],"n":21,"lags":3}