{"betahat":[[-6.79222,-8.0528,-7.79685,0.403666,-12.0667,-11.0914,1.89059,-0.288171,0.0271578,1.67632,-0.000938534,-3.50902,0.91223,3.16361,0.518655,-0.313591,-0.0803488,2.27214,0.490882,23.308],[1.22248,0.18475,0.306939,0.0493862,0.507585,0.417462,0.0131434,-0.00110667,-0.00616793,-0.0107542,-0.000165042,0.15242,-0.0111773,-0.180437,0.02646,0.003878,0.0032194,-0.191626,-0.0223268,1.33292],[0.186042,1.04652,0.0795089,0.0126934,0.493603,0.331452,-0.0563118,-0.0166873,-0.00500291,-0.0222412,-0.000437573,0.130701,-0.00494922,-0.186722,0.00817341,0.0035502,-0.0100773,0.202933,-0.0344813,0.183148],[0.153806,0.146504,1.12787,0.0316244,0.33484,0.258086,-0.0621883,0.0234147,0.00117648,-0.0133745,-5.10925e-05,0.0986699,-0.042899,-0.0801669,0.0152193,-0.00103188,0.00934162,0.26293,-0.0104854,1.02712],[-0.310697,-0.130934,-0.274551,0.534308,-0.90494,-0.0544258,-0.131552,-0.0582805,-0.0101162,-0.123759,0.000813799,-0.244601,0.0397679,0.354319,0.0227264,-0.0493132,-0.0393495,0.832976,0.0301065,-1.03987],[-0.0535281,-0.0569468,-0.0699345,-0.0213363,0.87863,-0.034911,0.0102522,-0.00934471,0.00198548,-0.0006664,0.000134804,-0.0288029,0.00955391,0.0100897,-0.00734253,-0.0018219,-0.00460226,-0.317576,-0.00212057,-0.689774],[0.0567902,0.0914541,0.113358,0.00481078,0.087993,1.01512,0.0307458,-0.0182389,0.00268081,0.0182987,-0.000196844,-0.00060516,0.00503371,0.00651353,0.0146578,0.0286301,0.0388521,0.01432,0.0174697,0.714422],[0.154609,0.153824,0.515228,-0.0647055,0.367873,0.341305,0.389514,0.00192581,-0.000863862,-0.0109475,-3.79476e-06,0.0705418,-0.055035,-0.115701,0.0212591,-0.0016527,-0.0127317,0.147438,-0.0283593,-1.61797],[0.455098,0.25253,1.14694,0.204075,1.38563,0.683722,0.00143062,0.923537,0.00591897,-0.00266286,-0.000811401,0.577124,0.220453,-0.415622,-0.113629,0.0405709,0.0288634,1.00067,-0.122176,-2.67889],[-0.247935,-0.395939,0.183645,0.412516,-1.59334,-1.58551,0.171672,-0.172498,1.36486,0.230609,0.00429966,-0.182703,0.056232,0.158544,-0.0738335,0.0111175,0.053526,0.933774,0.00327142,-3.73235],[-0.344421,-0.31464,-1.42214,-0.0372707,-0.705,-1.22119,0.0277388,0.0613552,-0.0737768,0.92888,8.84825e-05,-0.230984,-0.156751,0.115121,-0.0582425,0.0143201,-0.0196655,-0.36442,-0.082019,-1.93235],[-26.5723,-3.73074,-26.0491,1.49273,-71.0979,-78.4602,-16.5718,2.61168,-1.49327,7.89479,0.764232,-19.672,-5.53449,5.27874,0.715935,3.61208,7.80576,60.4606,0.175426,204.745],[-0.332307,-0.28977,-0.522927,0.0064325,-0.585459,-0.405301,-0.0372451,-0.0433022,-0.0131322,-0.00901882,0.000514529,0.721546,-0.0149001,0.098629,-0.00874707,-0.0312734,-0.0408582,0.485565,0.0330491,-1.88892],[0.260904,0.604948,0.0100666,0.0461281,0.559904,-0.0784466,0.10815,0.00988749,-0.0114967,-0.0749738,-0.00180125,0.18861,1.03052,-0.191165,-0.00100945,0.000760725,-0.00146015,-1.05834,-0.0459884,-1.14611],[1.88459,1.56886,2.89574,0.180696,3.87579,2.76249,-0.077139,0.186619,0.00319434,-0.0831875,-0.00104138,1.0199,-0.208968,0.0984252,0.116767,0.0546477,0.0687416,1.79042,-0.140702,6.64285],[-0.109347,0.341911,-0.257141,0.000310608,-0.903375,-0.252614,0.705545,-0.155162,0.0747219,0.0513356,0.000105857,-0.318153,-0.214677,0.405647,1.30052,0.138281,-0.0122678,-2.43206,0.0557201,-2.60103],[0.702617,0.0416604,1.47184,-0.0670458,2.29339,1.50074,0.44733,0.182384,0.0994912,0.357019,-0.00334839,0.487286,0.473058,-0.417035,-0.0305161,1.21927,0.238569,-5.46291,-0.162187,2.8886],[0.232031,0.838695,1.03152,0.215882,-0.174035,0.586265,0.117857,-0.141325,0.156745,-0.272443,-0.00202217,0.0601657,-0.276041,0.0174932,0.0507709,-0.141086,0.866566,3.33037,-0.255758,-0.951511],[0.0105187,-0.014256,0.0495228,-0.00201036,0.0326042,0.0513074,0.00273495,-0.0108495,0.00114346,0.000832354,-1.91524e-05,-0.00593191,-0.0156914,0.000142114,9.15953e-05,0.00609255,0.00926759,0.921241,0.0128162,-0.323266],[-0.176402,-0.309199,-0.799155,-0.0808379,-0.0395867,-0.306287,-0.394926,-0.010477,-0.0452776,0.113372,0.00272664,-0.354951,-0.135193,-0.00797735,-0.0871977,-0.0473912,-0.043878,-2.44271,1.20094,-10.1399],[0.00138185,0.00643361,-0.0350568,-0.00309738,-0.00597274,-0.0214118,-0.00389313,0.0010614,-0.0023612,0.004129,2.51589e-05,0.00731951,-0.00474485,-0.00635679,0.000170804,0.000714217,0.00257669,0.0169192,0.00132396,1.09956],[-0.13881,-0.147463,-0.172317,-0.016647,-0.334212,-0.294529,-0.00472308,0.00597932,0.00452772,0.0059144,0.000163976,-0.0993017,0.0258543,0.122561,-0.0183888,-0.00405095,-0.00554473,0.02103,0.0126261,-0.81776],[-0.180853,-0.166514,-0.145558,0.00792276,-0.444301,-0.299501,0.0421843,0.0132604,0.0032691,0.00844828,0.000404661,-0.0985189,0.0531857,0.149621,-0.0192601,-0.00994296,0.00244082,-0.203099,0.0239375,-0.516828],[-0.0508047,-0.0724891,0.0279351,-0.0176662,-0.142694,-0.137738,0.0385806,0.00665594,0.000475045,0.00043154,-4.06683e-05,-0.0252821,0.0341076,0.0346639,-0.00687832,0.0070289,-0.00652337,-0.0670018,-0.000758765,-0.490969],[0.437582,0.302343,0.290012,0.274583,1.01034,0.833065,0.00348185,0.0475866,-0.00805324,0.104643,-0.000552605,0.292004,-0.119358,-0.326826,0.00403998,0.0512585,0.0395926,-0.603002,-0.0256329,1.22071],[0.0462069,0.054473,0.0506072,0.015438,0.0885735,0.0352632,-0.0107614,0.0075812,0.00112912,0.00041292,-9.00407e-05,0.0254336,-0.00737286,-0.0082593,0.00525281,-0.00135293,0.0033605,0.268371,-0.000939514,0.623091],[0.00450781,-0.00605491,0.00637143,0.000988352,0.0120274,0.0737406,-0.0159814,0.0125716,0.00144566,-0.0106735,0.000196759,0.0170138,-0.0136793,-0.0170778,-0.00527887,-0.0145264,-0.015726,-0.00097963,-0.00670713,-0.310553],[-0.0681103,-0.0524489,-0.148428,0.0183682,-0.240709,-0.110269,0.736275,0.00861818,0.00333905,0.0376481,0.000162336,-0.0419177,0.0106873,0.0627878,-0.0075032,0.0037329,0.0221383,-0.283629,0.0392032,0.822861],[-0.275316,-0.318872,-0.848476,-0.0917781,-0.968059,-0.398102,-0.0517334,0.04412,-0.024831,-0.103583,-0.000452177,-0.445526,-0.0282848,0.326697,0.0776689,-0.0346298,0.0217964,1.79105,0.0477484,4.02635],[0.473688,0.541644,-0.290566,-0.113346,2.13446,1.2446,-0.240042,0.201009,-0.317199,-0.0637389,-0.00374712,0.284098,0.131982,-0.281518,0.0268198,0.0414035,-0.0164373,0.483455,0.0333348,5.65722],[0.68915,0.6595,1.34837,-0.402033,1.57541,0.758778,0.109669,0.173212,0.0434907,-0.0898829,0.000547121,0.369758,-0.0488278,-0.234562,0.0791421,0.0551158,0.0601455,-0.249511,-0.00835627,3.41456],[20.5413,24.8883,0.364879,-16.4161,21.2592,34.7831,40.5255,-5.95466,1.88429,-13.7141,-0.143871,14.8472,15.3251,6.13493,6.24703,-5.34293,-12.4024,-57.0952,-5.3359,99.5915],[0.278901,0.23495,0.469233,-0.00992885,0.422229,0.276788,0.0175274,0.0179653,-0.000769879,0.01005,-0.000552687,0.20841,0.0118097,-0.111151,0.0146565,0.0162786,0.0232433,-0.350953,-0.0177215,1.01047],[-0.387568,-0.641777,-0.182971,-0.087474,-0.838271,-0.313576,-0.105091,-0.0205954,0.0107796,0.00448387,0.00150376,-0.318733,0.0529335,0.278327,-0.0550163,-0.00454668,-0.0263947,0.420422,0.0379715,-2.13551],[-1.191,-1.16535,-1.72659,-0.125963,-2.32695,-1.51397,0.0491772,-0.102294,0.0149785,0.0355845,0.00103039,-0.656219,0.180983,0.5896,-0.0995119,-0.0408535,-0.0290668,-0.653444,0.0919716,-4.31067],[0.785323,0.356695,0.866353,0.155747,2.67424,1.54038,-0.0528891,0.160527,-0.00970224,-0.0795573,0.000155614,0.726824,0.121666,-0.735581,-0.0569942,0.0709043,0.151083,0.898478,-0.0397281,3.57081],[-0.728803,-0.295603,-1.12745,-0.0694527,-2.53369,-1.34756,-0.368695,-0.275308,-0.0041958,-0.244767,0.00242808,-0.502015,0.0682044,0.486035,-0.0768308,-0.152052,-0.121764,4.83983,0.0740889,-5.53337],[-0.424082,-0.336201,-1.15815,-0.132214,-0.814747,-0.474311,-0.127482,0.0304428,-0.076408,0.259811,0.000442656,-0.298618,0.0748483,0.219784,-0.135802,0.0342992,-0.101143,-3.56533,0.0823983,-4.72927],[0.00708856,0.0281589,-0.0109408,-0.00173549,0.00999592,-0.0105422,-0.0156896,0.00817265,-0.00577227,-0.000582165,9.05444e-06,0.0169128,0.0224416,-0.000308506,0.00561475,-0.00744398,-0.01023,0.00306696,-0.00680694,0.532501],[0.0528234,-0.0465285,0.748402,-0.0371825,-0.378555,0.162842,0.421253,-0.0552386,0.0891586,-0.0742852,-0.00174087,0.226512,0.1078,0.115173,-0.0124106,-0.0205338,-0.0272083,1.06717,-0.205445,4.87551],[-0.00990983,-0.0122978,0.011164,0.00206026,0.00552542,0.00336115,0.00289549,0.00151468,0.00213178,-0.000488619,-1.04517e-05,-0.0100864,0.00547005,0.00851007,-0.00195624,-0.000128841,-0.00136245,0.0131622,-0.000434685,-0.0817311],[-0.0837049,-0.0373091,-0.134701,-0.0327506,-0.173422,-0.122981,-0.0084034,-0.0048825,0.00164059,0.00485024,1.05567e-06,-0.0531371,-0.0146893,0.0578845,-0.00806678,0.000175914,0.00232543,0.170515,0.00970529,-0.515096],[-0.0052528,0.119935,0.0659127,-0.0206345,-0.0493837,-0.0320353,0.0141408,0.00341419,0.0017346,0.0138092,3.29132e-05,-0.0322178,-0.0482452,0.037119,0.011083,0.00639611,0.00763523,2.65347e-05,0.0105517,0.333631],[-0.103018,-0.0739925,-0.15593,-0.0139782,-0.192139,-0.120341,0.0236621,-0.0300989,-0.00164584,0.0129642,9.16531e-05,-0.0734038,0.00874318,0.0455126,-0.00830204,-0.00599024,-0.00281216,-0.195914,0.0112527,-0.535288],[-0.126896,-0.171412,-0.0154836,0.191093,-0.105419,-0.778628,0.128084,0.0106862,0.0181708,0.0191223,-0.000261199,-0.0474171,0.0795813,-0.0274792,-0.026761,-0.00194454,-0.00024142,-0.229938,-0.00447089,-0.180701],[0.00732252,0.00250907,0.0193327,0.00590269,0.0327496,-0.000411425,0.00052372,0.00175622,-0.00311842,0.000255709,-4.47836e-05,0.00338121,-0.00221545,-0.00185432,0.00210671,0.00318097,0.00124226,0.0491786,0.00305792,0.0668165],[-0.0613159,-0.0853853,-0.119756,-0.00581653,-0.100039,-0.0889518,-0.014719,0.00564817,-0.00412591,-0.00759888,2.62819e-08,-0.0164216,0.0086095,0.0105628,-0.00935851,-0.0140926,-0.0231256,-0.0134398,-0.0107592,-0.403432],[-0.0859905,-0.100963,-0.365558,0.0465387,-0.126353,-0.230298,-0.125934,-0.0104466,-0.00247431,-0.0268029,-0.00015862,-0.0283387,0.0441784,0.0526559,-0.013664,-0.00203144,-0.0093315,0.137243,-0.0108545,0.79546],[0.149768,0.464019,-0.0319037,-0.0854586,0.0936252,0.145762,-0.128082,0.04406,-0.0059423,0.0252389,0.00104383,0.0620938,-0.160635,-0.0669964,-0.0148869,0.0262401,-0.0224173,-2.33384,0.0490792,-2.00961],[0.191634,0.514263,0.26999,-0.0564286,0.0670297,0.552196,0.184581,0.0524918,-0.145646,-0.0746196,-0.00156002,0.0545284,-0.320285,-0.0477648,0.0775583,0.0416094,0.0792085,-0.858161,0.0212295,-0.139687],[-0.480551,-0.448525,-0.73157,0.239334,-0.989133,0.00633562,-0.25408,-0.129264,0.0272992,-0.00594536,-5.13146e-05,-0.127034,0.0629449,0.0791371,-0.03152,-0.0822704,-0.0395638,0.229557,0.0756102,-1.43],[6.03102,-21.1576,25.6842,14.9234,49.8387,43.6771,-23.9538,3.34298,-0.391019,5.81931,0.379639,4.82475,-9.79061,-11.4137,-6.96297,1.73085,4.5966,-3.36539,5.16047,-304.337],[0.053503,0.0549087,0.0539428,0.0035425,0.16337,0.128649,0.0197245,0.0253453,0.013897,-0.00104934,3.80935e-05,0.070099,0.00306393,0.0124688,-0.0058764,0.0149989,0.0176203,-0.134408,-0.0153335,0.878746],[0.126656,0.0368185,0.172958,0.0413517,0.278312,0.392043,-0.00303076,0.0106983,0.00072142,0.0704846,0.000297524,0.130111,-0.083472,-0.0871453,0.056051,0.0037678,0.0278473,0.638136,0.00801376,3.28188],[-0.222518,-0.020654,-0.386033,-0.0461783,-0.642913,-0.485345,0.0243549,-0.0251076,-0.00824489,0.0179401,6.35745e-05,-0.114221,-0.00332057,0.127457,-0.00710659,-0.0371226,-0.0415278,-0.587299,0.0116086,-0.936074],[-0.675341,-0.698081,-0.607635,-0.155794,-1.76982,-1.28679,-0.652616,-0.00528001,-0.0650196,0.0281154,-0.000261711,-0.408304,0.0928622,0.329624,-0.243368,-0.209136,-0.138744,1.53471,-0.0160161,-0.968612],[0.111139,-0.078968,0.216806,0.166554,0.258105,0.0185059,-0.325995,0.0364481,-0.0366341,-0.137024,0.00117413,0.107915,-0.0892915,-0.0238919,0.0201961,-0.137335,-0.0788037,1.57178,0.0389286,3.33194],[0.0342653,-0.335145,-0.132825,-0.269526,0.842658,0.254294,-0.044659,-0.0214192,-0.0677787,0.00201554,0.00188389,0.167308,0.0651281,-0.125739,0.00925358,0.046699,0.038557,-0.345362,0.126864,0.412352],[-0.0154868,-0.0119421,-0.0339094,0.00445378,-0.0391539,-0.0377592,0.0130698,0.00290942,0.00453131,-0.000530827,8.92774e-06,-0.00972884,-0.00701856,-0.000897139,-0.00526365,0.00141201,0.00100104,0.0774376,-0.00614667,-0.204196],[0.023321,0.254666,-0.0873757,0.0747099,0.316157,0.0905327,-0.0118949,0.0494979,-0.0151509,0.000107686,-0.00121977,0.0255109,0.0422252,-0.0161962,0.0531142,0.0723939,0.0555482,0.686641,-0.0221952,4.18144],[0.00636825,0.00436612,0.0187602,-5.10691e-05,-0.00232688,0.0158669,0.00164188,-0.00281793,0.000283383,-0.00385646,-6.13828e-06,0.00221136,-0.000573258,-0.00193533,0.00184701,-0.000468338,-0.00112172,-0.0353052,-0.000364953,-0.0505542]],"sigmahat":[[1.42185,1.30041,2.05472,0.126189,2.73894,2.01863,0.0280031,0.12525,-0.0280984,-0.0576125,-0.000895192,0.749716,-0.154324,-0.666811,0.100908,0.0715445,0.0576,0.377665,-0.076867,5.17132],[1.30041,1.45174,1.9163,0.0761859,2.42949,1.83773,0.04678,0.103063,-0.0316714,-0.0454471,-0.00100675,0.692883,-0.180647,-0.588562,0.103996,0.0589894,0.045998,0.41329,-0.0758001,4.9066],[2.05472,1.9163,4.0715,0.229316,3.96164,2.96274,0.078299,0.2153,-0.0466577,-0.0741229,-0.00136954,1.08937,-0.171998,-0.96722,0.139389,0.0996479,0.0742277,0.43867,-0.121916,6.64023],[0.126189,0.0761859,0.229316,0.143735,0.303243,0.149202,-0.00171691,0.0283379,-0.00376723,-0.0120039,-0.000182411,0.109696,0.0175598,-0.0971945,0.00250466,0.00873952,0.000179526,-0.164807,-0.00994073,0.337548],[2.73894,2.42949,3.96164,0.303243,6.28923,4.27563,0.10439,0.271035,-0.0492771,-0.0965466,-0.00182569,1.55182,-0.292389,-1.43861,0.219267,0.181068,0.132124,0.37758,-0.144469,11.2131],[2.01863,1.83773,2.96274,0.149202,4.27563,3.79724,0.0513389,0.157244,-0.0401669,-0.0942208,-0.00099981,1.109,-0.230946,-1.01966,0.164051,0.106787,0.0793233,0.623889,-0.109857,7.61159],[0.0280031,0.04678,0.078299,-0.00171691,0.10439,0.0513389,0.313485,-0.00935623,0.00347874,0.0403461,-0.000174668,0.0160074,0.0031094,-0.00858834,0.0257917,0.0249503,0.0212879,-0.44268,0.0127963,0.968752],[0.12525,0.103063,0.2153,0.0283379,0.271035,0.157244,-0.00935623,0.0540182,-0.00440386,-0.0105917,-0.000140018,0.0774487,-0.0189836,-0.0671719,0.00607421,0.00598509,0.00471903,-0.0758748,-0.0104954,0.526794],[-0.0280984,-0.0316714,-0.0466577,-0.00376723,-0.0492771,-0.0401669,0.00347874,-0.00440386,0.00712933,0.00296205,5.30381e-05,-0.014268,0.000762602,0.0153355,-0.00319631,0.000176922,0.000998742,0.00135589,4.77707e-05,-0.143317],[-0.0576125,-0.0454471,-0.0741229,-0.0120039,-0.0965466,-0.0942208,0.0403461,-0.0105917,0.00296205,0.0554188,-4.91526e-05,-0.0468639,-0.00521769,0.0335708,0.00302951,0.0112515,0.0155683,-0.177756,0.0214153,0.252717],[-0.000895192,-0.00100675,-0.00136954,-0.000182411,-0.00182569,-0.00099981,-0.000174668,-0.000140018,5.30381e-05,-4.91526e-05,5.43832e-06,-0.000525952,7.24202e-05,0.000435972,-0.000102162,-3.81227e-05,9.35574e-06,0.000294751,0.000128183,-0.00650863],[0.749716,0.692883,1.08937,0.109696,1.55182,1.109,0.0160074,0.0774487,-0.014268,-0.0468639,-0.000525952,0.521808,-0.0547009,-0.413829,0.0505578,0.0342647,0.0213961,0.281764,-0.0562632,2.66732],[-0.154324,-0.180647,-0.171998,0.0175598,-0.292389,-0.230946,0.0031094,-0.0189836,0.000762602,-0.00521769,7.24202e-05,-0.0547009,0.115469,0.0789076,-0.0257288,-0.00957734,-0.0106203,0.0291251,0.00272233,-0.834392],[-0.666811,-0.588562,-0.96722,-0.0971945,-1.43861,-1.01966,-0.00858834,-0.0671719,0.0153355,0.0335708,0.000435972,-0.413829,0.0789076,0.416729,-0.0547256,-0.036394,-0.023158,-0.0823179,0.0439288,-2.47867],[0.100908,0.103996,0.139389,0.00250466,0.219267,0.164051,0.0257917,0.00607421,-0.00319631,0.00302951,-0.000102162,0.0505578,-0.0257288,-0.0547256,0.0313403,0.0124118,0.011682,0.0430755,-0.0013028,0.952136],[0.0715445,0.0589894,0.0996479,0.00873952,0.181068,0.106787,0.0249503,0.00598509,0.000176922,0.0112515,-3.81227e-05,0.0342647,-0.00957734,-0.036394,0.0124118,0.0293324,0.0255031,-0.0686625,0.00907708,0.577978],[0.0576,0.045998,0.0742277,0.000179526,0.132124,0.0793233,0.0212879,0.00471903,0.000998742,0.0155683,9.35574e-06,0.0213961,-0.0106203,-0.023158,0.011682,0.0255031,0.037473,0.0308895,0.0189513,0.70106],[0.377665,0.41329,0.43867,-0.164807,0.37758,0.623889,-0.44268,-0.0758748,0.00135589,-0.177756,0.000294751,0.281764,0.0291251,-0.0823179,0.0430755,-0.0686625,0.0308895,8.99718,-0.0908918,5.07916],[-0.076867,-0.0758001,-0.121916,-0.00994073,-0.144469,-0.109857,0.0127963,-0.0104954,4.77707e-05,0.0214153,0.000128183,-0.0562632,0.00272233,0.0439288,-0.0013028,0.00907708,0.0189513,-0.0908918,0.0347579,-0.0571605],[5.17132,4.9066,6.64023,0.337548,11.2131,7.61159,0.968752,0.526794,-0.143317,0.252717,-0.00650863,2.66732,-0.834392,-2.47867,0.952136,0.577978,0.70106,5.07916,-0.0571605,62.554]],"n":20,"lags":3}