{"betahat":[[0.103108,-1.0634,2.58037,0.840219,0.00338711,0.0174556,0.761636,0.277224,-0.0819141,0.325793,0.258374,-0.140594,0.461908,-0.00298877,0.778645,0.461028,-0.281353,0.62686,-0.0278875,0.241754,8.63627,-0.0651429,23.4787],[0.939379,0.0682756,0.0812045,0.0643864,-0.202103,-0.0221495,0.206461,-0.0441865,-0.0154445,-0.0668479,-0.035735,-0.0307609,-0.0469303,-0.00077276,0.609444,-0.113839,-0.648495,0.115621,0.0228564,0.00823195,-0.2856,-0.0641008,6.06709],[-0.0734629,0.59577,-0.206602,0.00174294,0.0210633,-0.00197384,-0.118619,-0.0186939,0.0034058,0.0434884,-0.0352527,0.000332543,-0.0417349,-0.000441148,0.199388,0.0659724,-0.238791,-0.0270177,-0.00589109,-0.0164792,0.692213,-0.0592262,-0.550987],[0.0657053,0.172806,0.945351,0.00518142,0.0477544,0.0739432,-0.0701461,0.00888468,-0.00468221,0.0509518,0.00139638,8.16039e-05,-0.00126931,2.09778e-06,0.040113,-0.068884,-0.013108,0.0125658,-0.0101805,0.00272424,0.215198,0.00183708,0.452986],[0.219064,0.271822,0.309795,0.575281,0.448268,0.95031,-0.188489,-0.0421706,-0.0140848,0.432308,-0.0543557,-0.0039108,-0.109588,0.000706414,-0.136558,-0.000259956,0.218216,0.0482619,-0.0263269,-0.0314476,0.713698,0.0264021,0.0452896],[-0.00231202,0.0646828,-0.0313329,-0.10345,0.888461,0.075386,0.0822355,-0.00600576,0.00033451,-0.0932983,-0.0140553,0.000192917,-0.0248111,3.47452e-05,0.125682,-0.0755012,-0.123725,0.0162713,-0.00361412,-0.0277266,-0.646329,-0.0433289,-0.837281],[0.106748,0.138914,0.218039,0.021484,0.23282,1.0435,0.0331085,-0.0277304,-0.000793179,0.0252338,0.045455,0.00794957,0.0406677,-0.000355677,-0.0251131,0.0278311,0.0391972,0.0126677,0.0446623,0.0539441,0.148017,0.0319704,0.888196],[0.0310723,0.142732,0.200474,-0.134924,0.111882,0.175148,0.522193,-0.0129713,0.00668688,0.358956,0.0140085,0.0020765,0.0202681,-6.6465e-05,-0.0291869,-0.0421977,0.0136594,0.0173473,-0.0316913,-0.04258,-0.0321526,-0.0350675,-1.81548],[-0.0943804,-0.0770146,0.325056,0.0496917,0.182697,-0.276753,0.357812,0.814034,0.045726,-0.569627,0.00253083,0.0290192,0.0499206,-0.00108919,0.562924,0.198383,-0.380326,-0.0808709,0.0565113,0.0448473,0.981446,-0.115679,-1.82703],[1.12152,0.920082,2.38682,0.880177,1.11221,1.43628,-0.334252,0.172147,0.997626,0.212446,0.0776933,-0.00725112,0.0623438,-0.00298443,0.264112,0.234141,-0.265432,0.0880089,0.106634,0.226438,0.695939,0.0102916,10.2236],[0.0979081,0.110407,0.124659,-0.0186707,0.238325,0.166242,0.132206,-0.0147109,0.00726991,0.853494,-0.00437648,0.0158321,0.050186,-0.00024023,-0.0379015,0.0619594,0.116028,-0.0187227,-0.0492871,-0.0569449,0.271493,-0.0469173,0.211659],[-0.955409,-1.61579,-0.306407,0.197724,-1.94391,-1.05714,-0.184436,-0.234635,0.11425,0.85565,1.01466,0.118123,-0.154675,0.00161934,-0.299449,-0.132562,0.0519893,-0.0158877,-0.0553777,-0.0457905,3.91898,-0.0293113,-2.34983],[-0.382991,-0.343101,-0.0201493,-0.224122,-1.4926,-1.62734,0.61975,-0.269296,0.40418,-0.481628,0.0871669,1.3876,0.254358,0.00558457,0.151864,-0.175729,-0.0467478,-0.07651,-0.0881245,-0.0958162,0.330522,-0.0673741,-8.05027],[0.225233,0.299978,-0.649009,0.0382364,0.48516,-0.10593,0.178017,0.134854,-0.0988842,-0.253954,-0.00752168,-0.109704,1.0262,-0.000389746,-0.118148,-0.100414,0.0733952,-0.0388717,0.035195,0.010069,-1.37555,-0.0472862,-0.309667],[-9.30542,4.86716,-9.88026,1.22093,-24.6666,-32.4231,-3.935,3.76703,-2.78834,20.5105,9.97618,-1.22238,8.82117,0.76191,-19.9182,-6.31843,4.05452,3.06636,3.74712,7.84134,61.376,0.615081,264.297],[-0.0298807,-0.11792,0.303857,0.058391,-0.0583303,-0.121102,-0.0615798,0.0310563,-0.00524998,-0.0188118,-0.0235042,-0.0112432,-0.0285522,0.000373048,0.919779,0.0276103,-0.114253,0.001356,-0.0254307,-0.0219329,0.623216,0.00219218,-1.08713],[-0.163119,0.124792,-0.633078,0.0268874,-0.284346,-0.628079,0.179197,-0.0467014,0.0223723,-0.201423,-0.017084,-0.0133479,-0.0658852,-0.00152903,-0.0207583,1.09011,-0.0140124,-0.0311142,0.0171685,0.0116929,-1.0014,-0.000101696,-2.45935],[0.0624543,0.177806,-0.239584,-0.0186989,0.112259,0.139463,0.0470646,-0.018034,0.0141478,-0.211417,-0.00161483,0.00324834,-0.00507004,-0.000235602,0.386294,-0.213429,0.691657,0.0625625,0.0204348,0.0250548,1.28572,-0.0430717,3.05615],[0.219488,0.453266,-0.0631351,0.126858,0.169902,0.259018,0.651462,-0.108898,0.0606013,-0.441659,0.058323,0.0682896,0.0857563,0.000967425,-0.456894,-0.154689,0.45938,1.31612,0.11084,-0.030567,-3.01355,0.1155,-3.82161],[-0.0979027,-0.179939,0.126666,-0.133274,0.408066,-0.142825,0.394891,0.0496903,0.0855985,-0.766212,0.146634,0.0823642,0.400181,-0.00420255,0.179319,0.443326,-0.0775163,-0.0604506,1.20001,0.173695,-5.13262,-0.168251,1.1475],[0.461034,0.714127,1.12318,0.136069,0.603469,0.762343,0.122752,-0.00491568,0.153436,-0.472121,-0.0951814,0.159967,-0.22667,-0.00178316,-0.115715,0.0754899,0.304228,-0.0417514,-0.155358,0.893294,2.60359,-0.272962,-1.12678],[0.00332686,-0.0136233,0.023006,-0.00692212,0.0200636,0.0519423,0.00713042,-0.0144174,0.0059173,0.00629417,0.00537014,0.00203949,0.00230028,-8.86445e-06,-0.0131331,-0.0203923,0.00466671,0.00124138,0.00521743,0.00896696,0.92837,0.0138359,-0.314088],[-0.183313,-0.00977824,-1.19014,-0.0649631,-0.114815,-0.480781,-0.390214,-0.0677883,-0.0991628,0.154077,0.0118807,-0.0631132,0.163473,0.00219203,-0.253358,-0.192192,-0.106977,-0.0525302,-0.0332986,-0.0569716,-2.87405,1.22366,-9.99671],[-0.00514055,-0.000101688,-0.0425965,-0.00312224,-0.023982,-0.0337468,-0.00488698,0.00211931,-0.00284367,0.018035,0.00179188,-0.00238482,0.00440944,2.5126e-05,0.00224784,-0.00464775,-0.00419102,1.11002e-05,0.00156857,0.00461304,0.0141405,0.00330744,1.10564],[0.059354,0.0679374,-0.345811,-0.0345151,0.267903,0.0756268,-0.0517818,-0.0274018,0.00890385,0.0450197,0.0495219,0.0171326,0.0795267,0.000796386,-0.685076,0.0789897,0.642747,-0.0753709,0.000738883,-0.0164191,-0.919021,0.0781053,-5.34403],[0.0406952,0.28379,-0.0874301,0.00480342,-0.0304486,0.0645658,0.111638,-0.000515138,-0.00134187,-0.132336,0.0318794,1.53168e-05,0.0367296,0.000390578,-0.198474,-0.00746793,0.247221,0.00425178,-0.000436137,0.0155075,-0.471527,0.0543963,-0.548899],[-0.0220189,-0.085867,0.0725055,-0.0167066,-0.0315697,-0.084572,0.0413607,0.0120947,0.00471944,-0.0184918,-0.00662814,-0.000738927,-0.00704827,-0.000101483,-0.0533808,0.044559,0.0535994,-0.00779486,0.0120735,-0.00916353,-0.120411,-0.00191962,-0.528177],[-0.114619,-0.193653,-0.352376,0.233857,-0.240964,0.0587331,0.0366935,0.0112255,0.00730457,-0.290279,0.0521787,-0.00460379,0.126397,-0.000123463,0.0853699,-0.0802127,-0.127605,-0.0226703,0.0501848,0.0555245,-0.637455,0.0161228,-0.253049],[-0.0189441,-0.0283592,-0.237607,0.034251,0.126098,0.0247951,-0.0736242,-0.0242309,0.00681241,0.113396,0.0321736,0.0161994,0.0401878,0.000125152,-0.240627,0.0350371,0.203723,-0.0201254,-0.00243354,0.0227883,0.510497,0.0445029,0.619818],[-0.0365592,-0.0630804,-0.0280928,-0.0092158,-0.0484575,0.12386,-0.0179838,0.015112,0.000900381,-0.0145242,-0.0190078,0.00207596,-0.0171351,0.000495714,-0.00262801,-0.0218154,-0.0177615,-0.0093746,-0.0166856,-0.0146977,-0.20857,-0.000648454,-0.79352],[-0.0104385,-0.0727757,-0.0134989,0.077286,-0.0887984,-0.0786147,0.58611,0.012372,-0.00282599,-0.467627,0.0163528,-0.00203275,0.0134594,0.000231106,0.000867931,-0.00295905,-0.0157753,-0.00266173,0.0287609,0.0464467,-0.289002,0.0510839,0.878686],[0.20111,0.352891,-0.748717,-0.0337258,0.143219,0.414684,-0.137657,0.011736,-0.0324628,0.25265,-0.0394945,-0.0440572,-0.0944202,-0.00090827,-0.614604,-0.150968,0.438178,0.129372,-0.0744094,-0.00751717,1.97233,0.0414767,4.40222],[-0.450049,-0.46734,-2.14793,-0.258164,-0.172109,-0.287413,-0.201815,0.0924765,-0.134725,-0.149663,-0.160543,-0.132244,-0.351153,0.00155324,0.140573,-0.110164,-0.110427,-0.0278413,0.0876282,0.0816644,1.45234,0.0350971,-1.19158],[-0.085373,-0.144529,-0.111914,0.0602773,-0.116565,-0.211454,-0.249932,-0.0116616,-0.0037229,0.168923,-0.00705566,-0.0084004,-0.0288963,0.000180199,-0.0148585,-0.0144302,-0.0378612,-0.00258343,0.03844,0.0342707,-0.172962,0.0285566,-0.57118],[0.635479,1.01273,0.588526,-0.194415,1.71994,0.343255,0.316682,0.264197,-0.0221529,-0.815336,0.0151322,-0.037626,0.168453,-0.00112479,0.193546,0.0558709,-0.00265306,0.00728817,0.0974143,0.0397553,-3.51808,-0.0241359,2.02346],[-0.199034,-0.00753866,-1.46973,-0.157448,1.03447,-0.0489388,-0.381664,0.063105,-0.247702,0.46782,-0.0454887,-0.25622,0.0295936,-0.00344026,-0.336048,0.27426,0.180785,-0.0559018,0.0123792,-0.0978706,-0.261273,0.0632123,0.784297],[0.244561,0.333207,0.770955,-0.382797,0.355032,-0.0809349,-0.0134253,0.059859,0.0800168,-0.198061,-0.0225723,0.0491435,-0.121208,0.000387952,0.417481,-0.0833705,-0.295525,0.0868485,0.0395412,0.0537657,0.918154,-0.0267505,3.26563],[24.5445,38.8854,0.242795,-13.674,22.1886,23.1464,31.8914,-5.81987,1.06406,-5.18713,-11.8074,0.457448,-14.3698,-0.158394,22.7354,13.9029,-0.00613435,5.93487,-3.74345,-11.3779,-79.9162,-5.71512,98.8735],[0.0737113,-0.0289778,0.182444,-0.0443579,0.0860623,0.132727,0.0588379,-0.0203812,0.0017842,0.113184,0.0219089,0.00402602,0.0253064,-0.000445618,0.0375894,0.00842017,0.106991,0.016517,0.0110164,0.0182117,-0.279554,0.0083215,1.10453],[0.0765278,0.0227158,0.252349,-0.044814,0.0885881,0.349621,-0.12935,-0.00228751,-0.0184941,0.16688,0.0064764,0.00265474,0.015672,0.00127336,-0.120165,-0.020847,0.0766312,-0.031619,-0.013642,-0.0331298,0.14719,0.0072119,-1.48736],[-0.0681955,-0.124851,0.030396,0.00473298,-0.0518519,-0.0569776,-0.0284413,0.0140986,-0.00508314,0.0532421,0.00156263,0.0060709,-0.0041799,0.000160278,-0.232685,0.146871,0.14293,-0.0487522,-0.0115334,-0.00235583,-0.537145,0.0187023,-2.10095],[-0.259009,-0.533135,-0.214457,-0.028057,0.150618,-0.0694236,0.100418,0.0958297,0.00780484,-0.462339,0.0155753,0.00750372,-0.0945919,1.96898e-05,0.658048,0.130226,-0.59688,-0.0702306,0.0701143,0.158537,1.38883,-0.0575274,3.63372],[-0.0213859,0.0562638,-0.035514,-0.0543427,-0.698986,0.100705,-0.347225,-0.218999,-0.0155145,0.77778,-0.131728,0.00224357,-0.271667,0.00281552,-0.296679,0.0284505,0.246163,-0.0227587,-0.148243,-0.137163,4.44373,0.0683636,-4.93766],[-0.253628,-0.112919,-0.956387,0.0519221,-0.658144,-0.185354,-0.263883,-0.0178818,-0.109117,0.814633,0.0166662,-0.0928988,0.222916,0.000512593,-0.289156,-0.0285313,0.109902,-0.118807,0.035378,-0.0908731,-3.35858,0.126603,-5.45854],[0.00987369,0.0186511,0.0241655,-0.00117447,0.0133723,-0.0140895,-0.0150463,0.0117132,-0.00811884,0.00786385,-0.00497879,-0.00613705,-0.00269117,1.16019e-05,0.0297736,0.0239025,-0.0102359,0.00633447,-0.00689024,-0.00930039,0.0325301,-0.00844921,0.579524],[0.22141,0.0926936,1.065,-0.00912963,-0.166767,0.442633,0.411778,-0.003319,0.0905394,-0.0926439,-0.0301277,0.0908383,-0.134323,-0.00165566,0.300023,0.123694,0.017723,0.00343991,-0.0174761,0.00753404,1.66248,-0.214834,5.86122],[0.00245013,-0.00162225,0.0332186,0.00356598,0.0312374,0.025381,0.00221501,0.0020907,0.00146361,-0.0228232,-0.000855365,0.00184728,-0.00153007,-1.3479e-05,-0.00295678,0.00316811,0.00435262,-0.00103496,-0.000121945,-0.00204185,0.0150224,-0.00148422,-0.0555609],[0.0012697,-0.136203,0.264612,-0.0298714,-0.0657851,-0.0534836,-0.154672,0.0715909,0.0065398,0.0218146,-0.0137872,0.0136281,-0.0325956,-2.36655e-05,0.0756296,0.0348441,0.00574276,-0.0402502,-0.0235917,0.00818612,1.20456,-0.0140038,-0.723097],[0.0327603,0.120433,0.294006,-0.00654203,0.00938946,-0.0626185,0.00698937,0.0192082,-0.00206331,0.0888394,0.00337294,-0.000346884,0.00500498,5.05558e-05,-0.000927098,-0.0585098,-0.00842372,0.0227636,0.00632754,0.000968981,-0.220729,0.00482959,1.09978],[-0.0436977,-0.0869525,-0.0178862,0.0115307,-0.0161951,0.0106004,0.0287967,-0.0209814,-3.67787e-05,-0.032445,0.005236,0.000658075,0.00832339,9.93985e-05,0.013253,0.0243224,-0.0404802,-0.00476543,-0.00189385,0.00643638,-0.0948381,8.75499e-05,0.0752976],[-0.104449,-0.0781757,0.0425731,0.190869,-0.2073,-1.00906,0.151801,0.0309459,0.00678049,-0.142033,0.00217688,0.00851556,-0.0168073,-0.000582945,0.0511837,0.0804679,-0.0906083,-0.0255934,-0.023859,-0.0240804,-0.0762807,-0.042523,0.207589],[0.021257,-0.036313,0.268963,0.0692052,-0.0145695,-0.100221,-0.00859966,0.030238,-0.00714852,-0.0201157,-0.0181176,-0.0163937,-0.0153765,-0.000159932,0.114956,0.0404603,-0.0800117,0.00385727,0.00605335,0.00493991,0.135818,-0.00117456,0.217499],[-0.07019,-0.0758416,-0.189938,-0.0122677,-0.184357,-0.167376,-0.0151227,0.0126185,-0.000108043,-0.0107098,-0.0264452,-0.0100254,-0.0235288,-0.000140084,0.0277518,-0.00601671,-0.0214433,-0.00328929,-0.0279732,-0.039245,0.0605925,-0.0313219,-0.0945208],[-0.0206158,-0.0699691,-0.186805,0.0576627,-0.0230876,-0.0965801,-0.108299,0.000619112,-0.00385303,0.108604,-0.0303605,-3.9229e-05,-0.0337536,-0.000164646,0.0283677,0.0451333,0.00207539,-0.0146653,0.00294947,-0.00384551,0.32121,-0.0160198,0.936773],[-0.098931,-0.188767,0.264789,-0.0278673,-0.357301,-0.163526,-0.283695,0.152761,-0.0200096,0.264648,0.0211784,0.00737969,0.0243476,0.0019984,0.0511106,-0.040998,-0.0559448,-0.0751092,0.0276339,-0.0364844,-2.87651,0.0715331,-3.44623],[0.166612,0.46661,1.32648,-0.148563,-0.474263,0.376381,0.397163,-0.112394,-0.0199233,-0.266113,0.0666959,-0.0121508,0.0801635,0.00046652,-0.000171888,-0.315529,0.0664442,0.0620126,-0.0785833,-0.0412603,0.39718,0.0149295,-1.48614],[-0.012559,0.0341219,-0.0129497,-0.0416519,-0.121685,0.0452571,0.117759,0.0263654,-0.00354573,-0.0223878,0.0114412,-0.00742444,-0.0212583,6.01429e-05,0.0526643,-0.0475539,-0.0780868,0.0212953,0.0108313,0.0226574,-0.0987442,0.0183817,0.359354],[0.281908,0.599546,-0.578141,-0.0822544,0.279932,0.738523,-0.200445,-0.0171317,-0.0870933,-0.0701508,-0.0532954,-0.0685269,-0.0365584,-0.000174413,0.0539686,-0.0126557,-0.000340324,-0.0205782,-0.0500663,-0.0147862,-0.656175,0.0597912,-0.4666],[0.00314517,0.00241538,0.0534655,0.0972751,0.0260964,0.124653,0.0934624,0.144541,-0.0719384,0.116366,0.0347232,-0.0867012,-0.0176898,-0.00180222,-0.135503,-0.0810742,0.0772178,0.0550557,0.0361392,0.0512105,-1.96838,0.0244165,1.15726],[-0.518672,-0.607991,-0.637056,0.238532,-0.817464,0.0481256,-0.224008,-0.169929,0.0167083,0.307115,-0.00669625,0.0584426,0.0204,0.000333442,-0.285096,0.105255,0.204966,-0.0557433,-0.0791009,-0.069369,0.297402,0.0687429,-3.05992],[-15.2391,-43.7526,9.63744,12.4531,2.47794,9.27662,-27.9564,2.05285,1.72428,-15.3233,1.83124,0.764932,5.54862,0.396484,-2.81718,-7.58447,-4.0484,-9.00123,-0.00366386,3.5365,18.5402,5.10003,-363.171],[-0.0438275,0.146891,-0.486263,-0.0140228,-0.0277339,-0.0116503,0.00274598,-0.0106726,0.00346428,-0.0943671,0.00159408,0.00721518,0.00324198,7.25415e-05,0.0426342,-0.0360295,0.00725942,-0.0178671,0.0144159,0.00372195,-0.343632,-0.010512,-0.0173705],[0.0865881,-0.147529,0.380779,0.0179362,0.195765,0.278453,-0.0498371,0.0489949,-0.00387646,0.0345642,0.0106098,0.010695,0.0502139,0.000255654,0.140911,-0.0692659,-0.0626167,0.0627405,-0.00353092,0.0214362,0.854237,-0.00710607,3.94677],[0.0538297,-0.0494633,0.376994,0.00219271,0.0165146,0.00689653,-0.000364073,0.0229393,-0.00518733,0.162542,-0.00307223,-0.00414298,0.00190623,0.000124804,-0.0984844,0.0580718,0.128602,-0.00661581,-0.0174622,-0.0222615,-0.549892,0.0135795,-0.383003],[0.0395419,0.0798273,0.27787,-0.0987439,-0.32053,-0.189632,-0.751836,0.0130887,-0.0684011,0.903958,-0.0738977,-0.0757907,0.00881981,-0.000987115,-0.20109,0.0244501,0.137446,-0.245864,-0.180944,-0.127959,1.62483,-0.057979,0.18789],[-0.0575722,-0.318227,0.100231,0.105304,0.0495998,-0.132648,-0.20165,0.0527379,-0.0385147,0.444579,-0.00568227,-0.0178811,-0.115065,0.00154982,0.139698,-0.147861,-0.112205,0.0603051,-0.127022,-0.0774404,0.885769,0.0553726,3.64065],[-0.228668,-0.538424,-0.28509,-0.203004,0.0901653,-0.409795,0.0578503,-0.00414213,-0.0509211,-0.250899,0.0428127,-0.0650397,-0.00624205,0.00145898,0.332761,-0.0501229,-0.333954,0.111641,0.0845951,0.118466,0.465826,0.130622,4.18896],[-0.0131218,-0.00505667,-0.0464793,0.00819256,-0.0334843,-0.0378472,0.00800643,0.0027331,0.00220375,-0.0142001,-0.000397315,0.00408929,0.000352451,-2.83706e-06,-0.0164404,-0.00351667,0.0054093,-0.00748063,0.00169462,0.000355426,0.0395211,-0.00540682,-0.264329],[-0.0104944,-0.0620229,0.187378,0.0740434,0.370215,0.143777,-0.0353859,0.0816751,0.0131806,-0.0220913,0.0145575,-0.0197542,-0.0251881,-0.000621122,-0.0798854,0.0717463,0.121987,0.0260627,0.0459664,0.0362125,0.956629,-0.0225964,3.62336],[0.00229239,0.00184675,0.00756058,-0.000708845,-0.00767558,0.00798672,0.00262123,-0.00432396,0.00137582,0.00425276,-0.00102295,0.000539915,-0.00298183,-9.44132e-06,0.000470049,0.00142253,-7.75228e-06,0.000965689,-0.00147202,-0.00265022,-0.030406,-0.00172393,-0.060694]],"sigmahat":[[0.363669,0.361389,0.706005,-0.0450058,0.443461,0.438243,0.0051437,0.0186575,-0.00652045,-0.0285398,-0.00464831,-0.0074509,-0.00782926,-0.000197633,0.0734025,-0.00161459,-0.00568917,0.00216217,0.010437,0.0233517,0.35156,-0.00833271,1.08845],[0.361389,0.647241,0.457296,-0.0812878,0.345255,0.39576,-0.00703669,-0.0166383,-0.0171177,-0.0689464,-0.00874679,-0.0186382,0.0020073,-0.000229856,0.0142491,-0.0361434,0.0427064,-0.00987598,0.00675381,0.00253798,0.208186,-0.00248922,-0.016514],[0.706005,0.457296,3.09233,0.0203538,0.808651,0.8868,0.135054,0.1363,-0.00161971,0.0165569,-0.0116113,-0.0111339,-0.00516496,-0.000728746,0.332072,0.0808142,-0.185174,0.039903,0.0218949,0.0498963,0.697061,-0.0627216,3.12032],[-0.0450058,-0.0812878,0.0203538,0.153526,-0.057643,-0.116634,0.0204902,0.0149247,-0.000591072,0.0467142,1.41376e-05,-0.000732129,-0.00143984,-0.00017339,0.0258553,0.0397306,-0.0105707,-0.00764089,0.00264478,-0.00733634,-0.305052,-0.00177577,-0.244669],[0.443461,0.345255,0.808651,-0.057643,1.11409,0.770922,0.0735279,0.0416787,-0.007029,-0.133433,0.0108384,-0.00658037,0.0170939,-0.000442521,0.0989082,0.0128846,-0.0183703,0.0194452,0.0463477,0.0504917,0.225209,0.00716236,2.6495],[0.438243,0.39576,0.8868,-0.116634,0.770922,1.46253,-0.0112233,-0.0183908,-0.0145424,0.0422011,-0.0231307,-0.00806304,-0.0195059,1.65959e-05,0.0715595,0.0103421,0.0195966,0.0130196,-0.00583816,-0.00407184,0.749875,-0.0159423,1.03836],[0.0051437,-0.00703669,0.135054,0.0204902,0.0735279,-0.0112233,0.406707,0.00136314,0.00960877,-0.231408,0.0387074,0.00398023,0.0512617,-0.000273513,0.0881771,0.000915333,-0.0771376,0.0434965,0.0415092,0.0366165,-0.525123,0.0145462,1.84892],[0.0186575,-0.0166383,0.1363,0.0149247,0.0416787,-0.0183908,0.00136314,0.0622171,-0.000976216,-0.0184288,-0.00296979,-0.00137912,-0.00975146,-0.000142905,0.0485302,-0.0130643,-0.0348095,0.0038231,0.00318727,0.00700698,-0.0821746,-0.0102156,0.558823],[-0.00652045,-0.0171177,-0.00161971,-0.000591072,-0.007029,-0.0145424,0.00960877,-0.000976216,0.00747735,-0.0129094,0.00264703,0.00629003,0.000616008,2.66286e-05,0.00200338,-0.00163237,0.000238514,0.000821108,0.00173145,0.00266061,-0.0121152,-0.00245431,-0.0673091],[-0.0285398,-0.0689464,0.0165569,0.0467142,-0.133433,0.0422011,-0.231408,-0.0184288,-0.0129094,0.503705,-0.0138604,-0.00788352,-0.00411765,1.99166e-05,-0.119727,0.0428947,0.115697,-0.0143657,-0.0510806,-0.0533091,0.0587558,0.00231033,-0.714173],[-0.00464831,-0.00874679,-0.0116113,1.41376e-05,0.0108384,-0.0231307,0.0387074,-0.00296979,0.00264703,-0.0138604,0.0294011,0.00375416,0.0396431,-3.55227e-05,-0.0138926,-0.00602843,0.00633536,0.0088627,0.0151181,0.0239608,-0.113664,0.020006,0.480079],[-0.0074509,-0.0186382,-0.0111339,-0.000732129,-0.00658037,-0.00806304,0.00398023,-0.00137912,0.00629003,-0.00788352,0.00375416,0.00892459,0.00218233,4.89166e-05,-0.00256124,-0.00141239,0.00652759,-0.00169711,0.000633593,0.00215863,0.0088882,-0.00185684,-0.0729561],[-0.00782926,0.0020073,-0.00516496,-0.00143984,0.0170939,-0.0195059,0.0512617,-0.00975146,0.000616008,-0.00411765,0.0396431,0.00218233,0.078741,-0.000121915,-0.0410422,-0.0138191,0.0194871,0.00896656,0.0171301,0.0217564,-0.251657,0.0283871,0.4959],[-0.000197633,-0.000229856,-0.000728746,-0.00017339,-0.000442521,1.65959e-05,-0.000273513,-0.000142905,2.66286e-05,1.99166e-05,-3.55227e-05,4.89166e-05,-0.000121915,6.458e-06,-0.000235096,-3.95272e-05,0.000185537,-5.55857e-05,-4.44838e-05,3.28034e-06,0.000856433,0.000103264,-0.00574371],[0.0734025,0.0142491,0.332072,0.0258553,0.0989082,0.0715595,0.0881771,0.0485302,0.00200338,-0.119727,-0.0138926,-0.00256124,-0.0410422,-0.000235096,0.403,-0.00140295,-0.269165,0.0287497,0.0357057,0.0331956,0.480444,-0.0382756,2.23119],[-0.00161459,-0.0361434,0.0808142,0.0397306,0.0128846,0.0103421,0.000915333,-0.0130643,-0.00163237,0.0428947,-0.00602843,-0.00141239,-0.0138191,-3.95272e-05,-0.00140295,0.130073,0.0426883,-0.0186955,-0.00718947,-0.00778212,0.0906875,-0.00460783,-0.588356],[-0.00568917,0.0427064,-0.185174,-0.0105707,-0.0183703,0.0195966,-0.0771376,-0.0348095,0.000238514,0.115697,0.00633536,0.00652759,0.0194871,0.000185537,-0.269165,0.0426883,0.286955,-0.03675,-0.0366157,-0.0327205,-0.188089,0.0252209,-1.98339],[0.00216217,-0.00987598,0.039903,-0.00764089,0.0194452,0.0130196,0.0434965,0.0038231,0.000821108,-0.0143657,0.0088627,-0.00169711,0.00896656,-5.55857e-05,0.0287497,-0.0186955,-0.03675,0.0379483,0.0135268,0.0151903,0.0761148,0.0030799,1.11737],[0.010437,0.00675381,0.0218949,0.00264478,0.0463477,-0.00583816,0.0415092,0.00318727,0.00173145,-0.0510806,0.0151181,0.000633593,0.0171301,-4.44838e-05,0.0357057,-0.00718947,-0.0366157,0.0135268,0.0376473,0.0333372,-0.0623214,0.011931,0.695845],[0.0233517,0.00253798,0.0498963,-0.00733634,0.0504917,-0.00407184,0.0366165,0.00700698,0.00266061,-0.0533091,0.0239608,0.00215863,0.0217564,3.28034e-06,0.0331956,-0.00778212,-0.0327205,0.0151903,0.0333372,0.0512321,0.0751646,0.0229873,1.00065],[0.35156,0.208186,0.697061,-0.305052,0.225209,0.749875,-0.525123,-0.0821746,-0.0121152,0.0587558,-0.113664,0.0088882,-0.251657,0.000856433,0.480444,0.0906875,-0.188089,0.0761148,-0.0623214,0.0751646,12.1747,-0.120588,7.70369],[-0.00833271,-0.00248922,-0.0627216,-0.00177577,0.00716236,-0.0159423,0.0145462,-0.0102156,-0.00245431,0.00231033,0.020006,-0.00185684,0.0283871,0.000103264,-0.0382756,-0.00460783,0.0252209,0.0030799,0.011931,0.0229873,-0.120588,0.0416824,0.0846893],[1.08845,-0.016514,3.12032,-0.244669,2.6495,1.03836,1.84892,0.558823,-0.0673091,-0.714173,0.480079,-0.0729561,0.4959,-0.00574371,2.23119,-0.588356,-1.98339,1.11737,0.695845,1.00065,7.70369,0.0846893,80.274]],"n":23,"lags":3}