{"betahat":[[-3.74006,-5.54786,-3.80539,-1.68617,-3.7847,-10.0653,-1.36926,1.06245,8.94311,4.46642,1.52934,-0.467444,1.16799,-0.340011,0.403118,-2.1396,-0.00798853,41.0988,27.8776,0.668849,-4.16856,4.99509,-0.746351],[1.00792,-0.0911501,-0.0914379,0.0676535,0.219724,0.377384,-0.0514618,-0.0598193,0.183058,0.150132,-0.0123526,-0.0129165,-0.0331477,-0.0123792,-0.0174498,0.0555712,0.0938558,-0.0777894,0.256598,-0.0210095,0.0116335,-0.194577,-0.0326044],[-0.0674892,0.707414,-0.126761,-0.0380522,-0.0574924,0.09547,-0.0888749,0.011823,0.0141138,-0.062081,-0.0171181,0.0140187,-0.0333948,0.0159918,-0.0187909,-0.052924,0.00835704,0.0263065,0.165569,-0.0124647,-0.548225,0.160163,0.00114243],[0.0524049,0.168714,0.714388,-0.0138494,0.0634405,0.0765077,-0.0490579,-0.0197224,0.0044266,-0.00456128,-0.0367873,0.00074761,-0.00545205,0.00315248,0.00628203,0.0375811,0.00620533,0.0338836,0.0492986,-0.0036987,-0.18018,-0.045932,0.0110383],[0.0973399,0.303703,-0.0522848,0.609371,0.305424,0.406475,-0.0722975,0.0146022,0.187726,0.046429,-0.140043,0.00131734,-0.0710314,-0.00829795,-0.0135555,0.0785624,-0.0295515,-0.023315,0.15443,0.0159159,-0.971043,-0.152195,-0.0209702],[0.0384177,0.098825,-0.005473,-0.0993226,0.832974,0.0602544,-0.0978846,-0.00805979,0.0305086,-0.0576128,-0.00209809,-0.0102749,-0.0148783,-0.00368991,-0.0149305,-0.0115035,-0.0647378,-0.00871146,0.0794901,-0.0193385,-1.25214,0.105755,-0.0101712],[0.0557386,0.101307,0.0297533,0.00367105,0.156,0.860483,0.0744745,-0.0317809,-0.0639406,0.00791542,-0.0526885,0.000590062,0.046603,-0.000703317,0.0681511,0.0559833,0.0633772,0.0280298,0.0364324,0.0283052,0.598537,-0.0998545,0.00125169],[-0.0132651,0.0528133,0.286951,-0.0503158,0.051193,0.105581,0.774674,0.00454124,0.090355,0.00792517,0.0236651,-0.00246155,-0.00396414,-0.00524303,-0.0108469,-0.0318367,-0.0682697,0.0407997,0.0772304,-0.0983352,-1.39619,-0.0964295,-0.00397063],[0.184447,0.041554,0.881528,0.0934813,0.541843,0.468199,0.208365,0.705302,-0.386187,0.331183,0.123383,0.0629393,0.0382051,0.0604358,0.0212459,0.172296,-0.0430801,0.00114042,0.0182062,0.0458392,1.97909,-0.192852,0.0538206],[0.107513,0.200804,-0.239913,-0.0960099,0.21711,0.108463,-0.00489575,-0.00729342,0.884198,-0.0418752,0.0373085,-0.0157719,-0.0238716,-0.00770999,-0.0384188,0.0568883,-0.0268004,-0.0134857,-0.00860364,0.0192879,-1.69216,-0.152647,-0.0128285],[0.070637,0.0257256,0.106634,-0.022984,0.0950631,0.199799,-0.142391,-0.0116707,0.0512369,1.06455,-0.0309311,-0.0282837,0.00506775,-0.0279744,0.0296034,0.0245502,-0.0282384,-0.0492467,-0.130258,-0.0367968,-0.690345,-0.0313914,-0.0220911],[0.0558837,0.371869,-1.37776,0.036952,0.1696,-0.416249,0.302724,0.0957828,-0.543203,-0.467913,0.914741,-0.0891528,-0.0696811,-0.0816771,-0.00814235,0.230544,0.151072,-0.406186,-0.512935,0.111613,1.73574,-0.277531,0.00742066],[0.833422,1.00101,1.94948,0.942604,1.15999,2.68561,-0.950783,0.0490442,0.283385,0.150834,0.0212399,0.975282,-0.1002,0.00740008,-0.0869462,0.499082,-0.345659,-0.117391,0.67448,-0.380417,-2.29733,-1.64954,0.095433],[-0.0167132,-0.0977467,-0.271162,0.211696,-0.871092,-0.757072,0.290798,-0.116917,-0.048068,0.742199,0.0221245,-0.0242716,0.999919,0.0129424,0.0678261,-0.0765021,0.068958,0.243385,0.393323,0.04427,2.34666,-0.000574553,0.109256],[0.0933741,0.628192,0.200167,-0.465846,-1.55971,-3.07193,0.999346,-0.561643,-0.481767,0.340308,-0.142152,0.480557,0.133269,1.29779,0.174267,0.037569,-0.0391238,-0.464429,-0.838819,0.259825,-5.38774,-0.389633,0.394357],[0.225655,0.789667,-0.242938,-0.329789,0.310176,0.442609,0.34193,-0.0684677,-0.359902,-0.0835802,-0.245352,0.215107,-0.122469,0.200361,0.928197,0.368786,0.0826534,-0.258216,-0.522204,0.0648385,3.95032,-0.253301,-0.0638217],[0.059372,0.0443116,0.187643,-0.067145,0.207775,-0.0612997,0.223982,-0.0839949,-0.132297,0.353437,0.000488897,-0.0383962,0.0251643,-0.0439864,0.0214893,0.941696,-0.00784487,-0.165416,-0.177306,0.0381438,1.99324,0.0356182,-0.0152366],[-0.0637969,-0.0725897,-0.685484,0.0578435,0.277201,-0.122668,0.275301,-0.08171,-0.379882,-0.151316,0.0850592,0.0693449,0.0921924,0.0762357,0.0507628,-0.0270639,1.12534,-0.0793671,0.27952,0.0318514,-1.88088,-0.214536,0.0730542],[0.436733,0.67087,-0.511305,-0.487127,0.273947,0.77912,0.241455,-0.264825,-0.307467,0.564309,-0.189547,0.0426112,0.0472517,0.0302345,0.195641,0.0393212,0.0346396,0.498432,0.0860552,0.000775748,-1.34822,-0.384678,-0.0118407],[-0.356588,-0.703226,-0.154157,0.0876259,-0.481564,-0.194018,-0.156265,0.0224748,-0.0613823,0.302662,-0.163136,0.0212407,-0.0868772,-0.0042802,-0.0358969,-0.262678,-0.136758,0.165632,1.10928,-0.0450898,-1.4507,0.551096,0.0208848],[-0.212245,-0.361463,-0.886337,0.0903424,-0.0932991,-0.190477,-1.41801,0.237307,0.454908,-0.280654,-0.0913858,-0.0386848,-0.110283,-0.0668275,-0.118563,-0.0457087,-0.827629,0.0468184,-0.306055,0.21308,-7.33657,-0.0452311,-0.0761923],[0.0238445,0.0375598,0.0669735,-0.0212393,0.00070598,0.0435792,-0.0172775,-0.00473763,0.0425804,0.0117535,0.00410907,-0.00309669,-0.00101193,-0.00312922,-0.00185363,0.014948,0.0184936,-0.00411865,-0.0239346,-0.00318962,-0.347596,-0.00109202,-0.00387212],[0.0902263,0.332554,0.116177,-0.0665783,-0.05177,0.0436549,0.0273142,-0.0163315,-0.0582151,0.168772,-0.00876668,-0.012641,-0.00096958,-0.00814107,0.0124318,0.0870312,0.0156042,-0.142062,0.18294,-0.0142298,-0.248563,0.717916,-0.0275401],[-0.536056,-1.01079,0.159973,-0.220065,-1.09772,-0.612342,-0.121059,0.333735,0.164308,1.13082,0.0309773,-0.0500461,0.123681,0.0541394,0.135766,-0.702539,0.307836,0.762579,1.77619,-0.00482747,-0.977171,0.91713,0.849571],[-0.00177699,0.113785,-0.0883754,-0.0269276,-0.0635996,-0.17886,0.225265,0.0197366,-0.237436,-0.0673801,0.0285056,0.0115289,0.0554107,0.00682927,0.0381433,-0.0377787,0.050728,0.0246331,-0.259016,0.0621718,0.823321,0.0655453,0.029536],[0.036259,0.162665,0.0704265,0.0631634,-0.00865296,-0.065596,0.0965975,-0.00743541,-0.0833674,0.0505192,0.00788335,-0.00607181,0.0272066,-0.0102646,0.0208847,0.0217274,-0.00279545,-0.00638646,-0.064033,0.0120087,0.268831,-0.0864792,0.00335175],[-0.0277349,-0.10842,0.185387,0.00260977,-0.056221,-0.0854771,0.0737549,0.0378997,-0.0340932,0.0242101,0.0200505,0.00246602,-0.00129374,-0.00231319,-0.0114431,-0.0292132,0.0211197,-0.0185022,-0.0486206,0.0154098,-0.137955,-0.0121601,-0.00524558],[0.0189267,0.0234028,-0.150683,0.158904,-0.120489,0.247397,0.129739,-0.0259677,-0.335065,-0.308606,0.130446,0.00718059,0.058599,-0.00140493,0.0165478,-0.00442126,0.0880356,-0.0508457,-0.112331,-0.0330247,1.66073,-0.000108942,-0.00824658],[-0.0365302,-0.0533145,-0.111516,0.0406899,0.167587,0.00398886,0.0611514,0.0147532,-0.0259088,0.0296333,-0.00395969,0.013604,0.0344666,0.0231082,0.0378386,0.0149771,0.0998743,-0.020862,-0.0841839,0.00852684,0.891725,-0.106959,0.018149],[8.24754e-05,-0.00873512,0.0706423,-0.000306613,-0.0229121,0.190827,-0.0138475,0.0180802,0.0268168,-0.0130612,0.0226241,-0.0021879,-0.018759,0.00339774,-0.0244973,-0.0282003,-0.0135446,-0.00864661,-0.0112756,-0.0194185,-0.222647,0.0588276,-0.00415081],[0.0181117,-0.0099606,-0.13379,0.0120009,-0.0431288,0.0417045,0.24194,0.00776746,-0.161751,-0.0427673,-0.0107348,0.00127924,0.0149867,0.00294811,0.0170062,0.0276772,0.0949221,-0.0235451,-0.0398685,0.104851,1.24461,0.0546933,0.00464539],[0.160669,0.456386,-0.815119,-0.00226572,0.355804,0.403843,0.0898522,0.0263939,-0.167649,-0.4961,-0.175469,0.0199948,-0.0496692,-0.0234056,0.0466761,0.0233708,0.0773251,-0.016578,-0.380862,0.0121008,-0.175259,-0.211787,-0.0272041],[-0.0155125,0.00568277,0.0978154,0.039294,-0.0607763,-0.0699543,-0.0389103,-0.0357815,0.0424171,0.0504204,-0.0311104,0.00771444,3.65726e-05,0.00130549,0.0195028,0.00271195,-0.0278535,0.013399,0.00515781,-0.0373686,0.44221,0.0434348,0.0165434],[-0.106367,-0.0992496,-0.0669519,0.0679807,-0.240506,-0.387265,0.0589743,0.0481031,-0.0171311,-0.15498,0.0611663,0.0174912,0.00669136,0.0186063,-0.0243092,-0.0540938,0.0288163,0.020039,0.0789127,0.0266775,-0.00324687,0.0753904,0.0168309],[0.131988,0.31289,0.176372,-0.459749,0.126344,-0.234376,-0.22544,-0.0292303,-0.0691447,0.0663455,-0.32104,0.075247,-0.0998822,0.0179826,-0.006534,0.0449116,-0.0537352,-0.05415,-0.205399,-0.0825062,-0.503771,-0.247818,-0.00504846],[-0.213467,-0.506877,-1.24887,-0.153874,-0.188233,0.0623473,-0.441567,0.0488833,0.547977,0.254791,-0.142754,-0.191704,-0.125611,-0.113026,-0.075431,0.041662,-0.212232,0.0496078,-0.434615,-0.0598185,2.65131,0.775131,-0.0810092],[0.115655,0.219102,0.393505,-0.193462,0.779864,0.351854,0.118962,0.161013,-0.386393,0.558657,0.085672,0.0702134,0.0175747,0.0443766,-0.0217256,0.0403496,0.0781377,-0.18084,-0.101711,0.120748,-0.397302,-0.389392,0.136873],[-0.192489,-0.0767416,-1.05791,-0.0885543,1.08474,-0.163526,-0.309652,0.0911837,0.483405,-0.260144,0.137347,-0.187964,0.0369044,-0.236117,-0.0346575,0.000221861,0.0788152,-0.611808,-0.359537,0.00368631,-2.70808,-0.0731156,-0.238051],[-0.207355,-0.367504,-0.378955,0.251877,0.189655,-0.0308412,-0.266482,0.0590178,0.261479,-0.329679,0.265525,-0.0455869,-0.0310977,0.00966144,-0.148598,-0.176525,-0.221813,0.0517365,-0.0865996,-0.0598805,-0.717607,0.0753527,0.103248],[-0.081532,-0.0627648,-0.0831331,0.0286904,-0.245235,0.337362,-0.056585,0.020385,0.0537999,-0.227256,0.0228793,0.0206043,-0.0373341,0.00926249,-0.046616,0.0299952,0.0340441,0.0532554,0.0291472,-0.0121072,-1.45389,0.0146853,0.00642098],[0.114821,0.207562,0.622704,-0.109909,-0.0855003,0.274908,-0.107556,0.057908,-0.0587423,-0.0637025,-0.0129851,-0.036738,-0.0283327,-0.0357637,-0.0211219,0.0751949,-0.134747,0.0606826,-0.139074,-0.0324672,0.711341,0.0688869,-0.0291093],[-0.175539,-0.0389016,0.123616,0.533254,-0.358922,-0.673156,-0.29938,0.208028,0.794068,-0.0885272,0.254825,-0.0228879,0.045438,0.00603673,-0.108332,0.100931,-0.113882,-0.0347115,0.00236057,0.000850562,-0.0204813,-0.323926,0.0787817],[0.317453,0.52112,0.240786,-0.0329563,0.459607,0.347015,0.0846451,-0.0724994,0.0121936,-0.501379,0.0985271,-0.0110141,0.071493,0.00369287,0.0381292,0.184768,0.127841,-0.104321,-0.184463,0.0346415,1.05437,-0.31221,-0.0145362],[0.148107,0.164671,0.772225,-0.0879285,0.256272,0.364467,0.664642,-0.0196511,-0.520946,-0.0340082,0.0540886,0.00189653,0.0712085,-0.0163176,0.040341,0.0869436,0.226303,0.0329257,-0.0731528,0.32894,3.57338,-0.0406532,0.049967],[-0.00258802,-0.00758174,0.0340913,0.00587099,-0.0227998,-0.0141244,-0.0120474,0.000675616,0.00336922,0.039619,-0.00643239,0.000636666,-0.00287596,5.51283e-06,0.00074379,-0.00200099,-0.0183006,0.00677521,-0.0191756,-0.00305492,-0.425549,-0.00551286,-0.00224635],[0.0448838,-0.0477917,0.00268711,0.0543801,0.0960075,0.031036,-0.00167132,-0.00911109,0.137103,-0.0677907,0.00360311,-0.0069543,0.0124349,-0.0120339,0.00450086,0.0268357,0.00782748,0.0625383,-0.0679738,0.0254623,0.27063,0.0975411,0.0206242],[0.255345,0.352364,-0.668406,-0.0339553,0.64271,0.385495,0.0919884,-0.107119,0.0411062,-0.95356,0.0562409,-0.0278025,0.0137675,-0.0552224,-0.00742702,0.325437,0.00609194,0.305937,0.498723,0.0722018,0.131874,0.131086,-0.0279288],[-0.00611531,-0.0225472,0.179865,-0.0407527,-0.155926,-0.198425,-0.173685,0.0401001,0.0540603,-0.0827886,-0.0161888,0.00139969,-0.0222428,0.0055614,-0.0206546,-0.0178079,-0.14447,0.0532193,0.0025346,-0.041126,-0.834335,0.128992,0.00308195],[0.0310626,0.129698,0.0560828,-0.0251242,0.0661727,-0.030006,-0.00768002,-0.00435937,0.0692256,0.0114336,0.00923006,-0.00794335,0.00617058,-0.00571101,-0.00212274,0.0311419,-0.00553928,-0.0199783,-0.101827,0.00048122,0.280036,-0.0735705,-0.00449966],[-0.0244444,-0.0600237,0.100387,0.0113182,-0.00676642,0.00967293,-0.0244818,-0.0183197,0.0295705,-0.0199569,0.0168288,-0.00320506,0.00684198,-0.000812501,0.00523798,-0.00824568,-0.0270486,-0.0153641,4.03011e-05,-0.0116684,0.319188,0.0578523,-0.00576251],[-0.116155,-0.326971,0.203178,0.2317,-0.184536,-0.653724,-0.0574985,0.0113769,0.147289,0.262084,0.00960867,-0.00850558,0.0124168,0.00967913,-0.00298984,-0.0740442,-0.0585162,0.0741265,-0.0418186,0.0170613,-0.691183,0.152271,0.0291972],[-0.00208484,-0.0456948,0.116974,0.0584992,-0.00114577,-0.0647665,0.0366969,-0.00681529,-0.0048232,0.0281914,0.00619291,-0.00325825,-0.0195854,-0.0193262,-0.022929,-0.0036349,-0.0351615,0.0296325,0.00454587,0.0107799,0.360073,0.0011666,-0.00788505],[-0.0559411,-0.0925836,-0.0999543,-0.00344643,-0.13347,-0.0519117,-0.0604939,0.0135795,0.0368301,0.00520554,0.0301667,0.00166502,-0.0278358,-0.00261617,-0.043671,-0.027871,-0.0497762,-0.0193652,-0.0255296,-0.0088694,-0.374545,0.0408407,0.00294732],[-0.00518476,-0.0433046,-0.148569,0.0384631,-0.00935302,-0.148044,-0.0170369,-0.0125566,0.0710267,0.0352419,-0.01301,0.0015486,-0.0111807,0.00264147,-0.00622467,0.00351602,-0.0269447,-0.0152256,-0.0363737,-0.00688744,0.150747,0.0407483,-0.000373944],[-0.197666,-0.0867177,-0.326956,-0.122392,-0.834117,-0.670833,-0.460717,0.0781584,0.37443,0.315924,-0.0094428,-0.0465729,-0.0778896,-0.0219044,-0.110591,-0.00611361,-0.262789,-0.0691483,-0.415507,-0.0947759,-2.68748,-0.0286772,-0.0196834],[-0.0913525,-0.205828,0.13889,0.0560453,-0.154094,-0.0364094,0.0443975,0.0433284,0.0726228,-0.00769956,-0.00572685,0.00759543,0.0242856,0.0059626,0.0191107,-0.0588953,0.0549698,-0.00141421,0.00458041,0.0184241,1.25319,0.109646,-0.00377162],[0.0360496,0.0743145,-0.0386604,-0.044882,0.14617,0.189293,0.0831997,-0.036603,-0.0336494,0.087529,-0.0299633,0.0107402,-0.0120289,0.00934435,-0.00563207,0.0297253,-0.000251607,0.0292303,0.0536076,0.0098992,0.692827,-0.0433406,0.00503258],[-0.236554,-0.425814,-0.264532,0.231724,-0.199635,-0.134793,0.0440609,-0.0602178,0.146885,0.0700906,-0.00394195,0.0098632,-0.00884688,0.0276841,-0.0192416,-0.135163,0.0370919,0.0210236,0.0445509,0.00672579,-0.11128,0.39154,0.00280282],[-0.0399016,-0.0842485,0.352995,-0.0534464,-0.57923,-0.0265594,0.223821,-0.133665,-0.215993,0.517417,-0.0846572,-0.0128425,0.0262378,0.0155277,0.0630823,0.0129578,-0.0769959,0.151356,-0.417591,0.0362858,3.07384,0.254754,0.0110501],[-0.0928323,-0.253711,-0.176042,-0.044743,0.0707722,0.43783,-0.16448,-0.0611889,0.12618,-0.586183,-0.0149175,-0.0496797,-0.00693926,-0.0534938,-0.0169133,-0.0474488,0.0182835,-0.158684,-0.552795,-0.0311697,0.44193,0.325874,-0.0865418],[-0.19523,-0.424836,-0.132797,0.086505,-0.00405529,-0.0204901,0.0903405,0.0642073,0.0566685,-0.185124,-0.0203785,-0.0467682,0.0280867,-0.0891075,0.0478986,-0.177038,0.187672,-0.233292,-0.231854,0.0305154,1.64813,0.177981,-0.133974],[0.00139551,-0.132379,-0.0071087,-0.122117,0.0358211,0.468746,-0.302605,-0.0374515,0.233452,-0.730427,-0.141471,-0.103208,-0.115433,-0.107014,-0.0498621,-0.00234209,-0.0849921,-0.0123218,-0.357952,-0.0666801,-1.46546,0.249667,-0.0922039],[0.0218107,0.0185141,-0.102514,0.0384907,0.0363092,-0.277447,-0.167093,0.0632452,0.0777933,-0.126268,-0.0234269,0.0179946,0.0121075,0.0349715,0.0251754,0.0278277,-0.026159,0.112969,0.148711,-0.0261403,-0.542476,-0.0504509,0.00900192],[-0.0509868,-0.134391,0.0665017,0.0524056,-0.193265,-0.152507,-0.167469,0.023358,0.437977,0.214426,-0.0723,-0.0322749,-0.0641428,-0.0400745,-0.0298251,-0.0484209,0.0094744,0.0211961,-0.138824,0.000381915,1.16951,0.14492,-0.0436865],[-0.268624,-0.656686,0.423815,-0.0371709,0.0588388,-0.111395,0.0516551,0.0616499,-0.470702,-0.455531,-0.078868,-0.0160622,-0.0959853,-0.0305809,-0.0868338,-0.154962,0.0667731,-0.407611,-0.0464719,-0.00264421,1.36893,0.711692,-0.0596167],[0.0832403,0.18521,0.0714331,-0.013838,0.0660496,0.00764353,0.140836,0.0422695,-0.0208463,0.111733,0.0553458,-0.00681069,0.00880901,0.00218381,-0.00346277,0.0962174,0.0605167,-0.0370866,-0.561185,0.0184707,0.737204,-0.20226,-0.00210704],[-0.100796,-0.197346,-0.0355961,0.0246069,-0.0487015,-0.0681999,-0.120236,0.0315048,0.194075,0.300674,0.00707045,0.00589084,0.0630024,0.0173581,0.0724088,-0.049937,0.0255939,-0.0138469,-0.127799,-0.00965484,0.255137,-0.0193865,0.00514315],[0.00640315,0.00153059,0.0252462,-0.00190311,0.00662542,-0.0038298,-0.0244077,0.000776232,0.00563143,0.00417163,-0.00630076,0.000877223,0.00103925,0.000654836,0.00369279,0.00692464,-0.0168112,0.000924317,-0.00516731,-0.0106131,-0.20206,-0.00560025,-0.000413751],[-0.110337,-0.250427,-0.139404,0.0238456,-0.000433784,-0.0422786,-0.0120147,0.033657,-0.08403,-0.103326,0.00949252,0.0139444,-0.00710398,0.0141028,-0.01557,-0.0945311,-0.0124317,0.0686507,-0.060209,-0.00483807,0.00292418,0.151928,0.00530102],[0.0697138,0.536186,0.178666,0.13709,0.0191513,-0.0168948,0.314379,0.0867709,-0.770161,-0.45391,-0.00291799,-0.00791604,-0.0405132,-0.0107934,-0.0624304,0.0302131,0.0153878,0.346062,-0.0833523,0.030979,0.13189,-0.515351,0.00606147]],"sigmahat":[[0.141915,0.282658,-0.00144943,-0.0296718,0.134856,0.174215,0.0347921,-0.0229491,-0.0331321,-0.0355165,0.00129383,-0.00081374,-0.000367318,-0.00311255,0.000918886,0.0868939,0.0181789,-0.000263459,0.0122439,0.00298304,-0.120449,-0.153866,-0.0013071],[0.282658,0.779293,-0.162044,-0.0784553,0.21858,0.286597,0.0836137,-0.0478254,-0.0843581,-0.0473955,0.00994795,-0.00539334,-0.00641134,-0.00700257,-0.00857843,0.196979,0.0428779,-0.0143685,-0.0813616,0.008038,-0.449466,-0.436896,-0.00486945],[-0.00144943,-0.162044,1.1662,0.0563106,0.0311401,0.0807513,-0.0139187,0.0233043,-0.0342876,-0.00686377,0.00458429,0.00527123,-0.00761971,-0.0073671,-0.00438307,-0.0129285,0.00378158,0.0231241,0.119798,-0.0207709,0.291944,0.074661,-0.0149638],[-0.0296718,-0.0784553,0.0563106,0.120742,-0.0340744,-0.0922764,0.0100081,0.0176517,0.0326167,-0.0153444,-0.00297433,-0.00273811,-0.00241545,-0.0029738,-0.00388712,-0.011786,0.00486136,0.0162817,0.0515944,-0.0017369,0.0801477,0.0174481,-0.00284373],[0.134856,0.21858,0.0311401,-0.0340744,0.666224,0.394119,0.077053,0.00248676,-0.170063,-0.166195,0.014497,-0.004722,0.0139646,-0.0107611,0.0083512,0.107169,0.0574589,-0.0313792,0.0522506,0.00976953,0.462109,-0.187518,-0.0161727],[0.174215,0.286597,0.0807513,-0.0922764,0.394119,0.956209,0.0414431,-0.0464991,-0.0531992,-0.166037,0.00179361,-0.00700703,-0.0118626,-0.00858692,-0.0146698,0.13801,0.044413,-0.0197869,0.127138,-0.00552224,0.702048,-0.154945,-0.0133302],[0.0347921,0.0836137,-0.0139187,0.0100081,0.077053,0.0414431,0.240682,-0.00555473,-0.161741,0.00347846,0.00773754,0.0076215,0.0209067,0.00333859,0.0186951,0.0214617,0.10206,-0.0156535,0.00337734,0.0630006,1.00224,-0.0618263,0.00927998],[-0.0229491,-0.0478254,0.0233043,0.0176517,0.00248676,-0.0464991,-0.00555473,0.0488338,-0.0105103,-0.00273031,0.00172606,-0.00259143,7.38326e-05,-0.0027292,-0.0029639,-0.0147292,-0.00127661,0.00050016,0.0123273,-0.00286646,-0.122651,0.0167723,-0.00452463],[-0.0331321,-0.0843581,-0.0342876,0.0326167,-0.170063,-0.0531992,-0.161741,-0.0105103,0.395179,0.067288,-0.0104376,-0.0104237,-0.0121042,-0.0063503,-0.0125605,-0.0315493,-0.0641745,0.0149478,-0.0328611,-0.0364247,-0.465314,0.0755492,-0.00765472],[-0.0355165,-0.0473955,-0.00686377,-0.0153444,-0.166195,-0.166037,0.00347846,-0.00273031,0.067288,0.44297,0.00914378,0.00367969,0.0260043,0.00742329,0.0242354,-0.0403393,-0.0212466,0.00625854,-0.0633549,0.0241909,-0.0673214,-0.0259866,0.0263625],[0.00129383,0.00994795,0.00458429,-0.00297433,0.014497,0.00179361,0.00773754,0.00172606,-0.0104376,0.00914378,0.0445158,-0.00268255,0.0134482,-0.00271497,-0.00341234,-0.000733395,0.00750302,-0.0139241,-0.0129135,0.00531693,-0.0142435,-0.0182526,0.00260307],[-0.00081374,-0.00539334,0.00527123,-0.00273811,-0.004722,-0.00700703,0.0076215,-0.00259143,-0.0104237,0.00367969,-0.00268255,0.00658239,0.000905346,0.00507113,0.00230196,-0.00265489,0.000956963,0.00346201,0.00603575,0.00179079,0.0122322,0.00250508,0.00406192],[-0.000367318,-0.00641134,-0.00761971,-0.00241545,0.0139646,-0.0118626,0.0209067,7.38326e-05,-0.0121042,0.0260043,0.0134482,0.000905346,0.0247124,0.00186068,0.0185571,-0.00286027,0.0148276,-0.00619414,-0.00675958,0.0104327,0.158191,-0.00747999,0.003842],[-0.00311255,-0.00700257,-0.0073671,-0.0029738,-0.0107611,-0.00858692,0.00333859,-0.0027292,-0.0063503,0.00742329,-0.00271497,0.00507113,0.00186068,0.00764396,0.00327572,-0.00346227,0.000477758,0.00543479,0.00763628,0.00194595,-0.00714589,0.00181654,0.00494862],[0.000918886,-0.00857843,-0.00438307,-0.00388712,0.0083512,-0.0146698,0.0186951,-0.0029639,-0.0125605,0.0242354,-0.00341234,0.00230196,0.0185571,0.00327572,0.0231111,-0.00369131,0.0149876,-0.00187321,-0.00132918,0.00886033,0.156824,-0.00123992,0.0028265],[0.0868939,0.196979,-0.0129285,-0.011786,0.107169,0.13801,0.0214617,-0.0147292,-0.0315493,-0.0403393,-0.000733395,-0.00265489,-0.00286027,-0.00346227,-0.00369131,0.0853066,0.00995302,-0.0100762,-0.0126383,-0.00176837,-0.00187892,-0.12241,-0.00411542],[0.0181789,0.0428779,0.00378158,0.00486136,0.0574589,0.044413,0.10206,-0.00127661,-0.0641745,-0.0212466,0.00750302,0.000956963,0.0148276,0.000477758,0.0149876,0.00995302,0.0931418,-0.0167685,0.0124309,0.0342505,0.540871,-0.0433594,-0.00139156],[-0.000263459,-0.0143685,0.0231241,0.0162817,-0.0313792,-0.0197869,-0.0156535,0.00050016,0.0149478,0.00625854,-0.0139241,0.00346201,-0.00619414,0.00543479,-0.00187321,-0.0100762,-0.0167685,0.0671784,0.057157,-0.00544849,-0.083525,0.0106674,0.00601172],[0.0122439,-0.0813616,0.119798,0.0515944,0.0522506,0.127138,0.00337734,0.0123273,-0.0328611,-0.0633549,-0.0129135,0.00603575,-0.00675958,0.00763628,-0.00132918,-0.0126383,0.0124309,0.057157,0.461537,-0.00218014,-0.2105,0.0891666,0.00651445],[0.00298304,0.008038,-0.0207709,-0.0017369,0.00976953,-0.00552224,0.0630006,-0.00286646,-0.0364247,0.0241909,0.00531693,0.00179079,0.0104327,0.00194595,0.00886033,-0.00176837,0.0342505,-0.00544849,-0.00218014,0.0317497,0.315063,-0.00849732,0.00504867],[-0.120449,-0.449466,0.291944,0.0801477,0.462109,0.702048,1.00224,-0.122651,-0.465314,-0.0673214,-0.0142435,0.0122322,0.158191,-0.00714589,0.156824,-0.00187892,0.540871,-0.083525,-0.2105,0.315063,15.5288,0.0843018,0.00526177],[-0.153866,-0.436896,0.074661,0.0174481,-0.187518,-0.154945,-0.0618263,0.0167723,0.0755492,-0.0259866,-0.0182526,0.00250508,-0.00747999,0.00181654,-0.00123992,-0.12241,-0.0433594,0.0106674,0.0891666,-0.00849732,0.0843018,0.420318,0.000675105],[-0.0013071,-0.00486945,-0.0149638,-0.00284373,-0.0161727,-0.0133302,0.00927998,-0.00452463,-0.00765472,0.0263625,0.00260307,0.00406192,0.003842,0.00494862,0.0028265,-0.00411542,-0.00139156,0.00601172,0.00651445,0.00504867,0.00526177,0.000675105,0.0112893]],"n":23,"lags":3}