{"betahat":[[1.43288,-6.31215,7.35946,2.95786,14.6211,-3.31978,1.12537,-0.707363,12.2271,4.53405,0.505348,0.751136,0.695381,0.992665,0.366412,4.40741,0.599024,22.5342,15.0035,2.1442,-0.155888,4.54183,1.2909],[1.02118,-0.0933094,0.0757913,0.228813,0.473922,0.277941,0.0771368,-0.0185452,0.0598911,0.0686285,0.000528228,0.0386261,0.0171812,0.059412,0.0208666,0.101311,0.139513,-0.142677,0.0992289,0.0336577,0.681213,-0.167164,0.0416784],[-0.0588864,0.69912,-0.122311,-0.0334887,-0.0772808,-0.0321839,-0.021929,-0.0108405,-0.00786372,-0.0126371,-0.0235056,0.024582,-0.0156368,0.0337879,0.00282782,-0.0475328,0.0284161,0.0462724,0.119327,-0.00866033,-0.258925,0.169389,0.0110433],[0.0412344,0.105751,0.786918,-0.0196227,0.108415,0.121109,-0.0144296,-0.00987987,0.00385911,-0.0039206,-0.0264805,0.0111338,0.000694409,0.0176631,0.0156065,0.0349898,0.0264985,-0.0141869,0.0104214,-0.00124112,0.0188215,-0.0602777,0.0201342],[0.092893,0.218612,0.243874,0.529263,0.217674,0.295547,0.0529006,-0.0283203,-0.0109996,-0.136413,-0.0538501,0.0413277,-0.0185607,0.0376887,0.0281423,0.07661,0.0363621,-0.00749392,0.0636391,0.0287378,-0.463946,-0.120607,0.0185123],[0.00690478,-0.0127376,0.00466111,-0.0548089,0.954046,0.108846,-0.0280687,0.0121371,-0.0174478,-0.0131313,0.017831,0.00527814,0.0013705,0.00645985,-0.0084742,-0.00312594,-0.0171451,0.00163231,-0.00655559,-0.00203184,-0.377994,0.0491762,0.000666555],[0.0157335,0.0406419,-0.0197851,-0.00136249,0.0265426,0.900886,0.0163027,-0.014777,-0.0151372,0.0229229,-0.0274179,-0.00506397,0.0280336,-0.00438297,0.032847,0.0336149,0.0327914,0.0502449,0.0230938,0.0134472,0.498494,-0.0283446,-0.00668407],[-0.0276145,0.0272657,0.0750798,-0.0104533,-0.0250002,0.0632721,0.731208,0.0132926,0.0849354,0.0212323,0.0100651,-0.00778865,-0.00735091,-0.0219253,-0.0252569,-0.0552343,-0.0840478,0.0321347,0.108605,-0.104575,-1.27093,-0.0944917,0.000655615],[-0.0792826,-0.353742,0.790784,0.211027,0.587262,0.232188,0.252995,0.921422,-0.354614,-0.109375,0.116588,0.0166358,-0.0622987,0.0167421,-0.162278,0.0795931,0.0735249,0.263937,0.108791,0.09744,4.67367,0.408868,0.00912747],[0.0590402,0.0909308,-0.270242,-0.0525096,0.180083,0.0845553,-0.0182471,0.00185695,0.897014,-0.0437659,0.0527851,-0.027409,-0.0302776,-0.0359527,-0.0578186,0.0236991,-0.0272937,-0.0515401,-0.00323371,0.0178722,-0.747417,-0.125562,-0.0256526],[0.0432124,-0.0449741,0.209555,0.0365185,0.113171,0.127346,-0.0420218,0.0112997,0.0187845,1.0872,-0.0254871,-0.000607306,0.0113909,0.00653944,0.0196929,0.0410907,-0.00801684,0.0473853,-0.0926962,-0.0170692,-0.325,0.0533949,0.0126612],[-0.0481694,-0.147369,-0.971976,0.164307,-0.0424337,-0.745478,0.292654,0.159645,-0.485858,-0.189959,0.981194,-0.0976146,-0.0143494,-0.0914995,-0.00852623,0.0261555,0.160806,-0.158972,-0.0177948,0.147554,1.34588,0.110226,-0.00654988],[0.200343,0.360803,0.649966,0.608537,0.768174,0.627323,-0.556661,0.0928726,0.503745,0.101155,0.101779,1.01951,0.00150367,-0.00221417,-0.107771,0.193275,-0.381319,0.0324801,0.551375,-0.0664552,-4.60746,-0.978861,0.0248848],[-0.0126903,0.339321,-0.734959,-0.195485,-0.0280955,-0.354182,0.376135,-0.136638,-0.15537,0.242155,0.00438492,0.122947,1.02039,0.168779,0.165327,0.173625,0.0540999,0.249308,0.0878766,-0.00655509,1.29991,-0.437447,0.153458],[-0.113891,-0.213002,-0.289995,-0.0405304,-0.791596,-1.07145,0.21457,-0.0559935,-0.412203,-0.114844,0.0241639,0.292184,-0.057996,1.17396,-0.0943065,-0.0401099,-0.00707975,0.177688,-0.595007,0.0915861,0.779655,0.691728,0.134879],[0.365401,0.128257,0.407291,0.136862,0.434198,0.557387,0.0517666,-0.0149407,-0.0158199,0.352309,-0.125033,0.180556,-0.0255003,0.181062,0.908417,0.334216,0.0643611,-0.214401,0.183563,0.155252,2.60576,0.0770715,0.00105316],[0.0603394,-0.0743339,0.262576,-0.0863955,0.666442,0.563365,0.104954,-0.036509,-0.0900345,-0.0798772,-0.0137741,-0.0191328,-0.0342634,-0.0210524,-0.00603055,1.02592,-0.0153229,-0.0588308,-0.334775,0.0339657,1.23811,0.115389,-0.00643014],[-0.0761725,-0.111805,-0.445285,0.124046,0.114416,-0.323093,0.275856,-0.0538785,-0.328302,-0.15116,0.057737,0.0731585,0.0676259,0.0816797,0.0437349,-0.026798,1.07803,-0.0811309,0.145621,0.00589777,-1.02309,-0.221303,0.0979835],[0.431249,0.252305,0.165811,0.617596,0.820354,0.297975,0.00698827,-0.0135625,-0.0131107,0.399892,-0.0324631,0.0252663,-0.0119375,0.0169661,0.0202991,0.308877,0.0690813,0.298355,0.043253,0.0164805,3.50835,0.0831823,0.00497937],[-0.28997,-0.47422,0.062919,0.0833131,-0.593667,-0.261966,-0.0661102,-0.00652463,-0.0761353,0.271599,-0.121497,0.0207572,-0.0281049,-0.0132365,0.0143621,-0.224401,-0.108387,0.0101989,1.04363,-0.0341273,-1.15835,0.210577,0.0211964],[-0.179671,-0.102597,-0.365878,-0.153589,-0.54613,-0.0114049,-0.873505,0.083486,0.0694369,-0.175612,0.0162102,-0.137275,-0.0418904,-0.170512,-0.067198,-0.204374,-0.284122,-0.0717469,-0.29763,0.416303,-4.10971,0.190984,-0.126832],[0.0153343,0.0246355,0.0530383,-0.00933189,0.00344946,0.0090425,-0.00668445,-0.00228063,0.0404375,0.00532387,0.00161232,-0.000652981,-0.000933785,0.00136517,5.90847e-05,0.0146423,0.0104859,-0.0068975,-0.0206224,-0.00283253,-0.307979,-0.0111788,-0.0031582],[0.0427797,0.081068,0.0691026,0.0437676,0.154506,0.0974628,0.109495,0.0282312,-0.0970195,0.107516,-0.0207354,0.0398192,0.00808922,0.0724629,0.0248639,0.0743343,0.0551318,0.0378581,0.0310751,0.0319542,-0.113974,0.937489,0.0387557],[-0.268078,-0.456134,-0.206974,-0.0796923,-0.570667,-0.501599,-0.144903,0.0574373,0.369349,0.431425,-0.0860727,0.0236677,-0.0239379,0.0802761,0.108076,-0.257358,0.107053,-0.355768,0.291845,-0.0987692,-2.35802,-0.466635,1.07157],[-0.0377001,0.030191,-0.13358,-0.170719,-0.202137,-0.167813,0.122947,0.00864906,-0.106783,-0.083968,0.0186421,-0.0116205,0.0148108,-0.023609,0.0132142,-0.0573044,0.0035147,0.0577871,-0.129102,0.0181121,0.17583,0.107101,-0.00923903],[0.0139107,0.136541,0.0176424,0.060034,0.0232477,0.0188971,0.063431,0.0229334,-0.0816721,0.0153316,0.0104201,-0.00586557,0.0156759,-0.0138533,0.00662404,0.0117527,-0.00988352,-0.0158249,-0.0499215,0.00965696,0.127128,-0.0814562,0.00224858],[-0.0148173,-0.0556001,0.130385,0.014974,-0.13371,-0.139837,0.0379832,0.0100835,-0.0156159,0.058159,0.0113551,-0.007642,-0.00758639,-0.0173944,-0.0225229,-0.0266466,-0.00739962,0.00616642,-0.00227736,0.0114539,-0.228913,0.0205843,-0.0125479],[-0.0101311,-0.0414743,-0.178642,0.290821,-0.0543912,0.0415417,0.000275076,0.0127698,-0.0472543,-0.0541202,0.0564424,-0.0075574,0.0109049,-0.00473815,-0.0111048,0.00766571,-0.00544087,-0.0314368,-0.0722468,-0.013299,0.403443,-0.00902363,-0.0048847],[-0.0169982,0.0133538,-0.0320183,0.0252089,0.0253036,-0.0941195,0.0294179,-0.00781339,0.0171948,-0.0124594,-0.00996049,-0.00471365,0.00383046,0.00201567,0.00839455,0.00972241,0.0339904,-0.00853347,-0.0237629,0.00771359,0.288696,-0.0305728,0.00451294],[-0.0097033,-0.0169337,0.039854,0.00638761,-0.0218954,0.0566372,0.0163111,0.00596872,-0.00760337,-0.0393431,0.0103957,0.000405916,-0.0136662,0.00455315,-0.0142624,-0.028737,-0.0134418,-0.0250853,-0.017961,-0.00860982,-0.110023,0.0295438,0.00250744],[0.0243937,0.00663965,0.0458491,-0.00955484,-0.0352061,0.0301772,0.315838,0.000214206,-0.132941,-0.0290141,0.00197476,0.000664266,0.0134744,0.0101654,0.0207043,0.0225257,0.122714,-0.0133561,-0.0592415,0.12143,1.08357,0.0471542,0.00218682],[0.274126,0.516491,-0.754229,-0.0536624,0.237894,0.319878,0.0124297,0.010986,-0.00592561,-0.350048,-0.113844,0.00209612,-0.0037017,-0.0299962,0.0876985,-0.011473,0.0298696,0.0130759,-0.102851,0.0122048,-1.653,-0.378626,0.0185695],[-0.00769174,-0.0205952,0.147374,0.0383917,-0.0271749,-0.13282,-0.0399273,-0.0101897,0.100125,0.0283453,-0.0400898,0.0191039,0.00310942,0.0282324,0.0269698,0.0212769,-0.0476544,0.0307575,0.00957914,-0.0343169,-0.459702,0.057178,0.0260975],[-0.0940179,-0.0737976,-0.268142,0.0388795,-0.1647,-0.275415,0.00897708,0.0263091,-0.0189225,-0.178334,0.0389277,0.000652584,-0.0146467,-0.00405126,-0.0207572,-0.0733106,0.00159092,-0.0147669,0.0731554,0.0160337,0.0720118,0.00394655,-0.00743648],[0.0925201,0.195853,0.148872,-0.522239,0.296453,0.135077,-0.0654931,-0.0191893,-0.102724,0.118857,-0.24666,0.127534,-0.0521436,0.0736252,0.00691926,0.0518993,-0.0102305,-0.0129741,-0.075686,-0.0402424,-0.449488,-0.24229,0.0326439],[-0.0683211,-0.157787,-0.235425,-0.348279,-0.466752,-0.29453,-0.0294456,-0.0940225,0.153808,-0.0288041,-0.0742753,-0.151245,0.00933411,-0.0630623,0.0754324,-0.0470985,0.11965,0.249337,0.0474667,-0.0184874,0.633205,0.525108,-0.0378107],[-0.000696022,-0.0204184,-0.0364648,0.083903,0.379724,0.103777,-0.281802,0.156162,-0.210107,0.480552,0.0648158,-0.0118088,-0.059856,-0.0626949,-0.099829,-0.103974,-0.156481,-0.018632,-0.0743388,-0.0356036,-0.618171,-0.124732,0.0228116],[-0.188149,-0.0218718,-0.202964,-0.118296,-0.634421,-0.512234,0.0304329,-0.0289488,0.112276,0.152276,-0.0067988,-0.185762,0.0512947,-0.159355,0.0387686,-0.255087,0.148115,-0.208494,-0.000711657,0.0328597,-0.456531,0.123621,-0.151622],[-0.116287,0.0267011,0.666585,0.0660604,-0.168588,0.0732857,0.186755,-0.0016085,-0.0457806,-0.0909819,0.211049,-0.10702,-0.0392699,-0.112251,-0.152545,-0.304474,0.0495336,-0.0596406,-0.0226301,-0.0167808,0.124331,-0.0309725,0.0237923],[-0.0984151,-0.0141068,-0.0851623,-0.100538,-0.625884,-0.179024,-0.0453234,0.0349384,0.0142664,0.0493811,0.0153183,-0.00380139,0.00499123,0.00835301,-0.0166473,-0.0773478,0.0287336,0.0919356,0.172415,-0.00899231,-1.26611,0.0470776,-0.0157548],[0.0578242,0.16646,0.378416,-0.0837073,-0.0279086,0.231588,-0.0295342,0.0553259,-0.0524706,-0.0333394,-0.0217205,-0.0512699,-0.0186421,-0.0389785,-0.0127167,0.0187016,-0.0724474,0.0551311,-0.0679392,0.00939691,0.298659,0.0527308,-0.0430914],[-0.267134,-0.248368,-0.305926,-0.432838,-0.368465,-0.0228402,0.151952,0.0216684,-0.00943204,-0.540845,0.0648705,0.0163977,0.0311207,0.0251059,0.0333955,-0.371043,0.038883,0.135807,0.290574,-0.0057055,-0.413496,-0.0623816,-0.00719583],[0.267631,0.346319,0.0779204,-0.0203841,0.713228,0.488165,0.0750724,0.00467184,0.0256899,-0.452914,0.0796192,-0.0206238,0.0248371,-0.00656036,0.00434939,0.164123,0.164098,-0.047651,-0.151405,0.033058,1.20265,-0.0753163,-0.0282895],[0.0387999,-0.0419081,0.726015,0.066658,-0.0895226,-0.27523,0.913475,0.0301123,-0.491445,0.0624263,0.02136,0.00442644,0.089384,0.0481188,0.0938912,0.0561098,0.323245,-0.0902694,-0.13511,0.377296,3.31868,0.0174602,0.102447],[0.00199978,0.000269353,0.0147887,0.00370867,-0.000916185,0.00305943,-0.0133698,0.00178105,-0.000574535,0.0126706,-0.00415588,0.000251766,-0.00274451,-0.000177344,-0.000873693,0.00277608,-0.0160001,0.00735739,-0.00675999,0.000465092,-0.43053,-0.00561937,-0.00309471],[-0.0379838,-0.0246831,-0.0972898,-0.0315266,-0.218119,-0.135197,-0.0945143,-0.0148087,0.148937,-0.0642358,0.020809,-0.038425,-0.00636158,-0.0574697,-0.0207403,-0.0342352,-0.0454721,0.0174178,-0.013028,-0.0145041,0.0502919,0.0100639,-0.0270723],[0.22235,0.352349,-0.167971,-0.153556,0.407403,0.22099,0.0271875,-0.0818497,-0.0573951,-0.264232,0.00894664,-0.0338702,0.0371919,-0.0396457,0.007391,0.312424,-0.0315279,-0.0253705,-0.0198363,0.0958148,0.154063,0.316274,-0.0986819],[0.0164007,0.0628903,0.0579751,-0.0580871,-0.271955,-0.110117,-0.199817,0.00990608,0.0466783,0.0151362,-0.0191898,-0.0269622,-0.0320255,-0.035737,-0.0341063,-0.0440633,-0.142871,0.0849555,0.0296939,-0.0517165,-0.855409,0.0603181,-0.0324001],[0.0447875,0.164071,0.104539,-0.0266637,0.0540186,0.0132261,-0.0415685,-0.0121053,0.0894181,-0.00277548,0.0130354,-0.0186965,-2.01176e-05,-0.0199243,-0.0094214,0.0357732,-0.0185045,-0.0305143,-0.0700535,-0.00101439,0.131949,-0.0879012,-0.0132972],[-0.0260101,-0.0491209,0.082051,0.00471831,0.0257966,0.0193894,-0.0229751,-0.000424872,0.0115197,-0.054397,0.0151949,-0.00348882,0.00702126,-0.000271047,0.00701975,-0.00811131,-0.0186196,0.00767268,-0.00743145,-0.0100469,0.210028,0.03882,-0.0075192],[-0.0825425,-0.176475,-0.0651403,0.17972,-0.162878,-0.336622,-0.0532578,0.0155869,0.0581524,0.190215,-0.00265506,-0.0338276,0.00764306,-0.0330154,-0.0170226,-0.0841906,-0.0309173,0.0388567,0.00840134,-0.0154864,0.0603347,0.129256,-0.013668],[0.00969637,-0.000647792,0.0273964,0.0293351,0.0185688,-0.0157756,-0.0015083,-0.00438743,-0.000239856,0.0260065,-0.00780257,-0.000509068,-0.00519671,-0.00834738,0.000135236,-0.0069511,-0.0168619,0.00759901,0.0296389,-0.00571508,0.089487,-0.0182377,-0.00515606],[-0.00644527,-0.0237487,-0.0203038,-0.00515686,-0.00600519,0.0408463,-0.032537,0.00866462,0.0220232,0.0163068,0.0170196,0.00476982,-0.0142722,-1.5113e-05,-0.0183746,-0.0050889,-0.0192308,-0.0248181,-0.00579856,-0.00492222,-0.387763,-0.00107598,0.00421307],[0.00183888,-0.0329955,-0.121863,0.0183137,0.0573615,-0.0934902,-0.0503467,-0.013379,0.0473912,0.00698817,-0.0117748,0.00761873,-0.00633639,0.0119334,0.00431808,0.0310125,-0.0406275,-0.0115946,-0.0463252,-0.0183599,0.185468,0.0440507,-0.00311905],[-0.0807461,0.0342237,-0.00230674,0.0437029,-0.716556,-0.472533,-0.288557,-0.00125634,0.150197,0.559482,0.000290531,-0.00352315,0.00296242,0.0127166,0.00937121,0.0283319,-0.207418,-0.146267,-0.229041,-0.108531,-2.62712,-0.328309,-0.00768761],[-0.0510136,-0.0710651,0.120167,0.0133567,-0.150217,0.0507436,0.0593741,0.00853335,0.00190129,0.0151614,-0.0120615,0.00766141,0.0276014,0.00722943,0.0309037,-0.0439996,0.0758126,0.0170625,-0.00761245,0.0174297,1.20783,0.0707658,-0.000622289],[0.0496057,0.12004,0.0513995,-0.0761426,0.0465348,0.147135,0.0311556,-0.0378246,0.000445389,0.0858259,-0.0136208,-0.000638849,0.00226617,-0.00324517,0.000206076,0.0309485,0.00576139,-0.0306787,0.0209501,6.12151e-05,0.259023,-0.0565485,-0.00624489],[-0.266213,-0.356935,-0.192471,0.025378,-0.481919,-0.118502,-0.0110865,-0.0421331,0.107359,0.113158,0.053293,-0.00443017,0.00939664,0.0247177,-0.0144006,-0.18267,0.0288387,0.255082,0.164817,0.000396741,-0.836526,0.263754,0.00120516],[-0.0877288,-0.104581,-0.112067,-0.0428423,-0.230508,0.0927819,0.156204,0.0171203,-0.0537821,0.147578,0.015508,-0.0627816,0.0119233,-0.0574462,0.0208798,-0.0505044,0.01744,0.302841,0.0197821,0.0054782,1.53408,-0.0502727,-0.00558328],[0.0370307,-0.143985,0.100092,-0.0411099,0.320095,0.249086,-0.279361,-0.0297665,0.222186,-0.663394,-0.022621,-0.0340913,0.000564406,-0.0354912,-0.00616707,0.0650383,-0.0843986,-0.0560786,-0.343252,-0.036509,-0.12286,0.175351,-0.0478834],[-0.0819486,-0.127227,-0.368746,0.192648,0.0367303,0.138824,0.0595065,0.0446922,-0.0186477,-0.0374873,-0.0280061,-0.0404702,0.0246434,-0.0560558,0.0536181,-0.0475281,0.0648769,-0.0918645,-0.0532529,-0.0250505,1.10308,-0.145796,-0.0475585],[0.0249977,-0.0272564,-0.194942,-0.0662742,0.160569,0.0581712,0.0612185,-0.00824818,0.0947394,-0.356797,-0.109516,-0.020669,-0.0165732,-0.0145035,0.037617,0.0101684,0.0180144,-0.170753,-0.176971,0.00448357,-0.798129,0.0605626,0.0213531],[0.0362074,0.0884202,-0.180705,0.185566,-0.0471163,-0.38772,-0.0611918,0.00139317,0.0753815,0.0292649,-0.00137839,0.0229944,0.0287274,0.0127887,0.0222099,0.049523,-0.0140361,-0.0292494,0.162465,-0.0256754,0.0264501,-0.162329,0.0218682],[0.0166201,-0.0550629,0.067957,-0.0419914,-0.0897377,0.0906204,-0.24862,-0.00152102,0.379345,0.182695,-0.0358876,-0.0213527,-0.0491044,-0.0422635,-0.0310648,0.00631679,-0.00748815,0.0329475,-0.0737262,-0.0165637,0.726759,0.165864,-0.0550109],[-0.204142,-0.0258515,0.118856,-0.20528,-0.619921,-0.34236,-0.191408,0.00639948,0.0251382,0.231871,-0.0469023,-0.0504548,-0.0248592,-0.0476075,-0.0561484,0.0109752,-0.13997,-0.245179,-0.275092,-0.0263639,-3.29572,-0.00277764,-0.000301823],[0.128578,0.211428,0.14002,-0.00681552,0.025822,0.0212876,0.0854334,-0.00364927,-0.0309126,0.133993,0.0335878,8.67624e-05,0.00979535,0.015579,-0.0101604,0.0952166,0.0180944,0.0996233,-0.297938,0.00899379,0.215477,-0.130773,0.00968836],[-6.28755e-05,-0.0556228,-0.0802893,0.0505066,-0.108007,-0.108775,-0.102278,0.00209748,0.0864866,0.267735,-0.0329355,-0.00540494,0.0481753,-0.00247911,0.0660409,-0.024333,0.0147448,-0.0118712,-0.00564378,-0.0357156,-0.116308,0.0348518,0.0136223],[0.0033959,0.0034415,0.0191172,-0.00387937,0.00832961,0.0113267,-0.0231363,0.00189406,0.0121426,-0.00346039,-0.00347715,-0.000502131,-0.00115995,-0.000391354,0.000562872,0.00417161,-0.0130885,0.000653122,-0.00623134,-0.00685436,-0.194167,-0.0106005,-0.00174407],[-0.0264152,-0.0521659,-0.106891,-0.0381269,0.0200662,0.0260034,-0.0252329,4.49637e-05,-0.056079,-0.0814514,0.00996329,-0.0081853,0.00197865,-0.0217698,-0.00579204,-0.0530002,-0.0132402,-0.00384573,0.0353115,-0.0136792,-0.0824747,0.0363671,-0.023917],[0.114218,0.331807,-0.0258412,0.120489,0.449938,0.649619,0.0758436,0.0335098,-0.481164,-0.206584,-0.0669087,0.0158296,-0.0478623,-0.0191385,-0.0563011,0.0928204,-0.103332,0.242451,-0.130089,0.000374695,1.16624,-0.075242,-0.0625977]],"sigmahat":[[0.196962,0.253909,0.214387,-0.00740057,0.334282,0.270118,0.0243681,-0.0184401,-0.0169807,-0.0262301,-0.0057449,0.0120073,0.00332752,0.00761473,0.0100033,0.126442,0.0173264,-0.0243654,0.0109783,0.00175896,-0.0272353,-0.0900588,0.00871167],[0.253909,0.669874,0.0171586,-0.0759995,0.183884,0.267109,0.0422774,-0.0470456,-0.0684894,-0.013211,-0.00316282,-0.0134156,-0.000339176,-0.0228664,0.0018253,0.1711,0.0361318,-0.0389186,-0.0756456,-0.003865,-0.22631,-0.329565,-0.0143498],[0.214387,0.0171586,1.67924,0.0121208,0.523839,0.400781,0.058819,0.00469088,-0.029038,-0.0267589,0.0190469,0.042386,0.0173473,0.0373228,0.0213195,0.134365,0.0326874,-0.0530532,0.0755828,0.00997684,0.412854,0.0103831,0.0257358],[-0.00740057,-0.0759995,0.0121208,0.321074,0.0530374,-0.142834,0.00356542,0.0154799,0.0476203,0.046163,-0.00390057,-0.0046966,0.00097648,-0.00378346,-0.00389984,0.015295,0.00306408,-0.014028,0.0491102,0.00397075,0.240193,0.00894896,0.00894244],[0.334282,0.183884,0.523839,0.0530374,1.77047,0.912231,0.0636722,-0.0218764,-0.0554059,-0.401266,0.00678097,0.0754628,0.0251919,0.0859115,0.0457019,0.339156,0.0508774,-0.0982634,0.0358029,0.0295486,0.472758,-0.144491,0.0532114],[0.270118,0.267109,0.400781,-0.142834,0.912231,1.43185,-0.00820846,-0.0256745,-0.0151726,-0.241467,-0.000509824,0.0312622,-0.013078,0.0329884,-0.0019202,0.202441,0.0329965,-0.043424,0.0657951,-0.00179426,0.493174,-0.137051,0.00195183],[0.0243681,0.0422774,0.058819,0.00356542,0.0636722,-0.00820846,0.302298,-0.00963049,-0.180354,-0.00259653,0.0116245,0.0159619,0.0290433,0.0175345,0.0288603,0.0141223,0.131084,-0.0277289,-0.00461972,0.0817867,1.12085,-0.046526,0.0236832],[-0.0184401,-0.0470456,0.00469088,0.0154799,-0.0218764,-0.0256745,-0.00963049,0.0302851,-0.00051087,0.0114746,0.00388056,-0.00326289,-0.000350371,-0.00365414,-0.00377089,-0.0200262,-0.002146,0.0087079,0.0120305,-0.00163431,-0.117841,0.0301136,-0.00361862],[-0.0169807,-0.0684894,-0.029038,0.0476203,-0.0554059,-0.0151726,-0.180354,-0.00051087,0.405018,0.0708197,-0.00717752,-0.0159342,-0.020933,-0.0122655,-0.0263693,-0.00403907,-0.0638824,0.00824472,-0.00492976,-0.0284088,-0.813631,0.0432608,-0.00905281],[-0.0262301,-0.013211,-0.0267589,0.046163,-0.401266,-0.241467,-0.00259653,0.0114746,0.0708197,0.72307,-0.00571478,-0.0207285,0.0306006,-0.0277863,0.0136159,-0.0758387,-0.0133058,0.0140196,-0.0223262,0.0143065,-0.395586,0.0242582,0.00160841],[-0.0057449,-0.00316282,0.0190469,-0.00390057,0.00678097,-0.000509824,0.0116245,0.00388056,-0.00717752,-0.00571478,0.0472383,-0.00202695,0.0133831,-0.00355066,-0.00578417,-0.00314066,0.0111697,-0.0141995,-0.00680601,0.00723199,0.0859562,-0.0211218,0.00223203],[0.0120073,-0.0134156,0.042386,-0.0046966,0.0754628,0.0312622,0.0159619,-0.00326289,-0.0159342,-0.0207285,-0.00202695,0.0217281,0.00380756,0.0228404,0.00848226,0.0204808,0.000117684,-0.00129229,0.00102247,0.0046644,-0.000836729,-0.0072029,0.0150524],[0.00332752,-0.000339176,0.0173473,0.00097648,0.0251919,-0.013078,0.0290433,-0.000350371,-0.020933,0.0306006,0.0133831,0.00380756,0.0293919,0.0057246,0.0245796,0.00300341,0.019956,-0.00924896,-0.00119954,0.0097935,0.183314,-0.0178915,0.00571492],[0.00761473,-0.0228664,0.0373228,-0.00378346,0.0859115,0.0329884,0.0175345,-0.00365414,-0.0122655,-0.0277863,-0.00355066,0.0228404,0.0057246,0.0327751,0.0127765,0.025402,0.00219553,0.00394804,0.000163566,0.00758474,-0.0894858,-0.00546948,0.0199328],[0.0100033,0.0018253,0.0213195,-0.00389984,0.0457019,-0.0019202,0.0288603,-0.00377089,-0.0263693,0.0136159,-0.00578417,0.00848226,0.0245796,0.0127765,0.0355607,0.0102393,0.0199946,-0.00469839,-0.00190342,0.00577594,0.151931,-0.0119987,0.00675375],[0.126442,0.1711,0.134365,0.015295,0.339156,0.202441,0.0141223,-0.0200262,-0.00403907,-0.0758387,-0.00314066,0.0204808,0.00300341,0.025402,0.0102393,0.154907,0.00499066,-0.0347651,-0.0387718,0.002965,-0.0530774,-0.0966958,0.0181419],[0.0173264,0.0361318,0.0326874,0.00306408,0.0508774,0.0329965,0.131084,-0.002146,-0.0638824,-0.0133058,0.0111697,0.000117684,0.019956,0.00219553,0.0199946,0.00499066,0.122729,-0.0263128,-0.00122187,0.0429322,0.661064,-0.0126106,0.00223165],[-0.0243654,-0.0389186,-0.0530532,-0.014028,-0.0982634,-0.043424,-0.0277289,0.0087079,0.00824472,0.0140196,-0.0141995,-0.00129229,-0.00924896,0.00394804,-0.00469839,-0.0347651,-0.0263128,0.158407,0.0845213,-0.00807134,-0.321365,0.0582039,-0.000853983],[0.0109783,-0.0756456,0.0755828,0.0491102,0.0358029,0.0657951,-0.00461972,0.0120305,-0.00492976,-0.0223262,-0.00680601,0.00102247,-0.00119954,0.000163566,-0.00190342,-0.0387718,-0.00122187,0.0845213,0.480661,-0.00225743,-0.408934,0.065468,0.00134463],[0.00175896,-0.003865,0.00997684,0.00397075,0.0295486,-0.00179426,0.0817867,-0.00163431,-0.0284088,0.0143065,0.00723199,0.0046644,0.0097935,0.00758474,0.00577594,0.002965,0.0429322,-0.00807134,-0.00225743,0.0434732,0.262621,-0.00223185,0.00973549],[-0.0272353,-0.22631,0.412854,0.240193,0.472758,0.493174,1.12085,-0.117841,-0.813631,-0.395586,0.0859562,-0.000836729,0.183314,-0.0894858,0.151931,-0.0530774,0.661064,-0.321365,-0.408934,0.262621,23.8497,0.0692095,-0.0131601],[-0.0900588,-0.329565,0.0103831,0.00894896,-0.144491,-0.137051,-0.046526,0.0301136,0.0432608,0.0242582,-0.0211218,-0.0072029,-0.0178915,-0.00546948,-0.0119987,-0.0966958,-0.0126106,0.0582039,0.065468,-0.00223185,0.0692095,0.499612,-0.00988395],[0.00871167,-0.0143498,0.0257358,0.00894244,0.0532114,0.00195183,0.0236832,-0.00361862,-0.00905281,0.00160841,0.00223203,0.0150524,0.00571492,0.0199328,0.00675375,0.0181419,0.00223165,-0.000853983,0.00134463,0.00973549,-0.0131601,-0.00988395,0.0239247]],"n":23,"lags":3}