{"betahat":[[-0.0885942,-1.33376,-0.239589,1.08,-0.666154,-1.46749,-0.113059,0.061847,-0.160233,-0.0761033,0.000399743,7.17842,0.105621,-0.0114173,3.61822,0.821044,0.408912,-0.00207261],[0.857588,0.069427,-0.0854932,-0.261628,0.273861,0.57202,-0.119181,-0.0563354,0.0161277,0.0331065,-6.19149e-06,0.0736455,0.00120528,-0.0824391,1.4585,-0.0333166,-0.301396,-0.0340258],[-0.0653874,0.95778,-0.125018,-0.0959008,-0.0628291,0.0744806,0.0649415,0.00176375,-0.0112123,0.0283122,-0.000162179,-0.047511,0.041961,0.0429238,-0.367189,-0.28602,0.219427,-0.000342166],[-0.0319107,0.0196108,0.740767,0.0761803,-0.116226,-0.26369,-0.0662702,-0.00257992,-0.00311792,-0.00486886,0.000130719,0.248877,-0.00653027,0.00652401,-0.641711,-0.109712,-0.249562,0.000970067],[0.133943,0.413321,0.175642,0.87306,-0.0146796,0.0753444,-0.0798703,-0.0349754,-0.040801,-0.0502381,-0.000241184,-0.521809,-0.0600676,-0.0622415,0.0983748,0.30593,-0.222523,-0.0348657],[-0.0256436,-0.0693943,-0.0753654,0.0378539,0.744888,-0.239793,0.0887495,-0.00432297,0.00542082,-0.0147582,0.000168588,-0.678134,-0.0375999,-0.0296138,0.025869,-0.131328,0.153645,0.00675641],[0.097209,0.0642377,0.266053,-0.0309557,0.165502,0.971156,-0.0141783,-0.0252383,0.0037385,-0.00394152,-0.000154673,0.191675,-0.0037354,0.00925169,-0.130189,0.0439222,-0.0834638,0.00987149],[0.0298183,0.130019,0.0211547,-0.0544676,-0.222974,0.0357971,0.858892,-0.0161427,0.0314334,0.0187706,0.000581316,-3.01503,0.0154307,0.0168246,-0.494192,-0.143454,-0.711713,-0.00057791],[0.00448834,-0.712712,-0.233472,0.624138,-0.966498,-0.443183,-0.0944072,0.866387,0.0397816,0.259361,-0.000192351,-4.61731,0.246274,0.0543953,5.30172,1.00913,-0.187725,0.0263258],[-0.0504119,-0.192714,0.381229,0.258284,-0.586364,-0.257875,-0.272195,-0.042609,1.20149,-0.0520467,0.0011291,-2.65728,-0.0319481,-0.0193001,-0.463076,-0.258661,-1.46927,0.177929],[0.0805051,-0.297024,0.142359,-0.0559787,-0.678316,-0.247339,0.174264,0.0121808,0.156858,1.08394,0.00207069,5.41022,0.00684154,-0.0380434,1.66643,-0.160213,0.895498,0.102013],[9.54272,-10.9426,22.8853,-7.66416,23.1343,5.00172,-8.21086,-0.744144,1.44926,8.69724,0.918069,519.775,10.8976,9.08769,21.421,38.1478,119.189,3.96145],[-0.00238234,-0.00628474,0.00895059,-0.00847465,-0.0130838,-0.00539916,-0.00472711,-0.000437026,-0.00248662,-0.00130265,3.29603e-05,1.04716,0.00149839,0.00109123,-0.01767,-0.00899669,-0.00642359,0.00107836],[-0.00033195,0.0688781,-0.176136,-0.553884,1.34273,0.521684,-0.241789,0.0230732,0.0566669,-0.0298457,-0.00184687,-4.36062,0.957587,-0.00505947,-0.518137,0.38131,0.0203952,0.00907949],[0.199792,0.0240355,1.61703,-0.0574613,-0.225335,0.612784,-0.274217,0.0204609,-0.0540144,-0.00156312,0.000274411,-11.2654,0.0255875,1.10067,-2.1217,-0.042587,-1.08099,0.0110227],[0.021026,0.0234777,0.069793,0.0154868,0.0147953,0.0499546,-0.00177096,-0.00617918,-0.00117344,0.00932456,3.25194e-05,-0.134827,0.0132156,0.00807615,0.945114,-0.0106652,-0.00236937,-0.00352142],[0.0951486,0.196404,-0.00747053,0.0152134,0.214477,0.127423,0.0726135,-0.00586323,0.0141414,-0.00386423,-0.000200862,1.05815,-0.00168252,0.00881665,0.191664,0.671975,0.0517473,0.0264456],[0.00540374,0.0568093,-0.0753196,0.0176169,0.104021,0.0987616,0.185202,-0.00392813,0.0112872,0.0110318,-0.000378077,0.494022,-0.00282653,0.012843,-0.285507,0.0507157,0.445697,0.00626818],[-0.109635,0.122668,-0.704389,0.26771,0.0170011,-0.682587,0.656961,-0.0364961,0.104756,0.0780444,-0.00230809,11.0546,0.175046,-0.0131486,3.22338,0.818247,2.05787,1.14771],[0.160533,-0.14528,0.219014,0.115771,0.0405213,-0.294322,0.0924815,0.0524756,-0.00773056,-0.0244777,-0.000122337,-0.375421,-0.00233436,0.0417281,-0.938792,0.0874336,0.224733,0.0201234],[0.0667455,0.0239733,0.113395,0.0962197,0.115469,-0.0435038,-0.0245018,0.000104381,0.0108954,-0.0103122,0.000115959,0.662444,-0.0153316,-0.0239977,0.398813,0.195263,-0.0296054,0.00646116],[0.0102138,-0.0599647,0.0940803,-0.0832269,0.102015,0.0631996,0.0263945,0.0150247,0.000854059,-0.0136521,8.70054e-06,-0.052853,-0.0205654,-0.0302429,0.649218,0.0983386,0.136602,-0.00808883],[-0.042186,-0.205691,-0.0853349,0.037223,-0.00150888,0.0440479,0.0653546,0.0220837,0.0295879,0.0174271,-0.000113215,-0.0570677,0.0441445,0.0335409,-0.449694,-0.261417,0.165625,0.0287707],[0.0320043,0.0188348,0.0759466,-0.0372469,0.19992,0.261259,-0.0438534,0.00476728,0.00105615,0.0229752,-0.00013029,0.820209,0.0433123,0.0253255,0.289196,0.176006,-0.0531789,-0.00547914],[-0.058097,-0.064149,-0.209422,0.0894444,-0.167378,0.0487439,0.0175126,0.0234132,-0.00284556,0.0169311,0.000289485,-0.127709,0.0129378,0.00949092,0.00134317,-0.0362052,0.0698484,-0.00550314],[-0.0164849,-0.0099823,-0.0551473,0.01451,0.174089,0.0823231,-0.0902414,0.00870528,-0.00974037,0.00536134,-4.24189e-05,0.579108,0.0211609,0.0247695,0.225862,0.0807656,0.21586,0.00953753],[-0.472717,0.267947,-1.52037,0.0836859,-0.192612,-0.869027,0.233874,0.154647,-0.0501558,-0.0206544,-0.000627776,11.1393,-0.0747956,-0.092744,-0.765787,-0.149852,0.521784,-0.0670807],[0.018586,0.0476328,-0.153892,-0.182736,0.376331,-0.0716478,0.103638,0.0573576,-0.190254,0.00295974,-0.000165105,1.90561,0.0123424,0.0423274,-0.531384,0.043824,1.14976,-0.103818],[-0.0118459,0.10833,0.343446,-0.0733814,0.292743,0.336145,-0.0527545,-0.0405377,-0.0355537,-0.128449,-0.00189766,-3.18242,-0.0524056,-0.0219146,-2.34073,-0.0564584,-1.13748,-0.0202899],[-0.369672,27.9381,-15.056,-14.6037,-2.6712,-15.5409,29.0654,-0.866066,-1.36729,-9.38945,-0.0792667,-193.388,-14.1014,-11.9631,13.8861,-25.3339,-63.2531,-5.75551],[0.00306411,7.76038e-05,-0.00328959,0.00787726,0.0176735,0.00937086,0.00340015,0.00139836,0.00138782,0.000636388,-1.21926e-05,0.0207134,-0.000431756,-0.00123838,0.045321,0.0152489,0.00940776,-0.000691979],[0.00154111,-0.109438,0.27217,0.344369,-1.09169,0.0442851,0.182263,-0.0116783,-0.0118715,-0.0414551,0.000947747,-0.530992,-0.00943596,-0.0111877,-0.721735,-0.206735,-0.310887,0.00202287],[-0.164157,0.0436533,-0.998245,0.0969802,-0.115825,-0.718601,0.291275,-0.0424369,0.0585161,-0.0336431,-0.00010014,5.53456,-0.0965708,-0.13124,1.66415,-0.169948,0.472275,-0.0182373],[-0.0144188,-0.00819176,-0.062794,-0.014295,0.00408275,-0.00684521,-0.00701706,0.00564238,-0.0011286,-0.0106415,-4.52824e-05,0.171889,-0.012445,-0.00605723,0.00621299,0.0191658,-0.0301091,0.000990886],[-0.00558842,-0.021752,0.0499636,0.0818236,0.0800033,0.222291,-0.0107439,0.00311039,-0.0130663,0.0130259,0.000358815,-0.155367,0.00295085,0.0069356,0.0671127,0.166761,0.183791,-0.00411527],[-0.0254195,0.0191253,-0.0854973,-0.043684,-0.0565955,-0.0852668,0.0429824,0.00534168,0.0168196,0.0146467,6.32231e-05,0.338332,0.00658795,0.0117488,-0.146689,-0.0700452,0.438139,0.0101657],[0.176738,0.197788,0.410255,-0.357202,0.314515,0.40429,-0.2787,0.0354292,-0.0631903,-0.0392939,0.0007938,-6.14244,-0.120659,0.00930033,-1.66101,-0.434181,-1.19888,-0.124229],[-0.0181345,0.0758368,-0.133533,0.14585,-0.314396,-0.277685,0.0267126,0.0038612,-0.0083955,-0.00862531,0.00012853,0.301872,0.00113322,0.0407142,-0.519758,-0.0541266,0.0767246,0.0139044],[-0.00136939,0.0182222,0.0116179,-0.000328773,-0.0526466,-0.0309569,-0.0404253,-0.00186666,0.000319617,-0.0179938,4.62118e-05,-0.614802,-0.0266226,-0.0189213,-0.0316726,0.0907475,-0.189751,-0.00611645],[0.0216738,0.0403297,0.165121,0.00704157,0.0141843,0.200486,0.0398879,-0.0124421,0.00226476,0.0185206,-0.000139402,-0.195934,0.0270938,0.0237175,-0.00758198,0.0113521,0.113029,0.00711962],[-0.0917762,-0.207666,-0.0903307,0.089714,0.0161756,-0.119375,0.0145417,0.0128973,0.0112162,0.0328206,0.000354415,0.579205,0.0159308,0.0287059,0.351298,-0.0445145,0.0570393,0.00609939],[-0.00638396,0.0505401,-0.000607922,-0.00060882,0.0551399,-0.0214753,-0.0448802,-0.000440857,-0.00647511,-0.00821434,-3.82852e-05,-0.142025,-0.00571099,0.00429054,-0.31514,-0.0446998,-0.100405,-0.001275],[-0.039141,-0.000130859,-0.0566601,-0.0584893,0.00183038,-0.0199178,-0.00331186,0.0018317,-0.000890267,-0.0129837,-0.00013478,-0.0637507,-0.00920205,-0.0187414,0.128803,-0.00773659,0.0137244,-0.00436557],[-0.0134505,-0.120108,0.0336917,0.0400161,0.0486984,-0.11829,0.23148,0.00747661,-0.0216791,-0.0240644,-0.000538445,2.43753,-0.0365169,-0.0415277,0.268793,0.0626627,0.49615,-0.00892475],[0.522444,0.468501,1.83221,-0.701421,1.28486,1.40871,-0.145199,-0.0357742,0.0130679,-0.229907,0.000817447,-6.57241,-0.157724,0.0510193,-4.46338,-0.800649,-0.317279,0.0436735],[-0.0548103,-0.0290805,-0.497947,0.0338623,-0.0385032,-0.130475,0.122109,0.0242357,-0.102714,0.041662,-0.000266104,1.15007,0.0229945,0.012388,0.696753,0.0985817,0.470769,-0.0742329],[0.0322489,0.268701,-0.221151,0.0626483,0.647964,0.175098,-0.130868,-0.00740007,-0.0987702,0.00957843,-9.15988e-05,-2.629,0.0297669,0.0455123,0.729292,0.282046,0.110274,-0.0679118],[-9.17306,-16.9955,-7.82913,22.2678,-20.463,10.5391,-20.8545,1.6102,-0.0819669,0.692214,0.161198,-326.387,3.20376,2.8754,-35.3071,-12.814,-55.9355,1.79406],[-0.00113208,0.00626785,-0.00666136,0.000424623,-0.00483431,-0.00438309,0.00138065,-0.000920485,0.00104527,0.000457397,-1.70662e-05,-0.0813594,-0.00123825,0.000126652,-0.0285188,-0.00698984,-0.00339702,-0.000449945],[0.0148683,-0.00549957,0.0849599,0.186966,-0.0783544,-0.278876,-0.0169857,-0.00836426,-0.0227893,0.0385861,0.000770913,2.76955,-0.00652214,-0.0159723,0.917483,-0.140994,0.131613,-0.0201188],[0.0185646,-0.0464787,-0.513679,-0.0347372,0.420569,0.168076,-0.0419814,0.0100904,0.00513715,0.0334185,-0.000396969,5.58725,0.0640922,0.0129658,0.485262,0.235938,0.513549,0.00580737],[-0.00695762,-0.015573,-0.00735867,-0.0010273,-0.0194928,-0.0431754,0.00897216,0.000678262,0.00233047,0.00138722,1.32856e-05,-0.0374475,-0.000747807,-0.00194738,0.0475722,-0.00857561,0.0334679,0.00256681],[0.0119481,0.0932037,0.0996616,-0.0357509,-0.13658,-0.0911539,0.0243471,-0.0116583,-0.0112837,0.00893158,-0.000186426,0.344832,0.0155738,0.0181259,-0.372487,-0.0241846,0.12475,-0.00688277],[-0.011114,-0.0215703,-0.059721,-0.0410514,0.0491711,-0.0395092,-0.017042,-0.00144646,0.00314848,0.0087642,0.000112561,-0.105067,0.0034441,-0.010304,0.205738,-0.0299013,-0.0351528,0.00580681],[-0.0986526,-0.0779577,0.206484,-0.0037578,-0.553454,0.300161,-0.291453,0.00763728,-0.0453232,-0.0273618,0.000920748,-4.2183,-0.0545572,-0.0255341,-0.832238,-0.423568,-0.959154,-0.0617224]],"sigmahat":[[0.189082,0.21845,0.282077,-0.0448423,0.229807,0.164683,-0.0305338,-0.0213555,-0.00143095,0.0074329,-0.000257449,0.218807,0.0212658,0.0142643,-0.160838,0.0764784,-0.126359,0.0064013],[0.21845,0.81875,0.255559,-0.210918,0.179964,0.239615,-0.069655,-0.0572406,-0.00915581,-0.022598,-0.000629364,-0.138354,0.000649282,0.0164029,-0.706828,-0.0312884,-0.464514,0.000490447],[0.282077,0.255559,1.03326,-0.145225,0.396804,0.516734,-0.0727087,-0.0500948,-0.00900288,-0.00391869,-0.000611461,-0.650703,0.00758967,-0.00172947,-0.476453,0.106813,-0.244596,-0.00210654],[-0.0448423,-0.210918,-0.145225,0.345209,-0.135801,-0.130774,-0.0145343,0.0198212,-0.00664917,-0.0112909,0.000500551,-0.199478,-0.022509,-0.0116162,0.118442,0.00857703,0.115293,-0.00232245],[0.229807,0.179964,0.396804,-0.135801,0.971478,0.582371,-0.0561505,-0.0211019,0.00445823,0.0149781,-0.000568715,0.203669,0.0313088,0.0294831,-0.268532,0.225796,-0.00316891,0.00391917],[0.164683,0.239615,0.516734,-0.130774,0.582371,1.08115,-0.0605937,-0.0400036,0.0122376,-0.000604088,-0.000426512,-1.17306,0.0268011,0.032478,-0.737831,0.0923364,0.0443226,0.00497168],[-0.0305338,-0.069655,-0.0727087,-0.0145343,-0.0561505,-0.0605937,0.218105,0.00920346,0.00490938,0.0392758,-5.23361e-05,2.34097,0.0395061,0.0290704,0.333197,-0.0267975,0.46331,0.0136423],[-0.0213555,-0.0572406,-0.0500948,0.0198212,-0.0211019,-0.0400036,0.00920346,0.0114289,9.01277e-05,0.00114071,8.76479e-05,0.0255635,-0.00185484,-0.000731107,0.0634142,9.23112e-06,0.0463034,-0.000284437],[-0.00143095,-0.00915581,-0.00900288,-0.00664917,0.00445823,0.0122376,0.00490938,9.01277e-05,0.0106804,0.00508669,4.5741e-06,0.00734108,0.00371463,0.0018479,0.0184356,-0.00500962,0.000747043,0.00547032],[0.0074329,-0.022598,-0.00391869,-0.0112909,0.0149781,-0.000604088,0.0392758,0.00114071,0.00508669,0.0376126,-1.22408e-05,0.868317,0.038991,0.0291075,0.174664,0.0122379,0.112493,0.00775297],[-0.000257449,-0.000629364,-0.000611461,0.000500551,-0.000568715,-0.000426512,-5.23361e-05,8.76479e-05,4.5741e-06,-1.22408e-05,5.01823e-06,-0.00275646,-3.94701e-05,2.24424e-05,0.00125487,-6.59293e-05,0.000454504,2.38343e-05],[0.218807,-0.138354,-0.650703,-0.199478,0.203669,-1.17306,2.34097,0.0255635,0.00734108,0.868317,-0.00275646,80.7625,1.00781,0.382649,13.6373,0.713661,7.35759,0.18452],[0.0212658,0.000649282,0.00758967,-0.022509,0.0313088,0.0268011,0.0395061,-0.00185484,0.00371463,0.038991,-3.94701e-05,1.00781,0.0589885,0.0433834,0.117049,0.023858,0.114684,0.0122231],[0.0142643,0.0164029,-0.00172947,-0.0116162,0.0294831,0.032478,0.0290704,-0.000731107,0.0018479,0.0291075,2.24424e-05,0.382649,0.0433834,0.0482653,-0.11067,0.00114716,0.0817831,0.0102241],[-0.160838,-0.706828,-0.476453,0.118442,-0.268532,-0.737831,0.333197,0.0634142,0.0184356,0.174664,0.00125487,13.6373,0.117049,-0.11067,8.35448,0.613715,1.10503,-0.00621236],[0.0764784,-0.0312884,0.106813,0.00857703,0.225796,0.0923364,-0.0267975,9.23112e-06,-0.00500962,0.0122379,-6.59293e-05,0.713661,0.023858,0.00114716,0.613715,0.494413,0.0276243,-0.00224933],[-0.126359,-0.464514,-0.244596,0.115293,-0.00316891,0.0443226,0.46331,0.0463034,0.000747043,0.112493,0.000454504,7.35759,0.114684,0.0817831,1.10503,0.0276243,2.43396,0.0334222],[0.0064013,0.000490447,-0.00210654,-0.00232245,0.00391917,0.00497168,0.0136423,-0.000284437,0.00547032,0.00775297,2.38343e-05,0.18452,0.0122231,0.0102241,-0.00621236,-0.00224933,0.0334222,0.00932354]],"n":18,"lags":3}