{"betahat":[[0.00486888,0.0818781,-0.0638536,-0.0150633,0.012271,0.0114856,0.0385356,-0.094396,0.116587,0.157366,0.00542854,-0.0151717,-0.0403952,-0.00741697,0.414321,0.648719,0.0207976,0.175372,-0.0124263,-0.805679,0.873931,0.00372238],[0.0445025,0.161615,0.0123262,-0.0633552,0.12389,0.181087,0.0166162,-0.0150566,0.0381343,0.0328457,0.00446238,-0.0141397,-0.00785946,-0.0013389,0.00576041,0.00289833,-0.00221178,-0.0295217,-0.00766019,-0.483633,-0.196123,-0.00011242],[-0.0063776,0.0673728,-0.0527111,-0.0146301,0.0215067,0.0890781,0.0249189,0.00939913,-0.0248493,-0.047722,-0.00220157,-0.00429956,-0.0100568,-0.00643127,-0.0393141,-0.012792,0.0106362,0.039358,-0.0071335,-0.0600898,-0.0853764,-0.000482995],[0.00322021,0.0274916,-0.000130959,0.00838028,-0.0181358,-0.074212,-0.00169861,-0.00202422,-0.0642522,0.0340159,-0.00248049,0.00024724,0.0142003,0.00570408,-0.0192362,-0.00718137,-0.00821278,-0.0236727,0.00158124,0.0227301,-0.0242261,0.00607481],[0.0354237,0.023199,0.0870199,0.010997,-0.0232278,-0.0653126,-0.0595156,-0.0103519,0.323445,-0.0616114,-0.00873715,-0.022948,0.0155215,-0.0226767,0.0578005,0.0489262,0.0223313,-0.0522684,0.0127005,0.348616,0.156366,-0.0158297],[0.0071586,0.0065937,0.0121419,0.00345937,0.0103047,-0.020147,0.0410608,-0.00174617,-0.0980666,-0.0267694,-0.00148631,-0.0049807,-0.00864652,-0.0027808,0.00778693,0.0220921,-0.0126005,-0.0131847,0.00897029,0.0738923,-0.0989566,-0.00379189],[0.0269331,0.00536601,0.119622,-0.00542357,0.0771123,0.0927976,0.0291261,-0.00804218,-0.103523,-0.0878456,0.00111254,-0.00191982,0.0128791,0.00466318,-0.0296735,-0.00339686,-0.00875699,0.0184932,-0.00945347,-0.0236851,-0.0577964,0.00255134],[-0.0130997,-0.121394,0.0629425,-0.0316525,-0.0721702,0.0483733,0.0717569,0.0080115,-0.187689,0.0753772,0.0284516,0.0298667,0.0429529,0.0350635,-0.0792466,-0.0947078,-0.0590448,0.0330642,-0.00697724,-0.59362,-0.100426,0.0323827],[-0.00563692,0.0655809,-0.0862401,-0.175919,-0.0406634,-0.211805,-0.01502,0.5479,-3.73305,0.504945,0.0356464,-0.031016,0.0917335,-0.0316942,-0.11828,0.186207,-0.111824,0.411995,0.0253807,0.825074,-1.21843,-0.0262163],[-0.00154769,0.003137,-0.0113435,0.000790232,-0.00128273,-0.00333338,0.000229377,-0.00633867,0.182401,-0.0123522,-0.000856347,-0.000862013,0.00160131,-0.00108662,0.0109419,-0.00770544,0.00388467,0.0131482,-0.000707839,0.00397823,0.0725759,-0.00106058],[-0.00463271,-0.0192906,-0.0028709,0.009062,-0.0213473,-0.0247719,-0.00598432,0.00215777,0.0474406,0.104071,0.000113982,0.000550312,-0.00590091,-0.000107981,0.0105614,-0.0272896,0.0053417,0.0126967,-0.00147068,-0.0490768,0.0220096,0.000942691],[0.0349495,-0.0535562,0.159731,-0.0507372,0.00429868,0.0389675,0.0224408,-0.00485954,-0.244703,0.249139,0.0371582,0.0209723,0.050348,0.0275565,0.00970328,0.0165468,-0.0413441,-0.0969303,-0.00255796,-0.203728,-0.00141769,0.0224208],[-0.0484797,-0.054711,-0.0754646,0.0702129,-0.109327,-0.232196,-0.0332129,-0.00794775,-0.259984,0.283203,-0.0130732,0.0719278,-0.0322131,0.0486637,-0.0260141,-0.16065,-0.0823089,0.0395951,-0.0114134,-0.640574,0.00446649,0.0548254],[0.0370968,0.114799,0.090134,-0.075339,0.027631,0.0626726,-0.001499,-0.00545796,-0.124236,-0.0849968,0.00526334,0.00093187,0.0430734,0.00859138,0.0380902,0.0458468,-0.0140496,-0.0703931,0.001717,0.0893006,0.0216176,0.00309703],[0.00130644,0.0349653,0.0537033,-0.00120999,-0.105207,-0.143377,0.00256673,-0.0281369,-0.35636,0.216438,-0.00780436,0.0779081,-0.0135744,0.0713392,-0.0199006,-0.121954,-0.0967644,0.0264348,-0.0079999,-0.433512,-0.101597,0.0684246],[0.0310536,0.0866563,0.0388042,-0.0397619,0.0922178,0.154636,-0.0117808,-0.0182898,0.365782,0.186695,0.00402259,0.00192389,0.0126839,0.00484809,0.610675,0.0944367,0.02611,0.0202492,0.00852851,0.243906,0.441625,-0.000838204],[0.00155392,0.00874385,0.00836257,-0.0181414,0.00135142,-0.00397756,0.0147342,0.00416412,-0.555382,-0.0624918,0.00732838,-0.000122266,0.0230324,0.00211648,0.0321802,0.583617,-0.00589363,-0.0537285,-0.00697083,-0.124745,0.528255,-0.00118559],[-0.0213992,0.214862,-0.140713,0.0510048,-0.174431,-0.140706,-0.0108502,0.00188574,2.02368,0.547395,-0.0216837,-0.144903,-0.0231897,-0.151787,0.018366,-0.170476,0.50723,0.159991,-0.029449,-0.914379,0.547414,-0.112226],[-0.0409004,-0.16836,-0.0879202,0.145589,-0.0332414,-0.045899,-0.0080786,0.0479222,0.948621,0.297511,-0.0178942,0.00343047,-0.116333,-0.00701451,-0.0302552,-0.062518,-0.00484979,0.595751,-0.0243825,0.138764,0.408026,0.00838448],[0.0287761,0.122546,-0.040334,-0.0307775,-0.00853872,0.00123946,-0.0286821,-0.0131815,0.167429,-0.0315386,-0.0145624,-0.00532486,0.00423359,-0.00406254,0.115578,-0.250201,0.015677,-0.0606693,-0.0537375,-0.184052,-0.0685794,-0.01013],[0.0096285,0.00909628,0.0218336,-0.0026119,0.00687725,0.00563206,0.00336934,-0.00116362,0.00850106,-0.011524,0.00244467,-0.00276172,0.001911,-0.00215811,0.0140287,-0.00169361,-0.000110925,-0.00730564,-0.000746602,-0.0323666,-0.0180894,-0.00216105],[0.00111242,0.00551873,-0.00305597,-0.00285734,-0.00865304,-0.0173837,-0.000340625,-0.00474557,0.0978859,0.0358102,0.00149537,0.00193976,0.00427199,0.00168408,0.0318147,0.0606946,0.000251862,0.0129273,0.00263232,0.0209643,0.165925,0.00128962],[-0.0576798,-0.121737,-0.00461319,0.0259816,-0.185055,-0.203663,-0.00996347,0.00436803,-0.354831,0.308847,-0.00163384,0.0801398,-0.0229316,0.0677012,-0.111375,-0.150232,-0.126912,0.136284,-0.0194212,-1.03643,-0.0625395,0.0768678],[0.00441513,-0.0349308,0.012353,-0.00638255,0.0275911,0.00989379,0.0189448,0.00619054,-0.036311,0.0066063,0.000471634,-0.00290327,0.000325087,0.00126098,-0.0306278,0.0397652,-0.00106397,-0.00443356,0.00202623,0.0786656,-0.0191498,-2.71479e-05],[-0.000424626,-0.0113252,0.00876874,0.00117809,0.01107,0.0116239,0.012523,0.00341238,-0.0373446,-0.0105598,0.00238057,-0.000369197,0.00104564,-6.12258e-05,-0.017626,0.0088178,-0.00367675,0.00561184,-0.000615011,-0.0159978,-0.00128988,0.00112722],[-0.00207036,-0.00556718,-0.0170572,-0.00822224,0.00333402,-0.030858,-0.00138285,0.00408525,-0.0258903,-0.00739034,-0.00282295,-3.61693e-05,-0.00209,0.00145855,-0.00878428,0.00619095,-0.0015785,-0.00856805,0.0018378,0.108401,-0.0128045,0.000569282],[0.00496309,0.0278759,-0.0094766,-0.0146347,-0.0139186,-0.00370152,-0.00135866,-0.00312445,0.0796892,-0.0164058,-0.00302211,-0.00471003,-0.000687564,-0.00395283,0.0262237,0.00369076,0.0112274,0.00142282,-0.000174701,-0.072759,0.0275504,-0.00454942],[-0.00172178,0.00124152,-0.00669533,0.00383772,-0.0131921,0.016099,0.0117747,0.0016516,-0.0145923,-0.0220598,0.00205093,-0.00336361,0.00173099,-0.000925274,0.00307237,-0.00165943,-0.000201765,0.000353995,0.000593262,0.120391,-0.0451702,-0.000797319],[0.00250663,-0.00906198,0.00645514,0.00230656,-0.0029414,-0.00319932,0.013214,0.000472003,-0.0629136,-0.00476755,0.00367583,-0.00151113,0.00215988,0.00217803,-0.00803642,-0.00530207,-0.00543438,0.00640433,0.000123164,0.146817,-0.0360379,0.00174225],[-0.006315,-0.00871186,-0.00425112,-0.0192641,-0.0310877,-0.0361499,-0.0394854,0.00095161,-0.0118027,0.0123731,0.00552912,0.0115565,0.00765605,0.0114115,-0.00878247,-0.0469831,-0.0114954,0.012448,-0.00467157,-0.296635,-0.00129728,0.00880435],[-0.0241706,0.0930539,-0.144291,0.00660694,-0.0506914,-0.0219612,0.0101224,0.125961,-0.873373,-0.0215665,0.0150653,-0.0079311,0.0209546,-0.00886709,0.0312207,0.0097269,-0.0415861,0.0696134,0.00416556,0.00729905,-0.423589,-0.00745112],[0.000499365,0.00436627,0.000530821,-0.00250312,0.000861387,0.00109427,0.000571865,-0.00180717,0.0415851,-0.00804037,-7.4272e-05,6.10707e-05,0.00155353,2.64345e-05,0.00522659,0.00225378,-0.000104338,0.00125646,0.000248906,0.00768398,0.0206174,-7.27631e-05],[-0.0004105,-0.00573371,0.0038136,0.00133,0.00179891,-0.000119662,-0.000207681,0.00031058,0.00717308,0.00933105,-0.0007589,-0.000332852,-0.00107286,-0.000314615,0.000759848,-0.00461288,0.000810265,0.00226573,-0.000351126,-0.00659433,0.00490329,-0.0002843],[0.000964429,-0.0257365,0.013855,-0.00280158,-0.0140087,0.0064719,0.000318219,-0.00378617,-0.0508661,0.07058,0.00226088,0.00758027,0.00679734,0.00957357,0.00282659,-0.00317195,-0.00838418,-0.0123768,0.000594089,-0.0737745,0.0351776,0.00588408],[-0.000869075,0.0223029,-0.00448448,0.01605,0.0026523,-0.0362769,-0.0171883,0.00505798,-0.0432764,0.0354597,-0.0117714,-0.000505489,-0.0138676,-0.0047756,0.00114961,-0.0140532,0.0057103,0.0156688,-0.000680327,-0.029426,-0.0168334,0.000162095],[0.00567432,0.0326163,0.0132896,-0.0263661,0.00563735,-0.000759833,0.00210986,-0.00157096,-0.048266,0.00465695,-0.00120002,0.00384944,-0.00153898,0.00410882,0.00201354,-0.00503768,-0.00524041,-0.00801093,0.000844888,0.0420383,-0.0345825,0.00350601],[-0.0105245,-0.014972,-0.0162809,0.0255029,-0.0141126,-0.0816318,-0.00591957,0.000231523,-0.0295609,0.0260917,-0.0101303,0.00789616,-0.0155291,0.00296628,0.0035676,-0.0112608,-0.00498801,0.00974378,0.000652908,-0.0733327,0.00404243,0.00712232],[0.00368024,-0.00823657,0.019261,0.00104577,0.0155327,0.00545422,0.0111444,0.0014136,0.0129542,0.0659295,0.00260641,0.00296175,0.00551801,0.0034843,0.104172,0.0228465,-0.00103364,0.012594,0.00217672,0.0360624,0.0858419,0.00374951],[-0.00911282,-0.0220095,-0.0134838,0.00356304,-0.017516,-0.0161324,-0.00551429,0.00599599,-0.161733,0.0266914,0.00101241,0.000845267,-0.00124048,0.00102257,0.00285695,0.153595,0.00413113,0.00769373,0.00696144,0.00645283,0.120627,0.0012958],[-0.0159547,-0.00643992,-0.0323767,-0.0143218,-0.036393,-0.00351051,0.0535329,0.00387675,0.402092,0.0851164,0.00906408,-0.0144629,0.00759317,-0.0142277,-0.00284986,-0.0414438,0.0351335,0.0632409,-0.000502355,0.0127599,0.265958,-0.00806347],[0.00798828,-0.0290629,0.0355172,0.022038,-0.00675292,0.00932013,-0.00452617,0.00488822,0.266921,-0.0277785,1.05421e-05,-0.00512181,0.00137505,-0.00254324,0.0151349,0.0625274,-0.0029387,0.0761979,-0.000712999,-0.072791,0.148628,-0.00323351],[0.00682427,0.0279052,0.00175094,-0.0188216,-0.00156514,0.00886517,-0.0176778,0.00126513,-0.0280139,-0.0040226,0.00102855,0.000408699,0.0052742,0.00032922,0.0299727,0.0383529,0.00503696,-0.0170936,0.0114881,-0.0745434,-0.0333975,0.0013431],[0.000524438,0.000934043,-0.000309656,-0.00128953,-0.000359635,0.000609986,-0.000755841,-0.000104296,-3.17848e-05,-0.00152286,0.00136319,-0.000185648,0.00112425,2.73077e-05,0.00294085,0.00290265,0.000577853,-0.00340587,0.000726177,-0.00195183,-0.00386778,1.72277e-06],[0.000595154,0.00413542,-0.00159241,-0.00169903,0.000976184,-0.0029806,-0.00156387,-0.00154783,0.0280031,0.00712208,7.62961e-05,0.000465854,-0.000237978,0.000252984,0.00870512,0.0136906,0.000439748,0.00492561,0.000204923,0.00683634,0.0371064,0.000439875],[-0.00800467,-0.040146,0.00574138,0.0162702,-0.00519818,-0.0486934,-0.013884,0.00769491,-0.0159528,0.0686354,-0.0123907,0.00624044,-0.0160577,0.0024131,-0.0251677,0.008783,-0.00523809,0.0312672,0.00284333,-0.0966651,0.0265616,0.00641156],[-0.00562518,-0.0194553,-6.92789e-05,0.0048151,-0.023295,-0.0337338,0.0163762,8.35219e-05,-0.0164549,0.0166149,0.00295215,0.0015716,0.0025409,0.00326583,-0.0163385,0.0145256,-0.00310196,-0.00516085,0.000569266,-0.0802518,-0.0137187,0.00422327],[-0.00126504,-0.00735076,0.00106488,0.00166091,-0.00889334,-0.00441806,0.0084005,0.00082316,-0.0143644,0.00561587,0.00205316,0.000587677,0.000698077,0.000946559,-0.00745833,-0.00183287,-0.00294606,0.00683871,0.000109833,-0.0304677,-0.00872185,0.00180992],[-0.00326311,-0.00554797,-0.00823316,0.00418913,-0.00814627,-0.0119397,0.0044043,-0.000397898,-0.00613044,-0.00315816,0.000178772,0.00134433,-0.000929647,0.00153473,-0.0067939,-0.000558437,-0.00167292,-0.00401951,-0.000252247,-0.0635534,-0.0123434,0.00130989],[0.00225558,0.00457051,0.00310949,-0.00633173,0.0189535,0.0245226,-0.0062213,-0.00111591,0.0206355,-0.0144365,-0.00094412,-0.00169939,0.00129878,-0.00177835,0.00706429,0.0133861,0.00556166,-0.00973085,0.00103245,0.0419608,0.0129185,-0.00327627],[0.000145431,0.00249325,0.00152973,-0.00325357,-0.00801405,-0.0041636,0.00236921,-0.00122707,0.0119129,0.000465166,0.00166842,0.00109736,0.00117169,0.00204073,-0.00229418,0.00227758,8.40911e-05,0.00189321,-0.000701223,-0.0632278,-0.00692878,0.00211913],[-0.00330011,-0.00628229,-0.00369149,-0.0062349,-0.011632,-0.0221765,0.00733532,0.000508233,-0.00142534,0.0196344,0.00297696,0.000920445,6.42753e-05,0.00233122,-0.00695576,-0.00123879,0.000282815,0.00620739,0.000237048,-0.0167171,-0.00175754,0.00238823],[0.00175312,0.00262822,0.00581941,-0.0145011,0.0172003,-0.0107353,-0.00617417,-0.000647936,-0.00980413,0.0359602,-0.000253569,0.00611281,-0.00086047,0.00538218,-0.00548161,-0.00873225,-0.00547343,0.0160164,-0.00098726,-0.0107383,0.00907281,0.00379625],[0.0261597,0.0832949,0.0473036,-0.0384929,0.111961,0.144577,-0.0129405,0.0551377,-0.556532,-0.112085,0.00281828,-0.00457276,0.0255607,-0.0035529,0.0274968,0.057805,-0.037257,-0.044572,0.00572734,0.489223,-0.180818,-0.00591977],[0.000307315,0.00201073,0.000182336,-0.00132033,-0.000352845,0.000530842,0.000504799,-0.000640538,0.0183342,-0.00317643,0.000250073,6.20778e-05,0.000862633,0.000174414,0.00165305,0.000514433,-0.000474848,0.00129036,-2.59034e-05,-0.00303749,0.00920847,0.000109485],[-0.000271222,-0.000273869,-0.00110414,-0.000164062,0.00272857,0.00076836,-0.000445648,0.000439411,0.00543083,0.00169168,-0.000545831,-0.000204753,-0.000304496,-0.000340586,0.00281963,-0.000117942,0.000349174,0.00123754,0.000156794,0.0077837,0.00614098,-0.000368421],[0.000538633,-0.00413243,0.0043019,0.000526172,0.00925771,-0.00264671,-0.00203401,-0.000418276,-0.0349827,0.0178084,-0.000363152,0.00154779,-0.000480473,0.00152921,0.00422088,-0.00190824,-0.00656115,-0.00958099,-0.000631548,0.0502939,-0.00144381,0.000943971],[-0.00509082,-0.00791228,-0.0228388,0.00945082,0.00506284,-0.030471,-0.00946104,0.0034053,0.0248113,0.0220541,-0.00662654,-0.00178004,-0.008279,-0.00361976,0.000205741,-0.00653563,0.00775912,0.00800422,-0.00230184,-0.00626271,0.0192601,-0.00129075],[-0.00249358,7.08363e-05,-0.00781627,0.00376656,-0.00412032,-0.0116642,0.00291914,0.00152429,-0.0172213,0.00167837,-0.000319245,0.00164958,-0.00161186,0.00091628,0.000149476,-0.00492869,-0.00432423,-0.000768996,7.07253e-06,0.00341741,-0.00543524,0.001687],[-0.011074,-0.018538,-0.033968,0.0187843,-0.0051364,-0.0451323,-0.00810618,0.00544304,-0.00451655,0.00830294,-0.00615603,-0.00111186,-0.00856835,-0.00432877,-0.00958521,0.0055396,0.00560339,0.00650174,0.000691073,-0.024735,-0.00616796,-0.00151598],[-0.00382053,-0.00121658,0.0035077,-0.00198971,-0.0186779,-0.0236178,0.00372547,0.00211029,0.0195263,0.0337676,-0.00148681,0.00095065,0.00105635,0.00163373,0.039877,0.00625478,-0.00049575,0.0233959,0.000467925,-0.00450429,0.0445194,0.00218663],[-0.00430847,-0.0143317,-0.00328104,0.00544803,0.000301925,-0.00597699,-0.00409233,0.00156876,-0.0673593,0.0238429,-0.00122715,0.000496243,-0.00581746,-0.000120862,-0.00212706,0.034744,0.00244854,0.00894901,-0.0021938,-0.027701,0.0389101,3.04992e-05],[-0.0105321,-0.0250133,-0.00416709,-0.0318952,0.0239475,0.0210431,0.0245903,-0.001657,0.193762,0.0237846,0.00284605,0.00671327,-0.00644876,0.0045827,0.00641467,-0.0434148,-0.016355,0.0519885,-0.00739212,-0.064078,0.207435,0.00242193],[0.0107665,0.00154059,0.0285787,-0.00151083,0.0176839,0.0247678,-0.00575319,0.000590687,0.0948828,-0.0493133,0.000763362,-0.00325429,0.0108007,0.000784996,0.00837607,0.052606,-0.00319836,0.008734,0.00163977,0.0366558,0.0709201,-0.0024748],[-0.00305419,-0.00824474,-0.00254202,0.00475457,0.0138208,0.0107068,0.00199977,0.00197537,-0.0451515,-0.0185716,0.000378433,-0.000609213,3.92025e-05,-0.00160568,-0.00328785,-0.0155883,-0.00345613,-0.00280332,-0.00470655,0.0428682,-0.0122473,-0.00137837],[0.000340393,0.000628113,4.56482e-05,-0.00128608,0.000710347,-0.000230345,-0.000271741,0.000165966,-0.00197234,0.00121744,0.000260151,0.000275474,0.00105106,0.000221638,0.0013292,0.000674416,0.000136431,-0.002729,1.19059e-05,-0.00727545,0.00149545,8.16954e-05],[-1.44373e-05,0.00100195,-0.00201637,-0.001617,0.00126917,-0.00053621,-0.000719372,0.000111052,0.00945478,0.00221857,-0.00031057,0.000381575,-0.000545574,0.000133213,0.00330509,0.00622373,-0.000138822,0.00304323,7.24402e-05,-0.00818076,0.0159642,0.00020865],[-0.011539,-0.0308248,-0.0344683,0.0216567,-0.00127987,-0.045754,-0.0116494,0.00408046,0.0248223,0.0174433,-0.0103415,-0.000373925,-0.0138282,-0.00384477,-0.0100597,-0.0151328,0.00316,0.0119632,-0.00183759,-0.0238267,-0.00798458,-0.00175429]],"sigmahat":[[0.224448,0.414126,0.38873,-0.180055,0.302636,0.359593,-0.0519918,-0.0487669,0.0215795,-0.163881,0.00741133,-0.0123737,0.0690809,0.00319712,0.27423,0.118389,-0.00129416,-0.20284,0.00899027,0.189451,-0.0605924,-0.00586914],[0.414126,1.59467,0.46112,-0.620891,0.480537,0.711819,-0.169779,-0.0937875,-0.689425,-0.760197,-0.0194004,-0.0592498,0.189884,-0.0379505,0.613334,0.370093,0.0889699,-0.814936,0.0411824,0.323014,-0.613565,-0.0519114],[0.38873,0.46112,1.33209,-0.316411,0.505078,0.802497,-0.0200503,-0.0841456,-0.772823,-0.190353,0.0332425,0.0221895,0.194209,0.0618931,0.267932,0.188054,-0.0676543,-0.465896,0.0134856,0.0319024,-0.285001,0.0335723],[-0.180055,-0.620891,-0.316411,0.566298,-0.321066,-0.387701,0.00596215,-0.0112605,2.46251,0.448657,-0.0366499,-0.021359,-0.150734,-0.0430948,-0.0138968,-0.229939,0.0987161,0.680374,-0.0270388,0.168651,1.11372,-0.0141002],[0.302636,0.480537,0.505078,-0.321066,1.14805,1.0819,-0.0282235,-0.0850326,-0.196051,-0.743065,-0.00270994,-0.0132059,0.0697872,-3.15349e-05,0.463326,0.252301,-0.056302,-0.288353,-0.00144426,0.668954,-0.0974124,-0.0226816],[0.359593,0.711819,0.802497,-0.387701,1.0819,2.11431,0.0546572,-0.141154,0.345415,-0.920471,0.00802907,-0.0193278,0.168515,0.011472,0.732999,0.420979,0.0207523,-0.400552,-0.00293599,0.487592,0.301286,-0.0339109],[-0.0519918,-0.169779,-0.0200503,0.00596215,-0.0282235,0.0546572,0.327096,-0.0631522,0.238531,0.00165244,0.0381156,0.00570959,0.0347461,0.0187964,0.187318,0.495497,0.0252334,-0.0386397,0.0111952,0.257463,0.900938,0.0167498],[-0.0487669,-0.0937875,-0.0841456,-0.0112605,-0.0850326,-0.141154,-0.0631522,1.61371,-15.0245,-2.25786,0.000713862,-0.00210047,-0.00926627,-0.0188482,-6.71768,-8.78484,-0.920712,-0.989633,0.00730824,2.94526,-20.5214,-0.0126776],[0.0215795,-0.689425,-0.772823,2.46251,-0.196051,0.345415,0.238531,-15.0245,210.914,37.2467,-0.280589,-0.759329,-0.757901,-0.715949,82.9758,96.7955,12.8694,25.0845,-0.234918,-18.6974,254.223,-0.564647],[-0.163881,-0.760197,-0.190353,0.448657,-0.743065,-0.920471,0.00165244,-2.25786,37.2467,16.2734,0.14759,0.11593,-0.0410981,0.12715,23.9758,32.039,2.90541,7.78028,-0.0145499,-3.08158,71.313,0.118611],[0.00741133,-0.0194004,0.0332425,-0.0366499,-0.00270994,0.00802907,0.0381156,0.000713862,-0.280589,0.14759,0.0381159,0.00644472,0.0330356,0.0127105,0.152274,0.313139,-0.0120035,-0.00302933,0.00399584,-0.16969,0.346969,0.012169],[-0.0123737,-0.0592498,0.0221895,-0.021359,-0.0132059,-0.0193278,0.00570959,-0.00210047,-0.759329,0.11593,0.00644472,0.0576622,0.0143405,0.0548609,0.0432295,0.229352,-0.0856107,-0.0725292,0.00188131,-0.204365,0.17955,0.0446761],[0.0690809,0.189884,0.194209,-0.150734,0.0697872,0.168515,0.0347461,-0.00926627,-0.757901,-0.0410981,0.0330356,0.0143405,0.111884,0.0293831,0.126671,0.33786,-0.019496,-0.268472,0.0103969,-0.0173853,0.129848,0.0193913],[0.00319712,-0.0379505,0.0618931,-0.0430948,-3.15349e-05,0.011472,0.0187964,-0.0188482,-0.715949,0.12715,0.0127105,0.0548609,0.0293831,0.0597938,0.137136,0.373486,-0.0800816,-0.0860047,0.00276478,-0.1785,0.392553,0.0461293],[0.27423,0.613334,0.267932,-0.0138968,0.463326,0.732999,0.187318,-6.71768,82.9758,23.9758,0.152274,0.0432295,0.126671,0.137136,49.9634,66.8466,5.85166,13.1305,0.00431159,-10.0807,145.592,0.0984446],[0.118389,0.370093,0.188054,-0.229939,0.252301,0.420979,0.495497,-8.78484,96.7955,32.039,0.313139,0.229352,0.33786,0.373486,66.8466,100.418,7.37535,17.4601,0.0664804,-16.9952,202.857,0.310778],[-0.00129416,0.0889699,-0.0676543,0.0987161,-0.056302,0.0207523,0.0252334,-0.920712,12.8694,2.90541,-0.0120035,-0.0856107,-0.019496,-0.0800816,5.85166,7.37535,1.03294,1.54808,-0.00954579,-1.15621,17.8057,-0.0682266],[-0.20284,-0.814936,-0.465896,0.680374,-0.288353,-0.400552,-0.0386397,-0.989633,25.0845,7.78028,-0.00302933,-0.0725292,-0.268472,-0.0860047,13.1305,17.4601,1.54808,6.51067,-0.0471494,-0.967203,40.3694,-0.0474872],[0.00899027,0.0411824,0.0134856,-0.0270388,-0.00144426,-0.00293599,0.0111952,0.00730824,-0.234918,-0.0145499,0.00399584,0.00188131,0.0103969,0.00276478,0.00431159,0.0664804,-0.00954579,-0.0471494,0.0222018,0.162386,-0.110213,0.00365722],[0.189451,0.323014,0.0319024,0.168651,0.668954,0.487592,0.257463,2.94526,-18.6974,-3.08158,-0.16969,-0.204365,-0.0173853,-0.1785,-10.0807,-16.9952,-1.15621,-0.967203,0.162386,26.357,-33.2777,-0.19581],[-0.0605924,-0.613565,-0.285001,1.11372,-0.0974124,0.301286,0.900938,-20.5214,254.223,71.313,0.346969,0.17955,0.129848,0.392553,145.592,202.857,17.8057,40.3694,-0.110213,-33.2777,443.342,0.325578],[-0.00586914,-0.0519114,0.0335723,-0.0141002,-0.0226816,-0.0339109,0.0167498,-0.0126776,-0.564647,0.118611,0.012169,0.0446761,0.0193913,0.0461293,0.0984446,0.310778,-0.0682266,-0.0474872,0.00365722,-0.19581,0.325578,0.0394657]],"n":22,"lags":3}