{"betahat":[[3.73694,3.82277,11.7368,0.197159,-1.75661,1.05351,-6.85279,-0.326389,4.982,4.75698,-1.50578,0.133826,-2.08099,-0.534044,2.79765,-6.93474,38.0872,-1.16094,0.429057,-14.6421,-6.79688,-0.400719],[0.707486,0.0160466,-0.300828,-0.226621,0.337151,0.519092,-0.145388,-0.0332251,0.0552607,0.22764,0.00651854,0.00186465,-0.0544894,0.00123683,0.0156075,-0.0986814,-0.0584478,0.00911273,-0.00984011,-0.573966,-0.0983824,-0.0251293],[-0.0771579,0.782302,-0.0588201,-0.109148,-0.0922616,-0.0269895,0.0315618,0.00875256,-0.0215837,0.130678,0.0394754,-0.00755646,0.0346556,-0.0107235,-0.0816971,0.0678616,0.0873018,0.0432293,0.00340093,0.486584,0.00736166,0.00220402],[-0.00303233,-0.0156685,0.707715,0.105248,-0.0174109,-0.267197,-0.00918578,0.00380563,0.0709279,0.162596,0.00737677,-0.00587838,0.0321482,0.00387479,-0.0269359,-0.0157751,-0.0267102,-0.0669079,0.00544808,0.139448,0.133911,0.0166728],[0.179529,0.653911,0.271232,0.848848,0.00653176,0.109069,-0.0505965,-0.0505415,0.484642,-0.182325,-0.0823632,-0.0470151,-0.0802181,-0.0541057,0.256328,-0.0132267,-0.0266259,-0.110954,-0.000543671,1.29898,-0.26404,-0.0249755],[-0.00967279,0.0765001,-0.0755474,0.0556106,0.537701,-0.26596,0.067824,-0.00673921,-0.0200382,0.156068,-0.0322284,-0.0102328,-0.0411742,-0.0146579,0.0406663,0.0306326,-0.0309547,-0.0545876,0.0303826,0.0356198,-0.131286,-0.00858454],[0.0749722,0.0554332,0.311551,-0.0570659,0.0808956,0.798741,-0.00520351,-0.0272448,0.0697365,-0.140532,-0.0198666,0.000125875,0.00693903,-0.000293575,0.0140733,0.0328612,0.00258221,0.0287653,-0.0221292,-0.42846,0.0362354,0.00124033],[-0.00433674,0.117679,-0.0208316,-0.00706548,-0.177263,0.288265,0.8661,-0.0143095,0.103946,0.187376,-0.0367182,0.0234014,0.0107062,0.00980042,0.0163957,0.0488946,0.00738629,0.0488975,0.0193761,-0.255484,-0.102123,0.0201108],[0.221899,0.0189316,-0.656331,0.118078,-0.148823,-0.575767,-0.393053,0.685426,0.504699,2.01898,0.113327,0.182216,0.0266831,0.161621,0.32202,-0.0572137,0.0589606,0.482562,-0.136634,0.942797,-0.961906,0.0961079],[-0.0702872,-0.146449,-0.179045,0.175862,-0.143306,0.0368183,0.00670898,0.00818466,0.91674,0.0874432,-0.024396,-0.00565866,-0.013066,-0.00511304,-0.100048,-0.0472264,-0.0383561,0.171742,-0.00999241,0.0476549,0.0626393,-0.0187502],[0.00543745,0.0163964,-0.00337381,0.112739,-0.273267,-0.182319,-0.0871872,0.00186576,0.248355,1.12286,-0.00675194,-0.0195192,-0.0173104,-0.0212435,0.0168041,-0.0758833,0.0141013,-0.0248057,-0.0172471,-0.337841,0.00394607,-0.0111313],[0.105351,-0.244012,0.895996,-0.0807603,0.0525128,1.19255,0.290546,0.047411,-0.941321,0.678795,0.961409,0.162325,0.120018,0.193304,0.0003446,0.385927,-0.0268027,-0.230969,0.0595537,1.45063,0.223702,0.129164],[0.320743,1.0581,-0.169716,0.682707,0.0665667,1.01839,-0.339096,-0.0469901,-0.439697,1.46465,0.189722,0.954291,0.0181985,0.0296321,0.717796,-0.620814,-0.0125196,-0.908758,-0.0504561,-1.53257,-0.3128,0.0247319],[0.328557,0.223776,1.36086,-0.447144,0.57677,-0.311684,0.0515916,-0.0127374,0.308195,-0.083768,0.0386024,-0.101917,0.828276,-0.0836951,-0.0736486,0.233795,0.178206,0.645116,0.00426294,1.00775,-0.0690043,-0.08408],[-0.243448,-0.0751975,0.158784,1.00375,-1.86791,-2.6497,0.169181,-0.206196,-0.49259,1.08126,-0.153006,0.313532,0.0778067,1.10701,-0.514111,0.0621144,-0.248701,0.594056,0.0179181,3.0364,-0.943871,0.283048],[0.22142,0.369286,0.0765747,-0.0986221,0.594533,0.513754,0.0386893,-0.0381493,-0.0284602,-0.00406916,0.0232708,0.000350334,0.0110179,-0.0161829,1.16685,0.0367379,0.0289337,-0.115675,0.0140985,1.15071,-0.154735,-0.0198106],[-0.0900938,0.123716,-0.235463,-0.0835451,-0.131571,-0.0430877,0.222423,8.53826e-05,-0.429946,-0.16113,-0.000487057,0.0262728,0.00594311,0.0293361,-0.00552413,0.818472,0.0803128,0.263424,-0.0816278,0.863239,0.164031,0.0159031],[0.0377734,1.16496,-0.183866,0.112833,-1.17213,-0.982611,-0.0595768,-0.0434313,0.559338,0.725497,-0.0782866,-0.123938,-0.0270425,-0.109784,0.36131,-0.134695,0.404399,0.0263316,-0.0236688,-1.8826,-0.377067,-0.0581985],[-0.0291509,-0.286658,0.137911,0.0269805,0.223504,-0.00979991,-0.237791,0.0167756,0.0761644,0.42065,0.017368,0.0284855,-0.0909419,-0.0199782,-0.130917,-0.292783,0.0963104,1.09453,-0.0341865,1.27744,-0.164736,0.0278493],[0.0435577,-0.296659,-0.762484,0.215955,-0.254096,-0.466236,-0.977533,-0.062521,0.439781,0.775059,-0.0947179,-0.0675374,-0.138989,-0.0552078,0.0155259,-1.64855,-0.265012,-1.17306,0.267528,-4.11903,-0.115152,-0.0750479],[0.0273404,-0.0177048,0.100048,0.00837204,0.0206606,0.0244263,0.0281424,-0.00542454,0.0209201,-0.0228645,0.0226685,0.000631386,0.0181451,0.00273,0.00979253,0.019422,-0.00960509,0.011497,0.000772374,-0.0575225,-0.080225,0.00523985],[0.067394,-0.0165248,0.0201559,0.0686159,0.0135964,-0.047426,0.129987,-0.00149384,-0.206241,0.190004,0.0628013,-0.0146171,0.0690173,-0.0104508,-0.010484,0.163715,0.0167416,0.0128661,0.0378737,0.475657,0.903815,-0.000154439],[-0.435627,-1.55505,-1.55508,-0.774761,-0.0787222,-0.155883,0.185462,0.151376,-0.93872,-1.12384,0.150132,0.118313,0.113451,0.193989,-0.187561,0.0256355,-0.574886,0.489271,-0.0603603,-5.19748,0.823038,1.02456],[0.30516,0.011525,0.406262,0.0292204,0.0719231,-0.233373,0.0914156,0.0368977,0.0785467,-0.139661,-0.0091359,-0.0106978,0.028375,-0.0137988,0.0299973,0.0395297,0.0320736,-0.00763136,-0.00367636,0.526449,-0.0592885,-0.00212696],[0.0386102,0.0768716,-0.00259354,0.105798,0.117773,-0.0455662,-0.0156803,-0.0012334,-0.0677042,-0.107508,-0.0240028,0.00658247,-0.0301479,0.0122617,0.00366535,-0.0423443,-0.0545806,-0.0563159,-0.00676694,-0.253407,0.0538801,0.00295167],[-0.0351863,-0.0761101,0.0552946,-0.128178,0.02272,-0.0161565,-0.0305435,0.012835,-0.000909698,-0.105907,-0.0255154,0.00391072,-0.039158,-0.000771649,0.0160056,-0.0210812,0.00697419,0.0346615,-0.00165715,0.389328,-0.00559313,-0.0174985],[-0.0462265,-0.241913,-0.145805,0.0285423,-0.0687166,-0.0860007,0.0450583,0.0281289,-0.27572,0.0614724,0.00830525,0.0318687,0.00208326,0.0330973,-0.120908,0.0174119,0.0461114,0.125601,-0.0172487,-1.04314,0.187201,0.00976849],[-0.00274459,-0.0966417,0.0782205,-0.0252312,0.246555,0.249529,0.0158065,0.00779052,0.0275424,-0.195689,0.0408715,0.000419786,0.0449738,0.00711888,-0.0260497,0.0509366,0.0129334,0.0579061,4.94691e-05,0.421141,0.0774501,0.00341004],[-0.0347233,-0.0670842,-0.21537,0.107129,-0.125158,0.145244,-0.0262764,0.0195313,-0.154265,0.124733,0.0227438,-7.84363e-05,0.00627604,0.00357273,-0.00158756,-0.0751281,-0.00152714,0.00267324,0.00553797,0.396367,-0.104653,0.00281539],[-0.0154828,-0.020665,-0.106873,-0.00287874,0.0968459,-0.176811,-0.247293,0.0303437,-0.146836,-0.334914,0.0498762,-0.011558,0.0197853,-0.00280581,0.0279296,-0.283858,0.000545756,-0.0555351,-0.0610219,-0.791028,0.0581911,-0.0281325],[-0.347621,0.182323,-1.18265,0.497263,0.128437,-0.630759,0.547543,0.163795,-0.710806,-1.86557,0.125471,-0.0479921,0.0261418,-0.0912012,0.110905,-0.0755825,-0.049849,0.2921,0.0346839,-6.41288,-0.365402,-0.0207621],[0.0512101,0.0437823,0.171157,-0.0866674,0.154708,-0.0454787,0.00519242,-0.0111171,0.0371895,-0.0434057,0.0130911,0.00299743,0.0128367,-0.000814362,0.0669583,0.053587,0.0190124,-0.0967103,0.00693105,0.174836,-0.0220174,0.0127447],[0.0015435,-0.113591,0.23026,-0.1499,0.272094,0.221912,0.0515788,-0.0152575,-0.114275,-0.218594,0.00635334,0.00748072,0.0284497,0.00694898,-0.0545595,0.0616876,0.00353765,0.0299767,0.00947207,-0.33748,0.0868426,0.00684214],[-0.068248,0.0137385,0.0736446,-0.0515896,-0.0364125,0.185655,-0.157666,-0.0235589,0.13915,-0.573995,-0.203148,-0.037098,-0.120912,0.0239225,0.0118889,-0.441348,0.250277,0.444238,0.00803428,-0.957502,-0.204122,-0.0130593],[0.358247,0.358468,1.21045,-0.631824,0.176116,1.2712,-0.0172229,0.0446315,0.225392,-0.0611242,0.114236,-0.12204,-0.0315589,-0.0225873,0.26973,0.0429171,0.0342664,-0.164139,0.0646748,1.25663,-0.519075,-0.0932617],[-0.270332,0.159351,-1.02641,0.159929,-0.787093,-0.510161,0.239503,-0.0445888,-0.599775,0.993811,-0.0469521,0.150689,-0.0821733,0.0711082,0.0663617,-0.0677647,-0.160739,-0.59522,-0.00791405,1.26397,-0.138577,0.0612151],[0.159056,0.307362,0.348782,-0.496672,1.16593,0.0350785,-0.0910896,0.0113854,1.16255,-0.540634,-0.124563,-0.18594,-0.00340726,-0.237833,-0.122198,0.297037,0.0398809,-0.167209,0.0463711,-1.08722,-0.0578307,-0.135836],[-0.0478328,-0.238163,0.183212,0.198247,-0.075617,0.00916502,-0.0267255,0.0133611,-0.123495,0.0330749,0.0108621,0.0100001,0.00381945,0.0139528,-0.0912502,0.00189969,-0.0268717,-0.0310049,-0.0204147,-0.732937,-0.0207199,0.0192512],[0.0354978,-0.132779,0.0445892,0.0390717,-0.0335571,-0.0820398,-0.151872,-0.00160507,0.275909,0.167081,0.0211704,-0.00743297,0.0273827,-0.00721446,-0.0171817,0.284277,-0.0239216,-0.118797,0.109669,-0.336208,-0.154112,0.0108361],[-0.0738348,-0.494955,-0.2241,-0.307726,0.633565,0.694213,0.5222,-0.0166834,-0.989642,-1.03033,0.202761,0.0477382,0.20911,0.0369124,-0.120386,0.420651,-0.100307,-0.494465,0.0992059,1.44638,0.183111,0.0792413],[-0.0233672,-0.114245,-0.185301,-0.0131942,-0.286968,-0.250106,0.196071,0.0112516,0.038837,-0.43113,-0.0083756,-0.0407094,0.117983,-5.96342e-05,0.00592241,0.249182,0.0325188,-0.175877,0.0211974,-1.28352,0.463358,-0.0381677],[0.0759463,0.248756,0.577699,-0.0912208,-0.307223,0.734456,-0.00649969,0.0231694,0.388336,-0.342547,-0.0448515,0.00370386,0.0741039,0.0232779,-0.121125,0.945159,-0.118705,0.0936275,0.40045,0.748635,0.0715221,0.0266795],[-0.0040679,-0.0114692,-0.0323372,-0.00607586,-0.00158375,-0.0174592,-0.00248682,-0.00480442,-0.0124515,0.0366665,0.0123383,0.00426775,0.0028846,0.00502446,0.00222171,0.0138043,0.00640086,-0.00367945,0.00365639,0.00408938,-0.0154298,0.00674791],[-0.0255255,0.128192,-0.0979268,-0.0803011,0.0597111,0.0142294,-0.140809,-0.0027581,0.143133,-0.0656034,-0.0544946,0.0050172,-0.063608,-0.00097696,0.0349311,-0.151783,0.0109728,0.0429849,-0.0350216,0.0874118,-0.0215318,-0.00301491],[0.0941989,0.0431242,0.0203304,0.200174,0.893012,0.133359,0.268929,-0.00171848,0.0848298,-0.0504682,-0.0332009,-0.0704129,0.0325662,-0.106048,-0.0961963,0.488146,-0.0671598,0.524658,0.0759173,1.59024,0.311499,-0.0771681],[-0.0127375,-0.0276119,-0.105457,0.197439,-0.409199,-0.285724,0.0539844,-0.00369755,-0.133919,-0.087942,0.00261323,0.00886228,0.0261248,0.0125545,-0.045631,0.0591585,0.0264277,-0.00144975,0.0134905,0.0475098,0.157769,0.0272517],[0.0384966,0.140821,0.0613991,0.00316607,-0.0255354,0.0726062,-0.015931,-0.00751323,0.0892355,-0.023137,-0.0154587,0.000989148,-0.00449598,-0.00150616,0.077984,-0.0255162,-0.0326379,0.0131612,0.00338004,-0.233233,-0.0613695,-0.00513906],[0.0380727,0.0917442,0.2369,0.0227811,-0.00532438,0.283411,0.0396575,-0.0166411,-0.0697755,-0.056684,0.0180471,0.00195912,0.00694525,-0.00311817,0.0108821,0.0368121,0.0198558,0.0325962,-0.00383328,-0.528697,-0.128225,0.000799174],[-0.133392,-0.411848,-0.125565,0.122429,0.0618478,-0.0231091,0.00567955,0.0223741,-0.208799,0.120885,0.0740641,0.015161,0.0781564,0.0210251,-0.135433,-0.00409626,-0.0191896,-0.0139321,0.0177507,-0.255807,0.0770097,0.0152183],[0.0123241,0.0202702,-0.00251962,-0.0304462,0.215301,0.0162922,-0.0835822,-0.00106972,-0.00729626,0.0398323,-0.00871599,0.00980564,-0.0038605,0.00753176,-0.0146965,-0.0815857,0.018161,-0.00312529,-0.0304546,-0.457,0.0537431,0.00516153],[-0.0405634,0.0113835,-0.0964373,-0.05016,0.0436553,0.0554256,0.0315905,0.00774745,0.0842434,0.016088,-0.0029197,-3.7403e-05,-0.013213,-0.00323777,-0.0127444,0.04227,-0.000746396,-0.030739,0.0165769,0.0330764,0.068706,-0.00403694],[0.0188295,-0.0978394,0.126526,0.00985139,0.0772136,-0.113964,0.38169,-0.0159551,0.0407213,0.149037,-0.0129275,-0.0115575,-0.03036,-0.00663474,-0.0451237,0.234732,-0.00621581,0.00983726,0.0415945,1.04545,0.0441971,0.00825417],[0.424256,0.15142,1.8983,-0.325585,0.517176,1.46318,-0.0312644,0.094173,0.169629,-0.133071,-0.0747292,-0.122996,0.103667,-0.0538423,-0.16193,0.304757,-0.260877,-0.323092,0.146642,6.08883,1.05895,-0.0190281],[0.0176872,0.101513,0.00371545,-0.0898666,-0.00943091,0.0103333,-0.00899966,0.00293756,0.0447724,-0.047714,0.0115266,0.00263393,0.000726706,0.00599382,0.0327036,-0.00305119,0.0218992,-0.0645524,0.00305155,-0.214465,-0.0365194,0.00602646],[-0.00711542,0.0968169,-0.226295,0.0374243,0.00284533,-0.0375539,0.0357812,0.01342,-0.133657,0.0919864,0.000176413,0.0118816,-0.011186,0.0141103,0.0379409,0.0147244,-0.0166315,-0.00184715,0.00770931,0.675375,-0.0898352,0.0041605],[0.0387626,0.494343,-0.242905,0.0136816,0.557318,0.19966,-0.186988,-0.0302396,0.181033,-1.0133,0.0114256,-0.0833225,-0.0796203,-0.0852966,0.135513,-0.00303994,0.077086,0.126072,-0.00697227,1.41365,-0.457543,-0.080677],[-0.0923748,-0.11955,-0.216485,-0.219377,-0.474806,-0.326553,-0.165293,0.016184,0.0772586,0.125975,-0.0112184,-0.010578,-0.0176669,0.0425081,0.00998594,-0.215326,0.226116,0.25177,-0.064398,0.393499,0.318648,0.00197155],[-0.207934,-0.34113,-0.732265,0.235688,-0.0934303,-0.133485,-0.0734273,0.0661324,-0.0842136,-0.428645,0.00940638,-0.0425497,0.0283958,-0.0294249,-0.1911,-0.0467611,-0.127494,-0.609345,0.0106537,-1.04642,0.150489,-0.0121657],[-0.23187,-0.619445,-0.34171,0.119975,-0.0894941,-0.0398469,-0.029687,0.0834854,0.0990327,-0.757473,-0.056523,-0.0394976,-0.037475,-0.0792515,-0.242427,0.0394615,0.168765,-0.0537719,0.0131921,-0.736183,0.682596,-0.0692333],[-0.174436,-0.130981,-0.260283,-0.100032,-0.520587,-0.522777,-0.0113212,0.0247269,0.151994,-0.0283271,-0.0342588,-0.010363,-0.0148176,0.00231847,-0.0763097,-0.0378862,-0.000448975,0.15076,0.00633666,-0.415347,0.176524,0.000579043],[0.0533833,0.00855251,0.189487,0.044332,0.161865,0.122611,-0.0703378,0.00157385,0.152182,-0.00461699,-0.0204668,-0.0185833,-0.0333086,-0.0217793,0.0219523,-0.103207,-0.0549439,-0.141958,-0.0281387,-0.528029,-0.0101175,-0.026544],[0.0237438,-0.689602,0.385233,0.195862,0.523914,0.269682,-0.457178,0.0614557,0.407468,0.283381,-0.126594,0.0780716,-0.183477,0.0758551,-0.257711,-0.281301,-0.270201,0.536537,-0.0773386,0.372706,0.220752,-0.0192697],[0.032138,0.352481,0.00057928,0.0328998,0.0718627,0.246672,0.104987,-0.0225475,-0.108622,0.00772584,0.00680133,0.00952655,-0.00476832,0.0233389,0.106211,0.105239,-0.0816191,-0.527985,0.0155768,0.177041,-0.231867,0.0134581],[0.119424,0.0180113,0.849642,-0.410397,0.513571,0.461038,0.151114,-0.0159898,0.0963436,0.294491,0.0707107,-0.0351854,0.103106,-0.0454186,-0.0129492,-0.103738,-0.0152482,0.161257,0.0182667,1.91791,0.438253,-0.0353828],[0.00385717,0.0137051,-0.0260325,-0.00850318,0.0227618,-0.0021349,0.000877087,-0.00128789,-0.0167324,-0.00446922,-0.000954156,0.00407542,0.00383233,0.00173604,-0.000432178,0.00865661,0.0103462,-0.0177334,0.00213015,-0.128238,-0.0024513,0.00157299],[-0.0379202,-0.0968239,0.0408768,0.00560231,-0.0271865,0.0430384,0.0328446,0.00539868,0.0516384,-0.146329,-0.00307905,0.0072421,-0.00156331,0.011137,-0.0178216,0.014638,-0.00800579,0.0610622,-0.00197883,-0.504697,0.0982313,0.00512911],[-0.0127292,0.113081,-0.026204,0.318758,-0.143253,0.0389866,0.0288072,-0.00391572,0.29113,0.109009,0.0561829,-0.035201,0.0482007,-0.0544212,0.0905836,-0.0299447,0.160796,0.155317,-0.00981331,0.625945,-0.0568465,-0.0263743]],"sigmahat":[[0.127209,0.178682,0.144843,-0.0212512,0.162696,0.117725,-0.0236775,-0.0118559,0.0679884,-0.0190398,-0.0059728,-0.00373682,-0.00287286,-0.00559131,0.0704731,0.00734091,-0.00961177,-0.0513632,0.00033776,0.122647,-0.141058,-0.000214666],[0.178682,0.638824,0.189464,-0.155991,0.227279,0.269534,-0.0555943,-0.044826,0.214154,0.0178551,-0.0257901,-0.00725842,-0.0242781,-0.0122115,0.18906,0.0220251,-0.00960347,-0.100222,0.000958888,0.0729768,-0.362218,-0.00207653],[0.144843,0.189464,0.60671,-0.0645229,0.198098,0.34576,-0.0822256,-0.0212044,0.234639,-0.0712295,-0.0258823,-0.0126995,-0.0214219,-0.0200308,0.0631357,-0.0316479,0.000686965,-0.0637378,-0.004201,-0.241783,-0.176891,-0.0128591],[-0.0212512,-0.155991,-0.0645229,0.256721,-0.0553487,-0.051002,-0.0142015,0.0147649,-0.0664183,-0.0305789,-0.00941407,0.00456357,-0.0123429,-0.000451859,-0.0477663,-0.0239327,-0.0155587,0.0318062,-0.00254735,0.0951255,0.104782,0.00218811],[0.162696,0.227279,0.198098,-0.0553487,0.688798,0.395394,-0.041387,-0.0125999,0.0871216,-0.196853,-0.00214304,-0.00878025,0.00354335,-0.0139512,0.117375,0.0341178,-0.0230101,-0.0573071,-0.00509724,-0.0206717,-0.166325,-0.00767514],[0.117725,0.269534,0.34576,-0.051002,0.395394,0.815043,-0.062513,-0.0219394,0.203208,-0.173561,-0.0236103,-0.0108729,-0.0133174,-0.0170298,0.122848,0.0343916,-0.017448,-0.055595,0.0030908,-0.19462,-0.185515,-0.0206291],[-0.0236775,-0.0555943,-0.0822256,-0.0142015,-0.041387,-0.062513,0.169378,0.00240097,-0.122235,-0.0177673,0.0292563,0.0054181,0.0260285,0.00877527,-0.00645188,0.106558,0.0075743,0.0339197,0.0227303,0.482046,0.0717513,0.0106292],[-0.0118559,-0.044826,-0.0212044,0.0147649,-0.0125999,-0.0219394,0.00240097,0.00685354,-0.0194015,-0.00690312,0.00113468,-0.000583261,0.000829351,0.00050435,-0.014574,-0.00538844,0.00025619,0.00673668,0.000227282,0.0143505,0.0262829,-0.000626373],[0.0679884,0.214154,0.234639,-0.0664183,0.0871216,0.203208,-0.122235,-0.0194015,0.450607,0.00716985,-0.0449673,-0.0241159,-0.0352797,-0.0263356,0.0493566,-0.0159549,9.7628e-05,0.0299641,-0.0088875,-0.555096,-0.0908886,-0.0190853],[-0.0190398,0.0178551,-0.0712295,-0.0305789,-0.196853,-0.173561,-0.0177673,-0.00690312,0.00716985,0.470292,0.0166631,0.0034713,0.0151067,0.0102363,-0.0342201,-0.0333547,-0.00147189,0.0231976,0.000730265,0.0591898,-0.123854,0.0135398],[-0.0059728,-0.0257901,-0.0258823,-0.00941407,-0.00214304,-0.0236103,0.0292563,0.00113468,-0.0449673,0.0166631,0.0234591,0.00195454,0.0199521,0.00405266,0.000599891,0.0213096,-0.0010541,0.00453994,0.00568041,0.0658883,-0.00265622,0.00521695],[-0.00373682,-0.00725842,-0.0126995,0.00456357,-0.00878025,-0.0108729,0.0054181,-0.000583261,-0.0241159,0.0034713,0.00195454,0.0060112,0.00158413,0.00443995,-0.000893479,0.00236181,-0.000899369,-0.00241702,0.000888229,0.0207388,0.00648283,0.00324985],[-0.00287286,-0.0242781,-0.0214219,-0.0123429,0.00354335,-0.0133174,0.0260285,0.000829351,-0.0352797,0.0151067,0.0199521,0.00158413,0.0262477,0.00402995,1.65728e-05,0.0259712,0.000949971,0.0105683,0.00643505,0.0630717,0.00637603,0.00537867],[-0.00559131,-0.0122115,-0.0200308,-0.000451859,-0.0139512,-0.0170298,0.00877527,0.00050435,-0.0263356,0.0102363,0.00405266,0.00443995,0.00402995,0.00741304,-0.00255226,0.00329404,0.000219994,0.0071526,0.00156106,0.0230755,0.0113348,0.00438859],[0.0704731,0.18906,0.0631357,-0.0477663,0.117375,0.122848,-0.00645188,-0.014574,0.0493566,-0.0342201,0.000599891,-0.000893479,1.65728e-05,-0.00255226,0.0970376,0.0163791,-0.0115544,-0.0538046,0.000985272,0.125058,-0.113257,-0.00140431],[0.00734091,0.0220251,-0.0316479,-0.0239327,0.0341178,0.0343916,0.106558,-0.00538844,-0.0159549,-0.0333547,0.0213096,0.00236181,0.0259712,0.00329404,0.0163791,0.156458,0.00364706,0.0301347,0.0300215,0.323538,0.0190419,0.00859674],[-0.00961177,-0.00960347,0.000686965,-0.0155587,-0.0230101,-0.017448,0.0075743,0.00025619,9.7628e-05,-0.00147189,-0.0010541,-0.000899369,0.000949971,0.000219994,-0.0115544,0.00364706,0.0333796,0.0619596,-0.00100685,-0.0350801,0.0153824,0.000262008],[-0.0513632,-0.100222,-0.0637378,0.0318062,-0.0573071,-0.055595,0.0339197,0.00673668,0.0299641,0.0231976,0.00453994,-0.00241702,0.0105683,0.0071526,-0.0538046,0.0301347,0.0619596,0.443464,-0.00382135,-0.0870261,0.105486,0.00516732],[0.00033776,0.000958888,-0.004201,-0.00254735,-0.00509724,0.0030908,0.0227303,0.000227282,-0.0088875,0.000730265,0.00568041,0.000888229,0.00643505,0.00156106,0.000985272,0.0300215,-0.00100685,-0.00382135,0.0120059,0.0993989,-0.00289694,0.00279274],[0.122647,0.0729768,-0.241783,0.0951255,-0.0206717,-0.19462,0.482046,0.0143505,-0.555096,0.0591898,0.0658883,0.0207388,0.0630717,0.0230755,0.125058,0.323538,-0.0350801,-0.0870261,0.0993989,6.37392,0.110053,0.0390498],[-0.141058,-0.362218,-0.176891,0.104782,-0.166325,-0.185515,0.0717513,0.0262829,-0.0908886,-0.123854,-0.00265622,0.00648283,0.00637603,0.0113348,-0.113257,0.0190419,0.0153824,0.105486,-0.00289694,0.110053,0.559849,-0.000844244],[-0.000214666,-0.00207653,-0.0128591,0.00218811,-0.00767514,-0.0206291,0.0106292,-0.000626373,-0.0190853,0.0135398,0.00521695,0.00324985,0.00537867,0.00438859,-0.00140431,0.00859674,0.000262008,0.00516732,0.00279274,0.0390498,-0.000844244,0.00609968]],"n":22,"lags":3}