{"betahat":[[2.15838,2.75243,-5.4264,2.59549,4.16846,2.63241,-0.42845,0.765257,0.041547,5.0066,-0.00879916,-0.656605,63.3873,0.0792928,-0.454007,14.6049,13.9968,4.27902,-0.247716],[0.939295,0.176571,0.517958,-0.249485,0.253248,0.826442,0.0617831,0.0395092,0.0322432,0.0338136,0.0250131,-0.128884,2.59005,0.0636285,0.0252285,0.317747,1.40934,0.0576106,0.0383485],[0.176853,0.922671,0.399289,-0.129467,0.139899,-0.0186749,-0.0235671,-0.0201783,0.0294761,0.091658,0.0214206,0.178829,-1.62442,0.00758652,0.0566033,-1.30223,0.0796515,0.107021,-0.0146236],[-0.00464919,-0.0216793,0.706757,0.0911465,-0.0575478,-0.177809,-0.0351674,0.00614979,0.000654466,0.0639972,-0.00472808,0.00417204,0.995149,-0.00828408,-0.0330119,0.381266,0.405339,-0.0144569,-0.00575558],[-0.0223356,-0.0729616,-0.657658,0.58518,-0.138352,-0.316102,-0.0676247,0.0122609,-0.0119239,0.00576742,-0.00815493,0.0389482,-1.60166,0.0195805,0.0435054,-0.680938,-0.312517,-0.0174507,-0.0192591],[0.0804118,-0.0440531,-0.00666129,-0.222256,1.00745,0.103057,0.0221333,-0.00413573,-0.012395,0.0615486,-0.0102171,0.0719243,-0.437737,-0.0121937,-0.0136535,0.176749,-0.107269,0.00466053,-0.00403449],[-0.00831708,0.0521204,0.0750404,0.140595,0.0623766,0.855616,0.00587185,-0.00386355,-0.0103326,0.00724084,-0.00979446,0.0145384,0.636233,0.015037,0.00763153,0.162878,-0.421075,0.0405208,-0.00550378],[0.202561,0.386179,0.182514,-0.808936,-0.593749,-1.28473,0.921741,-0.10898,0.0587362,0.051466,0.0584445,0.00509401,-0.497671,0.104788,0.151054,-1.57026,-0.768894,-0.581949,0.0589866],[-0.189059,-3.47931,2.30021,-0.947971,-0.340005,-2.09004,0.313172,0.706253,0.106893,0.00565468,0.0574919,1.42025,-4.67292,0.203317,-0.00298239,-1.64503,4.73271,-0.603971,-0.0392693],[-0.502503,-1.57485,-2.82377,1.77246,-3.69371,-5.18021,-0.519036,0.158545,1.12171,2.40003,0.305063,-0.368925,11.4337,0.63107,0.502584,1.91779,2.40597,-0.271969,0.288443],[0.0967022,0.157091,0.0651239,-0.321743,0.068304,-0.272582,-0.0715464,-0.0184512,-0.0037374,1.3911,-0.00429524,0.17594,1.21593,0.0064486,-0.00837076,0.171777,-0.171317,-0.0324389,-0.0164226],[-1.05304,-1.33871,-4.63869,-0.375631,-2.63187,-1.86587,0.0985946,0.381263,-0.224996,0.324012,0.7997,0.855691,-19.2471,0.0446085,0.302976,-9.37436,6.20872,-0.0493502,-0.15677],[-0.0835286,-0.255297,0.661132,0.732323,0.521358,0.378235,0.15019,-0.0103565,0.021147,-0.222466,0.0148598,0.71484,3.40394,0.101141,0.0317165,0.61643,0.458178,-0.204715,0.0607555],[0.0168671,0.0177636,0.0506982,-0.00441544,0.0629937,0.0639907,-0.00111373,-0.00298325,0.00189747,-0.0343718,0.0020642,0.017534,0.918506,0.00346844,0.00272186,-0.0232354,0.0311537,-0.00849392,0.00255986],[-0.272393,-0.874079,2.04494,1.96492,1.22086,2.50725,0.143138,0.0102586,-0.00298553,-0.0642582,-0.00574194,0.17629,-9.93405,0.754272,-0.0769021,-0.817714,0.558268,-0.520054,0.120856],[0.966933,0.915117,1.38172,0.539209,2.07812,1.69385,0.0468201,0.0687987,0.0743122,0.704193,0.0397783,-0.0871332,5.91568,0.0107388,1.02494,-0.085507,4.51871,0.0363672,0.0173533],[-0.067503,-0.0322323,-0.0637052,0.0641678,-0.0294249,0.111526,0.00905128,0.0166052,0.00397807,0.0734733,0.00354651,-0.0527875,-0.501193,0.0110931,0.0232765,0.721057,0.220326,0.000667384,0.00190219],[0.0279841,0.072219,0.0828559,0.0656514,0.0198321,0.0608489,0.00395111,-0.0140361,0.00781424,-0.0844577,0.00777484,-0.0882995,1.32128,0.00070659,-0.0101535,0.283384,0.275037,-0.0211592,0.00769548],[-0.507404,-0.78358,-1.07339,0.793984,-0.671365,-0.721301,0.0925348,-0.00675547,0.00111857,-0.150543,-0.00168459,-0.0879839,-5.19984,-0.0654524,-0.00368147,-0.916955,-2.36492,-0.0471469,-0.00137171],[0.770014,0.214625,1.86434,0.599798,2.61057,-0.534521,0.570108,-0.0755535,0.112661,-0.715915,0.120284,-0.240497,21.895,0.339333,-0.207493,10.4332,1.34475,0.33254,1.10936],[0.0541082,-0.106631,-0.575969,-0.126825,-0.0882088,-0.753662,-0.00982185,-0.0147355,-0.00143707,0.186812,-0.000703647,-0.0688282,-0.88943,-0.0427048,-0.0457738,0.0324532,-0.527043,0.141308,-0.0352433],[-0.334604,-0.135936,-0.371,0.162942,-0.456318,-0.0811239,0.00130472,0.0102959,-0.0221822,-0.062891,-0.0136975,-0.209038,0.987961,0.0142009,-0.0135233,0.705083,-0.606777,-0.0593523,0.0203072],[-0.00340624,-0.0809129,0.118565,-0.0582417,0.0686505,0.0857408,0.0263799,-0.000602094,0.00348261,-0.129717,0.00620916,0.0198878,-1.04935,0.00921932,0.0321733,-0.319987,-0.169554,0.0137485,0.00101717],[0.0436083,0.117946,0.400875,0.116875,0.181929,0.131819,0.0202245,-0.0184613,0.0159029,-0.0611651,0.0114453,-0.0415001,2.01827,0.0213542,-0.00120931,0.156392,0.0871469,-0.012946,0.025601],[-0.0851593,0.0119092,-0.0566316,0.0876829,-0.140611,-0.23552,-0.0233738,0.00259292,0.0120915,0.0782404,0.0105072,-0.0815358,0.00661765,-0.0062225,-0.00129839,-0.0883353,0.111611,0.0269813,-6.21367e-05],[-0.0249782,-0.0837159,-0.118459,-0.136136,-0.0623067,0.049309,0.00260611,0.00134806,0.00917444,0.0372695,0.0102566,0.00621909,-1.008,-0.0232449,-0.0173461,-0.105103,0.356524,-0.0407568,-0.00341966],[-0.0152792,-0.0481631,1.05003,1.39028,0.50323,1.86515,0.12643,0.052989,-0.056506,-0.64514,-0.0542919,0.398688,-0.523682,-0.045115,-0.114333,1.78429,-0.656162,0.270478,-0.0478419],[-0.993728,2.27883,-3.15822,-0.712071,-1.89716,-0.50109,-0.817377,0.1151,0.058356,0.810901,0.0148544,-0.780405,9.07882,-0.30166,-0.263374,1.31735,-2.61936,-0.396369,0.10004],[-0.467521,0.339622,-0.400444,-2.72617,-0.161889,0.969298,-0.0835026,0.0379666,-0.278203,-1.83376,-0.366194,1.58603,-29.8563,-0.844444,-0.485957,-5.7376,-4.91685,-0.434636,-0.422298],[-0.0807718,-0.0299979,-0.289902,0.380562,-0.104008,0.137655,0.0889063,0.0118984,-0.000826782,-0.744386,-0.00193707,-0.281108,-0.491229,0.0227319,0.0383098,-0.162201,-0.121244,0.0428171,0.0150409],[-0.121771,0.675103,1.46679,-1.80058,-2.49811,-3.10902,-0.939072,-0.300143,0.079,0.813297,0.0433146,0.880095,1.23637,-0.613679,-0.5601,4.21796,-10.2608,-0.335812,-0.0535157],[0.178619,0.134012,-0.384603,-1.21983,-0.698136,-0.663542,0.0436091,-0.0356041,0.0225153,0.179376,0.0223219,0.167837,-4.00482,-0.00997068,0.0295203,-0.503505,-0.719874,0.0856345,-0.0105167],[-0.0135916,-0.0170611,-0.0474622,0.00879592,0.00207897,-0.0116844,0.00446902,0.00399994,-0.000386621,-0.00168341,-0.00027839,-0.028155,0.0449581,0.000512627,0.000442919,0.0317153,0.0847565,0.000429878,-0.00127564],[0.494462,0.539645,-0.147257,-1.77579,-0.358228,-1.58036,0.00587915,-0.0400788,0.0843311,-0.201726,0.0640319,-0.315693,1.52924,0.234767,0.183091,0.00839838,0.478046,0.309322,-0.00475837],[-0.772157,-0.441789,-1.10255,-0.869343,-1.71869,-2.73404,-0.165564,-0.0964384,0.0473586,-0.941537,0.0451724,0.185255,-11.6591,-0.0760578,-0.0196818,-1.49067,-2.10454,-0.66327,-0.0104851],[0.0498549,-0.0194593,0.0537116,-0.00484922,0.0852157,0.00562963,-0.0109523,-0.00725027,0.00421364,0.0143633,0.00253776,0.0388305,0.541645,-0.00722797,-0.0147333,0.230865,0.00833841,0.0100019,-0.00548662],[0.0105099,0.140512,0.0557508,-0.0114381,-0.106246,-0.0324011,0.0225615,-0.0147349,-0.00598795,-0.0311313,-0.00482655,0.0540251,-0.613911,-0.00437696,0.00621246,-0.32941,-0.189843,0.0614597,-0.00684394],[-0.25077,-0.0636386,0.355019,-0.312273,-0.382434,-0.241146,-0.0682,-0.027788,0.0117378,-0.260468,0.010021,0.166444,-2.48633,0.0181781,0.0362004,-0.582903,-0.877645,0.0530855,0.0339155],[-0.0627915,0.450101,-1.33024,-0.889705,-0.0520119,1.48375,-0.34872,-0.0105608,-0.0903566,0.0964739,-0.136824,0.283648,-6.30798,-0.462658,-0.116636,-5.08378,0.529204,0.316227,-0.149557],[0.00666667,-0.0700031,0.0581424,0.376392,-0.164939,-0.0725554,-0.0519126,-0.0247753,-0.0308142,-0.2207,-0.0243106,0.197668,-1.7007,-0.0209193,0.0205381,-0.34993,-0.882057,-0.198853,-0.00309504],[0.157706,0.21314,-0.0284005,-0.0336615,0.316148,0.0995599,0.0222785,0.00987528,-0.00730726,-0.0287671,-0.00773038,0.0300897,0.636321,-0.0217834,-0.0430755,0.597175,0.526829,-0.0475235,-0.00567068],[0.00790136,0.102389,0.174469,-0.0326736,-0.0116285,0.0915762,0.00880752,-0.0055489,-0.00414998,0.0656387,-0.00148343,-0.0241591,0.0532672,-0.000916652,0.000832096,-0.0609114,-0.235991,0.000677361,0.00476231],[-0.0211658,-0.0449894,0.256869,0.297987,-0.0432658,0.184606,0.0474444,0.0062137,-0.00399518,0.0553066,-0.00330965,0.00256471,-0.417043,-0.0409559,-0.0423041,0.52469,0.225519,0.0304197,-0.00634269],[0.00476133,0.0320478,0.063223,0.1346,0.133048,0.13238,0.00126444,0.0015516,0.000310927,-0.139793,-0.000283352,0.00947867,0.431924,0.0184229,0.0149459,-0.0880928,-0.00389887,-0.0315493,0.00410486],[0.0333571,0.0315333,0.0434859,-0.0044641,-9.03058e-06,0.0951142,-0.0084458,0.00250046,0.00115302,-0.0444798,-0.00046798,-0.0207986,0.371996,0.00821402,0.00970109,-0.0576789,0.0646656,0.000336266,0.00892346],[-0.187482,-0.338192,-1.23226,-0.581193,0.0900987,-0.58053,-0.0480287,0.0559694,-0.00224637,0.593601,-0.00417177,-0.4041,1.02243,-0.0596129,-0.0366828,-0.213352,1.42492,0.311773,-0.0111104],[1.86883,1.74114,1.98049,1.54979,3.27768,3.42513,0.620964,0.0736233,-0.154964,-0.902216,-0.0732176,-0.655271,-0.240156,0.180974,0.319118,0.299727,-1.18474,1.32129,-0.0288841],[0.449617,1.03534,2.08851,0.722441,2.5538,2.73702,0.460423,-0.174425,0.109223,-0.925258,0.0281462,-0.851024,10.9893,0.0865248,-0.0732722,2.67609,0.42985,0.0185752,0.113325],[-0.016161,-0.127296,0.224552,-0.058132,0.035905,0.135427,-0.0172535,0.00658929,0.00455929,0.351991,0.006225,0.104808,-0.729228,-0.0291619,-0.0298511,-0.010974,0.293734,-0.0105636,0.00140334],[0.638662,0.492218,2.05259,1.94772,3.80201,3.52113,0.660177,-0.06883,0.101611,-1.4504,0.120157,-1.31508,10.5994,0.415746,0.176641,3.94929,1.94421,-0.29337,0.175796],[-0.0951979,0.121091,-0.276712,0.488092,0.176503,0.285224,-0.193754,0.0459273,-0.0436937,0.0429681,-0.0371972,0.117082,0.604705,-0.091132,-0.0612435,-0.111103,0.262154,0.119177,-0.0501841],[-0.00417078,0.000177022,-0.00458397,-0.00490133,-0.0670893,-0.0544507,-0.00325576,-0.00129171,-0.00151801,0.0329374,-0.00178303,0.00985563,0.00545212,-0.00432256,-0.00294383,-0.0171722,-0.120361,0.00747117,-0.00138548],[0.0486519,-0.0253716,-1.02239,0.543911,-1.19435,-0.975631,-0.108809,-0.0552056,-0.0767109,0.785789,-0.0490508,-0.149283,4.76136,-0.0410369,-0.145047,1.98451,-0.1233,-0.0302848,-0.0421626],[0.0205793,-0.489728,0.128016,0.101409,0.389606,1.7679,0.225002,0.0777431,-0.135565,0.0462821,-0.0943028,0.106043,4.47627,0.0516258,-0.0448914,1.64206,-1.12064,0.659297,-0.00616542],[0.01824,0.0519687,0.012349,-0.0569791,-0.0539441,-0.113467,0.00222575,-0.00940917,-0.00822276,-0.0879047,-0.00608783,0.0129118,-0.0354778,-0.00355214,-0.00816968,0.0469536,-0.226192,-0.00951994,0.00361561],[0.0744407,0.0361837,0.0380145,-0.0238928,0.0616744,0.0442202,0.0162138,-0.00517419,-0.000586421,0.0736072,-0.00164508,0.0171152,-0.202142,0.00474908,0.000151075,-0.0239668,0.155513,-0.0134517,0.00305641],[-0.0117857,0.259405,0.342832,-0.622365,-0.570474,-0.00243565,-0.00291558,-0.0256609,0.0130772,0.00328607,0.0164838,0.00188056,0.501353,0.0615405,0.0299799,-0.35052,-0.35416,0.183193,0.036992],[-0.882235,-0.543437,0.728433,-0.078636,-1.70781,-0.326494,-0.262662,0.0474567,0.007757,0.585183,0.0419258,0.105827,-12.8904,0.197358,0.39592,-5.32543,-3.82593,-0.629059,-0.0516514]],"sigmahat":[[0.299989,0.171872,0.269884,-0.000500906,0.42835,0.334642,0.0362548,-0.00707671,-0.00265914,0.0129251,-0.00209857,-0.00501593,1.26406,0.0223777,0.0146155,0.124952,0.345904,0.0931734,0.00375088],[0.171872,0.376724,0.236173,-0.0217751,0.274011,0.284816,0.00828142,-0.00624429,0.00066755,-0.0305846,-1.2501e-05,-0.0358601,1.53547,0.0209181,0.0197773,-0.0159474,0.0298646,0.09546,0.00301109],[0.269884,0.236173,1.24603,0.181936,0.628569,0.950381,0.0933257,-0.0282515,0.00897248,-0.100594,0.0100821,-0.0481076,2.33399,0.0864099,0.0620836,0.153935,0.277382,0.182004,0.0285104],[-0.000500906,-0.0217751,0.181936,0.984865,0.141508,0.285751,0.0294853,-0.00803106,-0.0162282,-0.225402,-0.0126085,-0.0720761,0.34331,0.00863399,0.0197224,0.222989,-0.131154,-0.0939349,0.00435254],[0.42835,0.274011,0.628569,0.141508,1.61091,1.23204,0.142499,0.0190678,0.00132929,-0.23266,0.000993157,-0.129923,2.69179,0.0616743,0.0422957,0.235137,1.38349,0.217903,-0.00481117],[0.334642,0.284816,0.950381,0.285751,1.23204,1.96721,0.164649,0.0206402,-0.0038918,-0.258845,-0.00297985,-0.148648,2.59282,0.0864636,0.0657694,0.12177,1.25953,0.267408,0.0125057],[0.0362548,0.00828142,0.0933257,0.0294853,0.142499,0.164649,0.0560885,0.00180403,-0.00215272,-0.0788983,-0.00134153,-0.0287004,-0.0753411,0.0114293,0.00607459,0.0492667,0.202814,0.0281706,0.00245454],[-0.00707671,-0.00624429,-0.0282515,-0.00803106,0.0190678,0.0206402,0.00180403,0.00757032,-0.000529974,0.00744073,-0.000403609,0.000258698,-0.0505969,-0.0026047,-0.00182762,-0.00250522,0.0543902,0.00503997,-0.0018137],[-0.00265914,0.00066755,0.00897248,-0.0162282,0.00132929,-0.0038918,-0.00215272,-0.000529974,0.00488401,0.0167371,0.00357985,-0.0088429,0.139787,0.00366866,0.00213544,0.00978586,0.0483172,0.00202161,0.000909791],[0.0129251,-0.0305846,-0.100594,-0.225402,-0.23266,-0.258845,-0.0788983,0.00744073,0.0167371,0.689104,0.0146742,0.0343757,1.37842,-0.0233622,-0.0372883,0.379486,0.196643,0.0720362,-0.00419581],[-0.00209857,-1.2501e-05,0.0100821,-0.0126085,0.000993157,-0.00297985,-0.00134153,-0.000403609,0.00357985,0.0146742,0.00368562,-0.00800624,0.107497,0.00345073,0.00214969,0.0104994,0.0356448,0.00153134,0.000926965],[-0.00501593,-0.0358601,-0.0481076,-0.0720761,-0.129923,-0.148648,-0.0287004,0.000258698,-0.0088429,0.0343757,-0.00800624,0.19128,-1.49906,-0.035289,-0.020442,-0.237178,-0.268125,-0.0658185,-0.00996799],[1.26406,1.53547,2.33399,0.34331,2.69179,2.59282,-0.0753411,-0.0505969,0.139787,1.37842,0.107497,-1.49906,46.0939,0.57963,0.164579,6.7042,2.93622,1.62389,0.154507],[0.0223777,0.0209181,0.0864099,0.00863399,0.0616743,0.0864636,0.0114293,-0.0026047,0.00366866,-0.0233622,0.00345073,-0.035289,0.57963,0.0282124,0.0191023,0.00454478,0.0684555,0.0230822,0.00637773],[0.0146155,0.0197773,0.0620836,0.0197224,0.0422957,0.0657694,0.00607459,-0.00182762,0.00213544,-0.0372883,0.00214969,-0.020442,0.164579,0.0191023,0.0235287,-0.132375,-0.01124,0.00968911,0.00321282],[0.124952,-0.0159474,0.153935,0.222989,0.235137,0.12177,0.0492667,-0.00250522,0.00978586,0.379486,0.0104994,-0.237178,6.7042,0.00454478,-0.132375,3.7348,1.03393,0.162667,0.0293791],[0.345904,0.0298646,0.277382,-0.131154,1.38349,1.25953,0.202814,0.0543902,0.0483172,0.196643,0.0356448,-0.268125,2.93622,0.0684555,-0.01124,1.03393,5.20874,0.253055,0.0125207],[0.0931734,0.09546,0.182004,-0.0939349,0.217903,0.267408,0.0281706,0.00503997,0.00202161,0.0720362,0.00153134,-0.0658185,1.62389,0.0230822,0.00968911,0.162667,0.253055,0.228586,-0.000764857],[0.00375088,0.00301109,0.0285104,0.00435254,-0.00481117,0.0125057,0.00245454,-0.0018137,0.000909791,-0.00419581,0.000926965,-0.00996799,0.154507,0.00637773,0.00321282,0.0293791,0.0125207,-0.000764857,0.00561812]],"n":19,"lags":3}