{"betahat":[[2.41107,3.33318,-6.22778,1.90666,3.30333,1.15085,-0.102152,0.671341,-0.181508,2.18883,-0.180108,0.0312423,43.6672,-0.164805,-0.548355,10.5312,12.1784,3.41682,-0.174756],[0.92768,0.160712,0.484082,-0.232513,0.245709,0.808881,0.0610574,0.0448756,0.033361,0.0374999,0.0262972,-0.12819,2.45054,0.0590869,0.0222264,0.333365,1.51434,0.0363603,0.0394861],[0.182801,0.923068,0.368802,-0.155345,0.123909,-0.047312,-0.0260374,-0.0217314,0.0285962,0.0865748,0.0200409,0.179089,-1.6894,0.00809028,0.0569186,-1.32961,0.029987,0.110525,-0.0152089],[-0.00343145,-0.0307186,0.736294,0.0960018,-0.0357376,-0.157176,-0.0337477,0.00693573,0.000494573,0.0702884,-0.00509486,0.00985578,0.931575,-0.00942293,-0.0347929,0.4091,0.462118,-0.0208865,-0.00549687],[-0.0253442,-0.070218,-0.667138,0.585478,-0.142533,-0.321648,-0.0692938,0.0123775,-0.0107491,0.0290087,-0.00724233,0.027578,-1.42165,0.0206751,0.0429732,-0.636827,-0.292209,-0.00545912,-0.0194445],[0.0927236,-0.0329451,0.021987,-0.238096,1.02893,0.11972,0.0226087,-0.00499858,-0.0117621,0.0737326,-0.0100691,0.0713744,-0.294797,-0.00932419,-0.0133704,0.212331,-0.112201,0.0207236,-0.00311927],[-0.00212363,0.0580859,0.093849,0.142378,0.0874964,0.87613,0.0101704,-0.00478764,-0.00909639,0.00330312,-0.00879799,0.00621406,0.788781,0.0182262,0.0105527,0.145845,-0.424466,0.0488688,-0.00614237],[0.107011,0.35459,0.0286776,-0.807832,-0.788889,-1.45398,0.903891,-0.106076,0.0515202,-0.0373195,0.0533626,0.0455232,-1.07551,0.0972997,0.14791,-1.77084,-1.2346,-0.653223,0.0531514],[-0.598521,-3.73677,1.35088,-1.18526,-0.874219,-2.66398,0.216829,0.778523,0.0924714,-0.0454246,0.0507528,1.59505,-7.98721,0.144449,-0.0485957,-1.92717,4.5638,-0.929392,-0.0676955],[-0.502232,-1.70586,-2.89212,1.79556,-3.52791,-4.95676,-0.453111,0.183183,1.12606,2.28644,0.306961,-0.411338,11.3143,0.686719,0.535986,1.90355,3.21709,-0.275989,0.296325],[0.0964174,0.160513,0.0872081,-0.310994,0.0785968,-0.256113,-0.0691563,-0.0205647,-0.00279179,1.38792,-0.00355225,0.167463,1.36759,0.0100623,-0.00647203,0.189597,-0.187569,-0.02195,-0.0159352],[-1.09314,-1.19787,-4.96992,-0.646873,-2.62896,-2.10954,0.0159087,0.408278,-0.210698,0.576617,0.810832,0.81618,-17.7179,-0.00540711,0.274497,-9.41542,5.52714,-0.0265905,-0.181979],[-0.0864582,-0.241081,0.637436,0.686933,0.525572,0.389563,0.145677,-0.00933203,0.0199658,-0.226714,0.0146353,0.72979,3.59135,0.103543,0.0334176,0.602638,0.399444,-0.195691,0.0595716],[0.0162875,0.0187632,0.0485225,-0.0030736,0.0595349,0.0622882,-0.00130742,-0.00293171,0.00168717,-0.0360952,0.00193728,0.0177153,0.941906,0.00369434,0.00278471,-0.0214474,0.0227381,-0.0081249,0.00248499],[-0.311947,-0.849391,2.01643,1.66728,1.56187,2.74925,0.133551,0.0441921,-0.00942401,-0.0351655,-0.00733684,0.324873,-9.45163,0.752666,-0.0881139,-0.85109,0.572924,-0.493876,0.0843792],[0.926012,0.885994,1.40952,0.881656,1.69817,1.49459,0.0343753,0.0247733,0.0837646,0.635195,0.0454729,-0.247816,5.62608,0.0229109,1.0537,-0.107525,4.24846,-0.0371554,0.0445034],[-0.0642739,-0.03156,-0.0498711,0.0718121,-0.0203992,0.124246,0.00881762,0.0151149,0.0047345,0.0718464,0.00430742,-0.057934,-0.465822,0.0128011,0.0254979,0.727201,0.226615,0.00290745,0.00263848],[0.0401772,0.0743498,0.102245,0.0787647,0.0339089,0.0768364,0.00725934,-0.0157293,0.00774994,-0.0832037,0.00772974,-0.0911816,1.32709,0.00104202,-0.00957521,0.289611,0.313439,-0.0168999,0.00876352],[-0.456285,-0.750729,-0.984898,0.805772,-0.582467,-0.612273,0.10419,-0.011071,0.00529367,-0.0913593,0.00177212,-0.133007,-4.50197,-0.0559906,0.00124209,-0.789449,-2.11397,0.0359651,0.00249943],[0.810994,0.165905,1.70197,0.694449,2.44235,-0.591129,0.601752,-0.0874329,0.114424,-0.685197,0.121029,-0.317447,20.862,0.320902,-0.235803,10.7163,2.06851,0.379975,1.1478],[0.0487247,-0.0996233,-0.56554,-0.151788,-0.0940092,-0.753257,-0.0102259,-0.0162828,-0.00365299,0.164356,-0.00292651,-0.0583095,-0.94583,-0.0427536,-0.0469526,-0.00203548,-0.632795,0.153477,-0.0376004],[-0.362675,-0.146196,-0.392529,0.187812,-0.501436,-0.111121,0.000334019,0.0116077,-0.0242092,-0.0868556,-0.0138461,-0.197765,0.700647,0.0081471,-0.0158982,0.691718,-0.690165,-0.0863404,0.0186882],[-0.00630749,-0.0778244,0.0979064,-0.0657168,0.0572899,0.0811792,0.025824,0.000216939,0.00421503,-0.128798,0.00696686,0.01414,-1.02868,0.0101341,0.0328707,-0.346428,-0.177927,0.0146553,0.00120425],[0.0439172,0.11606,0.430254,0.124374,0.186494,0.141196,0.0223963,-0.0199803,0.0151709,-0.0739799,0.010923,-0.0358021,1.94592,0.0207693,-0.00124318,0.153909,0.0530143,-0.0157505,0.025488],[-0.0862541,0.00679096,-0.0693263,0.105557,-0.146995,-0.238085,-0.0209163,0.00205038,0.012173,0.0746609,0.0109851,-0.0897776,0.0137928,-0.00615601,-0.000109966,-0.0950591,0.144919,0.0222372,0.000161447],[-0.0246236,-0.0879919,-0.143483,-0.136625,-0.0856718,0.0226714,-0.00194481,0.00181235,0.0078542,0.0408755,0.00896405,0.0131236,-1.15306,-0.0271085,-0.0199087,-0.104112,0.349254,-0.0474439,-0.00303144],[0.0329584,-0.0334934,1.12961,1.32808,0.648449,1.96907,0.133815,0.0557131,-0.0515983,-0.591784,-0.0504062,0.400553,-0.24889,-0.0411602,-0.114319,1.89371,-0.365821,0.342049,-0.0483785],[-0.902795,2.30763,-2.8801,-0.654027,-1.77095,-0.329908,-0.754722,0.105164,0.0581635,0.752245,0.013133,-0.860754,9.97138,-0.280001,-0.256408,1.44205,-2.85691,-0.217393,0.108493],[-0.519483,0.312616,-0.414619,-2.86138,-0.506132,0.719054,-0.179629,0.0284703,-0.289491,-1.70957,-0.382183,1.71649,-31.4631,-0.908191,-0.515543,-6.40923,-5.8048,-0.445983,-0.434888],[-0.0948174,-0.0441476,-0.33454,0.388992,-0.160636,0.0709399,0.0843998,0.0117103,-0.00181669,-0.733494,-0.00253132,-0.279315,-0.78069,0.0159718,0.0340279,-0.179696,-0.151134,0.0209133,0.0153774],[-0.00362942,0.645877,2.01467,-1.66264,-2.34905,-2.75439,-0.820214,-0.32184,0.0780775,0.571235,0.0462344,0.857222,1.39978,-0.551209,-0.550316,4.9582,-9.93621,-0.23332,-0.0265424],[0.168298,0.108945,-0.382102,-1.21338,-0.718168,-0.70107,0.0414484,-0.0378709,0.0245833,0.15977,0.0231031,0.173195,-4.46849,-0.012718,0.0312041,-0.618108,-0.747771,0.0583205,-0.0103357],[-0.0143371,-0.0185465,-0.0488392,0.00500663,0.00240442,-0.0114281,0.00401719,0.00421583,-0.000161454,-0.000691883,-0.000189514,-0.0270668,0.024696,0.000419223,0.000353761,0.0273167,0.0920388,-0.000938995,-0.00132745],[0.459518,0.531956,-0.100422,-1.7112,-0.463976,-1.65197,0.0201333,-0.0513617,0.0816757,-0.346219,0.0612006,-0.358784,1.94605,0.25098,0.192628,0.0665521,0.158412,0.308359,0.00271746],[-0.837988,-0.464888,-1.24599,-0.920934,-1.77613,-2.89898,-0.206165,-0.0845233,0.0450372,-0.841489,0.0461545,0.244357,-12.2377,-0.0985097,-0.0231118,-1.77872,-2.44028,-0.668425,-0.028495],[0.0534879,-0.0187106,0.0615001,0.00158922,0.0879443,0.00503554,-0.00953971,-0.00738004,0.00389912,0.0169348,0.00215214,0.0384939,0.566407,-0.00777621,-0.0148779,0.231507,-0.00142045,0.0137968,-0.00583458],[0.00762909,0.140965,0.0528533,-0.0153413,-0.115794,-0.0410735,0.0208974,-0.0152061,-0.0059036,-0.0282886,-0.00480219,0.055733,-0.673787,-0.00503898,0.00587538,-0.332461,-0.190703,0.0562455,-0.00659547],[-0.163884,-0.026677,0.498902,-0.288785,-0.224351,-0.100672,-0.0557307,-0.034546,0.0145735,-0.246827,0.0115852,0.139212,-1.89856,0.0309749,0.0463733,-0.526507,-0.630054,0.108871,0.0372751],[-0.0276221,0.448457,-1.33757,-0.809327,-0.268547,1.1224,-0.352543,-0.0146417,-0.0994741,0.0514788,-0.146739,0.381706,-7.85458,-0.492244,-0.117398,-5.67068,-0.0580543,0.142519,-0.154986],[0.0234701,-0.0612197,0.0814593,0.384367,-0.15184,-0.0556609,-0.0508125,-0.0285932,-0.0297074,-0.201864,-0.0233692,0.186445,-1.50524,-0.0163282,0.0247292,-0.331354,-0.881528,-0.189809,-0.00188764],[0.179804,0.223063,0.0237465,-0.0324575,0.377466,0.158468,0.025696,0.0101211,-0.00438739,0.000326153,-0.00619953,0.0186471,0.98873,-0.0162408,-0.0410216,0.637986,0.660199,-0.0241137,-0.00348227],[0.00965817,0.108453,0.165696,-0.0302523,-0.021813,0.0757373,0.00790722,-0.00715235,-0.00470883,0.0585603,-0.00186932,-0.0240285,0.097025,-0.000718689,0.00192314,-0.0624234,-0.284121,0.00619312,0.00429814],[-0.0185626,-0.045895,0.237037,0.290175,-0.0438368,0.180592,0.0469168,0.0076024,-0.00442438,0.0449768,-0.00368143,0.00817591,-0.524057,-0.041427,-0.0417187,0.482993,0.239322,0.0213185,-0.00604878],[-0.00646057,0.0261185,0.0474343,0.13254,0.118115,0.118436,-0.00166145,0.00294791,-0.000411277,-0.148449,-0.00091334,0.0183373,0.280757,0.0154944,0.0134888,-0.117231,-0.0327235,-0.0429331,0.0029636],[0.026753,0.0298231,0.0497367,-0.00560018,-0.00179798,0.101322,-0.00820229,0.00296971,0.00124044,-0.0441571,-0.00016591,-0.0193857,0.364324,0.0088915,0.00936379,-0.0415229,0.0753493,-0.001386,0.00917611],[-0.139989,-0.321222,-1.15758,-0.520026,0.140453,-0.514442,-0.0376899,0.0503316,8.84421e-05,0.629167,-0.00294813,-0.446341,1.32746,-0.0560676,-0.0335412,-0.122218,1.59998,0.311375,-0.00474188],[1.90044,1.72327,2.14198,1.77642,3.31725,3.56895,0.608681,0.0597609,-0.139231,-0.735528,-0.0605145,-0.787197,0.974761,0.191705,0.341121,0.508506,-0.959911,1.37667,-0.0249263],[0.680304,1.2483,2.59628,0.924224,3.19976,3.31274,0.532872,-0.19399,0.135188,-0.754668,0.0562896,-1.05205,15.3581,0.132535,-0.0649629,3.83791,1.31631,0.272822,0.11889],[-0.00158015,-0.116206,0.247638,-0.0777127,0.0822775,0.185788,-0.0152511,0.00885527,0.00460131,0.345262,0.00607544,0.111798,-0.586608,-0.0259574,-0.0274904,-0.0102599,0.338763,0.00116014,0.000576119],[0.711315,0.391892,2.15291,2.14784,4.06828,3.82722,0.683111,-0.0702231,0.102736,-1.33434,0.11779,-1.41055,11.4004,0.453285,0.22459,3.70624,2.98733,-0.198006,0.186938],[-0.0819082,0.13202,-0.255419,0.526973,0.192695,0.3112,-0.187166,0.0471595,-0.0445397,0.0669626,-0.0377294,0.0967471,0.878248,-0.0908437,-0.0646191,0.0157099,0.347992,0.137285,-0.0492472],[-0.00225733,0.000168879,0.00100464,-0.00196781,-0.0624606,-0.0507804,-0.00253719,-0.00147814,-0.00149394,0.0353917,-0.00170977,0.00875468,0.0216634,-0.00414645,-0.00293772,-0.00968763,-0.116715,0.00908119,-0.00117468],[0.0452782,0.0392734,-1.01361,0.432222,-1.15035,-0.957882,-0.123453,-0.0519973,-0.070316,0.735166,-0.045608,-0.115973,4.80644,-0.0347352,-0.132,1.72489,-0.31702,-0.0147428,-0.0499422],[0.0219678,-0.440677,0.0994477,-0.0597593,0.471792,1.79146,0.226247,0.0840884,-0.13456,0.115028,-0.0950298,0.10981,5.80868,0.0653696,-0.0521009,1.92678,-1.15276,0.708263,-0.016578],[0.0112022,0.0502618,-0.00995337,-0.0722321,-0.0665131,-0.12729,0.000899702,-0.00780622,-0.00861366,-0.0887155,-0.00644531,0.0189212,-0.0970139,-0.00481601,-0.0104318,0.0411594,-0.223692,-0.016093,0.0032272],[0.0689839,0.0334719,0.0328788,-0.0189305,0.056962,0.0390175,0.0157508,-0.00477377,-0.000987479,0.0691935,-0.00165222,0.0195004,-0.258805,0.00415428,-0.000302828,-0.0265744,0.151655,-0.0206227,0.00315227],[0.0370961,0.281507,0.42449,-0.587064,-0.455914,0.116671,0.0162373,-0.025869,0.0134182,0.00151578,0.0169192,-0.029372,0.967641,0.0694277,0.0328831,-0.238543,-0.166887,0.22612,0.0384843],[-0.906068,-0.603795,0.53279,-0.021173,-1.69311,-0.173648,-0.265894,0.0703824,-0.00206192,0.580645,0.0374687,0.0384911,-13.1144,0.191264,0.385438,-5.02128,-3.27036,-0.598859,-0.0498465]],"sigmahat":[[0.325784,0.187829,0.318006,0.00424615,0.480591,0.383642,0.0423116,-0.00897397,-0.00137886,0.023524,-0.00133693,-0.016405,1.52395,0.0270675,0.0164526,0.147762,0.440035,0.119674,0.00556722],[0.187829,0.386631,0.257304,-0.0203075,0.310309,0.305865,0.0104096,-0.00703254,0.00100379,-0.0301696,-4.64613e-05,-0.0400942,1.69452,0.0224145,0.0202534,-0.00680064,0.0679004,0.110851,0.00307596],[0.318006,0.257304,1.37304,0.181286,0.748982,1.06966,0.106849,-0.0327757,0.0116979,-0.0810417,0.0120952,-0.0674826,2.7928,0.096165,0.0675298,0.206826,0.398714,0.227193,0.0301713],[0.00424615,-0.0203075,0.181286,0.989504,0.151742,0.289411,0.0304402,-0.00815272,-0.0153225,-0.21278,-0.0115637,-0.0818813,0.402346,0.00887281,0.019592,0.248649,-0.0948773,-0.0878831,0.00462571],[0.480591,0.310309,0.748982,0.151742,1.75322,1.36804,0.154807,0.018233,0.00444374,-0.21499,0.00309596,-0.147669,3.22698,0.0709328,0.0465353,0.291994,1.58014,0.274315,-0.00331616],[0.383642,0.305865,1.06966,0.289411,1.36804,2.09691,0.181629,0.0189141,0.000357583,-0.242765,0.000274561,-0.174446,3.07288,0.0976006,0.0724773,0.172771,1.45834,0.316161,0.0151318],[0.0423116,0.0104096,0.106849,0.0304402,0.154807,0.181629,0.0582088,0.00156714,-0.00181375,-0.0762238,-0.00106801,-0.0313257,-0.0288033,0.0126525,0.00681401,0.0509275,0.224747,0.0337728,0.00294699],[-0.00897397,-0.00703254,-0.0327757,-0.00815272,0.018233,0.0189141,0.00156714,0.00823019,-0.000618134,0.00580143,-0.000460225,0.000994708,-0.0667722,-0.00286648,-0.0020275,-0.00517547,0.0564288,0.00395322,-0.0019399],[-0.00137886,0.00100379,0.0116979,-0.0153225,0.00444374,0.000357583,-0.00181375,-0.000618134,0.00509456,0.017801,0.00373484,-0.010177,0.157221,0.00416211,0.00261544,0.0109319,0.052598,0.00324293,0.000996939],[0.023524,-0.0301696,-0.0810417,-0.21278,-0.21499,-0.242765,-0.0762238,0.00580143,0.017801,0.692813,0.0156752,0.023882,1.5172,-0.017544,-0.0333202,0.387429,0.223196,0.0797107,-0.00255691],[-0.00133693,-4.64613e-05,0.0120952,-0.0115637,0.00309596,0.000274561,-0.00106801,-0.000460225,0.00373484,0.0156752,0.00379936,-0.00889466,0.118243,0.00378054,0.00249178,0.011608,0.0383203,0.0022535,0.000987801],[-0.016405,-0.0400942,-0.0674826,-0.0818813,-0.147669,-0.174446,-0.0313257,0.000994708,-0.010177,0.023882,-0.00889466,0.201894,-1.62141,-0.037367,-0.0225884,-0.249863,-0.313024,-0.0776721,-0.0109273],[1.52395,1.69452,2.7928,0.402346,3.22698,3.07288,-0.0288033,-0.0667722,0.157221,1.5172,0.118243,-1.62141,49.326,0.629469,0.193426,6.93367,3.61333,1.92723,0.164036],[0.0270675,0.0224145,0.096165,0.00887281,0.0709328,0.0976006,0.0126525,-0.00286648,0.00416211,-0.017544,0.00378054,-0.037367,0.629469,0.0293383,0.0199199,0.00671395,0.0825561,0.0285865,0.00664062],[0.0164526,0.0202534,0.0675298,0.019592,0.0465353,0.0724773,0.00681401,-0.0020275,0.00261544,-0.0333202,0.00249178,-0.0225884,0.193426,0.0199199,0.0242561,-0.13089,-0.00163531,0.0123872,0.00336454],[0.147762,-0.00680064,0.206826,0.248649,0.291994,0.172771,0.0509275,-0.00517547,0.0109319,0.387429,0.011608,-0.249863,6.93367,0.00671395,-0.13089,3.74231,1.08534,0.192913,0.029838],[0.440035,0.0679004,0.398714,-0.0948773,1.58014,1.45834,0.224747,0.0564288,0.052598,0.223196,0.0383203,-0.313024,3.61333,0.0825561,-0.00163531,1.08534,5.59501,0.33483,0.0176495],[0.119674,0.110851,0.227193,-0.0878831,0.274315,0.316161,0.0337728,0.00395322,0.00324293,0.0797107,0.0022535,-0.0776721,1.92723,0.0285865,0.0123872,0.192913,0.33483,0.256103,0.000479752],[0.00556722,0.00307596,0.0301713,0.00462571,-0.00331616,0.0151318,0.00294699,-0.0019399,0.000996939,-0.00255691,0.000987801,-0.0109273,0.164036,0.00664062,0.00336454,0.029838,0.0176495,0.000479752,0.00584075]],"n":19,"lags":3}