{"betahat":[[-0.0117007,0.174557,-0.330006,0.197273,-0.219121,-0.0812431,0.0109507,-0.0333018,-0.02292,-0.333467,-0.0239391,0.868293,-1.46078,-0.00495332,0.00856014,0.87163,1.9319,-0.0201895,-0.430016,-0.16988,0.0236508],[0.0775571,0.0848267,0.151583,-0.040945,0.125015,0.12857,0.018636,-0.0101798,0.0100083,0.0190982,0.00754403,-0.0155949,0.570643,0.00969947,0.0098525,-0.427951,-0.0471511,0.00660754,-0.115883,0.0248448,0.0098403],[0.106965,0.1401,0.0770726,0.0760762,0.116152,0.155675,0.0290193,-0.0119884,-0.00815865,-0.00156535,-0.0104105,0.0355674,-0.229453,-0.00460881,0.00467087,-0.406496,-0.0003363,-0.0113463,-0.0473096,0.0198615,-0.00375334],[0.00496466,0.0314073,0.0174433,-0.0137974,0.0101763,-0.0035786,-0.00376719,-0.00691327,0.0063492,0.0348529,0.00587807,-0.0105689,0.401877,0.00460345,0.000279854,-0.0126784,-0.0111945,0.00532476,-0.121475,0.0231819,0.00396587],[-0.0178232,-0.0678329,-0.135548,-0.00989165,-0.0260727,-0.0805232,-0.0123733,0.00947848,-0.00411806,-0.0256554,-0.00364598,0.00834028,-0.571019,0.00171995,0.0069826,-0.0700452,-0.000338604,-0.00401528,-0.0332275,-0.0235806,-0.00837983],[0.0209594,-0.0294428,0.0867136,-0.0464438,0.103765,0.0674743,0.00536933,-0.000565591,0.00953137,0.022553,0.00902976,-0.0277519,0.324316,0.011061,0.00904686,0.0665082,-0.0262678,0.00761995,-0.00435518,0.0125179,0.000655715],[0.0226021,-0.0177334,0.0632678,0.00208409,0.106719,0.0683562,0.00504548,-0.000906673,0.0053397,0.029331,0.00482397,-0.0144224,0.194734,0.00811317,0.00763365,0.0384748,-0.034492,0.00335301,0.00176124,0.0042456,0.000122986],[-0.0981971,-0.139784,-0.309309,0.176211,-0.329168,-0.26647,0.0944343,0.00107472,-0.0132433,-0.121496,-0.0120025,-0.0637642,-2.56763,-0.0171942,0.0113503,-0.416747,-0.01528,-0.0073467,-0.112356,-0.223253,0.0123335],[-0.382835,-0.794215,0.113387,-0.434549,-0.277752,-0.53272,-0.139679,0.213224,0.0497338,-1.22478,0.0520723,-0.0351197,7.8798,0.00714997,-0.0226187,1.90279,0.733491,0.0539037,0.217508,0.298483,-0.0847056],[0.0414088,0.108466,0.212936,-0.128485,-0.116726,-0.0997715,-0.0286951,-0.0284951,0.0307434,0.0757861,0.0355541,-0.0407908,0.888678,0.0176923,0.022668,-0.518046,-0.0676035,0.0376727,-0.586275,0.048363,0.0155658],[0.000399135,0.0027855,-0.00322794,0.000768548,0.0031012,-0.0035625,-0.00447267,-0.00223708,0.00111671,0.0801685,0.000983673,0.0065116,-0.13939,0.00174054,0.00186831,0.0661489,0.0199161,0.000231077,-0.00872774,-0.00910779,-0.00533462],[0.0139133,0.0525192,0.151716,-0.129346,-0.141948,-0.150781,-0.0205202,-0.022554,0.032435,0.0584,0.0364454,-0.0627559,0.358013,0.0141524,0.0194402,-0.526483,-0.142605,0.0386772,-0.470852,0.021534,0.0186926],[-0.00825131,-0.0025113,-0.0213377,-0.000208128,-0.0159802,-0.0139503,0.00160244,-9.2641e-05,-0.0054153,0.0505708,-0.0058158,0.115654,0.098546,-0.00359649,-0.0061192,0.368004,0.284803,-0.00504471,0.0375585,-0.00914124,0.000317326],[0.00102756,0.000487885,0.00290247,-4.43801e-05,0.00435891,0.00407912,3.1969e-05,4.26734e-05,0.000391335,-0.00168994,0.000381452,-0.000211391,0.0519133,0.000566406,0.00042378,0.00610854,0.00443131,0.000376274,-0.000838808,0.0022647,0.000617162],[0.0105991,-0.0396682,0.140288,-0.0359615,0.0813459,0.0524062,-0.0100676,-0.00675222,0.0195749,0.0467102,0.0213694,-0.0397898,0.104988,0.0158343,0.0207864,-0.331279,-0.126983,0.0227615,-0.0114444,-0.00970957,0.0171283],[0.0257327,0.0143047,0.0943683,-0.0230562,0.00291679,-0.0587612,-0.00709806,-0.0127657,0.0161623,-0.0194137,0.015247,-0.069965,-0.234181,0.00881096,0.0226167,-0.641195,-0.196951,0.0196999,-0.0483704,-0.019158,0.0217215],[-0.00192075,-0.0046135,0.00146805,0.00109105,0.00827465,0.00850335,-0.000785453,0.000495614,0.000241547,0.0118641,0.00028105,0.0083507,0.0670086,0.000391949,0.000136409,0.126233,0.0416269,-0.000216746,0.00608672,0.00344553,0.000656093],[0.00261892,0.0153122,-0.0189455,0.00488749,-0.0122609,0.0046405,0.00389302,0.00274447,-0.00317212,0.0178808,-0.00312846,0.137541,0.483782,-0.0028895,-0.00231629,0.590356,0.4554,-0.00281732,-0.0365282,0.0177624,0.00390025],[0.0188089,0.0932621,0.158732,-0.135098,-0.210289,-0.186855,-0.0269532,-0.0321648,0.0284424,-0.0271011,0.0327035,-0.0306942,-0.120238,0.0124547,0.0222365,-0.909696,-0.162664,0.037371,-0.443709,-0.022692,0.0248043],[-0.00164857,-0.0403135,0.0253731,0.00264407,0.0453123,0.0262985,-0.00271423,0.00445525,0.00434011,0.00469093,0.00336553,-0.0259062,0.591065,0.00742222,-0.000853487,0.231297,0.00536061,0.00254183,0.043977,0.0174695,0.00570424],[0.0689357,0.00738875,0.128957,0.026949,0.123782,0.102827,0.012397,0.00604338,0.0156458,-0.0734082,0.015918,-0.0330187,1.65292,0.013438,0.0174436,-0.00159263,0.0912027,0.0153305,-0.159536,0.0613413,0.0132367],[0.0277552,-0.414799,0.760167,-0.217718,0.294556,-0.082426,-0.031304,-0.135046,0.136542,-0.763589,0.135402,0.203283,7.63979,0.163433,0.112763,3.69771,0.86174,0.160609,0.842148,-0.0912289,0.62836],[-0.00574859,-0.00325588,-0.0129918,-0.0337953,-0.0235017,-0.0542291,0.00417581,-0.00170903,0.00347143,-0.00158037,0.00381245,0.00509309,-0.136576,0.0030475,0.00232189,-0.0886097,0.0113354,0.00500255,-0.0580242,0.00317033,0.00137324],[-0.0114339,-0.0135829,-0.0431002,0.00525099,-0.032613,-0.0405702,0.00514643,-0.000710911,-0.00209677,-0.0156062,-0.00218149,0.00565337,-0.306324,0.000260995,0.00166197,-0.113177,-0.00977374,-0.00140102,-0.0346776,-0.0176091,0.00105594],[0.0067224,0.00611948,0.00184457,-0.00755351,0.00377188,-0.0032927,0.00191925,-0.00305766,0.00129523,0.00606324,0.00153926,0.000768125,-0.0746526,0.00143479,0.0026138,-0.0487585,-0.00250751,0.00168946,-0.0193174,0.00146823,0.00129041],[-0.00804512,-0.0155374,-0.00625741,-0.0169318,0.0127198,-4.70363e-05,-0.00285072,0.00186863,0.000605828,-0.00400288,0.000171114,0.00199289,0.0196245,0.000161537,-0.000228166,0.0239192,-0.00577132,-9.11073e-06,0.0404927,-0.00238058,0.00087708],[-0.00522708,-0.00639274,0.00289342,-0.0184261,-0.00968811,-0.0194164,-6.09554e-05,-0.000318693,0.00217133,0.015831,0.00231291,-0.00262693,-0.0279258,0.000710851,0.00105363,0.00560014,-0.00250655,0.00226915,-0.00262861,0.00283438,0.000515508],[-0.00485754,-0.0044982,-0.0042536,-0.0144057,0.00112123,-0.0107116,-0.00148682,-2.62734e-05,0.00105716,0.0142772,0.000945849,0.00306642,-0.00406628,2.22961e-05,0.000327622,0.00776045,-0.00140152,0.000861082,0.00312611,0.00207816,-0.00028488],[-0.0698003,-0.0400791,-0.105386,0.00754841,-0.237541,-0.196257,-0.01709,0.00727935,-0.00506744,0.0590549,-0.00481944,0.0409385,-0.706747,-0.0131242,-0.0102618,-0.0420541,-0.053215,-7.79366e-06,0.0510795,-0.011501,-0.00422519],[0.00780189,0.0679003,0.10127,-0.0114709,0.195954,0.209299,-0.00685365,0.0277699,0.00830646,-0.354291,0.00617382,-0.0883413,3.66551,0.00608051,-0.0015966,0.312864,0.166221,0.00274176,0.108608,0.205142,0.00949482],[0.0369305,0.0565057,0.0632921,-0.0407314,-0.0301227,-0.0418252,-0.00510164,-0.0127982,0.00346374,0.00208673,0.00442594,-0.0162961,-0.188589,-0.000893102,0.00381874,-0.302907,-0.104158,0.00606736,-0.137554,-0.00965303,0.00361145],[3.03535e-05,0.00215571,-0.00591822,0.00917584,0.00111999,0.00281948,0.00109865,-0.000669999,-0.000362814,0.00667236,-0.000346265,-0.000989748,-0.0851026,0.000289049,0.00127808,0.0126498,0.0129319,-0.000461618,-0.00454502,-0.00317666,-0.000635633],[0.0318277,0.0680174,0.0260492,-0.0544808,-0.0830594,-0.0672789,0.00195243,-0.0167493,0.0016173,0.0158791,0.00206848,-0.0111061,-0.507675,-0.00392205,0.0023584,-0.287759,-0.0662673,0.00317242,-0.0979002,-0.00650073,0.00422438],[-0.00266991,-0.00417316,-0.0100902,-0.00310162,-0.0054498,-0.00481025,0.000892908,0.000564045,-0.000868043,0.0174114,-0.00100966,0.0288966,0.0413791,4.99444e-05,-0.000778451,0.112497,0.0833245,-0.00115893,-0.00408172,0.000331354,-0.000358475],[0.000258914,0.000167962,0.000398132,-6.77335e-05,0.00112727,0.000695003,3.7046e-05,-6.62129e-07,6.47714e-05,-0.000827233,5.48893e-05,-0.000314833,0.0064248,9.00301e-05,0.000138504,-0.00138328,-0.000146985,5.60401e-05,0.000246109,0.000350384,0.000118757],[0.0121874,0.0161605,0.0331924,-0.0423327,-0.00751735,-0.0338388,-0.00437245,-0.00568261,0.00508519,-0.00564245,0.00550705,0.00301234,-0.160686,0.00221734,0.00462206,-0.121581,-0.00129398,0.00597068,-0.0407204,-0.00277555,0.00309547],[0.014229,0.00456915,0.0209706,-0.0312983,-0.0362413,-0.0721998,-0.00478213,-0.00470416,0.00460541,0.00819914,0.00427891,-0.0115835,-0.0340903,-1.33796e-06,0.00128561,-0.0381729,-0.0181796,0.00494416,-0.0361318,0.00358283,0.00623457],[0.000321841,0.000251633,0.000541982,0.00158004,0.00257497,0.00285681,-0.00015798,0.000106722,1.67571e-05,0.00335252,-2.16367e-06,0.00170408,0.0245011,5.77928e-05,0.000165691,0.0258286,0.0106451,-9.81746e-05,0.00155827,0.00165124,5.5052e-05],[0.00116984,0.00581703,-0.00108884,0.00272302,-0.00454119,-0.00300553,0.000270063,0.000490668,-0.000903193,0.0121524,-0.000855833,0.037788,0.138752,-0.000596489,-0.000638008,0.150891,0.119407,-0.000914833,-0.00430784,0.00589314,0.00133094],[0.0249973,0.0394874,0.0475913,-0.0165738,-0.0273319,-0.0282172,0.00189675,-0.0114532,0.00229342,-0.0036567,0.00316761,0.00849522,-0.162792,-0.000939019,0.0018262,-0.182535,-0.0137165,0.00427145,-0.114938,-0.0228617,0.00191827],[-0.00509182,-0.00807333,0.00333112,-0.0018104,0.00904201,0.00710625,-0.000839907,0.00142057,0.00129727,-0.00146268,0.00139256,-0.00490848,0.0751394,0.00191688,0.000698901,0.0335011,-0.00260563,0.000978792,0.00493998,0.00612067,-0.00020967],[-0.00346871,0.00198436,-0.00468981,-0.00861486,0.00967704,-0.00427427,-0.000324253,0.00147576,0.00246086,-0.0385628,0.00270791,-0.0085125,0.320604,0.0034817,0.00617664,-0.0265731,0.0339945,0.00326678,-0.0212353,0.013637,0.00639345],[-0.0367376,-0.0885451,0.106108,-0.00600644,-0.132912,-0.128066,-0.0229092,-0.047134,0.0145707,0.127908,0.0166935,0.163095,-1.08973,-0.00195477,0.00142609,1.21422,0.216806,0.020372,-0.15359,-0.16952,0.0936564],[-0.018578,-0.0151928,-0.0297588,-0.00470716,-0.0525884,-0.0568944,-1.13073e-05,0.00110592,-3.28832e-05,-0.00981604,0.000403479,0.00642075,-0.228524,-0.00222781,-0.000616002,-0.0696234,-0.00612423,0.00154863,-0.014238,-0.0190534,0.000778526],[-0.0125965,-0.0119561,-0.0304581,-0.00358833,-0.0294919,-0.0375585,0.0011512,0.00210402,-0.00101002,-0.00376916,-0.000764303,0.00273833,-0.191464,-0.00195633,-0.00133771,-0.0223351,-0.00216573,0.000239375,-0.00196225,-0.0111789,-5.86123e-05],[0.000682213,0.00259884,-0.000639241,0.00380555,-0.00630084,-0.00416403,0.00169093,-0.000862971,-0.000179014,0.000361642,-8.29296e-05,9.576e-05,-0.0609992,-0.000190185,0.000594156,-0.0370961,-0.00354658,0.000265592,-0.012435,-0.00516445,0.000677455],[0.00140648,-0.000862089,0.0101636,-0.00974818,-0.00537595,-0.011463,-0.000251183,0.000506802,0.000932944,0.00706136,0.00083697,-0.000964244,0.0228658,-0.00101324,-0.00193451,0.0195956,-0.00732137,0.000914859,-0.00254386,0.00287062,-0.000380454],[0.00228597,0.00165659,0.00433433,-0.00460447,-0.0118489,-0.0155792,-0.000719544,-0.000655031,0.000804191,0.0114117,0.00088155,0.000366071,-0.0169737,-0.000163258,0.000439331,-0.00887316,-1.05592e-05,0.00102796,-0.00556944,-0.000353805,0.000149892],[6.83068e-05,-0.00115777,-0.000172896,-0.00567486,-0.0074401,-0.0115425,3.24333e-05,-0.000188269,0.000802894,0.00567869,0.000789166,0.000712938,0.0115316,0.00022237,0.000233852,-0.00410644,0.00266898,0.000913579,-0.00142616,0.00107539,0.000632911],[-0.0525807,-0.0532978,-0.0733598,-0.00392347,-0.139125,-0.141978,-0.0130254,0.00378923,-5.90412e-05,0.0462021,-4.26055e-05,0.0264649,-0.106471,-0.0052029,-0.00655441,-0.0338738,-0.0303022,0.000430592,-0.00139148,-0.0086322,7.61806e-05],[0.0760046,0.0860166,0.132847,-0.00378849,0.172862,0.191982,0.0110591,0.00499948,0.00159222,-0.146592,0.000350571,-0.0530979,1.90511,0.0091072,0.0045144,-0.0367601,0.0202132,-0.00217878,0.0862257,0.127086,0.00556386],[0.00540544,0.0201181,0.00311622,0.0127032,-0.0216879,-0.0010491,0.00114982,-0.00513688,-0.000504031,0.00703785,-0.000527827,-0.00162586,-0.0269532,-0.000958203,0.00135717,-0.106404,-0.0123717,-0.000149804,-0.0864254,-0.00681653,0.0021332],[0.000400347,0.00013223,0.000834342,0.00322637,0.00200512,0.00334224,0.000329556,-6.10421e-05,0.000210057,0.00160093,0.000127755,-0.00411679,-0.0402761,0.000240397,0.000675607,-0.00932417,-0.00501936,6.11281e-05,0.000175535,-0.00130943,-0.000389429],[0.0163614,0.0339644,0.0207607,0.00599488,-0.00282369,0.00760611,0.00388645,-0.00600174,0.000187717,-0.000435332,0.000479962,0.00437382,0.121649,0.00141043,0.00339342,-0.0655,0.0259435,0.000283562,-0.0667399,0.000669661,0.00384995],[-0.00197981,-0.000594739,-0.00689845,-0.00102489,0.00251596,0.00231815,0.000644208,0.000713175,-0.000185795,0.00227112,-0.000152703,0.0122736,0.0244412,0.00029692,-1.73102e-05,0.0487274,0.0409434,-0.00014461,-0.00451854,0.00117211,-4.94794e-05],[0.000154504,0.000247824,0.000302366,-0.000229095,-0.000264122,-0.000313135,8.8998e-06,-5.31236e-05,2.3427e-05,-5.23832e-05,2.45509e-05,5.15412e-05,0.00152557,1.19307e-05,3.93908e-05,-0.000488527,0.000293745,3.22283e-05,-0.000544759,6.16248e-05,6.78952e-05],[0.00650115,0.000923113,0.00988292,-0.0102696,-0.0194168,-0.0242365,-0.000277713,-0.00219411,0.00134897,0.0163609,0.00174943,0.00649247,0.0334335,1.00336e-05,8.59485e-05,-0.03274,0.004475,0.0021553,-0.00691132,0.00041271,0.0016808],[0.00616444,0.0061862,-0.00200788,-0.00775268,-0.0283655,-0.0277919,-6.83178e-05,-0.00058507,4.9388e-05,0.00191248,0.000130332,0.00539866,-0.0132963,-0.00210639,-0.00203533,-0.0332637,-0.00621403,0.000872453,-0.0245958,0.00294367,0.00114142],[0.000358377,0.000324905,0.00101629,-0.000222014,0.000405189,0.000329473,-0.000170925,-0.000149741,5.7827e-05,0.00212349,5.36612e-05,0.00100054,0.00573691,5.1672e-05,0.000161751,0.00898365,0.00372253,-3.85753e-06,-0.000899667,0.000321154,0.000103605],[0.00138981,0.00184572,-0.00423276,1.30472e-05,-0.00137156,-0.00456811,-0.000383707,0.000592429,-0.000394383,0.00807421,-0.000424059,0.0195909,0.0927083,-0.000523355,-0.000432159,0.072057,0.0580288,-0.000311227,-0.00557773,0.00342936,0.000517686],[0.00470797,0.0168335,0.00462413,0.0115105,-0.00102475,0.0112644,0.00438006,-0.00273515,-0.000799766,-0.00153602,-0.000734527,0.00105842,-0.110083,-0.000713783,0.000189654,-0.0628714,-0.01583,-0.000982428,-0.0398317,-0.00819493,0.00224842],[-0.000359324,-0.00227834,0.000891482,0.000938346,0.00763403,0.00686979,-0.000287116,0.000608931,0.000718064,3.38433e-05,0.000739135,-0.00321871,0.032312,0.00055662,0.000487603,0.0018129,-0.00176906,0.000708906,0.00216912,0.00264398,-9.21854e-05],[0.0066395,0.00928182,0.00866143,-0.00964873,-0.00643289,-0.0107286,0.00189637,-0.00108211,0.000663024,-0.0239908,0.000723344,-0.00457837,0.130329,0.00156678,0.00215282,-0.0473007,0.00316377,0.00156986,0.00319569,0.0102706,0.00493602],[-0.0196351,-0.0224142,0.04028,-0.0869859,-0.0999014,-0.115627,-0.0142096,-0.0356978,0.00257646,0.2344,0.00377348,0.136958,-1.54744,-0.00642014,-0.00186835,0.585133,0.100784,0.000323942,-0.22329,-0.127409,0.0179482]],"sigmahat":[[1.30695,1.35354,1.78247,-0.139286,1.67124,1.51973,0.193089,-0.212121,0.0507097,0.50555,0.0423904,-0.0504266,4.73294,0.0727211,0.102373,-1.98446,-0.128916,0.0337018,-0.483643,0.410108,0.12563],[1.35354,2.53641,1.64071,-0.0865104,1.11708,1.62692,0.168278,-0.306091,0.0266143,0.648719,0.0255406,-0.0438236,3.94759,0.0220728,0.0756493,-3.57838,-0.0172654,0.0178903,-2.01543,0.709306,0.136862],[1.78247,1.64071,5.71325,-1.15367,1.93842,1.79749,0.146789,-0.553467,0.294843,0.730069,0.279864,-0.287565,11.084,0.213232,0.216968,-2.22185,-1.58781,0.275388,-1.32878,0.0605083,0.532274],[-0.139286,-0.0865104,-1.15367,3.29669,1.48307,2.49035,0.238654,0.214773,-0.184224,-1.00073,-0.190248,0.0680413,0.219747,-0.0417102,-0.0315816,1.04564,1.32796,-0.207717,1.47514,0.0497786,-0.18305],[1.67124,1.11708,1.93842,1.48307,7.74378,7.47177,0.520402,0.159513,-0.120912,-0.167745,-0.170921,-0.0706284,18.1572,0.139383,0.108121,3.07995,1.66948,-0.282326,4.64959,1.26699,-0.362082],[1.51973,1.62692,1.79749,2.49035,7.47177,9.03887,0.627713,0.217474,-0.210044,-0.555062,-0.251336,-0.138597,18.731,0.10048,0.066782,3.41083,2.24876,-0.370622,4.00755,1.60768,-0.427177],[0.193089,0.168278,0.146789,0.238654,0.520402,0.627713,0.195487,-0.0198322,-0.0069748,-0.329943,-0.00956947,-0.0937596,0.424759,0.0269895,0.027756,-0.235986,0.280819,-0.0136332,0.0633054,0.0832886,0.0285411],[-0.212121,-0.306091,-0.553467,0.214773,0.159513,0.217474,-0.0198322,0.204256,-0.052578,-0.562768,-0.0536862,0.164196,2.65583,-0.0408871,-0.0540496,0.998478,0.976067,-0.0629333,0.571769,0.288551,-0.222739],[0.0507097,0.0266143,0.294843,-0.184224,-0.120912,-0.210044,-0.0069748,-0.052578,0.0359172,0.0326566,0.0352973,-0.0140536,0.132997,0.0215616,0.0272491,-0.474508,-0.165623,0.0388657,-0.288292,-0.084553,0.0634424],[0.50555,0.648719,0.730069,-1.00073,-0.167745,-0.555062,-0.329943,-0.562768,0.0326566,11.8149,0.034374,-1.11729,-9.8591,-0.0252593,-0.085286,7.84365,-4.56177,-0.0125912,-0.544813,-0.540199,0.0264195],[0.0423904,0.0255406,0.279864,-0.190248,-0.170921,-0.251336,-0.00956947,-0.0536862,0.0352973,0.034374,0.0356551,-0.0210417,-0.00930592,0.020364,0.0262343,-0.502119,-0.188299,0.0401261,-0.350814,-0.0906535,0.0642347],[-0.0504266,-0.0438236,-0.287565,0.0680413,-0.0706284,-0.138597,-0.0937596,0.164196,-0.0140536,-1.11729,-0.0210417,25.3216,84.3214,0.0647465,-0.0186658,100.555,75.378,0.0177034,-0.987619,1.63754,2.02131],[4.73294,3.94759,11.084,0.219747,18.1572,18.731,0.424759,2.65583,0.132997,-9.8591,-0.00930592,84.3214,627.136,1.41906,0.394245,392.729,287.238,-0.0869077,4.81875,21.4957,6.66722],[0.0727211,0.0220728,0.213232,-0.0417102,0.139383,0.10048,0.0269895,-0.0408871,0.0215616,-0.0252593,0.020364,0.0647465,1.41906,0.0485422,0.0488359,0.0844901,0.309758,0.0224047,-0.0543378,-0.0195167,0.0749277],[0.102373,0.0756493,0.216968,-0.0315816,0.108121,0.066782,0.027756,-0.0540496,0.0272491,-0.085286,0.0262343,-0.0186658,0.394245,0.0488359,0.0703171,-0.637839,0.0394524,0.0277643,-0.278729,-0.0515284,0.0795013],[-1.98446,-3.57838,-2.22185,1.04564,3.07995,3.41083,-0.235986,0.998478,-0.474508,7.84365,-0.502119,100.555,392.729,0.0844901,-0.637839,485.026,317.24,-0.549366,5.97561,8.8509,8.7036],[-0.128916,-0.0172654,-1.58781,1.32796,1.66948,2.24876,0.280819,0.976067,-0.165623,-4.56177,-0.188299,75.378,287.238,0.309758,0.0394524,317.24,235.301,-0.144116,-2.776,7.15723,5.72094],[0.0337018,0.0178903,0.275388,-0.207717,-0.282326,-0.370622,-0.0136332,-0.0629333,0.0388657,-0.0125912,0.0401261,0.0177034,-0.0869077,0.0224047,0.0277643,-0.549366,-0.144116,0.0506584,-0.403213,-0.125036,0.0962996],[-0.483643,-2.01543,-1.32878,1.47514,4.64959,4.00755,0.0633054,0.571769,-0.288292,-0.544813,-0.350814,-0.987619,4.81875,-0.0543378,-0.278729,5.97561,-2.776,-0.403213,15.9528,0.515676,-0.230601],[0.410108,0.709306,0.0605083,0.0497786,1.26699,1.60768,0.0832886,0.288551,-0.084553,-0.540199,-0.0906535,1.63754,21.4957,-0.0195167,-0.0515284,8.8509,7.15723,-0.125036,0.515676,1.739,-0.235655],[0.12563,0.136862,0.532274,-0.18305,-0.362082,-0.427177,0.0285411,-0.222739,0.0634424,0.0264195,0.0642347,2.02131,6.66722,0.0749277,0.0795013,8.7036,5.72094,0.0962996,-0.230601,-0.235655,0.637894]],"n":21,"lags":3}