{"betahat":[[-0.7534,0.0851396,-6.87317,0.942936,1.21407,0.346496,0.0115463,0.673772,-0.472612,-0.970229,6.39623,-0.277186,-0.361416,3.30278,-0.336081,2.08162,-0.23039],[0.839562,0.163148,0.186274,-0.0854091,-0.057985,0.321707,0.0079312,0.0245506,-0.00719601,-0.172386,0.880605,0.00909565,0.00497304,-0.103368,-0.328999,0.0563456,0.0112641],[0.194923,1.02416,0.292089,-0.116089,0.108295,-0.0276779,-0.0183151,-0.0172568,0.0252796,0.123885,-0.446149,0.00087115,0.0261008,-0.72458,-0.0845758,0.0397662,-0.0069656],[-0.0775181,-0.0768787,0.719858,0.0887415,-0.101381,-0.195126,-0.0030479,0.0116646,-0.0115873,-0.00257638,-0.718076,-0.0153037,-0.0204588,0.0326423,-0.0690103,-0.0403098,-0.0133044],[-0.0135109,-0.0679052,-0.436482,0.617815,-0.141827,-0.289729,-0.0702484,-0.000955648,0.00144682,-0.0163847,-1.03428,0.020911,0.037396,-0.458998,-0.128406,0.00112994,-0.00933074],[0.0536074,-0.0462552,-0.0766514,-0.109923,1.0605,0.14481,0.0321202,0.0106284,-0.0154559,0.045009,0.0551862,0.00603275,0.00198421,0.277076,-0.0284586,0.060101,0.0004156],[0.0434574,0.0386081,0.174177,0.122853,0.210233,1.01431,0.00819315,-0.00796091,0.00225236,0.050839,0.859982,0.0161592,0.00651648,0.183501,0.0284939,0.0265363,-0.00437709],[0.216698,0.347638,0.0424086,-0.712459,-0.439534,-0.872601,0.955321,-0.0630157,0.0747642,0.042816,-0.166222,0.0523316,0.0864776,-0.827532,0.164973,-0.397857,0.0283641],[-0.909394,-2.37551,-1.12429,0.075858,-1.81655,-3.68406,-0.174847,1.00382,0.054183,-0.0286664,5.32913,0.0933823,-0.133544,2.13418,2.087,-1.26594,0.0428613],[-0.620638,-0.590101,-1.34491,0.417282,-4.27922,-3.80254,-0.333019,-0.0368915,0.999077,1.49187,-3.03186,0.368775,0.362233,-3.14991,-0.761038,-0.414039,0.18323],[0.0617481,0.0969608,-0.01989,-0.151563,0.0815989,-0.235299,-0.0690163,-0.00487046,0.0022563,1.33487,1.8484,0.0160645,0.000610846,0.306816,0.158357,0.0287496,-0.0131154],[0.0122244,0.0222493,0.0189535,-0.0249966,0.0657893,0.078115,0.000147535,-0.000105733,0.000248303,-0.0158288,0.864671,-0.000154015,-0.000273144,-0.047941,0.0211916,0.00267974,0.00023066],[-0.090512,-0.502713,1.40166,0.808854,0.693406,1.26633,0.065023,0.00171074,0.0369729,0.0645848,-3.66503,0.887867,-0.0143895,-0.244458,0.535963,-0.328304,0.11167],[0.253023,0.646944,0.200041,0.690279,-0.0591669,0.177888,-0.28747,0.0450782,-0.0192113,0.317009,-2.4619,-0.129922,1.01405,-1.66211,0.434936,0.112624,-0.0179032],[-0.0595008,-0.0197167,-0.0517285,-0.00789807,-0.106815,0.00778082,-0.0103073,0.00139109,0.00122839,0.0478793,-0.308162,0.00573172,0.0143116,0.813872,-0.0493926,-0.00407916,0.00274378],[0.0842312,0.203542,0.318421,0.149592,-0.0645026,0.0733587,-0.00196788,-0.0314609,0.0155333,-0.0512851,0.785951,-0.00168177,-0.00639149,0.0267792,0.521194,-0.102759,0.0133473],[-0.0790948,-0.555833,-0.133706,0.841363,-0.0274407,0.105918,0.1036,-0.036163,0.0368844,0.055483,0.259519,0.0317665,0.0415103,-0.0833145,0.0325517,0.342576,0.0387263],[0.146315,0.223095,-0.304005,-0.291888,0.746586,-0.927015,0.246613,0.0913785,-0.029524,-0.0709273,11.1666,0.065714,-0.263692,6.68847,0.281575,0.987229,1.07226],[0.116974,-0.119285,-0.143772,-0.0782639,0.0409013,-0.344238,0.0372595,-0.0206167,0.0171469,0.157663,-0.929692,-0.00331022,-0.0180352,0.202782,0.369551,-0.00651547,-0.010147],[-0.292457,-0.183824,-0.240828,0.0819627,-0.327449,-0.106327,0.00344238,0.00613874,-0.00973425,-0.104914,0.194911,0.0142313,-0.002623,0.367476,-0.134257,-0.0982268,0.0139379],[0.0575072,-0.0181351,0.174849,-0.0827476,0.119338,0.169252,0.0088346,-0.00500948,0.00847028,-0.0216567,0.333268,0.0161082,0.0190574,-0.0275811,0.0810177,0.0195803,0.00909382],[0.0176349,0.109391,0.340607,0.144258,0.19445,0.227698,0.0424277,-0.00653806,0.00700594,-0.0325439,1.2385,0.00238137,-0.0125556,0.0634105,0.118004,0.0180348,0.0124849],[-0.0617996,0.0236175,0.0198579,0.00827229,-0.139009,-0.205502,-0.0250746,-0.00672418,0.0123842,0.0731247,-0.522066,-0.0181582,-0.0115519,-0.202486,0.0478339,-0.0188274,-0.00349914],[-0.0367688,-0.047537,-0.149073,-0.140701,-0.157623,-0.0581654,-0.00579699,0.000312821,0.0028515,0.0100493,-0.888761,-0.0174813,-0.0104626,-0.156387,0.0229261,-0.0295061,-0.00101497],[-0.107499,-0.110775,0.74743,0.996783,0.497285,1.24588,0.0174969,0.0479349,-0.0420073,-0.253208,0.64703,-0.0255626,-0.085647,0.913826,0.233251,0.205129,-0.0270827],[-0.0152737,1.74652,-0.549291,-0.380982,0.0076318,1.04642,-0.0740741,-0.0165087,-0.0298299,-0.15159,-7.71379,-0.237723,-0.0455582,-2.5933,-1.53281,0.478182,-0.064866],[0.509803,-0.414985,0.951572,-0.704413,2.16672,1.7328,0.0677595,0.045728,-0.000784746,-0.779959,-0.168623,-0.23687,-0.218171,1.8981,0.437003,-0.124368,-0.102515],[-0.0797285,-0.0647317,-0.144968,0.191782,-0.10731,0.130265,0.0890249,0.00499449,-0.00135045,-0.590828,-1.62373,0.00686916,0.0257246,-0.33675,-0.24731,-0.0219341,0.0132043],[-0.0118445,-0.0200772,-0.0177148,0.0438148,-0.0178782,-0.0444291,-0.000818734,-0.000825577,-0.000163518,-0.0250177,0.0909756,0.00319447,0.00333805,0.0440936,-0.00937791,-0.0176293,0.000843276],[0.32192,0.50567,-0.273158,-0.701676,-0.0172887,-1.03235,-0.0734482,-0.00374024,0.00213287,-0.244448,-1.12327,0.0699683,0.0631707,0.137958,-0.371816,0.186864,-0.0652701],[-0.14719,-0.22307,-0.631804,-0.791872,-0.111166,-1.25782,0.113229,-0.0294697,0.0230682,-0.407197,-2.65667,0.00767019,-0.043573,0.173935,-0.0694073,-0.256793,-0.0119105],[0.0336988,-0.000927906,0.0485361,0.0738547,0.113561,0.0464336,-0.00248972,-4.8834e-05,0.0019322,-0.00215536,0.308259,-0.00655231,-0.0091876,0.150697,-0.000709702,0.00824765,-0.0063329],[0.250916,0.304673,0.163215,0.0328522,0.0662845,0.0714099,0.0578926,-0.0274996,-0.0022684,0.0291404,1.57218,0.0296255,0.0249288,0.00678575,0.162778,0.216434,-0.0024945],[-0.18181,0.0799563,-0.0466451,-0.323483,-0.360573,-0.384267,-0.0481659,-0.00569901,0.021288,-0.136478,-0.224115,0.0311697,0.0335135,-0.246556,-0.183257,0.144736,0.0241962],[-0.0561998,-0.293475,-0.00299968,1.13256,0.256932,1.15937,-0.189866,-0.0344693,-0.0242893,-0.72145,-5.80299,-0.125428,0.10749,-3.45616,-0.246807,-0.930008,-0.0670966],[0.043453,-0.0438893,-0.0424646,0.163721,0.017119,0.0226013,-0.0451955,-0.00393277,-0.00995234,0.0147232,0.0492192,-0.00578092,0.0130677,-0.0993926,-0.0405946,-0.0498029,-0.00111772],[0.0975197,0.159631,-0.0512089,0.0341899,0.219206,0.13411,0.0148658,0.0111191,-0.0155477,-0.0189676,0.251396,-0.0150969,-0.0234697,0.357126,0.218765,0.0585037,-0.00697358],[0.0199773,0.094955,0.10524,-0.00593665,-0.0179929,0.0258397,-0.0057978,-0.00665099,0.00311521,0.0242397,0.384722,-0.000805997,0.00140076,-0.0050224,-0.0120266,0.0207204,0.00420931],[-0.0040889,-0.0414823,0.095997,0.237972,-0.0524769,0.0622152,0.0278262,0.00749423,-0.00845503,0.0489371,-0.203858,-0.0232792,-0.0248277,0.395613,0.0103744,-0.0190983,-0.00315377],[0.008198,0.0226226,0.0568401,0.101686,0.078534,0.0607534,-0.00704377,-0.00390389,0.00307101,-0.118117,0.466995,0.0121323,0.00957475,-0.0745741,-0.0193956,-0.0412403,0.00308483],[-0.00667325,0.00891395,-0.025036,0.017895,-0.0525497,0.0439405,-0.00239206,0.00764811,-0.00510461,-0.0608674,0.028975,0.00133172,0.00395515,-0.0270897,-0.0514362,0.00301189,0.00539354],[-0.109234,-0.236883,-0.789868,-0.284086,-0.0575881,-0.37299,0.0271802,0.0150851,-0.0327698,0.21052,-0.480735,-0.0267383,-0.000779306,-0.0864601,-0.398324,0.192813,-0.00128972],[1.14888,0.842287,1.91559,0.201331,2.1042,2.80198,0.306468,-0.0133296,-0.0191801,0.218774,3.37896,0.165002,0.187742,0.494097,-0.360335,0.886015,0.0315767],[-0.113166,0.795225,0.0345361,0.257427,1.63572,1.49816,0.190317,0.00370692,0.00112138,-0.797361,1.93672,-0.165819,-0.171402,1.12237,0.274304,0.283116,-0.0853894],[0.0179837,-0.0321749,0.164742,-0.0401167,0.0255362,0.10483,-0.0200089,-0.000142231,-0.000915908,0.255676,-0.225047,-0.0229467,-0.02635,0.0300955,0.0890001,-0.00699428,-8.83428e-05],[-0.000533138,-0.00203217,-0.00120547,-0.0191927,-0.0484478,-0.0337222,0.00056192,0.000872144,-5.496e-05,0.0408056,0.0398756,-0.00305438,-0.00292406,0.00187449,-0.0128323,0.015174,-0.00108878],[-0.00858211,0.0288668,-0.454047,0.0755631,-0.647897,-0.0901382,-0.027919,-0.0335708,-0.0392361,0.544604,1.9717,-0.0354239,-0.0930828,0.71999,0.177123,0.00237706,-0.0477639],[-0.036461,-0.40653,0.672577,0.0435053,0.233949,1.09952,0.203257,-0.0229114,0.000336948,0.0477077,4.86673,0.115293,0.00608936,1.63623,-0.159073,0.090875,0.0377767],[0.0260587,0.0208627,0.00371006,-0.0653396,-0.00596036,-0.0526588,0.0128166,-0.00136292,-0.00319691,-0.0455286,-0.00026818,0.000854742,-0.00504942,0.0354595,0.0498005,-0.00367857,0.0035541],[-0.013058,-0.00127646,-0.0580641,-0.0651354,-0.0932392,-0.162243,0.0173162,-0.00396746,0.0195228,0.104654,-0.896501,-0.000509434,0.000417735,-0.116061,0.174589,-0.173368,0.0114351],[0.104197,0.191443,0.342193,-0.354386,-0.221582,-0.0250592,0.051568,-0.0302275,0.016802,-0.026433,-0.545201,0.0345134,0.0198783,-0.39382,0.0748547,0.0743252,0.021943],[-0.0648724,0.0529833,1.11816,-0.826431,-0.566936,0.197282,-0.0381558,-0.0791186,0.0769435,0.884987,-4.27996,0.0937841,0.170622,-2.72773,-0.0479309,-0.147263,-0.0253415]],"sigmahat":[[0.504054,0.334936,0.588562,-0.141138,0.571605,0.37928,0.0679233,-0.0352125,0.0101929,0.0829695,1.17622,0.0240658,0.0129668,0.0767494,0.320834,0.0971593,0.0122289],[0.334936,0.704827,0.545166,-0.220857,0.351586,0.328655,0.0274675,-0.0371989,0.0150484,-0.0368177,1.09332,0.00825071,0.0135129,-0.312903,0.0830909,0.1281,0.00244372],[0.588562,0.545166,3.00323,-0.334191,0.618541,0.819932,0.168455,-0.166568,0.124637,0.00737941,3.42992,0.137363,0.0930129,-0.549257,0.161477,-0.0822999,0.0904854],[-0.141138,-0.220857,-0.334191,2.04048,0.809037,1.1611,0.0569229,0.0993876,-0.10706,-0.362472,1.66249,-0.0202749,-0.0173778,1.31803,0.0510125,0.0841455,-0.0283556],[0.571605,0.351586,0.618541,0.809037,2.6033,2.24702,0.211865,0.0822712,-0.0802928,-0.430208,3.72093,0.0545845,0.027439,1.30913,0.536489,0.517488,-0.0265332],[0.37928,0.328655,0.819932,1.1611,2.24702,3.36538,0.241024,0.121681,-0.112486,-0.525219,3.37106,0.0777932,0.0615764,1.30834,0.198526,0.6277,-0.0142735],[0.0679233,0.0274675,0.168455,0.0569229,0.211865,0.241024,0.0918796,-0.00168293,-0.001348,-0.113971,0.212512,0.0232512,0.0086745,0.208963,0.118305,0.0304387,0.0102313],[-0.0352125,-0.0371989,-0.166568,0.0993876,0.0822712,0.121681,-0.00168293,0.0268893,-0.0177595,-0.0156511,-0.0184528,-0.0067109,-0.00509252,0.156677,-0.00150222,0.0589415,-0.00814561],[0.0101929,0.0150484,0.124637,-0.10706,-0.0802928,-0.112486,-0.001348,-0.0177595,0.017961,0.0238698,-0.0262152,0.00636347,0.00599453,-0.15495,-0.0200277,-0.0435619,0.00592176],[0.0829695,-0.0368177,0.00737941,-0.362472,-0.430208,-0.525219,-0.113971,-0.0156511,0.0238698,0.983238,0.377497,-0.0398337,-0.0386173,0.117588,0.0762343,0.0451732,-0.0117767],[1.17622,1.09332,3.42992,1.66249,3.72093,3.37106,0.212512,-0.0184528,-0.0262152,0.377497,32.2719,0.463903,0.175722,4.99564,0.15364,1.46269,0.0514727],[0.0240658,0.00825071,0.137363,-0.0202749,0.0545845,0.0777932,0.0232512,-0.0067109,0.00636347,-0.0398337,0.463903,0.0382235,0.0290209,-0.0863417,-0.00699717,0.0159665,0.0100559],[0.0129668,0.0135129,0.0930129,-0.0173778,0.027439,0.0615764,0.0086745,-0.00509252,0.00599453,-0.0386173,0.175722,0.0290209,0.0346939,-0.232415,-0.0606012,0.01027,0.00697442],[0.0767494,-0.312903,-0.549257,1.31803,1.30913,1.30834,0.208963,0.156677,-0.15495,0.117588,4.99564,-0.0863417,-0.232415,5.53794,1.00604,0.465061,-0.0488793],[0.320834,0.0830909,0.161477,0.0510125,0.536489,0.198526,0.118305,-0.00150222,-0.0200277,0.0762343,0.15364,-0.00699717,-0.0606012,1.00604,1.10079,-0.0187749,0.013919],[0.0971593,0.1281,-0.0822999,0.0841455,0.517488,0.6277,0.0304387,0.0589415,-0.0435619,0.0451732,1.46269,0.0159665,0.01027,0.465061,-0.0187749,0.453552,-0.0195888],[0.0122289,0.00244372,0.0904854,-0.0283556,-0.0265332,-0.0142735,0.0102313,-0.00814561,0.00592176,-0.0117767,0.0514727,0.0100559,0.00697442,-0.0488793,0.013919,-0.0195888,0.00948781]],"n":17,"lags":3}