{"betahat":[[3.04112,2.14666,-3.05254,2.72165,5.67704,6.05585,0.178338,1.01156,0.0887123,5.22726,0.0620349,-0.612864,73.3304,0.533481,-0.267727,19.3397,5.68641,0.22946,22.1184,5.4953,0.0759553],[0.997353,0.221837,0.532936,-0.289278,0.417683,0.977306,0.100052,0.0448654,0.0335784,-0.0349852,0.0242332,-0.179197,3.08399,0.077771,0.0283033,0.437416,0.298231,0.0190019,1.88803,0.0654587,0.0417127],[0.161688,0.937849,0.418396,-0.176018,0.141475,-0.0597045,-0.042115,-0.0210992,0.0368207,0.142926,0.0283615,0.189264,-1.67941,0.00774643,0.0647166,-1.49991,-0.484052,0.0103447,-0.0342556,0.134173,-0.0213822],[-0.0311921,-0.0390338,0.674053,0.103328,-0.13087,-0.226163,-0.047654,0.00535595,-0.000945469,0.0579696,-0.00677602,0.0165546,0.902833,-0.0134069,-0.0379417,0.386561,0.0448298,-0.00159865,0.357356,-0.038832,-0.00357018],[-0.032243,-0.0909125,-0.722615,0.53033,-0.164031,-0.388349,-0.0678835,0.0171152,-0.0111226,0.0551496,-0.00611989,0.0437815,-1.7942,0.0146899,0.0372245,-0.658407,0.107102,-0.00996211,-0.237438,-0.0218697,-0.0200437],[0.0697194,-0.0625682,-0.00639677,-0.240984,0.927468,0.0797904,0.0141297,-0.0060988,-0.0152137,0.077757,-0.0127867,0.1022,-0.552277,-0.0145507,-0.0178512,0.195618,-0.183035,-0.00191908,-0.249898,-0.00550791,-0.00182129],[-0.00751061,0.0457602,0.038396,0.106672,0.0219208,0.775215,0.0163798,-0.000758643,-0.0118722,0.0261851,-0.0103688,0.0281382,0.286748,0.0106796,0.00397031,0.147142,-0.106962,-0.0085902,-0.419548,0.0366065,-0.00504221],[0.245429,0.393889,0.446538,-0.702986,-0.674418,-1.33198,0.873255,-0.154374,0.0563972,-0.0212658,0.0534332,-0.0284413,1.07895,0.145543,0.175761,-1.48923,0.462682,0.0553759,-1.21712,-0.58874,0.0829937],[0.346546,-2.88882,2.52297,-1.47303,0.97939,-1.93432,0.383058,0.696487,0.194788,0.85712,0.151472,1.21574,-3.48159,0.237335,0.0826675,-2.981,-1.16647,0.0859323,7.31572,-0.136351,-0.120597],[0.303541,-0.890097,-1.86369,3.23692,-1.90013,-3.63551,-0.55092,0.0481559,1.10327,1.23859,0.263358,-0.89608,26.9816,0.92107,0.673575,3.43669,1.75572,0.367115,1.98827,-0.00375561,0.323926],[0.0773868,0.154523,0.165602,-0.236904,0.0624662,-0.165455,-0.0828516,-0.0264141,-0.00652566,1.32587,-0.00832485,0.176556,1.79806,0.0219023,-0.00232708,0.266063,-0.0556709,-0.00772091,-0.354715,-0.0488573,-0.00807956],[-0.954021,-0.659254,-3.88597,0.268407,-0.640661,0.609961,0.0846092,0.396088,-0.161458,-0.0205864,0.819812,0.267166,-9.04079,0.220974,0.534028,-10.3696,1.64433,0.013173,8.1674,0.3435,-0.218143],[0.00596153,-0.219292,0.826784,0.95854,0.884251,0.669259,0.164427,-0.0188901,0.0146779,-0.375049,0.00770346,0.643398,4.5242,0.126154,0.0554647,0.706131,0.261785,-0.00917623,0.443287,-0.171469,0.0552458],[0.0220898,0.0202576,0.0542543,-0.0128442,0.0641872,0.0605231,-0.00151502,-0.00352886,0.00192201,-0.0305206,0.00226887,0.0178173,0.91363,0.00311147,0.00243673,-0.0230942,0.00958364,0.00235047,0.0401261,-0.00739564,0.00267296],[-0.0300545,-0.65693,1.95241,1.88777,1.92354,2.81457,0.249361,0.0257122,0.000815694,0.167781,0.00188765,0.0727454,-10.6943,0.685203,-0.101187,-1.12733,-0.328665,-0.027926,1.39471,-0.290849,0.0751455],[0.877314,0.920248,1.25592,0.463282,1.85716,1.57512,0.0188274,0.0882706,0.0781141,0.71818,0.0435678,-0.0294627,3.82488,-0.014404,1.02845,-0.779738,-0.282228,0.0483782,4.46404,-0.0875955,0.0161929],[-0.0680301,-0.0259399,-0.0803351,0.0671,-0.0192166,0.118696,0.0115192,0.0191692,0.0046857,0.0730161,0.0041586,-0.0581734,-0.668014,0.0112864,0.0275599,0.62817,0.0968208,0.00026448,0.252589,-0.000895964,0.00110957],[0.0186693,-0.0596231,0.242247,0.300211,0.0846786,0.326342,0.00623603,-0.021754,-0.0179109,-0.305727,-0.0223668,-0.0191067,1.34867,0.0382927,0.0119647,0.347512,0.957011,-0.00872149,-0.274531,-0.0358081,0.0208981],[-2.56488,-3.41568,-1.72339,-1.11447,-9.01369,-7.30739,-0.300659,-0.0251622,-0.125932,1.44795,-0.0489641,1.90375,-31.1198,-0.382126,-0.489446,0.923957,-1.38344,1.1319,-5.24626,-2.02594,0.350607],[0.014667,0.0775488,0.030149,0.0307387,0.0370952,0.0355856,0.00294549,-0.00792997,0.00983562,-0.0657612,0.0106008,-0.0902188,1.02742,-0.00744064,-0.0117555,0.217997,-0.0853819,0.00197699,0.267161,-0.0178635,0.00166691],[-0.58961,-0.847772,-1.14565,0.981259,-0.73352,-0.757695,0.0732355,-0.00512119,-0.0044284,-0.248579,-0.00763994,-0.079703,-5.06451,-0.0669234,-0.00741698,-0.750174,-0.442257,0.0103036,-2.77926,-0.133343,-0.0025526],[1.38105,0.91335,2.16519,1.05431,5.68966,1.48277,0.667872,-0.0120945,0.172207,-0.819683,0.175386,-0.681568,30.6552,0.491243,-0.0711815,11.1621,1.38645,0.0328263,3.39092,0.793164,0.953673],[-0.0452916,-0.182897,-0.5579,-0.0556023,-0.308428,-0.868034,-0.0505066,-0.0226181,-0.00265782,0.221613,-0.00140517,-0.0419426,-0.91875,-0.0443605,-0.0498368,0.0307866,-0.197373,0.00918594,-0.981617,0.127491,-0.028609],[-0.26881,-0.145269,-0.331094,0.195183,-0.342995,0.0665764,0.0379273,0.00910984,-0.0305659,-0.132126,-0.0212759,-0.233143,1.03343,0.0192352,-0.014978,0.838536,0.361556,-0.0105299,-0.413596,-0.0411918,0.0224624],[-0.00338776,-0.0739947,0.130277,-0.0407837,0.0656134,0.090185,0.0293676,-0.00191708,0.00461269,-0.135551,0.00708417,0.0157416,-0.925921,0.0137807,0.0366663,-0.323695,-0.0614946,0.00624943,-0.187842,0.0240315,0.00217334],[0.0451876,0.117262,0.399168,0.101418,0.136854,0.0721774,0.0118139,-0.0210089,0.0150747,-0.0673745,0.0104304,-0.0253842,1.92756,0.0228188,0.00173854,0.095106,-0.144735,0.0154368,-0.0274913,-0.0253267,0.0274948],[-0.0821606,0.0216166,-0.0340478,0.136838,-0.0867203,-0.20575,-0.0235442,0.00095339,0.0128537,0.0405459,0.0105017,-0.109432,0.297573,-0.00206722,0.00252982,-0.0670726,0.0671469,0.000652894,0.143218,0.0279062,0.000102163],[-0.0328573,-0.0914728,-0.0830847,-0.0941417,-0.0286707,0.121433,-0.00314041,-0.00228336,0.00898538,0.000557922,0.00938879,-0.00312846,-0.763492,-0.0203088,-0.015405,-0.0685801,0.0131783,0.0045562,0.326678,-0.043113,-0.00491095],[-0.0981394,-0.00906526,0.807097,1.22563,0.374931,1.69986,0.150739,0.0875938,-0.0398538,-0.415762,-0.0331696,0.455806,-2.88148,-0.0935136,-0.138115,1.60782,-0.713229,-0.030836,-0.451639,0.248785,-0.0719819],[-1.04334,1.90344,-3.53172,-1.13006,-2.02889,-0.45779,-0.763462,0.145939,0.000641337,0.121794,-0.0552924,-0.670058,8.73208,-0.320089,-0.362203,2.3699,0.237621,0.0189768,-3.14009,-0.590908,0.136522],[-1.02921,0.169593,-0.967136,-3.27585,-0.969045,0.491253,-0.22015,0.105451,-0.260461,-0.981292,-0.347462,1.8007,-37.2289,-1.00864,-0.520995,-7.67208,-1.0422,-0.393677,-5.717,-0.485275,-0.516063],[-0.104582,-0.0386284,-0.413673,0.318559,-0.206817,-0.0739538,0.0831505,0.0169176,0.00475907,-0.659356,0.00471446,-0.270264,-1.08107,0.00791446,0.0328371,-0.257956,0.206478,0.0121343,-0.0827203,0.0380055,0.00839885],[0.209625,0.887443,1.36601,-2.40871,-2.83446,-4.06054,-1.07008,-0.284845,0.0842458,1.37419,0.0625673,1.1356,1.68285,-0.69873,-0.678299,5.48969,-2.92363,-0.0512661,-11.2603,-0.145039,-0.0594729],[0.0486414,0.0789025,-0.439261,-1.33811,-1.06269,-0.871953,0.0109527,-0.0356107,0.0398691,0.321801,0.0379383,0.201021,-4.42965,-0.0099807,0.028205,-0.557934,-0.609155,0.0337384,-0.832774,0.0354077,0.00255792],[-0.0167367,-0.0173722,-0.047057,0.0108115,0.00907913,0.000149514,0.0060127,0.00442909,0.000111501,-0.00738376,9.5096e-05,-0.0317184,0.0508208,0.00164291,0.00107958,0.033913,0.0362448,-0.00117846,0.105358,-0.000520514,-0.00112529],[0.587141,0.455902,0.0611527,-1.76186,-0.43047,-1.53062,-0.00596091,-0.0543524,0.0698755,-0.440068,0.0474416,-0.358088,3.71637,0.327131,0.22609,0.460918,0.756204,0.0818258,0.195673,0.284516,0.0460324],[-0.740902,-0.559287,-0.919569,-0.61146,-1.52822,-2.55712,-0.150789,-0.12929,0.0437061,-1.32362,0.0312114,0.204767,-11.1149,-0.0583301,-0.0168875,-1.19784,0.105972,0.0120466,-2.16526,-0.71792,-0.0105457],[0.0436081,-0.0376153,0.041056,-0.0234644,0.0456061,-0.0335775,-0.0148453,-0.00749271,0.00436627,0.0295918,0.00269825,0.0509588,0.504454,-0.0117567,-0.0200048,0.282352,-0.0906228,0.00144022,-0.0179967,0.00364023,-0.00584871],[-0.154077,0.0537715,-0.0807153,-0.0289124,-0.300773,-0.258952,-0.0701003,0.00340804,0.0253496,0.280378,0.0265006,-0.0130343,0.0381133,-0.00987128,0.0101919,-0.263994,0.0181568,0.00959298,-0.211359,-0.00404955,-0.00339472],[1.73036,2.94267,0.666218,0.200697,4.8486,4.04689,0.163511,-0.141607,0.0628638,-1.51221,-0.0183735,-1.46844,21.6176,0.19801,0.314875,-1.75071,0.326812,-0.130697,0.994975,1.33583,-0.227168],[0.0359123,0.135989,0.0818895,0.00966357,-0.0434291,0.0233093,0.0354912,-0.0146929,-0.00910037,-0.0710786,-0.00783128,0.0562088,-0.60418,-0.00162089,0.00620447,-0.28848,-0.035928,-0.00536113,-0.149242,0.0675235,-0.00697237],[-0.201082,0.0332457,0.391614,-0.25362,-0.11686,-0.00888002,-0.0788366,-0.0227818,0.0123561,-0.338519,0.00818413,0.143706,-2.13674,0.0164226,0.0541206,-0.845086,-0.478621,0.0116138,-0.955591,0.0775202,0.0195108],[-0.283965,0.0409737,-1.50208,-1.39667,-1.68699,0.267795,-0.355663,-0.0136818,-0.122746,0.500246,-0.16434,0.710667,-12.8119,-0.655624,-0.287661,-5.26789,-1.6575,-0.0543314,0.0966222,0.188493,-0.0785807],[0.047929,-0.0390345,0.0248367,0.344867,-0.109198,-0.10926,-0.0495038,-0.0222467,-0.0309277,-0.1865,-0.0228403,0.221008,-2.16437,-0.033381,0.0215247,-0.467906,-0.100696,-0.0281897,-0.906133,-0.192838,-0.0130973],[0.106994,0.207066,-0.0873687,-0.0192168,0.201361,-0.00697201,0.00423129,0.011984,-0.00627403,-0.0109007,-0.00710672,0.0437878,0.645306,-0.0269862,-0.0497728,0.661304,0.122459,0.000170233,0.447895,-0.092846,-0.00107974],[0.0343681,0.112712,0.195216,-0.0622842,0.0647773,0.135741,0.0183021,-0.00340916,-0.00368669,0.0777328,-0.000324173,-0.0323542,0.0219863,-0.000408256,0.00123493,-0.062421,0.0167601,-0.00465528,-0.169811,0.0146358,0.0013967],[-0.01285,-0.0263674,0.323949,0.368482,0.0275914,0.316874,0.0561343,0.00389158,-0.00395343,0.0121135,-0.00431321,-0.018459,-0.133037,-0.0374513,-0.0389326,0.562873,0.037879,-0.00549137,0.265054,0.0473611,-0.00744083],[0.0124462,0.0407917,0.0403683,0.104493,0.158844,0.125961,0.00943762,0.0051315,0.00235957,-0.118222,0.00228429,0.00709333,0.254889,0.0166173,0.0153216,-0.128221,0.115842,0.00126498,0.106793,-0.0223082,0.0017317],[0.0403262,0.0455898,0.0450557,-0.0123128,0.00667997,0.103392,-0.0132094,0.00302786,0.00288691,-0.0266933,0.000979995,-0.0250597,0.476856,0.00964977,0.0114468,-0.0782868,0.0936684,0.00402948,0.0927958,0.00659312,0.00997013],[-0.147376,-0.384874,-1.25384,-0.522528,0.298816,-0.368444,-0.0239712,0.0667715,-0.0165793,0.436962,-0.0202811,-0.427597,1.80587,-0.0519395,-0.0376626,-0.117582,0.250889,-0.024563,1.66858,0.340149,-0.0109905],[1.48911,1.62754,2.39663,2.51144,2.16376,3.18529,0.489731,0.0122236,-0.1867,-1.16173,-0.0977968,-0.55855,-0.57814,0.180009,0.343882,0.423104,0.516203,-0.12341,-3.35364,1.05806,0.0286489],[0.32936,0.706265,1.68454,-0.110935,1.926,1.90915,0.640851,-0.116249,0.11923,-0.639597,0.0608273,-0.578707,3.3049,-0.0439913,-0.198651,2.93909,-0.632607,0.0353831,1.92132,-0.171189,0.153042],[0.0268249,-0.115979,0.247593,-0.0808763,0.143831,0.239717,-0.000344401,0.00954983,0.00175137,0.332571,0.00360146,0.0936581,-0.721923,-0.0298466,-0.0304895,-0.00936982,-0.150257,-0.004413,0.437939,0.0107357,-0.000365142],[0.321683,-0.24843,1.22876,1.85671,2.4924,2.13504,0.820208,-0.0696896,0.0288161,-1.63672,0.0786532,-1.00081,0.0745153,0.314002,0.0813207,3.35405,1.20808,0.0349843,1.1751,-0.861613,0.224551],[-0.0549323,0.139802,-0.387775,0.379305,0.177696,0.201991,-0.1752,0.0544793,-0.0545694,0.053178,-0.0456579,0.155128,-0.0959998,-0.116181,-0.083691,-0.147633,0.34764,-0.0245878,0.389636,0.136184,-0.0577797],[-0.00612051,-0.00134244,-0.00694408,0.00265366,-0.0737973,-0.0603339,-0.00412169,-0.00127563,-0.00201083,0.0331491,-0.00233432,0.012435,0.00353326,-0.00483426,-0.00289846,-0.0220243,-0.0469481,-0.00134595,-0.14821,0.00741211,-0.0015959],[-0.0781151,-0.0762554,-1.10207,0.766028,-1.67868,-1.32713,-0.192919,-0.073992,-0.0640811,1.00625,-0.0328311,-0.162739,4.73821,-0.0517681,-0.160452,2.27622,-0.444778,-0.049041,-0.164946,-0.159896,-0.029263],[0.104515,-0.367642,0.211454,-0.148221,0.553718,1.93886,0.249303,0.0973342,-0.136898,0.36663,-0.0876794,0.104852,5.88018,0.0608001,-0.0542177,1.92359,0.501487,-0.0484213,-0.910379,0.836049,-0.00447893],[0.0244224,0.0633451,0.0414733,-0.0409065,-0.0259656,-0.0830665,0.00370797,-0.011835,-0.00908228,-0.103165,-0.00686605,0.00603837,0.165322,0.000826276,-0.00714407,0.0886286,-0.00569233,-0.00183917,-0.234079,-0.00169603,0.00478455],[0.134761,0.00922966,-0.181712,-0.272183,0.200965,-0.0922671,0.059239,0.0174029,-0.00736154,0.0394501,-0.00422213,0.0319011,-1.37348,-0.0317761,-0.0246233,-0.0750367,0.0100671,-0.00123031,0.469377,0.03611,-0.0183653],[0.446723,0.323495,0.461765,0.654692,3.39302,2.24735,0.0247872,0.142621,0.0387555,-0.171568,0.0456112,-0.317165,6.09188,0.0910755,0.116892,0.404709,0.83025,-0.0211483,2.41873,0.363464,-0.149027],[0.0734475,0.0441347,0.0573116,-0.00943793,0.065746,0.0746581,0.0149926,-0.00637844,0.000661278,0.0816449,-0.000653519,0.00971438,-0.0199573,0.00909753,0.0026336,-0.0158382,-0.0139552,0.00327747,0.183325,-0.010011,0.00465191],[0.000660432,0.326892,0.437758,-0.656008,-0.419276,0.260595,0.00830015,-0.0220126,0.0159812,-0.0881397,0.0191016,-0.0524191,1.30756,0.0856322,0.0474776,-0.372424,0.00491518,0.0212558,-0.260318,0.231207,0.0383117],[-1.2616,-0.89675,0.759259,-0.274084,-3.07331,-1.08756,-0.308578,0.00274586,-0.00495129,0.422286,0.0292841,0.221695,-15.6913,0.241769,0.423985,-5.85271,-0.105778,-0.0207823,-5.054,-0.855016,0.0169115]],"sigmahat":[[0.210955,0.125165,0.205711,0.0047303,0.258504,0.207677,0.0159004,-0.00660531,-0.00251269,0.0221303,-0.00131822,0.00751756,0.894767,0.0164609,0.01181,0.0629978,0.0149757,0.00127486,0.149095,0.0543703,0.00525265],[0.125165,0.289147,0.196182,-0.0209413,0.185851,0.202862,0.00370028,-0.00418855,-0.000673236,-0.0221338,-0.000459304,-0.0186207,1.13423,0.0168706,0.0146265,-0.00275662,0.028776,0.00142526,-0.0187042,0.0629299,0.00518638],[0.205711,0.196182,0.973889,0.0817979,0.471496,0.714254,0.0724992,-0.0189837,0.00655217,-0.0575814,0.00856038,-0.0359895,1.66234,0.0661387,0.0504465,0.0333031,0.0451797,0.00238845,0.18005,0.148237,0.0205408],[0.0047303,-0.0209413,0.0817979,0.767338,0.0884675,0.15968,0.0298489,-0.00467493,-0.0144249,-0.17192,-0.00999546,-0.0450249,-0.309751,-0.00311263,0.0115942,0.102326,0.0656889,-0.0128531,-0.0758393,-0.0878266,6.74086e-05],[0.258504,0.185851,0.471496,0.0884675,1.10387,0.834128,0.0981918,0.0137536,-0.000486189,-0.172568,0.00113506,-0.0773131,1.58932,0.0448864,0.0315853,0.0891009,0.244072,-0.00253437,0.858151,0.128387,0.00164802],[0.207677,0.202862,0.714254,0.15968,0.834128,1.48495,0.12518,0.0175582,-0.00339283,-0.176816,-0.00089695,-0.0991768,1.41097,0.0632027,0.0510202,-0.0313062,0.281677,-0.00404166,0.869189,0.178279,0.0109229],[0.0159004,0.00370028,0.0724992,0.0298489,0.0981918,0.12518,0.0445843,0.00128246,-0.00192139,-0.0690116,-0.00112444,-0.0223032,-0.115887,0.00907374,0.005394,0.0236787,0.0434723,-0.00134744,0.138309,0.017733,0.00190433],[-0.00660531,-0.00418855,-0.0189837,-0.00467493,0.0137536,0.0175582,0.00128246,0.00583741,-0.000371873,0.00433865,-0.000364385,3.91634e-06,-0.0242959,-0.0017076,-0.00130401,-0.00112802,0.0136505,0.000107658,0.0360573,0.00330603,-0.0011918],[-0.00251269,-0.000673236,0.00655217,-0.0144249,-0.000486189,-0.00339283,-0.00192139,-0.000371873,0.00400445,0.0136423,0.00280299,-0.00685855,0.118768,0.00317416,0.00166289,0.0119642,-0.00179277,0.00175915,0.0403833,0.00108936,0.000823067],[0.0221303,-0.0221338,-0.0575814,-0.17192,-0.172568,-0.176816,-0.0690116,0.00433865,0.0136423,0.551646,0.0108809,0.0260481,1.45013,-0.0138248,-0.0291909,0.368059,-0.140284,0.0100979,0.11706,0.0581688,-0.00119222],[-0.00131822,-0.000459304,0.00856038,-0.00999546,0.00113506,-0.00089695,-0.00112444,-0.000364385,0.00280299,0.0108809,0.00289136,-0.00643482,0.0983342,0.00303175,0.00171082,0.0130173,0.000451645,0.00145055,0.0295022,0.000921631,0.000832321],[0.00751756,-0.0186207,-0.0359895,-0.0450249,-0.0773131,-0.0991768,-0.0223032,3.91634e-06,-0.00685855,0.0260481,-0.00643482,0.149886,-1.08784,-0.0276809,-0.0151216,-0.189882,-0.105603,-0.00282442,-0.213277,-0.0452159,-0.00861299],[0.894767,1.13423,1.66234,-0.309751,1.58932,1.41097,-0.115887,-0.0242959,0.118768,1.45013,0.0983342,-1.08784,36.4205,0.444948,0.10629,5.38549,0.628701,0.106953,2.02259,1.25196,0.133296],[0.0164609,0.0168706,0.0661387,-0.00311263,0.0448864,0.0632027,0.00907374,-0.0017076,0.00317416,-0.0138248,0.00303175,-0.0276809,0.444948,0.0230631,0.0154832,-0.00327367,0.0343656,0.00267724,0.0576639,0.0185071,0.00491493],[0.01181,0.0146265,0.0504465,0.0115942,0.0315853,0.0510202,0.005394,-0.00130401,0.00166289,-0.0291909,0.00171082,-0.0151216,0.10629,0.0154832,0.019442,-0.112614,0.0215974,0.00108177,-0.0067301,0.00670724,0.002592],[0.0629978,-0.00275662,0.0333031,0.102326,0.0891009,-0.0313062,0.0236787,-0.00112802,0.0119642,0.368059,0.0130173,-0.189882,5.38549,-0.00327367,-0.112614,3.08576,0.0800915,0.0129992,0.767468,0.132026,0.0215317],[0.0149757,0.028776,0.0451797,0.0656889,0.244072,0.281677,0.0434723,0.0136505,-0.00179277,-0.140284,0.000451645,-0.105603,0.628701,0.0343656,0.0215974,0.0800915,0.36253,0.00070079,0.495838,0.0288091,0.00700009],[0.00127486,0.00142526,0.00238845,-0.0128531,-0.00253437,-0.00404166,-0.00134744,0.000107658,0.00175915,0.0100979,0.00145055,-0.00282442,0.106953,0.00267724,0.00108177,0.0129992,0.00070079,0.0023241,0.0198609,0.00171732,0.00123356],[0.149095,-0.0187042,0.18005,-0.0758393,0.858151,0.869189,0.138309,0.0360573,0.0403833,0.11706,0.0295022,-0.213277,2.02259,0.0576639,-0.0067301,0.767468,0.495838,0.0198609,3.99228,0.125193,0.0151645],[0.0543703,0.0629299,0.148237,-0.0878266,0.128387,0.178279,0.017733,0.00330603,0.00108936,0.0581688,0.000921631,-0.0452159,1.25196,0.0185071,0.00670724,0.132026,0.0288091,0.00171732,0.125193,0.173151,0.00123691],[0.00525265,0.00518638,0.0205408,6.74086e-05,0.00164802,0.0109229,0.00190433,-0.0011918,0.000823067,-0.00119222,0.000832321,-0.00861299,0.133296,0.00491493,0.002592,0.0215317,0.00700009,0.00123356,0.0151645,0.00123691,0.00409438]],"n":21,"lags":3}