{"betahat":[[-0.809311,-0.362292,-6.8178,1.61024,1.46492,0.820706,-0.0067597,0.71135,-0.500466,-0.807908,7.85951,-0.295253,-0.405542,4.24372,-0.402896,2.02704,-0.243024],[0.804576,0.223096,0.290277,-0.0385069,-0.0441291,0.460847,0.00792239,0.0323396,-0.0121886,-0.219147,1.20802,0.0123906,0.00815066,-0.0810769,-0.368884,0.092059,0.0141445],[0.214376,1.02384,0.294331,-0.194058,0.0655025,-0.122125,-0.0354398,-0.0210238,0.0320648,0.160824,-0.76058,-0.00318057,0.0297019,-0.924258,-0.0745802,0.0451262,-0.00828389],[-0.10125,-0.100008,0.656392,0.104458,-0.128447,-0.233603,-0.00433901,0.0151844,-0.0135209,-0.025135,-0.949276,-0.0208033,-0.025922,0.0103846,-0.0792115,-0.0565114,-0.0153424],[-0.00181476,-0.0721545,-0.472266,0.574237,-0.155831,-0.327852,-0.0740842,-0.00291091,0.00221897,0.00896337,-1.16044,0.0230742,0.0405812,-0.507173,-0.122068,-0.0025464,-0.00992278],[0.0905467,-0.0471421,-0.0965802,-0.170069,1.0796,0.161719,0.0404822,0.01134,-0.0176699,0.0622876,0.0452649,0.00725838,0.0014505,0.352135,-0.00321714,0.0684893,0.000497625],[0.0381528,0.0492278,0.218146,0.178918,0.230589,1.02508,0.00976867,-0.00832007,0.00205454,0.0521813,1.21821,0.0211315,0.00745746,0.25314,0.0282353,0.042288,-0.00389716],[0.391401,0.582208,0.0179483,-1.11301,-0.452946,-1.17365,0.917481,-0.0953729,0.0899081,0.0760466,-0.250718,0.0519476,0.106697,-1.36519,0.233881,-0.419921,0.0274779],[-1.10104,-2.77696,-1.2208,0.0242597,-2.6042,-4.68815,-0.263076,1.00366,0.0773321,0.130248,6.24697,0.149335,-0.102783,1.72777,2.4067,-1.4346,0.0781588],[-0.809607,-1.01059,-1.73967,0.93498,-5.2056,-4.55444,-0.442168,-0.0478758,0.991231,1.97805,-1.68997,0.501316,0.497842,-3.93798,-0.793593,-0.526331,0.227007],[0.100935,0.145263,-0.00406597,-0.21624,0.0956589,-0.270664,-0.0782859,-0.0077317,0.00308897,1.38749,2.04342,0.0139795,-0.00318501,0.349068,0.211429,0.0352875,-0.0146024],[0.0158813,0.0267163,0.0274546,-0.0386419,0.0714294,0.0837865,-0.00109936,-0.000794054,0.000785435,-0.018536,0.857614,0.000270416,-0.000242798,-0.0628847,0.0245866,0.00169003,0.000407942],[-0.161088,-0.721843,1.78453,1.05445,0.771134,1.52474,0.113411,-0.00116278,0.0428804,0.0195077,-3.94999,0.855905,-0.0362375,-0.0509185,0.547829,-0.391779,0.12965],[0.222059,0.749213,-0.104276,0.835341,-0.114164,0.252997,-0.404823,0.0726695,-0.0380731,0.498922,-3.0383,-0.151068,1.02885,-2.19086,0.413628,0.165227,-0.0367698],[-0.0874461,-0.0293346,-0.0633193,0.0220056,-0.155647,0.00020528,-0.0168419,0.00419069,0.00109724,0.0621549,-0.427651,0.00667831,0.0194307,0.737713,-0.082667,-0.00218584,0.00375043],[0.0739574,0.15815,0.313629,0.197627,-0.022762,0.113109,-0.00247429,-0.0321736,0.0157116,-0.0542453,0.808932,-0.000814284,-0.00808874,0.0448499,0.518585,-0.118501,0.0129693],[-0.0893975,-0.617281,-0.243056,1.00059,0.0123075,0.173464,0.113335,-0.0349269,0.0294137,0.0541009,0.267297,0.0285636,0.035856,0.0440922,0.0164353,0.310554,0.0331578],[0.257609,0.166748,-0.570608,-0.688697,0.773331,-1.35566,0.355088,0.0888626,-0.0173448,0.130623,13.4575,0.111968,-0.30365,8.49596,0.633496,1.05323,1.0758],[0.148091,-0.165039,-0.249696,-0.115745,0.0760082,-0.440489,0.0515094,-0.0253154,0.0219682,0.221955,-1.28143,-0.00621634,-0.0247678,0.22477,0.442694,-0.0258896,-0.0140545],[-0.362954,-0.235006,-0.235025,0.152637,-0.408196,-0.0837866,0.00912382,0.00436662,-0.011027,-0.137676,0.396436,0.0223613,0.00142576,0.435692,-0.235119,-0.125405,0.0178817],[0.0759893,-0.0207252,0.202322,-0.0809063,0.164541,0.233149,0.0118888,-0.00421569,0.0079856,-0.00993254,0.478393,0.0210058,0.0238177,0.00482719,0.10081,0.0359367,0.0101227],[0.0135208,0.128034,0.364745,0.138104,0.228958,0.229204,0.0417797,-0.00801907,0.00887848,-0.0687548,1.53504,0.00862536,-0.00781973,0.00347319,0.0984634,0.0267252,0.0142478],[-0.102761,0.00751289,0.00575011,0.0445146,-0.196986,-0.268069,-0.033907,-0.00627361,0.0139036,0.0798381,-0.701515,-0.0247823,-0.0158872,-0.264871,0.0318171,-0.030516,-0.00432932],[-0.0336279,-0.0608345,-0.190046,-0.180477,-0.168758,-0.0712671,-0.0035666,-0.00147554,0.00430716,0.00917132,-1.19684,-0.0222674,-0.0121851,-0.192147,0.0209415,-0.0455794,-0.00261009],[-0.257125,-0.283013,0.970123,1.47869,0.591809,1.76281,0.0409464,0.0790235,-0.0575664,-0.419578,0.908969,-0.0293123,-0.115721,1.53157,0.192151,0.200971,-0.0298913],[-0.0125962,2.05348,-1.18741,-0.408861,0.112452,1.1696,-0.0820857,-0.00347327,-0.0636227,-0.403497,-10.4109,-0.35318,-0.118045,-2.58214,-1.72703,0.467906,-0.114165],[0.521388,-0.356403,1.15953,-1.09782,2.50431,2.01925,0.0530749,0.0668029,-0.00180934,-0.977938,-1.7739,-0.351792,-0.320179,2.32096,0.331653,-0.162142,-0.13834],[-0.122156,-0.0987867,-0.204698,0.248577,-0.139493,0.115057,0.105209,0.00674862,-0.00106023,-0.701207,-1.83724,0.0108515,0.0327871,-0.393493,-0.331146,-0.0224185,0.0137155],[-0.0162023,-0.0236084,-0.0236374,0.0544851,-0.023718,-0.050258,-0.000517772,-0.000698565,-0.00069667,-0.028279,0.0892624,0.00288168,0.00302009,0.0587848,-0.00720013,-0.0219321,0.00125416],[0.425926,0.693913,-0.364121,-1.07106,0.0610905,-1.05721,-0.0946324,-0.000994327,0.00795812,-0.320447,-1.32905,0.110037,0.11201,-0.386375,-0.601549,0.312822,-0.0716021],[-0.225666,-0.198157,-0.622315,-0.853668,-0.222925,-1.58855,0.147219,-0.0486166,0.0413584,-0.524701,-2.98876,0.0140234,-0.0432953,0.0804434,-0.144355,-0.325242,-0.0113703],[0.0464763,-0.00765511,0.0467279,0.0637548,0.139414,0.0499928,-0.00141166,-0.00060499,0.00255496,0.00971091,0.347685,-0.00840051,-0.0126612,0.198273,0.0066717,0.00651977,-0.00866583],[0.268434,0.343255,0.162501,0.0456098,0.0580328,0.0791951,0.0647484,-0.0288466,-0.00551003,0.0164191,1.84175,0.0326568,0.0281971,0.0416605,0.163973,0.236719,-0.00172632],[-0.189317,0.0852567,0.033537,-0.359787,-0.35995,-0.374282,-0.0580619,-0.000544671,0.0250265,-0.14017,-0.330992,0.0287512,0.0357273,-0.332442,-0.195435,0.173527,0.0265244],[-0.0964224,-0.18965,-0.228759,1.75839,0.532389,1.40048,-0.275534,-0.0240477,-0.0657516,-1.01685,-6.70596,-0.232641,0.0792116,-4.30461,-0.402138,-1.06507,-0.091406],[0.0473064,-0.0580759,-0.0406653,0.154232,-0.0318932,-0.0203704,-0.0594269,-0.00702067,-0.00978162,-0.00284151,0.0731877,-0.00617243,0.0166249,-0.143633,-0.0738562,-0.0661232,-9.32887e-05],[0.148614,0.211209,-0.0592667,0.0413701,0.34269,0.205877,0.0263039,0.0166477,-0.0210288,-0.0231231,0.364172,-0.0191751,-0.031111,0.488408,0.30959,0.0803255,-0.00959748],[0.0252252,0.120655,0.141185,-0.0235336,-0.0362463,0.000315179,-0.00754927,-0.0109712,0.00553276,0.0350854,0.470468,-0.000211401,0.00209396,-0.0150711,-0.0215766,0.0205591,0.00522034],[-0.0116707,-0.055864,0.107588,0.287546,-0.07307,0.0986792,0.0322932,0.0109218,-0.0110919,0.0598953,-0.374191,-0.0316994,-0.0327666,0.503761,0.0235808,-0.0240927,-0.00432905],[0.0122028,0.0396032,0.0908057,0.125619,0.117394,0.106379,-0.00657767,-0.00506422,0.00376545,-0.142116,0.656138,0.017534,0.0144515,-0.0873408,-0.0286553,-0.0379393,0.00383232],[-0.00452554,0.011573,-0.028218,0.00161103,-0.0617635,0.0462393,-0.00620395,0.00981127,-0.00637578,-0.0613671,-0.0212172,0.00114226,0.00473355,-0.0608497,-0.0491755,0.00337133,0.00650228],[-0.134103,-0.299061,-0.987973,-0.365447,-0.138516,-0.588828,0.041585,0.0163482,-0.0323477,0.343707,-0.65792,-0.0226423,0.00904372,-0.166155,-0.426041,0.219014,0.00241228],[1.36128,0.969311,2.65254,0.294484,2.81643,3.68825,0.414284,-0.0262889,-0.0136556,0.275002,5.08264,0.223392,0.232794,0.808444,-0.420891,1.06418,0.0482373],[0.0462296,1.18817,0.154313,0.0831798,2.13975,1.90137,0.303575,-0.0084351,0.00941317,-1.08855,1.77909,-0.195477,-0.212833,1.42046,0.40132,0.410531,-0.0976785],[0.0210315,-0.0465362,0.208466,-0.0319188,0.0439166,0.15563,-0.0269772,0.00100375,-0.0020545,0.313359,-0.20673,-0.0248366,-0.0296038,0.044348,0.119862,-0.0129296,0.000870959],[-0.00015876,-0.00299174,-0.00418634,-0.0159801,-0.0486549,-0.0339573,0.00143386,0.00144502,-5.42896e-05,0.0468297,0.0466343,-0.00316839,-0.00258016,0.00116895,-0.0192153,0.0203193,-0.00169516],[0.0247643,0.059363,-0.729853,0.224495,-0.815459,-0.357858,-0.0624098,-0.0443358,-0.0552254,0.693967,2.63096,-0.0489844,-0.13308,1.17668,0.510465,-0.0719621,-0.0588079],[0.098637,-0.51485,1.01952,-0.0787317,0.452862,1.41596,0.297369,-0.0312338,0.00144785,-0.0244755,5.84129,0.135165,-0.00565419,2.26156,-0.0484341,0.115308,0.059926],[0.0411138,0.0372233,0.0173227,-0.0848129,0.0173331,-0.0481559,0.018304,-0.00356234,-0.00369992,-0.0718727,0.0822421,0.00185267,-0.00661727,0.0641925,0.0756655,-0.00368036,0.00489876],[-0.0202652,-0.0189281,-0.0762188,-0.108463,-0.129624,-0.250305,0.026068,-0.0031822,0.0241056,0.131385,-1.06635,-0.00268811,-0.00594346,-0.0405183,0.212193,-0.19776,0.0130474],[0.102997,0.246339,0.449332,-0.501716,-0.316076,-0.0552271,0.0574411,-0.0393739,0.0241819,-0.038585,-0.699778,0.0400165,0.0198081,-0.494298,0.06138,0.0818911,0.0259848],[-0.142408,0.0350557,1.73861,-1.14771,-0.802335,0.419941,-0.0542819,-0.0942325,0.116858,0.950572,-5.34948,0.166127,0.249412,-3.74833,-0.279148,-0.0823245,-0.00265934]],"sigmahat":[[0.428424,0.280584,0.497345,-0.116366,0.467217,0.300713,0.057083,-0.0317934,0.00967852,0.0703522,0.97533,0.0204931,0.0108681,0.0453738,0.269773,0.0643653,0.0121767],[0.280584,0.58829,0.452558,-0.182488,0.286027,0.258214,0.0173029,-0.0338855,0.0144674,-0.0276217,0.958918,0.00672163,0.0118259,-0.282564,0.0580843,0.0791338,0.00149685],[0.497345,0.452558,2.66932,-0.342709,0.461155,0.61779,0.144997,-0.155848,0.115771,-0.0198406,2.81173,0.125997,0.08558,-0.576029,0.0885175,-0.120049,0.082407],[-0.116366,-0.182488,-0.342709,1.704,0.690475,1.00789,0.0494424,0.0886347,-0.09463,-0.320967,1.11794,-0.015631,-0.0093548,1.01792,0.0499035,0.0933437,-0.0238704],[0.467217,0.286027,0.461155,0.690475,2.21388,1.90387,0.190731,0.0756837,-0.0719112,-0.383764,2.9872,0.0537048,0.0324778,1.03049,0.448245,0.446293,-0.022211],[0.300713,0.258214,0.61779,1.00789,1.90387,2.88046,0.211116,0.11075,-0.0992208,-0.466043,2.63112,0.0748816,0.0636757,1.03146,0.170361,0.532107,-0.0131572],[0.057083,0.0173029,0.144997,0.0494424,0.190731,0.211116,0.0816696,-0.00120569,-0.00136039,-0.102501,0.168066,0.022002,0.0091633,0.176973,0.107857,0.0246643,0.00946468],[-0.0317934,-0.0338855,-0.155848,0.0886347,0.0756837,0.11075,-0.00120569,0.0247579,-0.016145,-0.012995,-0.022932,-0.00555685,-0.00385081,0.136021,0.00214271,0.0550827,-0.00737883],[0.00967852,0.0144674,0.115771,-0.09463,-0.0719112,-0.0992208,-0.00136039,-0.016145,0.0160269,0.0216156,-0.00106879,0.00552525,0.00487104,-0.130143,-0.0226633,-0.0382912,0.00513858],[0.0703522,-0.0276217,-0.0198406,-0.320967,-0.383764,-0.466043,-0.102501,-0.012995,0.0216156,0.819362,0.390412,-0.0346313,-0.0351265,0.136539,0.0486361,0.0395321,-0.00921499],[0.97533,0.958918,2.81173,1.11794,2.9872,2.63112,0.168066,-0.022932,-0.00106879,0.390412,26.7591,0.398985,0.160677,3.87464,0.0522064,1.21975,0.0384144],[0.0204931,0.00672163,0.125997,-0.015631,0.0537048,0.0748816,0.022002,-0.00555685,0.00552525,-0.0346313,0.398985,0.033892,0.0252664,-0.0768305,-0.00392153,0.013911,0.00878445],[0.0108681,0.0118259,0.08558,-0.0093548,0.0324778,0.0636757,0.0091633,-0.00385081,0.00487104,-0.0351265,0.160677,0.0252664,0.0298282,-0.198632,-0.0498312,0.00940019,0.00584771],[0.0453738,-0.282564,-0.576029,1.01792,1.03049,1.03146,0.176973,0.136021,-0.130143,0.136539,3.87464,-0.0768305,-0.198632,4.73774,0.8848,0.408967,-0.0416957],[0.269773,0.0580843,0.0885175,0.0499035,0.448245,0.170361,0.107857,0.00214271,-0.0226633,0.0486361,0.0522064,-0.00392153,-0.0498312,0.8848,0.939019,-0.00545127,0.0142446],[0.0643653,0.0791338,-0.120049,0.0933437,0.446293,0.532107,0.0246643,0.0550827,-0.0382912,0.0395321,1.21975,0.013911,0.00940019,0.408967,-0.00545127,0.377333,-0.0170876],[0.0121767,0.00149685,0.082407,-0.0238704,-0.022211,-0.0131572,0.00946468,-0.00737883,0.00513858,-0.00921499,0.0384144,0.00878445,0.00584771,-0.0416957,0.0142446,-0.0170876,0.00840683]],"n":17,"lags":3}