{"betahat":[[-0.912601,-0.184332,-7.42987,1.58188,1.11459,0.0800728,-0.0478597,0.698516,-0.502574,-0.947025,5.4915,-0.368414,-0.428197,4.00663,-0.514113,2.02232,-0.277438],[0.79411,0.222623,0.313523,-0.0469959,-0.0480861,0.456109,0.0168292,0.032102,-0.0106578,-0.223813,1.27911,0.0159062,0.00804234,-0.0306723,-0.355888,0.0954181,0.0164569],[0.214176,1.02647,0.306175,-0.200512,0.0460025,-0.158037,-0.0407089,-0.0232164,0.0345457,0.177633,-0.812181,-0.00563625,0.0298223,-0.982356,-0.0768369,0.0334708,-0.00856075],[-0.0999381,-0.0977939,0.663402,0.0908912,-0.128454,-0.238983,-0.00281797,0.0142091,-0.0123834,-0.0261068,-0.995236,-0.0210435,-0.0271311,0.00264829,-0.076979,-0.0631416,-0.0154836],[-0.0069869,-0.076174,-0.493513,0.556229,-0.178284,-0.348045,-0.0776318,-0.00367132,0.0027652,0.0147657,-1.15089,0.0248585,0.0425733,-0.536595,-0.132486,-0.0016693,-0.0104549],[0.0876815,-0.0445827,-0.120646,-0.180638,1.0476,0.154636,0.0363049,0.0130616,-0.0187191,0.0799202,0.077552,0.00714445,0.00210488,0.348295,-0.0207627,0.0788182,0.000620541],[0.0462523,0.056206,0.254727,0.192329,0.260743,1.04143,0.0136776,-0.010513,0.00296656,0.0430715,1.33753,0.0245094,0.0093872,0.259173,0.0315638,0.041557,-0.00345829],[0.389242,0.584441,-0.0724985,-1.14435,-0.471878,-1.20432,0.918953,-0.0876944,0.0842845,0.0378783,-0.141396,0.05505,0.106731,-1.31067,0.251421,-0.413407,0.0289721],[-1.15789,-2.86707,-1.15345,-0.210499,-2.78287,-5.02014,-0.260451,0.99816,0.0916037,0.210501,6.43924,0.162539,-0.121738,2.02858,2.57932,-1.60073,0.0909969],[-0.842546,-1.08332,-1.73343,0.79116,-5.496,-4.92577,-0.480937,-0.0723676,1.0129,2.20925,-0.271953,0.56686,0.549073,-4.04843,-0.934855,-0.54573,0.242858],[0.107373,0.153606,-0.00671193,-0.218891,0.108702,-0.269794,-0.081541,-0.00771595,0.00174455,1.38929,2.13692,0.0148292,-0.00295591,0.352207,0.226132,0.0381147,-0.0147925],[0.0177306,0.0298563,0.0275488,-0.0357787,0.0768986,0.0909001,-0.000900881,-0.000437077,0.000264836,-0.0197159,0.86306,-0.000132436,-0.000595528,-0.0580754,0.0253732,0.0028634,0.000343021],[-0.194738,-0.855095,1.89198,0.99498,1.02565,1.63997,0.156326,0.0043749,0.0531411,-0.0646586,-3.63553,0.864502,-0.0400662,0.0252748,0.59934,-0.376539,0.132254],[0.236311,0.827795,-0.136021,0.96661,-0.322233,0.14156,-0.466645,0.0651401,-0.0447157,0.565435,-3.63545,-0.167379,1.03176,-2.35255,0.342231,0.11256,-0.0425581],[-0.0917304,-0.0342256,-0.0541232,0.0153215,-0.182105,-0.0207526,-0.0191296,0.00197281,0.00314937,0.072121,-0.471694,0.00727073,0.0214153,0.709773,-0.0943571,-0.0080429,0.00440463],[0.0819197,0.15312,0.312536,0.207747,0.0134094,0.142578,0.000660193,-0.0312926,0.0140825,-0.062759,0.74853,-0.0018465,-0.00906018,0.0542584,0.531822,-0.116363,0.0111459],[-0.0793195,-0.608501,-0.249334,0.995542,0.0308608,0.205923,0.115967,-0.0379303,0.0296803,0.0517943,0.363971,0.0358113,0.0441883,0.0162038,0.00362041,0.33151,0.0323655],[0.226583,0.158946,-0.75688,-0.669767,0.437842,-1.55306,0.356348,0.0865236,-0.0219572,0.175579,13.5997,0.110778,-0.318998,8.78714,0.721459,1.08738,1.08881],[0.1665,-0.159154,-0.280385,-0.124437,0.092345,-0.455483,0.0464935,-0.0259862,0.021662,0.237647,-1.31023,-0.0088156,-0.0265612,0.198583,0.455492,-0.0260681,-0.0165637],[-0.377617,-0.249319,-0.248197,0.15799,-0.416582,-0.067977,0.00971595,0.0064078,-0.0121454,-0.155224,0.315278,0.0214316,0.0010978,0.443996,-0.269487,-0.121765,0.0177883],[0.0752104,-0.0278357,0.20279,-0.0706878,0.166759,0.241711,0.0115511,-0.00327551,0.00724774,-0.0157973,0.494714,0.0227671,0.0265872,0.00290114,0.0938266,0.0375323,0.0103538],[0.0232131,0.134876,0.371898,0.129299,0.250684,0.243469,0.0445093,-0.00797433,0.00926876,-0.0686344,1.56425,0.00914572,-0.00733886,0.00904047,0.100099,0.0317597,0.0146986],[-0.108025,0.000840352,0.0211865,0.0463612,-0.192854,-0.277681,-0.0326944,-0.00724051,0.0151386,0.0730542,-0.805972,-0.02555,-0.0165752,-0.280833,0.0386664,-0.042296,-0.00415942],[-0.035951,-0.0664808,-0.211419,-0.184827,-0.181809,-0.0842949,-0.00538455,-0.000362573,0.00392368,0.0152455,-1.25841,-0.026123,-0.0151238,-0.179474,0.0293064,-0.0442402,-0.00304771],[-0.254823,-0.270508,1.06165,1.56131,0.657672,1.89795,0.0551702,0.0755915,-0.0575841,-0.427467,0.851042,-0.0294907,-0.120858,1.62975,0.226188,0.188139,-0.0323532],[-0.0712049,2.09048,-1.24173,-0.265977,-0.0302104,1.01227,-0.102735,-0.0110353,-0.0572904,-0.507651,-11.1674,-0.361658,-0.101457,-3.16607,-1.89826,0.434414,-0.121494],[0.588116,-0.26726,1.37395,-1.03665,2.70553,2.33023,0.0853424,0.0717152,-0.00439763,-1.10959,-2.42524,-0.371786,-0.325355,2.08491,0.320647,-0.147703,-0.139901],[-0.135589,-0.109001,-0.213886,0.248241,-0.173691,0.0914484,0.110242,0.00680908,0.0007922,-0.711488,-1.95198,0.0098796,0.0319526,-0.390607,-0.350367,-0.0284326,0.0140589],[-0.0182513,-0.0268654,-0.025431,0.0547922,-0.0247032,-0.0529037,-0.000756558,-0.000837708,-0.000440012,-0.0305804,0.0823703,0.00347606,0.00353331,0.053279,-0.00681514,-0.0243682,0.00126951],[0.39439,0.750785,-0.359948,-1.1471,-0.210955,-1.29374,-0.114183,-0.0107722,0.013496,-0.269448,-1.30685,0.117048,0.120984,-0.424877,-0.652587,0.292762,-0.0665555],[-0.244677,-0.233998,-0.698635,-0.865736,-0.162263,-1.57677,0.153923,-0.0407507,0.0432975,-0.546109,-3.02157,-0.000163332,-0.0496457,0.0951454,-0.232304,-0.282393,-0.0164488],[0.050022,-0.00082063,0.0448435,0.0652142,0.150138,0.058904,-0.00161951,0.00066209,0.00148698,0.0110835,0.385918,-0.00962184,-0.0142375,0.216434,0.00781575,0.014151,-0.00929019],[0.271961,0.345324,0.157306,0.0387242,0.0546479,0.0639289,0.0610582,-0.02873,-0.00674044,0.0230176,1.9009,0.0315502,0.0283116,0.050819,0.166843,0.242624,-0.00171828],[-0.167356,0.108444,0.0904683,-0.373801,-0.297129,-0.341265,-0.0530197,-0.00386012,0.0261648,-0.12898,-0.3106,0.0263909,0.0352105,-0.362282,-0.164346,0.179284,0.0268251],[-0.0388587,-0.104931,-0.129999,1.95429,0.78437,1.59258,-0.287812,-0.0185251,-0.073383,-1.06519,-7.48737,-0.283974,0.0550906,-4.55105,-0.388931,-1.11991,-0.107754],[0.0393757,-0.0634843,-0.0331499,0.171452,-0.0442419,-0.000578919,-0.0633207,-0.00611412,-0.0110072,-0.013851,0.0311211,-0.00708669,0.0185229,-0.167879,-0.0996334,-0.0693208,0.000107901],[0.163423,0.222824,-0.0579815,0.0425522,0.370609,0.226085,0.0309936,0.0168104,-0.0224042,-0.022427,0.496904,-0.0157907,-0.0309146,0.5384,0.346279,0.0883347,-0.00922671],[0.0246982,0.125598,0.133713,-0.0201767,-0.0383477,-0.00276036,-0.00873487,-0.0109301,0.00513132,0.0418903,0.500334,-0.00172548,0.00054181,-0.00549875,-0.0168605,0.0256153,0.00513007],[-0.0162038,-0.0586953,0.121665,0.314489,-0.0722904,0.104719,0.0331363,0.0116473,-0.012038,0.0538498,-0.413193,-0.0339926,-0.0352246,0.527605,0.0323764,-0.0300299,-0.00424086],[0.0203429,0.0437348,0.0994549,0.134287,0.145274,0.123091,-0.00360235,-0.00581971,0.00357788,-0.152982,0.728417,0.018412,0.014476,-0.0674315,-0.0179168,-0.0364871,0.00354177],[-0.0102937,0.0102666,-0.043293,-0.00748021,-0.07889,0.0429302,-0.00828238,0.010877,-0.00689293,-0.0583225,-0.0790516,0.00162246,0.00574391,-0.0796572,-0.0608783,0.00272573,0.00650934],[-0.134386,-0.313963,-0.988748,-0.417052,-0.185764,-0.693496,0.0258402,0.012096,-0.026696,0.38974,-0.708829,-0.0255107,0.0141681,-0.319181,-0.477645,0.225317,0.00339015],[1.42369,0.950024,2.57113,0.44986,3.08532,4.16664,0.420089,-0.00440484,-0.0344382,0.302807,5.4908,0.217666,0.230156,1.19663,-0.501499,1.23812,0.0394035],[0.100131,1.24185,0.135571,0.175898,2.43876,2.21777,0.33323,0.00652815,-0.00812689,-1.14583,1.75358,-0.21789,-0.240088,1.80584,0.560517,0.518479,-0.108686],[0.028092,-0.0446542,0.220302,-0.0290423,0.064596,0.178007,-0.028781,0.000918416,-0.00253995,0.322049,-0.184784,-0.024692,-0.0289533,0.0379107,0.124053,-0.00973524,0.000737961],[0.000227183,-0.00288001,-0.0021555,-0.019404,-0.0528751,-0.0381273,0.00148606,0.00122757,0.00022651,0.0504175,0.049771,-0.00337383,-0.00279186,0.00236291,-0.0197282,0.0214392,-0.00164884],[0.0527448,0.143875,-0.758814,0.318625,-0.713655,-0.116319,-0.0767713,-0.0354468,-0.066884,0.706416,2.75917,-0.0528486,-0.134009,1.21418,0.460008,-0.0526729,-0.0681958],[0.0797637,-0.577439,1.06731,-0.16478,0.564862,1.46808,0.333742,-0.0324635,0.00651414,-0.0492512,6.53568,0.164956,0.00218251,2.3847,0.0439284,0.121045,0.0663855],[0.0419092,0.0351131,0.0100139,-0.0800221,0.032641,-0.036991,0.0208009,-0.00264615,-0.00465117,-0.083112,0.086812,0.00242823,-0.00708239,0.0735705,0.0865036,-0.00575346,0.00489954],[-0.0231249,-0.0253151,-0.0709202,-0.118484,-0.137587,-0.245614,0.0281099,-0.00238473,0.0245027,0.136599,-1.1004,-0.00121991,-0.0066715,-0.029217,0.236197,-0.205011,0.0146877],[0.116432,0.261644,0.475767,-0.506458,-0.281276,-0.012707,0.0671535,-0.0370411,0.0217995,-0.0485838,-0.71144,0.0412294,0.0202705,-0.49141,0.077545,0.0938117,0.0269522],[-0.129185,-0.03989,1.69115,-1.27922,-0.770351,0.365385,-0.0424105,-0.0932254,0.115951,0.938196,-5.38456,0.196198,0.272357,-3.78135,-0.274094,-0.0675453,0.00259413]],"sigmahat":[[0.416583,0.270634,0.502316,-0.11528,0.467961,0.314149,0.0600389,-0.0307691,0.00937659,0.057552,0.96265,0.0228513,0.011746,0.0429609,0.271508,0.0589041,0.0146262],[0.270634,0.562542,0.447918,-0.17611,0.288393,0.272414,0.0230637,-0.0321472,0.0135639,-0.034035,0.912514,0.00897248,0.012815,-0.262942,0.0607226,0.0759946,0.00314412],[0.502316,0.447918,2.65924,-0.361505,0.485888,0.61555,0.15172,-0.156576,0.115863,-0.0327902,2.74569,0.128168,0.0876712,-0.594456,0.12207,-0.139405,0.0845363],[-0.11528,-0.17611,-0.361505,1.71156,0.683814,0.99693,0.0482532,0.0896094,-0.09604,-0.291558,1.20927,-0.0134107,-0.00885016,1.05366,0.0519774,0.111972,-0.023698],[0.467961,0.288393,0.485888,0.683814,2.20667,1.90817,0.191367,0.0754537,-0.0719132,-0.36103,3.0988,0.0563883,0.0326039,1.06585,0.471388,0.457081,-0.0189309],[0.314149,0.272414,0.61555,0.99693,1.90817,2.84608,0.212166,0.111089,-0.100091,-0.431891,2.80679,0.0776523,0.0631541,1.09304,0.217085,0.553194,-0.0104645],[0.0600389,0.0230637,0.15172,0.0482532,0.191367,0.212166,0.0806099,-0.00184621,-0.000959365,-0.100109,0.175167,0.0225215,0.00964693,0.161314,0.108862,0.0228345,0.00967516],[-0.0307691,-0.0321472,-0.156576,0.0896094,0.0754537,0.111089,-0.00184621,0.024879,-0.0162997,-0.0105636,-0.00648233,-0.0057617,-0.00405716,0.140562,0.00290118,0.0580141,-0.00744151],[0.00937659,0.0135639,0.115863,-0.09604,-0.0719132,-0.100091,-0.000959365,-0.0162997,0.0161043,0.0194848,-0.0123495,0.00571047,0.00510456,-0.135088,-0.0229239,-0.0403588,0.00513001],[0.057552,-0.034035,-0.0327902,-0.291558,-0.36103,-0.431891,-0.100109,-0.0105636,0.0194848,0.776167,0.416261,-0.0323402,-0.0329849,0.144851,0.0310112,0.0401797,-0.00867795],[0.96265,0.912514,2.74569,1.20927,3.0988,2.80679,0.175167,-0.00648233,-0.0123495,0.416261,26.4715,0.400426,0.166111,3.87968,0.0648249,1.25599,0.0397838],[0.0228513,0.00897248,0.128168,-0.0134107,0.0563883,0.0776523,0.0225215,-0.0057617,0.00571047,-0.0323402,0.400426,0.0336004,0.025097,-0.0766625,-0.000336714,0.0127014,0.00882515],[0.011746,0.012815,0.0876712,-0.00885016,0.0326039,0.0631541,0.00964693,-0.00405716,0.00510456,-0.0329849,0.166111,0.025097,0.0295711,-0.193705,-0.046196,0.00836324,0.00586451],[0.0429609,-0.262942,-0.594456,1.05366,1.06585,1.09304,0.161314,0.140562,-0.135088,0.144851,3.87968,-0.0766625,-0.193705,4.63141,0.851095,0.442912,-0.042958],[0.271508,0.0607226,0.12207,0.0519774,0.471388,0.217085,0.108862,0.00290118,-0.0229239,0.0310112,0.0648249,-0.000336714,-0.046196,0.851095,0.919177,0.00369861,0.0156545],[0.0589041,0.0759946,-0.139405,0.111972,0.457081,0.553194,0.0228345,0.0580141,-0.0403588,0.0401797,1.25599,0.0127014,0.00836324,0.442912,0.00369861,0.383769,-0.017037],[0.0146262,0.00314412,0.0845363,-0.023698,-0.0189309,-0.0104645,0.00967516,-0.00744151,0.00513001,-0.00867795,0.0397838,0.00882515,0.00586451,-0.042958,0.0156545,-0.017037,0.00839424]],"n":17,"lags":3}