{"betahat":[[-0.62117,0.334991,-6.7196,0.981235,1.30181,-0.0202359,-0.0804201,0.654061,-0.476115,-0.816217,7.2854,-0.262321,-0.330292,2.99853,-0.420799,2.15894,-0.283152],[0.840002,0.184931,0.276118,-0.00639982,0.0154841,0.475453,0.0304398,0.0322472,-0.015958,-0.200197,1.52663,0.0193693,0.00797071,0.0799562,-0.302854,0.0904275,0.0178764],[0.17351,0.977918,0.30418,-0.205001,0.0609575,-0.114963,-0.033422,-0.0201592,0.0355021,0.161635,-0.991669,-0.00451618,0.0265358,-0.897205,-0.128705,0.0304912,-0.00746831],[-0.108498,-0.103866,0.650006,0.11458,-0.126308,-0.215752,-0.00375051,0.0167277,-0.0146863,-0.0264857,-0.967224,-0.0219813,-0.0269009,0.0197927,-0.107006,-0.0468909,-0.0174428],[0.0119811,-0.0385594,-0.457,0.545751,-0.174886,-0.349068,-0.0862848,-0.00727399,0.00352651,0.0153388,-0.968874,0.0238472,0.042413,-0.560263,-0.146728,0.00289041,-0.0118665],[0.102818,-0.0499583,-0.073443,-0.134852,1.09951,0.199204,0.0465227,0.0107995,-0.0198316,0.0687754,0.211977,0.0117137,0.00251067,0.425179,0.0847205,0.0640323,0.00239345],[0.0389252,0.0695967,0.237375,0.17541,0.237803,1.02599,0.00832289,-0.00914441,0.00389271,0.0405275,1.27072,0.0219599,0.00838243,0.218554,0.056151,0.0383201,-0.00494293],[0.385567,0.56092,0.0222763,-1.25818,-0.403647,-1.16873,0.952056,-0.0844856,0.0866638,0.056576,-0.37617,0.0649425,0.100449,-1.09584,0.588192,-0.46323,0.0367362],[-1.45165,-3.14752,-1.26803,-0.202456,-2.74533,-4.67264,-0.266861,1.03009,0.0874425,0.120214,4.74623,0.139943,-0.146077,2.15765,3.23416,-1.7766,0.0952008],[-1.14714,-1.22579,-1.75972,0.308897,-5.70249,-5.31916,-0.696447,-0.0512207,1.02925,2.12972,-2.13216,0.497688,0.507806,-4.77226,-1.69292,-0.729097,0.254075],[0.129666,0.174637,0.0321338,-0.215887,0.130944,-0.244238,-0.0696806,-0.00970272,0.00128975,1.39259,2.2358,0.0185961,-0.00361484,0.411138,0.393078,0.00620988,-0.0152035],[0.017051,0.0288757,0.0250446,-0.0446956,0.0721598,0.0840242,0.000515196,-0.000752326,0.00126784,-0.0158443,0.846736,0.000343586,-0.000270325,-0.0650592,0.00765257,0.00427325,0.000316639],[-0.0464269,-0.714968,2.0019,1.22394,1.07033,1.78244,0.220365,-0.0020575,0.0323374,-0.111197,-3.6623,0.874907,-0.0398359,0.286656,1.19345,-0.292417,0.161168],[0.240374,0.93575,-0.191788,0.58203,-0.362785,0.0301044,-0.456498,0.0680508,-0.0281669,0.599195,-3.72123,-0.16896,1.04367,-2.73761,0.232378,0.273875,-0.0635627],[-0.0867967,-0.0424099,-0.0680625,0.0389491,-0.152842,0.00152634,-0.0154813,0.00445815,-0.000655923,0.0638372,-0.411426,0.00843382,0.0217348,0.75049,-0.0969362,0.00128403,0.00404251],[0.0485032,0.212226,0.241157,0.0847739,-0.105385,0.0270316,-0.0298876,-0.028026,0.0201915,-0.0535366,0.488033,-0.0143493,-0.00793467,-0.204287,0.330264,-0.0803088,0.00449262],[-0.0724723,-0.56153,-0.259131,0.922753,-0.112073,-0.0167582,0.0509668,-0.0423567,0.0332027,0.106661,0.331901,0.0163829,0.038968,-0.202773,-0.113208,0.304723,0.0316358],[0.274408,0.296697,-0.285464,-0.416045,0.654853,-1.10232,0.293039,0.0473191,-0.0208012,0.0466474,15.2328,0.159501,-0.249719,8.06954,1.1555,1.02987,1.07386],[0.127846,-0.124801,-0.278477,-0.172826,0.021568,-0.484519,0.0279722,-0.026477,0.0275446,0.220153,-1.51691,-0.0115763,-0.0214856,0.0189292,0.347493,-0.00304627,-0.0178306],[-0.334834,-0.180295,-0.230366,0.130289,-0.420266,-0.0957032,0.00941146,0.00318353,-0.0123608,-0.151731,0.567338,0.0250242,0.0068108,0.377772,-0.211677,-0.0896188,0.0181888],[0.0770317,-0.0079261,0.203187,-0.101378,0.143856,0.204677,0.00828194,-0.00565237,0.00990433,-0.0133332,0.452186,0.0208697,0.025276,-0.0336998,0.0923636,0.0255525,0.0103467],[0.0230651,0.118632,0.370438,0.146474,0.254369,0.256185,0.0509865,-0.00536427,0.00804016,-0.0641927,1.5037,0.0112775,-0.00651331,0.0236315,0.129236,0.0304473,0.0161907],[-0.1179,0.014829,-0.0203572,0.00179315,-0.215913,-0.302328,-0.042147,-0.00551979,0.0159073,0.0799787,-0.835745,-0.0306227,-0.0173648,-0.327711,-0.0623671,-0.0281732,-0.00775266],[-0.0312588,-0.0709094,-0.197904,-0.184738,-0.180715,-0.0812268,-0.00173208,-0.00172569,0.00340839,0.0156032,-1.26,-0.0234402,-0.0142689,-0.167935,-0.00245139,-0.0374567,-0.00219598],[-0.278911,-0.284279,0.986079,1.60918,0.49089,1.79397,0.0202559,0.0636673,-0.0525633,-0.426129,1.01687,-0.0302719,-0.101854,1.22963,-0.216723,0.20071,-0.0360981],[0.148994,2.06161,-1.16072,-0.0987985,0.245407,1.12172,-0.0640861,-0.0178972,-0.0813542,-0.391604,-9.22212,-0.323147,-0.0833565,-2.5706,-2.22554,0.534308,-0.113223],[0.814867,-0.13864,1.38279,-0.586525,2.97286,2.86157,0.203363,0.0822429,-0.0402555,-1.14634,-1.01521,-0.360253,-0.336986,2.87902,1.15301,-0.0430661,-0.158431],[-0.152124,-0.141639,-0.254736,0.277497,-0.179804,0.0768244,0.0997475,0.00743265,0.000626483,-0.69962,-1.93879,0.00820634,0.03313,-0.411321,-0.454775,-0.00492343,0.0143714],[-0.0205819,-0.0288961,-0.0250985,0.0599984,-0.0252085,-0.0519104,-0.00196201,-0.000473557,-0.000808987,-0.0323065,0.0780458,0.0029456,0.00306672,0.0596842,0.0066012,-0.0276155,0.00160176],[0.359443,0.618743,-0.443802,-1.22945,-0.0282031,-1.17507,-0.120791,0.00678483,0.0151152,-0.17412,-1.47435,0.12319,0.122238,-0.308523,-1.1894,0.256905,-0.0765828],[-0.278102,-0.553133,-0.768309,-0.614157,-0.15317,-1.62903,0.214243,-0.0372467,0.0288986,-0.561895,-3.46236,0.0179637,-0.0612666,0.695101,-0.0672859,-0.52851,0.00970931],[0.0432405,-0.00126762,0.0461226,0.0442317,0.137031,0.0475837,-0.00195301,-0.00107791,0.00439784,0.0132375,0.351678,-0.00970014,-0.0140272,0.191054,-0.0181468,0.00551312,-0.00939113],[0.273387,0.268342,0.161767,0.0986988,0.0782719,0.039003,0.0673735,-0.0263725,-0.0088525,0.0383611,1.64746,0.0311162,0.0218841,0.154985,0.403456,0.189632,0.00330453],[-0.198696,0.00765753,0.0106992,-0.226819,-0.241533,-0.24855,-0.0333157,0.00817164,0.0159885,-0.163987,-0.624224,0.0164974,0.0204168,-0.121374,-0.108335,0.152477,0.0259023],[-0.0787072,-0.110697,-0.311319,1.36916,0.699717,1.29443,-0.238986,0.00630479,-0.0582296,-0.933712,-9.0847,-0.318632,0.00802735,-4.23706,-0.435402,-1.22766,-0.105114],[0.0321526,-0.0601513,0.00237818,0.17926,-0.037018,0.00914106,-0.0584074,-0.00576918,-0.0115891,-0.0199605,-0.00960587,-0.0077924,0.0135149,-0.0988215,-0.0446605,-0.0873521,-4.55152e-05],[0.161322,0.20235,-0.0737795,0.0747535,0.359352,0.210766,0.024014,0.0169762,-0.023144,-0.00991031,0.424452,-0.0205065,-0.0333449,0.519492,0.340337,0.0591679,-0.0107208],[0.0314529,0.111746,0.146739,-0.0131541,-0.0175715,0.0110667,-0.00453307,-0.0110711,0.00477726,0.0398255,0.51499,0.00110429,0.00161686,0.0140152,0.0146445,0.021342,0.00709551],[-0.0350039,-0.0800711,0.0866653,0.307807,-0.079351,0.0930658,0.0353157,0.0126379,-0.0115692,0.0488489,-0.534503,-0.0351157,-0.0358937,0.536706,0.0174896,-0.0332779,-0.00432213],[0.0150982,0.0351129,0.0938329,0.133085,0.116445,0.103206,-0.00436388,-0.00527906,0.00392235,-0.148749,0.623889,0.0189125,0.0148556,-0.0973983,-0.0223534,-0.0358238,0.00536151],[-0.00764223,0.00129689,-0.0394154,0.00936354,-0.0570197,0.0553408,-0.00657616,0.0108704,-0.00730271,-0.0561242,-0.0105252,0.00148657,0.00588983,-0.0505438,-0.0536981,-0.000821334,0.00714172],[-0.106679,-0.276627,-1.0083,-0.350866,-0.0871331,-0.625004,0.027704,0.0208259,-0.0341092,0.369563,-0.640732,-0.0346438,0.00143352,-0.133564,-0.371431,0.262656,-0.000628701],[1.47554,1.27028,2.63765,0.298736,2.79118,3.78992,0.396297,-0.02983,-0.00609754,0.240792,5.301,0.203252,0.241079,0.44615,-0.80476,1.30802,0.0276514],[0.157323,1.21421,0.0534422,0.221981,2.30589,1.9346,0.41759,-0.0205883,0.00809605,-1.02594,1.90757,-0.177602,-0.203765,1.79929,0.525436,0.574308,-0.103991],[0.0223901,-0.0329936,0.222496,-0.0614413,0.0489233,0.167648,-0.030097,0.00228818,-0.00193197,0.306969,-0.296756,-0.0268063,-0.0295157,0.000131186,0.0616607,-0.00128545,0.000819843],[0.00327058,0.000372405,1.96671e-05,-0.0153422,-0.0472757,-0.0314996,0.00145541,0.00119855,-0.000437796,0.0478257,0.0714247,-0.00326863,-0.00263224,0.00354953,-0.015371,0.0235832,-0.00195648],[-0.0531298,0.143852,-0.723066,0.17315,-0.93944,-0.340424,-0.11408,-0.0499246,-0.0448678,0.62511,2.77379,-0.0659126,-0.135434,0.815547,0.313623,-0.132885,-0.0781252],[0.116563,-0.375875,1.18299,-0.000994783,0.62238,1.66383,0.265876,-0.0383839,0.00198487,-0.0685292,7.05602,0.150187,0.00386024,2.18714,0.0183101,0.200531,0.0636606],[0.043847,0.0438962,0.0224788,-0.0826402,0.0165115,-0.0478293,0.0175156,-0.00339319,-0.00376708,-0.0770442,0.0610656,0.00133734,-0.00762292,0.0586653,0.114671,-0.00631715,0.0053538],[-0.0434703,-0.0459937,-0.0794624,-0.0284803,-0.112941,-0.156952,0.0302879,-0.00202566,0.0176261,0.0922904,-0.89424,0.00467574,-0.00130359,0.00692973,0.160293,-0.193831,0.0132943],[0.080364,0.187143,0.371055,-0.490407,-0.287812,-0.0391784,0.0834154,-0.0323711,0.0223321,-0.0207732,-0.704531,0.0488957,0.0221126,-0.36394,0.0788096,0.109109,0.0298086],[-0.173646,-0.197127,1.35222,-1.045,-1.07263,0.0069477,-0.0634421,-0.0858202,0.112989,1.00282,-5.59653,0.178207,0.253229,-3.54864,-0.702283,0.0712984,0.0126778]],"sigmahat":[[0.418321,0.285059,0.517673,-0.123478,0.461198,0.317254,0.0561977,-0.0330249,0.0109292,0.0513423,1.01802,0.0215995,0.0110845,0.042029,0.28193,0.0547886,0.0138202],[0.285059,0.585969,0.454075,-0.174268,0.297922,0.287613,0.0182848,-0.0336221,0.0109881,-0.0384992,1.12165,0.010234,0.0154124,-0.265426,0.0763382,0.0914378,0.000747603],[0.517673,0.454075,2.72689,-0.310712,0.488999,0.658564,0.152843,-0.162084,0.116738,-0.0348359,2.92235,0.130227,0.0893281,-0.576193,0.16137,-0.120818,0.091855],[-0.123478,-0.174268,-0.310712,1.73645,0.713842,1.07525,0.0615182,0.0893402,-0.0949522,-0.331436,1.26045,-0.0114285,-0.0116535,1.10515,-0.0575196,0.112918,-0.0236477],[0.461198,0.297922,0.488999,0.713842,2.15345,1.88264,0.198276,0.0697816,-0.0675043,-0.378841,3.05048,0.056785,0.032802,1.02152,0.43148,0.461308,-0.0199715],[0.317254,0.287613,0.658564,1.07525,1.88264,2.90892,0.224598,0.104436,-0.0991655,-0.470052,3.0068,0.0832116,0.0661363,1.09264,0.0996618,0.601706,-0.00963943],[0.0561977,0.0182848,0.152843,0.0615182,0.198276,0.224598,0.0826423,-0.00194974,-8.47283e-05,-0.105701,0.184465,0.0220837,0.00952595,0.168028,0.108312,0.0365624,0.0104369],[-0.0330249,-0.0336221,-0.162084,0.0893402,0.0697816,0.104436,-0.00194974,0.0249232,-0.016131,-0.00987272,-0.0279498,-0.00595243,-0.00425597,0.136031,-0.00976465,0.0570211,-0.00802196],[0.0109292,0.0109881,0.116738,-0.0949522,-0.0675043,-0.0991655,-8.47283e-05,-0.016131,0.0160538,0.0213762,-0.0148519,0.00583114,0.00521057,-0.130484,-0.0132256,-0.0384771,0.00573945],[0.0513423,-0.0384992,-0.0348359,-0.331436,-0.378841,-0.470052,-0.105701,-0.00987272,0.0213762,0.79178,0.275373,-0.0378896,-0.0372611,0.147162,0.0174199,0.0207098,-0.0108154],[1.01802,1.12165,2.92235,1.26045,3.05048,3.0068,0.184465,-0.0279498,-0.0148519,0.275373,27.5524,0.408515,0.173428,3.88503,0.225077,1.2827,0.0304409],[0.0215995,0.010234,0.130227,-0.0114285,0.056785,0.0832116,0.0220837,-0.00595243,0.00583114,-0.0378896,0.408515,0.0337234,0.0256794,-0.0830464,-0.00792412,0.0208179,0.0091467],[0.0110845,0.0154124,0.0893281,-0.0116535,0.032802,0.0661363,0.00952595,-0.00425597,0.00521057,-0.0372611,0.173428,0.0256794,0.030541,-0.204519,-0.0582502,0.0167735,0.0059856],[0.042029,-0.265426,-0.576193,1.10515,1.02152,1.09264,0.168028,0.136031,-0.130484,0.147162,3.88503,-0.0830464,-0.204519,4.72871,0.919929,0.401079,-0.0425509],[0.28193,0.0763382,0.16137,-0.0575196,0.43148,0.0996618,0.108312,-0.00976465,-0.0132256,0.0174199,0.225077,-0.00792412,-0.0582502,0.919929,1.11508,-0.063004,0.0218115],[0.0547886,0.0914378,-0.120818,0.112918,0.461308,0.601706,0.0365624,0.0570211,-0.0384771,0.0207098,1.2827,0.0208179,0.0167735,0.401079,-0.063004,0.418005,-0.0201498],[0.0138202,0.000747603,0.091855,-0.0236477,-0.0199715,-0.00963943,0.0104369,-0.00802196,0.00573945,-0.0108154,0.0304409,0.0091467,0.0059856,-0.0425509,0.0218115,-0.0201498,0.00975962]],"n":17,"lags":3}