{"betahat":[[3.79115,3.06456,-5.69056,0.719073,8.02405,5.17524,0.0168233,1.26085,0.273766,8.45994,0.216822,-0.823197,82.167,-0.0738328,-0.852237,21.3013,1.77916,0.198512,23.5227,5.96632,-0.318961],[0.98257,0.243657,0.568171,-0.325108,0.361069,0.947743,0.0783494,0.0451316,0.0351026,0.0176422,0.02402,-0.131028,3.08894,0.0769638,0.0407776,0.206314,0.14671,0.0196268,1.54679,0.120628,0.0359906],[0.184352,0.943756,0.349565,-0.236634,0.203518,-0.103007,-0.042736,-0.0171153,0.0371448,0.179741,0.0302522,0.168784,-1.54808,0.000181616,0.0554378,-1.43704,-0.448607,0.00873226,0.43011,0.148811,-0.0278957],[-0.0461647,-0.0533391,0.682764,0.121367,-0.16119,-0.250211,-0.0456187,0.00136657,-8.01994e-05,0.0496375,-0.00601114,0.0174497,0.810777,-0.0114719,-0.036919,0.415396,-0.0433551,-0.00148859,0.283611,-0.0436791,-0.00231014],[-0.0103918,-0.0941574,-0.68811,0.530118,-0.145305,-0.351033,-0.0714457,0.0155689,-0.0104534,0.0846652,-0.00637604,0.0477955,-1.69155,0.020585,0.0402799,-0.657887,0.0547853,-0.00894951,-0.141996,-0.0272783,-0.017799],[0.0753403,-0.0448459,-0.0153266,-0.247808,0.951478,0.0998694,0.0107164,-0.00576043,-0.0142146,0.0806244,-0.0111997,0.0954336,-0.617537,-0.0181559,-0.0184462,0.144685,-0.0507557,-0.00223108,-0.0912907,-0.0174386,-0.00445341],[-0.0149344,0.0601903,0.0243738,0.114139,0.0243551,0.791111,0.00951806,0.00265087,-0.0141745,0.00557098,-0.0129217,0.0380193,0.357002,0.00901928,0.00449024,0.100801,-0.00217477,-0.0092148,-0.597825,0.041364,-0.00611697],[0.371068,0.478737,0.268536,-0.981268,-0.511753,-1.57846,0.877919,-0.141448,0.0731533,0.171802,0.0770948,-0.136039,1.78481,0.113803,0.149096,-1.22632,0.964833,0.0620813,0.137306,-0.538935,0.0691242],[0.512431,-2.82804,3.63488,-1.05668,1.59969,-0.375591,0.417994,0.63443,0.142907,-0.251942,0.0822418,1.32992,-1.51067,0.359819,0.21413,-3.87444,0.0302695,0.0482779,5.8965,-0.0137923,-0.119599],[0.185783,-0.341618,-2.44928,2.25593,-2.53889,-3.97109,-0.413691,0.0913517,1.08827,1.30116,0.23827,-0.328758,14.5476,0.853379,0.765078,-0.578563,0.561722,0.385012,0.517523,-0.0911647,0.276638],[0.0746961,0.130691,0.147787,-0.2567,0.0043736,-0.220994,-0.0724631,-0.0262963,-0.00186536,1.35933,-0.0036713,0.178619,1.26892,0.0219661,-0.00461186,0.243172,0.112248,-0.00333013,-0.394124,-0.104581,-0.00366427],[-0.873937,-1.22206,-4.23077,0.538207,-1.81064,-0.307064,0.0749898,0.379502,-0.16386,0.183691,0.812697,0.521471,-14.167,0.251945,0.571324,-11.0958,-0.49726,0.0336197,6.51146,0.198144,-0.208747],[0.00218194,-0.232605,0.660828,0.848923,0.829711,0.583205,0.185445,-0.00510411,0.0155512,-0.283333,0.0102973,0.657647,3.11834,0.108068,0.0473334,0.541291,0.310524,-0.00696149,0.470742,-0.208336,0.0521225],[0.0241842,0.0223656,0.0602348,-0.00529094,0.0623236,0.0614799,-0.00107981,-0.00420662,0.00128425,-0.0332209,0.00164104,0.0211874,0.907444,0.00329504,0.00300308,-0.0245615,0.019857,0.00212557,0.0465448,-0.00512286,0.00296235],[-0.070513,-0.769183,1.78261,1.753,2.23361,3.00207,0.0977491,0.0586241,0.0192811,0.289775,0.0221629,-0.176623,-6.57172,0.639704,-0.161061,-0.187997,-0.454376,-0.034936,1.29699,-0.216341,0.0564878],[0.934725,0.97044,1.45793,0.543408,2.09813,1.74932,0.0835963,0.07666,0.0681708,0.714791,0.0380882,-0.0199513,4.06827,0.0146734,1.04407,-0.686517,-0.189463,0.0442858,4.82243,-0.0562833,0.0276877],[-0.0624602,-0.0172793,-0.0904074,0.0547023,0.0264134,0.139572,0.00817149,0.0211337,0.00523098,0.0797187,0.0050414,-0.0769236,-0.381114,0.00847119,0.0243401,0.671227,0.00771878,-0.00028282,0.319139,0.00732991,-0.000677025],[-0.0549019,-0.0789672,0.160594,0.219464,-0.175241,0.173868,0.0565289,-0.0166364,-0.0185796,-0.356945,-0.0251417,0.076128,-1.18051,0.0332351,0.013237,-0.046953,1.0187,-0.00122274,-0.924395,-0.138529,0.0297702],[-2.01343,-2.90487,-1.5248,-1.95579,-7.41219,-6.65665,-0.18791,0.0231172,-0.155833,1.85896,-0.0657844,2.06627,-31.3204,-0.412412,-0.489939,0.210071,-1.01201,1.10258,-4.4897,-1.52607,0.27043],[0.0124098,0.0478493,0.0518483,0.0757116,0.0422814,0.0281439,0.00378156,-0.0115678,0.00935439,-0.076013,0.0101254,-0.114685,1.49099,-0.00236358,-0.0172209,0.444444,0.0464794,0.00159648,0.312925,-0.0276397,0.00712623],[-0.610223,-0.875689,-1.14685,1.01361,-0.90745,-0.804486,0.0838329,-0.0109151,0.00150803,-0.180147,-0.00274734,-0.0715184,-5.97889,-0.0544975,0.000508596,-0.846239,-0.256132,0.0175707,-2.40707,-0.23825,0.00920842],[1.24568,0.79476,2.50915,1.5658,5.59449,1.74316,0.7297,-0.0374867,0.176433,-1.29314,0.180276,-0.812529,31.5066,0.568115,-0.0100969,11.1408,1.24266,0.0376696,2.06223,0.700502,0.979925],[0.00514261,-0.202854,-0.628959,-0.126803,-0.254885,-0.894123,-0.0271997,-0.0184136,-0.00283723,0.263531,-0.00106732,-0.0578437,-1.29846,-0.0504422,-0.0646625,0.151824,-0.135406,0.0105155,-0.66911,0.0907416,-0.026194],[-0.284406,-0.123191,-0.275493,0.205299,-0.303583,0.17564,0.0450236,0.0111849,-0.0344491,-0.239803,-0.0261513,-0.220329,1.09796,0.0207568,-0.0130142,0.808122,0.336179,-0.0108125,-0.776241,-0.0363813,0.0260749],[0.000374415,-0.066167,0.126347,-0.0481393,0.0839894,0.118998,0.0313739,0.000231198,0.00493492,-0.142955,0.00698211,0.0160701,-1.01892,0.0145585,0.0392058,-0.397494,0.0336267,0.00609071,-0.106863,0.0190547,0.000713986],[0.0346667,0.131184,0.393302,0.13083,0.128086,0.0384091,0.00659572,-0.02232,0.0144298,-0.0832036,0.0108911,-0.0391751,2.21189,0.0210058,0.00176837,0.1435,-0.0835392,0.0144835,-0.13139,-0.0106715,0.026717],[-0.0811711,0.0164639,-0.0458719,0.104923,-0.125014,-0.262158,-0.0130721,0.0019072,0.0113082,0.0575343,0.00887425,-0.0880592,0.00739474,-0.00170512,0.00370463,-0.0951773,-0.0265421,0.00162253,-0.0161098,0.0466349,0.000450027],[-0.0231927,-0.0996962,-0.0826417,-0.10063,-0.0505065,0.0715986,0.00115037,-0.00505705,0.0121041,0.0429982,0.0129389,-0.0110195,-0.752518,-0.0203822,-0.0169748,-0.0164409,-0.0557197,0.00587736,0.390177,-0.0358317,-0.00398938],[-0.0810964,0.00346103,0.941116,1.38381,0.522288,2.048,0.162005,0.080829,-0.0722874,-0.630162,-0.0659573,0.554199,-3.185,-0.0866654,-0.123682,1.35337,-0.633233,-0.048582,-1.09665,0.320815,-0.0852085],[-1.18334,2.12661,-4.00023,-1.27835,-2.65515,-1.6364,-0.9507,0.146963,0.0565997,1.01595,0.00324339,-0.682721,11.031,-0.379868,-0.380617,2.28435,-1.2732,0.051354,-1.89455,-0.506623,0.126149],[-0.864231,-0.377039,-0.226976,-2.22583,-1.00898,0.659061,-0.325229,0.0261567,-0.229102,-1.05499,-0.310693,1.37967,-28.2107,-0.921352,-0.552896,-4.51474,-0.701296,-0.386331,-3.71331,-0.478985,-0.433386],[-0.0884704,0.00732528,-0.325935,0.373501,-0.140871,-0.00479827,0.0770968,0.0103531,0.0039883,-0.690362,0.00495855,-0.297436,-0.128144,0.0161668,0.0431829,-0.213898,0.112908,0.00863861,0.109469,0.122923,0.00503766],[0.0989361,1.51303,1.52873,-2.28401,-2.58534,-3.81119,-1.21819,-0.323483,0.0927667,1.29926,0.0714901,0.99243,7.09133,-0.735553,-0.68037,5.59006,-1.36796,-0.059889,-10.3762,-0.117918,-0.0680962],[0.0875255,0.0680228,-0.361797,-1.31288,-1.00073,-0.836492,0.0192754,-0.0413178,0.0389344,0.297535,0.0371268,0.202916,-4.23767,0.000682443,0.0389707,-0.568071,-0.349507,0.0329481,-0.791027,0.0525188,-0.000713633],[-0.0167265,-0.0225423,-0.0508333,0.00734167,0.010626,-0.00107776,0.00527893,0.00485402,0.000561967,-0.00208706,0.000452635,-0.0341096,0.0596433,0.00190122,0.000725433,0.0422214,0.011746,-0.000885363,0.0869647,-0.00259874,-0.00106735],[0.694301,0.732057,-0.110723,-1.93732,-0.438456,-1.62844,0.148911,-0.050898,0.0415588,-0.755517,0.0248009,-0.220176,-0.17768,0.292514,0.228139,-0.335067,0.932509,0.0781307,1.54201,0.275365,0.0288138],[-0.81035,-0.646448,-1.36917,-0.868667,-1.48386,-2.77271,-0.193096,-0.0831282,0.0594904,-1.3057,0.0445214,0.206709,-11.8583,-0.113273,-0.0665309,-1.25234,0.095436,0.0228553,-1.51617,-0.868435,-0.0218251],[0.0454872,-0.0353678,0.0243422,-0.0249423,0.0281101,-0.0542762,-0.0134056,-0.00733121,0.00278714,0.019495,0.00107323,0.0729432,0.211926,-0.0135466,-0.019736,0.224726,-0.06701,0.00113691,-0.00896878,-0.00152997,-0.00676627],[-0.0778148,-0.000865911,0.195459,0.211472,-0.272433,-0.143336,-0.0981653,-0.0259311,0.0414674,0.46628,0.0427959,-0.120249,2.04566,0.031824,0.0386206,0.0731765,-0.00241604,0.0126023,0.623938,0.041675,0.00852344],[1.35146,2.7723,0.686771,0.968148,3.60683,3.56251,-0.015786,-0.20345,0.0668047,-1.92285,-0.030209,-1.68097,26.2017,0.225816,0.33253,-0.963777,0.555776,-0.121074,-0.395811,1.22491,-0.170755],[-0.00026507,0.137841,0.0359293,-0.0185233,-0.0580838,0.0177459,0.0305196,-0.00969605,-0.00547201,-0.0454603,-0.00344622,0.0485319,-0.851221,-0.00712837,0.00407707,-0.353671,0.02677,-0.00511288,-0.0939889,0.0481543,-0.0105268],[-0.302069,-0.0508995,0.36863,-0.174088,-0.327147,-0.165623,-0.0953902,-0.0251477,0.0158907,-0.284176,0.011843,0.15826,-2.39026,0.0195359,0.0527043,-0.774386,-0.405576,0.0135167,-1.17506,0.0378265,0.0256585],[-0.446126,0.111346,-1.20202,-1.4837,-2.00739,0.317564,-0.355214,-0.0246652,-0.123092,0.505168,-0.170552,0.842838,-13.0183,-0.641294,-0.289737,-5.11782,-1.2453,-0.0650749,0.576712,0.285307,-0.0617812],[0.0121177,-0.0410358,0.0607156,0.451899,-0.106666,-0.0540367,-0.0511609,-0.0267302,-0.0322842,-0.281077,-0.0229714,0.188824,-1.79114,-0.0265577,0.0238451,-0.357911,-0.0113194,-0.0301487,-0.877751,-0.211312,-0.00978296],[0.0998381,0.179041,-0.0743767,0.0314838,0.0997427,-0.0729449,-0.00224455,0.00592944,-0.00273147,0.059817,-0.00413375,0.0515029,0.448243,-0.0209736,-0.0424589,0.62935,0.1124,0.00205112,0.345541,-0.112339,0.00182414],[0.0455763,0.119177,0.190161,-0.0729854,0.0766565,0.130569,0.0141784,-0.0015747,-0.00486405,0.0934972,-0.000986059,-0.033558,0.207108,-0.00314417,-0.00234696,-0.0176942,0.00977106,-0.00460394,-0.176864,0.0245962,0.00158377],[-0.0242989,-0.0370716,0.295161,0.339045,0.01735,0.312956,0.0649116,0.00674494,-0.00398333,-0.00154001,-0.00452348,-0.00870697,-0.520968,-0.0415598,-0.0420238,0.514507,0.0288344,-0.00553993,0.273731,0.0381189,-0.00890283],[0.00589749,0.0283524,0.061262,0.14311,0.173339,0.162187,0.00240191,0.00384165,0.00289314,-0.138064,0.0023208,-0.00749032,0.610284,0.0198732,0.0147469,-0.0490602,0.077335,0.00060594,0.107238,-0.0291051,0.00402645],[0.0381489,0.0392554,0.0584315,-0.0134305,0.0261404,0.137189,-0.0105672,0.00237666,0.0020647,-0.0485856,-1.52329e-05,-0.0270884,0.394032,0.0113996,0.0124981,-0.0840443,0.0580435,0.00333242,0.207711,-0.00545955,0.0101182],[-0.290164,-0.482292,-1.20921,-0.402326,-0.0108326,-0.469148,-0.0399461,0.0606035,-0.000926216,0.458227,-0.0111684,-0.418489,1.40395,-0.0271293,-0.0254091,-0.126452,-0.331333,-0.0135265,0.957626,0.218575,0.0161202],[1.63862,1.53717,1.97715,2.20938,2.20921,2.94686,0.651757,0.0399791,-0.202015,-1.0929,-0.104643,-0.534898,-4.76287,0.14029,0.273521,0.80757,1.36861,-0.121784,-3.5125,0.857679,0.0432101],[0.357449,0.751951,1.46802,-0.157382,2.63741,2.08668,0.585102,-0.0782706,0.101978,-0.550886,0.0490131,-0.739388,7.34131,-0.0573218,-0.255914,3.95088,0.28996,0.0175912,1.856,-0.140414,0.132573],[0.0133637,-0.138035,0.178136,-0.115439,0.136678,0.227229,-0.00464129,0.0159633,-0.00218311,0.329078,-0.00130085,0.118487,-1.14427,-0.0380734,-0.0384345,-0.0312496,-0.224484,-0.00535358,0.284589,-0.0187792,-0.00139623],[0.330074,-0.296194,1.32487,1.57963,3.15336,2.55965,0.91349,-0.0288947,0.030405,-1.7103,0.0830675,-1.11668,0.136106,0.310146,0.0442802,3.95501,1.7854,0.028393,2.17488,-0.858148,0.220323],[-0.090119,0.164447,-0.299107,0.463613,0.170422,0.253115,-0.20458,0.0463899,-0.0544732,-0.0140751,-0.0474145,0.138895,1.1193,-0.108634,-0.0862439,0.0271892,0.0388949,-0.0259716,0.320102,0.156195,-0.0513784],[-0.00841645,0.00181604,-0.00960302,-0.00101389,-0.0752686,-0.0612092,-0.00364496,-0.00107445,-0.00188271,0.0292258,-0.00210449,0.0118181,-0.0175302,-0.00546537,-0.0030884,-0.0316603,-0.032574,-0.00144143,-0.13859,0.00693775,-0.00198552],[0.0448217,-0.167075,-0.991069,1.03435,-1.86323,-1.3711,-0.208278,-0.0970147,-0.0668884,1.32086,-0.0435157,0.00545882,3.44815,-0.0132142,-0.10696,1.74477,-0.37692,-0.0384824,-1.16179,-0.221103,-0.00952379],[0.100807,-0.419211,0.609791,0.111609,0.262682,2.11516,0.227204,0.0715856,-0.1386,0.340661,-0.0909333,0.136535,6.11355,0.113346,-0.00376322,1.72794,0.359694,-0.046474,-1.66625,0.930068,0.0147065],[0.0171417,0.0524367,0.0680618,-0.0265413,-0.0534751,-0.0820595,0.00570769,-0.0138947,-0.00810144,-0.100652,-0.00616493,0.00228707,0.172493,0.0055923,-0.00408664,0.102322,0.0604589,-0.000986718,-0.308658,-0.00458788,0.00752366],[0.132322,0.0794157,-0.356413,-0.43074,0.446744,-0.0312871,0.0416462,0.0425025,-0.0229523,-0.109125,-0.0177117,0.0437322,-0.861803,-0.0650476,-0.0519057,-0.0246274,-0.016261,-0.0114257,0.298237,0.0973857,-0.0382705],[0.167618,-0.0298486,0.127342,0.764048,2.80007,1.82534,0.0629052,0.134312,0.0552943,-0.274321,0.0660466,-0.273056,1.65829,0.0788855,0.0810806,0.535782,0.261227,-0.0110784,2.57794,-0.0817141,-0.123546],[0.0992956,0.0557831,0.0597693,-0.0459732,0.135141,0.0959259,0.020508,-0.00381536,-0.0017964,0.0655972,-0.00301702,0.0176414,-0.00607012,0.00363495,0.000769637,-0.0500641,0.0285766,0.00203104,0.135578,0.0183998,-0.000150757],[0.00320937,0.254557,0.361299,-0.703397,-0.39375,0.182161,0.0018275,-0.0165104,0.0224002,-0.0148547,0.0238529,-0.0672664,1.37058,0.0796361,0.0322098,-0.151453,0.0526914,0.0261364,0.116321,0.164966,0.0412764],[-1.12539,-0.951864,0.683044,-0.580728,-2.61882,-1.0807,-0.337022,0.0238438,-0.00209418,0.674095,0.0313404,0.198691,-14.3714,0.250319,0.418375,-5.68922,-0.487045,-0.0174693,-4.50015,-0.801405,0.00120554]],"sigmahat":[[0.200477,0.11673,0.184756,0.0169786,0.22164,0.184226,0.0185257,-0.00758085,-0.00302425,0.0215261,-0.00177957,0.0095785,0.686251,0.0158741,0.0119737,0.0417969,0.0669023,0.00142322,0.146026,0.0421768,0.00548329],[0.11673,0.281264,0.181876,-0.00307603,0.137836,0.160655,-0.000568606,-0.00561906,8.57464e-05,-0.0122222,0.000252784,-0.0185834,1.1563,0.0157008,0.0145905,0.00841684,0.0608897,0.00242788,-0.0344025,0.056803,0.00660442],[0.184756,0.181876,0.897042,0.0779282,0.454857,0.684119,0.0659782,-0.0155291,0.00238909,-0.0982834,0.00471937,-0.0320561,1.5366,0.0587387,0.0454844,0.025086,0.133107,0.000752479,0.0829798,0.133858,0.0181557],[0.0169786,-0.00307603,0.0779282,0.73872,0.129551,0.183977,0.0248163,-0.00376334,-0.0169905,-0.20563,-0.0127027,-0.0302678,-0.194701,-0.00467098,0.0110733,0.0805384,0.0934962,-0.0146302,-0.152055,-0.0821826,-0.00298909],[0.22164,0.137836,0.454857,0.129551,0.99878,0.787372,0.0908633,0.0104686,0.000977688,-0.168036,0.00219379,-0.0812391,1.32247,0.0464685,0.0337924,0.0741331,0.203627,-0.0014893,0.690326,0.0958058,0.00542922],[0.184226,0.160655,0.684119,0.183977,0.787372,1.44605,0.113186,0.0168028,-0.00330548,-0.214762,-0.00129678,-0.109494,1.47361,0.0616002,0.0487283,0.0231358,0.239518,-0.00373444,0.727196,0.150012,0.0131367],[0.0185257,-0.000568606,0.0659782,0.0248163,0.0908633,0.113186,0.0436161,0.00143098,-0.0020869,-0.0612051,-0.00129337,-0.0187063,-0.166107,0.00852191,0.00523902,0.0201531,0.0515319,-0.0011228,0.0917448,0.018223,0.00171407],[-0.00758085,-0.00561906,-0.0155291,-0.00376334,0.0104686,0.0168028,0.00143098,0.00541922,8.46907e-05,0.00576319,6.96465e-05,-0.00149756,-0.026198,-0.00116015,-0.000891388,-0.00109036,-0.00186537,0.000285384,0.0390444,0.00306965,-0.000832167],[-0.00302425,8.57464e-05,0.00238909,-0.0169905,0.000977688,-0.00330548,-0.0020869,8.46907e-05,0.00392494,0.0133225,0.00274902,-0.00699718,0.11388,0.00255494,0.00125191,0.00981232,-0.00678091,0.00175477,0.0445701,0.000733006,0.000567295],[0.0215261,-0.0122222,-0.0982834,-0.20563,-0.168036,-0.214762,-0.0612051,0.00576319,0.0133225,0.539546,0.0107992,0.0288004,1.20276,-0.0162924,-0.0311531,0.338095,-0.167101,0.0107914,0.167431,0.0493169,-0.00178322],[-0.00177957,0.000252784,0.00471937,-0.0127027,0.00219379,-0.00129678,-0.00129337,6.96465e-05,0.00274902,0.0107992,0.00285431,-0.00612883,0.0902762,0.00241522,0.00134243,0.0100956,-0.00411417,0.00146313,0.0313674,0.000545049,0.000609251],[0.0095785,-0.0185834,-0.0320561,-0.0302678,-0.0812391,-0.109494,-0.0187063,-0.00149756,-0.00699718,0.0288004,-0.00612883,0.141757,-1.04486,-0.0263981,-0.0153543,-0.151619,-0.0683191,-0.00300342,-0.127267,-0.0420782,-0.0075053],[0.686251,1.1563,1.5366,-0.194701,1.32247,1.47361,-0.166107,-0.026198,0.11388,1.20276,0.0902762,-1.04486,35.2504,0.431407,0.126317,4.63957,0.527086,0.10176,1.08727,1.15725,0.122333],[0.0158741,0.0157008,0.0587387,-0.00467098,0.0464685,0.0616002,0.00852191,-0.00116015,0.00255494,-0.0162924,0.00241522,-0.0263981,0.431407,0.021771,0.0142906,-0.000838509,0.0349227,0.00243555,0.0508317,0.0170851,0.0045373],[0.0119737,0.0145905,0.0454844,0.0110733,0.0337924,0.0487283,0.00523902,-0.000891388,0.00125191,-0.0311531,0.00134243,-0.0153543,0.126317,0.0142906,0.0178604,-0.0981763,0.0221473,0.000935294,0.00907995,0.00601597,0.00245949],[0.0417969,0.00841684,0.025086,0.0805384,0.0741331,0.0231358,0.0201531,-0.00109036,0.00981232,0.338095,0.0100956,-0.151619,4.63957,-0.000838509,-0.0981763,2.75135,0.112351,0.0111124,0.290339,0.120945,0.0164337],[0.0669023,0.0608897,0.133107,0.0934962,0.203627,0.239518,0.0515319,-0.00186537,-0.00678091,-0.167101,-0.00411417,-0.0683191,0.527086,0.0349227,0.0221473,0.112351,0.230388,-0.000727038,0.167587,0.0193317,0.0111539],[0.00142322,0.00242788,0.000752479,-0.0146302,-0.0014893,-0.00373444,-0.0011228,0.000285384,0.00175477,0.0107914,0.00146313,-0.00300342,0.10176,0.00243555,0.000935294,0.0111124,-0.000727038,0.00229154,0.0272031,0.00218531,0.00105668],[0.146026,-0.0344025,0.0829798,-0.152055,0.690326,0.727196,0.0917448,0.0390444,0.0445701,0.167431,0.0313674,-0.127267,1.08727,0.0508317,0.00907995,0.290339,0.167587,0.0272031,3.37855,0.0599178,0.0121893],[0.0421768,0.056803,0.133858,-0.0821826,0.0958058,0.150012,0.018223,0.00306965,0.000733006,0.0493169,0.000545049,-0.0420782,1.15725,0.0170851,0.00601597,0.120945,0.0193317,0.00218531,0.0599178,0.16859,0.00167991],[0.00548329,0.00660442,0.0181557,-0.00298909,0.00542922,0.0131367,0.00171407,-0.000832167,0.000567295,-0.00178322,0.000609251,-0.0075053,0.122333,0.0045373,0.00245949,0.0164337,0.0111539,0.00105668,0.0121893,0.00167991,0.00367485]],"n":21,"lags":3}