{"betahat":[[0.813861,1.95988,-3.02879,3.42592,-2.16197,0.716888,-0.359202,0.367122,-0.148455,-0.23112,3.81644,7.61437,0.107061,-0.265061,6.40669,2.46998,1.98168,-0.0170661],[1.01075,0.0243055,0.535492,0.136214,0.424849,0.57185,-0.0160973,-0.111221,0.0868509,0.0309722,0.21043,0.946186,-0.000415733,-0.0263447,0.483662,0.237294,-0.0133594,0.00531815],[0.144201,1.15687,-0.194009,0.255632,0.104852,0.289732,-0.017085,-0.0348374,0.00233072,0.0378225,-0.187607,0.341591,-0.0116961,-0.0189671,0.213351,0.23952,0.0386038,0.000358444],[0.00524497,-0.0264975,0.886751,-0.0691221,0.0413715,0.14162,0.0103866,-0.00561502,0.0177029,0.00653629,0.198205,0.00300286,-0.00346834,-0.00112681,0.143454,-0.0238634,-0.00711485,-0.00748227],[-0.00512662,0.0164204,-0.109057,0.736552,-0.0165338,-0.244235,0.00332591,-0.00273423,-0.00670351,0.00420907,0.101976,-0.137692,0.00389156,0.0078228,-0.0567821,-0.08681,0.031925,0.00838488],[-0.0308433,-0.0115034,-0.149458,-0.0933692,0.510213,-0.139619,0.0023128,0.0071739,-0.00559682,0.00926028,0.120285,0.715035,0.0199108,0.0107086,0.423618,0.0513,0.0422297,0.0106631],[-0.000564522,0.0392679,0.0316879,0.0344816,0.00738391,0.859245,-0.00167496,0.0172805,0.00228833,0.00735264,0.046975,0.168447,0.00530169,0.00896576,-0.0787419,0.0565588,0.043338,0.000282075],[-0.113203,-0.132133,-0.214767,-0.299961,-0.200033,-0.319006,1.04652,-0.103615,0.131236,-0.0337153,0.242496,-5.10817,-0.0530707,0.0382308,-1.35679,-0.319218,0.0116296,-0.0191463],[0.149437,0.157691,-0.474617,-0.25866,0.305222,-0.100033,0.162394,0.779752,0.0213104,0.0475072,0.54097,4.98273,0.0232541,-0.0239265,1.08879,0.149783,-0.715244,0.0297694],[-0.184359,-0.294347,0.465508,0.16044,0.223961,0.132888,0.109226,-0.0163521,1.15986,-0.0180655,0.613318,1.8338,0.110733,0.0698702,0.486474,-0.148554,0.383092,0.144161],[0.36841,0.526366,-0.000779139,0.884123,-0.759552,1.1345,0.3821,-0.0192621,0.318957,1.00486,-1.40209,1.03589,-0.00538785,0.104248,-1.77642,-0.461336,0.0919052,-0.000722996],[0.03059,0.0608151,0.188589,-0.0582975,-0.119515,0.227912,-0.0208288,0.014738,-0.00668404,0.00893937,1.05823,0.389646,0.00187176,-0.00285116,0.0910408,0.114749,0.00159533,0.00601523],[-0.00442182,-0.0061741,0.0119084,-0.0217295,0.00172785,0.0288188,0.00534774,-0.00345518,0.000341028,0.000583973,-0.0283123,1.01037,0.000749251,0.00125917,-0.026664,-0.0198826,0.0137591,0.00014895],[-0.125864,-0.256308,-1.09329,0.6104,0.214703,-0.153542,0.18249,0.0211165,0.0719511,0.0355723,0.443606,-2.08989,1.03804,-0.0138712,1.19194,1.75596,-0.541872,0.149807],[0.24984,0.688588,-0.188919,0.960252,0.357112,-1.12259,-0.279243,0.184046,-0.0710281,-0.0810777,-0.106846,-5.41122,-0.00837815,0.92851,-0.627649,-0.227576,0.0505264,-0.0235179],[0.0103695,0.0199555,0.0516209,-0.0490807,0.111193,0.103425,0.00987782,-0.0183513,0.0144538,0.012295,0.0208724,-0.163472,0.00904368,0.00626802,1.0984,0.00971995,0.0117481,0.00925254],[0.0155634,0.0669291,0.0404721,0.134168,0.0901124,0.0810195,-0.0192222,-0.0193891,0.0296595,-0.020818,0.169585,-0.487078,-0.00482439,-0.00383698,-0.200665,0.402549,-0.0928406,0.0176888],[-0.0929671,-0.0831617,0.00514063,-0.26825,0.100048,0.041442,0.124966,0.0768592,0.0366554,0.0768459,-0.392862,2.3747,0.0245679,0.0161148,0.279417,0.43655,0.322815,0.00208615],[0.662248,0.230551,-0.143096,-0.258096,0.660718,-0.421823,0.267886,-0.0339364,0.138708,-0.1573,-0.112971,3.52777,-0.179388,-0.146388,1.66852,-1.24149,0.826762,0.973516],[0.00732645,0.042738,-0.216965,0.00312263,-0.484485,-0.399238,0.0300786,0.0396906,-0.0731052,-0.0130071,-0.352599,0.0598537,0.0137908,0.0194599,-0.00396271,-0.294962,0.0482202,-0.00269982],[-0.126236,-0.114425,0.13719,-0.132993,-0.204532,-0.310403,0.0335363,0.0348636,0.00158006,-0.0239273,0.0321074,0.291958,0.00659274,0.00193355,0.0691673,-0.228943,-0.0298031,0.00500898],[-0.013417,0.00296679,-0.0386176,0.0326774,-0.0969951,-0.238364,-0.0137816,0.0222494,-0.013131,-0.0174234,-0.153393,-0.240623,-0.00793783,0.0052888,-0.311192,-0.0655945,-0.0395737,-0.00948084],[0.0225684,0.0358767,0.0901878,0.156832,0.0231271,0.162391,0.00895326,-0.000730115,0.024866,0.00060649,-0.0686531,0.516339,0.00186094,-0.00399861,0.00614925,0.0509426,-0.00289567,-0.0109257],[0.0182343,0.00922033,0.124968,0.103072,0.301143,0.140404,0.000948021,-0.00199533,-0.00567754,-0.000330432,-0.0607205,-0.257744,-0.00877139,-0.0146479,-0.113294,0.00409765,-0.0194443,-0.00168516],[0.0113852,0.00990634,0.0279456,-0.0547295,0.0224084,0.144801,-0.00240822,-0.0243245,-0.00294453,-0.00632195,-0.0628885,-0.42791,-0.00782598,0.00143085,-0.0926176,-0.125962,-0.0491272,0.00391412],[0.132646,0.142737,0.395503,0.131321,0.00668585,0.299292,-0.0504421,0.0578168,-0.0805778,0.0649658,0.0750805,3.39202,0.0452048,0.00552333,0.63851,0.242456,-0.000737898,-0.00607069],[-0.0591484,0.113097,0.692589,0.104822,0.0291066,0.310957,-0.186002,0.0274227,-0.0014465,0.000529069,-0.412266,-4.25325,-0.0557958,-0.0202933,-0.591951,0.0601264,0.772315,-0.0248318],[0.0441767,0.0302118,-0.579163,0.0197046,0.0655151,-0.612318,-0.0306598,0.0347664,-0.137702,0.0169006,-0.642183,-0.852133,-0.00575993,0.0019085,-0.572742,0.208758,-0.358357,-0.0661623],[-0.2939,-0.477348,-0.0793124,-0.663436,0.975917,-0.600152,-0.303759,-0.0200266,-0.212932,-0.0846016,1.91956,0.0456482,0.0386179,-0.0253965,0.271994,0.150905,-0.124983,-0.049247],[-0.016826,-0.0364587,-0.19235,0.0071014,0.0743402,-0.160306,0.00774462,-0.0256249,0.00120314,-0.00234977,-0.154624,-0.302975,0.00782091,0.00568629,-0.028593,-0.115828,-0.0276795,0.00124732],[0.00220879,0.00658405,0.00139755,0.00687909,4.79435e-05,-0.0242631,-0.00856387,-0.00125168,-0.00132353,-0.00192838,0.00533666,-0.052737,-0.000660259,-0.000287728,0.003177,0.00724507,-0.020311,-0.000963299],[0.117425,0.0368895,0.759939,-0.538106,-0.0302637,0.867677,-0.272143,-0.0272682,-0.0602345,-0.158794,-0.419896,-0.633506,-0.087424,-0.0277982,-0.929732,-1.39115,0.210516,-0.134665],[-0.141192,-0.668794,0.00680969,-0.57401,-0.342708,1.17393,0.295505,-0.22066,0.0474718,0.108373,-0.592235,4.78347,0.000607098,0.0838432,0.605817,0.54104,-0.0452404,0.0168739],[-0.00231699,-0.000407189,-0.00531914,0.0134787,-0.0866028,-0.0530891,-0.0124304,0.0109652,-0.00946317,-0.0163397,-0.0469044,-0.0376073,-0.0129323,-0.00508957,-0.123498,-0.0440742,-0.0308933,-0.00656498],[-0.0236519,-0.119017,0.0358718,-0.0214762,-0.00517413,0.00654284,0.0531415,0.0051746,0.00243593,0.0261266,-0.177839,0.321372,0.00891735,0.0157307,0.0141861,0.17177,0.0684505,0.00136363],[0.0508687,-0.034767,0.303283,-0.0277183,-0.119587,-0.0912408,0.12235,0.0350224,0.0361959,0.0086533,-0.271687,0.564104,-0.0306996,-0.0225657,-0.36575,-0.133821,-0.00518402,0.00249932],[-0.292631,-0.149817,0.0252228,0.175467,-1.48847,-0.0625407,-0.307973,0.125056,-0.238067,0.00415806,0.101645,-2.75464,0.031223,0.0656852,-0.780159,1.20229,-0.62215,-0.0360368],[-0.018098,-0.0670682,-0.318528,-0.139351,0.0596365,-0.172621,-0.0139715,0.071531,-0.0137396,-0.017963,0.142136,-1.00618,-0.0133732,0.0068853,-0.479683,0.0576196,-0.0348506,-0.00261712],[-0.0179912,-0.0424865,0.0568146,-0.12266,0.0996868,0.0206566,-0.0164383,-2.62616e-05,-0.00390062,-0.0138918,0.15546,-0.63367,0.00510648,0.017033,-0.282468,-0.0106408,-0.00878658,-0.00536449],[0.00814333,0.0235052,0.15183,0.0364172,0.0556064,0.0966946,0.00340045,-0.0166345,-0.00456677,0.0108863,-0.0448824,0.237278,0.011406,-0.00416159,0.167718,0.0893692,0.0466943,0.016964],[-0.0174718,-0.052345,0.0188901,0.106576,-0.00656694,0.0818582,-0.012264,0.00346388,-0.0181498,-0.00481049,-0.0333394,-0.378678,-0.00574789,-0.00382588,0.0507268,0.035796,-0.0290082,0.00254489],[0.0125984,0.00227709,0.0244901,-0.00970766,0.188612,-0.000800584,-0.00325505,-0.00517458,0.0112752,-0.00892986,-0.0595904,-0.457474,-0.01114,0.0039412,-0.310363,-0.0554277,-0.0227791,-0.00897908],[-0.010847,-0.0492026,-0.0596331,0.0202131,-0.0298017,-0.00410319,0.00408874,0.00704402,0.000664346,-0.00103119,0.0158472,0.259205,0.00252417,-0.0103967,0.171348,0.0693163,0.00580452,-0.00419478],[-0.0197712,-0.0111555,-0.180309,0.168056,0.193661,0.0202585,0.00402321,0.0457568,-0.0505124,-0.0311816,-0.317641,1.71645,0.00792214,-0.043789,0.719835,0.0759274,-0.0107168,0.0252729],[-0.057471,-0.23763,-0.159107,0.175483,-0.281021,-0.111895,0.0368609,0.178673,-0.0187861,-0.0309206,-0.0806925,-0.307964,0.0421604,0.0430595,-0.309499,-0.16911,-0.0503035,-0.00352009],[0.0764123,0.146419,-0.147254,-0.106041,-0.145713,0.23414,-0.0806791,-0.0159053,-0.114739,0.0142069,0.0248727,-0.440409,-0.0560782,-0.0537379,0.343762,-0.0731942,-0.0170144,-0.0503854],[-0.0451113,-0.0384511,0.17606,-0.306778,-0.0858765,-0.585559,-0.0941995,0.0168077,-0.0849839,0.0517511,-0.463828,-1.59494,-0.0353119,-0.0741271,1.24002,0.350173,-0.0286982,0.0509582],[-0.013743,-0.0242397,0.00363721,0.0512124,0.0450124,-0.0680602,0.0129367,0.0108785,0.00540318,-0.0066633,0.0957665,-0.0890226,-0.00973001,-0.0028138,-0.0634482,0.00101701,0.0259071,-0.00727513],[0.00237621,-9.66682e-05,-0.0127993,0.0137706,-0.00257066,-0.00622567,0.00321784,0.00454378,0.000945119,0.00120715,0.0206962,0.0279751,-0.000169345,-0.000855806,0.0206945,0.0113077,0.00630006,0.000777747],[0.0970355,0.278589,0.713024,-0.0781685,0.0135547,-0.352397,0.115795,-0.00476565,-0.0264005,0.105189,0.0320277,3.09572,0.0168604,0.0200913,-0.0543296,-0.161437,0.351391,-0.0082868],[-0.0932437,0.0326788,0.239594,-0.364124,-0.0587719,-0.0328029,-0.0529852,0.0472657,-0.00372254,-0.0451907,0.782255,0.46671,-0.0140874,-0.0354432,-0.191364,-0.232331,-0.0140414,-0.00481884],[-0.00849317,-0.0202903,-0.0457826,0.0352292,-0.024149,-0.0495576,0.00302589,0.00738071,-0.00475971,0.00420728,0.0249618,0.203116,0.00399387,-0.00113311,0.027134,0.0336661,0.0196074,-0.00260442],[0.0215975,0.0476943,0.0318555,-0.123016,0.0171781,0.0124766,-0.0274482,-0.0087164,-0.00840992,-0.00225218,0.0266408,-0.119826,-0.00375758,0.00272445,-0.106688,0.0945667,-0.0101145,-0.00462242],[0.0278957,0.0199466,0.0922724,0.12718,0.0422998,-0.146805,0.0660608,-0.0494892,0.0512693,0.000249447,-0.187454,-0.89268,-0.00879897,0.0191488,-0.564416,-0.0490153,-0.05515,0.0176857],[-0.434222,-0.283968,0.316973,-0.0829273,0.890285,0.543188,0.130647,-0.0330233,0.00851281,0.143678,-0.566346,-1.46918,0.110174,0.122807,-1.55659,-0.312746,-0.2582,-0.00648405]],"sigmahat":[[0.729569,0.763023,0.527102,0.637986,0.561413,0.716296,-0.0112927,0.00713944,-0.0224015,-0.0141583,0.682632,0.471518,-0.0399656,-0.0405014,0.593759,0.452569,0.194428,-0.00548336],[0.763023,1.25322,0.645436,0.850186,0.23051,0.867547,-0.0576076,0.036536,-0.106991,-0.0484987,0.745419,-0.346208,-0.0614176,-0.0546782,0.587151,0.456988,0.273148,-0.00866713],[0.527102,0.645436,5.4249,-0.465275,0.398804,2.04293,0.136908,-0.116777,0.146762,0.00123682,0.497753,0.119575,-0.116505,-0.0785675,0.213959,0.235381,0.365943,0.0641283],[0.637986,0.850186,-0.465275,2.98464,0.458805,1.10476,0.211131,0.289227,-0.156492,0.0149631,0.700827,2.56893,-0.00440414,-0.080083,1.17963,0.575068,0.580188,-0.0297073],[0.561413,0.23051,0.398804,0.458805,5.05981,1.19505,-0.0755602,-0.201774,0.177426,0.00385037,0.733595,0.64714,0.0256246,-0.0344313,0.370675,0.0440651,0.0921277,0.0291014],[0.716296,0.867547,2.04293,1.10476,1.19505,4.96527,0.14144,-0.00824707,0.024786,0.0574162,1.35642,1.65941,-0.0451501,-0.0835926,1.99849,0.396244,0.617375,0.0789217],[-0.0112927,-0.0576076,0.136908,0.211131,-0.0755602,0.14144,0.270751,0.0532794,0.0333841,0.0613934,-0.267053,1.30666,0.0275379,0.0216083,0.192989,-0.0116029,0.122878,0.00122225],[0.00713944,0.036536,-0.116777,0.289227,-0.201774,-0.00824707,0.0532794,0.177196,-0.0638163,-0.00992658,0.205047,1.05771,-0.00585808,-0.0099409,0.0330481,-0.0318607,0.154397,-0.0259849],[-0.0224015,-0.106991,0.146762,-0.156492,0.177426,0.024786,0.0333841,-0.0638163,0.1365,0.0219867,0.0697899,0.131898,0.0105243,0.0133841,-0.111179,-0.032343,-0.0327999,0.0172348],[-0.0141583,-0.0484987,0.00123682,0.0149631,0.00385037,0.0574162,0.0613934,-0.00992658,0.0219867,0.0770982,-0.0106942,0.985526,0.0368176,0.0196775,0.171591,0.0286631,0.064626,0.00289738],[0.682632,0.745419,0.497753,0.700827,0.733595,1.35642,-0.267053,0.205047,0.0697899,-0.0106942,6.73659,9.10555,-0.0283917,-0.199447,3.75449,1.09782,0.977191,0.063788],[0.471518,-0.346208,0.119575,2.56893,0.64714,1.65941,1.30666,1.05771,0.131898,0.985526,9.10555,102.039,0.889396,-0.391102,23.3552,6.45876,3.96268,0.264461],[-0.0399656,-0.0614176,-0.116505,-0.00440414,0.0256246,-0.0451501,0.0275379,-0.00585808,0.0105243,0.0368176,-0.0283917,0.889396,0.0606956,0.0385468,0.186914,0.0276418,0.0253035,0.00904034],[-0.0405014,-0.0546782,-0.0785675,-0.080083,-0.0344313,-0.0835926,0.0216083,-0.0099409,0.0133841,0.0196775,-0.199447,-0.391102,0.0385468,0.0725708,-0.506258,-0.14362,-0.0534186,-0.00531517],[0.593759,0.587151,0.213959,1.17963,0.370675,1.99849,0.192989,0.0330481,-0.111179,0.171591,3.75449,23.3552,0.186914,-0.506258,16.3695,3.6471,1.73779,0.306788],[0.452569,0.456988,0.235381,0.575068,0.0440651,0.396244,-0.0116029,-0.0318607,-0.032343,0.0286631,1.09782,6.45876,0.0276418,-0.14362,3.6471,3.58866,0.234018,0.0710392],[0.194428,0.273148,0.365943,0.580188,0.0921277,0.617375,0.122878,0.154397,-0.0327999,0.064626,0.977191,3.96268,0.0253035,-0.0534186,1.73779,0.234018,1.19121,0.00406316],[-0.00548336,-0.00866713,0.0641283,-0.0297073,0.0291014,0.0789217,0.00122225,-0.0259849,0.0172348,0.00289738,0.063788,0.264461,0.00904034,-0.00531517,0.306788,0.0710392,0.00406316,0.0374542]],"n":18,"lags":3}