{"betahat":[[1.52956,2.98816,-4.94132,4.81745,-1.56726,-0.0603236,-0.581093,0.564775,-0.265254,-0.39985,-0.282905,2.85052,4.83839,3.95435,0.240105,0.000178107,3.78471,3.77997,1.96022,-0.153856],[0.998584,0.0536142,0.722909,0.119833,0.41083,0.817283,-0.0536037,-0.1379,0.0667765,0.0600661,0.00458093,0.135147,0.352937,0.176483,-0.0102177,-0.0264465,0.274394,0.493283,-0.0805671,0.0116795],[0.0864466,1.08346,-0.206814,0.252176,-0.0052335,0.431194,0.0125596,-0.0273074,-0.00377685,-0.0483354,0.0474661,0.116557,-0.119169,1.31428,-0.00180077,-0.01677,0.410496,0.612941,0.0704441,0.000546944],[0.00835704,-0.0181734,0.886593,-0.0593483,0.041168,0.147123,0.0116542,-0.00184582,0.0139759,0.0247622,0.0064441,0.0993259,0.200707,-0.0244302,-0.00379208,-0.00118069,0.155881,-0.00106598,-0.000285421,-0.00873285],[-0.0587082,-0.0580184,-0.0364683,0.646382,-0.0766454,-0.134782,0.0124501,-0.00753294,-0.00995056,0.0245756,0.00449719,-0.0560466,0.130975,0.160628,0.00721259,0.00930159,-0.0250636,0.128327,0.0572961,0.011258],[-0.0373454,-0.0198333,-0.16731,-0.10363,0.508013,-0.139528,0.0022132,0.0063653,-0.00195758,5.76815e-05,0.00685545,-0.013577,0.150226,0.823684,0.0223186,0.0115552,0.431957,0.113566,0.0537656,0.0123125],[0.00163388,0.0179407,0.0263974,-0.0152495,0.0319452,0.813761,-0.000966449,0.013133,0.00393638,0.00240454,0.0154613,-0.0837949,0.00250325,0.387204,0.00921812,0.0112937,-0.0435267,-0.0762392,0.0457283,-0.00113954],[-0.107693,-0.209952,-0.175422,-0.340602,-0.3649,-0.144261,1.104,-0.0845462,0.120469,0.102842,-0.00486389,-0.499072,0.0765736,-4.60116,-0.069333,0.017971,-1.05387,-0.793163,0.183058,-0.0299689],[0.0838994,0.00882951,-0.370257,-0.473171,0.164464,0.0269831,0.18152,0.752359,-0.0430592,-0.0475401,0.0503641,0.623536,0.534148,4.71298,0.027512,-0.00646757,0.859389,-0.357611,-0.672572,0.00984887],[-0.135418,-0.240155,0.257105,0.471289,0.219911,0.365656,0.147123,0.00363797,1.10326,0.179515,0.039263,-0.0149302,0.492608,1.59501,0.104898,0.0353987,1.12722,0.496954,0.472,0.131468],[-0.195954,-0.157557,0.0826268,-0.430481,-0.0191892,-0.535795,-0.0841648,-0.0159371,0.0418245,1.02464,-0.093314,-0.0769276,0.23634,-1.32481,0.043131,0.112069,-1.33009,-0.232174,-0.195084,0.000883645],[0.443485,0.875518,-0.247646,1.22059,-0.790965,0.667911,0.278002,0.000168269,0.234201,0.423844,0.932767,-0.436648,-1.35077,-2.76233,-0.0251512,0.122942,-2.86289,-0.311131,-0.317226,-0.037984],[-0.0765724,-0.0532062,0.113304,-0.01739,-0.108081,0.0733729,-0.0075333,-0.00786905,-0.0197262,-0.0148148,-0.000240543,0.846328,-0.060538,-0.861189,-0.0158096,-0.0151566,-0.101616,-0.166164,0.0201058,0.00569487],[0.0123057,0.0384426,0.205371,-0.0771021,-0.140461,0.267931,-0.0162172,0.0119845,-0.00101169,0.00727793,0.00715701,-0.0186882,1.07976,0.532717,0.00254638,-0.00502785,0.127808,0.201968,-0.00297764,0.0102286],[-0.00298847,-0.00205342,0.0120302,-0.0179144,-0.00584778,0.0249329,0.00342229,-0.00316446,-0.00061573,-0.00143723,0.00126198,0.00898438,-0.0330222,0.958971,0.00110773,0.00192611,-0.0355831,0.00869679,0.0127367,-0.000485139],[-0.233942,-0.401945,-0.968356,0.7562,0.0321622,0.241899,0.272554,0.0148475,0.145912,0.245321,0.0389734,0.592095,0.729391,0.0771078,1.04828,-0.0164226,1.68331,2.49197,-0.608495,0.194088],[0.309634,0.830521,-0.168159,0.433954,0.417301,-0.930011,-0.361463,0.125581,-0.152228,-0.343993,-0.0395117,-0.557912,-0.166783,-5.14593,-0.01236,0.911848,-0.361611,0.39237,0.0507085,-0.0577128],[0.015649,0.0322879,0.0762685,-0.0184676,0.109882,0.140524,0.0150917,-0.0129968,0.0154152,0.0139419,0.0101547,0.0451608,0.0497497,-0.179405,0.00895625,0.00665549,1.07658,0.0313711,0.0198751,0.00889113],[0.0132621,0.0359846,-0.113822,-0.012345,0.10462,-0.143913,-0.0134384,-0.0142198,0.0103719,0.0015044,0.00340219,0.0442816,0.041796,-0.0203309,0.00143038,-0.00160198,-0.00548111,0.398975,-0.0691946,0.00180596],[-0.0624451,-0.0626099,0.194912,-0.327725,0.153293,0.161207,0.112629,0.070061,0.0291062,0.0191451,0.0875864,0.0454391,-0.461867,2.37503,0.00643903,0.00471022,0.214588,-0.32942,0.367836,0.00221619],[0.66678,0.276777,-0.435123,-0.207789,0.864169,-0.323662,0.205819,-0.0796543,0.146729,0.213465,-0.188888,-0.33299,-0.0986869,2.18032,-0.178663,-0.119362,1.51612,-0.0674071,0.672744,0.983366],[-0.0175912,-0.0736191,-0.334909,-0.00668202,-0.442253,-0.50935,0.0874262,0.03642,-0.00763692,0.0121877,0.015431,-0.123176,-0.468243,2.06233,0.0354661,0.0220855,0.439223,-0.453417,0.127346,0.0154657],[-0.0935926,-0.0702448,0.147947,-0.142616,-0.129523,-0.418682,0.0277994,0.0290872,0.030581,0.0583997,-0.0271198,-0.217214,0.00456596,0.557323,0.00812917,0.00122832,0.116671,-0.400951,-0.0595275,0.0158022],[-0.0073964,0.00612194,-0.06108,0.0251072,-0.0955029,-0.241915,-0.0224164,0.0179123,-0.0161602,-0.0203598,-0.019148,-0.0420046,-0.159821,-0.3999,-0.0110913,0.00373286,-0.347106,-0.0782984,-0.0453188,-0.0115486],[0.0552626,0.0723038,0.0283015,0.201238,0.0680583,0.0940125,0.0174123,-0.00132121,0.0458774,0.00814251,0.00874703,0.033232,-0.0833374,0.976489,0.0033627,-0.00777898,0.121427,-0.060645,-0.0232652,-0.0060047],[0.0163258,-0.0012356,0.132065,0.113159,0.311785,0.140741,0.0101463,0.00254838,-0.00281285,-0.00324415,0.0021132,0.00447516,-0.0840308,-0.116035,-0.00917675,-0.0158664,-0.0633178,-0.0677264,-0.0140023,-0.000588479],[0.0100238,0.0295273,0.0378495,-0.0215366,0.0111101,0.193842,-0.0037626,-0.0206384,-0.00341003,-0.00569537,-0.0113417,0.0377599,-0.0143759,-0.550663,-0.0106396,-0.00271874,-0.0787002,-0.034232,-0.0446483,0.00470549],[0.112322,0.200738,0.355573,0.190858,0.0899575,0.216843,-0.0987923,0.0493682,-0.0757412,-0.0984123,0.0491422,0.363415,0.354948,3.01347,0.0541866,0.0129965,0.48395,0.589872,-0.0793221,-0.00650155],[-0.0159657,0.122851,0.59619,0.0530785,0.466399,0.0953521,-0.231264,-0.0152125,0.0934325,0.0851823,0.000375991,-0.542365,-0.330021,-2.81575,-0.0574412,-0.0423106,-0.201736,-0.266257,0.785589,0.00290821],[0.0398223,0.0546299,-0.271627,-0.175647,-0.106429,-0.546602,-0.0183604,0.0199228,-0.0926353,-0.104771,-0.0125819,-0.0473658,-0.642861,-0.626641,-0.0201593,-0.00675093,-0.91516,0.0892349,-0.398595,-0.0649081],[0.177521,0.170312,-0.161997,0.459287,0.0399739,0.114242,0.0329116,0.0414059,-0.0852067,-0.104788,0.0712604,-0.0281477,-0.0880731,1.59146,-0.00575582,-0.0585299,0.846148,0.605194,0.113175,0.00227902],[-0.421278,-0.84815,0.254653,-1.05881,0.988252,-0.0915563,-0.224807,-0.074061,-0.152073,-0.307848,-0.0402779,0.118289,1.97645,3.80403,0.0566495,-0.0635691,1.30786,0.623442,0.109707,-0.00237805],[0.150334,0.133065,-0.117521,0.0217738,0.0721059,-0.0935164,-0.0252234,-0.0239204,-0.0276177,-0.00723796,0.00297776,0.100955,-0.0739868,-0.494271,-0.00451868,0.0167014,-0.184143,-0.175431,-0.0558339,-0.00304317],[0.00101905,-0.0127542,-0.181184,0.0369698,0.0726542,-0.147623,0.0101212,-0.0253101,0.00332283,0.00371177,0.00151119,0.0401337,-0.157922,-0.246276,0.00955113,0.0070856,-0.0111405,-0.0960128,-0.0211481,0.00190721],[0.001893,0.00509465,0.00156708,0.0126471,-0.000567711,-0.00753812,-0.00324987,0.00134377,-0.00104344,0.000581828,-0.00170988,0.000178595,0.0154681,0.0456549,-7.46938e-05,-0.000446142,0.0191753,0.0451532,-0.0127979,-0.000689194],[0.237455,0.231744,0.977989,-0.544337,0.0135834,1.00468,-0.339538,-0.03601,-0.0955777,-0.186126,-0.161772,-0.417873,-0.645511,-1.88467,-0.0975554,-0.033352,-1.25623,-1.90534,0.210293,-0.151601],[-0.207991,-0.728874,0.156148,-0.355946,-0.441957,0.889027,0.315398,-0.226493,0.132526,0.303024,0.074438,0.458013,-0.671065,4.5254,-0.00635347,0.0747774,0.59377,-0.0592975,-0.139291,0.0492772],[-0.0102695,-0.0193383,-0.0409835,-0.000194587,-0.0738914,-0.0807573,-0.0133261,0.00932189,-0.0103105,-0.0109876,-0.0149265,-0.00405699,-0.067803,0.0374109,-0.011837,-0.0045198,-0.0943866,-0.0361753,-0.0306623,-0.00632566],[0.0149864,-0.00495463,0.142507,-0.0276489,-0.0352633,0.00859938,0.0165192,-0.00199816,-0.000648669,-0.00653193,0.0110802,0.00224496,-0.114612,-0.25944,-0.00514965,-0.00127634,-0.0964625,-0.0533768,0.0228905,-0.00258003],[0.0181956,-0.106824,0.208427,0.0156489,-0.0367242,-0.101252,0.119925,0.0324752,0.0465492,0.101345,-0.0101546,-0.11656,-0.19007,0.389864,-0.0396932,-0.0317754,-0.401283,-0.399506,-0.00419936,0.0188056],[-0.244953,-0.0776073,0.430042,-0.114641,-2.01208,0.132348,-0.237255,0.161719,-0.287629,-0.363843,0.0716955,0.255562,-0.0218967,-0.136251,0.0367792,0.0513549,-0.254043,1.56445,-0.431548,-0.0631211],[0.0189859,0.0199717,-0.387977,-0.113184,0.0314328,-0.30794,-0.0338186,0.101475,-0.0591315,-0.0722472,-0.0200118,-0.0119674,0.115278,-2.23885,-0.0252472,0.00435651,-0.713522,-0.0399133,-0.0467734,-0.0271397],[0.0071166,-0.0132617,0.0588845,-0.109609,0.134771,-0.0125357,-0.040352,-0.00178697,-0.0267916,-0.0100547,-0.0203447,0.100659,0.114565,-1.8716,-0.00632613,0.0155349,-0.527026,-0.212061,-0.0109074,-0.0163419],[-0.000995038,0.0120126,0.174471,0.0341753,0.054321,0.0947271,0.0107612,-0.0160733,0.00219382,-0.00439456,0.012701,-0.0572956,-0.0409544,0.424141,0.014883,-0.0025575,0.191297,0.0792986,0.0456021,0.0202859],[0.00341251,-0.0143452,0.00821444,0.152308,0.00862236,0.0407772,-0.0298551,0.00884461,-0.0359128,-0.032708,-0.0132409,0.0227916,-0.0476511,-1.13704,-0.0105724,-0.00153183,-0.0961694,-0.0677747,-0.0340139,-0.00524422],[0.0210094,0.0210594,0.035275,-0.00954175,0.180179,-0.00121109,-0.0123598,-0.00891413,0.00477267,0.00318912,-0.00897154,0.00911435,-0.0662076,-0.707705,-0.0131425,0.00430961,-0.368604,-0.0458439,-0.0397607,-0.0117205],[-0.0116893,-0.0475109,-0.0642221,0.0367107,-0.0430592,-0.00767727,0.00472807,0.00749866,-0.000514217,0.00330052,-0.00412208,0.0460524,0.0118056,0.163352,0.00142083,-0.00858113,0.122309,0.110396,-0.0010703,-0.00356109],[-0.00513871,0.00848082,-0.179808,0.148702,0.275128,-0.0728883,-0.00512168,0.0350714,-0.044564,-0.00432673,-0.0442234,0.135121,-0.431888,1.58749,0.0151816,-0.0310722,0.572014,0.202073,-0.103616,0.0365411],[-0.0327335,-0.105731,-0.142232,0.421619,-0.558042,-0.033166,0.0583216,0.23827,-0.049144,-0.0419661,-0.0280706,-0.172971,-0.16591,-1.56676,0.0385932,0.045181,-0.48235,0.509782,-0.100237,-0.0119668],[0.0206978,0.027375,-0.187984,-0.222963,-0.0256562,0.0117432,-0.103266,-0.0264625,-0.0548628,-0.0889209,-0.0128682,0.0535488,0.0838111,-0.691096,-0.0541065,-0.0274179,-0.0348846,-0.666459,-0.0983814,-0.0413589],[0.0108009,-0.00989579,-0.0797893,-0.0269997,0.00913955,0.265453,0.021788,-0.016655,-0.0253452,-0.00736327,0.0313577,0.0519916,-0.115286,0.259388,-0.00722847,-0.0324178,0.626538,-0.288954,0.108746,-0.00175229],[0.0191648,0.0186068,0.142621,-0.202543,-0.0896747,-0.544929,-0.0676467,0.0616123,-0.0623476,-0.0919884,0.070789,0.330961,-0.585242,-1.75356,-0.0412909,-0.0563004,1.24824,-0.142158,0.119589,0.0396085],[-0.0742397,-0.0807375,0.00408661,-0.00522482,0.0363471,0.0199183,0.0329232,0.0316493,0.0475379,0.022199,-0.00265281,0.0522309,0.133774,1.35658,0.0203807,-0.00164391,0.288142,0.339943,0.0358362,-0.00255245],[-0.013278,-0.0255584,-0.0242218,0.0400123,0.0677458,-0.120742,0.00593691,0.0133131,-0.00238799,-0.011038,-0.00873594,-0.0211421,0.0776167,-0.287967,-0.0121288,-0.00201738,-0.117676,-0.106339,0.0240527,-0.0121567],[0.00111861,-0.00297961,-0.0128585,0.00354044,0.00569795,-0.0195274,-0.000114372,0.00161777,0.00174668,0.000953314,0.000282058,-0.00779437,0.0147616,-0.0179875,-0.00108018,-0.00139045,0.0141523,-0.0537795,-0.000224497,0.00112718],[0.0870286,0.247151,0.491537,-0.182686,0.167668,-0.722943,0.0915383,-9.86545e-05,-0.0662054,-0.061365,0.0871974,-0.311067,0.023355,1.57231,0.00495773,0.0321356,-0.406784,-0.363874,0.401812,-0.023179],[-0.0903404,-0.0251078,0.132605,-0.0186679,-0.0648923,0.168926,0.0160412,0.123463,-0.0109665,0.019786,-0.0574859,0.0765473,0.978772,0.533199,-0.00470656,-0.00791933,-0.496698,0.0141369,0.0820643,-0.00325869],[-0.00594133,-0.0139236,-0.0346194,0.0180385,-0.0357137,-0.0593666,-0.00126712,0.00360511,-0.00484359,-0.00276621,0.00497562,-0.0418436,0.0168158,0.144351,0.00298954,-0.00213514,0.0202137,0.00359467,0.011229,-0.00246267],[-0.0133514,-0.0599254,-0.0321317,-0.0365366,0.036864,-0.0149242,0.00452996,-0.006984,0.0179958,0.0203494,-0.000246217,-0.0137788,-0.0147034,-0.045269,-0.000398002,0.00131872,-0.0913888,-0.0518014,0.00527371,0.00423146],[0.0563909,0.082741,0.187949,0.170577,0.0664146,-0.0871694,0.0951181,-0.0542725,0.0610952,0.0475854,0.00741703,0.114203,-0.24236,-0.475216,-0.0107761,0.016095,-0.430497,-0.0808946,-0.0838209,0.0276566],[-0.53079,-0.395936,0.323804,0.129058,1.10517,0.299049,0.131241,-0.0049106,0.0581288,0.100593,0.0959047,0.138841,-0.450511,-2.63909,0.103581,0.12613,-2.07884,-1.11722,-0.338976,0.00229711]],"sigmahat":[[0.619052,0.612877,0.485047,0.471407,0.569478,0.556069,-0.0451698,-0.0243644,0.0295657,-0.000155031,-0.00531115,0.0293363,0.664211,0.710603,-0.0289124,-0.0347588,0.465154,0.358197,0.00745733,0.00439238],[0.612877,1.02515,0.627337,0.564263,0.184106,0.755509,-0.107675,-0.0175539,-0.0304476,-0.0621137,-0.0308562,0.0633671,0.783961,0.122873,-0.0428585,-0.0464896,0.34167,0.724849,0.000290818,0.00150725],[0.485047,0.627337,4.82526,-0.323558,0.412439,1.81179,0.129487,-0.0998248,0.154263,0.126428,-0.0220357,-0.143983,0.595251,0.105472,-0.0970548,-0.0708711,0.204517,0.879964,0.268535,0.0664708],[0.471407,0.564263,-0.323558,2.61082,0.338432,1.03507,0.1536,0.173408,0.00666511,-0.00997574,0.0457868,0.00890929,0.748967,3.05425,0.0329518,-0.0380171,0.562594,1.82713,0.110434,0.0130221],[0.569478,0.184106,0.412439,0.338432,4.80923,0.967781,-0.11539,-0.216691,0.164306,0.125911,-0.00420142,-0.0461206,0.488919,-0.343255,-0.00193992,-0.0415546,0.172945,-1.47176,-0.0131998,0.033835],[0.556069,0.755509,1.81179,1.03507,0.967781,4.69133,0.122222,-0.0437229,0.0976088,0.0623119,0.0374002,0.0244565,1.50967,1.98644,0.0111854,-0.0270192,1.4044,2.78602,0.269165,0.105685],[-0.0451698,-0.107675,0.129487,0.1536,-0.11539,0.122222,0.25055,0.0291852,0.0607218,0.0644487,0.068254,-0.0435076,-0.252906,1.61874,0.0395412,0.0305558,0.143271,0.559502,0.0758555,0.0120277],[-0.0243644,-0.0175539,-0.0998248,0.173408,-0.216691,-0.0437229,0.0291852,0.130887,-0.0343454,-0.0342894,0.000880277,-0.0558053,0.160701,0.980665,0.00327082,0.0021138,-0.126377,0.318389,0.0688988,-0.0161044],[0.0295657,-0.0304476,0.154263,0.00666511,0.164306,0.0976088,0.0607218,-0.0343454,0.116645,0.0835463,0.020484,0.016246,0.0760786,0.288381,0.00576686,0.00676612,0.0196079,-0.0537803,0.0209937,0.0173855],[-0.000155031,-0.0621137,0.126428,-0.00997574,0.125911,0.0623119,0.0644487,-0.0342894,0.0835463,0.103176,0.0110346,0.00353157,-0.0702487,-0.0609177,0.00211649,0.00696727,-0.0447092,-0.0739022,-0.0164508,0.0186482],[-0.00531115,-0.0308562,-0.0220357,0.0457868,-0.00420142,0.0374002,0.068254,0.000880277,0.020484,0.0110346,0.0753759,-0.0439032,-0.0102598,1.0555,0.0361764,0.0199572,0.198616,0.059772,0.083909,0.000544966],[0.0293363,0.0633671,-0.143983,0.00890929,-0.0461206,0.0244565,-0.0435076,-0.0558053,0.016246,0.00353157,-0.0439032,1.32721,-0.452844,-2.02432,-0.0155279,0.0260653,-0.302451,0.553816,-0.132198,-0.010204],[0.664211,0.783961,0.595251,0.748967,0.488919,1.50967,-0.252906,0.160701,0.0760786,-0.0702487,-0.0102598,-0.452844,6.18045,7.98233,-0.0220403,-0.17142,3.09112,1.79039,0.603676,0.0716848],[0.710603,0.122873,0.105472,3.05425,-0.343255,1.98644,1.61874,0.980665,0.288381,-0.0609177,1.0555,-2.02432,7.98233,99.2808,0.903392,-0.297353,21.9623,12.0363,3.46198,0.333664],[-0.0289124,-0.0428585,-0.0970548,0.0329518,-0.00193992,0.0111854,0.0395412,0.00327082,0.00576686,0.00211649,0.0361764,-0.0155279,-0.0220403,0.903392,0.0554634,0.0349242,0.206774,0.121287,0.043458,0.00701944],[-0.0347588,-0.0464896,-0.0708711,-0.0380171,-0.0415546,-0.0270192,0.0305558,0.0021138,0.00676612,0.00696727,0.0199572,0.0260653,-0.17142,-0.297353,0.0349242,0.0661462,-0.424911,-0.0594383,-0.0196758,-0.00735001],[0.465154,0.34167,0.204517,0.562594,0.172945,1.4044,0.143271,-0.126377,0.0196079,-0.0447092,0.198616,-0.302451,3.09112,21.9623,0.206774,-0.424911,14.5943,3.96665,1.15741,0.323774],[0.358197,0.724849,0.879964,1.82713,-1.47176,2.78602,0.559502,0.318389,-0.0537803,-0.0739022,0.059772,0.553816,1.79039,12.0363,0.121287,-0.0594383,3.96665,13.6897,0.5707,0.0281798],[0.00745733,0.000290818,0.268535,0.110434,-0.0131998,0.269165,0.0758555,0.0688988,0.0209937,-0.0164508,0.083909,-0.132198,0.603676,3.46198,0.043458,-0.0196758,1.15741,0.5707,0.888846,0.0204757],[0.00439238,0.00150725,0.0664708,0.0130221,0.033835,0.105685,0.0120277,-0.0161044,0.0173855,0.0186482,0.000544966,-0.010204,0.0716848,0.333664,0.00701944,-0.00735001,0.323774,0.0281798,0.0204757,0.0350337]],"n":20,"lags":3}