{"betahat":[[7.66333,3.49838,-1.67709,26.1486,9.04912,17.3499,2.37553,2.70636,-0.742411,-3.58433,2.26841,-1.41819,39.1749,52.0738,2.72716,1.1473,37.5289,14.1455,-0.0346415,6.4266,-2.23439,3.03342,20.7984,5.59577,0.877985],[0.987913,-0.00475149,1.01266,-0.00122918,0.517332,1.04478,-0.0184932,-0.130378,0.0499526,0.0350735,-0.00610974,0.081525,0.424193,1.34938,-0.020916,-0.0259552,-0.00495472,0.00785624,-0.0248595,-0.0510103,-0.247942,-0.421295,0.454376,-0.0488069,0.0321509],[0.118092,1.13674,-0.152967,0.379186,-0.0425018,0.601331,0.0472568,0.0056536,0.0276229,0.0334629,0.0508822,0.166436,0.236246,1.8642,-0.00190291,-0.0373473,0.904432,-0.0307113,0.0956516,-0.0903859,0.312362,-0.138348,0.549007,0.118946,0.00851209],[-0.0045499,-0.00979711,0.843388,-0.0112972,-0.00642703,0.156239,0.0147403,0.00042655,0.00537671,-0.00409325,0.00902773,0.0940701,0.201548,0.186249,-0.000151474,-0.00177057,0.150558,-0.0114184,-0.00382168,-0.00910268,-0.172475,-0.0588059,0.152145,-0.023561,-0.00432372],[-0.0425511,-0.00510292,-0.00912958,0.636831,-0.0692123,-0.186266,-0.0157873,-0.0138097,-0.0184404,0.012651,-0.00839687,-0.0130993,0.132123,-0.731891,0.000415591,0.010205,-0.111987,0.0241635,0.0262167,-0.0494812,-0.208769,-0.212235,0.322761,-0.0216994,0.00338722],[-0.0502279,-0.0545181,-0.208553,-0.104361,0.389214,-0.183246,0.00643544,0.00686744,-0.0144034,-0.00867879,0.0104354,-0.0332606,-0.122878,0.802554,0.0206187,0.0125526,0.20437,-0.00820872,-0.0139113,0.0354405,-0.0193893,-0.0965135,-0.0544593,0.0589797,0.0100611],[0.00341783,0.0257581,0.0151954,0.00334044,0.0455213,0.750098,-0.000806045,0.00453124,0.0125305,-0.00463345,0.0213019,-0.0527648,0.140446,0.278745,0.0150344,0.00994404,0.106672,0.0173231,-0.0182634,-0.00721065,0.0343149,-0.0567154,-0.159527,0.0502537,0.00166513],[-0.0431441,-0.00469298,-0.0778755,-0.216542,-0.545745,0.0469586,0.975148,-0.0712886,0.105112,0.101774,-0.0313346,-0.486787,0.225907,-3.03863,-0.104229,-0.0204374,-1.29624,0.0324033,0.0453246,-0.0553232,-0.329712,-0.32675,-1.13128,0.0691101,-0.0145727],[0.225171,-0.0967042,-0.00920726,-0.379722,0.793062,0.538221,0.300134,0.684284,-0.0107643,-0.00484783,0.140952,0.758883,0.877383,4.33527,0.0327018,-0.047879,2.23529,0.0529916,0.0203041,-0.173493,0.426743,-0.232122,0.216808,-0.16215,0.0569911],[-0.0793312,-0.081226,0.0688719,0.596991,0.366941,0.372212,0.036519,0.0717012,0.872962,0.169701,0.0324992,-0.100877,0.35184,0.636765,0.0812224,0.0407825,1.41361,0.107749,0.0269898,0.0188321,0.228924,0.170917,-0.358057,0.619998,0.0879311],[-0.202769,-0.161901,-0.0430683,-0.635674,-0.695644,-0.545641,0.0156859,-0.0622133,0.139967,0.987997,-0.0192441,0.141272,0.128929,-2.40656,0.0298846,0.0927803,-1.24776,0.110622,-0.0597764,-0.0866969,0.170683,0.684826,0.181489,-0.167698,0.0117399],[0.526298,0.807333,-0.360892,0.512938,0.13155,0.163699,0.341648,-0.0485094,0.314141,0.531161,0.814707,-0.466075,-1.26726,-4.4918,0.0595362,0.271207,-3.04782,-0.157108,-0.172325,0.0429719,0.678941,0.752141,-0.00772127,-0.413955,0.0220792],[-0.0788912,-0.0805406,0.195388,0.0684224,0.0129237,0.167196,0.0175422,-0.0150613,0.0187786,0.0119106,0.00258284,0.780771,0.0390673,-0.49438,-0.0083914,-0.0300229,0.064176,0.000138917,-0.0097401,0.0229378,-0.11523,0.000115472,-0.0562177,0.00218011,0.0143865],[-0.0403123,-0.0180658,0.0986523,-0.0633991,-0.142136,0.12379,-0.0109733,-0.00425715,-0.00118013,-0.0227348,0.00189079,-0.0240109,0.901698,0.375115,-0.00154485,0.0105797,-0.265414,-0.00986495,-0.0189888,-0.000565617,0.101669,0.121867,0.119656,-0.0241804,-0.00551593],[-0.00704028,-0.000869846,0.0364957,-0.0158925,-0.0264512,0.0166853,0.0104302,-0.00470164,0.00159942,0.000918715,0.00152715,0.0189461,-0.0400807,0.889367,-0.00103283,0.00100028,-0.0606072,0.00164521,-0.000726225,3.14899e-05,-0.00394522,0.0476522,-0.00296438,0.0140257,0.00186252],[-0.180801,-0.0189361,-1.12959,0.236571,-0.692683,1.04301,0.0138104,0.00428844,0.00727129,0.142148,-0.00492399,0.645716,0.369395,0.890552,0.924419,-0.013924,1.80901,0.0594343,0.0310765,0.155695,-0.129937,-0.90215,2.27442,-1.183,0.0817746],[-0.0511049,0.377508,0.327716,1.24902,-0.45419,-0.440278,-0.291591,0.226209,-0.175768,-0.413723,0.0364792,-0.787216,0.243046,-0.627419,-0.0521384,0.737123,-1.5579,0.078137,0.153071,0.0448335,0.329184,0.276265,0.0974416,0.81756,-0.0352044],[0.00434424,0.0217908,0.0430085,0.0156671,0.0690879,0.142123,0.00850751,-0.00489808,0.012187,0.0117419,0.0110628,0.0222272,0.0925781,0.0220191,0.0141789,0.00590082,1.08232,-0.0035063,0.0103164,0.00101224,-0.0853161,-0.0130908,0.0144938,0.061281,0.0121355],[0.00213097,-0.0924208,0.661049,0.157315,-0.1356,0.438763,0.229982,0.0073843,0.289141,0.282961,0.0726178,-0.330881,0.302483,1.53409,-0.0802491,-0.116293,0.545396,0.479083,0.107756,-0.352718,0.793624,0.0786029,1.08444,0.311991,0.0028787],[-0.323507,-0.203216,-1.08864,0.124704,-0.770044,-0.406821,0.0212903,0.0343771,-0.0221441,-0.058775,0.0611718,-0.601676,-1.25909,1.64326,0.0494639,0.0588942,-0.888379,-0.129211,0.88112,0.546536,-0.0705551,0.963047,-0.953316,0.0881746,-0.0296644],[-0.0922441,-0.1746,-0.308082,-0.203087,-0.190905,-0.435153,0.0484607,-0.0254333,0.0201189,0.00349289,-0.0193959,0.0422075,-0.209952,-0.855315,0.00378097,-0.00515781,-0.041241,-0.0923077,0.0664115,-0.197802,0.468758,0.200889,0.0972162,-0.192075,0.0249799],[-0.0673118,-0.0277068,-0.0891936,0.00822321,-0.041318,-0.0422261,-0.0255413,-0.0333295,-0.00103079,-0.0126611,-0.00261069,0.0371445,-0.114595,-0.932709,0.00298947,-0.0101633,0.127238,-0.00682711,0.0180324,0.0700678,-0.150641,0.13333,0.250451,-0.107355,0.00608562],[-0.0571843,-0.108751,-0.00780859,-0.0830476,0.0718902,-0.0889032,0.0434444,-0.0120875,-0.00872133,-0.0221271,0.00282543,-0.0494007,-0.207122,-0.373734,-0.0106946,0.027938,-0.572749,-0.00334387,-0.0224634,-0.0252506,-0.0826299,0.921149,-0.144747,0.0194054,-0.00933214],[0.0319742,0.0174697,-0.099363,-0.0807107,0.11485,-0.145989,-0.00326745,-0.00468532,0.00796357,0.00877332,0.00862536,0.0255238,-0.0581156,0.230669,0.00229409,0.000328722,0.0232324,0.0188252,0.00220415,-0.0104309,0.048859,-0.0411086,0.428375,-0.0419489,-0.00394852],[0.0792672,-0.00290353,0.305703,-0.268756,0.508922,0.172654,0.0351152,0.0412995,0.0298763,-0.00651864,0.0425788,0.0714844,-0.244913,1.89368,-0.021121,-0.0302211,0.325145,0.0983415,0.0121761,-0.115443,-0.162155,0.11032,-0.281014,0.155825,-0.020307],[0.385757,-0.143165,-0.400814,-0.147117,1.81111,0.114488,0.225462,-0.124487,0.174715,0.258498,-0.0973315,-0.320954,-1.12872,-2.65664,-0.221015,-0.132371,0.275755,-0.223954,0.0258637,0.519463,1.15581,-0.595863,0.51966,0.77975,0.829181],[-0.0422246,-0.0570969,-0.540031,0.00539906,-0.541249,-0.606128,0.0445609,0.02101,-0.00222226,0.0129002,0.0238521,-0.0890109,-0.606219,0.539474,0.0253751,0.000109679,0.534674,0.0146383,-0.00349314,0.060267,0.631859,0.598831,-0.239627,0.0432017,-0.00624577],[-0.0988642,-0.088955,0.112869,-0.228645,-0.108006,-0.498482,0.0142389,0.0117971,0.00521462,0.00962439,-0.0229591,-0.207595,-0.161618,0.198114,0.00301135,0.0149307,-0.234038,0.00999825,-0.0366153,0.0313903,-0.309572,-0.00366404,-0.282187,-0.112633,0.0112922],[-0.0202117,-0.0288028,-0.0510596,-0.00653621,-0.0900748,-0.249897,-0.0135779,0.0174979,-0.00588811,-0.00212216,-0.0157638,-0.0427962,-0.18688,-0.544982,-0.0114591,0.00309738,-0.374246,0.0124274,-0.000485703,-0.0280228,0.120391,0.10604,-0.116249,-0.0340479,-0.0111822],[0.035853,0.042313,0.0549867,0.194231,0.0636944,0.151756,0.0354672,-0.00927757,0.0470992,0.0145465,0.0144308,0.0485896,-0.121365,1.23369,0.00721155,-0.00123605,0.10322,-0.000380936,-0.0155488,0.0156154,0.330734,0.23817,-0.162907,-0.0071437,0.00366445],[0.0127652,0.0224295,0.0949938,0.110962,0.395306,0.139023,0.00456591,0.00447755,-0.00339801,-0.00588043,0.00155099,-0.00351351,0.0757144,-0.48436,-0.0074304,-0.0111477,0.0822537,-0.00673877,0.0226312,-0.0386287,0.0115498,0.124251,0.0520491,-0.0443364,-0.00483115],[-0.0115224,0.000209225,0.0107893,-0.0169099,-0.0375853,0.196756,0.00209399,-0.00986983,-0.00975119,0.00153641,-0.0123663,0.0215723,-0.149017,-0.192681,-0.00753196,0.000414242,-0.194281,-0.015089,0.0123319,-0.0072946,0.0117613,0.0812263,0.0620022,-0.0343469,0.00878002],[0.0191308,0.0765132,0.260023,0.032137,0.200968,0.081669,-0.0155696,0.041812,-0.0602958,-0.0899036,0.0637492,0.359664,0.350874,1.5762,0.0714536,0.0312439,0.893593,-0.0253122,0.0130317,0.0355376,0.166355,-0.137479,0.77452,0.00544803,0.0038228],[0.0354675,0.109565,0.461637,0.0165316,0.431521,-0.294618,-0.378706,-0.0742114,0.0405404,0.00820303,-0.0564599,-0.697912,-0.381172,-5.04514,-0.0318233,-0.005826,-0.637165,0.086401,0.109836,-0.064594,-0.0541614,0.161637,-1.15261,0.351198,-0.0793128],[0.0750202,0.0853467,-0.0511508,0.107212,-0.244211,-0.182015,0.00637258,0.048492,-0.0877254,-0.0472896,0.00678719,-0.147656,-0.479608,1.51966,0.0173181,-0.0370222,-0.132004,-0.0454877,0.00344618,-0.0280717,0.388131,-0.019837,0.412233,-0.187036,-0.048906],[0.155056,0.12119,-0.20692,0.444188,0.200611,-0.106401,0.0873463,0.0445108,-0.0273824,-0.16974,0.0342276,-0.0267031,0.225653,3.0133,0.0154636,-0.0159359,0.299024,-0.0173402,0.135207,0.0265076,-0.122594,-0.411419,0.750047,-0.140697,0.0596543],[-0.442009,-1.08031,0.297335,-0.706591,1.24917,0.102211,-0.354372,-0.0416126,-0.11469,-0.353028,-0.141334,-0.223541,1.82943,5.27814,0.0158352,-0.106505,0.301115,0.0849029,-0.192945,0.186025,-0.616041,-0.555146,0.781557,-0.0797038,-0.0454464],[0.147556,0.109323,-0.144459,0.0147899,0.019773,-0.0858234,-0.0188313,-0.0172709,-0.0395384,-0.00765164,0.00489481,0.118168,-0.142928,-0.335512,-0.00524398,0.0244163,-0.319073,0.00583422,-0.0056485,-0.0157505,0.189686,0.0747635,-0.0472755,-0.0558835,0.000802514],[0.0531773,0.0239209,-0.0946058,0.0214197,0.0944928,-0.0715901,0.0176136,0.000912111,0.0075722,0.0371265,-0.00205164,0.0223454,-0.0520743,-0.307621,0.00152339,-0.00430816,0.0980168,0.00270516,0.00726765,-0.0118513,-0.0527471,-0.07532,-0.0694081,0.0062355,0.013824],[0.00356231,0.00795696,-0.0218329,0.0107532,-0.00972032,-0.015352,-0.00481537,0.00342071,-0.0031871,-0.00126081,-0.000506675,0.00470015,-0.00401091,0.03651,0.00308457,0.000450566,0.0493052,-0.00241475,0.00141115,0.00168663,0.00751079,0.00421003,0.0656745,-0.0124491,-0.00187738],[0.369616,0.287995,1.13706,-0.167153,0.682473,0.175077,-0.116737,-0.0969139,-0.0359462,-0.210531,-0.156191,-0.330761,-0.0246705,-1.38258,-0.093693,-0.0288314,-1.02111,-0.107109,-0.153747,-0.160859,0.326568,0.631592,-1.72404,0.680484,-0.0607863],[-0.202455,-0.378377,-0.622231,-0.524538,-0.748801,0.175715,0.29692,-0.20458,0.0476614,0.264657,0.0716531,0.689649,-1.07678,0.514765,-0.024113,0.100067,0.636325,0.0540511,-0.130318,0.0737908,-0.0411812,-0.647634,-0.000368837,-0.63069,0.0344497],[-0.00554229,-0.0199332,-0.000712089,-0.0194705,-0.0391139,-0.0510325,-0.00548348,0.00727386,-0.00686313,-0.00801043,-0.014435,0.00476685,-0.0496329,-0.156616,-0.0182436,-0.00439612,-0.121469,-0.00167987,0.00226216,-0.000261417,0.0497407,0.0239876,0.00866196,-0.0409919,-0.0074258],[-0.133532,-0.35304,-0.440565,-0.0578456,0.100245,-0.367651,-0.0401027,0.0230102,-0.133023,-0.100036,-0.00836499,0.32308,-0.240499,2.81104,0.15221,0.11829,0.209911,-0.0483966,-0.111717,0.203316,-0.580155,-0.116595,-0.696954,0.182233,0.0207899],[0.226297,0.041146,0.158656,0.0556143,0.820634,0.0426586,0.160823,0.00719515,0.04549,0.0175045,0.0483238,0.399627,0.809353,2.65062,0.035323,-0.0457882,1.24373,0.2825,-0.162249,-0.505255,1.16171,-0.253229,0.901803,0.268255,0.00922465],[-0.00897233,-0.0672076,-0.0618309,0.0197657,-0.219798,-0.151759,0.0630831,0.0219087,-0.00693298,0.00445029,-0.019252,0.16662,-0.121501,0.0418989,-0.0106499,-0.0197517,0.0472234,-0.141462,0.0561896,0.547189,0.0595732,0.1259,0.308384,-0.0778438,0.0203599],[-0.0105353,0.0236965,0.0921978,0.0739433,-0.00664733,0.0779695,0.000290523,-0.0168366,0.0106859,0.00279625,-0.0038801,0.0253942,0.263911,0.637707,-0.000954996,-0.0127917,0.315782,-0.0303538,0.0106661,0.00713555,-0.286594,-0.243867,0.100775,0.0176005,0.0151211],[0.0490868,0.0676797,-0.010822,0.0572337,0.0395143,0.0749582,-0.0406397,0.0167206,0.0042816,0.00720501,-0.0174349,0.0102363,0.14029,-0.442707,-0.00209655,-0.0158953,0.230666,-0.000374113,0.015212,0.00842163,0.103178,0.07338,0.00440057,-0.00664498,0.0029356],[0.025977,0.0172399,0.181351,-0.0248967,0.00518451,0.0169687,-0.0110725,-0.0125953,-0.00700877,-0.0224677,0.00593673,0.0157498,-0.0601593,-0.51384,-0.00749332,-0.00236535,-0.0939963,0.0162069,0.00368352,-0.00426853,0.0784295,0.0562968,-0.107819,0.000272473,-0.00578572],[0.0335741,-0.0479402,-0.00480313,-0.0273094,-0.0364621,-0.202472,0.0711413,0.00576804,0.0155105,0.037694,-0.0130793,-0.0842498,-0.601559,-0.892382,-0.0211549,-0.0104763,-0.73435,0.0396617,0.009991,0.0638557,0.255135,0.143902,0.131285,-0.393474,-0.0149052],[-0.144354,0.0458502,0.0448731,0.17187,-1.86996,-0.638222,-0.220011,0.145474,-0.193724,-0.288848,0.00559148,0.206121,0.794245,0.342798,0.14087,0.10358,0.949842,-0.193007,0.0685852,-0.338977,-0.603589,-0.0801769,1.73433,-0.319497,-0.0842878],[0.054259,0.0619695,-0.471677,-0.00491941,0.0235536,-0.438595,-0.0262864,0.109258,-0.0477974,-0.0480602,-0.0178121,0.00757372,0.181683,-1.88849,-0.00458206,0.0257746,-0.530469,-0.0225525,0.0284351,-0.0093285,-0.383958,-0.177602,-0.215392,0.00546073,-0.02592],[-0.0192671,-0.0479947,0.0396507,-0.151662,0.150914,-0.1033,-0.0617346,-0.0175688,-0.0328529,-0.0429919,-0.0280263,0.0414764,-0.0756886,-2.06235,-0.0012444,0.0222942,-0.670194,0.0207362,-0.0588782,0.0588772,-0.00271232,0.14162,-0.267493,-0.00644846,-0.0197865],[0.0248741,0.0394548,0.206486,0.0179928,0.096385,0.0931489,-0.00153385,-0.018055,0.000487228,0.00616955,0.00658753,-0.050702,-0.0144991,0.360053,0.0114775,-0.00145725,0.224289,-0.00119176,0.00434597,0.0370486,0.0521869,-0.0475978,-0.0364095,0.0569823,0.0154213],[0.00670224,-0.0371839,-0.0457027,0.167307,0.00563071,0.0345105,-0.0201152,0.0231885,-0.0288153,-0.0273582,-0.00620756,-0.0352806,-0.010391,-0.500702,-0.00779875,-0.00906227,0.00845094,-0.0238325,-0.0105173,0.0335152,-0.122589,-0.0271545,-0.160572,0.0288516,-0.00708483],[0.0374059,0.0323237,0.114271,-0.0067895,0.213692,0.0443397,-0.0111199,-0.0113268,0.0177021,0.0143308,-0.0120356,0.0365773,0.0479907,-0.313929,-0.0131434,-0.00136999,-0.286003,0.0147259,-0.00872977,0.00326583,0.00764751,-0.0280107,0.00329928,-0.0146147,-0.00528426],[0.00801466,-0.025563,-0.0259505,0.0123826,-0.00843308,0.0515217,-0.00190198,0.00512946,-0.00283357,0.00292778,-0.00911404,0.0316555,0.00902394,-0.0845066,-0.00773341,-0.0104939,0.086535,-0.00224073,0.00594512,0.0140934,-0.0466947,-0.0242718,0.0953911,-0.0159877,-0.0105551],[0.0249958,-0.0683805,-0.174506,0.172292,0.345903,-0.118702,0.0352519,0.0296731,-0.0464523,-0.0147143,-0.0337683,0.127559,-0.570621,1.43951,0.031022,-0.0117764,0.404166,-0.0106387,-0.0555756,0.0168486,0.155494,0.453462,0.353945,-0.0785953,0.00964665],[-0.0658741,-0.0301882,-0.142861,0.306916,-0.85295,-0.203781,0.0159087,0.229445,-0.0925975,-0.0195503,-0.0220545,-0.075324,-0.783882,-1.79745,0.0177099,0.0365179,-0.820322,-0.0176058,0.131529,-0.00302952,-0.0957606,-0.0616956,1.05552,-0.271203,-0.0397656],[0.0753297,0.0337818,-0.0161751,0.0262352,0.101938,0.219751,-0.14904,-0.0730416,-0.0464327,-0.127975,-0.0201431,-0.00548124,0.659287,0.186291,-0.0268867,-0.0439136,0.726205,-0.0381596,-0.0327196,-0.103294,0.169637,-0.0092725,-0.373386,-0.0829956,-0.0400757],[0.0247245,-0.0569496,-0.0977933,-0.10916,0.233835,0.10732,0.0694007,0.00758121,0.0077043,-0.0101758,0.0352693,0.15189,-0.552896,0.187989,-0.0378631,-0.0273195,-0.298783,0.0390209,0.0172126,-0.00973574,-0.225254,0.0254864,-0.289584,0.00132396,0.00537685],[0.00946203,-0.0998823,0.108254,-0.17915,0.454264,-0.433829,-0.0179794,0.0328334,0.048241,0.0227053,0.108673,0.150472,-0.168611,-1.63328,0.0225309,-0.0212172,1.71738,-0.0166469,-0.137077,0.0256025,-0.245724,-0.972905,-0.0125642,0.0269341,0.0449183],[-0.0697614,-0.0306511,-0.0465589,-0.0968111,-0.0319114,-0.0879436,-0.00239373,0.0322385,0.0200585,-0.00405275,-0.0104122,0.0975653,0.0927854,0.80166,0.0106101,0.00370196,0.244372,-0.00617743,0.0200185,-0.00637359,-0.0704642,-0.0787348,0.0972664,0.0485957,-0.0152178],[-0.0130313,-0.00628705,-0.0127626,0.0416995,0.053466,-0.0653093,-0.00733068,0.00115115,-0.00648234,-0.0123372,-0.000396172,0.00806266,0.121467,-0.0607889,0.000273267,-0.00555344,0.144687,0.00812379,0.00948703,0.0115883,-0.0446317,-0.0373843,-0.0604015,0.01362,-0.00769969],[0.0023023,0.000289038,-0.0149101,0.00359161,0.0088723,-0.0200092,-0.00293955,-0.000838532,0.00147024,0.00115111,0.000226524,-0.00703838,0.0293698,-0.0445744,-0.00130481,-0.00120782,0.0252163,0.00451923,-0.00272539,0.000179015,-0.00250108,-0.0159978,-0.060908,0.000703484,-0.0005908],[0.0897521,0.0136595,1.00514,-0.204261,0.236769,-0.368268,0.278689,0.0271793,0.054048,0.0634668,0.0780874,-0.469436,-0.268156,2.52732,0.0639578,0.0198236,-0.215846,0.0879117,-0.0679525,-0.115818,-0.193774,0.689638,-1.11248,0.572596,0.133723],[-0.308544,-0.139817,-0.573486,-0.284827,-0.418237,0.186089,-0.000625707,0.193029,-0.0598784,0.021567,-0.0250789,0.0912852,0.0758705,0.239007,0.00107314,0.016571,-0.890375,-0.0256924,-0.0330835,-0.220245,-0.0810844,0.609625,0.579459,-0.0717645,-0.0907573],[-0.000266224,0.00264726,-0.0273261,0.00407243,-0.0333394,-0.0823825,-0.00100207,-0.00373412,-0.00338844,-0.00311647,0.00344,-0.0265644,-0.0492911,0.140075,0.00442179,5.4298e-05,0.016578,0.00381091,-0.00255754,-0.000668313,0.00714695,-0.0109617,-0.0290357,-0.0179408,-0.00389546],[-0.00102865,0.326144,-0.16249,-0.35368,-0.0810516,-0.188648,-0.146912,-0.0296272,-0.0795588,-0.03506,-0.0624729,-0.13429,-0.0826914,-3.88467,-0.0822003,-0.0223627,-0.527983,-0.18051,0.0149391,0.0728533,-0.395922,-0.203984,-0.886144,-0.281898,-0.00333097],[-0.0215386,-0.073001,0.47855,0.0969525,-0.0290703,0.203466,-0.021029,0.0240562,0.00586588,0.0586164,-0.0524756,0.0447245,0.284254,-3.02884,-0.0111086,0.0278556,-0.51056,0.0355378,-0.110738,0.021792,-0.540058,-0.685842,-0.000588945,-0.201393,0.0313765],[0.00860105,0.0206189,0.101996,0.0276758,-0.009569,0.187562,0.0113969,-0.0150713,0.00173976,-0.00063538,0.00964065,0.0417301,-0.0818094,-0.166631,0.00248933,0.00795393,-0.307027,-0.016321,-0.00246591,-0.111895,0.273319,0.079953,0.237362,-0.0662874,-0.0117455],[-0.00456136,-0.011642,0.0466099,-0.0880426,-0.00471066,-0.0314171,0.0269924,-0.00925897,0.00945485,0.00399776,0.00119232,-0.0311118,0.0628283,-0.301095,-0.00833174,-0.00712234,-0.0380124,0.0127817,0.0161156,0.0296674,0.0170078,0.0713791,-0.0197826,-0.015378,0.00177079],[0.00889964,0.0426973,0.0203881,0.0227955,-0.110257,0.0160633,-0.00399801,-0.00482157,0.00418286,0.0147462,0.0139793,0.0402003,0.0656851,0.806921,0.0118708,-0.0124386,0.336647,0.00289992,0.00856213,0.0171065,-0.0194203,0.00142905,0.138938,-0.0142663,0.00635337],[-0.0074757,-0.0670967,-0.0430892,-0.025276,0.0327499,-0.0258565,-0.00329764,-0.00643783,0.0152725,0.0146702,0.00395246,-0.0104421,-0.0364351,-0.020906,-0.00224637,-0.001404,-0.108116,0.0161146,0.00238397,0.00499961,-0.0478059,-0.0144012,-0.219695,0.0206198,0.00475072],[0.0260463,0.00481931,0.147969,0.0605012,-0.0046777,-0.0504095,0.0695566,-0.0279056,0.0561346,0.0641984,0.0123839,0.0855547,-0.222596,0.587785,-0.0268802,0.00300497,-0.456361,0.0300663,0.0413172,-0.0455493,-0.225689,0.0553836,-0.0635762,0.0104809,0.01219],[-0.49727,-0.350932,0.193406,-0.437715,0.455006,0.252887,-0.015376,0.0454526,-0.0545912,0.296771,0.109337,0.148825,-0.882222,-3.44425,0.0698686,0.129924,-1.76685,-0.0142257,-0.137707,0.071441,-0.18193,0.537224,-1.27641,-0.506483,-0.0616078]],"sigmahat":[[0.431185,0.385894,0.327751,0.381179,0.437276,0.421372,0.00199054,-0.0194624,0.0279922,-0.00957138,0.00198417,0.0195812,0.359971,0.526173,-0.0201835,-0.0247854,0.147839,-0.00734834,0.00074176,-0.00444493,0.317226,-0.209535,0.229308,-0.014785,0.0104199],[0.385894,0.710228,0.331095,0.522804,0.145553,0.550505,-0.0241785,-0.038131,0.0108156,-0.0151615,-0.0101164,0.0729971,0.490599,0.175749,-0.00689408,-0.0280959,0.318703,-0.0483189,0.0144035,0.0123194,0.19687,-0.179869,0.507822,-0.0775035,0.0112693],[0.327751,0.331095,3.79717,-0.257263,-0.139083,1.29616,0.174104,-0.0500291,0.0649928,0.0091817,0.0234133,-0.164058,-0.242739,2.39494,-0.062699,-0.0544814,-0.530337,0.0367504,-0.0529911,0.0819943,0.549484,0.120375,0.0163183,0.367223,0.0848502],[0.381179,0.522804,-0.257263,1.94248,0.255838,0.602316,0.114807,0.0927152,0.00358407,-0.0499458,0.0019814,0.0374406,0.338727,0.516348,0.00892052,-0.019943,-0.140751,-0.0468672,0.193066,0.0671581,0.388499,-0.0662728,1.03251,-0.0777504,-0.00436916],[0.437276,0.145553,-0.139083,0.255838,4.21411,0.453619,-0.0862521,-0.158428,0.0885992,0.0229639,0.00238121,0.103865,0.479768,-1.29797,-0.000113701,-0.0145208,0.0174637,0.0302036,-0.110739,-0.0765976,0.0312759,-0.516447,-0.993134,0.051884,0.00272862],[0.421372,0.550505,1.29616,0.602316,0.453619,3.77957,0.110504,-0.01127,0.0153223,-0.0400368,0.0598577,0.123902,0.8206,1.17708,0.01539,-0.0113986,0.806766,-0.131174,0.0627344,-0.0215936,0.58477,-0.198533,1.83164,0.287446,0.069922],[0.00199054,-0.0241785,0.174104,0.114807,-0.0862521,0.110504,0.193124,0.0313707,0.0370946,0.0481674,0.0497226,0.00771695,-0.240434,1.23957,0.0233414,0.0249571,-0.0246786,0.0111952,0.0437638,0.0520165,0.221165,0.131633,0.43837,0.083808,0.0162504],[-0.0194624,-0.038131,-0.0500291,0.0927152,-0.158428,-0.01127,0.0313707,0.104902,-0.0240169,-0.0253941,0.00604571,-0.069528,0.0998043,0.672369,0.00283382,0.00529778,-0.122255,-0.0138213,0.0237701,0.0094553,0.0168962,-0.0503052,0.195334,0.0573717,-0.00959438],[0.0279922,0.0108156,0.0649928,0.00358407,0.0885992,0.0153223,0.0370946,-0.0240169,0.0719244,0.0558841,0.0155008,0.0458491,0.00684951,0.0982789,0.000934478,0.00625321,-0.053471,0.0248969,0.0107496,0.00407304,0.0061295,-0.0383645,-0.0213761,0.00734711,0.0101842],[-0.00957138,-0.0151615,0.0091817,-0.0499458,0.0229639,-0.0400368,0.0481674,-0.0253941,0.0558841,0.112298,0.0162037,0.0292845,-0.217778,-0.176831,0.000731565,0.006333,-0.047716,0.0310216,-0.00340408,0.00912802,0.0180357,0.0115079,-0.0809875,-0.000817479,0.0118758],[0.00198417,-0.0101164,0.0234133,0.0019814,0.00238121,0.0598577,0.0497226,0.00604571,0.0155008,0.0162037,0.0511608,-0.00807018,0.0313534,0.658159,0.02186,0.0159497,0.126016,0.0127286,0.00529104,0.00389536,0.0371238,-0.0306849,0.051437,0.0705846,0.00290505],[0.0195812,0.0729971,-0.164058,0.0374406,0.103865,0.123902,0.00771695,-0.069528,0.0458491,0.0292845,-0.00807018,0.962511,-0.404503,-0.840228,0.0050063,0.0282472,-0.267708,-0.0520033,0.0239756,-0.049947,0.0558125,0.345849,0.468226,-0.0768477,-0.00393565],[0.359971,0.490599,-0.242739,0.338727,0.479768,0.8206,-0.240434,0.0998043,0.00684951,-0.217778,0.0313534,-0.404503,5.34047,4.7122,0.0154808,-0.0766742,2.99607,-0.02866,-0.00971937,-0.0736625,-0.799556,-2.04285,0.480794,0.605174,-0.00712194],[0.526173,0.175749,2.39494,0.516348,-1.29797,1.17708,1.23957,0.672369,0.0982789,-0.176831,0.658159,-0.840228,4.7122,71.6703,0.530652,-0.153548,13.4928,-0.0804127,0.269103,0.300667,2.62423,-2.29817,5.64099,2.76366,0.305605],[-0.0201835,-0.00689408,-0.062699,0.00892052,-0.000113701,0.01539,0.0233414,0.00283382,0.000934478,0.000731565,0.02186,0.0050063,0.0154808,0.530652,0.044921,0.0290422,0.219504,-0.00403259,0.000821574,0.0188447,-0.0203241,0.00872535,0.124801,0.0280518,0.00635544],[-0.0247854,-0.0280959,-0.0544814,-0.019943,-0.0145208,-0.0113986,0.0249571,0.00529778,0.00625321,0.006333,0.0159497,0.0282472,-0.0766742,-0.153548,0.0290422,0.0485699,-0.259618,-0.00575893,0.00230465,0.0164685,-0.0070951,0.0270195,0.0414174,-0.0123876,-0.00264708],[0.147839,0.318703,-0.530337,-0.140751,0.0174637,0.806766,-0.0246786,-0.122255,-0.053471,-0.047716,0.126016,-0.267708,2.99607,13.4928,0.219504,-0.259618,12.8337,-0.003444,-0.0402406,0.0241511,0.147473,-0.875722,1.92228,0.936669,0.191272],[-0.00734834,-0.0483189,0.0367504,-0.0468672,0.0302036,-0.131174,0.0111952,-0.0138213,0.0248969,0.0310216,0.0127286,-0.0520033,-0.02866,-0.0804127,-0.00403259,-0.00575893,-0.003444,0.0943902,-0.00935772,-0.0328837,0.0583584,0.0148402,-0.335741,0.0482363,0.00200852],[0.00074176,0.0144035,-0.0529911,0.193066,-0.110739,0.0627344,0.0437638,0.0237701,0.0107496,-0.00340408,0.00529104,0.0239756,-0.00971937,0.269103,0.000821574,0.00230465,-0.0402406,-0.00935772,0.151182,0.0127616,0.0210885,-0.0123281,0.410043,0.0155621,0.00242127],[-0.00444493,0.0123194,0.0819943,0.0671581,-0.0765976,-0.0215936,0.0520165,0.0094553,0.00407304,0.00912802,0.00389536,-0.049947,-0.0736625,0.300667,0.0188447,0.0164685,0.0241511,-0.0328837,0.0127616,0.359401,0.0325673,0.0329694,0.193473,-0.0254999,0.0114562],[0.317226,0.19687,0.549484,0.388499,0.0312759,0.58477,0.221165,0.0168962,0.0061295,0.0180357,0.0371238,0.0558125,-0.799556,2.62423,-0.0203241,-0.0070951,0.147473,0.0583584,0.0210885,0.0325673,3.74347,1.09495,1.23946,0.210468,-0.0415104],[-0.209535,-0.179869,0.120375,-0.0662728,-0.516447,-0.198533,0.131633,-0.0503052,-0.0383645,0.0115079,-0.0306849,0.345849,-2.04285,-2.29817,0.00872535,0.0270195,-0.875722,0.0148402,-0.0123281,0.0329694,1.09495,2.53138,-0.249537,-0.0888604,-0.00904814],[0.229308,0.507822,0.0163183,1.03251,-0.993134,1.83164,0.43837,0.195334,-0.0213761,-0.0809875,0.051437,0.468226,0.480794,5.64099,0.124801,0.0414174,1.92228,-0.335741,0.410043,0.193473,1.23946,-0.249537,8.45374,-0.336747,-0.00582667],[-0.014785,-0.0775035,0.367223,-0.0777504,0.051884,0.287446,0.083808,0.0573717,0.00734711,-0.000817479,0.0705846,-0.0768477,0.605174,2.76366,0.0280518,-0.0123876,0.936669,0.0482363,0.0155621,-0.0254999,0.210468,-0.0888604,-0.336747,0.950186,0.0260139],[0.0104199,0.0112693,0.0848502,-0.00436916,0.00272862,0.069922,0.0162504,-0.00959438,0.0101842,0.0118758,0.00290505,-0.00393565,-0.00712194,0.305605,0.00635544,-0.00264708,0.191272,0.00200852,0.00242127,0.0114562,-0.0415104,-0.00904814,-0.00582667,0.0260139,0.0336151]],"n":25,"lags":3}