{"betahat":[[7.81748,9.92923,21.1838,20.397,15.4981,26.4318,2.29597,0.704726,-0.258346,-7.56222,4.02439,4.77927,0.219529,-0.195847,5.09077,8.56059,-4.04037,-2.38363],[0.804744,-0.141967,0.13274,-0.0963302,-0.22533,-0.169363,-0.0295261,0.0203614,0.00776871,0.026767,-0.0147366,-0.610187,-0.000911318,0.0141211,-0.684359,-0.210595,-0.0840268,-0.10416],[0.0340666,0.85738,-0.0401232,-0.157195,0.0297724,0.063178,-0.00638344,-0.00949236,-0.00313994,0.0462511,0.0630104,0.330895,-0.00212206,-0.0125051,0.179641,-0.0548752,0.102103,0.0728055],[0.0385968,0.0445498,0.953568,0.110802,0.0283132,-0.00395826,-0.00170775,0.0107378,-0.0207484,-0.0164541,0.044978,-0.115922,-0.00546804,0.00358916,-0.0228652,0.000705636,-0.012441,-0.0047455],[0.00489734,0.0266315,0.121755,0.513788,0.0371508,0.0609672,0.00822715,-0.00458237,0.00136289,-0.047944,-0.00843317,-0.263075,-0.00399301,0.00567043,-0.15118,-0.00932816,-0.00924027,0.00479977],[0.0142506,0.0261472,0.0131731,-0.179153,0.848862,0.003136,0.0151432,-0.00274969,-0.00230728,0.0204849,-0.00378689,0.433075,0.000628535,0.00189,0.0479683,-0.000586253,0.069016,0.0274137],[0.0319722,0.104573,0.255049,0.0262694,0.0927219,0.99609,-0.0105156,0.00381696,-0.00847252,0.0429701,0.0144894,-0.148994,0.000509196,-0.00117944,0.142542,0.00379873,-0.00829378,0.00729354],[0.0248281,-0.168516,-0.0490138,-0.199233,0.400732,0.250231,1.2902,0.0396432,-0.00283957,-0.177328,-0.0667328,0.211537,0.00892311,0.0141403,-0.189842,-0.0333939,0.425568,0.057458],[0.22735,0.428389,0.276537,0.307257,-0.0567986,0.116412,-0.0796282,1.30069,0.0021581,-0.114498,0.106743,-0.0859778,-0.0048422,-0.00152045,-0.279501,-0.321521,0.131263,0.0272887],[0.313952,0.683869,-0.163821,0.046502,0.102725,0.102944,-0.0233566,0.123987,1.00441,0.330504,0.453709,1.68288,0.069073,0.0434167,0.49845,-0.499657,0.450054,-0.0827507],[0.0527902,0.151703,0.487339,0.438998,-0.0412582,-0.00187195,-0.0677217,-0.0712035,-0.00928957,1.14583,0.0690798,0.174237,0.00968127,0.00792336,-0.0759843,0.000331388,0.00621503,0.0167448],[-0.00528437,0.108389,-0.14106,0.102796,-0.0927755,-0.029158,-0.0108722,-0.00348255,-0.0186533,-0.022364,1.07229,-0.189085,0.00116286,0.00495532,-0.0600974,0.0332167,-0.039085,-0.0122428],[0.019832,0.015943,-0.0138501,0.0177243,-0.0120435,-0.00282805,-0.00635607,0.000785647,0.00321297,-0.0103597,0.00903308,0.894181,-0.00249372,0.00177995,-0.0709607,-0.00934534,-0.00901348,0.0059101],[0.717274,0.113859,0.646342,-1.86044,-0.0202218,1.2425,-0.00200022,0.0524112,-0.138162,0.412982,0.49147,-3.01256,0.961171,-0.0374789,0.989851,0.691273,-0.318726,0.258658],[-0.470266,-0.563423,-0.239932,-2.40587,0.7811,0.189436,0.011407,0.115423,0.318299,-0.875518,-0.193135,-3.00504,-0.0341743,0.995311,-2.31936,-0.46466,-0.5646,0.106236],[0.0426731,-0.00845893,0.0882312,0.109064,0.0826043,0.152254,-0.0109044,0.00700907,-0.00614571,0.0609506,-0.00155659,0.149414,0.00937732,0.00207258,1.17559,0.0526723,0.00141169,0.0141204],[0.0600264,0.207845,0.185754,-0.502326,0.208277,0.173789,0.047532,0.0056394,0.0393006,-0.0661287,0.0422347,1.70636,0.0265914,-0.00710165,0.526696,0.743601,0.150642,-0.0222437],[-0.0058416,-0.0382851,0.131198,0.186217,-0.011515,0.0795855,-0.0278026,-0.00135309,0.0314691,0.0730921,-0.211751,0.370688,0.00448132,-0.000338875,-0.0951806,0.107843,0.199764,0.00858688],[0.215553,-0.11026,0.587744,0.817571,-0.800672,0.202919,0.193423,0.0148136,-0.0115887,-0.628058,0.2457,-1.09335,-0.0429621,-0.0121386,-0.139362,0.0184247,-0.0891899,0.553225],[0.0954588,0.0851228,-0.12105,-0.27975,0.164087,0.0048627,0.00802632,-0.0136726,-0.016616,-0.0317474,-0.00660848,0.306429,-0.00606416,-0.00510095,0.338976,0.128557,0.0139164,0.117288],[0.00767079,0.0678401,0.0198952,0.0806951,-0.092704,-0.0424445,0.00289462,-0.00107673,-0.00457526,-0.0428249,-0.0771073,-0.233006,0.00403904,0.010139,-0.028114,0.0725658,-0.0966407,-0.0428149],[-0.0322598,-0.0304948,0.0394328,-0.179869,0.010915,0.0331831,-0.000596506,-0.00104961,0.0170684,0.0222446,-0.0307702,0.209658,0.00632337,0.00114945,0.0293039,-0.000723869,0.0188342,0.0130095],[0.00355364,-0.0293727,-0.0770946,0.258295,-0.00885757,-0.0789461,-0.00663732,0.000738857,-0.00034346,0.00815595,0.0106953,0.137865,0.00133467,-0.00432079,0.0861288,-0.0164578,0.0099106,-0.00204386],[0.00411224,-0.0406147,0.0430593,0.140191,0.0647475,-0.0676269,-0.000946924,-0.000490152,-0.0037185,0.0188101,-0.000529216,-0.232118,0.0025361,0.00245756,-0.0637994,-0.0195083,-0.0684569,0.00457712],[-0.0508291,-0.129734,-0.18431,0.0306687,-0.077403,-0.0521431,0.0206388,0.000424995,-0.00013769,-0.0264766,-0.0128197,0.166554,-0.00111293,0.00139949,-0.112677,-0.021965,0.00181517,0.0116273],[-0.0452187,0.0645337,0.0800225,0.0264192,-0.331722,-0.331601,-0.166231,-0.0367386,-0.0103455,0.0405721,-0.0062213,-0.138385,-0.00300952,-0.00460074,-0.0186615,0.00439053,-0.322709,-0.0167118],[-0.0666304,-0.309598,-0.693459,0.814793,-0.0587718,-0.376714,0.0147767,-0.2818,0.00143526,0.05985,0.0321606,-0.724064,-0.000706844,-0.000190667,-0.0550166,0.203116,-0.208525,-0.0187769],[-0.618666,-0.851583,0.0261064,-0.598746,-0.181247,-0.262997,0.248241,-0.0827086,-0.0491979,0.151245,-0.808144,0.717612,0.0170036,-0.0408151,0.486668,0.303613,0.161464,-0.0178932],[-0.120037,-0.207855,-0.473234,-0.234234,0.116658,0.0821173,0.0527442,0.0414567,0.0082373,-0.172983,-0.0770515,-0.241349,-0.0166776,-0.00482174,-0.0718245,-0.0307568,-0.0205558,0.00758216],[-0.0426265,-0.165798,0.0683748,0.000970634,0.125437,0.191019,-0.0135003,0.00257955,0.0392995,0.0325003,-0.0191932,0.229849,0.00925913,0.00202266,0.00850732,-0.0464,0.0701533,-0.00600487],[-0.0158327,-0.0127397,-0.00472576,-0.0110457,4.61674e-06,-0.0114195,0.00660307,-0.000712054,-0.00250942,0.00112997,-0.0101303,0.00974001,0.00132773,0.000224066,0.0200615,0.00414441,0.00263668,-0.00450884],[-0.520994,0.536158,-0.371997,2.92704,0.659637,-0.100675,-0.067266,-0.0292738,0.0480981,-0.120861,-0.598353,-1.22969,-0.0842136,-0.0279369,-1.16864,-0.0572291,-0.277779,-0.0233728],[0.77647,0.996272,-0.604105,2.60323,0.041525,0.067899,-0.210026,-0.0928713,-0.233545,0.614387,0.0157888,2.26012,-0.0230879,-0.0453152,1.44397,1.05129,0.129005,0.104317],[-0.0511161,-0.0186741,-0.0711249,-0.10863,-0.0607098,-0.11695,0.0124702,-0.00420625,0.00336603,-0.0506819,-0.0118845,-0.141055,-0.0100784,-0.00127704,-0.148839,-0.0533154,-0.00794776,-0.00760921],[-0.0351626,-0.0446355,-0.294626,0.534805,-0.0140577,-0.0940868,-0.00682106,-0.00423315,-0.00481597,0.00607872,0.0205373,-0.947676,-0.0141726,0.00876762,-0.360918,-0.0597263,-0.00479823,-0.0293847],[-0.0411177,-0.0378951,0.148957,0.182642,-0.162035,-0.0930593,0.0760157,0.0223713,0.00440531,-0.0380738,-0.0199498,-0.426431,0.0122652,0.0165246,-0.0575545,0.0420943,0.259833,0.04084],[-0.245318,-0.021188,-0.329839,-1.21098,-0.249571,-0.1668,-0.0727505,-0.0340368,0.00764211,0.685529,0.00254564,1.14528,0.0611019,0.035484,0.5282,-0.138721,0.535232,0.194576],[0.0993094,0.0564058,-0.0124135,0.375771,0.0607135,0.163676,0.0215479,-0.00673154,0.0088881,0.00535933,0.0214445,0.304418,0.00696129,-0.00904903,0.345409,0.0816294,0.0703532,-0.0130765],[-0.0423808,0.0739171,0.0188548,0.0761248,0.0622367,-0.0217917,0.00351422,0.0105212,0.00780496,-0.00277372,0.0140644,-0.0944819,-0.00192763,0.00231302,-0.150497,-0.0181655,-0.00475677,-0.0298472],[-0.00674839,-0.0148112,0.00327578,0.0681918,-0.0395024,-0.0317013,0.00197478,-0.00962351,0.00382902,-0.0055583,-0.0140128,-0.0894946,-0.000899507,-0.00469696,-0.0077074,-0.000554268,-0.00588566,-0.00812673],[-0.00878899,0.00246211,-0.0446091,0.221967,-0.0288133,0.0173133,-0.00133925,0.00379411,-0.00105055,0.0393751,-0.0021915,0.122846,0.00262039,-0.00132302,0.063496,0.0251423,-0.000625207,-0.00265964],[-0.0193148,0.0144537,-0.0589086,0.0355507,0.082126,0.0603083,-0.0141933,0.00304367,0.00566013,-0.0386917,0.00462511,-0.202375,-0.00322695,-0.00454491,0.0179156,0.0188409,-0.00022344,-0.0319416],[0.0179962,0.0247128,-0.0744113,-0.0596167,-0.0187579,0.0508413,-0.0101272,-0.00439675,0.00867366,-0.0152099,-0.00204132,-0.00863725,0.000562461,-0.00032325,-0.0275324,0.0169183,0.00820486,-0.0186977],[0.0168917,0.10126,-0.0415518,0.156441,-0.0721186,0.0759827,-0.127489,-0.00278299,0.0128466,0.144832,0.0708424,-0.0547565,-0.00552084,-0.00987202,0.226107,0.0291186,-0.100702,-0.0404087],[-0.138009,-0.0115872,0.281737,-1.18079,-0.0239311,0.177098,0.0911239,-0.0835181,0.00269782,0.144784,-0.111113,0.896184,0.0113025,0.000624212,0.45445,0.106745,0.0540279,-0.0260003],[0.0126228,-0.207641,0.106315,-0.00146644,0.282766,0.168822,-0.204513,-0.0229627,-0.0658009,-0.304261,-0.151662,-0.212678,-0.0553764,-0.00862236,-0.303122,0.0361477,-0.227501,0.0694896],[0.0675064,0.0554784,-0.0120071,-0.20308,-0.0740255,-0.0802661,0.0164132,0.0298658,0.00119459,0.0239272,0.00830985,0.0658308,0.0069287,-0.00290913,0.143011,0.0303659,0.0152955,-0.0236989],[0.0489364,0.0589597,0.0744454,-0.100989,-0.0318442,-0.160162,0.0251873,0.00108285,-0.0190627,-0.00995449,-0.0549713,-0.0161135,-0.0102389,-0.00652302,0.0458417,0.0135724,-0.0270514,0.0178887],[-0.00267254,-0.00760189,0.00529344,0.0055463,0.00366985,-0.00263325,-0.00508978,-0.00102749,-0.000269126,0.011421,-0.0013927,0.00341486,0.000980952,-0.000625074,0.0301292,-0.00052198,0.00176715,-0.00045529],[-0.0196776,-0.309642,0.950174,-0.388045,-0.365494,-0.0836827,-0.0185899,-0.050059,0.0839827,-0.0222768,0.156729,3.05453,0.0485891,0.0129136,0.201696,-0.373122,0.0883681,-0.0054424],[-0.47092,-0.675825,0.298339,-0.119692,-0.668302,-0.369004,0.0778445,-0.0145126,-0.0997226,-0.159091,0.142485,-1.25108,-0.00185592,-0.0166534,-0.00644676,-0.567367,-0.215687,-0.182952],[0.00658271,0.0248942,-0.0175179,-0.00791052,-0.0247471,-0.0393004,0.000465222,-0.00304852,0.00279597,-0.00664611,0.0151922,-0.00463389,0.00081708,-0.000512817,-0.0261318,-0.000580263,0.0119117,-0.00567286],[0.0355029,0.0577327,0.23719,-0.203194,0.0199791,0.132608,0.0137298,0.0098149,0.0271627,0.0544579,-0.111234,-0.11305,0.000772834,0.00873272,-0.177642,-0.0702337,0.0260364,0.00542003],[-0.0251323,0.0353959,-0.0817977,-0.019605,0.00574156,-0.138565,0.0259842,0.00951115,-0.0091207,0.0366762,0.0550503,-0.205654,0.00640919,0.00220288,0.0259191,-0.0656918,-0.0643497,0.0237299],[0.0895807,0.206344,-0.310624,0.262985,0.646481,-0.444782,0.0324562,0.0451596,0.0421336,-0.309832,0.0188818,-0.424162,-0.016245,0.00925724,-0.545409,0.0300532,-0.301291,0.059776]],"sigmahat":[[2.54754,2.28308,1.92295,-0.161045,0.0415263,0.553493,-0.181153,-0.0657206,-0.0358064,0.352181,0.48841,4.32144,0.0917593,0.0709636,1.90206,0.706534,0.468478,-0.0100657],[2.28308,5.29416,2.92214,-1.42009,-1.94304,0.208284,-0.153506,-0.102558,-0.0441325,0.378295,0.357309,1.93025,0.0476997,0.00153904,1.77106,0.362256,0.556622,-0.122311],[1.92295,2.92214,16.6285,-3.71606,0.0629109,3.94192,0.20114,0.0827661,0.0598607,0.453103,-0.488434,5.00224,0.0889456,0.0238714,1.45303,0.674596,1.46301,0.151774],[-0.161045,-1.42009,-3.71606,63.1733,0.118429,-0.00885154,0.0343408,0.127975,0.138996,1.15308,0.478209,8.77644,0.151578,-0.310312,9.5581,2.19981,-0.607295,-0.133837],[0.0415263,-1.94304,0.0629109,0.118429,11.9373,7.64689,-0.403737,0.349989,0.0703406,-0.0349171,0.153971,12.2976,0.0476454,-0.0525885,0.618573,1.62073,0.339171,0.350318],[0.553493,0.208284,3.94192,-0.00885154,7.64689,12.1886,-0.579648,0.165404,0.161889,1.00889,0.0985764,8.65566,0.0677058,-0.199205,3.37736,1.49876,0.240174,0.0850066],[-0.181153,-0.153506,0.20114,0.0343408,-0.403737,-0.579648,0.63934,0.0574298,0.0205426,-0.358795,-0.182252,1.05268,0.0136763,0.00949397,0.416646,0.0214865,0.523719,0.000703749],[-0.0657206,-0.102558,0.0827661,0.127975,0.349989,0.165404,0.0574298,0.184964,0.000374452,-0.216686,-0.0364758,0.213222,0.00698991,0.0195078,-0.101092,0.0510753,0.0648557,0.0170911],[-0.0358064,-0.0441325,0.0598607,0.138996,0.0703406,0.161889,0.0205426,0.000374452,0.128072,0.047932,-0.108492,0.659167,0.0169379,0.0113493,-0.13396,0.0149865,0.138498,0.0166646],[0.352181,0.378295,0.453103,1.15308,-0.0349171,1.00889,-0.358795,-0.216686,0.047932,2.97644,-0.097215,5.00088,0.156848,0.0255375,2.79546,0.362857,0.427055,0.0464065],[0.48841,0.357309,-0.488434,0.478209,0.153971,0.0985764,-0.182252,-0.0364758,-0.108492,-0.097215,2.00162,-3.9405,0.0109707,0.0414807,-0.773534,-0.529123,-0.0662015,0.0296114],[4.32144,1.93025,5.00224,8.77644,12.2976,8.65566,1.05268,0.213222,0.659167,5.00088,-3.9405,159.427,1.33798,-0.214474,29.3225,8.93294,12.9825,0.822102],[0.0917593,0.0476997,0.0889456,0.151578,0.0476454,0.0677058,0.0136763,0.00698991,0.0169379,0.156848,0.0109707,1.33798,0.074461,0.0454717,0.426318,0.170587,0.207099,0.0158698],[0.0709636,0.00153904,0.0238714,-0.310312,-0.0525885,-0.199205,0.00949397,0.0195078,0.0113493,0.0255375,0.0414807,-0.214474,0.0454717,0.0800425,-0.486617,0.0175136,0.144722,0.0102321],[1.90206,1.77106,1.45303,9.5581,0.618573,3.37736,0.416646,-0.101092,-0.13396,2.79546,-0.773534,29.3225,0.426318,-0.486617,21.1439,3.41322,1.69823,0.00127879],[0.706534,0.362256,0.674596,2.19981,1.62073,1.49876,0.0214865,0.0510753,0.0149865,0.362857,-0.529123,8.93294,0.170587,0.0175136,3.41322,3.2249,0.800708,0.0602515],[0.468478,0.556622,1.46301,-0.607295,0.339171,0.240174,0.523719,0.0648557,0.138498,0.427055,-0.0662015,12.9825,0.207099,0.144722,1.69823,0.800708,4.5258,0.117281],[-0.0100657,-0.122311,0.151774,-0.133837,0.350318,0.0850066,0.000703749,0.0170911,0.0166646,0.0464065,0.0296114,0.822102,0.0158698,0.0102321,0.00127879,0.0602515,0.117281,0.396056]],"n":18,"lags":3,"seasonalRows":0}