{"betahat":[[0.110095,0.41317,-0.20923,0.329941,-0.11788,1.03228,-0.59398,0.118425,-0.173002,0.164142,0.0536306,-2.09557,10.8335,0.0886002,-0.064675,2.39098,0.190102,1.33503,-0.110169,2.21719,-0.0794538,-0.0546983],[1.00577,0.00868421,0.0885785,0.045126,-0.151417,0.266505,0.395,-0.0253527,0.00245427,0.0429436,0.0491323,-0.100014,-0.253476,0.0542268,0.0635911,-0.285323,-0.0322089,-0.150491,-0.0218323,-0.246133,-0.0684572,0.0502252],[0.116926,1.06322,0.262643,0.0414831,0.272051,0.49687,-0.0109628,-0.0803369,0.0660108,0.0521123,0.0415749,-0.195414,2.11271,0.0441531,0.00646993,0.400925,0.0144035,-0.106631,-0.00663807,0.415572,0.000293415,0.0379495],[0.0152248,-0.0299284,0.992952,-0.00362173,0.118956,0.0500621,0.185406,-0.00683793,0.0198543,-0.00372563,0.000492193,0.00263418,-0.77958,-0.00443558,-0.0115819,0.0135764,-0.0123544,-0.0131843,-0.00587375,-0.0352485,0.0210146,-0.020994],[0.0146654,0.116769,-0.17445,0.897879,-0.130458,0.00975898,0.21145,-0.0208756,0.117234,0.0313424,0.0551315,-0.25229,3.19748,0.0757625,-0.00126004,0.460088,0.0059644,-0.215324,0.0010134,0.164524,0.0716146,0.0451034],[0.0172047,-0.0135777,0.0429845,0.0173636,0.953789,0.0490844,0.0763689,0.00721268,-0.00151953,0.00623218,0.000353935,0.0965046,-0.018861,0.00683938,0.0125397,-0.0086896,-0.00418672,0.0192315,0.000153228,0.00905103,-0.0397596,0.0050258],[0.00818135,-0.00096395,-0.0280001,0.00576211,0.0032208,0.889934,0.0605559,0.00693758,0.0310574,0.0227364,-0.0133578,-0.108017,0.884836,-0.0112277,-0.0116587,0.109843,0.00317134,0.00515622,0.0133918,0.0423371,0.0166722,0.0308024],[0.00595585,0.0427541,0.0266906,0.00121409,-0.0689211,0.0491084,0.779495,-0.0212399,0.0115395,0.0120212,-0.0121518,-0.0446232,0.508356,-0.0211157,-0.0103411,0.0949684,-0.00101975,-0.0420686,-0.000512809,0.0659306,-0.0305512,0.00988944],[-0.130782,-0.022107,0.170017,0.135441,-0.514243,-0.213353,0.867114,0.957914,-0.0475204,0.115095,0.0437188,-0.801796,2.07235,0.083682,-0.0234582,2.2623,-0.0224352,-0.220227,0.00710611,1.08678,-0.152019,0.146902],[-0.0546497,-0.0763537,-0.354028,-0.0181987,0.037465,-0.264002,-0.10879,-0.0586971,0.893698,0.0505908,-0.011217,0.297892,-3.41537,-0.104251,0.0158611,-2.95302,-0.0731678,-0.175629,0.00260354,-0.12401,-0.271948,-0.0226774],[-0.102176,-0.0186565,0.0822151,-0.0966992,0.226135,0.139284,-0.359529,0.021804,-0.0462867,1.17068,-0.028113,-0.483524,-1.75612,0.0494869,-0.00679441,1.3863,0.0316931,0.130781,0.0424222,0.218535,-0.219813,0.0941236],[-0.000599453,0.0671146,-0.360064,0.11244,0.0874688,0.360045,0.199881,-0.0028927,-0.21574,0.0817615,1.01382,0.0996693,-0.186514,0.00593993,-0.0419952,0.383625,-0.10221,-0.0821373,-0.0116477,0.0643917,-0.28234,-0.0453244],[0.0172887,-0.0105424,-0.112631,-0.00230516,0.072585,-0.0581103,0.0168069,-0.000783153,0.026299,0.00372952,0.00798209,1.08103,-0.433601,0.0032964,0.00638506,-0.192171,-0.00109092,-0.0100516,0.00192565,-0.0703752,0.0214709,-0.00465424],[0.00765022,-0.00151492,0.0190566,0.00278735,0.0171674,0.0204424,0.0138494,-0.001026,0.000298943,-0.000318641,-0.00046618,-0.00187117,1.03623,-0.00114797,0.000566505,-0.0413822,-0.000658734,0.00400246,-0.000929233,-0.00248846,0.00518946,-0.00143368],[0.176916,0.0377306,0.300328,-0.136318,0.681849,0.742433,0.648004,-0.0464804,-0.0544893,0.113815,0.0159217,-0.501476,-1.73171,1.04262,0.0175183,1.21542,0.067712,0.00587706,0.0237317,1.02052,-0.240145,0.22437],[-0.169515,-0.0540186,-1.31047,-0.0544474,-0.496922,-0.59665,-0.191197,0.0710306,-0.0283491,-0.0101974,-0.0242568,0.613051,-2.10222,-0.0187015,0.991581,-2.57074,0.0312212,0.0330402,0.0237614,-0.919841,-0.069571,0.0887948],[0.0131778,0.00561444,0.0201353,-0.0127776,0.0703915,0.0353103,0.038201,-0.00626934,0.0101302,-0.00300373,0.00732371,0.0348035,0.0836838,0.0111079,0.00670374,1.06714,0.00317501,-0.00746771,0.00367888,0.0110822,0.000607543,0.00119351],[-0.0249982,0.0794724,0.415878,0.0875599,0.21397,1.28129,0.389065,-0.120733,0.16992,0.0843823,0.0308626,-1.41269,6.17184,0.0504455,-0.0619372,2.87467,1.22703,-0.348747,0.0554932,1.41702,0.0333167,0.114164],[-0.00667299,-0.0769879,0.0294923,0.0173465,-0.0436917,-0.0183777,0.42852,0.00244531,-0.0502848,-0.00202424,-0.0152578,0.0852406,-0.488529,-0.0263401,0.00547545,-0.248509,-0.0161669,0.909122,-0.000430425,0.161496,-0.129114,-0.0154168],[0.403391,0.0792956,-0.304972,0.546347,1.93781,-0.168635,1.00034,0.122482,-0.123376,0.0969755,0.244945,-2.16964,6.64171,0.400355,-0.0331856,9.56772,-0.015782,0.325906,0.777672,0.412272,-0.037704,0.21555],[0.0557528,0.04571,0.161461,0.00295244,0.137209,0.0882797,-0.0282434,-0.0179212,-0.015643,0.00286455,0.00418272,-0.118805,0.565286,0.0080822,-0.0111359,0.26126,0.00323853,-0.00677752,-0.0129405,0.219704,0.119675,0.0149898],[0.027186,0.0898806,0.230811,0.0574023,-0.18934,0.0542042,0.213085,-0.0216422,0.186754,0.0415965,0.0367093,-0.107261,0.615235,0.0465394,0.030727,0.173018,-0.022639,-0.185782,0.00371206,-0.230919,0.618884,0.0540982],[-0.144839,-0.0892423,0.43216,-0.0209835,-0.425481,0.0576243,-0.565352,0.0701842,0.017571,0.0592858,-0.0491269,-0.0843611,0.552592,-0.144517,-0.0882671,-0.255017,0.0827077,0.252177,0.0522108,-0.284883,0.253858,1.08855],[-0.0381157,0.009392,-0.0665029,-0.0539329,0.0138878,-0.303871,-0.076989,0.0327295,0.00310911,-0.0214345,-0.0247391,0.0396919,0.591425,-0.0335956,-0.0441669,-0.0625886,0.00306685,0.0359069,0.0167268,0.0994889,0.0265899,-0.0206383],[-0.129792,-0.0948054,-0.0686936,0.00510453,-0.3315,-0.394561,0.0181591,0.0488402,-0.0308859,-0.0342655,-0.0342997,0.0837206,-0.981096,-0.0345194,0.0142136,-0.446738,-0.0432254,0.0236566,0.00207904,-0.443711,0.0157267,-0.0400378],[-0.0173069,0.0259639,0.018102,0.00643932,-0.133817,-0.0480582,-0.176118,0.00523652,-0.0263386,0.00376536,0.000132671,-0.147991,0.674533,0.00262531,0.00446509,0.0995409,0.00389272,0.0109584,0.0048932,0.0930489,-0.0108308,0.0192507],[-0.028495,-0.055983,-0.112535,0.082634,0.161927,-0.245826,-0.28437,0.00621791,-0.132237,-0.0754308,-0.0543036,0.791271,-4.35788,-0.0698914,0.0448666,-1.64843,0.0210047,0.148704,-0.00341279,-0.494426,-0.109198,-0.0345271],[-0.00590912,0.0110875,-0.0197569,-0.0143455,0.0212776,-0.0230283,-0.00523851,-0.00367695,-1.42269e-05,0.00197338,0.003283,-0.0497508,-0.237373,-0.00110339,0.0029173,-0.0792798,0.00109066,-0.0198273,-0.0017864,-0.0259933,0.016295,-0.00118305],[-0.00639856,0.00165215,0.00256987,-0.00776181,0.0138277,0.0612224,0.0121619,-0.00817311,-0.0218658,-0.0172351,0.0151004,0.151733,-0.649198,0.0192442,0.0260119,-0.179072,-0.00711813,-0.0129869,-0.00792791,-0.0299079,0.000908993,-0.0202395],[0.0125525,-0.0307824,-0.000789883,8.10657e-05,0.0658261,-0.0298479,-0.0127842,0.00354014,-0.00432507,-0.00920327,6.68476e-05,0.0414283,-0.127228,0.00616758,-0.00723292,0.153301,0.00596223,-0.00315673,-0.00208116,0.0179325,0.0286465,-0.00278961],[0.0945722,0.109821,-0.100726,-0.0182443,0.108262,0.148813,-1.23472,0.0301968,0.0046468,-0.102491,-0.0910434,0.567911,-3.19018,-0.12752,-0.0981985,-1.5056,0.0619529,0.190231,-0.0265389,-0.87891,-0.0126865,-0.121355],[-0.00318832,0.0597299,0.0381506,0.014017,-0.277631,-0.285874,-0.157985,0.0578166,-0.133365,-0.0821873,-0.00435259,0.266036,-1.35658,0.0684289,0.0113359,1.27475,0.0433248,0.0670855,-0.0348544,-0.156292,0.114935,-0.0102006],[0.0690436,-0.0968086,0.0423206,0.152292,-0.00586835,-0.24553,0.392596,0.00825277,0.0305273,-0.150371,0.0279156,0.21269,1.73589,-0.00907795,-0.00675416,-0.157485,0.0208609,-0.00343947,-0.0179795,-0.245416,0.140137,-0.0567235],[0.064329,0.0895086,0.121033,-0.0769641,0.206092,-0.155441,0.125008,-0.0222109,0.136752,-0.0564202,0.00551495,-0.272728,0.163613,0.0268079,0.0218408,0.451417,0.0621462,0.0490963,-0.021409,0.0183184,0.275146,0.0476119],[-0.0054418,0.00493631,0.0998017,0.00783388,-0.054424,0.0278989,-0.00706369,0.00473213,-0.0113508,0.000909775,-0.00251887,-0.0880619,0.239061,0.000930314,-0.0037237,0.132719,0.00122039,0.00853883,-0.0011724,0.0526176,-0.0206218,0.00530253],[-0.00609846,-0.00250558,-0.0133071,-0.0010886,-0.0234447,-0.0293678,-0.0124143,0.00205778,-0.00351526,-0.0011116,0.000257391,0.0205875,-0.0912507,0.000653893,0.000425345,0.00635899,0.000947601,-0.0011561,-7.25639e-05,-0.00768867,-0.00253627,0.000378502],[-0.0625165,-0.00788256,-0.269022,0.110237,-0.229404,-0.580221,-0.236773,0.0342265,-0.0137998,-0.0984877,-0.0602164,0.893986,-2.61261,-0.108874,-0.0247178,-1.71928,-0.0116151,-0.0388446,-0.0307715,-0.663988,0.0562531,-0.158753],[0.0493865,-0.00558738,0.937408,0.0776166,0.218498,0.274624,-0.0420373,-0.052664,0.0895412,0.033213,0.0232419,-0.475012,3.20992,0.0184723,0.0188567,1.84864,-0.00639692,-0.0240869,-0.0338656,0.652848,0.0329367,-0.00494927],[-0.0097059,-0.00326618,-0.0180497,0.0104939,-0.057516,-0.0320997,-0.0274503,0.0045016,-0.0136911,-0.00292823,-0.00755341,-0.00772545,-0.188122,-0.0135123,-0.00471308,-0.0978421,-0.000722333,0.00607466,-0.0031251,-0.0147341,0.000294486,-0.00499047],[0.155722,0.24209,-0.459323,-0.221699,0.27461,-0.811117,-0.34871,0.0303977,-0.111183,-0.0514428,-0.0190082,0.919715,-2.94315,-0.016695,0.0341839,-1.06122,-0.152446,0.106409,-0.054013,-1.12667,0.25865,-0.0846886],[0.0335622,0.115941,-0.0803789,0.00851343,0.0300249,-0.0180488,-0.367969,-0.00768805,0.048901,-0.000119876,0.0018355,0.0158943,0.299212,0.00874577,-0.0056956,0.107599,0.0209087,0.0551436,0.0020547,-0.154884,0.0989124,0.0107773],[-0.0932994,-0.276999,0.867637,-0.670954,-0.555816,0.0956032,-0.0940089,-0.120604,-0.150073,-0.0415924,-0.217873,2.35732,-7.7506,-0.352389,-0.0919679,-6.58206,0.0134715,-0.233494,0.202402,0.0319154,-0.033526,-0.262735],[-0.0107907,-0.00274255,-0.124363,0.0159539,0.0251268,-0.00681371,0.059904,-0.00622648,-0.000371593,-0.0156381,0.00278969,0.203446,-0.329773,0.000206696,0.0244394,-0.201988,0.00549526,0.000183275,0.00492366,0.168976,0.024945,-0.0041485],[0.0279016,0.102944,-0.158961,-0.0164833,0.00868546,-0.0544094,-0.295998,-0.0172144,0.0678243,0.0331033,0.00500767,0.0370935,1.12215,0.0227808,0.0246415,0.204172,-0.0116113,-0.0640551,0.00915593,0.209316,0.0829976,-0.0108014],[0.107161,0.0177338,-0.331789,0.0697738,0.374991,-0.0346752,0.513153,-0.0440472,0.0232001,-0.0105007,0.0318638,0.0342658,-1.18501,0.061364,0.0224484,0.101745,-0.0204851,-0.11714,-0.0510123,0.250229,-0.119997,-0.0543509],[0.0323354,-0.018091,-0.022079,0.00880864,0.137504,0.03733,-0.318025,-0.00737316,-0.00555978,-0.0215151,-0.024395,0.0603293,-0.337969,-0.0206329,-0.0194265,0.347979,0.0291439,0.114596,0.00510847,0.146621,0.0418826,-0.0295867],[0.0128573,0.0315598,-0.193955,-0.0465848,0.0594328,-0.102349,-0.00720315,0.0315012,-0.0351181,-0.0178546,-0.00727783,0.111721,-1.13168,-0.00963657,-0.0206861,0.0458694,0.0288241,0.082989,0.00456464,0.0281062,-0.0160033,0.00208754],[0.00207074,0.0039531,-0.0110861,-0.00281888,0.0148196,-0.0020581,-0.00931919,0.00160471,0.00648251,-4.71325e-05,-0.000627761,0.14539,0.104887,0.00180667,0.00711639,-0.113089,0.00846363,0.00223585,0.000982557,-0.0578387,-0.0101752,0.00174297],[0.0138239,-0.0608055,0.28699,0.0194855,-0.0314835,0.236038,0.0729144,0.0146622,0.0150104,0.0440806,-0.000829607,-0.53898,1.16043,-0.00587234,-0.0436107,1.18846,-0.0269663,0.0666331,0.002405,0.329877,0.0376094,-0.0105769],[-0.0113065,0.0024768,-0.0232419,-0.0030133,0.024873,-0.0261172,-0.071164,-0.0035314,0.00153085,-0.00821179,-0.00363979,-0.0467469,0.256163,-0.00573927,-0.0154587,0.0880016,0.0030972,0.000612325,0.00163319,0.0169103,0.0234715,-0.00384035],[-0.00179373,-0.000710992,0.025404,0.00200215,-0.0170843,0.0487647,-0.0727363,0.00124072,-0.00919052,-0.00551046,-0.00174694,-0.0436504,-0.235822,-0.00802122,-0.014354,0.0692347,0.00394803,0.00784426,-0.00545921,-0.0124793,-0.0175755,-0.0105621],[-0.00122004,0.00184708,-0.0175508,-0.00694057,0.0185659,-0.0456288,-0.0915668,-0.000849069,-0.00256736,-0.000962735,-0.000441641,0.0459421,-0.21756,0.00361849,0.00418228,0.0414542,0.00215569,-0.00255249,-0.00282008,-0.0196544,-0.00960981,0.00240802],[0.0646202,-0.053576,-0.0217483,-0.133835,0.469931,0.154518,0.443072,-0.00454976,0.0423765,-0.0114954,0.04972,0.162219,1.2269,0.0453812,0.112362,-0.514864,-0.0348008,-0.0145442,0.0176457,-0.125634,0.185057,-0.0370746],[0.0577663,0.0165068,0.315747,0.00416638,0.240001,0.549642,0.26671,0.000907451,0.23966,0.0315645,0.0155617,-0.563615,4.77015,0.0358256,-0.0272008,1.67856,0.0298551,0.108541,0.0322895,0.280086,0.157038,0.0329],[0.013815,0.079184,-0.128079,-0.0164382,-0.276798,0.0129257,-0.145931,0.00406821,0.00480654,-0.0609614,0.00153694,0.30276,0.150362,-0.027785,0.0279908,-1.02944,-0.0422967,-0.0397412,-0.0247901,-0.0457469,0.081398,-0.0534895],[-0.0444403,-0.126385,0.327893,-0.0509755,-0.193462,-0.0929528,-0.307224,0.0304181,0.0893742,-0.023661,-0.0378723,0.00233749,0.333128,-0.0419116,0.000334474,-0.700358,0.03,0.015636,0.0273701,-0.00455991,-0.0131886,0.00424764],[-0.0101672,0.00336897,0.0196048,-0.000568201,-0.0172276,0.0319755,4.79343e-05,-0.0028832,-0.0101668,-0.00317953,-0.003628,-0.0186963,0.228758,-0.00235359,-0.00464938,0.089599,0.000362726,0.00765238,-0.000578761,0.0306639,0.00717099,0.000953505],[-0.00246856,0.00308104,-0.00661169,-0.00194279,0.00415194,0.00575428,-0.00335017,-0.000580247,0.00278158,0.00106766,-0.000172045,-0.0141069,0.0208846,0.000162656,-0.0010326,0.0304319,-0.000331546,-0.00235439,0.00105935,0.00656148,-0.0030528,0.0011825],[-0.0899925,0.00981255,0.0180426,0.0156908,-0.355254,-0.0926475,-0.411687,0.00753732,0.0687053,-0.0108148,0.0239803,-0.454374,4.05024,0.0419432,-0.0101256,0.437809,-0.0635548,0.00346928,0.00548643,-0.288148,0.140416,-0.0456627],[0.122701,0.0835953,0.37769,-0.0222728,0.267495,0.3369,0.183904,-0.022094,-0.0521876,-0.0186986,-0.000631954,-0.207309,-0.984316,-0.00338393,-0.0279049,0.661976,-0.034953,-0.0446674,0.00892991,0.246892,0.000760546,-0.072598],[-0.00363765,-0.00278372,-0.00264821,0.0024025,-0.0127192,-0.00398582,-0.0104083,0.00185975,0.0037135,0.00572931,0.000172862,-0.024771,0.0986206,0.0022937,-0.00190136,0.0281907,-0.00239227,0.00175444,-0.000461752,0.00276399,-0.000507049,0.00371766],[-0.129872,-0.321866,0.0449348,0.135253,-0.485785,-0.468472,-0.0373437,0.0901678,-0.0573373,-0.0327509,-0.0113013,0.492845,-3.2075,-0.0335535,0.0278105,-1.80623,-0.0750414,0.242783,-0.00129725,-0.288451,-0.289119,-0.0296991],[-0.0243464,-0.0418001,0.0559349,-0.0239065,0.0208277,0.0443052,-0.0442207,0.00531001,0.00584318,0.000820379,0.0138522,-0.102527,0.248655,0.0173842,-0.00101703,0.168403,-0.00362169,0.0361225,-0.000296927,-0.0018218,0.043429,0.00304922],[-0.278186,0.216731,-0.525006,0.113086,-1.26866,0.126911,-0.8281,-0.011991,0.272709,-0.0492576,-0.0202086,-0.158237,1.3426,-0.0408138,0.128785,-2.92792,-0.00225453,-0.125872,0.013105,-0.355311,0.0649508,0.0377327],[-0.00934026,-0.0137026,-0.0418623,-0.00167667,-0.0306467,-0.0671908,0.0267419,0.00588616,-0.00865709,0.00178303,-0.00633575,0.0373246,-0.22774,-0.00379214,0.00579501,-0.150043,-0.00343011,-0.00998778,-0.00173198,0.0411436,-0.0516197,-0.0073295],[0.049257,-0.00339,0.0562994,-0.0105996,0.207184,0.16263,0.16294,-0.0138101,-0.0296631,0.000348355,-0.0023096,-0.0160245,-0.16769,0.00108051,0.00786734,0.0157742,-0.00696619,-0.0506395,-0.00481143,0.194944,0.0725945,0.010557],[0.0224798,0.0591503,-0.0700789,-0.011841,-0.113269,-0.135482,-0.0769461,-0.0152117,-0.0539062,-0.0799872,0.0127389,0.137042,0.252537,0.0579878,0.0868775,0.0186543,-0.0680667,-0.0910851,0.00204885,-0.0717658,-0.129949,-0.101981]],"sigmahat":[[0.160578,0.108383,0.0436363,-0.0518887,0.43151,0.17119,0.257141,-0.0409869,0.0263091,0.0238917,0.0062209,0.0595761,0.884595,0.0145161,-0.00435781,0.314007,-0.00992072,-0.14053,0.00136744,0.173069,-0.0287474,0.0255757],[0.108383,0.329602,-0.105063,-0.124139,0.150109,0.235038,-0.0522644,-0.0810341,-0.0116949,0.0522413,0.0215604,-0.183153,1.09154,0.029214,-0.0128575,0.551581,-0.0274772,-0.350666,-0.000965062,0.21614,-0.174779,0.0557638],[0.0436363,-0.105063,1.15074,0.0691198,0.0546743,0.470956,0.0338562,0.043289,0.11003,-0.0237363,0.0088843,-1.02674,3.64678,-0.00411469,-0.0459522,1.63035,0.0324887,0.285201,0.000457558,0.305582,0.252044,-0.0289413],[-0.0518887,-0.124139,0.0691198,0.282805,-0.251332,-0.0678724,-0.128541,0.0505547,0.0574359,-0.0289994,0.00457177,-0.135732,0.538507,0.00258715,0.00933923,0.0276378,0.0297421,0.267654,-0.00260681,-0.136868,0.213307,-0.0243396],[0.43151,0.150109,0.0546743,-0.251332,2.62629,0.909367,1.32221,-0.111205,0.120101,0.0693466,0.001351,1.16542,0.598223,0.0600381,0.0390696,-0.0121899,-0.027278,-0.319043,0.0159475,0.566918,-0.0567124,0.0673076],[0.17119,0.235038,0.470956,-0.0678724,0.909367,1.88224,0.272256,-0.0987613,0.224234,0.10969,0.0746449,-1.14887,5.53889,0.0727137,-0.0184286,1.38066,-0.00426452,-0.153144,0.0158605,0.743169,0.19654,0.0509113],[0.257141,-0.0522644,0.0338562,-0.128541,1.32221,0.272256,2.13127,-0.028474,0.0886149,0.0315943,0.0145586,0.792972,0.178997,0.0379858,0.0612692,-0.379483,-0.0307952,-0.128555,0.0191623,0.496122,0.0644009,0.0205956],[-0.0409869,-0.0810341,0.043289,0.0505547,-0.111205,-0.0987613,-0.028474,0.0538863,0.00607969,-0.0298778,-0.00984845,-0.0132634,-0.257768,-0.00803525,-0.0032505,0.0535615,0.0155725,0.173785,0.000813356,-0.07361,0.0802057,-0.0190583],[0.0263091,-0.0116949,0.11003,0.0574359,0.120101,0.224234,0.0886149,0.00607969,0.194335,0.0193351,0.0313149,-0.250169,2.9278,0.0332423,0.00356107,0.331871,0.00657597,0.0706714,0.0190312,0.119521,0.180298,0.0088806],[0.0238917,0.0522413,-0.0237363,-0.0289994,0.0693466,0.10969,0.0315943,-0.0298778,0.0193351,0.0571563,0.0188403,-0.122901,0.655285,0.0204735,0.00267945,0.154121,-0.0136108,-0.10428,0.00292546,0.128991,-0.0506646,0.040596],[0.0062209,0.0215604,0.0088843,0.00457177,0.001351,0.0746449,0.0145586,-0.00984845,0.0313149,0.0188403,0.0453951,-0.13457,1.07017,0.048585,0.0277051,0.191034,-0.00262875,-0.024529,0.00145788,0.0366774,0.0556,0.0148756],[0.0595761,-0.183153,-1.02674,-0.135732,1.16542,-1.14887,0.792972,-0.0132634,-0.250169,-0.122901,-0.13457,6.52678,-15.6796,-0.066895,0.243888,-6.31505,-0.0460959,-0.320925,-0.00587056,-0.927915,-0.703215,-0.0912298],[0.884595,1.09154,3.64678,0.538507,0.598223,5.53889,0.178997,-0.257768,2.9278,0.655285,1.07017,-15.6796,117.019,1.18055,-0.202049,21.0987,-0.0196,-0.121955,0.305133,4.0922,3.8626,0.689112],[0.0145161,0.029214,-0.00411469,0.00258715,0.0600381,0.0727137,0.0379858,-0.00803525,0.0332423,0.0204735,0.048585,-0.066895,1.18055,0.0718102,0.0382061,0.327316,-0.00424681,-0.0293799,0.00143227,0.0509664,0.0428548,0.0269244],[-0.00435781,-0.0128575,-0.0459522,0.00933923,0.0390696,-0.0184286,0.0612692,-0.0032505,0.00356107,0.00267945,0.0277051,0.243888,-0.202049,0.0382061,0.0689587,-0.428279,-0.00388191,-0.0159709,0.00121266,-0.0613899,0.00958052,-0.0031672],[0.314007,0.551581,1.63035,0.0276378,-0.0121899,1.38066,-0.379483,0.0535615,0.331871,0.154121,0.191034,-6.31505,21.0987,0.327316,-0.428279,18.4672,0.0793499,0.446988,-0.0102252,2.88983,1.09773,0.264135],[-0.00992072,-0.0274772,0.0324887,0.0297421,-0.027278,-0.00426452,-0.0307952,0.0155725,0.00657597,-0.0136108,-0.00262875,-0.0460959,-0.0196,-0.00424681,-0.00388191,0.0793499,0.0311414,0.0842329,0.000252487,-0.00468424,0.0515158,-0.00667925],[-0.14053,-0.350666,0.285201,0.267654,-0.319043,-0.153144,-0.128555,0.173785,0.0706714,-0.10428,-0.024529,-0.320925,-0.121955,-0.0293799,-0.0159709,0.446988,0.0842329,0.824893,0.000795654,-0.239426,0.480039,-0.0784266],[0.00136744,-0.000965062,0.000457558,-0.00260681,0.0159475,0.0158605,0.0191623,0.000813356,0.0190312,0.00292546,0.00145788,-0.00587056,0.305133,0.00143227,0.00121266,-0.0102252,0.000252487,0.000795654,0.0102992,0.0236256,0.00731746,0.00205435],[0.173069,0.21614,0.305582,-0.136868,0.566918,0.743169,0.496122,-0.07361,0.119521,0.128991,0.0366774,-0.927915,4.0922,0.0509664,-0.0613899,2.88983,-0.00468424,-0.239426,0.0236256,2.51885,-0.138504,0.104404],[-0.0287474,-0.174779,0.252044,0.213307,-0.0567124,0.19654,0.0644009,0.0802057,0.180298,-0.0506646,0.0556,-0.703215,3.8626,0.0428548,0.00958052,1.09773,0.0515158,0.480039,0.00731746,-0.138504,0.832086,-0.0478464],[0.0255757,0.0557638,-0.0289413,-0.0243396,0.0673076,0.0509113,0.0205956,-0.0190583,0.0088806,0.040596,0.0148756,-0.0912298,0.689112,0.0269244,-0.0031672,0.264135,-0.00667925,-0.0784266,0.00205435,0.104404,-0.0478464,0.0719287]],"n":22,"lags":3}