{"betahat":[[-0.351425,-0.0592955,-5.48526,1.14814,1.21269,1.42608,1.44693,1.06878,-2.79718,1.18986,1.02231,0.8282,34.7528,-6.52286,16.5409,1.33301,2.15397,-4.71848,38.7737,24.0638,0.665466,-3.2802,1.86834,2.08953,6.23827,-5.60144,-0.828271],[0.925448,-0.0497001,-0.092711,0.117625,-0.471242,0.0905443,0.0546823,0.0108512,0.00332104,0.0352865,0.00920878,0.0470797,0.391437,-0.0672277,0.688496,0.0505744,0.0463961,0.129069,0.0415888,-0.046496,-0.0186097,-0.712486,-0.0707489,0.0523428,0.125664,-0.102017,0.0504626],[0.072435,0.926474,0.30395,0.110607,0.174906,0.43887,0.102211,-0.0364937,0.0815048,0.052518,0.0550757,0.0813384,0.0477697,-0.286068,3.57868,0.0937458,0.0289925,0.749707,0.109863,-0.153324,-0.000422874,0.220795,-0.131456,0.0364332,0.534927,0.133261,0.0480144],[0.0134746,-0.0369903,0.961827,0.00535259,0.102909,0.0412061,0.0657762,-0.0143614,0.0269376,-0.00287803,-0.0122927,0.00144767,-0.0646492,-0.0363846,-0.0550381,-0.00611519,-0.0184405,0.145649,-0.0353541,-0.0102209,0.000680507,0.0279261,-0.014408,-0.00971437,-0.00404026,0.0157607,-0.0103058],[-0.008071,0.0249596,-0.109104,0.860695,-0.0659353,0.0221194,0.218123,0.00499395,0.12153,0.0187319,0.019253,0.0358744,0.279771,-0.341906,3.27243,0.0550564,-0.0185466,0.884165,0.104442,-0.0922793,-0.00278179,0.492852,-0.0559985,0.0157849,0.100914,0.136219,0.0178117],[0.0269736,0.0218109,0.0463078,0.0104404,0.921321,0.0810447,0.025536,-0.00429879,-0.00083861,0.0084115,0.0107068,0.000832078,0.0424799,0.0535345,0.0380677,0.00436604,0.00961201,-0.0187531,0.00419867,-0.0151867,-0.000969149,0.0421034,-0.0329408,0.00848405,0.0815522,-0.0385408,0.000470553],[0.0296093,0.0275759,-0.00328256,0.000886889,0.0284895,0.921991,0.0481899,-0.0043572,0.0368115,0.0263027,0.0338301,-0.00545871,-0.0799736,-0.181574,1.09184,-0.000955651,-0.00966585,0.215172,0.031619,0.000170058,0.00542542,0.181927,-0.0106816,0.0112927,0.0305898,0.0270608,0.0315409],[-0.014677,-0.0183235,0.0449462,-0.0156748,-0.00534017,-0.0383928,0.955609,-0.00636738,0.00105901,0.00834528,0.0224575,-0.00625439,-0.0708938,0.0601417,0.243844,-0.00902696,0.016073,-0.325614,-0.0227281,0.00910033,0.00562487,-0.212003,-0.0351482,0.0256091,-0.12122,-0.0294595,0.0136027],[-0.0840905,0.0395304,0.411063,0.0707607,-0.298727,0.169631,-0.033969,0.870566,-0.0656428,-0.00871197,-0.0527903,-0.0163193,0.362218,-1.07241,-0.703491,-0.00377552,-0.0499321,2.44206,-0.15223,0.644645,-0.0303516,-1.5173,-0.895087,-0.0810409,0.697241,-0.22113,-0.055467],[0.124466,0.0355004,-0.219138,0.0302222,0.435171,-0.185808,-0.0130941,-0.0885081,0.91661,0.0532461,0.054892,0.0328258,-0.928079,0.04112,-0.555245,-0.00865768,0.0531882,-1.54493,0.019593,-0.144254,0.0177908,-0.71297,-0.449587,0.0818942,0.43258,-0.131811,-0.00299758],[0.166133,0.260005,0.119718,-0.353253,1.12417,1.3076,0.46928,-0.0483356,-0.0438023,1.24454,0.304563,0.112851,-0.858244,-1.39375,0.584088,0.210973,-0.124092,4.05746,-0.0344761,-0.150773,0.0437059,0.249817,-0.483191,0.122267,0.462327,0.0111112,0.352708],[-0.165481,-0.399546,0.0714273,0.225041,0.0645848,-0.730018,-0.304915,0.0874618,-0.0213807,-0.13868,0.832418,-0.133703,0.391115,1.62328,-7.64525,-0.117231,0.115138,-1.35606,-0.00350229,-0.125917,-0.000168369,-1.39638,0.269433,0.00726425,0.124306,-0.232968,-0.160575],[-0.00208974,-0.0139553,-0.144425,0.0580404,0.53906,1.03269,0.449554,0.0829289,-0.130227,0.0482524,0.0667534,0.938676,-0.952396,0.180514,0.293046,-0.00978122,0.00847967,0.22983,-0.411721,0.373926,0.0270141,-1.66482,0.992818,0.0401829,-0.352373,-0.053297,-0.20904],[-0.00294152,0.0725962,-0.0371701,0.00574321,-0.0125069,0.167877,-0.00399483,-0.0049796,0.0385569,0.0103461,0.00751315,0.0121378,1.03899,-0.158193,0.8422,0.00260759,-0.00353021,-0.077682,-0.00708928,-0.0709841,0.000290747,0.0278555,-0.066626,0.00534534,0.032295,0.0287873,0.00603653],[0.00483918,-0.0100808,-0.105018,0.00478209,-0.00145621,-0.0821375,-0.0161773,0.00634301,0.0234247,0.00568661,-0.00145261,0.00658593,-0.0548845,1.02111,-0.727182,0.00387136,0.00401301,-0.156845,0.0191631,-0.009785,-0.0033991,-0.035994,0.0372525,-0.001543,-0.0151335,0.0250575,-0.00190368],[0.00428381,0.00109318,0.00892842,0.00236582,-0.00566126,-0.00049263,0.00457903,0.000155587,-0.00228124,-0.000689381,4.91977e-05,-0.00123505,-0.0010257,0.00250822,0.785792,-0.00175484,-0.000701931,-0.0388653,-0.00939521,-0.00568929,-0.0024841,-0.0284785,-0.00684006,-0.00142042,0.00179583,0.00103437,-0.000584948],[0.214715,0.0251722,0.303805,-0.166086,1.17123,0.739083,0.651501,-0.0573837,-0.108399,0.100549,0.0786059,-0.026876,0.458084,-0.303178,-3.07758,0.956652,0.00676214,0.973219,0.486545,-0.062176,0.00067063,-0.100349,-0.397556,0.0256855,1.30978,-0.396731,0.306269],[-0.205162,-0.0725652,-1.307,0.0361694,-0.840614,-0.589337,-0.429138,0.0724596,0.0551261,0.0782981,0.050593,0.0568405,-1.29085,0.141074,-1.9974,0.00323425,0.893781,-2.23339,0.192827,0.104093,0.0146651,-1.8285,-0.49063,0.105176,-0.57632,-0.156218,0.11373],[0.00685059,-0.00502865,0.0209419,-0.00454877,0.0614854,0.011549,0.0326833,-0.000518405,0.0126864,-0.0039676,-0.00340539,0.00659689,-0.000636932,0.0449581,0.0114491,0.011101,0.00601085,0.969667,0.00797891,-0.010524,0.000474841,0.0550421,0.0132769,-0.000147413,-0.0121785,0.0184543,0.00366669],[-0.124224,-0.0642828,0.0617359,0.137723,-0.597354,0.0575731,-0.35385,-0.0384915,0.0100322,0.0145924,0.0267149,-0.020143,0.164642,-0.488418,1.24211,-0.0343951,-0.00136207,-0.197393,0.128069,0.0317501,0.0211777,-1.07396,-0.0475655,0.0110961,0.042137,0.00551235,0.0312697],[-0.0346799,0.00141802,-0.118188,-0.0105924,-0.243318,0.107272,-0.0920321,0.0112758,0.0158674,0.01135,0.0218933,0.00713409,-0.189273,0.0303743,-0.736409,0.00608835,0.0280584,-0.286834,0.000692075,0.206888,-0.0131961,0.785419,-0.0720084,0.0182721,-0.0595364,-0.118661,-0.0178446],[0.45766,0.676002,-0.612962,-0.119752,2.19234,0.572394,0.867304,-0.20273,-0.325349,0.112461,0.0854638,0.0382556,-1.84174,-0.551995,-2.25601,0.135263,-0.0947589,7.98995,0.181972,-0.598673,0.688969,4.09246,1.27979,-0.0297923,-0.833751,-0.249046,0.13816],[-0.0462253,-0.0487966,-0.016539,0.00905614,-0.0572699,0.0333795,-0.0340643,0.0102272,-0.0133448,0.00155736,0.000595893,-0.010948,0.00606396,0.0240058,-0.672894,-0.0213773,-0.00465327,-0.233895,-0.0126385,0.0276466,-0.00948434,0.689399,0.0365101,0.00419288,-0.225939,-0.0194624,-0.00506678],[0.000471739,0.00172704,-0.102886,-0.0277114,0.158365,0.0596823,0.0304438,-0.0119641,0.0437224,-0.00482922,-0.0111991,-0.0103581,0.0733119,0.105398,-0.232073,-0.0243663,-0.00980031,-0.0902451,0.0218528,-0.0318172,-0.000110841,0.140411,0.845081,-0.00857385,0.143913,-0.0853952,-0.0135235],[-0.412087,-0.0922135,-0.897633,0.123821,-1.27849,-1.00907,-0.980481,0.102316,-0.0136998,-0.106974,-0.0942506,-0.0942514,-0.838892,0.583516,0.463863,-0.11457,0.0268107,-2.84162,0.240876,0.404297,0.0254829,-0.491238,0.517558,0.913827,-0.636126,-0.147958,-0.0690191],[-0.0310106,0.0116087,-0.00873416,8.91898e-05,-0.0682036,-0.0447285,-0.0794334,-0.00905737,-0.0331109,0.00782331,0.00883242,-0.00232741,0.0930072,0.0775914,-0.134592,-0.00486397,-0.000409313,-0.0567007,0.0089231,0.0371661,-0.00461263,0.00950298,0.100486,0.00819024,0.157949,-0.0420063,0.00514424],[-0.0348446,0.0357736,0.226382,0.0629469,-0.38618,-0.0712265,-0.165373,-0.0153112,0.18385,0.0225834,0.0164858,0.0315667,0.272127,-0.126954,0.741003,0.0257359,0.0277195,-0.23925,-0.000489406,0.0614388,-0.00509423,0.135834,0.268022,0.0230338,-0.277092,0.512624,0.0331051],[0.00234516,0.0233488,0.855335,-0.015433,-0.782237,0.304262,-0.364725,-0.0421801,0.0347018,0.0848455,0.130943,0.0185417,0.805396,-0.59752,3.9572,-0.145404,-0.0548097,0.0257714,0.221232,0.0146552,0.043442,-1.02411,0.490873,0.078991,0.551514,0.416615,0.831445],[0.0302769,0.0787216,0.00910359,-0.0606245,0.145517,-0.204985,-0.0803958,0.0106059,0.0199355,-0.0195491,-0.00328316,-0.0381466,-0.270476,0.0336699,-0.879553,-0.0463328,-0.0425363,-0.24768,-0.0185955,0.0658172,-9.82973e-05,0.734851,0.195812,-0.0380479,-0.0311652,0.057706,-0.0311099],[-0.0849469,0.0230617,-0.106212,-0.00573757,-0.293875,-0.321859,-0.115722,0.0242652,-0.0157218,-0.044122,-0.0533786,-0.0594627,0.326576,0.102067,-2.39439,-0.0642713,0.00414357,-0.717222,-0.0898981,0.12358,-0.0099042,-0.244539,0.0204693,-0.0295884,-0.612908,-0.0264491,-0.04924],[-0.0303704,0.0225122,0.020258,0.00746886,-0.174158,-0.0693805,-0.121114,0.0161535,-0.0218225,0.00128658,0.0071463,-0.00177485,-0.0731049,-0.119476,0.235362,-0.00129421,0.00507741,-0.00381682,0.00456882,0.0242475,-0.00163487,-0.0612575,0.0259504,0.00198241,0.07134,-0.0189521,0.00771929],[-0.000224033,0.0491156,-0.112926,0.0801909,0.0963032,-0.176556,-0.136178,-0.0166999,-0.143014,-0.0650141,-0.0601643,-0.0414679,-0.235305,0.758938,-4.5077,-0.05544,0.0579992,-1.75288,-0.0316886,0.122655,0.0023587,-0.600279,0.116427,-0.0215253,-0.447836,-0.177112,-0.0350284],[-0.00821847,-0.012534,-0.0165295,-0.00780376,0.0413301,-0.0443126,0.00829394,0.0042606,0.00286339,0.00323499,0.000198908,0.0014142,-0.0282748,-0.0508315,-0.107022,-0.0024172,-0.000485325,-0.00565017,-0.00280951,0.0097372,-0.000364732,0.110007,0.0454562,0.00256528,-0.0355391,0.0247524,0.00331325],[-0.0175956,-0.0178822,-0.00412136,-0.00473476,-0.00715057,0.0447732,-0.0178962,0.000142939,-0.0260167,-0.0169097,-0.021469,0.0125622,-0.0302115,0.146174,-0.480844,0.0126196,0.0193963,-0.181647,-0.0322509,-0.0115871,-0.000309598,-0.115068,-0.00808534,-0.00427896,-0.0289967,-0.00914552,-0.0206051],[0.0228668,0.00601961,-0.00423914,0.0192881,0.0285569,-0.0114936,0.0324794,0.00602337,0.00289756,-0.0103902,-0.0180664,0.00467047,0.0273283,0.053766,-0.0813719,0.00471027,-0.00400264,0.0357904,0.0221567,-0.00729034,-0.000385359,0.362723,0.0419264,-0.0169814,0.0610493,0.0240084,-0.0164016],[0.128716,0.213827,0.06894,-0.04767,0.0579884,0.225895,-0.0413917,0.00636806,-0.0483087,-0.038616,-0.00107701,-0.0854325,0.0712678,0.348236,-0.968214,-0.11675,-0.174311,-0.00538801,0.0876164,0.0128663,-0.00303044,-0.133466,0.716954,-0.0408807,-0.407703,0.00616531,-0.0493011],[-0.100322,0.00485573,-0.0589328,-0.0573525,-0.464672,-0.224729,-0.0824456,0.0643253,-0.126868,-0.0651142,-0.0633754,-0.0384984,0.45327,0.282015,-1.99806,-0.0145861,-0.0368431,0.476451,0.00512601,0.127358,-0.00721885,0.26955,0.153953,-0.0530773,-0.513787,0.0157391,-0.0184369],[0.0836592,0.00197178,0.0786851,0.095175,0.0589698,-0.251641,0.19466,-0.0103272,-0.0381559,-0.0678048,-0.0783602,-0.000921884,0.921142,-0.124708,2.28755,-0.0173315,-0.0268529,0.559441,0.0589206,-0.0224171,0.00183552,0.384009,0.0839363,-0.0660655,-0.126801,0.0504174,0.00955672],[0.0244902,-0.0244162,-0.00239596,0.0931805,-0.375611,-0.327859,-0.098746,0.0112974,-0.0094605,-0.0925287,-0.0985337,0.0217218,0.561988,-0.522183,1.92798,0.00796758,-0.0577815,0.424883,-0.0160022,0.0738135,-0.00574894,-0.384353,-0.0729648,-0.0846758,0.028316,0.142595,0.0109778],[0.114846,0.160922,0.259343,-0.00767117,0.125045,-0.111883,0.10821,-0.0363059,0.124754,-0.052791,-0.0186912,-0.00191285,-0.000262378,-0.43893,1.34009,0.00289146,0.0298598,0.00816586,-0.145489,-0.0567343,0.00130487,0.378189,-0.466628,-0.029341,-0.11515,0.42761,-0.00013713],[-0.00855714,-0.063951,0.0153889,0.000367764,-0.006621,-0.116451,-0.00407835,0.00468123,-0.0439632,-0.0055995,-0.00297337,-0.014738,-0.0846361,0.132875,-0.982449,-0.00850706,0.00208432,0.0203258,-0.00912663,0.0539552,0.000957632,-0.156445,0.0425067,-0.00452566,0.00136095,-0.0344866,-0.00392812],[-0.00200405,0.0100383,0.0857086,-0.000219394,-0.0421856,0.0119976,-0.000429157,0.000848267,-0.0143052,0.000237704,0.00505544,-0.00317874,0.0954327,-0.0675251,-0.00519375,-0.000193625,-0.00615486,0.158153,0.0034056,-0.004404,6.48028e-05,0.0338181,-0.0366015,-0.000498238,0.0231047,-0.0294909,0.00494092],[-0.00379455,-0.00189249,-0.00502926,-0.000767177,-0.0181096,-0.0222889,-0.0117545,0.00184699,-0.00250475,-0.000923456,-0.00100622,-5.3905e-05,-0.0089288,0.0164646,-0.0788368,-3.88007e-05,2.79687e-05,0.0088126,0.00255216,0.00249127,-0.000151822,-0.00548319,0.015753,-0.000218411,0.00198966,0.00048459,-0.000671994],[0.037437,0.077939,-0.156034,0.133199,-0.0871493,-0.468178,-0.145276,0.0230733,-0.0481492,-0.0733891,-0.0715535,-0.0798205,0.0521285,0.486317,-2.99291,-0.101865,-0.0798449,-0.706978,-0.0880891,-0.0769554,0.000747769,0.193112,0.126329,-0.0422584,-0.435179,0.0213798,-0.0250262],[-0.0800805,-0.00295378,0.55107,0.0615747,-0.072255,-0.0260396,-0.172653,-0.0560418,0.0585093,0.0183304,0.0425284,0.0109445,0.842007,-0.175845,2.29214,-0.0185427,0.0129865,0.533258,-0.0277523,-0.0746603,-0.0326653,1.05461,0.209089,-0.0208376,0.117238,-0.106873,0.00465125],[-0.00232953,0.00190952,-0.0173074,0.0102744,-0.040482,-0.0171958,-0.0249134,0.000913891,-0.0103231,-0.00223434,-0.00266261,-0.00510156,-0.00728689,-0.00246598,-0.056214,-0.0104323,-0.00285964,-0.0306683,-0.00475457,0.0087149,-0.000223675,-0.053389,0.00845867,-0.00154576,0.0274721,-0.004725,-0.00503808],[0.0774261,0.101522,0.0694032,-0.191692,0.490793,-0.0476368,0.132457,0.0283671,-0.0155859,-0.0297079,-0.0405078,-0.0274259,-0.128312,0.190666,0.0181842,-0.012565,-0.0506882,0.60869,0.0689857,-0.130218,0.00153339,0.537223,-0.0519588,-0.0538241,0.0657679,-0.0127308,-0.0370353],[0.106427,0.0672162,0.0750746,0.0300692,0.118466,-0.111692,0.184149,-0.00941619,0.00409465,-0.00440292,-0.00402453,-0.0325319,0.0967499,-0.233568,1.43395,-0.0443813,-0.0539362,0.484157,0.0150088,0.0328002,0.0153107,-0.077284,0.0703081,-0.0183297,0.0430388,0.0585743,0.0273321],[0.0558017,-0.371591,1.67263,0.39501,-1.16387,-0.091005,-0.26084,0.229323,0.573968,0.139107,0.181161,0.118142,0.499682,-0.413071,6.67845,0.0745675,0.0756229,-3.18532,0.486076,0.290567,0.111767,-1.43051,-0.399342,0.122284,2.18702,0.797936,0.00199217],[-0.00921595,-0.017867,0.00802663,0.00745187,-0.00914048,-0.0605364,-0.0303514,0.00829391,-0.0231093,-0.0108329,-0.00937076,0.00106037,0.0296882,0.0614226,-0.375124,0.00422313,0.00654077,-0.0701544,0.0115458,0.0396254,-0.00211152,-0.110672,-0.0196374,-0.00361731,-0.0508861,-0.00153511,-0.00466394],[0.0209986,0.00768302,0.0820995,0.0212999,-0.109415,-0.0982292,0.0296776,0.00773284,-0.0329402,0.00091133,0.012792,0.00213318,-0.0926006,-0.0528182,0.40381,0.00520338,-0.0106655,0.0396161,-0.0165461,-0.00060724,0.00245054,-0.00652065,0.203408,0.00637289,-0.19131,0.0835983,0.0109977],[0.223648,0.00602304,0.63548,0.0946961,0.781602,0.55522,0.618756,-0.0574132,0.26455,0.0430465,0.0269944,0.105449,0.301428,-0.0632299,6.02204,0.145383,-0.0118328,1.46557,0.0437068,0.108516,0.0188812,0.841831,-0.0465467,-0.051185,0.230099,0.165095,0.0514128],[-0.0100699,0.0458843,-0.146463,-0.0136718,0.0155833,0.0160028,0.0226583,-0.015579,-0.00813936,-0.0172615,-0.0231906,-0.00821738,0.0447562,0.281322,-1.26699,-0.00708713,0.018256,-0.494867,0.00762261,-0.0385573,-0.00126901,0.241619,-0.0611538,-0.00181028,-0.196961,-0.00320445,-0.0121987],[-0.0123361,0.121293,-0.213953,-0.0221903,-0.160208,-0.100393,-0.0958856,-0.0208979,0.049873,0.0472134,0.0369209,0.00421359,-0.0485097,-0.00235233,0.82157,0.0217971,0.0199644,0.0361994,0.0269704,0.0269763,-0.00385564,0.320316,-0.177789,0.0298299,0.0369165,0.0637875,0.00233969],[0.0144252,-0.0290481,-0.427425,0.0738307,0.201684,-0.135289,0.307349,0.00264487,0.0269866,0.0444042,0.00464546,0.0121,-0.476521,-0.113062,-1.90939,0.0419257,0.0197608,-0.186524,0.0940382,0.181497,-0.0371208,0.465851,-0.393921,0.026111,-0.0436938,-0.118641,-0.0412965],[0.0441516,-0.0291744,0.0835732,-0.0570933,0.325724,0.114372,0.0255831,-0.0213996,-0.0233934,-0.0157274,-0.00592625,-0.00892655,-0.121519,0.0335512,0.19154,-0.00418542,-0.0038281,0.119774,-0.023178,-0.0190865,0.0187114,-0.0230271,-0.125501,-0.014276,-0.0946625,0.0442166,-0.0193195],[0.0124567,0.0502453,-0.197423,-0.104915,0.119038,-0.116931,0.0134402,0.0122461,-0.065795,-0.0084247,-0.00170836,-0.0219118,-0.375406,0.183789,-1.18242,-0.0294928,-0.0331605,-0.0325427,-0.0201514,0.0301267,0.0103025,0.0231906,0.110857,-0.00687017,0.077751,-0.107019,0.00121868],[0.0166748,0.0145164,0.0170734,-0.0127999,0.0699343,0.0273756,0.0547793,-0.00172535,-0.00505431,0.00159046,0.00513693,0.000411736,0.137933,0.154854,-0.176585,0.00748313,0.0132976,-0.140601,0.0302897,-0.0143642,0.000922896,0.0316837,-0.0114278,0.00771559,-0.0670845,0.00331599,0.00259411],[0.00821931,-0.0741985,0.222076,0.0587969,-0.0302708,0.15466,-0.0818788,0.0116889,0.0215085,0.0463087,0.0409135,0.00562822,-0.0447944,-0.417607,1.23646,0.000416382,-0.0393954,0.868626,-0.0729945,-0.0298115,0.000408988,0.107159,-0.0609503,0.00575734,0.346408,0.0408878,0.0172455],[-0.0189926,-0.00935104,-0.0297237,-0.00261966,0.0356542,-0.0374045,-0.0347194,0.000105418,-0.00215878,-0.0117385,-0.010966,-0.00234041,-0.01366,-0.00387804,0.0728609,-0.00204198,-0.00927679,0.0258818,-0.00156901,0.00530109,0.00132442,-0.153543,-0.0125414,-0.0111489,-0.045651,0.0137033,-0.00368271],[-0.0121827,-0.00997714,0.00717659,0.00376274,-0.0220547,0.0320242,-0.0304201,0.00429295,-0.0108391,-0.00947162,-0.0124169,-0.00724708,0.109768,0.0352926,-0.609029,-0.0117684,-0.00989952,-0.0328388,0.000476846,0.0114691,-0.00512953,-0.0677529,0.0191048,-0.00711288,-0.00172712,-0.0184049,-0.0108728],[-0.00971535,0.0117677,-0.0394745,-0.00296039,-0.0308493,0.0453208,0.0045229,0.000518428,-0.00432281,0.00162692,-0.00449416,0.000802262,0.0439713,-0.115486,-0.141388,0.00342405,-0.0131226,0.29454,-0.000432827,-0.00358576,-0.00535127,-0.155677,-0.00233229,-0.00922163,0.0589096,0.00586232,0.00339986],[0.0197922,-0.191781,-0.172994,-0.0695939,0.332751,-0.0734928,0.197838,0.0388987,0.0436918,-0.0316745,-0.0302973,0.0709302,-0.0384697,0.549771,-2.03442,0.0665146,0.143828,-0.707298,0.168138,0.0840075,0.0147521,-0.927492,0.0527658,0.0270909,0.286915,0.319305,-0.0440306],[-0.024891,-0.0414696,0.277792,0.0258738,0.0308807,0.411185,0.0955766,0.0245417,0.209825,0.0122739,0.00862201,0.00602673,0.468696,-0.32716,2.57446,0.0238766,-0.0162869,1.07873,-0.0269208,0.0197015,-0.0105953,0.438466,0.289354,-0.0288199,0.0816215,0.116136,0.0220191],[-0.0225476,0.0436739,-0.12272,-0.0573926,-0.232391,-0.0636107,-0.0466562,0.0037825,-0.0403923,-0.0366418,-0.0405574,-0.0097216,-0.189106,0.132778,0.586329,-0.012518,0.0259859,-0.218761,-0.0867408,-0.119345,-0.0104739,0.235794,0.102005,-0.015419,-0.147525,-0.0636275,-0.0281042],[-0.0419045,0.064561,-0.21604,-0.0179229,-0.330527,-0.00476594,-0.214154,-0.00353649,-0.0624369,-0.0382608,-0.0359124,0.0231661,-0.136267,0.0632911,0.0665676,0.0146691,0.045224,-0.583802,-0.0693992,-0.023477,-0.0178116,0.0131871,0.0587668,-0.00640908,-0.109292,0.0264218,-0.034133],[-0.0334173,-0.156605,0.297315,-0.103194,0.143979,0.121706,0.0914213,0.00443218,0.165327,0.00946948,-0.0241008,-0.0494043,0.14005,0.0180093,1.73608,-0.0498045,-0.0119524,-0.522951,-0.129828,-0.182957,0.0204507,0.931717,-0.648794,-0.0150432,0.366402,-0.0162167,0.0164793],[0.0128739,-0.0072156,0.0280908,-0.00198991,0.0209728,-0.0390116,0.00689612,-0.000987376,0.00738298,-0.0040765,-0.00414902,0.00309142,0.0332669,0.00490611,0.236917,0.00623447,0.000723828,0.0651971,0.0168958,0.0274646,-0.000802151,0.148803,0.0163569,-0.000770643,-0.0383398,0.0109431,-0.00149554],[-0.00966909,0.000746032,0.0244757,-0.00586079,-0.026325,0.0142217,-0.0103719,-0.00398569,-0.0144637,-0.00413099,-0.00161524,-0.00328876,-0.0138163,0.00760865,-0.022279,-0.00536613,-0.00577436,0.0353412,-0.00519884,0.00653313,-0.00110922,-0.0599587,-0.011436,-0.0021966,0.00363023,-0.00111364,-0.00295118],[-0.00382377,0.00179705,-0.00486415,-0.00521771,0.00198166,0.00259671,-0.00271626,-0.000660781,0.000292839,0.00117016,0.00108822,0.000158037,0.00288343,-0.00984614,-0.022184,0.000608134,-0.00043057,0.0250918,-0.00261487,-0.0042842,0.000593305,0.0206877,-0.00292339,0.000464479,-0.0110422,-0.00593751,0.000946908],[-0.0968337,-0.0053043,0.0647768,-0.0650798,-0.23921,0.00906214,-0.186695,-0.00472199,0.0629934,0.00610403,0.0105617,0.00168081,-0.181421,-0.533445,4.04489,0.0290835,-0.0399599,0.797988,-0.141399,-0.0399047,0.00692902,0.262194,-0.126446,-0.016019,-0.211101,0.111755,0.0357543],[0.033151,-0.02077,0.289862,0.0567219,0.0767157,0.146555,0.0250743,0.0301742,-0.0451718,-0.0404744,-0.0405113,0.00846551,0.319454,-0.158021,-0.955679,0.00881558,0.00954626,-0.28188,-0.150072,0.149402,-0.00685562,0.315081,0.210729,-0.0152123,-0.0146984,0.0669139,-0.0613855],[-0.00144451,0.00381172,-0.00986467,-0.00493903,-0.00306302,0.00436323,0.00018139,-0.00193286,0.00225246,0.0041619,0.00457749,-0.00167834,-0.00719391,-0.00413564,0.0766581,-0.000706823,-0.00161856,0.0241885,0.000416628,-0.00621819,-0.000320111,0.0113213,-0.0054282,0.00121396,-0.0150971,-0.00540099,0.00170382],[0.0735306,-0.0272466,-0.0829219,0.0408099,0.293466,0.0650516,0.327053,-0.0044427,0.0122121,0.0187085,0.0167014,0.0459929,-0.146937,0.435833,-1.43256,0.0498968,0.0537711,-0.38274,-0.107689,0.0664497,-0.0138876,0.684934,0.0982981,0.0430979,-0.102514,0.00219874,0.0155125],[-0.024025,-0.0535003,0.141056,-0.019109,0.158129,0.0950854,-0.0272469,-0.00192328,0.0104496,-0.00661804,-0.0179843,0.0238967,0.0349281,0.0445049,0.227709,0.0259446,0.0127781,-0.00383932,-0.00150085,0.0334237,0.00286629,-0.370616,-0.0243802,-0.00555656,-0.0153234,0.118439,-0.00850976],[-0.430985,-0.2373,-0.940058,-0.289121,-1.19318,-0.89197,-0.798992,-0.0764,-0.259478,-0.266322,-0.271602,-0.137324,1.09336,1.5207,-5.38684,-0.189651,0.0700833,-5.38262,-0.340481,-0.349605,0.121825,-1.38321,-0.447693,-0.092386,-1.73494,-0.38941,-0.13132],[0.0100041,0.0112198,-0.0144467,0.0132878,0.0153144,0.00168272,0.012109,-0.00278644,0.0054829,0.00629459,0.00780121,0.00208793,0.0165988,0.0242762,0.115788,0.00494941,0.00370621,0.018327,0.00736441,0.0162535,0.000605031,0.0117753,0.0184517,0.00415656,0.00916108,0.0257602,0.00936806],[-0.021555,-0.00996645,0.0207118,0.00543165,-0.0465275,0.0398406,-0.0586107,0.00444495,-0.00994431,0.0038765,-0.00178087,0.00813266,0.0120766,-0.0495705,-0.148192,0.0191989,0.0202984,0.0568884,-0.00632832,0.0346348,-0.00229959,-0.131445,-0.0520052,0.0019926,0.0499524,0.00236239,0.00244555],[0.0994491,0.00583726,0.0420465,-0.0386234,0.358813,0.288308,0.189244,0.000700663,-0.0597261,0.00190905,-0.0132994,0.0399832,-0.338748,0.491456,-1.91416,0.0576634,0.0703604,-0.17728,-0.0285865,0.0606257,-0.0128305,0.0593128,-0.195814,0.0370635,0.293818,0.0166776,-0.0270335],[-0.00365621,-0.0122227,-0.0292158,-0.0274389,0.0230022,0.0304574,0.0171287,-0.00798338,-0.00743076,-0.00360167,-0.00209795,-0.00659587,0.0105873,0.024428,-0.338667,-0.00480384,-0.00394279,-0.0731761,0.00022229,-0.0294031,-0.000165326,0.111931,-0.0120516,-0.00444078,-0.108485,-0.0414439,-0.00679663],[0.0516032,-0.00551475,0.0718772,-0.025979,0.267814,0.220091,0.079366,-0.0136938,-0.0294515,0.0056963,0.00439547,0.00444383,-0.0515818,-0.0761079,-0.502923,0.00011218,0.00213777,-0.112646,-0.0246456,-0.047369,0.00060642,0.0795208,-0.124433,0.0105018,0.0643279,0.090762,0.0158093],[-0.0494445,0.0957272,-0.183414,-0.07522,-0.249248,-0.230993,-0.194526,0.00404357,-0.066374,-0.0768412,-0.0704101,-0.0196074,-0.301996,0.0800261,-2.67299,0.0104131,0.0682655,-0.560366,-0.0469498,0.0329668,-0.0213929,0.1388,-0.0934852,-0.0348897,-0.474094,-0.259167,-0.107351]],"sigmahat":[[0.112289,0.0446439,0.0850463,0.00887178,0.273962,0.0917309,0.188175,-0.0116655,0.0169654,0.00510299,0.00855681,0.00325878,-0.0204881,0.0383905,0.606882,0.0088386,-0.000302187,0.128453,7.7373e-05,-0.0292373,0.000185717,0.286787,-0.0249112,0.000957359,0.0941032,0.0420004,0.0127709],[0.0446439,0.170915,0.0187198,-0.0149834,-0.0103275,0.123456,0.0120767,-0.0179553,-0.00434281,0.00600572,0.0121414,0.0107779,0.0288405,-0.218185,0.791486,0.0170038,-0.0111544,0.497224,0.00406027,-0.0564753,-0.000309241,0.30552,-0.0857511,-0.00485929,0.0131962,0.00623943,0.0204585],[0.0850463,0.0187198,0.958735,0.0354304,0.122917,0.449964,0.00694215,-0.00588282,0.0845847,0.00570002,0.010345,0.018675,0.137732,-0.782907,3.64482,0.0102248,-0.031081,1.19665,-0.0238867,0.0228032,-0.00360467,0.016118,-0.0712158,-0.0220228,0.366475,0.124626,0.0147351],[0.00887178,-0.0149834,0.0354304,0.219831,-0.124971,-0.0558254,-0.100207,0.012487,0.0368441,0.00384503,0.0016856,0.0137272,0.0364183,-0.0833145,0.788103,0.0183128,0.0142752,0.130014,0.0148495,0.0866194,-0.00461855,-0.291018,0.0470297,0.00182675,0.283575,0.104374,0.00240181],[0.273962,-0.0103275,0.122917,-0.124971,1.95076,0.674157,0.836564,-0.0436362,0.0760039,0.0358935,0.0197144,0.00148708,-0.323598,0.85786,-0.185757,0.0443568,0.0392526,-0.405483,0.014701,-0.177779,0.012017,0.781521,-0.0813938,0.0225152,0.0930539,0.0705791,0.0395378],[0.0917309,0.123456,0.449964,-0.0558254,0.674157,1.51807,0.240587,-0.0681046,0.143787,0.0638926,0.061042,0.0515715,0.0266452,-0.888841,3.55402,0.0536374,-0.0100662,0.84708,-0.0338452,-0.147129,0.000693265,0.885327,-0.371554,0.02579,0.143531,0.174653,0.0396675],[0.188175,0.0120767,0.00694215,-0.100207,0.836564,0.240587,0.808313,-0.0240311,0.060158,0.037862,0.0311631,0.00534859,-0.121139,0.450395,0.0140736,0.0289461,0.0247048,-0.102887,-0.00806723,-0.144858,0.0124334,0.825827,-0.100684,0.0280856,-0.0105719,-0.00549866,0.0394016],[-0.0116655,-0.0179553,-0.00588282,0.012487,-0.0436362,-0.0681046,-0.0240311,0.0242957,-1.8093e-07,-0.00503246,-0.00581547,-0.0025927,-0.000670651,0.0233824,-0.0707968,-0.000440346,0.00099346,0.0326064,-0.00494307,0.0354485,0.00113741,-0.134112,0.0383451,-0.00346325,0.0692555,0.00266617,-0.00249554],[0.0169654,-0.00434281,0.0845847,0.0368441,0.0760039,0.143787,0.060158,-1.8093e-07,0.139257,0.0251014,0.0171411,0.0267146,0.0102393,-0.159031,2.28374,0.0316279,0.00983068,0.259408,-0.00134075,-0.0198596,0.00264854,0.316543,-0.0192308,0.00554697,0.136115,0.122434,0.0163736],[0.00510299,0.00600572,0.00570002,0.00384503,0.0358935,0.0638926,0.037862,-0.00503246,0.0251014,0.0347519,0.0296976,0.0154341,-0.0707069,-0.12162,0.73839,0.0177806,0.00224477,0.241827,0.00264228,-0.0127629,0.00303745,0.0959786,-0.0624141,0.0182512,0.0675287,0.0204523,0.024567],[0.00855681,0.0121414,0.010345,0.0016856,0.0197144,0.061042,0.0311631,-0.00581547,0.0171411,0.0296976,0.0326633,0.0114208,-0.0702342,-0.138429,0.654544,0.0116956,-0.00347891,0.241833,0.00307735,-0.0138759,0.00288315,0.101601,-0.0397979,0.0169509,0.0564294,0.0199207,0.0225172],[0.00325878,0.0107779,0.018675,0.0137272,0.00148708,0.0515715,0.00534859,-0.0025927,0.0267146,0.0154341,0.0114208,0.0389033,-0.0205362,-0.138604,1.00061,0.0422921,0.0245071,0.212406,0.00632341,-0.011248,0.00190703,-0.0197008,-0.0584316,0.0132389,0.0588563,0.0659121,0.0140316],[-0.0204881,0.0288405,0.137732,0.0364183,-0.323598,0.0266452,-0.121139,-0.000670651,0.0102393,-0.0707069,-0.0702342,-0.0205362,2.19062,-0.581441,-0.770081,-0.0368106,-0.0313129,0.302197,0.0158714,0.0982429,-0.0222603,0.0402555,-0.0463058,-0.0547254,-0.30688,0.036196,-0.0344764],[0.0383905,-0.218185,-0.782907,-0.0833145,0.85786,-0.888841,0.450395,0.0233824,-0.159031,-0.12162,-0.138429,-0.138604,-0.581441,5.37537,-13.6351,-0.0992802,0.165342,-5.40162,0.0233154,-0.128142,-0.00527811,-0.286672,0.904871,0.00430999,-0.602937,-0.513061,-0.120743],[0.606882,0.791486,3.64482,0.788103,-0.185757,3.55402,0.0140736,-0.0707968,2.28374,0.73839,0.654544,1.00061,-0.770081,-13.6351,106.334,1.15816,-0.13646,21.7247,-0.0835095,-0.210074,0.221804,5.34211,-2.24232,0.0354225,3.86305,3.78759,0.844086],[0.0088386,0.0170038,0.0102248,0.0183128,0.0443568,0.0536374,0.0289461,-0.000440346,0.0316279,0.0177806,0.0116956,0.0422921,-0.0368106,-0.0992802,1.15816,0.0611604,0.0324476,0.322541,0.0120106,-0.0180279,0.00300034,-0.0331598,-0.0877581,0.0123566,0.0843805,0.0598771,0.0232995],[-0.000302187,-0.0111544,-0.031081,0.0142752,0.0392526,-0.0100662,0.0247048,0.00099346,0.00983068,0.00224477,-0.00347891,0.0245071,-0.0313129,0.165342,-0.13646,0.0324476,0.054823,-0.326079,0.00661496,-0.0120532,0.000699006,-0.0950362,-0.0290696,0.0154747,0.00191631,0.0190109,-0.00203875],[0.128453,0.497224,1.19665,0.130014,-0.405483,0.84708,-0.102887,0.0326064,0.259408,0.241827,0.241833,0.212406,0.302197,-5.40162,21.7247,0.322541,-0.326079,15.3383,0.133498,0.18091,0.0478358,-0.0501623,-0.793808,-0.08092,2.13483,0.846779,0.362859],[7.7373e-05,0.00406027,-0.0238867,0.0148495,0.014701,-0.0338452,-0.00806723,-0.00494307,-0.00134075,0.00264228,0.00307735,0.00632341,0.0158714,0.0233154,-0.0835095,0.0120106,0.00661496,0.133498,0.128927,0.0130423,0.00213561,-0.00326376,-0.0513037,0.00253085,0.0900423,0.0187703,0.0108556],[-0.0292373,-0.0564753,0.0228032,0.0866194,-0.177779,-0.147129,-0.144858,0.0354485,-0.0198596,-0.0127629,-0.0138759,-0.011248,0.0982429,-0.128142,-0.210074,-0.0180279,-0.0120532,0.18091,0.0130423,0.374282,0.00347069,-0.584261,0.0731087,-0.0131321,0.11459,0.0799863,-0.0130537],[0.000185717,-0.000309241,-0.00360467,-0.00461855,0.012017,0.000693265,0.0124334,0.00113741,0.00264854,0.00303745,0.00288315,0.00190703,-0.0222603,-0.00527811,0.221804,0.00300034,0.000699006,0.0478358,0.00213561,0.00347069,0.00755655,-0.0176489,-0.0177049,0.00185667,0.0137011,0.0112022,0.00408301],[0.286787,0.30552,0.016118,-0.291018,0.781521,0.885327,0.825827,-0.134112,0.316543,0.0959786,0.101601,-0.0197008,0.0402555,-0.286672,5.34211,-0.0331598,-0.0950362,-0.0501623,-0.00326376,-0.584261,-0.0176489,8.05565,-0.47916,0.0275078,-1.37102,-0.0684754,0.0544355],[-0.0249112,-0.0857511,-0.0712158,0.0470297,-0.0813938,-0.371554,-0.100684,0.0383451,-0.0192308,-0.0624141,-0.0397979,-0.0584316,-0.0463058,0.904871,-2.24232,-0.0877581,-0.0290696,-0.793808,-0.0513037,0.0731087,-0.0177049,-0.47916,1.40343,-0.0340194,-0.174184,0.0197067,-0.0657183],[0.000957359,-0.00485929,-0.0220228,0.00182675,0.0225152,0.02579,0.0280856,-0.00346325,0.00554697,0.0182512,0.0169509,0.0132389,-0.0547254,0.00430999,0.0354225,0.0123566,0.0154747,-0.08092,0.00253085,-0.0131321,0.00185667,0.0275078,-0.0340194,0.0214263,0.00599252,0.00857952,0.00925981],[0.0941032,0.0131962,0.366475,0.283575,0.0930539,0.143531,-0.0105719,0.0692555,0.136115,0.0675287,0.0564294,0.0588563,-0.30688,-0.602937,3.86305,0.0843805,0.00191631,2.13483,0.0900423,0.11459,0.0137011,-1.37102,-0.174184,0.00599252,2.84333,0.172953,0.0611319],[0.0420004,0.00623943,0.124626,0.104374,0.0705791,0.174653,-0.00549866,0.00266617,0.122434,0.0204523,0.0199207,0.0659121,0.036196,-0.513061,3.78759,0.0598771,0.0190109,0.846779,0.0187703,0.0799863,0.0112022,-0.0684754,0.0197067,0.00857952,0.172953,0.518962,0.0184108],[0.0127709,0.0204585,0.0147351,0.00240181,0.0395378,0.0396675,0.0394016,-0.00249554,0.0163736,0.024567,0.0225172,0.0140316,-0.0344764,-0.120743,0.844086,0.0232995,-0.00203875,0.362859,0.0108556,-0.0130537,0.00408301,0.0544355,-0.0657183,0.00925981,0.0611319,0.0184108,0.0444768]],"n":27,"lags":3}