{"betahat":[[3.36342,0.946549,1.94206,-3.64731,21.9174,12.4131,14.7024,0.869236,0.963516,2.66776,2.21961,0.167278,14.452,-1.03366,84.8558,1.19678,0.274456,18.9572,32.7696,8.69132,2.37828,17.2598,16.3595,-10.6486,0.677452],[0.956669,-0.0202767,-0.00948065,0.0761693,-0.401068,0.108508,0.0923114,-0.00250342,0.00960616,0.0453393,0.0205591,0.0382751,0.329593,-0.206517,0.801897,0.0407014,0.0248962,0.484065,0.0251908,0.0334355,0.000130002,-0.393639,0.251032,-0.104205,0.0553975],[0.0859174,0.940372,0.318021,0.109782,0.250903,0.455979,0.164903,-0.0383899,0.106247,0.0594176,0.0551077,0.0697376,0.101832,-0.318473,3.87492,0.0765784,0.0134847,0.95434,0.0710486,0.0117041,0.0231818,0.0562669,0.734347,0.129535,0.0503595],[0.0147603,-0.037783,0.966434,0.00136246,0.117754,0.0216075,0.0656494,-0.00781124,0.0210864,-0.00291296,-0.0130121,0.0058689,-0.0815227,0.0413823,-0.347068,0.00220504,-0.008094,0.0274538,-0.000923417,0.00503862,-0.00393679,-0.103436,-0.00431548,0.0143065,-0.0114424],[-0.0440549,0.00660287,-0.157824,0.883871,-0.182753,-0.128667,0.102194,0.0269157,0.0995701,0.0114128,0.0123215,0.0460438,0.189379,-0.187453,2.6166,0.074251,0.0115795,0.362817,0.0264685,0.106134,-0.00395753,-0.0533001,0.103175,0.0986631,0.0156108],[0.0231446,0.0147022,0.0493315,0.0185233,0.938657,0.0967334,0.035313,-0.00285196,0.000539042,0.0116151,0.0137429,0.00243452,0.0251382,0.0483148,0.0276781,0.00225809,0.00747728,0.028314,0.00162072,-0.0119944,-0.00150042,0.0178561,0.0255358,-0.0160397,0.00263303],[0.0126139,-0.0025778,0.0178295,0.00356933,-0.000718143,0.906007,0.0361462,0.000966977,0.018103,0.0196183,0.0280627,-0.0117364,-0.04416,-0.16955,0.734363,-0.0125372,-0.0139386,0.10882,0.000227641,-0.0129809,0.00797922,0.0840761,-0.0961202,0.033259,0.0253644],[-0.029504,-0.0415024,0.0507869,-0.00134211,-0.00287918,-0.0278628,0.941226,0.00277151,-0.00448965,0.00556449,0.0151148,-0.00353257,-0.0437747,0.0894224,0.0372889,-0.00588354,0.0222777,-0.404322,-0.00855297,0.0248053,0.00186226,-0.167659,-0.18064,-0.0237657,0.0126376],[-0.0671913,0.0913833,0.346875,0.0783412,-0.363365,-0.0172121,-0.0704973,0.885442,-0.114073,0.00899927,-0.0163547,0.0345719,0.193162,-0.674719,-1.75764,0.0879977,0.0428047,1.84885,-0.24666,0.513132,-0.02468,-1.01665,0.608899,-0.169144,-0.00866223],[0.0324408,-0.0931389,-0.199267,0.00932457,0.324221,-0.0964174,-0.059822,-0.0781917,0.917639,0.0440602,0.0454175,-0.0206249,-0.703085,0.195113,-1.8358,-0.10356,0.00212144,-2.17423,-0.032694,-0.116842,0.0398906,0.36272,-0.0144056,-0.160545,-0.0285876],[-0.0461598,0.164709,-0.118442,-0.246846,0.390122,0.831642,-0.00726972,-0.0100486,-0.116079,1.20928,0.278616,0.0605123,-0.733842,-1.16149,-0.500866,0.147522,-0.0790773,2.62635,-0.0797514,-0.206072,0.00110073,-1.96559,-0.120248,-0.0528833,0.316723],[-0.251347,-0.34026,-0.265608,0.255198,-0.242371,-0.91562,-0.541487,0.0972038,-0.00859074,-0.143626,0.821919,-0.131259,0.00399577,1.79117,-6.59013,-0.111991,0.129658,-2.01236,-0.00662489,0.183317,0.0613167,0.00218078,0.0976073,-0.31794,-0.147982],[-0.0107311,-0.0418061,-0.245702,0.0732807,0.51362,0.712444,0.35736,0.097911,-0.102466,0.0234977,0.0372359,0.95047,-1.0618,0.271678,1.33083,0.0115721,0.0153406,-0.0214622,-0.190411,0.20383,-0.00382747,-1.85124,-0.0638022,-0.0870365,-0.202744],[-0.00680351,0.0661667,-0.0432984,0.0016487,-0.0444156,0.152489,-0.00849287,-0.00670901,0.0340986,0.00864486,0.00727715,0.0109169,1.0357,-0.148079,0.740816,-0.00255109,-0.00368982,-0.171726,-0.0153905,-0.0392099,0.00601389,0.0735307,-0.0158689,0.0283339,0.00221641],[0.00472574,-0.00828947,-0.1222,-0.00170301,0.0185289,-0.0756307,-0.0043261,0.00281665,0.023584,0.00450382,-0.00292902,0.00414768,-0.0391605,1.04724,-0.78383,-0.00120115,0.00219753,-0.181878,0.0171258,-0.00965395,0.000136719,0.039679,-0.056979,0.0121538,-0.00438563],[0.00323424,-0.000855686,0.0105883,0.00204764,-0.00335325,0.000877523,0.0045595,0.000150785,-0.00314028,-0.00114195,-0.000540201,-0.000833821,0.000119388,0.00879868,0.780922,-0.00147106,9.40678e-05,-0.0465282,-0.00451381,0.000345534,-0.00138501,-0.0115705,-0.00826957,0.0017297,-0.0014575],[0.276984,0.0997119,0.405469,-0.173901,1.00612,0.749861,0.663859,-0.0938557,-0.122148,0.123506,0.11693,-0.0309514,0.427202,-0.5724,-2.87818,0.957097,0.00705523,1.42695,0.152275,-0.263673,0.0316992,1.97193,1.62041,-0.298216,0.321705],[-0.222881,-0.018337,-1.26341,0.0742653,-1.05693,-0.659875,-0.547259,0.0504096,0.156374,0.0575154,0.0460323,0.0275942,-1.24365,-0.0158188,1.48439,-0.0213435,0.862882,-1.93086,0.176242,0.025191,0.071845,0.975073,-0.216536,-0.0386336,0.100636],[0.0084968,-0.00576522,0.0272094,-0.000477447,0.06283,0.0236689,0.0364649,-0.000430959,0.0125218,-0.00284393,-0.00279308,0.00721058,0.00520539,0.0335799,0.0180965,0.0105634,0.00572799,0.991844,0.0094513,0.0226966,0.0027835,-0.0072628,0.0022469,0.0174221,0.00357752],[-0.017819,-0.0737662,0.559926,0.173341,0.356128,0.734517,-0.0354102,-0.068294,0.177548,0.0853765,0.0519849,0.0355823,0.779654,-1.06914,5.75881,0.103027,-0.0232798,2.6726,0.539297,0.21951,0.0874637,-0.578677,1.93901,0.0970874,0.136546],[-0.0381126,-0.0990031,-0.0847977,0.0293643,-0.149796,-0.114576,-0.103435,0.014259,-0.0162004,-0.0374999,-0.0330781,-0.0236697,0.15725,0.154603,-0.802427,-0.0489428,3.85207e-05,-0.469199,0.0245822,0.356221,0.000787064,-0.251412,-0.0272689,-0.0595749,-0.044742],[0.229649,0.286045,-0.21466,0.140273,0.752254,-0.547249,0.40549,-0.0002525,-0.344887,0.0125122,-0.0164907,0.0915652,-1.22409,-1.60988,-1.10653,0.169748,-0.0193585,4.7931,0.0478763,-0.441094,0.611078,-0.293365,-0.0797717,-0.0578702,0.0678318],[0.00744459,0.00242842,-0.0282872,0.000322477,-0.0124149,-0.0493471,-0.0156826,0.00566375,-0.00810025,-0.00527455,-0.00635344,0.00698827,-0.0492029,0.0886064,-0.412186,0.0138241,0.0137491,-0.226726,-0.00646311,0.0131162,-0.0132656,0.0207997,0.0248195,-0.0463818,-0.00383932],[0.0160496,0.0734716,0.0141463,-0.0256941,-0.0109685,0.0250965,-0.00997125,-0.027978,0.000140946,0.00825972,0.0111737,0.00490145,0.0828449,-0.041919,0.59855,0.00405432,-0.00860312,0.152314,-0.0180248,-0.115997,0.00167934,0.0720907,0.285961,-0.00301358,0.00533059],[-0.000725115,0.101626,0.187857,0.0518584,-0.272264,-0.00567473,-0.092099,-0.0193882,0.186563,0.0477298,0.0386881,0.0483294,0.136796,-0.180151,1.23718,0.0604049,0.0408859,0.118287,0.0864522,0.0235002,0.00917722,-0.200172,-0.296263,0.483071,0.0628268],[0.0325812,0.0499604,0.747096,-0.0183045,-0.644375,0.145001,-0.335466,-0.0186851,0.0139442,0.0702009,0.110323,0.0231957,0.492913,-0.274658,3.09528,-0.113578,-0.0409764,-0.0810817,0.253428,0.142139,0.0676704,-0.316409,0.140405,0.359179,0.847754],[-0.00139647,0.0446603,-0.0572053,-0.0397991,0.0824977,-0.288056,-0.132759,0.0215518,0.00719563,-0.0380106,-0.022739,-0.02873,-0.237735,0.19405,-0.867514,-0.0305342,-0.0178408,-0.646103,0.00266997,0.00922849,0.00459901,0.0391302,-0.012188,0.0505972,-0.0391636],[-0.109325,-0.00488844,-0.124967,-0.0302618,-0.334018,-0.365707,-0.198441,0.0310809,-0.0560125,-0.0603377,-0.0645126,-0.0573327,0.264265,0.238014,-3.25528,-0.0593922,0.0144333,-1.06161,-0.0537107,-0.0313041,-0.0192674,-0.0358372,-0.73966,-0.0462061,-0.065589],[-0.0274113,0.0200178,0.0185062,0.0161032,-0.183612,-0.0612234,-0.112518,0.011594,-0.0194059,0.00133384,0.00874927,-0.00349267,-0.0402691,-0.150398,0.387941,-0.00459711,0.00174539,0.0421875,-0.00322684,0.0241296,0.00834396,-0.055167,0.0765569,-0.0139416,0.0107287],[0.0163494,0.0302163,-0.0882333,0.0855264,0.156102,-0.127188,-0.0597976,-0.0262802,-0.137095,-0.0616664,-0.0554453,-0.0514049,-0.143057,0.680261,-3.95574,-0.0709391,0.0348123,-1.50637,0.0217661,-0.0464921,-0.00676902,0.0332524,-0.447799,-0.158099,-0.0269597],[-0.0106841,-0.0109565,-0.0208859,-0.0143369,0.0218631,-0.0523801,-0.00914167,0.00314963,-1.17369e-05,-0.000677344,-0.00258939,-0.00136861,-0.0061112,-0.0368632,-0.254405,-0.00317435,0.000563983,-0.074787,-0.00342702,0.00870353,-0.000836537,-0.0156435,-0.0163342,0.00639181,-0.000180094],[-0.0123432,-0.000195613,-0.0214513,-0.0033528,-0.00694464,0.0645533,-0.030378,-0.00440063,-0.00944137,-0.0134996,-0.0177365,0.0164273,-0.0203864,0.141558,-0.346571,0.0195603,0.0237817,-0.142731,0.00140391,-0.00172492,-0.0040234,-0.133854,0.0690536,-0.00706764,-0.0174029],[0.0307694,0.0250437,-0.00959654,0.0101825,0.00808363,-0.027758,0.0214426,0.000424151,0.00851718,-0.00882447,-0.0133629,0.00657861,0.0358584,0.0111691,0.0931845,0.00955972,-0.00467346,0.107123,0.00607987,-0.0118345,0.000114915,-0.0957749,0.154135,0.0200271,-0.0146983],[0.1475,0.145504,0.172291,-0.0349016,0.0398017,0.201463,-0.0141902,0.00680723,-0.0804572,-0.0512424,-0.0198107,-0.0964736,0.0837461,0.118021,-0.675352,-0.131434,-0.179341,0.111206,0.0717662,0.22711,-0.0545614,0.104589,-0.438728,-0.0818028,-0.0614767],[-0.0676857,0.0498721,-0.0214819,-0.0194541,-0.417997,-0.287581,-0.127619,0.0740061,-0.121581,-0.0713177,-0.068351,0.00419403,0.392206,0.217272,-1.24304,0.0623118,0.0132206,0.846113,0.0199325,0.104617,-0.0563902,-0.681883,-0.132653,0.0963462,-0.00988554],[0.186248,0.059204,0.109024,0.0925531,0.326855,-0.114602,0.333766,-0.0274962,0.0405633,-0.0757552,-0.0890563,0.0352151,0.751629,0.0340549,3.03874,0.036006,-0.0119797,0.595897,0.0617219,0.0640025,-0.020554,0.210379,0.0467448,0.0657348,0.00632807],[0.0739188,-0.0198168,0.0709557,0.0880612,-0.178092,-0.225576,0.0326918,0.00846607,0.0481947,-0.0885462,-0.0991312,0.040115,0.443187,-0.36835,3.02069,0.0343197,-0.0484515,0.509856,0.0548475,0.205413,-0.00352872,0.345492,0.080625,0.201349,0.00437245],[0.19238,0.24657,0.254835,-0.0293491,0.371185,0.108381,0.205544,-0.0649155,0.20408,-0.0257563,-0.00702582,0.0281603,-0.106369,-0.386478,2.87087,0.0577232,0.0492713,0.497327,-0.0295216,0.02787,-0.00784475,1.06374,0.36487,0.337634,0.0165919],[-0.00221897,-0.0504336,0.0194432,-0.0017803,0.0189554,-0.109706,0.00332696,0.00476197,-0.0428203,-0.00586989,-0.00391811,-0.0138494,-0.0658156,0.124259,-0.890466,-0.0049595,0.00132488,0.10193,0.00331417,0.0165969,-0.0063862,-0.18093,0.0419093,-0.025814,-0.00192862],[-0.0046548,0.00406462,0.0982041,0.0052641,-0.0603474,0.00623402,-0.0143397,0.00295249,-0.0179698,-0.00164903,0.00351868,-0.00221154,0.0949235,-0.0631579,-0.0605277,0.0017005,-0.00380749,0.12152,0.00185795,-0.00363655,-0.00252875,-0.0899635,0.0281386,-0.0218763,0.00318267],[-0.00397768,-0.00233737,-0.00562106,9.63859e-05,-0.021485,-0.0240503,-0.0134939,0.00215359,-0.0024242,-0.00125881,-0.00132997,4.61458e-05,-0.00312351,0.0161446,-0.0877993,0.000229102,0.00043165,-0.00191019,-0.0014712,0.00351827,-0.000746627,0.00277043,0.00459591,0.00140589,-0.00093478],[-0.0266,0.0604585,-0.208697,0.0786743,-0.121246,-0.4453,-0.207158,0.0197683,-0.0444727,-0.0673337,-0.0637811,-0.0792111,0.0902776,0.555717,-2.59626,-0.113467,-0.0726741,-0.958016,0.026463,0.0277081,-0.0417948,-0.313767,-0.626304,-0.015289,-0.0313228],[-0.0158723,0.0397602,0.621964,0.0453696,0.174653,0.169692,-0.0460015,-0.0616119,0.120358,0.0259585,0.0389291,0.0378511,0.623355,-0.264577,3.40472,0.017609,0.0140109,1.03047,0.0346247,-0.162588,-0.0303881,0.862669,0.278526,-0.0725815,0.00670325],[-0.00759182,-0.00167864,-0.0256257,0.00680363,-0.0463521,-0.0255967,-0.0322039,0.00150543,-0.0124544,-0.00371832,-0.00384892,-0.00709399,-0.00421869,0.0125552,-0.144328,-0.0126147,-0.00306533,-0.0870927,-0.00262285,-6.41657e-05,-0.00288347,0.000448225,-0.0054362,-0.00576956,-0.00623592],[0.154343,0.292478,-0.42162,-0.247835,0.235225,-0.422129,0.194858,0.0279769,-0.0629319,-0.0238449,-0.00113482,-0.0261028,-0.914802,0.607897,-1.59623,-0.0332141,0.000639034,-0.688621,-0.13436,-0.105815,-0.0588727,0.434906,-1.13331,0.177499,-0.0618678],[0.070165,0.150063,0.0185371,0.0102647,0.0383974,0.0562138,0.0877764,-0.0182514,0.0451465,0.0259295,0.0221267,0.00229371,-0.0671533,-0.0997769,1.12325,0.00983485,-0.0145308,0.300654,0.0585388,0.0607435,-0.00492323,0.179424,-0.0858854,0.0837089,0.0319284],[-0.0505159,-0.187972,0.410738,-0.276036,-0.505149,0.0269649,-0.224967,-0.104684,0.0146354,-0.0207045,0.0548737,-0.0929279,0.596175,2.12639,-4.10595,-0.187897,0.0117739,-5.43421,-0.00727873,-0.371485,0.178471,-0.905122,-0.576232,0.00303696,-0.0983263],[-0.00110007,0.00307435,-0.00252398,0.0186778,-0.0132028,-0.0216945,-0.001638,0.0055769,-0.00582351,0.00546848,0.00163156,0.0116588,-0.0450305,-0.0167878,0.353514,0.0148699,0.0116972,0.0314082,-0.00328662,0.0064681,-0.00333603,-0.0707214,-0.0415433,0.000224127,0.00947637],[-0.00286215,0.037852,-0.14541,-0.0232349,0.0268411,0.00908796,0.0297018,-0.0186258,-0.000535176,-0.0163319,-0.021603,-0.00797625,0.0546435,0.22361,-0.991811,-0.0081096,0.0120945,-0.33306,-0.00727244,-0.0916518,0.00756314,0.225818,-0.0301843,-0.0334441,-0.0132759],[0.000163068,0.108953,-0.182283,-0.0294652,-0.109206,-0.0726854,-0.0814643,-0.0173931,0.0511118,0.0435385,0.0331747,0.00159693,-0.0258382,-0.0799949,0.921809,0.0165605,0.00575052,0.165535,0.0188383,-0.00376018,0.00766202,-0.202964,0.240945,0.00894197,-1.99772e-05],[0.0417027,-0.0215382,-0.313916,0.0640162,0.30894,-0.00302512,0.366115,-0.0114023,0.0844181,0.0464235,0.0108476,0.014568,-0.300659,-0.181989,-1.04062,0.0338516,-0.00149343,0.144946,0.0877212,0.00903653,-0.0358286,1.85101,0.261153,-0.1026,-0.037786],[0.0445611,-0.0244182,0.0667099,-0.0364182,0.317518,0.179503,0.0398593,-0.0190529,-0.0168498,-0.00737642,0.00214917,-0.00955995,-0.0919159,0.0114002,0.0670416,-0.0102126,-0.00714302,0.163228,-0.0281176,-0.0426394,-0.00474762,0.354856,-0.238824,0.0536725,-0.0162614],[0.0232457,0.0641945,-0.192761,-0.079558,0.0831682,-0.0902029,0.0335171,0.00734771,-0.0502102,0.000885189,0.00935941,-0.0123972,-0.366333,0.0799069,-0.618375,-0.0171788,-0.0279137,0.107939,-0.0174606,0.0199861,-0.00391862,-0.0202122,0.00561023,-0.083265,0.0151689],[0.012489,0.0179367,0.01442,-0.0173477,0.0645705,0.0391338,0.0460355,-0.00373533,-0.00172786,0.00153561,0.00425605,-0.00241448,0.122732,0.107369,-0.0400273,0.00231963,0.00623151,-0.0682538,0.00378532,-0.0289281,-0.00447468,0.158562,-0.0714182,-0.000146205,0.000735157],[0.0275105,-0.03706,0.246451,0.0304504,0.0261647,0.255666,-0.0427856,-0.000541335,0.03727,0.0502216,0.0430729,0.00537937,-0.0463188,-0.493836,1.33983,-0.00326792,-0.0463811,1.14523,-0.0484654,-0.0591038,0.0106625,0.020625,0.344191,0.0594312,0.0113477],[-0.0127948,-0.00380436,-0.0286611,-0.00410905,0.0370563,-0.0456328,-0.0275212,-0.000217736,-0.000752829,-0.0110343,-0.0111887,-0.00118645,-0.0185338,-0.0122504,0.22649,0.000738761,-0.00822869,0.0474126,0.00147894,0.00327581,0.00226739,-0.00440229,-0.00924471,0.00940365,-0.0023702],[-0.000363953,0.00256215,0.00334484,-0.000158244,0.00684944,0.0283962,-0.00586552,0.00346107,-0.00862311,-0.00611898,-0.0103024,-0.00478844,0.0637662,0.027549,-0.384767,-0.00714735,-0.00996659,0.0345571,-0.00179138,0.014669,-0.00396361,0.0484485,0.0262602,-0.0262939,-0.00788054],[-0.00318741,0.0161457,-0.0423672,-0.00742111,-0.0161228,0.0489543,0.0281848,-0.00307499,-0.00490771,0.0029833,-0.00167675,-0.00360208,0.00841357,-0.10644,-0.112933,-0.00432598,-0.0185619,0.305281,0.000333683,-0.013143,-0.0023507,0.24834,0.0279447,0.00453562,0.00278953],[0.0713424,-0.0774421,-0.159835,-0.10836,0.423706,-0.0855778,0.213933,0.0205699,0.0595398,-0.0362173,-0.0435705,0.0611525,0.023685,0.384456,-0.896251,0.0639704,0.109724,-0.137548,0.149564,0.0605212,0.0355635,0.41008,0.613781,0.264832,-0.0510756],[0.0335417,0.042106,0.221344,0.00926369,0.0903871,0.38433,0.184484,0.00467202,0.203026,0.0273679,0.022872,0.0167897,0.307605,-0.420592,3.09675,0.0417918,-0.015346,1.34276,0.0109358,0.0149693,0.0162124,0.329113,0.145476,0.0661016,0.0386724],[0.0185826,0.0351108,-0.0296135,-0.0561394,-0.0876648,0.037287,0.0662186,0.00498016,-0.0213238,-0.0323963,-0.0364136,0.00197807,-0.246402,0.113239,0.975153,-0.00133725,0.0138519,-0.00917681,0.00283262,-0.0542459,-0.011969,0.101214,-0.0859301,-0.0451156,-0.0257771],[-0.028198,0.018049,-0.11173,-0.0437418,-0.166184,0.104955,-0.0864395,0.00208782,-0.0665413,-0.0349593,-0.0393772,0.0256332,-0.185885,0.160233,-0.307974,0.019056,0.0453843,-0.482805,-0.00950074,-0.0297434,-0.0312606,0.502739,-0.130152,0.0306335,-0.0420329],[-0.0059566,-0.149683,0.41333,-0.0857656,0.163802,0.18976,0.19072,0.0172556,0.152761,0.0298635,-0.00267955,-0.0426852,-0.0144356,-0.134587,2.37256,-0.0389931,-0.030283,-0.0276093,-0.132906,-0.0463805,0.0605328,0.449021,0.226498,0.0717841,0.0329947],[0.00977076,-0.0142852,0.0308059,0.00518818,0.0223987,-0.029158,0.00238986,0.000808421,0.0101434,-0.00227334,-0.0028528,0.00338096,0.0226559,-0.00724388,0.255811,0.00771143,0.00158247,0.0854818,0.0141755,0.0337274,8.78561e-05,0.130724,-0.02971,0.00408751,-2.51101e-05],[-0.0102657,2.32098e-05,0.0296711,-0.00283746,-0.0331601,0.0112919,-0.0151918,-0.00246218,-0.016336,-0.00380892,-0.00152922,-0.00170626,-0.0125314,-0.00143212,0.00268578,-0.00141559,-0.00322702,0.0388196,0.00499025,0.0121268,-0.00261386,-0.0152216,0.00426897,0.00395699,-0.00138624],[-0.00436881,0.00189426,-0.00740111,-0.00467256,-0.000461557,0.00161583,-0.00400436,-0.000867904,0.000168176,0.000841347,0.000747843,-0.000300494,0.00434599,-0.0111283,-0.0259328,-0.000173706,-0.000798572,0.0213214,-0.00429915,-0.011876,0.000169456,-0.00370775,-0.0139952,-0.0060703,0.000805753],[-0.0919812,-0.02838,0.029776,-0.035927,-0.195765,-0.00184289,-0.13021,0.00583853,0.0524726,0.00235093,0.00489462,-0.00891152,-0.125196,-0.468933,3.12108,0.0066048,-0.0498676,0.695216,-0.0606145,-0.0351125,0.0199374,-1.27582,-0.1701,0.102753,0.0337645],[0.0465442,-0.0682605,0.384419,0.0280887,0.280541,0.311521,0.17912,0.029634,-0.0331123,-0.0366069,-0.0402645,0.0021206,0.307141,-0.168764,-0.967198,-0.0110381,-0.0100013,-0.0771269,0.00349789,0.196038,0.0154,0.064959,-0.0846522,0.0910502,-0.0702692],[-0.00146869,0.00473372,-0.0127877,-0.00321638,-0.00702451,-0.00576232,-0.00317255,-0.00150948,0.00171359,0.00363687,0.00414919,-0.00048265,-0.00838558,-0.000641326,0.0877268,0.00169726,0.000268611,0.0258766,-0.00100498,-0.0163044,-0.000734045,-0.014369,-0.00730378,-0.00575743,0.0022497],[-0.113556,-0.213537,-0.146048,0.069184,-0.447361,-0.304266,-0.0679915,0.0324268,-0.0994294,-0.0588224,-0.0509431,0.00180054,-0.0384642,0.674273,-4.22099,-0.0532173,0.0406061,-2.0177,-0.277715,-0.0560056,-0.0242594,0.119066,-0.826261,-0.23773,-0.0664946],[-0.00287473,-0.036521,0.0746761,-0.0206452,0.094159,0.0984785,0.0309349,-0.00460195,0.00226333,0.00332435,0.00245943,0.0196127,-0.119215,-0.0879512,0.339051,0.021439,0.00415897,0.165027,0.0385066,0.000650391,-0.00118369,-0.0267815,0.0135888,0.0814387,0.00592508],[-0.258717,-0.145113,-0.33115,0.266472,-0.943302,-0.0847989,-0.740226,0.0838192,0.159771,-0.0637438,-0.100672,0.0198128,1.09914,0.0275059,0.18284,0.0134322,0.113883,-1.46737,0.0282672,0.270223,0.0757965,-0.118177,-0.334137,0.208901,-0.0134611],[-0.00359116,0.00226731,-0.0200288,-0.00438452,-0.0058692,0.0325316,-0.00332781,-0.000214575,-0.00891507,0.00118424,0.000909001,-0.00407454,0.00146365,-0.00296437,-0.298027,-0.00484871,-0.00511272,-0.00876801,-0.00323021,-0.00533183,-0.000356418,-0.0395939,-0.00434356,-0.0130232,0.00023466],[-0.00599609,-0.0131435,-0.0178438,-0.022421,0.0122036,0.0111887,0.00386925,-0.00664469,-0.00663304,-0.00353919,-0.00275942,-0.00794216,0.00245191,0.0165788,-0.262848,-0.00795631,-0.00320012,-0.118462,-0.00921208,-0.0704372,-0.00128061,-0.0422649,-0.113386,-0.0433709,-0.00783802],[0.0440168,-0.00333585,0.067774,-0.00718001,0.20603,0.162868,0.0479845,-0.00729583,-0.0386576,0.00514448,0.00351364,0.00923667,-0.0606971,-0.0721043,-0.437017,0.0115803,0.01122,-0.157618,0.020711,0.0301944,-0.0134873,-0.00610863,0.132055,0.0758946,0.0185129],[-0.0802212,0.0343286,-0.06925,-0.078856,-0.210534,-0.0685931,-0.145367,0.00256621,-0.0629504,-0.0685358,-0.0618919,-0.0302401,-0.212471,-0.109171,-1.97844,-0.0103307,0.0425919,-0.28912,0.0301704,-0.081634,0.00169124,-0.376812,-0.467299,-0.203126,-0.112764]],"sigmahat":[[0.157823,0.0783796,0.113559,0.00576009,0.365441,0.126312,0.254716,-0.0205092,0.0359659,0.0121078,0.0147486,0.0100056,-0.0283648,-0.00614071,1.15065,0.0194308,-0.00396637,0.404559,0.0200491,0.0194577,-0.000660014,0.1803,0.280357,0.0528375,0.0200864],[0.0783796,0.209656,0.0202074,-0.0304197,0.0537706,0.140748,0.0529214,-0.0291442,0.0107148,0.0106982,0.0164651,0.0153646,0.0104895,-0.262945,1.25149,0.0257246,-0.0138713,0.752574,-0.00215068,-0.0938758,-0.00149825,0.100226,0.207305,-0.0023017,0.0255095],[0.113559,0.0202074,1.06392,0.0538242,0.122844,0.464063,0.0192549,-0.00155562,0.0902544,0.00694662,0.01262,0.0278156,0.141876,-0.859214,4.06287,0.0200273,-0.0325818,1.31712,0.034064,0.202378,-0.00282214,-0.104912,0.481251,0.151282,0.0136487],[0.00576009,-0.0304197,0.0538242,0.23953,-0.162863,-0.0541113,-0.102743,0.0151128,0.0380048,0.00687394,0.00791136,0.0120942,0.0420274,-0.0934117,0.814509,0.0148316,0.0133624,0.0660321,0.0247999,0.197626,-0.00284479,-0.116402,0.244519,0.119085,0.00431439],[0.365441,0.0537706,0.122844,-0.162863,2.30538,0.770316,1.00367,-0.0632154,0.104866,0.0369275,0.0107468,0.0154149,-0.336974,0.996954,-0.070108,0.0647981,0.0393984,-0.0908779,0.0784966,-0.128212,0.00343779,1.10657,0.29186,0.0508301,0.0394976],[0.126312,0.140748,0.464063,-0.0541113,0.770316,1.58024,0.301496,-0.0702093,0.165858,0.0695728,0.0619497,0.0675844,-0.0409482,-0.867305,3.63618,0.0719017,0.00417631,0.835391,0.00270207,-0.087192,-0.000491642,0.705808,0.263716,0.15027,0.0349033],[0.254716,0.0529214,0.0192549,-0.102743,1.00367,0.301496,0.927857,-0.0346181,0.0876674,0.0452769,0.0346778,0.0166112,-0.120414,0.455997,0.408291,0.0457133,0.0247616,0.152435,0.0342208,-0.0916953,0.0112111,0.370171,0.166322,0.000956152,0.0482635],[-0.0205092,-0.0291442,-0.00155562,0.0151128,-0.0632154,-0.0702093,-0.0346181,0.0276099,-0.0039776,-0.00686824,-0.00696133,-0.00493258,0.0106249,0.0315943,-0.211253,-0.00399749,0.000194095,-0.0238542,0.0010403,0.0666096,0.00131997,-0.0447165,0.010393,0.00796765,-0.00447136],[0.0359659,0.0107148,0.0902544,0.0380048,0.104866,0.165858,0.0876674,-0.0039776,0.160258,0.0296807,0.0211031,0.0320992,-0.0030509,-0.184915,2.63124,0.0378586,0.00983411,0.330913,0.0146109,0.051906,0.0164216,0.220195,0.247455,0.113018,0.017667],[0.0121078,0.0106982,0.00694662,0.00687394,0.0369275,0.0695728,0.0452769,-0.00686824,0.0296807,0.0380736,0.0336021,0.016898,-0.073843,-0.128424,0.777914,0.0193865,0.00261481,0.262816,0.000868144,-0.00671263,0.00417985,0.0698335,0.0985124,0.0184104,0.0270229],[0.0147486,0.0164651,0.01262,0.00791136,0.0107468,0.0619497,0.0346778,-0.00696133,0.0211031,0.0336021,0.037562,0.0132371,-0.0732647,-0.154572,0.732901,0.0138403,-0.00289539,0.267868,0.000458486,-0.0053798,0.00225779,-0.00755764,0.0797133,0.0195898,0.026303],[0.0100056,0.0153646,0.0278156,0.0120942,0.0154149,0.0675844,0.0166112,-0.00493258,0.0320992,0.016898,0.0132371,0.0410081,-0.0162859,-0.138655,1.06276,0.0452234,0.0247712,0.258126,0.00829015,0.00845359,0.00221505,0.0693903,0.0996035,0.071565,0.0138793],[-0.0283648,0.0104895,0.141876,0.0420274,-0.336974,-0.0409482,-0.120414,0.0106249,-0.0030509,-0.073843,-0.0732647,-0.0162859,2.22826,-0.550836,-1.02838,-0.0325328,-0.0232336,0.153615,-0.0642266,0.0272563,-0.0241253,-0.214831,-0.390222,0.0512935,-0.0340556],[-0.00614071,-0.262945,-0.859214,-0.0934117,0.996954,-0.867305,0.455997,0.0315943,-0.184915,-0.128424,-0.154572,-0.138655,-0.550836,5.62856,-14.4852,-0.0925615,0.179679,-5.53525,0.0877273,-0.161545,-0.000756186,1.08382,-0.825776,-0.500672,-0.11964],[1.15065,1.25149,4.06287,0.814509,-0.070108,3.63618,0.408291,-0.211253,2.63124,0.777914,0.732901,1.06276,-1.02838,-14.4852,114.46,1.25287,-0.205454,23.8676,0.166436,1.21152,0.310883,0.770504,7.17664,3.66998,0.85446],[0.0194308,0.0257246,0.0200273,0.0148316,0.0647981,0.0719017,0.0457133,-0.00399749,0.0378586,0.0193865,0.0138403,0.0452234,-0.0325328,-0.0925615,1.25287,0.0659711,0.0332477,0.396963,0.010806,0.000647157,0.00248173,0.0771431,0.130689,0.0714459,0.0237248],[-0.00396637,-0.0138713,-0.0325818,0.0133624,0.0393984,0.00417631,0.0247616,0.000194095,0.00983411,0.00261481,-0.00289539,0.0247712,-0.0232336,0.179679,-0.205454,0.0332477,0.0571048,-0.333078,0.00872188,0.000159801,0.0030147,0.164427,-0.00212593,0.0254948,-0.00266777],[0.404559,0.752574,1.31712,0.0660321,-0.0908779,0.835391,0.152435,-0.0238542,0.330913,0.262816,0.267868,0.258126,0.153615,-5.53525,23.8676,0.396963,-0.333078,16.7215,0.0540142,0.297212,-0.0164116,-1.08469,3.32306,0.789547,0.384896],[0.0200491,-0.00215068,0.034064,0.0247999,0.0784966,0.00270207,0.0342208,0.0010403,0.0146109,0.000868144,0.000458486,0.00829015,-0.0642266,0.0877273,0.166436,0.010806,0.00872188,0.0540142,0.105641,0.108832,0.00329612,0.0141346,0.0825018,0.0526982,0.00773469],[0.0194577,-0.0938758,0.202378,0.197626,-0.128212,-0.087192,-0.0916953,0.0666096,0.051906,-0.00671263,-0.0053798,0.00845359,0.0272563,-0.161545,1.21152,0.000647157,0.000159801,0.297212,0.108832,0.74321,0.00217621,0.0442526,0.531489,0.271564,-0.00520726],[-0.000660014,-0.00149825,-0.00282214,-0.00284479,0.00343779,-0.000491642,0.0112111,0.00131997,0.0164216,0.00417985,0.00225779,0.00221505,-0.0241253,-0.000756186,0.310883,0.00248173,0.0030147,-0.0164116,0.00329612,0.00217621,0.0145317,0.0791163,0.0508915,0.00250599,0.00269496],[0.1803,0.100226,-0.104912,-0.116402,1.10657,0.705808,0.370171,-0.0447165,0.220195,0.0698335,-0.00755764,0.0693903,-0.214831,1.08382,0.770504,0.0771431,0.164427,-1.08469,0.0141346,0.0442526,0.0791163,8.32037,0.970161,0.117467,-0.0314579],[0.280357,0.207305,0.481251,0.244519,0.29186,0.263716,0.166322,0.010393,0.247455,0.0985124,0.0797133,0.0996035,-0.390222,-0.825776,7.17664,0.130689,-0.00212593,3.32306,0.0825018,0.531489,0.0508915,0.970161,4.04447,0.281779,0.0877844],[0.0528375,-0.0023017,0.151282,0.119085,0.0508301,0.15027,0.000956152,0.00796765,0.113018,0.0184104,0.0195898,0.071565,0.0512935,-0.500672,3.66998,0.0714459,0.0254948,0.789547,0.0526982,0.271564,0.00250599,0.117467,0.281779,0.514685,0.0187613],[0.0200864,0.0255095,0.0136487,0.00431439,0.0394976,0.0349033,0.0482635,-0.00447136,0.017667,0.0270229,0.026303,0.0138793,-0.0340556,-0.11964,0.85446,0.0237248,-0.00266777,0.384896,0.00773469,-0.00520726,0.00269496,-0.0314579,0.0877844,0.0187613,0.0496543]],"n":25,"lags":3}