{"betahat":[[0.209104,0.416127,-0.0927189,0.309928,0.373693,1.15008,-0.300668,0.085489,-0.0315332,0.123823,0.0876867,-1.64842,14.4257,0.142819,-0.0733058,3.51111,0.190852,1.19467,-0.0935819,1.80566,2.38123,0.00389926,-0.0615412],[0.997657,0.00190815,0.121435,0.0190081,-0.138135,0.302781,0.376592,-0.0238601,0.001452,0.0354369,0.0397548,-0.151157,-0.690538,0.0401203,0.0607305,-0.304641,-0.0328753,-0.123196,-0.0092556,-0.449154,-0.198407,-0.0511475,0.0234417],[0.118839,1.07194,0.255692,0.0378449,0.294875,0.520278,0.0145736,-0.0868995,0.073013,0.0589531,0.0408077,-0.157608,2.21203,0.042609,0.00868163,0.374963,0.0158788,-0.131064,0.0164517,-0.0396056,0.449467,0.0119322,0.0409346],[0.0164069,-0.0292442,0.985689,-0.0043026,0.111856,0.0330123,0.182371,-0.00658806,0.0216254,-0.00652944,0.000973762,0.0372407,-0.856666,-0.00360811,-0.00806469,-0.0636608,-0.0143506,-0.0170363,-0.00689254,-0.0783821,-0.0608502,0.0148304,-0.0220847],[0.0212325,0.125003,-0.180294,0.879215,-0.0951278,-0.0298439,0.161918,-0.0184925,0.114042,0.0259695,0.0599824,-0.16683,3.07455,0.0838943,0.00899024,0.302651,0.0046785,-0.21717,0.00618693,0.25911,0.130567,0.0530289,0.0389297],[0.0194895,-0.0103164,0.0437859,0.0178822,0.973427,0.0683163,0.0970827,0.00474117,-0.000434119,0.00960683,-3.77516e-06,0.0867948,0.0512649,0.00596705,0.00936011,0.0753792,-0.00426751,0.0159826,0.00116411,-0.00979952,0.030585,-0.0273475,0.00727455],[0.00724974,-0.00181074,-0.018847,0.0086603,0.00754884,0.899685,0.0802977,0.00760381,0.032072,0.0235374,-0.0150695,-0.139813,0.991049,-0.0135449,-0.0140483,0.19335,0.004011,0.0107799,0.0154472,0.12727,0.0633123,0.0323764,0.0311782],[0.00993019,0.0467629,0.0228747,0.00581206,-0.0785099,0.0272425,0.7691,-0.0220002,0.00687515,0.0118239,-0.00757362,-0.00815815,0.517556,-0.0152162,-0.00521016,0.00706945,-0.00161998,-0.0542458,0.00364184,-0.156976,0.0344133,-0.0519764,0.0130547],[-0.113383,-0.0219237,0.154971,0.126965,-0.398586,-0.21113,0.859489,0.96644,-0.0475426,0.108364,0.0416657,-0.830926,1.69759,0.0901259,-0.0238823,2.52892,-0.0283881,-0.196865,0.012289,-0.591745,1.11271,-0.18392,0.134414],[-0.0397997,-0.0975928,-0.304389,-0.00798426,0.185805,-0.14063,0.0490413,-0.0634167,0.90747,0.0661199,-0.0100633,0.170821,-3.05156,-0.107945,0.0074622,-2.56245,-0.0711213,-0.165529,0.0403231,0.13766,0.00423329,-0.207051,-0.0191294],[-0.0895031,-0.0169495,0.076581,-0.0976874,0.272924,0.161862,-0.29057,0.0141407,-0.0480137,1.18356,-0.0242272,-0.336531,-1.8365,0.056141,-0.00241492,1.31979,0.0289644,0.093225,0.0669457,-1.00727,0.247702,-0.25801,0.111983],[-0.00608691,0.0515023,-0.369094,0.0847697,0.159629,0.378411,0.136855,0.0103211,-0.201566,0.0782492,1.00333,0.157157,-0.369424,-0.00309232,-0.0513114,0.253768,-0.110422,-0.038706,-0.0132606,-1.79503,0.068618,-0.275501,-0.0770153],[0.017784,-0.0121505,-0.108367,-0.00153873,0.0799242,-0.0554345,0.0302084,-0.000570245,0.0281569,0.00403294,0.00786014,1.07937,-0.36799,0.00229658,0.00703687,-0.18403,-0.00131129,-0.00803123,0.00150109,0.0751747,-0.0719385,0.0292806,-0.00585241],[0.00792214,-0.00179379,0.0192356,0.00354463,0.0171572,0.0198852,0.0139452,-0.00105187,0.000419238,-0.000201532,-0.000223454,0.000802458,1.04343,-0.000840192,0.000835771,-0.043321,-0.000271123,0.00400013,-0.000878416,-0.0137154,-0.00360651,0.00473459,-0.00139445],[0.174802,0.0312022,0.315085,-0.157038,0.674222,0.719574,0.554023,-0.0481639,-0.0770113,0.105828,0.0123053,-0.589166,-2.29653,1.03954,0.023815,1.22149,0.0661981,0.0190014,0.019812,1.22358,1.04706,-0.248057,0.203911],[-0.189161,-0.0803095,-1.26828,-0.0469416,-0.52591,-0.577294,-0.129416,0.0760553,-0.00939391,-0.0111816,-0.0205968,0.53549,-1.59734,-0.0180215,0.991036,-2.40666,0.0395435,0.0744217,0.0384991,0.198929,-0.881614,-0.00586211,0.0997282],[0.0131293,0.00554119,0.0189281,-0.0120741,0.0674566,0.031976,0.039449,-0.00616778,0.0105367,-0.0024016,0.00795458,0.0357983,0.116574,0.0116958,0.00679337,1.06521,0.00299947,-0.00866612,0.00581212,0.0278782,0.00653431,-8.99512e-05,0.00271667],[-0.0191595,0.0698941,0.487618,0.126532,0.302785,1.38492,0.434106,-0.118274,0.174493,0.0835161,0.0367467,-1.60857,6.76489,0.052189,-0.0597402,3.2149,1.23464,-0.283147,0.0963437,-0.906736,1.38881,0.116008,0.106257],[-0.00193448,-0.0757149,0.0290255,0.0167074,-0.00358899,-0.0144871,0.448063,0.00185982,-0.058332,0.000535528,-0.0159766,0.0522022,-0.545908,-0.0265096,0.00151641,-0.109836,-0.0179167,0.909278,-0.00418998,-0.515794,0.192973,-0.124742,-0.0161787],[0.145,0.0776439,-0.191205,0.188436,1.06508,-0.496406,0.257523,0.133282,-0.200667,-0.0371767,0.0845511,-1.59782,1.47378,0.195394,-0.0352137,5.98633,-0.0733072,0.454432,0.723811,1.22649,-0.182259,0.148672,0.0477958],[0.0035959,0.00858599,-0.0367676,-0.00419509,-0.0365946,-0.0506581,-0.0768346,-0.000183766,-0.00538057,-0.00335319,0.00240035,0.0776686,-0.345138,0.00529738,0.00371804,-0.210869,-0.00156382,-0.020207,-0.00998257,0.198062,-0.0368018,-0.0612292,0.00153753],[0.0589637,0.0497356,0.16528,0.00444308,0.135079,0.0933208,-0.0262534,-0.019685,-0.0165747,0.00429834,0.00565387,-0.120583,0.558813,0.00978589,-0.0130566,0.292649,0.00281192,-0.0165476,-0.014563,-0.188441,0.226459,0.110726,0.0176115],[0.034269,0.118007,0.200121,0.0729836,-0.212043,0.0305189,0.239938,-0.0238977,0.183885,0.0459582,0.0412424,-0.131218,0.856395,0.054577,0.0293569,0.29673,-0.0250373,-0.211717,0.00135515,-0.231691,-0.27381,0.597127,0.0739342],[-0.157362,-0.103905,0.436404,-0.0294648,-0.50038,0.00221652,-0.606833,0.078066,0.0367422,0.051664,-0.037436,-0.0980575,1.06435,-0.139531,-0.0772249,-0.613516,0.0894404,0.268576,0.0800352,-0.335835,-0.394046,0.237602,1.0777],[-0.034366,0.0183805,-0.102573,-0.0459377,0.00555351,-0.328889,-0.0788467,0.030082,0.00854241,-0.0207971,-0.0181872,0.105257,0.809813,-0.0237932,-0.0339315,-0.240154,0.000372718,0.0112608,0.0113076,-0.0738419,0.0451693,0.0116413,-0.00755862],[-0.138762,-0.104641,-0.0725695,0.0116833,-0.389188,-0.4229,-0.0498356,0.0547199,-0.0358263,-0.0434632,-0.0374023,0.101189,-1.27443,-0.0381726,0.0129119,-0.558055,-0.045757,0.0437902,-0.0083334,-0.0144607,-0.502752,0.000912219,-0.0472285],[-0.0202625,0.024255,0.0208246,0.00832519,-0.14695,-0.03959,-0.182991,0.00665666,-0.0285966,0.00464177,-0.000147488,-0.168509,0.710774,0.001335,0.00241554,0.1248,0.00589289,0.016952,0.00844062,-0.0766721,0.0983486,-0.0102681,0.0201006],[-0.0403372,-0.0676531,-0.115416,0.0904249,0.109769,-0.251495,-0.271211,0.00808349,-0.137312,-0.0771645,-0.0603936,0.760115,-4.54178,-0.0786395,0.0422452,-1.66956,0.0207997,0.158775,-0.00702289,0.0510363,-0.500995,-0.109875,-0.030476],[-0.00713236,0.00872589,-0.0179247,-0.0168,0.010082,-0.0263038,-0.0254631,-0.00184337,-0.000606546,-0.000489497,0.0017265,-0.0458014,-0.350838,-0.0022108,0.00363761,-0.140806,0.00173082,-0.0138656,-0.0031554,0.0106358,-0.0300488,0.00815831,-0.00379117],[-0.00685066,-0.00254077,-0.00319283,-0.0115083,0.0170255,0.0632559,-0.00542635,-0.0079649,-0.0200758,-0.0184688,0.0154863,0.167011,-0.738466,0.0197534,0.027784,-0.238473,-0.00628092,-0.0113301,-0.00891264,-0.18355,-0.0336736,-0.00588684,-0.0229749],[0.0129551,-0.0244986,-0.0122028,-0.00102153,0.0537521,-0.0306889,-0.0198473,0.00195214,-0.00387734,-0.00695544,-0.00118317,0.0370423,-0.14173,0.0052219,-0.0100642,0.173255,0.00452502,-0.0137866,-0.000754416,-0.105286,0.0225775,0.0210441,4.26415e-05],[0.0858563,0.114308,-0.0749229,-0.0164897,0.0428373,0.140213,-1.19949,0.0226717,-0.00328765,-0.0991986,-0.0934165,0.561286,-2.93759,-0.135611,-0.101453,-1.59142,0.0651935,0.173462,-0.0465295,0.714533,-0.913346,0.0161727,-0.11749],[-0.0179631,0.0572273,0.0145482,-0.00419592,-0.373067,-0.359512,-0.275878,0.0647145,-0.145308,-0.0971896,-0.0108493,0.371201,-1.85916,0.0627277,0.0133186,0.948887,0.0450377,0.0790309,-0.0673143,-0.760852,-0.236373,0.0796618,-0.0264265],[0.0781162,-0.0592352,0.0156814,0.155267,-0.0679486,-0.263099,0.282271,0.0016474,0.0251807,-0.150197,0.0251659,0.130552,1.7995,-0.0106365,-0.0169989,-0.104525,0.0231604,-0.0401701,-0.0260669,0.569136,-0.251592,0.0957935,-0.0537078],[0.0733581,0.117414,0.14056,-0.0405117,0.131222,-0.21279,0.0998229,-0.0269295,0.132985,-0.0542125,0.021924,-0.326207,0.389608,0.0454709,0.0397945,0.578915,0.0713755,0.0194077,-0.024077,1.11835,-0.0319357,0.254408,0.0739936],[-0.00617463,0.00594494,0.0932418,0.00654986,-0.0601028,0.0262693,-0.018239,0.00494209,-0.0136487,0.000322896,-0.00240163,-0.0908155,0.154682,0.00182671,-0.00430329,0.140224,0.00119867,0.00798219,-0.000412903,-0.0928694,0.0528786,-0.0253532,0.00577242],[-0.00627637,-0.00264139,-0.0137909,-0.00175351,-0.0239302,-0.0292034,-0.0134852,0.00209392,-0.00360127,-0.00139001,-0.000133361,0.0198527,-0.106024,0.000140875,1.0186e-05,0.00447904,0.000747126,-0.000690445,-0.000487062,0.00829594,-0.00640007,-0.00214606,4.35183e-06],[-0.0631658,-0.0069796,-0.263788,0.123838,-0.205403,-0.584039,-0.106126,0.03702,0.00267868,-0.0915306,-0.0566658,0.965964,-2.08307,-0.105791,-0.0231572,-1.74222,-0.0119232,-0.0505549,-0.0297405,-0.00293514,-0.694218,0.0582561,-0.141438],[0.0694003,-0.0136326,0.943455,0.09807,0.298625,0.288675,-0.0255138,-0.0498349,0.102484,0.0226297,0.0207124,-0.367771,3.00671,0.0154825,0.0204924,1.76999,-0.00312815,-0.00921207,-0.052378,0.269621,0.626307,0.0383723,-0.0227338],[-0.00957159,-0.00323451,-0.0176317,0.0104143,-0.055296,-0.0295014,-0.0269029,0.00420358,-0.0150267,-0.00319498,-0.00798251,-0.005612,-0.225977,-0.013905,-0.00475239,-0.0949997,-0.000555357,0.00528736,-0.00454753,-0.0107125,-0.00960762,-0.000736358,-0.00563679],[0.162793,0.263212,-0.503106,-0.2753,0.212337,-0.835488,-0.427738,0.0213065,-0.108723,-0.0522128,-0.026619,1.11393,-3.53639,-0.0200509,0.037061,-1.36539,-0.156262,0.0368742,-0.069434,0.712316,-1.0404,0.188825,-0.0909819],[0.0343036,0.115887,-0.0850943,0.00455147,0.015064,-0.0221578,-0.381849,-0.00819006,0.0565645,-0.000708265,0.00129385,0.0478884,0.256875,0.00799711,-0.00461032,-0.000995319,0.0209178,0.0519602,0.004329,0.533267,-0.173599,0.088796,0.0107028],[-0.044895,-0.262931,0.635252,-0.331728,-0.328451,0.23019,0.364996,-0.0992517,-0.0467309,0.0224126,-0.0927915,1.75026,-4.27327,-0.19073,0.00780638,-5.03925,0.0109044,-0.282516,0.183368,-1.29538,0.0989816,-0.153551,-0.108732],[0.005201,0.0114992,-0.00453492,0.0179715,-0.0102654,-0.0349673,0.0331568,-0.000320208,-0.00417063,0.00555777,0.00800728,-0.00062724,0.360193,0.010736,0.00539835,0.0716034,-0.00125149,-0.0165063,4.82784e-05,-0.00379432,-0.0406541,-0.00774669,0.0146063],[-0.0123318,-0.00074944,-0.13387,0.0116388,0.0143126,-0.0133981,0.0369315,-0.00706558,0.000588852,-0.0164444,0.0016314,0.210382,-0.397041,-0.00109951,0.0225259,-0.252668,0.00497272,-0.00450524,0.00938632,0.15534,0.174072,0.0176442,-0.00523955],[0.0299396,0.104801,-0.181135,-0.0238209,0.00276165,-0.0532838,-0.324437,-0.0204595,0.0585221,0.0333313,0.000235064,0.0728604,0.804061,0.0181362,0.0163152,0.188599,-0.0135028,-0.0716042,0.0110811,0.0219112,0.221035,0.0693361,-0.0107809],[0.124305,0.0359009,-0.369899,0.0919777,0.410467,0.00231792,0.532455,-0.0554713,0.0224034,0.0041793,0.0291223,0.0974734,-1.49695,0.0623228,0.0141726,0.275122,-0.0183686,-0.169134,-0.0530253,1.38662,0.347086,-0.142627,-0.0334314],[0.0367005,-0.0203034,-0.0188706,0.0269303,0.13256,0.0260831,-0.297753,-0.00621707,-0.00999577,-0.0146441,-0.02157,0.0459186,-0.119545,-0.0163305,-0.0267992,0.544805,0.0325041,0.111949,-0.0020514,0.523014,0.153223,0.0395205,-0.015883],[0.0199144,0.0326726,-0.18313,-0.0495262,0.094301,-0.0974035,0.0352633,0.0321856,-0.0371852,-0.0154959,-0.00340897,0.0564478,-0.937893,-0.00444134,-0.0215942,0.183108,0.0298799,0.0872933,-0.00811604,0.0541201,0.0532644,-0.0128258,0.00629211],[0.00384225,0.00497746,-0.00655605,-0.00402544,0.0350521,0.00653298,0.000596511,-6.37729e-05,0.00696301,0.00188235,-0.00083048,0.131309,0.145431,0.00226723,0.00565061,-0.0611778,0.00845894,9.52483e-05,-0.00154839,0.155071,-0.037531,-0.00455646,0.00198413],[0.0190983,-0.0573703,0.295714,0.0303572,-0.0146479,0.281325,0.109298,0.010415,0.0232721,0.0511891,0.000409095,-0.593281,1.46701,-0.00525766,-0.0512371,1.36698,-0.025476,0.058412,0.000837665,-0.310089,0.370417,0.0568737,-0.00845527],[-0.01237,0.00157793,-0.0258868,-0.00107847,0.016426,-0.0420653,-0.0716502,-0.00289219,0.00103256,-0.0091225,-0.00172673,-0.0409601,0.299187,-0.00376212,-0.0129972,0.0653671,0.00253754,-0.00210104,0.00199019,-0.000864081,-0.00056208,0.0191934,-0.00348059],[-0.000412258,0.00432703,0.0220087,0.0028498,-0.0246091,0.0369925,-0.0748823,0.000368056,-0.0120006,-0.00507598,-0.000422598,-0.0271284,-0.253021,-0.00621594,-0.0137347,0.0450774,0.0022708,0.000568879,-0.0065322,0.0563221,-0.0296779,-0.0264822,-0.00820337],[-0.000956903,0.00736768,-0.0234218,-0.00924438,0.0110706,-0.0448547,-0.0963446,-0.00273573,-0.00277244,-0.000323538,-0.00113707,0.0588974,-0.260294,0.00294724,0.00396334,0.0136597,0.00245424,-0.011094,0.00047395,0.116602,-0.0129029,-0.0162208,0.00396042],[0.0606092,-0.0598137,-0.0328117,-0.136659,0.450514,0.161237,0.446118,-0.00436878,0.0492116,-0.00924843,0.053725,0.205421,1.24904,0.046969,0.115105,-0.67597,-0.0320451,-0.0190835,0.030209,-0.0745946,-0.11233,0.182304,-0.0313595],[0.0576632,0.0402529,0.289835,0.0121677,0.187012,0.50014,0.226679,-0.00125113,0.237854,0.0310455,0.0209069,-0.542177,4.91,0.045201,-0.0207871,1.61387,0.0261131,0.0866161,0.0270185,0.623834,0.232114,0.127525,0.0455625],[-0.00297621,0.0488883,-0.0967702,-0.0238964,-0.261824,0.0211749,-0.0928798,0.0149251,0.0123182,-0.0703961,0.000790636,0.268012,0.16021,-0.0325221,0.0316722,-1.01429,-0.0403142,0.0140155,-0.0366139,0.397079,-0.0417239,0.146064,-0.0693465],[-0.0435855,-0.14049,0.319862,-0.0631946,-0.14213,-0.0357834,-0.203549,0.0225957,0.0855489,-0.0232483,-0.04359,0.0494765,0.271961,-0.0482306,-0.00182669,-0.72535,0.0289684,0.000102436,0.0391966,0.696275,0.0282848,0.0107193,0.00841877],[-0.0102186,0.00383712,0.021219,-3.35297e-05,-0.0212805,0.0296348,-0.00302581,-0.00337355,-0.0100197,-0.00296793,-0.00381504,-0.0132079,0.237372,-0.00250647,-0.00458182,0.0648667,0.000628003,0.00623245,-0.000837309,-0.00544507,0.0309893,0.00353232,0.00155358],[-0.00269859,0.0033673,-0.00616668,-0.00199639,0.00413964,0.00606244,-0.00274895,-0.000554095,0.00270239,0.00121833,-7.31516e-05,-0.0168308,0.0265272,0.000293755,-0.000890405,0.0341402,-0.000476437,-0.00244334,0.00128166,0.00616715,0.0063314,-0.00279345,0.00141647],[-0.0961884,0.00220618,0.00455616,0.0136036,-0.368681,-0.0591207,-0.427116,0.00764839,0.0783345,-0.0112909,0.020642,-0.440232,4.07099,0.0368276,-0.0199823,0.460902,-0.0608125,0.0167261,0.0136974,-1.07429,-0.289796,0.160186,-0.0474769],[0.121045,0.111092,0.345396,-0.049015,0.230208,0.316912,0.126992,-0.0283015,-0.0752715,-0.00892601,-0.0024144,-0.245788,-1.21365,-0.00416164,-0.0319092,0.624064,-0.0449107,-0.0882235,0.0162583,-0.35305,0.252997,-0.0415439,-0.070307],[-0.00377093,-0.00280136,-0.00174156,0.00182354,-0.01207,-0.00312825,-0.0122497,0.00206965,0.00461806,0.00542411,-1.81637e-05,-0.0283868,0.104692,0.00212088,-0.00194576,0.0279296,-0.00239458,0.00388216,-0.00121266,-0.0164419,0.00229102,0.00137696,0.00285742],[-0.142876,-0.334085,0.0169446,0.149951,-0.511999,-0.550303,-0.00226626,0.0969364,-0.0647425,-0.0314291,-0.00971219,0.500162,-3.21161,-0.0318878,0.0230474,-1.84747,-0.0788036,0.246936,-0.0267982,0.196942,-0.347826,-0.302058,-0.015571],[-0.0299931,-0.0443806,0.0630571,-0.0192301,-0.000907819,0.043187,-0.0501129,0.00684937,0.0058289,-0.00105206,0.0152116,-0.107132,0.361151,0.0183217,0.00210111,0.141876,-0.00198048,0.0411424,-0.000123525,-0.0186904,-0.0152772,0.0499483,0.00337613],[-0.0935545,0.210945,-0.435553,0.144878,-0.775238,0.259984,-0.66526,-0.0404512,0.230928,0.0183909,0.0115619,-0.193709,2.87488,-0.00164713,0.0321776,-1.03915,0.055898,-0.191077,0.0823326,-0.0537358,0.0853231,-0.0191278,0.0599554],[0.00579656,0.00923321,-0.013924,-0.00554157,0.014576,0.0274315,0.00912117,-0.00455962,-0.0061026,0.00325285,-0.00511559,-0.00272331,-0.219197,-0.00546621,-0.0108365,0.0875822,-0.00154356,-0.015302,0.00236608,0.0474613,0.0337249,-0.00838712,0.00411525],[-0.0108583,-0.0165053,-0.0398964,0.000936747,-0.0390574,-0.0676968,0.0271604,0.00692955,-0.00522293,0.00297111,-0.00623628,0.0426726,-0.209792,-0.0043125,0.00701571,-0.169546,-0.00253848,-0.00890145,-0.000661043,-0.101181,0.0461481,-0.0538741,-0.00644768],[0.0490151,0.000946973,0.0472149,-0.00357766,0.193121,0.142758,0.148541,-0.0128932,-0.034083,-0.000997962,-0.000415722,-0.00603092,-0.203988,0.00419671,0.0107542,-0.0367211,-0.00735046,-0.0577546,-0.00674311,0.0449064,0.169053,0.0644729,0.0122283],[0.0209021,0.0551373,-0.0264944,-0.0254693,-0.0569739,-0.0797656,-0.0261154,-0.0158512,-0.0609943,-0.0836614,0.00383068,0.0526443,0.257593,0.0484954,0.0819944,0.214144,-0.075001,-0.0643614,-0.014263,-0.780576,-0.0314934,-0.0715388,-0.116053]],"sigmahat":[[0.160078,0.104391,0.049884,-0.0507127,0.438536,0.174736,0.262557,-0.0409173,0.0272115,0.0238018,0.00641484,0.0592498,0.90239,0.0146024,-0.00398377,0.326207,-0.00850798,-0.136796,0.00672525,0.223074,0.181457,-0.0262315,0.0241522],[0.104391,0.317472,-0.0934132,-0.125264,0.157702,0.240502,-0.0398902,-0.0794601,-0.0107432,0.0508715,0.0209761,-0.164784,1.06923,0.0279163,-0.0094566,0.504219,-0.0277551,-0.342406,0.0192294,0.222948,0.218397,-0.167031,0.0508675],[0.049884,-0.0934132,1.11023,0.0647373,0.035355,0.440623,-0.00294219,0.040099,0.106029,-0.0236431,0.0104619,-0.983619,3.4996,-0.000537501,-0.0468184,1.56751,0.0317553,0.266163,-0.0162292,-0.146588,0.28975,0.218765,-0.0259808],[-0.0507127,-0.125264,0.0647373,0.281197,-0.243738,-0.0687074,-0.131918,0.0522645,0.0568939,-0.0301534,0.00412096,-0.147291,0.509209,0.00351231,0.00696794,0.0856347,0.0295396,0.272785,-0.020294,-0.191278,-0.131848,0.211843,-0.0244801],[0.438536,0.157702,0.035355,-0.243738,2.62209,0.88147,1.32329,-0.114618,0.116955,0.0736448,0.00456398,1.20503,0.644062,0.0653422,0.0399891,-0.0345729,-0.0231843,-0.342346,0.0317661,1.28228,0.579114,-0.0880917,0.0760531],[0.174736,0.240502,0.440623,-0.0687074,0.88147,1.77945,0.233403,-0.0954284,0.207511,0.107147,0.0800673,-1.07746,5.3866,0.0836076,-0.00943754,1.26068,-0.0070371,-0.167359,0.0178693,0.920455,0.676078,0.143327,0.0556417],[0.262557,-0.0398902,-0.00294219,-0.131918,1.32329,0.233403,2.04275,-0.0286679,0.0876327,0.0282533,0.0144503,0.815032,-0.110737,0.0418201,0.0596303,-0.420341,-0.0279494,-0.136155,0.0197819,0.215751,0.500877,0.0154987,0.0222925],[-0.0409173,-0.0794601,0.040099,0.0522645,-0.114618,-0.0954284,-0.0286679,0.0533766,0.00696906,-0.0292181,-0.00991317,-0.0184058,-0.240982,-0.00810193,-0.00439802,0.0619758,0.0156458,0.171917,-0.00885651,-0.121492,-0.0706918,0.0794496,-0.0176571],[0.0272115,-0.0107432,0.106029,0.0568939,0.116955,0.207511,0.0876327,0.00696906,0.187409,0.0173553,0.0307257,-0.242261,2.84719,0.0338721,0.00265475,0.340255,0.00551868,0.0692725,0.0140458,0.260133,0.112241,0.171209,0.00891806],[0.0238018,0.0508715,-0.0236431,-0.0301534,0.0736448,0.107147,0.0282533,-0.0292181,0.0173553,0.0555707,0.0187296,-0.122917,0.62468,0.0204584,0.0031319,0.154596,-0.0135825,-0.101659,0.00949876,0.0619895,0.125205,-0.0510342,0.0386643],[0.00641484,0.0209761,0.0104619,0.00412096,0.00456398,0.0800673,0.0144503,-0.00991317,0.0307257,0.0187296,0.0443387,-0.141118,1.04983,0.0475185,0.0260204,0.218068,-0.00239913,-0.02333,0.00171261,0.0232745,0.0439214,0.0561496,0.0139608],[0.0592498,-0.164784,-0.983619,-0.147291,1.20503,-1.07746,0.815032,-0.0184058,-0.242261,-0.122917,-0.141118,6.41841,-15.3842,-0.0775396,0.23373,-6.10057,-0.0437134,-0.32423,0.01383,1.15707,-0.844898,-0.642856,-0.0979058],[0.90239,1.06923,3.4996,0.509209,0.644062,5.3866,-0.110737,-0.240982,2.84719,0.62468,1.04983,-15.3842,112.748,1.18082,-0.23243,20.8868,-0.0285461,-0.0815038,0.323139,1.11917,4.04868,3.55539,0.650461],[0.0146024,0.0279163,-0.000537501,0.00351231,0.0653422,0.0836076,0.0418201,-0.00810193,0.0338721,0.0204584,0.0475185,-0.0775396,1.18082,0.0702753,0.0364734,0.356661,-0.00360586,-0.0269675,0.00205543,0.00574255,0.0624524,0.0468486,0.0258017],[-0.00398377,-0.0094566,-0.0468184,0.00696794,0.0399891,-0.00943754,0.0596303,-0.00439802,0.00265475,0.0031319,0.0260204,0.23373,-0.23243,0.0364734,0.0659035,-0.394115,-0.00375006,-0.0198584,0.002624,0.109369,-0.05048,0.0088364,-0.00273673],[0.326207,0.504219,1.56751,0.0856347,-0.0345729,1.26068,-0.420341,0.0619758,0.340255,0.154596,0.218068,-6.10057,20.8868,0.356661,-0.394115,17.7628,0.0826127,0.457516,-0.0517614,-1.17688,2.75542,0.978021,0.270928],[-0.00850798,-0.0277551,0.0317553,0.0295396,-0.0231843,-0.0070371,-0.0279494,0.0156458,0.00551868,-0.0135825,-0.00239913,-0.0437134,-0.0285461,-0.00360586,-0.00375006,0.0826127,0.0303705,0.0837238,-0.0053835,-0.00106799,-0.00590083,0.0491916,-0.00642298],[-0.136796,-0.342406,0.266163,0.272785,-0.342346,-0.167359,-0.136155,0.171917,0.0692725,-0.101659,-0.02333,-0.32423,-0.0815038,-0.0269675,-0.0198584,0.457516,0.0837238,0.807048,-0.0436605,-0.208644,-0.239751,0.459095,-0.0697592],[0.00672525,0.0192294,-0.0162292,-0.020294,0.0317661,0.0178693,0.0197819,-0.00885651,0.0140458,0.00949876,0.00171261,0.01383,0.323139,0.00205543,0.002624,-0.0517614,-0.0053835,-0.0436605,0.019858,0.132829,0.0378752,-0.0275527,0.00696588],[0.223074,0.222948,-0.146588,-0.191278,1.28228,0.920455,0.215751,-0.121492,0.260133,0.0619895,0.0232745,1.15707,1.11917,0.00574255,0.109369,-1.17688,-0.00106799,-0.208644,0.132829,10.5009,0.171572,0.122964,-0.0366428],[0.181457,0.218397,0.28975,-0.131848,0.579114,0.676078,0.500877,-0.0706918,0.112241,0.125205,0.0439214,-0.844898,4.04868,0.0624524,-0.05048,2.75542,-0.00590083,-0.239751,0.0378752,0.171572,2.40866,-0.167737,0.107573],[-0.0262315,-0.167031,0.218765,0.211843,-0.0880917,0.143327,0.0154987,0.0794496,0.171209,-0.0510342,0.0561496,-0.642856,3.55539,0.0468486,0.0088364,0.978021,0.0491916,0.459095,-0.0275527,0.122964,-0.167737,0.772921,-0.0412157],[0.0241522,0.0508675,-0.0259808,-0.0244801,0.0760531,0.0556417,0.0222925,-0.0176571,0.00891806,0.0386643,0.0139608,-0.0979058,0.650461,0.0258017,-0.00273673,0.270928,-0.00642298,-0.0697592,0.00696588,-0.0366428,0.107573,-0.0412157,0.0683805]],"n":23,"lags":3}