{"betahat":[[3.53435,1.6178,3.32123,-3.99835,18.338,11.0613,14.7108,1.21092,-0.353182,2.8428,2.3708,0.559914,14.3846,-6.29013,79.1373,1.99067,0.558541,30.2563,32.8592,7.74944,2.26009,24.9255,8.36195,1.56223,15.9247,-10.6248,1.16313],[0.942919,-0.0161948,-0.0348219,0.0713966,-0.414532,0.102552,0.0833153,-0.00384852,0.0106431,0.0451633,0.0145852,0.0354597,0.375166,-0.247398,0.919369,0.0344376,0.0152424,0.53463,0.0193874,0.018815,0.00157658,-0.463191,-0.174351,0.0469201,0.278277,-0.127235,0.057037],[0.0872659,0.93271,0.303099,0.110564,0.29838,0.474997,0.171433,-0.0377475,0.110605,0.0612635,0.0567405,0.0674441,0.106777,-0.31656,4.01592,0.0728217,0.00962168,0.960325,0.0691326,0.0203453,0.0226112,0.00735338,-0.0813947,0.0374122,0.745106,0.118042,0.0506282],[0.0169708,-0.0399809,0.951717,0.00677005,0.125302,0.0162146,0.0729508,-0.0103341,0.0220387,-0.00350837,-0.0134035,0.0059572,-0.0896011,0.061603,-0.377769,0.00124765,-0.00779069,-0.0226738,0.00151233,0.00411816,-0.00484544,-0.144786,-0.0385434,-0.0065748,-0.0289229,0.0128876,-0.0130055],[-0.032993,0.0210779,-0.145785,0.872552,-0.182795,-0.130153,0.143134,0.0253111,0.0948227,0.016715,0.018735,0.0515561,0.217755,-0.212595,2.6369,0.0842488,0.0150925,0.486073,0.0112814,0.0649999,-0.00658963,-0.122406,-0.187673,0.0211841,0.090204,0.107752,0.024205],[0.0177852,0.0152112,0.0532302,0.0182157,0.913311,0.101151,0.0247608,-0.00354435,-0.00132106,0.0116088,0.0135976,0.00289268,0.0294965,0.0325919,0.00135336,0.00391458,0.0091164,0.0496481,-6.14076e-05,-0.0153627,-0.00234528,0.0412763,0.00482864,0.0121289,0.0225751,-0.0166035,0.00267139],[0.0114583,-0.002581,0.0183968,0.00129403,0.00817975,0.909148,0.0326945,0.00163442,0.0207088,0.0198657,0.0286022,-0.0114206,-0.0398457,-0.157259,0.773413,-0.0121634,-0.0131572,0.103795,0.00194065,-0.0144996,0.00948222,0.111443,-0.004481,0.00909935,-0.0888262,0.0294649,0.0249887],[-0.0206373,-0.0348266,0.0565477,-0.0105391,0.0451038,-0.0203632,0.960702,0.000323776,0.00070483,0.00977099,0.0192956,-0.000238983,-0.0378279,0.0793706,0.192577,-0.00101924,0.0235948,-0.381938,-0.0137611,-0.00465346,0.00309715,-0.176416,-0.0794201,0.0268551,-0.193239,-0.0308675,0.017819],[-0.0864551,0.0883211,0.335913,0.116809,-0.536858,-0.0837423,-0.119655,0.876708,-0.142376,0.0138902,-0.0129964,0.0175143,0.126201,-0.70217,-2.32721,0.0704623,0.037177,1.73944,-0.223446,0.56161,-0.0241453,-1.20935,-1.01578,-0.0422165,0.560223,-0.141768,-0.00613398],[0.0101036,-0.0963983,-0.202416,0.0107327,0.252845,-0.122634,-0.108261,-0.079009,0.902889,0.0467791,0.047069,-0.0169671,-0.714417,0.112647,-1.77748,-0.0981569,0.0078404,-2.15565,-0.0402002,-0.152802,0.0425891,0.420731,-0.351645,0.0825137,-0.0231108,-0.171863,-0.024894],[0.0833954,0.173631,0.0369012,-0.323877,0.944126,1.24159,0.311435,-0.0461977,-0.0835669,1.2231,0.29492,0.0708793,-0.727748,-1.14669,-0.85939,0.146662,-0.115052,3.05307,-0.101619,-0.13778,-0.00253222,-1.99883,-0.41356,0.133341,-0.0610152,-0.022819,0.309133],[-0.148463,-0.322062,-0.0763945,0.215971,-0.05887,-0.86776,-0.32111,0.0934313,-0.0497944,-0.119355,0.842397,-0.114708,0.22479,1.71745,-7.99117,-0.0853966,0.139108,-1.32709,-0.135227,0.0587522,0.0532308,-0.02529,0.327999,0.0163035,0.24634,-0.321196,-0.138386],[0.0161793,-0.0353835,-0.0750874,0.0648352,0.609615,0.874088,0.467055,0.0880293,-0.109253,0.0483865,0.0623593,0.972969,-0.965724,0.00940348,1.53519,0.0532458,0.0319048,0.703851,-0.265122,0.079637,-0.00772345,-1.8042,0.89971,0.0291917,0.0351101,-0.0597496,-0.18701],[-0.00942056,0.0677155,-0.0450351,0.00138106,-0.0452978,0.163938,-0.0166981,-0.00584995,0.0360412,0.00697665,0.00569558,0.0108357,1.03293,-0.149138,0.780513,-0.00282008,-0.00434884,-0.173867,-0.0121836,-0.0289556,0.00589951,0.104916,-0.092606,0.00480442,-0.0216489,0.0300227,0.00063505],[0.00061187,-0.00396509,-0.116092,0.00193229,-0.0108384,-0.0866229,-0.0246011,0.00424587,0.0193272,0.00926085,0.00189987,0.00944945,-0.0431311,0.995693,-0.675133,0.00683971,0.00440932,-0.101694,0.00795316,-0.0310627,0.000478265,0.0545817,0.0214459,-0.00015668,-0.0458885,0.0182586,0.0041546],[0.00222959,-0.00055964,0.00935705,0.00177599,-0.00712853,-0.000755284,0.00180469,0.000310336,-0.00283686,-0.00095662,-0.000339677,-0.000972305,0.00150095,0.00323795,0.782803,-0.00184409,-0.000278841,-0.0457521,-0.00562055,-0.000927993,-0.00119279,-0.0178737,-0.0114772,-0.00140686,-0.00508235,0.00180144,-0.000913904],[0.278475,0.0630431,0.280591,-0.155015,1.09653,0.712268,0.699182,-0.092134,-0.0915107,0.0939326,0.0885897,-0.0676466,0.4196,-0.232841,-3.31676,0.894149,-0.0133976,0.79294,0.24224,-0.111867,0.0340259,1.88613,0.0349583,0.028108,1.6588,-0.343617,0.275761],[-0.120669,-0.0151877,-1.17172,0.0176317,-0.662408,-0.464357,-0.273286,0.0321076,0.166675,0.0680603,0.052838,0.0349234,-1.16166,0.0460967,0.518786,-0.0200112,0.852867,-1.72123,0.142396,0.0914269,0.0772453,0.920472,-0.322858,0.0836063,-0.131824,0.0190853,0.0966889],[0.00408034,-0.00682407,0.0213229,0.00196695,0.0485329,0.0122649,0.0263955,0.000518948,0.0127809,-0.00254498,-0.00248377,0.00805176,-0.00178263,0.0324324,0.0345931,0.0125307,0.00730935,0.97844,0.00998156,0.019544,0.00324677,-0.0111359,0.0252166,0.00115727,-0.00343573,0.0201076,0.00555748],[-0.0204055,-0.0592387,0.626802,0.20398,0.310602,0.787316,-0.0296131,-0.0690435,0.174742,0.103243,0.0679035,0.044681,0.734693,-1.18598,6.3124,0.123024,-0.0104408,2.76465,0.546143,0.152872,0.089699,-0.496824,-0.991777,0.00594902,1.94167,0.115865,0.154056],[-0.0492042,-0.0970878,-0.051166,0.0356129,-0.251312,-0.1588,-0.142568,0.0195411,-0.0320235,-0.0272544,-0.0197098,-0.0152053,0.163605,0.0148865,-0.561503,-0.0329015,0.00269468,-0.274058,0.00249145,0.325138,0.00114541,-0.256272,0.0158307,-0.00121846,-0.0809923,-0.0404928,-0.0235007],[0.263455,0.266998,-0.239843,0.149888,1.08707,-0.437447,0.541435,-0.00419457,-0.300601,-0.0053319,-0.0420185,0.0719326,-1.25,-1.21091,-1.76786,0.140549,-0.0280132,4.58895,0.0912458,-0.297949,0.594365,-0.263587,-0.115652,-0.0462429,0.0286645,-0.117562,0.02393],[0.0082774,0.00335033,-0.0293896,0.00154716,-0.0225669,-0.0564648,-0.015295,0.00530566,-0.0099449,-0.00546122,-0.0060238,0.00598297,-0.0417822,0.0891647,-0.456211,0.0133736,0.0136171,-0.227298,-0.00764083,0.012276,-0.0142354,0.00325983,-0.0243278,-0.000251535,0.0202155,-0.045271,-0.00301149],[0.0104887,-0.00392333,-0.0827895,-0.0417318,0.214386,0.0773936,0.0483626,-0.00846549,0.0306835,-0.012937,-0.0178307,-0.0128422,0.0537142,0.16232,-0.361494,-0.0264392,-0.00749942,-0.214302,0.00325862,0.00174767,0.00300988,-0.0273514,0.834241,-0.0103637,0.131165,-0.0728051,-0.0261813],[-0.485224,-0.088026,-0.8992,0.12546,-1.2666,-0.846543,-1.07734,0.0980436,-0.0292557,-0.0935461,-0.0892223,-0.0912373,-0.567341,0.38716,0.587604,-0.112207,0.0351094,-2.72187,0.182553,0.115451,0.0156394,-0.157512,0.405054,0.923696,-0.445396,-0.163847,-0.0405342],[0.0146804,0.0717237,0.01123,-0.0284004,-0.000633734,0.0386174,-0.0136756,-0.0280064,0.00189915,0.00554489,0.00826762,0.00355398,0.0725231,-0.00799436,0.574845,0.00146756,-0.00820287,0.100247,-0.00959163,-0.104101,0.00199176,0.143069,-0.0156121,0.00159402,0.270478,-0.00456565,0.00143846],[0.01941,0.115992,0.17885,0.0496125,-0.238245,-0.0181118,-0.0667759,-0.0203564,0.189083,0.0486271,0.0401067,0.048095,0.118391,-0.136185,1.37922,0.0584107,0.0365119,0.132192,0.096926,0.0325139,0.00908856,-0.193383,-0.142167,0.0310559,-0.287727,0.465286,0.0616187],[0.0475899,0.0662014,0.80417,-0.00160527,-0.711349,0.163201,-0.334736,-0.0217375,0.00593796,0.0546573,0.103825,0.0194487,0.469531,-0.211883,3.30962,-0.126583,-0.0407051,-0.1653,0.313155,0.269494,0.0620964,-0.470598,0.458428,0.0537951,0.0109028,0.421383,0.819019],[0.0229506,0.0335884,-0.0108733,-0.0340975,0.118307,-0.284067,-0.097001,0.0223652,0.0136824,-0.0352488,-0.0161111,-0.0267084,-0.236701,0.23734,-1.02172,-0.0269779,-0.0137062,-0.637653,0.00758287,0.032085,0.00272741,0.0643136,0.185729,-0.0379477,0.0240739,0.0631054,-0.04038],[-0.108923,-0.00298092,-0.113461,-0.0215642,-0.364819,-0.38647,-0.194879,0.0296702,-0.0538398,-0.0616571,-0.0669574,-0.0565804,0.285852,0.252033,-3.35788,-0.0568185,0.0170419,-1.08046,-0.0519886,-0.0269833,-0.0194061,-0.0429852,-0.0244421,-0.0355062,-0.772456,-0.0219433,-0.0668719],[-0.0329038,0.0176684,0.0282898,0.0144733,-0.193947,-0.0554948,-0.126038,0.0153969,-0.0171153,0.00155262,0.00809619,-0.00360128,-0.049158,-0.167449,0.455811,-0.00453923,0.000245406,0.0874287,-0.00180067,0.0375397,0.00974416,-0.0122532,0.0566175,0.000759842,0.105069,-0.0100651,0.0108594],[0.0109118,0.0163511,-0.0969486,0.0882432,0.206103,-0.110842,-0.0725279,-0.0272916,-0.136418,-0.0670953,-0.0633515,-0.0533986,-0.156428,0.751658,-4.26421,-0.0737769,0.0419389,-1.68006,0.0312196,-0.0193146,-0.00623353,0.0965835,0.173535,-0.0249252,-0.422257,-0.176126,-0.0335329],[-0.00508084,-0.0117833,-0.0173109,-0.01248,0.0394453,-0.0489254,-0.000347911,0.00347277,0.00339683,0.000793131,-0.00128834,-0.000685781,-0.0131726,-0.0326151,-0.213893,-0.00287058,-0.000408374,-0.0765532,-0.00203765,0.013811,-0.000698765,-0.0250873,0.019317,0.000296987,-0.0078357,0.0121977,0.00072479],[-0.0104625,-2.56111e-05,-0.0231143,-0.00196844,-0.00985711,0.0643109,-0.022613,-0.00571918,-0.0125292,-0.0129268,-0.0172445,0.0169926,-0.0302297,0.137437,-0.362177,0.020421,0.0245479,-0.149555,-7.38717e-05,-0.0051284,-0.00449994,-0.146687,-0.028372,-0.00109499,0.0606956,-0.00404026,-0.0173149],[0.0286518,0.0217879,-0.00351686,0.018148,-0.00623858,-0.0237975,0.0178246,0.000947151,0.00729206,-0.0125075,-0.0174135,0.00686154,0.0283855,0.0326698,0.0495535,0.00897956,-0.00421968,0.104158,0.0112995,0.00539455,-0.00034584,-0.0736526,0.00243689,-0.0181732,0.173812,0.0268165,-0.0193856],[0.137485,0.159474,0.129791,-0.0670807,0.172297,0.280059,-0.0220569,0.00962259,-0.0560832,-0.0604958,-0.0329963,-0.096585,0.159181,0.170341,-0.443731,-0.137888,-0.185632,0.13569,0.0610634,0.199601,-0.0638059,0.217315,0.667257,-0.0623773,-0.377232,-0.163833,-0.081048],[-0.0483148,0.0527829,-0.0339239,-0.0205306,-0.355528,-0.283397,-0.0940685,0.0729767,-0.125659,-0.0758643,-0.0718725,-2.6951e-05,0.406174,0.29257,-1.41168,0.058528,0.00624793,0.815554,0.0209666,0.101091,-0.0601995,-0.798779,0.0992201,-0.0575491,-0.163476,0.0797863,-0.0141949],[0.155795,0.0692956,0.0172933,0.0935638,0.145447,-0.309783,0.256501,-0.0171332,-0.0320517,-0.0705268,-0.0836999,0.0158651,0.85069,-0.0272802,2.03239,0.0185806,-0.0132708,0.588988,0.0195128,0.00102148,-0.0297242,-0.12682,-0.039455,-0.070282,0.0363901,0.0208127,0.0253613],[0.0539526,-0.0314528,0.0491083,0.0877861,-0.269147,-0.266792,-0.0576695,0.00736385,0.00802939,-0.0934217,-0.097271,0.0282713,0.551053,-0.520764,2.30041,0.0139497,-0.0606019,0.450608,0.0302828,0.221038,-0.0108875,0.0545261,0.0222783,-0.0892154,0.0532888,0.23713,0.010747],[0.18494,0.287345,0.215774,-0.0157725,0.188672,0.00132435,0.148386,-0.0577015,0.165664,-0.0234427,0.00231578,0.0207996,-0.146814,-0.462904,2.76225,0.0510737,0.0416533,0.426156,-0.0546146,0.0422433,-0.0127873,0.874193,-0.836057,-0.025338,0.273237,0.336397,0.0287178],[0.00120839,-0.0539558,0.0178783,-0.000361362,0.0292392,-0.11477,0.0136895,0.00374137,-0.0423735,-0.00472567,-0.00313069,-0.0143842,-0.0632212,0.134102,-0.928824,-0.00571255,0.000866887,0.0965035,0.00166748,0.0102843,-0.00557383,-0.218889,0.0565861,-0.00546158,0.0549759,-0.0277157,-0.000228203],[-0.00640874,0.00594624,0.0926382,0.00184065,-0.0622581,0.00911034,-0.01785,0.00269011,-0.0149971,-0.00133311,0.00325339,-0.00179371,0.111857,-0.0884141,-0.041139,0.00138358,-0.0047431,0.135153,-0.00195336,-0.0128583,-0.00193326,-0.0969458,-0.0226161,-0.000772061,0.0465413,-0.0274955,0.00311268],[-0.00374759,-0.00250018,-0.00536187,0.000951055,-0.0211883,-0.0245246,-0.0130987,0.00230714,-0.00167226,-0.00136624,-0.00143746,0.000123426,-0.00344166,0.0183122,-0.0814426,0.000361881,0.000522292,-0.0011603,-0.000675791,0.00562761,-0.000780522,0.00265611,0.0142577,-0.000238517,0.00821973,0.00171531,-0.00116012],[-0.0285622,0.0373668,-0.14609,0.107341,-0.198579,-0.499058,-0.223255,0.0306749,-0.0481099,-0.0735535,-0.0717774,-0.0782305,0.0314977,0.575547,-2.86167,-0.103049,-0.0648673,-1.06009,0.0494095,0.0655278,-0.0389256,-0.105069,-0.00809399,-0.0391208,-0.738359,0.0364661,-0.0227909],[-0.0224508,0.0408493,0.586595,0.0313019,0.0633872,0.0510685,-0.0932388,-0.0688699,0.0811152,0.0257202,0.04841,0.0188597,0.678268,-0.226485,2.61137,-0.01351,0.00763231,0.87426,0.00527744,-0.210024,-0.0429606,0.523549,0.0911257,-0.0193878,0.187808,-0.0985646,0.000991163],[-0.00566851,-0.000553426,-0.018261,0.00597065,-0.0440801,-0.0188812,-0.030762,0.00126298,-0.0134112,-0.00362899,-0.00371773,-0.00675978,-0.000351688,0.00300027,-0.127932,-0.0127633,-0.00399075,-0.066408,-0.00389573,-0.00133588,-0.00292429,0.00654891,0.00417903,-0.00231516,0.00213427,-0.00611867,-0.00646952],[0.149948,0.279288,-0.496563,-0.315598,0.322091,-0.475637,0.163889,0.0286949,-0.0522209,-0.0390217,-0.0181394,-0.0356206,-0.878909,0.597535,-1.83099,-0.0529766,-0.0198214,-0.618938,-0.145663,-0.101092,-0.0587593,0.283709,0.657317,-0.00509052,-1.05933,0.138774,-0.0761863],[0.0764188,0.160086,0.011121,-0.000263652,0.0946515,0.0992549,0.0963559,-0.0225872,0.0508187,0.0265186,0.0188347,0.00589374,-0.037029,-0.136074,1.18011,0.0119142,-0.0144411,0.384966,0.0477659,0.0377817,-0.00489652,0.242432,-0.0526657,-0.000867666,0.0211181,0.0691595,0.0302187],[-0.0699997,-0.222055,0.425901,-0.283605,-0.616032,-0.0118377,-0.242747,-0.106282,-0.0220939,-0.026183,0.0649661,-0.107397,0.524268,2.25096,-4.71373,-0.214089,-0.00400864,-5.9962,0.0403203,-0.331086,0.1806,-1.00901,-0.278841,0.0634957,-0.80884,0.0145412,-0.110496],[-0.000481721,0.00384039,-0.00325347,0.0182808,-0.00783254,-0.0208928,0.000160444,0.00593366,-0.00591847,0.00560863,0.00173597,0.0116686,-0.0413469,-0.0172049,0.365153,0.0151135,0.0119263,0.03417,-0.00319503,0.00684131,-0.00361796,-0.0845118,-0.0346618,0.0039082,-0.0398594,-0.00396166,0.00986632],[0.0132403,0.00398008,0.0348468,0.0424356,-0.135296,-0.110727,0.0233316,0.00571004,-0.0191303,0.00396277,0.0128671,-0.00409901,-0.0527144,0.0210395,0.240087,-0.00171025,-0.00611258,-0.0686098,0.0145411,0.048726,-0.00217035,-0.22981,0.176255,0.00801645,-0.200066,0.0639475,0.00910953],[0.291817,0.063458,0.635967,0.104655,0.794708,0.580691,0.652212,-0.0675605,0.287633,0.0490941,0.0305793,0.113514,0.251625,-0.201594,6.18018,0.15431,-0.0163689,1.86402,0.109619,0.0117293,0.0354136,0.770149,-0.119064,-0.0528774,0.338842,0.132208,0.0464312],[0.000465366,0.0426179,-0.150646,-0.0237294,0.0314145,0.0104653,0.0378161,-0.0208768,0.00131467,-0.0157786,-0.0210893,-0.0075512,0.0537291,0.233352,-0.975788,-0.00695631,0.0133297,-0.338996,-0.00509046,-0.101022,0.00842998,0.253105,-0.0933329,-0.00262726,-0.0421713,-0.0295991,-0.0120787],[-0.00188048,0.110519,-0.180694,-0.0386242,-0.0985932,-0.0602273,-0.0848082,-0.017634,0.0554863,0.0456425,0.0339637,0.00478905,-0.013176,-0.094563,0.951696,0.02164,0.00848139,0.209503,0.0144056,-0.0217992,0.00866465,-0.142509,-0.284746,0.0248365,0.253309,0.00634571,0.00205226],[0.0206498,-0.0345801,-0.333701,0.0743715,0.223704,-0.0667981,0.358772,-0.00701547,0.0738359,0.0628278,0.0246274,0.0132397,-0.345828,-0.227074,-1.21831,0.0345292,-0.000405787,0.124065,0.0671627,-0.0437785,-0.0346351,2.02302,-0.28549,0.0328297,0.304003,-0.116103,-0.0271866],[0.0339345,-0.017505,0.0459051,-0.0373539,0.295839,0.181368,0.0130373,-0.0184955,-0.0244171,-0.00988508,0.00155851,-0.0086831,-0.138613,0.00874525,0.107612,-0.00739574,-0.00157995,0.104376,-0.0272102,-0.0506944,-0.00434181,0.398962,-0.0114928,-0.0089769,-0.30251,0.0643203,-0.0165714],[0.0215632,0.0700512,-0.189448,-0.0889408,0.0664082,-0.0884669,0.0233645,0.00807378,-0.0567336,0.000381918,0.0102057,-0.010823,-0.393086,0.0635793,-0.654532,-0.0159498,-0.0266766,0.122195,-0.0173671,0.00678618,-0.00323283,0.0361929,0.105803,-0.00191767,0.0272703,-0.095977,0.0162206],[0.0158332,0.0224554,0.0192653,-0.0209894,0.0675102,0.0387191,0.0524674,-0.00503278,-0.00498658,0.00190938,0.00529553,-0.00230172,0.13912,0.104734,-0.0729124,0.00329923,0.00753776,-0.0635606,-0.00024653,-0.0416281,-0.0049588,0.156939,-0.0176116,0.00581513,-0.0754702,-0.00258165,0.00215044],[0.021831,-0.0377227,0.243104,0.039092,-0.0236822,0.241324,-0.0709907,0.00206387,0.0416606,0.0504089,0.0446062,0.00190323,-0.0614835,-0.540678,1.63279,-0.0103856,-0.057014,1.19558,-0.0427257,-0.0451661,0.0127873,0.0261693,0.0138883,0.00372224,0.332091,0.0687043,0.00933351],[-0.0129069,-0.00346218,-0.0361716,-0.00561207,0.0450355,-0.0533711,-0.0253744,0.000105225,-0.00220916,-0.0124949,-0.0123347,-0.00235311,-0.0158107,-0.000642997,0.212913,-0.00124049,-0.00883496,0.02698,0.00170206,0.0015398,0.00297905,-0.0181047,-0.0237629,-0.0125008,-0.0148212,0.00435118,-0.00329954],[-0.00118008,0.00247199,0.00450238,0.000794595,0.000363776,0.0252433,-0.0107099,0.00411816,-0.0082962,-0.00701907,-0.0114002,-0.00569018,0.0695664,0.0197738,-0.40943,-0.00835061,-0.0114942,0.0468579,-0.00210648,0.0195668,-0.0049922,0.0352438,0.0332987,-0.00806522,0.0282804,-0.0256988,-0.00757722],[-0.00965147,0.0124796,-0.0538306,-0.00613441,-0.0491457,0.0377313,0.0129779,-0.00101182,-0.00841422,0.00233768,-0.0019765,-0.00720872,0.00935173,-0.115231,-0.217636,-0.00861578,-0.0204215,0.284868,0.000707773,-0.00113965,-0.00298123,0.235549,0.0803265,-0.00927327,0.0203032,0.00448054,0.00217417],[0.0904477,-0.0775388,-0.183353,-0.10679,0.455532,-0.12719,0.249244,0.0236811,0.0727089,-0.0476624,-0.0502099,0.064827,-8.61536e-05,0.503993,-0.866183,0.0638608,0.118223,-0.262804,0.160684,0.116506,0.0415073,0.348674,-0.0379531,0.00203281,0.676652,0.30565,-0.0575031],[0.0363379,0.0423845,0.237257,0.00895368,0.10005,0.407328,0.1991,0.00639375,0.222032,0.0292432,0.0247851,0.017277,0.306264,-0.414262,3.21186,0.0399824,-0.0139883,1.34945,0.0168891,0.0535807,0.0173998,0.382553,0.249329,-0.0248815,0.185754,0.0929963,0.0392524],[-0.0191715,0.0430849,-0.134745,-0.0571871,-0.231599,-0.100979,-0.0154482,0.00895936,-0.040825,-0.0352071,-0.0367244,-0.0051365,-0.220891,0.13383,0.807796,-0.00545801,0.0227503,-0.186293,-0.0223326,-0.100276,-0.0140168,-0.0995494,0.0761969,-0.0162865,-0.138998,-0.0701745,-0.0165398],[-0.0642472,0.0281709,-0.173069,-0.044543,-0.279146,0.0393281,-0.184472,0.00559719,-0.0534701,-0.0372193,-0.0372122,0.0180269,-0.167577,0.035503,0.176997,0.0045764,0.0341254,-0.526847,-0.0307746,-0.0640461,-0.0309105,0.213991,0.0172305,-0.00904892,-0.118741,0.0171578,-0.0407203],[-0.032217,-0.158875,0.308381,-0.124644,0.202203,0.19648,0.138366,0.0166429,0.173144,0.0146974,-0.0228625,-0.0619932,-0.0158674,-0.0607328,2.26135,-0.072211,-0.0371943,-0.326975,-0.133835,-0.0302011,0.070354,0.377376,-0.407934,-0.0197328,0.323897,0.0219028,0.014422],[0.00881044,-0.0119171,0.0340352,0.00318848,0.0151872,-0.0333256,-0.000584781,0.000783651,0.00784154,-0.00118053,-0.00174228,0.00439441,0.0242719,-0.0225545,0.260733,0.00913254,0.00262164,0.103324,0.0106856,0.0260657,-0.000434375,0.136167,0.0274222,0.00103998,-0.0310616,0.00331501,0.000276838],[-0.0107546,0.00250824,0.0275398,-0.00701167,-0.0310286,0.00829441,-0.015079,-0.00339185,-0.0153697,-0.00337445,-0.00129466,-0.00119197,-0.00805088,-0.00488785,0.0577325,-0.00134394,-0.00381688,0.0574205,0.00174216,0.00271697,-0.00255439,-0.0266869,-0.0111374,-0.00201431,0.0169793,-0.000819477,-0.00072634],[-0.00469296,0.00191051,-0.00815576,-0.00533307,-0.000450776,0.00189791,-0.00367522,-0.00112768,-0.000288434,0.000774136,0.000771391,-0.000477255,0.00482935,-0.00835466,-0.0397657,-0.000438148,-0.000837206,0.0173139,-0.00427494,-0.0128106,6.31983e-05,-0.00227946,-0.0032899,0.000360496,-0.0199548,-0.00658645,0.000460167],[-0.0884635,-0.0306864,0.0252535,-0.0529036,-0.0818114,0.0519068,-0.101386,0.00509518,0.0557778,0.00217816,0.00409944,-0.00476878,-0.177032,-0.430263,3.37836,0.0202267,-0.0463925,0.828437,-0.0537068,-0.0253446,0.0185364,-1.26325,-0.0986456,-0.0179236,-0.188501,0.0991142,0.0371833],[0.0163819,-0.0744124,0.356759,0.0591618,0.138794,0.204858,0.077956,0.0402721,-0.0445596,-0.0367875,-0.0356582,-0.00831699,0.320944,-0.256191,-1.07911,-0.0225017,-0.0214121,-0.0955164,-0.00417821,0.200717,0.0131243,-0.129526,0.369342,-0.014885,-0.106657,0.102233,-0.0674341],[0.000415478,0.00545699,-0.0133177,-0.00500269,0.00241878,-0.00179628,0.00263236,-0.00225443,0.00206358,0.0039257,0.00432435,-0.000678327,-0.00480478,0.0013753,0.0758202,0.00130424,-0.000165021,0.0322344,-0.00192543,-0.0171409,-0.0011604,-0.0138087,-0.0160935,0.00126668,-0.00569927,-0.00792264,0.00189364],[-0.105439,-0.209075,-0.133251,0.0981658,-0.490626,-0.294158,-0.047712,0.0292382,-0.110609,-0.0567083,-0.0450655,0.00371389,0.00394497,0.741052,-4.47314,-0.0519115,0.0443334,-2.11775,-0.292143,-0.0291971,-0.0260306,0.142609,0.295578,0.00464808,-0.905238,-0.222499,-0.062577],[0.000596233,-0.0387672,0.0648864,-0.0279982,0.117798,0.0908095,0.0412398,-0.00611777,0.00585021,0.00213331,0.00151826,0.0178769,-0.109821,-0.071828,0.266401,0.0158707,1.22075e-05,0.125494,0.036498,-0.00485504,-0.00119843,-0.131973,-0.0407034,-0.00180199,0.0175545,0.0756916,0.00168642],[-0.277138,-0.165431,-0.371676,0.315363,-1.04844,-0.128,-0.79231,0.0865729,0.19615,-0.0784752,-0.11756,0.00837323,1.08912,0.164715,0.27157,0.00449287,0.129257,-1.79415,0.0887946,0.354554,0.0844153,-0.131697,0.362421,-0.00550461,-0.489514,0.269913,-0.0266355],[-0.00230294,0.00489028,-0.0228164,-0.00621393,-0.000712504,0.0365109,-0.003348,-0.000987306,-0.0088852,0.0010504,0.000728592,-0.00418423,0.0039442,-0.000765546,-0.292858,-0.00496619,-0.00596399,-0.00428317,-0.00375163,-0.0113491,-0.0004232,-0.0437264,-0.0476664,0.000498632,-0.00282232,-0.0171017,6.61539e-05],[-0.0179008,-0.0154622,0.0376122,0.0075691,-0.0429401,0.0398615,-0.0389633,0.0027939,-0.00672314,-0.00183294,-0.00398283,0.00345777,-0.0278071,-0.0252196,-0.259648,0.00988689,0.0109842,0.0429664,0.0147902,0.0281853,-0.00229813,0.232797,-0.0203681,-0.000625384,-0.000897667,0.0154046,-0.00121888],[0.0705312,-0.0334159,0.145958,-0.0980195,0.365715,0.325054,0.215497,0.00858432,-0.0908408,0.00141984,-0.010041,0.0288131,-0.300683,0.333055,-2.17767,0.0349779,0.0428542,0.0402599,0.0237917,0.0557848,-0.0144801,1.20235,-0.0961513,0.0363754,-0.00213403,0.0216392,-0.0309965],[-0.00423345,-0.0133721,-0.0187079,-0.0250859,0.018965,0.01438,0.00979174,-0.0075179,-0.00632278,-0.00449391,-0.00395525,-0.0089686,0.00166987,0.029303,-0.301997,-0.00946686,-0.00329097,-0.134238,-0.00853709,-0.0705112,-0.00126008,-0.0424908,-0.0206549,-0.00325829,-0.124013,-0.0468869,-0.0101697],[0.0564068,0.00548247,0.0634587,-0.0181031,0.261942,0.182931,0.0717348,-0.0106942,-0.0375327,0.00670916,0.0037024,0.0127357,-0.0484974,-0.0747087,-0.366259,0.0158277,0.0133185,-0.125425,0.0156129,0.00517654,-0.0144896,-0.00117988,-0.172006,0.0127223,0.166399,0.0705815,0.0215178],[-0.0929823,0.0473958,-0.0663586,-0.0901162,-0.22721,-0.0636927,-0.199355,-0.00157019,-0.0491608,-0.0695619,-0.0643543,-0.0284292,-0.168088,-0.221697,-1.83315,-0.0073611,0.0457976,-0.209485,0.0132151,-0.119383,0.00804801,-0.421426,-0.150695,-0.0367307,-0.409726,-0.225181,-0.112401]],"sigmahat":[[0.142422,0.0713672,0.0988956,0.00642509,0.326405,0.105789,0.225635,-0.0180956,0.0303658,0.010029,0.0129958,0.00805149,-0.0273167,-0.007873,1.05374,0.0169801,-0.00236961,0.343513,0.0165107,0.0122828,-0.000915151,0.167341,-0.0591738,0.000916801,0.251508,0.0483027,0.0187715],[0.0713672,0.195494,0.0200833,-0.0295482,0.0505361,0.136034,0.0475599,-0.0281154,0.00589572,0.00806566,0.0139461,0.0124035,0.00346411,-0.233913,1.0934,0.0221553,-0.0125089,0.682781,-0.000342166,-0.0901323,-0.00156185,0.0919062,-0.161084,-0.0069906,0.186024,-0.00906143,0.0222488],[0.0988956,0.0200833,0.969457,0.0500894,0.107875,0.418005,0.00376019,0.000252785,0.0864989,0.00314498,0.00736206,0.0218662,0.125417,-0.780327,3.71018,0.0118612,-0.0309976,1.15169,0.0279798,0.184355,-0.00217285,-0.151005,-0.0178976,-0.0219657,0.458353,0.131158,0.00842098],[0.00642509,-0.0295482,0.0500894,0.225976,-0.141273,-0.0425297,-0.0956394,0.0146303,0.0380943,0.00693731,0.00753315,0.0122948,0.0453,-0.0902435,0.737022,0.0143631,0.0131411,0.0730245,0.0179711,0.18534,-0.00261921,-0.105206,0.107488,0.00587094,0.271764,0.113618,0.00302893],[0.326405,0.0505361,0.107875,-0.141273,2.076,0.663533,0.896177,-0.0547577,0.0795992,0.0348862,0.0136076,0.0118304,-0.325204,0.909203,-0.0935646,0.0615904,0.0405617,-0.174697,0.067771,-0.140994,0.000105321,1.00247,-0.103864,0.017402,0.158232,0.0647576,0.0444934],[0.105789,0.136034,0.418005,-0.0425297,0.663533,1.46316,0.253512,-0.065474,0.14238,0.0634153,0.0590609,0.060579,-0.0541486,-0.829922,3.2871,0.0644071,0.00555235,0.683856,-0.00448051,-0.1027,-0.00260172,0.536324,-0.373778,0.028967,0.152655,0.142955,0.0341018],[0.225635,0.0475599,0.00376019,-0.0956394,0.896177,0.253512,0.849531,-0.0302227,0.0739161,0.0420006,0.0333015,0.0142673,-0.109919,0.399552,0.323189,0.0421757,0.0260717,0.0911376,0.0274,-0.107824,0.00942597,0.301243,-0.14218,0.0286737,0.11746,-0.00459299,0.0491378],[-0.0180956,-0.0281154,0.000252785,0.0146303,-0.0547577,-0.065474,-0.0302227,0.0266566,-0.00161898,-0.0062244,-0.00649975,-0.00420468,0.0136769,0.0289648,-0.170217,-0.00363897,0.000102615,-0.0140069,0.00126641,0.0679291,0.00156601,-0.0362758,0.0773151,-0.00335206,0.0224871,0.0101762,-0.00473626],[0.0303658,0.00589572,0.0864989,0.0380943,0.0795992,0.14238,0.0739161,-0.00161898,0.14673,0.0275514,0.019707,0.0301542,-0.00776446,-0.178406,2.40664,0.036213,0.0111764,0.289121,0.00961155,0.0481437,0.015116,0.194482,-0.0415541,0.00636998,0.229638,0.113537,0.0169742],[0.010029,0.00806566,0.00314498,0.00693731,0.0348862,0.0634153,0.0420006,-0.0062244,0.0275514,0.0350086,0.0306487,0.0154877,-0.072618,-0.109806,0.701679,0.0174969,0.00302981,0.228854,0.00309299,-0.00123875,0.00395008,0.0649131,-0.054784,0.0192453,0.0893048,0.0166588,0.0240893],[0.0129958,0.0139461,0.00736206,0.00753315,0.0136076,0.0590609,0.0333015,-0.00649975,0.019707,0.0306487,0.034356,0.0121542,-0.0716857,-0.134356,0.65541,0.0124977,-0.0021317,0.237945,0.00253585,-0.00128141,0.00205271,-0.00681716,-0.037865,0.0183853,0.0739623,0.0166013,0.0233534],[0.00805149,0.0124035,0.0218662,0.0122948,0.0118304,0.060579,0.0142673,-0.00420468,0.0301542,0.0154877,0.0121542,0.0381667,-0.0175633,-0.1237,0.974532,0.0415278,0.0240391,0.220414,0.00886275,0.0133376,0.00218266,0.0591832,-0.058962,0.013824,0.092938,0.0690764,0.0121679],[-0.0273167,0.00346411,0.125417,0.0453,-0.325204,-0.0541486,-0.109919,0.0136769,-0.00776446,-0.072618,-0.0716857,-0.0175633,2.10089,-0.501216,-1.0858,-0.0337157,-0.0205611,0.0521311,-0.0499736,0.0564096,-0.0237827,-0.146216,-0.020787,-0.0523507,-0.402747,0.0572632,-0.0346292],[-0.007873,-0.233913,-0.780327,-0.0902435,0.909203,-0.829922,0.399552,0.0289648,-0.178406,-0.109806,-0.134356,-0.1237,-0.501216,5.23629,-13.3233,-0.0727102,0.170238,-4.99632,0.0595624,-0.207944,-0.00063366,1.06831,0.807352,0.00587923,-0.741179,-0.469018,-0.0912312],[1.05374,1.0934,3.71018,0.737022,-0.0935646,3.2871,0.323189,-0.170217,2.40664,0.701679,0.65541,0.974532,-1.0858,-13.3233,105.537,1.14104,-0.167735,21.7038,0.0992563,1.23111,0.292239,1.01134,-2.37074,0.0152773,6.83208,3.51431,0.757564],[0.0169801,0.0221553,0.0118612,0.0143631,0.0615904,0.0644071,0.0421757,-0.00363897,0.036213,0.0174969,0.0124977,0.0415278,-0.0337157,-0.0727102,1.14104,0.06016,0.0319129,0.337637,0.0118416,0.00649834,0.00271698,0.0635083,-0.0800813,0.012914,0.123147,0.0673915,0.0207495],[-0.00236961,-0.0125089,-0.0309976,0.0131411,0.0405617,0.00555235,0.0260717,0.000102615,0.0111764,0.00302981,-0.0021317,0.0240391,-0.0205611,0.170238,-0.167735,0.0319129,0.0549272,-0.31891,0.00824386,0.0028531,0.00324248,0.155451,-0.0294285,0.0165454,0.0054191,0.0267175,-0.00196882],[0.343513,0.682781,1.15169,0.0730245,-0.174697,0.683856,0.0911376,-0.0140069,0.289121,0.228854,0.237945,0.220414,0.0521311,-4.99632,21.7038,0.337637,-0.31891,15.3765,0.0836706,0.342929,-0.0141908,-1.11994,-0.619938,-0.088104,3.00925,0.723707,0.334224],[0.0165107,-0.000342166,0.0279798,0.0179711,0.067771,-0.00448051,0.0274,0.00126641,0.00961155,0.00309299,0.00253585,0.00886275,-0.0499736,0.0595624,0.0992563,0.0118416,0.00824386,0.0836706,0.075497,0.0733688,0.00255512,-0.019713,0.0259726,0.00188698,0.0917875,0.0429019,0.0112362],[0.0122828,-0.0901323,0.184355,0.18534,-0.140994,-0.1027,-0.107824,0.0679291,0.0481437,-0.00123875,-0.00128141,0.0133376,0.0564096,-0.207944,1.23111,0.00649834,0.0028531,0.342929,0.0733688,0.627962,0.00249125,0.031449,0.345029,-0.0028696,0.561948,0.25694,0.000860957],[-0.000915151,-0.00156185,-0.00217285,-0.00261921,0.000105321,-0.00260172,0.00942597,0.00156601,0.015116,0.00395008,0.00205271,0.00218266,-0.0237827,-0.00063366,0.292239,0.00271698,0.00324248,-0.0141908,0.00255512,0.00249125,0.0138349,0.0782365,-0.0203015,0.00216994,0.0494139,0.0029092,0.00255384],[0.167341,0.0919062,-0.151005,-0.105206,1.00247,0.536324,0.301243,-0.0362758,0.194482,0.0649131,-0.00681716,0.0591832,-0.146216,1.06831,1.01134,0.0635083,0.155451,-1.11994,-0.019713,0.031449,0.0782365,7.76031,-0.00182502,0.0664526,0.920387,0.133068,-0.0324184],[-0.0591738,-0.161084,-0.0178976,0.107488,-0.103864,-0.373778,-0.14218,0.0773151,-0.0415541,-0.054784,-0.037865,-0.058962,-0.020787,0.807352,-2.37074,-0.0800813,-0.0294285,-0.619938,0.0259726,0.345029,-0.0203015,-0.00182502,1.44277,-0.0315866,-0.0280911,0.0253098,-0.0532398],[0.000916801,-0.0069906,-0.0219657,0.00587094,0.017402,0.028967,0.0286737,-0.00335206,0.00636998,0.0192453,0.0183853,0.013824,-0.0523507,0.00587923,0.0152773,0.012914,0.0165454,-0.088104,0.00188698,-0.0028696,0.00216994,0.0664526,-0.0315866,0.0229043,0.00147329,0.00939131,0.0101744],[0.251508,0.186024,0.458353,0.271764,0.158232,0.152655,0.11746,0.0224871,0.229638,0.0893048,0.0739623,0.092938,-0.402747,-0.741179,6.83208,0.123147,0.0054191,3.00925,0.0917875,0.561948,0.0494139,0.920387,-0.0280911,0.00147329,3.80024,0.311769,0.0797604],[0.0483027,-0.00906143,0.131158,0.113618,0.0647576,0.142955,-0.00459299,0.0101762,0.113537,0.0166588,0.0166013,0.0690764,0.0572632,-0.469018,3.51431,0.0673915,0.0267175,0.723707,0.0429019,0.25694,0.0029092,0.133068,0.0253098,0.00939131,0.311769,0.490612,0.0156972],[0.0187715,0.0222488,0.00842098,0.00302893,0.0444934,0.0341018,0.0491378,-0.00473626,0.0169742,0.0240893,0.0233534,0.0121679,-0.0346292,-0.0912312,0.757564,0.0207495,-0.00196882,0.334224,0.0112362,0.000860957,0.00255384,-0.0324184,-0.0532398,0.0101744,0.0797604,0.0156972,0.0446238]],"n":27,"lags":3}