{"betahat":[[1.81189,-1.29184,23.427,2.66074,-0.449144,4.02261,-4.53713,-0.722995,2.74423,7.1621,0.0782541,-0.215203,3.04162,0.149084,0.336402,-0.126993,-4.15176,39.7496,19.8174,1.75375,-32.8509,8.36593,0.238879],[0.672148,-0.208884,0.368019,0.0599303,-0.476054,-0.0329292,0.025887,0.035731,0.153675,-0.0165413,-0.00483432,-0.00886487,-0.0539666,0.00485022,-0.00817679,-0.0677965,-0.030641,-0.0490607,0.19582,-0.0060919,-0.928242,0.218796,0.00322105],[0.0526722,0.692678,-0.244374,0.198675,0.224482,0.0923097,-0.041265,0.000448403,0.00354641,0.0665204,0.0119652,-0.00845125,-0.00449124,-0.00799385,-0.00543105,0.0132345,-0.0448256,0.00101523,0.0939242,0.0174569,-0.444242,0.104254,-0.0149933],[0.0377156,-0.0188102,0.697597,-0.00771421,-0.00267826,0.101327,-0.0053005,0.0115102,-0.06017,0.108014,0.00505247,-0.0141887,-0.0134831,-0.0125269,0.011644,0.0226637,0.0123934,-0.0421308,-0.0610274,-0.0128827,-0.491807,-0.0179783,-0.00191318],[0.0967525,0.21861,0.000760854,0.498427,0.283249,0.0330478,-0.0408303,-0.0682639,0.182537,-0.101421,-0.00946705,0.0175288,-0.0189998,0.00941155,-0.0342909,0.0976874,0.00870046,-0.0234107,-0.0751147,-0.0177969,-0.484702,-0.0830501,0.0170244],[-0.0756113,0.0172246,-0.0606412,-0.0410682,0.717046,-0.0104391,-0.0287903,-0.0168037,-0.0531626,0.0622964,-0.00680067,0.0067502,-0.0366208,0.00932183,-0.00701359,-0.0437628,-0.0123521,-0.0489469,0.0361284,0.00858038,0.189476,0.0550387,0.00234296],[0.0288454,0.086243,0.0703828,0.0575058,0.0713864,0.680885,-0.0442201,0.00735029,0.119283,0.113108,0.00297324,-0.00291312,0.0170552,-0.00237382,9.59771e-05,0.00631547,-0.000648922,-0.00654243,0.0771003,-0.00768929,0.0287287,0.0429118,0.0116629],[0.337306,0.395673,0.166705,0.197691,0.762976,-0.0349182,0.726257,-0.0186057,0.143288,0.222663,0.0196703,0.0107956,0.0537528,0.0333813,0.00853267,0.104152,-0.13082,-0.0499817,0.179621,0.000656485,0.13365,-0.266302,0.0383696],[0.229094,0.933744,0.0864283,0.712022,0.725755,-0.162452,0.0273511,0.678101,-0.480427,0.538911,-0.0580974,0.0449709,-0.133321,0.0531983,0.077944,0.168707,-0.176115,0.168591,0.089584,0.170314,-1.90625,-0.098198,0.061848],[0.124257,0.203221,-0.0897081,0.00297695,0.188007,-0.0652573,0.0286253,-0.0250624,0.681706,0.00856867,0.00998043,-0.00245734,0.00992902,-0.00473854,-0.00364364,0.043089,0.102892,0.00318122,0.0388004,0.0286645,-0.523752,-0.225079,-0.0016937],[-0.0677966,0.087704,0.156156,-0.260879,-0.413343,-0.397888,-0.267339,-0.024582,0.212463,1.04612,-0.0345009,-0.023418,-0.064095,-0.031445,-0.0424831,-0.021558,-0.29399,0.0318563,-0.0612273,0.00411233,-2.23228,0.11296,-0.00743503],[0.00795622,-1.62886,-1.30752,1.16417,-0.637656,3.84137,1.42561,0.710711,-1.15349,-1.24795,0.879644,-0.265828,-0.0180182,-0.335197,0.587021,-0.26544,1.54895,-0.249118,1.71948,-0.645115,9.63392,2.91953,-0.406914],[0.659981,0.608451,-0.270145,0.0719644,1.59769,1.1668,0.23381,0.0352029,-1.61119,-0.210476,-0.0901152,0.945911,0.0209974,-0.00423518,0.215741,0.610109,0.136072,0.124845,-0.695905,-0.435357,-2.03992,-0.330338,0.0642614],[-0.250537,0.36924,0.865501,-0.15423,0.00455953,-1.42586,-0.241717,0.144607,-0.286872,-0.338602,0.0137375,0.0279334,0.754965,0.0346743,-0.278035,-0.253843,-0.476043,0.437449,-1.31603,-0.0518286,-2.98979,-0.0384548,-0.00208543],[0.32161,1.30517,0.0858403,-0.219663,-1.19598,-0.933455,-0.273642,-0.378096,0.12909,0.541275,0.0644208,0.306682,-0.175784,1.13475,-0.0693337,-0.100235,0.0641246,-0.578433,-0.771123,0.329516,-1.0638,-1.24451,0.317547],[0.219131,0.00675294,-1.13934,-0.727831,1.62356,3.18039,0.951531,-0.164437,-1.9826,0.757014,-0.00130987,0.144263,0.304882,0.145099,1.21612,0.36245,0.801813,-0.183308,1.11356,0.0660843,4.57107,0.451611,0.0725297],[0.00381016,0.0751658,-0.0450297,-0.518018,0.0548315,-0.0971368,0.198661,-0.112983,-0.492545,-0.16441,-0.0385238,-0.00683407,0.0268253,-0.0211012,0.112885,1.04445,0.201122,-0.00959123,-0.326644,-0.0466594,-0.569784,-0.202224,0.00729681],[0.0801302,0.161254,-0.362077,-0.26153,0.0609874,0.182311,-0.129966,-0.0897557,0.0199052,-0.0895875,0.00702674,0.00655033,0.0598265,0.00260719,0.02157,0.0626941,0.736123,-0.0612994,-0.261572,0.0479811,-0.205363,-0.512839,-0.00555463],[0.372964,0.750175,-1.76401,-0.244249,0.666183,1.70472,-0.549528,-0.271941,1.22275,0.213827,-0.0239699,-0.047735,-0.0101421,-0.075083,-0.164778,0.142865,-0.34777,0.469138,0.0902514,0.142444,-0.144938,0.891266,-0.0803724],[-0.365881,-0.752557,-0.0826242,0.281989,-0.482732,0.198736,0.0161824,0.140498,-0.217406,0.0740425,-0.00879889,0.0132103,-0.111994,-0.015766,0.014494,-0.181385,-0.0888022,-0.047628,0.97402,-0.00341828,0.522211,0.547718,-0.0159342],[0.158812,0.192856,0.908468,0.00615283,0.280975,0.538714,0.121762,0.227633,-1.88848,0.504033,0.130601,-0.0420831,0.177949,-0.0224282,0.262539,0.127012,-0.150677,-0.199441,-0.626481,0.369685,1.1499,0.0765556,0.0314268],[-0.00195313,0.0250743,-0.0389885,0.0223599,-0.00937533,0.0260639,-0.0219206,0.00410603,0.073727,-0.0369075,-0.00162055,0.00151138,-0.0058479,0.00254096,-0.00303953,0.00445133,0.0093439,0.0124207,0.0456359,-0.0139396,-0.654066,0.0256984,-0.000718024],[0.167051,0.0988599,0.139148,0.0952378,0.182762,0.0359301,0.0127292,-0.0245007,0.124501,-0.052106,0.00494102,-0.0221357,-0.0126872,-0.0100787,0.00981709,0.073352,0.0765898,-0.0698958,0.0862453,-0.0186346,-0.416204,0.73333,-0.00696088],[-1.30634,-2.28583,0.266382,0.426217,-3.94027,-1.89782,-0.127002,0.697621,1.04788,0.643108,0.10678,0.0408475,0.0108361,0.0969884,0.0524298,-0.836066,0.0351538,0.308159,1.2515,0.131156,-0.45488,1.94762,0.898621],[0.171531,-0.0525884,-0.143632,0.0278205,0.162783,0.0447217,-0.00862094,-0.0143059,-0.264274,0.0502291,-0.00281838,0.0169577,0.0490619,-0.00149202,0.0194549,0.0225342,0.0602995,0.0484169,-0.197515,-0.0159,-0.0929309,-0.129214,0.000113624],[-0.125566,0.134554,0.241814,-0.253899,-0.311857,0.0107801,0.00480605,0.0226077,0.0728285,0.0292515,-0.0059415,0.00312587,-0.00166638,0.00252891,0.00178059,-0.0269412,0.0295392,0.0088679,-0.0230137,-0.00239636,0.301793,-0.0850539,0.00942753],[-0.0330361,0.111173,0.149121,0.0441699,-0.16719,-0.161684,0.0255367,0.00410929,0.0758792,-0.0620148,-0.0072741,0.00889299,-0.00401952,0.00580093,-0.0141041,-0.0154864,0.00468766,0.016725,-0.0192051,0.00840309,0.185876,-0.123697,-0.00598569],[-0.0711372,-0.00167557,0.11238,0.286558,-0.2504,0.166195,-0.0204315,0.0220634,-0.164761,0.0416669,0.00369329,-0.00813541,0.0179472,-0.0145203,0.00754684,-0.0541566,-0.04766,0.0451346,0.0662678,0.0102724,-0.29737,0.0367036,-0.0101323],[0.0719633,-0.0256512,0.0201854,0.0762587,0.256081,0.0127665,0.0256348,0.0142495,-0.00444549,-0.0336608,0.00347775,0.0034336,0.0144142,0.0027151,0.00222288,0.0411003,0.0264975,0.0258415,-0.00236011,-0.0237342,-0.218957,-0.00701881,0.000925813],[0.0413112,-0.0382972,0.0646832,-0.104807,0.0225354,0.174672,0.0442111,-0.00231475,0.0697473,-0.148411,-0.00392257,-0.00821916,-0.0130884,-0.00626923,-0.0127218,0.0244005,0.00326987,-0.0145267,-0.0774206,0.0215084,0.135659,-0.026817,-0.0150231],[-0.238744,-0.287036,0.128745,-0.112251,-0.513663,0.0648579,0.386021,-0.0074478,-0.242367,-0.12171,0.00884289,0.00778846,-0.00711314,-4.60366e-05,0.0226606,-0.0936853,0.341305,0.0509556,0.0335317,-0.000863386,0.367668,0.19469,-0.0159547],[0.355187,0.257796,-0.677018,-0.240742,0.226754,0.271557,-0.149441,0.0289808,-0.174749,-0.842367,0.0185741,0.0139533,0.0231913,-0.0645242,-0.130972,0.21193,-0.0512713,0.235894,-0.466576,-0.0480745,2.08538,-0.254208,-0.0811311],[-0.0779662,-0.0973757,0.0477378,0.0404226,-0.217688,-0.0633282,-0.0145199,0.0345717,0.12403,-0.032422,-0.0122194,-0.00324134,-0.0181648,0.00366944,0.00935499,-0.0407064,-0.13422,0.00964207,0.0706441,-0.0188985,-0.0631577,0.32813,-0.00232578],[-0.0419405,-0.268015,-0.46986,0.30863,0.361313,0.395923,0.203853,0.0775416,0.00249542,-0.0873754,0.0392519,0.0241361,0.0563613,0.0277539,0.016753,-0.0536053,0.242292,-0.0267308,0.19313,-0.0391192,1.69137,0.0834782,-0.0050164],[-0.194827,0.688404,-0.280082,-2.94365,1.1752,-4.91328,0.247462,-0.521481,-3.03368,0.790488,-0.307536,0.318091,-0.0891423,0.0959508,-0.168652,-0.0986921,-0.723796,-0.199603,-2.82266,0.0648062,-17.0992,-2.30888,0.352123],[-0.217092,-0.146334,0.229366,0.10543,0.10394,-0.140154,0.0790828,-0.0524447,-0.935515,0.178438,-0.0593522,-0.071478,0.0511889,0.0113284,0.206659,0.0637364,-0.293728,0.254465,0.229803,-0.324144,-5.22262,0.0270954,-0.0242067],[0.507755,0.617478,-1.58459,-0.45771,0.883966,0.345876,-0.28184,-0.238252,0.227037,0.499506,-0.0123746,0.0475853,-0.16043,0.0218041,-0.00281832,0.362739,0.228687,-0.0317919,0.052351,0.164785,2.85067,-1.015,0.0596013],[0.195993,0.439363,-0.202016,-0.286548,0.539274,0.0479912,-0.0793935,-0.126262,0.771571,-0.197776,0.0226571,-0.170142,0.0477453,-0.179935,-0.203525,0.14424,-0.0872802,-0.179679,0.169459,0.158342,6.52975,-0.349961,-0.188121],[-0.208089,-0.855008,0.72498,1.22838,-0.535086,-1.51852,-0.280549,0.139524,0.916262,-0.654319,-0.002856,-0.00660167,0.0415948,0.0443452,-0.11426,-0.253618,-0.313079,0.00632898,0.216798,0.100043,-4.4263,-0.140998,-0.00443493],[-0.0213765,-0.119487,-0.144275,0.103632,0.0871875,0.129263,-0.0607839,-0.0238769,0.258246,0.0214517,0.0294981,-0.00726934,-0.0501704,-0.00680826,-0.0948461,-0.0199497,-0.107341,-0.0158326,-0.0153335,0.0665686,0.459561,0.171817,-0.0327894],[0.0463208,0.0471423,0.0610428,0.222959,0.0201964,0.0588594,0.339025,0.0305995,-0.644356,-0.0861272,0.000223976,0.00308422,0.0204654,0.0163932,0.00738369,0.0154157,0.237969,0.0288455,0.227058,-0.0150414,0.398642,0.29277,0.00541998],[-0.242327,-0.536063,0.871457,-0.00806401,-1.07231,-0.809851,0.547901,0.193718,-1.16501,0.25468,0.0469306,0.0377338,0.113704,0.0511809,0.266646,0.0579973,0.290912,0.049864,-0.072388,-0.0540903,2.19922,-1.42174,0.0375523],[0.298828,0.736108,0.167514,-0.360415,0.652527,0.120835,-0.0280957,-0.0944577,0.111934,-0.0915321,0.0183486,-0.0327989,0.0246006,-0.0102197,-0.0658724,0.159802,0.0274072,0.0485683,-0.188371,-0.0118281,-0.288783,-0.457625,-0.00601048],[0.340089,0.690192,-1.51084,-0.668663,0.822996,1.00542,0.0247902,-0.38394,1.04197,-0.736432,-0.0289303,-0.0419351,0.0941045,-0.073818,-0.00766983,0.183882,0.164742,0.163941,0.0487236,0.141287,2.22881,-0.722073,-0.085358],[-0.0107242,-0.0345262,0.0288051,0.0220547,-0.023538,0.0225485,-0.0212196,0.0202657,0.00646017,0.00805068,-0.00166487,0.00512407,0.00047029,0.00614181,0.0026283,-0.000474853,-0.00942383,0.0104824,0.037405,-0.00732413,-0.241644,0.0115548,0.00455609],[-0.0681987,0.0786466,-0.176489,-0.0157592,-0.0694025,-0.0855384,-0.00641892,-0.0117839,0.00904096,0.0910164,-0.00523984,0.0118933,-0.00324663,0.00593179,-0.0152912,-0.0374251,-0.0137859,0.0507737,0.0140421,-0.0016082,0.584954,0.177231,0.00313388],[-0.241293,0.52037,-0.433665,0.0393092,1.68379,0.847075,-0.269429,-0.161459,0.00412917,-0.360268,-0.0027264,-0.00682518,-0.16068,-0.0228279,-0.377923,0.22446,-0.321828,-0.0987642,-0.202822,0.0968433,-3.59105,0.381957,-0.0354947],[0.156237,0.261569,-0.225192,-0.0877856,0.313485,-0.0120362,-0.0173088,-0.0215251,0.110622,-0.0336987,0.00764602,-0.00805543,0.00482984,-0.0033438,-0.0113283,0.0452637,-0.0296504,0.000524145,0.0015726,0.021983,1.02044,-0.0897557,-0.00331104],[0.0728478,0.172728,0.00244188,0.0549946,0.0876487,-0.102794,0.0365532,-0.0231286,-0.0764463,-0.0958371,-0.00601594,0.00535953,0.00616253,0.00548241,0.00366539,0.0137585,0.0152991,-0.010016,-0.0710368,-0.015072,0.141317,-0.0191702,0.00558262],[-0.00455266,-0.0915811,0.151865,-0.036627,0.170655,0.0605664,-0.0203409,-0.0158986,-0.0155197,-0.0463191,0.00223059,0.0053104,0.0173895,0.00670684,0.00233961,-0.00706541,-0.0171249,0.0251351,0.0801923,0.00449007,0.304144,0.141734,0.00786949],[-0.0256013,-0.216679,-0.113807,0.214493,-0.0323324,-0.198915,0.0613183,0.0460847,-0.0175565,0.0597604,0.00580388,-0.00941762,0.000988721,0.00507056,0.0267511,-0.0435707,0.0391386,-0.0216867,0.00944835,0.00748169,0.780634,0.0463977,-0.0068984],[0.00345964,0.00807438,0.0404762,-0.0352676,0.0267379,-0.00249922,0.00296456,0.00256491,0.0574067,-0.0287467,0.00327495,-0.0101453,0.0221724,-0.0120291,0.00475253,0.00259988,-0.0143545,0.0231341,-0.0342923,0.0150938,0.0264321,-0.0480899,-0.00326293],[-0.070206,-0.0480062,-0.135377,0.0472611,-0.0935552,0.144254,-2.36632e-05,-0.00511971,-0.189156,0.0350487,0.000932313,0.0111777,-0.00399894,0.00867645,0.0125903,-0.0307427,-0.00256804,0.0209102,3.07863e-05,-0.0139178,-0.167419,-0.0162835,0.00339755],[-0.0999378,-0.11022,-0.297845,-0.0865776,-0.250942,-0.0306777,-0.112597,0.0262747,0.0990083,-0.100236,-0.0285986,-0.0183586,-0.0466904,-0.0331523,-0.0309158,-0.0111116,-0.210636,0.000507779,-0.210808,-0.000112262,-0.511431,0.0696819,-0.0222317],[-0.0494347,-0.319369,0.123001,-0.405707,0.186449,0.351363,0.000951776,0.128882,0.383957,0.178053,-0.00275448,-0.0374002,-0.0318593,-0.0142665,-0.00898607,0.00217017,0.0709911,-0.0635634,-0.199,-0.0358962,-0.0457874,-0.361862,-0.00654062],[-0.0455307,-0.10395,0.0352045,-0.042463,0.0320477,0.129465,-0.0115539,-0.0102985,0.191885,0.020995,0.00235848,0.0059857,0.0080554,0.00126465,-0.00540069,-0.00190561,0.0340191,-0.0135693,-0.103233,-0.0103012,0.602026,-0.103361,0.0041047],[0.110233,0.18098,0.310263,-0.0474792,0.0540505,0.00256241,0.0638077,-0.0534474,-0.21469,0.0395779,-0.00475082,-0.000759787,0.00766533,0.00359802,0.0255541,0.0756484,0.0521357,-0.00550901,-0.131709,0.0348081,0.543126,-0.196416,0.0123316],[-1.25287,-1.41845,1.84546,1.52358,-3.56266,-2.62102,0.0606715,0.498657,2.297,-0.0163426,-0.0649961,0.00432364,-0.0858751,0.0594653,0.211471,-0.572986,0.954234,-0.122873,1.52607,0.0952428,-4.03469,0.808877,-0.0217367],[0.192277,-0.185915,0.113589,0.36886,-0.360952,-0.455211,0.0871251,0.219285,-0.231167,0.207889,-0.0271902,-0.0412248,0.00369429,0.0095865,0.168056,0.0170908,0.0882031,0.305687,0.30656,0.00955376,1.32176,-0.171301,-0.00972205],[-0.441039,-0.612101,-0.602914,0.164977,-0.690681,0.104294,0.127985,0.0440904,-0.0484552,-0.197293,-0.0274317,-0.026765,0.0534192,-0.00788752,0.0952039,-0.0599745,-0.115319,-0.130995,0.530952,-0.0973756,-0.0191901,0.539653,-0.0119189],[0.00123228,-0.0808884,0.207418,-0.05449,0.0290965,0.121314,-0.0927168,-0.0632335,0.948865,-0.175763,0.0111243,-0.0850055,0.0261047,-0.110734,-0.120882,-0.118092,0.00916009,-0.140673,0.136729,0.106592,1.75171,0.061489,-0.0941903],[0.291321,0.459944,0.880879,-0.051658,0.340827,-0.201605,-0.102553,-0.0171839,0.426524,-0.623218,0.0214308,-0.107708,-0.0608594,-0.111726,-0.0341279,-0.000972299,-0.133013,0.0594323,-0.33701,-0.0901788,0.0347861,-0.0739214,-0.0572287],[0.0179341,0.0449853,0.187848,0.41346,-0.140098,-0.0303432,-0.137676,0.136221,0.234232,0.14273,0.00903369,0.0141724,0.0232384,0.0278752,-0.0181191,-0.024475,-0.0934718,0.0245397,0.341685,-0.019991,0.106646,0.0296081,0.0254912],[-0.127619,-0.209771,0.299879,0.0372579,-0.0832194,-0.24184,-0.209095,0.0593849,0.623833,0.175951,-0.00732676,-0.00949731,-0.0802861,-0.0189254,-0.0288624,-0.0786816,0.0257508,0.0341596,0.0364002,-0.0331841,-0.200236,0.218124,0.000254573],[-0.163629,-0.264113,0.873712,0.240578,0.30721,-0.950073,0.0117376,0.101498,-0.06815,-0.455532,-0.0240407,0.00984306,-0.105678,0.0246956,-0.0988376,-0.215591,0.0558742,-0.459783,0.0630505,-0.0913625,-1.89521,0.498893,0.0449088],[0.0552516,-0.00285834,-0.149701,0.0846244,-0.171137,-0.277526,0.088721,-0.0330996,0.1415,-0.0248781,-0.00547559,0.0163697,0.0795051,0.0259612,0.0648559,0.01268,0.127689,0.0501504,-0.385995,-0.00145109,0.173093,-0.0878339,0.0224505],[-0.386503,-0.62746,0.880957,0.149193,-1.20901,-0.673424,-0.450471,0.201881,0.660805,0.580045,-0.0567658,-0.0107014,-0.267463,0.0103066,-0.206397,-0.257666,-0.34527,0.10235,-0.44815,0.221709,-2.30886,0.845542,0.0054371],[0.00295049,-0.0129388,0.0251092,0.0104159,0.00142553,0.0239947,-0.00883374,0.005273,-0.0202458,0.00428093,-0.000406551,0.0040443,0.00578274,0.00316037,0.00469474,-0.00167096,-0.0243192,0.00698498,0.0376171,-0.00566287,-0.0908608,-0.0125631,0.00302137],[-0.0884357,-0.16518,0.00150827,-0.0587851,-0.111077,0.012697,0.0138629,0.0399058,-0.139494,-0.069712,-0.000329978,0.0088137,0.012575,0.00310172,0.00388651,-0.0267888,-0.0451246,0.0390019,-0.023389,0.0170271,0.0749164,0.0584143,0.00286079],[0.251008,0.0312457,0.288055,-0.272698,0.0643675,0.250578,0.107947,-0.0577716,0.168541,-0.151519,0.0194035,-0.0388147,0.067017,-0.0766813,0.0426981,-0.147005,0.262558,0.106342,-0.264538,0.0131497,3.01855,-0.430823,-0.0333343]],"sigmahat":[[0.301896,0.338227,-0.0106843,-0.0231789,0.477827,0.156554,-0.00381986,-0.082187,-0.0341266,-0.043221,-0.00243524,-0.0074269,0.00639933,-0.00669497,0.0128108,0.125153,0.00448512,-0.0464677,-0.115094,-0.00248482,0.417837,-0.23388,-0.00196124],[0.338227,0.772135,-0.143093,-0.164683,0.590298,0.0672418,-0.0354028,-0.152599,0.011121,-0.0576833,-0.00350217,-0.00837305,-0.0301633,-0.0089427,-0.00970503,0.176503,-0.00766848,-0.0751798,-0.149283,-0.0121401,-0.107047,-0.312319,0.00283645],[-0.0106843,-0.143093,1.06406,0.0618191,0.0434858,0.20855,-0.0293837,0.037424,0.171262,0.00669402,-0.00157101,-0.0125091,0.0310704,-0.00952727,-0.00649048,-0.0248792,-0.0282717,-0.0156166,-0.087813,0.0232956,-0.306947,0.0334751,-0.00633023],[-0.0231789,-0.164683,0.0618191,0.380319,-0.128082,-0.0737363,0.0283884,0.0540158,-0.0661296,-0.0288564,0.000847861,0.00913268,0.023352,0.014102,0.0145832,-0.0221085,0.0282304,-0.0142921,0.0760203,-0.00142641,0.231061,0.16881,0.00330085],[0.477827,0.590298,0.0434858,-0.128082,1.35808,0.439242,-0.0472383,-0.180054,0.0321324,-0.0737442,-0.00410497,-0.0144842,-0.0418235,-0.0153604,-0.0201473,0.232884,-0.0411915,-0.114182,-0.19506,-0.0153564,0.181517,-0.479895,-0.00855261],[0.156554,0.0672418,0.20855,-0.0737363,0.439242,0.902917,0.0246646,-0.0672047,-0.033525,-0.0375795,0.00474758,-0.0105852,0.028059,-0.0176865,0.00809327,0.0586519,-0.0103662,-0.0539535,-0.0307928,0.00499771,0.500356,-0.0560635,-0.0157094],[-0.00381986,-0.0354028,-0.0293837,0.0283884,-0.0472383,0.0246646,0.121372,0.0111692,-0.0973135,-0.0516977,0.00270739,0.0038032,0.0183491,0.00549223,0.0269343,0.000919464,0.088059,0.00323146,0.0840853,-0.00899314,0.591707,0.0215556,0.00321523],[-0.082187,-0.152599,0.037424,0.0540158,-0.180054,-0.0672047,0.0111692,0.0575804,-0.011508,0.0145926,0.000977674,0.00236202,0.00744142,0.00459409,0.00351934,-0.0406478,0.00773642,0.0285595,0.0593057,0.00129555,0.0895266,0.0793205,0.00100324],[-0.0341266,0.011121,0.171262,-0.0661296,0.0321324,-0.033525,-0.0973135,-0.011508,0.604876,0.0193047,0.00472813,-0.0173681,-0.0335103,-0.0180745,-0.0450095,-0.0225639,-0.0134877,-0.0264325,0.0289555,0.00793491,-0.200581,0.019799,-0.0137779],[-0.043221,-0.0576833,0.00669402,-0.0288564,-0.0737442,-0.0375795,-0.0516977,0.0145926,0.0193047,0.216451,0.000826576,0.000360527,-0.00559426,0.00195788,0.00578516,-0.0375236,-0.0280455,0.00550104,-0.0271508,0.0101704,-0.405003,-0.0190463,0.00539046],[-0.00243524,-0.00350217,-0.00157101,0.000847861,-0.00410497,0.00474758,0.00270739,0.000977674,0.00472813,0.000826576,0.00213988,-0.000129407,0.00188711,-0.000186255,-0.000107923,-0.00230115,0.0058499,-0.00138173,0.00660825,0.000656108,0.0282884,0.0118443,-0.000304946],[-0.0074269,-0.00837305,-0.0125091,0.00913268,-0.0144842,-0.0105852,0.0038032,0.00236202,-0.0173681,0.000360527,-0.000129407,0.00483972,0.00144831,0.00362068,0.00269166,-0.00248155,0.00327218,0.00054789,0.000812701,-0.000583193,0.0114,0.00303577,0.00271096],[0.00639933,-0.0301633,0.0310704,0.023352,-0.0418235,0.028059,0.0183491,0.00744142,-0.0335103,-0.00559426,0.00188711,0.00144831,0.0286765,0.00198121,0.0127219,-0.00250997,0.0121453,0.00300122,-0.0143391,0.00432142,0.129701,0.0253183,0.00126354],[-0.00669497,-0.0089427,-0.00952727,0.014102,-0.0153604,-0.0176865,0.00549223,0.00459409,-0.0180745,0.00195788,-0.000186255,0.00362068,0.00198121,0.00587068,0.00434173,-0.00190818,0.0031603,0.00136436,0.00832544,-0.00118919,0.0228787,0.00464412,0.00312997],[0.0128108,-0.00970503,-0.00649048,0.0145832,-0.0201473,0.00809327,0.0269343,0.00351934,-0.0450095,0.00578516,-0.000107923,0.00269166,0.0127219,0.00434173,0.023481,0.00376792,0.0217016,0.000878955,0.0100979,-0.00360434,0.156752,-0.00994314,0.00372535],[0.125153,0.176503,-0.0248792,-0.0221085,0.232884,0.0586519,0.000919464,-0.0406478,-0.0225639,-0.0375236,-0.00230115,-0.00248155,-0.00250997,-0.00190818,0.00376792,0.0808959,-0.00193949,-0.0212691,-0.058817,-0.00269939,0.158702,-0.116816,-0.000484588],[0.00448512,-0.00766848,-0.0282717,0.0282304,-0.0411915,-0.0103662,0.088059,0.00773642,-0.0134877,-0.0280455,0.0058499,0.00327218,0.0121453,0.0031603,0.0217016,-0.00193949,0.131763,-0.00674956,0.0702982,-0.0116862,0.514588,0.0347697,0.00275856],[-0.0464677,-0.0751798,-0.0156166,-0.0142921,-0.114182,-0.0539535,0.00323146,0.0285595,-0.0264325,0.00550104,-0.00138173,0.00054789,0.00300122,0.00136436,0.000878955,-0.0212691,-0.00674956,0.0744808,0.0741919,0.00109454,0.0245347,-0.00428849,0.000924258],[-0.115094,-0.149283,-0.087813,0.0760203,-0.19506,-0.0307928,0.0840853,0.0593057,0.0289555,-0.0271508,0.00660825,0.000812701,-0.0143391,0.00832544,0.0100979,-0.058817,0.0702982,0.0741919,0.632188,-0.022611,0.54811,0.123052,0.00481521],[-0.00248482,-0.0121401,0.0232956,-0.00142641,-0.0153564,0.00499771,-0.00899314,0.00129555,0.00793491,0.0101704,0.000656108,-0.000583193,0.00432142,-0.00118919,-0.00360434,-0.00269939,-0.0116862,0.00109454,-0.022611,0.0178719,0.0213608,0.00511546,-0.0012335],[0.417837,-0.107047,-0.306947,0.231061,0.181517,0.500356,0.591707,0.0895266,-0.200581,-0.405003,0.0282884,0.0114,0.129701,0.0228787,0.156752,0.158702,0.514588,0.0245347,0.54811,0.0213608,13.2397,-0.693726,-0.00443671],[-0.23388,-0.312319,0.0334751,0.16881,-0.479895,-0.0560635,0.0215556,0.0793205,0.019799,-0.0190463,0.0118443,0.00303577,0.0253183,0.00464412,-0.00994314,-0.116816,0.0347697,-0.00428849,0.123052,0.00511546,-0.693726,0.726091,-0.00502523],[-0.00196124,0.00283645,-0.00633023,0.00330085,-0.00855261,-0.0157094,0.00321523,0.00100324,-0.0137779,0.00539046,-0.000304946,0.00271096,0.00126354,0.00312997,0.00372535,-0.000484588,0.00275856,0.000924258,0.00481521,-0.0012335,-0.00443671,-0.00502523,0.0041853]],"n":23,"lags":3}