{"betahat":[[0.135259,-0.720813,15.2899,3.95874,-3.99914,-4.53448,-3.95331,0.170424,5.30206,4.85299,0.18673,-0.230578,-0.0284794,0.131072,-1.19249,-0.145589,-3.21831,40.9472,23.6381,2.10913,-13.1552],[0.720342,-0.132611,0.179688,0.0476451,-0.436776,-0.125771,0.0180691,0.0263991,0.0764358,-0.00598136,-0.00641441,-0.00273935,-0.0446988,0.00519542,-0.0186849,-0.0592433,-0.0349981,-0.00997223,0.100704,-0.0104268,-0.873436],[0.00733731,0.692142,-0.283233,0.14516,0.123191,0.0678708,-0.0420675,0.00790744,0.000996233,0.057079,0.00889845,-0.00311153,0.00321387,-0.00473584,-0.00676047,0.00262561,-0.0456082,0.0125447,0.0801354,0.0231399,-0.299964],[0.0472067,0.0159356,0.72774,0.0267992,-0.0133224,0.0386059,-0.00124981,0.0138461,-0.0485706,0.0783614,0.00594124,-0.011657,-0.00542916,-0.0114477,0.0025394,0.0132412,0.0169105,-0.0446686,-0.0983079,-0.015966,-0.374918],[0.111245,0.216188,0.0938321,0.585097,0.275459,0.0461215,-0.0214606,-0.0592059,0.165604,-0.115523,-0.00678025,0.0129666,-0.032341,0.00680567,-0.0296707,0.0962209,0.027379,-0.0412602,-0.022744,-0.0217167,-0.504963],[-0.0831508,0.00707313,-0.0731996,-0.0672598,0.723812,-0.0118494,-0.0330722,-0.0165744,-0.0393127,0.0637948,-0.00771692,0.0060726,-0.0211941,0.00710093,-0.00422057,-0.041288,-0.0171907,-0.0313303,0.0212982,0.0118668,0.18389],[0.0386302,0.0847021,0.122287,0.0688994,0.0554941,0.741359,-0.028824,0.00585401,0.125928,0.0992606,0.00146822,-0.00785533,0.00881091,-0.00682896,0.00609228,0.00769196,0.0113968,-0.0144006,0.0884863,-0.0172749,-0.038008],[0.305687,0.354,0.186452,0.254964,0.549114,-0.165552,0.810427,0.0045764,0.216741,0.122004,0.0201354,0.01206,0.031002,0.0261398,0.00532447,0.0700182,-0.0689407,-0.0229071,0.0911557,-0.00896677,0.555569],[0.427862,1.2407,-0.154085,0.492538,1.04889,-0.107052,-0.0607008,0.633098,-0.326392,0.5165,-0.0600713,0.0421696,-0.109459,0.0422822,0.0500195,0.283545,-0.147122,0.209291,-0.00988232,0.16717,-1.72964],[0.106661,0.164524,-0.0622901,0.0294879,0.134351,-0.0276588,0.0424153,-0.0212646,0.749132,0.00273887,0.00947405,-0.00721321,0.00603026,-0.00783006,-0.000489419,0.0368937,0.109721,-0.00210112,0.0784464,0.024144,-0.482887],[-0.104982,0.0195942,0.0514136,-0.21357,-0.492976,-0.341216,-0.215748,-0.0168618,0.226503,1.05886,-0.0315135,-0.0198796,-0.0705773,-0.030581,-0.030007,-0.0371608,-0.25384,-0.0114338,0.00898297,0.00883957,-1.68245],[0.322514,0.0699627,-3.59498,1.54253,-0.309873,0.669432,1.00754,0.527717,-0.91489,-1.88637,0.882674,-0.16795,0.0394438,-0.288388,0.11246,-0.13947,1.31789,-0.0913222,0.0082941,-0.658703,11.021],[-0.00525374,0.092959,-0.250651,-0.191463,0.486215,0.201615,-0.0478071,0.212152,-1.50532,-0.0160081,-0.064584,1.01653,-0.105245,0.082454,0.101276,0.289635,-0.182116,0.401931,-0.900185,-0.350562,-4.16025],[0.374839,0.182162,3.2145,-0.671385,1.51188,1.9216,-0.100719,-0.0619262,0.270349,0.399491,0.0520084,-0.0913121,0.964219,-0.0329393,0.00684987,-0.0653556,-0.180105,-0.0896217,-0.0746305,0.0563249,-4.58792],[-0.179301,0.382907,-0.340175,0.0693721,-2.37606,-1.38418,-0.290339,-0.11714,0.526444,0.588282,0.0940987,0.289996,0.0937027,1.13792,-0.0808323,-0.278648,0.0631448,-0.515507,-0.0360582,0.337948,0.0935809],[-0.0935297,0.131303,-2.97124,-0.395861,0.663254,1.10099,0.811461,-0.082755,-2.04321,0.240033,-0.0309171,0.206794,0.0961125,0.178537,1.05553,0.301183,0.62051,0.0376093,0.444311,0.014792,6.21878],[-0.0713935,0.0205736,-0.120228,-0.377305,-0.0491023,-0.0741174,0.175801,-0.104699,-0.403512,-0.0966614,-0.0371233,-0.00171365,0.0252968,-0.0113556,0.102811,1.01405,0.160976,-0.00552594,-0.206761,-0.0462349,-0.107004],[0.095096,0.156399,-0.36497,-0.18602,0.0409507,0.156665,-0.110793,-0.0811418,-0.0192247,-0.0609734,0.00256639,0.0057426,0.042103,0.00237161,0.0400351,0.0628414,0.771255,-0.0649083,-0.111951,0.0409816,-0.173788],[0.600713,1.11268,-1.41386,-0.182173,1.18647,1.55486,-0.500657,-0.29566,1.29613,0.00851316,-0.00969546,-0.0705294,-0.273762,-0.0929049,-0.23652,0.203733,-0.326601,0.393289,-0.0176997,0.119437,0.243968],[-0.334026,-0.779838,-0.0383242,0.329409,-0.500648,0.256428,0.00676276,0.131356,-0.134269,0.0643475,-0.0104249,0.00447256,-0.00650582,-0.017923,0.030253,-0.158087,-0.0641788,-0.0647044,1.05265,-0.0122823,0.22457],[0.050666,0.21997,0.428692,0.0012985,0.0744464,0.149828,0.0657951,0.230701,-1.83629,0.229947,0.121397,-0.0383577,0.221157,-0.0318493,0.206381,0.0819428,-0.248454,-0.116884,-0.833039,0.371539,1.53879],[-0.0209942,0.00788059,-0.0294207,0.0156013,-0.0282201,0.0132702,-0.0225785,0.00888599,0.0549737,-0.0335561,-0.00192555,0.00324887,-0.00458913,0.003873,-0.00383637,-0.00410539,3.73503e-05,0.0196438,0.0356585,-0.01263,-0.647097],[0.154949,-0.0766064,0.00509316,-0.00416554,0.200418,0.140105,-0.00573848,-0.00762948,-0.166033,0.0250157,0.000647492,0.0101548,0.0349507,-0.0036481,0.0228494,0.0237447,0.0505679,0.0119491,-0.117929,-0.00610681,0.0166471],[-0.0812193,0.132269,0.248114,-0.209473,-0.200541,0.03553,0.00631793,0.0116964,0.0550582,0.0228541,-0.00539697,0.000854783,-0.00275109,0.00112488,0.00317049,-0.0106545,0.0294144,-0.00706266,-0.030067,-0.00809877,0.158987],[-0.037906,0.0566291,0.175138,0.0204146,-0.135421,-0.0844928,0.0168702,0.0063467,0.0876254,-0.0518777,-0.00567699,0.00539121,-0.00282205,0.00505185,-0.00960831,-0.0113455,-0.00294703,0.0105982,0.0253554,0.013678,0.089498],[-0.0425198,0.00511689,0.0438748,0.243985,-0.197233,0.173622,-0.019357,0.0106185,-0.140999,0.0559234,0.00245645,-0.00802344,0.0164155,-0.0130358,0.0115374,-0.0427637,-0.0352312,0.0441193,0.0583797,0.0124945,-0.101599],[0.0813548,-0.0211303,0.0379837,0.0755799,0.257044,0.0412779,0.0311298,0.00963781,-0.0134039,-0.035527,0.00399638,0.00100183,0.0121038,0.00127306,0.00410881,0.0452382,0.0270488,0.00693597,0.00149097,-0.0229461,-0.267033],[0.0386902,-0.0456972,0.0536612,-0.0903863,0.02551,0.114119,0.0302156,0.00309321,0.0465019,-0.127176,-0.00221051,-0.0036581,-0.0100788,-0.00137186,-0.0133607,0.0177694,-0.00438015,0.00296016,-0.0888813,0.0233441,0.0535481],[-0.177093,-0.180292,0.0672489,-0.162757,-0.334612,0.136987,0.310447,-0.0289185,-0.28339,-0.0759622,0.00449341,0.00385293,0.0218276,-0.000385212,0.0132356,-0.0622975,0.263811,0.0303843,0.00162459,0.0048405,0.172417],[0.24716,0.000921634,-0.263583,-0.0994663,0.110117,0.412797,-0.103644,0.0623695,-0.105231,-0.636511,0.0248222,0.00210856,0.00840668,-0.0607293,-0.0923318,0.112688,-0.0539525,0.156108,-0.214445,-0.0432752,1.68236],[-0.0832951,-0.0883,0.0309613,0.00516497,-0.18602,-0.0643174,-0.0256582,0.0320119,0.0742908,-0.0273881,-0.0115864,0.00310855,0.000862715,0.00640686,0.00588763,-0.0433153,-0.144173,0.0188961,0.0222643,-0.0168343,0.0224333],[0.0145685,-0.200779,-0.240465,0.275259,0.461068,0.395551,0.160292,0.0631003,0.0132404,-0.111779,0.0364546,0.0136378,0.0537211,0.020519,0.00947434,-0.028583,0.207207,-0.0161293,0.142115,-0.0378587,1.03303],[0.0160343,0.627191,-1.04943,-3.07417,2.1706,-2.34144,0.268695,-0.707909,-2.24445,0.718049,-0.316066,0.228949,-0.330266,0.0175756,-0.148906,0.15092,-0.500612,-0.616428,-1.85237,0.125651,-11.29],[-0.101411,-0.0542295,0.286114,0.325641,0.295566,0.0704779,0.118108,-0.0354578,-0.603448,-0.0132163,-0.0348572,-0.106861,-0.0170463,-0.0433614,0.114488,0.0421379,-0.206335,0.133057,0.23805,-0.263373,-3.41167],[-0.462135,-0.460495,-1.17234,0.407173,-1.29049,-1.6663,-0.0454109,0.156905,-0.808377,0.16694,-0.00687436,0.13724,-0.0091771,0.11309,0.0342007,-0.0876896,0.0487695,0.324194,-0.0828516,0.0680757,-0.611765],[-0.00343954,0.0130072,-0.104469,-0.150902,0.267813,0.343477,-0.0220293,-0.0821264,0.987873,-0.0963903,0.026384,-0.171431,-0.029446,-0.181861,-0.140436,0.0674667,0.0233786,-0.195844,0.688863,0.167516,4.80314],[0.424196,0.00742454,0.73418,0.767262,1.01892,-0.3698,-0.392107,-0.0973916,1.26216,-0.543439,0.00918067,-0.0564605,-0.0525081,-0.00295368,-0.187166,0.0231106,-0.201483,-0.220099,0.130243,0.110425,-2.8932],[-0.0233608,-0.211176,0.0980269,0.050897,0.0245034,0.0757681,-0.0519797,0.0256287,0.165791,-0.0200008,0.0289408,-0.00629638,-0.0272936,-0.00669521,-0.0799825,-0.0289714,-0.0929728,0.0141926,-0.0671646,0.0614113,-0.123539],[-0.0409323,-0.0626907,0.148812,0.175731,-0.0782366,0.00407351,0.324162,0.0523863,-0.582982,-0.100202,0.00314937,0.00797234,0.0153705,0.0157998,-0.00102496,-0.023797,0.214422,0.0574814,0.124761,-0.0123536,0.443483],[0.0123355,-0.191997,0.755066,-0.0789842,-0.667175,-0.738057,0.442257,0.0945049,-1.02001,0.276812,0.038458,0.0354321,0.294909,0.0491061,0.25043,0.149962,0.385255,0.0193024,-0.118659,-0.049784,1.84857],[0.300358,0.723364,0.104626,-0.30121,0.617816,0.108328,0.0167451,-0.100851,0.152716,-0.0588876,0.0167264,-0.0303108,0.00697331,-0.00906386,-0.0419087,0.161442,0.0654669,0.0181547,-0.105309,-0.0130953,-0.00142217],[0.317699,0.49611,-1.59917,-0.605282,0.730585,1.19109,0.0586665,-0.354796,1.0855,-0.632904,-0.0362929,-0.0591609,-0.0961894,-0.08501,0.019672,0.206423,0.198839,0.0790604,0.244919,0.126924,2.97438],[-0.0115421,-0.0339608,0.0310683,0.0117578,-0.0185783,0.00716857,-0.0214198,0.0200019,-0.00922898,0.00412617,-0.00166339,0.00600163,0.000395777,0.00631956,0.000980202,-0.00209086,-0.0125038,0.015456,0.0154628,-0.00463831,-0.243575],[0.124447,0.209261,-0.185036,-0.0437961,0.236243,-0.0146192,-0.0125947,-0.0188083,0.089689,-0.0188837,0.00576386,-0.00739139,0.0095969,-0.00154526,-0.00429868,0.0353515,-0.0158143,-0.00194366,0.0167302,0.0165639,0.854925],[0.0736528,0.175231,0.0345666,0.0640314,0.0773411,-0.103492,0.0355727,-0.0195992,-0.0564702,-0.0797656,-0.00351181,0.00229588,-0.000497338,0.00362671,0.00358115,0.00794097,0.0160119,-0.0053969,-0.0506682,-0.0150069,0.139965],[-0.00932017,-0.0721617,0.0955471,-0.0473436,0.149584,0.0459969,-0.0158312,-0.0204887,-0.0390171,-0.0267052,-0.000248372,0.00631932,0.00813671,0.00643398,0.00699771,-0.0018164,-0.0139492,0.0339134,0.0726455,0.00231786,0.28269],[-0.0686072,-0.221074,-0.138144,0.170213,-0.0776834,-0.219535,0.0408508,0.0484076,-0.024242,0.0594345,0.00433225,-0.00495564,0.0159478,0.00621049,0.018177,-0.0533978,0.00798918,-0.00265443,-0.0353913,0.00917916,0.606579],[0.00140483,0.0137398,0.0354472,-0.00860842,0.0187339,-0.029614,0.00171809,0.00693397,0.0524128,-0.0283056,0.00369978,-0.00701683,0.0089868,-0.00832426,6.11584e-05,-0.00414693,-0.0100388,0.0246283,-0.0234645,0.0109853,0.0794813],[-0.0773685,-0.0388633,-0.176091,0.0213397,-0.0806113,0.144236,-0.00152021,-0.00899019,-0.172409,0.0277696,0.00073405,0.0115422,0.00116278,0.0082101,0.00719834,-0.0255149,-0.00717521,0.0114952,-0.000181186,-0.00614171,-0.0189243],[-0.129603,-0.174111,-0.25797,-0.0949105,-0.21427,0.0267196,-0.121661,0.0243165,0.064819,-0.0458559,-0.0247311,-0.0155218,-0.0532504,-0.0255075,-0.0187037,-0.00830327,-0.195822,-0.00500921,-0.0925915,0.00383019,-0.737231],[-0.0898895,-0.487102,0.296091,-0.196443,-0.00382496,0.422189,0.101776,0.13743,0.334812,0.0267435,0.00418514,-0.0379557,0.0732809,-0.0184316,0.0197415,-0.0197607,0.153943,-0.108354,-0.0771611,-0.0353904,-0.250299],[-0.0227378,-0.075129,0.0249147,-0.0339029,0.0542284,0.0929045,-0.0143543,-0.0110762,0.173065,0.0222969,0.00221202,0.00443463,-0.00658011,0.00171826,-0.00489497,0.00683153,0.0370127,-0.0163036,-0.0940939,-0.00797457,0.467784],[0.0906712,0.181075,0.187525,-0.0615672,0.0326401,-0.0532496,0.0557039,-0.0465639,-0.239427,0.0516896,-0.00494252,0.00618991,0.0167832,0.00993259,0.0204898,0.0656979,0.0472488,0.0273488,-0.14944,0.0288526,0.652704],[-0.928231,-0.93655,0.245088,1.14748,-2.78087,-2.12581,0.171089,0.238168,1.81666,-0.116685,-0.0881426,0.0237015,0.0880869,0.0629057,0.280521,-0.323437,0.871152,-0.422364,1.8191,0.0185981,-0.110076],[0.254393,-0.0263013,0.223631,0.11685,0.0709897,-0.102573,0.00890536,0.114527,-0.0664173,0.148792,-0.0130759,-0.0593588,0.0896926,-0.0326611,0.083834,-0.0179143,0.0878489,0.259676,-0.0495391,0.0459203,1.55202],[-0.413969,-0.561686,-0.215983,0.195082,-1.07705,-0.542793,0.0161757,0.163709,0.349652,-0.118417,-0.0309134,-0.0363797,-0.0127352,-0.0396986,0.00637761,-0.164485,-0.0472242,0.226578,-0.0210862,-0.0679661,-0.267253],[-0.0840019,-0.241963,0.373025,-0.0530034,-0.0762303,0.278142,-0.0347151,-0.0276338,0.698977,-0.166009,0.0108748,-0.089811,0.00761409,-0.114856,-0.0743762,-0.161562,0.0387286,-0.0683311,0.131833,0.10327,1.30189],[0.352293,0.635392,0.370446,-0.215146,0.676279,0.132248,-0.0654423,-0.134621,0.27329,-0.524899,0.0114602,-0.0797173,-0.0565395,-0.0783357,0.000341645,0.0890042,-0.142416,-0.111734,-0.120244,-0.0723495,1.07938],[0.0951945,0.191972,0.0213511,0.324854,0.0272976,-0.000808498,-0.124188,0.0782927,0.237892,0.116288,0.00816092,0.00803933,0.00177795,0.0179836,-0.0230337,0.0149122,-0.0681307,-0.00913697,0.272612,-0.0153892,0.222397],[-0.0552446,-0.0944953,0.213444,0.00784758,0.0372038,-0.161382,-0.213585,0.0288531,0.600538,0.161089,-0.00582565,-0.0134989,-0.0578302,-0.0180097,-0.0390419,-0.0396786,0.0133979,0.00962661,-0.0116627,-0.0289502,-0.273418],[-0.646769,-0.954582,0.631263,0.232807,-0.608694,-0.88997,0.0613205,0.221894,-0.30019,-0.27487,-0.0310221,0.0373604,-0.0309201,0.0460815,-0.0144813,-0.367523,-0.0662612,-0.341526,0.188833,-0.0702786,-1.90747],[0.0256414,-0.00487083,-0.0945199,0.0286613,-0.146826,-0.271385,0.0844282,-0.0112936,0.0207002,-0.0573015,-0.00105575,0.0185882,0.0306967,0.0246925,0.0409545,-0.00786506,0.0924861,0.0809726,-0.421743,0.00411954,0.251167],[-0.108753,-0.223405,0.726898,0.104939,-0.54735,-0.295098,-0.403252,0.0756875,0.62177,0.467154,-0.0508584,-0.0129266,-0.0796614,0.000482977,-0.187366,-0.118938,-0.293924,-0.087112,-0.389874,0.199205,-1.54489],[-0.00313453,-0.0147615,0.0292726,0.00540868,-0.0122393,0.0084699,-0.00945251,0.00614876,-0.0223191,0.0061368,-0.000574233,0.00409473,0.00172029,0.00298135,0.0033864,-0.00542302,-0.0260027,0.00939042,0.0233658,-0.00395595,-0.0902716]],"sigmahat":[[0.343489,0.370783,0.00479207,-0.00533025,0.52168,0.157972,-0.0042291,-0.086573,-0.0157474,-0.0435693,-0.00187888,-0.0101866,0.0200576,-0.00882099,0.0139859,0.141103,0.0173953,-0.0439818,-0.133303,-0.00307425,0.357381],[0.370783,0.880074,-0.158155,-0.183677,0.635188,0.0170401,-0.0541693,-0.164265,0.0267299,-0.0500145,-0.00463081,-0.00961609,-0.0201905,-0.00964552,-0.0215759,0.191399,-0.0132666,-0.0524358,-0.219826,-0.0132416,-0.239778],[0.00479207,-0.158155,1.24411,0.135386,-0.0139386,0.168286,0.0125005,0.055009,0.178942,-0.0450413,0.00163341,-0.0156316,0.0223935,-0.0123055,0.00227878,-0.0342613,0.00462701,-0.0420291,-0.0741819,0.0146638,-0.265932],[-0.00533025,-0.183677,0.135386,0.456577,-0.110622,-0.042988,0.048366,0.060967,-0.064269,-0.0324174,0.00334983,0.00653599,0.0289584,0.0146692,0.0237275,-0.023978,0.045289,-0.026882,0.146038,-0.00577118,0.213492],[0.52168,0.635188,-0.0139386,-0.110622,1.47363,0.412054,-0.0670699,-0.186431,0.0438719,-0.079253,-0.00442526,-0.0156725,-0.0234928,-0.0165686,-0.030497,0.260263,-0.0403691,-0.0928451,-0.258005,-0.0153336,0.0608637],[0.157972,0.0170401,0.168286,-0.042988,0.412054,1.01872,0.0406641,-0.066594,-0.0385103,-0.0342111,0.00527602,-0.0124133,0.0394301,-0.0213748,0.0235643,0.0685856,0.0101612,-0.0666843,0.0273637,0.00332804,0.576233],[-0.0042291,-0.0541693,0.0125005,0.048366,-0.0670699,0.0406641,0.154759,0.0153881,-0.121458,-0.0639148,0.00397871,0.00259647,0.040362,0.0053829,0.0359571,-0.00174396,0.110599,-0.000487157,0.120471,-0.0109962,0.629158],[-0.086573,-0.164265,0.055009,0.060967,-0.186431,-0.066594,0.0153881,0.0635564,-0.0156122,0.00963313,0.00166247,0.00269651,0.00536478,0.00514645,0.00420552,-0.04479,0.00780732,0.0268123,0.071903,0.000616346,0.116011],[-0.0157474,0.0267299,0.178942,-0.064269,0.0438719,-0.0385103,-0.121458,-0.0156122,0.725037,0.0338551,0.00559184,-0.0217611,-0.0310226,-0.0214064,-0.0472297,-0.016069,-0.00291841,-0.0385676,0.0468377,0.0109878,-0.159744],[-0.0435693,-0.0500145,-0.0450413,-0.0324174,-0.079253,-0.0342111,-0.0639148,0.00963313,0.0338551,0.257514,0.000213208,0.00162703,0.00176645,0.00270092,0.00537813,-0.0361012,-0.0257633,-0.00347376,-0.0307606,0.0120202,-0.319031],[-0.00187888,-0.00463081,0.00163341,0.00334983,-0.00442526,0.00527602,0.00397871,0.00166247,0.00559184,0.000213208,0.00260731,-0.000273245,0.00297399,-0.000248924,-5.87074e-05,-0.00271721,0.00768324,-0.00138118,0.00776997,0.000694105,0.0356747],[-0.0101866,-0.00961609,-0.0156316,0.00653599,-0.0156725,-0.0124133,0.00259647,0.00269651,-0.0217611,0.00162703,-0.000273245,0.00594909,0.000749239,0.0045097,0.00198063,-0.00382181,0.00112719,0.00256185,-0.00318817,-0.000100246,0.0117718],[0.0200576,-0.0201905,0.0223935,0.0289584,-0.0234928,0.0394301,0.040362,0.00536478,-0.0310226,0.00176645,0.00297399,0.000749239,0.0319814,0.00265243,0.0248505,0.003264,0.0350979,-0.013499,0.0267121,-0.00202794,0.202369],[-0.00882099,-0.00964552,-0.0123055,0.0146692,-0.0165686,-0.0213748,0.0053829,0.00514645,-0.0214064,0.00270092,-0.000248924,0.0045097,0.00265243,0.00694871,0.00408379,-0.00273844,0.00215457,0.00250983,0.00650335,-0.00126993,0.0218763],[0.0139859,-0.0215759,0.00227878,0.0237275,-0.030497,0.0235643,0.0359571,0.00420552,-0.0472297,0.00537813,-5.87074e-05,0.00198063,0.0248505,0.00408379,0.0296511,0.0042773,0.0288415,-0.00502604,0.0268141,-0.00523855,0.178464],[0.141103,0.191399,-0.0342613,-0.023978,0.260263,0.0685856,-0.00174396,-0.04479,-0.016069,-0.0361012,-0.00271721,-0.00382181,0.003264,-0.00273844,0.0042773,0.0930282,0.000791815,-0.0204465,-0.062261,-0.00298684,0.118652],[0.0173953,-0.0132666,0.00462701,0.045289,-0.0403691,0.0101612,0.110599,0.00780732,-0.00291841,-0.0257633,0.00768324,0.00112719,0.0350979,0.00215457,0.0288415,0.000791815,0.166919,-0.0134496,0.10388,-0.0122362,0.574397],[-0.0439818,-0.0524358,-0.0420291,-0.026882,-0.0928451,-0.0666843,-0.000487157,0.0268123,-0.0385676,-0.00347376,-0.00138118,0.00256185,-0.013499,0.00250983,-0.00502604,-0.0204465,-0.0134496,0.0862943,0.057616,0.00219112,0.119951],[-0.133303,-0.219826,-0.0741819,0.146038,-0.258005,0.0273637,0.120471,0.071903,0.0468377,-0.0307606,0.00776997,-0.00318817,0.0267121,0.00650335,0.0268141,-0.062261,0.10388,0.057616,0.820159,-0.0268832,0.685064],[-0.00307425,-0.0132416,0.0146638,-0.00577118,-0.0153336,0.00332804,-0.0109962,0.000616346,0.0109878,0.0120202,0.000694105,-0.000100246,-0.00202794,-0.00126993,-0.00523855,-0.00298684,-0.0122362,0.00219112,-0.0268832,0.0214655,0.0555112],[0.357381,-0.239778,-0.265932,0.213492,0.0608637,0.576233,0.629158,0.116011,-0.159744,-0.319031,0.0356747,0.0117718,0.202369,0.0218763,0.178464,0.118652,0.574397,0.119951,0.685064,0.0555112,14.4526]],"n":21,"lags":3}