{"betahat":[[1.76045,-3.67265,24.2199,1.02471,4.2269,2.46039,-4.42631,2.06397,6.52486,8.73562,-1.00449,0.745305,1.09512,1.33072,0.553811,1.84778,-3.36935,39.7266,6.19861,9.02074,3.51417,8.90517,0.818872],[0.906095,-0.01778,0.161195,0.212845,0.0352617,0.123818,0.0630333,-0.0263031,0.0359744,-0.0881774,-0.017119,0.0353733,-0.00905029,0.0601937,0.015571,0.0381706,0.0196397,-0.0295269,0.0867495,0.0280086,-0.121862,0.00919531,0.047754],[-0.0178424,0.746588,-0.234095,0.0481284,-0.030937,-0.0390408,-0.0195647,0.00857545,-0.0435983,0.0587286,0.00387287,-0.0117245,-0.00591962,-0.0199021,-0.00660839,-0.0188021,-0.0141054,-0.00124415,0.0208477,-0.015704,-0.462097,0.115978,-0.0309563],[0.0615848,0.0423239,0.704306,0.00873476,0.036158,-0.0937828,0.0147927,-0.000217233,-0.0542906,0.0538534,0.00401734,-0.000305127,0.000939501,-0.000413031,0.0121276,0.0216294,0.0110369,-0.0423346,-0.0858377,-0.0123339,-0.057843,-0.060679,-0.000533248],[0.0138164,0.0598036,0.198941,0.562752,0.0437774,0.169186,-0.0106366,-0.0185332,0.0309687,0.0536481,-0.002476,0.00613493,-0.00992268,-0.00531279,-0.0124551,0.0592376,-0.0247263,-0.0387942,-0.0467224,0.0217684,0.0305745,-0.0301487,0.00524975],[-0.0213198,-0.0162104,0.0341269,-0.0754771,0.906613,0.0415574,-0.00642154,-0.0119008,0.0037769,0.00126423,-0.00542398,0.00895857,-0.0107248,0.0135406,-0.00304469,-0.00479368,0.00261577,-0.0119863,-5.68477e-05,-0.00124547,0.0460898,0.0396836,0.00886236],[0.0305506,0.0467732,0.134017,-0.0598043,-0.00805803,0.853629,-0.017573,0.000521588,0.0800297,0.0607444,-0.000283427,-0.00754883,-0.00250369,-0.00998892,-0.00699323,-0.000567059,-0.0191208,-0.00949707,0.0259115,-0.000544023,-0.0135707,-0.00736594,-0.00775642],[0.224273,0.161976,0.0404737,-0.0734967,0.536495,-0.157338,0.965771,-0.0235534,0.163789,0.00783745,0.000605217,0.0523068,0.0242926,0.0685089,0.0215264,0.0700868,0.0966994,-0.0415203,-0.0705012,-0.00307851,2.21626,-0.202439,0.0488075],[0.524867,0.953379,0.0374934,0.386784,1.2781,0.164254,-0.0217775,0.735003,-0.287657,0.0780698,-0.0658692,0.0413764,-0.096163,0.0294795,0.0495349,0.304332,-0.144771,0.115063,0.148573,0.0562184,0.97893,-0.639129,0.0134013],[0.0909156,0.123641,0.00382895,0.0469363,0.121517,0.0382118,0.0198019,-0.0203198,0.879409,-0.0086785,0.00843039,-0.0072152,0.0026853,-0.00955585,-0.0179509,0.0277466,0.0690111,-0.00235459,0.0426238,0.0226962,0.0992568,-0.0631639,-0.00586026],[-0.00884076,0.0543832,0.0453599,-0.124529,-0.098372,-0.121119,-0.0452764,-0.0133026,-0.00933805,1.01053,-0.030927,0.0262301,-0.0276341,0.0312449,0.0213707,0.0714952,-0.0723785,0.0162235,-0.0251311,0.00338883,-0.983082,0.120783,0.0252181],[0.277289,0.997255,-4.39966,0.339193,-0.950755,-1.02015,0.286267,0.0623461,0.0304844,-0.684618,0.991676,-0.170276,0.0908159,-0.343099,-0.000998945,-0.134874,0.310601,-0.784802,-0.872266,-0.21374,10.8853,0.365528,-0.291909],[0.266834,0.422019,0.129387,-0.444074,0.974055,1.11937,-0.189547,-0.0277165,-0.267399,0.0540539,-0.0277962,1.07404,-0.0197853,0.123563,-0.00282516,0.447219,-0.134145,0.10923,0.0180063,-0.164562,0.503377,-0.212788,0.140091],[0.228431,0.489733,2.09439,-0.433676,0.85869,1.68542,-0.00368915,-0.0622834,-0.0549665,0.034883,0.0787581,-0.0981941,0.976177,-0.036992,0.0233897,-0.0930145,-0.00344429,0.150597,0.365308,-0.0315621,-5.79138,0.669153,-0.0394945],[-0.195085,-0.0925034,-0.506373,0.589579,-0.757723,-1.22863,-0.0648797,-0.0693904,-0.0567625,-0.284963,0.014301,0.237947,-0.0454067,1.16787,0.00733984,-0.188872,-0.0104273,-0.44201,-0.168578,0.0272179,-6.17334,0.240856,0.229574],[0.0786959,0.0126474,-1.81397,-0.145296,0.966895,0.511698,0.505656,-0.00303312,-0.866055,0.333643,-0.060695,0.265271,0.100296,0.24286,1.05745,0.3757,0.314204,-0.16302,0.0123017,0.133004,4.51681,0.0831022,0.212538],[0.137119,-0.0196578,0.0958783,-0.0611968,0.585459,0.419479,0.107023,-0.0576004,-0.0671406,-0.208563,-0.0146093,0.0185094,0.0174923,0.0193728,0.0537878,1.1106,0.103258,0.0375908,-0.0896313,0.0418741,1.6897,0.0174808,0.0144113],[0.118554,0.129526,-0.12254,0.0170215,0.0325803,-0.0447257,-0.128781,-0.0283802,-0.163673,-0.0430768,-0.017048,0.0345612,0.0245059,0.0333083,0.0340612,0.0325007,0.795251,-0.0309751,-0.0924659,0.00144497,-1.09707,-0.307401,0.0179197],[0.4393,0.510788,-0.348322,-0.172956,0.580303,0.079324,-0.153732,-0.116967,0.174294,-0.120335,0.0134654,-0.0293042,-0.104149,-0.0497314,-0.0124405,0.0545306,-0.143898,0.394835,-0.224906,0.160174,5.09045,0.0474482,-0.0437431],[-0.139219,-0.452196,-0.101711,0.239686,-0.0246448,0.154303,0.017145,0.0489467,-0.0199693,-0.0544728,-0.0138261,0.0224969,-0.00605413,0.0163055,0.0247711,-0.0680383,-0.0104822,-0.0178849,0.979034,0.0221767,1.14495,0.499051,0.00985546],[0.0212401,-0.064912,-0.184423,-0.0566086,-0.0465175,-0.119343,0.0527955,0.0576899,-0.288867,-0.0170868,0.0264384,0.0473229,0.0575382,0.0285709,0.0879714,0.0539222,0.11643,-0.220235,-0.289163,0.358704,5.41965,0.0951566,0.0513444],[-0.00988686,0.00887916,0.00649619,0.00844731,0.00526832,0.0266147,-0.006776,0.00190981,0.0157466,-0.0134522,0.000472169,0.000283736,5.69435e-05,0.00328434,0.00088193,-0.000815809,0.00518568,0.00375007,0.0103663,-0.0202715,-0.368926,0.0248637,0.000487054],[0.10476,0.0195366,0.133658,0.11732,0.181784,0.18157,0.0272122,-0.010023,0.0981835,-0.025572,0.00636846,-0.00753215,-0.000637915,-0.00106116,-0.00798778,0.0235172,0.0564364,-0.0352746,0.0145601,-0.0395443,-0.746264,0.833572,-0.00167913],[-0.158876,-0.184627,-0.283362,0.731075,-0.86832,-0.459309,-0.0220508,0.0300258,0.324675,0.291393,0.0699103,-0.0748653,-0.0399125,-0.202655,-0.172315,-0.278675,-0.258766,-0.0063621,-0.212987,0.0171032,4.24697,0.317341,0.789422],[0.0330396,-0.133207,-0.0449839,-0.158144,-0.0549395,-0.0836685,-0.0205648,0.0199378,-0.0896183,0.0856134,0.0093442,-0.0174533,0.0132041,-0.0408125,0.00287227,-0.0335983,0.0174246,0.022934,-0.117414,-0.0199945,-0.238236,0.0328448,-0.0319306],[-0.049119,0.097632,0.197409,-0.100679,-0.0430119,0.0659348,0.0162634,0.00305607,0.0250261,-0.0104712,-0.00415606,0.0136527,0.00716031,0.0201077,0.0124441,0.0081786,0.016792,-0.00473236,-0.0144716,0.00910184,0.170677,-0.0894679,0.0260296],[-0.0437356,0.0263204,0.224006,0.05595,-0.0295616,0.0961821,-0.00558619,-0.000827084,0.0734581,-0.066507,-0.00320263,0.00227671,-0.00746999,0.00599292,-0.0127924,-0.00491668,-0.00282225,0.0140133,0.0400061,0.0173443,0.134287,-0.00594021,0.00722822],[-0.0191915,0.00647212,-0.129311,0.227068,-0.0338811,0.0240641,0.00864753,0.0104038,-0.043074,-0.0713491,0.00262955,0.00317017,0.00261839,0.00390778,0.0112524,-0.0400122,0.0269984,0.0389149,0.0471196,0.00407851,-0.039237,0.0138665,0.00209213],[0.00975943,-0.0397862,-0.0303221,0.0500511,0.0688393,-0.0351952,0.011662,0.0126279,-0.00964183,-0.00306099,0.00372402,-0.00558664,0.00827778,-0.00745154,0.00415026,-0.0008041,0.00361003,0.00670128,0.00438757,-0.000415774,-0.175134,-0.015932,-0.00706733],[0.012264,-0.0347964,-0.0815891,0.0303087,0.0651779,0.0890544,0.00976629,-0.00035853,0.0136213,-0.0811942,-0.00112934,0.00196822,-0.00220414,0.00656395,0.000311605,0.0124671,0.0144781,-0.00252969,-0.0285679,0.00556176,0.196439,-0.0153805,0.00595298],[-0.167198,-0.100182,0.134548,0.0581237,-0.38742,0.0479553,0.184207,-0.00167579,-0.321014,-0.0127086,0.00711838,-0.0126474,0.00973365,-0.01055,0.00446225,-0.0689758,0.144558,0.0336353,0.0478812,-0.0134773,-1.18897,0.0675263,-0.00877449],[0.176548,0.243348,-0.495762,-0.248055,-0.193118,-0.130744,-0.178765,-0.0199412,-0.167676,-0.13527,0.0268253,-0.0291289,0.00938904,-0.0517865,-0.0714526,0.0620008,-0.0966411,0.0352674,-0.239031,0.00253766,-1.73597,0.0908898,-0.0389274],[-0.0762316,-0.0710185,-0.00337747,-0.00765442,-0.164068,-0.0519687,-0.0159249,0.0280804,0.0230627,-0.00374963,-0.00669992,-0.00400049,0.00129374,-0.000782795,0.0143703,-0.0432585,-0.112932,0.00781789,0.0302616,-0.0293745,-0.278642,0.180136,-0.00332557],[-0.00959992,-0.142784,-0.0944047,0.0806285,0.247116,0.255754,0.0317755,0.0232909,0.0783492,-0.0947015,0.0283756,-0.00817883,0.0126397,-0.011983,-0.0217273,-0.0548207,0.0561965,-0.0277289,0.0296522,-0.0242468,0.266265,-0.000284603,-0.0117092],[0.251723,-0.546915,0.473466,-0.857658,2.75676,0.392215,0.296208,-0.155193,-1.22822,0.0252029,-0.3139,0.540189,-0.171431,0.353032,-0.078516,0.643241,-0.0500782,-0.550352,-0.435115,0.228621,1.44741,-1.16204,0.477561],[0.0708771,0.0237821,0.0868442,-0.0276695,-0.00966906,-0.0282834,0.0901912,-0.00868213,-0.12006,0.0257056,-0.0126312,-0.0985266,0.0146675,-0.0478591,0.0536225,0.0361449,0.0522307,0.178015,0.126261,-0.109082,0.532972,-0.0761563,-0.0753374],[-0.360389,-0.382105,-0.619888,0.263187,-1.14825,-1.22635,-0.123197,0.0990391,-0.360467,0.338036,0.000973926,0.0165855,-0.0467275,-0.00615329,-0.0566586,-0.169952,-0.0553178,0.14378,-0.0217999,-0.00249274,-1.11589,-0.0616898,-0.0027836],[-0.188505,-0.101654,0.222549,-0.191355,-0.692087,-0.406845,0.123708,0.0279006,0.0354672,0.0766915,0.00029189,-0.119452,0.0403282,-0.0965126,0.0442729,-0.189537,0.135913,-0.209359,0.121411,0.0601146,2.16261,0.043037,-0.0941716],[0.00152535,0.0383521,0.0720837,0.351989,-0.256869,-0.515853,-0.32036,0.0114995,0.301575,-0.0777867,0.0422269,-0.130063,-0.0298164,-0.139023,-0.159302,-0.164143,-0.212136,0.0995729,0.392795,0.0761647,0.0065429,-0.567541,-0.147218],[-0.107282,-0.129151,-0.00488554,-0.0678567,-0.358712,-0.194733,-0.0256378,0.016375,0.0045775,0.12666,0.00944432,-0.0158763,-0.00554435,-0.0100712,-0.0390616,-0.0834356,-0.0367665,-0.0287302,-0.0462495,-0.0331658,-0.935635,-0.022912,-0.0114443],[-0.0589851,-0.0592738,0.0431483,0.0344526,-0.00703547,0.0732499,0.28908,-0.00190694,-0.352978,-0.0373963,0.0156862,-0.0191367,0.0169268,-0.00811654,0.0055454,-0.0136432,0.236705,0.0363297,0.0598606,-0.0139821,0.293504,0.12605,-0.0107155],[-0.181987,-0.218335,0.00714133,0.179185,-0.318298,-0.0399364,0.142926,0.0162062,-0.154968,0.185995,-0.00800635,-0.000577375,0.100647,0.036483,0.0568272,0.0330727,0.139016,0.0257376,0.0504858,-0.144276,-2.74176,-0.112928,0.0298919],[0.116741,0.45807,0.0504647,-0.113169,0.123549,0.0698048,-0.00994227,-0.00968636,0.0367468,-0.00729792,0.0119721,-0.0261309,-0.00032328,-0.0244092,-0.036327,0.0718033,0.0153147,0.0483287,-0.0645695,-0.0524844,-0.928708,-0.343894,-0.010212],[-0.0163487,0.121266,-0.47072,-0.196945,0.33642,0.377997,-0.0211603,-0.0754129,0.261534,-0.0915219,-0.0184299,-0.0566459,-0.0212785,-0.0647044,-0.0244419,0.0520459,-0.0517612,0.0244892,-0.038837,0.131239,3.97508,0.272316,-0.0637951],[-0.00376582,-0.00686731,-0.0100928,-0.0163634,0.0107694,0.00187531,-0.0036202,0.00368177,-0.00814108,-0.00871479,-0.000143921,0.00308487,-0.00162496,0.00352364,-0.000163348,0.0049001,-0.00493258,0.000211982,0.000744105,0.00230058,-0.188079,-0.00324299,0.00389381],[-0.0668422,0.069735,-0.159779,-0.0892682,-0.0811497,-0.142625,0.00578995,-0.0220588,-0.0281505,0.0129551,-0.00399444,0.00142061,-0.00432684,0.0018707,0.0073754,-0.00717037,-0.0070297,0.0217492,0.0283121,0.0260245,0.224428,0.101632,0.00436892],[0.0750745,0.181947,0.364768,-0.375258,0.619444,0.675451,0.151647,-0.0228032,-0.200757,0.0250076,-0.0260697,-0.022096,0.0440694,0.0454096,0.0717807,0.164366,0.261662,0.0538895,-0.0623261,0.100596,2.16063,-0.255543,0.0236212],[0.0604282,0.15063,-0.116369,-0.0551843,0.0185983,-0.0411988,-0.0424582,0.00623401,0.0534814,0.00249481,0.00783642,-0.0179093,-0.0041584,-0.0193522,-0.0184441,-0.00483901,-0.0371862,0.0061361,0.0303647,-0.00824642,0.359717,-0.0417376,-0.0158055],[0.0665928,0.154809,0.0364492,0.0527655,0.0731371,-0.0274796,0.00335269,-0.0116227,0.0182652,-0.0486549,0.000335769,-0.00192137,-0.00118486,-0.000190543,-0.005793,0.010341,-0.00273047,0.00557713,-0.00644387,0.00637481,0.291408,-0.0260291,0.00492377],[-0.0182557,-0.0684092,0.0684343,-0.0646356,-0.0060468,-0.00287421,-0.00891587,0.000814027,-0.0189969,0.0121708,-0.000832305,-0.00193377,0.00631416,-0.00559212,0.00065262,-0.0168016,-0.00788624,0.0275762,0.0460861,-0.00523441,-0.0809001,0.0667327,-0.00672286],[0.00534529,-0.0659411,-0.070765,0.208716,-0.010104,-0.19321,0.00199939,0.00779949,0.0119046,0.0175595,-2.48532e-05,-0.00940135,0.00734887,0.00124006,0.001169,-0.0192999,-0.00249191,-0.000660372,-0.000124701,-0.0261533,0.0146531,0.0158601,-0.00742494],[0.0107188,0.0554514,-0.00401355,0.0245728,0.0218523,-0.00866259,-0.00528759,-0.00109907,0.00568297,0.00180258,0.00177827,-0.00333916,0.00233901,-0.00599786,-0.00125565,0.00470861,-0.00652035,0.00466409,-0.00485545,0.00114204,0.123318,-0.0228079,-0.00168759],[-0.043215,-0.0120119,-0.0528206,0.0284259,-0.0579905,0.0550938,0.0080543,-0.000438339,-0.093841,0.0199452,0.0014853,0.00560829,0.00456545,0.00348224,0.00655929,-0.012389,0.00462109,0.0113907,0.00230472,-0.00546728,-0.184237,0.0233764,0.00188418],[-0.0590239,-0.0646661,-0.177379,0.0171275,-0.147472,0.113782,-0.151679,0.0253331,0.154916,0.00386853,-0.00735986,-0.0395343,-0.0348084,-0.0579206,-0.0267511,-0.00236504,-0.243718,0.0100378,0.0266988,0.0144381,-1.02625,0.13227,-0.0398583],[-0.06287,-0.295255,0.127009,0.0470682,0.174394,0.575279,0.0981903,0.0394935,0.341462,-0.177648,0.00553639,0.0131286,0.0283765,0.0285736,0.00598243,0.0557108,0.122795,-0.125389,-0.0110774,-0.0221641,-0.62844,-0.0969398,0.0368354],[-0.0132949,-0.0494634,-0.00514941,-0.0364254,0.0487449,0.015855,0.000761656,-0.00796675,0.088342,0.0112927,-0.00197567,0.0120168,-0.00374945,0.0109496,0.00482256,0.0172259,0.0484684,-0.00462759,-0.064264,0.00424068,0.182656,-0.119766,0.00957263],[0.0182356,0.0884681,0.0458686,0.045127,-0.14714,-0.133538,0.0133539,-0.0100793,-0.0681697,0.0803671,0.00275394,-0.0182665,0.0146139,-0.0196036,-4.42526e-05,-0.0170742,0.0159667,0.00965749,-0.00141375,0.0200975,0.722695,-0.119056,-0.0137479],[-0.690361,-0.587073,0.437403,0.212873,-1.3923,-0.585184,0.046957,-0.15259,0.762367,0.000276745,0.0134679,-0.114654,0.0410502,-0.0929635,0.0833117,-0.318417,0.0491182,-0.115811,0.718121,0.0622103,3.22205,-0.200914,-0.111585],[0.0228379,-0.0611134,-0.0249538,0.285075,0.0222308,-0.0429712,-0.0656749,0.0129031,0.161374,0.00556559,0.00540829,-0.0603797,-0.00442161,-0.0614874,-0.024166,-0.0196354,-0.0586211,0.185824,0.100345,-0.0132095,-0.559728,0.0977137,-0.0582951],[-0.119759,-0.359555,-0.299365,-0.111001,-0.233823,-0.312062,-0.0537821,0.0854099,0.446368,-0.282092,-0.0258359,-0.0109273,-0.0350801,0.000793094,-0.0207463,-0.00417042,-0.108536,0.1307,-0.196688,0.00900417,-0.776008,-0.0245466,-0.00649066],[-0.100027,-0.197202,-0.0952293,-0.0822892,-0.30957,-0.303882,-0.0270072,0.0379941,0.200527,-0.015635,-0.00954662,-0.0465935,0.00948111,-0.0548319,0.0108968,-0.088201,-0.0205459,-0.0731737,0.070038,0.0310267,-1.11229,0.0424692,-0.0602543],[0.420839,0.469964,0.766163,0.012567,0.834192,0.672493,0.0600687,-0.127932,-0.105564,-0.427319,-0.0131552,-6.51206e-05,-0.0137115,0.0162178,0.048162,0.157488,0.0759464,-0.0885127,-0.214988,0.0272983,1.20361,-0.520613,0.0276458],[-0.0299001,0.14835,-0.0918422,0.127564,-0.225859,-0.225052,-0.0812262,0.0401455,0.0628196,0.0803502,0.00539473,-0.00278116,-0.0120254,-0.00941754,-0.0150023,-0.0281097,-0.0665613,-0.0113996,0.1366,-0.0101765,-0.757475,0.00611021,-0.0029793],[-0.0615107,-0.0729942,0.0786503,-0.0506164,-0.0269828,-0.0273903,-0.161174,0.0306557,0.514036,0.079317,0.00177015,-0.0153228,-0.0418106,-0.0251391,-0.0400261,-0.0202946,-0.0342365,-0.00416865,0.0358397,0.0109209,0.806127,0.18045,-0.00703723],[-0.287677,-0.325201,0.324508,-0.0410195,-0.398776,-0.118553,-0.0215186,0.123483,-0.0471947,-0.0117671,-0.0076431,0.028018,-0.00943055,0.00885592,-0.0534603,-0.106805,-0.0210839,-0.245774,0.199522,-0.0277428,-2.92517,0.00590176,0.0126606],[0.0457229,-0.0110135,-0.0134756,-0.0233835,-0.0144923,-0.0695181,0.0672407,-0.0256239,0.0475863,0.0107801,0.00539427,-0.000827003,0.0375355,0.00834282,0.038359,0.0174236,0.0831696,0.00452204,-0.288187,0.00591637,-0.0276613,-0.126727,0.000814324],[0.0152315,-0.0231262,0.111067,0.13676,-0.0690071,0.0776427,-0.0983187,-0.0156088,0.2033,0.0250806,-0.0182747,-0.013461,-0.0251438,-0.0141873,-0.0137054,-0.0188174,-0.0546406,-0.0129004,-0.156277,0.0688572,-4.03948,0.0101775,-0.0169938],[0.00136585,0.00404813,0.0102057,-0.00711836,0.000455312,-0.00250398,0.000316072,-0.000145368,-0.00308817,0.00657234,0.000301607,0.000127285,-0.000467263,0.000405814,-0.000263083,0.00248611,-0.00579811,0.0019364,-0.00283237,0.00223402,-0.0910557,-0.00681509,0.00107638],[-0.0473777,-0.0542109,-0.0343809,-0.0604217,-0.178865,-0.107401,-0.0152058,0.0260815,-0.0673301,-0.00524639,0.00112114,-0.00186012,-0.00147403,-0.0107283,-0.00692461,-0.0234853,-0.0306451,0.0481323,0.0131241,0.00449182,0.591572,0.0186641,-0.0113184],[0.0608838,0.0551302,-0.0230447,-0.303886,-0.0205368,-0.230282,-0.0275281,0.0165397,0.0566349,-0.0141235,-0.0161284,-0.0294475,0.00473333,-0.0343826,0.0274244,0.0140474,0.0400602,0.231312,-0.0140436,-0.011745,-1.76682,-0.175542,-0.0254277]],"sigmahat":[[0.390534,0.301317,0.145268,0.100133,0.721457,0.350601,0.0358095,-0.0730072,-0.00747874,-0.0666606,-0.0032918,0.0114675,0.0305239,0.0169817,0.0274383,0.175264,0.0638318,-0.0254367,-0.143466,0.0092283,0.895388,-0.213089,0.015001],[0.301317,0.910069,-0.0869021,-0.0257504,0.511315,0.0925973,-0.0231712,-0.146778,0.0743292,-0.0299343,-2.17459e-05,-0.0171893,-0.0267052,-0.0218999,-0.0378615,0.171969,0.0116506,0.00192902,-0.175609,-0.014871,-0.345435,-0.159779,-0.00111992],[0.145268,-0.0869021,1.92159,-0.00302702,0.201805,0.468602,0.0566548,0.0325307,0.00536247,0.0443622,-0.00412269,0.00710455,0.0403583,0.027845,0.020949,-0.00127778,0.0483016,-0.0463855,-0.0764833,0.0308393,0.606051,-0.00932124,0.0323707],[0.100133,-0.0257504,-0.00302702,1.58684,0.52987,0.333472,0.00316818,0.0355649,-0.0214343,-0.199888,-0.000752444,0.0310368,0.0226807,0.0472768,0.0332211,-0.00658471,0.0240168,-0.0249216,0.0910225,0.0154356,0.210572,0.252749,0.037308],[0.721457,0.511315,0.201805,0.52987,2.64567,1.45206,0.0979325,-0.158118,0.0697932,-0.33376,-0.0168493,0.085178,0.0217335,0.116844,0.0415028,0.487613,0.1638,-0.107284,-0.261748,0.0554122,1.26991,-0.281506,0.10655],[0.350601,0.0925973,0.468602,0.333472,1.45206,2.184,0.0907856,-0.0641383,-0.0261465,-0.216005,-0.00372125,0.0536427,0.0406454,0.0711816,0.0335488,0.271133,0.109877,-0.0616443,0.0513469,0.051957,1.17344,-0.00693422,0.0691937],[0.0358095,-0.0231712,0.0566548,0.00316818,0.0979325,0.0907856,0.196511,-0.00269048,-0.17026,-0.0578865,-0.000272017,0.0126937,0.0427273,0.0217253,0.0486461,0.0263301,0.152489,-0.025989,0.0294249,0.00310975,0.774942,0.00736212,0.0122698],[-0.0730072,-0.146778,0.0325307,0.0355649,-0.158118,-0.0641383,-0.00269048,0.0742054,-0.0189579,0.00528835,0.000724668,0.000647025,0.00447802,0.000418429,0.00252136,-0.0392264,-0.00716826,0.019498,0.0745636,0.00486488,0.0721006,0.0556983,-0.0014082],[-0.00747874,0.0743292,0.00536247,-0.0214343,0.0697932,-0.0261465,-0.17026,-0.0189579,0.912721,-0.0239883,0.00298485,-0.0337498,-0.0574598,-0.0357209,-0.0820255,-0.0160554,-0.029584,-0.00389203,0.0686503,0.0125297,-0.503033,0.0946621,-0.0280071],[-0.0666606,-0.0299343,0.0443622,-0.199888,-0.33376,-0.216005,-0.0578865,0.00528835,-0.0239883,0.417825,0.000759863,-0.0192962,0.00773811,-0.0225854,-0.0031158,-0.0579748,-0.0357474,0.00806096,-0.0254987,-0.0144294,-0.753196,0.00143453,-0.0190416],[-0.0032918,-2.17459e-05,-0.00412269,-0.000752444,-0.0168493,-0.00372125,-0.000272017,0.000724668,0.00298485,0.000759863,0.00456449,-0.00380253,0.00230384,-0.00494038,-0.00219719,-0.00749658,-0.000294262,0.000208797,0.00361524,-0.000930081,0.0744017,0.0096754,-0.00421427],[0.0114675,-0.0171893,0.00710455,0.0310368,0.085178,0.0536427,0.0126937,0.000647025,-0.0337498,-0.0192962,-0.00380253,0.0241637,0.0050809,0.0266098,0.0117789,0.0253797,0.0170745,-0.0130859,-0.00959551,0.00643953,0.00302436,-0.0211584,0.0235223],[0.0305239,-0.0267052,0.0403583,0.0226807,0.0217335,0.0406454,0.0427273,0.00447802,-0.0574598,0.00773811,0.00230384,0.0050809,0.0340305,0.00915641,0.0301047,0.0109094,0.0345304,-0.0173075,-0.000492859,0.00514998,0.347036,-0.00761979,0.00540327],[0.0169817,-0.0218999,0.027845,0.0472768,0.116844,0.0711816,0.0217253,0.000418429,-0.0357209,-0.0225854,-0.00494038,0.0266098,0.00915641,0.0368045,0.0173169,0.0324428,0.0258723,-0.0160383,-0.0085078,0.0087163,-0.00942724,-0.0198898,0.0300209],[0.0274383,-0.0378615,0.020949,0.0332211,0.0415028,0.0335488,0.0486461,0.00252136,-0.0820255,-0.0031158,-0.00219719,0.0117789,0.0301047,0.0173169,0.0432954,0.0181647,0.0413177,-0.0177802,-0.00369825,0.00377706,0.2591,-0.0326433,0.0131392],[0.175264,0.171969,-0.00127778,-0.00658471,0.487613,0.271133,0.0263301,-0.0392264,-0.0160554,-0.0579748,-0.00749658,0.0253797,0.0109094,0.0324428,0.0181647,0.164526,0.0421053,-0.0232282,-0.0644059,0.00708486,0.14706,-0.127001,0.0299642],[0.0638318,0.0116506,0.0483016,0.0240168,0.1638,0.109877,0.152489,-0.00716826,-0.029584,-0.0357474,-0.000294262,0.0170745,0.0345304,0.0258723,0.0413177,0.0421053,0.227872,-0.0220101,0.0266434,-0.00949117,0.51325,0.00665388,0.0179128],[-0.0254367,0.00192902,-0.0463855,-0.0249216,-0.107284,-0.0616443,-0.025989,0.019498,-0.00389203,0.00806096,0.000208797,-0.0130859,-0.0173075,-0.0160383,-0.0177802,-0.0232282,-0.0220101,0.15957,0.0345307,-0.0109972,-0.186794,-2.27033e-05,-0.015681],[-0.143466,-0.175609,-0.0764833,0.0910225,-0.261748,0.0513469,0.0294249,0.0745636,0.0686503,-0.0254987,0.00361524,-0.00959551,-0.000492859,-0.0085078,-0.00369825,-0.0644059,0.0266434,0.0345307,0.789395,-0.0365751,0.404982,0.114387,-0.0121718],[0.0092283,-0.014871,0.0308393,0.0154356,0.0554122,0.051957,0.00310975,0.00486488,0.0125297,-0.0144294,-0.000930081,0.00643953,0.00514998,0.0087163,0.00377706,0.00708486,-0.00949117,-0.0109972,-0.0365751,0.0781254,0.321423,-0.0210962,0.0075081],[0.895388,-0.345435,0.606051,0.210572,1.26991,1.17344,0.774942,0.0721006,-0.503033,-0.753196,0.0744017,0.00302436,0.347036,-0.00942724,0.2591,0.14706,0.51325,-0.186794,0.404982,0.321423,48.2671,-0.490784,-0.0347671],[-0.213089,-0.159779,-0.00932124,0.252749,-0.281506,-0.00693422,0.00736212,0.0556983,0.0946621,0.00143453,0.0096754,-0.0211584,-0.00761979,-0.0198898,-0.0326433,-0.127001,0.00665388,-2.27033e-05,0.114387,-0.0210962,-0.490784,1.0939,-0.0199573],[0.015001,-0.00111992,0.0323707,0.037308,0.10655,0.0691937,0.0122698,-0.0014082,-0.0280071,-0.0190416,-0.00421427,0.0235223,0.00540327,0.0300209,0.0131392,0.0299642,0.0179128,-0.015681,-0.0121718,0.0075081,-0.0347671,-0.0199573,0.0304618]],"n":23,"lags":3}