{"betahat":[[-0.837221,-1.47709,0.926971,0.360179,-2.09759,0.0585859,0.264125,0.385117,-0.140689,-0.127792,0.0025857,4.40861,-0.0223322,-0.0345251,2.12216,0.115507,1.56699,-0.0851637],[0.876276,0.0270112,0.0220624,-0.118723,-0.279565,-0.0718864,0.0284143,-0.0106042,-0.00032381,0.00365777,2.25922e-05,-0.32157,-0.00509054,-0.00824875,-0.0777983,-0.283254,0.0938848,-0.0012839],[0.0157433,0.784622,-0.256874,0.0955177,0.0651705,0.062936,-0.00932984,0.00759278,-0.00709468,0.00272869,-6.65365e-05,-0.0936108,0.00303438,0.00210334,0.00536192,0.0280635,-0.0198332,-0.00711697],[0.0815332,0.103652,0.85654,0.0168448,0.0742441,0.0111619,0.0139962,-0.0129142,-0.00657273,0.0170652,0.000591203,0.526693,-0.00337286,-0.0115662,0.286774,-0.0136515,0.0601281,-0.00799871],[0.0784382,0.113484,0.126117,0.786674,0.203373,0.191882,-0.0282125,-0.0223627,-0.00566341,-0.0334276,-1.37522e-05,-0.17194,-0.0367149,-0.0448725,0.570797,0.170666,-0.0220265,0.000793445],[-0.0299449,0.0254045,-0.0540476,-0.0620766,0.856221,0.0233291,-0.000659757,-0.0158127,0.00919609,-0.00266425,4.25918e-05,0.429787,-0.00180646,-0.00947637,0.218066,-0.131977,0.0880343,0.00599077],[0.0807888,0.103915,0.0960747,0.0326341,0.146302,1.00671,-0.0234411,-0.000347328,-0.00902554,0.00397709,0.000395003,-0.174574,-0.00885757,0.00965728,-0.230649,0.00989326,0.0460118,-0.00074425],[0.0336705,0.235842,0.110449,0.00244462,0.287582,-0.183478,0.831127,-0.0438197,0.0425334,-0.00448546,-0.000271987,-1.08157,-0.0309061,-0.0103952,-0.358359,-0.189637,-0.404611,0.0325984],[0.244415,0.572791,0.0594469,0.303518,0.636462,0.318514,-0.0271106,0.825682,0.0172828,-0.0290426,0.000320023,-1.53631,0.0093457,-0.0541016,1.9604,0.424937,-0.883786,0.0088431],[-0.424841,-0.160242,0.019451,-0.0497595,-1.06253,-0.291911,-0.364585,0.037515,1.18167,-0.00956596,0.00357615,-1.21883,-0.0603929,-0.0603554,0.0319684,-0.139288,-1.08537,0.16106],[-0.447393,-0.239987,-0.39104,-0.399091,-0.427809,0.69179,0.176214,0.059855,0.0617148,1.04541,0.00134475,1.92324,-0.00734008,-0.00766223,0.897803,0.357113,0.142358,0.0371904],[23.3768,12.0201,-9.72553,14.3322,6.06889,18.2697,14.1228,5.24567,-1.14773,6.48774,0.891305,282.395,5.78008,3.70381,54.2099,22.7363,63.3171,-0.364622],[0.00387505,-0.000271145,-0.0078628,0.00285441,0.0128278,0.0186031,-0.000394497,-0.00437095,-0.00217533,-0.000247177,7.28692e-05,1.0356,0.00158481,0.000840532,-0.0155188,-0.00886483,-0.01678,0.000137222],[0.066052,0.14612,-0.238868,-0.256175,0.970937,0.66049,0.157154,-0.0342449,0.074879,-0.0379555,-0.00373186,-0.879785,0.958185,-0.0349055,0.328527,0.173565,0.308998,0.0371179],[0.124633,-0.110184,0.821127,-0.0651001,0.171284,0.634435,-0.0465191,0.0371413,-0.0102625,0.0203153,0.000648234,-9.37853,0.0967872,1.16325,-2.3805,0.08271,-0.959725,0.0230533],[-0.00186726,-0.0068392,-0.0408203,-0.0324201,0.0111368,0.0254465,0.0230884,-0.0148849,0.00287765,0.00660206,3.98589e-05,-0.000646938,0.0127609,0.00757022,1.00975,0.0300665,0.0203886,0.00127993],[0.107123,0.236935,-0.0220394,0.0445632,0.315913,0.166918,-0.00172263,-0.0289102,0.0121205,0.0167041,-0.000673324,1.10482,0.0135729,0.00207906,0.129946,0.58089,0.0306542,0.0139692],[0.100993,0.0786353,-0.11586,0.0454409,0.07404,0.00408051,0.0424268,0.0180442,0.00892067,0.0254368,-0.000313578,0.198879,0.0133747,0.0200164,-0.199949,0.0266544,0.646166,0.00354629],[0.35712,0.554085,-0.414806,-0.0545124,-0.217475,-0.905608,0.258063,-0.153799,0.129978,0.088801,-0.00134439,5.22047,0.115381,0.0159986,1.63318,-0.0962475,0.967123,1.12642],[0.0472685,-0.186251,0.0655465,0.0934553,0.161797,0.0932493,0.0319189,0.0135695,0.00509952,0.0108684,-6.101e-06,0.68551,0.0243869,0.0194754,0.22378,0.210992,0.123805,0.00882041],[-0.0615928,0.0817845,0.255316,-0.141036,-0.118975,-0.00774867,0.0129433,0.00072794,0.00481794,0.000596187,5.469e-05,0.226884,-0.000201597,-0.000133745,0.00613269,-0.0187374,0.0435186,0.00864844],[-0.06985,-0.0184195,0.116866,0.0131812,-0.160939,-0.0919544,-0.0169986,0.014848,0.0031956,-0.0274,-0.000543312,-0.269619,-0.00627364,-0.00209063,-0.202508,0.0188747,-0.128724,0.00446597],[-0.0312341,0.0289636,-0.00783862,0.148605,-0.162169,0.0045421,-0.00487452,0.00121371,-0.00737308,0.0164631,-0.000253464,-0.538903,0.012986,0.0341635,-0.597879,-0.164799,0.0385463,-0.00457174],[0.0151502,-0.0654105,0.062163,0.0602955,0.13379,0.0163344,0.00998839,0.0177218,0.00120218,0.00345221,9.46745e-05,-0.364792,0.00208717,0.0035142,-0.000723795,0.125717,-0.0655107,0.000950859],[-0.0171875,-0.0695825,0.00871458,-0.0715664,-0.0304842,-0.0272744,0.0180471,-0.00412601,0.00402205,-0.0166841,-0.00018257,0.0948302,-0.0112504,-0.0212646,0.173549,-0.0147502,-0.0659014,-0.00268689],[-0.0177336,-0.177428,0.0499017,-0.0393173,-0.150453,0.108269,0.311571,0.0105143,-0.00933851,0.0303942,-5.64437e-05,2.01836,0.040649,0.0284742,0.0867742,0.100832,0.817435,-0.00175293],[-0.0184721,-0.119868,-0.176716,-0.0665754,-0.394743,-0.440458,-0.102471,0.0996596,-0.0225552,-0.0260672,-0.00122432,1.19637,-0.0173523,-0.0128759,-1.26559,-0.165358,0.273015,-0.0285598],[0.100276,0.0910855,-0.303402,0.115914,0.174395,-0.10094,0.198815,0.0104234,-0.182536,-0.0420505,-0.00122434,1.25632,0.0152102,0.0326591,-0.383735,-0.0268282,0.691682,-0.116596],[0.156061,-0.32778,0.26454,0.312869,0.423421,-0.556863,-0.214236,0.0138381,-0.000994575,-0.132241,-0.00146216,-2.8865,-0.0873923,-0.0898685,-1.63314,-0.381385,-0.551151,-0.000322113],[-12.2538,2.7768,23.5637,-2.45325,30.4228,-24.4748,-9.21255,-9.95407,0.105415,-7.97985,-0.0706527,-67.0984,-9.86059,-6.70043,-58.4999,-23.0218,-3.41924,-1.01428],[-0.000797497,0.00146114,0.00353938,0.00475641,-0.0100095,-0.0201272,0.00202435,0.00353559,0.00150577,-8.13152e-05,-3.58344e-05,0.0267671,-4.60342e-05,-0.000812815,0.0389731,0.0120788,0.0157166,9.23763e-05],[-0.0790546,-0.339587,0.170129,0.439663,-0.527791,-0.225305,-0.217911,0.0206038,-0.0129846,-0.00176806,0.00199433,-0.897784,-0.0150566,-0.0131978,-0.427331,0.0269423,-0.0712237,-0.00243922],[-0.116599,-0.22585,-0.39152,0.0696216,-0.360243,-0.843266,0.0221194,0.0465238,0.0468465,-0.0546088,-0.000918966,4.88254,-0.107638,-0.149244,1.62617,-0.197593,0.548504,-0.00305351],[0.0090229,0.0164858,0.0359298,0.0324058,-0.00163335,-0.00965774,-0.0329849,0.0081751,-0.00337451,-0.00785692,-3.78674e-05,0.0886349,-0.0126492,-0.00733651,-0.00383353,-0.0106521,-0.0518209,-0.00207371],[0.0494814,0.0100927,-0.00514671,-0.0359537,-0.0147099,-0.0125961,0.0169604,-0.0313255,-0.0121317,-0.0110423,0.000514416,-0.450984,-0.00645811,-9.15848e-05,-0.142111,0.217479,-0.0572478,-0.0116328],[0.0218131,0.0875485,0.0095733,-0.00155845,0.0466645,-0.0284424,0.105317,-0.0230653,0.0151628,0.0150707,0.000444614,-0.469821,0.017241,0.0201468,-0.143739,-0.0435862,-0.0490005,0.0116238],[-0.214783,-0.238562,0.00301799,0.0815806,0.131892,0.538986,-0.076923,0.0872584,-0.104058,-0.0788678,-0.000392031,-2.28694,-0.097392,-0.0227129,-0.689416,0.233183,-0.400791,-0.100553],[0.0764422,0.159232,-0.0876167,0.025275,0.117749,-0.0213817,-0.0603345,-0.00296163,-0.00477558,-0.0145263,-1.6481e-05,-0.363829,-0.0192989,-0.0112303,-0.145939,0.0722532,-0.217686,-0.00753711],[0.0458381,0.133582,0.00155502,0.0455233,0.0537917,-0.055198,-0.00361624,-0.00831658,0.00227689,-0.00332475,1.18531e-05,-0.133174,-0.0028346,-0.00197258,-0.011454,-0.00933265,-0.0236896,-0.00153229],[-0.0117047,-0.0852414,0.026548,-0.0300075,0.0866621,0.0807547,0.00300422,-0.00193045,0.00337606,0.0103345,-4.78873e-05,-0.25677,0.00964163,0.0136495,-0.0841708,-0.00523454,0.068632,0.00353154],[-0.047213,-0.142453,-0.118289,0.064731,-0.0412092,-0.19642,0.033094,0.0211531,0.0130369,0.0169679,0.000267219,0.711056,0.0237283,0.010707,0.027146,-0.005861,-0.0164905,0.00377852],[0.0147694,0.0399911,-0.00813168,0.00179914,0.00992626,-0.0397291,-0.00932679,-0.00190466,-0.0103983,-0.000785878,-0.00013724,-0.0647764,-0.000282119,0.00595873,-0.217267,0.00623185,-0.0225005,-0.00694173],[-0.063622,-0.0343424,-0.104804,0.0389544,-0.115865,0.0204894,0.00539988,0.00447725,0.00500295,0.0127084,-0.000212442,0.080018,0.0201061,0.0116028,0.0571682,0.00483412,0.0199251,0.00343103],[-0.0159738,-0.0583967,-0.160451,0.0368847,-0.137243,0.0750328,-0.142675,0.0333079,-0.0331932,-0.0258728,0.000328231,-0.935987,-0.00973304,-0.0180838,0.271936,0.0887551,-0.412653,-0.0308413],[-0.1353,-0.335035,0.131001,-0.218539,-0.0832511,0.225832,0.115357,0.0527859,0.00166123,0.0576159,0.000458048,0.247567,0.0264328,0.076482,-0.693927,-0.163426,0.538315,0.0210318],[0.239138,0.113528,0.219679,0.0932016,0.33102,0.168429,0.120834,0.000254074,-0.0848767,0.041853,-0.00115168,0.711488,0.0372166,0.0316148,0.53102,-0.0323161,0.507404,-0.0774799],[0.281653,0.512826,0.143458,-0.056146,0.246438,0.0576948,0.022702,-0.0623056,-0.041936,0.0441358,0.000362958,0.148116,0.0649637,0.0725607,0.645616,0.085929,0.19351,-0.0301983],[-11.1231,-14.7969,-13.8382,-11.8789,-36.4917,6.20513,-4.9103,4.70841,1.04232,1.49211,0.179348,-215.297,4.08051,2.99661,4.29044,0.285517,-59.8979,1.3789],[-0.00332645,-0.00138259,0.00378693,-0.00784934,-0.00317634,0.00131498,-0.00166697,0.000892011,0.000653015,0.000229864,-3.20899e-05,-0.0707011,-0.00159067,1.80631e-07,-0.0242245,-0.00367757,0.000631811,-0.000235082],[0.0326124,0.165368,0.112581,-0.147867,-0.20868,-0.288957,0.0199831,0.00135782,-0.0405565,0.0241199,0.00143744,0.549131,0.0147665,0.0247461,-0.133797,-0.139896,-0.427878,-0.0307526],[0.00736081,0.344576,-0.42179,-0.0262032,0.268307,0.244893,0.00946366,-0.0839486,-0.0276949,0.0270561,1.34344e-05,4.22927,0.000577434,-0.0282787,0.721663,0.143789,0.320192,-0.0193182],[-0.00719706,-0.00971289,0.00454073,0.00045898,-0.00979344,-0.0162348,0.0101455,0.00669092,0.000481295,0.00136163,-2.03937e-06,-0.0874618,-4.84802e-05,-0.000141838,-0.00615284,-0.0194934,0.0322598,0.000810988],[0.0145775,-0.00299449,0.0903026,-0.0440657,0.0562327,0.028874,0.0348747,-0.0040107,0.000582528,0.00979905,-2.50498e-05,0.16242,0.00118055,0.00658846,-0.155865,0.0440281,0.0823561,0.00546956],[-0.0136189,-0.0605996,-0.00706974,0.000824256,0.007238,-0.0157077,0.013301,0.00174541,0.00147595,0.0117283,-2.53704e-05,0.267739,0.0155391,0.00378877,0.148575,0.0105537,0.107466,0.0052217],[-0.105391,-0.216909,0.280214,-0.0564439,0.0812221,0.154019,-0.112389,0.0346067,-0.0339741,0.0147087,0.00113351,-2.64241,0.00702792,0.0132802,-0.416723,-0.180725,-0.497298,-0.0448397]],"sigmahat":[[0.497906,0.565668,0.0423442,-0.020717,0.825965,0.35895,-0.0129311,-0.128621,-0.00996362,0.0189452,-0.00120262,0.327517,0.0333099,0.0400072,-0.528451,0.131264,-0.30775,-0.00379646],[0.565668,1.36112,-0.124241,-0.289785,0.891306,0.156293,-0.0991141,-0.241212,-0.0145761,-0.0254159,-0.00147906,-0.407218,-0.00204884,0.0107208,-0.870113,-0.12813,-0.583422,-0.00808935],[0.0423442,-0.124241,1.71652,0.0577901,-0.0204014,0.147321,-0.00255525,0.0482089,-0.00577103,0.0242051,4.58532e-05,1.12026,0.0117354,0.0398785,-0.50312,0.14274,0.0139576,0.0110142],[-0.020717,-0.289785,0.0577901,0.716008,-0.132867,0.0189509,0.0450608,0.105293,0.0148833,0.0396897,0.00018802,0.827281,0.0331575,0.0303118,0.498381,0.267215,0.379032,0.0201835],[0.825965,0.891306,-0.0204014,-0.132867,2.34147,1.04704,-0.0471797,-0.253374,-0.00433095,-0.0329501,-0.00229884,-1.6221,-0.033475,0.00713499,-1.42247,0.484014,-0.695379,-0.00422401],[0.35895,0.156293,0.147321,0.0189509,1.04704,1.89256,0.0306302,-0.0903767,-0.0211493,0.037845,-0.00100696,-0.164175,0.00138772,0.0508348,-0.545998,0.625703,-0.0383277,-0.00975375],[-0.0129311,-0.0991141,-0.00255525,0.0450608,-0.0471797,0.0306302,0.274408,0.00946396,0.00687705,0.0577105,-2.28763e-06,1.98757,0.0572364,0.0424455,0.117906,0.0259217,0.659171,0.0127986],[-0.128621,-0.241212,0.0482089,0.105293,-0.253374,-0.0903767,0.00946396,0.0864602,0.00348704,0.0056704,0.000317756,0.068138,-0.00287704,-0.0053989,0.242668,0.0282104,0.115182,0.00154966],[-0.00996362,-0.0145761,-0.00577103,0.0148833,-0.00433095,-0.0211493,0.00687705,0.00348704,0.0125708,0.00539186,3.35699e-05,-0.00270393,0.00252659,0.00077073,0.0214253,-0.00632272,-0.000111672,0.00789918],[0.0189452,-0.0254159,0.0242051,0.0396897,-0.0329501,0.037845,0.0577105,0.0056704,0.00539186,0.0478835,-5.77253e-06,0.935268,0.0441927,0.0357725,0.113686,0.000534451,0.162791,0.00793959],[-0.00120262,-0.00147906,4.58532e-05,0.00018802,-0.00229884,-0.00100696,-2.28763e-06,0.000317756,3.35699e-05,-5.77253e-06,1.80511e-05,-0.00860158,-4.22646e-05,7.13251e-05,0.00134727,-0.000464563,-0.000567736,5.88006e-05],[0.327517,-0.407218,1.12026,0.827281,-1.6221,-0.164175,1.98757,0.068138,-0.00270393,0.935268,-0.00860158,88.788,1.04573,0.403309,14.2626,0.638331,9.82994,0.162971],[0.0333099,-0.00204884,0.0117354,0.0331575,-0.033475,0.00138772,0.0572364,-0.00287704,0.00252659,0.0441927,-4.22646e-05,1.04573,0.0644818,0.0469531,0.141821,0.00804809,0.139773,0.00898201],[0.0400072,0.0107208,0.0398785,0.0303118,0.00713499,0.0508348,0.0424455,-0.0053989,0.00077073,0.0357725,7.13251e-05,0.403309,0.0469531,0.0524935,-0.132979,0.00118355,0.0913641,0.00793904],[-0.528451,-0.870113,-0.50312,0.498381,-1.42247,-0.545998,0.117906,0.242668,0.0214253,0.113686,0.00134727,14.2626,0.141821,-0.132979,9.61753,0.513225,1.6914,-0.0116316],[0.131264,-0.12813,0.14274,0.267215,0.484014,0.625703,0.0259217,0.0282104,-0.00632272,0.000534451,-0.000464563,0.638331,0.00804809,0.00118355,0.513225,0.924152,0.148239,-0.00143318],[-0.30775,-0.583422,0.0139576,0.379032,-0.695379,-0.0383277,0.659171,0.115182,-0.000111672,0.162791,-0.000567736,9.82994,0.139773,0.0913641,1.6914,0.148239,3.34418,0.0394227],[-0.00379646,-0.00808935,0.0110142,0.0201835,-0.00422401,-0.00975375,0.0127986,0.00154966,0.00789918,0.00793959,5.88006e-05,0.162971,0.00898201,0.00793904,-0.0116316,-0.00143318,0.0394227,0.00987442]],"n":18,"lags":3}