{"betahat":[[-13.6271,-12.1747,-3.67548,-5.44928,-24.9902,-19.9596,-1.71285,1.67022,-0.341063,-0.360671,0.0151535,-9.08086,3.22443,8.25794,-2.36378,-1.12867,-0.93239,-0.748283,0.750581,-33.46],[0.752471,-0.136002,-0.0338686,-0.0667906,-0.412684,-0.192344,0.0237882,0.00909717,0.00344045,0.00414603,0.00018486,-0.151848,0.0124227,0.10061,-0.0201304,-0.0131169,-0.00624478,-0.158362,0.00785593,-0.772707],[0.193517,0.928298,-0.154293,0.105629,0.367282,0.331781,0.0232768,-0.0410241,-0.00649365,-0.00400656,-0.000170023,0.139544,0.0309216,-0.150805,0.0154636,0.00908146,0.00670264,0.0845461,-0.0166984,0.250556],[0.142843,0.176287,0.934505,0.0559918,0.173934,0.125647,0.0148916,-0.0133372,-0.00810607,0.0135663,0.000369167,0.0877852,-0.0371446,-0.081109,0.0112401,0.00195841,0.00862258,0.202833,-0.0138418,0.851852],[-0.0422789,0.0464208,0.136741,0.701588,0.0310348,0.0185258,-0.08111,0.00582784,-5.69096e-05,-0.0468987,-0.000208819,0.0238604,0.0477836,0.0337157,-0.0307487,-0.0387471,-0.046723,0.976442,-0.0577425,-1.0563],[-0.103252,-0.0311919,-0.0770615,-0.0394518,0.750972,-0.0976555,0.000250265,-0.00523911,0.00406254,0.00131459,8.85397e-05,-0.0500046,-0.000213422,0.0384655,0.00874263,-0.00745103,-0.00294219,0.140626,-0.000502081,0.129999],[0.0907897,0.10233,0.162371,0.0618728,0.146595,1.01212,-0.0177531,0.00347289,-0.00292558,0.0105366,3.55359e-05,0.0314006,-0.0117485,-0.0277737,0.0122726,0.0166649,0.00806534,-0.274807,0.00608933,0.208844],[0.000104265,-0.0494621,-0.00285701,0.10111,0.160605,-0.115242,0.659715,0.0033511,0.0521886,-0.00426246,-0.000525561,0.00765271,-0.0419772,-0.018766,0.0118831,-9.32838e-05,-0.0492649,-0.59509,-0.0856591,-3.09539],[1.19301,1.76106,0.696173,0.735358,2.20431,1.1178,-0.00968674,0.679982,0.0263863,-0.00880082,-0.000159351,0.730643,-0.103598,-0.573839,0.0614272,0.0648737,0.0983298,0.778146,-0.132772,1.04566],[0.135883,0.576688,0.121215,0.259112,-1.07775,-0.550101,-0.159703,0.00730396,1.23166,0.10593,0.00437968,-0.0254978,0.0183466,-0.0765879,-0.0156835,0.0331317,0.0482857,0.257962,0.0107232,0.339345],[-1.31031,-0.794695,-1.67663,-1.28568,-1.97782,-0.648837,0.291435,0.0812568,0.0528295,1.01575,0.0036238,-0.715807,-0.0737272,0.679117,-0.00120641,-0.0900574,-0.0280016,4.30296,0.0877869,-3.90006],[-10.3862,-24.565,-23.122,7.55184,-45.6773,-34.4771,13.4964,5.96611,-0.22381,7.3141,0.792614,-23.3404,-0.781532,15.1346,2.19156,3.60563,7.1192,39.3801,3.48276,203.168],[0.00238649,-0.0340862,-0.0260416,0.0209202,0.171627,0.315645,-0.000953567,-0.0391348,0.00496361,-0.0135057,0.000123806,0.945736,0.0124989,-0.100545,0.00665324,0.00145293,0.00101557,0.234452,0.0126969,-0.581224],[-0.00721105,0.161204,-0.554181,-0.0224565,-0.0926044,0.134018,0.0609738,-0.0395625,-0.00549631,-0.0137574,-0.00104215,-0.0999643,1.01815,0.122943,0.0223525,-0.0224508,-0.0209271,-0.559909,0.0213392,-1.54229],[1.15671,1.06939,0.593935,0.325043,1.81126,1.60536,0.0244592,-0.149399,-0.00563947,-3.20243e-05,-0.000557807,0.769381,-0.21611,0.314494,0.109446,0.0222945,0.0211647,1.46823,-0.113901,5.72169],[0.515431,1.19267,-0.167384,-0.0260074,0.936903,-0.0228097,0.713434,-0.0781751,0.0638261,0.161222,-7.47138e-05,0.0272042,-0.454743,-0.0228673,1.40368,0.192417,0.0977388,-3.01483,0.0837553,3.37394],[1.27581,0.109215,2.14426,0.582485,1.98599,1.82696,0.423745,0.0587551,0.0645533,0.104372,-0.00480912,1.0054,0.333806,-0.915386,0.0250114,1.24373,0.297168,-4.20119,-0.274422,6.18956],[0.67047,0.987098,-0.322857,-0.123616,2.26471,1.68056,0.134366,-0.207478,0.0775907,-0.0342234,-0.00271188,0.21365,-0.147374,-0.24904,0.0397859,-0.0931706,0.884187,0.29848,-0.144655,0.0369685],[-0.0241083,-0.0504456,-0.0115441,-0.00591112,-0.0257427,0.00934877,0.00952625,0.00137143,0.00252852,0.00385622,2.76867e-06,-0.00824208,-0.0125781,0.00327418,0.000483361,0.00675818,0.00998137,0.923264,0.0124218,-0.162795],[0.0221851,-0.147781,0.472765,-0.0166666,0.0997696,0.683649,-0.132559,0.0621202,-0.0330853,0.000787612,0.00137908,-0.466597,-0.13944,0.121163,-0.116789,-0.0464212,-0.0345012,-3.21463,1.12105,-9.06555],[0.0173893,0.0107135,-0.0144378,0.00781228,0.0274794,0.0224643,-0.0041723,-0.00697846,-0.00221946,-0.000127777,2.88206e-05,0.00587332,-0.0041994,-0.00555259,0.000900994,0.00119244,0.00190106,-0.00864009,0.000767091,1.02464],[0.164015,0.0274241,0.044338,0.0617907,0.260734,0.159775,-0.0087204,-0.00355269,-0.00168314,0.000600247,-7.81424e-05,0.120015,0.00684839,-0.0811801,0.021658,0.0148078,0.0118147,0.127318,-0.0045328,0.879253],[-0.194531,-0.0300844,0.180045,-0.138224,-0.345839,-0.186727,-0.0197021,0.0363398,0.00370284,0.0037994,0.000152062,-0.0935617,-0.00975337,0.0972824,-0.010621,-0.00681166,-0.0038718,-0.0842151,0.0129206,0.129818],[-0.01126,0.0381383,0.105063,0.0249721,-0.0933124,-0.0605662,-0.0175402,0.00922191,0.00255773,-0.0256347,-0.000537165,0.023094,-0.0158258,-0.0111777,-0.010273,-0.00418806,-0.0107707,-0.0161273,-0.0049003,0.0470415],[0.0935918,0.137867,-0.0146221,0.174246,0.0278838,0.161822,0.0270235,-0.0301634,-0.0107045,0.0241014,-0.000199829,-0.0250918,-0.0689898,-0.034927,0.0183162,-0.0232451,0.00865173,-0.978638,0.0451794,0.0930996],[0.0603701,-0.0230761,0.0517802,0.0421012,0.157349,0.0596379,0.000183181,0.0106648,-9.44161e-05,-0.000380186,5.52423e-05,0.0420898,0.00690496,-0.0181878,-0.00308131,0.00408111,0.00231119,0.00702222,-0.00419839,-0.0993239],[-9.14931e-05,-0.0173969,-0.085095,-0.052667,-0.0239775,-0.0301667,0.00581488,-0.00977924,-0.000621872,-0.0157356,-2.68016e-05,-0.00951057,-0.00105748,0.0132021,0.00175804,-0.0173358,-0.0165949,0.216927,-0.0154504,-0.00304091],[-0.210603,-0.239372,0.140683,-0.131151,-0.368813,-0.0697275,0.497009,0.0100234,-0.00757999,0.0370163,0.000491805,-0.0854372,0.0445738,0.145604,0.0037596,0.00604578,0.0461106,-0.121793,0.083155,2.09865],[-0.246078,-0.557276,-0.253506,0.0210452,-0.688872,-0.242903,-0.119439,0.137771,-0.0162744,-0.0272044,-0.00197952,-0.142499,-0.0985012,0.0603007,0.0372042,-0.0135176,0.0129334,1.19051,0.0253855,1.74649],[0.132731,0.291462,-0.227119,0.0782857,0.614869,0.312289,0.0893574,0.00440073,-0.228621,-0.112324,-0.00297902,0.267899,0.0810053,-0.178721,-0.00429234,0.0132934,-0.0378111,0.525455,-0.0234631,2.12099],[0.262123,-0.240123,0.840807,0.547028,0.978546,-0.496091,-0.207355,0.041759,0.017109,-0.159423,-0.00273248,0.225689,-0.0092797,-0.141276,-0.0889929,0.0645355,-0.0762457,-3.29832,-0.158203,-0.134044],[5.64676,32.2693,33.472,10.0948,69.4972,5.67115,-10.2544,-10.9535,-0.355585,-8.40639,-0.140853,17.6568,6.40095,-4.66859,3.20984,-5.91922,-11.298,-27.0602,-6.43034,80.0499],[-0.026882,-0.0647749,-0.104927,0.025783,-0.187057,-0.306727,0.0103798,0.0409006,-0.00229808,0.0195854,-0.000199598,-0.00298116,0.0238434,0.100188,-0.0046,-0.00110139,0.00643462,-0.0842188,0.00673929,0.0812191],[-0.0040918,0.0853073,0.171785,0.0437484,0.0993717,-0.503453,-0.0311866,0.0191372,0.00509448,-0.0122423,0.000871666,0.00430416,0.0197401,-0.0356664,-0.050334,0.00946814,-0.0218915,0.237127,-0.0186251,-0.804073],[-0.534592,-0.670142,0.00793543,-0.0130842,-0.696055,-0.266431,0.0320817,0.100109,0.0149032,-0.00329359,0.000442919,-0.228636,0.118133,0.201952,-0.0423637,-0.0266214,-0.00305551,-0.398157,0.0365116,-1.62549],[0.250556,-0.169077,0.153472,0.305899,0.162789,0.534966,-0.296939,-0.0808866,-0.0150383,-0.0441813,0.000149738,0.321154,0.248788,-0.315676,-0.148923,-0.00335413,0.0414118,1.72168,-0.063974,0.0418727],[-0.889648,-0.46013,-0.804673,0.309602,-1.29842,-0.686983,-0.273479,0.036466,0.0179021,-0.0636746,0.00185774,-0.516063,0.0925775,0.521118,-0.0774341,-0.140966,-0.0928756,4.0217,0.0618852,-3.27236],[-0.0862765,-0.00609218,-0.0514054,0.0286868,-0.643279,-0.627489,-0.36754,-0.0567215,-0.0409329,-0.0485572,0.00171767,-0.161933,0.025191,0.204818,-0.0976724,0.00283323,-0.0931854,-0.773641,0.0569892,-4.10083],[0.0159459,0.047712,0.0167302,0.00060766,0.0106941,-0.024462,-0.0172465,-0.00370807,-0.00485686,-0.00683374,-1.10008e-05,0.0135153,0.0192069,0.00162478,0.00482301,-0.00893545,-0.0107503,0.0435776,-0.0070011,0.358071],[-0.20294,-0.382057,0.0070347,0.129182,-0.481278,-0.737563,0.0863282,0.107463,0.0706429,-0.0116106,-0.00136386,0.222617,0.139321,0.0683774,-0.000777411,0.0198157,-0.00863584,0.777367,-0.150798,3.91347],[-0.0117203,0.00346757,-0.0019509,0.00224942,-0.0277252,-0.0318964,0.00294553,0.00432626,0.00145009,-0.000747323,7.50686e-06,-0.00584532,0.00400324,0.00590471,-0.00155605,-0.000431153,-0.000793242,0.0367262,-0.000452619,-0.0431015],[0.0834845,0.108567,-0.0105218,0.00492954,0.1519,0.0324881,-0.0150283,-0.00555293,-0.00176072,-0.00474676,-0.000106697,0.0318144,-0.0193026,-0.0194277,-0.00149989,-0.00168939,-0.00557611,0.0310014,-0.00332628,-0.106405],[0.00104668,0.101743,-0.0257374,0.0325111,-0.0214043,-0.145035,-0.00352605,0.00466486,0.00278411,0.000219434,1.79844e-05,-0.0459779,-0.021209,0.0534845,-0.0048208,-0.00225035,-0.00281546,-0.000360677,0.00378462,-0.379943],[-0.131463,-0.214226,-0.0400156,-0.0809671,-0.0803315,-0.0649965,0.00267834,0.00408178,0.00553125,0.0120392,0.000167649,-0.110735,0.0529518,0.0922061,-0.000870262,0.00220469,0.00210166,-0.186265,0.018691,-0.897266],[-0.0511962,-0.184177,-0.122197,0.124082,-0.058696,-0.180175,0.0542059,0.0243049,0.0107615,0.0228367,0.000408354,0.00126412,0.0211062,0.00117572,0.0125262,0.0620089,0.0380936,0.00234399,0.0125866,0.964509],[0.042967,0.0543955,0.0252912,-0.00272906,0.0916284,0.0378762,-0.000379993,-0.00545305,-0.00397011,-0.000949294,-0.000143604,0.00797053,-0.00679156,-0.0203707,-0.00558845,0.00338094,0.000615847,-0.147621,0.0046801,-0.030058],[-0.0904279,-0.084609,-0.0771821,-0.00924146,-0.122273,0.0179308,0.0120267,0.00625594,0.00353659,0.00517122,-8.94904e-06,-0.0217575,0.0126814,0.0144147,-0.013922,0.00069449,0.00850594,0.0575635,0.00931111,-0.204284],[0.21064,0.288427,-0.138425,0.0304895,0.208319,0.1855,-0.156444,-0.0131374,-0.0445539,-0.0326025,3.31538e-05,0.0783002,-0.00297267,-0.127183,-0.0152295,-0.00586551,0.00330426,0.720581,0.00257117,0.99996],[0.0400934,-0.0836116,0.17089,-0.266789,0.340349,0.551419,0.0552731,0.0262721,-0.0137741,0.0436808,-0.000426521,0.0554419,0.0464723,0.0206743,-0.016116,0.0600624,0.00734567,-0.411495,0.0471011,1.95644],[-0.164018,-0.401196,-0.0954687,0.0401029,-0.332997,-0.10143,0.0799672,0.0549486,-0.133074,0.0574395,-0.00148503,-0.2287,-0.11821,0.202852,0.0636291,0.0176315,0.050959,-0.960397,0.0893748,-0.593038],[0.440711,0.578563,0.19859,0.178477,0.462096,0.247771,-0.0278814,-0.0854129,-0.0445745,0.0758228,-0.000485744,0.129825,-0.169125,-0.195945,0.0529386,-0.00269505,0.0923186,-0.202102,0.0841607,2.3816],[4.73945,-7.70421,-10.3499,-17.6467,-23.8199,28.806,-3.24203,4.98744,0.579395,1.09229,0.348239,5.68362,-5.61941,-10.466,-5.4014,2.31359,4.17879,-12.3199,2.94758,-283.218],[0.0245447,0.0988466,0.130827,-0.0466757,0.0155055,-0.0088421,-0.00932348,-0.00175998,-0.00266278,-0.00605095,7.56479e-05,0.0572672,-0.0364156,0.000329383,-0.00195117,-0.000337585,-0.00743698,-0.149928,-0.0194187,0.500957],[0.0111167,-0.246747,0.382036,-0.0213226,-0.0068864,0.369375,-0.0295716,0.020431,0.000421969,0.0260672,0.000170546,0.0954364,-0.0379789,-0.0870467,0.0281176,0.0129418,0.0428091,0.322918,-0.00266089,2.34819],[-0.130262,-0.151332,-0.0832658,0.048689,-0.17102,-0.182519,0.00903472,0.0322753,0.00780019,0.00845714,5.23813e-05,-0.112375,0.0491615,0.122125,-0.00484781,-0.0177504,-0.000337066,-0.341245,0.0296098,-0.344381],[-0.765744,-1.02386,0.0131925,-0.279529,-1.09933,-0.511526,-0.415929,0.159206,-0.0487265,-0.116832,-7.56826e-05,-0.347933,0.205622,0.338245,-0.254267,-0.188931,-0.13896,1.29549,-0.0196771,-3.41066],[-0.317056,-0.299588,-0.356196,-0.358262,-0.313822,-0.464262,-0.040453,0.0177138,0.00512874,0.0301444,0.00129544,-0.156097,-0.0363409,0.185553,0.0248448,-0.136072,-0.0787511,0.73293,0.0836096,2.32297],[0.238655,0.0392003,0.577627,-0.101516,0.219144,0.125798,0.0801468,0.00930783,-0.0317647,0.0132478,0.00146833,0.167345,-0.00262681,-0.160173,0.0130173,0.04284,-1.71269e-06,-0.873534,0.060906,-1.22335],[0.010081,0.00357249,-0.00540394,0.00651849,0.018315,0.0184971,0.00889875,0.00233525,0.00229503,0.00320256,5.69344e-06,-0.00380371,-0.00730224,-0.00608082,-0.0039562,0.00245282,0.000906997,0.0335638,-0.00530329,-0.180737],[0.190241,0.448392,-0.35827,-0.091651,0.432609,0.152826,0.106544,-0.136019,-0.0054155,0.0469798,-0.00119457,0.162378,0.066108,-0.142086,0.0608023,0.0576474,0.0569712,0.895059,-0.0340056,4.36421],[-0.00258601,-0.00988373,0.0119694,-0.0100984,0.0021762,0.00843778,0.000537649,0.00202087,0.000556314,0.000161797,-1.35368e-05,0.00309945,-0.000176039,-0.00403334,0.000291907,-0.000427324,-0.000862279,-0.03173,-0.000169032,-0.0551532]],"sigmahat":[[1.28792,1.09025,0.627254,0.238506,1.93268,1.33272,0.0605769,-0.181292,-0.0174395,0.00511263,-0.00114848,0.697982,-0.162456,-0.717718,0.104574,0.087982,0.0560226,-0.291278,-0.0675874,4.33243],[1.09025,1.48709,0.487412,0.120793,1.64971,1.02423,0.0225851,-0.202035,-0.0189596,-0.0174263,-0.00119251,0.593181,-0.204336,-0.599393,0.085622,0.0664291,0.0217813,-0.3648,-0.0755931,3.86448],[0.627254,0.487412,1.40951,0.102407,0.952449,0.769146,0.0342912,-0.0712289,-0.0103204,0.00751893,-0.000429042,0.33091,-0.118219,-0.394454,0.0283501,0.0605979,0.0501073,-0.931407,-0.0182689,2.53483],[0.238506,0.120793,0.102407,0.382384,0.347801,0.230207,-0.00852852,0.0121083,0.0084075,0.0134371,-0.000288191,0.156606,0.0107267,-0.118902,0.0117161,0.0238864,0.0294508,0.00275931,-0.00996731,0.823207],[1.93268,1.64971,0.952449,0.347801,3.59058,2.30086,0.0935071,-0.294441,-0.0285425,-0.0197203,-0.00192322,1.10807,-0.207299,-1.10982,0.139688,0.120255,0.0495453,-0.665053,-0.129275,5.66188],[1.33272,1.02423,0.769146,0.230207,2.30086,2.37401,0.085533,-0.203604,-0.028685,0.020494,-0.0014577,0.809745,-0.135061,-0.841772,0.105663,0.0906423,0.0699999,-0.227912,-0.059028,4.77874],[0.0605769,0.0225851,0.0342912,-0.00852852,0.0935071,0.085533,0.146573,-0.0186349,0.00467239,0.0302443,-4.64516e-06,0.0132865,-0.0364383,-0.0372231,0.0358946,0.0288111,0.0352888,-0.272164,0.0169772,1.14294],[-0.181292,-0.202035,-0.0712289,0.0121083,-0.294441,-0.203604,-0.0186349,0.0561555,0.00409177,0.00235403,0.000101936,-0.0858215,0.0356716,0.104342,-0.0219613,-0.0136933,-0.00502237,0.11158,0.00738423,-0.640695],[-0.0174395,-0.0189596,-0.0103204,0.0084075,-0.0285425,-0.028685,0.00467239,0.00409177,0.00688702,0.00395,5.03123e-05,-0.00739992,0.000452988,0.00920237,-0.00139297,0.000153831,0.00219394,0.0103072,0.000879369,-0.0446006],[0.00511263,-0.0174263,0.00751893,0.0134371,-0.0197203,0.020494,0.0302443,0.00235403,0.00395,0.0281042,4.6901e-06,-0.00989935,-0.00835,0.00585791,0.00899477,0.0148073,0.026137,0.00382039,0.018303,0.488162],[-0.00114848,-0.00119251,-0.000429042,-0.000288191,-0.00192322,-0.0014577,-4.64516e-06,0.000101936,5.03123e-05,4.6901e-06,9.2215e-06,-0.000638575,2.65308e-05,0.000592309,-0.000152612,-7.26422e-05,-2.21439e-05,3.64339e-05,0.000162793,-0.00917631],[0.697982,0.593181,0.33091,0.156606,1.10807,0.809745,0.0132865,-0.0858215,-0.00739992,-0.00989935,-0.000638575,0.542509,-0.0490093,-0.46552,0.0459901,0.0474332,0.0307589,0.115185,-0.0575636,2.62418],[-0.162456,-0.204336,-0.118219,0.0107267,-0.207299,-0.135061,-0.0364383,0.0356716,0.000452988,-0.00835,2.65308e-05,-0.0490093,0.1191,0.0845831,-0.0283731,-0.0125263,-0.0114901,0.0938592,0.00224823,-0.789671],[-0.717718,-0.599393,-0.394454,-0.118902,-1.10982,-0.841772,-0.0372231,0.104342,0.00920237,0.00585791,0.000592309,-0.46552,0.0845831,0.505422,-0.0536059,-0.0515953,-0.033323,0.060961,0.0520252,-2.54829],[0.104574,0.085622,0.0283501,0.0117161,0.139688,0.105663,0.0358946,-0.0219613,-0.00139297,0.00899477,-0.000152612,0.0459901,-0.0283731,-0.0536059,0.0353338,0.0142144,0.0135571,0.0189209,2.7354e-05,1.05341],[0.087982,0.0664291,0.0605979,0.0238864,0.120255,0.0906423,0.0288111,-0.0136933,0.000153831,0.0148073,-7.26422e-05,0.0474332,-0.0125263,-0.0515953,0.0142144,0.0300776,0.0277403,-0.0640428,0.00718629,0.642843],[0.0560226,0.0217813,0.0501073,0.0294508,0.0495453,0.0699999,0.0352888,-0.00502237,0.00219394,0.026137,-2.21439e-05,0.0307589,-0.0114901,-0.033323,0.0135571,0.0277403,0.0405474,0.0272926,0.0182131,0.796526],[-0.291278,-0.3648,-0.931407,0.00275931,-0.665053,-0.227912,-0.272164,0.11158,0.0103072,0.00382039,3.64339e-05,0.115185,0.0938592,0.060961,0.0189209,-0.0640428,0.0272926,8.79988,-0.0620569,4.67448],[-0.0675874,-0.0755931,-0.0182689,-0.00996731,-0.129275,-0.059028,0.0169772,0.00738423,0.000879369,0.018303,0.000162793,-0.0575636,0.00224823,0.0520252,2.7354e-05,0.00718629,0.0182131,-0.0620569,0.034762,-0.03244],[4.33243,3.86448,2.53483,0.823207,5.66188,4.77874,1.14294,-0.640695,-0.0446006,0.488162,-0.00917631,2.62418,-0.789671,-2.54829,1.05341,0.642843,0.796526,4.67448,-0.03244,65.4771]],"n":20,"lags":3}