{"betahat":[[-0.00498297,0.0440719,-0.137679,-0.0343071,0.0153354,-0.116507,0.0710307,-0.00940708,0.666973,0.0680703,-0.00553336,-0.00415504,-0.0482633,0.00117488,-0.00384287,0.43015,0.649016,0.0422515,0.0729932,-0.0134917,-0.0376974,1.00277,0.00823661],[0.0117378,0.0395362,-0.00395592,-0.0211102,-0.0131635,0.0190541,0.0351555,-0.0264168,-0.0445339,-0.0533179,-0.00135162,-0.00487497,-0.0090833,-0.00196293,-0.000690843,-0.0268975,0.0135575,-0.00873073,-0.0077113,-0.00310556,-0.261237,-0.0339251,-0.00337438],[0.00717864,-0.0124113,-0.0716356,0.0155862,0.00102208,0.00161901,0.0157597,-0.00872809,0.00658163,-0.0098483,0.000722399,-0.00304703,-0.0103096,-0.00461904,-0.00430886,-0.0127124,-0.00721581,0.00152171,0.0124649,0.0013083,-0.00210084,-0.000265086,-0.00492346],[0.0492618,0.0530376,0.0596822,0.00934478,0.0577365,0.0391346,-0.00877905,0.00513299,-0.0154318,-0.00063389,0.004938,-0.00459549,0.0173192,0.00061087,0.00768672,0.00466335,0.0328154,-0.00817741,-0.0863561,0.00347016,-0.0129278,0.0072421,0.00215197],[0.0476923,0.0304154,0.11559,-0.0235184,0.0817583,0.0869726,-0.0513625,-0.00334663,0.0257562,-0.0695108,0.000517834,-0.000320254,0.0105057,0.00062477,-0.00187021,0.0607378,0.0459922,-0.000153139,-0.0770286,0.00720753,-0.0395641,0.0661644,-0.00220883],[-0.000424171,0.018117,-0.00575458,-0.0177715,0.0127404,-0.00441144,0.00660021,-0.015945,-0.043333,-0.0184042,-0.00213355,0.00344088,-0.0101877,0.0063237,-0.00241681,-0.0117153,-0.00619286,-0.00628051,-0.0181517,-0.0008558,-0.149968,-0.0384212,0.00442849],[0.0377641,0.0115889,0.117693,0.00152413,0.0891519,0.149712,-0.0242782,-0.00443375,-0.0313889,-0.00813846,0.00333749,-0.00276618,0.0281743,0.00201078,0.00577394,0.0169249,0.0301229,-0.00797067,-0.0933743,-0.00177169,-0.259805,0.0357951,0.000608396],[-0.0707581,-0.183059,0.0833701,-0.00241739,0.0398452,-0.0275294,0.0500489,0.0509049,0.285404,0.107544,2.49156e-05,0.0249404,0.00448792,0.0343948,0.00769926,-0.08173,-0.16088,-0.0378588,0.125163,-0.00573379,-0.506215,0.111382,0.0249384],[-0.0812842,-0.0249318,0.136483,0.0947011,-0.0871794,-0.122239,-0.0763877,0.248181,0.23575,0.127735,-0.0130417,0.00998701,-0.0244859,0.00351561,0.00437602,0.0923355,-0.146282,0.019129,-0.136174,0.0239528,-0.745656,0.100584,0.00963253],[0.000465515,0.00487546,-0.00191039,0.00345126,-0.00530694,-0.00397023,0.00129225,0.00369609,0.282632,-0.00707217,0.000740587,-0.00119792,-0.000901606,-0.00169694,-0.00192365,0.0150049,-0.00331508,0.00207047,0.0126292,-0.000543098,-0.0325895,0.140711,-0.00146226],[-0.0143906,-0.00725976,-0.0203644,-0.00453831,-0.0360338,-0.0280339,-0.00455718,-0.00253418,-0.0193737,0.117684,-0.00188086,-0.000637626,-0.00641197,-0.00225873,0.00129895,0.0250244,-0.0153817,0.00175493,0.0591421,0.00162476,0.0893522,0.0232615,-0.000304529],[0.170211,0.183122,-0.144099,0.0559813,0.212271,0.429581,-0.0452845,0.0389135,0.234173,-0.440636,0.0492953,-0.022117,0.0128295,-0.00974396,-0.0347744,-0.0979955,-0.0190465,-0.0336566,-0.106054,-0.0303113,-0.230327,0.138095,-0.0217144],[-0.114826,-0.0761955,-0.0303335,-0.0358532,-0.206969,-0.122928,-0.0828269,0.013467,-0.167383,0.0968608,0.00162105,0.090547,-0.0241382,0.0691034,-0.0193785,-0.0229159,-0.107174,-0.00378593,-0.0693295,0.0102855,0.0535169,0.236961,0.0690311],[0.0855228,0.145859,0.00529484,-0.0241002,0.178304,0.0946781,-0.010171,-0.0331913,-0.120372,-0.0427957,0.00669792,0.00687039,0.0356517,0.0127403,0.00175554,0.0192779,0.0122438,-0.00591669,-0.094573,0.00199964,-0.172612,0.00367828,0.0042958],[-0.0412311,0.0537727,-0.0250126,-0.0146495,-0.07434,-0.0344028,-0.042803,-0.0139826,-0.403078,-0.0124393,0.017178,0.102065,-0.0155971,0.0996056,-0.0128531,-0.0229044,-0.0272931,-0.0194386,-0.102423,0.0010403,-0.19395,0.150209,0.089841],[0.0257981,0.0221092,0.0388064,-0.063731,0.112627,0.233287,0.0550205,-0.0317286,-0.407326,0.16029,-0.00171047,0.0248344,0.0582609,0.0327618,0.0407581,0.00236223,0.0257219,-0.0220145,-0.0623969,0.0124856,-0.0904997,-0.00338018,0.0185997],[0.0429425,0.0601165,-0.0249325,-0.0200169,0.108882,0.137423,-0.0143036,-0.0424057,0.830088,0.248299,-0.00315832,-0.0127848,-0.00979781,-0.00798737,0.000324673,0.617815,0.0410411,-0.0469813,-0.0910881,-0.00381778,-0.0672553,0.600552,-0.00778232],[0.0253849,0.0153257,0.0342843,0.00213933,0.0270413,0.0283618,-0.0224971,-0.00993298,-0.497365,-0.0343482,0.00183112,0.00846082,0.0345196,0.011508,0.0157022,0.0193772,0.659905,0.015694,-0.00900485,0.00924282,-0.189163,0.179526,0.00550105],[0.15475,0.244301,-0.217941,-0.116428,0.257821,0.264373,-0.1512,0.135692,0.886896,0.0179347,-0.00381561,-0.075523,0.0148297,-0.0761787,-0.0539548,-0.073481,-0.100489,0.500977,-0.0118481,0.017147,0.741927,0.586814,-0.0664847],[-0.089831,-0.128277,-0.0265582,0.0748035,-0.121957,-0.0161561,-0.0022826,0.0214456,0.223642,0.146861,-0.0050399,-0.00750586,-0.0592366,-0.0131509,-0.00926252,-0.0426659,0.0619855,-0.000229683,0.586104,-0.0111018,0.223569,0.105834,-0.00609301],[0.0102149,0.0788478,0.0658072,0.0236246,-0.070782,-0.075363,-0.0551997,0.00319967,-0.36421,0.0941813,0.0100183,-0.000872281,0.0242533,-0.0068631,0.00483286,-0.00423509,-0.02582,-0.00733306,-0.0677015,-0.00654978,-0.0597545,-0.0439908,-0.00173008],[0.00242145,0.0151191,-0.0132439,0.00111059,0.00653472,0.00942214,-0.00407505,-0.00268878,0.0136808,-0.0103467,0.0005436,-0.00121928,0.00119132,-0.00081464,-0.000268914,0.00294736,0.00545235,0.00148853,0.00462308,-0.00307945,-0.175522,-0.00201069,-0.00129481],[0.00619114,0.0127446,-0.00241101,0.000355633,0.00953772,-0.0109978,3.26042e-05,-0.00016787,0.307881,0.000803391,0.00056253,0.000945898,-0.000369759,0.000154398,-0.00262269,0.0307766,0.0308102,0.00788227,0.00342273,-0.00112706,0.0214782,0.209947,0.000436535],[-0.151976,-0.133195,-0.0224107,0.0187024,-0.306728,-0.150665,-0.0218529,0.0392543,-0.215277,0.076521,0.0118203,0.0840273,-0.0370218,0.0785604,-0.0165966,-0.06303,-0.0964155,0.00247947,-0.0397491,-0.00678755,-0.300793,0.238693,0.0758189],[-0.0136295,-0.0543718,0.0213033,-0.019778,-0.0215019,0.00704972,0.0183443,-0.000237411,-0.0253657,-0.0139201,0.00021092,-2.26513e-05,0.0023443,-0.000155562,0.00341565,-0.0195151,0.0188032,-0.00731195,-0.0201007,-0.00091836,0.081952,-0.00848427,-0.000588142],[-0.0161423,-0.0352917,0.0145594,-0.0168579,-0.0222853,0.00579896,0.00786922,0.00169421,-0.00617481,0.00475666,0.000148273,-0.000690722,-0.000875785,-0.000875648,0.00142295,-0.00778742,0.00240362,-0.00292767,0.00855885,-0.00106944,0.0861363,-0.00721006,-0.000513792],[0.00277277,0.0166445,-0.0112388,0.00506881,-0.00812431,-0.0100879,-0.00253468,0.00128195,0.037493,-0.00364827,0.000628707,0.00101295,0.00281045,0.00107852,-0.000897008,-0.0024904,0.00537301,0.00399326,-0.0234105,0.00402262,0.0289389,0.0208809,-9.4154e-05],[0.0261678,0.0614723,0.0143851,-0.00767681,0.0283326,0.0344861,-0.0191392,-0.0118398,-0.0233376,-0.0168431,-0.000474957,-0.00126087,0.00571945,-0.00288167,-0.000466884,0.0222873,0.0031927,0.00696147,-0.0332678,0.00346077,-0.0468306,-0.00949878,-0.00125052],[-0.00755233,-0.026079,0.00591735,-0.00664076,-0.0146614,-0.00187701,0.0052666,0.00043095,-0.0196757,-0.00942263,-0.000151173,0.00153594,-0.000319289,0.00222081,0.00162406,-0.00777416,0.00623633,-0.00342963,-0.0148561,-0.00174974,-0.0428491,-0.00191242,0.00144987],[0.0152972,0.0033305,0.0310871,-0.0041313,0.0160592,-0.0189156,-0.00208801,0.000110237,0.00615799,-0.0156113,-0.000583976,-0.000238451,0.00316812,0.00141018,-0.000495827,0.00207075,0.00798998,-0.00939952,-0.0334187,0.00212527,-0.0729078,0.0132402,0.000805244],[-0.00732712,0.0234922,0.0273915,0.00195446,0.0136418,-0.045751,0.0205594,0.00619256,0.0518271,0.0483132,0.00122352,0.0137104,-0.00463088,0.0150747,-0.00287966,-0.0170497,-0.00299098,-0.000509499,0.0558542,0.00474449,-0.140928,0.0487489,0.012757],[0.0114629,0.0565642,-0.0258324,0.0362698,0.0270375,-0.00263996,-0.0549364,0.0420604,0.0289544,0.0134566,-0.00330881,0.000593123,-0.00788981,-0.00325072,-0.00534955,0.0684459,-0.0473951,0.0132831,-0.0742739,0.00326971,-0.154292,0.0053669,-0.000886254],[0.000430814,0.00090826,0.00120549,0.00084916,-0.00226855,-0.000341418,0.00141282,0.00060192,0.0642745,-0.00282848,0.000141247,0.000234174,0.000701731,0.000282644,0.000401342,0.00317386,0.000499834,-0.000687892,0.000965942,-0.000528121,0.00370877,0.0387475,0.000116512],[-0.000625496,-0.00162044,-0.0108855,0.00340365,0.00269821,-0.00263712,3.39772e-05,-0.000708791,-0.0165867,0.0147326,1.30353e-05,-0.000695657,-0.000593568,-0.00088792,-0.000373138,0.0050553,-0.000439707,0.00075667,0.0121263,0.000396129,0.0421837,0.000608053,-0.000854536],[0.0235278,0.0650794,-0.127725,-0.0711512,0.0246296,-0.0296728,0.00258992,-0.0192795,0.0550677,-0.0754157,-0.00443489,-0.00330425,-0.0205817,-0.0136524,-0.0170473,-0.026318,-0.0193677,-0.00930231,0.0182584,-0.000439473,-0.256712,0.0447257,-0.00685372],[-0.0246506,0.0162623,-0.0360269,-0.00551167,-0.0532743,-0.0675455,-0.0328455,-0.000537709,-0.0525386,0.0172933,9.92655e-05,0.00768345,-0.0163429,0.00215036,-0.012709,-0.00741718,-0.0277022,0.0191527,0.00298638,0.00154019,0.0671227,0.0127819,0.00659413],[0.0120677,0.0119521,-0.00638303,-0.014588,0.0364151,0.0166422,0.00232157,-0.00559103,-0.0478501,0.0220075,0.000484139,0.00320364,-0.000121794,0.00270257,-5.62147e-05,0.00479987,0.00842111,-0.00625166,-0.0120965,0.00288248,-0.00693046,-0.00866859,0.00197314],[-0.00207861,0.0218808,-0.0398433,-0.00475354,-0.00777857,-0.0312129,-0.0153756,-0.0101028,-0.110215,-0.00878976,0.00192281,0.0105303,-0.0127769,0.00821881,-0.0100976,-0.00231893,-0.0108607,0.00597136,-0.00977108,-6.82516e-05,0.153622,-0.0277672,0.00932807],[-0.00241955,-0.00234351,0.0209394,0.002072,0.0225606,0.00860371,0.00132114,-0.00191391,-0.117735,0.0392314,0.00129917,0.00714612,0.0097771,0.00903585,0.000586825,-0.00301439,0.00451918,-0.00382491,-0.019351,0.00766458,-0.0631929,-0.0379498,0.00580122],[-0.0116622,-0.0345719,0.00521308,-0.021626,-0.014373,-0.00495043,0.0098716,-0.00319628,0.226474,0.0565246,0.000808767,-0.0049572,-0.00683462,-0.00402749,-0.00406337,0.116641,0.0114083,-0.0137858,-0.0111049,-0.00130657,-0.0307963,0.1533,-0.00275335],[-0.0203269,-0.0266026,0.0135024,0.00625532,-0.0296213,-0.0194578,0.021724,0.0104471,-0.208228,0.0247109,5.08351e-05,0.00549324,0.000587758,0.00513422,0.00234007,-0.00105431,0.157352,0.00941506,0.0251414,0.00110501,0.0288395,0.046939,0.00470916],[0.0386158,0.0205394,0.0281483,-0.033433,0.0115693,0.041402,0.0344978,0.0594268,0.0421851,0.0137702,-0.00195505,-0.0192156,-0.00403795,-0.0133306,0.00806105,0.00618226,-0.00136581,0.0686144,0.0440143,-0.00897447,0.238351,-0.0543727,-0.0114366],[0.014498,0.0256038,0.0170368,0.000388212,0.0399664,0.0392342,-0.0184342,-0.0135397,0.0618037,0.00274014,-0.000552541,-0.00485533,-0.00179069,-0.00387468,-0.00206716,0.0128899,0.0317454,0.00193092,0.0675694,-0.000357503,0.0464624,0.0167474,-0.00283375],[0.000464678,-0.0126171,-0.0395997,-0.00895665,0.0130359,0.0344863,0.0138326,-0.00390074,-0.0287562,-0.0125586,0.000627575,-0.00177187,-0.00146725,-0.00380712,0.00108606,-0.00139816,0.0190314,-0.00118343,0.00929761,-0.00580117,0.211866,-0.00356997,-0.00383427],[0.00065126,-0.0018725,-0.00520069,0.00186851,0.00472786,0.00486877,3.32649e-05,0.000443973,-0.00199913,-0.00211097,0.000185749,0.000148282,0.000170722,0.0002606,-0.00022941,0.00108855,0.00429293,-0.000382762,0.00526404,0.000306349,0.000775177,-0.00385587,-0.000150464],[0.000175432,0.00280854,-0.00562746,-0.000729119,-0.00231714,-0.0109009,0.0016844,-0.000510067,0.0740695,0.00201555,-0.000288628,0.000619604,-0.00100547,0.000198115,-0.000646405,0.00726486,0.00645494,0.00166329,0.00263009,-0.000280787,0.0133669,0.0526634,0.000364964],[-0.0437291,-0.0299784,-0.0296724,0.0218604,-0.0692322,-0.0248601,-0.0230744,0.0124807,-0.115983,0.0166428,0.00183928,0.00883557,-0.0110776,0.00610117,-0.011247,-0.0112462,-0.0123727,0.0170011,-0.00844321,0.00242892,0.0194345,-0.000757496,0.0069942],[-5.25015e-05,0.00296862,0.00465771,-0.0103371,0.0021586,-0.0109855,0.010537,-0.000862578,-0.00484811,-0.00455378,0.00038697,-0.00084471,0.000504195,-0.000571087,0.000864685,-0.00436789,0.00752734,-0.00404111,0.00528502,-0.000315313,0.111317,-0.0164749,4.92484e-05],[0.00134065,0.00492536,-0.00122677,-0.00357694,-0.001086,-0.00401171,0.00523701,-0.00105122,-0.00216292,-0.00242573,0.000159145,-0.000566556,0.00046622,-0.000599248,0.00146644,-0.00238576,0.00114061,-0.00179172,0.00297669,-0.000909293,0.0407329,-0.0102462,4.40377e-05],[0.00224486,0.00583597,-0.00861174,-0.0071517,0.0110214,0.00488021,-0.00435515,-0.00446964,0.00219955,-0.00602167,0.000526353,0.00111311,0.00318387,0.000788635,-0.000898864,-0.00198021,0.00478979,0.00236158,-0.0164391,0.00247612,-0.00495236,0.00808156,0.000269961],[0.00497004,-0.00442944,-0.002982,-0.00221881,0.00545277,0.00429518,-0.00244825,-0.000938935,0.00258394,-0.0109557,-0.000122164,-0.00195475,0.00268551,-0.00199356,0.000420459,0.00377381,0.0076782,0.000483955,-0.0174682,0.00115681,0.0247817,0.0019631,-0.0020182],[0.00123683,0.00411109,-0.000637493,-0.0020614,-0.00526674,-0.00972991,0.00425643,-0.0012167,-0.000227138,-0.00131511,-5.16359e-05,0.000131017,0.00097948,0.000508633,0.00148143,-0.00252541,0.00141928,-0.000978635,0.000347703,0.000234249,0.0539595,-0.00481469,0.000783338],[0.0018655,0.00038693,0.00333604,0.00407214,-0.00299413,-0.0158716,0.00339506,0.000631609,-0.00619468,-0.0100237,-2.10071e-05,7.43085e-06,0.00177651,0.000536167,0.000405063,-0.00268904,0.00247535,-0.00312757,-0.0121181,0.00082736,0.0219669,0.000521961,0.000270507],[-0.00911558,-0.00849,-0.025429,0.00665331,-0.0139977,-0.0175372,-0.0123447,0.00594667,0.0605711,0.0271702,-0.00022429,0.00426721,-0.00754989,0.0027445,-0.00300282,-0.00197674,-0.0354396,0.000464096,0.0135228,-0.00029097,-0.0900764,0.0394584,0.00314159],[-0.0208597,-0.0388383,0.00333834,0.000320102,-0.00861374,0.0347456,-0.0191371,0.0190738,0.0612546,-0.0047816,-0.000588297,0.00048184,0.000645045,2.19552e-05,-0.000233292,0.017887,-0.00496021,0.00632449,-0.0549751,-0.000845398,-0.087558,0.029682,-0.000893399],[8.3196e-05,-0.000450847,0.00160519,-0.00014535,-0.000419749,0.000812548,0.00163186,4.92748e-05,0.0240948,-0.000370832,1.34856e-05,0.000196123,0.000489293,0.000162538,0.000433142,0.00167311,0.00185456,-0.000542347,6.8161e-05,-0.000143661,0.00386231,0.0154749,0.000112023],[-0.000570571,0.000483165,-0.00407834,0.0022983,6.68719e-05,-0.00338405,-0.000878615,-0.000615651,-0.00544833,0.00352395,-0.000137167,7.74191e-05,6.57529e-05,-0.000139295,-0.00047055,0.00316208,-0.00113702,0.000310403,0.00453171,0.000587932,0.0240048,0.00037964,-0.000279663],[-0.0500363,-0.0656858,0.0117974,-0.00286495,-0.100047,-0.113225,0.0128274,0.0223663,-0.0188821,0.00167067,-0.00627942,0.00179947,-0.0123244,-0.00431035,-0.00245331,-0.0513765,-0.00751974,-0.00126523,0.0179701,0.0032296,0.0217984,0.00916438,-0.000327093],[-0.00226249,0.0111685,-0.0275827,0.00706143,-0.0217543,-0.0259686,-0.0124838,-0.000689063,-0.072587,0.018807,-0.000555532,-0.000334733,-0.00612931,-0.00294804,-0.0036756,0.00674784,-0.0181153,0.00912807,0.0098109,0.00447333,0.0411596,-0.0452818,-0.00094024],[-0.00988374,-0.014687,0.00159856,-0.000257552,-0.0179689,-0.00547013,0.00244453,0.00511964,-0.0153421,0.00475241,-0.00038447,0.000975323,-0.00328822,-6.9284e-06,-0.000708177,-0.004764,0.00285154,-0.00215789,0.00012046,0.000226259,0.00460913,0.00233492,0.000366262],[-0.0123272,-0.00710942,-0.0317273,0.0106839,-0.0291742,-0.0335889,-0.0115297,0.000589271,-0.0798266,0.011852,-0.000220462,0.0012091,-0.00365679,-0.00159403,-0.00566108,0.00237519,0.00987652,0.00592626,0.00314271,0.00465017,0.0921531,-0.0174501,0.000153301],[0.00720946,0.010479,-0.00265087,-0.00539495,0.022907,-3.72284e-05,-0.00191492,-0.00599452,-0.0371486,0.012123,0.000970229,0.00242308,0.000850203,0.00316121,-0.000935391,0.00744865,-0.0165894,-0.000748107,-0.0144244,0.0012142,0.0616931,-0.00724509,0.00251826],[-0.00118932,0.00641205,0.000165317,0.00556525,-0.00821828,-0.0311159,0.0051366,0.00210679,0.127075,0.0248074,0.000971937,-0.00162384,-0.00300839,-0.00148094,-0.00391796,0.0337023,0.00244337,-0.00456497,0.0236274,-0.00117396,-0.000309522,0.0713439,-8.28897e-05],[-0.0183648,-0.0216139,0.000734957,0.00285122,-0.0288199,-0.0263584,-0.000535898,0.00918732,-0.0620787,0.0268372,-0.000842517,0.00200909,-0.00623239,0.000897931,-0.000503222,-0.00299386,0.0377041,0.00738008,0.013896,-0.00225953,-0.0161322,0.020288,0.00230775],[-0.0113528,-0.0451952,0.0219707,0.00213685,-0.0317016,-0.028567,0.0365537,0.0564865,0.0198755,-0.0240485,-0.00275185,-0.00274275,-0.00330898,0.00177805,0.00881623,-0.00188349,-0.00543872,0.0112882,0.00597101,-0.0118019,0.0142611,-0.00965029,0.00191965],[0.00847185,0.00413904,0.0110539,0.00572641,0.017394,0.0251503,-0.00860258,-0.00742796,0.0347046,-0.0146362,0.000196971,-0.00246906,0.00403863,-0.00104228,0.000987299,0.0057626,0.0291802,0.000128532,0.002199,0.000112401,0.0481936,0.0164363,-0.00176973],[-0.000819496,0.0103938,-0.0091744,0.000825487,0.00764541,0.0110618,-0.00765758,0.000265599,0.0250248,-0.00402366,0.000187159,0.000143786,-0.00504186,-0.00141297,-0.00469431,0.00696697,-0.000611443,0.00275548,-0.0028949,0.000466166,-0.0255335,0.0183584,-0.000986208],[0.000181742,-0.000327865,0.00118015,0.0003531,-0.000329186,-0.000358869,-0.000517565,0.000176846,-0.00324492,0.000331624,-0.000121042,0.000219116,3.70491e-06,0.000205743,0.00017101,-0.000234005,-0.00202671,-0.00040449,0.00210205,3.43983e-05,-0.00480636,-0.00177143,0.000159519],[-0.00213086,-0.00253776,-0.0021667,-7.71758e-05,-0.00343669,-0.00355146,0.000825256,0.000944802,0.0281163,0.000612565,-0.000125772,0.000165172,-0.000743388,-0.000126897,-0.000398447,0.00183596,0.00144676,0.0010966,0.00246738,-9.88002e-05,0.0047454,0.0192001,-1.62564e-05],[-0.00238858,0.0170633,-0.0343452,0.00025583,-0.030158,-0.0346467,-0.0170346,-0.00199878,-0.0291191,0.028145,0.00102388,-0.00125426,-0.00514197,-0.00403797,-0.00684952,0.000389674,0.00849584,0.0145222,0.0265492,0.00639052,0.173992,0.00494295,-0.00163198]],"sigmahat":[[0.816967,1.11353,0.0750476,-0.246513,1.29762,0.552587,-0.170229,-0.266465,0.140201,-0.340323,0.0197613,-0.0436464,0.179334,-0.0133552,0.0127541,0.490354,0.328569,0.017995,-0.946971,0.0350748,-0.00050381,0.122064,-0.0265081],[1.11353,2.19624,-0.251572,-0.444673,1.67568,0.378954,-0.433578,-0.382163,-0.0994366,-0.420718,0.0158314,-0.0582029,0.179221,-0.0338396,-0.026479,0.569865,0.241509,0.103447,-1.15122,0.0633832,-0.904849,-0.154178,-0.0339254],[0.0750476,-0.251572,1.62614,-0.0286007,0.125185,0.276095,0.14812,0.0320989,0.4234,0.233438,0.0162721,0.0225349,0.120451,0.0578906,0.0449465,0.0743124,0.119253,-0.146539,-0.272063,-0.00640346,-0.558365,0.278259,0.0562344],[-0.246513,-0.444673,-0.0286007,0.665437,-0.51646,-0.234286,0.0254203,0.166258,1.4603,0.214447,0.000576038,-0.0133498,-0.100586,-0.0184965,-0.0231847,0.0444254,-0.128004,0.00417644,0.921807,-0.0340618,-0.0758147,0.813505,-0.0149319],[1.29762,1.67568,0.125185,-0.51646,2.9827,1.35595,-0.287655,-0.497095,0.318417,-0.629169,0.0269723,-0.0378836,0.261692,0.0125305,-0.011741,0.933628,0.558753,0.0166585,-1.4612,0.0367609,-0.52291,0.266951,-0.0267135],[0.552587,0.378954,0.276095,-0.234286,1.35595,2.18504,-0.0205064,-0.268903,1.62571,-0.219007,0.0440982,-0.068837,0.190601,-0.0307725,0.0359362,0.760009,0.342057,0.0359115,-0.405071,-0.0453809,-0.149428,1.0781,-0.0588784],[-0.170229,-0.433578,0.14812,0.0254203,-0.287655,-0.0205064,0.340749,0.00403461,0.332062,0.0452017,0.00519623,0.0213128,0.0399647,0.033657,0.0535087,0.168351,0.491094,-0.100138,-0.0753231,-0.0203988,0.690643,0.716536,0.0201328],[-0.266465,-0.382163,0.0320989,0.166258,-0.497095,-0.268903,0.00403461,0.350196,-1.16344,-0.14533,-0.00996232,-0.0135065,-0.0708404,-0.0232441,-0.0110285,-0.945518,-1.21097,0.128927,0.260124,-0.00975012,-0.105001,-1.66314,-0.0114947],[0.140201,-0.0994366,0.4234,1.4603,0.318417,1.62571,0.332062,-1.16344,259.397,37.61,0.0159562,-0.505634,-0.515875,-0.393615,-0.177376,99.2442,133.479,2.65927,20.1758,-0.401557,-12.7127,264.558,-0.300878],[-0.340323,-0.420718,0.233438,0.214447,-0.629169,-0.219007,0.0452017,-0.14533,37.61,9.5795,-0.0132038,0.0747739,-0.0368381,0.0841861,0.0909595,17.7697,26.5827,0.532594,4.55766,0.0042145,-1.53506,45.6084,0.0976973],[0.0197613,0.0158314,0.0162721,0.000576038,0.0269723,0.0440982,0.00519623,-0.00996232,0.0159562,-0.0132038,0.00797652,0.00395424,0.0143167,0.00659267,-0.000922463,0.0115553,0.0414443,-0.00792801,-0.0451249,-0.00141581,0.0444148,0.0460081,0.00419978],[-0.0436464,-0.0582029,0.0225349,-0.0133498,-0.0378836,-0.068837,0.0213128,-0.0135065,-0.505634,0.0747739,0.00395424,0.0576622,0.0143405,0.0548609,0.00644472,0.0135479,0.238914,-0.034135,-0.0995243,0.00540969,-0.127557,0.0988099,0.0462844],[0.179334,0.179221,0.120451,-0.100586,0.261692,0.190601,0.0399647,-0.0708404,-0.515875,-0.0368381,0.0143167,0.0143405,0.111884,0.0293831,0.0330356,0.077365,0.335304,-0.0143482,-0.407755,0.0088024,0.0548047,0.00543804,0.0170439],[-0.0133552,-0.0338396,0.0578906,-0.0184965,0.0125305,-0.0307725,0.033657,-0.0232441,-0.393615,0.0841861,0.00659267,0.0548609,0.0293831,0.0597938,0.0127105,0.104628,0.384923,-0.0401613,-0.142385,0.00388882,-0.203368,0.272099,0.0477468],[0.0127541,-0.026479,0.0449465,-0.0231847,-0.011741,0.0359362,0.0535087,-0.0110285,-0.177376,0.0909595,-0.000922463,0.00644472,0.0330356,0.0127105,0.0381159,0.119232,0.320709,-0.0202254,-0.0604747,-0.00284664,0.0502344,0.20885,0.00898203],[0.490354,0.569865,0.0743124,0.0444254,0.933628,0.760009,0.168351,-0.945518,99.2442,17.7697,0.0115553,0.0135479,0.077365,0.104628,0.119232,45.0745,64.7118,1.10745,7.34525,-0.0667315,-6.02548,114.226,0.0850055],[0.328569,0.241509,0.119253,-0.128004,0.558753,0.342057,0.491094,-1.21097,133.479,26.5827,0.0414443,0.238914,0.335304,0.384923,0.320709,64.7118,106.676,2.61839,13.1925,-0.048859,-7.94773,169.882,0.313248],[0.017995,0.103447,-0.146539,0.00417644,0.0166585,0.0359115,-0.100138,0.128927,2.65927,0.532594,-0.00792801,-0.034135,-0.0143482,-0.0401613,-0.0202254,1.10745,2.61839,0.41364,0.593827,0.0076285,0.0124527,3.7713,-0.0309026],[-0.946971,-1.15122,-0.272063,0.921807,-1.4612,-0.405071,-0.0753231,0.260124,20.1758,4.55766,-0.0451249,-0.0995243,-0.407755,-0.142385,-0.0604747,7.34525,13.1925,0.593827,6.88184,-0.0924657,1.16161,22.383,-0.0884777],[0.0350748,0.0633832,-0.00640346,-0.0340618,0.0367609,-0.0453809,-0.0203988,-0.00975012,-0.401557,0.0042145,-0.00141581,0.00540969,0.0088024,0.00388882,-0.00284664,-0.0667315,-0.048859,0.0076285,-0.0924657,0.0336163,0.229209,-0.279392,0.00295886],[-0.00050381,-0.904849,-0.558365,-0.0758147,-0.52291,-0.149428,0.690643,-0.105001,-12.7127,-1.53506,0.0444148,-0.127557,0.0548047,-0.203368,0.0502344,-6.02548,-7.94773,0.0124527,1.16161,0.229209,42.5419,-15.8701,-0.131575],[0.122064,-0.154178,0.278259,0.813505,0.266951,1.0781,0.716536,-1.66314,264.558,45.6084,0.0460081,0.0988099,0.00543804,0.272099,0.20885,114.226,169.882,3.7713,22.383,-0.279392,-15.8701,302.365,0.241735],[-0.0265081,-0.0339254,0.0562344,-0.0149319,-0.0267135,-0.0588784,0.0201328,-0.0114947,-0.300878,0.0976973,0.00419978,0.0462844,0.0170439,0.0477468,0.00898203,0.0850055,0.313248,-0.0309026,-0.0884777,0.00295886,-0.131575,0.241735,0.0414937]],"n":23,"lags":3}