{"betahat":[[-0.329328,-1.00727,2.04987,-1.20856,-4.60756,-2.69629,1.94949,2.03855,0.0794122,-13.5633,-15.2658,-0.0769822,-0.0374353,4.82364,-0.359195,1.23316,0.000501904],[0.950572,0.00413434,0.0980815,0.288529,0.171233,0.036873,-0.150418,-0.0737292,0.24188,1.40369,-1.36806,-0.0286825,0.0163872,-0.580293,-0.272291,-0.0527025,0.0643864],[0.0533407,1.01517,0.881236,-0.0706722,-0.775621,1.254,0.0841179,-0.150918,-0.0901734,-1.14894,-0.905,0.0067333,0.00431676,-0.0870471,-0.189539,0.158034,-0.00809033],[0.0240527,-0.0119899,0.810634,-0.0114936,0.162061,-0.0773968,-0.00758377,0.0136826,0.0197258,0.0227747,0.484544,0.00963362,-0.000974147,0.230589,0.0923426,0.013397,-0.00703287],[0.112338,0.108855,0.602238,0.837034,0.179095,1.23905,-0.0891546,-0.109364,0.0916129,1.45095,5.54773,0.146006,0.0678808,0.349704,-0.192747,0.154305,0.068361],[-0.0122295,0.0392316,-0.107216,-0.0417595,0.485687,-0.289468,-0.0139389,-0.0216536,-0.0165715,-0.0449268,-0.263247,0.000655378,0.0132672,-0.200363,-0.113825,0.00535599,-0.00749086],[-0.0141445,0.0167416,-0.0494481,-0.0475082,0.00989725,0.667744,-0.0259343,-0.0042353,-0.0285369,0.0214296,-0.369978,0.000931187,-0.00149418,0.0502385,0.0767594,-0.0489834,-0.00114031],[-0.0939457,0.0343969,-0.243208,0.284766,-0.10551,0.100691,1.11242,-0.0275134,0.365813,1.38716,2.88448,0.0261365,0.0294624,-0.0730896,0.949161,0.0522165,-0.00343371],[-0.130453,-0.10702,0.426074,-0.0217386,0.108141,1.53848,-0.151774,0.859572,-0.151139,0.384878,3.88675,0.0393796,0.024831,-0.199853,0.051725,-0.339038,-0.0291159],[-0.124996,-0.190178,-0.516415,-0.233742,0.298851,-0.386628,0.100539,-0.0786119,1.30873,0.279842,0.0899637,0.0436337,0.0524854,-0.576485,-0.424676,0.194194,-0.0367028],[0.0508985,0.0606171,0.124904,0.0144037,-0.202504,0.179501,-0.043803,0.00130862,-0.0131633,1.11512,0.513757,-0.00356788,-0.00809308,0.0353497,0.0493514,-0.00650457,0.00401854],[-0.000503085,-0.000405634,0.0176578,0.00965338,-0.0304867,0.0471161,-0.0103754,-0.00800653,-0.00313464,0.044947,0.867718,0.0022212,0.00332346,-0.0601926,-0.0553033,0.00815338,-0.00142117],[0.290293,0.340153,0.452061,0.211464,1.39767,0.294673,0.17993,0.527824,0.0115531,2.15106,4.22703,0.805856,-0.137333,1.72721,1.70796,0.0670272,0.0566419],[0.395508,0.231458,3.41059,0.430265,1.59659,0.678733,-0.47946,-0.162669,0.179299,-4.74192,-4.88635,0.135544,1.1547,-1.6796,0.58945,-0.135391,0.215025],[0.0363497,0.0172651,0.0640126,0.0148537,-0.00352146,-0.0553566,0.0263127,-0.0177547,0.0198782,-0.194342,0.308269,0.0145442,0.00431846,1.07132,0.144568,0.0169729,9.42221e-05],[0.047242,0.0930929,-0.00871345,0.0212721,0.0138662,-0.0628806,0.00532453,-0.0396193,0.0484964,-0.369384,-1.10193,-0.0279544,-0.00191671,-0.130078,0.200548,-0.0537197,0.0171869],[0.181605,0.0407366,0.424414,-0.0659285,0.327347,0.781842,0.0588799,-0.0296219,-0.0541041,-0.0407469,0.338024,-0.0051117,-0.00197452,0.199204,-0.377505,0.460034,0.0296926],[0.179257,0.581202,-0.00873239,-0.0129005,0.803732,0.730364,1.004,0.425278,-0.338681,2.22791,3.32915,-0.0114447,-0.154354,3.20357,-0.326764,0.836064,0.927923],[-0.00588717,-0.114073,-0.0383663,-0.183737,0.287093,0.918449,0.0109402,0.0293907,-0.167714,-0.322896,4.03406,0.101938,0.028528,1.24208,0.559655,0.150468,-0.0682547],[0.00474836,0.0811933,-0.17946,0.05036,0.903725,0.0185971,-0.183136,0.0476023,0.0437311,0.909639,2.27545,-0.0179313,-0.00572251,0.152896,0.0667021,-0.12446,-0.0107468],[-0.0185962,-0.00249125,0.0600001,0.0211536,-0.0957491,-0.0352933,0.0113213,-0.0201093,-0.0112991,0.0457928,-0.0146803,-0.00883997,-0.00416792,-0.0584616,-0.0846474,-0.0160646,0.00678167],[-0.178603,-0.0732655,-0.903242,0.172919,-0.457404,-1.84925,0.160424,0.0587513,0.017687,-0.480974,-4.80508,-0.132093,-0.0807282,-0.506588,0.075955,-0.251131,-0.0333312],[0.0131144,-0.02453,0.123038,0.0512121,0.266818,0.286471,0.0100555,0.00255646,0.0183178,0.0729897,0.0806005,-0.00903709,-0.0218413,0.289038,0.14427,-0.0316282,0.000415122],[0.00455071,-0.0230245,-0.0152737,0.0288958,-0.0140914,0.11586,0.00901174,0.000278427,0.0298905,-0.0811515,-0.0217672,0.00907531,0.00923359,-0.114702,-0.0353518,-0.00983864,0.00432432],[-0.00113099,-0.00724931,-0.0783003,-0.211192,-0.0180841,-0.36359,-0.0680006,-0.0622976,-0.246462,-0.765808,-2.23958,-0.0046227,-0.00398285,-0.0467489,-0.728685,-0.0769263,0.0104203],[0.0673557,0.0451532,-0.0655031,0.111913,0.136422,-0.817519,-0.0325651,-0.0290113,-0.0573651,-0.512868,-4.07279,-0.114041,-0.125729,0.38842,-0.0189989,0.228667,0.0258921],[0.0521825,0.100998,-0.127383,0.13371,0.497689,0.112716,-0.127203,0.037623,-0.262597,0.296352,-0.639721,-0.010407,-0.0361913,0.495057,0.344917,-0.112977,0.0343859],[-0.042168,-0.0404459,-0.131827,-0.0234268,0.184412,-0.170604,0.00792734,-0.00495567,0.00636664,-0.196157,-0.406788,0.00752762,0.012895,0.00260562,-0.00633232,0.00173762,0.00323043],[0.00530563,0.0089652,-0.00636379,-0.015083,0.0246555,0.000215205,0.00338755,0.00166845,0.000446106,-0.0253202,0.0565022,0.000145946,-0.000243166,0.0371793,0.0373863,-0.0141375,0.0021983],[-0.0724715,0.122152,0.134404,-0.19918,-0.776175,0.422016,-0.0265575,-0.536984,-0.112411,-0.791609,-4.77696,0.0527391,0.00597938,-0.45313,-1.31749,-0.263069,-0.100172],[-0.319028,-0.13896,-2.2584,-0.261317,-2.61883,-0.207312,0.273783,-0.045404,-0.183263,3.39527,3.09283,-0.176577,-0.236896,1.22874,-0.0831493,-0.21939,-0.213742],[-0.0282188,0.0097095,-0.0797007,0.0137485,-0.0281283,0.0656718,-0.0234153,0.00493219,-0.0141636,0.0167754,-0.0252098,-0.0117685,-0.00522963,-0.00434631,-0.107624,-0.0164792,-0.00472767],[0.0692872,0.0670447,-0.117432,-0.0665683,-0.0702847,-0.152304,0.0565528,-0.0544239,0.0306124,-0.239677,0.589272,0.0164894,0.0170227,0.003346,0.259365,0.120924,-0.0101453],[-0.0356942,0.123946,-0.200986,0.0939554,-0.595794,-0.492473,0.0110157,-0.0612111,0.0226161,0.0461459,-0.524912,0.00727857,0.0114089,-0.295727,0.133794,0.0206269,0.00638767],[-0.435304,-0.667265,-0.939368,0.336778,0.80434,-0.862747,-0.964707,-0.316543,-0.091797,-3.60869,-2.93174,0.0530531,0.203993,-4.19632,-0.214958,-0.846831,-0.00256397],[0.0553059,0.109927,-0.0597521,-0.104782,-0.45833,-0.955363,0.139478,0.0443262,-0.0741441,-1.08077,-2.66593,-0.0732548,-0.0449179,-0.661729,-0.287344,-0.0977644,0.00386707],[-0.0580967,-0.0963802,-0.701803,0.0203218,-0.128103,-1.27262,0.0990179,0.103302,0.0464665,0.239287,-1.37039,0.0111985,0.00140369,-0.0658132,0.122844,-0.0335708,0.0188345],[-0.0054776,0.014476,0.129187,-0.00963978,-0.0663719,0.112457,-0.00373823,0.00641188,-0.00839062,-0.0685366,-0.470268,-0.000801423,0.00512904,-0.171967,-0.00763619,0.00261947,0.000254989],[0.0662548,-0.0356001,0.30097,-0.009952,0.278274,0.610176,-0.071268,0.0506024,-0.109272,-0.969896,-0.742489,-0.0139104,0.0128451,0.15693,0.116814,0.096831,-0.0350318],[-0.000867165,-0.0147091,-0.0157035,-0.00942878,0.247464,0.0031225,0.00390658,0.0190754,-0.00171777,-0.0279335,0.183486,0.0083868,0.00857424,-0.0885422,-0.0304159,0.0263429,0.00707037],[0.00957546,0.00627249,0.0645684,0.0186256,0.00423094,0.21615,0.0169091,0.00393228,-0.00131641,0.0596779,0.391427,-0.0100112,-0.00774647,0.0645962,-0.041341,0.0587827,-0.00318381],[0.0951819,-0.0271711,0.321924,-0.073514,0.124173,0.263444,-0.0443397,0.0897439,-0.119296,-0.621293,-0.643025,-0.0214928,-0.02546,0.120064,-0.220473,0.0249585,-0.00700366],[0.0750879,0.0979017,-0.243435,-0.10244,-0.0852551,-0.52203,0.149295,0.121832,0.155055,0.646135,1.87851,0.0781637,0.0958068,-0.34791,0.0285709,0.195544,-0.000188166],[0.0388165,0.00596501,0.322347,0.0768199,-0.466162,0.262378,0.00283502,0.0654883,-0.100874,-0.1939,0.639827,0.000156131,-0.00187237,0.119058,0.112082,-0.0925473,0.0181675],[-0.00893256,-0.0201358,0.00584768,0.00894329,0.0179076,-0.0101957,0.0354425,0.0036453,0.00668218,0.0795666,-0.110881,-0.00396792,-0.0048157,-0.03804,-0.0430305,0.00410305,-0.00721496],[-0.00493704,-0.00827702,-0.0122281,0.00548015,0.00559618,-0.0487651,0.007149,0.00624842,0.00272861,-0.01987,0.0588836,-0.00250673,-0.00311448,0.021945,0.0173724,0.00529402,-0.000696435],[-0.114199,-0.241214,-0.434732,0.0703469,-0.230835,-0.516582,-0.250297,-0.109672,0.0927936,0.00669013,-1.04557,-0.0088482,0.0164022,-1.17633,-0.251132,0.05106,0.00332164],[-0.0291213,-0.00626143,-1.14196,-0.111809,0.677438,-0.462486,0.134076,0.215689,-0.0143346,2.15046,1.88682,0.00345411,0.0297602,0.708159,-0.454047,0.226582,0.0102417],[-0.00789867,-0.027313,0.0173202,-0.0284018,0.0343749,-0.0084935,-0.00241286,0.0126576,-0.00557034,0.174661,-0.278637,-0.00272391,0.000971184,-0.0665434,-0.0366649,0.000556417,0.00452168],[-0.0804669,-0.0408583,-0.215347,0.0374736,0.215115,-0.0944752,-0.0792474,-0.00306119,-0.0272478,0.42501,0.124028,0.0205137,0.0192571,-0.367492,-0.00325333,-0.133303,0.00108384],[-0.00350289,-0.122711,-0.372316,0.151859,0.23884,-0.470655,-0.0604084,-0.0875829,0.0478718,-0.224698,-0.974328,0.0282102,0.030754,-0.447705,0.137008,-0.0261489,0.0401547],[0.266949,0.157417,1.32978,-0.320749,-1.61781,0.796012,0.018106,-0.167171,0.396557,0.336751,0.438979,-0.000194585,0.020711,0.685886,0.133793,0.123695,-0.0115791]],"sigmahat":[[0.173312,0.0800028,0.429787,0.0213453,0.116748,0.491649,0.0321514,0.00938653,0.00189855,0.112876,0.545672,-0.00376564,-0.0109709,0.217758,-0.0802897,0.0413018,0.006273],[0.0800028,0.198033,0.00742369,0.0270511,0.00647039,0.0171063,-0.0952795,-0.0578558,0.0174554,0.885151,0.177126,-0.0154364,-0.0174188,-0.0164325,-0.053741,-0.0790602,0.0107778],[0.429787,0.00742369,4.78886,-0.109897,-1.31547,4.37475,0.771212,0.258127,-0.167463,-2.04235,2.3423,-0.0315843,-0.0496443,1.05398,-0.167054,0.940628,-0.0669403],[0.0213453,0.0270511,-0.109897,0.230412,0.0822959,-0.212832,-0.071698,-0.049475,0.00499092,0.0917284,0.0408547,-0.0193281,-0.0184028,0.0329423,0.0794091,-0.103847,0.0164744],[0.116748,0.00647039,-1.31547,0.0822959,5.81298,-0.459952,-0.292974,-0.146488,-0.126366,1.25956,-1.11697,0.0521293,0.0757342,0.080208,-0.359028,-0.132623,0.032245],[0.491649,0.0171063,4.37475,-0.212832,-0.459952,6.80808,0.604714,0.16658,-0.124774,-0.858209,4.67642,0.0211909,-0.0181012,0.905478,-0.608259,0.98536,-0.101906],[0.0321514,-0.0952795,0.771212,-0.071698,-0.292974,0.604714,0.411012,0.130528,-0.0417251,-0.866153,0.00474364,-0.009976,-0.00852939,0.456793,0.00806204,0.345321,-0.0299448],[0.00938653,-0.0578558,0.258127,-0.049475,-0.146488,0.16658,0.130528,0.135778,-0.0251094,-0.379832,0.0655793,-0.000405805,-0.0016489,0.191069,0.0617167,0.119972,-0.0092377],[0.00189855,0.0174554,-0.167463,0.00499092,-0.126366,-0.124774,-0.0417251,-0.0251094,0.14215,0.323381,-0.106112,0.00936374,0.0108249,-0.214213,0.0720574,-0.0443939,0.00574437],[0.112876,0.885151,-2.04235,0.0917284,1.25956,-0.858209,-0.866153,-0.379832,0.323381,14.3278,4.38787,-0.0227123,-0.128604,0.191804,0.653408,-0.757083,0.155177],[0.545672,0.177126,2.3423,0.0408547,-1.11697,4.67642,0.00474364,0.0655793,-0.106112,4.38787,57.0137,0.451348,0.0591132,7.78764,2.83573,1.39757,-0.189929],[-0.00376564,-0.0154364,-0.0315843,-0.0193281,0.0521293,0.0211909,-0.009976,-0.000405805,0.00936374,-0.0227123,0.451348,0.0332948,0.0302555,-0.0966172,-0.00399412,0.0215718,0.00296222],[-0.0109709,-0.0174188,-0.0496443,-0.0184028,0.0757342,-0.0181012,-0.00852939,-0.0016489,0.0108249,-0.128604,0.0591132,0.0302555,0.0398197,-0.234735,-0.0608651,0.0180798,0.00292731],[0.217758,-0.0164325,1.05398,0.0329423,0.080208,0.905478,0.456793,0.191069,-0.214213,0.191804,7.78764,-0.0966172,-0.234735,5.2611,1.21566,0.508657,-0.0472001],[-0.0802897,-0.053741,-0.167054,0.0794091,-0.359028,-0.608259,0.00806204,0.0617167,0.0720574,0.653408,2.83573,-0.00399412,-0.0608651,1.21566,1.63556,-0.00551543,-0.00376227],[0.0413018,-0.0790602,0.940628,-0.103847,-0.132623,0.98536,0.345321,0.119972,-0.0443939,-0.757083,1.39757,0.0215718,0.0180798,0.508657,-0.00551543,0.582536,-0.0369663],[0.006273,0.0107778,-0.0669403,0.0164744,0.032245,-0.101906,-0.0299448,-0.0092377,0.00574437,0.155177,-0.189929,0.00296222,0.00292731,-0.0472001,-0.00376227,-0.0369663,0.0169768]],"n":17,"lags":3}