{"betahat":[[-0.261738,-1.47043,1.30088,-1.62046,-5.30931,-4.50131,3.42186,2.58517,-6.61795,1.29338,-0.953493,-0.242119,0.291265,0.0511273,8.98647,13.2414,1.17972,0.233971],[0.716422,-0.0955567,0.187916,0.280435,-0.02643,-0.043473,-0.0378463,-0.0384645,1.80137,0.131884,-0.013282,1.00555,0.00170517,-0.00419455,0.182408,-1.22861,-0.0986739,0.0416802],[0.190535,1.09058,0.968155,-0.115362,-0.567645,1.75671,0.0745352,-0.154528,-0.592486,-0.0299395,-0.128034,3.14371,0.0890654,0.0560305,0.544413,1.16541,0.241366,0.03555],[0.0632853,-0.00191669,0.74155,-0.0195166,0.218636,-0.0907301,-0.0504757,-0.00379253,-0.256047,0.0164649,0.0814831,-0.53403,-0.000356546,0.00412522,-0.085456,0.0470846,0.0251198,-0.0134248],[0.200107,0.206657,0.909663,0.854674,0.00178332,1.59793,-0.0975951,-0.123978,1.09126,0.143025,0.158172,6.72635,0.147362,0.0713298,0.505425,-0.415277,0.168319,0.0688228],[-0.0187846,0.0267329,-0.0824205,-0.0445382,0.464256,-0.305834,0.0105901,-0.0139237,-0.0821884,-0.0129627,5.67614e-05,-0.189571,0.000694966,0.013896,-0.176296,-0.0808546,0.0250372,-0.00980137],[0.00914684,0.0181907,-0.0495861,-0.0548118,0.0142496,0.702646,-0.00688121,-7.48281e-05,0.197057,-0.0179325,-0.00062578,0.290545,0.00815559,-0.00414647,0.206337,0.350618,-0.0172962,0.00269985],[-0.140598,0.0132644,-0.286036,0.36137,0.0831616,0.00835077,1.09329,-0.071252,0.976956,0.230783,-0.0760445,2.56927,-0.00289034,-0.00626541,0.1719,-0.326695,0.106391,-0.0357608],[-0.0732799,0.0227715,0.544372,-0.00762061,-0.149644,1.63581,-0.23059,0.765551,-0.711653,-0.210892,0.19119,1.59214,-0.0296206,-0.00205872,-0.663788,-1.55176,-0.361393,-0.0704327],[0.0471982,0.0561166,0.122094,0.0193772,-0.21748,0.180144,-0.0340253,0.00905495,1.17111,-0.00592824,0.0507894,0.426393,-0.00236004,-0.00919762,0.0784364,0.101738,-0.00497339,0.00730815],[0.0938409,-0.025576,-0.755263,-0.264522,0.41144,-0.374291,0.114171,-0.10261,0.644494,1.33016,-0.155512,0.905521,0.0658501,0.0621686,-0.0196354,0.84552,0.255972,0.0121433],[-0.0394518,0.219752,-0.462457,0.123417,0.0287497,-0.47544,-0.216164,-0.158822,0.435966,-0.169759,1.41336,-1.62165,-0.0542558,-0.0689695,0.497226,-2.12457,-0.0879616,0.00913842],[-0.00333254,5.02798e-05,-0.00216104,0.00590774,-0.0132758,0.0167723,-0.00964935,-0.00952271,0.0214148,-0.00324899,0.00619397,0.741714,0.00201112,0.00424369,-0.0537675,-0.0424858,0.00521826,-1.09648e-05],[0.287323,0.288687,0.641389,0.254749,1.80643,0.667885,0.142955,0.538397,2.13336,0.164118,-0.197362,4.67548,0.844925,-0.0674339,1.15882,2.18699,-0.357727,0.0755966],[0.489642,0.212938,3.34946,0.501155,1.72023,1.03903,-0.442886,-0.102025,-3.86907,0.0737515,0.593859,-2.63739,0.133854,1.11317,-1.4673,1.62601,-0.142172,0.172932],[0.0518497,-0.0112822,0.115174,0.00597119,0.050419,-0.0232825,0.0468157,-0.00195045,-0.377024,0.0461693,-0.0113073,-0.0416655,0.0125265,0.0154664,0.870795,0.328921,0.00198344,-0.002145],[-0.0244306,-0.00506059,-0.157564,0.00448368,0.0923655,-0.151141,0.0144697,-0.00850896,0.11108,0.0125308,-0.0499951,0.216277,0.00512659,-0.00268984,0.178705,0.395128,-0.0268959,0.0106394],[0.00314611,0.0134234,0.453785,-0.0351087,0.309123,0.719161,-0.162959,-0.0559742,-0.0829498,-0.155436,0.242985,-1.49632,-0.0479756,-0.0204172,-0.639796,-2.30367,0.199932,-0.00450816],[0.454513,0.34953,-0.659292,-0.353996,2.19263,0.429466,1.18599,0.525551,1.90843,-0.0519852,-0.931109,6.00296,0.155668,0.0176996,3.3854,4.66538,1.00103,0.955191],[0.0789681,-0.117307,-0.241193,-0.174274,0.357763,0.547386,-0.0448052,0.022316,-1.18357,-0.130106,0.103623,-1.37882,0.0340319,0.0376386,-0.143699,0.854047,0.0800517,-0.0657154],[-0.0984034,0.0203158,-0.133289,0.079911,0.765593,-0.226762,-0.15493,0.0425631,0.33328,-0.0173857,0.207683,-1.84777,-0.0916843,-0.0417062,-0.436836,-0.914915,-0.208254,-0.041889],[-0.034967,-0.00241237,0.136998,0.0344388,-0.132966,0.0444873,0.0359819,-0.00342425,0.345825,0.00370817,-0.0589289,1.67627,0.00790712,-0.00608192,0.292941,0.0110335,-0.00565141,0.0130202],[-0.208417,-0.126912,-1.0336,0.14959,-0.520698,-1.99433,0.186461,0.0557977,-0.657465,-0.0442296,-0.244083,-5.61396,-0.13766,-0.0850882,-0.674373,0.0565064,-0.18965,-0.0456055],[0.0195289,-0.0298991,0.101312,0.0403539,0.296394,0.279467,0.00902595,0.0022482,0.08107,0.0244383,-0.00967063,0.0233951,-0.00625463,-0.0200637,0.282649,0.211063,-0.0344307,0.00101585],[-0.0151307,-0.0212173,0.0134531,0.0361274,-0.0318073,0.12135,-0.00436263,-0.00283571,-0.233795,0.0262462,-0.0085189,-0.364794,0.0030046,0.0095476,-0.193617,-0.29859,-0.0272719,0.00127607],[0.091691,0.0595702,0.0883566,-0.204538,-0.176669,-0.0953106,-0.0452742,-0.022492,-0.267702,-0.137312,0.0135442,-0.864767,0.0110575,0.00558745,0.0528808,0.406659,-0.116443,0.0463192],[0.0728569,0.073342,-0.325627,0.145727,0.413804,-0.852888,-0.10117,-0.0283155,0.664166,-0.00899319,0.0316815,0.0690039,-0.0459842,-0.116778,1.17622,0.716503,0.158918,0.0661594],[-0.0464223,-0.043428,-0.082568,-0.0268988,0.133681,-0.183727,0.0147364,-0.00737992,-0.300435,-0.00463512,-0.0146476,-0.704114,-0.00542081,0.00631833,-0.0918338,-0.102935,0.000640334,-0.00413893],[-0.0821919,0.00793264,0.134871,0.119433,0.482916,0.18033,-0.135455,-0.00982772,0.337143,-0.306404,0.109537,-0.123269,-0.0258927,-0.0559131,0.342116,-0.695008,-0.0379322,-0.0134266],[0.0573608,-0.103406,0.46914,-0.0400033,-0.0582877,0.401661,0.170708,0.116268,-0.272563,0.15496,-0.286811,1.2264,0.00381453,0.00677355,-0.0215327,1.33873,0.078123,-0.0163264],[0.00881822,-0.00101539,0.0223792,-0.0149568,0.0127764,0.0236605,0.0152412,0.00918939,0.00225841,0.000676962,-0.00418158,0.202487,0.000170601,-0.00169749,0.038693,0.101117,-0.00216484,-0.00054361],[0.138473,0.183283,0.298687,-0.234529,-1.03281,0.465027,0.0373033,-0.531841,-0.310905,-0.218017,0.127069,-6.45193,-0.0516318,-0.0929397,-0.588925,-0.202767,-0.0775424,-0.114009],[-0.451097,-0.0794791,-2.42021,-0.245058,-2.81428,-0.539236,0.0745383,-0.115992,3.32484,-0.0978281,-0.318161,0.661335,-0.201646,-0.245515,1.12954,-1.47189,-0.512239,-0.132276],[-0.0127247,0.0238576,-0.0911888,0.00417028,-0.0509097,0.0876838,-0.0213216,-0.000975793,0.145486,-0.033965,0.0200185,0.349929,-0.00617269,-0.00950047,0.137857,-0.0590706,0.0239622,-0.00261927],[-0.0145622,0.0332,-0.0152391,0.0112465,-0.192662,-0.204613,-0.00460642,-0.0256968,-0.160345,-0.00446437,-0.00620757,-1.18303,-0.0245237,-0.00891569,-0.312686,-0.297287,-0.00614297,-0.00595732],[-0.0597295,0.113913,-0.30175,0.124649,-0.608868,-0.574523,-0.0278859,-0.0584656,-0.718261,0.0501349,-0.000830357,-1.44846,0.0176634,0.0443124,-0.627948,-0.284414,0.0577393,-0.000888971],[-0.430846,-0.398792,-0.617821,0.603137,-0.534969,-0.695461,-0.956361,-0.335451,-0.908904,-0.343761,1.26428,-0.682899,-0.0669487,-0.0149986,-3.1525,-1.09102,-0.572979,0.000879011],[0.204602,0.212858,0.0532357,-0.106152,-0.331251,-0.503958,0.0826594,0.0161392,-0.617754,-0.00177072,-0.0903481,0.372926,-0.0357433,-0.0334493,-0.0387122,0.374529,0.0186245,0.0240342],[-0.0921389,-0.110912,-0.834893,0.0354581,-0.197859,-1.52999,0.08041,0.111956,0.259195,0.0473367,-0.0796639,-1.29642,0.00261098,-0.0143303,-0.107599,-0.25053,-0.0331031,0.00633647],[-0.0283407,0.00432238,0.121231,-0.0149075,-0.0856209,0.0459987,0.014498,0.0072018,-0.0898491,-0.0201505,-0.0225443,-1.14289,-0.00756308,0.00194293,-0.207414,-0.0580813,-0.0195096,0.000406538],[0.00831092,-0.0797405,0.123915,-0.00426579,0.518981,0.396398,-0.0888551,0.0681754,-0.433662,-0.098785,0.0858919,-1.11265,-0.00970775,0.0137509,0.168964,0.358727,0.02134,-0.023218],[-0.000687794,0.00318022,-0.018766,0.00422753,0.239403,0.0264613,-0.0195571,0.0116609,0.00151664,-0.0114464,0.00956242,0.16697,0.00555218,0.00615073,-0.106075,-0.130101,0.00948998,0.00878492],[0.00596216,0.00300668,0.0359426,0.018689,0.0177656,0.175674,0.0112402,0.00288987,0.0365361,-0.00828877,0.00915376,0.0734362,-0.0111697,-0.00540608,-0.0126868,-0.0519686,0.0445323,-0.00397694],[0.0490658,-0.0728172,0.198198,-0.15681,0.0940585,0.0876461,-0.0478211,0.0936497,-0.709123,-0.0933319,0.0622685,-1.70274,-0.00813968,0.000708249,-0.224379,-0.0801091,0.0104452,-0.0105737],[0.0586179,0.0233419,-0.141281,-0.124894,-0.069041,-0.538765,0.255966,0.165874,0.589224,0.129733,-0.253107,0.187626,0.0694375,0.104202,-0.594359,0.49433,0.326332,0.00162829],[-0.00126726,-0.0125729,-0.0401737,0.0072695,0.0824451,0.0033953,0.0183641,-0.00175962,0.124265,0.0103063,-0.0352712,0.268744,0.00779402,0.00301464,0.0109461,-0.000840145,0.00353926,-0.00322097],[-0.0106154,0.0169928,0.1967,0.141555,-0.438049,0.182032,-0.0801076,0.0865407,-0.543418,-0.130764,0.00456086,-0.795179,-0.0120674,-0.000876727,-0.155474,-0.522271,-0.229415,0.0218366],[-0.0181965,-0.116385,-0.00756959,-0.0836148,0.0288836,0.0730788,0.0453591,0.0426135,-0.165339,0.0147523,-0.126413,0.390732,0.0503822,0.0621523,-0.475979,0.786382,0.00938831,0.00716255],[-0.00585073,0.00126016,-0.0221369,0.0087412,6.60776e-06,-0.0425283,-0.00607581,0.000107126,-0.0275126,0.00262987,-0.00148881,0.0248496,-0.00232487,-0.00234049,0.008193,-0.0616905,-0.00429062,0.00060572],[-0.286848,-0.362416,-0.532817,0.0636022,-0.131132,-0.752043,-0.291039,-0.0732344,-0.753374,0.0680149,0.217278,-0.937642,0.0153073,0.0401061,-1.09207,-1.28577,0.181004,-0.0184288],[-0.0143696,-0.122945,-0.592488,-0.173732,0.527776,-0.253474,0.305828,0.29815,1.55184,-0.0454704,-0.087173,2.72744,0.015917,0.0610241,0.613939,0.0482276,0.523235,-0.0322542],[-0.0386171,-0.012786,-0.0236194,-0.00989971,0.00516793,-0.0637736,-0.0248279,0.00237514,0.229624,-0.0116319,-0.00974402,-0.305213,-0.00634106,-0.00591717,-0.00707067,-0.268985,-0.0246406,0.00466451],[-0.0124908,0.00734641,-0.0253938,0.0221677,-0.000678562,-0.00750852,-0.0313244,-0.0174896,-0.173517,-0.000963982,0.0306203,-0.14979,0.00227936,0.00806131,-0.156491,-0.139414,-0.0163172,-0.00628347],[0.0193574,-0.150192,-0.184089,0.152388,0.0831122,-0.424924,0.016718,-0.0756762,-0.478169,0.0691402,-0.0181593,-1.09245,0.015632,0.0185699,-0.317352,0.0754175,0.0253045,0.0424921],[-0.0760061,0.129782,1.51396,-0.285895,-1.83124,0.851704,-0.134888,-0.270699,-2.39578,0.379718,-0.329992,-3.75958,0.0105566,0.118038,-0.570403,-4.15567,-0.192823,-0.0535868]],"sigmahat":[[0.289651,0.14314,0.407985,0.0102,0.0794513,0.584839,0.0471197,-0.0076421,0.277657,0.0424241,-0.0350997,2.10048,0.0142464,-0.00780571,0.516617,0.682106,0.112453,0.0209111],[0.14314,0.21786,0.185815,0.0197806,-0.0750926,0.276341,-0.0466277,-0.0464492,0.351214,0.00340458,0.016512,1.12504,-0.00368251,-0.00953016,0.198901,-0.0425657,0.0347808,0.0122593],[0.407985,0.185815,3.28615,-0.0333398,-1.03577,3.14827,0.271623,0.0762243,1.14411,0.143501,-0.108137,3.90308,0.00108078,-0.0433685,0.573616,1.06222,0.252159,-0.00476006],[0.0102,0.0197806,-0.0333398,0.228949,0.0226314,-0.144243,-0.0617622,-0.0355417,-0.089467,-0.0101743,0.0721904,-0.213302,-0.0250388,-0.020445,-0.0413825,-0.154575,-0.0635935,0.013481],[0.0794513,-0.0750926,-1.03577,0.0226314,5.62412,-0.34801,-0.116265,-0.0955381,0.442097,-0.198811,0.105252,-1.97416,0.051653,0.0884871,0.11357,-0.373521,0.134844,0.0191396],[0.584839,0.276341,3.14827,-0.144243,-0.34801,5.926,0.201602,-0.0243932,1.87392,0.128919,-0.144456,8.33227,0.0717731,-0.0194763,1.19464,0.733139,0.49944,-0.0351887],[0.0471197,-0.0466277,0.271623,-0.0617622,-0.116265,0.201602,0.230475,0.0603085,0.321585,0.0577942,-0.167945,0.730211,0.000298963,-0.010533,0.295514,0.645793,0.138442,-0.0105947],[-0.0076421,-0.0464492,0.0762243,-0.0355417,-0.0955381,-0.0243932,0.0603085,0.106211,0.210601,0.00734542,-0.0224978,0.0779789,-0.00217667,-0.00619934,0.0706801,0.288782,0.00154631,-0.00231976],[0.277657,0.351214,1.14411,-0.089467,0.442097,1.87392,0.321585,0.210601,9.6585,-0.0719315,-0.225071,12.3406,0.0248263,-0.140372,2.74502,1.86516,0.357309,0.0399405],[0.0424241,0.00340458,0.143501,-0.0101743,-0.198811,0.128919,0.0577942,0.00734542,-0.0719315,0.116714,-0.0797378,0.328999,0.00457102,-0.000232435,0.098295,0.193374,0.0410185,-0.00123834],[-0.0350997,0.016512,-0.108137,0.0721904,0.105252,-0.144456,-0.167945,-0.0224978,-0.225071,-0.0797378,0.250155,-0.751446,-0.00704075,0.00698644,-0.310728,-0.392933,-0.115873,0.00530317],[2.10048,1.12504,3.90308,-0.213302,-1.97416,8.33227,0.730211,0.0779789,12.3406,0.328999,-0.751446,106.953,0.851634,-0.18555,20.0377,14.3569,2.43436,0.0500715],[0.0142464,-0.00368251,0.00108078,-0.0250388,0.051653,0.0717731,0.000298963,-0.00217667,0.0248263,0.00457102,-0.00704075,0.851634,0.0331527,0.0242555,0.0502271,0.0934483,0.0358485,0.00271437],[-0.00780571,-0.00953016,-0.0433685,-0.020445,0.0884871,-0.0194763,-0.010533,-0.00619934,-0.140372,-0.000232435,0.00698644,-0.18555,0.0242555,0.0351651,-0.219445,-0.0818441,0.0143332,0.00174101],[0.516617,0.198901,0.573616,-0.0413825,0.11357,1.19464,0.295514,0.0706801,2.74502,0.098295,-0.310728,20.0377,0.0502271,-0.219445,7.00415,3.90017,0.485514,0.0210592],[0.682106,-0.0425657,1.06222,-0.154575,-0.373521,0.733139,0.645793,0.288782,1.86516,0.193374,-0.392933,14.3569,0.0934483,-0.0818441,3.90017,9.20259,0.477213,0.0348651],[0.112453,0.0347808,0.252159,-0.0635935,0.134844,0.49944,0.138442,0.00154631,0.357309,0.0410185,-0.115873,2.43436,0.0358485,0.0143332,0.485514,0.477213,0.3695,-0.0122757],[0.0209111,0.0122593,-0.00476006,0.013481,0.0191396,-0.0351887,-0.0105947,-0.00231976,0.0399405,-0.00123834,0.00530317,0.0500715,0.00271437,0.00174101,0.0210592,0.0348651,-0.0122757,0.0144968]],"n":18,"lags":3}