{"betahat":[[-0.0963951,-0.812284,0.0443299,-1.43449,-4.43293,-3.62756,2.39398,1.82234,-4.21801,0.541306,-0.643036,-1.34672,0.0804856,-0.145069,7.93039,9.06837,1.16115,0.220526],[0.723696,-0.0847955,0.20495,0.279247,0.0357036,-0.00157995,-0.0537721,-0.0603256,1.78702,0.132413,-0.0140121,0.911684,-0.00516729,-0.00594152,0.0716046,-1.34104,-0.109866,0.040286],[0.184808,1.08532,0.958171,-0.121452,-0.606029,1.71368,0.0831809,-0.147463,-0.772287,-0.0263621,-0.122547,2.59892,0.0927072,0.0667995,0.41113,1.09808,0.224084,0.0330947],[0.063484,-0.0009436,0.766051,-0.0133893,0.193069,-0.108687,-0.0458322,-0.0022932,-0.229828,0.0194538,0.0811024,-0.507386,-0.00332437,0.00146056,-0.0794631,0.0820465,0.0246057,-0.0147482],[0.189615,0.200427,0.889734,0.850322,-0.0564516,1.62457,-0.0876281,-0.124089,1.05411,0.151808,0.148293,6.7996,0.1523,0.0760782,0.53269,-0.398806,0.176637,0.0648087],[-0.0187404,0.0272344,-0.0833441,-0.044612,0.466099,-0.309152,0.0110892,-0.0139304,-0.0799649,-0.0117915,-0.000889466,-0.262114,-8.79673e-05,0.0134802,-0.185256,-0.102223,0.0239849,-0.010143],[0.00821225,0.0156791,-0.0646365,-0.055294,0.0228478,0.70601,-0.010097,0.000621004,0.179237,-0.0209305,0.0027465,0.22731,0.00944883,-0.00265748,0.197987,0.336939,-0.0236084,0.00335459],[-0.168549,-0.0178716,-0.264613,0.364978,-0.027566,-0.0811012,1.10967,-0.0618146,0.553115,0.265884,-0.0513728,1.71046,-0.00503818,0.00314649,-0.0225151,-0.518158,0.0293033,-0.0393973],[-0.0869515,-0.0165427,0.540696,-0.0061521,-0.187765,1.55762,-0.19223,0.80523,-0.803034,-0.198605,0.184109,1.47743,-0.024797,-0.00118749,-0.570646,-1.28781,-0.347178,-0.0713008],[0.0495108,0.0588715,0.123133,0.0213954,-0.218146,0.184428,-0.0375789,0.00739045,1.20601,-0.00852161,0.0515997,0.479829,-0.00339209,-0.010687,0.0861348,0.0986944,-0.00677146,0.00737016],[0.0875229,-0.0490734,-0.673404,-0.259116,0.313686,-0.431599,0.150577,-0.0734006,0.510487,1.37319,-0.142889,0.435542,0.0548711,0.0584174,-0.0136077,1.02683,0.213535,0.0102943],[-0.0548547,0.203628,-0.397404,0.126531,-0.13069,-0.520887,-0.189917,-0.137454,0.198718,-0.135104,1.44084,-2.00158,-0.0620702,-0.0704796,0.447796,-2.04551,-0.121156,0.00321605],[-0.00207958,0.00129218,0.00401662,0.00648089,-0.0122356,0.0177412,-0.00972238,-0.0104694,0.0190421,-0.00251617,0.00605758,0.752199,0.00176263,0.0041332,-0.0573115,-0.0486882,0.00506593,-8.91218e-05],[0.257383,0.252184,0.373028,0.282946,1.47785,0.629181,0.10143,0.578596,1.92622,0.114426,-0.17504,4.98223,0.891987,-0.0441628,1.42527,2.16893,-0.389051,0.097429],[0.450922,0.171396,3.37998,0.442333,1.91177,0.852498,-0.384475,-0.120477,-4.39475,0.13096,0.564194,-3.88028,0.13906,1.15074,-1.95952,1.29273,-0.156109,0.149994],[0.0480448,-0.0170718,0.122812,0.00196347,0.0446931,-0.0184527,0.0546233,0.00270865,-0.383299,0.0494641,-0.0138179,-0.0248904,0.0147125,0.0173779,0.878916,0.350548,0.00814015,-0.00308691],[-0.0230675,-0.00137363,-0.164265,0.00314577,0.0990382,-0.146039,0.0108827,-0.0079078,0.134613,0.00976581,-0.0484801,0.226188,0.00434895,-0.00382193,0.190166,0.409396,-0.0230962,0.0102105],[0.00784795,0.0170647,0.436457,-0.0561484,0.317074,0.77891,-0.129918,-0.0559353,0.0305035,-0.149832,0.199156,-0.609509,-0.0408305,-0.0239807,-0.406068,-2.03348,0.311809,-0.0070382],[0.448139,0.341797,-0.921336,-0.335049,2.42238,0.175426,1.07167,0.53492,2.37158,-0.123601,-0.885264,6.13712,0.160628,-0.00341805,3.76702,4.42436,0.946638,1.00005],[0.0822874,-0.118853,-0.23817,-0.163858,0.3285,0.501201,-0.0339511,0.0314696,-1.20525,-0.130249,0.105917,-1.26922,0.0380564,0.0410829,-0.116462,0.953304,0.091223,-0.0639777],[-0.106239,0.0158751,-0.132388,0.0813048,0.797073,-0.229103,-0.157323,0.0469583,0.411629,-0.0132221,0.211941,-1.72867,-0.0950662,-0.0469838,-0.403856,-0.899233,-0.212097,-0.0424092],[-0.0369652,-0.00167341,0.134545,0.0325067,-0.130266,0.0666585,0.0325603,-0.00646382,0.324422,0.00117248,-0.0567847,1.67295,0.00828095,-0.00559719,0.287295,-0.0285313,-0.00782634,0.0134227],[-0.196229,-0.109994,-1.01061,0.149664,-0.398904,-1.98847,0.180354,0.048848,-0.54531,-0.053382,-0.242365,-5.57307,-0.140936,-0.0874549,-0.710254,0.0445499,-0.172705,-0.0463547],[0.0190442,-0.0312459,0.0989089,0.0431746,0.291053,0.28342,0.0081674,0.00296306,0.0791555,0.0233897,-0.00633093,0.0619463,-0.00629857,-0.0202879,0.293873,0.223494,-0.0390369,0.00142005],[-0.0141983,-0.0214874,0.027284,0.0362705,-0.0418359,0.124249,-0.000764421,-0.00359521,-0.238856,0.0298271,-0.0116125,-0.349405,0.00275725,0.00917178,-0.192254,-0.289807,-0.0254154,0.000959176],[0.104078,0.0763592,0.0408477,-0.198361,-0.11235,-0.0899459,-0.0689452,-0.0272809,-0.0526357,-0.166948,0.00989841,-0.362275,0.0180256,0.00589802,0.151968,0.481493,-0.0832904,0.0534886],[0.0821729,0.090146,-0.311281,0.144548,0.405731,-0.774761,-0.101133,-0.0353821,0.7189,0.00298156,0.0212684,0.276713,-0.0467738,-0.117802,1.23794,0.692667,0.179304,0.0706629],[-0.0493834,-0.0466489,-0.0914747,-0.0274241,0.149535,-0.191274,0.0169222,-0.0079669,-0.328554,-0.00374854,-0.0167735,-0.759768,-0.00466539,0.00753623,-0.104251,-0.116215,0.00161277,-0.00411986],[-0.0877704,0.00529081,0.127808,0.116636,0.475218,0.215797,-0.138053,-0.0175276,0.337252,-0.318559,0.106896,-0.286337,-0.0241928,-0.0559784,0.248472,-0.789716,-0.0398601,-0.0144431],[0.0698564,-0.0998219,0.488677,-0.0430642,-0.000252599,0.441527,0.169735,0.110361,-0.223313,0.142967,-0.297259,1.2753,0.00640888,0.0084214,0.00718529,1.35208,0.0897532,-0.0144514],[0.00781413,-0.00175836,0.01812,-0.0150017,0.010931,0.0219061,0.0152551,0.00981439,0.000860633,1.64068e-05,-0.00402239,0.201208,0.000376314,-0.00148975,0.0396792,0.103964,-0.0020091,-0.000494428],[0.150893,0.224005,0.44879,-0.248807,-0.885196,0.640929,0.0692345,-0.589618,-0.47069,-0.201226,0.11834,-6.20643,-0.0442806,-0.075459,-0.839629,-0.594508,0.0388604,-0.128123],[-0.404643,-0.0474631,-2.54747,-0.208563,-2.73845,-0.488108,0.0478998,-0.132078,3.52927,-0.121563,-0.339105,1.94645,-0.201496,-0.264676,1.49275,-1.03304,-0.490348,-0.11689],[-0.011009,0.0276723,-0.0973849,0.00483609,-0.0393541,0.0851938,-0.0218708,-0.00264049,0.15333,-0.0350937,0.0176457,0.374062,-0.00703485,-0.0106077,0.137512,-0.0566745,0.026363,-0.00265963],[-0.0137217,0.0334796,-0.00862942,0.00993696,-0.189271,-0.196017,-0.00465756,-0.0267715,-0.150052,-0.00502215,-0.00619203,-1.14936,-0.0253879,-0.00993786,-0.306705,-0.277727,-0.00364055,-0.00652946],[-0.0516401,0.122297,-0.279778,0.109153,-0.547934,-0.54849,-0.0203967,-0.0514207,-0.617041,0.0475145,-0.013822,-1.2633,0.020455,0.042603,-0.529297,-0.150158,0.0933753,-0.00239989],[-0.425138,-0.402324,-0.517755,0.645687,-0.664581,-0.61739,-0.936946,-0.351375,-0.77411,-0.298803,1.25569,-1.92048,-0.116973,-0.0380762,-3.55726,-1.01693,-0.704593,-0.00882453],[0.194016,0.203644,0.0332464,-0.115381,-0.364111,-0.499608,0.0877306,0.0288569,-0.581812,-0.00215857,-0.0919029,0.357452,-0.0328885,-0.0351371,0.044835,0.387751,0.0186505,0.0236896],[-0.078568,-0.101201,-0.825748,0.0401565,-0.190943,-1.48456,0.0741528,0.100506,0.360585,0.0395915,-0.0893943,-0.870393,0.00235883,-0.0198114,-0.00730486,-0.198841,-0.0119746,0.0093113],[-0.0265283,0.00260429,0.0993467,-0.0191082,-0.0627232,0.041937,0.0132818,0.00876235,-0.0947204,-0.0206087,-0.0243052,-1.16589,-0.00495804,0.00413893,-0.207825,-0.0534465,-0.0167957,0.00132462],[0.00661725,-0.090435,0.120914,1.9335e-05,0.455452,0.363939,-0.0927169,0.0752444,-0.508815,-0.0984196,0.0940691,-1.22655,-0.0113632,0.0113811,0.177551,0.354265,-0.00391985,-0.0184564],[-0.000275464,0.00401526,-0.0154524,0.00147249,0.242963,0.0258364,-0.0192315,0.0109616,0.000900286,-0.0115895,0.00720927,0.200683,0.00638652,0.00680863,-0.10853,-0.121208,0.0151043,0.0087193],[0.00597785,0.00579189,0.0373138,0.0190316,0.0191494,0.16963,0.0108665,0.00297317,0.0594356,-0.0088788,0.00887931,0.121782,-0.0122065,-0.00650786,-0.00574331,-0.0470564,0.0490148,-0.00431723],[0.0645901,-0.0584527,0.224067,-0.166596,0.140318,0.171346,-0.040641,0.0890367,-0.500453,-0.0988888,0.0413896,-1.34741,-0.0129697,-0.009025,-0.129311,0.0367018,0.0542032,-0.0141052],[0.0454333,0.00606675,-0.134932,-0.130089,-0.0816421,-0.62106,0.256049,0.163824,0.416392,0.146118,-0.232338,-0.479368,0.0659701,0.109583,-0.754547,0.383966,0.258001,-0.00234741],[-0.000446734,-0.012216,-0.0323332,0.00591605,0.0678391,0.00608129,0.0202612,0.000601774,0.120229,0.0121419,-0.0344358,0.275157,0.0081143,0.00324783,0.0168704,0.0167727,0.00462975,-0.00324172],[-0.00420066,0.0310745,0.248492,0.141635,-0.473155,0.211649,-0.0776267,0.0813159,-0.5554,-0.125186,0.0101914,-0.361231,-0.0121649,6.04417e-05,-0.109729,-0.480239,-0.199854,0.0167719],[-0.0152068,-0.103899,-0.0917916,-0.0836228,0.130774,0.0789655,0.0201377,0.0271332,0.0238831,-0.0078589,-0.143584,0.723434,0.0556654,0.0620515,-0.455319,0.693562,0.0310661,0.0112325],[-0.00588805,0.00062367,-0.0225494,0.00848835,0.000607552,-0.0405596,-0.00569492,0.000574341,-0.0221347,0.00261702,-0.00170665,0.0314325,-0.00218423,-0.00251222,0.0141261,-0.0562471,-0.00363508,0.00061981],[-0.309489,-0.379665,-0.489411,0.0283422,-0.165395,-0.828519,-0.251511,-0.0395058,-0.825746,0.0793355,0.179773,-0.252923,0.0300046,0.0475879,-0.916475,-1.20763,0.207497,-0.0256654],[-0.0315592,-0.117797,-0.685867,-0.199858,0.582428,-0.257427,0.312523,0.296719,1.36908,-0.043531,-0.13714,2.21366,0.038077,0.0805128,0.627292,-0.0896998,0.57816,-0.0298459],[-0.0366788,-0.0105001,-0.0249386,-0.00668979,-0.0031792,-0.0659783,-0.0324621,-0.000422218,0.229373,-0.0140587,-0.00433009,-0.346572,-0.00767395,-0.00674716,-0.015972,-0.294508,-0.0338364,0.00569047],[-0.0107695,0.0082661,-0.023942,0.0226906,0.00262531,-0.00437061,-0.0324752,-0.0158419,-0.16238,-0.00249951,0.0311387,-0.119505,0.00235909,0.00740425,-0.142029,-0.128213,-0.0145595,-0.00583892],[0.0262697,-0.14802,-0.172082,0.151617,0.123347,-0.401766,0.0182678,-0.073389,-0.393578,0.0673769,-0.0277728,-1.07656,0.0130336,0.0166587,-0.326059,0.0919819,0.0335563,0.0422876],[-0.0382873,0.107818,1.6014,-0.314604,-1.69138,0.866877,-0.0950104,-0.234622,-2.15547,0.404169,-0.347493,-3.75397,-0.00724173,0.0972273,-0.406598,-3.58869,-0.142355,-0.0566293]],"sigmahat":[[0.288703,0.145424,0.40826,0.00804422,0.0892765,0.592769,0.0457236,-0.00894599,0.300442,0.0401644,-0.0344911,2.14978,0.012521,-0.00951107,0.528789,0.68291,0.117245,0.0199075],[0.145424,0.229089,0.192931,0.0188252,-0.0803617,0.290025,-0.0502138,-0.0506812,0.39253,5.14611e-06,0.0171204,1.22812,-0.005719,-0.0119007,0.205714,-0.0526643,0.0400729,0.0111707],[0.40826,0.192931,3.39621,-0.0381697,-1.08902,3.18069,0.284667,0.0755443,1.12822,0.158923,-0.0949739,4.16344,-0.00440944,-0.0452954,0.547176,1.11989,0.26607,-0.00934589],[0.00804422,0.0188252,-0.0381697,0.234695,0.0335506,-0.152171,-0.0640469,-0.0378565,-0.0977637,-0.0128377,0.0767539,-0.257005,-0.0263347,-0.0201999,-0.0616197,-0.178735,-0.0719129,0.0135152],[0.0892765,-0.0803617,-1.08902,0.0335506,5.7164,-0.34444,-0.123742,-0.0996792,0.575311,-0.222065,0.0853149,-1.90295,0.0472573,0.0801463,0.187175,-0.354957,0.148254,0.0215028],[0.592769,0.290025,3.18069,-0.152171,-0.34444,5.99985,0.19763,-0.0204119,1.96705,0.121443,-0.136425,8.81606,0.0745119,-0.0183667,1.23305,0.781425,0.523904,-0.0382309],[0.0457236,-0.0502138,0.284667,-0.0640469,-0.123742,0.19763,0.236134,0.0627188,0.286065,0.0633986,-0.166472,0.716732,0.00117382,-0.00893536,0.2922,0.670659,0.143697,-0.0113092],[-0.00894599,-0.0506812,0.0755443,-0.0378565,-0.0996792,-0.0204119,0.0627188,0.11149,0.209042,0.00868781,-0.020515,0.0764789,-0.00164945,-0.00638057,0.086075,0.323332,0.00212037,-0.00225079],[0.300442,0.39253,1.12822,-0.0977637,0.575311,1.96705,0.286065,0.209042,10.2477,-0.115491,-0.227234,13.3825,0.0219441,-0.156963,2.94857,1.97122,0.401557,0.0458015],[0.0401644,5.14611e-06,0.158923,-0.0128377,-0.222065,0.121443,0.0633986,0.00868781,-0.115491,0.123465,-0.078587,0.271955,0.00405303,0.000551928,0.0913185,0.21485,0.0398422,-0.00212818],[-0.0344911,0.0171204,-0.0949739,0.0767539,0.0853149,-0.136425,-0.166472,-0.020515,-0.227234,-0.078587,0.255226,-0.802726,-0.00957222,0.00501197,-0.313485,-0.389219,-0.126741,0.00474685],[2.14978,1.22812,4.16344,-0.257005,-1.90295,8.81606,0.716732,0.0764789,13.3825,0.271955,-0.802726,110.512,0.867671,-0.200927,20.558,14.5011,2.68822,0.0384799],[0.012521,-0.005719,-0.00440944,-0.0263347,0.0472573,0.0745119,0.00117382,-0.00164945,0.0219441,0.00405303,-0.00957222,0.867671,0.0347142,0.0250258,0.0577828,0.0879523,0.038691,0.0028487],[-0.00951107,-0.0119007,-0.0452954,-0.0201999,0.0801463,-0.0183667,-0.00893536,-0.00638057,-0.156963,0.000551928,0.00501197,-0.200927,0.0250258,0.0357044,-0.218891,-0.0888008,0.0148149,0.00161635],[0.528789,0.205714,0.547176,-0.0616197,0.187175,1.23305,0.2922,0.086075,2.94857,0.0913185,-0.313485,20.558,0.0577828,-0.218891,7.18485,4.05707,0.530774,0.0237392],[0.68291,-0.0526643,1.11989,-0.178735,-0.354957,0.781425,0.670659,0.323332,1.97122,0.21485,-0.389219,14.5011,0.0879523,-0.0888008,4.05707,9.60638,0.540566,0.0277702],[0.117245,0.0400729,0.26607,-0.0719129,0.148254,0.523904,0.143697,0.00212037,0.401557,0.0398422,-0.126741,2.68822,0.038691,0.0148149,0.530774,0.540566,0.403186,-0.0130257],[0.0199075,0.0111707,-0.00934589,0.0135152,0.0215028,-0.0382309,-0.0113092,-0.00225079,0.0458015,-0.00212818,0.00474685,0.0384799,0.0028487,0.00161635,0.0237392,0.0277702,-0.0130257,0.0150769]],"n":18,"lags":3}