{"betahat":[[-0.0180569,0.0530535,0.158051,0.0341265,-0.233187,-0.0623372,0.1567,-0.0379336,-1.62384,0.0143256,-0.633582,-3.5936,-0.00760566,-0.00651259,1.88919,3.41025,-0.086059,-0.299754,-0.153773,0.0298155],[0.0351773,0.0385338,-0.131024,0.0077949,0.17027,0.0388803,-0.131305,-0.0157081,0.484771,0.0807727,0.0327877,0.861984,0.0299319,0.0173378,0.336364,-0.48995,0.119676,-0.630932,0.049234,0.0184111],[0.0661106,0.151148,0.398436,-0.0149854,-0.209724,0.485063,0.0443421,-0.0622542,-0.843897,-0.117632,-0.0577274,-1.69387,-0.0249571,-0.0238929,-0.0856124,0.30177,-0.161581,-0.437972,0.0303851,-0.0123508],[0.0111999,-0.007015,0.0119156,-0.0122411,0.067696,0.023513,-0.0175659,0.00593497,-0.126806,-0.00296148,0.0437152,-0.0849785,0.00245463,0.00052915,0.147174,0.0159997,-0.0105549,0.130975,-0.025082,-0.00740611],[0.014578,0.0543292,0.179776,0.0335782,-0.199223,0.326619,0.0597398,-0.0564569,-0.0407933,-0.0124911,0.0566393,2.27031,0.0112322,-0.00151704,0.185614,-0.116275,-0.0694341,-0.245462,0.162199,0.00444381],[-0.015781,-0.000336718,-0.0573478,-0.00773365,-0.0220553,-0.137871,-0.00845845,-0.00392093,0.000388869,-0.00593665,-0.000492242,-0.0110669,0.00149452,0.00492837,-0.121386,-0.0421636,0.00097262,-0.0810905,-0.00912806,8.91664e-05],[0.0105521,0.0108956,0.00396273,-0.0143298,0.00866255,0.0146619,-0.0265441,-0.00565151,0.110235,-0.00463144,0.0207062,0.0785549,0.00378779,0.000984018,0.0644874,-0.0196503,-0.00550082,0.0307838,-0.016399,0.00275429],[-0.028916,-0.0580979,0.0285438,-0.00658616,0.218382,0.178238,-0.00271133,0.0216618,-0.0142081,-0.00671641,0.0702688,0.473296,0.00373633,0.0120747,-0.0692073,0.0604147,-0.0305904,0.111209,-0.0312526,-0.0179303],[-0.0107949,-0.0066451,-0.0593544,0.0291716,0.0154902,0.0759565,-0.0596639,0.490609,-0.928955,-0.0757427,-0.743127,-2.62806,-0.00803263,-0.0154091,-0.220364,-1.28157,-0.0550168,0.0916764,-0.0568313,-0.058908],[0.00197971,0.00329776,-0.00194002,0.00033643,-0.0113253,0.00990289,-0.00528374,-0.00434688,0.122788,0.00108782,0.0165958,0.069088,0.000468414,4.87923e-06,-0.0197752,-0.0850842,0.00115544,-0.00615072,-0.00325006,0.00173905],[-0.00253943,0.00594323,-0.185529,-0.00991422,0.0356539,-0.138674,-0.0402581,-0.037041,0.439126,0.148372,-0.205445,-0.905811,0.015893,0.0216804,-0.492841,-0.17803,0.164828,-0.171147,0.0148732,0.0107913],[0.00226142,0.00394394,0.0124669,0.00623654,-0.0151108,0.00804263,-0.00825642,-0.0422522,0.0821333,-0.0119806,0.417891,0.362365,-0.00376048,-0.00505901,-0.230073,-0.390175,-0.0121278,0.042975,-0.00362711,-0.0117665],[0.000935599,0.000917464,0.0010369,0.000485239,-0.000650947,0.00334137,-0.000853781,-0.00285654,0.0115454,0.00030694,0.00420229,0.108503,0.000456371,0.000253213,0.0109177,0.00447293,0.00013233,-0.000911985,0.00312369,0.000808468],[0.0194966,0.0230577,-0.0697907,0.0218716,0.137744,-0.0845215,-0.0792073,-0.00632051,0.558783,0.0989726,-0.0706451,0.418987,0.0285835,0.0297204,-0.28396,-0.503099,0.152522,-0.283906,-0.00512283,0.0251769],[-0.00083814,0.00216856,0.0327606,0.00394079,0.199328,-0.161732,-0.0432644,-0.0164226,0.172809,0.0771433,-0.190478,-0.696004,0.0183828,0.0279093,-0.508971,-0.267155,0.109172,-0.0905762,-0.0746376,0.0233431],[0.00182142,0.0011807,0.00261024,0.000827172,-0.00554118,0.00818806,-0.00187551,-0.00564567,-0.0353695,0.000338771,-0.0178925,0.153342,0.000322825,-0.000692311,0.193569,0.176993,0.000644475,-0.00113288,0.00762738,-0.000664233],[-0.0026619,-0.00197623,-0.00387876,-0.000727389,0.00089094,-0.0140197,0.00114913,-0.0100623,-0.178288,-0.000107779,-0.0507478,-0.093291,-0.001805,-0.000904589,0.226292,0.409419,-0.000743275,0.00704229,0.00352883,0.00134789],[-0.00695276,-0.00682016,-0.115755,0.004395,0.0345901,-0.0865424,-0.0225404,-0.00919268,0.246234,0.073551,-0.103286,-0.361276,0.00856661,0.0121663,-0.30208,-0.224142,0.0961169,-0.131927,0.00882959,0.00197869],[0.0108039,-0.00937813,-0.00454464,-0.00254374,0.0394768,0.0431131,-0.0126158,0.00764526,0.104465,0.0095079,-0.000643925,0.669199,0.00849629,0.000282516,0.228445,0.0102188,0.0161006,0.060692,0.0257737,0.0084212],[0.0136977,0.0120016,0.0456022,-0.0129766,0.041041,0.16419,-0.000328269,-0.0525323,0.131995,0.0636631,-0.0310238,3.18147,0.0159229,0.0153912,0.0974628,0.304092,0.0801374,-0.211974,0.161843,0.00765481],[0.218194,0.0642971,0.0534521,0.0204418,0.578983,0.60813,-0.1805,-0.312709,5.23666,-0.0253931,-0.847092,8.49087,0.121653,0.0580896,1.53343,0.759072,0.126444,0.613622,-0.0773433,0.547716],[-0.0142612,-0.00142636,-0.0721961,0.00624539,0.00986051,-0.0197658,-0.0391022,-0.0198352,-0.0542199,0.0155833,0.0392075,0.0535827,0.00427461,0.00685118,0.0279682,0.0475986,0.0199197,-0.0647143,-0.0130523,-0.0101403],[0.00416879,0.00571713,0.0668138,-0.00946345,0.10499,0.0837334,0.00422414,0.00268046,-0.388244,-0.0172361,-0.0050782,-0.800617,-0.00159802,0.00402346,-0.150578,0.01238,-0.0341517,-0.0728072,-0.0381091,-0.0102543],[-0.00295608,-0.00429526,-0.0156368,0.00207272,-0.0116566,-0.0284054,-0.00304809,-0.000759421,-0.0354248,0.00248392,0.00699597,0.111407,0.00126417,0.000233121,0.0815694,0.048024,0.00105317,-0.0206412,-0.00151677,-0.00156313],[0.00491969,0.00849004,0.0101539,-0.0122736,-0.0141691,-0.0370004,0.038133,0.0235623,0.130416,0.00283207,-0.0381125,-0.0594206,0.00153933,-0.000920114,0.00459829,-0.0290103,-0.0142912,0.0340584,0.00152007,0.00011961],[-0.00176713,-0.00118396,0.00610896,0.00811356,-0.0207841,0.00946769,-0.00267076,-0.0031388,0.00136407,-0.000789218,0.00120049,0.0639292,-0.00147936,-0.00163477,-0.00336298,-0.00515722,0.00295739,0.0193297,-0.0052139,0.000966129],[0.00214286,0.00061586,-0.000657557,3.89733e-05,-0.00777075,-0.0136676,-0.00423944,-0.00217845,-0.0207545,0.00335197,0.0061368,-0.00141097,0.00139434,0.00107615,0.0367181,0.0282414,0.005159,-0.0146216,-0.00366632,1.44545e-05],[-0.000685143,0.000180809,0.0160903,-0.00341887,-0.027464,0.0169581,-0.00714521,0.00120642,0.0703615,-0.00895382,0.0269882,0.335975,0.00167432,0.000336807,0.112598,0.123739,-0.0180463,0.0203484,-0.00565856,-0.000271125],[0.0158673,0.0172647,0.0103327,0.015342,-0.00553388,0.00736271,-0.00562377,0.0777817,-0.0937869,-0.0141811,-0.181088,0.433562,-0.000352061,-0.00583941,0.138892,-0.299512,-0.00197305,0.013666,0.0514564,-0.00446474],[2.6828e-05,0.000604025,-0.00115085,-5.2361e-05,0.00121181,0.000760804,-0.00145088,-0.00097015,0.0208291,-0.000369695,0.00369732,0.000353341,0.000113042,0.000169949,-0.0105992,-0.0251812,-0.000474973,-0.00390182,-0.00135367,0.000323055],[-7.92395e-05,0.00563892,-0.0412952,-0.0066064,0.0120537,-0.0243494,-0.0142248,-0.00576385,0.121041,0.0224465,-0.0493943,-0.243967,0.00303684,0.00378096,-0.138449,-0.0474267,0.0256231,-0.0417952,-0.00470366,0.00590742],[-0.000119907,-0.00202019,-0.00206414,0.00109703,0.00466715,0.00395538,-0.00205665,-0.00815306,0.0236044,0.00338586,0.092272,0.0280717,-9.27049e-06,-0.000597969,-0.0670906,-0.0964269,0.00633564,0.0237345,0.00138799,-0.00262206],[0.000361088,0.000371601,0.000785917,2.62307e-05,-0.000147607,0.00113416,-0.00022922,-0.000700573,0.00241234,7.35195e-05,0.00147537,0.0216556,8.89389e-05,5.9172e-05,0.00161006,0.000596573,0.000118246,6.64425e-05,0.00060461,0.000189307],[0.00245786,0.00830888,-0.0274555,0.0104493,-0.0153937,-0.0242522,-0.0129787,-0.0139426,0.0806976,0.0211337,-0.0531292,-0.069557,0.000728544,0.00156587,-0.0783083,-0.0577309,0.0274645,-0.0866914,-0.0117572,0.00538266],[-0.00604988,0.000258315,-0.0427923,0.00920167,-0.0108068,-0.0388101,-0.00905053,-0.0191208,0.115188,0.0176861,-0.0136756,-0.0739368,-0.00106159,-0.00183528,-0.0890575,-0.171428,0.0229861,-0.0312554,-0.00571207,-0.00205939],[0.00019909,0.000952931,0.00100671,0.000593968,-0.00193856,0.00213932,-0.000258483,-0.0014947,-0.014292,0.000658486,-0.00629671,0.0246336,2.73713e-06,7.46869e-06,0.0350519,0.0399707,0.000351963,-0.00182914,0.00196719,-0.000363824],[-0.00131995,-0.000604125,-0.00188845,0.00022715,-0.00267979,-0.00509171,0.000411809,-0.00231871,-0.0351223,0.000187621,-0.0133318,-0.0352959,-0.000777376,-0.000694775,0.0633215,0.107436,-0.000311143,0.00222441,0.000509098,0.000274629],[-0.00349921,0.00243347,-0.0232334,0.00184685,-0.0117533,-0.0176211,-0.00656731,-0.00608535,0.0865553,0.0120133,-0.0146454,-0.116545,-0.000106232,0.000832628,-0.0843616,-0.0604252,0.0127608,-0.0404099,-0.00400213,0.00103139],[0.00379354,-0.00137438,-9.0466e-05,-0.00193602,-0.0031594,0.00385441,-0.000765267,0.00205168,0.0200723,0.00580156,-0.00376172,0.105286,0.00195761,0.000658396,0.0471184,0.011117,0.0128119,0.0119864,0.0116062,0.000761192],[-0.000644934,0.0102,-0.0111135,-0.000390197,-0.0360522,0.00360269,-0.0118789,-0.0256226,-0.00604737,0.0125754,-0.0197628,0.764419,0.00240496,0.00380521,-0.0154391,0.141641,0.00859089,-0.00922213,0.0201424,0.00552167],[-0.0196701,0.0194507,-0.122856,0.0660097,0.0883569,0.112173,-0.102473,-0.124295,1.1684,-0.0565036,-0.11602,-0.182247,0.00885907,0.00322907,0.728145,0.627338,-0.0490127,-0.227761,-0.181473,0.0718394],[0.00210548,0.0115245,-0.0252378,0.00981861,-0.0118416,-0.0588654,-0.0153691,-0.0135152,-0.0838111,0.0062828,0.000389253,-0.0344786,-0.000181166,0.00177249,-0.0260563,0.00929576,0.00817034,-0.0658789,-0.0121573,0.000930187],[-0.00569098,-0.00280888,-0.00663439,0.00100772,-0.011212,-0.0723097,0.00367762,-0.0031276,-0.28669,-0.0135756,0.0239173,-0.646918,-0.0016177,0.00233109,-0.0763844,0.130271,-0.0216614,-0.0846898,-0.0389522,-0.00644311],[9.13857e-05,-0.00193701,-0.0012919,0.00117241,-0.00540882,-0.00350622,-0.000224788,-0.00126569,-0.03981,0.0017438,0.00412432,-0.0132988,-4.75465e-05,1.69672e-05,0.027378,0.0332997,0.00282394,-0.00174766,-0.000391483,-0.00127066],[0.00641447,0.0116127,0.0456361,-0.0181395,-0.00528502,0.124719,0.00597849,0.00970211,0.0921349,-0.00524291,0.0048364,0.0584389,0.00231802,0.0018432,0.0294246,-0.0220646,-0.0121421,0.0224233,0.00294034,-0.00474521],[-0.000616619,-0.000247714,-0.00438777,0.00120676,0.000182583,-0.00238426,-0.00152166,3.88546e-05,0.0278055,0.00132078,-0.00456402,0.0853031,0.000608797,0.000217062,-0.000898798,-0.0278585,0.00266767,0.000122415,0.00276762,0.00112946],[0.000871676,-0.0014961,-0.00376933,0.00132606,0.0112473,-0.00432654,-0.000421799,0.000268095,-0.024083,0.00284431,-0.00148468,0.00286822,0.000216591,0.000425638,0.0139202,0.000287806,0.00413702,4.93043e-05,0.0020292,-0.000446337],[0.0039766,-0.00173504,0.00915158,0.00198287,-0.0257938,8.14295e-05,-0.00184141,-0.000462997,-0.0130803,0.000379138,0.0182889,0.0242269,-0.00103134,-0.00241691,0.0471328,0.0416608,0.00476431,0.0370278,0.00692939,0.000688776],[0.0104067,0.0139277,0.0088047,0.00311793,0.00111276,0.0140312,0.00310245,0.0291267,-0.0320841,-0.00853965,-0.0908311,0.575477,0.000982924,-0.00127155,0.0910602,-0.155465,-0.00831778,-0.0135634,0.0403161,-0.00167969],[-6.12983e-05,0.000344566,0.000223788,-0.000224929,4.30726e-05,0.000932263,-0.000288929,-0.000403206,0.00145396,-0.000470913,0.00168789,-0.011166,-7.75467e-05,-7.51341e-06,-0.00213406,-0.00618596,-0.000528115,-0.00147647,-0.00062822,-0.00016919],[0.00124308,0.00376836,-0.00981752,-0.00377641,0.0109109,-0.00969207,0.000104641,0.00804317,0.0243788,0.00436989,-0.0303968,-0.292995,-0.000355894,0.000461679,-0.11495,-0.0432968,0.00663656,-0.00657563,-0.0025436,0.00238398],[-0.000225233,-0.00190761,-0.00282973,-0.000142813,0.00452479,0.00145743,-0.00154431,-0.00318483,0.0112438,0.00504808,0.0322947,-0.032937,0.000646396,0.000627316,-0.0470916,-0.046904,0.00756749,0.007644,0.00127016,-0.000992664],[2.96214e-05,0.000136925,-9.13665e-05,5.44745e-05,2.40876e-05,-5.45489e-05,-0.000127106,-0.000370152,0.000581957,6.04032e-05,0.000441225,0.00691908,8.27749e-06,1.6019e-05,-0.000140325,4.08713e-05,-2.802e-05,-0.000440958,0.000147141,7.6414e-05],[-0.00166558,0.00340552,-0.024753,0.00844751,-0.00501691,-0.00253531,-0.00837565,-0.011099,0.0599021,0.00682084,-0.0168958,-0.077187,-0.00182932,-0.00099269,-0.0425916,-0.0418658,0.00754492,-0.0292512,-0.00472518,0.00224064],[0.000790604,-0.000901956,-0.0136889,-0.000345611,-0.00683832,-0.00107199,0.00710534,0.00612432,0.036098,0.00972596,-0.019699,-0.12579,-0.000632305,-0.00207162,-0.0337887,-0.0285426,0.0147785,-0.0013737,0.00905083,-0.00110438],[-0.00021252,0.000301473,-0.000475667,0.000179283,0.00077928,-9.49597e-05,-0.000599614,-0.000948512,-0.00646747,0.000532876,-0.00386407,0.00610816,0.000109825,0.000151545,0.0133616,0.0161909,0.000233704,-0.00147627,0.000158666,1.17767e-05],[-8.61965e-05,-0.000306502,0.000379906,7.57766e-05,-0.00261807,0.000356991,0.000353592,-0.000458385,-0.0138245,0.000258422,-0.00691568,-0.00415512,-0.000247146,-0.000323347,0.0284193,0.0429767,7.97844e-05,0.00366687,0.000900868,0.000111757],[-0.000686363,0.00170353,-0.00818512,-0.000355607,0.00428336,0.00111943,-0.0028179,-0.00183,0.0348547,0.00209994,-0.011041,-0.0747656,9.28368e-05,0.000300164,-0.0426312,-0.0297377,0.000966883,-0.005034,-0.000932113,0.00151211],[0.00092293,-0.00124152,-0.000804391,0.000829614,0.000766158,0.00493412,-0.000963608,-0.000956663,0.00988678,0.00332545,-0.000929712,0.0321704,0.000584862,0.000354096,0.0118181,0.00514497,0.00623854,0.00416676,0.00348127,-5.3844e-05],[-0.00223409,0.000854319,-0.00576741,0.00575935,-0.00544553,-0.0191487,-0.00464661,-0.0124719,-0.0448229,0.00260532,-0.0123051,0.197285,0.000157742,0.000951525,-0.0363327,0.0651052,-0.00154296,-0.0233651,0.00322836,0.00545425],[-0.0284932,0.0208403,-0.0633089,0.0253697,-0.130003,-0.00877026,-0.0639998,-0.0567293,0.327654,-0.0455045,-0.0337106,-1.46852,-0.00347796,-0.0027445,0.414417,0.320343,-0.0422498,-0.214561,-0.154608,0.00888333]],"sigmahat":[[0.375185,0.235006,0.895242,-0.0706043,-0.0662702,1.07658,0.0955418,-0.0967305,0.570211,-0.103115,0.391676,3.72579,0.0131635,-0.0215153,1.38215,0.0537273,-0.185932,0.944368,0.120433,0.082262],[0.235006,0.518657,0.296187,-0.0103244,-0.58476,0.635684,-0.21934,-0.532312,3.01334,-0.0221192,0.521994,3.85928,0.0141065,-0.000452578,0.287123,-0.391874,-0.0802206,-0.891041,0.0137306,0.163663],[0.895242,0.296187,6.73661,-0.259732,-1.3311,6.67477,1.35846,0.533563,-5.30864,-0.748194,1.54741,7.67237,-0.0530986,-0.135414,5.50006,4.04667,-0.946897,3.80925,0.595084,-0.196177],[-0.0706043,-0.0103244,-0.259732,0.356184,-0.172713,-0.230385,-0.184641,-0.140243,0.673804,0.0426755,0.0486912,2.04243,-0.0129015,-0.0139149,0.227495,-0.302994,0.0668628,-0.603672,-0.126643,0.0736476],[-0.0662702,-0.58476,-1.3311,-0.172713,8.23213,-0.670875,-0.231109,0.213032,-2.32705,-0.130285,-0.473365,-4.90179,0.14677,0.186848,-1.06252,-0.550519,-0.13999,0.629106,-0.100862,0.161188],[1.07658,0.635684,6.67477,-0.230385,-0.670875,11.5749,0.610043,0.00488091,4.13663,-0.767449,2.16564,21.9314,0.059173,-0.145343,6.66374,-0.283053,-1.29433,3.8799,0.607997,0.0427354],[0.0955418,-0.21934,1.35846,-0.184641,-0.231109,0.610043,1.06818,0.785326,-5.39787,-0.110263,-1.39557,-2.81132,-0.0686069,-0.0617655,1.2341,2.85562,-0.0910748,1.3348,0.723587,-0.265589],[-0.0967305,-0.532312,0.533563,-0.140243,0.213032,0.00488091,0.785326,7.10702,-19.3588,-0.496989,-10.8959,-37.0252,-0.122506,-0.175666,-4.22478,-16.4717,-0.213731,1.90604,0.7659,-1.3904],[0.570211,3.01334,-5.30864,0.673804,-2.32705,4.13663,-5.39787,-19.3588,264.571,-0.328778,133.521,151.018,0.485276,0.37185,-280.292,-409.762,-1.0868,-5.53941,-11.3293,1.6315],[-0.103115,-0.0221192,-0.748194,0.0426755,-0.130285,-0.767449,-0.110263,-0.496989,-0.328778,0.711607,-1.25467,-1.47355,0.0463592,0.0986511,0.352719,4.05355,0.666779,-0.836703,0.118892,0.05997],[0.391676,0.521994,1.54741,0.0486912,-0.473365,2.16564,-1.39557,-10.8959,133.521,-1.25467,137.192,83.3612,-0.231891,-0.191142,-241.199,-341.834,-1.44164,4.32288,-5.49049,-3.63319],[3.72579,3.85928,7.67237,2.04243,-4.90179,21.9314,-2.81132,-37.0252,151.018,-1.47355,83.3612,798.198,1.6834,0.507189,28.1242,-14.0125,-5.5137,10.7656,14.2344,7.24245],[0.0131635,0.0141065,-0.0530986,-0.0129015,0.14677,0.059173,-0.0686069,-0.122506,0.485276,0.0463592,-0.231891,1.6834,0.0460498,0.0442479,0.387457,0.651369,0.0258476,-0.0465437,-0.0180307,0.0778017],[-0.0215153,-0.000452578,-0.135414,-0.0139149,0.186848,-0.145343,-0.0617655,-0.175666,0.37185,0.0986511,-0.191142,0.507189,0.0442479,0.0621277,-0.467527,0.507222,0.0888436,-0.273064,-0.0505069,0.0722762],[1.38215,0.287123,5.50006,0.227495,-1.06252,6.66374,1.2341,-4.22478,-280.292,0.352719,-241.199,28.1242,0.387457,-0.467527,684.272,941.508,-1.24032,3.74165,12.5094,11.453],[0.0537273,-0.391874,4.04667,-0.302994,-0.550519,-0.283053,2.85562,-16.4717,-409.762,4.05355,-341.834,-14.0125,0.651369,0.507222,941.508,1406.09,2.12568,-6.87323,16.2057,18.7197],[-0.185932,-0.0802206,-0.946897,0.0668628,-0.13999,-1.29433,-0.0910748,-0.213731,-1.0868,0.666779,-1.44164,-5.5137,0.0258476,0.0888436,-1.24032,2.12568,0.765721,-1.03896,0.0697756,0.00100608],[0.944368,-0.891041,3.80925,-0.603672,0.629106,3.8799,1.3348,1.90604,-5.53941,-0.836703,4.32288,10.7656,-0.0465437,-0.273064,3.74165,-6.87323,-1.03896,19.0728,0.481938,-0.454786],[0.120433,0.0137306,0.595084,-0.126643,-0.100862,0.607997,0.723587,0.7659,-11.3293,0.118892,-5.49049,14.2344,-0.0180307,-0.0505069,12.5094,16.2057,0.0697756,0.481938,2.15037,-0.211954],[0.082262,0.163663,-0.196177,0.0736476,0.161188,0.0427354,-0.265589,-1.3904,1.6315,0.05997,-3.63319,7.24245,0.0778017,0.0722762,11.453,18.7197,0.00100608,-0.454786,-0.211954,0.794832]],"n":20,"lags":3}