{"betahat":[[-2.18818,-5.10066,-1.61323,-0.610603,3.71997,-18.1837,6.43427,4.61955,-11.0471,-0.472351,0.317249,31.2402,-0.0767054,-0.295928,23.187,17.3755,19.2922,6.22116,12.9957,18.6686,5.9384,23.2096,1.72838,0.213678],[0.474359,-0.258192,0.207413,0.358366,-0.115677,-0.398992,-0.255241,0.0360508,1.59496,0.156405,0.236945,-3.67418,-0.0115027,0.0255304,-1.07575,0.0474305,-0.167321,-1.02727,-2.19183,-0.325703,0.0458066,-2.3677,-0.537732,0.0288545],[0.413603,1.00234,0.710842,-0.237703,-0.403089,1.30674,0.35876,-0.041448,-0.529252,-0.0510893,-0.335502,0.234188,0.0516447,0.0297788,0.516628,-0.0331943,0.204661,0.525315,2.73406,0.0378169,0.180099,1.14543,0.364249,0.0700198],[0.0919401,0.0494137,0.654707,0.00780852,0.221724,-0.0561702,-0.0610189,-0.0345427,-0.167243,0.023847,0.0619863,0.34111,0.00789341,0.00888993,0.0547567,0.0238923,-0.0320353,0.102627,0.0931736,-0.243982,-0.070569,0.234503,0.0760951,-0.00507491],[0.0467864,0.108515,0.699495,0.754095,0.2288,1.19568,-0.10613,-0.141945,0.352451,0.165811,0.111911,0.802948,0.135803,0.115712,-1.07544,0.00221447,-0.118595,-0.237691,-0.567599,-0.300986,-0.0307872,-1.15425,0.121681,0.0858093],[-0.00128057,0.0348533,-0.146674,-0.0478383,0.341024,-0.382346,0.0123363,-0.018916,-0.293017,-0.0065675,-0.00184965,-0.790384,-0.0088198,0.0154269,-0.274197,-0.0164952,0.0087945,0.094499,0.116133,0.0663741,0.0111955,-0.0184961,0.0113949,-0.007736],[0.0176045,0.0192896,0.00430004,-0.0634015,0.133209,0.66081,0.00650535,-0.00137952,0.338122,-0.0320786,0.00210668,0.884745,0.00689873,-0.0137029,0.366475,-0.00941315,0.0223473,-0.158711,-0.209925,-0.123851,-0.0029704,0.291113,0.00666272,-0.00276612],[0.0134428,0.177207,0.161064,0.334991,0.07876,0.722706,0.960653,-0.0636242,2.08175,0.290979,-0.111492,4.12836,0.038591,0.0167837,0.865434,0.0880752,-0.266219,-0.102679,1.0131,-1.19296,0.088248,-1.75235,0.0753598,0.00567025],[0.044544,0.0744937,1.53803,-0.2831,0.433884,2.98388,-0.19369,0.842368,-0.985719,-0.225026,0.25685,-3.21865,-0.0168985,0.0959584,-2.46312,-0.0803151,-0.0519471,-0.361097,0.269214,0.372441,-0.612211,-1.9892,-0.413373,-0.088548],[0.0206626,0.0592141,0.0695019,0.0301104,-0.0891707,0.0955839,-0.0565137,0.00759766,0.908201,-0.00683465,0.0622033,-0.210185,0.00358287,0.00711751,-0.170683,-0.00303323,-0.00687014,-0.0309826,-0.0217266,0.00514013,-0.0169097,0.0422501,-0.0176927,0.00880535],[0.0289036,0.0954048,-0.887479,-0.582372,-0.444849,0.296955,-0.0034831,-0.166368,1.51815,1.27379,-0.233687,1.45304,0.120469,0.083852,0.00917838,0.11951,-0.307878,0.406387,-0.120561,-0.654528,0.252185,-0.295422,0.408914,0.000282277],[0.0192731,0.432253,-0.43638,0.198923,0.147366,0.325607,-0.46528,-0.389469,0.354899,-0.193506,1.44562,1.57682,0.005647,-0.036645,0.628981,0.230315,-0.46666,-0.46807,-1.04028,-0.496722,-0.559037,-2.27622,-0.015009,0.00430678],[-0.00118973,0.00150937,-0.0642877,0.0194435,0.0219158,-0.0719304,-0.0124474,-0.0124022,-0.0124093,-0.000975376,0.00342163,0.413086,-0.000459724,0.00595367,-0.108856,0.00697462,-0.00271388,0.0174552,-0.0162602,-0.00683519,-0.00291784,-0.0970432,-0.000383438,0.00174928],[-0.236814,0.0638574,-1.09881,-0.0610787,4.41155,0.247018,0.0892634,0.622373,4.76813,-0.0290233,-0.432231,-0.97875,0.752221,-0.0630155,0.429572,-0.23219,0.239219,-1.31059,5.527,-1.93914,-0.154153,2.67878,-0.570529,0.12721],[1.43632,0.787112,5.85508,1.05568,0.0699579,2.00116,-0.753043,-0.275135,-4.41579,0.256804,1.16575,10.3568,0.202529,1.02793,0.930691,0.225264,-0.408127,-0.811547,-1.75546,0.0749457,0.141602,2.42631,-0.0413547,0.309941],[0.0739819,-0.00436185,0.210253,-0.0267356,0.0627881,0.0854006,0.0278763,0.00314745,-0.178559,0.0365132,0.0190529,0.52704,0.0253805,0.0151935,0.937507,-0.0170521,0.0333518,0.111725,-0.159327,0.225805,0.0607225,0.442792,-0.00601492,5.54911e-05],[-0.0657522,0.268864,3.50533,-0.562818,-1.29748,5.19145,0.175798,0.0837676,0.716802,0.190893,-0.164681,13.8138,0.111626,0.054106,0.123986,0.31491,0.149078,-1.20559,-0.768616,-0.538034,0.325407,-2.58963,0.863193,-0.227365],[-0.369382,-0.130816,-0.133191,-0.208755,0.0378658,0.208566,0.00725239,-0.116092,0.37338,-0.0741434,-0.088212,-2.55986,-0.00133703,-0.00345176,-0.47009,0.120789,0.298134,-0.152473,-2.07188,0.104481,-0.120618,-2.90276,0.305546,-0.0533521],[-0.0247039,0.0325522,-0.259706,0.0303308,0.464282,-0.245929,-0.0753422,-0.0990692,-0.924875,0.014435,-0.0287887,-1.1856,0.000423935,0.0239289,-0.130391,0.00708457,-0.0108869,0.14418,-0.156366,0.378748,-0.0123155,-0.362841,-0.0825691,0.0185518],[-0.0169092,0.0361969,0.0215505,0.0265612,-0.166909,0.0929991,-0.0194702,-0.0646453,-0.0986494,0.0114587,-0.0148126,0.783864,0.00724769,0.0070214,-0.067437,0.0152426,-0.0339324,-0.0956118,-0.120002,-0.0176232,-0.0502704,0.301168,0.0436468,-0.0068037],[-0.0361953,-0.00747833,-0.221179,-0.0375599,0.106177,-0.233516,-0.0300419,0.0348881,-0.183756,-0.0175788,0.0502748,-1.85425,-0.00224398,0.0253531,-0.732621,-0.00201204,0.00411775,-0.428182,-0.0121707,0.319054,0.0214401,-0.364206,-0.00432636,-0.0158617],[0.0449222,-0.0766715,0.149977,0.202706,-0.423683,-0.192133,0.0771118,-0.00931432,0.18039,-0.0237582,0.101563,0.455441,-0.020402,0.0013341,-0.919482,-0.0167949,0.183784,-1.29866,-0.87519,-0.978102,0.83527,1.15013,-0.0488166,0.00789486],[-0.00501125,0.00924735,-0.0239909,0.00438459,-0.0859151,0.03858,0.0516021,-0.00955546,0.00702166,0.0271515,-0.0925257,1.63959,0.00793152,-0.013995,0.481375,-0.000230131,-0.0428124,0.103097,0.210983,0.0424324,0.070917,0.652242,0.0294791,0.00444106],[-0.0416968,-0.0161987,0.375794,0.005751,-0.115183,0.592532,-0.16223,-0.0232707,-0.536722,-0.198103,0.285013,-2.04181,-0.0453882,-0.0172547,-0.989488,0.0366914,-0.122708,0.283557,-0.313587,1.01609,-0.336872,-0.817472,0.0272934,0.00924132],[0.659558,0.741988,0.722628,-0.816445,1.97086,3.01453,1.45797,0.632438,1.94272,0.0693549,-1.22019,15.0412,0.214202,-0.000315739,6.61165,-0.600231,0.624792,1.07411,5.43561,1.05085,0.784102,3.33877,1.63494,0.815167],[0.120967,-0.111703,-0.391157,-0.19869,0.132142,0.780936,0.121691,-0.0813329,-1.53144,-0.116321,-0.0766632,2.07381,0.0741588,0.0678918,0.311957,0.0695789,-0.00552497,0.657043,0.124997,0.149424,-0.164865,1.33935,0.485606,-0.0980758],[-0.190644,0.156971,0.532055,0.224395,0.679264,0.495078,-0.236064,-0.0385235,0.833051,0.0179429,0.284121,-0.900358,-0.129377,-0.0750215,-0.511533,0.0153113,-0.119306,-0.75685,-1.70959,-0.350298,-0.17999,-0.919347,-0.232345,-0.0780952],[-0.0525745,-0.0444953,0.0447857,0.0195148,0.0594928,-0.111303,0.0323966,0.0137884,0.0526153,-0.0128339,-0.0296333,0.87992,0.00897249,0.00565016,0.14754,0.00898687,0.0439722,-0.182869,-0.0876987,0.034699,0.0555617,-0.196758,-0.0209149,0.00956069],[-0.13559,-0.104922,-0.398049,0.152262,-1.47129,-1.20754,0.27237,0.107025,-0.161877,0.000435595,-0.298117,-0.503361,-0.124657,-0.127777,0.305671,-0.0180361,0.160906,0.116948,1.11165,0.202755,0.187502,0.75838,-0.240524,-0.0826602],[-0.00208342,-0.0223765,0.18402,0.0345937,0.451306,0.366544,0.0156363,0.00444742,0.339694,0.0147709,-0.0122374,0.125719,-0.00128938,-0.0179856,0.255872,-0.000813028,-0.00804069,-0.021924,-0.183423,-0.00484336,0.0243147,0.1249,-0.00945355,-0.00376823],[-0.0306868,-0.0115725,-0.00625041,0.0392,-0.110978,0.164072,-0.0293051,-0.0163272,-0.349821,0.0436802,-0.00995922,-0.941654,0.00017813,0.0142863,-0.38137,0.0113164,-0.0355037,0.174958,0.0798534,0.0962253,-0.00184153,-0.383195,-0.0589345,0.00585863],[-0.0276762,-0.0548239,-0.598866,-0.196439,0.408893,-0.782142,0.0189221,-0.0462267,-1.02938,-0.23195,0.0782366,-1.75553,-0.00831789,0.00527191,-0.27239,-0.0996277,0.241108,0.0507365,-0.530212,1.02745,-0.143691,1.41791,-0.0945729,0.00798239],[-0.138532,0.0464751,-0.666505,0.32675,-0.535426,-1.75604,-0.10219,-0.183995,0.435062,-0.0682897,0.0925279,-1.40122,-0.113191,-0.172414,0.853645,-0.0880642,0.226258,-0.316435,-2.04294,-0.206703,0.362872,0.440325,0.237064,0.062093],[-0.0443353,-0.0719384,-0.0305106,-0.0441349,-0.0671896,-0.204173,0.0416319,0.0083003,-0.166042,5.20959e-05,-0.0223375,-0.11296,-0.0142738,-0.0124558,0.194231,-0.0202621,0.036198,0.11478,-0.0926145,0.0743573,0.0112106,0.00453289,0.00210772,-0.00867771],[-0.0158812,-0.0488814,0.433341,0.268233,1.7329,0.141308,-0.0586981,-0.0272679,0.271177,-0.324107,0.222111,-1.40899,-0.0503366,-0.0469502,0.159999,-0.0625531,0.210271,-0.225468,-0.828148,0.37669,-0.321015,-0.470016,-0.0144564,-0.00626195],[0.0140166,-0.220947,0.618184,-0.0891166,-0.276746,0.00604314,0.297846,0.25852,-0.282115,0.173402,-0.31689,-2.08981,-0.0528809,-0.0271852,-0.25357,-0.110607,0.223121,0.358738,0.800448,0.188471,0.434033,1.15307,0.00352028,-0.00697301],[0.00938249,-0.00307301,0.084886,-0.0266826,-0.00193646,0.0991222,0.0267442,0.0167138,0.0767552,-0.000646618,-0.00550874,0.433073,0.00159505,-0.00343996,0.0842973,-0.00966142,0.0235144,-0.00504104,0.00138714,0.0456547,0.00853794,0.168391,0.00545345,-0.00271097],[0.840171,0.413442,2.12946,-0.568745,-0.921909,1.78891,0.124562,-0.492719,-1.23177,-0.0206208,0.0746772,-4.48579,0.0934106,-0.0073384,-0.0418999,0.159239,0.0822726,1.78857,-0.536178,2.42692,0.00632051,0.53988,-0.190318,-0.105482],[-1.39025,-0.54863,-4.1026,-0.216573,-3.02047,-1.2179,0.00907226,0.0558254,3.37116,-0.357433,-0.305136,-6.48729,-0.310144,-0.292257,-0.187571,-0.123586,0.283926,-1.738,-1.75431,-2.09275,-0.213564,-1.30421,-1.0487,-0.216142],[-0.0143413,0.0307412,-0.147051,0.0336471,-0.152956,0.102572,-0.00714521,-0.00834665,0.00510005,-0.0294803,-0.00207008,0.210393,-0.0140092,-0.0120421,0.0981492,0.00490412,-0.0232997,-0.0383225,0.0740291,-0.120659,-0.0587581,-0.0207769,0.0327405,-0.00361187],[-0.27694,-0.459632,-3.28441,0.252495,1.1134,-4.29771,-0.201041,-0.119726,-5.08913,-0.0934879,0.150348,-23.2282,-0.28212,-0.114312,-0.981226,-0.204614,-0.095298,2.10169,-0.529395,2.99356,-0.124532,0.657171,-0.877988,0.0802909],[0.221381,-0.0075705,0.0598271,0.156249,-1.01099,0.253442,0.0801296,0.0448851,-1.17866,0.172392,-0.161315,-0.520751,-0.0564604,-0.0768503,0.202074,-0.121512,-0.129016,0.6644,1.85848,0.424244,0.0777847,2.34645,-0.302256,0.0277183],[-0.0871265,-0.0692623,0.0226166,0.0213797,0.230175,-0.168253,0.0203893,0.0185621,-0.761944,-0.00845498,-0.0310904,-1.88261,0.00854235,0.0259395,-0.545834,-0.0174973,0.0345703,0.351156,-0.36959,0.332024,0.0448428,-0.0917925,0.0232648,-0.00765221],[0.0176868,-0.0021963,0.126616,-0.0239699,0.0947217,0.229818,-0.043086,0.00906697,-0.022779,-0.00212671,0.0427452,-0.298756,0.0105341,0.011483,-0.0473841,-0.000259959,-0.00769949,0.139096,-0.17262,0.236553,0.000753325,0.0764628,-0.0549237,0.00668695],[0.021544,0.0418339,0.10188,0.0213252,0.0400161,0.0750747,0.028863,-0.0300748,0.447518,0.0177836,-0.0642425,1.09983,-0.0052565,-0.0204116,0.560486,-0.00631115,-0.0165489,0.308591,0.057052,0.492701,-0.037081,0.254839,-0.0132147,0.0202545],[-0.0359099,0.129395,-0.625745,-0.143143,0.416243,-0.232995,-0.090697,0.016321,-0.116615,0.0483336,-0.0864684,-1.0292,-0.0201173,-0.0450832,0.520633,0.0535302,-0.121962,1.16564,1.45568,0.322414,0.137589,-1.0438,0.0067628,-0.0496577],[-0.0454704,0.0169949,-0.108426,0.0280484,-0.0488662,-0.380597,-0.0369819,-0.0429695,-0.235937,-0.0304146,0.0267828,-1.91483,-0.0333386,-0.011893,-0.330533,0.0265104,-0.0779085,0.0171305,0.0620681,0.0999163,-0.0474479,-0.481726,-0.0339688,-0.00298319],[-0.0155907,0.124486,-0.130716,0.158526,-1.36177,-0.691997,-0.0394261,-0.0386135,-0.325157,0.0570548,-0.0206954,0.286735,0.0100636,0.00662682,-0.255961,0.0874895,-0.14076,-0.111159,-0.21946,-0.00748699,0.082543,-0.176094,-0.00441071,0.0199801],[-0.806013,-0.974477,-2.75624,1.03136,-0.331274,-3.57813,-1.23238,-0.371733,-3.55336,-0.37327,1.74665,-6.72509,-0.0957102,-0.00547977,-5.31461,0.332033,-0.137684,-0.0385941,-8.19314,1.52549,-0.761697,-0.160433,-0.932215,0.00705552],[0.404606,0.369849,0.18368,-0.159696,-0.0160331,-0.382205,0.133575,0.0452828,-0.0634676,-0.0401174,-0.16026,1.60082,-0.0626683,-0.0934333,0.764101,-0.117,0.172904,0.370161,2.06643,0.176268,0.119061,1.02812,0.052137,0.0692114],[-0.222958,-0.15942,-1.24281,0.0133373,-0.275568,-1.8014,-0.122612,0.0799081,-0.303694,0.0331648,0.0512399,0.666325,0.0777185,0.0452455,-0.00478575,0.0178739,-0.0852939,0.231789,-1.02449,0.312924,-0.000127939,-0.225939,-0.13178,0.00806325],[-0.0394205,-0.00494874,0.299978,-0.0272715,-0.28069,0.167031,0.0286481,0.0207121,0.113884,-0.0109256,-0.0324722,-1.22184,-0.0169185,-0.0146014,-0.201785,-0.0328644,-0.0118983,0.0809035,-0.00575139,0.210038,0.0150288,-0.0373717,-0.0551896,-0.00449197],[0.0889033,-0.00356255,-0.301316,0.0935658,1.24296,0.0119423,-0.166153,0.0349006,-0.190211,-0.166218,0.1862,-0.298465,-0.0111326,0.012084,0.770373,0.0158263,-0.0422775,0.120798,-0.544087,0.0984423,-0.156683,0.395851,0.119105,-0.00316347],[0.00363801,-0.0124033,-0.0365538,0.0133283,0.20774,0.0165222,-0.0278254,0.0144723,-0.0457594,-0.00816486,0.014044,0.669085,0.010152,0.00256368,0.0195307,0.0173025,-0.000556223,-0.0725489,0.0665373,-0.0620358,-0.0354191,-0.105516,-0.00163579,0.0115143],[0.0127236,-0.00796999,0.00132196,0.0240352,-0.0214389,0.173969,0.0227408,0.0176292,0.0105525,-0.0116661,0.00786012,0.0554578,-0.00709931,-0.000571775,0.0152452,-0.00187493,0.0130732,-0.0153607,0.129189,0.0291782,0.0048881,0.0914451,0.0522048,-0.00314667],[0.0150068,-0.122421,0.440695,-0.138212,-0.485706,0.0630324,0.021048,0.109687,-1.05104,-0.0587457,0.0328402,-2.36772,-0.0301878,-0.0219776,-0.591396,0.0114744,0.0258737,0.0522194,-0.485366,0.165259,0.0557174,0.334786,0.020466,-0.0136698],[0.134582,0.141284,-0.838549,-0.105412,0.248708,-0.759162,0.0517739,0.131672,1.54661,0.102156,-0.245954,5.98199,0.161496,0.118706,0.602674,0.118596,-0.0985566,-0.272472,0.846283,-1.10501,-0.114029,0.860448,0.288578,0.0284199],[0.0213656,0.0128407,-0.0461094,0.0136326,0.154233,0.0992507,0.0118533,-0.016046,0.24495,0.00574604,-0.0372019,0.306002,0.0107995,0.00564145,-0.0296688,0.0241168,-0.0326157,-0.0809791,0.119002,-0.0737873,0.00380486,-0.0543015,0.0126598,-0.000210287],[0.106474,0.0712583,0.0984997,0.292349,-0.567604,-0.117714,-0.0103028,0.0970132,-0.556358,-0.083829,-0.0277087,1.04493,-0.0301358,-0.0226713,0.224672,-0.0186666,0.050403,-0.319377,0.962122,-0.7092,-0.0989803,0.34815,-0.203026,0.0335556],[-0.0346139,-0.211267,-0.185881,-0.110743,0.125856,-0.336053,0.167227,0.13112,-0.0766653,0.0201285,-0.129072,0.502043,0.0469536,0.0634669,-0.376187,-0.119906,0.242791,0.111333,0.245863,0.310658,0.125229,1.12393,0.00974541,0.00253562],[-0.00787258,0.00441647,-0.0236719,0.00552925,-0.0205685,-0.0287435,-0.0157448,-0.00559537,-0.0652958,0.00257292,0.00168034,0.0654783,-0.00150319,-0.00213908,0.0052075,0.00335834,-0.0252848,-0.00217359,0.0329589,-0.0296217,-0.00663105,-0.0820363,-0.0074677,0.00119445],[-0.480595,-0.558466,-0.600372,0.240247,-1.4029,-1.58431,-0.267512,0.0398772,-1.57546,0.169398,0.330823,-6.52667,-0.122042,-0.0331198,-2.94941,-0.0678116,-0.088713,0.453501,-3.02226,0.401157,-0.104599,-2.47603,0.153108,-0.0576801],[0.180281,-0.0023344,-0.795679,-0.457406,1.2689,-0.557519,0.512808,0.365983,2.3313,-0.0580288,-0.295624,0.109531,-0.0245574,0.0913,0.080653,-0.125884,0.218357,0.316063,2.11331,-0.142824,0.116832,-0.34655,0.744214,-0.0241898],[-0.0576159,-0.0277582,-0.0567405,-0.00648526,0.102599,-0.177962,-0.0181821,0.00429692,0.169256,-0.00508294,-0.0198413,-0.742002,-0.0111127,-0.00294822,-0.0337993,0.0120078,-0.0078205,-0.0639776,0.0786821,-0.0977243,-0.00108309,-0.417967,-0.0228524,0.00317692],[0.327759,0.17143,-0.21897,0.29394,0.256928,-0.878559,0.00402951,0.0460869,4.39039,-0.106678,0.0476156,9.08897,0.176584,0.0747797,0.636633,-0.0967472,-0.10095,-0.89192,1.43138,-2.41182,-0.227535,1.83669,-0.0210839,0.149151],[0.192494,0.156313,0.266774,0.027834,0.476769,-0.0764899,-0.0229904,0.0543978,0.643935,0.0458496,0.0821424,2.79601,0.0367228,0.0369938,0.652667,-0.0174764,-0.0916024,-0.18544,-0.0969249,-0.507984,0.113265,0.606666,0.0613494,0.0146655],[-0.018676,-0.0419784,-0.143518,-0.0137245,0.197817,-0.236895,-0.0254724,-0.00814843,-0.140032,-0.0113285,-0.00935088,1.00336,0.0134156,-0.00658534,0.269773,0.00904692,0.0148491,-0.00601781,-0.19484,-0.120941,-0.0045954,0.101156,-0.00413409,-0.0119103],[0.0129581,-0.0270993,0.110874,-0.0225203,-0.192365,0.0520722,0.0578884,0.0206511,0.0712685,0.0290372,-0.0322504,-0.224372,0.00623604,0.00650334,-0.0671659,-0.00841891,0.0232261,0.043881,-0.15139,0.158794,0.0365618,0.135767,0.0319996,-0.00453143],[0.0168342,-0.0341287,0.125221,0.0168724,-0.14346,0.166172,0.0027891,-0.00504175,-0.261217,0.000680911,0.0126609,0.762879,0.0075232,-0.00501006,0.177344,0.00814387,0.0141486,0.120789,-0.0483594,0.187011,0.016608,0.112536,0.0202618,-0.004384],[-0.0545481,-0.0316324,0.225045,-0.0445772,-0.351281,0.319597,-0.0907777,0.0100299,0.074175,-0.0332415,0.0049936,0.324828,0.0438692,0.0452781,-0.000159384,0.0059953,-0.14276,-0.0705365,-0.362169,0.108877,-0.0769887,-0.40288,-0.0896435,0.0406126],[-0.0042981,-0.00539302,-0.0306689,0.0343319,0.068326,-0.00969082,-0.0238654,-0.0132296,-0.066363,-0.00494894,0.0388047,-0.354416,0.00399561,0.00873193,-0.177732,0.0179698,-0.0303778,0.037227,-0.0288538,0.0388308,-0.0264567,-0.249548,-0.0138325,-0.00142043],[-0.0228184,-0.165455,-0.0374899,0.187991,-0.0410879,-0.0483517,-0.0408692,-0.128945,-0.64758,0.0647942,0.028059,-0.433968,0.0527984,0.0581889,-0.582541,-0.00496797,-0.0948291,0.338252,-1.31661,0.745033,0.0622858,0.074903,0.00724404,0.0311731],[-0.111547,0.405407,1.86637,-0.184065,-4.0267,1.0699,-0.183635,-0.371255,0.666689,0.1076,-0.306942,1.01466,0.127603,0.197692,-0.471246,0.152027,-0.312705,-0.769028,2.83341,-1.29911,0.0649563,-3.39884,-0.363363,0.0310709]],"sigmahat":[[0.167101,0.0888224,0.249896,0.0109351,0.0440769,0.355996,0.0281968,-0.00908955,0.136219,0.0218849,-0.0260546,0.553081,0.00582339,-0.000171752,0.131331,0.00604813,0.0064565,-0.00489705,0.270403,-0.166295,0.00670012,0.220448,0.0758891,0.0137366],[0.0888224,0.123796,0.117897,0.00424631,-0.0417854,0.170508,-0.0201012,-0.0193484,0.206362,0.0107787,-0.00254116,0.337309,0.000375565,-0.003144,0.0844576,0.0120564,-0.0332689,-0.0564316,0.21308,-0.20271,-0.0128873,-0.00547289,0.0258338,0.00991304],[0.249896,0.117897,1.41782,0.0375645,-0.211722,1.18896,0.102077,0.00669452,0.328973,0.0639064,-0.0323227,-0.0185822,-0.0149328,-0.016561,-0.0278652,-0.0224683,0.0637569,-0.0508176,0.063067,-0.0354677,0.0703291,0.356963,0.0666364,0.0129951],[0.0109351,0.00424631,0.0375645,0.117904,-0.00992713,0.0011695,-0.0343852,-0.0128381,-0.13155,-0.00475523,0.0433404,-0.090252,-0.00911182,-0.0075682,-0.0302117,0.0147951,-0.0102346,-0.104912,-0.202034,-0.0766417,-0.0240314,-0.0567541,-0.0271188,0.00331203],[0.0440769,-0.0417854,-0.211722,-0.00992713,2.9412,0.129823,0.0458615,-0.0260732,0.947802,-0.0979559,-0.00626572,-0.218858,0.0230045,0.031897,0.239115,0.0135439,0.100562,-0.0939742,0.0546437,0.151118,-0.0762666,-0.234775,0.115946,-0.00481378],[0.355996,0.170508,1.18896,0.0011695,0.129823,2.47004,0.136958,-0.0368819,0.642174,0.0827548,-0.104432,1.17353,0.0112316,-5.67858e-05,0.0395509,0.000820176,0.0355516,0.0323858,0.49844,-0.242103,0.00232017,0.382031,0.21483,0.00712853],[0.0281968,-0.0201012,0.102077,-0.0343852,0.0458615,0.136958,0.0939041,0.0199537,0.113729,0.0111093,-0.0605487,0.155379,-0.000420686,-0.00181986,0.0803972,-0.0189142,0.0544767,0.0597124,0.172652,0.0561236,0.0438524,0.220823,0.0435211,-0.00417675],[-0.00908955,-0.0193484,0.00669452,-0.0128381,-0.0260732,-0.0368819,0.0199537,0.0368988,0.0349905,0.00160482,-0.00840416,0.118222,-0.000511088,-0.000737102,0.0301042,-0.00963134,0.0226256,-0.00439132,0.0350325,-0.00676219,0.0197872,0.117722,-0.00659619,-0.00232534],[0.136219,0.206362,0.328973,-0.13155,0.947802,0.642174,0.113729,0.0349905,3.6329,-0.016734,-0.112936,2.71493,0.0475377,0.0273664,0.381209,-0.010857,0.0427377,-0.572278,0.640236,-1.01487,-0.0095392,0.225997,0.0998276,0.00852606],[0.0218849,0.0107787,0.0639064,-0.00475523,-0.0979559,0.0827548,0.0111093,0.00160482,-0.016734,0.0511073,-0.0260109,-0.0784011,-0.000535504,-0.00187072,0.00437507,0.00101431,-0.00717267,0.0747156,0.0433294,0.00804502,0.023263,0.0157856,0.0112362,0.00130761],[-0.0260546,-0.00254116,-0.0323227,0.0433404,-0.00626572,-0.104432,-0.0605487,-0.00840416,-0.112936,-0.0260109,0.105634,-0.0376135,-0.000786368,0.00189443,-0.0736212,0.0095514,-0.0228188,-0.0914355,-0.264341,-0.00226789,-0.0375609,-0.0980255,-0.0378517,0.000360657],[0.553081,0.337309,-0.0185822,-0.090252,-0.218858,1.17353,0.155379,0.118222,2.71493,-0.0784011,-0.0376135,35.666,0.401248,0.107984,5.71558,0.0969581,0.0467497,-1.43306,1.43185,-2.28334,-0.0481902,2.99028,0.702484,0.0544055],[0.00582339,0.000375565,-0.0149328,-0.00911182,0.0230045,0.0112316,-0.000420686,-0.000511088,0.0475377,-0.000535504,-0.000786368,0.401248,0.0150028,0.010073,0.0254259,0.00373222,-0.00554801,-0.00697227,0.0148933,-0.0159784,-0.00365157,0.0214884,0.0140803,0.00168067],[-0.000171752,-0.003144,-0.016561,-0.0075682,0.031897,-5.67858e-05,-0.00181986,-0.000737102,0.0273664,-0.00187072,0.00189443,0.107984,0.010073,0.012306,-0.0399307,0.00274576,-0.00559494,-0.00362714,0.0114069,-0.000221168,-0.00523546,-0.0126233,0.00875636,0.00103407],[0.131331,0.0844576,-0.0278652,-0.0302117,0.239115,0.0395509,0.0803972,0.0301042,0.381209,0.00437507,-0.0736212,5.71558,0.0254259,-0.0399307,2.31916,-0.00326512,0.0597059,0.0567017,0.364056,-0.0482756,0.0623668,0.670555,0.173373,0.00908099],[0.00604813,0.0120564,-0.0224683,0.0147951,0.0135439,0.000820176,-0.0189142,-0.00963134,-0.010857,0.00101431,0.0095514,0.0969581,0.00373222,0.00274576,-0.00326512,0.0178497,-0.0219379,-0.0227827,-0.00987342,-0.0509342,-0.0137936,-0.0932548,0.00181532,0.00116527],[0.0064565,-0.0332689,0.0637569,-0.0102346,0.100562,0.0355516,0.0544767,0.0226256,0.0427377,-0.00717267,-0.0228188,0.0467497,-0.00554801,-0.00559494,0.0597059,-0.0219379,0.0921242,-0.0189076,-0.0351026,0.0359553,0.0314914,0.230263,0.0193576,-0.00605453],[-0.00489705,-0.0564316,-0.0508176,-0.104912,-0.0939742,0.0323858,0.0597124,-0.00439132,-0.572278,0.0747156,-0.0914355,-1.43306,-0.00697227,-0.00362714,0.0567017,-0.0227827,-0.0189076,0.976778,0.315787,0.81597,0.0581413,0.00136327,0.0497773,-0.00553415],[0.270403,0.21308,0.063067,-0.202034,0.0546437,0.49844,0.172652,0.0350325,0.640236,0.0433294,-0.264341,1.43185,0.0148933,0.0114069,0.364056,-0.00987342,-0.0351026,0.315787,2.98563,-0.399183,0.0655496,0.268213,0.142304,0.0275847],[-0.166295,-0.20271,-0.0354677,-0.0766417,0.151118,-0.242103,0.0561236,-0.00676219,-1.01487,0.00804502,-0.00226789,-2.28334,-0.0159784,-0.000221168,-0.0482756,-0.0509342,0.0359553,0.81597,-0.399183,1.84105,0.0509465,-0.0384513,-0.0533404,-0.0154115],[0.00670012,-0.0128873,0.0703291,-0.0240314,-0.0762666,0.00232017,0.0438524,0.0197872,-0.0095392,0.023263,-0.0375609,-0.0481902,-0.00365157,-0.00523546,0.0623668,-0.0137936,0.0314914,0.0581413,0.0655496,0.0509465,0.084877,0.1368,0.0128966,-0.00209401],[0.220448,-0.00547289,0.356963,-0.0567541,-0.234775,0.382031,0.220823,0.117722,0.225997,0.0157856,-0.0980255,2.99028,0.0214884,-0.0126233,0.670555,-0.0932548,0.230263,0.00136327,0.268213,-0.0384513,0.1368,2.65591,0.114246,-0.000435404],[0.0758891,0.0258338,0.0666364,-0.0271188,0.115946,0.21483,0.0435211,-0.00659619,0.0998276,0.0112362,-0.0378517,0.702484,0.0140803,0.00875636,0.173373,0.00181532,0.0193576,0.0497773,0.142304,-0.0533404,0.0128966,0.114246,0.144078,0.00283554],[0.0137366,0.00991304,0.0129951,0.00331203,-0.00481378,0.00712853,-0.00417675,-0.00232534,0.00852606,0.00130761,0.000360657,0.0544055,0.00168067,0.00103407,0.00908099,0.00116527,-0.00605453,-0.00553415,0.0275847,-0.0154115,-0.00209401,-0.000435404,0.00283554,0.00610709]],"n":24,"lags":3}