{"betahat":[[-0.371085,-0.975811,1.60381,-1.06813,-4.00552,-3.2218,1.97975,1.87086,0.0701456,-11.9065,-13.44,-0.116822,-0.125573,4.65502,-0.496063,1.2967,-0.00321111],[0.96669,0.0160313,0.150763,0.243577,0.164011,0.0929305,-0.13984,-0.0840118,0.208485,1.3611,-1.14893,-0.0183256,0.0232152,-0.580668,-0.276203,-0.00303848,0.0553536],[0.0673862,1.04378,0.780201,-0.0406768,-0.714609,1.09867,0.0640101,-0.139691,-0.0685917,-1.01101,-0.981336,-6.81375e-05,0.00162351,-0.0811513,-0.201159,0.104129,-0.00596643],[0.0227451,-0.0074204,0.834765,-0.00576923,0.152938,-0.0820769,-0.00899852,0.00992171,0.0228612,0.0192893,0.439244,0.00657964,-0.00237875,0.222505,0.103934,0.00322608,-0.00683954],[0.11211,0.120178,0.551629,0.855156,0.0950999,1.13195,-0.0670859,-0.108596,0.100277,1.43643,5.0917,0.136978,0.066499,0.321076,-0.229297,0.173328,0.0702804],[-0.0102981,0.0369897,-0.0906282,-0.0411331,0.509019,-0.26993,-0.00924157,-0.0178688,-0.0175846,-0.0266278,-0.180257,0.000726277,0.0118526,-0.176236,-0.115117,0.0074233,-0.00866887],[-0.0138964,0.011987,-0.0626564,-0.0464393,0.018796,0.685125,-0.0235774,-0.00257187,-0.0300393,0.0133057,-0.425803,0.000959178,-0.00108034,0.0371504,0.0555686,-0.0469092,-5.18474e-06],[-0.0849925,0.02854,-0.285548,0.270076,-0.0430445,0.105904,1.11582,-0.0451808,0.348075,1.26181,2.44123,0.0262133,0.0322517,-0.182818,0.848103,0.00527702,-0.00650326],[-0.130205,-0.119788,0.386922,-0.0100838,0.0748324,1.40337,-0.1408,0.908834,-0.159134,0.311163,3.49235,0.026816,0.0121286,-0.0298424,0.0993916,-0.320902,-0.0227169],[-0.111288,-0.159808,-0.527476,-0.199233,0.304126,-0.41549,0.125013,-0.0699024,1.30506,0.205473,-0.229098,0.0352461,0.0474156,-0.516138,-0.438622,0.176243,-0.0419245],[0.0452693,0.0550539,0.114851,0.0108478,-0.202106,0.168507,-0.0430904,0.0012891,-0.014171,1.10976,0.466056,-0.00285343,-0.00715205,0.0247552,0.0472804,-0.00713679,0.0038563],[-0.000832594,0.000460941,0.0168099,0.00806448,-0.0251175,0.0440804,-0.0103973,-0.00831459,-0.00445857,0.0471145,0.892036,0.00228851,0.00314931,-0.0562528,-0.0538872,0.00891269,-0.00138805],[0.31265,0.316017,0.558755,0.262212,1.3477,0.34118,0.128932,0.495424,0.0160224,1.72938,3.03202,0.848757,-0.101397,1.42146,1.45651,-0.07812,0.0936839],[0.336433,0.205576,3.02323,0.414472,1.56525,0.573993,-0.397616,-0.155374,0.178213,-4.24662,-5.48924,0.0946527,1.13201,-1.71933,0.475403,-0.178938,0.188535],[0.03444,0.0149386,0.048148,0.0219482,-0.0157216,-0.0591922,0.0239101,-0.0172708,0.0235048,-0.195524,0.244268,0.0124927,0.00419655,1.06242,0.119744,0.00284651,0.000181509],[0.046677,0.0869177,0.0182102,0.00961786,0.0118985,-0.0355843,0.0143033,-0.0374512,0.0431066,-0.335748,-0.970742,-0.024502,-0.000877164,-0.130298,0.214564,-0.0261921,0.015277],[0.167711,0.0447341,0.432885,-0.0656116,0.300189,0.728954,0.0529769,-0.0198435,-0.0409139,0.0258568,0.913755,0.0058973,0.00502277,0.236958,-0.230202,0.500137,0.023533],[0.154126,0.505421,-0.177518,0.023075,1.15358,0.713099,0.909162,0.377139,-0.371493,1.69185,3.79651,0.00302982,-0.141512,3.13642,-0.263231,0.763002,0.96398],[-0.0167338,-0.105124,-0.066403,-0.148116,0.215451,0.823407,-0.00657995,0.0338407,-0.142386,-0.362479,3.61118,0.0837264,0.0180516,1.12188,0.533505,0.0981541,-0.06358],[-0.00685971,0.0408013,-0.139077,0.0225998,0.850237,0.0538726,-0.140082,0.0604673,0.0213357,0.758871,2.23181,-0.00647002,0.00106838,0.150005,0.0757234,-0.0673804,-0.0127527],[-0.0177548,-0.00404215,0.0480742,0.0173968,-0.0980257,-0.0407126,0.0118937,-0.0178422,-0.012275,0.0369374,-0.0432675,-0.006301,-0.00152462,-0.078288,-0.0892717,-0.00913719,0.0066079],[-0.162663,-0.0849892,-0.798931,0.148273,-0.418481,-1.69384,0.144644,0.0643305,0.0138262,-0.56387,-4.34379,-0.122154,-0.0752533,-0.465421,0.142963,-0.2412,-0.0367799],[0.0100589,-0.0262823,0.108715,0.0513324,0.254279,0.263728,0.00907147,0.0026021,0.0173672,0.0322201,-0.000881672,-0.00782064,-0.0192004,0.25537,0.132531,-0.0291595,0.00214098],[0.0052319,-0.0181069,-0.00627705,0.0297766,-0.0204207,0.117176,0.00780804,-0.00257584,0.0284988,-0.0709459,0.0261824,0.00796177,0.008125,-0.0987212,-0.0287319,-0.0094654,0.00365789],[0.00492921,-0.00111935,-0.0250033,-0.188617,-0.0646835,-0.346832,-0.0740694,-0.0485048,-0.230419,-0.672678,-1.85209,-0.00728355,-0.0100014,0.0539025,-0.682812,-0.0479615,0.0106174],[0.0730873,0.0612238,-0.0339433,0.0927583,0.136139,-0.734997,-0.0279796,-0.044501,-0.0400819,-0.420229,-3.40046,-0.0889244,-0.0993196,0.270389,-0.0505816,0.246476,0.024226],[0.0492936,0.0836738,-0.105558,0.117165,0.446275,0.0897077,-0.149101,0.0261309,-0.250908,0.3196,-0.578562,-0.00664816,-0.0297501,0.384769,0.335672,-0.128957,0.0417059],[-0.036355,-0.0378249,-0.113891,-0.0183294,0.188224,-0.142657,0.0111612,-0.0040392,0.00634727,-0.178249,-0.356638,0.00646516,0.011353,0.0100743,-0.00448575,0.00473478,0.00302397],[0.00535719,0.00842535,-0.00536655,-0.0133587,0.0193158,0.00108364,0.00316206,0.00159973,0.00173022,-0.0265289,0.049615,-0.000177331,-0.000546596,0.0360307,0.0350673,-0.014112,0.00202258],[-0.073313,0.117121,0.189038,-0.203224,-0.956024,0.558548,0.000421813,-0.506073,-0.0979169,-0.536126,-3.62395,0.0416205,0.000740513,-0.431197,-1.21367,-0.122637,-0.114963],[-0.282818,-0.145825,-1.99346,-0.291636,-2.36894,-0.129358,0.2125,-0.0340142,-0.183863,2.88774,2.61408,-0.130715,-0.192622,1.09964,-0.215523,-0.201705,-0.185381],[-0.0254692,0.0087872,-0.0584796,0.00525991,-0.0139527,0.0684387,-0.0195469,0.00538802,-0.0133285,0.0260786,-0.0103785,-0.0103677,-0.00454165,0.00266432,-0.0866191,-0.00417995,-0.00347154],[0.05496,0.0565556,-0.12052,-0.0602627,-0.0729521,-0.142616,0.0445794,-0.0448379,0.0235535,-0.201597,0.496633,0.0158219,0.0147752,0.0016795,0.274098,0.111385,-0.0116455],[-0.0361132,0.111514,-0.21001,0.0835751,-0.536919,-0.450782,0.00714664,-0.0536673,0.021927,0.0508706,-0.388035,0.00905804,0.00924354,-0.210439,0.163418,0.0265193,0.00258152],[-0.377278,-0.546423,-0.554943,0.275298,0.398992,-0.601582,-0.854587,-0.336024,-0.0235974,-2.87965,-2.98301,0.0123291,0.152412,-3.57938,-0.103514,-0.775161,-0.0287559],[0.0500346,0.0890816,-0.0843302,-0.0954655,-0.379436,-0.916267,0.146413,0.050167,-0.0660972,-0.998687,-2.46234,-0.0653966,-0.0412606,-0.541244,-0.257296,-0.095108,0.00822698],[-0.0605292,-0.0845905,-0.641113,0.018077,-0.135631,-1.15251,0.076065,0.0792202,0.0472637,0.251991,-1.25065,0.00654215,-0.00268527,-0.0688765,0.125459,-0.0367418,0.0187188],[-0.00499839,0.0114536,0.117115,-0.0116251,-0.0549942,0.122701,-0.00288239,0.00792075,-0.0105748,-0.0564031,-0.396308,-0.00028494,0.00389694,-0.144084,-0.0146137,0.00589221,0.00023252],[0.0505527,-0.0351809,0.247326,-0.00343456,0.323328,0.561923,-0.0775753,0.0442598,-0.114093,-0.872527,-0.747843,-0.014825,0.0087511,0.144368,0.0863763,0.0678602,-0.0335005],[0.000283766,-0.0107012,-0.0178559,-0.0101896,0.236747,0.00648506,0.000170471,0.0152519,0.000214878,-0.00557478,0.181548,0.00709597,0.00734865,-0.079057,-0.0174247,0.0217989,0.00652628],[0.00866191,0.00611248,0.0689237,0.0166644,0.00169648,0.19766,0.0157545,0.00513604,0.0015543,0.0575031,0.399145,-0.00892562,-0.00704584,0.0616364,-0.0268024,0.056368,-0.00365075],[0.0801634,-0.0274346,0.310862,-0.0814066,0.108366,0.241265,-0.0416932,0.09363,-0.117626,-0.589354,-0.587875,-0.0189112,-0.0222275,0.128999,-0.165313,0.0428831,-0.0041257],[0.0707021,0.0888318,-0.255733,-0.0869157,-0.0821498,-0.497938,0.143744,0.0939262,0.153652,0.523312,1.30986,0.0637837,0.0826829,-0.384502,-0.00352679,0.140717,-0.00493403],[0.0339299,0.0123038,0.32986,0.0678157,-0.467585,0.285215,-0.00257684,0.0619923,-0.100343,-0.157091,0.795394,-0.000159465,-0.00409926,0.133089,0.137852,-0.0712057,0.0147353],[-0.00911747,-0.0172246,-0.00164895,0.00737615,0.0132782,-0.0266422,0.0315421,0.00279951,0.0076961,0.0670758,-0.111846,-0.00359608,-0.00419778,-0.0347073,-0.0425721,0.00188987,-0.00685944],[-0.00469614,-0.00870138,-0.0122679,0.00530466,0.00503847,-0.0463614,0.00726359,0.00658722,0.00282693,-0.0208024,0.0456076,-0.00220764,-0.00261564,0.0192954,0.0184842,0.00467352,-0.000545304],[-0.137854,-0.250335,-0.589664,0.0465977,-0.0878857,-0.663448,-0.206879,-0.0898278,0.0663996,-0.0193492,-0.707157,-0.0106837,0.00934358,-0.880634,-0.196298,0.0877748,-0.00399923],[-0.0227093,0.00430053,-1.06221,-0.0797384,0.601295,-0.455855,0.131339,0.19116,-0.0131414,1.99698,2.93418,0.00923038,0.022848,0.817751,-0.220732,0.270036,0.00853013],[-0.00867405,-0.0238588,0.011492,-0.0270168,0.031947,-0.00755028,-0.00408292,0.0116528,-0.00996828,0.169053,-0.230617,-0.0020648,0.000430061,-0.0649826,-0.0332502,0.00206214,0.00322297],[-0.0757176,-0.0427465,-0.19084,0.0332166,0.206953,-0.0776264,-0.0667987,0.00214348,-0.0303076,0.4187,0.18835,0.0172569,0.0150875,-0.271643,0.0202316,-0.11047,0.00141062],[0.000332194,-0.105927,-0.32169,0.142069,0.237585,-0.393169,-0.0538773,-0.0780431,0.0349743,-0.165441,-0.803346,0.0218294,0.0227151,-0.362464,0.111811,-0.0140104,0.0356527],[0.227282,0.111063,1.11025,-0.328525,-1.55643,0.534347,-0.0197078,-0.104547,0.380161,0.219973,-0.0219032,0.00570934,0.0314666,0.31173,0.114352,0.0943117,-0.0235456]],"sigmahat":[[0.185301,0.0910176,0.460969,0.0222576,0.107544,0.528096,0.032401,0.00646572,0.00124557,0.137162,0.621318,-0.00527592,-0.0132278,0.23643,-0.0753758,0.042279,0.00721196],[0.0910176,0.215963,0.0382728,0.0259772,-0.0377049,0.0334468,-0.0941848,-0.0605392,0.0169186,0.88136,0.26079,-0.0178907,-0.0188094,-0.0111159,-0.055224,-0.073982,0.0102252],[0.460969,0.0382728,5.04532,-0.10214,-1.33822,4.63504,0.756601,0.252672,-0.181707,-2.09098,2.71027,-0.0447724,-0.0630998,1.15146,-0.259138,0.944804,-0.0749325],[0.0222576,0.0259772,-0.10214,0.247716,0.0831913,-0.20596,-0.07599,-0.0544547,0.00911942,0.0984316,0.0230874,-0.0202903,-0.0199262,0.0231109,0.100475,-0.118837,0.0188846],[0.107544,-0.0377049,-1.33822,0.0831913,6.22153,-0.439853,-0.295778,-0.136012,-0.1265,1.19422,-1.11216,0.0671843,0.0913987,0.0360442,-0.256912,-0.081754,0.0431018],[0.528096,0.0334468,4.63504,-0.20596,-0.439853,7.35285,0.579266,0.164041,-0.135177,-0.762488,5.46871,0.0185158,-0.0260414,1.0002,-0.693465,1.02685,-0.118061],[0.032401,-0.0941848,0.756601,-0.07599,-0.295778,0.579266,0.418495,0.127846,-0.0338646,-0.860188,-0.0044856,-0.0102551,-0.00851598,0.461438,-0.0334439,0.348121,-0.0305637],[0.00646572,-0.0605392,0.252672,-0.0544547,-0.136012,0.164041,0.127846,0.143489,-0.0279477,-0.369234,0.050159,-0.000832426,-0.00255741,0.205756,0.0631969,0.118161,-0.00833532],[0.00124557,0.0169186,-0.181707,0.00911942,-0.1265,-0.135177,-0.0338646,-0.0279477,0.157843,0.338219,-0.076176,0.00954227,0.0114804,-0.217719,0.0902534,-0.0433465,0.00362374],[0.137162,0.88136,-2.09098,0.0984316,1.19422,-0.762488,-0.860188,-0.369234,0.338219,14.725,5.00228,-0.0179938,-0.130726,0.190455,0.842902,-0.711005,0.15714],[0.621318,0.26079,2.71027,0.0230874,-1.11216,5.46871,-0.0044856,0.050159,-0.076176,5.00228,61.7348,0.486036,0.0672604,8.10753,3.37617,1.40296,-0.24414],[-0.00527592,-0.0178907,-0.0447724,-0.0202903,0.0671843,0.0185158,-0.0102551,-0.000832426,0.00954227,-0.0179938,0.486036,0.0364393,0.0329637,-0.106052,0.00291956,0.0213023,0.00338737],[-0.0132278,-0.0188094,-0.0630998,-0.0199262,0.0913987,-0.0260414,-0.00851598,-0.00255741,0.0114804,-0.130726,0.0672604,0.0329637,0.0429374,-0.252533,-0.0627409,0.0187304,0.00302927],[0.23643,-0.0111159,1.15146,0.0231109,0.0360442,1.0002,0.461438,0.205756,-0.217719,0.190455,8.10753,-0.106052,-0.252533,5.57486,1.35058,0.524138,-0.044607],[-0.0753758,-0.055224,-0.259138,0.100475,-0.256912,-0.693465,-0.0334439,0.0631969,0.0902534,0.842902,3.37617,0.00291956,-0.0627409,1.35058,1.92061,-0.0675422,0.000365867],[0.042279,-0.073982,0.944804,-0.118837,-0.081754,1.02685,0.348121,0.118161,-0.0433465,-0.711005,1.40296,0.0213023,0.0187304,0.524138,-0.0675422,0.634911,-0.0396639],[0.00721196,0.0102252,-0.0749325,0.0188846,0.0431018,-0.118061,-0.0305637,-0.00833532,0.00362374,0.15714,-0.24414,0.00338737,0.00302927,-0.044607,0.000365867,-0.0396639,0.0208756]],"n":17,"lags":3}