{"betahat":[[0.118501,-0.474202,-1.50644,0.219864,0.996562,-0.938334,-0.0806971,0.030322,-0.0671543,0.0683651,0.0314481,-0.0212559,0.721404,0.576024,-0.00159566,-0.0404462,-0.0427128,5.53216,-0.148169,-2.65644],[0.980577,0.0434217,0.326592,0.287996,-0.00725216,-0.00144041,-0.0466241,-0.0311778,-0.0216536,-0.0109353,0.0281965,0.0615451,0.00434603,-0.097444,-0.0103337,-0.0175937,-0.0361786,-0.358357,-0.0193404,-0.570464],[-0.15345,0.736849,-0.285581,-0.0688762,-0.121077,-0.300449,-0.0196122,-0.00320202,-0.00139561,-0.0228852,-0.00468526,-0.0798031,0.0328723,0.0781372,0.00138709,-0.00105504,0.0173191,0.207766,0.0267722,-0.193709],[0.015042,-0.00431585,0.824145,0.0286437,-0.0192745,0.0256082,0.00638971,-0.0023526,9.67917e-05,0.0093151,0.006882,0.00465511,-0.00674648,0.00717298,-0.00831583,-0.00274155,-0.00224801,0.0346135,0.00184874,-0.405982],[0.0392491,0.0386737,0.227921,0.634772,-0.0380135,0.0100512,0.00129776,-0.031028,-0.00251055,-0.0106792,0.00770586,0.0209475,-0.0185086,-0.0254214,0.0010065,0.0113925,0.0112252,-0.0774147,-0.00414146,0.0329701],[-0.0767698,-0.143865,-0.0608507,-0.00605461,0.531679,-0.0065184,0.0463806,0.0017561,0.00310884,-0.000174195,-0.00036679,-0.019185,0.00706666,0.0294106,-0.000175072,0.0244517,0.0192076,0.0294682,0.00341185,0.495792],[0.0129232,-0.0516536,0.155556,0.00261535,0.109893,0.852205,-0.000398755,0.000550008,0.00297654,-0.0283104,0.0057466,-0.0656416,0.00514067,0.0475937,-0.00506385,-0.0192649,-0.021975,-0.00594616,-0.0157185,-0.451707],[0.00508,-0.138237,-0.227599,0.061634,-0.206616,-0.0324138,0.920003,0.0252085,0.0389239,0.0277314,0.00126381,0.00161052,0.0895873,0.0549612,-0.0202162,0.00381418,-0.0191345,-0.320169,-0.0393792,-1.62694],[-0.845255,-1.37867,-0.990079,-0.652797,-0.730575,-1.11943,-0.0616667,0.851604,0.0471277,0.0739955,-0.0152648,-0.398223,0.167542,0.584027,-0.0264923,-0.0624424,-0.117533,-0.845576,0.0348295,-4.06013],[-0.313583,-1.06676,0.762202,-0.580877,-1.5306,-1.34425,-0.301289,0.0814044,1.3051,-0.118203,0.11884,-0.326591,0.120088,0.338971,0.00552198,-0.0557958,-0.0471213,2.16099,-0.13738,-0.271125],[0.516435,0.353914,-0.042077,-0.797619,0.170787,-0.34248,-0.273591,0.401408,-0.0577061,1.05901,0.0548524,0.0090363,-0.0239895,-0.120802,0.00534696,0.0285844,0.0832117,1.85837,-0.0269895,-0.788083],[1.61017,0.277527,5.5048,-2.48896,1.916,0.509335,0.568174,0.61758,-0.15022,0.383944,0.866969,0.146689,0.0408974,-0.0868872,0.186421,-0.0549209,-0.0921567,1.68587,-0.149331,4.42382],[0.355914,0.460561,0.333287,0.324886,0.496809,0.673103,-0.066813,-0.0149535,0.00380104,-0.00500621,0.0145654,1.12776,-0.0183221,-0.254456,0.0440976,0.0144305,0.00922803,0.683127,-0.0202929,0.710461],[-0.195326,-0.447074,0.377862,0.530814,-0.297835,0.626628,-0.181167,0.195216,-0.014679,-0.0191248,0.0246036,-0.104025,1.06094,0.17811,-0.0130125,-0.0328364,-0.0198125,-0.486046,0.0306775,-2.08434],[0.948273,1.67221,1.20506,0.23272,1.16986,1.32515,-0.0597841,-0.110141,-0.0150674,-0.100113,0.0196928,0.644345,-0.241156,0.432181,0.0660765,0.0254358,0.0148979,1.6561,-0.104436,4.10376],[-0.394138,0.16893,0.535782,-0.689766,0.742876,0.676861,1.39252,0.0122266,0.0240076,0.178553,0.00504446,-0.11565,-0.522296,0.0567963,1.5508,0.139795,0.0576809,-1.98106,0.19291,4.52736],[0.0607202,0.272872,3.04072,-0.0252086,-0.00714603,0.443501,0.609936,-0.266096,0.0608967,0.107633,0.0133671,0.0931075,0.301841,-0.225829,-0.117006,1.21619,0.154696,-6.2982,-0.098365,-3.02008],[0.577333,0.461533,0.940041,1.49939,0.422688,1.23924,0.0610681,-0.319739,0.123855,0.0614217,-0.244423,0.424072,-0.35807,-0.37917,0.0466995,-0.0905323,0.963291,3.15309,-0.28558,0.83819],[0.0194724,-0.0183395,0.0246785,-0.0153529,-0.00810265,0.0344872,-0.0339614,0.00574706,0.00126113,0.00194405,-0.00486569,0.000428869,-0.0139411,-0.00513125,0.00195288,0.00557626,0.0129056,0.998595,0.0154193,-0.120233],[-0.384992,-1.03859,-0.443222,1.8891,0.394881,0.39262,0.50217,0.257132,-0.0752294,-0.044323,0.108348,-0.7328,-0.0450145,0.397874,0.00760777,0.00201511,0.0153078,-1.68194,1.25101,-7.71209],[0.0112631,0.0177397,0.0525961,-0.0210777,0.045547,0.0517517,-0.00273908,0.00152713,-0.00235334,-0.000415154,0.00166716,0.0151654,-0.00399061,-0.0116845,0.00129921,0.00146861,0.00136533,0.00236639,-0.00142468,1.13995],[0.0255659,0.0145437,-0.230269,-0.0711184,0.0347974,-0.0767303,-0.0414613,-0.0122501,0.00821838,0.00089007,-0.0101549,-0.0431097,0.0154946,0.050375,0.0051398,0.0103767,0.00615615,0.158252,0.00684406,0.290018],[0.0884924,0.170935,0.138142,0.0297437,0.0933079,0.168481,0.00308891,0.00666099,0.00208924,0.0257351,0.00142564,0.0558152,-0.0171596,-0.052745,-9.61533e-05,0.00174768,-0.00702037,-0.0364593,-0.0157244,0.474252],[0.00920277,-0.00776862,0.230259,-0.0721876,0.0262605,-0.018902,0.0139438,-0.0134425,-0.00174708,-0.0149414,-0.00073692,0.0150815,0.00814957,-0.0141809,0.0139372,0.0101906,0.00572066,0.141523,-0.00416745,0.76659],[-0.0500947,-0.0486389,-0.115907,0.245254,-0.0108629,-0.0519423,-0.0415431,0.0347915,0.00656213,0.000787086,-0.00543463,-0.0140547,0.0232328,0.0350665,-0.0045008,-0.0193781,-0.0198811,0.14693,-0.0149337,-0.00505409],[0.115774,0.204173,0.123879,-0.08198,0.44007,0.193004,0.0184896,-0.0185408,-0.00410216,-0.0129116,0.00471281,0.0717286,-0.017131,-0.0717875,0.0106958,-0.00866375,-0.00398119,-0.183665,-0.00738588,0.147457],[0.0130989,0.0486464,0.134104,-0.0146149,-0.112143,0.162885,-0.000793371,0.0123618,-0.00194524,0.00767929,-0.000435412,0.0624376,0.00246248,-0.0299852,0.00364864,0.00608151,0.00926366,0.0890821,0.00659526,0.300594],[-0.0294542,0.0850912,0.445302,0.21795,0.0569907,0.0195344,-0.0250051,-0.0391035,-0.0140392,0.0280283,0.00245152,0.00395372,-0.0993832,-0.0655628,0.0177131,0.0108862,0.0345914,-0.168871,0.0412008,0.491189],[0.64479,1.35247,0.562443,0.386301,1.44039,1.13006,0.16809,0.11449,-0.0388398,-0.144356,0.0351891,0.409145,0.0376773,-0.577734,0.0283243,0.0269353,0.0304539,0.7026,-0.144178,3.47098],[0.051256,0.389123,-0.241919,1.01082,1.79811,0.921402,0.352072,0.0794844,-0.22391,-0.022351,0.0133555,0.259285,0.0487951,-0.270166,-0.034458,0.0944069,0.055201,-1.07122,0.0950139,1.92472],[-0.626605,-0.252665,-1.50293,1.07716,-0.289396,0.0750962,0.352222,-0.175676,0.0472545,-0.148419,0.0600428,0.106319,0.0234053,0.02187,-0.0132581,0.0374245,0.012191,-1.54667,-0.034765,1.90309],[-1.43783,0.663349,-4.80373,3.87851,-2.22436,-1.53194,-0.53744,-0.688149,0.100235,-0.33807,-0.0387208,-0.449174,-0.357402,0.101947,-0.103664,0.0138553,0.0304427,-2.5995,0.0265593,-4.99806],[-0.321352,-0.399296,-0.521678,-0.129159,-0.421045,-0.650417,0.0916643,0.0321998,0.00087919,-0.00864305,-0.0127017,-0.128057,0.0482233,0.217579,-0.0226809,-0.0145769,-0.00142064,-0.365091,0.0264851,-0.837692],[0.28175,0.621883,-0.55391,-0.0919194,0.345213,-0.419639,0.0939653,-0.156921,0.00398535,-0.019352,-0.0241306,0.141323,0.00682035,-0.227324,-0.0189261,0.0456423,0.00497187,0.0871046,-0.0249714,0.303645],[-0.526734,-0.94503,-0.492143,-0.126685,-0.460384,-0.613879,-0.000370975,0.0595026,0.0145944,0.0659627,-0.0166113,-0.336762,0.146746,0.253499,-0.0445944,-0.0149105,-0.0037739,-0.861604,0.0531628,-2.15254],[0.889732,1.03825,-1.2737,0.629656,0.01696,-0.108515,-0.646092,-0.0956938,0.00122073,-0.10751,-0.0273075,0.430674,0.315271,-0.422465,-0.223284,0.0219182,0.0772028,0.983663,-0.114128,-0.931127],[-0.621568,-0.957024,-3.94505,-0.124382,-0.307166,-1.32514,-0.289234,0.140287,-0.00316562,-0.139334,-0.0673654,-0.284485,0.0862013,0.410408,0.032267,-0.138904,-0.104559,4.65595,0.0400781,0.0672848],[-0.323322,-0.0689523,-1.63467,-1.83282,-0.551225,-1.03265,-0.101711,0.230755,-0.0732406,0.139663,0.0631084,-0.324546,0.185024,0.379471,-0.0566164,0.0296485,-0.104191,-2.89063,0.135295,-2.25774],[0.00472961,0.0456817,-0.0690416,0.00534813,-5.89097e-05,-0.0120245,-0.00210603,-0.00709815,-0.00512061,0.00526884,2.61166e-05,0.0205039,0.0203426,-0.00202601,0.00642364,-0.00629347,-0.00990283,-0.00545819,-0.00809107,0.433051],[0.246493,0.523481,0.224037,-1.68871,0.0763985,0.0441987,-0.39378,-0.176351,0.0751191,0.0911796,-0.100806,0.591392,0.00466106,-0.294003,-0.0241028,-0.0521789,-0.0581958,0.77261,-0.216884,5.22614],[-0.016383,-0.0234036,-0.033059,0.0283381,-0.0321475,-0.0404113,-0.00102724,0.00134348,0.00185297,0.000334025,-0.00116724,-0.0194615,0.00383658,0.014605,-0.00343372,-0.00156987,-0.00109607,0.0130112,0.00166907,-0.116182],[-0.00613487,-0.0579496,-0.0963319,-0.216866,-0.0275554,0.0781624,0.0880983,0.0434277,0.0134346,0.0100551,-0.0180439,-0.0184245,-0.0198363,0.0470625,0.00520254,0.00721875,0.0300255,0.200147,0.0124975,0.280664],[0.0649594,0.0922089,0.14742,0.039141,0.0277508,0.131941,0.0165417,-0.00345913,-0.000694392,-0.00283993,0.00325694,0.0239927,-0.0157065,-0.0253935,-0.00128216,-0.000689115,-0.0102936,-0.171243,-0.0110449,-0.280342],[-0.0242502,0.0120977,-0.0547012,0.0435364,-0.0071321,-0.00691013,-0.0203607,0.0157904,0.0016515,0.00564419,-0.00615078,-0.0197254,-0.00138558,0.00701719,-0.00561664,-0.00745921,-0.00347766,-0.176066,0.00231794,-0.360752],[0.0108866,0.0100279,-0.111982,0.119917,0.0488888,0.0419465,0.0402695,-0.00375676,-0.0040504,0.00991026,-0.00227618,-0.00685595,-0.00472657,-0.00966831,0.00351558,0.00798624,0.00866235,-0.0693502,0.019077,-0.0273336],[-0.038973,-0.0602679,-0.0630192,0.0880658,0.0281916,-0.186515,-0.0648461,0.0167789,0.000992092,0.0131057,-0.0043496,-0.0525165,0.0100731,0.0423613,-0.0105044,-0.0157826,-0.0152184,0.154317,0.00397456,-0.642828],[-0.0259977,0.00303658,-0.289662,0.012043,0.00218739,-0.0151627,0.00121184,-0.0129146,-0.00103215,0.0206537,-0.00531487,0.00322097,-0.00759786,-0.0176142,0.00143492,0.0131836,0.0127149,-0.0830122,0.00912364,0.151506],[0.0244287,0.0532448,-0.217713,-0.279508,0.149541,0.0128777,0.105013,0.0139023,-0.0248807,-0.0557284,-0.00372578,-0.0055058,0.00977193,0.0105692,0.00253804,-0.0146973,-0.0154406,0.489438,-0.00181666,1.13645],[0.187826,0.0176975,0.440916,0.272787,-0.691478,0.0245437,-0.111328,0.0303506,-0.00733263,0.0575287,-0.0179428,-0.0221412,-0.217754,-0.000704752,-0.00552298,0.0341221,0.0852958,0.0976737,0.108529,0.503099],[0.477888,0.9235,-0.519792,-0.715262,-0.133308,0.375524,-0.219814,-0.114703,-0.1348,0.0974974,-0.0719154,0.158483,-0.304851,-0.137912,0.0156746,-0.0236155,0.022303,-0.805339,0.0467229,-2.14897],[0.0837038,-0.119321,1.53221,-0.271068,0.163997,0.331553,-0.0820383,-0.22379,0.0132492,0.0633624,-0.113274,-0.12873,-0.0191959,0.105071,0.00463575,-0.069142,-0.0982903,-0.346347,0.0619119,-1.29485],[-0.172342,-0.940878,-0.70109,-1.38955,0.308348,1.02259,-0.0307378,0.0705685,0.0499857,-0.045873,0.171751,0.302484,0.316506,-0.0150573,-0.0827582,0.0410652,0.0617142,0.913632,0.122772,0.574213],[-0.0345497,-0.0612481,0.188405,-0.195719,-0.0757655,-0.0226758,-0.0248402,-0.0172453,-0.00468044,0.0136557,-0.00186514,0.000309355,-0.0299021,0.036871,-0.0214088,0.00014767,-0.00780458,-0.317984,-0.00619082,0.127417],[-0.0864167,-0.174789,0.176092,-0.438882,-0.0473675,-0.206937,0.0872133,-0.0382923,0.0106947,0.0384788,-0.000474205,-0.0372906,-0.067774,0.0492089,0.0319481,-0.0128079,0.0148426,0.398995,-0.00570489,1.78097],[-0.356583,-0.596987,-0.619493,-0.0715348,-0.623686,-0.545471,0.0482031,0.0407097,0.0027908,0.019226,-0.0021499,-0.241172,0.0680094,0.257762,-0.0147123,-0.0156883,-0.00959595,-0.653493,0.0404204,-1.51879],[-0.49552,-1.20706,0.737956,0.0601572,-0.759846,-0.568284,-0.746381,0.0834705,-0.0252276,-0.0710149,0.0222545,-0.314958,0.20701,0.365623,-0.327477,-0.161706,-0.134867,0.99771,-0.0787783,-3.59535],[0.16544,0.170625,1.05744,0.26814,-0.513528,0.421406,-0.169786,0.0888727,-0.0407185,0.0556331,0.0141114,0.0817781,-0.126027,-0.0528034,0.0801723,-0.141699,-0.0635083,1.91671,0.0716022,3.77644],[-0.203088,-0.366826,0.918421,0.280638,0.313211,-0.0512808,0.00993019,0.0902108,-0.0558377,-0.245459,0.186558,-0.0878446,0.123556,-0.0296061,-0.00639756,0.0588097,0.103347,-0.533605,0.134996,0.156005],[-0.0239378,-0.0269489,0.0446508,0.0100904,0.0082757,-0.0221627,0.0361969,0.00135337,0.00385405,-0.00714041,0.00482197,-0.0207269,-0.00642223,0.00700426,-0.00826962,0.000736605,-0.00296826,0.00745143,-0.00732322,-0.31015],[0.153404,0.536588,0.224985,-0.214307,-0.408532,-0.359799,-0.120179,-0.079137,0.00208246,-0.0567692,-0.00523998,0.148756,0.0209307,-0.118661,0.0093569,0.0522915,0.0393271,0.769747,-0.0412261,2.30119],[0.00459284,0.00468652,-0.0203793,-0.00724622,-0.0141014,-0.0128868,0.00358965,-0.0028975,0.000488753,-9.65524e-05,-0.0004774,0.003906,0.000211702,-0.00262415,0.00199153,4.03488e-05,-0.000391898,-0.0166184,-0.000224604,-0.0344925]],"sigmahat":[[1.16014,1.72849,0.373591,-0.156097,1.04471,1.32171,0.0409033,-0.0591398,-0.0172759,0.0149855,-0.00248902,0.691991,-0.132437,-0.651871,0.0970946,0.0590093,0.0375933,0.594885,-0.0868411,4.16432],[1.72849,3.31642,0.333034,0.0648687,1.84751,2.46188,0.0429726,-0.125245,-0.0194985,0.0417564,-0.0101934,1.27962,-0.235884,-1.19574,0.154459,0.0979846,0.0511834,0.624141,-0.166524,7.37433],[0.373591,0.333034,7.6483,0.836493,0.565178,1.85564,0.209327,-0.0702416,-0.052999,0.000783959,0.0618498,-0.00571469,-0.22627,-0.211847,0.0749652,-0.0350796,-0.0563066,-0.375183,-0.00462575,2.55472],[-0.156097,0.0648687,0.836493,3.30656,0.265835,0.250172,0.0298985,-0.057207,0.00670541,-0.11451,0.0182649,-0.040598,-0.0940931,-0.0665377,0.0495511,-0.0253912,-0.0281256,0.155542,-0.0530546,0.603246],[1.04471,1.84751,0.565178,0.265835,3.25733,2.04505,0.252797,-0.00376048,-0.0164531,-0.0752831,0.0125281,0.745746,-0.132313,-0.835582,0.149447,0.0760711,0.0310772,0.357248,-0.114892,5.81855],[1.32171,2.46188,1.85564,0.250172,2.04505,4.05484,0.390387,-0.0973402,-0.00859341,-0.0473285,0.0153804,1.04827,-0.3516,-1.13865,0.206587,0.113012,0.105939,0.231931,-0.109336,9.48231],[0.0409033,0.0429726,0.209327,0.0298985,0.252797,0.390387,0.42766,-0.0258408,-0.0032207,0.00698587,8.47547e-06,0.0406813,-0.0283033,-0.0746612,0.070855,0.0362841,0.0449634,-0.156018,0.0169855,2.51761],[-0.0591398,-0.125245,-0.0702416,-0.057207,-0.00376048,-0.0973402,-0.0258408,0.0819336,0.0041804,0.0224184,-0.00185242,-0.0642463,0.019416,0.0612087,-0.00749797,-0.0017663,0.00261701,-0.0324162,0.0168213,-0.508259],[-0.0172759,-0.0194985,-0.052999,0.00670541,-0.0164531,-0.00859341,-0.0032207,0.0041804,0.00603676,0.00164145,-0.00185393,-0.00812933,5.14613e-05,0.00795583,-0.00122778,0.000314092,0.0019655,0.0245624,0.000140365,-0.0405509],[0.0149855,0.0417564,0.000783959,-0.11451,-0.0752831,-0.0473285,0.00698587,0.0224184,0.00164145,0.0926674,-0.00714885,0.00327926,0.00537427,0.0130128,0.00606625,0.00937951,0.0107395,-0.184851,0.016332,0.535028],[-0.00248902,-0.0101934,0.0618498,0.0182649,0.0125281,0.0153804,8.47547e-06,-0.00185242,-0.00185393,-0.00714885,0.00941836,-0.00826112,-0.000908883,0.00125071,-0.00254723,-0.000497813,-0.00232127,-0.0344452,-0.00209954,-0.0642704],[0.691991,1.27962,-0.00571469,-0.040598,0.745746,1.04827,0.0406813,-0.0642463,-0.00812933,0.00327926,-0.00826112,0.676868,-0.0690277,-0.559787,0.0658797,0.0421678,0.03399,0.553075,-0.0785418,3.40694],[-0.132437,-0.235884,-0.22627,-0.0940931,-0.132313,-0.3516,-0.0283033,0.019416,5.14613e-05,0.00537427,-0.000908883,-0.0690277,0.123104,0.0912163,-0.0323358,-0.0105357,-0.00798226,-0.0125139,0.012965,-0.971033],[-0.651871,-1.19574,-0.211847,-0.0665377,-0.835582,-1.13865,-0.0746612,0.0612087,0.00795583,0.0130128,0.00125071,-0.559787,0.0912163,0.559863,-0.0686121,-0.0455518,-0.0330924,-0.299934,0.0692683,-3.08586],[0.0970946,0.154459,0.0749652,0.0495511,0.149447,0.206587,0.070855,-0.00749797,-0.00122778,0.00606625,-0.00254723,0.0658797,-0.0323358,-0.0686121,0.0396753,0.0125626,0.0145096,0.0704974,-0.0023578,1.19945],[0.0590093,0.0979846,-0.0350796,-0.0253912,0.0760711,0.113012,0.0362841,-0.0017663,0.000314092,0.00937951,-0.000497813,0.0421678,-0.0105357,-0.0455518,0.0125626,0.0285259,0.0241739,-0.092125,0.00702511,0.547671],[0.0375933,0.0511834,-0.0563066,-0.0281256,0.0310772,0.105939,0.0449634,0.00261701,0.0019655,0.0107395,-0.00232127,0.03399,-0.00798226,-0.0330924,0.0145096,0.0241739,0.0368077,0.036748,0.0152317,0.839849],[0.594885,0.624141,-0.375183,0.155542,0.357248,0.231931,-0.156018,-0.0324162,0.0245624,-0.184851,-0.0344452,0.553075,-0.0125139,-0.299934,0.0704974,-0.092125,0.036748,9.5387,-0.132328,6.85246],[-0.0868411,-0.166524,-0.00462575,-0.0530546,-0.114892,-0.109336,0.0169855,0.0168213,0.000140365,0.016332,-0.00209954,-0.0785418,0.012965,0.0692683,-0.0023578,0.00702511,0.0152317,-0.132328,0.0339587,-0.146755],[4.16432,7.37433,2.55472,0.603246,5.81855,9.48231,2.51761,-0.508259,-0.0405509,0.535028,-0.0642704,3.40694,-0.971033,-3.08586,1.19945,0.547671,0.839849,6.85246,-0.146755,72.7428]],"n":20,"lags":3}