{"betahat":[[-2.53574,-7.5781,-20.2703,17.9657,1.41249,-4.85272,-6.65552,-1.13014,1.44344,8.91421,-4.15429,0.647913,-1.83198,0.632123,-0.995037,2.77921,-6.47578,30.4371,12.5559,4.23165,-2.82932,0.809266],[0.685406,-0.150918,0.251001,0.791562,-0.347219,0.0591843,-0.162446,-0.0056611,-0.249937,-0.0104898,-0.00624228,0.0067575,-0.00762381,-0.00905208,-0.0562237,-0.0909725,-0.0715451,0.0851402,-0.00229812,-0.00539372,-0.447692,0.0206804],[0.172621,1.12066,-0.459216,-0.490185,0.16204,-0.459386,0.0484425,-0.0243798,0.378037,-0.0324957,-0.0274646,0.00810122,0.00633739,0.00123041,0.028069,0.0364752,0.0722087,0.0342562,0.196097,-0.0789213,0.901823,0.0307783],[0.0124273,0.0464004,0.59363,-0.0551395,-0.0282125,-0.0119597,-0.00472505,-0.00241433,-0.00887551,0.0891809,0.00712784,-0.000163847,0.00306937,0.000672403,0.00203095,0.00599301,-0.00709761,0.0139281,0.0291097,0.00223498,-0.176257,-0.0140033],[-0.0331131,-0.0829916,0.382397,0.733547,-0.0350297,0.0580636,0.0196143,-0.0166333,-0.113792,0.0220882,-0.0272708,-0.00373521,0.00597182,-0.000595836,0.0126835,-0.00389278,-0.00590455,-0.00906823,-0.0145334,-0.0265739,-0.0137017,0.0221032],[0.0290411,0.0640127,0.133514,-0.06229,0.64599,0.236375,0.166683,0.00416892,-0.198633,-0.0841114,0.00871331,-0.00241151,0.0163612,-0.00182121,0.0231577,0.0150617,0.0909839,-0.0147252,0.0709759,0.0382273,0.497265,-0.0596977],[0.111148,0.143914,-0.28745,-0.046125,0.131334,0.670715,-0.0213356,-0.0364256,0.200894,-0.0465219,-0.00536889,-0.00719112,-0.0236198,-0.00242528,-0.0236314,0.0677761,-0.0289424,0.0137757,0.054081,0.0146437,-0.0910699,-0.00734793],[-0.104658,-0.148821,-0.530452,-0.152963,-0.00412699,-0.0080525,1.1983,-0.0155157,0.00672567,-0.117271,-0.0268607,0.0253871,0.0271439,0.0337051,0.0210733,-0.0364157,0.194704,0.0233262,0.152307,-0.0522862,0.293659,0.11365],[0.121533,0.193956,-0.319703,-0.303593,0.319198,0.0235724,-0.28212,0.787579,-0.611686,0.0514716,0.250648,0.0338781,-0.0240504,0.00874213,-0.0762695,0.0813126,-0.00388693,-0.151334,0.332929,-0.177989,1.26656,-0.0132431],[0.00105081,0.0460672,0.0285537,-0.149201,0.0704157,0.137255,-0.0988493,0.0159491,0.94978,0.111374,0.0138918,-0.00856721,0.00186196,-0.00768311,0.00362828,-0.00384207,0.00180664,0.0243575,0.0202447,-0.0234612,0.811555,-0.0236863],[-0.119227,-0.14179,-0.280023,-0.269964,-0.179894,-0.342359,0.0939734,-0.0053174,0.130719,0.787222,-0.0278317,-0.0112709,0.00363175,-0.00741452,0.0166001,-0.0308988,-0.0219755,0.0154935,0.03513,0.0249637,-0.601687,0.00312602],[-0.330223,0.012963,-0.931252,0.0193472,0.234579,-0.00972951,0.222448,0.213171,-1.31811,0.369402,0.763905,-0.0618316,0.0954659,-0.0405529,0.0825166,-0.0396672,-0.000886498,-0.0798747,0.224248,0.26723,1.84701,-0.160754],[-0.949,1.79182,-5.91825,1.60897,-0.459326,-0.226645,-0.463739,-0.78521,4.0383,-0.979401,0.17884,0.955551,0.129886,0.0498777,0.0637551,0.868256,0.0173105,-0.422329,-0.739432,0.428868,-5.86848,1.01501],[0.394004,0.349754,5.33171,-0.213452,1.55741,0.708619,0.938791,0.199343,1.51075,-1.13251,0.415888,-0.0913294,0.826916,-0.0762193,-0.021991,-0.274353,-0.0303213,0.0065411,-0.209776,-0.120921,7.74125,-0.21546],[1.15273,-1.38684,4.1422,-3.07052,-0.917193,-1.571,-0.677363,0.521666,-2.2145,1.90799,-0.338715,0.395428,-0.0989386,1.17948,-0.0174612,-0.622555,-0.218361,-0.490036,0.663889,-0.191716,6.86171,-1.2559],[-0.364859,-0.86031,-2.27058,0.839969,-0.183769,0.815764,0.669279,-0.281746,-1.65263,1.27188,-0.415185,0.19135,0.215363,0.223839,1.10986,0.35893,0.372168,0.267879,-0.240675,0.18294,2.39225,-0.136138],[0.389121,0.255873,-0.321008,-0.694064,0.461583,-0.695842,-0.030936,-0.000406353,-0.708478,-0.0868962,0.126751,-0.0133178,-0.0548145,-0.0142151,-0.00587667,0.993554,-0.0926829,-0.291312,-0.448706,0.0621412,2.18368,0.0348399],[0.246168,0.197424,0.704393,-0.00346509,-0.415861,-0.123153,-0.395162,0.12164,-0.490718,-0.0369546,0.0649128,-0.00313612,0.0433933,-0.0037381,0.0416818,0.0594403,0.488406,-0.0711158,-0.02786,-0.0563273,-1.73248,-0.096599],[-0.547008,-0.18073,2.27053,1.01249,-1.62521,0.344011,0.108686,-0.197891,-1.85994,0.268578,0.045048,-0.0503255,0.135005,-0.0337729,0.00202589,-0.0807431,0.054364,0.289722,0.0490315,-0.11565,0.831933,0.0425494],[0.445622,0.0477075,1.34676,-0.372362,0.264919,0.415741,-0.46156,0.0410253,0.656847,0.345581,-0.0513412,-0.00850135,-0.0451739,-0.0352413,0.0178856,0.114158,-0.116963,0.155264,0.611903,-0.0489121,-0.314955,-0.0291664],[0.170695,-0.120794,-0.674776,-2.91514,-0.565683,-0.115319,0.0935843,0.0886458,0.420801,-0.264011,0.0104835,-0.0282635,0.0694028,-0.0315822,0.0711158,0.0309672,0.0113994,-0.0428685,-0.241087,-0.0609519,0.439081,0.0251433],[-0.0411118,-0.0647126,0.196562,0.00637994,0.00164432,-0.00443953,-0.0200542,0.00317084,0.0207721,0.0046025,0.000183165,-0.00149362,-0.0067169,-0.00258025,-0.00839198,0.00484572,-0.0135851,-0.00673667,-0.0248922,-0.00179661,-0.457974,0.0139063],[-0.0163213,0.0121276,-0.597595,0.20634,-0.0351732,-0.181052,-0.358152,0.16267,-0.327589,0.231283,0.0100067,0.0344712,-0.0535141,0.0378417,-0.0217585,-0.0451571,-0.18474,0.0430435,0.224842,0.115055,-0.107204,1.22451],[0.178725,0.0284752,-0.218111,-0.312618,0.251923,-0.0572596,0.0480961,-0.0617449,0.441783,0.239199,-0.0378159,-0.0219196,0.0021013,-0.00458338,0.0270018,0.0474577,0.0267524,-0.0312364,0.0406994,0.0158008,-0.90296,-0.0736836],[-0.199656,-0.187688,0.332479,0.18452,-0.0190841,0.516996,0.0515549,0.0272634,-0.41177,0.217012,0.0437666,-0.0097263,0.015243,0.00141344,7.20779e-05,0.00842794,-0.0126263,-0.055449,-0.0627487,-0.00376435,-1.52196,-0.0901053],[-0.000829261,-0.0587424,0.34688,0.0278649,0.0305889,0.00386318,0.00984927,-0.00399772,0.0220559,-0.109315,-0.0151406,0.000570203,-0.000821125,-0.000560809,-0.00122767,0.0026795,0.0178521,-0.00528094,-0.017061,-0.00365865,0.000193856,0.00925432],[0.0263693,0.0634664,-0.116934,0.111831,0.0180034,-0.011807,-0.0443965,0.0307643,0.196789,0.0412722,0.0189857,0.00358666,-0.00795298,0.00282444,-0.0122158,0.00255571,0.00559985,0.000874874,-0.00951577,0.0486076,0.046386,-0.0309578],[0.041951,0.032767,-0.0147141,-0.00095452,0.405691,-0.0525865,-0.0497726,-0.0137286,0.103015,0.0323453,-0.0107213,0.00108514,-0.00518822,4.30829e-05,-0.0137015,-0.0122229,-0.0170492,-0.00189867,-0.0490859,-0.0495912,-0.163326,0.0221458],[-0.0544113,-0.0869376,0.49465,-0.0123233,-0.232732,0.219164,-0.020853,0.0149896,-0.0983541,0.0391247,-0.0207172,0.00210917,0.00575617,0.0014402,0.00794528,-0.0318812,-0.0383337,0.0049216,-0.012167,-0.0313558,0.0385174,-0.031363],[0.0367511,0.0340813,0.514911,0.278943,-0.0999671,-0.0279137,-0.192531,0.0157944,-0.0459805,0.121141,0.00781232,-0.00647181,0.00785617,-0.0161565,0.0168322,0.00286179,-0.121678,-0.00654931,-0.100836,0.0588766,-0.127498,-0.0753595],[0.0534228,0.398273,-0.538435,-0.263858,0.733059,0.009285,0.285655,0.083339,1.09134,-0.28769,-0.136725,-0.0149201,-0.00733702,-0.0116545,0.0177078,0.0491817,0.0607132,-0.0398687,-0.174164,0.0965136,-0.296214,0.146161],[0.014915,-0.0784081,-0.224318,0.167987,0.0185269,-0.0298022,0.0582403,-0.00171503,-0.0189442,-0.064098,-0.0462045,0.00614748,-0.0088742,0.00620357,-0.00186485,-0.0120452,-0.0255322,-0.00900752,-0.0391659,0.0141105,-0.382886,0.00581148],[0.0909067,0.0883671,0.174743,0.460057,0.163949,0.198138,-0.0506653,0.0470824,-0.0595,0.0351582,0.0188445,0.00662277,-0.00526358,0.00609457,-0.0188648,0.0178722,-0.00412777,-0.005894,0.0140387,0.00380399,0.294587,0.0173265],[-0.338943,-0.414626,-2.02949,0.194863,-0.696054,-0.23762,-0.130332,-0.00659238,0.0990758,-0.42916,-0.279237,0.0624925,-0.0160024,0.0551683,0.0635248,-0.0177124,0.113811,-0.137323,0.129259,-0.265753,-2.15581,0.0617334],[-0.25115,-0.334584,-2.2385,0.862261,1.23856,1.33172,0.912305,0.212953,0.208211,-0.628455,-0.261313,-0.159091,0.04187,-0.097723,0.0635634,0.26673,0.283235,0.267271,-0.349918,-0.427717,-0.377193,0.00715913],[-0.0547414,0.361756,-3.24733,0.861515,-1.90752,-1.88385,-0.695283,-0.142954,-0.164782,0.753666,-0.081264,0.116785,-0.118161,0.0530716,-0.0614758,-0.0203661,-0.0730365,0.146039,-0.500382,-0.121802,-5.8779,-0.137558],[0.159553,-0.259491,2.20798,0.54957,1.29844,0.667699,0.329139,0.3829,-0.749497,-0.429765,0.162639,-0.140887,-0.110488,-0.148567,-0.114448,-0.0888759,0.15722,0.271572,0.153775,-0.0139068,-2.92683,-0.121252],[0.118148,0.703178,-0.995778,-0.827732,-0.19982,0.733788,-1.05145,0.158545,0.97343,0.645653,0.423993,-0.0199827,0.0629833,0.0488309,-0.0867102,-0.175358,-0.217535,0.204454,1.20496,-0.209339,-5.32464,0.729281],[-0.572373,-0.692259,0.0702103,0.0459278,-0.0524107,0.396863,0.155452,0.0373832,1.01809,0.0678294,-0.106518,-0.000257042,0.0669629,-0.00174578,0.046578,0.00739878,0.171088,0.154919,0.300445,0.0127065,-1.16282,-0.0229233],[-0.297018,-0.108122,-0.358959,0.0581474,0.318835,0.187756,0.413939,-0.106603,-0.0512179,-0.210871,0.0250265,0.0110575,0.0235619,0.0201989,0.000816976,0.0156344,0.53626,0.016462,0.0559287,0.0657665,0.89848,0.0934932],[0.844316,0.588432,-0.547484,-1.63646,2.6106,0.193654,-0.041294,0.339445,-0.123018,-0.521511,0.182037,0.00225896,-0.0656915,0.00380272,-0.0107522,-0.0978847,0.115555,-0.106757,0.327247,0.0647797,1.1152,-0.224738],[-0.294965,-0.305176,-0.319231,1.01042,0.604208,0.137579,0.605733,0.123329,-0.518044,-0.366446,-0.0377629,-0.00550673,0.057947,0.00731423,0.0217896,-0.107419,0.197791,-0.173442,0.0801244,0.00635444,0.0364808,-0.0436093],[0.130455,0.304765,-0.2792,0.33284,-0.208774,-0.128643,-0.104381,-0.0158603,-0.928474,0.272313,0.049758,-0.0301144,-0.00397271,-0.0236595,0.0179112,0.116167,-0.0766482,-0.131401,-0.23576,0.190738,-0.141289,0.0127338],[0.00106791,-0.0175349,0.18052,0.0188813,-0.00414461,-0.0179,0.0127832,0.000363054,-0.0196855,-0.0278745,0.00520584,-0.000976738,-0.00284013,-0.00251205,-0.00374667,0.00201075,0.000145064,0.0150183,-0.0187007,-0.00613043,0.0443937,0.0131253],[0.0704802,-0.00190455,1.17766,0.0741407,-0.353713,0.697595,0.516557,-0.195208,0.610509,-0.421638,-0.0199529,-0.0350196,0.113247,-0.0238265,0.069149,0.0591766,0.219312,-0.00887941,-0.272097,-0.0844649,1.10103,-0.366939],[0.135611,0.122494,-0.0317172,-0.47894,0.0943648,-0.00234345,0.114464,0.0672219,-0.191851,-0.229203,0.0440912,0.0151493,0.00548537,0.0136159,0.0291922,0.0435395,0.0449449,-0.053591,-0.0382346,-0.0105963,1.35132,0.0530827],[0.0266018,0.0665965,0.126543,0.30612,-0.143669,-0.0577641,-0.0996725,-0.00311321,0.0332501,-0.185062,-0.0165215,0.00166328,-0.0215262,-0.00261201,-0.028094,-0.04484,-0.0595392,0.0212314,-0.134128,0.0824104,0.622558,0.0591824],[-0.0112038,0.0141504,0.0458561,0.0214142,-0.00555068,0.00452802,-0.00594989,0.00648122,-0.0138193,0.0208253,0.00908632,-0.000464629,-0.00250747,-0.000221218,-0.00106262,-0.0087637,-0.01034,-0.00807543,-0.00938644,0.00107253,0.16509,0.0045195],[0.00679506,0.0201502,-0.265188,0.14776,0.016515,-0.0465028,0.0253757,-0.0141754,-0.0837282,-0.0630517,0.00878073,0.000137804,0.00210769,-0.00218799,-0.000423129,0.000826963,0.00117456,0.00913625,0.0269322,-0.0225496,-0.0317425,0.00910012],[-0.071035,-0.0960796,-0.114438,0.0630236,-0.0544613,-0.183757,-0.115804,0.0090679,0.0945205,0.0510017,0.00194707,0.00137023,-0.0111059,0.00180868,-0.00932133,-0.00260308,-0.0733109,0.0168815,-0.0225613,0.0112103,-0.329546,0.0369231],[-0.056398,-0.0560017,-0.20349,0.0565915,0.101098,0.109118,0.0429343,0.0212285,-0.103064,0.00674469,0.0264388,0.00506421,0.0178328,0.00094927,0.0156555,-0.0360686,0.0677269,-0.017773,-0.040407,0.0162296,0.0529533,0.0381155],[0.0671697,0.115572,0.0188554,-0.122831,0.0979723,0.0334637,-0.00659304,-0.000221612,0.0376201,-0.0030452,0.0187393,-0.0186902,-0.0344458,-0.0173056,-0.0373267,0.0324033,-0.0729191,-0.0142753,-0.0480476,-0.00674926,-0.175699,-0.0377041],[-0.181994,-0.459937,1.15024,0.847784,-0.629873,0.262445,0.137092,0.0462385,-0.519495,0.121903,-0.175443,-0.0149658,0.0688927,0.00641854,0.0870334,-0.0396698,0.0270611,0.123871,-0.138633,0.17999,-1.11111,-0.0616272],[-0.0153475,0.0341675,0.207354,-0.0278489,-0.0855003,-0.105911,0.0435323,-0.013587,0.0595221,-0.0480331,0.034428,0.00212044,0.00704815,0.00129476,-0.00201071,0.0147109,0.0259147,-0.0128085,0.0278708,0.00744228,-0.419923,0.0157273],[0.0285417,0.0538065,0.11162,-0.189125,0.0179866,0.146842,-0.0415639,-0.0416503,-0.0673566,0.172611,0.0095672,0.00462185,0.00166123,0.00128278,0.0020881,0.0127617,0.027245,-0.00915883,-0.0488976,-0.0295384,0.321794,-0.0196319],[0.0321444,0.0255686,1.53673,-0.206766,-0.0450106,0.102736,-0.121859,-0.205839,0.95752,0.0419185,0.23124,-0.00437622,-0.0657758,-0.00455173,-0.112011,-0.125412,-0.14686,0.123765,0.282549,-0.110143,-0.364789,0.147284],[-0.0654081,-0.427093,1.18054,0.259161,-0.47251,0.259861,0.141658,-0.219872,0.289489,0.13054,-0.12031,-0.0819027,0.127181,-0.0499265,0.121851,0.0326382,-0.180273,0.488284,0.288739,0.0524119,1.54988,0.0167916],[-0.150302,-0.207921,-1.63575,-0.0432901,-0.253805,-0.805365,-0.250121,-0.275647,-0.999512,-0.130406,-0.143188,-0.0197322,-0.0120443,-0.0142762,-0.00792718,0.00752227,-0.072011,-0.111747,-0.00809145,0.380518,-0.731016,-0.0381853],[0.034434,0.119621,0.0330584,-1.01442,-0.322246,-0.428026,-0.330599,0.0824697,-0.238988,-0.186627,0.0907298,-0.0454697,-0.0108111,-0.0719867,0.0055537,-0.409468,-0.0533208,0.423312,0.299193,0.22766,0.414953,0.262521],[0.264621,0.0944418,3.86412,0.55127,0.548158,0.0375005,0.193828,0.0800853,-0.690297,-0.865066,0.081193,-0.112503,-0.160633,-0.109054,-0.142104,0.139004,-0.0658912,-0.244843,-0.293614,0.103803,3.36045,-0.179698],[0.183259,0.436437,0.25586,0.646134,-0.412745,0.299066,-0.124859,-0.0370011,-0.307817,0.0181842,-0.0199944,0.0135724,-0.0120874,0.0159079,-0.0407976,-0.00237163,-0.0781529,0.137591,0.147981,-0.0754195,-1.0109,-0.0123221],[0.0503446,-0.0885966,-0.3456,-0.0548572,0.0934119,-0.0667568,-0.0189691,-0.0153293,0.540356,0.248419,-0.0899837,-0.00783263,-0.0666724,-0.0162815,-0.0421565,-0.0755453,-0.0249307,0.0560606,-0.0257789,-0.00959547,0.830044,0.00353695],[-0.28501,-0.391096,-1.5128,0.70734,-1.0316,-0.509922,-0.0713779,-0.133219,2.09173,0.209307,-0.20764,0.0433444,-0.0561432,0.0242952,0.0170717,0.146476,-0.165227,-0.112739,-0.277869,0.0496093,-1.8803,0.186898],[-0.119418,0.297885,-1.00829,-0.740257,-0.655641,-0.373233,-0.0204064,-0.129374,-0.14314,-0.0370084,0.113221,0.00769193,0.00355867,0.0231562,-0.0327822,0.00754221,0.000663228,0.058468,-0.31483,0.0299338,0.0472398,0.0927587],[-0.0216571,0.13868,-1.11255,0.571616,0.0377015,-0.133124,-0.432099,0.107347,0.353621,0.347265,0.0381793,-0.000538735,-0.103396,-0.0181285,-0.103198,-0.0124164,-0.167215,-0.0851749,-0.243915,0.0524013,-0.159528,0.0320083],[0.0129448,-0.00594452,0.0438408,-0.0480689,-0.0291428,0.0276549,0.0202381,-0.00193122,-0.0301778,-0.0138837,-0.000424231,-0.00121889,0.00106944,-0.00185911,-0.001004,0.00582541,0.00249438,0.00722754,-0.0157325,-0.0057626,-0.0202038,-0.00977623],[-0.0169787,-0.0421357,-0.439908,-0.273522,0.486118,-0.394924,-0.183549,0.0500579,-0.13712,0.169185,0.02057,-0.00244374,-0.0471574,-0.0170034,-0.0414575,-0.0148748,-0.0362934,-0.0482495,0.0119146,-0.00609555,-0.991559,0.0993514]],"sigmahat":[[0.252433,0.154612,0.160447,-0.186328,0.0815669,0.0617848,-0.0191971,0.0289644,0.0806302,-0.00405183,0.0287767,0.000310427,-0.00504372,-0.00499503,0.00189414,0.0288137,0.0047337,0.0132677,0.00646313,-0.00258261,0.426679,-0.0612418],[0.154612,0.411654,0.0639957,-0.18474,-0.0474441,-0.0283829,-0.0636547,-0.011271,-0.0935882,0.0334024,0.0726208,-0.000738004,-0.0109025,-0.00431514,-0.013192,0.0359269,0.00799762,0.0250274,0.0238932,0.00174659,0.209511,-0.0148497],[0.160447,0.0639957,8.11982,1.00792,0.582221,1.23938,0.396187,-0.0593721,-0.634121,-0.465574,0.0192187,-0.0347541,0.00488976,-0.0496936,-0.0123063,0.0153189,0.104655,0.14974,-0.0512377,-0.0694638,1.96934,-0.337067],[-0.186328,-0.18474,1.00792,3.74064,0.180027,0.442169,-0.0286479,-0.00237188,0.322011,-0.332544,-0.161055,-0.00265271,0.0341743,-0.00158638,0.0199775,0.0741818,-0.176958,0.0234634,-0.226191,0.137817,-1.49547,0.0336988],[0.0815669,-0.0474441,0.582221,0.180027,2.04279,0.484118,0.2625,0.108752,-0.116832,-0.14509,0.00028875,-0.0158878,-0.0226477,-0.011048,-0.0273415,0.0304101,0.116427,-0.0850268,0.215826,-0.0307026,0.237798,0.00320657],[0.0617848,-0.0283829,1.23938,0.442169,0.484118,1.31553,0.238813,0.0340051,-0.0789661,-0.10369,-0.0241831,-0.0123152,0.0572483,-0.00242457,0.02875,0.0682951,0.128858,-0.0153896,0.132717,-0.0703264,0.514946,-0.0858946],[-0.0191971,-0.0636547,0.396187,-0.0286479,0.2625,0.238813,0.458267,-0.034197,-0.0527128,-0.320534,-0.00474197,-0.0117577,0.028341,-0.00510789,0.0223568,0.0676604,0.208338,-0.0245037,0.0270589,-0.0155142,0.831198,-0.0418897],[0.0289644,-0.011271,-0.0593721,-0.00237188,0.108752,0.0340051,-0.034197,0.0784644,-0.0419995,0.0239322,0.0148912,0.00157646,0.00238704,0.00118271,0.00566218,-0.038994,-0.0144629,-0.00139607,0.0698099,-0.00550115,-0.015004,-0.0112407],[0.0806302,-0.0935882,-0.634121,0.322011,-0.116832,-0.0789661,-0.0527128,-0.0419995,2.5056,-0.425952,0.0236997,-0.0151342,-0.0243314,-0.0239115,-0.0146337,0.0665618,0.022011,0.0305862,-0.134307,0.0275901,0.426569,0.0916914],[-0.00405183,0.0334024,-0.465574,-0.332544,-0.14509,-0.10369,-0.320534,0.0239322,-0.425952,0.873231,-0.0365798,0.0110537,-0.025824,0.00722935,-0.0143417,-0.0271939,-0.144489,0.0324112,0.136657,-0.00670345,-1.31345,-0.0359333],[0.0287767,0.0726208,0.0192187,-0.161055,0.00028875,-0.0241831,-0.00474197,0.0148912,0.0236997,-0.0365798,0.0769511,-0.00348082,-0.000853475,-0.00360454,-0.00932689,-0.0128645,0.0189697,0.00512591,0.0390798,-0.00532683,0.180459,-0.00715146],[0.000310427,-0.000738004,-0.0347541,-0.00265271,-0.0158878,-0.0123152,-0.0117577,0.00157646,-0.0151342,0.0110537,-0.00348082,0.0051578,0.00258835,0.00349799,0.00294434,-0.00380445,-0.00174071,0.00109335,0.000314917,0.00254637,-0.0217206,0.00377188],[-0.00504372,-0.0109025,0.00488976,0.0341743,-0.0226477,0.0572483,0.028341,0.00238704,-0.0243314,-0.025824,-0.000853475,0.00258835,0.0253405,0.00437846,0.0184201,0.00178411,0.0174658,0.00790355,0.0259923,0.00723996,0.0130722,-0.00178696],[-0.00499503,-0.00431514,-0.0496936,-0.00158638,-0.011048,-0.00242457,-0.00510789,0.00118271,-0.0239115,0.00722935,-0.00360454,0.00349799,0.00437846,0.00546238,0.00386156,-0.00323886,-0.001526,-0.000530121,0.00329196,0.00279674,-0.0454348,0.00592044],[0.00189414,-0.013192,-0.0123063,0.0199775,-0.0273415,0.02875,0.0223568,0.00566218,-0.0146337,-0.0143417,-0.00932689,0.00294434,0.0184201,0.00386156,0.0201707,0.00113876,0.0106162,0.00536047,0.0188655,0.00636032,0.0100231,-0.00418239],[0.0288137,0.0359269,0.0153189,0.0741818,0.0304101,0.0682951,0.0676604,-0.038994,0.0665618,-0.0271939,-0.0128645,-0.00380445,0.00178411,-0.00323886,0.00113876,0.133824,0.0210841,-0.0192012,-0.0393383,-0.00103644,-0.28118,-0.0091456],[0.0047337,0.00799762,0.104655,-0.176958,0.116427,0.128858,0.208338,-0.0144629,0.022011,-0.144489,0.0189697,-0.00174071,0.0174658,-0.001526,0.0106162,0.0210841,0.195945,0.00486966,0.0411698,0.000728849,0.59458,-0.0153749],[0.0132677,0.0250274,0.14974,0.0234634,-0.0850268,-0.0153896,-0.0245037,-0.00139607,0.0305862,0.0324112,0.00512591,0.00109335,0.00790355,-0.000530121,0.00536047,-0.0192012,0.00486966,0.0751898,0.0578879,0.00648833,-0.179947,0.00205239],[0.00646313,0.0238932,-0.0512377,-0.226191,0.215826,0.132717,0.0270589,0.0698099,-0.134307,0.136657,0.0390798,0.000314917,0.0259923,0.00329196,0.0188655,-0.0393383,0.0411698,0.0578879,0.534972,-0.0192603,-0.432072,0.0114583],[-0.00258261,0.00174659,-0.0694638,0.137817,-0.0307026,-0.0703264,-0.0155142,-0.00550115,0.0275901,-0.00670345,-0.00532683,0.00254637,0.00723996,0.00279674,0.00636032,-0.00103644,0.000728849,0.00648833,-0.0192603,0.107082,-0.0586924,0.0197066],[0.426679,0.209511,1.96934,-1.49547,0.237798,0.514946,0.831198,-0.015004,0.426569,-1.31345,0.180459,-0.0217206,0.0130722,-0.0454348,0.0100231,-0.28118,0.59458,-0.179947,-0.432072,-0.0586924,16.1722,-0.368388],[-0.0612418,-0.0148497,-0.337067,0.0336988,0.00320657,-0.0858946,-0.0418897,-0.0112407,0.0916914,-0.0359333,-0.00715146,0.00377188,-0.00178696,0.00592044,-0.00418239,-0.0091456,-0.0153749,0.00205239,0.0114583,0.0197066,-0.368388,0.14726]],"n":22,"lags":3}