{"betahat":[[11.3742,14.4589,29.5285,9.75143,-7.59332,16.716,-14.5201,-0.113811,35.4279,3.21752,-8.04085,2.57494,-1.50102,2.40606,2.36552,0.909949,-0.178689,-0.54268,-8.65611,12.9137,-58.0695,0.787934],[0.831762,0.0808542,0.262366,0.247331,-0.0560475,-0.0185402,-0.0231596,-0.0738059,0.124683,0.00764779,-0.0577175,0.015738,0.00511116,0.0233188,0.00236392,0.0194576,-0.00231303,0.0112098,0.0116872,-0.077803,-0.681031,-0.0174586],[0.123589,1.18388,0.119831,-0.0239321,0.0838932,0.288524,-0.00320301,-0.0211174,0.466716,-0.078962,-0.0132764,0.0161454,0.00638792,0.00866586,0.0145269,0.0408783,0.0217474,0.0105196,0.0371399,0.0152966,-0.0744577,0.0191235],[0.0316836,0.015984,0.868493,0.00946973,0.0285218,0.0246523,0.00641581,-0.00417192,0.00121316,0.0464263,0.00536304,-0.00213283,0.000264966,-0.00330889,-0.000872227,0.00237109,-0.00576097,0.0144463,0.0109568,0.0030185,-0.0711966,-0.0109226],[-0.0455936,-0.0311268,0.11951,0.743141,-0.0801418,-0.0385082,0.020638,-0.0247123,-0.0365098,0.0212829,-0.020851,-0.00416925,0.00352356,0.00115357,0.00787921,-0.00659898,0.00183446,-0.00639863,0.00824389,-0.0306298,-0.106068,0.0138739],[0.0413022,-0.0275665,0.0391862,-0.0378194,0.817996,0.132677,0.0474359,-0.0181058,-0.0634635,-0.0421371,-0.0139895,0.00142473,0.000181726,0.00426512,0.00423485,0.00138657,0.0293548,0.0106301,0.00217766,0.00874604,0.0273754,-0.00733303],[0.0217717,0.061968,-0.019564,0.0420763,0.0208404,0.842311,0.0142414,-0.024088,0.0485778,-0.0297183,-0.00849193,-0.00174618,-0.00285348,-0.000520291,-0.00146871,0.000626179,-0.0130128,0.018353,0.00376579,-0.00988572,0.102638,0.0109182],[-0.093059,-0.0358998,0.0775317,-0.026139,0.0815265,-0.0499842,1.15547,-0.0199489,-0.0298959,0.0219766,-0.0219443,0.0293394,0.0313817,0.045135,0.0312915,0.0196536,0.124447,-0.0226736,0.00246483,0.00147695,-0.291825,0.0276965],[-0.128892,-0.0149839,-0.205048,-0.267166,0.266121,-0.321229,-0.249902,0.795213,-0.498818,-0.0050136,0.152251,-0.0094018,0.00938227,-0.0355849,-0.0275253,-0.00343447,-0.0697367,-0.0226783,0.0757873,-0.071294,0.833011,-0.0134661],[0.0254665,0.0509467,0.241779,-0.02872,0.0554452,0.180105,-0.048568,-0.014277,1.08717,0.0124287,-0.0122169,0.00451431,0.000271809,0.00931082,0.00453218,0.00965978,-0.000315309,0.0138224,-0.0254107,-0.0154863,0.142575,-0.00433681],[-0.100669,-0.0112073,0.0861502,-0.166692,-0.125459,-0.225312,-0.0264915,-0.033333,0.36536,0.923997,-0.0444782,0.0132046,0.00777931,0.0225298,0.0188354,0.0321407,-0.0161274,0.0264716,0.0113108,-0.0270168,-0.842021,-0.0461173],[-0.124709,0.155539,-0.553203,-0.427551,-0.159503,0.226635,-0.067105,0.126562,-0.0495829,0.0896289,0.828665,0.0244709,0.0307979,0.0351161,0.0602513,0.0528987,0.000605235,-0.0739203,0.267122,0.0127508,1.15949,-0.00827491],[0.237634,0.179115,-0.00551553,0.702169,0.27517,1.02768,-0.273297,-0.330289,0.942601,0.398888,0.0792176,1.02958,0.0340886,0.035887,-0.0126173,0.101441,-0.0547136,-0.0211044,-0.296204,0.0696531,-2.08978,0.167971],[0.248932,-0.0655782,2.79594,-0.691936,-0.191051,-0.652473,0.354371,0.185774,0.785224,0.0362529,0.0415492,0.00401275,0.934942,0.0334897,0.102304,-0.107743,-0.0161362,-0.0275054,-0.293906,0.133153,2.94107,-0.45],[-0.343401,-0.789099,0.559015,-0.0360891,-0.608165,-1.35316,-0.115574,0.0605495,-1.28834,0.198029,0.0615014,0.225037,-0.0285125,1.07739,-0.0857482,-0.219531,-0.105376,-0.0455551,0.265207,0.248335,3.02234,-0.316192],[0.0934482,0.380406,1.36831,0.153384,0.681966,2.84123,0.104878,-0.219562,0.991965,-0.359683,-0.168606,0.243565,0.108599,0.284583,1.0143,0.412731,0.199147,-0.146645,-0.311152,-0.0600739,1.0197,0.36167],[0.335508,0.411159,-0.152094,-0.416585,0.991717,0.299427,0.2369,-0.0736426,0.343604,-0.117815,0.0292125,0.00140336,-9.07721e-05,0.00840896,0.0222509,1.15243,0.0377332,-0.055822,-0.233688,-0.00399772,1.88859,0.0369317],[0.0484039,0.161701,0.338011,0.0208419,-0.252434,0.011018,-0.201771,-0.0268293,-0.098204,-0.145221,0.0292128,0.0139576,0.0204291,0.0102043,0.0188325,0.0235776,0.721026,-0.079527,0.0682258,-0.102553,-0.702045,-0.0372564],[0.0930285,0.348598,2.07086,-0.0150442,0.555873,1.6965,-0.137492,0.102835,-0.0981882,-0.318366,-0.0885879,-0.0161837,0.0537616,0.00166242,-0.0185763,0.00783625,-0.0752704,0.480795,0.15389,-0.475677,0.310749,0.0116939],[0.208992,0.169492,0.730719,-0.259259,0.545397,0.558402,-0.0567188,0.0462828,0.185304,0.0809611,0.0303468,-0.0346186,-0.0117734,-0.0533041,0.00868476,0.0417224,-0.030592,0.119041,0.674518,-0.0832663,0.00713923,-0.0490584],[-0.0436776,-0.208869,0.0233183,-0.403445,-0.0595223,0.546079,-0.0219319,0.175844,-0.178168,0.108789,0.113912,-0.0574843,-0.0116993,-0.0717064,-0.0266138,-0.0496369,-0.0730104,0.000399025,-0.0653128,0.0962895,1.1663,0.00818732],[-0.0387471,-0.0576634,-0.0359878,0.0171574,-0.00527274,-0.0901603,-0.00335589,0.00879117,-0.0580896,0.0334863,0.00732141,-0.00528373,-0.000958307,-0.00642125,-0.00357012,-0.0053632,-0.00842961,0.00626689,-0.000286794,-0.0107367,-0.369494,0.00161393],[0.0269857,0.211941,-0.0915356,-0.102559,-0.10895,0.0393406,-0.0812726,0.0151099,-0.0979473,0.0983957,-0.00697238,0.0145653,0.00736782,0.0332716,0.0391275,0.0704837,-0.0861578,0.00607666,0.0944948,0.0707959,0.578033,1.18907],[0.135438,-0.0770258,-0.0525741,-0.160377,0.129444,0.229657,0.00946947,0.0523099,0.0124912,0.0141012,0.0286876,-0.0156343,-0.00169914,-0.0209643,-0.0057461,0.00796877,-0.000936947,-0.00715563,-0.014048,0.0347353,0.103492,0.00552324],[-0.0788556,-0.152884,-0.0714469,0.0580057,-0.0690076,-0.114482,0.00866923,0.018835,-0.318388,0.0850447,0.0111384,-0.0140059,0.00130792,-0.00713867,-0.0037593,-0.0291927,-0.00917272,-0.00790127,-0.0132776,-0.0489719,-0.233638,-0.0189015],[-0.00422047,-0.00976622,0.144337,-0.0267709,0.00681085,-0.0485182,0.00479347,0.000283783,0.00519427,-0.0486905,-0.0127035,0.00198158,-0.000379335,0.00322188,0.00226189,0.000738031,0.00964088,-0.00547639,-0.00537724,0.00294466,-0.0247446,0.00683016],[0.0125527,0.00485905,-0.0138853,0.160419,0.0364565,0.0154726,-0.0324755,0.0311405,0.0757089,0.0274523,0.0198657,0.00294041,-0.00570885,-0.00107521,-0.00765436,0.00051583,-0.00411084,0.00367138,-0.00212924,0.0391693,0.0977087,-0.0177133],[-0.00930816,0.0193581,-0.0329595,0.0200124,0.150318,-0.0597407,-0.0196423,0.00146084,0.0779243,0.00439646,-0.00270739,-0.001523,-0.000431636,-0.00196193,-0.00474842,0.00116436,-0.0143414,0.000508183,0.0054955,-0.0255036,-0.0596621,0.00262486],[0.00698266,-0.036036,0.0916266,-0.0271988,-0.0220105,0.0615317,-0.00471801,0.0306702,-0.0498692,0.022572,0.00187432,-0.000649788,0.00202808,-0.000514834,0.00209575,-0.00379095,0.00667644,-0.0099565,0.00704684,0.00706486,-0.0658567,-0.0115446],[0.0158765,-0.0689491,0.00706929,0.0284247,-0.150294,-0.0117995,-0.17045,0.0144289,-0.0225621,0.0488773,0.0111834,-0.0106453,-0.0137563,-0.0226148,-0.0110878,-0.0282592,-0.0825168,0.0182318,0.0159857,0.00215104,0.31645,-0.0238136],[0.182111,0.14058,0.0910897,-0.0575666,0.142366,-0.0515934,0.0583563,0.0882768,0.216433,-0.0645516,-0.0792237,0.00773382,-0.00588783,0.00846528,-0.00173174,0.03815,0.0547317,0.0214141,-0.0473817,0.182132,-0.570654,-0.000556371],[-0.00995559,-0.061145,-0.202512,0.0571699,0.00691895,-0.124283,0.0476873,0.0115699,-0.0928259,-0.0214769,-0.00108377,-0.00566967,-0.00235869,-0.00893569,-0.00470701,-0.00797809,-0.00575657,-0.010929,0.0100006,0.0163023,-0.0370892,-0.00117794],[0.0772525,0.0133998,-0.0383172,0.1447,0.122678,0.252349,0.0299853,0.0589155,-0.201439,-0.00823489,0.0227549,-0.00614973,-0.00833396,-0.0109664,-0.0176374,-0.0138538,0.00530964,-0.0153487,0.0127173,0.022064,0.670599,0.0262269],[-0.350367,-0.376298,-0.0893807,0.0889391,0.12789,-0.0682543,0.0625056,-0.0330189,0.0909517,-0.0817629,-0.142482,0.0371369,-0.0100784,0.0427455,0.0282543,-0.0211433,0.0569576,-0.0904704,0.0328614,-0.075747,-1.13796,0.019553],[-0.162388,-0.166045,-1.08926,0.112961,0.0929564,-0.589147,0.275239,0.107666,-0.170957,-0.0609354,-0.121069,-0.167331,0.0157603,-0.120485,0.0500217,0.0903245,0.0638582,0.0664863,-0.110581,0.0298591,-0.599364,-0.0541175],[-0.140408,0.397562,-1.60346,0.407484,-0.56805,-0.431714,-0.270284,0.0915208,-0.0268217,0.137923,0.0864937,0.0422953,-0.0893427,-0.00924241,-0.0765199,-0.127121,-0.00731705,0.211845,0.0496559,-0.139852,-2.36269,0.0205671],[0.0906157,0.150521,-0.371829,0.172828,-0.31896,-0.461362,0.265838,0.116929,-0.688113,-0.10324,0.030874,-0.102162,0.021185,-0.0718292,0.0292889,-0.0681292,0.156621,0.00711625,0.069149,0.021102,-1.09628,-0.0420474],[0.256104,0.241746,-2.75628,0.14047,-0.184976,-0.96327,-0.116693,0.037685,-0.188727,0.298208,0.177094,-0.101842,-0.0424706,-0.0967074,-0.126336,-0.179999,-0.124508,0.00743195,0.589094,-0.0626414,-1.39859,0.301738],[-0.394835,-0.49493,0.150204,0.329411,-0.815217,-0.349718,-0.0942555,0.0442733,-0.48245,0.073829,0.00311326,-0.0114175,0.0119122,-0.0144207,-0.0144902,-0.131087,0.00102046,0.0737745,0.143362,0.0711468,-1.41822,-0.0296598],[-0.0769933,-0.126897,-0.229177,0.0694234,0.0589156,0.136313,0.243902,0.0440178,-0.482758,-0.0548698,0.0106323,-0.0125059,0.0176204,-0.00254363,0.00331039,-0.0258691,0.316876,0.0248301,-0.00848582,0.0419061,0.756379,0.029312],[0.0219664,-0.230757,-0.47195,-0.373164,0.160778,-0.938961,-2.38834e-05,-0.0281374,-0.0206753,0.180529,0.158119,0.01117,-0.0510198,-0.0026322,-0.00920549,-0.0431177,0.0269309,0.052638,0.113616,0.381825,0.516572,-0.015483],[-0.142083,-0.125929,-0.58891,0.294319,-0.185222,-0.432066,0.205558,0.0739831,-0.148511,-0.0811195,0.0245281,0.0163442,0.0244832,0.0135612,-0.000655163,0.000590331,0.120922,-0.0383751,0.0568552,0.150364,0.0956329,0.0228705],[-0.0358693,0.16742,0.148373,0.188629,0.0663793,0.361061,0.0194803,0.02156,-0.0503192,0.0704162,0.00503493,-0.00225282,-0.00413137,0.00537492,0.00770105,0.00472384,0.0268158,0.0256926,-0.0241715,0.0168877,-0.161653,0.00911463],[-0.00232138,0.016091,0.0697209,0.0237832,-0.0174052,-0.00183474,-0.00329356,-9.82394e-05,-0.0309927,-0.00216907,0.00746926,-0.000622573,-0.00143847,-0.000541721,-0.00269614,0.00672326,-0.00124603,0.0125769,0.000890334,-0.00362456,-0.0448226,0.00611867],[0.0427656,-0.133237,0.255315,0.066841,-0.0261629,0.210245,0.169573,-0.0209238,0.164052,-0.168589,-0.00454807,-0.0115545,0.02145,-0.0148179,-0.00565637,-0.0074819,0.084627,-0.0436102,-0.0952027,-0.0389122,-0.114272,-0.185716],[0.0301095,-0.00545915,-0.21189,-0.0867102,-0.0727341,-0.21179,0.014696,0.021203,-0.13725,-0.0214021,0.0294206,-0.000224356,-0.00343951,-0.00244692,0.00307583,-0.0268168,0.00294961,-0.00186094,0.00305006,0.042051,0.581263,0.0125456],[-0.0483897,-0.0369942,-0.053535,-0.0336719,-0.013099,-0.176462,-0.00369789,0.00199851,-0.148239,-0.00457029,0.00236142,-0.00225737,-0.00765594,-0.00153508,-0.0110443,-0.0108084,-0.0133336,-6.59706e-05,-0.0239343,0.0335593,0.312084,0.000414214],[-0.0265575,0.00041541,-0.0597496,0.0140125,-0.0261313,0.0105388,-0.00948852,0.00173041,-0.0119064,0.00443804,0.00861226,-6.26675e-05,-0.000605408,-0.00020204,-0.00184093,-0.00259177,-0.00448707,-0.00480448,-0.00395551,-0.00748674,0.0824526,0.00623608],[0.0324869,0.0270598,-0.107199,0.0842704,0.0451953,0.0242676,0.0117846,-0.00589657,-0.0389854,-0.0490036,0.00148126,0.00106495,0.00230692,-0.000223606,-0.000196666,0.00564325,0.00281817,0.00389262,-0.00100797,-0.0102225,0.0163064,0.00442895],[-0.0351333,0.00327422,-0.0200803,0.0178575,0.0188098,-0.083749,-0.0273269,0.0160497,-0.0255627,0.0401084,0.0175023,-5.54361e-05,0.000192338,-0.00245102,2.07213e-05,-0.00245451,-0.0156443,-0.00634361,-0.00709284,0.0150455,0.0452723,0.00352466],[-0.0302632,-0.0281258,-0.0820518,-0.0156772,0.00375578,0.0818248,-0.00612943,-0.00729148,-0.00342641,0.00780558,0.00689422,0.00217412,0.000783644,0.000878362,-0.000884688,0.00335141,0.00640574,-0.00437459,-0.00854073,0.000745912,-0.0347776,2.29364e-05],[0.068365,0.0904288,-0.110082,-0.000181486,0.0413084,0.0462182,0.00706362,0.00859249,0.0301057,-0.0626482,0.013538,-0.0189407,-0.0172774,-0.0229685,-0.0210452,0.00582088,-0.0460045,0.0185924,-0.00739944,-0.00669088,-0.00574877,-0.00472304],[0.0233012,-0.0239297,0.18121,0.2198,-0.200914,0.244468,0.0717465,-0.0313506,-0.0571149,0.0582996,-0.0759788,-0.0154317,0.0114869,-0.00283498,0.0153563,-0.00452938,0.0304037,0.0396642,-0.0181296,-0.00941656,-0.0745676,-0.0626292],[-0.0216447,0.00183463,-0.0266123,-0.025315,-0.0477896,-0.065176,0.0153794,0.00177849,-0.0259427,-0.00222995,0.0127671,0.000172438,0.0026129,-0.000896758,0.000357502,-0.00398293,0.0109421,-0.00849975,0.0212407,-0.0014537,-0.0908223,0.00544968],[0.0247392,-0.00151763,-0.0358196,0.0213174,0.00327708,-0.0229678,-0.00310128,-0.0247976,-0.160286,0.0741306,0.0214069,-0.00724667,0.00069266,-0.0118207,-0.00145081,-0.019117,0.0126172,-0.012809,-0.0221631,0.00366399,0.180829,0.0194891],[0.0782939,-0.0282894,0.216258,0.381276,-0.11205,0.0741789,-0.0981893,-0.0797215,0.356642,0.0352932,0.00411127,-0.000875299,-0.0267798,0.00957741,-0.0406961,-0.039947,-0.0704025,0.0992095,0.112104,-0.0631826,-0.702194,0.0315344],[0.016229,-0.119241,0.26552,-0.209406,-0.10213,0.28091,-0.0875076,-0.00344482,0.439353,-0.116203,-0.0911145,-0.0712425,0.0135343,-0.0512047,0.0323819,0.0470993,-0.0452109,0.125692,0.117143,-0.0117683,0.910062,0.0384035],[-0.0963602,-0.205585,-0.580892,-0.0777139,0.315672,-0.209144,-0.125371,-0.200647,-0.565932,-0.143033,-0.102697,-0.0327617,-0.0111386,-0.0325188,0.00791444,0.0441127,-0.0809047,0.0832414,-0.239706,0.0992566,-0.821719,0.0955122],[-0.0529504,0.125382,-0.530891,-0.365153,-0.137004,0.0800432,-0.132563,0.0116395,0.302544,-0.111737,0.0353936,-0.0438513,0.00441297,-0.0415978,0.0302453,-0.0220558,0.00153065,0.0681112,0.0710528,0.0470128,-0.107238,0.121287],[0.0542873,-0.0446512,1.8746,-0.270532,0.444844,-0.379686,0.0575185,0.0287671,-0.242949,-0.245627,-0.102342,-0.029561,-0.0234369,-0.0156216,0.0116667,0.0117489,0.034403,-0.0823598,-0.103138,-0.00639842,0.0757817,-0.101876],[0.0569199,0.0801318,0.00588258,0.0890033,-0.179334,0.0508557,-0.142859,0.0296632,0.136456,0.0428786,-0.0319519,0.0097057,-0.0114823,0.00566022,-0.00795598,-0.0232233,-0.0389544,-0.0149122,0.0924287,-0.0686738,-0.461196,-0.00821598],[0.028032,-0.0352108,-0.111994,-0.0875625,0.187263,-0.146462,-0.0435596,-0.0169392,0.577814,0.200709,-0.0396935,-0.00157265,-0.0374852,-0.00762574,-0.0218454,0.00222454,-0.0394439,0.0604162,-0.0548979,0.0584575,-0.0538812,0.00824269],[-0.0209489,-0.06024,-0.967993,0.510956,-0.578572,-0.407996,0.0788389,-0.104132,0.448583,0.143311,-0.0367311,0.00749915,-0.00229332,0.00417251,0.0114228,0.0502457,-0.0129982,-0.158522,-0.144708,0.0938195,-0.522825,0.00797924],[-0.0206749,0.0224159,-0.0206199,-0.175052,-0.128754,0.163701,0.0558901,-0.0488085,-0.067145,-0.0459573,0.00310173,0.00230393,0.0107341,0.0216274,-0.0025586,-0.0214155,0.0166583,-0.00537168,-0.10399,-0.112391,-0.052938,0.00660738],[-0.0384171,-0.0107437,-0.0927277,0.0451574,0.117766,-0.298885,-0.0480957,0.030322,-0.109902,-0.0892135,-0.00256815,0.0103105,-0.0197663,0.00108893,-0.0173119,0.00056228,-0.036376,-0.0376624,-0.0628996,0.00711033,0.116032,0.00974561],[-0.00624986,-0.0104111,0.0301484,-0.0208672,-0.0338608,0.0199144,0.00182159,-0.00150583,-0.00674663,-0.00468034,0.00204616,-0.000625311,-0.00130799,-0.00186188,-0.00297667,0.00199825,-0.00317185,0.00524745,-0.00626442,0.00282739,0.00836482,-0.00190175],[-0.065695,-0.109444,-0.180638,0.0554002,0.142906,-0.225087,-0.0463811,0.0158362,-0.0788563,0.0745137,0.039396,-0.0133838,-0.018638,-0.0266645,-0.0335996,-0.0601425,-0.00605609,0.0063408,-0.00735597,0.00407234,-0.372426,-0.0198648]],"sigmahat":[[1.10553,0.762789,0.394441,-0.320472,0.52898,0.813391,-0.0805475,0.0341066,0.808915,-0.0564485,-0.025272,0.00900192,-0.0277661,0.00633893,0.00121296,0.112215,-0.00999131,0.0210357,-0.0419272,-0.072321,0.555857,-0.0564595],[0.762789,1.83924,0.517441,-0.169485,0.555601,0.782163,-0.125579,-0.150277,1.38811,-0.133283,-0.040333,0.0636651,-0.00261479,0.0811035,0.0341994,0.213978,0.0602073,0.066565,-0.0154992,-0.134829,-0.302349,0.0481065],[0.394441,0.517441,17.1822,-0.0840067,1.61483,5.70858,0.0492029,-0.188907,1.94439,-1.17543,-0.394354,0.153961,0.000241393,0.210991,0.0346931,0.438053,0.126437,0.140422,-0.27175,-0.00709607,0.0528998,-0.292447],[-0.320472,-0.169485,-0.0840067,4.80654,-0.273707,0.242382,0.0342973,-0.0129567,-0.552541,-0.100779,-0.0584652,-0.0465676,0.0104906,-0.0467827,-0.0271607,-0.0354277,-0.195184,0.0260603,-0.0457542,0.134503,-1.72058,0.0566992],[0.52898,0.555601,1.61483,-0.273707,5.90642,1.83879,0.503697,0.0691227,1.78337,-0.443261,-0.146957,0.0168178,-0.0509189,0.0216654,-0.0275039,0.299372,0.128476,-0.0847916,-0.155512,-0.102714,0.316061,0.0640007],[0.813391,0.782163,5.70858,0.242382,1.83879,7.79831,0.0331109,0.0451734,2.44542,-0.473252,-0.186897,0.0531946,0.0373512,0.0920419,0.00715767,0.387519,0.140978,0.0974136,0.0580669,-0.345915,-0.0408802,-0.035374],[-0.0805475,-0.125579,0.0492029,0.0342973,0.503697,0.0331109,0.827248,-0.00399201,-0.341948,-0.405907,-0.012388,-0.0260379,0.0572235,-0.017363,0.0505463,0.0378198,0.287335,-0.0815058,-0.0215975,0.0573813,0.91971,-0.0236086],[0.0341066,-0.150277,-0.188907,-0.0129567,0.0691227,0.0451734,-0.00399201,0.197075,-0.291607,0.0123638,0.0544997,-0.014426,-0.00639643,-0.0244271,-0.010279,-0.0478859,-0.000759433,-0.0113254,0.102811,-0.0226943,0.430703,-0.0290141],[0.808915,1.38811,1.94439,-0.552541,1.78337,2.44542,-0.341948,-0.291607,7.34346,-0.381466,-0.282974,0.156282,-0.0272697,0.166254,0.0469472,0.468643,0.0141261,0.210652,-0.193124,-0.203515,-2.67802,0.15525],[-0.0564485,-0.133283,-1.17543,-0.100779,-0.443261,-0.473252,-0.405907,0.0123638,-0.381466,1.4069,0.0438642,-0.0057247,-0.0185729,-0.0156336,0.00169731,-0.0831079,-0.157396,0.0394232,0.100416,0.0770205,-0.93071,-0.0699433],[-0.025272,-0.040333,-0.394354,-0.0584652,-0.146957,-0.186897,-0.012388,0.0544997,-0.282974,0.0438642,0.165923,-0.0207143,-0.00620815,-0.032643,-0.0273418,-0.0629407,-0.0141841,0.0255264,0.0702941,0.0140712,0.413053,0.00422595],[0.00900192,0.0636651,0.153961,-0.0465676,0.0168178,0.0531946,-0.0260379,-0.014426,0.156282,-0.0057247,-0.0207143,0.0229104,0.00358191,0.0227806,0.00863344,0.0198805,0.0094388,0.00569779,-0.00629004,0.00723179,-0.141472,0.00426698],[-0.0277661,-0.00261479,0.000241393,0.0104906,-0.0509189,0.0373512,0.0572235,-0.00639643,-0.0272697,-0.0185729,-0.00620815,0.00358191,0.0350827,0.00704725,0.0300102,0.000750252,0.0381886,-0.000613889,0.0196318,-0.00698874,-0.0575771,-0.00271373],[0.00633893,0.0811035,0.210991,-0.0467827,0.0216654,0.0920419,-0.017363,-0.0244271,0.166254,-0.0156336,-0.032643,0.0227806,0.00704725,0.0307561,0.0130098,0.0265783,0.0161628,0.00231841,-0.0108828,0.00131611,-0.233984,0.00708544],[0.00121296,0.0341994,0.0346931,-0.0271607,-0.0275039,0.00715767,0.0505463,-0.010279,0.0469472,0.00169731,-0.0273418,0.00863344,0.0300102,0.0130098,0.0414152,0.0100152,0.0377029,-0.00886106,0.00682462,-0.00160603,-0.0941356,-0.00382354],[0.112215,0.213978,0.438053,-0.0354277,0.299372,0.387519,0.0378198,-0.0478859,0.468643,-0.0831079,-0.0629407,0.0198805,0.000750252,0.0265783,0.0100152,0.175147,0.0310761,-0.00136604,-0.0395766,-0.0112908,-0.352394,0.00312101],[-0.00999131,0.0602073,0.126437,-0.195184,0.128476,0.140978,0.287335,-0.000759433,0.0141261,-0.157396,-0.0141841,0.0094388,0.0381886,0.0161628,0.0377029,0.0310761,0.252712,-0.0355554,0.00611606,0.0240618,0.378686,-0.0159397],[0.0210357,0.066565,0.140422,0.0260603,-0.0847916,0.0974136,-0.0815058,-0.0113254,0.210652,0.0394232,0.0255264,0.00569779,-0.000613889,0.00231841,-0.00886106,-0.00136604,-0.0355554,0.236196,0.111158,-0.0290034,-0.066312,0.00943192],[-0.0419272,-0.0154992,-0.27175,-0.0457542,-0.155512,0.0580669,-0.0215975,0.102811,-0.193124,0.100416,0.0702941,-0.00629004,0.0196318,-0.0108828,0.00682462,-0.0395766,0.00611606,0.111158,0.623271,-0.0725239,-0.190447,0.00321727],[-0.072321,-0.134829,-0.00709607,0.134503,-0.102714,-0.345915,0.0573813,-0.0226943,-0.203515,0.0770205,0.0140712,0.00723179,-0.00698874,0.00131611,-0.00160603,-0.0112908,0.0240618,-0.0290034,-0.0725239,0.589333,0.233077,0.0189895],[0.555857,-0.302349,0.0528998,-1.72058,0.316061,-0.0408802,0.91971,0.430703,-2.67802,-0.93071,0.413053,-0.141472,-0.0575771,-0.233984,-0.0941356,-0.352394,0.378686,-0.066312,-0.190447,0.233077,24.7215,-0.340665],[-0.0564595,0.0481065,-0.292447,0.0566992,0.0640007,-0.035374,-0.0236086,-0.0290141,0.15525,-0.0699433,0.00422595,0.00426698,-0.00271373,0.00708544,-0.00382354,0.00312101,-0.0159397,0.00943192,0.00321727,0.0189895,-0.340665,0.182593]],"n":22,"lags":3}