{"betahat":[[-1.36069,-9.99845,-11.8784,15.9678,10.1766,-0.0590769,-9.83324,-0.398652,4.73576,11.3156,-3.70699,0.393573,-1.77841,0.360282,-1.28254,2.36206,-7.39639,28.5497,8.81771,4.93007,-4.52609],[0.705053,-0.154149,0.336154,0.726609,-0.271483,0.077265,-0.0813035,-0.028616,-0.168527,-0.05062,-0.0122385,-0.00150846,-0.00167477,-0.0182627,-0.0515836,-0.0739447,-0.0288895,0.0636983,-0.0367362,-0.0301515,-0.471224],[0.147484,1.1235,-0.493571,-0.428209,0.0959406,-0.480288,0.0319083,-0.0208129,0.297407,-0.0170297,-0.0305915,0.0110974,0.00256463,0.00473079,0.0262684,0.0366497,0.0557698,0.0392256,0.19536,-0.0720993,0.866475],[0.0165034,0.0407724,0.643338,-0.0525836,-0.0194425,0.00222999,0.0055073,-0.00497551,0.0132312,0.077608,0.00683309,-0.00122905,0.00503252,-0.000466628,0.00310667,0.00574059,-0.00127271,0.0134459,0.0219597,0.000765266,-0.162076],[-0.031931,-0.0694762,0.332444,0.724146,-0.035317,0.0438115,0.0201403,-0.0212397,-0.112739,0.0232779,-0.0261822,-0.00393084,0.00407655,-0.000532676,0.0107066,0.000378202,-0.00485343,-0.00836361,-0.0126055,-0.0283586,-0.0320652],[0.0271008,0.0573308,0.0959101,-0.0561305,0.664549,0.214273,0.14355,0.010182,-0.183156,-0.0663753,0.00640989,-0.00150423,0.0135877,-0.000572746,0.0206908,0.0180324,0.0784981,-0.0145368,0.0670325,0.037827,0.402351],[0.111246,0.137741,-0.214285,-0.0248443,0.113769,0.723819,-0.0177641,-0.0371126,0.228543,-0.0599467,-0.00564516,-0.00793439,-0.020288,-0.00324194,-0.0217672,0.063441,-0.0294644,0.0167524,0.0448191,0.0178896,-0.0151245],[-0.0913101,-0.119087,-0.473176,-0.168395,-0.0592521,-0.0420395,1.20721,-0.0180756,-0.0797039,-0.101042,-0.0264136,0.0254246,0.0267433,0.0332084,0.0233754,-0.0405614,0.187717,0.0256468,0.146834,-0.0566887,0.248631],[0.13666,0.193567,-0.0824646,-0.225577,0.299528,0.183243,-0.189895,0.771195,-0.483512,-0.0464834,0.23961,0.0316147,0.00151246,0.00486423,-0.0563917,0.0742434,0.0407692,-0.159861,0.257269,-0.163693,1.37678],[0.00490276,0.038178,0.0420351,-0.145159,0.0969475,0.132934,-0.105238,0.0202693,0.958663,0.108325,0.0140357,-0.00853906,0.00126684,-0.00792119,0.00326895,-0.00444264,-0.0024425,0.0217071,0.0127246,-0.0189425,0.761561],[-0.0951995,-0.128245,-0.186009,-0.281305,-0.165079,-0.303509,0.129111,-0.0166295,0.167209,0.772629,-0.0271637,-0.01312,0.00938522,-0.0100443,0.0197908,-0.0243785,-0.00349166,0.0115799,0.0207592,0.0139582,-0.588288],[-0.299817,0.0308832,-1.02425,0.0660986,0.281771,-0.00583479,0.152864,0.233294,-1.20579,0.338466,0.781829,-0.0585426,0.0847259,-0.0367705,0.0761268,-0.0260101,-0.0200513,-0.0865296,0.257005,0.28262,1.82044],[-1.1005,1.80306,-6.30627,1.78655,-1.36056,-0.5951,-0.379783,-0.68268,2.66223,-0.614532,0.0302048,1.01335,0.0654761,0.11919,0.0749592,0.773289,-0.0881628,-0.212634,-0.201058,0.362336,-4.86042],[0.442566,0.252967,5.05157,-0.536366,1.95217,0.50882,0.86606,0.174227,1.55883,-1.05734,0.405949,-0.0896832,0.842944,-0.0956461,-0.023259,-0.250892,-0.0167548,-0.078355,-0.459768,-0.143521,6.47175],[1.18885,-1.35913,4.76241,-2.64538,-0.624637,-0.980772,-0.699786,0.477306,-1.32141,1.50891,-0.233883,0.353489,-0.0486983,1.14915,-0.014941,-0.545589,-0.194397,-0.551687,0.354263,-0.135248,6.36265],[-0.441893,-0.779207,-2.16994,1.15492,-0.484495,0.844582,0.623453,-0.271583,-1.53321,1.22045,-0.385434,0.191839,0.198668,0.244323,1.10181,0.347772,0.344169,0.325361,-0.0643618,0.176694,2.87785],[0.384672,0.232645,-0.307578,-0.717155,0.41398,-0.608233,0.0317306,-0.0116493,-0.542573,-0.143819,0.128877,-0.0169777,-0.035922,-0.0178766,0.00488637,1.00974,-0.0609189,-0.287706,-0.466833,0.057895,2.14303],[0.236835,0.198845,0.643933,-0.0333112,-0.323267,-0.140594,-0.333553,0.100251,-0.471776,-0.0633866,0.0567546,-0.00405761,0.037837,-0.00753742,0.0363251,0.0721859,0.533495,-0.0732139,-0.0183399,-0.0689363,-1.60675],[-0.494235,-0.211244,2.08762,0.929304,-1.4545,0.318932,0.0271289,-0.168369,-1.70513,0.273825,0.0417122,-0.0467763,0.127772,-0.034638,-0.00396836,-0.0775099,0.0215079,0.271323,0.00863234,-0.0959707,0.462054],[0.451305,0.0501521,1.39607,-0.358165,0.222195,0.431239,-0.433392,0.0504523,0.631472,0.349547,-0.0547556,-0.00702003,-0.0446033,-0.0326933,0.0199421,0.105671,-0.117068,0.157879,0.629378,-0.0368857,-0.199551],[0.227722,-0.138873,-0.348076,-2.71649,-0.578026,0.0972223,0.0767432,0.128595,0.512395,-0.314536,0.0154061,-0.0273567,0.0821432,-0.0284513,0.08233,0.0233707,-0.0104601,-0.0344242,-0.243418,-0.00604288,0.805295],[-0.0380419,-0.063618,0.188752,0.00314048,0.000211465,0.00546128,-0.0159056,0.00162758,0.0369382,0.00210636,-0.000180455,-0.00169547,-0.00500828,-0.00267797,-0.00713201,0.00577021,-0.0118916,-0.00676792,-0.0272078,-0.00314577,-0.449468],[0.17095,0.0330944,-0.308124,-0.320392,0.26639,-0.0911813,0.00207542,-0.0427957,0.369792,0.252525,-0.0263048,-0.0177073,-0.00362358,-0.00134453,0.0217618,0.0461696,0.00552303,-0.0275155,0.050843,0.0227661,-0.908145],[-0.174655,-0.190782,0.428118,0.18652,-0.0127308,0.543976,0.0477828,0.0240606,-0.325062,0.19862,0.0385494,-0.0112983,0.0183862,-0.000721827,0.00267856,0.00046552,-0.00828585,-0.05033,-0.073418,-0.000305582,-1.41213],[-0.00371841,-0.0566715,0.317213,0.0127981,0.0349289,-0.00717502,0.00300318,-0.00338375,0.0137703,-0.0985633,-0.0142345,0.000640761,-0.00177687,-0.000661224,-0.00214722,0.00176786,0.0149345,-0.00619163,-0.0144492,-0.00375544,-0.0195799],[0.0253814,0.0543822,-0.101575,0.125567,0.0214553,-0.00932977,-0.047859,0.0354909,0.178317,0.0414362,0.017212,0.00431434,-0.00803405,0.00337583,-0.0110261,-0.00131074,0.000523731,0.00120252,-0.00609941,0.0499766,0.0521781],[0.0388016,0.0311659,0.0101161,-0.0051725,0.378895,-0.0456009,-0.0365435,-0.0209573,0.100591,0.0209953,-0.0101822,9.48232e-05,-0.00350338,-0.000963196,-0.0122541,-0.0115129,-0.0100658,-0.00220835,-0.0517352,-0.0487611,-0.119772],[-0.0550095,-0.0844749,0.44095,-0.0182422,-0.205089,0.190187,-0.0260648,0.0202702,-0.124577,0.0471028,-0.0181777,0.00372335,0.00472027,0.00312914,0.00759346,-0.0352685,-0.0347526,0.0041589,-0.00267315,-0.0292648,0.0115472],[0.0227291,0.0226656,0.419211,0.27209,-0.067856,-0.0151615,-0.204837,0.0227765,-0.0156008,0.113199,0.0103681,-0.00419913,0.0023611,-0.0118795,0.010187,0.00471009,-0.121868,-0.00759513,-0.0803861,0.063011,-0.0428498],[0.0630792,0.358043,-0.508104,-0.287301,0.815837,-0.0411906,0.21341,0.100636,1.0194,-0.203154,-0.128889,-0.0183008,-0.0129543,-0.0167357,0.00935172,0.0545126,0.0367624,-0.050516,-0.164706,0.101025,-0.650662],[0.00914994,-0.070364,-0.215238,0.157451,-0.0103283,-0.0314591,0.0673431,-0.00734641,-0.0305669,-0.0632419,-0.0435622,0.00510186,-0.00695281,0.00573677,-0.00115372,-0.0109288,-0.0194463,-0.00806557,-0.0329708,0.0114133,-0.344573],[0.0755671,0.0739092,0.122705,0.412697,0.181063,0.171657,-0.0552263,0.04362,-0.0663652,0.040095,0.01639,0.00502205,-0.0104992,0.00442245,-0.0231501,0.0175054,-0.00867333,-0.0121949,0.0062338,0.00438475,0.302452],[-0.342713,-0.42512,-1.73495,0.126593,-0.635094,-0.205181,-0.0368242,-0.0277072,0.061879,-0.443037,-0.269826,0.0548924,-0.0181553,0.049184,0.0577285,-0.0430131,0.134715,-0.122518,0.139204,-0.282112,-1.86789],[-0.207835,-0.192595,-2.24065,0.624786,1.18122,1.20757,0.921489,0.148437,0.252511,-0.623744,-0.217623,-0.150556,0.0210107,-0.0919543,0.0465807,0.254039,0.297705,0.261373,-0.254191,-0.402139,-0.0716832],[-0.0848283,0.335255,-3.10415,0.674058,-2.01093,-1.74737,-0.592742,-0.180257,-0.197952,0.744083,-0.0668437,0.103282,-0.101978,0.0485213,-0.0560487,-0.0129174,-0.0201859,0.133897,-0.377983,-0.083508,-5.62072],[0.22852,-0.276197,2.1843,0.0488601,1.64813,0.550767,0.390726,0.297524,-0.418433,-0.453077,0.171021,-0.162522,-0.0620841,-0.185213,-0.106352,-0.0796634,0.264115,0.198215,-0.069402,-0.0494857,-3.00812],[0.152199,0.625103,-0.6022,-0.753235,0.0558595,0.592821,-1.01984,0.212771,0.664345,0.646384,0.381351,-0.0156784,0.0264238,0.0367403,-0.102462,-0.177422,-0.242928,0.168537,1.07823,-0.16383,-4.86676],[-0.542078,-0.64925,0.0885941,0.100081,-0.050329,0.336824,0.0623741,0.0453354,0.815515,0.132014,-0.101021,0.00479138,0.0504127,0.00329489,0.0338868,-0.00886934,0.120958,0.157641,0.29651,0.0244198,-1.23203],[-0.281415,-0.114135,-0.299393,0.0922019,0.267332,0.194094,0.37367,-0.0953555,-0.037728,-0.170161,0.0162196,0.00916119,0.0212751,0.0191793,0.00150873,0.0109834,0.495952,0.0209429,0.0429283,0.0620806,0.797563],[0.780857,0.543851,-0.39743,-1.37736,2.3737,0.25344,-0.0100503,0.345323,-0.074369,-0.509593,0.171099,0.00296918,-0.0597094,0.01035,0.00139854,-0.0993291,0.10539,-0.0948592,0.352124,0.075936,1.29441],[-0.293741,-0.249962,-0.495016,0.934118,0.575482,0.082697,0.552911,0.106077,-0.545753,-0.345097,-0.0218171,-0.00428305,0.0528924,0.00950266,0.0165627,-0.0884079,0.186849,-0.165955,0.0633593,-0.00015367,-0.0728762],[0.164912,0.299381,-0.199121,0.318576,-0.153589,-0.014609,-0.117298,0.00490556,-0.810049,0.249798,0.0591549,-0.0284327,0.00235431,-0.0203517,0.0187535,0.116905,-0.0771074,-0.126686,-0.231955,0.205854,-0.0357347],[0.000717056,-0.0134892,0.152665,0.0165825,-0.00880453,-0.0196806,0.0101045,-6.73825e-06,-0.0200567,-0.0248112,0.00552987,-0.000702279,-0.00299916,-0.00205792,-0.00382491,0.00240604,-0.00146397,0.014258,-0.0172449,-0.00607118,0.0361216],[0.123624,0.121274,-0.0274198,-0.406151,0.00406744,0.0129,0.0795785,0.0709937,-0.200604,-0.202588,0.0386125,0.0192372,0.00524011,0.0195921,0.0297803,0.0278741,0.0235872,-0.0358288,-0.0143108,0.00728318,1.3806],[0.0266001,0.0669619,0.066184,0.241974,-0.0846914,-0.064506,-0.0788907,-0.003612,0.0277971,-0.182364,-0.00797463,0.00019756,-0.0209179,-0.00399969,-0.0288907,-0.0370546,-0.0472098,0.0113261,-0.122339,0.0720627,0.548947],[-0.0126911,0.0181631,0.0246172,0.0316053,-0.0194025,-0.000596616,-0.00865651,0.00800959,-0.028438,0.0207767,0.00866015,0.000517087,-0.00357236,0.00096013,-0.00126715,-0.00788939,-0.0128412,-0.00654017,-0.00498905,0.00224857,0.171157],[0.00670254,0.0160841,-0.232749,0.142897,0.0122216,-0.0356782,0.0279191,-0.0141386,-0.0666858,-0.0641274,0.00955746,-0.000338935,0.00397427,-0.002781,0.000326146,0.000519681,0.00501393,0.00810355,0.0219564,-0.0220488,-0.0222663],[-0.0658208,-0.0877189,-0.102104,0.0624758,-0.0467563,-0.168759,-0.105702,0.0102147,0.0823022,0.0442192,0.00369834,0.00147045,-0.00998086,0.00157572,-0.0082789,-0.00623306,-0.0678809,0.0173112,-0.0158167,0.010552,-0.28002],[-0.0563117,-0.0521986,-0.223056,0.0421682,0.0902359,0.0846963,0.045274,0.0165292,-0.105491,0.0116733,0.0240536,0.00421829,0.0155601,8.45478e-05,0.0141685,-0.0284545,0.0650153,-0.0199056,-0.0406069,0.0108501,0.00445667],[0.06717,0.0978441,0.050526,-0.101013,0.118345,0.0540938,-0.00346277,-0.00476238,0.0917711,-0.0107022,0.0155112,-0.0208447,-0.0285315,-0.0209126,-0.0328459,0.0352246,-0.0659229,-0.0150784,-0.061663,-0.0064969,-0.218014],[-0.153361,-0.436832,1.07952,0.806041,-0.577379,0.327524,0.110896,0.061108,-0.39978,0.0938525,-0.15463,-0.0135967,0.0664326,0.0108854,0.0830382,-0.0426498,0.0156207,0.126405,-0.0913711,0.187795,-0.799915],[-0.0137365,0.0339575,0.182549,-0.0198762,-0.0833246,-0.100734,0.0418361,-0.0124553,0.060765,-0.0464726,0.0313713,0.00310308,0.00584956,0.00194079,-0.00230331,0.0145114,0.0244193,-0.0109164,0.0294605,0.0051993,-0.410211],[0.0201621,0.0550805,0.0673458,-0.130709,-0.0150524,0.13368,-0.0728732,-0.0267107,-0.0960317,0.182138,0.0111545,0.00809185,0.00118365,0.00559451,0.00322266,0.00647264,0.0132921,0.00119903,-0.0262006,-0.0186373,0.304646],[0.0661285,-0.00706261,1.56876,-0.202062,-0.0321731,0.205378,-0.131133,-0.194361,1.09096,0.015027,0.221322,-0.0073265,-0.0390356,-0.00908019,-0.0934703,-0.100752,-0.13196,0.094306,0.181361,-0.0862336,-0.487391],[-0.13848,-0.369001,0.871851,0.516462,-0.630638,0.278634,0.0973203,-0.186552,0.222914,0.097907,-0.116007,-0.0714708,0.107832,-0.0375641,0.109821,0.0133991,-0.210486,0.496458,0.347842,0.0565674,1.56175],[-0.144879,-0.185334,-1.59873,0.0334889,-0.164018,-0.823278,-0.227293,-0.268351,-0.718814,-0.161027,-0.137851,-0.0270224,-0.0181621,-0.028326,-0.0112159,-0.00261917,-0.0426948,-0.0997594,-0.0891875,0.320309,-0.852202],[0.0572991,0.0316807,0.119175,-0.99331,-0.0719144,-0.540893,-0.319047,0.0872039,-0.374144,-0.157782,0.080585,-0.0576395,-0.0274086,-0.0844978,-0.00507812,-0.367953,-0.0577413,0.387263,0.232461,0.190267,0.209669],[0.251591,0.071276,3.23575,0.484093,0.301819,0.140068,-0.0045544,0.114068,-0.702788,-0.706151,0.069666,-0.0921555,-0.131733,-0.0817217,-0.11408,0.120724,-0.145439,-0.208951,-0.223931,0.142332,2.72895],[0.157207,0.41699,0.226,0.618768,-0.367802,0.271623,-0.0936766,-0.0340645,-0.270232,0.00961446,-0.0278221,0.0122488,-0.0143257,0.0145915,-0.0386866,-0.00172796,-0.0595543,0.131543,0.170537,-0.0826867,-0.905469],[0.0435428,-0.0841941,-0.345367,-0.0571064,0.0509053,-0.0554937,-0.0392856,-0.00497463,0.507389,0.233223,-0.073245,-0.00498935,-0.0588768,-0.0114494,-0.0374515,-0.0834907,-0.0292589,0.0535175,-0.0223015,0.00668094,0.808479],[-0.271512,-0.307944,-1.4622,0.529557,-1.00811,-0.53211,-0.0135081,-0.167566,1.87486,0.191336,-0.196789,0.0390838,-0.0541742,0.0206206,0.0126846,0.145092,-0.125169,-0.0937745,-0.244181,0.0161155,-1.63868],[-0.124562,0.246475,-0.918612,-0.695366,-0.59426,-0.344638,0.00312504,-0.11761,-0.111967,-0.0524336,0.100301,0.00653059,0.00706227,0.0209015,-0.0284829,-0.00645515,0.00895156,0.0526756,-0.289995,0.0221959,0.0818695],[-0.0101656,0.120533,-1.00594,0.502079,0.110289,-0.109257,-0.414022,0.105527,0.337415,0.316554,0.0400901,-0.0021695,-0.0958527,-0.0165809,-0.0966676,-0.0155021,-0.163472,-0.076468,-0.223762,0.0477217,-0.2049],[0.0107984,-0.00680496,0.045834,-0.0394521,-0.0286029,0.0265182,0.0173842,-0.000513067,-0.0299538,-0.0143895,-0.000749138,-0.00081394,0.000334749,-0.0014422,-0.00132761,0.00390681,0.000701592,0.0073576,-0.0134899,-0.00511766,-0.0075345]],"sigmahat":[[0.277524,0.171332,0.215498,-0.20087,0.11683,0.0751862,-0.021076,0.0308832,0.0930851,-0.0127986,0.0320019,-0.00080533,-0.00460069,-0.00614278,0.00183483,0.0301499,0.00145314,0.0127349,0.00585,-0.00244064,0.46716],[0.171332,0.456037,0.0370451,-0.200512,-0.0485724,-0.0419305,-0.0713288,-0.0114351,-0.124715,0.0394882,0.0789845,6.82737e-05,-0.0138109,-0.00349079,-0.0158253,0.0383282,0.00328851,0.026342,0.0293069,-0.000615864,0.230781],[0.215498,0.0370451,8.87166,1.01692,0.648116,1.42815,0.461115,-0.0734613,-0.511507,-0.550467,0.0252435,-0.0455273,0.0250248,-0.061067,0.000637053,0.0246506,0.119877,0.156244,-0.0773035,-0.0754156,2.26731],[-0.20087,-0.200512,1.01692,3.97074,0.10941,0.47001,-0.054632,0.00542097,0.329262,-0.316367,-0.168426,0.000431915,0.0371923,0.00272047,0.0229529,0.0626212,-0.206486,0.0296163,-0.23352,0.149008,-1.51781],[0.11683,-0.0485724,0.648116,0.10941,2.31814,0.461336,0.249073,0.129143,-0.0819317,-0.151247,0.0106671,-0.0196056,-0.0291034,-0.0166303,-0.0343954,0.0258972,0.126437,-0.106267,0.211939,-0.024457,0.219244],[0.0751862,-0.0419305,1.42815,0.47001,0.461336,1.5005,0.277579,0.0289176,-0.00788779,-0.124588,-0.0235971,-0.0165254,0.0753639,-0.00388516,0.0399371,0.0750777,0.148144,-0.0153324,0.112205,-0.073355,0.653185],[-0.021076,-0.0713288,0.461115,-0.054632,0.249073,0.277579,0.52653,-0.0499945,-0.0450948,-0.368778,-0.00781494,-0.0151583,0.0364657,-0.00737842,0.0278765,0.0712119,0.237951,-0.0279406,0.0140862,-0.0234595,0.938515],[0.0308832,-0.0114351,-0.0734613,0.00542097,0.129143,0.0289176,-0.0499945,0.0885633,-0.0517227,0.0342539,0.0164029,0.0023694,0.000149245,0.0020538,0.00450023,-0.039622,-0.0226561,-0.00169619,0.0755201,-0.00131235,-0.0312993],[0.0930851,-0.124715,-0.511507,0.329262,-0.0819317,-0.00788779,-0.0450948,-0.0517227,2.76072,-0.4419,0.0198855,-0.0198561,-0.0186314,-0.0281882,-0.0122799,0.0697688,0.0302155,0.0260562,-0.156192,0.026579,0.394761],[-0.0127986,0.0394882,-0.550467,-0.316367,-0.151247,-0.124588,-0.368778,0.0342539,-0.4419,0.941925,-0.035905,0.0137946,-0.0309078,0.00934743,-0.0179023,-0.0332463,-0.164177,0.0379707,0.154797,-0.00248202,-1.41522],[0.0320019,0.0789845,0.0252435,-0.168426,0.0106671,-0.0235971,-0.00781494,0.0164029,0.0198855,-0.035905,0.0825396,-0.00372541,-0.00125406,-0.00378736,-0.0103865,-0.0132734,0.0186046,0.00441737,0.0383997,-0.00393414,0.17792],[-0.00080533,6.82737e-05,-0.0455273,0.000431915,-0.0196056,-0.0165254,-0.0151583,0.0023694,-0.0198561,0.0137946,-0.00372541,0.00580999,0.00210597,0.00409741,0.00283867,-0.00423226,-0.00328426,0.00133302,0.00231608,0.00284275,-0.025286],[-0.00460069,-0.0138109,0.0250248,0.0371923,-0.0291034,0.0753639,0.0364657,0.000149245,-0.0186314,-0.0309078,-0.00125406,0.00210597,0.0285605,0.00418195,0.0207234,0.00272536,0.0214973,0.00777963,0.0224957,0.0057699,0.0229946],[-0.00614278,-0.00349079,-0.061067,0.00272047,-0.0166303,-0.00388516,-0.00737842,0.0020538,-0.0281882,0.00934743,-0.00378736,0.00409741,0.00418195,0.0062307,0.00397933,-0.00337485,-0.0026391,-7.00855e-05,0.00577965,0.00322901,-0.0462059],[0.00183483,-0.0158253,0.000637053,0.0229529,-0.0343954,0.0399371,0.0278765,0.00450023,-0.0122799,-0.0179023,-0.0103865,0.00283867,0.0207234,0.00397933,0.0223975,0.00182261,0.0129686,0.00562037,0.0178499,0.00571753,0.01929],[0.0301499,0.0383282,0.0246506,0.0626212,0.0258972,0.0750777,0.0712119,-0.039622,0.0697688,-0.0332463,-0.0132734,-0.00423226,0.00272536,-0.00337485,0.00182261,0.133997,0.0215518,-0.0196157,-0.0396594,-0.00381733,-0.284979],[0.00145314,0.00328851,0.119877,-0.206486,0.126437,0.148144,0.237951,-0.0226561,0.0302155,-0.164177,0.0186046,-0.00328426,0.0214973,-0.0026391,0.0129686,0.0215518,0.218793,0.00132769,0.0355431,-0.00322146,0.64217],[0.0127349,0.026342,0.156244,0.0296163,-0.106267,-0.0153324,-0.0279406,-0.00169619,0.0260562,0.0379707,0.00441737,0.00133302,0.00777963,-7.00855e-05,0.00562037,-0.0196157,0.00132769,0.0837528,0.0658436,0.00583942,-0.195184],[0.00585,0.0293069,-0.0773035,-0.23352,0.211939,0.112205,0.0140862,0.0755201,-0.156192,0.154797,0.0383997,0.00231608,0.0224957,0.00577965,0.0178499,-0.0396594,0.0355431,0.0658436,0.571617,-0.0171242,-0.471259],[-0.00244064,-0.000615864,-0.0754156,0.149008,-0.024457,-0.073355,-0.0234595,-0.00131235,0.026579,-0.00248202,-0.00393414,0.00284275,0.0057699,0.00322901,0.00571753,-0.00381733,-0.00322146,0.00583942,-0.0171242,0.117861,-0.0481969],[0.46716,0.230781,2.26731,-1.51781,0.219244,0.653185,0.938515,-0.0312993,0.394761,-1.41522,0.17792,-0.025286,0.0229946,-0.0462059,0.01929,-0.284979,0.64217,-0.195184,-0.471259,-0.0481969,17.557]],"n":21,"lags":3}