{"betahat":[[1.35262,1.18667,3.04815,1.44278,2.21413,2.50298,-3.69784,0.630853,-0.120237,-0.214688,0.295,-2.26086,0.320649,0.0292876,0.320594,3.10841,-6.50038,-0.335714],[0.828738,-0.131975,0.44749,0.475197,-0.172101,-0.0834113,0.0441959,-0.00482851,-0.0113751,-0.00751561,0.0465407,-1.63683,-0.0439344,-0.0228382,-1.3056,-0.0900976,-0.0543672,-0.00525749],[0.00250195,1.02584,-0.755785,-0.277652,0.0671906,-0.348261,0.00371325,-0.0442228,-0.00574838,-0.0732636,-0.0199917,0.883951,0.0320824,0.0273812,0.794745,0.195342,0.125781,-0.00304201],[0.021254,0.0243376,0.783956,0.0114291,-0.0156093,0.0242936,0.0110043,0.000420103,0.00113427,0.0110411,0.00365654,-0.388815,-0.00160627,0.00630237,-0.0657612,0.0339997,-0.00327247,-0.00345296],[-0.00450655,-0.0148873,0.233593,0.633758,-0.0689755,0.00824624,0.0351535,-0.0359106,-0.00288147,-0.0114619,0.00664949,0.0598339,0.0139745,0.0079853,-0.0244902,0.015442,-0.014147,0.00094973],[0.0215788,0.0620552,-0.0693336,0.0430786,0.555143,0.115032,0.0538627,0.00687598,0.00390738,0.00742858,0.00349635,0.437159,0.0183459,0.00690286,0.296765,-0.0611848,0.112734,0.00292007],[0.111083,0.134974,0.0317168,0.0570426,0.242099,0.787314,0.0145252,-0.0141802,-0.000378255,-0.0267414,0.00537232,-0.0186278,-0.0223879,-0.0309994,0.430658,0.132235,-0.0540113,-0.0287044],[-0.0104546,-0.0459309,-0.0535835,-0.0313419,-0.134781,-0.258555,0.909145,-0.0558425,0.0296979,0.0234414,0.0056211,-0.738547,-0.0168686,-0.0219636,0.13245,-0.12277,-0.423387,0.0283296],[-0.233874,-0.338816,-0.412786,-0.290527,0.247832,0.560707,0.0101191,0.800344,0.0245405,0.0374584,-0.00675944,-2.03164,-0.068455,0.0061615,-0.395481,0.355727,0.289644,0.0944008],[0.318009,-0.0239661,1.32007,-1.5615,-1.39016,-0.0506101,-1.25833,0.0855271,1.22628,-0.196311,0.125801,5.38521,-0.0908101,-0.155488,2.18613,1.01339,-2.00492,0.418166],[0.463325,0.244889,0.238676,-1.09527,0.770546,0.106601,-0.0100521,0.341101,-0.0671585,1.00725,0.0585039,0.443746,0.0783616,0.0611908,0.256451,-0.102673,0.384299,0.0073617],[1.68635,0.0682685,5.45896,-3.12092,1.32012,-0.121037,0.6743,0.42449,-0.158683,0.296222,0.823134,3.18784,-0.0457134,-0.096077,2.60202,-0.497437,0.835804,-0.229372],[-0.00552243,-0.00632315,0.0260201,-0.0187403,0.0285592,-0.00934181,-0.00561385,0.00350754,-0.00111018,0.00463923,0.00238802,0.953186,0.00119931,0.000499177,-0.0381639,-0.0130914,-0.0304098,-8.85202e-05],[-0.00320354,-0.0472767,3.59748,0.759084,-0.152668,-0.575959,0.0513788,-0.356089,0.106586,0.203732,-0.200478,-1.85549,0.84517,-0.0475518,-0.638262,-0.112691,-0.250224,0.116043],[0.232674,-0.383338,-1.82378,2.18394,0.533273,1.58286,0.21271,-0.00479858,0.000578307,-0.257326,0.055655,-7.33639,0.0969616,1.08625,-0.769379,0.267506,-0.399104,-0.0730357],[0.0183105,-0.0358306,0.130819,0.0403393,-0.0479632,0.0425833,0.01577,-0.0155676,0.00182855,-0.0155651,-0.0110023,-0.0884623,0.0152989,0.00739555,1.14738,0.0777019,0.0188828,-0.0052137],[0.165165,0.0850492,-0.320066,-0.180625,0.511718,0.400435,0.00196592,0.0620497,-0.00492319,0.0293602,-0.00697563,1.24641,0.0175362,0.0172662,-0.329056,0.154464,0.321623,0.0536854],[-0.0290807,-0.0446562,0.0220623,-0.0877406,0.00266742,0.293962,0.180283,0.0328884,0.00406238,-0.0121901,-0.00473874,0.413463,0.00248318,0.0188054,-0.421026,0.0412617,0.585398,-5.52067e-05],[-0.219615,-0.293656,-0.561623,-0.264067,-0.564663,-1.60405,1.58401,-0.460917,0.0112292,0.027192,-0.0132895,-1.30054,0.23937,0.206997,-0.879961,-1.57917,3.0122,0.751648],[0.137725,0.145071,-0.363331,-0.0637388,0.100379,-0.207104,-0.159714,-0.0865598,0.00050941,-0.0187721,-0.022324,0.426708,0.000235677,0.00461268,0.821015,0.0782932,-0.162377,0.0247067],[-0.0978563,-0.0960679,0.686008,0.099774,-0.00173935,0.331953,0.0220342,0.0312247,0.00461868,0.0939751,0.0160979,0.0602747,-0.010431,-0.00872547,-0.283719,-0.115966,0.0620561,0.034403],[-0.00478144,-0.0469159,0.234917,-0.0753121,-0.000973151,-0.0693803,0.00335014,-0.01361,-0.00134991,-0.0135443,1.77238e-05,0.648858,0.00538795,-0.00393077,0.156619,-0.0153173,0.0168372,0.000942684],[-0.00959985,0.0186712,-0.114439,0.255518,0.0342122,-0.0131726,-0.040161,0.0288795,0.00713824,-0.00147863,-0.00506752,0.0321934,-0.0197008,-0.0162423,0.0944496,-0.0370576,-0.00601328,0.0109551],[0.0461146,0.0084515,0.0706813,-0.16414,0.386619,0.00479816,0.00864052,-0.0186785,-0.00338897,-0.0129957,0.00361811,-0.221716,-0.004802,0.00528339,-0.373837,0.0258395,0.0523243,0.0032155],[-0.0306448,-0.091646,0.388742,-0.109204,-0.229767,0.195342,0.00295944,0.018248,0.000572415,0.0051326,0.00221411,-0.160537,0.00893137,0.0163766,-0.348012,0.0127629,0.0162051,0.0177644],[-0.0211153,-0.0555848,0.323692,0.179127,0.010516,0.200724,-0.00486474,0.0247744,-0.0172152,-0.0151215,0.00423539,-0.0363068,0.0131845,0.0120036,0.0417901,0.0548288,0.256415,-0.0193732],[0.192423,0.613699,0.0366704,0.194275,0.510495,-0.46823,-0.0122066,0.11071,-0.0389957,-0.0805664,0.0431514,0.745861,-0.0466917,-0.114236,-0.241403,-0.125868,-0.38425,-0.103316],[-0.278684,-0.00326262,-0.185985,2.27061,1.48384,0.708056,0.187291,0.251167,-0.178857,-0.0197044,0.00646637,-1.03373,-0.00467263,0.0163169,-1.3256,-0.452904,0.771391,-0.112476],[-0.832784,-0.446562,-1.54718,0.984924,-0.514336,-0.334882,0.255955,-0.113578,0.0550048,-0.134942,0.0405147,1.61253,0.0125558,-0.0475456,-0.0638051,-0.0191655,0.456468,-0.0297569],[-1.63461,0.427074,-5.07499,3.8146,-1.61404,-1.15992,-0.777168,-0.647965,0.107559,-0.349608,-0.0112529,-2.66799,-0.00165087,0.0156068,-2.14627,-0.0631136,-0.763844,0.234467],[-0.00383579,-0.00929225,-0.00905404,0.0231001,-0.0202118,0.018555,0.00705581,-0.00142081,0.000883809,-0.00444198,-0.0017547,0.0335422,0.00116342,0.000802104,0.0316096,0.0136205,0.0234485,0.00136896],[-0.157491,0.0390395,-2.72502,-1.87649,-0.42553,0.0562274,-0.0768952,0.217367,-0.0283075,0.0174867,0.00557155,-0.526314,-0.0273342,-0.0119586,-0.357976,-0.116126,-0.262325,-0.0140071],[-0.467314,-0.292895,-0.0348877,-1.61333,-0.106784,-1.26516,-0.383542,0.00433514,0.056271,0.120855,-0.126628,2.68848,-0.225963,-0.216142,0.0444643,-0.377508,-0.44408,0.023114],[0.00425941,0.0548611,-0.278709,-0.0520753,0.012064,-0.0736929,-0.0284676,-0.00125585,-0.00260664,0.0152412,0.001208,0.226568,-0.011727,-0.00555184,-0.104938,-0.0543453,-0.0554912,0.00404269],[-0.0973725,-0.0852027,0.477442,-0.00537146,0.169727,0.202423,0.047572,0.0104363,-0.0228631,0.0336381,-0.00822434,0.47483,-0.0285678,-0.0154222,-0.183773,0.030079,0.234727,-0.0175798],[-0.0127569,0.135911,-0.0404437,0.0898692,0.0393797,-0.0362867,0.0654695,-0.0103756,0.0176757,0.0635841,-0.00693185,0.196107,0.0191857,0.0228259,-0.231423,-0.115308,0.209061,0.0180431],[0.111562,0.114337,-0.273217,-0.178464,1.56543,0.953582,0.0973142,0.359208,-0.0053367,0.155492,-0.0031395,2.37526,-0.0801838,-0.0404803,0.69348,1.81981,-0.436387,0.0151605],[0.0331547,-0.0132338,-0.0843341,-0.410899,0.0712593,0.290585,0.115791,0.091304,0.0108761,0.0262825,-0.0242391,1.21398,0.0437356,0.0182444,0.485221,0.0119581,0.217452,-0.0194477],[0.0951597,0.0700805,0.0703377,0.17825,-0.0656292,0.016711,-0.0253474,0.0129384,0.00114358,-0.0207606,0.00388537,-0.940701,-0.0215863,-0.0186215,-0.510057,-0.0790968,-0.186704,-0.031314],[-0.0164313,0.0234407,-0.0238239,0.0633479,0.0153454,0.0433284,-0.01439,0.0129853,0.000198361,0.00266636,-0.00373981,-0.258362,-0.00391277,-0.00249518,-0.0892476,-0.0191318,-0.0133542,0.00246127],[0.0137467,-0.00399633,-0.118992,0.109788,0.0345038,0.00500503,0.00550815,0.00704009,-0.00422276,0.0130211,-0.00160717,-0.0854624,0.00574556,0.00827086,-0.0685519,0.0220492,0.0215353,-0.0118786],[-0.0679247,-0.0704619,-0.00148711,0.121212,0.0575587,-0.119818,-0.0621686,0.0117648,-0.000495823,0.0055851,-0.00712966,-0.211948,-0.0135143,-0.0121986,0.0784112,0.0356105,-0.164371,-0.00607352],[-0.0806167,-0.0433219,-0.420374,0.0536867,-0.0127022,0.0171116,-0.017011,-0.00415883,-0.000182484,0.0215467,-0.00761792,0.1836,0.0134084,0.0145518,-0.0811332,-0.144855,0.038854,0.0109689],[0.0313399,0.101757,-0.271773,-0.146087,0.123648,0.0578354,0.0961243,0.0311199,-0.0123924,-0.00823745,-0.00996573,0.781078,0.00372962,0.00995762,-0.171796,0.0684041,0.168533,-0.00881019],[0.082895,-0.222838,0.53973,0.00466784,-0.637173,-0.000478889,-0.00175403,0.0581674,0.0136304,0.0419613,-0.0308722,1.27404,0.117317,0.109962,0.489641,-0.252758,0.0579017,0.00682485],[0.144339,0.481795,-0.479904,-0.234471,0.246088,-0.325805,-0.0655753,-0.113254,-0.133667,0.0980881,-0.0320183,-1.61443,-0.0569687,-0.0489959,0.379369,-0.497555,0.197812,-0.100818],[0.239679,0.110512,1.21861,0.170161,-0.0465731,0.420274,-0.182158,-0.220307,0.0211352,0.0466748,-0.0959689,-1.81771,-0.0841559,0.00236619,-0.208784,0.153322,-0.587467,0.0319864],[-0.051566,-0.495148,-0.384648,-0.694093,0.294441,1.28084,0.102655,0.223659,0.0511032,0.0533629,0.18812,-0.521114,0.0473026,0.0804315,-0.455416,0.560345,-0.07225,-0.00508873],[0.0108531,0.0156234,-0.0235684,-0.00821084,-0.00673444,-0.0173471,-0.000973954,-0.00231338,-4.09971e-06,-0.000214419,-0.000518427,-0.0391416,-0.00291185,-0.00138377,0.00573254,-0.00410387,0.00748222,-0.0011838],[0.0287086,-0.255987,0.820356,1.44338,-0.192313,0.50364,-0.133734,0.0709264,-0.0523152,-0.332457,0.169485,-0.64113,0.0347591,6.268e-05,0.344995,0.369635,-0.253928,-0.0565198],[0.217788,0.558189,1.32938,-0.655221,-0.633724,-0.445145,-0.0179654,-0.0331054,-0.0452405,0.102566,0.0623568,3.99129,0.0695399,0.0419772,0.478975,0.0132034,0.249217,0.0451415],[-0.023161,-0.0192263,0.150572,0.0149753,0.0375539,0.0334905,0.0150891,0.0177168,0.000830569,0.000707969,0.00965525,-0.122842,-0.00336077,-0.00149016,-0.0398152,-0.0222586,0.0434989,0.00158105],[-0.0504431,-0.0792918,0.178642,-0.0616276,0.171838,0.228312,0.0857653,-0.0360178,-0.00710259,-0.0325775,0.0197583,0.361011,0.0101275,0.0125836,-0.136643,-0.0217141,0.200055,0.0135808],[0.00626187,0.00738286,0.0408083,0.00662632,-0.0497577,-0.0715093,-0.0125331,-0.00490044,0.00986493,0.0111924,-0.00344997,-0.0549009,0.005127,-0.00440982,0.0908698,-0.0134314,-0.00109265,0.0155203],[0.112571,-0.0798325,-0.055798,-0.501433,-1.1364,0.281237,-0.613175,-0.0208468,-0.0207264,0.000181263,-0.0159689,-1.93137,0.0741493,0.0584992,-0.1923,-0.524248,-1.24265,-0.00708686]],"sigmahat":[[0.434312,0.355178,0.190144,-0.251143,0.151286,0.0103611,-0.0667047,0.0308619,-0.00757458,0.0636864,-0.00230366,0.254941,0.0010159,0.00405012,-0.0149176,0.0286028,-0.167954,-0.003706],[0.355178,0.803363,-0.126005,-0.0967894,0.0384482,-0.0407834,-0.0934854,-0.0255352,-0.00224329,0.123067,-0.0201199,0.817498,-0.0200023,-0.00270066,-0.310426,-0.0477159,-0.173295,0.0307412],[0.190144,-0.126005,11.0069,1.51014,0.458358,2.23723,0.291356,-0.0179602,-0.0592746,0.00976831,0.0947576,2.61762,-0.0394684,0.0240331,-0.240374,0.484437,0.668958,-0.0329761],[-0.251143,-0.0967894,1.51014,5.45443,0.599309,0.660965,0.060855,0.0263615,-0.0143133,-0.205674,0.0278192,0.702423,-0.0448377,-0.0800767,0.509006,0.517963,0.300165,-0.0206295],[0.151286,0.0384482,0.458358,0.599309,2.82366,0.506002,0.268063,0.16722,-0.010837,-0.0610566,0.0249521,1.64823,-0.0125157,-0.0280072,0.432737,0.443922,0.823043,0.0304965],[0.0103611,-0.0407834,2.23723,0.660965,0.506002,1.94679,0.257419,0.0650459,-0.00300216,-0.00452252,0.0284703,4.01691,0.0659051,0.0407472,0.512903,0.410454,0.725261,0.0276508],[-0.0667047,-0.0934854,0.291356,0.060855,0.268063,0.257419,0.60219,-0.0415488,-0.000930497,0.0256043,0.00454534,3.51175,0.0481807,0.0362456,0.157581,0.065408,1.0895,-0.0241597],[0.0308619,-0.0255352,-0.0179602,0.0263615,0.16722,0.0650459,-0.0415488,0.104708,-0.000924161,0.0168448,0.00146914,-0.337732,0.00917635,0.0114243,-0.133644,-0.0191452,-0.0153485,0.00421502],[-0.00757458,-0.00224329,-0.0592746,-0.0143133,-0.010837,-0.00300216,-0.000930497,-0.000924161,0.00659669,0.000678622,-0.00145424,0.0384588,0.00271342,0.00144174,0.00681042,0.00727238,-0.00271354,0.0056853],[0.0636864,0.123067,0.00976831,-0.205674,-0.0610566,-0.00452252,0.0256043,0.0168448,0.000678622,0.110538,-0.00695271,0.81934,0.0135637,0.0228922,-0.211239,-0.108416,0.0808099,-0.00107279],[-0.00230366,-0.0201199,0.0947576,0.0278192,0.0249521,0.0284703,0.00454534,0.00146914,-0.00145424,-0.00695271,0.0107195,-0.0355556,-0.00045335,-0.00113347,-0.00545017,0.0140812,0.00077488,-0.00445069],[0.254941,0.817498,2.61762,0.702423,1.64823,4.01691,3.51175,-0.337732,0.0384588,0.81934,-0.0355556,74.6735,0.761014,0.260438,10.3545,1.45071,8.32779,-0.112071],[0.0010159,-0.0200023,-0.0394684,-0.0448377,-0.0125157,0.0659051,0.0481807,0.00917635,0.00271342,0.0135637,-0.00045335,0.761014,0.0424753,0.032001,0.0362484,0.016528,0.109259,0.00305957],[0.00405012,-0.00270066,0.0240331,-0.0800767,-0.0280072,0.0407472,0.0362456,0.0114243,0.00144174,0.0228922,-0.00113347,0.260438,0.032001,0.0396196,-0.200582,-0.0252594,0.0834291,0.00309005],[-0.0149176,-0.310426,-0.240374,0.509006,0.432737,0.512903,0.157581,-0.133644,0.00681042,-0.211239,-0.00545017,10.3545,0.0362484,-0.200582,7.76166,1.3624,0.844809,-0.0324251],[0.0286028,-0.0477159,0.484437,0.517963,0.443922,0.410454,0.065408,-0.0191452,0.00727238,-0.108416,0.0140812,1.45071,0.016528,-0.0252594,1.3624,0.94423,0.0161129,0.0119109],[-0.167954,-0.173295,0.668958,0.300165,0.823043,0.725261,1.0895,-0.0153485,-0.00271354,0.0808099,0.00077488,8.32779,0.109259,0.0834291,0.844809,0.0161129,3.05062,-0.00766657],[-0.003706,0.0307412,-0.0329761,-0.0206295,0.0304965,0.0276508,-0.0241597,0.00421502,0.0056853,-0.00107279,-0.00445069,-0.112071,0.00305957,0.00309005,-0.0324251,0.0119109,-0.00766657,0.0277268]],"n":18,"lags":3}