{"betahat":[[-2.43139,-7.11956,-21.7503,15.8226,5.61471,-1.83,-6.69774,-1.11231,-5.48274,11.1286,-4.54132,0.778045,0.485282,0.869919,-0.572711,3.24179,-5.08919,30.7671,14.5245,4.89073,-14.541,0.947978],[0.673501,-0.155915,0.196213,0.731069,-0.374487,0.0326203,-0.173561,-0.0324475,-0.248344,0.0475877,-0.0185309,0.00961087,-0.0346631,-0.0091682,-0.0587605,-0.0674689,-0.0437199,0.0970025,0.0225672,-0.00154463,-0.7079,0.0248505],[0.171574,1.14447,-0.613724,-0.400137,0.0260571,-0.613906,0.0491152,-0.0329096,0.372415,-0.108282,-0.00748143,0.00648804,-0.017962,-0.00106758,0.0175695,0.011875,0.0391768,0.0197405,0.118264,-0.0758316,1.15044,0.0164822],[0.0162194,0.0514332,0.596549,-0.0451744,-0.0423544,-0.0216712,-0.00200101,-0.00323527,0.00393735,0.0858391,0.00964898,-0.000217941,-0.00310312,0.000434104,0.000731776,0.00512182,-0.00956505,0.0133648,0.0186818,-0.00164737,-0.148432,-0.0192798],[-0.0251826,-0.0766552,0.417091,0.720116,-0.0137695,0.0789745,0.0320464,-0.0166193,-0.120731,0.00967738,-0.0218745,-0.00495211,0.0095751,-0.000527984,0.0130785,-0.00134485,-0.00592096,-0.01048,-0.0165638,-0.0257396,0.0349344,0.0195266],[0.0118182,0.0620841,-0.0249896,-0.0567298,0.477854,0.0823133,0.130244,-0.00565745,-0.168424,-0.0641396,0.00761164,-0.000756057,0.0099107,-0.00232413,0.0155255,0.00183823,0.0713972,-0.0127331,0.0321785,0.0405107,0.464728,-0.0588556],[0.0906067,0.117698,-0.232933,-0.0723743,0.11585,0.641158,-0.0376374,-0.0266614,0.225674,-0.0453316,-0.0112005,-0.00648432,-0.014315,-0.00230897,-0.0220946,0.0508814,-0.031444,0.0245351,0.072879,0.0223788,-0.0500073,0.015709],[-0.0947977,-0.13865,-0.506677,-0.146665,0.0726564,0.0555053,1.20512,-0.000460463,-0.0431303,-0.128124,-0.0222019,0.025116,-0.00576299,0.0358648,0.0248897,-0.040675,0.202606,0.0223637,0.172961,-0.0489029,0.246856,0.11734],[0.0948106,0.136707,-0.55812,-0.234127,0.181173,0.07319,-0.336451,0.806197,-0.637226,0.103589,0.227947,0.0361781,-0.0954095,0.012809,-0.0798109,0.0918592,-0.0344839,-0.163413,0.319215,-0.203395,1.10611,0.011535],[0.00346823,0.0531323,-0.0160828,-0.159049,0.0401384,0.128204,-0.0936008,0.0152165,0.948085,0.10384,0.01839,-0.00917222,-0.00462056,-0.00783974,0.00175813,-0.00214542,-0.00298954,0.0196432,0.00148241,-0.0300097,0.872008,-0.0270994],[-0.110515,-0.120822,-0.33678,-0.250319,-0.191925,-0.358919,0.0918682,-0.0135332,0.120548,0.789002,-0.0234904,-0.0106589,-0.00659389,-0.00695517,0.0146351,-0.0244321,-0.022682,0.0153176,0.0284431,0.0231832,-0.676704,-0.000877881],[-0.270143,0.0630476,-0.130796,-0.00928483,0.816778,0.251952,0.290856,0.270983,-1.26165,0.370985,0.782179,-0.0638743,0.134149,-0.0402301,0.112882,-0.0505242,0.0688251,-0.0307424,0.390379,0.289021,1.82234,-0.166564],[-1.1196,1.6929,-6.99042,1.61727,-2.35278,-1.51359,-0.611235,-1.13565,4.43903,-0.851557,0.120935,0.955917,-0.0910177,0.0219981,-0.0715793,0.921151,-0.0797536,-0.464325,-1.35134,0.423749,-5.65805,0.912757],[-0.0620076,0.0430322,-0.753222,0.464236,-1.00989,-0.161073,0.263277,0.0390749,0.179424,-0.715405,0.256205,-0.0680969,0.824524,-0.0351374,-0.0926281,-0.1847,-0.418811,-0.256239,-0.694614,-0.243025,4.38681,-0.0924341],[1.39502,-1.17139,6.33645,-3.12619,1.38285,0.175935,-0.304174,0.850486,-2.44124,1.70104,-0.244033,0.384305,-0.131519,1.20465,0.141145,-0.658446,-0.0687723,-0.451484,1.26463,-0.19288,7.46955,-1.24257],[-0.0956258,-0.516449,1.26371,0.726344,0.749941,0.208891,0.971258,-0.20097,-0.33903,0.838746,-0.21271,0.179689,0.352507,0.180592,1.09935,0.133622,0.477171,0.462758,-0.287452,0.271097,4.92544,-0.293151],[0.34349,0.171559,-0.525246,-0.720025,0.36194,-0.615701,-0.0499558,0.0185973,-0.699926,-0.057843,0.114884,-0.0136283,0.018665,-0.0101509,-0.0017278,1.0033,-0.10077,-0.301018,-0.41118,0.0452539,2.2305,0.0799001],[0.266731,0.218771,0.960208,-0.0719745,-0.47199,-0.255424,-0.349392,0.0811446,-0.405759,-0.083835,0.0850063,-0.00627426,0.085075,-0.0118498,0.0212427,0.060442,0.489859,-0.0691208,-0.0941166,-0.0617737,-1.30976,-0.13069],[-0.603952,-0.299688,2.00988,0.906123,-1.87023,0.308822,0.0690386,-0.222984,-1.79586,0.408074,0.00447183,-0.0522146,0.121101,-0.0361453,-0.0124597,-0.0355093,0.0626865,0.297978,0.067596,-0.134188,0.710242,0.0977808],[0.420816,0.031486,1.28717,-0.434955,-0.00343863,0.333431,-0.41707,0.023926,0.756952,0.269319,-0.0208433,-0.0181864,-0.0889626,-0.0423855,-0.00201722,0.0936376,-0.162272,0.124594,0.510059,-0.0776071,0.54776,-0.0232204],[0.191188,-0.115543,-0.520316,-2.94638,-0.618411,-0.22883,0.11408,0.05671,0.458025,-0.243935,0.00671285,-0.0263016,0.0611127,-0.0356812,0.0680931,0.0278624,0.0414742,-0.0223782,-0.284575,-0.0531607,0.5514,-0.0168662],[-0.0414615,-0.0674829,0.179478,0.00490888,0.0105302,0.0241131,-0.0171293,0.0071896,0.0184619,0.00251368,0.00050172,-0.00193739,-0.0056359,-0.00227143,-0.0073495,0.00653426,-0.0149689,-0.00976927,-0.022375,-0.00507768,-0.442855,0.0178335],[-0.0315086,0.00372432,-0.470407,0.185621,0.0139664,0.0522088,-0.306092,0.164121,-0.314383,0.233399,0.00918931,0.0314153,-0.082205,0.037806,-0.0224157,-0.00584029,-0.155441,0.0335601,0.269099,0.083406,0.00434139,1.24564],[0.182709,0.0287126,-0.253942,-0.250455,0.238161,-0.0927384,0.0378986,-0.0359524,0.468507,0.196025,-0.0281756,-0.0249726,0.0321046,-0.00607856,0.0290817,0.0273749,-0.00567133,-0.0392927,0.0281028,0.0233596,-0.74215,-0.0654815],[-0.212459,-0.222101,0.484024,0.122241,0.0510793,0.54078,0.0144491,0.0384031,-0.418363,0.284263,0.0245536,-0.00594985,0.0213513,0.00352761,0.00762355,-0.00366012,-0.000605052,-0.0348745,-0.00671082,0.00630798,-1.7554,-0.0851402],[-0.00317516,-0.0615969,0.348336,0.0197259,0.0289413,0.00673669,0.00952311,-0.00569888,0.0200718,-0.108947,-0.017036,0.000436402,0.00160718,-0.000807882,-0.000718107,0.00521575,0.0191104,-0.00584125,-0.0142952,-0.00201461,-0.0102489,0.0109227],[0.0235972,0.0604645,-0.126084,0.118742,0.0109201,-0.0304531,-0.055329,0.0325061,0.196254,0.0620143,0.0157414,0.00487388,-0.0106674,0.00252522,-0.012929,-0.00455228,0.00640952,0.00454892,-0.00745233,0.0462934,0.0129534,-0.0331282],[0.0453318,0.0362456,0.00949904,0.00984459,0.45886,-0.00556603,-0.0431738,-0.0180387,0.0688555,0.0294731,-0.0154604,0.000829372,-0.013568,4.81137e-05,-0.0109251,-0.00302126,-0.00613817,-0.0036235,-0.0338088,-0.0443808,-0.218739,0.020466],[-0.0391915,-0.0741633,0.476696,0.00294334,-0.200399,0.240196,-0.0216179,0.0194746,-0.106042,0.0551862,-0.0207645,0.00285324,-0.00773318,0.00224901,0.00915665,-0.0250869,-0.0380148,0.00293301,-0.00941394,-0.0390349,-0.0782814,-0.0466837],[0.0386402,0.0356587,0.509747,0.298409,-0.145889,-0.0859728,-0.203224,0.0093772,0.00894134,0.121975,0.00745768,-0.00506818,0.0111679,-0.0168001,0.014678,-0.00149262,-0.135042,-0.00555748,-0.118221,0.055567,-0.0902106,-0.0841429],[0.0741031,0.433643,-0.528567,-0.257043,0.64346,-0.0736652,0.34861,0.0593663,1.15122,-0.367599,-0.113494,-0.0212236,-0.0346597,-0.0173896,0.014917,0.0615648,0.0469207,-0.0519624,-0.255628,0.106851,0.0551497,0.121736],[0.0169322,-0.0820844,-0.154756,0.188091,0.0379467,-0.0229386,0.0614262,-0.00986008,-0.0142509,-0.0573981,-0.0505067,0.00597019,-0.000858054,0.00538756,-0.00197869,-0.00814351,-0.0186535,-0.00630136,-0.0349531,0.0204544,-0.417513,-0.00110273],[0.078877,0.0697478,0.1795,0.449779,0.130491,0.20693,-0.0508133,0.0455068,-0.0433117,0.0314316,0.0130031,0.00512649,-0.0132014,0.00565927,-0.0195058,0.0188634,-0.0115984,-0.0119791,0.0093565,0.00585635,0.397733,0.0235269],[-0.274435,-0.343278,-1.84627,0.0689644,-0.568902,0.00750033,-0.0133097,-0.0454898,0.0999726,-0.433412,-0.273435,0.0615738,-0.00611443,0.0573219,0.0603394,0.0443368,0.16657,-0.152504,0.113871,-0.309087,-2.08167,0.0270379],[-0.366876,-0.448611,-2.91218,1.13446,0.978858,0.873554,0.717001,0.218701,0.294716,-0.506207,-0.342412,-0.150503,0.0572821,-0.101697,0.0372185,0.237026,0.214029,0.269514,-0.410617,-0.40792,-0.834281,0.0874719],[0.0253592,0.13117,0.52106,-0.359399,-1.37296,-1.50209,-0.157292,-0.447082,0.886027,0.751299,-0.149393,0.0620054,-0.222287,-0.00986452,-0.098176,0.242382,0.293359,0.252884,-0.293649,0.0416553,-2.01403,-0.132594],[0.289196,-0.140047,2.66072,0.493268,1.4527,1.05669,0.50469,0.461163,-0.914178,-0.630864,0.269938,-0.144887,0.0564271,-0.142013,-0.112674,-0.0484937,0.204201,0.254208,0.178708,-0.114663,-2.41751,-0.161098],[0.0453837,0.763532,-3.27155,-0.435609,-0.625118,0.325627,-1.42458,0.170991,-0.0244041,0.851787,0.348243,0.0200138,-0.0190824,0.0814073,-0.0782404,-0.250915,-0.340762,0.17275,1.17468,-0.213661,-8.1441,0.723374],[-0.558168,-0.667737,0.0575433,-0.0216921,-0.148848,0.332472,0.154829,0.0171028,1.06714,0.0884459,-0.109136,-0.00164753,0.0153318,-0.00544438,0.0359057,0.0265551,0.162239,0.153472,0.257407,0.0041053,-1.00591,-0.0305532],[-0.324817,-0.125179,-0.559346,0.120767,0.298014,0.199498,0.374859,-0.0718087,-0.0964414,-0.203767,0.0165786,0.0128399,0.013684,0.0244766,0.0134047,-0.00657784,0.525651,0.0136078,0.079743,0.0718019,0.650215,0.117896],[0.880563,0.654612,-0.311779,-1.70236,2.61786,-0.0441468,-0.0710697,0.360866,0.055173,-0.572118,0.214164,0.00336108,-0.112049,-0.000639088,-0.0182803,-0.166608,0.0977066,-0.0850288,0.305544,0.094449,1.55738,-0.240563],[-0.296322,-0.317488,-0.348868,1.12779,0.630415,0.169393,0.568455,0.133982,-0.542197,-0.327568,-0.0481999,-0.00198701,0.0810178,0.00959833,0.0207892,-0.100416,0.199804,-0.172141,0.083085,0.0035461,-0.341886,-0.0601935],[0.166124,0.348252,-0.102477,0.300232,-0.150241,-0.113182,-0.0735405,-0.0203963,-0.976525,0.247082,0.0603771,-0.0318748,-0.0133234,-0.0236228,0.0245055,0.124375,-0.0682941,-0.129936,-0.220564,0.206418,-0.105297,-0.0131767],[0.00132451,-0.0176927,0.183314,0.0171254,-0.0063035,-0.00522213,0.0203713,-0.000615164,-0.0152521,-0.0306509,0.00726287,-0.00155159,-0.00244445,-0.00278781,-0.0046775,0.00455584,0.00105514,0.0130846,-0.0232865,-0.00986558,0.0918547,0.0137509],[0.0722657,-0.0294673,0.92619,0.0938989,-0.427058,0.59392,0.458092,-0.176022,0.548737,-0.400294,-0.0251748,-0.0347412,0.0947926,-0.0213502,0.0732941,0.0471532,0.177885,-0.0128678,-0.286532,-0.0746094,0.826263,-0.369302],[0.143498,0.127298,0.0593004,-0.479774,0.135609,0.0606274,0.135793,0.0683638,-0.219477,-0.244465,0.046817,0.0153545,0.00262375,0.0152479,0.029638,0.0400937,0.0496731,-0.0573733,-0.0504392,-0.0218713,1.45085,0.0408538],[0.0405055,0.0769931,0.131119,0.278831,-0.0778455,0.0730021,-0.0631229,-0.00567533,0.046301,-0.176395,-0.0172333,-0.000500983,-0.00331424,-0.00242124,-0.0250538,-0.00803026,-0.0384283,0.0153229,-0.111453,0.069283,0.605324,0.0685584],[-0.0120807,0.0127633,0.0438972,0.0191115,0.0113152,0.0105567,-0.00768159,0.0086076,-0.02517,0.0233864,0.00849109,-0.000252642,0.00144872,0.000251877,-0.000246941,-0.0100819,-0.0089852,-0.00693939,-0.00215354,0.00333162,0.145671,0.00741388],[0.00170326,0.0168328,-0.289633,0.153844,0.0023481,-0.0480511,0.023773,-0.01575,-0.0759697,-0.0715075,0.00678362,3.04083e-05,0.0010573,-0.00202454,-0.000167523,0.00560007,0.00020484,0.00675149,0.0267211,-0.0212325,-0.0446129,0.0134912],[-0.0571963,-0.0977444,0.0190142,0.0470158,0.0612743,-0.0772508,-0.0867652,0.0233346,0.0991148,0.0337641,0.00788954,-6.33677e-06,0.00367948,0.00231017,-0.00456748,0.00101686,-0.0650079,0.016683,0.000644798,0.00366395,-0.242996,0.0381418],[-0.0509295,-0.0426144,-0.239701,0.0684517,0.0845436,0.11791,0.0601848,0.00709052,-0.120714,-0.0106186,0.0322541,0.00365681,0.0219068,5.92955e-05,0.0130554,-0.0260094,0.0700839,-0.0265477,-0.0618467,0.0161502,0.128134,0.0302913],[0.0559769,0.104012,-0.00063679,-0.151091,0.0680796,0.0299727,-0.00242462,-0.00864984,0.0344743,0.00701843,0.0146928,-0.0199057,-0.00556002,-0.0188452,-0.0389382,0.041137,-0.0674771,-0.0144187,-0.0509835,-0.00713188,-0.161449,-0.0327104],[-0.176112,-0.425659,1.32192,0.824852,-0.541725,0.153991,0.12584,0.0317914,-0.484362,0.107445,-0.167578,-0.0118207,0.101694,0.00534002,0.0853767,-0.0767032,0.0366085,0.141204,-0.117188,0.194965,-1.12678,-0.0780857],[-0.0201725,0.0302675,0.181908,-0.0361901,-0.0756725,-0.103967,0.0352545,-0.00483762,0.0577669,-0.0475536,0.0341738,0.00282422,0.00513726,0.00218744,-0.000203715,0.00932239,0.0237205,-0.0110756,0.0420008,0.00738866,-0.445552,0.0259669],[0.0317247,0.0512218,0.163746,-0.201583,0.0612961,0.154364,-0.0403392,-0.0317495,-0.0728033,0.175366,0.0107811,0.00554289,0.0200872,0.00131442,0.00479153,0.00493197,0.0350195,-0.00238756,-0.0369515,-0.0296516,0.295593,-0.0211522],[-0.000158216,-0.0177192,1.03685,-0.133493,-0.262871,0.0990256,-0.181483,-0.214493,0.823313,0.101002,0.21449,-0.00421675,-0.100249,-0.00229074,-0.112847,-0.0912098,-0.168559,0.102308,0.259578,-0.108163,-0.550823,0.154809],[-0.109321,-0.439568,0.958806,0.332558,-0.40811,0.168433,0.151916,-0.243592,0.332981,0.0798448,-0.119488,-0.0803365,0.0389588,-0.0460778,0.133275,0.0036942,-0.184799,0.487654,0.355101,0.103404,1.2905,0.0217007],[-0.342199,-0.355391,-2.37332,0.228916,-0.365659,-1.10732,-0.647288,0.19337,-0.593939,-0.106942,-0.0967606,0.0147073,-0.0143556,0.0154143,0.0331957,-0.385264,-0.303713,-0.0191228,0.253268,0.269586,-1.59631,0.243884],[0.138392,0.236643,0.385245,-1.06903,-0.265553,-0.40374,-0.255973,0.0155901,-0.287634,-0.250804,0.130035,-0.0531697,-0.00416628,-0.0812283,-0.00460986,-0.402908,-0.04701,0.415999,0.153904,0.207582,0.963529,0.167638],[0.316328,0.0589059,3.53708,0.525659,0.767891,0.391602,0.221306,-0.0327508,-1.13244,-0.832293,0.0270371,-0.121989,-0.00280815,-0.1071,-0.125311,0.308078,-0.00323727,-0.313511,-0.314961,0.204358,2.64083,-0.247771],[0.214582,0.496157,0.470751,0.740832,-0.215411,0.284069,-0.104772,-0.0355017,-0.364267,-0.0315311,-0.00572476,0.015249,-0.0337069,0.0155303,-0.0341204,-0.0307393,-0.0610215,0.148771,0.154264,-0.0498888,-1.21921,-0.0493026],[0.0577594,-0.0930879,-0.399069,-0.045736,0.172997,0.0561841,-0.0256168,-0.00937415,0.500961,0.28761,-0.10179,-0.00648946,-0.0989101,-0.0125578,-0.0344272,-0.0540638,-0.0159546,0.0565107,0.0159592,-0.0104317,0.654326,0.0131351],[-0.25367,-0.322523,-1.41294,0.881262,-0.772015,-0.225697,0.0132659,-0.130374,1.85058,0.106947,-0.195185,0.0430771,-0.0130416,0.0306777,0.0389881,0.168619,-0.152952,-0.143052,-0.27589,0.0370238,-2.08708,0.137595],[-0.10283,0.310543,-0.922478,-0.81024,-0.445787,-0.327159,-0.0207805,-0.12162,-0.181557,-0.00583422,0.0939014,0.0126658,0.0240431,0.0269193,-0.013594,0.0166748,0.0380209,0.0839957,-0.223795,0.054808,-0.311888,0.110804],[-0.00089869,0.159695,-1.04758,0.540147,0.11401,-0.0519184,-0.41499,0.12124,0.337065,0.359939,0.0460791,-0.000773198,-0.0723285,-0.0168734,-0.103973,-0.00908651,-0.166665,-0.0944252,-0.246605,0.0273012,-0.098932,0.0151076],[0.0111356,-0.00840374,0.0517901,-0.0485563,-0.0323578,0.02087,0.0175327,-0.00063437,-0.0280027,-0.0161199,-0.00053571,-0.000854107,0.00079206,-0.00190489,-0.00118502,0.00164136,0.00163047,0.00797005,-0.0155252,-0.00532955,-0.0092478,-0.00876768],[-0.00360118,0.000881993,-0.27752,-0.246509,0.511676,-0.530583,-0.16426,0.0254048,-0.0695969,0.121966,0.0329895,-0.000854055,-0.00634602,-0.0209046,-0.049393,-0.0450909,-0.0264271,-0.0391102,-0.034918,0.0116334,-0.737679,0.0754815]],"sigmahat":[[0.240386,0.147499,0.124296,-0.164328,0.0481254,0.00691953,-0.0284177,0.0301837,0.0823162,-0.0102524,0.0310532,0.00051066,0.00119676,-0.00504606,0.000472204,0.0170506,-0.00384268,0.0140499,-0.00429955,0.00331724,0.407156,-0.0564537],[0.147499,0.407098,0.0186591,-0.17407,-0.0777667,-0.092397,-0.0720043,-0.0111502,-0.0890846,0.0301871,0.0728016,0.00060106,-0.0278715,-0.00471217,-0.0132435,0.0243615,0.000934801,0.0270792,0.0150462,0.00400603,0.17211,-0.0171023],[0.124296,0.0186591,8.06955,1.0653,0.542277,1.08064,0.380427,-0.0220481,-0.432681,-0.57758,0.0320308,-0.0398023,-0.055799,-0.0542785,-0.0167405,-0.0598936,0.0430877,0.149776,-0.0724388,-0.0708601,2.51028,-0.294032],[-0.164328,-0.17407,1.0653,3.77011,0.178602,0.427403,-0.0378073,-0.00337201,0.339729,-0.33318,-0.16254,0.000326376,-0.0110075,-0.00246939,0.0222431,0.0735734,-0.179811,0.0303732,-0.236807,0.12677,-1.55683,0.0159858],[0.0481254,-0.0777667,0.542277,0.178602,1.78231,0.267181,0.23562,0.0961207,0.00877858,-0.172239,0.00935567,-0.0185241,-0.044319,-0.016086,-0.0451945,-0.000492521,0.0738382,-0.0849668,0.13997,-0.0377542,0.645729,0.0112259],[0.00691953,-0.092397,1.08064,0.427403,0.267181,1.11447,0.181836,0.0379961,0.0309098,-0.102098,-0.0338164,-0.0112083,0.0312661,-0.00394106,0.0201925,0.0268784,0.0929037,-0.00733097,0.116228,-0.0639787,0.684213,-0.046485],[-0.0284177,-0.0720043,0.380427,-0.0378073,0.23562,0.181836,0.436888,-0.0309286,-0.0330389,-0.322015,-0.00691191,-0.0118166,0.017485,-0.00617039,0.0212237,0.0563953,0.196482,-0.0212172,0.0355436,-0.00554735,0.836834,-0.0323801],[0.0301837,-0.0111502,-0.0220481,-0.00337201,0.0961207,0.0379961,-0.0309286,0.0772782,-0.00766443,0.0269844,0.0166497,0.00150219,0.00291621,0.000972588,0.00353824,-0.0357347,-0.0138474,0.0011135,0.0630651,-0.0112628,0.023734,-0.00843343],[0.0823162,-0.0890846,-0.432681,0.339729,0.00877858,0.0309098,-0.0330389,-0.00766443,2.46843,-0.434406,0.0334743,-0.0163247,-0.020127,-0.0229693,-0.00663796,0.0446825,0.0221206,0.0289706,-0.0829605,0.0244252,0.523336,0.0955158],[-0.0102524,0.0301871,-0.57758,-0.33318,-0.172239,-0.102098,-0.322015,0.0269844,-0.434406,0.861307,-0.0353198,0.010845,-0.0195327,0.00843868,-0.0126668,-0.0300555,-0.147414,0.0268514,0.121476,-0.00963154,-1.25904,-0.0313349],[0.0310532,0.0728016,0.0320308,-0.16254,0.00935567,-0.0338164,-0.00691191,0.0166497,0.0334743,-0.0353198,0.0759561,-0.00285377,-0.00145323,-0.00362127,-0.00900247,-0.0150687,0.0199478,0.0080579,0.0431692,-0.00342929,0.162891,-0.00630233],[0.00051066,0.00060106,-0.0398023,0.000326376,-0.0185241,-0.0112083,-0.0118166,0.00150219,-0.0163247,0.010845,-0.00285377,0.00506946,0.00203399,0.00346848,0.00266871,-0.00335494,-0.00244847,0.000711622,-0.00217712,0.00172194,-0.0284142,0.00317447],[0.00119676,-0.0278715,-0.055799,-0.0110075,-0.044319,0.0312661,0.017485,0.00291621,-0.020127,-0.0195327,-0.00145323,0.00203399,0.0366802,0.00336316,0.010366,0.0093199,0.0103948,-0.000135278,-0.00593348,0.00980736,-0.0487975,0.00160778],[-0.00504606,-0.00471217,-0.0542785,-0.00246939,-0.016086,-0.00394106,-0.00617039,0.000972588,-0.0229693,0.00843868,-0.00362127,0.00346848,0.00336316,0.00539279,0.00344828,-0.00267083,-0.0023003,-0.000536722,0.00129431,0.00219761,-0.0532378,0.00602717],[0.000472204,-0.0132435,-0.0167405,0.0222431,-0.0451945,0.0201925,0.0212237,0.00353824,-0.00663796,-0.0126668,-0.00900247,0.00266871,0.010366,0.00344828,0.0185966,0.00194821,0.00778311,0.00532787,0.012973,0.00441093,0.0212626,-0.00439072],[0.0170506,0.0243615,-0.0598936,0.0735734,-0.000492521,0.0268784,0.0563953,-0.0357347,0.0446825,-0.0300555,-0.0150687,-0.00335494,0.0093199,-0.00267083,0.00194821,0.122161,0.0132306,-0.0203642,-0.0410453,0.00548482,-0.31354,-0.00395539],[-0.00384268,0.000934801,0.0430877,-0.179811,0.0738382,0.0929037,0.196482,-0.0138474,0.0221206,-0.147414,0.0199478,-0.00244847,0.0103948,-0.0023003,0.00778311,0.0132306,0.181715,0.000950652,0.0324886,0.00180747,0.629225,-0.01136],[0.0140499,0.0270792,0.149776,0.0303732,-0.0849668,-0.00733097,-0.0212172,0.0011135,0.0289706,0.0268514,0.0080579,0.000711622,-0.000135278,-0.000536722,0.00532787,-0.0203642,0.000950652,0.0718615,0.0520204,0.00248022,-0.14183,0.000268735],[-0.00429955,0.0150462,-0.0724388,-0.236807,0.13997,0.116228,0.0355436,0.0630651,-0.0829605,0.121476,0.0431692,-0.00217712,-0.00593348,0.00129431,0.012973,-0.0410453,0.0324886,0.0520204,0.507779,-0.033243,-0.221697,0.0161386],[0.00331724,0.00400603,-0.0708601,0.12677,-0.0377542,-0.0639787,-0.00554735,-0.0112628,0.0244252,-0.00963154,-0.00342929,0.00172194,0.00980736,0.00219761,0.00441093,0.00548482,0.00180747,0.00248022,-0.033243,0.102143,-0.0296671,0.0124377],[0.407156,0.17211,2.51028,-1.55683,0.645729,0.684213,0.836834,0.023734,0.523336,-1.25904,0.162891,-0.0284142,-0.0487975,-0.0532378,0.0212626,-0.31354,0.629225,-0.14183,-0.221697,-0.0296671,16.1544,-0.308451],[-0.0564537,-0.0171023,-0.294032,0.0159858,0.0112259,-0.046485,-0.0323801,-0.00843343,0.0955158,-0.0313349,-0.00630233,0.00317447,0.00160778,0.00602717,-0.00439072,-0.00395539,-0.01136,0.000268735,0.0161386,0.0124377,-0.308451,0.144566]],"n":22,"lags":3}