{"betahat":[[1.34609,1.66283,0.883282,-8.10183,-9.36238,12.2375,0.859618,1.56774,-1.41879,-0.753617,0.690197,2.1799,11.3981,172.473,2.483,1.36284,39.9767,11.1073,-7.01045,21.8352,-16.6204,-14.4516,-2.03907,10.2017,5.62848,0.927194],[0.904731,0.0122613,-0.0798606,-0.140613,-0.133174,0.0470257,-0.00774117,-0.032135,0.0619254,0.0598035,0.0321641,0.0104342,-0.112461,-1.99904,0.0342963,0.0481955,-0.555215,-0.0226496,-0.076941,-0.0292264,-0.495237,-0.0260773,0.0632597,-0.294647,-0.105366,0.0266814],[0.0247355,0.998959,0.157828,0.0111206,-0.0583393,0.368906,0.0228697,-0.0337908,-0.00512913,-0.0140805,0.0164915,0.0471512,0.578167,2.33618,0.0482597,0.0182088,0.493654,0.0291776,0.0123797,0.181848,-0.0100108,0.173911,-0.00980471,-0.00152592,0.117772,0.0404678],[0.0467582,0.0574759,0.95906,0.022116,-0.0274245,0.0783487,-0.0180461,0.007187,0.00904308,0.0155914,0.0167326,-0.00425444,0.116574,0.703065,-0.00855343,-0.0296144,0.161303,0.0163725,0.0388447,-0.0441502,0.0182902,-0.0284072,0.00512179,0.0134728,0.0219874,-0.00419788],[0.0553436,-0.179977,0.530738,1.02759,0.929759,0.163183,-0.0121383,-0.0465959,-0.0230214,-0.00465891,0.0661233,0.00350544,-0.746824,-0.655327,0.0234099,0.0441588,-0.478872,0.0231769,0.120149,-0.0683673,0.338901,1.00681,-0.0144934,-0.325278,0.0302456,0.0274085],[0.0136856,0.042854,0.0276755,0.00405773,0.904222,0.0466588,-0.00231622,-0.00359168,0.0182743,0.0165673,0.0110155,0.0126486,0.113167,0.91936,0.00719421,0.00361553,0.163994,0.00208908,0.0104465,0.0248292,-0.0237396,-0.271138,0.0160503,0.131568,0.0642339,0.00995638],[0.0303012,-0.0040766,-0.0377127,0.026681,0.159986,0.878027,-0.0138475,-0.0149622,0.00563095,0.00352181,-0.0184169,-0.028564,-0.0862419,-0.900186,-0.0121751,0.014016,-0.189846,0.00554594,-0.0106387,-0.00409827,0.0831786,0.195928,0.0252422,-0.12219,-0.0915479,-0.00624781],[-0.0791356,-0.105614,0.028647,0.0306212,-0.0596039,-0.190891,0.863202,-0.0593323,0.0123953,-0.00820959,0.150575,0.202938,-0.368841,-2.67338,0.0428329,0.0740164,-0.7768,-0.0369913,-0.0223472,0.139339,0.0361826,0.0809131,0.0208743,-0.291079,0.0812673,-0.0320152],[-0.149662,0.116117,0.14169,0.172592,0.273506,-0.773525,0.0406874,0.261544,0.0438891,0.0368924,0.169851,-0.458505,-0.554003,-2.78552,0.144844,0.0379735,3.3305,-0.265216,-0.0135036,-0.173035,-0.994657,0.831082,0.00149144,-0.325947,-0.206172,0.00256863],[-0.0959026,-0.051396,-0.107287,0.0937197,-0.302893,0.083249,7.7539e-05,-0.0679457,0.898727,-0.111183,-0.0255451,0.0309054,0.186692,-2.09522,-0.0416085,-0.0203624,0.260854,-0.0369158,-0.0170059,0.0139371,-0.652361,0.105298,-0.0549621,-0.279667,-0.220328,-0.0180191],[0.272545,-0.100867,0.235254,0.244506,0.0248979,0.0517846,0.0118417,-0.0670596,0.147853,0.953316,0.0113218,-0.0508165,-0.344968,0.0576323,-0.0604252,-0.050711,-0.751206,0.0496188,-0.0712084,0.234903,0.139863,0.0510576,0.179038,-0.372082,-0.0210121,0.0127857],[-0.0393115,-0.0261184,-0.706278,-0.178216,0.788433,-0.591399,0.121615,-0.00701227,0.408099,0.497654,0.900099,-0.172151,-1.7126,-0.491171,-0.062953,0.0595882,-2.61513,0.0504703,-0.0371413,-0.157408,1.13286,0.253031,0.484056,-0.333977,0.245039,-0.0467742],[-0.0225824,-0.0808442,-0.0108177,0.00259064,-0.0959904,-0.207201,-0.139489,0.0377718,-0.0275205,-0.0289034,0.0192221,1.1311,-0.36471,-0.99578,0.0126902,0.0418578,-0.774136,0.00778023,0.0142596,-0.16506,0.28064,0.546359,-0.0240823,0.0532766,-0.136797,0.0120117],[0.01119,-0.00620222,-0.0329854,0.0169115,0.174637,0.0139829,0.0153873,0.00561021,0.0325028,0.03957,0.015431,0.00306136,0.614434,-0.664229,-0.00250469,0.0163813,-0.47618,0.0098561,-0.0100712,-0.0368896,0.173863,0.125409,0.040594,0.0385156,0.0100987,-0.00180699],[0.00575265,0.00198344,-0.00403078,0.00459771,-0.00642707,0.0222437,0.00722691,0.00239992,-7.29857e-05,-0.00219826,0.0013302,-0.0145388,0.0327117,0.903036,-0.00238422,0.000108462,-0.047785,-0.000719047,0.00172097,-0.014754,0.0153638,-0.00174005,-0.0020824,0.0196998,-0.00183002,-0.00215536],[0.383835,0.132207,0.657578,0.0292734,0.607891,1.44159,-0.045675,-0.0309682,-0.149839,-0.252139,0.045219,0.220669,2.24198,-4.42332,0.944886,-0.0678991,1.91464,0.00622245,-0.113157,1.30184,-0.111114,-0.433054,-0.245261,0.902947,-0.623175,0.283283],[-0.516299,-0.144578,-0.723632,-0.00497249,-1.5675,-1.348,0.0189028,0.112861,0.24835,0.288218,0.0444026,0.354696,-0.822853,-0.936585,-0.00140065,0.938181,-1.98505,-0.0640379,0.158986,-0.175368,-0.591525,0.358344,0.260525,-0.194552,-0.170771,-0.0112939],[-0.000275827,-0.00826561,-0.0034115,-0.014356,0.0440508,0.045946,-0.0150534,0.00424153,0.0036944,0.00245876,0.0144892,0.0162827,-0.025032,0.135954,0.0119508,0.00326138,1.07363,-0.00349514,0.010482,0.0120854,0.0239187,-0.0184087,0.00236909,0.00612299,0.0263181,-0.00138079],[0.124234,0.11981,-0.0547983,0.00839012,0.303378,-0.0528471,-0.0634081,-0.00494305,-0.0805036,-0.119636,-0.0986616,-0.118848,0.303989,-6.5251,-0.0945308,-0.0659071,-1.09595,0.529727,0.200517,-0.0818679,0.334804,0.466598,-0.0627048,-0.585603,-0.453611,-0.0257678],[0.0939278,0.198906,0.592719,-0.0122775,-1.20068,-1.03587,-0.0232041,0.0643322,-0.00284447,-0.0125665,0.196093,0.0112268,-1.91851,0.22933,0.076019,0.0714098,-0.936855,0.236711,0.632385,0.0875685,0.517204,0.336601,0.00989095,-0.793462,0.268258,-0.0678915],[-0.00570024,-0.0440322,-0.0536632,-0.00797458,0.0858084,-0.034489,0.012261,0.0208533,0.0322323,0.0448066,0.0134975,-0.0371582,-0.0639822,-0.635095,0.00173351,-0.00522208,-0.0884348,-0.0309013,-0.00207759,-0.359618,0.202069,-0.0411951,0.0406615,-0.0744751,0.0216125,0.00318107],[-0.0430174,-0.0661725,-0.208346,0.00593,0.193632,-0.0804291,0.000770852,0.00724155,0.00591589,-0.00163135,0.0241074,-0.0290667,-0.222594,0.149166,0.0168412,0.00455883,-0.172535,-0.000329165,0.00743744,0.0515586,-0.26287,0.0504171,-0.00162961,0.174994,-0.0243199,0.00104278],[0.00436253,-0.0327301,-0.0663645,0.0337528,0.0999506,-0.0679035,0.0176791,-0.0106939,-0.00176722,-0.00725412,0.00811096,-0.0181956,-0.542075,-0.965915,-0.0115827,0.00490812,-0.389078,0.00508987,-0.00375922,-0.011012,0.200151,0.943838,0.0126454,-0.0805709,-0.0506492,-0.0132955],[-0.416162,-0.184953,-0.354311,-0.0624472,-1.21242,-0.806503,0.0914073,0.0274113,0.0616094,0.0856809,0.0258478,0.0748841,1.26429,0.489385,0.0723895,0.0120078,0.795264,0.00642731,0.0962041,-0.292199,-0.27484,-0.638484,1.00876,0.18055,0.0679754,0.0228695],[0.0520406,0.0804522,-0.0146553,0.0298364,0.0591818,0.0324603,0.0255004,-0.0120373,0.0112868,0.020356,0.0115919,-0.00276339,0.014395,0.788911,0.00365908,-0.00907309,0.215322,0.00887206,-0.00626062,-0.0235587,-0.076791,0.0644025,0.00492713,0.411443,-0.0427567,0.0090615],[0.1277,0.181763,0.494127,0.146212,0.376129,0.250718,0.0316123,-0.0132077,-0.0433699,-0.0166152,-0.0445966,0.0563969,0.0739146,1.94564,0.030359,0.0359201,0.0528953,-0.0602272,-0.0528285,-0.0374304,-0.156389,-0.208979,-0.0214639,-0.205469,0.435105,0.0124426],[0.564632,0.671309,2.13351,-0.173275,-0.38937,0.632247,-0.0597203,-0.0793217,0.137704,0.192463,-0.224025,0.264214,1.46771,3.75444,0.112638,-0.0714722,5.94233,-0.111419,0.0268515,-0.179292,0.352858,-1.90535,0.0525184,1.58082,0.304187,1.20641],[-0.0566256,-0.0973509,-0.0261376,0.050493,-0.0596255,-0.288909,0.0307963,0.0126068,-0.0497684,-0.0444719,-0.0285002,-0.0198287,0.081772,0.699342,-0.00994875,-0.00822439,0.214224,0.0283971,0.0389334,0.0903286,0.256691,0.0943968,-0.0457295,0.239133,0.0200253,-0.0159722],[-0.0372139,-0.0951058,-0.19354,0.00102087,0.116053,-0.413158,-0.00430159,0.0264101,0.0210306,0.0404721,0.0135315,0.0171018,-0.514522,-2.84807,-0.0324885,0.00295648,-0.484358,-0.0139059,0.00958482,-0.13429,0.0903736,0.203848,0.0320005,-0.112681,-0.0261048,-0.0367804],[-0.059338,-0.0329921,-0.0104745,-0.0359949,-0.113729,-0.143797,0.00195543,-0.000504437,-0.00610996,-0.00847942,-0.0115496,0.0307799,-0.0553505,-0.516788,8.86384e-05,0.0281373,-0.262191,-0.0233021,-0.0229516,0.0933205,-0.129913,-0.16586,-0.00576062,0.0475114,-0.0380008,-0.00327674],[-0.000407579,0.131758,-0.502853,-0.0618752,-0.484348,0.0091034,0.0625189,0.0290199,0.0408095,0.0262235,-0.0476097,-0.0154766,0.102502,-0.153303,0.00773456,-0.00765646,0.201733,0.00516466,-0.0560792,0.0771588,-0.161719,-0.801024,0.0417729,0.427918,-0.055419,-0.0201549],[-0.00947331,-0.0205104,0.00230989,-0.0160211,0.034189,-0.0393295,0.0105145,0.00263391,-0.0181921,-0.0170512,-0.00841344,-0.0259428,-0.0159017,-0.327603,-0.00287273,-0.000479794,-0.124657,0.00296642,-0.0141913,-0.0418463,0.0360675,0.185276,-0.0172894,-0.122842,-0.0388926,-0.00422134],[-0.0736959,-0.0367603,0.0302593,-0.0321576,-0.116739,-0.0425654,0.011093,0.0125104,-0.00848275,-0.00427004,0.0161956,0.0158771,-0.0114265,0.547909,0.00387899,-0.00240876,-0.0645091,0.000783436,0.000575171,-0.00531883,-0.086025,-0.0395976,-0.0158765,0.00203668,0.0741866,-0.00519782],[0.00206838,0.0601328,-0.0280988,-0.0103332,0.0995664,0.0448115,-0.163857,0.0944544,-0.0445511,-0.0428201,-0.165016,0.0826133,0.402673,3.18257,-0.0791385,-0.0958802,0.297643,0.00313576,0.00427233,-0.0931805,-0.272665,0.0273529,-0.055888,0.341404,-0.106861,0.00492547],[-0.11927,-0.0683072,0.0979794,0.0841656,0.693071,0.511261,0.036757,0.400515,-0.0214381,-0.0175103,-0.175501,-0.157637,1.48765,4.01613,-0.132543,-0.229306,0.126217,0.0321298,-0.0570044,-0.313298,-0.519244,-1.04298,-0.128271,-0.879208,0.0412579,0.00955895],[0.0134531,0.108326,-0.035997,0.0160924,0.354544,-0.141769,-0.104412,0.0431373,-0.0145436,0.0134113,-0.00673366,-0.0446859,-0.215361,1.34561,0.0224136,0.0228122,-0.533067,-0.0413057,-0.0313479,0.110813,-0.0621562,0.0758772,-0.0273909,-0.0541418,-0.14261,-0.0055994],[-0.0721806,0.0760319,-0.35995,-0.0956727,0.506828,-0.142558,-0.114302,0.0394292,-0.153542,-0.114735,0.0814102,0.00472813,-0.26557,-0.839962,0.0347983,0.0487886,-0.315511,-0.0209748,-0.0250747,0.324746,-0.0905272,0.0662693,-0.147237,0.126916,-0.249662,-0.000923381],[-0.0718119,0.0117237,0.144693,-0.00708018,-0.0287782,0.509651,-0.0928648,0.00301277,-0.314327,-0.343573,-0.234146,0.0212601,0.860313,-2.08299,-0.000162213,-0.11934,2.65277,0.0375319,0.0615981,0.0983363,-0.533345,-0.0277518,-0.375083,0.380031,-0.0541494,0.0211484],[-0.021943,0.0239082,-0.0177157,-0.0428074,0.10064,0.00423232,0.188684,-0.0432449,-0.0139948,-0.0264817,-0.0294047,-0.362161,0.0708044,-1.70896,-0.0382541,-0.0221503,-0.0930684,-0.0201535,0.00148227,-0.123263,-0.0301827,-0.144195,0.0104238,-0.428881,0.016974,-0.0206124],[-0.00384326,0.00877785,0.0600992,0.00182337,-0.120132,0.00432865,-0.00159441,-0.00146831,-0.0264152,-0.034235,-0.018209,-0.0107137,0.207197,0.55511,-0.00479685,-0.016336,0.36892,-0.00755271,0.00685999,0.0128303,-0.0996102,-0.0775278,-0.0313453,-0.00295799,0.00910955,8.16753e-05],[-0.00983867,-0.00838142,-0.027582,-0.00793452,-0.0151677,-0.0202853,0.0032551,0.00233472,-0.0011703,0.000859086,-0.00422605,0.00322567,-0.00686987,-0.0203581,0.00124252,0.00161029,0.0075957,0.00253535,0.00340694,-0.00767319,0.0168472,-0.00787905,0.00132716,0.00905846,0.00475661,-0.000556582],[-0.0209814,-0.178415,0.626627,0.0703442,0.553462,-0.302077,-0.0112114,0.0663967,0.0217957,0.0681563,-0.00165736,-0.000573775,-1.5498,-0.878391,-0.178185,-0.00549828,-2.80553,-0.11984,0.00422517,-0.722005,-0.639534,0.582244,0.0619349,-0.532506,0.0749577,-0.178563],[0.300114,0.192072,0.899536,0.00994349,-0.403746,0.604988,-0.0673451,-0.0535331,-0.093659,-0.143655,0.0820212,-0.211893,1.10146,3.40546,-0.012841,0.0273673,0.0487123,0.054895,0.0630486,0.328873,0.508708,-0.474372,-0.0630882,0.221517,-0.0887854,0.00172497],[-0.000753623,0.00150861,0.0094413,0.0134384,-0.0257166,-0.060325,0.0067759,-0.00409429,-0.00951762,-0.0123325,-0.00928897,-0.00567108,-0.0143017,-0.14282,-0.012428,-0.00104693,-0.127919,0.0036786,-0.00362721,-0.0031676,0.0118999,0.0132492,-0.0063818,0.00805987,-0.0132949,-0.0041512],[-0.200423,-0.21386,0.347264,0.0388948,-0.055249,-0.197163,0.0598589,0.0194176,0.0292044,0.0780869,-0.0380494,0.0669159,-0.406436,1.43935,0.0588921,0.0555696,0.266138,-0.0380221,-0.0166189,-0.177363,0.29433,0.212144,0.0700576,0.494583,0.150756,0.00540214],[0.185694,0.0709242,0.0260459,-0.0976236,1.06905,1.57973,0.101427,-0.0978691,-0.147043,-0.163173,-0.214086,-0.15365,1.24841,-0.657748,-0.0743678,-0.11158,2.34759,0.205735,0.00377654,0.0332909,-0.395974,-0.901258,-0.138985,0.5136,-0.265764,0.0711665],[0.00595724,-0.024623,0.0318926,-0.000893491,-0.0321384,-0.0574096,0.0208589,-0.00355515,0.0360424,0.057323,0.0190102,-0.0614415,-0.0136002,-0.0767121,-0.00566065,-0.000185039,-0.0743667,-0.0157697,-0.00898466,0.236878,-0.0312639,0.0912507,0.0509729,-0.0566798,0.0137291,-0.00192639],[-0.0138633,-0.056997,-0.102859,-0.00795961,0.0678916,-0.0295151,0.00510034,0.00650164,-0.0124935,-0.0161917,0.00288074,-0.0305464,0.010676,-0.0349333,0.00496359,0.00383999,0.0584705,0.00663062,0.00840158,-0.0754864,0.004798,0.126637,-0.0215243,0.0113271,-0.0157969,0.0020417],[0.0137516,0.0228928,0.0554505,-0.0180573,-0.053511,0.104168,-0.0101117,0.000135978,-0.00123155,0.00997494,-0.0115091,9.66291e-05,0.415932,0.719926,0.0117257,-0.00173628,0.376105,-0.0138925,0.00578736,-0.00278585,-0.0817925,0.0153337,-0.00668155,0.0312281,0.0442759,0.0122623],[0.135545,0.190227,0.249314,0.00685693,0.353779,0.608366,0.0177329,-0.00868779,-0.0874649,-0.0733368,0.0360192,-0.0188807,0.192337,3.06253,0.0752199,0.0472074,0.507839,0.0289306,-0.0190434,0.289232,-0.018564,-0.487609,-0.127729,0.406567,0.0547529,0.00823915],[-0.0274116,0.0139373,0.0362348,-0.024817,0.0565868,-0.0806354,0.00273847,-0.0107069,0.00649779,0.0151137,0.0108004,-0.00159909,-0.2645,-0.98171,-0.00172886,0.0103803,-0.275486,-0.0147086,-0.00752947,0.0174991,0.125455,0.159858,0.0181591,-0.128462,0.00510156,-0.0178402],[-0.00396039,0.0522447,0.149583,-0.109123,-0.375695,-0.0696805,0.043184,0.0178241,0.0653692,0.0485675,0.078152,-0.155192,0.256732,1.21196,0.0467994,0.00695978,0.245068,-0.0909566,-0.0082292,0.143868,0.0454764,-0.126727,0.0412496,0.00781655,0.123018,0.0451863],[-0.500153,-0.222962,-1.09417,0.145479,-0.657255,-0.434578,-0.0220368,-0.0101879,-0.00439931,-0.0188986,-0.0494776,-0.117092,0.280625,4.45731,-0.0636271,-0.0960145,-0.755969,0.0792549,0.0110112,-0.184523,-0.944639,1.01292,-0.0469975,-0.246055,0.274223,-0.126891],[0.151878,0.0851068,0.105918,0.0901075,0.192793,0.241874,-0.0231105,0.0195174,-0.0121263,-0.0153,-0.00366742,0.00942047,0.0306588,1.2995,-0.0243673,-0.0400014,0.340788,-0.00573634,0.0380092,-0.0611432,0.238282,-0.0681553,-0.0175049,0.0553913,0.0852784,-0.0106978],[0.012491,0.0961714,0.0356446,-0.0121147,-0.0576469,0.0442857,-0.0186183,0.00736227,-0.0158643,-0.0263502,-0.0300143,-0.0642421,-0.0636912,0.512081,-0.0157826,-0.0211959,-0.00936917,-0.015255,-0.0219464,-0.0476073,-0.0805606,-0.377508,-0.0221641,0.114062,-0.0917002,-0.00366964],[0.0124847,-0.0246109,0.0510257,0.0138526,0.141163,0.0652295,0.0159735,-0.00665966,-0.00288339,-0.00705496,-0.00521017,-0.0263934,-0.061584,-0.187699,0.00840418,0.00145543,0.100098,0.00688651,-0.0158687,-0.0491511,0.111438,0.194537,0.000700537,-0.0610866,0.0158512,0.00744884],[-0.0549947,0.048206,-0.0280575,0.0342339,-0.445592,-0.172447,-0.050396,0.0175614,-0.0177968,-0.0215801,-0.0184826,0.0119949,0.644163,0.807597,-0.0311387,-0.0365162,0.277243,-0.0283389,-0.0640056,-0.00873747,-0.177451,-0.205886,-0.0272979,-0.102345,0.0250981,-0.00724379],[-0.00428133,-0.0223465,-0.0299459,0.0118615,0.0613191,-0.00758609,-0.00828534,0.000920612,-9.70064e-05,0.000466573,-0.00260867,0.0133108,-0.0972564,-0.594649,-0.00440586,-0.00320072,-0.0396709,-0.00512405,0.00375983,0.016983,-0.0129074,0.0864636,0.00123073,-0.00925405,-0.0256039,-0.00574167],[0.0433413,0.0408061,0.00720706,0.00545597,-0.0432926,0.164223,0.00265828,0.00244529,0.00291776,0.000798722,0.00218993,0.0127987,0.0974898,0.350421,0.00826309,-0.0116165,0.253748,-0.00636176,0.0101396,0.00945703,0.00285131,-0.155941,-0.00929507,0.119936,0.0171953,0.0114474],[0.0777059,0.0491276,0.00186804,-0.0191006,-0.0374266,0.148145,0.299027,-0.0356335,0.03198,0.0507799,0.0147898,-0.285739,-0.027897,-0.5012,0.0357259,0.0198838,0.511152,0.0312542,0.0256784,-0.0502641,0.233121,-0.111963,0.0344573,-0.0466258,0.0260465,0.0274838],[0.303861,0.27004,0.359054,0.307874,0.489093,0.476096,-0.358984,-0.0472135,-0.0890346,-0.134724,-0.11289,0.421952,0.497109,3.10005,-0.0776684,-0.0198324,-0.371416,0.0572709,0.10689,0.429312,-0.417081,0.406934,-0.0698309,0.108253,0.119823,0.0206638],[-0.00111357,-0.0780025,-0.0304225,-0.0155951,-0.0281505,-0.228077,0.0136789,0.00180778,-0.0583214,-0.0571621,-0.0283625,-0.0173727,-0.18935,-0.770771,-0.0260058,-0.0172734,0.0971665,-0.00499738,-0.00609133,-0.0901929,0.316893,0.104315,-0.0479861,-0.136949,0.0806084,-0.0123614],[-0.0470973,-0.0134055,-0.129651,-0.0330128,-0.0507909,-0.0711831,-0.00715586,-0.00908897,0.036875,0.09233,-0.01995,0.0428563,-0.0483459,0.232887,-0.000556539,-0.0101906,0.10786,0.00856227,-0.00431721,-0.105664,-0.049196,0.242542,0.0394328,-0.358326,0.0547645,0.00964056],[0.168356,0.04834,0.23517,0.119833,-0.384359,0.231273,0.00854504,-0.0285821,-0.00973094,-0.055181,0.051147,0.101081,0.505074,-1.77817,0.0343528,0.0620029,-0.533821,-0.119856,-0.0258361,0.0304628,-0.157284,-0.393191,-0.0304602,0.20669,0.0839474,0.0485082],[0.0436596,0.0559365,0.0275733,0.039388,-0.00162368,0.202282,-0.0481463,0.00542608,0.0419518,0.0557388,0.0106406,0.229175,0.293326,2.712,0.0247456,-0.0204033,0.869664,0.0123049,-0.0127055,0.28482,-0.250915,-0.402196,0.0140576,0.372906,0.122448,0.00818251],[-0.00821701,-0.00435426,-0.030069,-0.0120473,-0.0531351,-0.0263406,-0.0136241,-0.0042589,-0.00948544,-0.00945131,0.00260709,0.0077916,0.151413,0.0403463,0.0078424,0.00125034,0.099432,-0.00569912,0.00374311,0.0320574,-0.0565927,-0.0391483,-0.0118154,-0.0273263,-0.0220247,0.00117656],[0.00168824,0.000995691,0.0143299,-0.000651196,0.0018267,-0.0133005,-0.00901509,0.000183655,-0.00140784,-0.00133845,-0.00127905,0.00986345,-0.00821897,-0.0916491,0.000105678,0.000621435,-0.0113805,-0.00277152,-0.00284938,0.005987,-0.00710036,0.0185091,-0.000151933,-0.0303474,-0.00760095,0.00138976],[0.0260352,0.0726271,-0.0680335,0.0642024,0.659808,-0.105685,-0.108182,-0.0120547,0.120482,0.141918,0.109706,0.108976,-0.812965,3.27668,0.0543845,0.0068083,0.443172,-0.0735228,-0.0683181,-0.0395748,-0.503639,0.439052,0.0776972,0.377857,0.175523,-0.00554749],[0.121632,-0.00433657,0.133522,0.0203206,0.828398,0.278472,0.13887,0.0346645,-0.00250314,-0.00709143,-0.0476752,-0.285095,-0.505751,0.124492,0.0191538,0.00123433,-0.0421606,-0.0298929,0.0383419,-0.0267255,1.34069,-0.0109347,0.0188995,-0.0290474,0.160999,-0.062167],[0.000502451,0.00334265,-0.000155866,0.00693617,-0.00639444,0.0146423,0.008315,-0.00333176,0.00786196,0.0104974,0.000113297,-0.00313974,0.0233634,-0.0221402,0.000252166,8.7431e-05,-0.0139792,0.00123072,-0.00148558,-0.0051553,-0.0309431,0.0147516,0.006243,-0.0218554,-0.00574897,0.00425073],[0.0210137,-0.0528884,-0.39376,0.0243477,-0.263153,-0.140394,0.102768,0.0468949,0.113271,0.111145,0.0570042,-0.0599348,0.0562847,3.23091,0.00670992,-0.00248417,0.308764,-0.141801,-0.0573817,-0.0363549,-0.0256138,-0.176798,0.0968731,-0.405711,0.25591,0.0189085],[-0.0988473,-0.0684708,-0.465548,0.198093,0.368079,-0.171762,-0.0163301,0.0234981,0.152132,0.203509,0.0711765,0.12481,0.453058,1.72114,0.081566,0.0693488,-0.433751,-0.174339,-0.0562767,-0.357249,0.0263398,0.231728,0.0942751,1.01639,0.0157176,0.0273322],[-0.00611811,-0.00139669,-0.0460838,0.00411763,-0.0198716,0.0193651,0.0239947,-0.00731767,0.00129233,-0.00202875,-0.00714514,-0.0188867,-0.0172195,-0.254606,0.00923771,-0.00118618,0.124618,0.00588953,0.00757525,-0.188224,0.0842706,-0.0333858,-0.0037212,0.0306415,0.00230073,0.00289417],[-0.0054453,-0.00518185,-0.0728261,-0.0215793,-0.00911286,0.0460059,-0.0193977,0.00399264,-0.0120772,-0.0166486,0.00524812,-0.0025459,0.0186459,-0.467741,0.0096445,-0.00436201,-0.00607884,0.00458068,0.000343046,0.018006,-0.157487,0.0775297,-0.013096,-0.00261097,-0.0265366,0.00342174],[-0.0191812,0.00992308,0.0133458,-0.0172583,-0.0462198,-0.0362984,-0.00851598,0.00969422,0.00441166,-0.00123962,0.00328147,0.0178153,0.127036,0.213619,-0.00206517,-0.00508856,0.00947551,0.00832438,0.000921024,0.00939265,-0.126908,0.0409804,-0.00473934,0.0451054,0.00252045,0.000780925],[0.109262,0.0181591,0.186684,-0.00303275,0.297336,0.164022,0.0361643,-7.04417e-05,-0.0602006,-0.0546633,-0.0296133,-0.0594965,-0.280472,-0.0536903,-0.0391948,-0.0454363,0.348526,0.0340603,-0.0171988,-0.153561,0.248928,0.126161,-0.0422367,-0.28441,0.113169,-0.0193393],[0.0431023,0.0421925,0.0275302,0.0165852,0.0654687,0.0460078,-0.0075271,-0.00384763,-0.00246397,-0.00225335,0.000314088,-0.0332747,0.0292175,-0.0180686,0.00473098,-0.00171607,0.0403652,-0.0015387,0.00917751,-0.04944,0.00524926,0.129349,-0.00310563,-0.0725735,-0.00380344,0.00542736],[0.011383,-0.0791883,0.045954,0.0657885,0.251517,0.092766,0.0932323,-0.0338528,0.0394684,0.0609843,0.0344189,-0.143837,-0.153536,0.496209,0.0141873,0.0190606,-0.0153267,0.0358656,0.00439498,0.0748901,0.118826,0.0249573,0.0446108,0.0593395,0.13957,0.0245597],[-0.209396,-0.330085,-0.891159,0.0165033,0.353499,-0.0908006,0.0681404,-0.00222044,-0.037471,-0.0541097,0.134713,-0.0864037,-0.679873,-3.35996,-0.0155173,0.153387,-2.56354,0.071407,0.0332113,0.296305,0.146515,0.983545,0.0553796,-1.13686,-0.241738,-0.147067]],"sigmahat":[[0.28875,0.216408,0.419361,0.085259,0.232145,0.483793,0.0149113,-0.0242117,0.022288,0.0204764,0.0295988,-0.0170939,0.227583,1.70292,0.0314647,-0.00102399,0.510561,0.00196468,-0.0129027,-0.00997051,0.177949,-0.150754,0.00701566,0.0449517,0.0915034,0.0279415],[0.216408,0.368368,0.433694,0.0472759,-0.150195,0.490898,-0.0109831,-0.0237396,-0.0059221,-0.0078142,-0.00591446,0.00350539,0.591449,2.22637,0.0387452,-0.0228765,1.03454,-0.00998764,-0.0113517,0.0189088,-0.0927785,-0.498486,-0.0415991,0.237534,0.0522371,0.039675],[0.419361,0.433694,1.82849,0.145853,-0.00760705,0.849127,0.0500231,-0.0560358,0.0212146,0.0246975,0.0545604,-0.0764697,0.673698,3.59865,0.0483144,0.00949938,0.669378,-0.0473984,-0.0542056,-0.034369,0.218229,-0.613973,-0.0121429,0.0381789,0.14342,0.0255481],[0.085259,0.0472759,0.145853,0.321792,0.135746,0.0541028,-0.0314808,-0.0278224,-0.0110149,-0.0176347,-0.009023,0.0100164,-0.10592,0.531888,0.0137967,0.00595704,-0.0105316,-0.0150876,0.030557,0.0445321,0.218947,0.087168,-0.00898331,0.0398607,0.0219522,0.00601957],[0.232145,-0.150195,-0.00760705,0.135746,2.72997,0.459514,-0.068417,-0.000763895,0.0463867,0.0533311,0.0603079,0.0220401,-1.89885,-0.714346,-0.0406349,0.00637227,-0.953581,-0.00745786,-0.00538976,-0.068971,0.5275,1.533,0.104045,-0.548091,-0.0196879,-0.0213657],[0.483793,0.490898,0.849127,0.0541028,0.459514,2.24319,0.139296,-0.0487504,0.059246,0.0751847,0.0658369,-0.0157706,1.18093,6.41477,0.0806653,-0.0699834,2.61855,0.00500414,0.0161043,-0.0563302,0.116909,-1.14129,-0.0290728,0.688862,0.377142,0.0848536],[0.0149113,-0.0109831,0.0500231,-0.0314808,-0.068417,0.139296,0.158327,-0.0136151,0.0270535,0.0320572,0.0321261,-0.119638,0.112036,0.624165,0.0236133,0.0182315,0.225115,0.0154006,0.0101478,-0.0370496,0.234721,-0.244343,0.0242751,0.109763,0.0960065,0.00276411],[-0.0242117,-0.0237396,-0.0560358,-0.0278224,-0.000763895,-0.0487504,-0.0136151,0.0378207,-0.00980949,-0.00829424,-0.0164251,0.0148024,-0.0140333,0.1172,-0.00999438,-0.0059596,-0.0329523,-0.00465697,0.00214656,-0.029021,-0.00184344,0.00304041,-0.00884379,0.0526102,0.00206819,-0.00587571],[0.022288,-0.0059221,0.0212146,-0.0110149,0.0463867,0.059246,0.0270535,-0.00980949,0.11702,0.132164,0.0435252,0.00273368,0.0104372,0.83205,0.0118705,0.00734892,-0.160057,-0.00235532,-0.00574541,-0.0293941,0.0187841,0.0326262,0.110815,-0.136389,0.039601,0.00796161],[0.0204764,-0.0078142,0.0246975,-0.0176347,0.0533311,0.0751847,0.0320572,-0.00829424,0.132164,0.174498,0.0533419,0.0048596,0.0516898,1.11554,0.0201646,0.0116037,-0.0486404,-1.63442e-05,-0.00088017,-0.0665598,0.0323024,0.0187466,0.13095,-0.143888,0.0545296,0.00902704],[0.0295988,-0.00591446,0.0545604,-0.009023,0.0603079,0.0658369,0.0321261,-0.0164251,0.0435252,0.0533419,0.0994965,0.0156909,-0.0383248,0.83073,0.0413117,0.0307751,-0.000337949,0.00672691,-0.000776268,0.0416759,0.0664898,-0.0174201,0.045228,0.00985984,0.05957,0.00626973],[-0.0170939,0.00350539,-0.0764697,0.0100164,0.0220401,-0.0157706,-0.119638,0.0148024,0.00273368,0.0048596,0.0156909,0.345969,-0.0945796,0.148299,0.00821663,0.0149627,-0.186358,-0.00236096,0.000773751,0.172022,-0.232164,0.102025,-0.00786965,0.0956143,0.00787429,-0.00105313],[0.227583,0.591449,0.673698,-0.10592,-1.89885,1.18093,0.112036,-0.0140333,0.0104372,0.0516898,-0.0383248,-0.0945796,6.15586,13.721,0.203437,-0.0495058,5.69321,0.0145212,0.0144725,-0.232018,-1.03635,-2.40038,-0.16186,1.08448,0.513745,0.143044],[1.70292,2.22637,3.59865,0.531888,-0.714346,6.41477,0.624165,0.1172,0.83205,1.11554,0.83073,0.148299,13.721,105.099,1.20412,-0.0943291,22.4723,0.316499,0.108316,0.504361,-0.0599476,-8.69391,0.243458,7.36074,4.09619,0.48607],[0.0314647,0.0387452,0.0483144,0.0137967,-0.0406349,0.0806653,0.0236133,-0.00999438,0.0118705,0.0201646,0.0413117,0.00821663,0.203437,1.20412,0.0567432,0.0319783,0.350934,0.00861065,0.00794732,-0.000913761,0.0670143,-0.141734,0.00671034,0.120185,0.0802713,0.0133895],[-0.00102399,-0.0228765,0.00949938,0.00595704,0.00637227,-0.0699834,0.0182315,-0.0059596,0.00734892,0.0116037,0.0307751,0.0149627,-0.0495058,-0.0943291,0.0319783,0.0549452,-0.32896,0.00730181,0.00158207,0.0208239,0.116346,0.00778947,0.0202693,-0.0577207,0.0368024,-0.00580599],[0.510561,1.03454,0.669378,-0.0105316,-0.953581,2.61855,0.225115,-0.0329523,-0.160057,-0.0486404,-0.000337949,-0.186358,5.69321,22.4723,0.350934,-0.32896,15.4505,0.039706,0.199419,-0.35212,-0.705546,-3.72588,-0.44998,3.61806,0.811612,0.273691],[0.00196468,-0.00998764,-0.0473984,-0.0150876,-0.00745786,0.00500414,0.0154006,-0.00465697,-0.00235532,-1.63442e-05,0.00672691,-0.00236096,0.0145212,0.316499,0.00861065,0.00730181,0.039706,0.0893715,0.0163004,-0.00427141,0.00867172,0.0125516,0.00227942,-0.048337,0.021485,0.00190481],[-0.0129027,-0.0113517,-0.0542056,0.030557,-0.00538976,0.0161043,0.0101478,0.00214656,-0.00574541,-0.00088017,-0.000776268,0.000773751,0.0144725,0.108316,0.00794732,0.00158207,0.199419,0.0163004,0.0749269,-0.0261993,0.105512,-0.0607979,-0.00371782,0.0878128,0.0266253,-0.00345503],[-0.00997051,0.0189088,-0.034369,0.0445321,-0.068971,-0.0563302,-0.0370496,-0.029021,-0.0293941,-0.0665598,0.0416759,0.172022,-0.232018,0.504361,-0.000913761,0.0208239,-0.35212,-0.00427141,-0.0261993,1.45513,-0.052548,0.0375922,-0.0302301,0.186608,-0.0540537,0.00865871],[0.177949,-0.0927785,0.218229,0.218947,0.5275,0.116909,0.234721,-0.00184344,0.0187841,0.0323024,0.0664898,-0.232164,-1.03635,-0.0599476,0.0670143,0.116346,-0.705546,0.00867172,0.105512,-0.052548,3.55662,-0.101627,0.0992367,0.299652,0.256179,-0.0211305],[-0.150754,-0.498486,-0.613973,0.087168,1.533,-1.14129,-0.244343,0.00304041,0.0326262,0.0187466,-0.0174201,0.102025,-2.40038,-8.69391,-0.141734,0.00778947,-3.72588,0.0125516,-0.0607979,0.0375922,-0.101627,4.91891,0.117585,-2.29073,-0.404526,-0.026536],[0.00701566,-0.0415991,-0.0121429,-0.00898331,0.104045,-0.0290728,0.0242751,-0.00884379,0.110815,0.13095,0.045228,-0.00786965,-0.16186,0.243458,0.00671034,0.0202693,-0.44998,0.00227942,-0.00371782,-0.0302301,0.0992367,0.117585,0.133143,-0.250365,0.0144717,-0.00211959],[0.0449517,0.237534,0.0381789,0.0398607,-0.548091,0.688862,0.109763,0.0526102,-0.136389,-0.143888,0.00985984,0.0956143,1.08448,7.36074,0.120185,-0.0577207,3.61806,-0.048337,0.0878128,0.186608,0.299652,-2.29073,-0.250365,3.54591,0.354968,0.0735332],[0.0915034,0.0522371,0.14342,0.0219522,-0.0196879,0.377142,0.0960065,0.00206819,0.039601,0.0545296,0.05957,0.00787429,0.513745,4.09619,0.0802713,0.0368024,0.811612,0.021485,0.0266253,-0.0540537,0.256179,-0.404526,0.0144717,0.354968,0.481018,0.00871659],[0.0279415,0.039675,0.0255481,0.00601957,-0.0213657,0.0848536,0.00276411,-0.00587571,0.00796161,0.00902704,0.00626973,-0.00105313,0.143044,0.48607,0.0133895,-0.00580599,0.273691,0.00190481,-0.00345503,0.00865871,-0.0211305,-0.026536,-0.00211959,0.0735332,0.00871659,0.021001]],"n":26,"lags":3}