{"betahat":[[0.283406,0.0148989,-0.380014,-0.546359,-0.360585,0.93985,1.37142,0.253861,0.370778,0.49993,0.0733861,0.406415,-4.24189,7.95431,-0.077642,-0.207738,2.72642,3.21324,1.32784,0.0411464],[0.919166,-0.0229778,-0.0896537,-0.130192,-0.000594384,0.0470199,0.00604164,-0.0157908,0.0460272,0.0448159,0.0103699,-0.0206452,-0.213216,-1.953,0.0287867,0.0411382,-0.558806,-0.0098045,-0.113655,0.024158],[0.0398632,1.08843,0.142578,-0.000186156,-0.0513041,0.449966,0.0129883,-0.0362601,-0.0276499,-0.0324956,-0.010359,0.0438046,0.721037,0.916245,0.021395,0.000508616,0.544996,-0.159345,0.0981276,0.0250542],[0.053673,0.051826,1.06403,0.0234745,0.0107234,0.106195,-0.0114923,0.00831338,0.0285519,0.0348041,0.0206713,-0.0039391,0.0409187,1.08718,-0.00551624,-0.0214489,0.0780435,0.106902,0.0264215,0.00229508],[0.0406021,-0.148728,0.382989,1.10546,0.746162,-0.00998406,-0.0172042,-0.0315956,-0.063482,-0.0567842,0.0750759,-0.0378203,-0.704454,-0.364999,0.0357371,0.0514944,-0.517903,-0.531592,-0.0496775,0.0110654],[0.0183634,0.025431,-0.0078119,0.0262673,1.0593,0.022259,-0.0032599,-0.0141461,0.0183649,0.015167,0.00977595,0.00609281,-0.00685107,0.473133,-2.47159e-05,0.0021573,0.0499662,0.0934441,0.0407893,0.00987443],[0.0257399,-0.000375787,-0.0253308,0.00899477,0.105817,0.943044,-0.00712334,-0.00564692,0.0123661,0.0110271,-0.00660401,-0.014961,-0.0410872,-0.581762,-0.0084504,0.015722,-0.202411,-0.032626,-0.045172,-0.00713005],[-0.125793,-0.097417,-0.179733,0.0463384,-0.0173665,-0.284259,0.907068,-0.0463323,0.00883092,-0.000917672,0.149266,0.131032,-0.0474844,-1.0848,0.0680586,0.0609619,-0.537284,-0.200849,0.0151772,-0.0256021],[-0.16249,-0.0573408,-0.0686796,0.0283903,-0.425594,-1.03049,0.173047,0.540115,0.00220854,0.010789,0.181033,-0.607651,-1.21746,-2.94292,0.135609,0.0998758,1.09767,0.189003,-0.379647,-0.0294586],[-0.136189,-0.114461,-0.122501,0.0853402,-0.553892,-0.216694,0.0540043,-0.057739,1.08262,0.0479478,0.0119908,0.0723296,0.543175,-0.562099,0.00755907,0.0190943,0.149868,-0.0610629,-0.0838706,0.0212194],[0.0325403,-0.108963,0.181063,0.162226,-0.556922,-0.210887,0.0725969,-0.0420846,0.141164,1.02938,-0.0336834,-0.0117963,0.143066,-0.148433,-0.0281845,-0.0327529,-0.187435,-0.233602,-0.00407626,0.011974],[0.0152346,-0.00456237,-0.435559,-0.104567,0.598689,-0.384589,0.148602,-0.00378551,0.3465,0.396032,1.02322,-0.0957378,-1.44516,-1.54051,-0.084211,0.0239215,-2.26176,-0.527018,0.0630072,-0.0571178],[-0.00408471,-0.020667,0.00895344,0.00572382,-0.109961,-0.126671,-0.106051,0.0225168,-0.000399906,0.00913071,0.0358893,1.13321,-0.219503,-0.456273,0.00820628,0.0274237,-0.521412,-0.109282,-0.113763,0.0131408],[0.00935834,0.012177,-0.00987422,0.0218193,0.113947,0.0308039,0.00120213,0.00636309,0.0183889,0.0227623,0.00524833,0.013707,0.865203,-0.664246,-0.0049016,0.0112407,-0.365761,0.00334052,-5.5774e-05,-0.00220049],[0.00732049,0.00235016,0.00799573,0.00233599,0.00346643,0.0238111,0.00546671,0.00115213,0.000511176,-0.00146918,0.00321819,-0.0143881,0.0205164,1.01781,-0.00148527,-0.00051821,-0.0313486,0.000681174,-0.00274189,-0.000848049],[0.229606,0.101091,0.0477921,-0.0672003,0.109155,0.632894,0.0940905,0.0534541,-0.0861419,-0.146515,-0.0275183,-0.0594228,1.44089,-2.66787,1.05624,-0.0329098,1.21768,0.751893,-0.516146,0.231762],[-0.454885,-0.257416,-0.783656,-0.0274672,-1.11851,-1.03235,-0.0149107,0.122953,0.124789,0.142048,0.0502102,0.392186,-0.630486,-3.78827,-0.0117722,1.02486,-1.8303,-0.11899,-0.247587,0.0162948],[0.0100844,0.00851818,0.0130442,-0.0117789,0.0561654,0.0664467,-0.0176359,-0.000281298,0.000529228,-0.000400555,0.0128421,0.0184522,0.0296129,0.260292,0.0113851,0.0023353,1.18878,0.0131768,0.0234299,0.00058012],[0.0661555,0.0922,0.0866637,0.0276378,0.0660761,0.129958,0.0142822,-0.00933562,0.0270425,0.039651,0.00953943,0.0195126,0.189575,1.13878,0.00824235,-0.0100846,0.367005,0.542632,-0.0110859,0.0172509],[0.081768,0.117009,0.279351,0.0867259,0.265859,0.193431,0.0081201,-0.0236022,-0.0404299,-0.0265111,-0.0363736,0.103468,0.0751388,1.32701,0.0160408,0.0336812,-0.00374606,-0.238192,0.616222,-0.00214964],[0.61947,0.471593,1.7798,-0.123201,0.345569,0.774188,-0.0651318,-0.0799987,0.1402,0.181737,-0.141448,0.236517,0.804456,1.42334,0.0485832,-0.0571668,4.0891,1.08836,0.15345,1.26844],[-0.0423768,-0.0505117,-0.00618938,0.0539027,-0.164198,-0.230816,0.00884258,0.00603853,-0.0439141,-0.0386738,-0.0242278,0.00718086,0.29634,0.940389,-0.0127224,-0.00941479,0.393515,0.0131121,0.0361165,-0.0140035],[-0.0421183,-0.137412,-0.177776,0.0193989,0.102638,-0.467239,0.000768062,0.0265424,0.0321313,0.0456649,0.0256924,-0.00120949,-0.684738,-2.0472,-0.0206186,0.0157149,-0.670012,-0.00984446,-0.0589923,-0.0296455],[-0.0518838,-0.0358465,-0.0410677,-0.0266315,-0.127667,-0.19407,0.00210024,-0.0033631,-0.0153389,-0.0173142,-0.00964784,0.0188848,-0.0703913,-0.784124,0.000110128,0.0270189,-0.235195,-0.0664054,-0.0454795,-0.00794187],[0.0249906,0.139714,-0.394269,-0.0921452,-0.48067,0.0461779,0.0611669,0.0226277,0.0358132,0.0268161,-0.0583481,-0.00764301,0.183147,-0.721943,0.00111871,-0.0121555,0.249454,0.431467,-0.0305843,-0.0158445],[-0.00934976,-0.00676241,0.0296805,-0.0311864,-0.0735006,-0.00164311,0.00706926,0.0104809,-0.0183945,-0.0149442,-0.00830313,-0.0168023,0.115837,-0.1583,0.00321329,0.00113382,-0.0185331,-0.0851827,-0.0229811,-0.0018559],[-0.0616272,-0.0425717,0.0134624,-0.0194763,-0.0865463,-0.0783008,0.0115051,0.00565992,-0.0109557,-0.00936309,0.00706944,0.00459299,-0.0522045,0.230043,0.000927202,-0.0043662,-0.0379961,-0.0546134,0.0298832,-0.00258644],[0.0511719,0.0509028,0.129849,-0.0421761,0.0303036,0.193932,-0.118455,0.102506,-0.0336559,-0.0342763,-0.161377,0.107129,0.35575,1.90439,-0.0709247,-0.0720701,0.304804,0.296663,-0.0340597,0.0197955],[-0.0715073,-0.152234,-0.0953013,-0.0169596,0.283978,0.469017,0.155399,0.466647,0.0110002,0.00466217,-0.17116,-0.00558753,0.946715,0.882403,-0.109914,-0.143621,-0.504041,-0.251991,0.148514,0.00732338],[0.0737449,0.15642,-0.00168296,-0.0356717,0.443004,0.151396,-0.058381,0.0526985,-0.0595096,-0.0311485,-0.00286178,-0.0366022,-0.20731,0.920011,0.0325734,0.016747,-0.255974,0.152841,-0.06845,0.000114964],[-0.0307066,0.117776,-0.221965,-0.107118,0.452858,0.105984,-0.0839857,0.0438756,-0.16649,-0.116067,0.0498018,0.00906229,0.103384,0.0422231,0.0453038,0.0460271,0.0150247,0.398919,-0.143479,-0.00152798],[-0.126387,0.00598571,0.111247,-0.00613321,-0.16607,0.254179,-0.141227,0.00289937,-0.284908,-0.292709,-0.102355,0.0153523,1.20897,0.728956,0.0459005,-0.0692778,2.14781,0.410285,-0.139233,0.027734],[-0.0371768,-0.00574828,-0.0813243,-0.0158747,0.136308,-0.0367234,0.176321,-0.050672,-0.0104896,-0.0266685,-0.0147186,-0.301326,-0.104355,-1.33454,-0.0211391,-0.010015,-0.0553093,-0.186299,0.0412148,-0.0259981],[-0.0096771,-0.00896098,0.0113941,0.000869381,-0.0681652,-0.0375489,0.00678424,-0.00480911,-0.0170399,-0.0239508,-0.0091647,-0.0180725,0.0437941,0.491374,-0.00381533,-0.0129039,0.252916,-0.0163029,0.00122811,-0.00118537],[-0.00868828,-0.00424893,-0.0188626,-0.00391999,-0.00725418,-0.0200083,0.00078387,-0.000122796,-0.000207409,0.00179615,-0.00271167,0.00408992,-0.0218802,0.00974585,0.00104116,0.000787507,0.0134833,0.0158808,0.00470693,-0.000523542],[-0.154021,-0.186199,0.261561,0.0752542,0.0765283,-0.402314,-0.0500543,0.0102909,0.0327767,0.0632398,-0.00855753,-0.021662,-1.11879,-0.350269,-0.127822,-0.0199907,-1.93742,-0.521069,0.193505,-0.178215],[0.360031,0.240377,0.992009,0.0324514,0.0257394,0.819801,-0.0997944,-0.10604,-0.116579,-0.142356,0.0180408,-0.165877,1.19294,3.11006,-0.0327174,-0.0117182,1.07722,0.156208,-0.0145518,0.00961105],[-0.00800157,-0.00853061,-0.00453466,0.00973621,-0.0196578,-0.0638929,0.00939389,-0.00132485,-0.00558963,-0.00710624,-0.0101494,-0.00893184,-0.0438507,-0.18672,-0.0111242,-0.00170837,-0.133278,-0.000652113,-0.0133617,-0.00356844],[-0.014903,-0.00233963,0.0291138,-0.0148275,0.078248,-0.0701071,-0.000739566,-0.00471566,0.00348571,0.00753974,0.00796216,0.00210162,-0.305587,-0.958693,-0.0113728,0.00761471,-0.33298,-0.0817186,0.00506592,-0.0189673],[-0.0390049,0.0110089,0.0661133,-0.147744,-0.422154,-0.0388646,0.0336567,0.0313405,0.0281918,0.0108783,0.0317702,-0.0900832,0.38395,0.3141,0.0279022,0.0105111,0.208449,0.0625713,0.151373,0.0359094],[-0.509978,-0.217193,-1.0721,0.1263,-0.801155,-0.793881,-0.024206,0.0351592,-0.118097,-0.15608,-0.00438175,-0.0303772,0.0330087,1.62977,-0.0459331,-0.0572956,-0.976903,-0.326274,0.0904889,-0.180408],[0.123209,0.0734882,0.0958367,0.0762875,0.164791,0.183796,-0.0148843,0.00975134,-0.00211254,-0.00614171,0.013859,0.0134669,-0.0831192,1.01261,-0.0160639,-0.0317234,0.165294,-0.00331292,0.0775371,-0.010155],[0.00225344,0.0489766,0.0351916,-0.0192143,-0.0513349,0.0172726,-0.0137563,0.00971668,-0.00448073,-0.0131689,-0.015332,-0.0425925,-0.0362956,1.13095,-0.000775931,-0.0162235,0.12502,0.169184,-0.0391362,0.00459082],[-0.00179105,-0.0159806,-0.0229724,0.00315617,0.116943,0.0878731,0.0093918,-0.00495118,-0.0132123,-0.0174894,-0.0110222,-0.0149426,0.029479,-0.303072,0.00540644,-0.00556987,0.157154,-0.0405018,0.0190553,0.00564585],[-0.0655943,0.0090135,0.011273,-0.013319,-0.265493,-0.0361934,-0.0439627,0.0089668,0.0276691,0.0299682,-0.0167265,0.0454658,0.521313,1.08694,-0.0368554,-0.0393392,0.268455,0.100119,0.0802604,0.00477855],[-0.00901549,-0.0186672,-0.0218813,0.00491645,0.0141955,-0.020613,-0.00380849,0.00366281,3.07833e-05,-0.000221953,-0.00147047,0.0107147,-0.108973,-0.314861,-0.00318796,-0.0032913,-0.0314171,-0.00827008,-0.0178084,-0.00801921],[0.0358852,0.0429477,0.0118562,0.0104801,-0.0192713,0.135257,-0.00438093,-1.49734e-05,-0.00140941,-0.00166321,-0.000463066,0.0103726,0.093302,0.351694,0.00752397,-0.0113556,0.240418,0.0872314,0.0152881,0.00971562],[0.0746264,0.0467338,0.0494263,-0.00412171,-0.0127383,0.0907076,0.211473,-0.0562766,0.0248389,0.0352006,0.0121973,-0.238021,-0.307415,-0.821039,0.00290662,0.0110819,0.233805,-0.0958872,0.0189524,0.00579239],[0.263413,0.24461,0.279644,0.0961018,0.280661,0.57265,-0.368589,-0.027791,-0.040319,-0.0530468,-0.0472848,0.544785,0.541413,1.65169,-0.0453595,0.027652,-0.492928,0.020706,0.137082,0.018981],[0.0478246,-0.0476687,0.0737793,-0.0487231,0.0938055,0.0249843,0.00578596,0.00588203,-0.0402435,-0.034788,-0.0192585,-0.0327706,-0.274896,-0.343429,-0.0386235,-0.0379101,0.136608,-0.128634,0.147694,-0.0188896],[-0.0168585,-0.0160818,-0.0198541,-0.0532179,0.0847487,0.0480222,0.0131758,-0.00252011,0.00801059,0.0659277,-0.0266514,0.00701348,-0.159262,0.114567,-0.0145813,-0.0148582,0.209464,-0.226278,0.138027,-0.00709624],[0.116405,0.00255846,0.326594,0.108462,-0.414873,0.143208,-0.00625514,0.00297218,-0.0637943,-0.105505,0.0701988,0.0747924,0.239291,0.746197,0.0365255,0.041949,0.0882793,0.123736,0.0761287,0.0327619],[0.0412479,0.0264774,0.0721969,0.0101472,-0.0262831,0.16353,-0.0702206,0.0281156,0.0109025,0.0175483,-0.0211328,0.168153,0.324159,1.79063,0.0129462,-0.0174212,0.57716,0.295528,0.0725998,0.0128486],[0.000323848,-0.00332374,-0.00129065,-0.0226412,-0.0458651,0.00647912,-0.00805494,-0.00150566,-0.00138954,0.00113681,0.00387977,0.00429745,0.090278,0.172331,0.00869219,0.00167957,0.111918,0.0129772,-0.00128572,0.00337497],[0.00139974,0.00199056,0.0102115,0.00196423,0.00378185,-0.00411058,-0.00626986,-0.00102789,-0.000549679,-0.00064246,-0.000699515,0.0101559,0.00330122,-0.0393004,0.000408976,-0.000189534,0.0168639,-0.0175474,-0.00263057,0.00126147],[-0.0425707,0.0865915,-0.132981,0.0185424,-0.103948,-0.150472,-0.0735902,-0.0445661,0.0440774,0.068004,0.00884857,0.0627474,-0.389547,2.97802,0.045495,0.0320177,0.513415,-0.120862,0.2793,-0.0469565],[0.101876,0.0210202,-0.150765,0.00355788,1.07786,0.215519,0.108307,-0.00590333,-0.00768518,-0.00145467,-0.0754313,-0.245615,-0.592721,0.707803,0.038953,-0.0226573,0.646416,0.00445025,0.244328,-0.0259665],[-0.0020756,0.000174529,-0.00894934,0.00210575,-0.0361539,-0.00203188,0.00835953,0.00145428,0.00513903,0.00757093,-0.00251727,-0.00923206,0.0148594,-0.0755369,-0.000216227,-0.000585391,-0.0549336,-0.012758,-0.00988018,0.00295046],[0.0164395,0.00212628,-0.0300998,0.0173939,0.090817,0.000672211,-0.00618235,-0.00203591,-0.00516614,-0.00750651,-0.00074008,-0.028954,-0.10069,-0.209423,0.00139863,0.003322,-0.0981367,-0.0282506,-0.0163739,0.00338294],[0.00635461,-0.055148,-0.00400724,0.0533931,0.149141,0.00560196,0.0707388,-0.0300711,0.0433267,0.0640391,0.0355814,-0.0995324,-0.172349,-0.208388,0.0129643,0.0222285,-0.190965,0.0671019,0.132852,0.0156801],[-0.155378,-0.292994,-0.663217,0.0618691,0.185429,-0.0211664,0.0701874,0.03397,-0.0503201,-0.0709812,0.1249,-0.075985,-0.680649,-3.22357,-0.0259401,0.137872,-2.90103,-0.781561,-0.246598,-0.149456]],"sigmahat":[[0.383348,0.280509,0.553165,0.109002,0.378067,0.675354,0.0217043,-0.0306927,0.0265084,0.0234913,0.0278503,-0.0222209,0.229452,1.6402,0.0285889,-0.00456549,0.598288,0.162291,0.0947218,0.0378214],[0.280509,0.496293,0.550633,0.0567866,-0.148298,0.712664,-0.0160576,-0.0352369,-0.0127716,-0.0140993,-0.0142003,0.0111246,0.920569,2.94736,0.043906,-0.0389124,1.46272,0.416813,0.0689729,0.0501101],[0.553165,0.550633,2.60976,0.164443,-0.0128351,1.16615,0.0365126,-0.0724929,0.0444399,0.0569538,0.0609393,-0.0547075,0.899261,5.6357,0.033961,0.00217726,1.01701,0.403052,0.205782,0.0468663],[0.109002,0.0567866,0.164443,0.411109,0.257718,0.0748222,-0.0289881,-0.0427407,-0.0171451,-0.0309926,-0.0076847,0.00704,-0.176638,0.374675,0.0101334,0.00524299,-0.0483075,0.0711795,0.00329252,0.00283661],[0.378067,-0.148298,-0.0128351,0.257718,3.99229,0.807932,-0.0379057,-0.0392568,0.0682812,0.0756947,0.0739235,0.00202878,-2.64522,-2.08921,-0.0520553,0.00404044,-1.24093,-0.274899,-0.0665529,-0.00194337],[0.675354,0.712664,1.16615,0.0748222,0.807932,3.30303,0.13336,-0.0770231,0.0543661,0.0693965,0.0321515,-7.11233e-08,2.13636,8.04809,0.0812464,-0.126276,4.0085,1.21927,0.470956,0.131374],[0.0217043,-0.0160576,0.0365126,-0.0289881,-0.0379057,0.13336,0.21433,-0.0165215,0.0441459,0.0527292,0.0360604,-0.170265,0.0192446,0.431745,0.0309635,0.0251707,0.220483,0.07073,0.104101,0.00511025],[-0.0306927,-0.0352369,-0.0724929,-0.0427407,-0.0392568,-0.0770231,-0.0165215,0.0621935,-0.0111215,-0.00906448,-0.0235169,0.0156168,-0.0164833,0.099806,-0.0109276,-0.00808161,-0.101063,0.081717,-0.00304229,-0.00578001],[0.0265084,-0.0127716,0.0444399,-0.0171451,0.0682812,0.0543661,0.0441459,-0.0111215,0.167135,0.188283,0.066894,0.00367521,-0.132184,1.04591,0.0159216,0.0121034,-0.300548,-0.0779337,0.0731369,0.0120639],[0.0234913,-0.0140993,0.0569538,-0.0309926,0.0756947,0.0693965,0.0527292,-0.00906448,0.188283,0.243735,0.0790995,0.00544355,-0.0902601,1.4797,0.0271901,0.0187101,-0.161312,-0.055012,0.0995445,0.0152937],[0.0278503,-0.0142003,0.0609393,-0.0076847,0.0739235,0.0321515,0.0360604,-0.0235169,0.066894,0.0790995,0.148611,0.0246712,-0.209165,1.23587,0.0541099,0.0428494,-0.123298,0.0356769,0.0775077,0.0050025],[-0.0222209,0.0111246,-0.0547075,0.00704,0.00202878,-7.11233e-08,-0.170265,0.0156168,0.00367521,0.00544355,0.0246712,0.460607,-0.0573402,0.461078,0.00709782,0.0171712,-0.108979,0.067342,0.0351276,-0.000428752],[0.229452,0.920569,0.899261,-0.176638,-2.64522,2.13636,0.0192446,-0.0164833,-0.132184,-0.0902601,-0.209165,-0.0573402,10.6843,19.4408,0.227571,-0.150667,9.37474,1.51036,0.664704,0.230021],[1.6402,2.94736,5.6357,0.374675,-2.08921,8.04809,0.431745,0.099806,1.04591,1.4797,1.23587,0.461078,19.4408,157.48,1.56173,-0.255257,33.5353,12.1224,5.93437,0.774163],[0.0285889,0.043906,0.033961,0.0101334,-0.0520553,0.0812464,0.0309635,-0.0109276,0.0159216,0.0271901,0.0541099,0.00709782,0.227571,1.56173,0.0760336,0.0411147,0.453245,0.167352,0.096383,0.0193871],[-0.00456549,-0.0389124,0.00217726,0.00524299,0.00404044,-0.126276,0.0251707,-0.00808161,0.0121034,0.0187101,0.0428494,0.0171712,-0.150667,-0.255257,0.0411147,0.0742328,-0.48461,-0.0846403,0.0336369,-0.00719715],[0.598288,1.46272,1.01701,-0.0483075,-1.24093,4.0085,0.220483,-0.101063,-0.300548,-0.161312,-0.123298,-0.108979,9.37474,33.5353,0.453245,-0.48461,22.3545,4.91858,1.34071,0.399032],[0.162291,0.416813,0.403052,0.0711795,-0.274899,1.21927,0.07073,0.081717,-0.0779337,-0.055012,0.0356769,0.067342,1.51036,12.1224,0.167352,-0.0846403,4.91858,4.76414,0.541895,0.108635],[0.0947218,0.0689729,0.205782,0.00329252,-0.0665529,0.470956,0.104101,-0.00304229,0.0731369,0.0995445,0.0775077,0.0351276,0.664704,5.93437,0.096383,0.0336369,1.34071,0.541895,0.679035,0.0194203],[0.0378214,0.0501101,0.0468663,0.00283661,-0.00194337,0.131374,0.00511025,-0.00578001,0.0120639,0.0152937,0.0050025,-0.000428752,0.230021,0.774163,0.0193871,-0.00719715,0.399032,0.108635,0.0194203,0.0321531]],"n":20,"lags":3}