{"betahat":[[-0.159374,-0.315978,-1.96762,-0.631865,-0.0460758,-0.323249,1.13645,0.343792,0.0360102,0.0789534,-5.15527,0.768843,-0.0718104,-0.179475,-0.373202,1.73427,0.683458,-0.012944],[0.904161,-0.0436699,-0.142844,-0.12876,0.0461066,0.027607,0.0165565,-0.0161638,0.037074,0.00791743,-0.343086,-2.22853,0.0202168,0.0372218,-0.610718,-0.118438,-0.0853537,0.0126557],[0.0582748,1.12529,0.170318,0.0148808,-0.0738405,0.427034,-0.00892122,-0.0336056,-0.0329654,0.00424365,0.465475,0.670732,0.0316454,0.0116757,0.368295,-0.10042,0.0987628,0.0110902],[0.0424463,0.0394945,1.03513,0.0153153,0.0365308,0.0853299,-0.00892217,0.00929981,0.019548,0.020196,-0.045367,0.630608,-0.0104649,-0.0222326,-0.00249445,0.0427711,0.0172564,-0.00351113],[0.052719,-0.107494,0.420429,1.11769,0.697439,0.00302134,-0.034683,-0.029926,-0.0664513,0.0859787,-0.705324,-0.027837,0.0543832,0.0675134,-0.528218,-0.36831,-0.0491091,0.0146303],[0.0061032,0.0146422,-0.053252,0.0281246,1.08265,-0.0203755,0.00740409,-0.0107585,0.0174701,0.00445337,0.0469263,0.644244,-0.000788731,3.53242e-05,0.0787834,0.0520738,0.0397506,0.00901235],[0.0167257,-0.0122353,-0.0385702,0.00328471,0.0928904,0.93998,-0.0104621,-0.00349531,0.0113067,-0.00626137,-0.083909,-0.854334,-0.0119099,0.015561,-0.252272,-0.0181585,-0.0485964,-0.00737491],[-0.0284313,0.0279917,0.0633835,0.0757927,-0.0403148,0.00696957,0.977001,-0.0638756,0.0744107,0.104627,0.590312,1.18925,0.0714526,0.0199632,0.435573,0.202642,0.0658648,0.00539965],[-0.153995,-0.071239,0.0102081,0.0534728,-0.452513,-1.08108,0.195812,0.523061,0.052711,0.172887,-1.35496,-3.8098,0.118421,0.110326,0.949745,-0.141179,-0.46104,-0.0121867],[-0.0883084,-0.147692,0.0729236,0.180695,-0.807727,-0.284172,0.055315,-0.0775672,1.14335,-0.00880344,0.622183,-0.519824,-0.000936309,0.00541513,-0.135905,-0.38016,-0.124095,0.0312132],[-0.0608505,-0.10815,-0.564565,-0.0889198,0.546524,-0.650632,0.133786,-0.0161374,0.367603,1.02776,-1.7945,-3.77806,-0.106884,0.0383011,-2.84404,-0.897852,0.0243182,-0.0804937],[0.01097,0.0182977,-0.011719,0.0240664,0.124607,0.0200184,-0.00507728,0.00707869,0.018067,0.0010719,0.919858,-0.507196,-0.00360186,0.0103829,-0.339138,-0.0295665,-0.0111785,0.000940491],[0.0113375,0.00615233,0.014329,0.00378203,0.00681084,0.0306952,0.0062447,0.0013287,0.000577236,0.00242106,0.0291542,1.08407,-0.00150031,-0.00152709,-0.0242981,0.00391803,-0.00438144,-0.000302375],[0.290465,0.161551,0.252186,-0.0234569,0.0701308,0.708626,0.0575836,0.0346757,-0.0919975,-0.0388245,1.4555,-1.65813,1.06645,-0.0241779,1.41072,0.764083,-0.465594,0.239289],[-0.408199,-0.299903,-0.664254,-0.0481344,-0.960207,-0.8535,-0.034962,0.121615,0.155112,0.0263545,-0.836134,-5.10478,-0.0387708,1.01166,-2.24068,-0.737566,-0.191161,0.0240212],[0.00964511,0.0123006,0.00554797,-0.00922457,0.0663298,0.055734,-0.0189656,0.000853301,-0.00152439,0.0123299,0.0351759,0.229542,0.0113125,0.00178968,1.17802,0.0147886,0.011589,0.000188126],[0.089742,0.0651612,0.238802,-0.00825981,0.0571781,0.332245,0.015929,-0.0197631,0.0434267,0.00154637,0.0325017,0.610909,-0.00886961,-0.0117339,0.30413,0.326319,0.0677319,0.0183042],[0.103775,0.112263,0.294525,0.0962705,0.184444,0.248106,0.0280401,-0.0267566,-0.00786661,-0.0190688,0.20755,1.43137,0.0218763,0.0279031,0.245864,0.017368,0.611417,0.0189395],[0.473138,0.347844,1.45733,-0.145598,0.34248,0.4105,0.0165593,-0.0794044,0.0832154,-0.161199,0.995055,1.94259,0.0299258,-0.079412,4.01204,0.624134,0.103649,1.25415],[-0.00194166,-0.00997474,0.0834552,0.0588299,-0.198427,-0.137987,-0.0036197,0.00739456,-0.035249,-0.0230248,0.414147,1.28134,-0.00718519,-0.0126132,0.480021,0.121947,0.0147633,-0.00157433],[-0.0235155,-0.128308,-0.151619,0.0210608,0.118998,-0.385577,0.00793595,0.021338,0.0447224,0.0132172,-0.370917,-1.26434,-0.0179142,0.00864355,-0.440586,0.00304906,-0.0723367,-0.00725128],[-0.0309481,-0.017639,-0.00890573,-0.0147931,-0.116323,-0.148558,0.00460392,-0.00586781,-0.00636941,-0.0139186,0.0357942,-0.328909,0.00404968,0.024186,-0.108613,-0.0227894,-0.0374665,-0.000571082],[0.0150298,0.101202,-0.406154,-0.113336,-0.435433,0.0679112,0.0686154,0.0168146,0.0471256,-0.0695005,0.240479,-0.772023,-0.0122782,-0.023052,0.327144,0.232757,-0.00838796,-0.0101337],[-0.0022234,0.00358404,0.0602479,-0.0338518,-0.0836834,0.0267422,-0.00276253,0.00837177,-0.0208949,-0.00258457,0.00626615,-0.559956,5.3691e-05,0.00128689,-0.092111,-0.0681917,-0.0324519,-0.00517899],[-0.0459327,-0.0265373,0.040949,-0.0116911,-0.0744443,-0.0572198,0.0158953,0.00299162,-0.00694384,0.00795041,-0.0207526,0.42808,0.00420086,-0.00504646,-0.0015193,-0.0374928,0.0329093,-0.000776324],[-0.0300768,-0.0506765,-0.061651,-0.0492064,0.0274948,-0.0790244,-0.172918,0.11712,-0.0685336,-0.124831,-0.0629721,0.613417,-0.0649601,-0.0352243,-0.273921,0.0416051,-0.0574864,-0.00367452],[-0.0366801,-0.121526,-0.0529374,-0.0166173,0.358761,0.582402,0.197101,0.447047,0.00142088,-0.158832,1.0242,1.56841,-0.0968076,-0.147953,-0.245191,-0.0449335,0.260595,0.000814954],[0.0696344,0.175414,-0.142542,-0.076555,0.590446,0.212098,-0.0662041,0.0632067,-0.103577,0.0318081,-0.24142,0.692999,0.0460286,0.0374892,-0.0890566,0.456601,-0.0483278,0.0007458],[-0.0606558,0.0534254,0.231092,-0.0179438,-0.166045,0.5286,-0.111208,0.0198946,-0.30551,-0.110987,1.36193,2.59255,0.0660492,-0.0752148,2.52765,0.761812,-0.0427431,0.0470875],[-0.0128817,-0.0152978,0.0122451,-0.000600483,-0.0897736,-0.0361957,0.010584,-0.00654404,-0.012513,-0.006063,0.0281343,0.347937,-0.00539685,-0.0127545,0.237784,0.00427528,0.00498396,-0.00177523],[-0.0120314,-0.00619374,-0.0242585,-0.00534421,-0.00767069,-0.0292839,-0.000129807,-0.00123462,0.000144196,-0.00218463,-0.0225483,-0.0768798,0.000592947,0.00146705,0.00368047,-0.00262797,0.0017225,-0.000969404],[-0.178582,-0.23664,0.0807268,0.0535604,0.110085,-0.486206,-0.0400915,0.024869,0.0487413,0.00223607,-0.906168,-0.913015,-0.123997,-0.0092971,-2.06596,-0.575421,0.14949,-0.167074],[0.327231,0.202955,0.850642,0.0728997,-0.0270733,0.681084,-0.0527382,-0.111721,-0.123235,0.0409692,1.13951,3.70178,-0.0189017,0.00996627,1.08173,0.389756,0.01105,-0.00369007],[-0.00853665,-0.010074,-0.00103465,0.00660062,-0.0297166,-0.0562283,0.00885819,-0.00200232,-0.0038999,-0.0101314,-0.0381075,-0.18913,-0.011203,-0.00157264,-0.123622,-0.00353339,-0.00910591,-0.00277237],[0.0164911,0.0137491,0.0969795,0.0218225,0.0661788,-0.0738808,0.0162006,-0.0134599,0.0223278,0.0177649,-0.191778,0.124878,0.00771101,0.0179535,-0.121067,0.0937885,0.0662639,-0.0139981],[-0.0659216,0.00227445,0.0674351,-0.145468,-0.365732,-0.121348,0.026513,0.03008,0.0199474,0.0333974,0.179656,-0.277828,0.0162588,0.0145751,-0.105996,-0.0588156,0.101907,0.0194395],[-0.34478,-0.0932803,-0.806095,0.201581,-0.795082,-0.524326,-0.0987396,0.0154052,-0.0465929,0.0380066,-0.0303542,0.153364,-0.0272078,-0.0242198,-1.12886,-0.180449,0.0173082,-0.153808],[0.0977823,0.0536454,0.0593849,0.0699285,0.152322,0.110384,-0.0129341,0.00876825,-0.00182243,0.0151088,-0.0710546,0.947181,-0.0130319,-0.024609,0.130701,-0.00351219,0.0705917,-0.0110816],[-0.0347576,0.00301848,-0.0187036,-0.0359427,-0.0451552,-0.0414525,0.000988198,0.0122665,-0.0117544,-0.0174593,-0.094553,0.593587,-0.0137314,-0.0203196,0.0722958,0.0973677,-0.0264245,-0.00383919],[-0.0114962,-0.0218541,-0.0262341,-0.000522358,0.079795,0.0632316,0.00432099,-0.00343314,-0.0131756,-0.00627592,0.00957953,-0.301733,0.00641464,-0.00195386,0.11111,-0.0199872,0.0202095,0.00408152],[-0.0677465,0.00629377,-0.0142798,-0.00435121,-0.262003,-0.0709267,-0.0339294,0.0131102,0.0193282,-0.0164766,0.464852,0.799838,-0.0421054,-0.0444621,0.201081,0.13555,0.0574984,-0.00449686],[-0.00387813,-0.0182222,-0.00700611,0.00572469,0.00102713,-0.00635943,-0.00463771,0.00238388,0.00342799,-0.00186596,-0.0531769,-0.0843391,0.000734987,-0.00132268,0.0133432,0.016112,-0.00729748,-0.00383363],[0.0292081,0.0387749,-0.00238875,0.00840504,-0.0184449,0.117244,-0.00542915,0.000501369,-0.00435989,-0.00168622,0.104673,0.426203,0.00770907,-0.0105147,0.253801,0.0556445,0.0156885,0.00815066],[0.0585131,0.0228929,-0.00219542,-0.0265707,0.0129324,0.0724367,0.196042,-0.053365,-0.00585915,0.0203064,-0.526459,-1.80469,-0.00645843,0.0152432,-0.160341,-0.24439,-0.00828568,-0.00173479],[0.250238,0.253978,0.263287,0.0868616,0.237764,0.59594,-0.423261,-0.00130585,-0.0612835,-0.0486155,0.67676,2.39189,-0.0374958,0.0190711,-0.378314,0.219317,0.14242,0.0107251],[-0.00861167,-0.0435586,-0.00190628,-0.109083,0.175187,0.00671442,0.0106458,0.0170861,-0.0677253,-0.0330202,-0.30391,-0.164877,-0.0409472,-0.0428343,0.250872,-0.0886487,0.172837,-0.029858],[0.124222,0.0588395,0.323272,0.10607,-0.363573,0.127812,-0.0238086,-0.0015394,-0.0658817,0.0725885,0.440337,1.10353,0.0398802,0.0335491,0.28332,0.13605,0.0191427,0.0370652],[0.00195821,-0.00307751,-0.000248134,-0.0233939,-0.0348049,0.0159697,-0.00556527,-0.000478889,-0.00557403,0.0049448,0.051271,0.158903,0.00896719,0.00237673,0.100457,0.0252836,0.00609504,0.000825644],[0.000770914,0.000121989,0.00955126,0.00189367,0.00063299,-0.00145746,-0.00605678,-0.00010606,-0.00094708,-0.000449408,-0.0043747,-0.0185027,0.000847949,0.000146255,0.0201009,-0.00234785,0.00217835,0.00115465],[-0.0623332,0.101887,-0.150462,0.00741431,-0.0708194,-0.126707,-0.0520577,-0.038947,0.0366762,0.0079938,-0.562079,2.66465,0.0317273,0.00817386,0.539155,-0.113594,0.263558,-0.0645969],[0.0943508,0.107222,-0.12366,-0.0129497,0.99082,0.175933,0.0799861,0.000238415,-0.0316031,-0.0773852,-0.332799,1.44765,0.050062,-0.0331366,1.06504,0.357254,0.157657,-0.0200872],[-0.00110231,-0.00208427,-0.00496474,0.00266008,-0.0363334,0.00098629,0.0102713,0.000974611,0.00550349,-0.00199057,0.00348795,-0.0434266,-7.25712e-05,-0.000154072,-0.0541729,-0.011595,-0.00231052,0.00254693],[-0.0446996,-0.0398408,-0.10165,-0.0121981,-0.0504072,-0.121903,-0.0158231,0.00571947,-0.0112965,-0.00359803,-0.0138415,-0.0624785,0.00141895,0.0106057,-0.0578345,0.0469729,-0.0252335,0.00270331],[0.014048,-0.0284912,-0.0238756,0.0554565,0.180183,0.00601009,0.0621788,-0.0244852,0.0240688,0.0302434,-0.202119,-0.186391,0.0149765,0.0214684,-0.201981,0.105215,0.118707,0.0107638],[-0.184954,-0.290806,-0.627588,0.0115437,0.166816,0.0352305,0.0704823,0.0454439,-0.0750995,0.103593,-0.778006,-2.13553,-0.0221936,0.128982,-2.63679,-0.544988,-0.134092,-0.15802]],"sigmahat":[[0.39883,0.308764,0.545515,0.124217,0.383244,0.64384,0.000908395,-0.0330154,0.0535616,0.0351017,0.288694,1.64776,0.0320415,-0.00171313,0.594734,0.219862,0.0348749,0.0487052],[0.308764,0.563228,0.585416,0.0764875,-0.114282,0.668099,-0.0530679,-0.0478264,0.0340427,-0.00415626,0.972177,2.45763,0.0435584,-0.0334846,1.32808,0.418661,-0.0799221,0.0701038],[0.545515,0.585416,2.60209,0.197273,-0.0573252,0.947092,-0.00586822,-0.084922,0.113874,0.0731594,0.964202,4.86027,0.0268307,0.0082611,0.690828,0.403894,-0.00868631,0.0654215],[0.124217,0.0764875,0.197273,0.437466,0.238821,0.0632333,-0.0503499,-0.0470038,0.00614723,-0.00445939,-0.184237,0.265339,0.00939119,0.00705551,-0.139293,0.0910039,-0.063846,0.0108684],[0.383244,-0.114282,-0.0573252,0.238821,4.06309,1.0249,-0.0100121,-0.00788477,0.0460655,0.0912369,-2.67799,-0.272167,-0.0161459,0.0150294,-0.750896,0.457537,0.110192,-0.000725421],[0.64384,0.668099,0.947092,0.0632333,1.0249,3.13241,0.120757,-0.07958,0.0496376,0.0310922,2.14874,7.05232,0.0704692,-0.125483,3.9178,0.811468,0.4368,0.120695],[0.000908395,-0.0530679,-0.00586822,-0.0503499,-0.0100121,0.120757,0.275975,-0.0207561,0.0210346,0.0317833,-0.097189,-0.0418557,0.0192303,0.018055,0.238474,-0.138214,0.163106,-0.0111359],[-0.0330154,-0.0478264,-0.084922,-0.0470038,-0.00788477,-0.07958,-0.0207561,0.0673788,-0.0209667,-0.0274311,-0.0337289,0.0606626,-0.0143126,-0.00904114,-0.114052,0.00997831,0.0144124,-0.00959192],[0.0535616,0.0340427,0.113874,0.00614723,0.0460655,0.0496376,0.0210346,-0.0209667,0.201179,0.079066,-0.17833,0.860423,0.0134903,0.0097033,-0.402293,-0.0486749,-0.00634547,0.0190691],[0.0351017,-0.00415626,0.0731594,-0.00445939,0.0912369,0.0310922,0.0317833,-0.0274311,0.079066,0.157555,-0.166433,1.38957,0.056512,0.0444777,-0.139275,0.00172792,0.0443148,0.0114341],[0.288694,0.972177,0.964202,-0.184237,-2.67799,2.14874,-0.097189,-0.0337289,-0.17833,-0.166433,9.79511,14.7108,0.179814,-0.153388,8.52655,1.21667,0.52876,0.180685],[1.64776,2.45763,4.86027,0.265339,-0.272167,7.05232,-0.0418557,0.0606626,0.860423,1.38957,14.7108,134.889,1.20664,-0.288346,27.9619,6.26268,5.32324,0.464849],[0.0320415,0.0435584,0.0268307,0.00939119,-0.0161459,0.0704692,0.0192303,-0.0143126,0.0134903,0.056512,0.179814,1.20664,0.0730857,0.0420539,0.373219,0.0429502,0.0695564,0.0187514],[-0.00171313,-0.0334846,0.0082611,0.00705551,0.0150294,-0.125483,0.018055,-0.00904114,0.0097033,0.0444777,-0.153388,-0.288346,0.0420539,0.0770714,-0.5296,-0.132071,0.0168665,-0.00645016],[0.594734,1.32808,0.690828,-0.139293,-0.750896,3.9178,0.238474,-0.114052,-0.402293,-0.139275,8.52655,27.9619,0.373219,-0.5296,22.101,3.60864,1.36547,0.329747],[0.219862,0.418661,0.403894,0.0910039,0.457537,0.811468,-0.138214,0.00997831,-0.0486749,0.00172792,1.21667,6.26268,0.0429502,-0.132071,3.60864,2.30455,-0.0719141,0.118375],[0.0348749,-0.0799221,-0.00868631,-0.063846,0.110192,0.4368,0.163106,0.0144124,-0.00634547,0.0443148,0.52876,5.32324,0.0695564,0.0168665,1.36547,-0.0719141,0.906821,-0.0225423],[0.0487052,0.0701038,0.0654215,0.0108684,-0.000725421,0.120695,-0.0111359,-0.00959192,0.0190691,0.0114341,0.180685,0.464849,0.0187514,-0.00645016,0.329747,0.118375,-0.0225423,0.0358452]],"n":18,"lags":3}