{"betahat":[[-0.147323,-0.539003,-1.98449,-1.13353,-0.418583,-0.548963,1.12888,0.472323,0.191622,0.30892,-6.99145,7.03972,0.0110631,-0.10912,-0.822036,2.72729,0.912736,0.0335051],[0.904206,-0.0387184,-0.114832,-0.139121,0.0368939,0.0547002,0.0245395,-0.018748,0.0423226,0.013191,-0.334685,-2.26568,0.0213974,0.0364543,-0.594923,-0.120324,-0.0934433,0.0148744],[0.055049,1.11363,0.158577,0.0162059,-0.0380857,0.415539,-0.00752934,-0.0353426,-0.0329945,0.0108476,0.436717,0.640862,0.0335843,0.0163532,0.320958,-0.100049,0.0969737,0.0116127],[0.0417126,0.0397432,1.01531,0.0154582,0.0346313,0.084699,-0.00876003,0.00936251,0.0182554,0.0200805,-0.0459848,0.612664,-0.0103047,-0.0237364,-0.00119973,0.0489327,0.0254801,-0.00419838],[0.0572601,-0.113247,0.439916,1.10417,0.718249,0.0093605,-0.0327781,-0.0272137,-0.0586422,0.0973205,-0.72908,0.136082,0.0574634,0.0694549,-0.534234,-0.347346,-0.0410145,0.0169959],[0.00563151,0.0146557,-0.0532441,0.0278113,1.08475,-0.0224634,0.00683484,-0.0102808,0.0190718,0.00558328,0.035917,0.660083,0.000749104,0.00123935,0.0741619,0.0634616,0.0413704,0.00974331],[0.0162233,-0.0145318,-0.0482029,0.00224563,0.0931832,0.92917,-0.0124616,-0.00330311,0.00904442,-0.0071584,-0.0913021,-0.901116,-0.0131568,0.0155371,-0.264223,-0.0204545,-0.0547644,-0.00861174],[-0.023971,0.0289412,0.0519467,0.0846354,-0.00575775,0.0251767,0.973915,-0.0706326,0.079877,0.115789,0.591455,1.23779,0.0757765,0.0261341,0.411336,0.170992,0.0770475,0.00267566],[-0.170689,-0.0890539,-0.0434948,0.0581451,-0.408624,-1.14115,0.227722,0.493964,0.0706645,0.198274,-1.38578,-3.82915,0.130833,0.125084,1.03006,-0.122273,-0.435401,-0.0147384],[-0.0989416,-0.165113,0.0365829,0.18333,-0.798678,-0.287904,0.0639584,-0.0780749,1.1386,-0.0185662,0.626878,-0.685992,-0.00554946,0.00139257,-0.0748302,-0.4036,-0.120051,0.0298602],[-0.0652291,-0.115236,-0.545861,-0.0890146,0.519065,-0.722684,0.130644,-0.0112547,0.367345,1.02169,-1.84287,-3.7153,-0.105984,0.0403714,-2.94251,-0.896831,0.0234862,-0.0810633],[0.0124727,0.0196826,-0.00578873,0.0221937,0.125221,0.0239667,-0.00568433,0.00777633,0.0203947,0.00303689,0.918056,-0.453871,-0.00317629,0.0104139,-0.341114,-0.0225027,-0.0075294,0.0015046],[0.0108858,0.0063679,0.0125889,0.0042647,0.00517638,0.0313511,0.00567513,0.00106229,-0.000145769,0.0022019,0.0350485,1.07932,-0.00164088,-0.00173404,-0.0210073,0.00436108,-0.00425793,-0.00045322],[0.331734,0.192617,0.309781,-0.030905,0.166839,0.847067,0.057707,0.0349301,-0.0816391,-0.046761,1.50933,-1.73118,1.05782,-0.0367862,1.67409,0.8669,-0.429133,0.247149],[-0.418556,-0.291042,-0.690461,-0.0489806,-0.97848,-0.893535,-0.0359981,0.11244,0.144669,0.0405624,-0.841396,-5.01149,-0.0345846,1.01113,-2.35864,-0.860593,-0.209915,0.0205765],[0.00756125,0.0116447,0.00318754,-0.0100785,0.0650633,0.049376,-0.0198521,0.000821362,-0.00136484,0.012777,0.0229422,0.19257,0.0117997,0.00241033,1.16008,0.0186277,0.00711826,0.000494264],[0.101736,0.0771617,0.262897,0.00285131,0.0569907,0.347649,0.0197583,-0.0226797,0.0431379,-0.00106076,0.0794851,0.777632,-0.00836657,-0.0134613,0.394971,0.291295,0.0861622,0.0178801],[0.102594,0.104014,0.313881,0.0930534,0.166901,0.241627,0.0328661,-0.0162925,-0.0024315,-0.0265011,0.189449,1.33214,0.0168414,0.0266624,0.148336,-0.0375722,0.600246,0.0200472],[0.487155,0.355617,1.46469,-0.114954,0.310433,0.453641,-0.00593138,-0.0815941,0.0824565,-0.172989,1.03324,2.11322,0.0189868,-0.0830861,4.07169,0.643818,0.0620489,1.24547],[-0.00574992,-0.0153201,0.0586409,0.0637923,-0.183734,-0.17151,-0.00809789,0.00607182,-0.038275,-0.0278036,0.401357,1.21142,-0.00783521,-0.010049,0.453488,0.110875,0.0117924,-0.00403014],[-0.0256996,-0.121426,-0.157225,0.0177704,0.0768285,-0.380303,0.00408779,0.0235917,0.0437898,0.00961937,-0.334414,-1.19629,-0.0186661,0.00311565,-0.370918,0.00920668,-0.0693902,-0.00742916],[-0.0339232,-0.0195564,0.000510541,-0.0160412,-0.125812,-0.152631,0.00503319,-0.0058847,-0.00576767,-0.0133004,0.0322753,-0.307957,0.00463333,0.025303,-0.123594,-0.0353753,-0.0393905,0.000393337],[0.0158452,0.112536,-0.414783,-0.106343,-0.476298,0.0705517,0.0691817,0.0148496,0.0482748,-0.0751737,0.2669,-0.795436,-0.0139122,-0.0256702,0.358009,0.235205,-0.0151065,-0.00944545],[-0.00436003,0.00192425,0.0543008,-0.0360317,-0.0907066,0.0237742,-0.00460175,0.00890014,-0.0235293,-0.0034293,0.0169393,-0.561602,-0.000575899,0.000662479,-0.092458,-0.0739241,-0.0345331,-0.00553661],[-0.0457097,-0.0250843,0.0484989,-0.0110667,-0.0756482,-0.0509975,0.018105,0.00385881,-0.00557313,0.00650006,-0.0124521,0.458426,0.00425297,-0.00589447,0.00809664,-0.0327572,0.0351189,8.87968e-05],[-0.0394111,-0.0563476,-0.0612969,-0.0610021,-0.0174427,-0.106231,-0.177292,0.123033,-0.0727653,-0.128976,-0.0420843,0.645307,-0.0675771,-0.040406,-0.230342,0.0376129,-0.0463273,-0.00475152],[-0.0651748,-0.128663,-0.0636815,-0.00911349,0.341867,0.545925,0.184958,0.45935,-0.0144387,-0.183921,1.0781,1.41501,-0.111185,-0.159104,-0.244148,-0.103662,0.191378,-0.00454387],[0.0673887,0.183087,-0.131766,-0.0751766,0.579629,0.173355,-0.0735197,0.0613695,-0.107384,0.0357874,-0.237566,0.776473,0.0492821,0.0423534,-0.165554,0.449582,-0.0603524,0.000662986],[-0.059877,0.0646702,0.212275,-0.0312142,-0.15533,0.598171,-0.103001,0.0176099,-0.312921,-0.112634,1.4161,2.6566,0.0653515,-0.0822754,2.71175,0.798167,-0.0468929,0.0502076],[-0.0133169,-0.0149258,0.0112778,0.00250311,-0.0917174,-0.0391243,0.0102498,-0.00678544,-0.0148048,-0.0084602,0.0229584,0.301038,-0.00637701,-0.0135112,0.228693,0.0034298,-0.000590706,-0.00230592],[-0.0118335,-0.00657458,-0.0247704,-0.00559399,-0.00715596,-0.0299205,3.88317e-05,-0.000912999,0.000708204,-0.00245459,-0.0266783,-0.0864436,0.000422167,0.00148028,-0.00231072,-0.00459307,0.000590938,-0.00102223],[-0.192165,-0.249777,0.111822,0.0700975,0.108146,-0.542975,-0.0462764,0.0262906,0.0444715,-0.00427578,-0.962914,-1.11309,-0.12946,-0.0100092,-2.28576,-0.612852,0.0891113,-0.166726],[0.351539,0.202592,0.926276,0.0864594,-0.0320899,0.714788,-0.0479774,-0.104478,-0.120001,0.0315912,1.15188,3.60384,-0.0198084,0.0110951,1.14058,0.467491,0.0291903,-0.00157559],[-0.00718075,-0.010376,-0.000999288,0.00676098,-0.0267557,-0.0513263,0.00922167,-0.00151919,-0.00362201,-0.0100788,-0.0346889,-0.156105,-0.0119909,-0.00266847,-0.115191,-0.0053668,-0.00648819,-0.00299269],[0.0197515,0.0153174,0.120569,0.0252567,0.0723726,-0.0639146,0.019508,-0.0163388,0.0231751,0.0197843,-0.173729,0.170469,0.0101726,0.0227448,-0.115251,0.0595107,0.0776626,-0.0145784],[-0.0643486,0.00753148,0.0813359,-0.134904,-0.361993,-0.138683,0.0329181,0.0251465,0.0186068,0.0348973,0.195534,-0.244475,0.0199068,0.0174081,-0.0568067,-0.0142007,0.0914182,0.0206483],[-0.359349,-0.111615,-0.769627,0.193369,-0.827932,-0.634412,-0.0818465,0.0170001,-0.0388375,0.0493676,-0.0263644,0.258906,-0.0107699,-0.011186,-1.20288,-0.189973,0.0518693,-0.158169],[0.101542,0.054039,0.0561805,0.0753285,0.146839,0.116808,-0.01644,0.0126745,-0.00404553,0.0146126,-0.0666677,1.05418,-0.013563,-0.0264064,0.141428,0.00944064,0.0816484,-0.010845],[-0.0293515,0.00779955,-0.00136285,-0.0339758,-0.0387429,-0.0352368,0.00344344,0.0117489,-0.0107933,-0.0204667,-0.1023,0.555361,-0.0149189,-0.01947,0.0499551,0.090833,-0.0275855,-0.00418434],[-0.0077909,-0.0201848,-0.0158407,0.00058513,0.0911821,0.0679301,0.00372829,-0.0034796,-0.0124849,-0.00678009,0.0137152,-0.304804,0.00567003,-0.00156777,0.124782,-0.0135699,0.0139038,0.00380367],[-0.0731068,0.000713817,-0.0251438,0.00217547,-0.241952,-0.0799108,-0.0364016,0.012362,0.010369,-0.0221467,0.462188,0.659273,-0.0435522,-0.0437864,0.176224,0.112131,0.0561179,-0.00755134],[-0.0012729,-0.0165726,-0.00107289,0.00821936,0.00594319,-0.00130509,-0.00223065,0.00137587,0.00446085,-0.0021524,-0.0528337,-0.0986138,-0.000174412,-0.00190386,0.0183052,0.0104507,-0.00684157,-0.00420728],[0.0294838,0.0396196,-0.000313153,0.008822,-0.0175356,0.121827,-0.0056405,-0.000559601,-0.00346836,0.000660249,0.103767,0.442563,0.00890292,-0.00964379,0.256126,0.0531977,0.0196421,0.00852174],[0.0634667,0.0279305,0.0088523,-0.0235526,0.0235113,0.0820361,0.203534,-0.052618,-0.0070844,0.0132823,-0.547447,-1.88612,-0.008183,0.0141597,-0.178004,-0.208686,-0.0306101,0.0020802],[0.288045,0.281424,0.355811,0.118803,0.256592,0.68852,-0.44193,0.00142953,-0.0783234,-0.0691148,0.819058,2.68847,-0.0417217,0.00885967,-0.267973,0.23853,0.186438,0.0164995],[-0.00915906,-0.0416915,-0.0149271,-0.111662,0.162345,0.0186113,0.0120112,0.018986,-0.0725036,-0.0340884,-0.24694,0.0211571,-0.0367684,-0.0437244,0.33372,-0.0732541,0.185846,-0.0276742],[0.128044,0.0564931,0.314194,0.116377,-0.335554,0.135426,-0.0261994,-0.00478423,-0.0600213,0.074524,0.43214,0.854671,0.0401825,0.0377336,0.188637,0.0955387,0.0296209,0.0360953],[0.000863014,-0.00492084,-0.00521812,-0.0245902,-0.0335689,0.0146738,-0.00466875,-0.0009107,-0.00566252,0.00537015,0.0576167,0.151523,0.00951908,0.00313555,0.110908,0.0190189,0.00794062,0.000773235],[0.00108845,0.00030983,0.011406,0.00186487,0.00158553,-0.00147969,-0.00567921,-0.000100374,-0.00102088,-0.000187082,-0.0048881,-0.0132714,0.00111213,0.000385189,0.0218911,-0.00192666,0.00290672,0.00128237],[-0.06359,0.101365,-0.165981,0.00628961,-0.0567328,-0.120567,-0.0583157,-0.0364011,0.0329775,0.018543,-0.584306,2.80962,0.0353908,0.0132119,0.402621,-0.104352,0.267543,-0.0637724],[0.0815284,0.101874,-0.146575,-0.0216037,0.96718,0.159984,0.0756515,0.00746204,-0.0175807,-0.0838664,-0.339154,1.46999,0.0449961,-0.0375466,1.07832,0.384605,0.138573,-0.0210516],[-0.000337216,-0.000998879,-0.00271756,0.00351408,-0.0375069,0.0029089,0.0107974,0.000397501,0.00512311,-0.00236999,0.0123949,-0.0421267,0.000198713,0.000308587,-0.0453707,-0.0137453,-0.000423069,0.00244084],[-0.0430262,-0.0372501,-0.107809,-0.0119707,-0.0378975,-0.11124,-0.0166687,0.0051592,-0.00996399,-0.00288728,-0.0210933,-0.0560373,0.00117123,0.00973007,-0.0275287,0.0485177,-0.0237,0.00415452],[0.01364,-0.0256114,-0.0180278,0.047878,0.179242,0.017024,0.0650466,-0.0243314,0.0301025,0.034723,-0.203464,-0.0747234,0.0186402,0.0229073,-0.175884,0.128988,0.125327,0.0136172],[-0.194671,-0.293945,-0.651175,0.00490116,0.200482,0.0699715,0.0761005,0.0399345,-0.0737624,0.105618,-0.847127,-2.4768,-0.0316176,0.125829,-2.62366,-0.58904,-0.129321,-0.157376]],"sigmahat":[[0.385008,0.294424,0.516258,0.123533,0.37673,0.617929,0.00508778,-0.0334444,0.0483994,0.0354323,0.262731,1.51632,0.0318417,0.000116021,0.555235,0.20269,0.0331783,0.0465528],[0.294424,0.549156,0.557074,0.072672,-0.123492,0.638003,-0.0521441,-0.0467352,0.0287146,-0.00306078,0.953146,2.41263,0.0420774,-0.032604,1.29312,0.397916,-0.0825351,0.0662863],[0.516258,0.557074,2.51319,0.184905,-0.0738946,0.892635,0.0047273,-0.0850861,0.109439,0.0806114,0.918576,4.64773,0.0294223,0.0135566,0.590929,0.369127,0.0055205,0.0605096],[0.123533,0.072672,0.184905,0.432266,0.244694,0.0630837,-0.042388,-0.046006,0.00641604,-0.00425226,-0.206673,0.269077,0.0105104,0.00629776,-0.134363,0.0802758,-0.0517965,0.0115169],[0.37673,-0.123492,-0.0738946,0.244694,4.00008,1.02733,-0.00201597,-0.0133639,0.0429065,0.0929452,-2.62472,-0.264028,-0.0105305,0.0197145,-0.736505,0.464066,0.12552,-0.00040197],[0.617929,0.638003,0.892635,0.0630837,1.02733,3.09536,0.11743,-0.0781842,0.0364081,0.0304452,2.09823,6.82228,0.0680742,-0.121902,3.81173,0.813055,0.42708,0.117477],[0.00508778,-0.0521441,0.0047273,-0.042388,-0.00201597,0.11743,0.265907,-0.0203368,0.0164474,0.0283614,-0.102547,-0.100241,0.0169966,0.016624,0.22371,-0.124968,0.151655,-0.0113907],[-0.0334444,-0.0467352,-0.0850861,-0.046006,-0.0133639,-0.0781842,-0.0203368,0.0657002,-0.0202059,-0.0262121,-0.02425,0.0747682,-0.0133209,-0.00851276,-0.0964311,0.00448028,0.0161107,-0.009642],[0.0483994,0.0287146,0.109439,0.00641604,0.0429065,0.0364081,0.0164474,-0.0202059,0.196072,0.0762756,-0.177867,0.758616,0.0117158,0.00904349,-0.416797,-0.0450779,-0.0136782,0.0182526],[0.0354323,-0.00306078,0.0806114,-0.00425226,0.0929452,0.0304452,0.0283614,-0.0262121,0.0762756,0.152052,-0.162693,1.30813,0.0543212,0.0424306,-0.140757,0.00494403,0.0408876,0.011884],[0.262731,0.953146,0.918576,-0.206673,-2.62472,2.09823,-0.102547,-0.02425,-0.177867,-0.162693,9.62376,14.7351,0.176957,-0.152923,8.42078,1.19527,0.536155,0.175119],[1.51632,2.41263,4.64773,0.269077,-0.264028,6.82228,-0.100241,0.0747682,0.758616,1.30813,14.7351,132.318,1.20752,-0.275068,27.6785,6.03502,5.35307,0.446716],[0.0318417,0.0420774,0.0294223,0.0105104,-0.0105305,0.0680742,0.0169966,-0.0133209,0.0117158,0.0543212,0.176957,1.20752,0.0714801,0.0407864,0.364305,0.0431939,0.0714331,0.0178511],[0.000116021,-0.032604,0.0135566,0.00629776,0.0197145,-0.121902,0.016624,-0.00851276,0.00904349,0.0424306,-0.152923,-0.275068,0.0407864,0.0745339,-0.521539,-0.123656,0.0197491,-0.00586175],[0.555235,1.29312,0.590929,-0.134363,-0.736505,3.81173,0.22371,-0.0964311,-0.416797,-0.140757,8.42078,27.6785,0.364305,-0.521539,21.6506,3.51495,1.324,0.314617],[0.20269,0.397916,0.369127,0.0802758,0.464066,0.813055,-0.124968,0.00448028,-0.0450779,0.00494403,1.19527,6.03502,0.0431939,-0.123656,3.51495,2.14354,-0.0459596,0.112684],[0.0331783,-0.0825351,0.0055205,-0.0517965,0.12552,0.42708,0.151655,0.0161107,-0.0136782,0.0408876,0.536155,5.35307,0.0714331,0.0197491,1.324,-0.0459596,0.885091,-0.0207057],[0.0465528,0.0662863,0.0605096,0.0115169,-0.00040197,0.117477,-0.0113907,-0.009642,0.0182526,0.011884,0.175119,0.446716,0.0178511,-0.00586175,0.314617,0.112684,-0.0207057,0.0336545]],"n":18,"lags":3}