{"betahat":[[0.272936,-0.0919486,-0.362955,-0.62272,-0.47408,0.964043,1.4154,0.245088,0.400628,0.513622,0.0989515,0.383023,-4.3921,8.50924,-0.0752512,-0.220025,2.80392,3.05169,1.36629,0.0455397],[0.912674,-0.0313017,-0.133877,-0.140208,-0.00125808,0.0323258,0.00511305,-0.0165918,0.0455434,0.0419972,0.00714229,-0.0162187,-0.218793,-2.08209,0.0277749,0.041176,-0.58058,-0.0519175,-0.114464,0.0247824],[0.0442917,1.08552,0.151696,-0.00223044,-0.0366986,0.469415,0.016056,-0.0375326,-0.0264804,-0.0343209,-0.0036717,0.0392392,0.717677,0.955088,0.0252996,0.00289004,0.527176,-0.168458,0.0972502,0.0235361],[0.0545752,0.0547098,1.06768,0.0228756,0.00955651,0.109988,-0.0128313,0.00881505,0.0288175,0.037302,0.0211293,-0.00745464,0.0615854,1.1225,-0.00589625,-0.0238417,0.115654,0.110504,0.0278763,0.00267269],[0.0384495,-0.15888,0.380627,1.10486,0.769814,-0.0195833,-0.0124271,-0.0309437,-0.0644913,-0.0579188,0.0793386,-0.0428505,-0.756618,-0.24035,0.0395601,0.0538227,-0.527575,-0.538775,-0.0497794,0.0122037],[0.0177167,0.0255076,-0.00372781,0.0275175,1.05221,0.0226585,-0.00210006,-0.0148338,0.0197347,0.0169882,0.0111748,0.0066256,-0.0058482,0.467004,-0.000485388,0.0023693,0.0413274,0.0929119,0.0420522,0.00989367],[0.0226741,-0.0030271,-0.0364709,0.0131308,0.104295,0.927393,-0.0100285,-0.00326864,0.0103074,0.00817448,-0.00916885,-0.0122421,-0.0522235,-0.63191,-0.00938756,0.0159628,-0.221869,-0.0226238,-0.0510081,-0.00802844],[-0.13962,-0.108243,-0.228956,0.0482203,-0.0647118,-0.312978,0.903306,-0.0475438,0.0130869,0.00557895,0.160106,0.142124,-0.0228264,-1.04077,0.0733895,0.0657633,-0.499137,-0.188223,0.0189431,-0.0272129],[-0.18405,-0.0817916,-0.0868751,0.0354365,-0.41507,-1.10983,0.172256,0.533871,0.00377993,0.0143196,0.186491,-0.615913,-1.26045,-2.94339,0.148056,0.105925,1.20595,0.180522,-0.390325,-0.0254676],[-0.135736,-0.114313,-0.100619,0.0697522,-0.507932,-0.174361,0.0526373,-0.0572686,1.08156,0.0499292,0.0124082,0.0735172,0.517364,-0.528879,0.0102457,0.0157171,0.234865,-0.0518917,-0.0846688,0.0246846],[0.0403065,-0.105539,0.17128,0.178341,-0.609175,-0.218289,0.0846262,-0.0454739,0.139301,1.02065,-0.0337993,-0.0220827,0.177583,-0.192176,-0.0295777,-0.0334899,-0.219936,-0.215732,0.00646757,0.00858926],[0.0167279,-0.0110184,-0.393866,-0.113331,0.656176,-0.404432,0.148387,-0.00635281,0.366164,0.419746,1.03068,-0.0971647,-1.49611,-1.41482,-0.0822793,0.0293783,-2.36315,-0.571597,0.0544188,-0.0549693],[-0.0114479,-0.0269942,-0.0198193,0.00870343,-0.137228,-0.142104,-0.111827,0.0265012,-0.000757368,0.0109872,0.0339988,1.14086,-0.203826,-0.496183,0.00788162,0.0295366,-0.527802,-0.0914798,-0.119715,0.0120437],[0.0093875,0.0134388,-0.0133643,0.0224512,0.111299,0.0309033,0.00139344,0.00618599,0.0204107,0.0254425,0.00687277,0.0162247,0.86132,-0.655973,-0.00413396,0.0115437,-0.36056,0.0109612,-0.000348815,-0.00163368],[0.00692763,0.0023549,0.00812141,0.00197657,0.00237686,0.0232386,0.0055271,0.00130777,0.000495523,-0.00148784,0.0032487,-0.0150472,0.0214782,1.01959,-0.00166613,-0.000640186,-0.0351153,0.0031256,-0.00280555,-0.000787688],[0.233645,0.107432,0.0950284,-0.0511506,0.0703178,0.610644,0.0968432,0.0551663,-0.105186,-0.168787,-0.0359054,-0.0617393,1.50232,-2.59961,1.05623,-0.0409453,1.34717,0.789417,-0.515433,0.23532],[-0.461176,-0.271424,-0.833352,-0.0305322,-1.05726,-1.07409,-0.0264693,0.132721,0.122574,0.135168,0.0423716,0.398638,-0.689934,-4.06546,-0.00816226,1.0262,-1.82603,-0.102931,-0.261535,0.0161299],[0.00993717,0.00784295,0.0167836,-0.0106482,0.0587694,0.0670039,-0.0176713,-0.000702868,-0.000401129,-0.00145781,0.0127327,0.0173455,0.0284099,0.259437,0.0115316,0.00274365,1.19006,0.00713554,0.0241973,0.000212004],[0.0688244,0.0947669,0.0822488,0.0262215,0.0678349,0.135075,0.0154416,-0.00933132,0.029467,0.0425299,0.00905278,0.0234336,0.201533,1.15485,0.0081908,-0.00985467,0.365727,0.53156,-0.00787362,0.0181808],[0.0822506,0.116168,0.261639,0.0860548,0.283039,0.220985,0.00528477,-0.025116,-0.0431487,-0.0301999,-0.0369255,0.108423,0.0658229,1.26711,0.0180895,0.0334656,0.0422965,-0.264294,0.61523,-0.00209454],[0.66229,0.511449,1.91967,-0.138919,0.372475,0.827164,-0.0718235,-0.0887111,0.12478,0.165725,-0.14019,0.230241,0.71642,1.39706,0.0462589,-0.0624807,4.15862,1.13059,0.156397,1.26811],[-0.0460742,-0.051166,0.00989492,0.0567629,-0.185138,-0.23752,0.00638751,0.00777122,-0.0433578,-0.0357008,-0.0218995,0.0071334,0.323863,1.06461,-0.0104612,-0.00917991,0.420595,0.0418285,0.0327361,-0.0139321],[-0.0442322,-0.143397,-0.195665,0.023366,0.113903,-0.492855,0.00259642,0.0271311,0.0321386,0.0480992,0.0229142,0.00160851,-0.716456,-2.17739,-0.0238869,0.0158737,-0.696821,-0.00737972,-0.0594044,-0.0287348],[-0.0513065,-0.0350498,-0.0395114,-0.0226231,-0.121253,-0.196339,0.00283423,-0.00450008,-0.0161335,-0.0200143,-0.0119893,0.0221007,-0.087675,-0.793799,0.000563652,0.0289153,-0.25345,-0.0678688,-0.048293,-0.00755586],[0.0288675,0.148841,-0.396827,-0.0865424,-0.491207,0.0654042,0.0587618,0.018894,0.0375924,0.0279747,-0.0592398,-0.00252103,0.185716,-0.876292,0.000233722,-0.0128079,0.269725,0.449837,-0.0313254,-0.0174428],[-0.00837924,-0.00513305,0.0280768,-0.032776,-0.0709409,0.000912778,0.00539678,0.0112963,-0.0202357,-0.017097,-0.0101085,-0.0170105,0.114279,-0.151142,0.00305199,0.000230661,-0.00983147,-0.0877617,-0.0252133,-0.00171595],[-0.0595086,-0.0402796,0.0257134,-0.022763,-0.0772717,-0.0664552,0.0128425,0.00398053,-0.00867286,-0.00640794,0.00950799,0.00337029,-0.0539358,0.250809,0.00141177,-0.00395522,-0.0384655,-0.0660175,0.0340141,-0.00197787],[0.0619956,0.0607992,0.175786,-0.0376567,0.054726,0.207101,-0.124064,0.10431,-0.0340045,-0.0364933,-0.172618,0.110341,0.331394,1.89358,-0.0748385,-0.0775632,0.309358,0.303664,-0.0331012,0.0210884],[-0.0746736,-0.162216,-0.105759,-0.0120042,0.318064,0.485123,0.159505,0.479177,0.0136401,0.00910522,-0.174055,8.79733e-05,0.987169,1.19092,-0.110061,-0.144717,-0.536281,-0.21288,0.151442,0.010287],[0.0643174,0.151861,-0.0386731,-0.0318747,0.406408,0.109335,-0.063816,0.0531372,-0.0567474,-0.0338776,-0.000125807,-0.0356474,-0.17211,1.02249,0.0317666,0.0179132,-0.316756,0.144779,-0.0697988,-0.00157686],[-0.0394623,0.0981747,-0.221225,-0.111923,0.532199,0.100508,-0.0931511,0.0494569,-0.166645,-0.109036,0.0544231,0.0205405,0.0321077,-0.0734688,0.0451727,0.0496202,-0.0326242,0.366766,-0.157372,0.000797517],[-0.124538,0.014554,0.0958072,-0.0091358,-0.211375,0.26567,-0.148969,0.0145515,-0.308775,-0.322103,-0.113754,0.0197391,1.23334,0.813619,0.0439682,-0.0740042,2.2186,0.456705,-0.135419,0.0252666],[-0.0297523,-0.000177615,-0.0554441,-0.0218758,0.157059,-0.0149022,0.181429,-0.055665,-0.0072276,-0.0256427,-0.00921947,-0.306748,-0.124963,-1.2963,-0.0206561,-0.0118256,-0.052864,-0.201442,0.0489202,-0.0245146],[-0.0104408,-0.00965389,0.0146294,-0.000560542,-0.0709533,-0.0402656,0.00635746,-0.00457018,-0.019393,-0.0272337,-0.0108407,-0.0204682,0.0463029,0.483279,-0.00475833,-0.0135586,0.253632,-0.0219658,0.000154087,-0.00191025],[-0.00874913,-0.00429435,-0.0185609,-0.00375086,-0.00851023,-0.0194449,0.00100103,-0.000280365,-0.000358342,0.00164569,-0.00282941,0.00427104,-0.0211337,0.0117065,0.00113977,0.000908442,0.0167216,0.0146279,0.00504008,-0.000681263],[-0.150017,-0.191961,0.248572,0.0727074,0.140129,-0.345834,-0.0462784,0.0109826,0.0428476,0.0728369,-0.00954496,-0.0234104,-1.164,-0.387665,-0.133061,-0.016891,-2.13742,-0.535452,0.203389,-0.184517],[0.356996,0.248368,1.01696,0.034304,-0.0429928,0.862931,-0.0842351,-0.121127,-0.10979,-0.132681,0.0268154,-0.183461,1.286,3.55219,-0.0391472,-0.0114965,1.04825,0.115234,0.00396058,0.0108652],[-0.00698016,-0.00856908,-0.00833799,0.00879802,-0.0182875,-0.061055,0.0101615,-0.00110204,-0.00411789,-0.00548959,-0.00963306,-0.00829521,-0.0439058,-0.173851,-0.0110614,-0.00216469,-0.125854,0.00901954,-0.0133684,-0.00290937],[-0.0163683,-0.0031165,0.0258213,-0.0144947,0.0860129,-0.0738841,-0.00244688,-0.00474302,0.00477001,0.00923975,0.00762665,0.00319708,-0.314082,-0.963359,-0.0114454,0.00699122,-0.326259,-0.0855362,0.00499065,-0.0193112],[-0.0330062,0.0210784,0.0878057,-0.145938,-0.428606,-0.0478154,0.0336756,0.0321446,0.0275103,0.0100828,0.0289537,-0.098,0.408041,0.34925,0.0269755,0.00916606,0.203664,0.0677725,0.145809,0.0366669],[-0.563348,-0.246431,-1.14346,0.139481,-0.904885,-0.852927,-0.0205068,0.0472894,-0.0990822,-0.130119,-0.00874712,-0.0176458,0.179348,2.0648,-0.0333162,-0.0478315,-1.01363,-0.295871,0.0980336,-0.176118],[0.133399,0.0824709,0.123979,0.0834433,0.186394,0.205198,-0.0115002,0.00881971,-0.00218538,-0.0062957,0.014758,0.00908719,-0.105067,1.01749,-0.0173136,-0.0319964,0.159999,0.0100933,0.0817256,-0.0108505],[-6.0425e-05,0.0578791,0.0439662,-0.021137,-0.0772068,0.0234431,-0.0186519,0.0104005,-0.00565789,-0.0137774,-0.0192415,-0.0408458,-0.00121838,1.22231,-0.00141259,-0.0187641,0.169659,0.175842,-0.0378475,0.00519845],[-0.00326983,-0.0196563,-0.02818,-0.000253146,0.111695,0.086354,0.00999715,-0.00431588,-0.0126837,-0.017287,-0.00913933,-0.0146436,0.0260945,-0.328717,0.00533256,-0.0050739,0.137808,-0.0426307,0.0204128,0.00488247],[-0.0673178,0.010044,0.0161971,-0.0183149,-0.27861,-0.0458158,-0.0463342,0.0120486,0.0268989,0.0299445,-0.0200979,0.0453734,0.570906,1.11664,-0.0397938,-0.0410155,0.257866,0.0889442,0.0811024,0.00523881],[-0.00933866,-0.0203683,-0.0243587,0.0052559,0.0187225,-0.0235642,-0.00329546,0.00353495,0.000501763,0.000109979,-0.0010644,0.0103898,-0.108418,-0.31589,-0.00256642,-0.00260058,-0.0314696,-0.00514931,-0.0168402,-0.00817812],[0.036833,0.0433117,0.0107483,0.00963083,-0.0270254,0.139067,-0.00281271,-0.000713972,-0.00163381,-0.00176532,-0.000337215,0.00887594,0.106168,0.381077,0.00797616,-0.0120078,0.260355,0.0886428,0.0169923,0.0100057],[0.0776339,0.0477137,0.0526828,-0.0105186,0.0102022,0.106298,0.220848,-0.0568759,0.0209344,0.0309283,0.0125932,-0.252322,-0.30764,-0.854514,0.00148408,0.0117629,0.191249,-0.115469,0.0142177,0.00611333],[0.286998,0.274459,0.319518,0.0898607,0.255669,0.626719,-0.37674,-0.0323221,-0.0440064,-0.0613113,-0.0487731,0.548182,0.573857,1.53244,-0.055326,0.0243708,-0.574117,-0.00104024,0.152019,0.0107459],[0.0552989,-0.0455764,0.0860127,-0.0377182,0.0872007,0.00996484,0.0122357,0.00509964,-0.0442279,-0.037112,-0.022015,-0.0371692,-0.286757,-0.488563,-0.0398939,-0.0348015,0.102807,-0.141065,0.146951,-0.0206047],[-0.016164,-0.000600082,-0.0167663,-0.0639248,0.0727619,0.0643315,0.00892319,-0.00424624,0.00890887,0.0675616,-0.0312448,0.00776029,-0.118068,0.296896,-0.0128555,-0.017921,0.284331,-0.211829,0.145926,-0.00596765],[0.111419,-0.000327108,0.30308,0.119998,-0.428476,0.148528,0.000862534,-0.0060229,-0.0594619,-0.0997936,0.0737144,0.073785,0.263973,0.548897,0.036696,0.041114,0.111237,0.1264,0.0812524,0.0337655],[0.0411893,0.0272664,0.0750939,0.0131688,-0.0197644,0.157172,-0.0695455,0.0291218,0.00799941,0.0146715,-0.0247444,0.165916,0.329103,1.79229,0.0127842,-0.017729,0.581189,0.292921,0.0708438,0.0124641],[0.00106134,-0.00387345,-0.000985686,-0.0218378,-0.0404602,0.00910999,-0.00781741,-0.00156475,-0.00106712,0.00173276,0.00393197,0.00416607,0.0915541,0.17221,0.00886636,0.00203333,0.105994,0.0110978,7.39518e-05,0.00353277],[0.00185811,0.00208281,0.00975209,0.00217116,0.00603539,-0.00410495,-0.0065478,-0.00102613,-0.000425922,-0.00051585,-0.00065219,0.0106033,0.00183763,-0.0448164,0.00046737,-0.000191229,0.0172319,-0.0188025,-0.00298482,0.00135351],[-0.0456326,0.083534,-0.169592,0.00551024,-0.123374,-0.176602,-0.0814212,-0.0451463,0.053344,0.0794452,0.0159375,0.066938,-0.406108,2.78673,0.049253,0.0369299,0.553461,-0.147471,0.264811,-0.0442422],[0.112655,0.0257969,-0.129568,0.00591602,1.0891,0.206868,0.103089,0.000127876,-0.0131818,-0.00494458,-0.0773241,-0.23502,-0.645589,0.498615,0.0413358,-0.023122,0.644887,0.0251518,0.235572,-0.0277249],[-0.00294798,0.00092037,-0.00891397,0.00192042,-0.0400881,-0.00539865,0.00763907,0.00163819,0.00460559,0.00702305,-0.0029187,-0.00874717,0.0161318,-0.0879134,-0.000431885,-0.000538431,-0.0636482,-0.0163788,-0.0106332,0.00266077],[0.0156858,0.0025887,-0.0276642,0.018018,0.0843148,-0.00316104,-0.00726721,-0.00164779,-0.00635678,-0.0080644,-0.00145736,-0.0293499,-0.09519,-0.192034,0.00120733,0.00330155,-0.0913228,-0.0249872,-0.0172663,0.00370444],[0.00487074,-0.06232,-0.0156845,0.0573392,0.158789,-0.00180245,0.0765846,-0.02908,0.0460331,0.0681034,0.0371995,-0.101534,-0.18808,-0.245283,0.0135251,0.0264053,-0.253248,0.0593172,0.140826,0.0145049],[-0.138796,-0.292086,-0.690368,0.0691861,0.239735,0.00995801,0.0728502,0.0285455,-0.0523989,-0.0808288,0.129228,-0.0820171,-0.705443,-3.48988,-0.0360969,0.131903,-2.87172,-0.828796,-0.254778,-0.155763]],"sigmahat":[[0.381043,0.277566,0.54709,0.10919,0.371472,0.66993,0.0192245,-0.0309463,0.0258377,0.023048,0.0263587,-0.0203498,0.226452,1.61196,0.028123,-0.00448,0.591469,0.156145,0.0955473,0.0374938],[0.277566,0.492763,0.546527,0.0552599,-0.162542,0.694057,-0.0200034,-0.0357737,-0.0145336,-0.0160947,-0.0145408,0.0164939,0.911659,2.90708,0.0442002,-0.0371767,1.44282,0.413985,0.0736558,0.0492926],[0.54709,0.546527,2.58536,0.157825,-0.0359404,1.15861,0.037259,-0.072091,0.0394471,0.0490535,0.0640991,-0.0535301,0.845492,5.52082,0.0314723,0.00153628,0.951328,0.39933,0.214389,0.043114],[0.10919,0.0552599,0.157825,0.406766,0.25493,0.0747831,-0.029966,-0.0410281,-0.017532,-0.030199,-0.00855824,0.00704681,-0.176386,0.379637,0.0103131,0.00575927,-0.0513537,0.0699844,0.00478265,0.00344722],[0.371472,-0.162542,-0.0359404,0.25493,3.94247,0.806234,-0.0403727,-0.038237,0.0707386,0.0771699,0.0666354,0.00430083,-2.65399,-2.24129,-0.0565854,0.00156082,-1.26764,-0.288089,-0.0746114,-0.000315613],[0.66993,0.694057,1.15861,0.0747831,0.806234,3.26569,0.127829,-0.0809559,0.0586032,0.0751662,0.0262682,0.00692762,2.10368,7.7942,0.0783603,-0.121103,3.88977,1.18407,0.471288,0.128108],[0.0192245,-0.0200034,0.037259,-0.029966,-0.0403727,0.127829,0.210596,-0.0152442,0.0436575,0.0529342,0.0344082,-0.167009,0.0257474,0.435096,0.0302434,0.0245963,0.23054,0.0802362,0.10376,0.00490453],[-0.0309463,-0.0357737,-0.072091,-0.0410281,-0.038237,-0.0809559,-0.0152442,0.0604791,-0.0106741,-0.00869988,-0.0226041,0.0127124,-0.0205995,0.0509638,-0.0110891,-0.00740369,-0.109463,0.0755601,-0.00548695,-0.00612425],[0.0258377,-0.0145336,0.0394471,-0.017532,0.0707386,0.0586032,0.0436575,-0.0106741,0.164865,0.185998,0.0647068,0.00479997,-0.136929,1.04478,0.013834,0.0111744,-0.29909,-0.0796776,0.0721624,0.0120074],[0.023048,-0.0160947,0.0490535,-0.030199,0.0771699,0.0751662,0.0529342,-0.00869988,0.185998,0.241396,0.0761795,0.0055931,-0.0918451,1.48679,0.0247698,0.0176374,-0.155997,-0.0534788,0.0993395,0.0151933],[0.0263587,-0.0145408,0.0640991,-0.00855824,0.0666354,0.0262682,0.0344082,-0.0226041,0.0647068,0.0761795,0.145772,0.0248102,-0.207107,1.2598,0.0519865,0.0411558,-0.120682,0.0320655,0.0754228,0.00428026],[-0.0203498,0.0164939,-0.0535301,0.00704681,0.00430083,0.00692762,-0.167009,0.0127124,0.00479997,0.0055931,0.0248102,0.45283,-0.0475705,0.44958,0.00576079,0.0166207,-0.126206,0.0557767,0.0290464,-0.000707615],[0.226452,0.911659,0.845492,-0.176386,-2.65399,2.10368,0.0257474,-0.0205995,-0.136929,-0.0918451,-0.207107,-0.0475705,10.5269,19.0489,0.231257,-0.140422,9.25862,1.47583,0.681756,0.221223],[1.61196,2.90708,5.52082,0.379637,-2.24129,7.7942,0.435096,0.0509638,1.04478,1.48679,1.2598,0.44958,19.0489,155.732,1.54383,-0.22287,32.809,11.743,5.83567,0.738859],[0.028123,0.0442002,0.0314723,0.0103131,-0.0565854,0.0783603,0.0302434,-0.0110891,0.013834,0.0247698,0.0519865,0.00576079,0.231257,1.54383,0.0747042,0.0403297,0.453826,0.164819,0.0948598,0.0189963],[-0.00448,-0.0371767,0.00153628,0.00575927,0.00156082,-0.121103,0.0245963,-0.00740369,0.0111744,0.0176374,0.0411558,0.0166207,-0.140422,-0.22287,0.0403297,0.0728234,-0.469309,-0.0800334,0.0350515,-0.00697959],[0.591469,1.44282,0.951328,-0.0513537,-1.26764,3.88977,0.23054,-0.109463,-0.29909,-0.155997,-0.120682,-0.126206,9.25862,32.809,0.453826,-0.469309,22.1107,4.83437,1.31127,0.387276],[0.156145,0.413985,0.39933,0.0699844,-0.288089,1.18407,0.0802362,0.0755601,-0.0796776,-0.0534788,0.0320655,0.0557767,1.47583,11.743,0.164819,-0.0800334,4.83437,4.76265,0.515334,0.105522],[0.0955473,0.0736558,0.214389,0.00478265,-0.0746114,0.471288,0.10376,-0.00548695,0.0721624,0.0993395,0.0754228,0.0290464,0.681756,5.83567,0.0948598,0.0350515,1.31127,0.515334,0.66414,0.0191781],[0.0374938,0.0492926,0.043114,0.00344722,-0.000315613,0.128108,0.00490453,-0.00612425,0.0120074,0.0151933,0.00428026,-0.000707615,0.221223,0.738859,0.0189963,-0.00697959,0.387276,0.105522,0.0191781,0.0316068]],"n":20,"lags":3}