{"betahat":[[-0.225785,-0.537181,-2.41484,-1.03093,-0.502096,-0.873206,1.16013,0.471467,0.191428,0.167075,-6.71263,2.17572,-0.0296297,-0.143362,-1.2543,2.21858,0.577076,0.0100326],[0.913897,-0.0302621,-0.118081,-0.136959,0.0246676,0.0659322,0.0233097,-0.0189936,0.0457016,0.0175104,-0.324668,-2.13204,0.0258217,0.0409916,-0.608801,-0.109227,-0.08906,0.0155479],[0.0514984,1.10651,0.15587,0.021611,-0.0483166,0.400195,-0.00814612,-0.0342794,-0.0358938,0.00729412,0.4383,0.518118,0.0322126,0.0152197,0.338623,-0.0992823,0.0884176,0.0110497],[0.0405348,0.0396803,1.01931,0.0160501,0.0341746,0.0812791,-0.00892723,0.00898581,0.0183751,0.0201606,-0.0403799,0.595875,-0.0107704,-0.0236713,0.00153978,0.0464036,0.0221381,-0.004116],[0.0539599,-0.111742,0.4312,1.10309,0.695156,-0.00130806,-0.0348874,-0.0251482,-0.0630518,0.0918624,-0.725545,0.0795711,0.0541433,0.066633,-0.52558,-0.359314,-0.0483304,0.0169124],[0.0050298,0.0149393,-0.0554514,0.0280808,1.08573,-0.0234586,0.00615751,-0.0103677,0.0172666,0.00377762,0.041711,0.660985,-0.000667839,-0.000830788,0.0939416,0.0642975,0.0397699,0.00988289],[0.0161045,-0.0133295,-0.0464451,0.00460253,0.0951715,0.930609,-0.0118911,-0.00265537,0.007324,-0.00858501,-0.095337,-0.908221,-0.0127066,0.0155917,-0.260903,-0.024377,-0.0545586,-0.00843493],[-0.0267689,0.0368521,0.0680337,0.0715493,-0.0467565,0.0232961,0.970266,-0.0669662,0.0795635,0.115777,0.640974,1.37523,0.0744829,0.0236914,0.485593,0.190266,0.0767392,0.00478251],[-0.169405,-0.096759,-0.0736301,0.0581376,-0.402926,-1.16117,0.21474,0.505752,0.051907,0.195618,-1.4073,-4.03515,0.128366,0.124653,1.00307,-0.0706188,-0.465633,-0.0169776],[-0.0950495,-0.168866,0.0209069,0.195633,-0.816154,-0.283214,0.0587215,-0.0772957,1.13971,-0.0135518,0.633339,-0.438683,-0.00268866,-0.000318788,-0.0479202,-0.408964,-0.106244,0.0286203],[-0.0717647,-0.123572,-0.549114,-0.0815507,0.551807,-0.713498,0.129693,-0.0169388,0.365152,1.02444,-1.88722,-3.79895,-0.103707,0.0436092,-2.96062,-0.869053,0.0147701,-0.0772163],[0.0117947,0.018892,-0.00359926,0.0225541,0.126045,0.0240083,-0.00655956,0.00778335,0.0187588,0.00150398,0.918396,-0.437438,-0.00446221,0.00919597,-0.335485,-0.0201292,-0.00633005,0.000921421],[0.0111754,0.00663788,0.0132079,0.00401954,0.0057305,0.0319931,0.00622349,0.000871366,-0.000240507,0.00239726,0.0335883,1.07404,-0.00178904,-0.00184332,-0.0210989,0.00448467,-0.00513429,-0.000350678],[0.305984,0.163622,0.262449,-0.0449355,0.0495339,0.795663,0.0601504,0.0406166,-0.0650346,-0.0371776,1.63798,-1.55233,1.06829,-0.0267058,1.56904,0.750736,-0.412053,0.240443],[-0.403483,-0.310393,-0.656479,-0.0341566,-0.907679,-0.919085,-0.0304707,0.121406,0.140358,0.0356804,-1.07762,-5.27135,-0.0454803,1.00672,-2.44127,-0.825975,-0.202517,0.0122078],[0.00828816,0.0108728,0.00312814,-0.00982506,0.0649243,0.0491905,-0.0205511,0.000718932,-0.000991173,0.0135531,0.0177511,0.200642,0.0118259,0.00194553,1.16281,0.0190789,0.00832289,0.000464295],[0.10277,0.0772942,0.268316,-0.00066071,0.0590351,0.350795,0.0233248,-0.0214555,0.0459219,-0.000526406,0.0682881,0.870465,-0.00726127,-0.0126762,0.404554,0.306737,0.0943853,0.0180658],[0.105677,0.108469,0.317176,0.0971846,0.165934,0.249223,0.0295533,-0.016701,-0.00575138,-0.0279776,0.200985,1.39708,0.0178724,0.0273189,0.167053,-0.0350523,0.603943,0.0191337],[0.493367,0.379039,1.51334,-0.128437,0.361255,0.442048,-0.0060137,-0.0889125,0.0901186,-0.171485,1.01302,1.8068,0.0250186,-0.069902,4.00277,0.634474,0.0397557,1.25262],[-0.0118909,-0.0231333,0.0638046,0.0580962,-0.177726,-0.184281,-0.00738866,0.00914148,-0.0389627,-0.027907,0.378597,1.1061,-0.0116884,-0.0159562,0.449432,0.10188,0.016729,-0.0055685],[-0.0217847,-0.11313,-0.139564,0.0105739,0.0891349,-0.357627,0.00851975,0.0231742,0.047226,0.00995952,-0.329846,-1.0576,-0.0174101,0.00381638,-0.368742,0.0208973,-0.0597846,-0.00584128],[-0.0312548,-0.0194841,-0.000834959,-0.0153829,-0.112811,-0.151681,0.0032013,-0.00583212,-0.00494603,-0.0118539,0.0193857,-0.319607,0.00481856,0.0255252,-0.129169,-0.0299521,-0.0416999,0.000360016],[0.0221792,0.114013,-0.41328,-0.10092,-0.444243,0.0962865,0.0743898,0.01449,0.0492671,-0.0740245,0.267782,-0.657653,-0.0114606,-0.0235642,0.362124,0.241721,0.00092522,-0.0112885],[-0.00384011,0.0011173,0.0542548,-0.0353004,-0.0921566,0.0269634,-0.0019155,0.00844033,-0.0218324,-0.00110609,0.0114984,-0.582989,0.000846858,0.00220366,-0.105901,-0.078598,-0.0331721,-0.00585726],[-0.0475092,-0.0272685,0.0427991,-0.0128342,-0.0741402,-0.0521069,0.0164195,0.00273386,-0.00571342,0.00746977,-0.0120782,0.454935,0.00446475,-0.00467083,-0.0016861,-0.0302897,0.0359429,-0.000291985],[-0.0335497,-0.064315,-0.0724535,-0.0466892,0.0386884,-0.083985,-0.168408,0.119999,-0.0760299,-0.133697,-0.075569,0.500303,-0.0676331,-0.0390482,-0.257973,0.0433951,-0.0422791,-0.00608636],[-0.0511401,-0.106758,-0.00840075,-0.0156268,0.324952,0.610777,0.190462,0.457814,-0.0111423,-0.186766,1.16605,1.5544,-0.109218,-0.159996,-0.195121,-0.106035,0.214821,0.000569517],[0.0705817,0.186182,-0.130098,-0.0876622,0.591789,0.18222,-0.0664142,0.0616786,-0.108178,0.0310231,-0.229365,0.451104,0.0500516,0.0446107,-0.174467,0.452922,-0.073483,0.00267693],[-0.0482737,0.0755188,0.224279,-0.0257833,-0.164486,0.56718,-0.106518,0.0193195,-0.298659,-0.109065,1.42711,2.7074,0.0625284,-0.0830396,2.64465,0.749693,-0.0440989,0.046906],[-0.0128819,-0.0147815,0.00711318,0.000923298,-0.094466,-0.0408734,0.0117321,-0.00713653,-0.0128055,-0.00681097,0.0261864,0.292079,-0.00503977,-0.0127553,0.237097,-0.00120702,-0.00158856,-0.00185042],[-0.0118035,-0.00625466,-0.0236956,-0.0055376,-0.00732097,-0.0287177,-0.000363878,-0.000803266,0.000850993,-0.00254261,-0.0243641,-0.0736551,0.000562548,0.00145595,0.000327941,-0.00280612,0.00161014,-0.000979733],[-0.18147,-0.242727,0.132734,0.0787639,0.21662,-0.490449,-0.0481888,0.0292309,0.0292578,-0.0126431,-1.0508,-1.02881,-0.138228,-0.0223705,-2.17949,-0.555607,0.0989741,-0.166387],[0.336163,0.22579,0.900263,0.0559082,-0.119837,0.710165,-0.0503858,-0.111118,-0.1256,0.0288675,1.31513,3.81171,-0.0177765,0.011366,1.26195,0.455948,0.0073979,0.00561308],[-0.00726707,-0.00905029,-0.00059796,0.00719659,-0.0272994,-0.0522898,0.00987448,-0.00135581,-0.00449218,-0.0109719,-0.0289556,-0.166582,-0.0116904,-0.00175536,-0.119293,-0.00771655,-0.00701725,-0.00298462],[0.0165601,0.0133045,0.111045,0.0219875,0.0656585,-0.073968,0.0182239,-0.0171719,0.0212639,0.0181887,-0.181325,0.0388333,0.00732124,0.0223293,-0.153324,0.0568597,0.072762,-0.0146876],[-0.0657947,0.00511128,0.0704193,-0.141073,-0.365605,-0.133884,0.0345445,0.0259907,0.0194636,0.037234,0.200898,-0.286373,0.0205152,0.0176463,-0.0591218,-0.0228371,0.0950342,0.0207607],[-0.370987,-0.128759,-0.826325,0.184206,-0.852388,-0.5886,-0.0737304,0.0274178,-0.0479686,0.0431477,-0.0403465,0.545437,-0.0260339,-0.0277679,-1.11229,-0.155422,0.0608624,-0.163197],[0.0979927,0.0533967,0.0542769,0.0788617,0.15306,0.118357,-0.0159186,0.00984971,-0.00673889,0.0103994,-0.0539156,1.026,-0.0141337,-0.0250367,0.1594,0.00734668,0.0723392,-0.00998046],[-0.0297148,0.00662419,-0.0163064,-0.0321858,-0.0408154,-0.0425599,-0.000371009,0.0111027,-0.0113323,-0.0172507,-0.108443,0.539549,-0.0148028,-0.0190374,0.0301526,0.0783852,-0.0286242,-0.00520955],[-0.00928058,-0.0201935,-0.0184786,-0.000666318,0.0786401,0.0704102,0.0057283,-0.00315627,-0.0134284,-0.00830383,0.0210087,-0.276222,0.00595111,-0.00185526,0.127659,-0.0164543,0.0195671,0.00375434],[-0.0761396,-0.00226791,-0.0179197,-0.00216895,-0.250911,-0.0949672,-0.0394996,0.0106554,0.0137842,-0.017835,0.45778,0.578148,-0.0426834,-0.0430707,0.163495,0.117593,0.0474138,-0.0056251],[-0.00119012,-0.0160494,0.00119137,0.00721745,0.0064224,-0.00349028,-0.00423875,0.00192235,0.00456687,-0.00266712,-0.0531819,-0.0779847,-0.000179754,-0.00137497,0.0120046,0.0142985,-0.00659056,-0.00402659],[0.0314033,0.040602,0.00364043,0.00823131,-0.0210283,0.121508,-0.00452474,-8.2826e-05,-0.00160983,0.00111982,0.107435,0.453299,0.00824143,-0.0109222,0.262626,0.0546629,0.0186235,0.00872543],[0.0603498,0.0278481,0.00395122,-0.0247675,0.00850865,0.061432,0.198256,-0.0532343,-0.00349765,0.0180629,-0.564119,-1.87882,-0.00684697,0.0152727,-0.22579,-0.233763,-0.0343698,0.00129585],[0.277965,0.265787,0.336174,0.110234,0.27069,0.649443,-0.440688,-0.00354208,-0.0602951,-0.0600024,0.701611,2.62934,-0.04098,0.0133085,-0.372599,0.209418,0.179994,0.0143057],[-0.0137863,-0.04366,0.00315911,-0.109453,0.176584,0.00862194,0.0096327,0.0169644,-0.0700311,-0.0308122,-0.30018,0.0378546,-0.0403943,-0.0433288,0.277947,-0.0706073,0.181944,-0.0287407],[0.127569,0.0591431,0.316629,0.106186,-0.359934,0.171916,-0.0245781,-0.000766769,-0.0707921,0.0701361,0.493319,1.00066,0.0408545,0.034109,0.307681,0.127002,0.0371543,0.0365356],[0.00110436,-0.00425437,-0.00316315,-0.0233836,-0.0316553,0.0164671,-0.00527286,-0.000577549,-0.00602675,0.00526361,0.0543346,0.145271,0.00948243,0.00359216,0.0972381,0.0212882,0.0078331,0.000907292],[0.000742436,-0.000263383,0.00983388,0.00198093,0.00115959,-0.00320476,-0.00582558,-6.13944e-05,-0.00100738,-0.000230732,-0.00593674,-0.0176885,0.00110556,0.000482154,0.0198102,-0.00349584,0.00291643,0.00116792],[-0.0560634,0.112043,-0.1469,0.0109443,-0.0766747,-0.159526,-0.0541804,-0.0448396,0.0366222,0.0246908,-0.652126,2.63649,0.038671,0.0216662,0.362805,-0.0812882,0.245634,-0.0606198],[0.0833767,0.0971306,-0.164669,-0.00226179,1.00677,0.198542,0.0719379,0.00357375,-0.0101196,-0.0777181,-0.286764,1.4681,0.0539975,-0.0324947,1.02993,0.361173,0.162379,-0.0193756],[-0.000915979,-0.00154156,-0.00282917,0.00279517,-0.0368935,0.00406229,0.0108725,0.000368145,0.00560848,-0.00227055,0.0119305,-0.0381199,-8.1293e-05,-0.000107179,-0.0434889,-0.0117377,-0.00101448,0.00247857],[-0.0425399,-0.0355522,-0.104741,-0.00914592,-0.0425915,-0.110263,-0.0181788,0.00414446,-0.00850551,-0.00281945,-0.0147004,-0.0575103,0.00131514,0.0101353,-0.0522161,0.0511713,-0.0302176,0.0045795],[0.0156994,-0.0213249,-0.0125327,0.0546438,0.178668,0.0227508,0.0631369,-0.026743,0.0278987,0.0349548,-0.198075,-0.0996655,0.0189824,0.0236074,-0.186147,0.124505,0.122088,0.0141491],[-0.188182,-0.288932,-0.661274,0.0152076,0.16719,0.0517376,0.0690413,0.0394514,-0.0790436,0.106138,-0.741137,-2.40163,-0.0217109,0.125556,-2.56282,-0.594206,-0.117201,-0.156519]],"sigmahat":[[0.383423,0.294532,0.505162,0.119406,0.364985,0.6198,0.00306672,-0.0305394,0.0491238,0.0346748,0.270855,1.56323,0.0324553,-0.000985413,0.575488,0.202594,0.0402855,0.0464992],[0.294532,0.549426,0.542785,0.0683527,-0.129956,0.650423,-0.0544769,-0.0448353,0.0282264,-0.00539233,0.977004,2.43116,0.0436705,-0.0337523,1.32248,0.39988,-0.0777759,0.0673415],[0.505162,0.542785,2.47121,0.175616,-0.0834834,0.907652,-0.000512704,-0.075808,0.102171,0.0761249,0.941824,4.70964,0.0294607,0.00981828,0.669445,0.37191,0.0249909,0.0600137],[0.119406,0.0683527,0.175616,0.431816,0.245797,0.0611455,-0.0422524,-0.0454069,0.00345618,-0.00627418,-0.211779,0.202956,0.0096319,0.00539732,-0.139333,0.0808978,-0.0513369,0.0106682],[0.364985,-0.129956,-0.0834834,0.245797,3.97784,0.986023,0.00233018,-0.0118697,0.0411609,0.091938,-2.63028,-0.222965,-0.0123217,0.0206903,-0.714383,0.466549,0.134385,-0.00079205],[0.6198,0.650423,0.907652,0.0611455,0.986023,3.09482,0.115017,-0.075817,0.035652,0.0289022,2.14709,6.9908,0.0712036,-0.120945,3.88795,0.814726,0.437476,0.117024],[0.00306672,-0.0544769,-0.000512704,-0.0422524,0.00233018,0.115017,0.267786,-0.0197174,0.0187573,0.030606,-0.109915,-0.074745,0.0171945,0.0173263,0.218037,-0.131185,0.152884,-0.0122083],[-0.0305394,-0.0448353,-0.075808,-0.0454069,-0.0118697,-0.075817,-0.0197174,0.0665857,-0.0193176,-0.0262722,-0.0262353,0.0773485,-0.0137849,-0.00841977,-0.101727,0.00443042,0.0141517,-0.00942648],[0.0491238,0.0282264,0.102171,0.00345618,0.0411609,0.035652,0.0187573,-0.0193176,0.197858,0.0763539,-0.186634,0.806656,0.0123011,0.00957024,-0.420543,-0.0506632,-0.0100549,0.0178987],[0.0346748,-0.00539233,0.0761249,-0.00627418,0.091938,0.0289022,0.030606,-0.0262722,0.0763539,0.153899,-0.164273,1.3696,0.0549141,0.0431468,-0.142579,0.00331255,0.0477396,0.0111299],[0.270855,0.977004,0.941824,-0.211779,-2.63028,2.14709,-0.109915,-0.0262353,-0.186634,-0.164273,9.74877,14.6882,0.18285,-0.149822,8.50231,1.2082,0.501127,0.179356],[1.56323,2.43116,4.70964,0.202956,-0.222965,6.9908,-0.074745,0.0773485,0.806656,1.3696,14.6882,133.134,1.21681,-0.253731,27.5858,6.06718,5.39325,0.453006],[0.0324553,0.0436705,0.0294607,0.0096319,-0.0123217,0.0712036,0.0171945,-0.0137849,0.0123011,0.0549141,0.18285,1.21681,0.0714692,0.0410352,0.363924,0.0465221,0.0708684,0.0181423],[-0.000985413,-0.0337523,0.00981828,0.00539732,0.0206903,-0.120945,0.0173263,-0.00841977,0.00957024,0.0431468,-0.149822,-0.253731,0.0410352,0.0751957,-0.527941,-0.124147,0.0210283,-0.00588735],[0.575488,1.32248,0.669445,-0.139333,-0.714383,3.88795,0.218037,-0.101727,-0.420543,-0.142579,8.50231,27.5858,0.363924,-0.527941,21.9203,3.59547,1.309,0.320108],[0.202594,0.39988,0.37191,0.0808978,0.466549,0.814726,-0.131185,0.00443042,-0.0506632,0.00331255,1.2082,6.06718,0.0465221,-0.124147,3.59547,2.17454,-0.0521039,0.113356],[0.0402855,-0.0777759,0.0249909,-0.0513369,0.134385,0.437476,0.152884,0.0141517,-0.0100549,0.0477396,0.501127,5.39325,0.0708684,0.0210283,1.309,-0.0521039,0.877926,-0.0207866],[0.0464992,0.0673415,0.0600137,0.0106682,-0.00079205,0.117024,-0.0122083,-0.00942648,0.0178987,0.0111299,0.179356,0.453006,0.0181423,-0.00588735,0.320108,0.113356,-0.0207866,0.033594]],"n":18,"lags":3}