{"betahat":[[-0.207756,-0.552613,-2.28804,-0.929441,-0.192961,-0.578555,1.2545,0.353758,0.175965,0.23457,-6.26911,2.23902,-0.0240502,-0.161875,-0.628251,2.13363,0.831015,0.00414296],[0.91774,-0.0289628,-0.0868214,-0.128077,0.034922,0.055762,0.0254024,-0.0232948,0.0450348,0.0135505,-0.340221,-2.22759,0.0218368,0.0381341,-0.599882,-0.109865,-0.0999043,0.0137357],[0.0518441,1.11369,0.167399,0.0161685,-0.072121,0.405706,-0.0113095,-0.0307164,-0.0308396,0.00271284,0.467806,0.538994,0.0308241,0.0141679,0.283861,-0.115906,0.0898047,0.00994674],[0.0418136,0.0388692,1.01377,0.014197,0.0360845,0.079899,-0.00869976,0.0106144,0.0193718,0.019615,-0.0585429,0.569926,-0.0104236,-0.0228241,-0.0147187,0.0423992,0.0225976,-0.00394451],[0.0593811,-0.103777,0.433382,1.11095,0.697208,0.0115886,-0.0314767,-0.0282432,-0.0607648,0.0897526,-0.712208,0.0254429,0.0511652,0.0640811,-0.532742,-0.351071,-0.0453248,0.0174855],[0.00242956,0.0101859,-0.0665558,0.0262588,1.08508,-0.0234729,0.00776337,-0.0106277,0.0171276,0.00578748,0.0378822,0.65609,0.000303198,0.00107546,0.0805557,0.0568304,0.0436063,0.00876754],[0.0153477,-0.0110712,-0.0447909,0.00232065,0.0932776,0.936947,-0.0131328,-0.00287107,0.00798448,-0.00824316,-0.0832746,-0.874049,-0.0126063,0.0143327,-0.239151,-0.0125684,-0.0555926,-0.00735637],[-0.0257717,0.0273345,0.062598,0.0896322,-0.00555245,0.0136011,0.971425,-0.0674143,0.0749131,0.111797,0.565059,1.19367,0.0737845,0.0269961,0.35712,0.149391,0.0738561,0.000901151],[-0.151792,-0.0729255,-0.0118661,0.0543288,-0.44058,-1.105,0.212717,0.519703,0.0596476,0.17604,-1.32751,-3.86372,0.117653,0.114021,0.955638,-0.121513,-0.433262,-0.0172771],[-0.0938957,-0.151078,0.0238463,0.182654,-0.828895,-0.260635,0.0596478,-0.075038,1.1307,-0.0190266,0.697318,-0.456898,-0.00241608,-0.00186848,0.0064301,-0.378113,-0.114774,0.0304139],[-0.0694751,-0.118325,-0.541222,-0.0997033,0.560085,-0.692404,0.119708,-0.0108085,0.369989,1.02133,-1.85187,-3.75872,-0.109511,0.0378786,-2.97788,-0.880341,0.0217184,-0.0777107],[0.0113142,0.0173229,-0.00893288,0.0246808,0.128841,0.0225296,-0.00640857,0.00745541,0.0185318,0.00234727,0.905518,-0.492334,-0.00410643,0.0100938,-0.349164,-0.0245969,-0.0075629,0.000698165],[0.0109381,0.00593779,0.0125095,0.00369986,0.00487077,0.031709,0.00638323,0.00101763,-1.25878e-05,0.00271725,0.0319416,1.07511,-0.00155483,-0.00154458,-0.023583,0.00338411,-0.00466048,-0.000407051],[0.317082,0.1699,0.259935,-0.0351053,0.12291,0.812554,0.0564032,0.0369826,-0.0918838,-0.0375877,1.56893,-1.65042,1.06555,-0.0293074,1.70189,0.777337,-0.408951,0.240341],[-0.402543,-0.290512,-0.649157,-0.0547956,-0.941869,-0.866494,-0.0307291,0.115696,0.153016,0.0337086,-0.94184,-5.14335,-0.0388217,1.00655,-2.31077,-0.772935,-0.196725,0.0195705],[0.00849852,0.0123944,0.00341724,-0.0111712,0.0640152,0.0521818,-0.019368,0.0012504,-0.00141958,0.0122961,0.0310801,0.22496,0.0115467,0.00146462,1.17448,0.0216601,0.00873901,0.00061946],[0.098491,0.0686679,0.256444,-0.00378196,0.0690157,0.339964,0.0214713,-0.0219217,0.0444513,-0.000302427,0.0600707,0.827052,-0.00756893,-0.0118253,0.395919,0.303195,0.102948,0.016912],[0.10436,0.111152,0.308026,0.0957854,0.171265,0.24897,0.0316707,-0.0193447,-0.00531158,-0.026616,0.226735,1.38131,0.0203455,0.0304661,0.176784,-0.0256705,0.606817,0.0206022],[0.49351,0.372549,1.51375,-0.124065,0.348917,0.426245,0.00350108,-0.0853012,0.095352,-0.156873,0.978056,2.15675,0.0306977,-0.0747332,3.94436,0.612312,0.0697992,1.25327],[-0.0153624,-0.0218795,0.0384595,0.0562569,-0.177732,-0.181857,-0.00799372,0.00884428,-0.0366003,-0.0238793,0.38723,1.26596,-0.00635687,-0.010577,0.450519,0.104829,0.0301539,-0.00239827],[-0.0198562,-0.120366,-0.153515,0.0186593,0.123198,-0.360938,0.00799211,0.0198792,0.0400513,0.0122937,-0.366062,-1.17377,-0.0190625,0.00341801,-0.347122,0.0267291,-0.0712686,-0.00586829],[-0.0329942,-0.0186986,0.00294121,-0.0136169,-0.127887,-0.150818,0.0045885,-0.00724178,-0.00535431,-0.0121941,0.0419956,-0.271409,0.00430759,0.0240995,-0.105708,-0.032293,-0.03994,0.000284293],[0.0136826,0.098125,-0.414072,-0.108969,-0.428587,0.0664954,0.067443,0.0175978,0.044851,-0.0733162,0.247917,-0.717494,-0.0108728,-0.0221217,0.341635,0.22614,-0.0059481,-0.0118007],[-0.00042925,0.00530771,0.0606953,-0.0329644,-0.0886548,0.0292808,-0.00482486,0.00920432,-0.0219299,-0.00323991,0.00865762,-0.601075,-6.60041e-05,0.000917938,-0.0983144,-0.0731793,-0.0366533,-0.00489306],[-0.0456467,-0.0285244,0.0462833,-0.0107582,-0.0725151,-0.0548939,0.0171988,0.00334395,-0.00573022,0.00773,-0.02108,0.456662,0.00370661,-0.00466564,-0.0141393,-0.04068,0.0382035,-0.00171781],[-0.0323606,-0.051998,-0.0660201,-0.0687073,-0.00326707,-0.07301,-0.1691,0.120968,-0.0709302,-0.129446,-0.0206833,0.707461,-0.0640879,-0.0399537,-0.167555,0.0597409,-0.0409432,-0.00100051],[-0.0567863,-0.121928,-0.0482533,-0.00112753,0.376896,0.575765,0.177397,0.449943,-0.0180789,-0.173789,1.05473,1.54737,-0.102712,-0.154686,-0.186867,-0.0561338,0.186362,0.00183453],[0.0704655,0.172883,-0.116716,-0.0784646,0.612639,0.180031,-0.0686557,0.0600365,-0.0954751,0.0364466,-0.292726,0.617558,0.0482196,0.0447816,-0.201103,0.430584,-0.0571778,0.000370735],[-0.0448284,0.0682754,0.23854,-0.0230263,-0.188252,0.562859,-0.0909761,0.017233,-0.312905,-0.11438,1.42331,2.53745,0.0636329,-0.0777679,2.65426,0.76476,-0.042485,0.0445674],[-0.011821,-0.0141475,0.0138806,2.66859e-05,-0.0912472,-0.0409819,0.0104693,-0.00663451,-0.0135216,-0.00743491,0.0308811,0.308854,-0.00521111,-0.0123914,0.235166,0.0019689,-0.00108412,-0.00167392],[-0.0115906,-0.00590957,-0.0236456,-0.00502057,-0.00638785,-0.0300664,-0.000417434,-0.000905582,0.000616792,-0.00239995,-0.0241899,-0.070388,0.000663549,0.00147902,0.0018098,-0.0023332,0.00154005,-0.000908408],[-0.184369,-0.22601,0.112061,0.0792453,0.0838723,-0.524884,-0.0527344,0.0250959,0.0540072,-0.00773239,-0.931443,-1.00041,-0.128816,-0.0133381,-2.26321,-0.576487,0.108642,-0.164608],[0.347714,0.199661,0.891064,0.0758468,0.00227439,0.677555,-0.0476691,-0.103358,-0.117077,0.0403104,1.20793,4.00322,-0.00991836,0.0171318,1.16293,0.46713,0.0335457,0.00427498],[-0.0068829,-0.0097996,0.000211782,0.00826703,-0.0248927,-0.0534591,0.00854156,-0.00220962,-0.00359812,-0.00988227,-0.0387176,-0.179051,-0.0112734,-0.0015728,-0.124788,-0.00727231,-0.00865525,-0.00273326],[0.0181624,0.0151149,0.113938,0.0225027,0.0660957,-0.0660927,0.0198477,-0.015946,0.0226362,0.0189551,-0.168342,0.167305,0.0084264,0.0210217,-0.108018,0.0700538,0.0714329,-0.0141445],[-0.0722055,0.00112871,0.061571,-0.140261,-0.368763,-0.142214,0.0347908,0.0272705,0.0192749,0.0357013,0.194461,-0.267262,0.0184364,0.0163765,-0.0741423,-0.028094,0.0906164,0.0194862],[-0.376043,-0.123881,-0.84749,0.198848,-0.893298,-0.589033,-0.091654,0.0193148,-0.047546,0.0331946,0.013718,-0.148934,-0.0302251,-0.02007,-1.18126,-0.155163,0.00276562,-0.160204],[0.0976236,0.0508461,0.0483603,0.0718203,0.142807,0.126096,-0.01741,0.0144504,-0.00843344,0.0103294,-0.0470059,0.961591,-0.0154808,-0.0275577,0.149357,0.00503507,0.0697456,-0.011338],[-0.0319865,0.00668369,-0.0138863,-0.0348269,-0.0510787,-0.0447656,0.00331625,0.0108369,-0.00921055,-0.0150056,-0.101743,0.634741,-0.0117623,-0.0175866,0.0632583,0.0891757,-0.0185405,-0.00407895],[-0.00881754,-0.0201655,-0.0167153,-0.000577754,0.0918011,0.0709211,0.00410977,-0.00337279,-0.0140159,-0.00742018,0.0165515,-0.298571,0.0061148,-0.00127599,0.12042,-0.0101102,0.0173348,0.00365918],[-0.0730616,0.00565779,-0.0193122,-0.00198022,-0.268624,-0.0780795,-0.0359675,0.0106451,0.0159146,-0.0164357,0.464296,0.69201,-0.0402934,-0.0419605,0.191106,0.124929,0.0512677,-0.00568541],[-0.00199867,-0.015485,0.00585271,0.00670499,0.00356952,-0.00580056,-0.00293886,0.0014209,0.00480416,-0.00254528,-0.0465242,-0.0550944,-0.000238008,-0.0019944,0.0177679,0.016345,-0.00695794,-0.00387494],[0.0302998,0.0396016,-0.00150019,0.00843853,-0.020765,0.11795,-0.00406617,-0.000474695,-0.00225265,0.000515579,0.104364,0.41731,0.00889908,-0.00966749,0.253293,0.0532433,0.0173844,0.00907329],[0.0581643,0.0249856,0.00293498,-0.0208596,0.00907846,0.0599921,0.197792,-0.053707,-0.00397399,0.0177754,-0.543245,-1.90398,-0.00966593,0.0129085,-0.187835,-0.209233,-0.0328379,8.89441e-05],[0.26427,0.261334,0.312146,0.0951161,0.223401,0.62447,-0.428324,-0.00520387,-0.056967,-0.0520857,0.718681,2.541,-0.0357252,0.02087,-0.380527,0.190506,0.17353,0.0144064],[-0.0108477,-0.0432337,-0.0024011,-0.108202,0.166242,0.00173966,0.0100048,0.0176317,-0.069833,-0.0326067,-0.287276,-0.112668,-0.0397604,-0.0427577,0.25742,-0.0767063,0.177083,-0.0282328],[0.118893,0.0607161,0.294507,0.119958,-0.349613,0.14093,-0.0318196,-0.0030378,-0.0652719,0.0777149,0.444291,1.11946,0.0436365,0.033824,0.305245,0.126391,0.0207491,0.0381469],[0.000546942,-0.00327943,-0.00462581,-0.0246022,-0.0376216,0.0181027,-0.00416266,-0.000740066,-0.00506139,0.0050275,0.0625402,0.182788,0.00928047,0.00231802,0.112748,0.0226113,0.00847083,0.000958571],[0.000757718,9.05884e-05,0.0105417,0.00174468,0.00123262,-0.00166887,-0.00592633,-0.000102912,-0.000966189,-0.000632121,-0.00476379,-0.0202057,0.000816209,0.000178096,0.0211317,-0.00255668,0.00253662,0.00116095],[-0.0701409,0.0873116,-0.142343,-0.000300616,-0.054758,-0.158028,-0.0436039,-0.0390901,0.030551,0.0154199,-0.667235,2.68868,0.0351005,0.0154766,0.395078,-0.0920636,0.245422,-0.0633681],[0.0715684,0.103366,-0.162208,-0.00774857,0.938706,0.194152,0.0701341,0.000437202,-0.0301989,-0.0842654,-0.307827,1.23896,0.0400064,-0.0373431,1.01191,0.313773,0.135822,-0.0245321],[-0.00156894,-0.00235213,-0.00407501,0.00301497,-0.0386285,0.00203165,0.0109769,0.000725664,0.00512035,-0.00214698,0.00824467,-0.0494669,-0.000241884,0.000163452,-0.0495455,-0.014714,0.000157641,0.00207375],[-0.0432042,-0.0357206,-0.0999688,-0.0112268,-0.043086,-0.10411,-0.0181875,0.00615651,-0.00968975,-0.00400535,-0.00992019,-0.0462032,0.000594327,0.0083028,-0.0358825,0.0552765,-0.0263332,0.0045956],[0.0146647,-0.0228324,-0.0106366,0.0519757,0.164805,0.0229444,0.0631202,-0.0269387,0.0268917,0.0332483,-0.194606,-0.0946638,0.016405,0.0206904,-0.164708,0.123529,0.122381,0.01285],[-0.18227,-0.290679,-0.637652,0.00086993,0.233456,0.0694835,0.0775654,0.0450084,-0.0808994,0.103985,-0.801105,-2.12036,-0.0239727,0.124889,-2.54554,-0.603142,-0.0968894,-0.158938]],"sigmahat":[[0.387411,0.298205,0.530051,0.120581,0.375709,0.62325,0.00227378,-0.031774,0.0503278,0.0343634,0.274632,1.51649,0.0312753,-0.000656737,0.562797,0.210296,0.0337153,0.0472866],[0.298205,0.551444,0.563858,0.0720594,-0.124531,0.646979,-0.0543286,-0.0467879,0.0321495,-0.00497465,0.978263,2.43578,0.0424156,-0.0343006,1.32605,0.406241,-0.0816691,0.0687462],[0.530051,0.563858,2.54844,0.184511,-0.0399546,0.931333,-0.00715185,-0.0812992,0.110521,0.0754615,0.955695,4.75833,0.0273661,0.00907834,0.6421,0.391223,0.00856297,0.0656928],[0.120581,0.0720594,0.184511,0.435483,0.249561,0.0612286,-0.0449202,-0.0476828,0.00587667,-0.00403656,-0.192814,0.262758,0.00978284,0.00596229,-0.121714,0.0911713,-0.0554777,0.0112837],[0.375709,-0.124531,-0.0399546,0.249561,3.99497,0.985656,-0.00163828,-0.0131513,0.0435867,0.088153,-2.6576,-0.387586,-0.0190328,0.0190147,-0.843583,0.452877,0.123572,-0.00281583],[0.62325,0.646979,0.931333,0.0612286,0.985656,3.06157,0.109179,-0.0764534,0.041934,0.0291935,2.1064,6.90556,0.0676,-0.118983,3.81338,0.805912,0.432375,0.117446],[0.00227378,-0.0543286,-0.00715185,-0.0449202,-0.00163828,0.109179,0.268087,-0.0197735,0.0177127,0.031585,-0.11978,-0.0726283,0.018813,0.0189225,0.214406,-0.134003,0.15374,-0.01205],[-0.031774,-0.0467879,-0.0812992,-0.0476828,-0.0131513,-0.0764534,-0.0197735,0.0665722,-0.0199342,-0.026319,-0.0265316,0.0491026,-0.0140312,-0.00876023,-0.110576,0.00304496,0.0151781,-0.0097223],[0.0503278,0.0321495,0.110521,0.00587667,0.0435867,0.041934,0.0177127,-0.0199342,0.196991,0.0780079,-0.177982,0.800973,0.0125307,0.00961845,-0.41908,-0.0453953,-0.0115651,0.0184933],[0.0343634,-0.00497465,0.0754615,-0.00403656,0.088153,0.0291935,0.031585,-0.026319,0.0780079,0.155835,-0.165529,1.3584,0.0552694,0.0426762,-0.138951,0.00202123,0.0457758,0.0115837],[0.274632,0.978263,0.955695,-0.192814,-2.6576,2.1064,-0.11978,-0.0265316,-0.177982,-0.165529,9.71712,14.7209,0.183671,-0.147557,8.47684,1.2161,0.521989,0.182879],[1.51649,2.43578,4.75833,0.262758,-0.387586,6.90556,-0.0726283,0.0491026,0.800973,1.3584,14.7209,133.916,1.21126,-0.274454,27.7398,6.06743,5.48272,0.459165],[0.0312753,0.0424156,0.0273661,0.00978284,-0.0190328,0.0676,0.018813,-0.0140312,0.0125307,0.0552694,0.183671,1.21126,0.0718465,0.040789,0.370679,0.0424904,0.0734035,0.0181393],[-0.000656737,-0.0343006,0.00907834,0.00596229,0.0190147,-0.118983,0.0189225,-0.00876023,0.00961845,0.0426762,-0.147557,-0.274454,0.040789,0.0749022,-0.521529,-0.127761,0.0216206,-0.00610776],[0.562797,1.32605,0.6421,-0.121714,-0.843583,3.81338,0.214406,-0.110576,-0.41908,-0.138951,8.47684,27.7398,0.370679,-0.521529,21.8762,3.54835,1.32143,0.323477],[0.210296,0.406241,0.391223,0.0911713,0.452877,0.805912,-0.134003,0.00304496,-0.0453953,0.00202123,1.2161,6.06743,0.0424904,-0.127761,3.54835,2.20144,-0.0645091,0.116907],[0.0337153,-0.0816691,0.00856297,-0.0554777,0.123572,0.432375,0.15374,0.0151781,-0.0115651,0.0457758,0.521989,5.48272,0.0734035,0.0216206,1.32143,-0.0645091,0.905606,-0.0220446],[0.0472866,0.0687462,0.0656928,0.0112837,-0.00281583,0.117446,-0.01205,-0.0097223,0.0184933,0.0115837,0.182879,0.459165,0.0181393,-0.00610776,0.323477,0.116907,-0.0220446,0.0344895]],"n":18,"lags":3}