{"betahat":[[2.44163,5.74261,10.7675,-9.70296,-7.89714,20.1627,0.117805,1.48985,-1.54177,0.316028,-2.51116,1.30745,33.0335,203.81,1.38996,-0.0759041,53.2744,11.9639,-6.37684,1.54833,-28.8645,-21.7104,-2.71068,5.93271,3.76192,0.681626],[-0.0083144,0.247404,0.17643,0.150271,-0.306299,0.142204,-1.2773,-0.152144,-0.492099,-0.61661,0.0578004,1.48706,0.558893,1.56303,-0.166176,-0.0374488,-1.84763,-0.062518,-0.160955,-0.501456,-3.45886,1.56618,-0.408148,0.0626913,-0.393563,-0.00958891],[-0.0276147,-0.0211222,-0.441124,0.0367542,1.21711,-0.0681538,-1.03046,0.262528,0.132008,0.108004,0.00753173,0.251732,-0.22724,1.46358,-0.303579,-0.278638,-2.9869,-0.276142,-0.229979,-0.589659,-2.67827,2.64975,0.171984,-1.08246,-1.02089,0.0409501],[0.0507153,-0.144132,0.513671,-0.0129258,-0.134769,-0.399859,-0.0351876,-0.405214,0.281175,0.422135,0.437323,-0.749525,-0.888497,-2.99012,-0.0589263,0.0765093,-2.74288,-0.0321783,-0.147874,-0.591038,-2.18987,3.19087,0.490941,-1.55265,-0.604259,0.0214186],[0.933664,0.0407649,-0.0323569,-0.113665,-0.129172,0.0921012,-0.0306164,-0.0309517,0.0336741,0.0249385,0.0202685,0.0368743,0.0277165,-1.23719,0.0331591,0.038107,-0.3109,-0.0123414,-0.0647693,0.0179316,-0.473465,-0.0406804,0.0309121,-0.195494,-0.0880279,0.0283709],[0.0306734,1.0212,0.15173,0.00919085,-0.000453107,0.351905,0.0103206,-0.014593,-0.017144,-0.0271537,-0.00347078,0.0480465,0.570628,1.79348,0.0362149,0.00687891,0.476716,0.0151844,0.00869005,0.0112459,0.0721893,0.125318,-0.0243062,-0.0305582,0.110768,0.036604],[0.0405103,0.0494008,0.973551,0.0221817,-0.0154398,0.0847623,-0.00949638,0.00118391,0.00694403,0.0100419,0.0128526,-0.0107551,0.106806,0.550399,-0.00784559,-0.0266132,0.15196,0.0107066,0.0341706,0.0150389,-0.0161495,-0.0387509,0.00250939,0.00266839,0.0151037,-0.00454148],[0.0671641,-0.134903,0.481816,1.03219,0.909823,0.224791,-0.00933759,-0.0274284,-0.0334897,-0.0234476,0.0477628,0.0129856,-0.650523,-0.408922,0.0120479,0.0283959,-0.361041,0.00739259,0.11419,0.00943714,0.30908,0.827427,-0.0351753,-0.286125,0.0225658,0.0261874],[0.0159149,0.0406424,0.0332091,0.00500352,0.914119,0.0307533,0.00483005,-0.00143874,0.0139537,0.0121188,0.00824355,0.00886992,0.0919331,0.888393,0.00723492,0.0034935,0.172108,0.00459414,0.0100334,-0.003768,0.00563797,-0.252038,0.0107315,0.144913,0.0572629,0.00805612],[0.0229634,-0.00460558,-0.0367316,0.0194526,0.114208,0.891976,-0.0233919,-0.0105724,0.00296935,-0.00194756,-0.0103404,0.00765042,-0.070969,-0.629567,-0.00684059,0.0175061,-0.184767,0.00801755,-0.00835932,0.00515149,0.0856272,0.13128,0.0198207,-0.0672662,-0.0604671,-0.00481465],[-0.0252546,-0.083957,0.00990625,0.0164423,0.150159,-0.179004,0.921776,-0.0251616,0.120959,0.13149,0.160602,-0.0930701,-0.400899,-2.12322,0.00836617,0.0154481,-0.753292,-0.0702106,-0.0465692,-0.0267104,-0.0678974,0.559319,0.138314,-0.574246,-0.0827097,-0.0124194],[-0.142946,0.184322,-0.152391,0.210502,0.67117,-0.60165,-0.118525,0.585779,-0.00970112,-0.0665452,-0.0596654,-0.196566,-0.208963,1.68835,0.0640285,-0.0737754,3.50484,-0.245017,-0.0043371,0.00626525,-0.366727,0.0368765,-0.120593,0.303318,-0.0863821,-0.010258],[-0.0925737,-0.070564,-0.160571,0.0949491,-0.18046,-0.0621202,0.0301975,-0.0224341,0.953202,-0.0527846,-0.0415525,-0.0326473,0.00308289,-1.85985,-0.0428919,-0.0245285,0.130554,-0.0411308,-0.0121458,-0.0044074,-0.29814,0.178581,0.000917858,-0.206026,-0.177322,-0.0152875],[0.209171,-0.0886892,0.200671,0.24171,0.0703693,0.00529355,0.00352083,-0.0557894,0.1416,0.962311,-0.0193728,-0.117402,-0.328749,-0.261744,-0.0769196,-0.069559,-0.791626,0.00540707,-0.079085,0.0111453,-0.0410933,0.167378,0.162969,-0.554917,-0.115911,0.0274049],[-0.031574,0.0427181,-0.713377,-0.160529,0.632392,-0.381726,-0.0515757,0.00704912,0.310882,0.38329,0.8354,0.0484145,-1.17248,-0.455518,-0.0874839,0.0189949,-2.248,0.0841647,-0.0161912,-0.049663,0.763199,0.0606295,0.374537,-0.178659,0.13911,-0.0358122],[-0.0145024,-0.0609602,0.0241803,-0.00390682,-0.243541,-0.183121,-0.00517017,-0.00124442,-0.0455346,-0.0441736,0.0137983,1.07026,-0.268668,-1.27121,0.0349679,0.0596922,-0.350183,0.0220536,0.033949,-0.0211552,0.47953,0.175444,-0.044129,0.103749,-0.00860525,0.007707],[0.0130492,-0.00117446,-0.0200436,0.0182518,0.146043,0.0218109,0.0149483,0.00494373,0.02157,0.026634,0.0106449,0.0136998,0.668446,-0.569732,-0.00144939,0.0145941,-0.376261,0.0105213,-0.00704735,-0.0080227,0.14847,0.0923826,0.0269346,0.0768752,0.00949058,-0.00283974],[0.00534431,0.000608804,-0.0101952,0.00323134,-0.00866616,0.0226587,0.00675146,0.00222981,-0.00158324,-0.00443029,0.0020767,-0.00852062,0.0284879,0.885307,-0.000682809,0.00121448,-0.0346528,-8.48618e-05,0.0022226,-0.00102358,0.0211756,-0.013827,-0.00346844,0.0239081,0.00252443,-0.00175059],[0.387708,0.139792,0.788981,0.00803364,0.656821,1.2978,0.00881187,-0.00656578,-0.0508543,-0.110689,0.0593141,0.0692795,1.88541,-2.65533,0.947364,-0.0563907,1.64153,-0.00541055,-0.113748,0.130144,0.027395,-0.222725,-0.134344,0.605876,-0.448856,0.267034],[-0.522559,-0.228165,-0.693968,-0.0234329,-1.56679,-1.35449,0.0640039,0.0524954,0.201839,0.219626,0.101448,0.3032,-0.891796,-2.18406,0.00892106,0.977835,-2.22835,-0.0468722,0.157601,0.0753811,-0.639739,0.466529,0.234637,-0.21288,-0.252206,-0.0105245],[0.00306365,-0.00248466,0.0126,-0.012453,0.0458152,0.050156,-0.00984968,0.00287305,0.00459476,0.00373568,0.011704,0.0020299,-0.0088938,0.116289,0.00817023,0.00042636,1.06939,-0.00541431,0.0090193,-0.00393799,0.0134289,-0.00566773,0.00322998,-0.00153546,0.0163066,-0.000521854],[0.115139,0.0789318,-0.0644034,0.00582125,0.213004,-0.101436,0.0187607,-0.0172173,-0.0438938,-0.0709393,-0.0823572,-0.195812,0.248085,-6.45877,-0.0668493,-0.0371724,-1.03585,0.539235,0.201631,0.0386117,0.493905,0.343745,-0.0219835,-0.693374,-0.35004,-0.0243092],[0.0889369,0.16581,0.546705,-0.00653107,-1.09789,-0.969266,-0.0283912,0.0209896,-0.0259364,-0.0337592,0.197606,-0.00419927,-1.94191,-0.296407,0.0745951,0.0847837,-0.981713,0.255037,0.614918,0.0242719,0.244716,0.541868,-0.00143517,-0.688694,0.13598,-0.0684686],[-0.0446122,-0.28843,-0.316803,-0.097463,-0.705938,-0.751136,0.139915,0.0665657,0.304086,0.372888,0.250631,-0.251124,-0.697516,2.21044,0.176285,0.164843,-1.18066,0.130604,-0.00405869,0.769791,1.23367,0.256729,0.36703,-0.0135763,0.306629,0.0310252],[-0.0390675,-0.0530298,-0.181973,0.00359628,0.225723,-0.0730514,0.00538244,0.0117428,0.0095055,0.00732156,0.0101991,-0.0506201,-0.207561,0.0980691,0.0046676,-0.00820001,-0.122325,-0.0053903,0.00852141,-0.0394522,-0.25064,0.0510217,0.000445773,0.128263,-0.039533,-0.00139702],[0.00279967,-0.028163,-0.0709459,0.0301855,0.0759403,-0.0622298,-0.00191745,-0.00803186,-0.00740102,-0.0151435,0.00771622,0.00928191,-0.479696,-0.852732,-0.00873262,0.00517003,-0.345893,0.00616954,-0.00252185,-0.00659727,0.150094,0.95783,0.005586,-0.0611699,-0.0430106,-0.0109797],[-0.367613,-0.160443,-0.284256,-0.0438864,-1.1045,-0.661749,0.012271,0.0213534,0.032045,0.0359432,0.0441537,0.197455,1.24859,1.19609,0.0728329,0.0203381,0.656452,0.0209798,0.0673432,-0.00804983,-0.482444,-0.665411,0.980089,0.205671,0.0550201,0.0168935],[0.0530675,0.0758997,-0.00534196,0.0308047,0.0490338,0.0311239,0.019133,-0.0143173,0.00935279,0.0177234,0.018938,0.0169089,0.00602038,0.871032,0.0136477,-0.00350115,0.288588,0.0160732,-0.00246364,0.0128892,-0.0429021,0.0782989,0.0014942,0.441708,-0.0282906,0.00871971],[0.0918074,0.119236,0.472518,0.134588,0.424333,0.17374,0.113399,-0.036972,0.00431912,0.0451938,-0.0258605,-0.0737072,-0.0037771,1.07715,0.0262531,0.0582136,-0.407018,-0.0667441,-0.0478003,0.0263274,-0.199766,-0.125142,0.0369958,-0.406466,0.460594,0.000928655],[0.488237,0.518789,1.68318,-0.145328,-0.0400689,0.517072,-0.221275,-0.0335941,0.179334,0.231006,-0.192289,0.337953,1.05907,2.04139,0.0341508,-0.0961501,4.23529,-0.12647,-0.0293492,0.0426153,-0.045759,-1.19798,0.127589,1.15636,0.0513754,1.19286],[-0.0602509,-0.103316,-0.0725703,0.0393128,0.0166619,-0.280769,0.034536,0.0254992,-0.0224675,-0.0120458,-0.0270139,-0.0403735,-0.0257946,0.375653,-0.0200479,-0.0142843,0.0531634,0.013188,0.0327289,-0.0354146,0.235787,0.129283,-0.0182218,0.13709,0.00307991,-0.0193577],[-0.0432685,-0.0950347,-0.170691,0.00373053,0.0804245,-0.383167,-0.0106602,0.0180625,0.0241194,0.0427785,0.0154802,0.00760099,-0.495219,-2.22153,-0.0323106,0.00443042,-0.513307,-0.00859237,0.00796468,-0.0149882,-0.0210027,0.192035,0.0354085,-0.0572909,-0.0467221,-0.036139],[-0.0489239,-0.0259585,-0.00198733,-0.0320418,-0.0922155,-0.12365,0.00529603,0.000664674,-0.00237962,-0.00232349,-0.009439,0.02067,-0.0496222,-0.37425,-0.000566279,0.02321,-0.203856,-0.01775,-0.0204182,-0.0152688,-0.0941011,-0.126827,-0.00215882,0.0435484,-0.0255144,-0.00116287],[-0.0100799,0.0937634,-0.458417,-0.0592109,-0.457081,-0.0711146,0.0617769,0.0151072,0.0463831,0.0374398,-0.0356411,-0.0361809,0.0573818,-0.269737,0.0113394,0.00345708,0.0865876,0.0127114,-0.0531362,-0.0330792,-0.0875368,-0.659644,0.0553025,0.358665,-0.041128,-0.0220621],[-0.0110749,-0.0208972,-0.0054915,-0.013547,0.0279284,-0.0300878,-0.001002,0.00109309,-0.014403,-0.0130631,-0.00523749,-0.0134607,-0.000921041,-0.335411,-0.00206825,0.000492136,-0.140325,0.00170267,-0.0134664,0.00145372,0.000177379,0.176787,-0.0119997,-0.128165,-0.0327509,-0.00221653],[-0.064637,-0.0348135,0.0177598,-0.028199,-0.0883932,-0.0409776,0.0194349,0.00959148,-0.00238332,0.00363642,0.00953221,-0.0114134,-0.0156039,0.29922,-0.000129851,-0.00568156,-0.072547,-0.00218599,-0.000786141,-0.00956507,-0.081862,-0.00716117,-0.0083711,-0.034303,0.0480586,-0.00425293],[-0.00977396,0.028508,0.0641313,-0.00888804,-0.0821398,0.0890612,0.0259091,0.00929452,-0.0769763,-0.0791167,-0.126773,0.069028,0.309304,1.83117,-0.00629174,-0.0132426,0.619288,0.0420305,0.0452165,0.0162268,0.134812,-0.474527,-0.0932078,0.433294,0.109868,-0.00325243],[-0.0883602,-0.0850715,0.219341,0.100758,0.262663,0.285839,-0.0740293,0.159262,-0.0332465,-0.0202184,0.0277362,-0.0928545,1.03451,1.77611,-0.0726925,-0.119069,-0.695764,0.0474438,-0.0825289,-0.101285,-1.10011,-0.0227886,-0.0516263,-1.01528,-0.0941434,0.0513473],[0.00834799,0.0954372,-0.0152493,0.00848721,0.213353,-0.0946585,-0.0531453,0.00318802,-0.0493591,-0.0229041,0.0117797,-0.0494972,-0.138776,0.93372,0.0369988,0.0353481,-0.233677,-0.0178102,-0.013263,0.0187553,-0.00096981,0.00141365,-0.0598226,-0.0274882,-0.0755018,-0.00834589],[-0.057518,0.054603,-0.277716,-0.0979259,0.329868,-0.113881,-0.0264989,0.00397156,-0.131989,-0.0923676,0.0928182,-0.0458844,-0.150002,-0.547496,0.0583657,0.0725616,-0.144756,0.00376052,-0.00202398,0.0441944,0.0501902,-0.0786293,-0.126692,0.0332227,-0.0593393,-0.011075],[-0.0351044,0.0364768,0.224425,-0.0139138,0.0117868,0.441835,-0.0260108,0.0112678,-0.227708,-0.24045,-0.192988,-0.101083,0.746794,-1.32394,-3.51998e-05,-0.108155,2.29064,0.00311152,0.028598,0.00270338,-0.443211,0.0627297,-0.280987,0.336096,-0.0447647,0.0304614],[-0.029168,0.0255445,-0.0830003,-0.0195366,0.204063,0.0191243,-0.00877516,0.0105443,-0.0218444,-0.0470606,-0.0289708,-0.147383,0.0370332,-0.634176,-0.0550894,-0.0408592,-0.386626,-0.0295273,-0.0216903,0.0142472,-0.32383,0.0647724,-0.00524991,-0.248828,-0.0927434,-0.0181236],[-0.00683776,0.00337116,0.0439092,0.000676459,-0.113551,-0.00961447,-0.00507152,-0.00337111,-0.0202585,-0.0273995,-0.0125555,-0.00964454,0.17553,0.45781,-0.00393507,-0.0124189,0.264328,-0.00580787,0.00502936,0.00335571,-0.0870871,-0.0635461,-0.022469,-0.027944,0.00827536,-9.59104e-05],[-0.0098982,-0.00803046,-0.0231813,-0.00703422,-0.0138232,-0.0243746,0.000415621,0.00178211,-0.000700404,0.00134688,-0.00293106,0.00252194,-0.0154674,-0.0327274,0.000127045,0.0015416,-0.0174651,0.00121215,0.00162252,-0.00108692,0.00330034,0.00592,0.00228821,0.00308696,0.00043964,-0.000855384],[-0.0288313,-0.154582,0.617761,0.0608173,0.460591,-0.201457,0.0422432,0.0296368,-0.0157642,0.0194294,-0.00791763,-0.034443,-1.12272,-1.67484,-0.147662,-0.0102285,-1.92397,-0.106819,0.0273315,-0.0343085,-0.542117,0.310092,0.00739603,-0.247856,0.0279648,-0.152946],[0.305021,0.233546,0.885307,0.0292379,-0.205623,0.633855,-0.0506403,-0.000268768,-0.0716812,-0.103639,0.00303654,-0.199285,1.11194,3.54098,-0.0396677,-0.0208335,0.330152,0.0218506,0.0813303,0.0219109,0.650535,-0.60649,-0.0626073,0.137098,0.00167733,-0.0212974],[-0.00410497,-0.00494636,-0.00493478,0.0118529,-0.0250799,-0.0580897,0.00947962,-0.00447543,-0.00647342,-0.00865796,-0.0056739,-0.00178774,-0.0247158,-0.138507,-0.00790744,0.00231128,-0.116752,0.00537151,-0.00175881,0.00290885,0.024201,0.00159794,-0.0034729,0.00192538,-0.0017336,-0.00423473],[-0.219092,-0.224625,0.218057,0.0280168,-0.0936526,-0.250733,0.0313992,0.0205433,0.00553776,0.0346145,-0.0251474,0.141439,-0.41883,1.17527,0.0547122,0.0515254,0.258358,-0.0411824,-0.017078,-0.00922797,0.295497,0.243898,0.0378853,0.536927,0.14044,0.0198483],[0.16834,0.0944549,0.00209408,-0.0907241,1.00761,1.49385,0.139588,-0.0545159,-0.121016,-0.142594,-0.203672,-0.125599,1.23356,-0.175784,-0.0455664,-0.113123,2.53541,0.163109,0.0274931,-0.0238029,-0.011389,-1.13449,-0.137931,0.521935,-0.0713694,0.0713157],[0.136916,0.22571,0.131149,0.0142108,0.120594,0.28414,0.0568279,-0.0539034,-0.175424,-0.212457,-0.0147452,0.0668422,0.0731902,-2.45039,-0.0390118,-0.106414,2.04979,-0.102178,-0.00599591,0.0766269,0.0952992,0.034596,-0.204337,0.471594,-0.142661,0.0504457],[-0.0186399,-0.0601312,-0.0758682,-0.0108238,0.00933553,-0.0395395,0.0209106,-0.00470563,-0.0108904,-0.0117975,0.00585353,-0.0404234,0.0366761,-0.0581005,0.0105555,0.0122622,0.0358149,0.0117778,0.0103176,-0.0105903,-0.00510938,0.0779532,-0.0168153,0.000352391,0.00122659,-0.000308668],[0.0113297,0.0188419,0.0497136,-0.0179623,-0.0396662,0.081927,-0.00145085,0.00472775,0.00571343,0.0163428,-0.00937752,-0.018283,0.366745,0.694158,0.00859866,-0.00411292,0.31762,-0.0153964,0.00422693,0.00899944,-0.0524523,0.0147293,-8.53317e-05,0.0269859,0.0314154,0.0105395],[0.119797,0.155263,0.206186,-0.00343225,0.360443,0.49559,0.0454283,-0.00286967,-0.0793621,-0.0598597,0.0446687,-0.0764292,0.073595,2.40055,0.0701863,0.0437614,0.43433,0.0231627,-0.00834693,0.00426576,0.114921,-0.35211,-0.117103,0.361593,0.0755807,0.00732753],[-0.0254378,0.0143745,0.017377,-0.0256081,0.0733798,-0.0815485,-0.0107122,-0.00423812,0.00549099,0.011246,0.00916683,0.00670143,-0.24984,-0.861051,-0.00775162,0.00418397,-0.280488,-0.0178165,-0.0103479,0.0165335,0.0546806,0.173308,0.013986,-0.111946,-0.00424696,-0.0183113],[0.000734689,0.0712574,0.176522,-0.0834217,-0.382959,-0.03902,0.0273225,0.0249741,0.0210776,0.00861193,0.0279725,-0.0739586,0.348669,1.36018,0.0390763,-0.000902698,0.461112,-0.0603853,0.0154655,0.000176269,0.152093,-0.232591,-0.00630118,0.14453,0.139872,0.0373074],[-0.428477,-0.124403,-0.90017,0.100354,-0.646783,-0.330062,0.0880866,-0.0458058,-0.0256263,-0.0282611,-0.0572739,-0.212983,0.196275,3.67855,-0.0283983,-0.0714087,-0.207362,0.0898353,0.038251,-0.121228,-0.713802,0.763748,-0.0595443,-0.125821,0.228834,-0.117428],[0.126469,0.0624333,0.104692,0.0743597,0.112532,0.188362,-0.00393993,0.00545492,-0.0112191,-0.0129015,0.00674372,0.00351118,-0.00224897,0.860343,-0.0131413,-0.0238407,0.257321,-0.000872394,0.032055,0.0174761,0.237648,-0.0882211,-0.0126904,0.0584289,0.0848973,-0.00902263],[0.0124741,0.0736885,0.0186911,-0.0128848,-0.0798648,0.0309123,0.000318664,-0.00346921,-0.00700247,-0.0156455,-0.0120107,-0.0556278,-0.0758447,0.426857,-0.00393267,-0.0113289,0.0362771,-0.00662197,-0.016624,0.00373797,-0.0511151,-0.316851,-0.0111136,0.0879072,-0.0640681,-0.0004746],[0.00830115,-0.023559,0.0280154,0.00987261,0.107703,0.0386925,0.00415975,-0.00182817,-0.00449242,-0.00763266,-0.00337738,-0.00988677,-0.0574884,-0.17699,0.00838756,0.00341157,0.0512226,0.00699955,-0.0136713,0.000232472,0.110226,0.165909,-0.000257609,-0.0461443,0.0102847,0.00568398],[-0.057084,0.0411213,-0.0234755,0.0270712,-0.452724,-0.153752,-0.0524652,0.0123086,-0.0128833,-0.0139888,-0.0121735,0.0231563,0.593142,0.677511,-0.0234289,-0.031889,0.27427,-0.0201038,-0.0609799,0.0236366,-0.22174,-0.167612,-0.0201309,-0.0727279,0.0184211,-0.00413116],[-0.00486961,-0.0197148,-0.0277796,0.00849703,0.0574178,-0.000952262,-0.00387301,0.000325679,0.000508098,0.000988528,-0.0030069,0.00465779,-0.0912568,-0.555305,-0.00522108,-0.0040114,-0.0321494,-0.0063232,0.00348627,0.00231229,-0.00604327,0.0754865,0.00132572,-0.0169907,-0.024686,-0.00583103],[0.041591,0.0393115,0.0188114,0.0087638,-0.0259753,0.148608,0.00392948,0.000964249,-0.000507395,-0.00159848,0.000880256,0.00379932,0.0864141,0.329094,0.00695662,-0.0118161,0.256549,-0.00587997,0.00918505,0.00441421,-0.00392872,-0.123657,-0.0113604,0.101393,0.0123151,0.00906968],[0.0357789,0.0585348,-0.0713935,-0.00633836,-0.0668343,0.0915389,0.05109,0.0154515,-0.0436437,-0.0521213,-0.0328414,0.0240414,0.0961616,0.310797,-0.00220402,-0.00385865,0.167869,0.025191,0.00876604,0.0103892,-0.069033,-0.0889619,-0.0451573,0.146402,-0.0255624,0.0161379],[0.281366,0.177318,0.357658,0.224581,0.610079,0.397181,-0.0529764,-0.0344841,0.044819,0.0412042,-0.0635745,-0.0360041,0.242255,1.87212,-0.0362566,-0.0226741,0.108293,0.0213502,0.0936512,0.0200009,0.27214,0.357045,0.0489395,-0.181377,0.171442,0.0294979],[0.0098894,-0.0375815,0.00415443,-0.00653341,0.0149878,-0.152114,-0.0338086,0.00986337,-0.0532289,-0.0460493,-0.0405604,0.0202609,-0.122792,-0.562405,-0.0370656,-0.0303392,0.0666087,-0.00885962,-0.0162064,0.00795376,0.152808,0.156835,-0.0433454,-0.197016,0.00441929,-0.0123443],[-0.0289994,-0.00907073,-0.119709,-0.0262854,0.0558691,-0.0215367,-0.0379212,0.00767747,0.0122873,0.0539507,-0.0351306,0.0855378,-0.0406181,-0.0327752,-0.0155024,-0.0214405,0.0994374,-0.00602177,-0.00696358,-0.00395076,-0.0362359,0.126285,0.0139272,-0.219673,-0.00184163,0.00224608],[0.147807,0.0378497,0.201401,0.0902333,-0.273537,0.249823,0.0248503,-0.0287186,-0.0119887,-0.0454494,0.0462066,0.0713797,0.373924,-1.65731,0.0400623,0.0569873,-0.357307,-0.0836275,-0.0079565,0.000213188,-0.0399711,-0.346049,-0.0274107,0.157934,0.124862,0.0441142],[0.0431903,0.0348252,0.0587843,0.0231181,0.041432,0.162979,0.0145686,-0.00932901,0.0676764,0.0912749,0.0157907,0.0750506,0.229254,1.92252,0.0194278,-0.0195564,0.739344,0.00742727,-0.00939147,0.00657639,-0.154558,-0.240466,0.0497518,0.144778,0.103838,0.0100458],[-0.00651923,-0.00288883,-0.0243104,-0.011013,-0.0312631,-0.0181587,-0.0110252,-0.00157243,-0.00468639,-0.00320675,0.000600607,-0.00239389,0.13219,0.0421754,0.00518067,-0.00135945,0.0995263,-0.0074044,0.00313959,0.00544708,-0.0439259,-0.0181031,-0.0070502,-0.0452323,-0.0205494,0.00210375],[0.0011913,0.000192375,0.0118632,1.55885e-05,0.00227937,-0.0112406,-0.00526038,-0.000283853,-0.000696522,-0.000521596,-0.0014718,0.00578834,-0.00477333,-0.0922683,0.000223464,0.000508435,-0.00331681,-0.00246795,-0.00188104,0.00157628,-0.00214005,0.0152338,0.000116037,-0.0282656,-0.00705885,0.00132957],[0.0178257,0.0509326,-0.0522044,0.0816489,0.555165,-0.0939707,-0.122216,-0.014697,0.106327,0.133005,0.0838355,0.106363,-0.650018,3.12733,0.026387,0.00866538,0.0766524,-0.0753188,-0.0606871,-0.0403206,-0.635534,0.43543,0.0794333,0.224664,0.0863244,-0.0220702],[0.112293,0.0192378,0.133042,0.0203828,0.664597,0.227642,0.0923786,0.00837647,0.00767439,0.0122503,-0.0347699,-0.213455,-0.438084,0.154767,0.0183225,0.0110612,-0.251579,-0.0111246,0.0364481,-0.0644995,0.98504,0.0883858,0.0306828,-0.0250073,0.157699,-0.0630944],[0.000783726,0.00337017,-0.00370238,0.00604804,-0.00684461,0.00662369,0.000234036,-0.000714672,0.00489913,0.00641036,5.1063e-05,0.00639025,0.0131889,0.000150773,-0.000939533,-0.000659676,-0.0274445,0.000731176,-0.00242756,0.0011637,-0.0282332,0.0182102,0.00347805,-0.0107992,-0.00730757,0.00352146],[0.0261383,-0.0413339,-0.378588,0.0439725,-0.20128,-0.103056,0.0605617,0.0397123,0.073801,0.0607982,0.0600336,0.00287434,-0.0731777,2.48197,0.00855508,0.00245557,0.180872,-0.141507,-0.0579962,-0.0181798,-0.0419906,-0.159349,0.0626899,-0.245301,0.188162,0.0107196],[-0.0831124,-0.0839859,-0.488242,0.184429,0.339411,-0.183302,-0.0568513,0.0156184,0.131224,0.172636,0.0776424,0.145633,0.365084,1.32407,0.0676769,0.0724238,-0.648074,-0.159968,-0.0708651,-0.010859,-0.140443,0.299096,0.091521,0.914252,-0.0580153,0.026356],[-0.132762,-0.157103,-0.315983,0.0857325,0.483067,0.060453,-0.0541299,-0.0197987,-0.0661182,-0.129576,-0.0453391,0.0885883,-0.371288,-1.93397,-0.0401366,0.0186827,-1.05157,-0.113431,-0.046353,0.0298346,-0.555738,-0.19159,-0.0720784,-0.300221,-0.0352211,-0.0542105],[8.11428e-05,0.00914527,-0.0485933,-0.0195706,-0.0210915,0.0525175,-0.00834083,0.00584553,-0.0112193,-0.0145245,-0.000918985,-0.0038945,0.0442072,-0.259642,0.0113595,-0.00449401,0.0585774,0.00991149,0.00400147,-0.0175852,-0.0864901,0.0170762,-0.0154219,0.0211954,-0.0123502,0.00186852],[-0.0155608,0.00835032,0.0212771,-0.013447,-0.0363291,-0.0220591,0.00311508,0.00255696,0.00313794,1.87352e-06,0.00201606,0.00796312,0.109037,0.121027,-0.00155001,-0.00281446,0.0250487,0.00858891,0.00108561,-0.00280531,-0.101703,0.0288561,-0.00414511,0.0322062,0.00840296,0.000228327],[0.087975,0.00974681,0.114792,-0.00404308,0.273417,0.13491,0.0009694,0.00374206,-0.0510081,-0.0445126,-0.0345493,-0.0181452,-0.24285,-0.100529,-0.0390316,-0.0423768,0.19995,0.0300226,-0.0187662,-0.00459204,0.15917,0.14503,-0.035474,-0.240589,0.0547047,-0.0153002],[0.0305865,0.0266744,0.00295825,0.0179322,0.0640902,0.0312559,-0.00164059,-0.00725428,-0.00470817,-0.00565572,-0.00172905,-0.0278243,-0.00585622,-0.162362,0.00279332,0.000690802,-0.00426136,-0.00231967,0.0098077,0.00480845,0.00369558,0.113445,-0.00349656,-0.058765,-0.0030377,0.00196067],[0.0246152,-0.0154186,0.0815118,0.06212,0.124885,0.127794,0.014009,-0.0184183,0.000540996,0.00531827,0.0227885,-0.0124701,0.00821068,1.03458,0.0190826,0.00795925,0.17992,0.0288378,-0.00240346,0.0186686,0.0279138,-0.107324,-0.0078763,0.202465,0.137897,0.0303487],[-0.165844,-0.246864,-0.605164,0.0241689,0.132367,-0.063964,0.0797241,0.0280118,-0.040504,-0.0516704,0.0981244,-0.0974466,-0.257987,-0.603888,0.0112602,0.127252,-1.69148,0.0961783,0.043599,0.000852654,0.361525,0.676196,0.0164883,-0.822699,-0.0466444,-0.130233]],"sigmahat":[[0.307082,0.227868,0.443972,0.0928362,0.254621,0.510127,0.00899279,-0.0259494,0.0191067,0.0154492,0.0275567,-0.00893558,0.240225,1.79708,0.0320314,-0.000575302,0.534048,0.00165282,-0.0106939,0.022625,0.185044,-0.170589,0.00370056,0.0726458,0.0965832,0.0290933],[0.227868,0.384187,0.449511,0.0460018,-0.161019,0.497504,-0.00461322,-0.0289949,-0.00387897,-0.00694938,-0.00208918,-0.010742,0.600365,2.31042,0.0435206,-0.0199537,1.0545,-0.0122218,-0.0128628,0.0207827,-0.115314,-0.511953,-0.0392822,0.262289,0.0546807,0.039676],[0.443972,0.449511,1.93054,0.15463,0.0244416,0.865851,0.0210044,-0.0471801,0.0185852,0.0191858,0.0528105,-0.0548396,0.72524,4.22042,0.0433348,0.00212836,0.767052,-0.0556534,-0.0596012,0.054801,0.172427,-0.608724,-0.0167393,0.144295,0.13463,0.0309665],[0.0928362,0.0460018,0.15463,0.337406,0.158466,0.0536708,-0.0256242,-0.02998,-0.00831419,-0.0140094,-0.00783174,0.00390421,-0.128598,0.592408,0.0145437,0.00595127,0.0029754,-0.0122254,0.0337342,0.0284918,0.257544,0.110029,-0.00594062,0.0272549,0.0288336,0.00686507],[0.254621,-0.161019,0.0244416,0.158466,2.75849,0.459913,-0.0515985,-0.0260419,0.0312263,0.0422654,0.0774943,0.0476166,-1.9861,-0.841383,-0.0184576,0.033709,-0.949956,0.0210428,0.00582722,0.0415994,0.754688,1.52639,0.0981662,-0.48347,0.0191977,-0.0180361],[0.510127,0.497504,0.865851,0.0536708,0.459913,2.3319,0.142762,-0.0507971,0.0566717,0.069448,0.0750066,-0.0194178,1.23259,6.56515,0.0920586,-0.0672758,2.72153,0.0107529,0.0232402,0.0331535,0.129751,-1.21722,-0.0336739,0.792045,0.393432,0.0916358],[0.00899279,-0.00461322,0.0210044,-0.0256242,-0.0515985,0.142762,0.0951401,0.00156635,0.0114635,0.00983629,0.0222827,-0.0454747,0.136828,0.809149,0.0118122,0.0090542,0.123543,0.0140452,0.00573484,-0.00824378,0.119276,-0.21586,0.00835135,0.16273,0.0640672,0.00268023],[-0.0259494,-0.0289949,-0.0471801,-0.02998,-0.0260419,-0.0507971,0.00156635,0.0275209,-0.0102381,-0.00724016,-0.00875821,0.00367881,-0.0201987,0.00108946,-0.0057016,0.000429149,-0.0406593,-0.00142529,0.00307145,-0.0065856,-0.00943151,0.00130611,-0.00673054,0.0426073,0.00893583,-0.00619348],[0.0191067,-0.00387897,0.0185852,-0.00831419,0.0312263,0.0566717,0.0114635,-0.0102381,0.111939,0.124891,0.0414766,0.0374371,0.0254276,0.898078,0.00947755,0.00722553,-0.167873,-0.00370548,-0.00704895,-0.00397765,-0.0181919,0.00518158,0.105379,-0.0851691,0.0329751,0.00793276],[0.0154492,-0.00694938,0.0191858,-0.0140094,0.0422654,0.069448,0.00983629,-0.00724016,0.124891,0.16589,0.0498233,0.0505177,0.063665,1.20544,0.0158649,0.0106783,-0.0644367,-0.00302568,-0.00302895,-0.00258867,-0.0254745,-0.00919584,0.12385,-0.0728791,0.0406749,0.00815275],[0.0275567,-0.00208918,0.0528105,-0.00783174,0.0774943,0.0750066,0.0222827,-0.00875821,0.0414766,0.0498233,0.0940257,0.0282056,-0.00800009,0.990952,0.0381193,0.0270065,0.00248109,0.00417959,0.000189917,0.000779517,0.0481021,-0.0449355,0.0394502,0.0206862,0.067207,0.00573712],[-0.00893558,-0.010742,-0.0548396,0.00390421,0.0476166,-0.0194178,-0.0454747,0.00367881,0.0374371,0.0505177,0.0282056,0.237331,-0.156692,-0.150155,0.0169753,0.0178024,-0.0972832,-0.00756865,0.00341543,0.0123698,-0.104693,0.129011,0.028088,-0.0226244,0.0240193,0.00457386],[0.240225,0.600365,0.72524,-0.128598,-1.9861,1.23259,0.136828,-0.0201987,0.0254276,0.063665,-0.00800009,-0.156692,6.41955,14.0769,0.215277,-0.0511827,5.91379,-0.00975063,0.00497899,0.0215584,-1.20579,-2.45125,-0.15416,1.11681,0.501268,0.152709],[1.79708,2.31042,4.22042,0.592408,-0.841383,6.56515,0.809149,0.00108946,0.898078,1.20544,0.990952,-0.150155,14.0769,110.622,1.24277,-0.0733093,23.1706,0.222271,0.08886,0.00114179,-0.8569,-8.90787,0.311307,7.79868,4.26154,0.503072],[0.0320314,0.0435206,0.0433348,0.0145437,-0.0184576,0.0920586,0.0118122,-0.0057016,0.00947755,0.0158649,0.0381193,0.0169753,0.215277,1.24277,0.0553673,0.0282802,0.364507,0.00412579,0.00776967,-0.00185707,0.0303953,-0.135669,0.00197525,0.12382,0.0696584,0.0143124],[-0.000575302,-0.0199537,0.00212836,0.00595127,0.033709,-0.0672758,0.0090542,0.000429149,0.00722553,0.0106783,0.0270065,0.0178024,-0.0511827,-0.0733093,0.0282802,0.0507915,-0.332965,0.00361393,0.000884335,-8.11116e-05,0.108978,0.0254441,0.0186343,-0.0603355,0.0226944,-0.00518987],[0.534048,1.0545,0.767052,0.0029754,-0.949956,2.72153,0.123543,-0.0406593,-0.167873,-0.0644367,0.00248109,-0.0972832,5.91379,23.1706,0.364507,-0.332965,15.6069,0.00748262,0.189799,0.0694234,-1.26623,-3.76076,-0.460658,3.71496,0.788843,0.280605],[0.00165282,-0.0122218,-0.0556534,-0.0122254,0.0210428,0.0107529,0.0140452,-0.00142529,-0.00370548,-0.00302568,0.00417959,-0.00756865,-0.00975063,0.222271,0.00412579,0.00361393,0.00748262,0.0868527,0.0157796,-0.00790271,0.00553358,0.0339317,0.00123033,-0.0663772,0.0149931,0.00146682],[-0.0106939,-0.0128628,-0.0596012,0.0337342,0.00582722,0.0232402,0.00573484,0.00307145,-0.00704895,-0.00302895,0.000189917,0.00341543,0.00497899,0.08886,0.00776967,0.000884335,0.189799,0.0157796,0.0770662,0.00325793,0.0959092,-0.0483235,-0.00478827,0.0853948,0.0229016,-0.00321438],[0.022625,0.0207827,0.054801,0.0284918,0.0415994,0.0331535,-0.00824378,-0.0065856,-0.00397765,-0.00258867,0.000779517,0.0123698,0.0215584,0.00114179,-0.00185707,-8.11116e-05,0.0694234,-0.00790271,0.00325793,0.0326084,0.0826334,-0.00631292,-0.00185156,-0.0560662,0.00167622,-0.00155758],[0.185044,-0.115314,0.172427,0.257544,0.754688,0.129751,0.119276,-0.00943151,-0.0181919,-0.0254745,0.0481021,-0.104693,-1.20579,-0.8569,0.0303953,0.108978,-1.26623,0.00553358,0.0959092,0.0826334,3.21949,0.302998,0.0758751,-0.00188946,0.189429,-0.0268135],[-0.170589,-0.511953,-0.608724,0.110029,1.52639,-1.21722,-0.21586,0.00130611,0.00518158,-0.00919584,-0.0449355,0.129011,-2.45125,-8.90787,-0.135669,0.0254441,-3.76076,0.0339317,-0.0483235,-0.00631292,0.302998,4.95248,0.0900815,-2.25153,-0.359463,-0.0422228],[0.00370056,-0.0392822,-0.0167393,-0.00594062,0.0981662,-0.0336739,0.00835135,-0.00673054,0.105379,0.12385,0.0394502,0.028088,-0.15416,0.311307,0.00197525,0.0186343,-0.460658,0.00123033,-0.00478827,-0.00185156,0.0758751,0.0900815,0.127755,-0.204055,0.00623177,-0.0029893],[0.0726458,0.262289,0.144295,0.0272549,-0.48347,0.792045,0.16273,0.0426073,-0.0851691,-0.0728791,0.0206862,-0.0226244,1.11681,7.79868,0.12382,-0.0603355,3.71496,-0.0663772,0.0853948,-0.0560662,-0.00188946,-2.25153,-0.204055,3.59663,0.400398,0.0747582],[0.0965832,0.0546807,0.13463,0.0288336,0.0191977,0.393432,0.0640672,0.00893583,0.0329751,0.0406749,0.067207,0.0240193,0.501268,4.26154,0.0696584,0.0226944,0.788843,0.0149931,0.0229016,0.00167622,0.189429,-0.359463,0.00623177,0.400398,0.445078,0.0134093],[0.0290933,0.039676,0.0309665,0.00686507,-0.0180361,0.0916358,0.00268023,-0.00619348,0.00793276,0.00815275,0.00573712,0.00457386,0.152709,0.503072,0.0143124,-0.00518987,0.280605,0.00146682,-0.00321438,-0.00155758,-0.0268135,-0.0422228,-0.0029893,0.0747582,0.0134093,0.0217289]],"n":26,"lags":3,"seasonalRows":3}