{"betahat":[[0.273862,-0.0759316,-0.323646,-0.792016,-0.724121,1.0448,1.37571,0.263504,0.421452,0.588921,0.116735,0.508243,-5.10785,9.76929,-0.0425534,-0.200389,3.07076,3.17488,1.45447,0.069432],[0.917399,-0.0300672,-0.129635,-0.131101,0.0213326,0.0381812,0.00267457,-0.0151238,0.0541764,0.0482165,0.0110808,-0.0216122,-0.259619,-2.20535,0.0281203,0.0433066,-0.653881,-0.0423494,-0.12628,0.0253874],[0.0422062,1.09608,0.156773,-0.00199685,-0.0582711,0.481673,0.0152556,-0.0399471,-0.0335049,-0.0385765,-0.00619671,0.0525915,0.771036,1.25397,0.0310695,0.00564306,0.600215,-0.146046,0.119585,0.0265302],[0.0541315,0.0563354,1.0614,0.0246205,0.0127396,0.112239,-0.0136008,0.00962914,0.0284567,0.0368169,0.0211978,-0.00277344,0.0544656,1.12059,-0.00699657,-0.0249948,0.101429,0.110241,0.0269137,0.0019447],[0.0399279,-0.164518,0.394736,1.11259,0.791652,-0.0273919,-0.0100823,-0.0348072,-0.064009,-0.0557519,0.0810027,-0.0425476,-0.795271,-0.378513,0.0399849,0.0565536,-0.520257,-0.566666,-0.0452868,0.0117825],[0.0193717,0.0272514,-0.00537486,0.0292136,1.05773,0.0275722,-0.00200899,-0.0141549,0.0194408,0.0167897,0.0117565,0.00816911,-0.0153772,0.493901,0.000558452,0.00264995,0.0399498,0.105044,0.0452615,0.0101306],[0.0247448,-0.00455637,-0.0356267,0.011007,0.105066,0.928885,-0.009266,-0.00469281,0.0104621,0.00794955,-0.0103374,-0.0173447,-0.0423474,-0.679857,-0.0105024,0.0153663,-0.210642,-0.0287929,-0.0551899,-0.0073824],[-0.128874,-0.0962377,-0.183529,0.0552687,-0.0308848,-0.317336,0.898853,-0.0477932,0.0190341,0.0094259,0.168443,0.144278,-0.0761305,-1.1123,0.0769944,0.071583,-0.663939,-0.205985,0.0182179,-0.0283586],[-0.199878,-0.102073,-0.10341,0.0509624,-0.407203,-1.13883,0.190752,0.523404,-0.000721572,0.0126601,0.190427,-0.652167,-1.26785,-3.08242,0.153575,0.11393,1.17427,0.152227,-0.376253,-0.0336288],[-0.148076,-0.110064,-0.117999,0.0661694,-0.574536,-0.185078,0.0602343,-0.0524147,1.07797,0.0477328,0.0219826,0.0606122,0.599223,-0.294408,0.0175923,0.0181019,0.293528,-0.0103531,-0.078026,0.0242686],[0.0492037,-0.108684,0.167052,0.189791,-0.578765,-0.220958,0.0801652,-0.0498251,0.141362,1.01494,-0.0458544,-0.0130454,0.129413,-0.290075,-0.0332856,-0.0370925,-0.222522,-0.286062,0.00267904,0.00984788],[0.0131449,-0.0223326,-0.433893,-0.109772,0.721081,-0.429987,0.148568,-0.00583508,0.366202,0.423697,1.02193,-0.105987,-1.58735,-1.81138,-0.0913774,0.0286875,-2.51456,-0.572798,0.042415,-0.0562183],[-0.00892704,-0.022108,-0.000659948,0.0105362,-0.119289,-0.162019,-0.119518,0.0292209,0.00480123,0.015414,0.0427371,1.15255,-0.249855,-0.473036,0.0102825,0.0319384,-0.617833,-0.11087,-0.120119,0.0114627],[0.00929479,0.0113949,-0.0150849,0.0230192,0.120362,0.027247,0.00167644,0.0071892,0.020952,0.0260949,0.00530209,0.0130683,0.846678,-0.712478,-0.00525266,0.0117298,-0.395245,0.00487744,-0.00115609,-0.00201075],[0.00716931,0.0022788,0.00771514,0.00220404,0.00282627,0.0244542,0.00530809,0.00148715,0.000329236,-0.00183435,0.00333853,-0.0150352,0.0215534,1.01697,-0.00196831,-0.000875946,-0.0363653,0.00291583,-0.00286651,-0.00100878],[0.239618,0.123587,0.0438144,-0.0441016,0.0174338,0.640991,0.11802,0.0502621,-0.0993586,-0.162115,-0.037941,-0.0780982,1.60279,-2.66625,1.06232,-0.0406419,1.51906,0.865561,-0.523053,0.241946],[-0.487833,-0.282093,-0.850827,-0.0446835,-1.11048,-1.06938,-0.0539755,0.142216,0.119495,0.131145,0.038703,0.430314,-0.832855,-4.21769,-0.0134806,1.02024,-1.99049,-0.0872533,-0.268971,0.00832378],[0.0083907,0.00670678,0.0150014,-0.0122717,0.0567843,0.0667466,-0.0186346,0.000101841,-0.000380401,-0.00182093,0.0134379,0.018685,0.0235355,0.267222,0.0120507,0.00265845,1.19038,0.0132806,0.0256762,0.000105227],[0.0686187,0.0978437,0.0820442,0.0270092,0.0665339,0.135686,0.0161974,-0.00975615,0.0288792,0.0420981,0.00677732,0.0218206,0.205953,1.11495,0.00781041,-0.010878,0.385507,0.515826,-0.0104914,0.0180961],[0.0830484,0.119344,0.297838,0.0870284,0.269326,0.20227,0.0111403,-0.0272106,-0.0442335,-0.0271006,-0.0359143,0.107782,0.0696224,1.39077,0.0190528,0.036282,0.0675503,-0.257144,0.601851,-0.000938998],[0.646029,0.474789,1.93549,-0.147492,0.401293,0.801027,-0.080179,-0.0918638,0.141771,0.19372,-0.140258,0.242362,0.725789,1.6159,0.0382749,-0.0568562,4.18044,1.15121,0.143181,1.25854],[-0.0545071,-0.0552808,0.00467501,0.0428396,-0.208345,-0.239217,0.0105839,0.00769894,-0.0508663,-0.0417774,-0.0263743,0.00887572,0.354105,1.08932,-0.0124411,-0.0120975,0.489857,0.0482482,0.0394883,-0.0142031],[-0.0371683,-0.151279,-0.194903,0.031605,0.142355,-0.485745,0.00478271,0.026319,0.0382329,0.0514221,0.0263005,-0.00633846,-0.754282,-2.48897,-0.0263279,0.0141479,-0.727819,-0.041406,-0.069871,-0.0312284],[-0.0545427,-0.0370609,-0.0425501,-0.0281176,-0.138652,-0.20642,0.00203507,-0.00327007,-0.0163068,-0.0192776,-0.0111782,0.0209486,-0.0904175,-0.828166,0.001233,0.0301527,-0.254868,-0.0575554,-0.0471632,-0.00804922],[0.0296598,0.157368,-0.419775,-0.0984164,-0.51757,0.0749915,0.0641263,0.0252556,0.0347803,0.0213643,-0.0653731,-0.00859461,0.194221,-0.782867,-0.00029699,-0.0163305,0.265848,0.456046,-0.0348674,-0.0170407],[-0.00987599,-0.00626283,0.0287353,-0.0344935,-0.0786605,-0.00434012,0.00585566,0.0109691,-0.0202966,-0.0173033,-0.0108179,-0.020183,0.141164,-0.153322,0.00283697,7.25035e-05,-0.000345632,-0.0997219,-0.0260361,-0.0017083],[-0.064559,-0.043782,0.0237037,-0.0209873,-0.0815093,-0.0805703,0.0137871,0.00499286,-0.00890761,-0.00627018,0.0111085,0.00571523,-0.0632592,0.296532,0.00178861,-0.00309963,-0.0629807,-0.0674163,0.0366213,-0.00331144],[0.04108,0.0369201,0.133011,-0.0499545,0.025232,0.187829,-0.125884,0.108828,-0.0424604,-0.0436661,-0.176037,0.111141,0.35845,1.99579,-0.0787236,-0.0813434,0.38596,0.310691,-0.0347209,0.0182426],[-0.0619863,-0.154742,-0.079188,-0.0202707,0.312775,0.529095,0.161939,0.485521,0.0156442,0.00889183,-0.169541,-0.00707066,0.97549,1.08371,-0.115481,-0.153171,-0.477042,-0.212377,0.13293,0.0129935],[0.0740144,0.156467,-0.0187735,-0.0235275,0.435185,0.124904,-0.0680664,0.0477429,-0.0541682,-0.028121,-0.0119841,-0.025991,-0.188717,0.84961,0.0269658,0.0137457,-0.290028,0.138638,-0.0773156,0.000867145],[-0.045603,0.113208,-0.240431,-0.124542,0.512643,0.108355,-0.0863578,0.0495885,-0.174875,-0.115282,0.0651333,0.0119223,0.0874064,-0.0192575,0.0515842,0.0557549,-0.0347974,0.442287,-0.161228,-0.000764173],[-0.127274,0.0248247,0.110949,-0.0152979,-0.23119,0.307812,-0.144751,0.010034,-0.312896,-0.325957,-0.117145,0.0154153,1.34622,1.03976,0.0511031,-0.0786723,2.46569,0.484466,-0.11514,0.0262663],[-0.0370644,-0.0121713,-0.0762707,-0.0225515,0.143989,-0.0167089,0.189856,-0.0571863,-0.0167179,-0.0353693,-0.0177622,-0.324353,-0.107694,-1.5437,-0.0247584,-0.012529,-0.0507972,-0.197139,0.0367819,-0.0248867],[-0.0094961,-0.00758851,0.0192315,-0.000373999,-0.0735417,-0.033861,0.00740491,-0.00519978,-0.0191441,-0.0273291,-0.00973847,-0.0195313,0.0571136,0.533286,-0.00440177,-0.0143287,0.283254,-0.0166082,0.00130177,-0.00122999],[-0.00918589,-0.00434244,-0.0188997,-0.00406943,-0.00993459,-0.0214097,0.00124179,-0.00044589,-0.000118271,0.00210715,-0.00285507,0.00452906,-0.0206398,0.0151605,0.0014858,0.00118005,0.0182483,0.0158186,0.0056615,-0.000591088],[-0.153407,-0.21162,0.270122,0.0667783,0.204918,-0.386504,-0.0545192,0.020873,0.0357606,0.0691837,-0.0111589,-0.0219348,-1.27721,-0.584047,-0.14301,-0.0201149,-2.27299,-0.65669,0.178565,-0.188622],[0.376505,0.25104,1.0825,0.0307051,-0.040132,0.870945,-0.0653521,-0.12386,-0.11158,-0.138793,0.039512,-0.198062,1.37232,3.79136,-0.0380798,-0.00575043,1.13022,0.132582,0.0207761,0.013096],[-0.00612695,-0.00701845,-0.00603236,0.00972445,-0.0178318,-0.0626871,0.00966928,-0.00155556,-0.00530904,-0.00650586,-0.0101474,-0.00822298,-0.0369615,-0.160404,-0.0114491,-0.00195724,-0.125619,0.00496784,-0.0143035,-0.00307287],[-0.0186653,-0.00318517,0.0286493,-0.0171442,0.0822545,-0.0766385,-0.00188229,-0.00585345,0.00332135,0.00784,0.00920565,0.00325475,-0.309061,-0.957168,-0.0110257,0.00753668,-0.319851,-0.0900355,0.00249148,-0.0198392],[-0.0308611,0.0239505,0.0852136,-0.152948,-0.447586,-0.0356224,0.0321007,0.0314292,0.0320562,0.012308,0.0290929,-0.103157,0.434098,0.245835,0.0281418,0.00835055,0.202433,0.038137,0.146643,0.0392662],[-0.532262,-0.210959,-1.14424,0.165108,-0.949094,-0.809395,-0.00821271,0.037497,-0.111515,-0.154418,-0.0117047,-0.0481707,0.255468,2.13617,-0.0295719,-0.0603964,-0.862533,-0.318472,0.138511,-0.168578],[0.137107,0.0853482,0.124954,0.0882617,0.187017,0.201035,-0.0132571,0.00742422,-0.0033092,-0.00643846,0.0152942,0.0127379,-0.0944841,1.11603,-0.0156799,-0.0312089,0.164018,-0.00589624,0.086791,-0.0111852],[-0.00503835,0.0552003,0.0381238,-0.0296072,-0.0840781,0.00407273,-0.0200368,0.0136273,-0.00472696,-0.0128449,-0.0201028,-0.0462517,-0.0167527,1.235,-0.0047421,-0.0197907,0.127598,0.187454,-0.0497143,0.00469734],[0.000410543,-0.0192738,-0.0188607,0.0034989,0.125919,0.0941798,0.0115668,-0.00635966,-0.0121488,-0.0175386,-0.010019,-0.0181732,0.0359562,-0.292439,0.00576273,-0.00515763,0.15343,-0.0526823,0.0202468,0.00610307],[-0.0695878,0.00715176,0.0250325,-0.0141693,-0.274076,-0.0475983,-0.0540425,0.00955072,0.0292295,0.0343879,-0.0156288,0.0511434,0.601053,1.16137,-0.0396887,-0.0402232,0.254406,0.110623,0.0801532,0.00525719],[-0.00949635,-0.0209848,-0.0233739,0.0052795,0.0209281,-0.0232276,-0.00384426,0.0031832,0.000857492,0.000514721,-0.000936618,0.0120183,-0.125774,-0.34062,-0.0033961,-0.00272276,-0.0395944,-0.00532254,-0.019225,-0.00842341],[0.0398133,0.0483406,0.0119101,0.00998138,-0.0235505,0.151687,-0.00451873,-0.000302024,-0.00155296,-0.00167819,-0.00076905,0.0116332,0.105616,0.383289,0.0087134,-0.0122665,0.273625,0.0962093,0.0185685,0.0106925],[0.0878304,0.059625,0.049987,-0.00523082,0.00598693,0.130037,0.22714,-0.0611579,0.0234557,0.034259,0.00768924,-0.255289,-0.281266,-0.885616,0.00175658,0.00970733,0.279635,-0.104685,0.0165897,0.0100976],[0.286252,0.287712,0.315607,0.0945297,0.266474,0.614728,-0.397784,-0.0329057,-0.0441334,-0.0637963,-0.0595023,0.581442,0.672665,1.76583,-0.0571233,0.020684,-0.517379,0.0252755,0.140122,0.0167568],[0.055108,-0.0542659,0.0758902,-0.0429727,0.117034,0.00259675,0.00882829,0.00524501,-0.0460876,-0.0434262,-0.0204238,-0.0335222,-0.334288,-0.55566,-0.0412685,-0.0329639,0.0310594,-0.188188,0.145794,-0.022385],[-0.0218788,-0.0105191,-0.00403946,-0.0617046,0.0565848,0.0478819,0.00636084,-0.00024654,0.0130236,0.0758671,-0.029884,0.00932257,-0.102193,0.374249,-0.0155819,-0.0226392,0.312356,-0.224063,0.150708,-0.00483454],[0.116833,-0.00052662,0.319964,0.121055,-0.471035,0.133115,-0.00192008,-0.00127706,-0.0548486,-0.0989253,0.0824027,0.0820549,0.237042,0.657168,0.0372066,0.0456422,0.00264778,0.0991116,0.0730735,0.0338917],[0.0459865,0.0343717,0.0767346,0.0120323,-0.0245589,0.17892,-0.0702665,0.0279199,0.0119372,0.0199711,-0.0249364,0.171824,0.357906,2.01652,0.0144796,-0.0194323,0.669151,0.308023,0.0834106,0.0134098],[0.000212097,-0.00394039,-0.00387091,-0.0225683,-0.0469004,0.00624387,-0.00915537,-0.00192694,-0.00186361,0.00116291,0.00439553,0.00638044,0.0951848,0.178398,0.00962357,0.0026331,0.110661,0.0117795,-0.000286223,0.00322386],[0.00205533,0.00220079,0.010306,0.00231644,0.00693295,-0.00353519,-0.00658998,-0.00101129,-0.000560707,-0.000706441,-0.000761573,0.0103386,0.00166484,-0.0479438,0.00040886,-0.000205187,0.0164404,-0.0200057,-0.00365495,0.00145105],[-0.0379776,0.0976598,-0.0982501,0.00400971,-0.122224,-0.149597,-0.0965968,-0.0473633,0.0570997,0.0788055,0.0211152,0.0819495,-0.388553,3.25045,0.0532394,0.0394861,0.517951,-0.0591073,0.304533,-0.0445616],[0.116346,0.0320272,-0.172473,0.0250492,1.12441,0.191769,0.110899,-0.00581692,-0.00884181,0.00388263,-0.0871837,-0.257359,-0.591003,0.382221,0.0444819,-0.0252643,0.711618,-0.00202855,0.223245,-0.0223246],[-0.00223466,0.000524307,-0.00947595,0.00266814,-0.0383973,-0.00332962,0.00912148,0.00126557,0.00579202,0.00840811,-0.00307953,-0.0101375,0.014168,-0.109,-0.000567921,-0.000665075,-0.064141,-0.0184138,-0.0110839,0.00291399],[0.017717,0.00103865,-0.0279969,0.0185587,0.0974904,0.00243636,-0.00663921,-0.00182393,-0.00609471,-0.00831788,-0.00178493,-0.0334526,-0.108216,-0.220012,0.000812681,0.00277918,-0.0993911,-0.0299571,-0.0185909,0.00424046],[0.00776439,-0.0627952,-0.0120251,0.0607135,0.176988,0.0109445,0.0769439,-0.0287486,0.0450479,0.0660128,0.0372581,-0.105001,-0.192907,-0.135084,0.0130449,0.0242107,-0.221061,0.0926002,0.14637,0.015844],[-0.153524,-0.297096,-0.706779,0.0552317,0.256696,0.00262529,0.0713018,0.0352197,-0.052185,-0.0785835,0.132161,-0.0649213,-0.765317,-3.80597,-0.0312341,0.142443,-2.99733,-0.822605,-0.28495,-0.154366]],"sigmahat":[[0.37413,0.275347,0.540782,0.103225,0.364952,0.662498,0.0201717,-0.0294872,0.0241218,0.021524,0.0255456,-0.0214132,0.225084,1.61675,0.0276155,-0.00558597,0.59479,0.162021,0.0926001,0.0359502],[0.275347,0.490256,0.554387,0.0521534,-0.166312,0.692338,-0.015412,-0.0341825,-0.0145549,-0.0157057,-0.015269,0.00879034,0.912313,2.92831,0.0426628,-0.0385299,1.44073,0.420274,0.0698525,0.0484207],[0.540782,0.554387,2.55895,0.153835,-0.056243,1.15105,0.0425387,-0.0715711,0.0416574,0.0531059,0.061851,-0.0533604,0.876236,5.49048,0.034635,0.00366868,0.989417,0.409501,0.215742,0.0409307],[0.103225,0.0521534,0.153835,0.39783,0.243885,0.066128,-0.0269479,-0.040296,-0.0159535,-0.0279161,-0.00795423,0.00736311,-0.192891,0.37628,0.0116995,0.00648391,-0.0576927,0.0702525,0.00941994,0.00308667],[0.364952,-0.166312,-0.056243,0.243885,3.92105,0.780842,-0.0458887,-0.033308,0.0704869,0.0767939,0.0640129,0.0144003,-2.65323,-2.24492,-0.056826,-2.62341e-06,-1.26898,-0.263524,-0.0770612,0.000666017],[0.662498,0.692338,1.15105,0.066128,0.780842,3.20103,0.12954,-0.0803551,0.0519159,0.0701903,0.0273206,-0.0010537,2.06855,7.6442,0.075292,-0.12209,3.91527,1.17618,0.444058,0.125763],[0.0201717,-0.015412,0.0425387,-0.0269479,-0.0458887,0.12954,0.204068,-0.0150462,0.0403999,0.0484872,0.0331326,-0.160345,0.0309375,0.419598,0.0293467,0.0237543,0.226536,0.0734278,0.0992694,0.00477988],[-0.0294872,-0.0341825,-0.0715711,-0.040296,-0.033308,-0.0803551,-0.0150462,0.058673,-0.0107408,-0.0089787,-0.0213937,0.0125655,-0.0195681,0.0434882,-0.0107015,-0.00689447,-0.106517,0.0707992,-0.00449424,-0.00604248],[0.0241218,-0.0145549,0.0416574,-0.0159535,0.0704869,0.0519159,0.0403999,-0.0107408,0.163209,0.183781,0.0647451,0.00680015,-0.123993,1.04563,0.0140437,0.0109456,-0.293335,-0.0786256,0.0696178,0.0112295],[0.021524,-0.0157057,0.0531059,-0.0279161,0.0767939,0.0701903,0.0484872,-0.0089787,0.183781,0.238124,0.0763293,0.00795471,-0.0749441,1.47909,0.0248937,0.0172044,-0.152469,-0.053633,0.0958036,0.0142746],[0.0255456,-0.015269,0.061851,-0.00795423,0.0640129,0.0273206,0.0331326,-0.0213937,0.0647451,0.0763293,0.145124,0.0267324,-0.20406,1.27549,0.0521793,0.0410323,-0.122691,0.037405,0.0752083,0.00412961],[-0.0214132,0.00879034,-0.0533604,0.00736311,0.0144003,-0.0010537,-0.160345,0.0125655,0.00680015,0.00795471,0.0267324,0.43955,-0.0675384,0.401468,0.00646469,0.0174822,-0.148518,0.0598696,0.0282651,-0.00124759],[0.225084,0.912313,0.876236,-0.192891,-2.65323,2.06855,0.0309375,-0.0195681,-0.123993,-0.0749441,-0.20406,-0.0675384,10.4748,19.0992,0.221735,-0.143134,9.19288,1.45378,0.669685,0.218993],[1.61675,2.92831,5.49048,0.37628,-2.24492,7.6442,0.419598,0.0434882,1.04563,1.47909,1.27549,0.401468,19.0992,155.358,1.53768,-0.224211,32.5982,11.7279,5.79344,0.73641],[0.0276155,0.0426628,0.034635,0.0116995,-0.056826,0.075292,0.0293467,-0.0107015,0.0140437,0.0248937,0.0521793,0.00646469,0.221735,1.53768,0.0738068,0.040213,0.43604,0.16327,0.0936933,0.0181456],[-0.00558597,-0.0385299,0.00366868,0.00648391,-2.62341e-06,-0.12209,0.0237543,-0.00689447,0.0109456,0.0172044,0.0410323,0.0174822,-0.143134,-0.224211,0.040213,0.0725383,-0.479734,-0.0812852,0.0347436,-0.00726141],[0.59479,1.44073,0.989417,-0.0576927,-1.26898,3.91527,0.226536,-0.106517,-0.293335,-0.152469,-0.122691,-0.148518,9.19288,32.5982,0.43604,-0.479734,21.9337,4.78483,1.27763,0.386629],[0.162021,0.420274,0.409501,0.0702525,-0.263524,1.17618,0.0734278,0.0707992,-0.0786256,-0.053633,0.037405,0.0598696,1.45378,11.7279,0.16327,-0.0812852,4.78483,4.60843,0.502958,0.105653],[0.0926001,0.0698525,0.215742,0.00941994,-0.0770612,0.444058,0.0992694,-0.00449424,0.0696178,0.0958036,0.0752083,0.0282651,0.669685,5.79344,0.0936933,0.0347436,1.27763,0.502958,0.650236,0.0175667],[0.0359502,0.0484207,0.0409307,0.00308667,0.000666017,0.125763,0.00477988,-0.00604248,0.0112295,0.0142746,0.00412961,-0.00124759,0.218993,0.73641,0.0181456,-0.00726141,0.386629,0.105653,0.0175667,0.0305406]],"n":20,"lags":3}