{"betahat":[[-0.0267507,-0.0142365,-0.0607399,0.0197343,0.0900609,-0.104709,0.0911487,-0.0115022,-0.0171918,-0.0147636,-0.00343136,0.605789,-1.62441,2.12568,-0.0233586,-0.0153672,0.768985,2.95791,-0.0254583,-0.201256,-0.035206,0.0203972],[0.0652051,0.0464021,0.0853397,-0.056979,0.164122,0.172453,0.0319403,-0.0107635,0.0469954,0.0444733,0.0129211,-0.0816454,0.000398357,-1.25599,0.00195377,0.0184039,-0.732387,0.227996,0.053168,-0.188131,-0.0622875,-3.35172e-05],[0.0658729,0.135413,0.117707,-0.0250204,0.122276,0.330561,0.046681,-0.00713812,-0.0183276,-0.0165082,-0.0121214,-0.0423457,0.201339,-0.0365587,0.000256125,0.0023149,-0.165293,0.532015,-0.0101749,-0.295723,0.0228999,-0.00523798],[0.0537991,0.0649121,0.16637,0.00566898,0.0408225,0.141813,-0.0233441,0.00386854,0.0267668,0.0286428,0.0169775,-0.0197414,0.0305444,0.651558,-0.00314187,-0.00545779,-0.233381,0.178456,0.0219967,-0.0565101,-0.00113983,-0.0111167],[0.00829134,-0.116833,0.134344,0.185592,0.457085,0.00297216,-0.00589905,0.00701457,-0.0718185,-0.074045,0.0210632,-0.0467392,-0.492473,1.15394,0.00896757,0.0215083,-0.858172,0.240843,-0.0639902,-0.22715,-0.104207,0.0110874],[0.018102,-0.000259869,-0.0105294,0.00240443,0.18567,0.0240693,0.0183206,-0.0126206,-0.000510066,-0.000490407,-0.00206436,-0.00979627,-0.0210859,0.192438,-0.00545165,-0.000381027,0.0206637,-0.101474,0.00110776,0.0111398,0.0124624,0.00166518],[0.0577045,0.0434488,0.0828566,0.00788189,0.15197,0.138621,-0.0166812,-0.00457672,0.0219088,0.0213897,0.00671257,-0.00630489,0.0170219,-0.0544655,0.00186817,0.0108295,-0.185868,0.160733,0.0251099,-0.040221,-0.0236741,-0.00675901],[-0.0479929,-0.0917482,-0.160834,0.0311117,-0.146873,-0.0924485,0.0683781,-0.000271804,-0.0190421,-0.031508,-0.0136323,0.130314,0.117112,-0.657726,-0.00788982,0.00424727,-0.168175,-0.223575,-0.00476802,0.0787971,-0.0447633,-0.0171675],[0.014083,0.0279679,0.0953602,-0.0358971,-0.217381,-0.243082,-0.133572,0.334792,0.00624601,0.0145983,0.00854735,-0.352438,-0.00279991,13.5327,0.0320134,0.031313,-0.23736,0.93857,0.00770613,-0.207516,-0.285424,-0.123234],[-0.00502357,0.00440536,0.0458144,0.0222449,-0.0866831,-0.0373905,-0.0381157,-0.00748365,0.076447,0.0657464,0.0183477,0.00277104,0.103868,0.389179,0.00377791,0.00798671,-0.493913,0.112353,0.0718189,-0.103462,-0.061339,0.00838104],[0.000550649,0.000680204,0.0555713,0.0171607,-0.0767498,-0.0349636,-0.027787,-0.0152934,0.0682013,0.0585042,0.0156931,0.000881847,0.0998392,0.0826817,0.00371629,0.00657422,-0.358392,0.031112,0.063474,-0.0862022,-0.040909,0.0145378],[0.00540561,-0.00609592,-0.0261601,-0.00387272,0.0198506,-0.0675001,-0.0228361,-0.000385837,0.0921932,0.0909642,0.0433443,0.0109758,-0.218565,0.134586,0.00570046,0.0142948,-0.588778,0.0307811,0.0880687,-0.100975,-0.05951,0.0105574],[-0.0101231,-0.0114307,-0.0255092,-0.000515885,-0.0151878,-0.0406945,-0.00232555,-0.00192111,-0.00533565,-0.00542042,0.000171212,0.462381,-0.133914,0.201416,-0.00360273,0.00177472,0.113194,0.362889,-0.00471624,-0.0299822,0.0232369,0.00488391],[0.00430741,0.00429183,0.0105669,0.0024783,0.00456025,0.0108974,-0.00205485,0.000888808,0.00144494,0.0010001,0.000816671,-0.00757219,0.155199,0.0440538,0.000399183,0.000926327,-0.0461665,-0.0846078,0.000418455,0.00467626,-0.00298409,0.000833253],[0.00137955,0.00115956,0.00155381,0.000578572,0.00134785,0.00518997,0.000157408,0.00200185,0.000883297,0.000894977,0.000456672,0.000931833,0.0151901,0.209485,0.000490874,0.000242309,0.0163051,0.00203415,0.000647555,-0.00154117,0.00149529,0.000551197],[0.0655317,0.0461485,0.102005,-0.0322849,0.0857017,0.137155,-0.0707016,0.0215003,0.0799226,0.0792707,0.0576384,-0.0184462,0.218215,-0.427448,0.0423404,0.0341381,-0.369724,0.376521,0.0591033,-0.0514247,-0.0998457,0.0332752],[-0.0619799,-0.0574429,-0.0712719,-0.0173977,-0.193309,-0.257254,-0.0432573,0.0306324,0.0669766,0.0688584,0.0387046,0.0240395,-0.141377,-1.02646,0.0241723,0.0441813,-1.30289,0.29729,0.0748974,-0.102401,-0.148321,0.0307735],[0.00166593,0.0021266,0.00112803,-0.00073245,0.0117334,0.0113635,-0.000476219,-0.000979714,-0.00159729,-0.00157311,0.000555609,0.0110494,-0.011971,0.129681,0.000573787,-0.000760865,0.194457,0.0778061,-0.00255226,0.00389355,0.0081014,0.00214959],[0.00204627,0.0018086,0.00616753,0.00207316,0.00406958,0.00164693,-0.000126499,-0.000713053,0.00144037,0.00137993,-0.00037243,0.0412499,-0.166173,-0.0499093,0.000277186,0.00043496,0.204269,0.578044,0.00150627,-0.000415775,-0.0121116,-0.0021362],[-0.0399286,-0.0218367,-0.0132319,0.0136081,-0.142874,-0.108805,-0.0223599,-0.00228464,0.065167,0.0539811,0.0117819,-0.00438687,0.116282,0.444731,0.00142657,0.00587199,-0.397452,0.0387665,0.064363,-0.0716377,-0.0515959,0.0119382],[0.0432621,0.042288,0.0916751,0.00243506,0.0086114,0.121596,-0.0383931,-0.00901602,0.015078,0.019333,0.00401865,-0.0185488,0.244183,0.648112,0.0152448,-0.00690288,0.668885,-0.0703488,0.00182266,0.0981571,0.0523502,0.0241828],[0.0657979,0.0760533,0.115656,0.0358223,0.165075,0.16194,-0.0574853,-0.0265098,0.029714,0.0325397,0.0211766,0.160754,0.0310598,2.88727,0.0173951,0.0117429,0.97041,-0.450286,0.0203001,-0.0163185,0.203063,0.0242034],[0.103481,0.0340643,0.199251,-0.0391618,-0.0313375,0.129351,-0.00644738,-0.143242,0.128763,0.136761,0.0114561,0.581564,1.89277,4.72461,0.0717943,0.0199658,5.1884,-1.18037,0.108627,0.47333,-0.0491064,0.73441],[-0.0348447,-0.0226381,-0.0285059,-0.0104527,-0.0824084,-0.104349,-0.00145412,7.69886e-05,0.0139151,0.0134086,-0.00354541,0.00722477,-0.0353381,-0.35214,-0.00105061,0.00835627,-0.234827,0.113659,0.0186932,-0.0364314,-0.0188765,0.00110201],[-0.021447,-0.0331627,-0.0521174,0.0126342,0.0219469,-0.10039,0.0102129,-0.00286817,0.00788593,0.00952938,0.0031,0.00741156,-0.125779,-0.703941,-0.00421702,0.0115201,-0.357984,0.244034,0.0172527,-0.110103,-0.016286,-0.0043882],[-0.00400474,0.000566647,0.00170326,0.00224911,-0.0286299,-0.0397409,-0.00444605,0.000793677,0.00844812,0.00866552,0.00369248,-0.00613083,-0.0280905,-0.0906937,-0.00147547,0.00455121,-0.151238,0.0205175,0.00855077,-0.0206534,-0.0141524,-0.00498718],[0.012558,0.00270026,-0.0276634,-0.0300769,-0.00902028,0.000844484,0.0143492,0.00771287,-0.0100345,-0.00873535,0.000823902,-0.0268288,-0.165658,-0.216562,0.00781574,0.00792703,-0.0860509,-0.0211248,-0.00719993,0.070078,-0.0366823,0.00450442],[-0.00214354,0.000763419,0.00188645,-0.00976114,-0.025792,-0.00643909,0.00504043,0.000367667,0.000608533,0.00082339,-0.00109362,-0.00335973,0.0532559,0.124835,0.000726569,0.00184853,-0.0424321,-0.0325437,0.000492664,-0.0259903,0.00657285,0.00177339],[-0.0145072,-0.00975397,-0.00340184,-0.00398066,-0.0139989,-0.0457013,-0.00211365,0.00216803,0.00443961,0.00408196,0.00134294,0.00308233,-0.00618927,-0.0506805,-0.000379033,0.00457482,-0.0778388,0.0167459,0.00594004,-0.0281461,-0.00193899,-0.00210318],[-0.0318026,-0.0248317,-0.0137774,-0.0166924,-0.0983306,-0.0303274,-0.0367042,0.0244874,-0.0171037,-0.0209671,-0.0201204,0.0978756,0.0990247,0.045927,-0.0112555,-0.00864397,0.0490288,-0.0109868,-0.0168091,0.0504776,-0.0275465,-0.00672149],[-0.00714901,-0.00759017,-0.013952,-0.02212,0.057828,0.0464795,0.0263456,0.124277,-0.000679338,0.002683,-0.00926127,-0.10974,0.206667,4.92627,0.00577373,-0.0156288,0.674401,0.181927,-0.0141112,-0.044126,0.0321145,-0.0117002],[0.0035947,0.0100506,0.00758179,0.00902468,0.0117038,0.00881468,-0.0110857,0.000750553,0.00461851,0.0022179,0.000214544,-0.00332805,0.0416926,0.12687,0.00157627,0.00149251,-0.0952248,0.0503656,0.00285284,-0.0112625,-0.027355,0.00423922],[0.0031737,0.00889952,0.00939124,0.00680416,0.0122189,-0.000817673,-0.0115656,-0.00234343,0.00626662,0.00494193,0.00279169,-2.78713e-05,-0.00154188,-0.0159763,0.00137689,0.00221772,-0.0629709,0.106198,0.0049628,-0.00250936,-0.0208747,0.0025399],[-0.00359757,-0.00121488,0.00420659,0.00284695,-0.0159639,-0.0152411,-0.00925427,-0.00206232,0.0119377,0.0103266,-0.00101877,-0.0181102,0.0409359,0.00692743,-0.000686933,-3.80502e-06,-0.0789844,0.000818123,0.0116677,0.00586351,-0.0159939,0.00709549],[-0.0052921,-0.0048971,-0.00820204,-0.00214772,-0.00578806,-0.0191289,0.00610345,-0.00196432,-0.000941331,-0.000905112,0.00152304,0.0949892,-0.0371797,0.0553536,-0.00128253,0.000119977,0.00816209,0.0470819,-0.000106268,-0.0118724,0.00856638,-0.000276805],[-0.000413868,-0.000368024,0.00110833,0.00123129,0.000269974,-0.00246624,-0.00061903,-8.61451e-06,9.34731e-05,-9.89283e-05,4.38564e-05,-0.00138645,0.0319073,-0.0215304,-0.000267708,0.000115794,-0.0175086,-0.0231211,7.85471e-05,-0.00202285,-0.00118016,-0.000375294],[-3.80942e-05,-4.17799e-05,-0.000330778,-4.74599e-05,-2.55202e-05,0.000355063,0.000199608,0.0004846,0.000165541,0.000204704,5.5512e-05,0.000318723,0.00229173,0.0417519,8.34948e-05,9.4151e-05,0.00467585,0.000293431,0.00014503,-0.000502172,0.000376155,0.000131238],[0.0108032,0.00557321,0.0399405,-0.0100793,0.0306626,0.00733194,-0.0159075,0.00134226,0.0139198,0.013476,0.00672357,-0.0120853,-0.0379928,-0.337144,-0.000366383,0.00131895,-0.0929663,0.154687,0.0122088,0.00263959,-0.0238207,0.00219856],[0.00217257,0.00426995,0.0320137,-0.00116944,-0.0696063,-0.010084,-0.0191623,-0.00364971,0.0167781,0.0161347,0.0118343,0.0192898,0.026715,-0.330611,0.00252659,0.00472715,-0.238511,-0.00924186,0.0163442,-0.00347766,-0.0245831,0.00591655],[-9.2151e-05,-3.87848e-05,0.000396029,-0.000179605,0.00225955,-0.000212117,0.000149845,-0.000262844,-0.000128663,-0.000180206,0.000168554,0.00162772,-0.00553676,0.0217353,-8.44768e-05,0.000105628,0.0309121,0.0160728,-0.000144639,-0.000944641,0.00140057,0.000227858],[0.000828029,0.000922051,0.00228541,1.75775e-05,-0.00269415,0.00256133,-0.000801103,-0.000448911,0.000395316,0.000384694,-0.000170381,0.0124807,-0.0260892,0.00984101,0.000391581,-2.80384e-05,0.0574272,0.129087,0.000191053,9.12402e-05,-0.00145655,-0.000101748],[-0.000916233,0.00630672,0.0044363,0.00663181,-0.00155187,0.00690597,-0.00480788,-0.000532037,0.00276915,0.000717046,0.000872491,0.00263272,0.040266,0.110365,0.00267357,0.00188903,-0.0719047,0.00113664,0.00134964,0.00730826,-0.0174288,0.00475577],[0.00256361,0.00326481,0.0181013,-0.00372699,0.00457684,0.00839369,-0.00158096,-0.00412168,0.00549847,0.00623233,0.00265387,-0.00934043,0.00859059,-0.144882,0.00139022,-0.000785881,0.143395,-0.0242374,0.00269276,0.0127687,0.0205174,-0.000857318],[-0.00346148,0.00672444,-0.000452246,-0.00781208,-0.00586833,0.00320869,-0.0102847,-0.00363256,0.00386063,0.00245482,0.00312633,0.00350124,0.0265107,0.638717,0.000830771,0.000599485,0.265866,-0.144765,0.004201,0.0171384,0.0398115,0.0147616],[-0.00539212,0.0219389,0.0699766,0.0209993,-0.0296341,-0.0619107,-0.0382462,-0.0126974,-0.00121395,-0.00215497,-0.0184035,0.151999,0.302968,1.17474,-0.00905098,-0.0128732,0.784688,-0.204066,-0.0105502,-0.154663,-0.0649215,0.0598793],[-0.011852,-0.00158717,-0.00289371,-0.00354966,-0.0558616,-0.0360522,-0.0091497,0.00757964,0.00188234,0.00124877,-0.00339979,0.00352228,0.0118215,-0.17454,-0.00151,0.00328118,-0.126744,0.0838272,0.00341761,-0.0302289,-0.0184261,-0.00257081],[-0.0191667,-0.0228009,-0.0220853,0.00531866,-0.0164699,-0.0735337,-0.00303229,0.00330604,0.00364785,0.00485887,-0.0017317,-0.0116591,-0.0330241,-0.167834,-0.00285788,0.00401217,-0.147266,0.0626813,0.00853373,-0.0428682,-0.0215969,-0.000954786],[-0.002078,-0.00130237,-0.00462691,0.00205274,-0.0102226,-0.0087199,-0.00111794,0.00141855,0.00301596,0.00315958,-0.000390678,0.00666179,-0.00592876,-0.0272433,0.000372999,0.00182712,-0.0300827,0.0396027,0.00255007,-0.0206873,-0.00507501,7.34961e-05],[-0.00337101,0.00676049,-0.0140936,-0.0304212,-0.0739658,-0.00283153,0.00029523,0.00780387,-0.00876497,-0.00881994,-0.00603055,0.00631072,0.0598476,-0.152035,0.0019045,-0.001928,0.0720955,-0.0685074,-0.0106511,0.0247215,-0.0143531,0.00283196],[-0.00209205,0.00163671,-0.00530276,-0.00588156,-0.0236733,-0.00172754,0.0021902,0.000643613,0.000131249,-0.000519681,-0.00220698,-0.00111223,0.0173075,-0.0467071,-0.00094514,0.000186938,-0.033606,-0.0099544,7.52402e-05,-0.00374664,-0.000582625,8.68993e-05],[-0.00391705,-0.00112446,0.000485232,0.00169069,-0.00960039,-0.0148099,-0.00230457,0.000318261,0.00139582,0.00148297,0.000477286,0.00375894,0.00703028,0.0241977,-6.10818e-05,0.00174487,-0.0291129,0.0194365,0.00234633,-0.0118546,-0.000704945,-5.96158e-05],[-0.00791479,-0.00422835,0.00171371,-0.00170613,-0.0189696,-0.00174018,0.000928236,-0.000615174,-0.00581919,-0.00626973,-0.0034232,0.00241841,-0.0316846,-0.214996,-0.002593,-0.00298015,0.0751046,-0.0215882,-0.00502059,0.0400534,0.00387829,-0.00139744],[0.0249108,0.0201964,0.0512429,0.0105823,0.0982134,0.0703877,-0.0262892,0.0213443,0.00706648,0.00591204,0.00408048,-0.001896,0.160315,1.92906,0.00220796,-0.00422497,0.331832,0.282304,0.000754252,0.0351464,0.0124095,0.00366102],[0.00224329,0.00504792,0.00150145,0.00486401,2.88953e-05,0.00308682,0.000831132,1.54344e-05,-0.00124733,-0.00156738,-0.000658683,0.00153391,0.0279316,0.0500194,0.0013359,0.00122753,-0.0591675,0.0151328,-0.000837261,-0.00644199,-0.00951557,0.00283731],[0.000339919,0.00391126,-0.000230706,0.00240307,-0.00166563,-0.00555009,-0.0021532,0.00131773,0.000112602,0.000170864,-0.00077558,-0.00198497,0.00483928,0.0914934,0.000512074,0.000875991,-0.034163,0.0477917,4.23571e-05,-0.012861,-0.00962232,0.00130111],[0.00418401,0.00368323,0.00286379,0.00246206,0.0018372,0.0117651,5.64071e-05,0.00233499,0.00448359,0.00355563,-9.3022e-05,-0.00715686,0.0209025,0.103493,0.00233351,0.000740309,-0.0297096,0.0218762,0.00327742,0.00370501,-0.000158131,0.00288276],[-0.00147188,-0.0015851,-0.00436844,0.000110862,-0.00131595,-0.00126328,0.00263403,2.29734e-05,-0.000637962,-0.000963097,0.000502361,0.0484601,0.00650209,0.153769,-0.000323224,-0.000301395,0.0238375,0.02486,-0.000934896,-0.00161179,0.00767733,-0.000558749],[-0.000177811,-0.000437488,0.000381399,0.000598918,-3.86428e-05,-0.00178282,-0.00036627,-0.000130718,-5.9112e-05,-5.71015e-05,0.000290326,-0.000682453,0.0109629,-0.0152991,3.9415e-06,0.000167453,-0.00828616,-0.00679878,-8.17568e-05,-0.00138577,-0.000879297,-0.000451693],[-5.70772e-05,-4.96178e-05,-1.32089e-05,3.80593e-05,-0.000157025,-0.000208144,-3.92953e-05,0.000245583,7.22624e-05,8.35871e-05,-2.0497e-05,5.46729e-05,0.00131391,0.0159758,1.74724e-05,3.88547e-05,0.00101593,0.000962137,8.12785e-05,-0.00046007,-7.98048e-05,6.21377e-05],[0.00477673,0.00431748,0.0185015,0.00754681,0.0266801,0.00394453,-0.00932289,-0.00240226,0.00586576,0.00618137,0.00349707,-0.00168256,-0.0237871,0.0348492,0.00149827,-0.000370684,-0.0132143,0.116683,0.00514387,-0.00136478,-0.00871052,0.0010561],[0.00643809,0.00266369,0.00789614,-0.00238667,1.44778e-05,0.00794436,-0.0015837,0.00390194,0.00414258,0.00407657,0.00186576,-0.005812,0.0157882,0.0602337,0.00109586,-0.00110994,-0.137127,-0.0418676,0.00420337,-0.00366301,-0.00271003,0.0020088],[-4.63014e-05,-0.000169331,-0.000234479,6.05627e-05,0.000927306,-0.00041983,1.44901e-05,-0.000169898,0.000119014,0.000145649,0.000188978,0.000898237,-0.00151464,0.00700838,-2.43107e-06,0.00012594,0.0102581,0.00764011,0.000131655,-0.00135375,0.000345956,0.000165196],[0.000435438,0.000640345,0.00133401,-0.000172402,-0.00176664,0.00211691,-0.000217069,-9.07818e-05,0.000307356,0.000356716,-0.000187866,0.00537134,-0.0117205,0.00566549,9.36301e-05,-0.000216279,0.0262086,0.0548123,0.000125368,0.00142543,-0.000282826,-7.69318e-05],[0.0010501,0.00208092,-0.00353103,0.00433964,0.00515174,0.00128257,-0.000851883,-0.000644908,0.000768414,0.00104484,-0.00081626,-0.000189274,0.0175266,-0.0265026,0.000757552,0.000524603,-0.0393886,0.01555,0.000833821,-0.0125985,-0.00967352,0.00205282],[-0.00163919,-0.000119106,0.000451007,0.00102793,0.00408548,0.00182743,-0.000891058,-0.0013,0.00128536,0.000915111,0.000309813,-0.00353514,-0.00203224,0.0471381,0.000275353,-0.000801782,0.081532,-0.0132204,0.000213231,0.0124073,0.0117796,0.000440984],[-0.00356509,-0.00379664,-0.00885803,0.00211441,0.0163596,-0.00376926,0.00424095,-0.00672664,0.0012508,0.00205165,0.001006,0.002457,0.00716403,0.275047,-0.000750327,0.000438141,0.0564495,-0.0410493,0.003002,0.00454675,0.0185628,0.00969826],[0.0072599,0.0253087,0.0437967,0.0217201,-0.0209632,-0.00921869,-0.0229345,0.00449357,-0.0249917,-0.0263767,-0.00755572,0.0661963,0.0807897,0.527512,-0.00747072,-0.00265759,0.0350905,-0.0752914,-0.0283726,-0.19642,-0.0907294,-0.015549]],"sigmahat":[[0.852218,0.753305,1.44545,0.101989,1.64334,2.0528,-0.161726,-0.139715,0.152665,0.163382,0.095544,-0.377661,2.40729,7.3679,0.0526052,0.00161433,2.02937,-1.93658,0.0950238,-0.17664,0.089046,0.274109],[0.753305,0.98485,1.51337,0.0112814,0.967502,1.99334,-0.261857,-0.12298,0.14895,0.158099,0.0525215,-0.60116,3.51866,8.51372,0.0597566,-0.0145456,2.0871,-3.06557,0.0798062,-0.166685,0.0869431,0.256806],[1.44545,1.51337,4.2166,0.294894,1.89557,3.31399,-0.566267,-0.323466,0.422849,0.431846,0.201023,-0.815259,6.48206,14.8007,0.0470901,0.00793023,1.56831,-5.75091,0.320919,-0.753575,-0.172711,0.64011],[0.101989,0.0112814,0.294894,0.45678,0.405339,0.0361083,-0.09621,-0.0720662,0.041617,0.0270247,0.0222712,0.0284931,0.0560715,1.86308,-0.00204511,0.0131497,-0.910597,-0.0622491,0.038699,-0.231105,-0.0781727,0.051571],[1.64334,0.967502,1.89557,0.405339,8.11912,4.48051,-0.11967,-0.34955,0.208398,0.273341,0.231004,0.309467,-1.19382,16.1862,0.0666313,0.0671917,7.42532,3.6942,0.143223,-0.826324,0.777915,0.319231],[2.0528,1.99334,3.31399,0.0361083,4.48051,7.19802,-0.0761465,-0.25217,0.0987938,0.151525,0.0859226,-1.20004,6.62358,25.0133,0.142889,-0.142224,9.77565,-4.72302,-0.100512,0.851842,0.939119,0.445304],[-0.161726,-0.261857,-0.566267,-0.09621,-0.11967,-0.0761465,0.53475,-0.0288738,-0.103153,-0.0968763,-0.0314396,0.994873,-2.70606,-1.35232,-0.0199386,-0.00509136,2.37329,5.73231,-0.0717977,0.0775518,0.277569,-0.0880077],[-0.139715,-0.12298,-0.323466,-0.0720662,-0.34955,-0.25217,-0.0288738,0.753605,-0.150914,-0.145138,-0.0576804,-5.49333,3.24215,11.2409,-0.0295449,-0.023911,-13.4635,-14.0074,-0.121434,0.0743429,-0.290177,-0.788149],[0.152665,0.14895,0.422849,0.041617,0.208398,0.0987938,-0.103153,-0.150914,0.350769,0.347918,0.107158,0.596974,0.702894,1.7261,0.00555953,0.0487919,-0.115245,0.922355,0.355477,-0.680102,-0.247184,0.289152],[0.163382,0.158099,0.431846,0.0270247,0.273341,0.151525,-0.0968763,-0.145138,0.347918,0.363371,0.109751,0.638415,0.512765,2.27312,0.0122021,0.0503323,0.267525,1.21147,0.35341,-0.657188,-0.19589,0.285063],[0.095544,0.0525215,0.201023,0.0222712,0.231004,0.0859226,-0.0314396,-0.0576804,0.107158,0.109751,0.125214,0.354385,-0.393171,1.52848,0.0328062,0.0408343,0.264492,1.0704,0.108953,-0.202808,-0.0222169,0.0574656],[-0.377661,-0.60116,-0.815259,0.0284931,0.309467,-1.20004,0.994873,-5.49333,0.596974,0.638415,0.354385,211.965,-299.754,187.92,0.231022,0.0852457,496.649,901.363,0.072364,-4.5248,6.34603,5.48258],[2.40729,3.51866,6.48206,0.0560715,-1.19382,6.62358,-2.70606,3.24215,0.702894,0.512765,-0.393171,-299.754,575.076,-276.02,0.284678,0.10897,-713.939,-1531.76,0.794372,7.58904,-7.84138,4.08748],[7.3679,8.51372,14.8007,1.86308,16.1862,25.0133,-1.35232,11.2409,1.7261,2.27312,1.52848,187.92,-276.02,1572.18,1.49578,-0.791673,607.8,889.68,0.156678,-4.88524,17.0596,5.23689],[0.0526052,0.0597566,0.0470901,-0.00204511,0.0666313,0.142889,-0.0199386,-0.0295449,0.00555953,0.0122021,0.0328062,0.231022,0.284678,1.49578,0.0541253,0.0264218,1.28365,0.322615,-0.00435995,0.0901957,0.0172792,0.0955637],[0.00161433,-0.0145456,0.00793023,0.0131497,0.0671917,-0.142224,-0.00509136,-0.023911,0.0487919,0.0503323,0.0408343,0.0852457,0.10897,-0.791673,0.0264218,0.0715851,-1.24884,0.0262944,0.0691321,-0.304155,-0.117525,0.0389658],[2.02937,2.0871,1.56831,-0.910597,7.42532,9.77565,2.37329,-13.4635,-0.115245,0.267525,0.264492,496.649,-713.939,607.8,1.28365,-1.24884,1349.96,2190.07,-2.25404,1.48882,21.8094,16.4517],[-1.93658,-3.06557,-5.75091,-0.0622491,3.6942,-4.72302,5.73231,-14.0074,0.922355,1.21147,1.0704,901.363,-1531.76,889.68,0.322615,0.0262944,2190.07,4459.51,-0.573214,-25.6918,19.0433,0.532791],[0.0950238,0.0798062,0.320919,0.038699,0.143223,-0.100512,-0.0717977,-0.121434,0.355477,0.35341,0.108953,0.072364,0.794372,0.156678,-0.00435995,0.0691321,-2.25404,-0.573214,0.389495,-0.788893,-0.296562,0.223695],[-0.17664,-0.166685,-0.753575,-0.231105,-0.826324,0.851842,0.0775518,0.0743429,-0.680102,-0.657188,-0.202808,-4.5248,7.58904,-4.88524,0.0901957,-0.304155,1.48882,-25.6918,-0.788893,6.97636,1.066,0.0716411],[0.089046,0.0869431,-0.172711,-0.0781727,0.777915,0.939119,0.277569,-0.290177,-0.247184,-0.19589,-0.0222169,6.34603,-7.84138,17.0596,0.0172792,-0.117525,21.8094,19.0433,-0.296562,1.066,2.20897,0.157765],[0.274109,0.256806,0.64011,0.051571,0.319231,0.445304,-0.0880077,-0.788149,0.289152,0.285063,0.0574656,5.48258,4.08748,5.23689,0.0955637,0.0389658,16.4517,0.532791,0.223695,0.0716411,0.157765,1.90104]],"n":22,"lags":3}