{"betahat":[[2.93472,2.43744,5.81671,-1.62701,-3.96913,0.519504,8.24947,-0.668217,15.1117,6.09369,-0.787979,-1.08346,-0.545913,-0.578203,1.45148,2.12697,11.1477,42.5458,35.6827,6.11708,6.30101,-8.04097,-1.02789],[0.891321,-0.133004,-0.159505,-0.013994,0.0895287,-0.0280739,-0.0146354,-0.00549133,-0.0822488,0.2006,0.0189032,-0.00743199,-0.031181,-0.0109704,-0.0462984,-0.101355,-0.0748364,-0.0338371,-0.0214822,-0.0209667,-0.0594835,0.235247,-0.0170714],[-0.00595201,0.868145,0.0376315,0.0516866,0.189977,0.334931,-0.0494358,-0.0620191,0.142031,-0.227107,-0.037112,0.0285481,-0.0449455,0.0369435,-0.00167006,-0.00885974,-0.0308308,-0.00115449,0.00324203,-0.0123806,0.108272,0.206423,0.0232102],[0.0636494,0.138835,1.0045,0.00187642,0.183437,-0.00687887,0.00809086,-0.00153377,0.027637,0.196397,0.0101493,0.0319467,-0.0222882,0.0474268,0.0265871,0.1011,-0.0358105,-0.0099486,-0.206563,0.00340057,0.00565941,-0.475118,0.0313397],[0.307843,0.533011,-0.353972,1.18623,0.139965,-0.179077,0.0290176,0.0365935,-0.34081,0.39298,0.0298372,-0.058107,-0.0741337,-0.116864,0.0143754,0.145576,-0.0232756,-0.0560977,0.361606,-0.0568149,1.04019,-1.38143,-0.0608404],[-0.0206713,-0.0211696,-0.0013929,-0.0375636,0.711024,-0.0576794,0.0187689,0.0117396,0.020618,0.00572,0.0127115,0.00594761,0.0340912,0.0153339,0.00498213,-0.0259321,0.0232071,-0.0155382,0.0217048,0.0100841,-0.1046,0.135087,0.014436],[-0.076712,-0.033944,-0.0564882,-0.025229,-0.207249,0.651969,0.0199639,-0.000370523,-0.0667471,-0.0326518,-0.00746283,-0.00142187,0.036869,0.00634033,0.0222976,-0.033727,0.0352203,0.0121773,0.00989953,0.0213969,0.218437,0.0523233,0.00622438],[0.0683442,-0.0560981,0.141525,-0.0675407,0.49637,0.391744,1.12185,-0.0217911,0.228335,-0.230919,0.0101083,0.0703019,0.0371455,0.0837263,-0.0163071,0.0760132,0.204595,-0.0724431,0.142017,0.0973491,-0.249657,-0.342196,0.0751163],[-0.115902,0.0892422,-0.51481,-0.0706999,0.364971,-0.197593,-0.398093,0.904374,-0.244121,-0.918932,0.0761623,0.0732494,-0.19895,0.0412838,-0.0903924,0.0439459,-0.493083,0.248099,-0.0682721,-0.251714,0.116203,0.137173,0.0368639],[0.00355055,-0.0549584,0.0768871,-0.00209787,0.00993673,0.0215854,-0.0988802,-0.00392753,1.27986,-0.00138086,0.00737194,-0.00828451,0.00925014,-0.00110372,-0.00347712,0.00979355,-0.0289933,-0.102468,0.0360197,0.000623504,-1.54024,0.0496016,0.0109659],[0.0385817,-0.0178934,0.0809444,-0.0118657,-0.051135,-0.130341,0.0103035,-0.0151866,-0.067038,1.05372,-0.00937073,0.0115179,0.00295139,0.017576,0.0221956,0.0199662,-0.0519128,0.08807,-0.0506064,-0.00205894,0.299174,0.11894,0.0357601],[0.553279,-0.299576,1.18769,0.175495,1.07925,0.771479,0.168464,-0.173297,-0.759892,-1.29806,0.771863,-0.15382,-0.182935,-0.131894,0.148179,0.0345286,0.211381,-0.570915,0.786509,-0.128415,1.75971,1.99696,0.151303],[0.610034,0.787533,0.585011,-0.125522,0.767021,1.32966,-0.193565,-0.0180618,0.65116,-0.204526,-0.0561289,0.987919,-0.152559,0.0620289,0.00419788,0.496119,-0.496893,-0.0721806,-0.438791,-0.308675,-0.180237,-2.46552,0.0616606],[-0.346178,-0.212422,-0.385401,-0.0739445,-1.32253,-1.55119,-0.140052,-0.0327097,-0.395756,0.489995,0.0512409,-0.140618,0.782599,-0.163184,-0.136501,-0.620029,-0.299964,0.31606,-0.189648,-0.221889,1.72371,0.0776939,-0.0768449],[0.310493,0.108936,0.219106,0.0743832,0.742475,-0.246194,0.334702,-0.082613,-0.385327,0.409386,-0.0815366,0.397109,-0.126666,1.23945,0.182854,0.190607,0.463259,0.274274,-0.504467,0.284434,-3.0202,-0.499939,0.343646],[0.809137,0.422423,0.720334,0.189562,1.23558,1.5184,0.350206,-0.0390209,0.216738,0.602683,-0.0627237,0.341392,0.272008,0.402036,1.15754,0.842825,0.428469,-0.460331,0.225543,0.32549,3.51137,-0.566492,0.292609],[0.157373,0.171596,0.278289,-0.0376748,0.374073,0.588619,0.0602886,-0.0551631,0.188036,-0.160773,-0.0201995,0.0177923,-0.0921445,0.00448215,-0.0128732,1.08393,0.0903584,0.0732418,-0.0556304,0.0402979,0.871629,0.0824298,0.00916855],[0.00796654,-0.0661603,0.0673382,0.00199168,-0.0603536,0.0750981,0.00272742,-0.00142206,0.0630899,-0.0248464,0.00546545,0.058463,0.0487267,0.0799407,0.0923341,0.0271265,0.919636,0.0381054,0.0874698,-0.108987,0.565598,0.0904605,0.0612461],[0.0711169,0.406173,-0.713982,-0.0375458,1.006,0.799739,-0.0517559,0.157746,-0.0124375,-0.250418,0.0987225,-0.0847051,0.288816,-0.0564952,0.0739913,-0.00372399,0.0831714,0.355846,0.107523,0.0137785,-0.352649,-1.81007,-0.0912452],[-0.330747,-0.420797,0.0408993,-0.149124,-0.776701,-0.455685,-0.107381,-0.0387264,0.0963558,0.340503,-0.0103192,0.0306158,-0.214282,-0.00333146,-0.0109114,-0.254349,-0.14121,0.0482845,0.840484,-0.0479235,-1.96195,0.602664,0.0181694],[-0.111339,0.225018,-0.386401,0.114425,-0.501309,0.371933,-0.678656,0.052793,0.431451,0.000384522,-0.0326804,-0.145404,-0.0881759,-0.201477,-0.184309,-0.180248,-1.03972,-0.0150682,-0.410273,0.0506546,-3.99239,-0.496914,-0.132919],[0.00219081,0.0142072,-0.00957014,0.000230302,0.0292498,0.0162466,0.0083611,-0.00254256,0.0494983,-0.00809673,-0.00153409,0.000606039,0.0044911,0.000580447,0.00882322,0.0145308,0.0262004,0.0109848,-0.0365016,0.0131399,-0.250206,-0.0634928,-0.000437209],[0.0413334,0.0536677,0.0496747,0.00593438,0.00541815,0.0610801,-0.00803481,-0.00374233,0.00222148,-0.0771089,0.004348,0.00932364,-0.00308255,0.0118243,-0.0207366,0.0521717,0.00529913,-0.00623698,-0.0190125,0.00944076,-0.0710641,0.833675,0.0073684],[-1.19021,-1.11233,-0.670989,-0.0143798,-2.15756,-1.76353,-0.222011,-0.0633745,-0.706073,-0.790253,0.183931,-0.077131,0.256254,-0.173345,-0.281695,-0.903501,-0.204285,0.0284781,0.925375,-0.14405,-0.27306,2.90597,0.713278],[0.00830655,-0.0622461,0.144644,-0.0315246,-0.0971052,0.0652356,-0.033294,-0.00141627,0.00142794,-0.22213,-0.0119364,0.00948226,0.029528,0.00173918,0.00674095,0.0447065,0.0195516,0.00784975,-0.0833829,-0.00800956,-0.260063,-0.00156467,0.0233473],[-0.0812677,-0.0782375,-0.0540274,-0.098267,-0.0690572,-0.271981,0.0486955,0.0418335,-0.152146,0.237716,0.00849481,-0.00714646,0.038741,-0.0165991,0.0172226,0.0232479,0.0623027,0.011475,-0.0964468,-4.54343e-05,-0.357966,-0.183592,-0.00967266],[-0.0283459,-0.0544889,-0.04092,0.0311755,-0.0814987,0.00100502,-0.0427719,-0.00485769,0.0256423,-0.135517,-0.0093282,-0.0242943,-0.0232972,-0.0392245,-0.0567913,-0.0866942,-0.0248861,-0.0144738,0.0856019,-0.0106389,-0.122091,0.318109,-0.0251084],[-0.223707,-0.339641,0.142823,-0.179594,0.353795,0.277733,0.196791,-0.057236,-0.0631794,-0.362678,-0.00593264,-9.51466e-05,-0.0432204,0.0204545,-0.0261236,0.0259751,0.205793,0.0276881,-0.392823,0.0976833,1.62907,0.423503,-0.00958414],[0.00539088,0.0135148,0.0120348,0.00801334,0.202557,0.0959374,-0.00287016,-0.0106916,-0.0117336,-0.0136813,-0.00391826,-0.0089837,-0.0236254,-0.0135316,-0.00487163,0.0158033,-0.00179721,0.00998558,-0.00735449,0.00760019,-0.175731,-0.0666482,-0.00869327],[0.0264901,0.0189603,0.0148993,-0.00436873,0.0267064,0.160613,-0.0160919,-0.00237875,0.0505639,-0.0115482,0.00461213,-0.0112112,-0.0272803,-0.0190131,-0.0197742,0.0140956,-0.0360807,-0.0021528,0.00556553,-0.024619,-0.237139,0.00341969,-0.0104199],[-0.0714128,0.0403021,-0.273595,0.0717569,-0.393426,-0.388503,-0.147181,0.0236521,-0.361615,0.0667818,8.05311e-05,-0.0272421,-0.00178268,-0.0358992,0.0108263,-0.0488778,-0.124154,0.0707046,-0.0503445,-0.0838585,-1.0689,0.167616,-0.0265123],[0.17302,-0.114097,0.608324,0.132578,0.207518,0.146661,-0.119362,0.0666549,0.0474753,0.448061,-0.0278131,-0.0194224,0.135561,-0.103208,-0.014262,-0.021532,-0.0684478,-0.0574695,0.128357,0.120702,0.383347,-0.60992,-0.047257],[0.0192835,0.0539109,-0.0154132,-0.00697777,0.137987,0.0242929,0.0725062,-0.00224135,-0.216028,-0.0131973,-0.004042,0.00821202,-0.00118741,0.00875801,0.0227289,0.0342133,-0.0235835,0.0559029,-0.0549918,-0.0449976,1.54063,-0.0191152,-0.00443802],[-0.115124,-0.100542,-0.121244,-0.0102149,-0.0824258,-0.034921,-0.0421827,0.0121061,0.027181,-0.202064,0.0155616,-0.0131992,0.00432893,-0.0163549,-0.0405665,-0.0445222,0.000435026,-0.00246822,0.0391273,-0.00917797,-0.456041,0.0815241,-0.0235414],[-0.0850498,0.148186,-0.413889,-0.0932797,0.35658,0.357775,-0.00104909,0.157967,0.865778,1.40882,-0.0926006,0.205627,-0.407575,-0.0190716,-0.228891,0.272378,0.145163,0.359027,-0.502308,0.152673,-4.37739,-1.594,-0.11837],[0.0349919,-0.0120563,-0.105296,0.0530434,0.510028,0.309105,-0.174596,0.0416625,0.0949901,0.309052,0.0154973,-0.165313,-0.00848194,-0.116463,0.0157402,0.0861195,-0.0917257,-0.0878852,0.107593,0.0308179,-0.259175,-0.37986,-0.108528],[0.330157,0.433836,-0.0383791,0.0165131,0.990198,1.26512,0.00875831,0.0437838,0.0587124,-0.0118334,-0.0222798,0.160561,0.0567641,0.187677,0.0107186,0.461143,0.0624654,-0.0840755,-0.0619691,0.123416,0.0294064,-0.76997,0.133486],[-0.307651,-0.104535,-0.372082,-0.0694443,-1.04923,-0.594899,0.00541158,0.112064,-0.0192903,0.104648,0.0208391,-0.159928,0.202756,-0.121364,0.00638708,-0.296855,-0.0142003,-0.0456707,-0.052559,0.0193208,1.56828,0.617575,-0.1331],[-0.290726,-0.305774,0.112315,0.0370631,0.494582,-0.461372,-0.137509,0.00657015,0.037343,0.102751,0.049895,-0.195664,-0.259628,-0.202584,-0.235605,-0.486808,-0.180339,-0.157698,0.273063,-0.222892,-2.63359,0.119746,-0.188781],[-0.155093,-0.183569,-0.198709,0.0115915,-0.215347,-0.23442,-0.0215967,0.0478046,-0.25619,0.092226,0.0168669,-0.0208294,0.0991246,-0.00226606,0.0140024,-0.098832,-0.00637665,0.0118258,0.029564,-0.0251513,-0.42792,0.0102082,-0.00821776],[-0.010514,0.0637461,-0.0512481,0.00118386,0.143764,-0.000593971,0.0179971,0.0110222,-0.236326,-0.0138277,0.00352139,-0.0243087,-0.0076989,-0.0277435,-0.0436901,0.00286127,0.102143,0.0111829,-0.0722366,0.116121,-0.515354,-0.11236,-0.0232877],[-0.257509,-0.513313,0.536694,0.00695897,-1.12934,-0.592111,0.186214,-0.119525,-0.15236,0.0818273,-0.0662298,0.0514332,-0.170297,-0.0010732,-0.0240184,-0.14215,0.0699978,0.0534822,-0.0375612,0.0398356,3.04495,2.21712,0.0151946],[0.264042,0.403633,-0.167334,0.148695,0.714459,0.551967,0.0698637,0.00847872,-0.115596,-0.301234,-0.00207527,-0.0643687,0.136624,-0.0528035,-0.00600156,0.215513,0.0624144,-0.0892801,-0.10063,-0.0212264,1.21119,-0.751875,-0.0187539],[-0.0650194,-0.101948,0.0244724,0.0182314,-0.0159095,-0.170616,0.15827,0.06332,-0.644019,-0.000561773,-0.00106065,-0.000952753,0.0577665,0.0122697,0.0651876,-0.116515,0.41718,0.0372576,-0.290991,0.406601,0.0320572,-0.154929,-0.00360823],[0.0055892,0.0153913,0.0275468,0.00314776,0.00306666,0.00112666,-0.0207025,0.000405926,0.0360974,0.00110603,-1.90509e-06,3.56899e-05,0.00170104,-0.0011207,-0.00357799,0.00340635,-0.018542,0.0156447,-0.0300424,-0.0124581,-0.14853,-0.00874195,-0.00211283],[-0.0125579,0.00849497,-0.0705059,0.0183923,-0.0051843,-0.126403,0.00381083,0.00612552,-0.019661,0.0244443,-0.0015089,-0.0146414,-0.00903791,-0.0238425,-0.00150607,-0.039121,-0.0152066,-0.00145489,0.0298517,-0.0119883,0.285434,0.0572354,-0.00997019],[0.122775,0.00240219,-0.204646,0.070834,0.318041,0.310817,0.0315392,0.0595178,-0.238411,0.110721,-0.00746122,-0.134911,0.119335,-0.0673124,0.0425527,-0.0398116,0.140243,0.182588,-0.0698839,0.141948,0.540894,-0.0495708,-0.0775844],[0.100269,0.195166,0.0148187,0.045463,0.00742429,-0.03738,0.0477853,0.00693326,0.0809197,0.0214197,-0.006926,-0.00205156,0.00171453,0.0092179,0.0395264,0.0565518,0.0551154,0.0261419,0.10479,0.0289241,0.319592,-0.233137,-0.00628441],[0.087157,0.209818,0.0165948,0.0464668,-0.120723,-0.0632694,0.000671171,0.0201447,0.0101101,-0.0104576,0.0286532,-0.0214016,0.00629199,-0.0203562,-0.0156021,-0.0145402,-0.0316365,-0.0103033,0.0930512,0.0124048,0.249932,-0.0222151,-0.0135586],[-0.0353058,-0.0843093,0.0363646,-0.0330855,-0.10196,0.00589096,0.0346992,0.00629274,-0.0531553,-0.0613366,-0.000823208,-0.00763567,0.0456748,-0.00814087,0.0301843,-0.0143766,0.0606989,0.0244199,0.121126,0.00721095,0.117385,0.157556,-0.00616784],[-0.084071,-0.193247,0.210957,-0.00665368,-0.493272,-0.0986698,-0.225977,0.0206796,0.403912,-0.0302695,-0.0238628,0.0582106,0.117347,0.0964032,0.0117158,-0.171492,-0.182733,0.0284504,0.0313436,-0.0409893,-2.66997,0.957656,0.0704141],[0.0149916,0.00713649,-0.0104197,0.0292972,0.0852671,-0.0394894,-0.0162834,-0.000989298,-0.00887626,0.00802776,-0.00880773,0.00307154,-0.010391,-0.0018133,-0.000165446,0.00969707,-0.0220055,0.00611092,-0.0151402,-0.0178442,0.280264,-0.0668206,-0.00574996],[0.0498779,0.0142933,0.041859,0.0293959,0.179638,0.186053,-0.00417547,0.00278655,0.0158665,0.0444104,0.00288852,0.0126217,-0.00940892,0.0126627,-0.00263076,0.0190086,0.000297322,-0.00941125,-0.0159063,0.00301666,0.020788,-0.0537961,0.00417592],[0.0025399,0.0146073,0.132089,-0.00461622,-0.103011,-0.0048576,0.0235866,-0.00128958,0.134333,0.164318,-0.00995008,-0.0428691,-0.0355063,-0.0477579,0.00545207,-0.0279339,-0.0827189,0.00259727,-0.0905596,-0.0145114,1.31382,0.177692,-0.0485348],[0.0980088,0.130168,0.12784,-0.024112,0.0894822,0.561354,0.225366,-0.021011,0.0734592,0.4995,-0.027975,-0.00516604,-0.0128409,0.0939507,0.0539154,0.263968,0.199976,0.168804,0.135998,0.0504747,-1.23788,0.116171,0.0621902],[-0.0220338,0.0020929,-0.0603555,0.00934718,-0.145012,-0.0414744,0.0282458,0.00471427,-0.0640057,0.0114786,-0.00330254,0.000860807,-0.00597457,-0.00609922,-0.0180212,-0.0416226,0.0557951,0.0449664,0.0243268,0.0451992,-0.00424482,-0.0295517,-0.00516784],[0.0762109,0.118416,0.0394992,0.0220009,0.133238,0.165599,0.0312616,0.00294512,0.0404373,0.143363,-0.00610052,0.00146718,-0.0069488,-0.00154751,0.0178031,0.024212,0.0505507,-0.0856046,0.0125698,0.0106685,0.16016,-0.197163,-0.0124157],[-0.136297,-0.248345,-0.03711,-0.073418,-0.752604,-1.06615,0.0324319,0.0934766,-0.645341,0.901268,-0.0535145,0.0585118,0.216591,0.166323,0.195904,-0.679767,-0.00694487,0.369836,-0.179286,0.0196546,-0.812499,-0.352812,0.0930141],[-0.0847076,-0.16928,0.0120973,-0.0442912,-0.313109,-0.191543,-0.0778092,-0.0525271,-0.0397705,0.187503,0.017845,-0.0392512,-0.0696489,-0.0527594,-0.033118,0.0542921,-0.0675566,-0.0271175,-0.0681425,-0.0671914,-0.0923901,0.455501,-0.0324423],[-0.183905,-0.272083,-0.11507,-0.0417236,-0.221103,-0.195766,0.0327468,0.0724528,-0.00226648,-0.313905,0.0100541,-0.0373877,0.00388609,-0.0502963,0.0671147,-0.166466,-0.0658055,-0.354575,0.275323,-0.0195472,-0.397557,0.43847,-0.0566117],[-0.187246,-0.163598,0.0363262,-0.00254906,-0.538754,-0.280109,0.0328782,-0.0149231,0.126319,-0.100528,-0.0148605,0.00861336,0.0137553,-0.00105889,0.0391797,-0.0818518,0.0714287,-0.152376,-0.0553998,0.00580577,0.849811,0.717517,0.00909335],[0.0756506,0.144832,-0.0365551,-0.0806261,0.0634914,-0.023875,0.0733222,0.00327148,-0.0228743,-0.868815,-0.00362071,-0.00999286,-0.147145,-0.0199589,0.0409561,0.14693,0.102779,-0.0251934,-0.234771,0.0923636,1.2156,0.00883679,0.0245732],[-0.00288511,0.0104624,-0.0781378,0.02556,-0.158835,-0.355423,-0.0392413,0.00715898,0.0677418,0.0682782,0.00346778,0.00312066,-0.00647175,-0.0021702,-0.00128792,0.0138911,-0.0849556,-0.0841113,0.0247458,-0.0156595,-0.439757,-0.0879336,-0.000976019],[0.00229342,0.00183363,-0.0160517,-0.00318979,-0.0823888,-0.0751535,-0.0226726,-0.00885767,0.173709,0.0388878,-0.00876937,-0.0338402,-0.0409927,-0.0519437,-0.0485412,-0.0305152,-0.0243263,-0.0477142,-0.0139873,-0.00837108,-0.051653,0.0253441,-0.037844],[0.180904,0.102113,0.17656,0.0243138,0.102613,-0.225257,-0.147288,-0.0311385,0.0868012,0.170658,-0.0393182,0.0409475,-0.113735,0.0645713,-0.0471456,0.136538,-0.184125,-0.303996,-0.105787,-0.0618047,-2.52226,-0.341399,0.0784811],[0.0565383,0.0189734,0.0439674,0.0313879,0.0590497,-0.0641911,0.0424687,0.0308041,-0.0298499,-0.0708223,0.0149968,0.0290216,0.0793855,0.0533931,0.0176859,0.0453344,0.0900975,0.0236983,-0.498391,0.0624547,0.676759,0.147514,0.00776995],[0.0346619,-0.00576122,0.122146,0.00822945,-0.0965538,-0.0618113,0.0966137,-0.00782916,0.0931987,0.146424,-0.0247787,0.0254471,0.00246571,0.0275004,0.0677855,0.0337614,0.0428407,0.012911,-0.162615,-0.00659011,1.47417,0.067627,0.0158305],[0.00809109,0.00869527,0.00034861,-0.00824688,0.0231114,0.0309936,-0.00587083,-0.00029103,-0.0434436,-0.027249,-9.36699e-05,-0.0017186,0.00873293,-0.0046332,0.00147677,0.00961472,-0.0138793,0.00899729,-0.0159155,-0.00448867,-0.100275,-0.0421526,-0.00290546],[-0.0306517,-0.0558028,0.0113157,-0.0160042,0.0186444,0.0628749,-0.00401605,0.00110509,-0.0133096,0.0503413,-0.00140862,0.00729068,0.00548484,0.0106884,0.0186676,-0.0160925,0.000190905,0.0106359,0.0225956,-0.00917621,-0.258985,0.0683312,0.00193174],[0.321849,0.456036,0.000735526,0.0114988,0.98802,0.643952,-0.0106611,-0.018932,0.124202,-0.066779,-0.0208321,0.0365591,-0.0308811,0.06609,0.0157326,0.35763,0.0532343,-0.00456561,-0.134219,0.0369026,-0.828007,-0.894143,0.0845305]],"sigmahat":[[0.147778,0.134562,0.0864586,0.0293692,0.353242,0.27113,0.00938618,-0.00717627,0.0467706,-0.00679496,-0.0030575,0.0113639,-0.00569472,0.012799,0.00974583,0.106785,0.0195755,-0.0127007,-0.0352126,0.00864731,0.147896,-0.299611,0.0126054],[0.134562,0.246902,-0.0199476,0.038972,0.238655,0.282731,-0.00278266,0.00404243,0.0605769,-0.0106943,-0.00586642,0.000729299,-0.00809894,0.0018391,0.00884655,0.111254,0.0117664,-0.0033451,-0.0124707,-0.00445019,-0.082215,-0.405379,0.00234536],[0.0864586,-0.0199476,0.329426,-0.00743605,0.277927,0.205599,0.0366324,-0.0331648,0.0783364,-0.00594457,0.000892407,0.0227241,0.01646,0.026405,0.0137729,0.0610524,0.0370481,-0.0150853,-0.0933347,0.0265264,0.569095,0.0166512,0.0180385],[0.0293692,0.038972,-0.00743605,0.0399411,0.0562295,0.0609666,-0.00553672,0.00502365,0.00253644,-0.00173469,-0.000529371,0.00228537,-0.00399308,0.000364617,0.00110026,0.00999301,0.0024446,-0.00831888,0.0195873,-0.00216302,0.0837029,-0.0545937,0.00267457],[0.353242,0.238655,0.277927,0.0562295,1.68874,0.946477,0.0434554,-0.039534,0.0597322,-0.118712,-0.00150565,0.0443195,-0.0152724,0.0492856,0.000539944,0.321557,0.0643744,-0.0264055,-0.0631488,0.0299252,-0.0212915,-0.867049,0.0249248],[0.27113,0.282731,0.205599,0.0609666,0.946477,1.18104,0.014905,-0.0285994,0.0712637,-0.138386,-0.00786895,0.0216044,0.0200868,0.0326016,0.0208969,0.258916,0.0459108,-0.015172,0.00360059,0.00769226,0.0562155,-0.603772,0.0222475],[0.00938618,-0.00278266,0.0366324,-0.00553672,0.0434554,0.014905,0.0939227,-0.0108307,-0.0189358,0.00535228,0.0019803,0.00731454,0.0039706,0.0136108,0.019758,0.027962,0.0969624,-0.00794652,-0.0104054,0.0423955,0.539808,-0.0053514,0.00944491],[-0.00717627,0.00404243,-0.0331648,0.00502365,-0.039534,-0.0285994,-0.0108307,0.0198139,-0.00286137,0.0201548,0.000379512,-0.00364642,-9.98264e-05,-0.00557128,0.0012493,-0.0207357,-0.0145261,0.0064134,0.00138116,-0.00372444,-0.0275011,0.0007351,-0.00436347],[0.0467706,0.0605769,0.0783364,0.00253644,0.0597322,0.0712637,-0.0189358,-0.00286137,0.438382,-0.0729141,0.000429194,0.00517652,-0.0185213,0.0101969,-0.0175531,0.0530379,-0.0126025,-0.0738694,-0.00498999,-0.00812819,-0.427346,-0.0495944,-0.00257176],[-0.00679496,-0.0106943,-0.00594457,-0.00173469,-0.118712,-0.138386,0.00535228,0.0201548,-0.0729141,0.523209,0.000615136,-0.00995443,-0.0133003,-0.00982845,0.0357926,-0.0617152,0.00813542,0.0108986,-0.00958472,0.0146512,-0.376706,-0.153487,-0.00623251],[-0.0030575,-0.00586642,0.000892407,-0.000529371,-0.00150565,-0.00786895,0.0019803,0.000379512,0.000429194,0.000615136,0.00518454,-0.00146792,0.00213905,-0.00220202,-0.00239852,-0.00349926,0.000730388,-0.0025733,0.00412865,0.00087443,0.0506042,0.0145454,-0.0018024],[0.0113639,0.000729299,0.0227241,0.00228537,0.0443195,0.0216044,0.00731454,-0.00364642,0.00517652,-0.00995443,-0.00146792,0.0178353,0.00253732,0.0193985,0.00840642,0.0193602,0.00927004,0.00278885,-0.00474287,0.00516917,0.00393205,0.0119317,0.0144811],[-0.00569472,-0.00809894,0.01646,-0.00399308,-0.0152724,0.0200868,0.0039706,-9.98264e-05,-0.0185213,-0.0133003,0.00213905,0.00253732,0.0436778,0.00716776,0.0135863,-0.00525475,0.00784456,0.0100828,-0.00183677,0.00625036,0.0731084,0.0436637,0.00399808],[0.012799,0.0018391,0.026405,0.000364617,0.0492856,0.0326016,0.0136108,-0.00557128,0.0101969,-0.00982845,-0.00220202,0.0193985,0.00716776,0.0291929,0.0124737,0.0262884,0.0161491,0.00256643,-0.000913188,0.00810864,-0.0128205,0.0133226,0.0190951],[0.00974583,0.00884655,0.0137729,0.00110026,0.000539944,0.0208969,0.019758,0.0012493,-0.0175531,0.0357926,-0.00239852,0.00840642,0.0135863,0.0124737,0.0346138,0.0145491,0.0262772,0.00551625,-0.00307807,0.00955401,0.064047,-0.0188934,0.0102398],[0.106785,0.111254,0.0610524,0.00999301,0.321557,0.258916,0.027962,-0.0207357,0.0530379,-0.0617152,-0.00349926,0.0193602,-0.00525475,0.0262884,0.0145491,0.152899,0.0407865,-0.0117405,-0.0146315,0.0114874,-0.0695959,-0.283156,0.019807],[0.0195755,0.0117664,0.0370481,0.0024446,0.0643744,0.0459108,0.0969624,-0.0145261,-0.0126025,0.00813542,0.000730388,0.00927004,0.00784456,0.0161491,0.0262772,0.0407865,0.152305,-0.0185528,-0.00639338,0.0654737,0.398942,-0.0657994,0.0127795],[-0.0127007,-0.0033451,-0.0150853,-0.00831888,-0.0264055,-0.015172,-0.00794652,0.0064134,-0.0738694,0.0108986,-0.0025733,0.00278885,0.0100828,0.00256643,0.00551625,-0.0117405,-0.0185528,0.0984852,-0.0208467,-0.0043667,0.0543031,0.0469956,-0.000178803],[-0.0352126,-0.0124707,-0.0933347,0.0195873,-0.0631488,0.00360059,-0.0104054,0.00138116,-0.00498999,-0.00958472,0.00412865,-0.00474287,-0.00183677,-0.000913188,-0.00307807,-0.0146315,-0.00639338,-0.0208467,0.251862,-0.00981062,-0.353258,0.0530868,-0.00097631],[0.00864731,-0.00445019,0.0265264,-0.00216302,0.0299252,0.00769226,0.0423955,-0.00372444,-0.00812819,0.0146512,0.00087443,0.00516917,0.00625036,0.00810864,0.00955401,0.0114874,0.0654737,-0.0043667,-0.00981062,0.0498091,0.170202,-0.021711,0.00619428],[0.147896,-0.082215,0.569095,0.0837029,-0.0212915,0.0562155,0.539808,-0.0275011,-0.427346,-0.376706,0.0506042,0.00393205,0.0731084,-0.0128205,0.064047,-0.0695959,0.398942,0.0543031,-0.353258,0.170202,13.835,1.16727,0.0015271],[-0.299611,-0.405379,0.0166512,-0.0545937,-0.867049,-0.603772,-0.0053514,0.0007351,-0.0495944,-0.153487,0.0145454,0.0119317,0.0436637,0.0133226,-0.0188934,-0.283156,-0.0657994,0.0469956,0.0530868,-0.021711,1.16727,1.57656,0.00581185],[0.0126054,0.00234536,0.0180385,0.00267457,0.0249248,0.0222475,0.00944491,-0.00436347,-0.00257176,-0.00623251,-0.0018024,0.0144811,0.00399808,0.0190951,0.0102398,0.019807,0.0127795,-0.000178803,-0.00097631,0.00619428,0.0015271,0.00581185,0.0192233]],"n":23,"lags":3}