{"betahat":[[-0.422383,-0.599978,0.178956,0.214831,-1.85365,-1.37624,0.523117,0.0467098,-0.124283,-0.0274549,0.000915153,8.21511,0.065305,-0.0320437,1.79397,0.647326,2.59013,-0.0931347],[0.917555,-0.110087,-0.128754,-0.000266221,0.0458898,-0.00503792,0.00275582,-0.0108111,0.000325815,-0.0111132,-0.000423285,-0.575352,-0.00802225,-0.0291468,0.156918,-0.432762,-0.096273,0.00570587],[0.0345945,0.952766,0.0311539,0.0354195,0.320722,0.371419,-0.0297324,-0.0614077,0.0162436,-0.0138077,-5.68226e-05,-0.102702,0.021658,-0.0139956,0.324673,-0.0789211,0.122986,0.00886127],[0.0296312,0.0585813,1.06196,-0.00742801,-0.0167472,-0.098587,-0.0194311,-0.00509855,0.0357826,0.0250819,-0.000146651,1.18328,0.00613282,-0.00275699,0.537254,0.0290913,-0.186563,0.0211863],[0.178097,0.277446,-0.370369,1.18245,0.163663,-0.363677,0.0732573,0.0261753,-0.11712,0.0427152,0.00317341,4.18962,0.0234171,-0.0452997,0.25848,0.336644,0.111648,-0.0645078],[0.00981218,0.0162267,0.00771112,-0.0241484,0.904156,0.0484635,0.0222365,0.00838679,0.00692523,0.0118277,-0.000256091,0.652888,0.00822805,0.0111843,-0.0972848,-0.0212953,0.027668,0.0106602],[-0.0191414,-0.00485298,0.0167664,-0.0224128,-0.0192508,0.879466,0.00200345,0.000592688,0.0166039,0.0143795,0.000277,-0.335075,0.0181833,0.0346873,-0.231534,-0.139371,0.0901684,0.00926417],[0.0197161,0.0274036,-0.0486073,0.0222535,0.258197,0.220533,1.00122,0.058641,0.0750093,-0.0228927,0.000656874,0.599154,-0.00900168,-0.0115945,-0.93276,-0.402415,-0.768128,0.0612912],[0.0674861,0.132853,-0.240795,0.0451724,0.646945,0.191225,-0.0881966,0.943066,0.0793943,-0.0088004,0.00418552,-2.21827,0.216596,0.0466198,2.91493,0.756476,-0.531695,0.147535],[-0.108636,-0.213261,0.0125122,-0.0285652,-0.472019,-0.678544,0.0361713,-0.0549033,1.10194,-0.0283948,-0.00216158,-2.8691,-0.0964623,-0.0610189,-0.935628,-0.529377,-0.297655,0.079279],[0.1545,-0.0686667,0.259343,0.0269843,0.372059,0.282476,0.303037,-0.0978864,0.136963,1.14704,0.000783313,4.68096,0.0327201,0.0276555,1.65228,0.167063,0.663756,0.0869314],[4.37819,-3.09861,4.11113,-3.61805,26.4791,-1.33995,4.19277,-0.944954,-1.34469,0.712841,1.20426,240.39,-0.089806,-8.8917,189.807,43.6807,24.8571,-0.552719],[-0.00167596,-0.00246159,0.00174859,-0.00208957,-0.00507415,0.00293399,-0.000466369,-0.00198558,-9.1493e-05,-0.00195229,-1.82069e-05,1.02788,-0.000221311,0.00166502,-0.0469573,-0.00978316,0.00196466,-0.000139729],[0.0234027,-0.00999707,-0.111145,-0.0531409,-0.495119,-0.225554,-0.0827994,0.0844954,0.0834965,-0.0557529,0.00311715,-3.38246,0.970497,-0.0509887,-0.0506283,0.15031,-0.830961,0.109131],[-0.112084,0.0356794,-0.274781,0.0734412,-0.560635,-0.428293,-0.104751,0.0151481,-0.164699,-0.000359857,-0.000672427,-6.16915,-0.0313156,0.984466,-2.22244,-0.317463,-0.256092,-0.0852046],[0.0120567,0.00182186,0.00978847,-0.00119927,0.0415521,0.0355676,-0.00107917,-0.0014445,0.00434021,0.00411616,6.53534e-05,-0.0310621,0.00867448,0.00587911,1.05715,0.021231,-0.00285607,0.0034474],[0.109789,0.125464,0.148592,0.0440156,0.333801,0.285687,0.0309275,-0.0179894,0.0283111,0.00768036,-0.000366548,0.924959,0.00265665,-0.0188645,0.511076,0.710857,0.149363,0.023958],[0.0331082,0.0462621,0.00759442,0.0204347,0.00824535,0.0521711,0.0277714,-0.0165089,0.00762289,0.0200287,-0.000465012,0.072552,0.0150846,0.0107897,0.116108,0.0787232,0.384406,0.00231845],[0.304908,0.184325,0.489944,0.0105293,0.601242,0.0416172,0.0151871,-0.0944731,0.174794,-0.0217028,0.00261615,-0.54128,0.00179112,0.00829354,1.78841,0.794745,0.123254,1.18321],[0.0223305,-0.0263895,0.174438,-0.0314305,0.0551991,0.138761,-0.0172247,0.00202457,0.00841143,0.00290312,0.00021126,0.30277,0.00168263,0.016091,0.0361252,0.335211,0.169021,0.00882951],[-0.105397,-0.111249,-0.00407393,-0.080478,-0.204826,-0.239704,0.0344214,0.0427656,0.00856275,0.0172613,0.000203542,0.374815,-0.00540744,0.0211465,-0.0157598,0.114325,0.0958626,0.0100157],[0.00517874,-0.00455216,-0.0302637,0.0356263,0.0803908,0.0850928,-0.0070591,-0.00569397,-0.0266313,-0.0465982,-0.000361834,-0.674885,-0.0383488,-0.0371958,-0.159678,-0.0487906,0.105595,-0.0207945],[-0.14623,-0.196085,0.171706,-0.157698,0.138511,0.350025,0.102577,-0.0149767,0.0500999,-0.0175424,-0.00213494,-0.58826,-0.00586102,0.0230612,-0.00593996,-0.324062,0.400004,0.0448117],[-0.0141835,-0.0274965,0.0191372,-0.0024468,0.0805176,0.027478,-0.00559651,-0.00920591,-0.00540824,-0.00391512,0.000251286,-0.207257,-0.0013821,-0.00399135,0.101287,-0.032147,0.000516042,-0.0019873],[0.0130027,0.00621562,0.00301533,-0.00131759,0.0235809,0.12362,-0.000396437,-0.00429788,-0.0140579,-0.0108935,-8.7822e-05,0.077337,-0.014525,-0.0271748,0.17351,0.115878,-0.083477,-0.00900173],[-0.0325853,-0.0336924,-0.0285003,-0.00349049,-0.189806,-0.247553,-0.0545204,-0.0265435,-0.0282024,0.0321921,-0.000338975,-2.0732,0.0355057,0.0547513,0.360502,0.169296,0.568115,-0.0269756],[-0.078243,-0.159117,0.148186,0.0331242,-0.431222,-0.285347,-0.0963238,0.0801197,-0.105066,-0.0532008,-0.00157582,-2.88258,-0.176836,-0.00462398,-3.14337,-0.888167,0.305286,-0.130756],[0.0424923,0.107215,-0.189459,0.0205288,0.268067,0.340851,0.0699559,0.0596309,-0.10645,0.0375556,0.00133535,2.28842,0.0834114,0.15849,-0.537601,0.176318,0.479114,-0.0786284],[-0.192217,-0.0951518,-0.119163,0.0225442,-0.135702,-0.162152,-0.165352,0.0516949,-0.0977111,-0.161928,-0.000730276,-4.76003,-0.0893312,-0.0838503,-2.33344,-0.295015,-0.34884,-0.0747697],[1.80192,0.45192,1.92008,3.15122,-5.04672,7.16864,2.693,0.753111,3.88969,1.3863,-0.29684,-30.6093,2.34954,3.5336,-50.3795,-6.21515,-1.21538,2.97909],[0.000185212,0.00010385,-0.00115775,0.00168983,0.00635951,0.00319994,-0.00146483,0.00125073,-0.00149479,0.000469562,-2.39935e-05,-0.0719346,-0.000859796,-0.000540039,0.0109777,0.00558818,-0.00179002,-0.00106266],[0.0711493,0.0524662,0.33022,0.0225414,0.808046,0.430489,0.0437957,-0.0789942,-0.050165,-0.0223591,-0.000695038,0.108537,-0.0267183,0.00910648,-0.194022,-0.138375,0.42091,-0.064587],[0.168353,0.00570067,0.301308,-0.019088,0.474342,0.37524,0.097729,-0.0336434,0.208727,-0.00682285,-0.000182291,5.52579,0.0282084,0.04312,1.81653,0.341209,0.341654,0.0951775],[-0.011,-0.00368789,-0.00701927,-0.000532888,-0.0283544,-0.0229684,-0.00365393,0.000492544,-0.00703674,-0.0059302,5.07212e-05,-0.106962,-0.0109277,-0.00255161,-0.10634,-0.0293008,-0.0163204,-0.00456903],[-0.0280281,-0.0132802,-0.0563461,-0.00375973,-0.198081,-0.0656386,-0.011375,0.00971101,-0.00987723,-0.00710943,-0.000213266,-0.145103,-0.0102037,0.00666137,0.01297,0.168025,0.0230702,-0.0192131],[0.016208,0.0264188,-0.0057589,0.012684,0.0584714,-0.0103432,0.0474339,0.00944776,0.0169081,0.0208607,-2.98481e-05,0.231915,0.0157969,0.012397,-0.0467702,-0.0214149,0.328736,0.0143893],[-0.205885,-0.0692714,-0.376958,0.00226886,-0.383637,-0.0228339,0.0739832,0.0762282,-0.124134,0.0448701,-0.00183346,-0.538031,0.0562794,0.0581808,-0.852075,-0.429082,0.315169,-0.112552],[0.0601093,0.136471,-0.0456893,0.031693,-0.101085,-0.133724,0.0144698,0.00878674,-0.00873953,0.00820947,0.000212124,0.272466,0.00633822,0.0130566,-0.193073,0.0975216,-0.0727426,-0.0145364],[0.0707983,0.158477,-0.027084,0.0450544,-0.115886,-0.131713,-0.00468721,0.0186419,-0.0248085,-0.00345358,-0.000146611,-0.272221,-0.0162519,-0.0071501,-0.308946,-0.0354343,-0.218842,-0.0188778],[-0.0348214,-0.0540391,-0.0317066,-0.0282033,-0.0636584,0.01347,0.0264977,0.0107919,-0.00915299,0.0215175,0.000508561,-0.508367,0.0322146,0.039953,-0.377578,0.0196716,0.0810058,-0.000392481],[-0.0318704,-0.0813626,0.198654,-0.0247569,-0.302156,0.0136595,-0.175834,-0.0111978,0.0670162,-0.0251725,-0.00103825,-3.60156,-0.0175564,0.0222408,-0.252572,-0.0126231,-0.511651,0.0196948],[0.00436406,0.0112635,-0.0268534,0.0265875,0.0153298,-0.0759544,-0.0166456,0.000817995,-0.00152258,-0.00791267,5.05715e-06,-0.44598,-0.00684736,-0.00719009,-0.00403822,0.0533764,-0.028206,-0.00867548],[0.0061324,-0.00136953,-0.0197881,0.0237234,-0.00431756,-0.003108,-0.00160893,0.00370282,-0.00255084,-0.00348508,-0.000188923,0.257427,-0.00366009,-0.00751027,0.0579781,0.0234256,-0.00670254,-0.000264483],[0.0128948,0.00627776,0.0771015,-0.0187795,-0.068165,0.0271585,0.0532749,-0.0321072,-0.0468214,-0.00928474,-0.000316497,1.47343,-0.0264905,-0.0431374,0.572539,0.23299,0.199933,-0.0343104],[0.034186,0.0542706,0.118231,-0.067829,-0.157403,0.174124,0.157574,-0.0286694,0.0276142,0.0546228,-0.00275121,4.82103,-0.0410911,-0.0440528,0.233066,0.171224,0.0952785,-0.0153855],[0.0150916,0.0554951,0.00669958,0.00253614,0.108237,0.111673,-0.101253,0.000614667,-0.0400369,-0.00237393,-0.000409745,0.929053,-0.00115822,-0.0838579,1.17572,0.22313,-0.0684891,-0.0453571],[0.0637979,0.169271,-0.145007,-0.0258977,-0.0994628,-0.0145479,-0.122631,0.0696261,-0.0368921,-0.01298,-5.2815e-05,0.421037,0.0285391,0.023344,0.849992,0.143871,-0.376664,-0.0121586],[-6.18008,2.64672,-6.03118,0.466849,-21.4323,-5.82855,-6.88575,0.19184,-2.545,-2.09914,0.0925837,-209.78,-2.25973,5.3581,-139.427,-37.4655,-23.6417,-2.42636],[0.00150456,0.00239921,-0.0012467,0.000374082,-0.000532955,-0.00553694,0.00185789,0.000731214,0.00161364,0.00138341,3.98481e-05,0.0285088,0.000921477,-0.000956634,0.0329598,0.00316102,-0.000405792,0.00117641],[-0.0427241,-0.000787546,-0.114197,0.01534,-0.24214,-0.14949,0.017488,-0.0132281,-0.0248475,0.0659127,-0.00222756,2.93353,0.0333089,0.00913591,0.458088,0.132523,0.27288,-0.0350154],[-0.0423639,-0.0166234,-0.0155601,-0.0503055,0.0763715,0.0521574,0.00401913,0.0217016,-0.0401964,0.00505616,0.00063095,0.65808,-0.00350911,-0.0514015,0.435857,-5.92783e-05,-0.168636,-0.0103444],[-0.00109053,0.00182452,-0.00286112,0.00164368,-0.0127229,-0.0125911,0.00465551,0.000872434,0.00262248,0.00185192,-0.000111898,0.132524,0.0022422,-0.00319949,0.04834,0.00753662,0.0193965,0.00110738],[-0.0198754,-0.0387221,-0.0171155,-0.0126178,0.0576455,-0.00911767,0.0143936,-0.000976908,-0.00396979,0.00870529,0.000102227,-0.0692013,0.0127277,0.026677,-0.496605,0.0502399,0.0103485,0.00482397],[-0.00456852,-0.00239373,-0.0106224,-0.0097681,-0.00415648,0.0413972,-0.0121875,0.00262027,0.00518755,0.0017503,2.02344e-06,-0.212564,0.00405608,0.00279521,0.0119618,-0.0131903,-0.0378337,0.00606969],[-0.0985985,-0.108435,-0.0579429,-0.0328928,-0.29845,-0.0593073,-0.0988771,0.0192585,-0.0472842,-0.0111723,-0.00140876,1.50626,-0.0384133,-0.0618015,-0.404483,-0.257353,-0.39198,-0.0767119]],"sigmahat":[[0.214043,0.21386,0.12644,0.0561187,0.438857,0.370917,-0.0130511,-0.00623996,0.00696341,0.00179593,-1.89416e-05,0.331405,0.010499,0.00719161,0.152932,0.102787,-0.200226,0.00863453],[0.21386,0.362977,0.0156129,0.0763102,0.323921,0.360329,-0.0246696,0.00175507,-0.00478016,-0.0058753,-0.000105691,-0.207169,0.0119788,0.00306076,0.0973132,0.079076,-0.324986,0.00154037],[0.12644,0.0156129,0.432319,-0.0113834,0.293851,0.310098,-0.02482,-0.0372743,0.021886,0.00751749,-0.00012238,0.541363,-0.00190596,-0.0081368,0.437641,0.193977,-0.0969648,0.0157408],[0.0561187,0.0763102,-0.0113834,0.065355,0.106231,0.0810622,-0.0151212,0.00602419,-0.00499158,-0.0098647,-0.000155546,-0.242296,-0.0048515,-0.00501378,-0.034068,0.000387991,-0.0652224,0.00162762],[0.438857,0.323921,0.293851,0.106231,1.95106,1.26111,0.0110972,-0.0276434,0.02951,0.00212564,-0.000180257,-0.347518,0.0263446,0.068367,-0.340903,0.0699225,-0.201226,0.021085],[0.370917,0.360329,0.310098,0.0810622,1.26111,1.67062,-0.0523968,-0.0201815,0.024663,0.0170591,-0.000536246,-1.15451,0.0525391,0.0806349,0.00527582,0.255714,-0.348695,0.0279839],[-0.0130511,-0.0246696,-0.02482,-0.0151212,0.0110972,-0.0523968,0.200932,-0.00276738,0.0197504,0.0369529,-0.000291549,2.89602,0.0358095,0.0178711,0.398531,0.054906,0.574958,0.0166661],[-0.00623996,0.00175507,-0.0372743,0.00602419,-0.0276434,-0.0201815,-0.00276738,0.0261931,-0.00337438,0.00264502,0.000144538,-0.278926,0.00386626,0.00553253,-0.0967415,-0.0616109,-0.0117676,-0.000210299],[0.00696341,-0.00478016,0.021886,-0.00499158,0.02951,0.024663,0.0197504,-0.00337438,0.0350561,0.0126666,-0.000405898,0.695283,0.0127205,0.000203938,0.300645,0.0660895,0.0288537,0.0213204],[0.00179593,-0.0058753,0.00751749,-0.0098647,0.00212564,0.0170591,0.0369529,0.00264502,0.0126666,0.0499882,-0.00022943,1.08761,0.0492592,0.0290973,0.280389,0.0419603,0.142508,0.0118699],[-1.89416e-05,-0.000105691,-0.00012238,-0.000155546,-0.000180257,-0.000536246,-0.000291549,0.000144538,-0.000405898,-0.00022943,3.97198e-05,-0.00980958,-0.000320331,0.00015451,-0.00577336,-0.00219524,-0.000961183,-0.00012454],[0.331405,-0.207169,0.541363,-0.242296,-0.347518,-1.15451,2.89602,-0.278926,0.695283,1.08761,-0.00980958,129.793,1.29261,-0.275639,29.0282,5.6032,9.43645,0.659119],[0.010499,0.0119788,-0.00190596,-0.0048515,0.0263446,0.0525391,0.0358095,0.00386626,0.0127205,0.0492592,-0.000320331,1.29261,0.0729895,0.0408883,0.34711,0.0705246,0.125356,0.0161643],[0.00719161,0.00306076,-0.0081368,-0.00501378,0.068367,0.0806349,0.0178711,0.00553253,0.000203938,0.0290973,0.00015451,-0.275639,0.0408883,0.0739983,-0.441419,-0.0638186,0.0978521,-0.000139699],[0.152932,0.0973132,0.437641,-0.034068,-0.340903,0.00527582,0.398531,-0.0967415,0.300645,0.280389,-0.00577336,29.0282,0.34711,-0.441419,17.7086,2.63735,1.28873,0.247155],[0.102787,0.079076,0.193977,0.000387991,0.0699225,0.255714,0.054906,-0.0616109,0.0660895,0.0419603,-0.00219524,5.6032,0.0705246,-0.0638186,2.63735,1.56049,0.209634,0.0599189],[-0.200226,-0.324986,-0.0969648,-0.0652224,-0.201226,-0.348695,0.574958,-0.0117676,0.0288537,0.142508,-0.000961183,9.43645,0.125356,0.0978521,1.28873,0.209634,3.61767,0.0218262],[0.00863453,0.00154037,0.0157408,0.00162762,0.021085,0.0279839,0.0166661,-0.000210299,0.0213204,0.0118699,-0.00012454,0.659119,0.0161643,-0.000139699,0.247155,0.0599189,0.0218262,0.0239356]],"n":18,"lags":3}