{"betahat":[[1.27194,-0.144987,4.97341,-2.49603,-5.69626,-3.84786,8.8218,-0.291549,11.9242,3.2353,-0.720975,-0.734558,1.80142,-0.780199,2.12746,1.12429,11.9341,40.8639,35.5239,7.64809,-6.04431,1.61378,-1.4974],[0.883987,-0.0944778,-0.16202,-0.00051557,0.166082,0.0255311,-0.0363954,-0.00387419,-0.0116272,0.074861,0.0108291,0.00444597,-0.044765,-0.00569031,-0.0257611,-0.00816285,-0.0534374,0.00371197,-0.0340963,-0.0147568,-0.51608,0.273013,-0.00882944],[-0.0364978,0.872999,-0.100291,0.026707,0.0738752,0.15807,-0.0137244,-0.0598516,0.038819,-0.211521,-0.0277613,0.0256266,-0.0413798,0.0319109,0.00228435,-0.0854987,-0.015208,0.0129447,0.00672136,-0.00241155,0.472749,0.19478,0.027319],[0.0702225,0.105801,1.01511,-0.00336044,0.140517,0.0984665,0.00606864,-0.006026,0.102444,0.0786354,0.000791629,0.027712,0.000173669,0.0443679,0.0233761,0.0798685,-0.0292161,-0.0439004,-0.170398,-0.00664387,-0.262989,-0.352066,0.0338234],[0.311721,0.410049,-0.169086,1.1794,0.251145,0.0233341,-0.0020783,0.0132109,-0.256276,0.383803,0.0193568,-0.043743,0.0408055,-0.0999429,-0.0160727,0.182121,-0.0161809,-0.0800211,0.284687,-0.0525624,0.290384,-1.0911,-0.0705091],[-0.0179283,-0.00929826,-0.00384046,-0.0299765,0.785661,-0.0654436,0.0194659,0.0134182,0.0132129,0.0330036,0.00984192,0.00743844,0.0213919,0.012433,0.00179867,-0.00873356,0.0233986,0.00187007,0.00389632,0.0102182,-0.0535789,0.10153,0.00796121],[-0.056679,-0.0364182,-0.00582048,-0.0142261,-0.13785,0.732659,1.79092e-05,0.00117919,-0.0538019,0.0469554,-0.00465083,-0.00307646,0.0130939,0.00348059,0.0110821,-0.0254225,0.0142852,-0.000416866,0.00596454,0.00783409,0.138411,0.0246016,0.00440251],[0.0789872,-0.0286191,0.135713,-0.0251295,0.476919,0.41757,1.0691,-0.0139959,0.228637,-0.165474,0.00167879,0.0703625,0.0129669,0.0802425,-0.00281359,0.111243,0.162275,-0.0645583,0.117927,0.0752798,-0.742647,-0.262081,0.0706842],[0.065987,0.198509,-0.113202,0.0219725,0.315519,0.143916,-0.360045,0.922005,-0.0843242,-0.798371,0.0441668,0.0390708,-0.0213476,-0.0193103,-0.0403628,0.0859987,-0.437776,0.0707352,0.0897544,-0.241677,-0.328581,-0.0704337,0.00532238],[0.0371665,-0.0135853,0.124047,0.00826998,0.0949295,0.0815214,-0.0872497,-0.0110984,1.26831,0.00552369,0.00343689,-0.00479998,0.00765217,0.003237,0.002758,0.0568325,-0.0171386,-0.0879012,0.0200029,0.00972015,-1.45069,0.00136192,0.00831995],[0.0126718,-0.0125795,0.0713003,-0.00661207,-0.124219,-0.0989891,0.027596,-0.00526066,-0.0534163,1.01572,-0.00666806,0.00735489,0.00390669,0.0163211,0.0189752,0.0206911,-0.0144687,0.0681622,-0.0223546,0.0104442,0.283782,0.067466,0.0299939],[0.0139192,-0.244976,0.168202,0.033998,-0.158745,-0.878216,-0.398387,-0.108118,-1.24172,-1.04444,0.808919,-0.332153,-0.183093,-0.470603,-0.289771,-0.43218,-0.476343,0.420253,0.220662,-0.327157,-0.19269,2.47329,-0.255546],[0.322026,0.416184,0.601162,-0.120702,0.110212,0.201415,0.0187261,-0.0597002,0.329256,0.0142077,-0.0136193,0.988588,0.0551013,0.000786903,0.0154817,0.257958,-0.10781,-0.0526214,-0.119194,-0.0748611,-0.813579,-1.01292,0.0441228],[0.0708128,-0.0379115,0.32493,-0.00763917,-0.558736,-0.100144,0.371321,-0.0494174,-0.144007,0.518631,0.0397376,0.0340825,1.11208,0.147746,0.20747,-0.121502,0.364902,-0.223096,0.256761,0.067961,3.88925,-0.191528,0.235055],[0.130751,0.0441998,0.00786976,0.0596258,0.353974,-0.308125,0.0264475,-0.0781159,-0.310938,0.447773,-0.0400115,0.286618,-0.0319089,1.15293,-0.00514035,0.0281265,0.0675598,0.305927,-0.401748,0.0634586,-2.4892,-0.276179,0.22929],[0.610077,0.383134,0.270752,0.120229,1.3644,0.835427,-0.00231157,-0.0292747,0.120873,0.406355,-0.0721235,0.247309,-0.0374301,0.226102,0.943611,0.676894,-0.0403762,0.0283004,-0.170431,0.17252,1.17259,-0.431678,0.0604554],[0.170564,0.13809,0.357581,-0.0243218,0.318634,0.670502,0.151513,-0.0416613,0.288592,-0.324617,-0.016684,0.0231501,0.0121762,0.0259532,0.0366093,1.09898,0.198947,-0.0625907,0.0467356,0.0800438,0.707498,0.0864339,0.0198476],[0.0443899,-0.00446016,0.0549883,-0.0083386,-0.0832291,0.0511742,-0.00916517,-0.00413148,0.0788453,-0.013523,-0.00194847,0.0523572,0.0620299,0.06361,0.0756025,0.0277516,0.911274,0.0347084,0.0366095,-0.119249,0.369083,-0.00505303,0.0518069],[0.0890854,0.286662,-0.486182,-0.00301909,1.06386,0.585989,-0.0432569,0.0446977,0.0522,-0.199249,0.0776392,-0.0513577,0.155389,-0.0423015,0.0855343,0.107256,0.178376,0.472711,0.0522719,0.0258192,-0.391105,-1.08817,-0.0556298],[-0.345266,-0.419358,-0.0139004,-0.144461,-0.722119,-0.308883,-0.134633,0.00490953,0.105538,0.332995,-0.0133321,0.0363438,-0.0261493,-0.00428271,-0.00183936,-0.238896,-0.194194,-0.0668603,0.869636,-0.0644963,-2.00319,0.581229,0.0204426],[-0.189534,0.0721193,-0.298619,0.0902051,-0.634329,0.0514459,-0.467279,-0.000820519,0.411209,0.04263,-0.00794161,-0.144106,-0.132312,-0.184696,-0.143187,-0.242561,-0.771247,0.0967911,-0.271689,0.209268,-3.04464,-0.114689,-0.113482],[0.00276316,0.0147243,-0.00111799,-5.12617e-05,0.0183293,0.0151608,0.00744043,-0.00136887,0.0409684,0.00384123,-0.000871052,-0.0005017,0.00908188,0.000442221,0.00730671,0.0149718,0.0230379,0.00396833,-0.0320825,0.0139791,-0.197309,-0.0747366,-0.00105958],[0.0374375,0.0422032,0.0415831,0.00493116,0.0329002,0.0356532,0.00863591,-0.00656852,0.0149037,-0.0855565,0.0068847,0.01043,-0.00784799,0.0114502,-0.0159397,0.0493999,0.0318364,-0.00194858,-0.00884837,0.017297,-0.173629,0.854083,0.0105606],[-0.691645,-0.647259,-0.457909,0.0158904,-1.16445,-0.915448,-0.256298,0.0195513,-0.665124,-0.682182,0.0860437,0.0105534,-0.0923658,-0.0663421,-0.123961,-0.535296,-0.376589,-0.0256672,0.362818,-0.196134,-0.223772,1.08747,0.812076],[0.0624631,-0.0496729,0.16007,-0.0485313,-0.0815929,0.115761,0.0138126,-0.0124084,-0.00765724,-0.157532,-0.0101214,0.00501253,0.0262814,0.0101154,0.0132055,0.00432457,0.033814,-0.0101486,-0.0637578,0.000888464,0.0400532,-0.103945,0.0207887],[-0.0508413,-0.0606448,0.0621629,-0.0805599,-0.0396982,-0.135566,0.029697,0.0383998,-0.0804754,0.196492,0.00709196,-0.0130743,0.0377027,-0.0181076,0.0160289,0.0617868,0.0490603,-0.0066063,-0.0689785,-0.00233884,-0.493109,-0.160114,-0.0109865],[-0.0215337,-0.0420562,1.2248e-05,0.0313661,-0.005549,-0.0482483,-0.0291973,-0.0103371,-0.0234669,-0.00908582,-0.00408859,-0.0160403,-0.0193899,-0.0295134,-0.0374563,-0.051554,-0.00479727,0.00943402,0.0688954,-0.00319392,0.14252,0.26409,-0.0116133],[-0.247123,-0.300618,0.0350453,-0.14536,0.279528,0.19789,0.163167,-0.0115876,-0.0166663,-0.354562,-0.00302569,0.00828819,-0.0445424,0.0253363,0.00461011,-0.019414,0.172013,-0.0139549,-0.275991,0.0829418,1.56663,0.417888,0.0196039],[0.00139919,-0.0041923,0.00620091,0.00834391,0.161418,0.0966245,-0.00887994,-0.00965795,-0.00288077,-0.0463871,-0.00394838,-0.00495613,-0.0164836,-0.0090431,-0.00520814,0.00348338,-0.00635943,0.00146464,-0.00311978,0.00416371,-0.180266,-0.0438431,-0.00655493],[0.0127467,0.0197399,-0.00847768,-0.00747258,-0.00849889,0.12366,-0.00713224,-0.00370011,0.0411429,-0.0408983,0.00311324,-0.00790326,-0.0114511,-0.0159756,-0.0160612,0.0139829,-0.0205012,0.00617529,-0.00282201,-0.0179241,-0.188532,0.00952629,-0.00911452],[-0.0932661,0.0115986,-0.17488,0.0208428,-0.451152,-0.402466,-0.0933271,0.0117373,-0.321954,-0.0244698,0.00492899,-0.0474881,0.0010616,-0.0470199,0.00248461,-0.077918,-0.0806638,0.0765348,-0.0622049,-0.0541164,-0.604954,0.120331,-0.0354974],[0.102586,-0.106048,0.33188,0.0833692,0.365912,0.212092,-0.115768,0.0536485,0.166624,0.207665,-0.0399207,0.019623,-0.0777377,-0.0161064,-0.0316438,0.112214,-0.0350965,0.0168326,0.0417053,0.109557,0.121863,-0.407635,0.00572612],[-0.0152321,0.0248815,-0.0537079,-0.0110029,0.00834401,-0.0518556,0.0619182,0.0074612,-0.207308,-0.0186175,-0.000679445,-0.00184518,0.00657226,-0.0034367,0.0128624,-0.0108018,-0.0246768,0.0495313,-0.0381845,-0.0416694,1.39775,-0.00714871,-0.00977556],[-0.0638446,-0.0892239,-0.0685847,-0.0122426,-0.00517019,-0.0513395,-0.0407801,0.00162264,0.012589,-0.094784,0.0120062,-0.0107709,-0.0138706,-0.0166738,-0.0292443,-0.0527524,-0.0211377,-0.00823064,0.0404591,-0.0125319,-0.316713,0.110859,-0.0221826],[-0.191254,-0.0250324,-0.306688,-0.14158,0.0491821,0.246675,0.216382,0.108359,0.828243,1.19654,-0.12281,0.295678,-0.232228,0.100991,-0.0263743,0.435352,0.543067,0.390808,-0.181414,0.393798,-3.97187,-0.287479,-0.0259319],[0.0100502,-0.0263377,-0.159826,-0.00303058,0.269061,0.262557,-0.0379573,0.0012709,0.0985162,0.0885974,0.00846652,-0.139818,0.00370313,-0.0863352,0.0422799,0.0900476,0.074312,0.000732527,0.0731822,0.0907548,-0.168134,-0.185104,-0.0770875],[0.0632879,0.0721783,-0.118214,0.1042,0.661806,0.408893,-0.167498,0.0642519,-0.0484909,0.227274,0.0290439,0.00859959,-0.105378,-0.0431745,-0.149117,-0.0689995,-0.218401,-0.176537,0.082055,-0.0904286,-1.91823,-0.644137,-0.0498792],[-0.163344,-0.0323286,-0.377509,-0.0681156,-0.593806,-0.214164,0.0516974,0.0767338,0.0589614,-0.0713873,0.0134909,-0.110337,0.0497282,-0.0662026,0.0295727,-0.133578,0.0626538,-0.0972814,0.00551067,0.0359578,1.29078,0.408602,-0.07737],[-0.298613,-0.216333,0.0192459,-0.00685104,0.022003,-0.362272,-0.0699745,-0.00712397,-0.00974006,-0.0115677,0.0286177,-0.125634,-0.0382153,-0.130405,-0.156261,-0.324293,-0.0197483,0.00755092,0.173564,-0.122568,-1.24111,0.399608,-0.103754],[-0.148891,-0.148923,-0.217694,0.00502944,-0.203664,-0.337697,-0.0759323,0.0369768,-0.285621,0.261273,0.013762,-0.0262043,0.00459756,-0.0151451,-0.021422,-0.101619,-0.0760134,0.0852261,-0.033116,-0.0434066,-0.365915,-0.00346,-0.0141093],[-0.059613,0.00288223,-0.0458831,0.0017291,0.0604209,-0.0677261,0.0271721,0.0125652,-0.233779,-0.0270709,0.00926008,-0.0311342,-0.0234388,-0.0310933,-0.0370909,-0.0222222,0.117674,0.0141113,-0.0418244,0.13254,-0.378571,-0.00496149,-0.0268345],[-0.182601,-0.44046,0.195263,-0.0220717,-0.746186,-0.179434,0.150322,-0.0474752,-0.109887,-0.411973,-0.0467968,0.0617753,-0.103242,0.051768,-0.03964,-0.28158,-0.0146476,-0.0610445,-0.00822047,0.000681306,1.43775,1.40104,0.0429893],[0.308966,0.403667,-0.0637388,0.148826,0.763721,0.536037,0.132315,-0.0162219,-0.0400602,-0.33282,-0.00294338,-0.0419099,0.0268755,-0.0176553,0.0169098,0.264354,0.164844,-0.0648711,-0.137916,0.0363237,1.10403,-0.727138,-0.00752379],[-0.0576329,-0.0435958,-0.0395209,0.0374024,-0.0604158,-0.278595,0.19978,0.0367751,-0.695711,0.0964282,0.0129131,-0.0036339,0.0764562,0.00818286,0.0572421,-0.0990216,0.479651,0.122273,-0.210248,0.426383,0.243805,-0.1883,0.00360396],[0.0029072,0.0127144,0.0199918,0.00149841,-0.00197712,0.00636266,-0.0222761,0.000741322,0.0307422,-0.00797065,1.21919e-06,-0.000437012,-0.00328497,-0.00158693,-0.00474519,-0.000293323,-0.0226859,0.00558176,-0.0241835,-0.0142389,-0.147768,-0.0203014,-0.00197123],[-0.00151133,0.0177895,-0.0482273,0.0200343,-0.000946783,-0.0923859,-0.00489597,0.00363001,-0.0317386,0.0539758,-0.0020927,-0.0121539,-0.00513332,-0.0183078,-0.00235607,-0.029441,-0.0317218,-0.00154224,0.0261217,-0.0152762,0.375455,0.0430547,-0.00966805],[0.046589,0.0254757,-0.0607326,0.0869381,0.163328,0.299728,-0.0103059,0.0730611,-0.0408495,0.0997628,-0.016985,-0.125045,0.0538538,-0.077939,0.0408541,-0.0394299,0.0743201,0.106081,-0.120307,0.0935136,0.226625,0.0162895,-0.09841],[0.0534903,0.144082,0.0020486,0.0489837,-0.0846986,-0.141341,0.0223605,0.016266,0.0193091,0.0829595,-0.00071864,-0.00943332,0.0184512,-0.00438646,0.0125266,0.00382885,0.0193226,0.00657853,0.0977999,0.0137301,0.476106,-0.168708,-0.0119545],[0.0872104,0.187425,0.0381803,0.0537654,-0.0342666,-0.022806,-0.016102,0.021486,0.0417097,0.0151127,0.020713,-0.0125811,0.00369228,-0.0138262,-0.0184088,0.023416,-0.0341199,-0.0063184,0.0621743,0.0046031,0.0222713,-0.0341258,-0.0163382],[-0.0487854,-0.0638111,-0.0149891,-0.0280397,-0.135396,-0.0502633,0.0230483,0.0162548,-0.0788424,-0.0697059,0.00329391,-0.0116367,0.0191752,-0.0147862,0.0140607,-0.0283619,0.033967,0.0344819,0.101577,0.00974137,0.120323,0.0883504,-0.0221312],[-0.0645644,-0.109416,0.134036,-0.034037,-0.530775,-0.221135,-0.161435,-0.00156843,0.273021,-0.0291709,-0.0163276,0.0354798,0.0036968,0.074626,0.0114175,-0.162703,-0.156259,0.0941011,-0.00856761,-0.0306563,-1.85685,0.673539,0.0509115],[0.0161718,0.0129774,-0.00208758,0.0213879,0.0515958,-0.0325624,-0.0112113,-0.00370643,-0.0104754,0.0139274,-0.00588833,-0.00246701,-0.00512779,-0.0033943,0.00312791,0.00466726,-0.0179622,-0.00262779,-0.00167576,-0.0147719,0.233777,-0.0563204,-0.00139712],[0.0435641,0.016173,0.0143093,0.0214926,0.145271,0.142087,0.00665481,0.00262203,0.0125424,-0.00547707,0.00157504,0.0109732,-0.0017287,0.0124812,0.00481858,0.0107035,0.00534649,-0.00516895,-0.00386237,0.00966265,0.0536782,-0.0326045,0.00471742],[0.014119,0.0167178,0.0390957,0.00422162,-0.0258935,-0.0134848,0.0211203,0.00310158,0.094772,0.190948,-0.00651762,-0.0228971,-0.0143966,-0.0332411,1.05799e-05,-0.034118,-0.0856119,-0.0117825,-0.0550126,-0.0234098,1.34068,0.141812,-0.0352011],[0.0615458,0.0828891,0.0631126,-0.0630945,0.152836,0.226837,0.149973,-0.0584303,-0.140892,0.600253,0.00990954,-0.0174906,0.0353596,0.0601761,0.0190546,0.181688,0.0979239,0.322689,0.0277593,0.0516326,-0.845713,0.0885943,0.0297455],[-0.0230617,-0.0110217,-0.0727466,0.00270262,-0.105053,-0.0303831,0.0270402,0.00248534,-0.0621955,0.00882482,-0.00256715,0.00725875,-0.0130793,0.00131632,-0.014886,-0.0461824,0.0443804,0.0382124,0.0233745,0.0325248,0.0547549,0.00857253,0.00257791],[0.0505607,0.101522,-0.00299246,0.0189469,0.127586,0.152084,0.0117678,0.00379756,0.0413805,0.0739521,-0.0054233,0.00305446,0.00907581,-7.41392e-05,0.00950287,0.0317533,0.0338255,-0.0606149,-0.0166241,0.000848107,0.0330917,-0.175681,-0.00803201],[-0.240539,-0.313006,-0.346627,-0.130742,-0.798064,-1.01688,-0.00532446,0.0827948,-0.715038,0.896452,-0.0555722,0.0329369,0.146045,0.133791,0.209838,-0.721492,-0.0938506,0.53025,-0.0520694,-0.0531935,-1.65299,-0.198927,0.0564962],[-0.0277828,-0.111798,0.0992464,-0.00566804,-0.0748772,0.0720281,-0.0607747,-0.036873,-0.0623548,0.135297,0.0156106,-0.0471983,-0.00723649,-0.0323844,0.00398838,0.0688098,-0.0322401,-0.0155711,-0.0466477,-0.0256932,0.0948249,0.180412,-0.0142564],[0.0359463,-0.0266932,0.0177311,-0.0654269,0.149471,0.133826,0.00682277,0.0206197,0.230892,-0.783596,-0.0114339,-0.0206882,-0.00695801,-0.00472527,-0.00292692,0.138452,-0.0241314,-0.247056,-0.0669098,0.0367035,0.292877,0.0793998,-0.0386263],[-0.122755,-0.101956,-0.0149163,-0.00850648,-0.323698,-0.251137,0.00490375,-0.000782271,0.0809082,-0.121626,-0.00751665,-0.0143199,0.0220235,-0.0199563,0.0411164,-0.0464987,0.0157018,-0.162696,-0.0534532,-0.0180225,0.939807,0.475537,-0.00270191],[0.0432601,0.0602611,-0.0597698,-0.0542324,0.0945314,0.021024,0.104981,0.0142943,-0.0877807,-0.489628,0.00183313,0.00292468,0.0146305,0.00248524,0.0849403,0.0566727,0.132034,-0.147949,-0.0132025,0.0800194,0.567231,0.071487,0.0476863],[-0.022169,0.00970431,-0.138506,0.0186733,-0.115815,-0.33411,-0.0768174,0.00466882,-0.00278855,0.0637422,0.00294899,0.00308299,-0.0169101,-0.0108603,-0.015571,0.00103355,-0.124995,-0.0219858,-0.0156231,-0.0378559,-0.334846,-0.0797389,-0.00576329],[0.0147436,0.000807763,-0.00863399,0.00651933,0.022835,0.0177156,-0.0211633,-0.00743106,0.156112,0.0426921,-0.00719236,-0.0210584,-0.0387668,-0.0323122,-0.03874,-0.00643456,-0.0332483,-0.0479543,0.00594087,-0.0157444,0.00910663,0.0117829,-0.0248169],[0.083374,0.156816,0.263918,0.0212612,-0.366821,-0.472585,-0.105123,0.00739373,-0.0413126,0.653158,-0.0333343,-0.00342622,-0.0603885,-0.00188833,-0.0474799,0.1505,-0.180152,-0.278504,-0.0851609,-0.0284684,-0.712888,-0.278613,0.0185354],[0.0221779,0.0198444,-0.00662924,0.0271174,-0.0515849,-0.180251,0.0189068,0.0122422,-0.0969767,-0.0663739,0.0179269,-0.00416349,0.00808035,0.0147975,-0.0102037,-0.0113349,0.0610569,0.109083,-0.452572,0.0283041,0.758261,0.163531,-0.00919889],[0.0142004,-0.00245746,0.0843588,0.00568355,-0.129982,-0.0814182,0.077447,0.00522292,0.000908651,0.11861,-0.0161864,0.00963621,0.0260172,0.012149,0.0480551,0.00851318,0.0199257,0.0100409,-0.138162,-0.0151699,1.46084,-0.0373718,0.00409495],[0.00518428,0.00464791,-0.00728969,-0.00903866,0.0217701,0.0256087,-0.00506097,0.00022167,-0.0394594,-0.0242308,0.000173664,-0.000780054,0.00236249,-0.00279437,0.00269326,0.00417565,-0.0152101,0.0048504,-0.0120018,-0.00617703,-0.0778397,-0.0361639,-0.00117932],[-0.0241808,-0.0480992,0.00742797,-0.013871,0.0323165,0.0811704,-0.00621313,0.00217151,-0.00536959,0.0276469,-0.00196341,0.0053684,0.0109067,0.00972486,0.0158833,-0.0104569,-0.00301166,0.00582412,0.0184827,-0.010566,-0.204954,0.0303198,0.0020459],[0.200891,0.319273,-0.0782708,0.00515603,0.539046,0.398486,-0.0361467,-0.00964328,0.174207,0.104397,-0.0134243,0.0143218,-0.0342648,0.031372,-0.0181062,0.199911,-0.00191743,-0.0198393,-0.11315,-0.0175279,-0.579981,-0.544516,0.0582781]],"sigmahat":[[0.180774,0.147729,0.122655,0.0354844,0.440879,0.340775,0.00957891,-0.013173,0.0592062,-0.00817262,-0.0061149,0.0198625,0.00274982,0.0232521,0.0154309,0.13585,0.0198145,-0.0167792,-0.0426236,0.0122749,0.0884408,-0.313114,0.0176494],[0.147729,0.255394,0.00572519,0.0461594,0.254842,0.284328,0.00110559,0.000246927,0.0574646,0.00102005,-0.00656863,0.00317143,-0.00647593,0.00516974,0.00879287,0.125637,0.0139534,-0.000674357,-0.0232545,-0.00150655,0.00111456,-0.397138,0.00425418],[0.122655,0.00572519,0.419781,-6.41172e-05,0.337043,0.282178,0.0199929,-0.033569,0.110479,0.0188611,-0.00344997,0.0167917,0.0112087,0.0221595,0.0136954,0.10638,0.0312427,-0.0327319,-0.0890343,0.0284264,0.309064,-0.0434085,0.0132564],[0.0354844,0.0461594,-6.41172e-05,0.047709,0.0888188,0.0782186,-0.00717398,0.00394992,0.00898911,0.0105336,-0.0010591,0.00401782,-0.00190908,0.00225178,-0.000491355,0.0186808,0.00350579,-0.00869453,0.0135702,-0.000415452,0.0832869,-0.0701797,0.00216693],[0.440879,0.254842,0.337043,0.0888188,2.06995,1.2564,0.0432423,-0.0552377,0.120804,-0.194219,-0.010407,0.0850603,-0.00402868,0.0953911,0.02966,0.41767,0.0816875,-0.0453306,-0.0830449,0.0469207,-0.274865,-0.884977,0.051829],[0.340775,0.284328,0.282178,0.0782186,1.2564,1.4927,0.0173497,-0.0348661,0.153475,-0.229174,-0.0167087,0.050946,0.00111053,0.0707099,0.0431185,0.339709,0.0650445,-0.0493361,-0.00118914,0.0221785,-0.265237,-0.661128,0.0428992],[0.00957891,0.00110559,0.0199929,-0.00717398,0.0432423,0.0173497,0.110918,-0.0101508,-0.0201533,-0.0211949,0.00112092,0.00978204,0.0195618,0.0170482,0.0268285,0.0235111,0.117768,0.00292728,-0.0104939,0.050815,0.584212,8.72221e-05,0.0137209],[-0.013173,0.000246927,-0.033569,0.00394992,-0.0552377,-0.0348661,-0.0101508,0.0205038,-0.00670686,0.0182352,0.000580609,-0.00369714,0.00159789,-0.00528565,0.000706198,-0.0231719,-0.0148949,0.00231674,0.00356146,-0.00367165,0.00501237,0.0111043,-0.00540173],[0.0592062,0.0574646,0.110479,0.00898911,0.120804,0.153475,-0.0201533,-0.00670686,0.469692,-0.0801046,-0.00306086,0.0107625,-0.00871221,0.0161396,-0.0119449,0.0763359,-0.00689004,-0.0845354,0.00548823,-0.0122,-0.548983,-0.0270801,0.00331322],[-0.00817262,0.00102005,0.0188611,0.0105336,-0.194219,-0.229174,-0.0211949,0.0182352,-0.0801046,0.662634,0.000917648,-0.0182083,0.0219846,-0.0244685,0.00817794,-0.0582592,-0.016847,0.0251741,-0.0264094,0.00479099,-0.207998,-0.129847,-0.0157742],[-0.0061149,-0.00656863,-0.00344997,-0.0010591,-0.010407,-0.0167087,0.00112092,0.000580609,-0.00306086,0.000917648,0.00538046,-0.00244276,0.0028971,-0.00325799,-0.00316866,-0.00673239,-0.000363666,0.000627367,0.00383432,0.000450104,0.051718,0.0168196,-0.00271287],[0.0198625,0.00317143,0.0167917,0.00401782,0.0850603,0.050946,0.00978204,-0.00369714,0.0107625,-0.0182083,-0.00244276,0.0250491,0.00442433,0.0261109,0.0117878,0.0275772,0.0129157,0.0011263,-0.00789319,0.00770973,-0.00781639,0.00404359,0.0187648],[0.00274982,-0.00647593,0.0112087,-0.00190908,-0.00402868,0.00111053,0.0195618,0.00159789,-0.00871221,0.0219846,0.0028971,0.00442433,0.0299641,0.00680942,0.0257136,0.00356244,0.0254272,-0.00341855,0.00725437,0.0111966,0.0624673,0.00524876,0.00528611],[0.0232521,0.00516974,0.0221595,0.00225178,0.0953911,0.0707099,0.0170482,-0.00528565,0.0161396,-0.0244685,-0.00325799,0.0261109,0.00680942,0.0358045,0.0168257,0.0345736,0.0209599,0.00231277,-0.00494625,0.0112455,-0.0235564,-0.00121702,0.0235862],[0.0154309,0.00879287,0.0136954,-0.000491355,0.02966,0.0431185,0.0268285,0.000706198,-0.0119449,0.00817794,-0.00316866,0.0117878,0.0257136,0.0168257,0.0410952,0.0200131,0.0338405,0.00242197,-0.0038262,0.0129799,0.0532065,-0.0257462,0.0136834],[0.13585,0.125637,0.10638,0.0186808,0.41767,0.339709,0.0235111,-0.0231719,0.0763359,-0.0582592,-0.00673239,0.0275772,0.00356244,0.0345736,0.0200131,0.19713,0.0452264,-0.0226844,-0.0215328,0.017559,-0.185666,-0.297043,0.0241182],[0.0198145,0.0139534,0.0312427,0.00350579,0.0816875,0.0650445,0.117768,-0.0148949,-0.00689004,-0.016847,-0.000363666,0.0129157,0.0254272,0.0209599,0.0338405,0.0452264,0.184879,-0.00641856,-0.00578444,0.0811233,0.405087,-0.0521379,0.0187524],[-0.0167792,-0.000674357,-0.0327319,-0.00869453,-0.0453306,-0.0493361,0.00292728,0.00231674,-0.0845354,0.0251741,0.000627367,0.0011263,-0.00341855,0.00231277,0.00242197,-0.0226844,-0.00641856,0.122709,-0.028744,-8.96747e-06,0.147566,0.0350058,0.00146432],[-0.0426236,-0.0232545,-0.0890343,0.0135702,-0.0830449,-0.00118914,-0.0104939,0.00356146,0.00548823,-0.0264094,0.00383432,-0.00789319,0.00725437,-0.00494625,-0.0038262,-0.0215328,-0.00578444,-0.028744,0.266844,-0.00728068,-0.390628,0.0839291,-0.00495447],[0.0122749,-0.00150655,0.0284264,-0.000415452,0.0469207,0.0221785,0.050815,-0.00367165,-0.0122,0.00479099,0.000450104,0.00770973,0.0111966,0.0112455,0.0129799,0.017559,0.0811233,-8.96747e-06,-0.00728068,0.0611439,0.160803,-0.0173995,0.00824011],[0.0884408,0.00111456,0.309064,0.0832869,-0.274865,-0.265237,0.584212,0.00501237,-0.548983,-0.207998,0.051718,-0.00781639,0.0624673,-0.0235564,0.0532065,-0.185666,0.405087,0.147566,-0.390628,0.160803,14.399,0.977059,-0.000973254],[-0.313114,-0.397138,-0.0434085,-0.0701797,-0.884977,-0.661128,8.72221e-05,0.0111043,-0.0270801,-0.129847,0.0168196,0.00404359,0.00524876,-0.00121702,-0.0257462,-0.297043,-0.0521379,0.0350058,0.0839291,-0.0173995,0.977059,1.52203,0.000360581],[0.0176494,0.00425418,0.0132564,0.00216693,0.051829,0.0428992,0.0137209,-0.00540173,0.00331322,-0.0157742,-0.00271287,0.0187648,0.00528611,0.0235862,0.0136834,0.0241182,0.0187524,0.00146432,-0.00495447,0.00824011,-0.000973254,0.000360581,0.0236222]],"n":23,"lags":3}