{"betahat":[[0.827751,1.08089,1.54658,0.537886,-0.928474,-0.182201,0.650737,0.30075,3.69958,0.110306,0.243071,13.6485,0.266916,-0.254432,8.22852,4.32523,1.98939,0.0780121],[0.853951,-0.015954,0.113624,0.450319,-0.0879053,0.510307,-0.04689,-0.0110235,-0.491458,-0.0505107,-0.018547,0.049987,-0.00529389,0.0722489,-0.425142,-0.466132,0.0494868,-0.0244211],[-0.0198919,0.915444,-0.104734,-0.0127765,0.365158,0.516774,0.0589612,-0.0245579,0.64097,0.0389776,0.0475213,1.76084,0.0268158,-0.00368869,0.529266,0.0312527,0.0932848,0.0276903],[0.0490248,0.0773204,0.920103,0.129697,-0.2312,-0.0639253,-0.0189693,-0.0721389,-0.259652,-0.0165149,-0.0196787,-0.236852,-0.0490191,-0.0144824,-0.493207,0.260672,-0.301433,-0.0154177],[0.0167342,-0.0221385,-0.00194346,0.997807,-0.0365623,0.0394057,0.0262541,0.00158452,0.141025,0.00338002,0.00825638,0.92483,0.00144946,-0.0132128,0.109055,0.04352,0.0198237,-0.00717043],[-0.0144756,0.0187518,-0.0721056,-0.161021,0.883177,-0.0180484,-0.000765239,0.000608559,-0.0689122,0.0228675,-0.00055742,0.717796,0.000656332,-0.0152636,0.117408,0.0944747,-0.0212592,0.0182533],[0.00484314,0.00433425,0.00860613,0.109633,0.0452403,0.869428,0.0110532,-0.0142405,-0.130501,0.00537276,0.00792888,-0.0376873,0.0180978,0.0338166,-0.457369,-0.0923499,-0.00736133,-0.00198053],[-0.0381759,-0.0154986,-0.0983103,-0.971906,-0.0473525,-0.452989,1.09893,-0.113346,-0.607278,0.0178824,0.0889715,-1.72211,0.035615,0.0685972,-1.73452,-0.76805,-0.0667248,0.0510017],[-0.0759933,-0.175686,0.0150752,0.19297,0.1449,0.169988,-0.0572513,0.548502,-0.0421749,-0.0331823,0.00641464,3.31951,0.0400261,0.0128177,0.749101,1.20202,-1.13565,-0.0173206],[-0.00164618,0.00332829,0.0130036,0.0670692,-0.0628604,0.0865322,-0.0279334,-0.00613766,1.04634,0.0107804,-0.010094,-0.227551,-0.0101576,-0.0168024,0.0767392,0.221454,-0.0222384,0.00629821],[-0.125016,-0.129228,0.129479,0.000408525,-0.103551,0.498274,0.204053,-0.114651,-0.698496,1.23117,-0.0832322,-0.69503,-0.00237008,0.0515294,1.18764,1.01976,-0.0645657,0.160147],[0.124007,0.0914313,-0.0552228,1.13171,-0.929663,1.1849,-0.0272145,0.0212676,0.852387,0.26877,1.16916,4.4699,0.0703045,0.0383592,1.20296,1.62866,0.211646,0.0962806],[-0.00199696,-0.00458763,0.00301954,-0.000607339,0.00623424,0.00753917,0.00141911,-0.0049249,-0.0138947,-0.000930917,-0.0020532,1.03871,-0.00222196,7.74782e-05,-0.0390344,-0.0083072,0.00283127,0.00190503],[0.0369665,0.307016,-0.19243,0.202851,0.409358,0.153172,-0.0650848,-0.0270395,-0.218387,0.0321901,-0.0678402,-4.93495,1.00448,-0.0136717,0.162363,0.949928,-1.03274,0.0300118],[-0.123952,-0.279422,0.155906,-1.1682,0.579212,-1.78016,0.151353,0.111514,-1.66882,-0.0524346,-0.0609365,-3.98874,-0.0227265,1.01281,-2.35099,-0.319284,0.440783,-0.00289102],[-0.000538935,-4.28602e-06,0.0071628,-0.033949,0.0341447,-0.0182923,0.00614176,-0.00650653,-0.0551404,0.00291295,0.0105018,0.138004,0.0110077,0.00699,1.14944,0.0600358,0.0184446,0.00663273],[0.00349476,0.0128024,-0.00222497,-0.0458585,0.079841,0.103077,0.0288703,-0.0137322,0.0417147,0.00317065,0.0021964,0.269472,-0.0012944,-0.0127355,-0.0820215,0.189971,0.0956178,-0.000433853],[-0.0246532,0.0259456,0.0387088,-0.0282332,-0.0688755,0.264787,0.0549191,0.0418925,0.214733,0.0212552,0.00904449,0.940304,0.0120276,0.00782388,0.0860113,-0.612533,0.480657,-0.00666464],[-0.0509238,0.0454646,-0.153777,-0.0695827,-0.483974,-0.0416432,0.0886076,0.251221,0.332464,-0.0194462,-0.185972,3.40905,-0.213808,-0.206045,2.07986,-1.30799,0.608414,1.01114],[0.110755,0.0437615,-0.301878,-0.393079,0.270975,-0.507142,0.0098364,-0.00265232,0.307668,0.0414717,0.0186847,-0.404389,0.0167327,-0.0448719,0.273372,0.266231,0.108166,0.000969425],[0.0662523,0.130735,0.00406045,0.0939539,-0.0891582,-0.217336,-0.03266,0.000540191,-0.0474268,0.00348861,0.0072005,-0.679821,0.00238577,-0.000112422,-0.142172,0.15595,0.0931198,-0.015497],[-0.0184641,-0.0510072,0.0714815,-0.00415337,0.217443,0.34151,0.0554752,-0.00221285,0.285188,0.0297984,0.0141578,0.614321,0.0342668,0.0118557,0.490971,0.0352418,0.250013,0.0215295],[-0.0282476,0.0137987,0.00213265,0.0107298,-0.0542531,0.0428053,-0.0300756,0.00222054,-0.120963,0.00413193,-0.0101829,-0.347916,-0.0011289,0.0113242,-0.0577111,-0.0477947,-0.0238366,0.0126587],[-0.00177932,-0.0301638,0.0526078,0.00188068,0.0936604,-0.0777523,-0.022251,-0.00347053,-0.124499,-0.0189378,-0.0155291,-1.098,-0.00823597,0.00920835,-0.163236,-0.139502,-0.0439653,-0.0162554],[0.00372216,0.0122749,-0.0127026,-0.0940369,-0.00324057,0.154244,-0.0149833,-0.000705179,0.172364,0.0010447,-0.00871223,-0.264485,-0.0208791,-0.0267394,0.33598,0.00890889,-0.018479,-0.000704811],[0.0607837,0.00978898,0.0450402,1.05627,-0.00203608,0.376088,-0.0544555,0.151275,0.421221,-0.00137922,-0.0749694,0.425755,-0.0348876,-0.0668709,0.773922,0.506147,-0.0214897,-0.0889499],[-0.0861365,-0.179529,-0.0764607,-0.194215,-0.160267,-0.415075,0.117101,0.315785,0.110868,0.0228982,-0.059799,-1.29523,-0.0816162,-0.0846519,-0.369381,-0.726466,0.540404,-0.0235042],[-0.00435866,-0.0200116,0.00220723,-0.0295032,0.0496639,-0.0578969,0.0105254,0.00368542,-0.0512333,-0.0108172,0.000548075,-0.0583463,0.000671939,0.00806965,-0.0862654,-0.165201,0.00860739,-0.00701555],[0.0237435,0.004407,0.0576373,0.0271699,0.19954,-0.4149,-0.223288,0.120493,0.0859551,-0.192452,0.00667298,-0.865801,-0.0366708,-0.0280962,-1.37399,-1.05954,-0.0661646,-0.114576],[-0.065901,-0.00726599,-0.0500983,-0.747006,0.980467,-0.54502,0.0948786,-0.0630638,-0.595994,-0.175733,-0.109659,-3.28511,-0.025225,-0.00130298,-0.966996,-1.4602,-0.0996821,-0.122047],[0.000138766,-0.0010151,-0.00494219,-0.00135516,0.00243851,-0.0141163,9.86654e-05,0.00445336,-0.0110303,-7.50217e-05,0.000956639,-0.065824,0.00232575,0.00152411,0.00827674,0.000551868,-0.00757341,-0.00182867],[0.0731911,-0.00719861,-0.0201843,-0.00855373,0.443946,0.195869,0.0214664,-0.0465065,-0.24583,0.00604993,-0.00470268,0.643532,-0.063165,-0.00450443,-0.378435,-0.824085,0.437627,-0.0567596],[0.0979617,0.264502,-0.00619161,0.797166,-0.50909,1.13692,-0.0985165,-0.176464,1.19021,0.0830563,0.0363628,3.32654,-0.00339279,0.00758934,1.73489,0.628262,-0.358927,0.0186995],[0.000740623,-0.0028582,-0.0104579,0.0250907,-0.021281,0.00683384,-0.0111007,0.00158995,-0.00391842,-0.00416861,-0.00985395,-0.17176,-0.0128079,-0.0032387,-0.134851,-0.0700262,-0.0129538,-0.00631114],[0.0161667,0.0104133,0.00645811,0.0677287,-0.0385269,0.0168858,-0.0313019,0.00942298,-0.0280164,-0.00805978,-0.00571346,0.0170153,-0.000501477,0.00640381,0.049235,0.217514,0.0105788,0.00812611],[0.00987469,-0.0645736,0.0074643,0.065693,0.0663077,-0.20294,0.0198946,-0.0289431,-0.266965,-0.0120895,-0.0170335,-0.472886,-0.00116464,0.0186238,-0.514526,0.0174392,-0.162662,-0.00342268],[0.0714316,0.012873,0.00802982,-0.182468,0.569934,0.00869516,-0.104803,-0.154886,-0.209272,-0.0158387,0.1538,-3.429,0.142016,0.155816,-1.40223,2.20934,-0.20773,-0.020564],[0.035279,-0.0278352,0.188264,-0.0572519,-0.183044,-0.00313698,0.0370473,0.0136764,0.183797,0.00903891,-0.000139475,0.354456,-0.0114383,-0.0273781,0.151849,0.199827,-0.157652,0.0234517],[-0.0463791,-0.0462164,0.100684,-0.0811928,-0.275962,-0.299407,-0.0263129,0.024019,-0.593536,-0.0424671,-0.0547258,-1.08102,-0.0292031,0.00379866,-0.38702,-0.187293,-0.186406,-0.0121929],[-0.0305821,-0.0263453,0.00842922,-0.125531,0.0137682,-0.277529,-0.036502,0.0743517,-0.0254922,-0.0132832,0.00552625,-0.377318,0.0147583,0.00262665,0.00242279,-0.296046,0.0514362,-0.00611305],[0.0114925,0.00830767,-0.000194347,-0.00861309,0.0908969,-0.0821788,0.00380926,-0.00380481,-0.0200774,-0.00751484,0.00192017,-0.576942,-0.000322393,0.00188541,-0.0512258,0.00419194,0.00401849,-0.00548633],[0.0162211,0.0113486,0.0195192,0.159106,0.0231641,0.0957951,0.0229975,0.00286345,0.193383,-0.0039334,0.0160787,0.380056,0.00757541,0.00605395,0.0458381,0.044871,0.0652061,-0.00200022],[-0.00860772,-0.0166919,0.00409775,-0.0156652,-0.0419039,-0.0236753,0.00389949,0.0149478,-0.0419172,-0.0064279,0.000769427,0.30179,0.00277358,-0.00708003,0.121441,0.0832187,0.0258362,0.00268517],[-0.0227305,0.00549355,0.0533504,-0.0842828,0.0496214,0.0773805,-0.0445291,-0.0378893,0.186486,-0.0165104,-0.0139594,1.29561,-0.000687333,-0.00174233,0.961608,0.260878,0.0882957,0.0379346],[0.174072,0.360327,0.0589804,-0.0412591,0.0135601,0.177641,-0.0710257,0.102815,-0.188662,0.0116234,0.0355083,-2.27906,0.028105,0.0683546,-0.579984,-0.367852,0.501173,0.0411427],[0.0060044,0.0166091,-0.0152383,-0.037804,0.0135185,-0.0287586,0.0173308,0.00247176,0.00437812,6.50216e-06,0.00952128,0.285232,0.00949742,0.00875762,0.00983618,-0.0562097,0.013721,0.000756516],[0.104356,0.136531,-0.221365,0.0403826,-0.107654,-0.0845221,0.00254524,0.00687596,0.553972,-0.0679599,0.0643989,1.14494,0.0273474,-0.0188658,0.13271,0.134287,0.0827425,-0.0509953],[-0.0464589,-0.0461125,0.0723113,-0.34884,-0.028791,-0.554356,-0.0596036,0.0472083,-0.217767,-0.0893621,-0.0727061,-1.2339,-0.0588769,-0.0493702,-0.236696,-0.00757575,-0.134109,0.0270419],[0.00163612,0.00526151,0.00135171,0.00126482,-0.00750494,0.00641244,-0.0016544,0.000644599,0.0234321,0.000913145,0.000933197,0.0105375,-0.000172907,-0.00150351,0.0299733,0.00670547,0.00516829,-3.67446e-05],[-0.110183,-0.28945,0.218852,-0.131152,-0.867131,-0.264065,0.0622658,0.0694632,0.520782,-0.023688,0.0716856,4.45432,0.0469138,0.008956,0.333336,-0.0295373,0.567438,0.0283243],[0.0233394,0.0156876,-0.161124,0.383621,-0.0545716,0.647986,-0.0405392,0.0702845,0.518951,-0.0300984,0.0183669,0.654911,0.017218,-0.0346857,0.558937,-0.270721,-0.106632,-0.0202023],[-0.000376128,0.0025467,0.00373452,0.0088391,-0.0128423,0.0117944,0.00497801,0.0048782,0.0582362,0.00123785,-0.000573515,0.0319233,0.00184351,-0.00359337,-0.0149584,0.00852646,-0.00526469,-0.00035662],[0.0135173,0.0274246,0.0170961,0.0188415,0.0183325,-0.0171214,0.00451872,-0.00503101,-0.0252994,0.00291495,0.00678272,-0.00660465,0.00378136,0.00801283,-0.0650979,0.150069,-0.0459834,-0.00188482],[0.0179543,0.0366918,-0.039986,0.100027,-0.101318,0.0386487,-0.022317,-0.0358199,-0.119038,-0.00311695,-0.00451654,-0.507772,-0.00615541,0.0232473,-0.35067,0.240911,0.0431091,0.0130841],[-0.0179603,-0.139244,0.123626,0.281162,0.0377251,-0.17593,-0.00171491,-0.0809064,-0.579628,0.00190117,0.00201741,-1.383,0.0416618,0.0698967,-1.38619,-1.10767,-0.448822,-0.0307835]],"sigmahat":[[0.22225,0.270422,-0.0353098,0.288996,0.237899,0.357812,0.0136817,-0.0071391,0.343903,0.0192352,0.0358789,0.607402,0.0183833,0.00343773,0.231031,0.314981,0.0923687,0.00860068],[0.270422,0.648595,-0.123837,0.128717,0.135318,0.681973,0.0961043,-0.0324205,0.433919,0.0291193,0.0700009,1.80985,0.0432702,0.026896,0.277119,0.695431,0.127416,0.0116494],[-0.0353098,-0.123837,0.484015,-0.00939159,-0.0345571,-0.0420641,-0.0409649,0.0256941,-0.323249,-0.0210326,-0.0080838,-0.0990519,-0.000289651,0.0242371,-0.466738,-0.48054,0.141326,-0.00294385],[0.288996,0.128717,-0.00939159,3.1078,0.115133,1.18302,0.00748688,0.00757052,1.14072,0.0490812,0.0585073,0.827206,0.00608806,-0.00176266,0.516412,0.124913,0.140605,0.0127501],[0.237899,0.135318,-0.0345571,0.115133,2.6326,0.909187,0.0450937,0.0334689,-0.260137,0.0429997,-0.0131572,-1.05682,-0.011886,-0.0210148,-0.500866,0.0140845,-0.0214972,0.0227904],[0.357812,0.681973,-0.0420641,1.18302,0.909187,4.11215,0.204941,-0.0128985,2.39555,0.184435,0.13669,6.65538,0.0598959,-0.0858219,3.27383,1.38161,0.421686,0.100625],[0.0136817,0.0961043,-0.0409649,0.00748688,0.0450937,0.204941,0.167231,-0.0107178,0.291005,0.0224434,0.0418966,1.86397,0.0379766,0.00801332,0.494468,0.213384,0.100891,0.0132439],[-0.0071391,-0.0324205,0.0256941,0.00757052,0.0334689,-0.0128985,-0.0107178,0.117662,2.6918e-05,-0.0126194,-0.00577738,-0.600437,-0.00411102,-0.0123477,-0.0256572,-0.153848,0.114461,-0.0100652],[0.343903,0.433919,-0.323249,1.14072,-0.260137,2.39555,0.291005,2.6918e-05,7.56898,0.314458,0.289028,15.5457,0.0742722,-0.3619,8.77857,1.3793,1.06515,0.101642],[0.0192352,0.0291193,-0.0210326,0.0490812,0.0429997,0.184435,0.0224434,-0.0126194,0.314458,0.0462111,0.0173482,1.03454,0.00713954,-0.0164364,0.516621,0.203926,0.0427953,0.0193768],[0.0358789,0.0700009,-0.0080838,0.0585073,-0.0131572,0.13669,0.0418966,-0.00577738,0.289028,0.0173482,0.0792259,1.52237,0.062115,0.0305397,0.519067,0.097007,0.121857,0.0169595],[0.607402,1.80985,-0.0990519,0.827206,-1.05682,6.65538,1.86397,-0.600437,15.5457,1.03454,1.52237,126.063,1.03671,-0.43787,26.6887,8.97661,4.62333,0.645268],[0.0183833,0.0432702,-0.000289651,0.00608806,-0.011886,0.0598959,0.0379766,-0.00411102,0.0742722,0.00713954,0.062115,1.03671,0.0742668,0.0428031,0.388544,0.0336916,0.062616,0.016742],[0.00343773,0.026896,0.0242371,-0.00176266,-0.0210148,-0.0858219,0.00801332,-0.0123477,-0.3619,-0.0164364,0.0305397,-0.43787,0.0428031,0.0807603,-0.539435,-0.0917112,-0.00675051,0.000189121],[0.231031,0.277119,-0.466738,0.516412,-0.500866,3.27383,0.494468,-0.0256572,8.77857,0.516621,0.519067,26.6887,0.388544,-0.539435,22.1443,4.22274,1.50465,0.41789],[0.314981,0.695431,-0.48054,0.124913,0.0140845,1.38161,0.213384,-0.153848,1.3793,0.203926,0.097007,8.97661,0.0336916,-0.0917112,4.22274,8.50431,-0.0545033,0.153899],[0.0923687,0.127416,0.141326,0.140605,-0.0214972,0.421686,0.100891,0.114461,1.06515,0.0427953,0.121857,4.62333,0.062616,-0.00675051,1.50465,-0.0545033,1.23483,0.0243204],[0.00860068,0.0116494,-0.00294385,0.0127501,0.0227904,0.100625,0.0132439,-0.0100652,0.101642,0.0193768,0.0169595,0.645268,0.016742,0.000189121,0.41789,0.153899,0.0243204,0.0435847]],"n":18,"lags":3}