{"betahat":[[1.11518,0.393518,-3.03541,5.04923,-8.15065,-11.5956,0.681138,7.23132,32.0375,1.50317,3.79836,-15.062,25.6145,3.50026,0.163496,73.4661,23.396,16.3661,5.95689,-18.768,1.46816,1.46686,-42.4285,9.72258,2.08721],[0.783004,-0.00761708,0.0898211,0.623827,-0.168546,0.80257,-0.0848557,0.00392827,-0.171261,-0.0689719,-0.0106792,-0.00990384,-1.61073,-0.02306,0.0443466,-0.641965,0.0879785,-0.064788,0.0480079,-0.250717,0.0502287,-0.0229213,-0.561314,0.00016896,-0.0310338],[-0.00647791,0.84823,-0.090363,-0.0412184,0.375989,0.307854,0.0735362,-0.0412068,0.36657,0.0139174,0.0607163,-0.00192531,1.1244,0.0437426,0.0211262,0.46263,-0.0378467,0.0805329,-0.0301979,-0.0698828,-0.0194028,0.0225101,0.102677,0.00974432,0.0132103],[0.0614392,0.0334378,0.801315,0.252129,-0.134324,-0.168948,-0.0967522,-0.0305392,-0.249556,-0.0265351,-0.041648,-0.00243619,-2.28905,-0.0669971,-0.015296,-0.691641,0.0354214,0.00795095,-0.0826004,0.0608327,-0.129267,-0.0193056,-0.158074,-0.241198,-0.0603445],[0.0125607,-0.0438042,-0.0032134,0.930505,-0.000235955,-0.054618,0.0166115,-0.00357417,0.0187162,-0.00580581,-0.00154553,-0.0084246,0.327712,-0.00624012,-0.0109644,-0.0823839,0.00808625,0.0062705,-0.0105522,-0.0410813,-0.125126,-0.00548145,-0.133279,0.0202457,0.00209724],[-0.0224762,0.0101722,-0.0472157,-0.0804748,0.670389,-0.061231,0.00432824,-0.000748397,-0.0240388,0.0247664,0.0103182,-0.00673641,1.31612,0.00960554,-0.00946118,0.317889,-0.0173343,0.0116557,-0.0164939,0.112949,0.000840371,0.0085176,0.2045,0.0397038,0.0240523],[0.00866704,0.00629438,0.00691949,0.116613,0.0766973,0.809253,0.0209851,-0.0127377,-0.143366,0.00746059,0.0136528,-0.040145,0.203988,0.0274232,0.0400008,-0.396193,-0.00360892,-0.00776901,0.0239338,0.129038,0.0065999,0.00648506,8.03757e-05,0.0196996,-0.00145491],[-0.0781658,-0.0661463,-0.191496,-1.11167,-0.208024,-0.407253,0.878914,-0.0731701,-0.455191,-0.0143706,0.077056,0.689412,-2.23218,0.000732685,0.0485124,-1.17089,0.0492184,0.0330625,0.0597272,0.23262,0.252495,0.00566688,-0.997335,0.164237,0.0487324],[-0.0538575,-0.124697,0.18674,0.161726,0.308132,0.252985,-0.0871832,0.440862,-0.619527,-0.0507275,-0.0170171,0.919166,0.282805,0.0223323,0.101826,-0.841762,-0.118778,0.0763204,0.144623,-0.667218,-0.575937,-0.048928,0.512274,-0.3222,-0.0651615],[-0.00188726,0.00445151,0.0187531,0.0715435,0.0149623,0.104826,-0.0342168,-0.0137647,0.951781,0.0153708,-0.0089182,0.0318996,-0.294802,-0.00728408,-0.0136183,0.123119,0.001272,-0.033964,-0.00760004,-0.00140662,0.0164903,0.0068525,0.112782,-0.0118898,0.0101745],[-0.0991136,-0.0445677,0.0570309,-0.694973,-0.612327,0.0252365,0.310103,-0.249134,-0.431888,0.983038,-0.138316,-1.38436,-2.17834,-0.0891022,0.0673397,0.393207,-0.10859,0.150831,0.0509681,-1.62172,0.135689,-0.0787857,0.310317,0.113375,0.0702891],[0.273782,0.249482,-0.332223,1.46617,0.130103,2.32103,-0.17865,0.1135,0.694029,0.283972,1.09484,-0.546697,9.1775,0.137436,0.047072,1.85608,-0.232277,-0.126951,-0.0595186,0.00934074,-0.269375,0.0539053,1.35181,0.442871,0.124348],[0.0214663,0.0509956,0.0235706,0.0963436,-0.108694,0.074554,0.0441094,0.0216213,0.17482,0.0130244,0.0291981,1.27981,-0.112477,0.00153804,0.00576765,0.00454169,-0.0135287,0.0849813,0.00358296,0.0677304,-0.0719863,0.00110721,0.112355,0.0457394,-0.0177321],[-0.00349356,-0.00625987,-9.49715e-05,0.00579221,0.00770685,-0.000463628,0.00141737,-0.00548288,-0.0151342,-0.00127194,-0.00123452,0.00266386,0.839645,-0.00115142,0.000172346,-0.0335746,-0.000313094,0.00552859,-0.00585976,0.0233741,0.00680942,-0.000592795,0.0206218,0.00506592,0.000868249],[0.0664397,0.345805,0.0751763,-0.0104795,-0.657562,-0.421782,-0.0134656,-0.121527,-0.397404,0.0259744,-0.0952463,0.147378,-7.67752,0.875724,0.100275,-0.347961,0.347693,0.198399,0.326532,-0.226976,0.533315,0.0374366,1.18591,-0.752744,-0.000338661],[-0.219671,-0.259872,0.252843,-1.69274,1.2742,-1.8484,0.349293,0.150855,-1.38496,-0.0700907,-0.0463941,-1.29483,-3.98849,-0.0316939,0.85579,-3.11034,-0.168972,0.00916384,-0.119881,0.251667,0.17114,0.0226037,-0.145748,-0.115305,-0.0102406],[0.00195556,0.00401355,0.0115162,-0.0326585,0.0453113,-0.038604,0.0243964,0.000992227,-0.0295132,0.00282417,0.0119163,-0.00106817,0.154169,0.0103977,0.00310711,1.04164,0.00988361,0.036784,0.0113144,-0.00451242,0.00315634,-0.00305365,0.0733669,0.0205016,0.00444062],[-0.00779858,0.146229,-0.172779,0.0168559,0.693859,1.55612,0.0911018,0.123377,0.801369,0.0401101,-0.097858,-0.707085,2.58242,-0.0453841,-0.085683,0.249036,0.767595,-0.375644,0.0186536,0.313354,0.552223,0.0239169,0.240949,0.0724891,-0.089933],[-0.0497889,-0.0235735,-0.12914,-0.024247,-0.118367,0.217242,0.0202129,-0.00760809,0.329032,0.0213447,0.00361561,0.103918,-0.526937,0.00148507,-0.0150809,0.21158,-0.00387123,0.251914,-0.0234492,-0.536089,0.16105,-0.00818832,-0.654415,-0.0208773,-0.00334338],[-0.102178,-0.039283,-0.129433,0.0676421,-0.158865,-0.648753,0.0396689,-0.0566961,-0.035017,-0.0149216,-0.0292236,0.119069,-0.626905,-0.0060581,-0.0734676,-0.00283128,0.28363,-0.197847,0.546628,0.298215,0.189829,0.00384082,-0.471602,-0.0515131,0.0283194],[0.0339934,0.0185699,-0.0402294,0.0270445,0.0949234,0.101336,-0.000804808,-0.0167649,0.220241,0.00738797,0.0039505,-0.0293475,-0.173272,-0.00645234,-0.0140375,-0.0173827,-0.0124823,-0.0246441,-0.0366481,-0.271477,-0.00292814,-0.00247252,0.0562149,-0.0236376,-0.00290349],[-0.0324556,-0.00494826,-0.0590279,-0.22629,0.109847,-0.124697,0.00492547,0.00814087,-0.272027,0.00458675,-0.00760382,-0.0521751,-0.54159,-0.00841856,0.0136971,-0.344244,0.0647476,-0.00462692,0.0154755,0.0922158,0.957302,0.00778627,0.0135541,-0.035941,0.00131492],[0.176652,-0.0889186,-0.459455,2.09046,-0.511112,-0.188847,-0.00566825,-0.0796225,0.947121,0.271062,0.360238,1.87599,-7.15228,0.433378,0.211614,1.77137,0.241863,-0.351379,-0.0485701,0.436455,-1.65597,1.27064,2.5365,-0.465301,0.0750387],[0.0178636,0.0311229,0.0164279,-0.0788875,0.0650653,0.00849802,0.00923613,-0.0182331,-0.0809811,0.00497399,-0.000192873,-0.0153694,0.686178,0.00706805,-0.00361507,0.128577,0.0176771,-0.0445092,0.011089,-0.108901,0.0822435,0.00959995,0.439352,-0.029868,0.00466461],[-0.151922,-0.156952,0.0553472,-0.370669,-0.394104,-0.228779,0.0927065,0.0178651,-0.198365,0.0383824,-0.0482745,-0.331843,0.575238,-0.042934,-0.00722365,-0.789252,-0.0383917,-0.179129,-0.0368216,-0.220309,0.114931,0.0156021,-1.51358,0.181441,0.00107421],[-0.0180773,-0.289882,0.294665,0.951264,-0.539904,0.499393,-0.351777,0.297651,-1.10153,-0.0370781,-0.217135,1.88574,3.16869,-0.183039,-0.207581,1.35024,-0.221065,-0.336035,-0.07372,-0.492422,0.827312,-0.0384335,-0.375501,0.150137,0.981277],[0.15064,0.0308257,-0.317941,-0.47522,0.189953,-0.724664,0.0151992,-0.0180162,0.192398,0.0535946,0.0193175,0.00665247,0.838911,0.0288529,-0.0339728,0.664676,-0.023671,0.0275377,0.0172771,0.141028,0.149383,0.02992,0.267172,0.0658352,-0.00321938],[0.0718569,0.162868,0.0156223,0.197944,-0.160146,-0.0770421,-0.0419642,0.00500954,0.223673,0.0158023,0.00276217,0.0442614,-0.0175378,-0.00554495,-0.0188255,0.0178002,0.0323507,-0.0140799,0.028615,0.100775,-0.0245895,0.000888955,0.415173,0.119688,-0.0010383],[-0.0374737,-0.0401218,0.110704,-0.0951678,0.146211,0.400888,0.119519,-0.0450383,0.217881,0.0462219,0.0127279,-0.0360656,1.9945,0.0370843,0.00128733,0.613729,-0.0264961,-0.0412361,0.079972,0.0421526,0.106997,0.0273084,0.159597,0.225675,0.0563294],[-0.0298653,0.0232113,0.00589781,0.0210029,-0.0734463,0.0750018,-0.022258,0.00238556,-0.107142,0.0116173,-0.00441371,0.0447216,-0.104243,0.00491902,0.0129116,-0.0017983,-0.0119695,0.000144425,0.0227198,0.00993178,0.168374,0.00292004,0.143085,-0.037932,0.00619571],[0.00238968,-0.0153803,0.0483586,-0.0412134,0.196633,-0.0564042,-0.0156252,-0.000216781,-0.112641,-0.0194834,-0.0142701,0.0404754,-1.49002,-0.0104386,0.00754766,-0.284733,0.00411656,0.00326675,0.0152295,-0.0336522,-0.0255093,-0.00730289,-0.206747,-0.0481432,-0.026943],[0.00326891,0.00865142,0.000248409,-0.0858615,-0.0141632,0.186183,-0.0211907,0.00493437,0.16984,-0.000224084,-0.0117969,0.0470922,-0.550228,-0.0279302,-0.0285346,0.28635,-0.00296994,0.00597081,-0.0140241,-0.0639282,0.03538,0.000236491,0.0855547,-0.00748998,0.00115266],[0.104477,0.0383883,0.112884,1.09785,0.151242,0.206212,0.0477688,0.0981597,0.352075,0.0185879,-0.0700188,-0.527862,0.551544,-0.0157571,-0.0520013,0.513628,-0.00432692,-0.007811,-0.0549419,-0.461098,-0.0882435,0.0156056,0.900593,-0.233852,-0.0650023],[0.00993045,-0.206612,-0.266261,-0.20391,-0.0816614,-0.653034,0.0611584,0.108702,-0.603503,0.00161136,-0.118185,-0.444678,-2.93871,-0.124761,-0.104204,-1.16414,-0.189974,-0.0546648,-0.127544,0.555115,0.479669,0.00596882,0.0763333,-0.44294,0.0378928],[0.00271887,-0.00375451,-0.00155924,-0.0444823,0.0267727,-0.0502218,0.0206784,0.00738962,-0.00694219,-0.0119428,0.00232803,-0.0251184,-0.0159564,-0.00039606,0.00684904,-0.117265,-0.00539698,0.0152859,0.00196986,-0.0478277,-0.00192327,-0.00536131,-0.137871,0.00566365,-0.00531289],[0.0714884,0.0372393,0.299957,0.328639,0.071514,-0.518494,-0.273361,0.141975,-0.479425,-0.171219,0.0328164,0.934462,-0.964515,0.0202306,0.0593471,-1.98031,-0.118675,0.167696,0.117359,-0.252774,-0.350509,0.0200086,0.901651,-0.227209,-0.0700015],[-0.0275135,0.150544,0.000946417,-0.681468,0.57367,-0.338357,0.227669,-0.0104857,-0.0930854,-0.131558,-0.0714009,-0.261504,-0.557062,-0.00560684,-0.00587586,-0.485898,-0.112196,0.227183,0.0347407,-0.180394,-0.346962,-0.0138854,0.146539,-0.155579,-0.119556],[-0.0274932,-0.0199457,-0.0271207,-0.135553,0.0488336,-0.0141761,-0.032198,-0.0320512,-0.0423118,-0.00156245,-0.0107913,-0.187352,0.121819,-0.00211932,-0.00176117,0.006628,0.0131669,-0.0645175,0.00636769,-0.0390301,0.0158499,-0.00121135,-0.198273,-0.0125377,0.0133812],[0.00222503,0.000191422,0.00143357,0.00217076,-0.00761528,-0.0135891,0.00103481,0.0044273,-0.00798486,-0.000258239,0.000421265,-0.00380717,-0.00152317,0.00186924,0.0012843,0.0153653,-0.00351469,0.00796991,0.0051714,-0.0204165,-0.0155475,0.000324156,0.036242,-0.0108129,-0.0014316],[0.0503326,-0.0328793,-0.0935406,0.125397,0.751054,0.522585,0.0475667,-0.0761246,0.335016,0.0762488,-0.0162421,-0.412441,0.590241,-0.0943122,-0.111627,0.119857,-0.0829826,-0.163482,-0.155883,-0.680257,0.00992961,-0.0236932,-0.768724,0.281087,0.00147849],[-0.011915,0.0995597,-0.034326,0.590084,-0.589059,0.784446,-0.0535121,-0.161596,0.760886,0.0296101,-0.0311561,0.589829,1.16754,-0.0703518,0.00624965,0.617878,-0.0747282,-0.0646942,0.175994,0.119715,-0.670411,0.0216036,0.10736,-0.105212,-0.031719],[0.00521945,0.00182406,-0.0083965,0.0432044,-0.03179,0.0328268,-0.0204961,-0.00293355,-0.0159626,-0.00433505,-0.00914472,0.0236415,-0.0964956,-0.0114148,0.000383645,-0.110957,-0.00338837,-0.00659518,-0.0104476,0.0149073,-0.0015469,0.000290008,-0.0220828,-0.00385155,-0.00449639],[0.104065,-0.139389,0.398463,-0.186414,-0.303214,-1.19498,-0.0679336,-0.0932892,-1.25706,-0.0589661,0.0764502,0.446625,-1.31883,0.0738105,0.0822396,-1.04955,-0.122982,0.459769,0.046936,-0.0814321,-0.191468,-0.0164693,0.646237,-0.120766,0.0797699],[-0.0765959,-0.184738,0.11691,-0.114997,-0.00909861,-0.398029,-0.0145005,-0.0123328,-0.230077,-0.0082736,-0.0230282,0.0314312,0.952744,-0.00408841,-0.0213796,0.200836,0.000736234,0.0333122,-0.0273005,-0.09447,-0.0530247,0.0060453,0.371964,-0.0370288,-0.00213994],[0.101647,0.101603,0.0751073,-0.198379,0.154531,0.195274,-0.108599,-0.0766123,-0.118185,0.0217375,0.0377331,0.324214,1.48928,0.0330346,0.063165,0.0226078,0.0379164,-0.105119,0.156373,0.157769,0.356896,-0.0146544,-0.00872778,-0.0674852,0.000651126],[-0.0224737,-0.0136413,-0.00275843,-0.0715346,0.00739521,-0.110071,-0.00951571,0.0372686,-0.0773473,-0.00651391,-0.0194721,-0.124852,-1.01779,-0.017015,0.00734041,-0.360102,-0.00445784,-0.0245275,-0.0189769,0.0344247,0.0137104,-0.00167108,-0.174815,-0.00526763,-0.0121411],[0.0363164,0.0185078,0.0739379,0.235725,0.00560432,0.152033,0.0121114,0.00902718,0.234433,0.00858291,0.00877301,0.0183158,0.537544,0.00712378,-0.0113719,0.401742,-0.0252414,0.0230859,-0.00344681,-0.00976798,0.0777782,-0.00658758,0.0337021,0.0721012,0.00618498],[-0.331366,-0.26467,0.0492985,-0.567243,0.886726,0.960021,-0.183224,0.0550975,-0.119058,-0.124455,-0.211325,-0.0645343,6.29044,-0.331072,-0.292144,0.284614,0.298701,-0.18662,-0.0996649,0.953196,1.43497,-0.235598,-2.87939,-0.0291975,0.0339906],[-0.0281334,-0.0577151,0.025813,-0.0210595,0.0459584,-0.0113488,-0.00798966,0.010752,-0.00239181,-0.00400276,-0.010179,-0.0296179,-0.571744,-0.0131544,-0.00276137,-0.221437,-0.0160625,-0.0705406,0.00256635,0.0505888,0.0335618,-0.00841355,-0.173377,0.0239044,-0.000949832],[-0.00852016,-0.0734907,-0.0793138,0.201959,0.186654,-0.0876253,0.00176377,-0.0623855,-0.377149,-0.00782432,-0.00841477,-0.0805677,-1.79057,-0.00747762,0.0243194,-0.779862,0.0547126,-0.142665,0.0450044,0.14258,0.0890495,0.008716,-0.902797,-0.0540916,-0.017261],[0.14714,0.216898,-0.195222,-0.317502,0.978658,-0.293695,0.222193,-0.163379,1.47802,0.0266353,0.284408,-0.870447,2.08748,0.255943,0.172964,0.901002,0.111446,0.154102,0.138757,0.904282,-0.556531,0.0571496,1.76112,0.122152,-0.0472861],[0.0662857,-0.0231456,0.228206,-0.148336,-0.0216409,-0.0771079,0.0696691,0.0139224,-0.0205974,0.0153921,-0.00872524,0.00353563,0.774615,-0.00592124,-0.0104429,-0.0227369,-0.0640618,0.0372349,-0.0654604,0.110146,-0.199505,-0.00701546,0.294564,-0.0657696,0.0342394],[-0.065523,-0.0115644,0.0749783,-0.156728,-0.215502,-0.230783,-0.0315942,0.0361427,-0.589756,-0.0297086,-0.0636221,-0.0424966,-1.10243,-0.0384027,-0.0024501,-0.481123,0.00543953,-0.0664522,0.00125074,-0.0299558,0.0435694,-0.0234307,-0.516741,-0.129524,-0.0121787],[-0.0236311,0.00740376,0.0878608,-0.155573,-0.0125334,-0.231077,-0.0224704,0.0750699,0.0329928,-0.0196516,0.0289244,0.0395597,0.305584,0.0298905,0.0139858,0.0798997,-0.00862497,0.0347064,0.00214199,-0.103328,0.0221112,-0.00798069,-0.000295843,0.0160136,0.00390147],[0.0172173,0.0209075,-0.00272135,0.0455508,0.0754915,-0.0200674,0.00567357,0.000781972,0.0890331,-0.00565609,0.00582206,-0.0360783,-0.205497,0.00112748,-0.00223745,0.0869494,0.00359284,-0.00598038,-0.0126319,0.0326586,-0.0427434,0.00245818,-0.00813648,0.0178172,-0.00821216],[0.0195834,0.00455564,-0.0011178,0.121687,0.130092,0.116499,0.0111049,0.000970898,0.136206,-0.00543906,0.0035632,-0.0346317,0.172897,0.000474016,0.0017977,-0.0361471,0.0132815,-0.0156368,0.000977326,-0.078423,0.023445,-0.00132825,0.0027933,0.00796363,0.0028247],[-0.0119714,-0.0153123,-0.0072693,-0.0317429,-0.0603012,0.00339019,9.02549e-06,0.00758795,-0.0258421,-0.00719199,-0.00213569,-0.00848168,0.358616,7.04874e-05,-0.0117675,0.10952,0.00551522,0.00124612,-0.0107719,-0.0624169,-0.042239,-0.00692355,-0.0840515,-0.0123902,0.000369953],[-0.024689,0.0298207,0.0799358,0.0180019,0.053645,0.204908,0.0722886,-0.0263411,0.107326,-0.00438474,-0.00801283,-0.154179,1.68812,0.013813,0.00255887,0.652379,-0.0444195,-0.021188,-0.00595029,0.22966,-0.166563,-0.0211566,0.111066,0.0684207,0.0159619],[0.0290821,0.0878867,0.0921225,0.0517622,-0.211545,-0.271099,-0.203909,0.125238,-0.830555,-0.0317895,-0.0445969,0.200604,-6.95602,-0.0191481,0.0765081,-1.27922,-0.0293953,0.0239154,0.0155806,-0.520768,0.098947,-0.0144295,-0.120939,-0.046908,0.00747581],[-0.000231841,-0.000848565,-0.0185944,-0.0313707,-0.0232513,-0.0500036,0.0135285,0.00662218,0.0507885,-0.00232904,0.00734237,-0.0134335,0.387797,0.00779804,0.00617644,0.0186515,-0.00137034,0.0172934,0.0025695,0.052469,-0.0111201,-0.00199845,0.0278842,0.00882889,-0.00339108],[0.109816,0.014436,-0.0724912,0.664207,-0.379746,-0.336116,0.0130785,0.0225074,0.00611994,-0.0497749,0.0787501,0.159628,-0.675238,0.0541642,0.056415,-0.347445,-0.0625273,0.186539,0.0521775,0.430382,-0.0829438,0.0229678,0.0264109,0.0303149,-0.0428629],[-0.0315149,-0.0199369,0.186302,-0.202472,-0.297463,-0.400689,-0.0156062,0.0601983,-0.0455551,-0.0249259,-0.0672789,0.257279,-1.73736,-0.0908223,-0.0405074,-0.623185,-0.0982742,0.230398,-0.0457291,0.199171,0.0137409,-0.00758199,1.02698,-0.108215,-0.0325285],[0.00664583,-0.0276115,0.00776998,0.035657,0.0507334,-0.0484616,-0.0127556,0.00886467,-0.117206,-0.0114375,-0.0190734,-0.102567,0.041878,0.000110548,-0.00452431,-0.0161808,0.00633124,-0.0169837,-0.010667,-0.022568,0.045267,8.53835e-05,0.113894,-0.0337981,0.00268584],[-0.00106748,0.0041606,-0.00668368,-0.0146761,0.00110338,0.00394937,-0.00246823,-0.000287737,0.000391547,0.000905511,-0.00134809,0.00251317,-0.0632753,-0.00213605,-0.00157657,0.00288872,-0.00268906,-0.0177179,0.000465632,0.0144165,0.0169624,0.000560049,-0.0546344,0.00122137,1.84884e-05],[-0.100003,-0.195328,0.113992,0.0643411,-0.514424,0.325381,0.0470684,0.0872333,0.914428,0.0755916,0.0764121,-0.222799,4.51154,0.0637281,-0.0506626,1.14126,0.0145516,-0.228336,-0.0436806,0.565942,-0.000338417,-0.00644685,-0.890527,0.591269,0.0437181],[0.0124157,-0.0604147,-0.116332,0.25441,0.0058407,0.266128,-0.02495,0.0877838,-0.454322,-0.0764469,-0.0362605,0.611301,-0.458107,-0.000517923,0.0217749,-0.763694,-0.0764879,0.143555,-0.153671,0.117686,-0.0868063,-0.0177093,-0.600225,-0.0408022,-0.0622417],[-0.00346265,-0.00208252,0.00378486,0.00817491,-0.0101699,0.0194528,-0.00207449,-8.94577e-05,0.030268,0.00095395,-0.00162187,-0.0102049,-0.0377305,0.00130669,-0.000544659,0.0124923,0.000636495,-0.0164175,-0.00142642,-0.00428446,0.00432385,0.0020737,-0.0279726,-0.00961614,0.000570186],[-0.132601,-0.0548193,-0.154377,0.0541847,-0.449898,-0.386389,-0.0281723,-0.0310291,-0.0188576,-0.00505739,0.00693469,0.268365,-2.10338,-0.0118755,0.0315667,0.434131,-0.270707,-0.0265789,0.0282918,-0.306035,-0.25275,-0.0032111,-0.83152,-0.0565515,-0.0146472],[0.153008,0.282137,-0.044091,0.116484,0.149354,0.274212,0.0372048,-0.00247982,0.044543,-0.0115599,0.0364701,0.0165666,0.0400109,0.0264101,0.0352673,-0.104554,0.0134675,-0.00167403,0.0206355,0.275324,-0.0927781,0.00332235,0.327262,0.0609786,-0.00395541],[-0.00641103,-0.0564201,-0.0246827,0.240617,0.0739525,0.707082,-0.0211747,0.0864867,0.556005,0.0227839,0.0256872,0.0588344,0.376385,-0.0173892,-0.0339619,0.527996,-0.0423172,0.0311088,0.183651,0.186688,-0.222134,-0.0120089,0.00426641,0.110629,0.00572267],[-0.0194535,-0.0535745,-0.0154147,-0.0357826,0.00642464,-0.0701883,-0.0191625,-0.00898598,-0.00512093,0.000925745,-0.00863188,-0.0248081,-0.350648,-0.0083575,-0.00473087,-0.0436198,4.19312e-05,-0.0151016,-0.00960204,-0.162752,0.0427223,0.00349216,-0.0680063,-0.0309718,-0.0112971],[-0.0043017,-0.0144586,-0.0119565,-0.00948869,-0.114532,-0.0240181,-0.0169985,-0.0175966,0.036627,-0.013787,-0.00191497,0.0376843,0.0324687,0.00015384,-0.00247659,-0.0783795,-0.0423699,-0.0174626,-0.0144432,-0.0702706,-0.0441361,-0.00170634,-0.034871,-0.0356593,-0.00756613],[-0.0867855,-0.0320487,-0.00888576,-1.44576,-0.15199,-0.756337,-0.148558,-0.0235183,-0.55799,-0.0973797,-0.0630176,-0.620775,-1.07547,-0.0264429,-0.0145582,0.434417,0.0743167,-0.112016,0.0581698,0.0899968,0.707797,-0.0962308,-1.97405,-0.0527418,-0.0126774],[0.00990722,0.0436437,-0.0286634,-0.0253435,0.0319497,0.040355,0.00175585,-0.00412389,-0.0237175,-0.000670362,0.00173286,-0.0544559,-0.300914,0.000176565,0.00416318,-0.135235,-0.000545571,-0.0542265,0.00163533,0.0749964,0.0327924,0.000246883,-0.140412,0.00699693,-0.00144146],[0.021165,-0.00972946,0.0171181,0.0673992,0.0568124,-0.0262292,-0.0203125,-0.011443,-0.0650834,0.0141449,-0.000140826,0.0305333,-0.528046,-0.012296,0.00715459,-0.507185,0.0120158,-0.0404521,0.0387265,-0.0937948,0.0865011,0.00833815,-0.280134,-0.0508313,0.010765],[-0.0524396,-0.0744806,-0.178912,-0.792429,0.0759846,-0.748769,0.0391822,-0.0718915,-1.0412,-0.0403842,-0.0537718,-0.381004,-3.92967,-0.0132052,0.0739379,-1.68485,0.262831,-0.10974,-0.201331,0.0742192,0.239236,-0.0176744,-1.46535,-0.225249,-0.0490704]],"sigmahat":[[0.122336,0.078477,0.015747,0.231181,0.113581,0.12635,-0.0128897,0.00248836,0.214468,0.00870237,0.0112576,0.0550709,0.161938,0.00263551,-0.00150073,0.123498,-0.0179851,0.0697794,-0.0045602,-0.0125137,-0.0402643,-0.000570966,0.391277,0.0368534,-0.000340569],[0.078477,0.222718,-0.0565648,0.0536727,0.0326095,0.230144,0.016354,-0.0157291,0.204812,0.00690568,0.0154306,0.0409975,0.720862,0.00591535,0.00598708,0.159783,-0.00499761,0.0234567,0.00899072,0.059212,0.000418894,0.00158853,0.279537,0.0523109,0.00403094],[0.015747,-0.0565648,0.422851,0.0519021,-0.0795197,-0.0203447,-0.0213875,0.0244856,-0.186728,-0.00966539,0.0043547,0.0827763,-0.120067,0.0119501,0.0263391,-0.390988,-0.00183662,0.162981,0.0379552,-0.184027,-0.0553389,-0.00340047,0.498008,0.0796896,-0.00228882],[0.231181,0.0536727,0.0519021,2.34706,0.035437,0.719205,-0.00508611,-0.0175897,0.59571,0.0249391,0.0190773,0.317775,-0.145126,-0.0106946,0.0288892,-0.255018,-0.0111911,0.12917,-0.0138912,0.0206587,-0.044769,0.00428119,0.883554,0.237809,-0.0133789],[0.113581,0.0326095,-0.0795197,0.035437,2.05742,0.665146,0.00781353,0.0242575,-0.181227,0.0279069,-0.0123821,-0.195451,-1.20848,-0.0291026,-0.0304456,-0.554353,0.0221612,-0.246154,-0.0164782,0.540595,0.408907,-0.00633826,-0.614006,-0.0913116,0.0311675],[0.12635,0.230144,-0.0203447,0.719205,0.665146,2.74459,0.117703,-0.0121983,1.48112,0.0978859,0.0583441,0.151724,4.44362,0.0303971,-0.064933,2.28037,0.0536473,-0.0236713,0.000476067,0.265379,-0.188566,0.0161947,1.23854,0.289707,0.0879354],[-0.0128897,0.016354,-0.0213875,-0.00508611,0.00781353,0.117703,0.113964,-0.0120532,0.227611,0.0136686,0.0239809,-0.0724462,1.58196,0.0233824,-0.000662857,0.47206,0.00669836,0.0505237,-0.00876164,0.0851721,-0.0536616,0.00249648,0.157539,0.0832354,0.0101721],[0.00248836,-0.0157291,0.0244856,-0.0175897,0.0242575,-0.0121983,-0.0120532,0.0736639,-0.0422369,-0.00773312,-0.00463845,-0.0588117,-0.52261,-0.000700914,-0.00734016,-0.00800423,-0.0121248,0.0118355,0.0138318,0.0240536,-0.0621741,-0.00281125,0.0685952,-0.00651942,-0.00238933],[0.214468,0.204812,-0.186728,0.59571,-0.181227,1.48112,0.227611,-0.0422369,5.2255,0.210045,0.160756,0.06583,12.433,0.0501702,-0.248075,6.67073,-0.0603378,0.207312,-0.155927,0.0979529,-0.674867,0.00404808,1.89456,0.76346,0.0866257],[0.00870237,0.00690568,-0.00966539,0.0249391,0.0279069,0.0978859,0.0136686,-0.00773312,0.210045,0.0266841,0.00925548,-0.00524765,0.779592,0.00342034,-0.0119507,0.380284,-0.000269125,0.00611299,-0.00837089,0.00337603,0.00515623,0.0034928,0.0961617,0.0400407,0.0104921],[0.0112576,0.0154306,0.0043547,0.0190773,-0.0123821,0.0583441,0.0239809,-0.00463845,0.160756,0.00925548,0.0496207,0.0166958,1.0599,0.0420259,0.0227934,0.312854,-0.00501033,0.0198744,0.00844629,0.0176643,-0.0626073,0.0024376,0.121656,0.0796586,0.0116694],[0.0550709,0.0409975,0.0827763,0.317775,-0.195451,0.151724,-0.0724462,-0.0588117,0.06583,-0.00524765,0.0166958,1.00071,0.58509,0.000256124,0.0181945,0.107464,-0.0107517,0.147467,-0.017371,-0.0620938,-0.0282339,0.00516402,0.547923,0.0726804,0.0221101],[0.161938,0.720862,-0.120067,-0.145126,-1.20848,4.44362,1.58196,-0.52261,12.433,0.779592,1.0599,0.58509,109.586,0.813979,-0.402161,24.82,0.0531353,1.5785,-0.832795,0.76341,-2.82897,0.0108521,9.13106,4.02844,0.553914],[0.00263551,0.00591535,0.0119501,-0.0106946,-0.0291026,0.0303971,0.0233824,-0.000700914,0.0501702,0.00342034,0.0420259,0.000256124,0.813979,0.0531996,0.0320897,0.27571,0.00310343,0.0205654,0.0127624,0.0105673,-0.0516422,0.00361798,0.106541,0.0510738,0.00993427],[-0.00150073,0.00598708,0.0263391,0.0288892,-0.0304456,-0.064933,-0.000662857,-0.00734016,-0.248075,-0.0119507,0.0227934,0.0181945,-0.402161,0.0320897,0.0595591,-0.429776,0.00262872,0.00266612,0.02676,-0.0259204,0.0103271,0.00185448,-0.0112388,-0.0049904,-0.0028575],[0.123498,0.159783,-0.390988,-0.255018,-0.554353,2.28037,0.47206,-0.00800423,6.67073,0.380284,0.312854,0.107464,24.82,0.27571,-0.429776,18.1799,0.0168393,0.329265,-0.347387,0.305454,-1.18801,0.0427788,3.20942,1.28679,0.253061],[-0.0179851,-0.00499761,-0.00183662,-0.0111911,0.0221612,0.0536473,0.00669836,-0.0121248,-0.0603378,-0.000269125,-0.00501033,-0.0107517,0.0531353,0.00310343,0.00262872,0.0168393,0.17163,0.00520858,0.0233438,-0.0175222,0.0764483,0.0042116,-0.0264617,-0.015411,-0.00860739],[0.0697794,0.0234567,0.162981,0.12917,-0.246154,-0.0236713,0.0505237,0.0118355,0.207312,0.00611299,0.0198744,0.147467,1.5785,0.0205654,0.00266612,0.329265,0.00520858,0.505802,0.000194068,-0.335896,-0.229498,0.00144501,1.43036,0.0668697,-0.0112692],[-0.0045602,0.00899072,0.0379552,-0.0138912,-0.0164782,0.000476067,-0.00876164,0.0138318,-0.155927,-0.00837089,0.00844629,-0.017371,-0.832795,0.0127624,0.02676,-0.347387,0.0233438,0.000194068,0.134174,0.0290587,0.0273039,0.00262455,-0.0636167,-0.0402272,-0.00243457],[-0.0125137,0.059212,-0.184027,0.0206587,0.540595,0.265379,0.0851721,0.0240536,0.0979529,0.00337603,0.0176643,-0.0620938,0.76341,0.0105673,-0.0259204,0.305454,-0.0175222,-0.335896,0.0290587,2.21005,0.287073,-0.0102868,-0.951409,0.156886,0.034522],[-0.0402643,0.000418894,-0.0553389,-0.044769,0.408907,-0.188566,-0.0536616,-0.0621741,-0.674867,0.00515623,-0.0626073,-0.0282339,-2.82897,-0.0516422,0.0103271,-1.18801,0.0764483,-0.229498,0.0273039,0.287073,1.21663,0.00238759,-1.51315,-0.114241,0.0119088],[-0.000570966,0.00158853,-0.00340047,0.00428119,-0.00633826,0.0161947,0.00249648,-0.00281125,0.00404808,0.0034928,0.0024376,0.00516402,0.0108521,0.00361798,0.00185448,0.0427788,0.0042116,0.00144501,0.00262455,-0.0102868,0.00238759,0.00680252,0.0482616,-0.00262585,0.000357749],[0.391277,0.279537,0.498008,0.883554,-0.614006,1.23854,0.157539,0.0685952,1.89456,0.0961617,0.121656,0.547923,9.13106,0.106541,-0.0112388,3.20942,-0.0264617,1.43036,-0.0636167,-0.951409,-1.51315,0.0482616,8.9237,0.403294,0.0419478],[0.0368534,0.0523109,0.0796896,0.237809,-0.0913116,0.289707,0.0832354,-0.00651942,0.76346,0.0400407,0.0796586,0.0726804,4.02844,0.0510738,-0.0049904,1.28679,-0.015411,0.0668697,-0.0402272,0.156886,-0.114241,-0.00262585,0.403294,0.513593,0.0301648],[-0.000340569,0.00403094,-0.00228882,-0.0133789,0.0311675,0.0879354,0.0101721,-0.00238933,0.0866257,0.0104921,0.0116694,0.0221101,0.553914,0.00993427,-0.0028575,0.253061,-0.00860739,-0.0112692,-0.00243457,0.034522,0.0119088,0.000357749,0.0419478,0.0301648,0.0228875]],"n":25,"lags":3,"seasonalRows":0}