{"betahat":[[1.44692,2.259,1.57985,1.75808,-2.23475,1.12838,0.660968,0.2759,5.21461,0.264939,0.562654,2.31359,38.9783,0.800578,-0.331141,17.9881,-0.357847,0.115868,2.80329,3.06491,0.393876],[0.810527,-0.0444907,0.127407,0.512252,-0.0878919,0.499952,-0.0704592,0.0219031,-0.389878,-0.0603241,-0.0128726,-0.089008,-1.58326,-0.0176659,0.0712949,-0.635729,0.0190594,-0.021411,-1.16238,0.0381538,-0.0461549],[-0.00729315,0.905759,-0.0978306,-0.0210756,0.416889,0.520094,0.074748,-0.0244521,0.628788,0.0346384,0.049521,-0.147545,1.82789,0.0276051,-0.00314426,0.489834,0.0239225,0.0235741,0.273257,0.0809112,0.0255044],[0.0496355,0.0573499,0.867764,0.16812,-0.255946,-0.196473,-0.0599766,-0.0526246,-0.341677,-0.0278362,-0.0355926,0.09738,-1.49777,-0.0606851,-0.0141417,-0.673155,-0.0879924,-0.0130681,0.085619,-0.344151,-0.0209246],[0.0120943,-0.0390952,0.0032857,0.958453,-0.0210529,-0.000290328,0.0176597,0.00326104,0.084487,0.000543933,0.00183561,-0.00308026,0.795627,-0.00189794,-0.0114577,0.0524707,-0.0660396,-0.0040779,-0.0358019,0.0184682,-0.00602554],[-0.0101103,0.0338827,-0.075201,-0.126574,0.782847,-0.00443232,0.007747,-0.00185972,-0.00489611,0.0268233,0.00405547,-0.0619404,1.26262,0.00350571,-0.0183111,0.274141,0.00503851,0.00838972,0.274888,-0.0030509,0.0232112],[0.0113503,0.00692071,0.0136961,0.133048,0.0411387,0.841561,0.0123467,-0.0138942,-0.165675,0.00773174,0.00946557,-0.0384909,0.256372,0.0241721,0.0376001,-0.417744,0.00484889,0.00724345,0.0376932,-0.00818647,0.0009361],[-0.032629,0.0145192,-0.166174,-1.2133,-0.0211032,-0.533488,1.06221,-0.0888353,-0.684005,-0.00157916,0.0811445,0.476032,-3.23666,0.00199246,0.0686467,-2.16001,0.174322,0.0238888,-1.86674,0.0748297,0.0401712],[-0.0898712,-0.191135,0.0157864,0.0447623,0.362092,0.20509,-0.0887374,0.49418,-0.053004,-0.0279355,0.0101047,1.02687,2.56008,0.036551,0.0230702,0.420953,-0.196,-0.0316521,1.14071,-1.19222,-0.0293453],[-0.00714204,0.0011525,0.00333815,0.0307781,-0.0131896,0.101716,-0.0329379,-0.0105209,1.0075,0.0127636,-0.0132846,0.00527566,-0.256404,-0.0117683,-0.0184732,0.107694,0.0111281,0.00582482,0.181296,-0.0274149,0.00810234],[-0.120793,-0.0549081,0.103551,-0.27433,-0.330429,0.587962,0.172176,-0.187222,-0.668072,1.1432,-0.140518,-1.03814,-1.18326,-0.0850979,0.0447473,0.225361,0.187104,-0.0395418,0.37318,0.0465722,0.143132],[0.134093,0.111023,-0.281625,0.951676,-0.341153,1.31629,-0.129724,0.0311349,0.426838,0.240676,1.07702,-0.174555,4.00968,0.0452327,0.00841962,0.67418,0.119116,0.0296679,0.330335,0.238267,0.148238],[0.0142229,0.0405132,0.0105572,0.0943077,-0.0991451,0.0767782,0.0386758,0.00909939,0.179664,0.0143596,0.033411,1.37045,0.193235,0.0075459,0.00193415,0.111419,-0.0434731,9.30533e-05,0.0761341,0.0604314,-0.0153393],[-0.00187803,-0.00521991,0.00369916,0.00760345,0.00670498,0.00810945,0.00219762,-0.00358584,-0.0116274,-0.000513067,-6.67285e-05,0.00276837,1.00777,-0.000132512,0.00126661,-0.0243808,0.00510699,-0.000546462,0.0145554,0.00198797,0.00138791],[0.0403085,0.280034,-0.0125183,-0.0122036,-0.272829,-0.241864,-0.088472,-0.0548618,-0.64532,-0.00517021,-0.0914333,0.506523,-5.00779,0.953544,0.0481222,-0.215873,0.271962,0.0406,2.2674,-1.20268,-0.0106015],[-0.139319,-0.247027,0.208348,-1.10324,0.616427,-1.61223,0.235076,0.0611461,-1.2131,-0.0186004,-0.0148915,-1.27248,-2.36205,0.00892323,0.97419,-1.76308,0.127538,0.0340793,0.499005,0.276431,0.0015937],[0.00176766,-0.00389512,0.0143969,-0.0204075,0.0292335,-0.0348414,0.00960469,-0.00425778,-0.042821,0.00353005,0.0115041,0.0162309,0.150723,0.0115592,0.00622476,1.11329,0.0286944,-0.00389799,0.110542,0.020221,0.00625571],[-0.034466,-0.0491924,-0.0516629,-0.261768,0.186089,-0.100385,-0.0277259,0.00378123,-0.336858,-0.00172021,-0.00556705,0.0173027,-1.15463,-0.0121424,0.0210723,-0.542034,1.23127,-0.0033808,-0.210312,-0.030871,-0.0145444],[0.136007,0.0762706,-0.2227,1.2073,0.47658,-0.170526,0.324523,0.137828,1.06641,0.251364,0.328952,0.815927,-2.71658,0.397816,0.119567,1.99954,-1.1236,1.34541,3.16882,-0.143026,-0.000391109],[0.000758619,0.0128138,-7.74992e-05,-0.0654509,0.0370354,0.0612684,0.015748,-0.0169618,-0.0286793,0.00168743,-0.00104138,-0.00445908,0.224054,0.00186583,-0.00613237,0.00846566,0.0113711,0.00316769,0.214477,0.0286785,-0.00173827],[-0.0475706,-0.0203669,0.0559722,0.0471302,-0.196729,0.228168,0.0469838,0.0486739,0.25514,0.0239582,0.00274662,-0.228991,1.00267,0.00098518,0.00053409,0.156344,-0.0842977,0.0142742,-0.808733,0.391786,-0.00837248],[-0.0196678,0.0358998,-0.13051,0.0106564,-0.227995,0.0389396,0.101781,0.249356,0.0968114,-0.00320565,-0.1803,0.229707,2.9714,-0.204743,-0.188698,2.11414,0.277791,-0.0294052,-1.05645,0.652156,1.00303],[0.108513,0.0272048,-0.32151,-0.468989,0.281136,-0.498146,0.0343212,-0.0176504,0.297627,0.0499041,0.0150099,-0.0242611,0.735065,0.019083,-0.0549336,0.514918,0.123943,0.0311876,0.572607,0.135541,0.0124955],[0.0612573,0.12957,0.008283,0.145387,-0.152586,-0.200821,-0.0566552,0.00426355,0.00732457,0.00143743,0.00572844,0.100793,-0.919738,-0.000791574,0.00146383,-0.137691,-0.0455844,-0.00217085,0.124118,0.12617,-0.0184061],[-0.0309516,-0.0606327,0.093233,-0.0420751,0.290113,0.469728,0.103985,-0.0235183,0.355551,0.0451596,0.0197319,-0.139063,1.65396,0.0387166,0.00436453,0.607103,0.0341743,0.0213422,0.183755,0.304319,0.0285131],[-0.0295887,0.0152112,0.0012806,0.0218715,-0.0579679,0.0575733,-0.024362,0.00282573,-0.121857,0.00585822,-0.00732988,0.0245879,-0.351679,0.000573499,0.0109552,-0.0620794,0.118172,0.000109204,-0.0307479,-0.0333271,0.0108101],[-0.00890156,-0.0433929,0.0638815,-0.0277502,0.125116,-0.118412,-0.0295873,-0.00323956,-0.166597,-0.0216625,-0.0175515,0.0817795,-1.62399,-0.0122883,0.0111177,-0.304272,0.00460267,-0.00746202,-0.287676,-0.0552281,-0.021981],[-0.00230309,0.00211471,-0.0106526,-0.100438,-0.0070619,0.157197,-0.020248,0.000461192,0.193812,-0.000628174,-0.00951997,0.0446593,-0.601094,-0.0256898,-0.0277263,0.292044,0.0175964,-0.00200152,-0.0509744,-0.0174894,-0.00479708],[0.0264307,-0.0694383,0.128776,1.09405,-0.0563876,0.282438,-0.0556941,0.125709,0.319994,0.00634018,-0.0826647,-0.375607,1.07594,-0.0196828,-0.0562725,0.900676,-0.120085,0.00924357,1.26683,-0.157431,-0.0827904],[-0.0815256,-0.176838,-0.137394,-0.250872,-0.1182,-0.41429,0.155156,0.321184,0.161035,0.0341298,-0.0734219,-0.944992,-0.50651,-0.0865752,-0.10935,-0.0738152,0.262496,0.0266573,-0.913565,0.501212,-6.69276e-05],[0.00323152,-0.0114564,0.00807871,-0.00182522,0.0348803,-0.0478776,0.0147015,0.00820237,-0.0271972,-0.0118707,0.00363455,-0.0071789,-0.0995542,0.00122269,0.00968678,-0.128279,-0.00325319,-0.0040585,-0.179437,0.0192769,-0.00911011],[0.0594057,0.0588083,0.0654469,0.210438,0.223981,-0.379617,-0.195412,0.142093,0.256335,-0.146288,0.0774079,0.93468,1.7197,0.0530331,-0.00752413,-0.45058,-0.148985,0.00689996,0.158621,-0.032045,-0.0857302],[-0.0686005,-0.0109106,0.052322,-0.565667,0.727654,-0.445911,0.156908,-0.0490308,-0.294485,-0.156226,-0.0616334,-0.143655,-2.00041,-1.81858e-05,0.0119608,-0.47039,-0.292337,-0.0117828,-0.808219,-0.0833646,-0.141452],[-0.011561,0.000773762,-0.031447,-0.148212,0.0965242,-0.00404256,-0.02274,-0.02648,-0.0501605,-0.00311839,-0.0138816,-0.256268,-0.151325,-0.00486296,0.000935001,-0.05517,0.00462152,-0.00140412,-0.0429083,-0.0377067,0.0155784],[0.00103693,-0.00116344,-0.00158469,-0.000272076,-0.00147213,-0.0120669,0.000371422,0.00428048,-0.000239808,-1.18583e-05,0.000270566,-0.00879883,-0.0130696,0.0012049,0.000297412,0.01253,-0.0120795,0.000476659,0.0261261,-0.00388622,-0.00152329],[0.0477474,-0.0455437,-0.0885235,0.219892,0.792862,0.425324,0.0276447,-0.0282189,0.146119,0.0336588,-0.00687058,-0.362672,0.898038,-0.0606802,-0.0641869,-0.16302,-0.145509,-0.0215027,-1.44295,0.52746,-0.026609],[0.075207,0.231585,-0.0325897,0.696189,-0.547573,1.02288,-0.134049,-0.159605,1.0109,0.0682764,0.010759,0.742795,2.96775,-0.0306513,0.0168687,1.49657,-0.220095,-0.00345252,0.0793522,-0.227636,0.0120129],[0.00399265,0.00692264,-0.0165122,0.029795,-0.0176721,0.0259312,-0.0111735,0.00107019,0.00629274,-0.00384058,-0.00923177,0.000383696,-0.128378,-0.0115318,-0.00325859,-0.0955492,-0.0120714,0.000954745,-0.0712442,-0.00745283,-0.00497389],[0.0337705,0.0268121,0.0908095,0.235345,-0.0697399,0.108438,0.00912025,0.0247677,0.240088,0.0141964,0.00654071,0.00978671,0.932358,0.0121704,-0.0101638,0.662159,-0.0596142,-0.0011427,0.156828,0.0815982,0.0244091],[-0.18884,-0.207444,0.169023,-0.0920221,0.255264,0.993809,-0.252328,0.0310644,-0.0402495,-0.155557,-0.206466,-0.140581,3.70765,-0.334187,-0.206823,-0.424862,0.987246,-0.266781,-2.66686,0.0533045,-8.83171e-05],[-0.0137778,-0.0400503,0.0221634,0.00741884,0.0179363,-0.0289502,-0.0222164,0.00326769,-0.0658575,-0.00600555,-0.0108154,0.0194115,-0.311352,-0.00639971,-8.93721e-05,-0.0602828,0.014618,-0.00481682,0.0412545,-0.00241267,0.00376838],[0.00411904,-0.0564119,0.00913599,0.0387178,0.0338956,-0.221046,0.0293223,-0.0377574,-0.267154,-0.00921301,-0.0115814,-0.147516,-0.668762,-0.00352612,0.0207746,-0.592612,0.00106793,-0.00232857,-0.124049,-0.226432,-0.0098574],[0.109005,0.038797,0.0521371,-0.0570264,0.21526,-0.224217,-0.152986,-0.148816,-0.205503,-0.0518334,0.145076,-0.0427709,-2.87745,0.152296,0.170785,-1.2822,-0.224537,0.052424,3.00028,-0.32212,-0.0243931],[0.0809469,0.0172697,0.194121,-0.0432832,-0.193197,-0.00179095,0.0361466,-0.00425684,0.0922784,0.0104202,-0.00213834,0.113255,0.848416,-0.00142171,-0.0163626,0.120761,-0.143004,-0.00977546,0.589754,-0.173657,0.0336581],[-0.0539796,-0.0353594,0.089563,-0.124333,-0.264231,-0.319252,-0.0180926,0.0201859,-0.63606,-0.0360754,-0.0552537,0.0467175,-0.908048,-0.0268235,0.00167537,-0.35222,0.0216619,-0.0214034,-0.39741,-0.207036,-0.00709922],[-0.0186876,0.00329177,0.039043,-0.126032,-0.0341592,-0.273206,-0.0439655,0.07613,-0.0138089,-0.0173206,0.0158755,0.0416999,-0.155496,0.0219763,0.00978449,0.0661036,0.0537748,-0.00826775,-0.269354,0.0399236,-0.0075913],[0.017479,0.0238778,-0.00459545,0.0195167,0.0791926,-0.0572564,0.00670572,-0.00609157,0.0374206,-0.00640332,0.00548647,-0.0215748,-0.44366,0.00131541,0.0004936,0.0096869,-0.0521068,0.00396756,0.0666368,0.0149214,-0.00477942],[0.0189685,0.00943392,0.0113664,0.154261,0.0920204,0.12276,0.0218317,0.00509641,0.17144,-0.0051649,0.0134824,-0.0198971,0.36101,0.00876444,0.00719202,0.0298308,-0.00964519,-0.000930204,0.0125907,0.0582878,-0.00123863],[-0.00907729,-0.00910039,-0.00304929,-0.0327437,-0.0338867,0.0011772,0.00788563,0.0134282,-0.0281333,-0.00710974,3.7858e-05,-0.00632283,0.344283,0.00149317,-0.00987853,0.125501,-0.0224298,-0.00524658,0.0131855,0.0257611,0.00386024],[0.00618986,0.0548393,0.0375983,0.119123,0.0779681,0.251512,-0.00645115,-0.0369237,0.363867,-0.00480489,0.00152627,-0.100567,2.16058,0.0176832,-0.012347,1.25915,-0.0545193,-0.0331047,0.599973,0.0827614,0.0425956],[0.166546,0.301143,0.107056,0.192751,-0.191716,0.062727,-0.1082,0.131477,-0.360234,-0.00429016,0.0232306,0.00715289,-3.04793,0.0287421,0.07934,-0.603243,-0.0600172,-0.00224977,-0.0986899,0.419273,0.0335583],[0.00395564,0.010236,-0.0116987,-0.0289974,-0.0208626,-0.0538857,0.0181639,0.00236056,0.0190945,-0.000882961,0.00960862,0.00140892,0.356259,0.0105206,0.00877643,0.0213773,-0.00778586,-0.00176382,-0.00124421,0.00829095,0.00110538],[0.0907543,0.0446594,-0.203253,0.263145,-0.0647395,-0.231214,0.00641068,0.055404,0.488083,-0.0466005,0.0711786,0.168055,-0.374075,0.0408827,-0.0191903,0.363264,0.0126357,0.0151929,-0.0669867,-0.0227359,-0.0564064],[-0.0370969,-0.0265943,0.154131,-0.305695,-0.317039,-0.650682,-0.0165163,0.0329657,-0.00774553,-0.0669906,-0.0369278,0.256912,-1.78655,-0.0642714,-0.0407424,-0.192023,0.0924901,-0.018489,1.05144,-0.199864,-0.00151117],[-0.00257545,-0.0409167,0.0210985,0.0536927,0.00241581,-0.0712656,-0.0159238,0.0173311,-0.128031,-0.011232,-0.0194171,-0.114899,-0.0371656,-0.00259979,-0.00279648,-0.0559042,0.0384722,0.00131884,-0.0315234,-0.0222095,-0.000324157],[0.00063999,0.00638671,-0.00398264,-0.00946141,-0.00251896,0.00330632,-0.00258144,-0.00042101,0.00876078,0.000406466,-0.000605124,0.00277695,-0.0389116,-0.00137559,-0.00145056,0.00884512,0.0078925,0.000180053,-0.0408401,0.00262697,0.000114906],[-0.082758,-0.199827,0.142891,-0.107721,-0.60442,-0.0662513,0.105692,0.0649259,0.620095,0.0117923,0.101932,-0.0720974,4.51674,0.0868856,0.0027283,0.567987,-0.083517,-0.0172848,-0.686835,0.65715,0.0448081],[0.0411821,-0.0104966,-0.191954,0.354749,-0.015484,0.545498,-0.0750906,0.110253,0.252281,-0.0488092,-0.0133211,0.532329,-0.795592,-0.00174202,-0.0204288,0.0364695,0.019652,-0.0287893,-0.545548,-0.108482,-0.0221988],[-0.00562328,-0.00283457,0.00307829,-0.00898873,-0.011471,0.00970274,0.00198096,0.00295787,0.0348227,0.000362859,-0.00209361,-0.0159199,-0.0190322,9.13345e-05,-0.00259331,-0.0202325,-0.0162456,0.00294986,-0.0375978,-0.0119119,-0.00127776],[-0.00392264,0.0134939,-0.0337096,0.0140532,-0.113653,-0.0184034,0.0155263,-0.0270386,0.090214,-0.0147158,-0.00178108,-0.0257224,0.15214,-0.00197135,-0.00979592,-0.189297,-0.179478,0.00294132,0.0522383,-0.0526913,-0.0111372],[-0.0885936,-0.0805572,0.049236,-1.13786,-0.667568,-0.712314,-0.11879,-0.136859,-0.899774,-0.107391,-0.123931,-0.757206,-2.73341,-0.0736429,0.064695,-1.06715,0.156035,-0.103819,-1.32302,-0.0789361,-0.0208714],[0.025645,0.0590451,-0.00825607,0.0032133,0.0557044,0.0464936,0.00816338,-0.00268631,0.00666005,0.00254191,0.00649923,-0.0426061,-0.0815816,0.00270956,0.00415524,-0.076503,0.0196421,0.00102307,0.00195289,-0.00674055,0.000683275],[-0.00531113,-0.00369614,-0.0320458,0.0900893,-0.119328,0.0315217,-0.0243492,-0.0415481,-0.126066,0.00152339,-0.00878125,0.0392693,-0.548941,-0.0157483,0.0183011,-0.392566,0.0259068,0.0059416,0.0549622,0.0189321,0.0113494],[-0.0528327,-0.212152,0.0663136,0.159979,0.220485,-0.302131,0.0111277,-0.0790166,-0.847063,-0.0164671,-0.0292257,-0.107377,-2.76477,0.00363137,0.0628139,-2.37079,0.226278,-0.0234943,-2.15896,-0.404105,-0.0578978]],"sigmahat":[[0.194737,0.207869,-0.012816,0.311167,0.179647,0.347899,-0.00681191,-0.000789192,0.331257,0.0138167,0.0304139,0.0749194,0.818452,0.0183059,0.00700377,0.294564,-0.0406889,0.000480087,0.682471,0.0889243,0.00997339],[0.207869,0.487247,-0.095337,0.169952,0.0843511,0.600579,0.0446185,-0.0126404,0.372579,0.0144578,0.0469689,0.03,1.74093,0.0335911,0.0260128,0.363666,-0.0577046,0.00419564,0.958679,0.142573,0.0147868],[-0.012816,-0.095337,0.477464,0.0236633,-0.0893579,-0.0700041,-0.0256645,0.0165764,-0.324711,-0.0149086,0.00389993,0.145726,0.331566,0.0124412,0.0327671,-0.453943,0.0153955,-0.00374961,0.127741,0.0722691,-0.00515684],[0.311167,0.169952,0.0236633,2.81373,0.0682182,1.12808,-0.0263911,-0.00894302,0.90092,0.0319697,0.0515263,0.528259,0.942957,0.00787098,0.0282889,0.196066,-0.0774192,-0.000264539,1.01078,0.120374,0.0143698],[0.179647,0.0843511,-0.0893579,0.0682182,2.43213,0.874011,0.0459542,0.0301297,-0.0403135,0.037464,-0.017922,-0.35809,-1.419,-0.0384287,-0.039585,-0.680294,0.26675,-0.0034901,-0.550135,0.0596428,0.021962],[0.347899,0.600579,-0.0700041,1.12808,0.874011,3.83945,0.147588,-0.00149478,2.20908,0.144525,0.10638,0.114605,6.96095,0.0550835,-0.0689883,2.84351,-0.188227,0.0147493,2.22503,0.509173,0.104427],[-0.00681191,0.0446185,-0.0256645,-0.0263911,0.0459542,0.147588,0.144442,-0.00913645,0.21425,0.014049,0.0294313,-0.114655,1.7481,0.029504,0.00628123,0.398997,-0.0764742,0.00609602,0.267494,0.0950492,0.0128063],[-0.000789192,-0.0126404,0.0165764,-0.00894302,0.0301297,-0.00149478,-0.00913645,0.0940502,-0.0412104,-0.00966598,-0.00525834,-0.0957082,-0.604789,-0.00253846,-0.00606072,-0.110967,-0.0462597,-0.0019791,-0.0852014,0.0765707,-0.008272],[0.331257,0.372579,-0.324711,0.90092,-0.0403135,2.20908,0.21425,-0.0412104,6.57275,0.258308,0.227251,0.124459,14.9163,0.0680905,-0.306843,7.58106,-0.591007,-0.00218885,2.37396,0.932975,0.101456],[0.0138167,0.0144578,-0.0149086,0.0319697,0.037464,0.144525,0.014049,-0.00966598,0.258308,0.0358605,0.0104296,-0.0103917,0.938037,0.00259668,-0.0157219,0.436166,0.00715552,0.00471006,0.161805,0.0373172,0.0163986],[0.0304139,0.0469689,0.00389993,0.0515263,-0.017922,0.10638,0.0294313,-0.00525834,0.227251,0.0104296,0.0648351,0.0490108,1.49223,0.0539478,0.028152,0.44568,-0.0675414,0.0027991,0.222137,0.102237,0.0162104],[0.0749194,0.03,0.145726,0.528259,-0.35809,0.114605,-0.114655,-0.0957082,0.124459,-0.0103917,0.0490108,1.49351,1.81327,0.0257064,0.0170346,0.62717,0.0194028,-0.00184669,0.818967,-0.12918,0.0379214],[0.818452,1.74093,0.331566,0.942957,-1.419,6.96095,1.7481,-0.604789,14.9163,0.938037,1.49223,1.81327,143.67,1.23518,-0.384493,30.8492,-2.75515,0.0521947,20.092,4.31625,0.735943],[0.0183059,0.0335911,0.0124412,0.00787098,-0.0384287,0.0550835,0.029504,-0.00253846,0.0680905,0.00259668,0.0539478,0.0257064,1.23518,0.0666612,0.0393644,0.400414,-0.0573293,0.00503922,0.21442,0.0528818,0.0152334],[0.00700377,0.0260128,0.0327671,0.0282889,-0.039585,-0.0689883,0.00628123,-0.00606072,-0.306843,-0.0157219,0.028152,0.0170346,-0.384493,0.0393644,0.0732604,-0.451259,-0.000570192,0.00257604,-0.00244432,-0.00742324,-0.000462376],[0.294564,0.363666,-0.453943,0.196066,-0.680294,2.84351,0.398997,-0.110967,7.58106,0.436166,0.44568,0.62717,30.8492,0.400414,-0.451259,20.9543,-0.876258,0.0487851,6.54375,1.12615,0.415967],[-0.0406889,-0.0577046,0.0153955,-0.0774192,0.26675,-0.188227,-0.0764742,-0.0462597,-0.591007,0.00715552,-0.0675414,0.0194028,-2.75515,-0.0573293,-0.000570192,-0.876258,0.822558,-0.00550638,-1.37568,-0.0994431,-0.00901699],[0.000480087,0.00419564,-0.00374961,-0.000264539,-0.0034901,0.0147493,0.00609602,-0.0019791,-0.00218885,0.00471006,0.0027991,-0.00184669,0.0521947,0.00503922,0.00257604,0.0487851,-0.00550638,0.00887453,0.0671434,-0.00139159,0.00012868],[0.682471,0.958679,0.127741,1.01078,-0.550135,2.22503,0.267494,-0.0852014,2.37396,0.161805,0.222137,0.818967,20.092,0.21442,-0.00244432,6.54375,-1.37568,0.0671434,17.7342,-0.0176999,0.161597],[0.0889243,0.142573,0.0722691,0.120374,0.0596428,0.509173,0.0950492,0.0765707,0.932975,0.0373172,0.102237,-0.12918,4.31625,0.0528818,-0.00742324,1.12615,-0.0994431,-0.00139159,-0.0176999,1.10923,0.030554],[0.00997339,0.0147868,-0.00515684,0.0143698,0.021962,0.104427,0.0128063,-0.008272,0.101456,0.0163986,0.0162104,0.0379214,0.735943,0.0152334,-0.000462376,0.415967,-0.00901699,0.00012868,0.161597,0.030554,0.0395184]],"n":21,"lags":3}