{"betahat":[[1.29535,1.77525,1.66838,1.18988,-0.879511,-0.0631522,0.648114,0.325454,3.87718,0.161551,0.396329,2.25282,31.6024,0.558015,-0.19297,9.90941,5.79455,2.81594,0.250843],[0.841132,-0.0284989,0.118852,0.458392,-0.118895,0.488051,-0.0631714,0.00289934,-0.385843,-0.0546547,-0.0195616,-0.0748934,-0.798574,-0.0190189,0.0665093,-0.640668,-1.07619,0.0456982,-0.0307932],[-0.0164282,0.915773,-0.103717,-0.0231577,0.402518,0.490909,0.0730822,-0.0240287,0.593331,0.0370538,0.0467634,-0.130622,1.80826,0.0260167,-0.00280024,0.469702,0.171907,0.0805882,0.022696],[0.0330151,0.0401327,0.891104,0.137023,-0.277568,-0.183571,-0.0592982,-0.0613805,-0.325771,-0.033251,-0.0395262,0.0753183,-1.34154,-0.0670175,-0.0167404,-0.707944,-0.0903063,-0.353652,-0.0233748],[0.0135485,-0.0306852,-0.00481158,0.992374,-0.0332855,0.0211748,0.0217754,0.00253659,0.120993,0.000851473,0.00436545,-0.00181882,0.849025,0.0015039,-0.0134491,0.107061,0.026923,0.0132312,-0.006063],[-0.0128594,0.0250811,-0.0735903,-0.152585,0.827217,-0.0225694,0.00240825,-0.000492654,-0.0545233,0.027064,0.00364399,-0.0551558,1.00214,0.00239435,-0.0132938,0.203752,0.228274,-0.000958979,0.0208324],[0.00757577,0.000710254,0.0148852,0.120585,0.0373063,0.854162,0.010105,-0.0135382,-0.150943,0.00512508,0.00768036,-0.0499219,0.209013,0.0218702,0.0353817,-0.390961,-0.00964501,-0.0125381,0.0010483],[-0.00795796,0.0495617,-0.140597,-0.958195,-0.0875287,-0.429195,1.08712,-0.0879873,-0.469176,0.0138789,0.0912066,0.50541,-2.80401,0.0164984,0.0550492,-1.8454,-1.55921,0.0584546,0.0440505],[-0.072587,-0.164847,0.0376622,0.248125,0.234224,0.301695,-0.0720667,0.535512,0.204375,-0.0296813,0.0196235,1.02571,3.17875,0.0414425,0.010815,0.790459,1.41232,-1.1511,-0.0274009],[-0.00569491,0.00580114,0.00693676,0.0446695,-0.0415539,0.109047,-0.0280693,-0.0122107,1.04436,0.0119826,-0.010805,0.00721819,-0.0986638,-0.00949333,-0.0185769,0.126331,0.205076,-0.0262253,0.00906534],[-0.10952,-0.0692967,0.0498345,0.0452821,-0.0261572,0.713874,0.227048,-0.116138,-0.425595,1.22776,-0.0573349,-0.757566,-1.86657,-0.0117822,0.0516712,0.83803,0.69654,0.0391241,0.143619],[0.10646,0.0813966,-0.232265,1.0664,-0.413207,1.30388,-0.094158,0.0163427,0.637655,0.240656,1.07778,-0.169862,4.36044,0.0348143,-0.0127246,0.886353,0.594222,0.153891,0.141262],[0.0143224,0.0366289,0.0140459,0.076834,-0.0830964,0.0685378,0.033751,0.00921222,0.158269,0.0130852,0.0310439,1.36387,0.17149,0.00558383,0.00179913,0.0737919,0.0358347,0.0643284,-0.0149353],[-0.00139095,-0.00454817,0.00396633,0.00354242,0.0027557,0.0063382,0.0011029,-0.00436361,-0.016917,-0.00102785,-0.00123748,0.000656381,1.01651,-0.00116938,0.00121606,-0.0341451,0.0112343,0.00104635,0.00127252],[0.056636,0.288059,-0.0329797,0.252583,-0.114667,-0.139855,-0.0233374,-0.0307344,-0.306243,0.0426198,-0.0189099,0.64437,-4.37116,1.03684,0.0454993,0.413375,2.37511,-1.13999,-0.00447939],[-0.123097,-0.222237,0.18192,-1.14423,0.593121,-1.57568,0.205357,0.0755386,-1.40924,-0.0322775,-0.0218563,-1.25923,-2.69184,-0.00123167,1.00697,-2.04615,0.320853,0.323417,-0.000992161],[-0.00273427,-0.00903563,0.0126763,-0.0266505,0.0298021,-0.0299203,0.00596687,-0.00400127,-0.0500639,0.00201992,0.00959496,0.00908756,0.0859991,0.00961289,0.00586828,1.11866,0.0521721,0.0178357,0.00540219],[0.00775414,0.0197188,0.00141212,-0.0329531,0.0300664,0.0638162,0.0204842,-0.0159614,0.00492392,0.00292886,0.00208518,0.00824579,0.318705,0.00502969,-0.00679124,0.0504707,0.320005,0.0365529,-0.000593385],[-0.0295045,0.0079442,0.0516904,0.0101326,-0.160001,0.206374,0.0448281,0.0492483,0.202346,0.0230442,0.005366,-0.223826,0.938318,0.00554225,0.00816582,0.0990596,-0.701261,0.450207,-0.00547562],[-0.0210517,0.0796636,-0.135229,-0.145762,-0.252224,0.0331966,0.101384,0.229151,0.0564103,-0.0130835,-0.17419,0.110638,3.71321,-0.200025,-0.176504,1.97542,-1.02764,0.678393,1.0151],[0.110888,0.0433834,-0.301865,-0.383518,0.281857,-0.484945,0.0326206,-0.00781246,0.279323,0.0465837,0.0183961,-0.012734,0.22506,0.0215148,-0.0464793,0.408763,0.582174,0.131054,0.00407215],[0.0654936,0.121894,0.0125955,0.11918,-0.139473,-0.200879,-0.0502238,0.00775621,0.000596777,0.00200625,0.0070656,0.0882665,-0.849594,0.00148786,-0.000411874,-0.109755,0.214499,0.130282,-0.0143781],[-0.0161879,-0.038983,0.0866376,-0.0252119,0.280555,0.456421,0.0978087,-0.0154291,0.332142,0.0442712,0.0220473,-0.136378,1.61542,0.0421847,0.00700441,0.648022,0.255715,0.322081,0.0312171],[-0.0279914,0.0154852,0.00533114,0.00797363,-0.0555025,0.0496834,-0.024742,0.00242582,-0.126357,0.00528186,-0.00806501,0.0200535,-0.318283,-0.000973895,0.011249,-0.0616183,-0.0706551,-0.0247948,0.0117485],[-0.00771782,-0.0419482,0.0576411,-0.00695678,0.115845,-0.0956007,-0.0264201,-0.00215893,-0.141122,-0.0215566,-0.0161618,0.0765387,-1.53864,-0.0103141,0.0100614,-0.257823,-0.267055,-0.055356,-0.0200813],[-0.00115671,0.00458282,-0.011388,-0.0929157,-0.00571544,0.143116,-0.0188035,0.000964148,0.173175,0.000363514,-0.00869107,0.0468193,-0.540663,-0.0237796,-0.0261491,0.271167,-0.040028,-0.0179634,-0.0041957],[0.0234792,-0.0771464,0.0831429,1.02219,-0.0299771,0.242461,-0.0581719,0.12385,0.316141,0.000667142,-0.0794357,-0.352624,0.906568,-0.020758,-0.0530224,0.840278,1.19584,-0.165622,-0.086011],[-0.078283,-0.148419,-0.123925,-0.337814,-0.138835,-0.45726,0.140583,0.294338,0.00373829,0.0247958,-0.0812037,-0.942459,-0.64661,-0.0915446,-0.0996106,-0.310382,-1.06635,0.517757,-0.00145697],[0.00451778,-0.0119275,0.0036591,-0.0090082,0.049422,-0.0542476,0.0133395,0.0085351,-0.042138,-0.0109745,0.00279292,-0.00664343,-0.141896,0.000998075,0.0104938,-0.136289,-0.154649,0.0185529,-0.00957189],[0.0269565,0.0236739,0.117244,-0.0156574,0.10562,-0.379583,-0.22797,0.109498,0.108728,-0.184438,0.0153817,0.732671,2.10127,-0.00772718,-0.0255592,-0.638818,-0.316885,-0.0614923,-0.088933],[-0.055657,-0.000139088,0.0232857,-0.718057,0.734289,-0.544174,0.123081,-0.0451923,-0.497033,-0.157546,-0.0626445,-0.137162,-2.56581,-0.000518658,0.0249875,-0.728801,-0.89094,-0.0613762,-0.139696],[-0.0115058,-0.000532137,-0.0287385,-0.149736,0.0777968,-0.0122283,-0.024095,-0.0280061,-0.0755809,-0.00540452,-0.0174976,-0.266777,-0.17612,-0.00785037,0.00191343,-0.090265,-0.0466266,-0.0430421,0.0148241],[0.000445615,-0.00132703,-0.00176715,-0.0002718,0.00102736,-0.0119171,0.000786165,0.0041821,-0.000175878,6.8635e-05,0.000748384,-0.00699233,-0.0157684,0.00158071,0.000436911,0.0105705,0.0169901,-0.00367775,-0.00151631],[0.0106662,-0.0938434,-0.0968401,-0.0233811,0.719212,0.330356,-0.0225858,-0.0343717,-0.0156502,0.00279599,-0.0495131,-0.485806,-0.0388587,-0.107314,-0.0628549,-0.502312,-1.77207,0.521054,-0.0369008],[0.062248,0.190102,-0.0224738,0.74796,-0.482355,1.0268,-0.103656,-0.168705,1.04952,0.0744774,0.0223893,0.781866,3.06793,-0.0076419,0.00705838,1.71909,0.361196,-0.318342,0.0129889],[0.00450448,0.00724679,-0.0157326,0.021819,-0.0185977,0.0209366,-0.01127,0.000237949,-0.00339059,-0.0042066,-0.00952034,0.0014009,-0.118429,-0.0117493,-0.00309317,-0.114203,-0.057351,-0.0088591,-0.0044745],[-0.0120553,-0.0361243,0.0183339,0.0184176,0.00698004,-0.0236371,-0.0200268,0.00436134,-0.0510197,-0.00600821,-0.00905945,0.0273131,-0.27361,-0.00508711,0.000136709,-0.0475211,0.0885792,-0.00393257,0.00317147],[0.0126834,-0.0478867,0.00835666,0.0519784,0.0411553,-0.22949,0.0339898,-0.0361839,-0.268352,-0.00685252,-0.00821368,-0.13186,-0.636272,0.000874503,0.0222153,-0.580863,-0.025504,-0.188737,-0.00710936],[0.0790024,-0.0105056,0.0399231,0.016843,0.285807,-0.167431,-0.145089,-0.136058,-0.16307,-0.0320989,0.144703,0.0366428,-3.69643,0.145812,0.159841,-1.2615,2.73146,-0.381762,-0.0341844],[0.0479613,-0.0149186,0.18303,-0.0748874,-0.162937,-0.00304622,0.0305482,0.00491294,0.106549,0.0080703,0.00116478,0.0875968,0.573105,-0.00249839,-0.0200322,0.231989,0.493929,-0.176757,0.0267201],[-0.0490894,-0.0377165,0.0911379,-0.0960391,-0.263,-0.289962,-0.0228687,0.0162743,-0.593885,-0.0390614,-0.0538323,0.0423069,-0.959231,-0.0275114,0.00320719,-0.35988,-0.386528,-0.210873,-0.00831885],[-0.0168541,-0.00118862,0.0222898,-0.111785,-0.00299477,-0.272737,-0.0384916,0.0768068,-0.00628709,-0.0110198,0.0174933,0.061056,-0.274034,0.024845,0.00973784,0.0602359,-0.165547,0.0315813,-0.00784369],[0.0144148,0.0151564,-0.000533318,-0.000472491,0.0889129,-0.0707931,0.00295419,-0.00496093,0.00537781,-0.00613734,0.00369377,-0.018318,-0.53122,-0.000535963,0.00219333,-0.0452641,0.0436577,0.0115676,-0.00568178],[0.0205254,0.0167718,0.0159944,0.159486,0.0569132,0.118173,0.0239911,0.00265468,0.195613,-0.0055134,0.0125079,-0.0214582,0.535586,0.00790798,0.00322888,0.0540269,0.03852,0.0562821,-0.00075715],[-0.00648541,-0.00541241,-0.00348446,-0.0277849,-0.0314559,0.00274389,0.00866576,0.0125812,-0.0222483,-0.00550095,0.000997963,0.00293742,0.330379,0.00189141,-0.0092388,0.119831,0.0492896,0.0305054,0.00314453],[-0.0158188,0.0271764,0.0576129,-0.0639618,0.117446,0.187397,-0.0289241,-0.0358435,0.153594,-0.0145596,-0.0117434,-0.152939,1.89561,0.00424871,-0.00205008,1.00664,0.362067,0.107055,0.0419005],[0.161847,0.293981,0.0824766,0.038272,-0.0920261,0.020776,-0.0975997,0.122281,-0.409686,0.00215399,0.0260095,-0.026205,-2.95231,0.0275931,0.0833582,-0.776193,-0.202824,0.474981,0.0341312],[0.00116768,0.00601262,-0.0107107,-0.0358718,-0.00738758,-0.0549707,0.0146283,0.00370109,-0.0031131,-0.00103898,0.00794674,-0.00092923,0.238611,0.0084557,0.00809484,0.0101447,-0.050073,0.00776257,0.000575743],[0.0831924,0.0543932,-0.197485,0.0415513,-0.160759,-0.348092,-0.0278808,0.0233806,0.268506,-0.0832856,0.0365064,0.0506193,-0.646963,0.0117265,-0.0127735,-0.202727,-0.223015,-0.000178855,-0.05856],[-0.0251934,-0.0196761,0.154394,-0.266958,-0.288095,-0.601177,-0.0209046,0.0363678,-0.0493807,-0.0733827,-0.0325882,0.268708,-1.55904,-0.0497209,-0.0272944,-0.14787,0.718635,-0.134987,0.00273236],[-0.00300281,-0.0361916,0.0148623,0.0727138,0.0051495,-0.0553473,-0.00976618,0.0187959,-0.0816212,-0.00768961,-0.0135086,-0.0978759,0.00416547,0.00227683,-0.00375724,0.0174119,0.0104309,-0.0212018,2.10112e-05],[0.000707601,0.00570043,-0.00354196,-0.00478776,-0.00159106,0.00554634,-0.00195024,0.000361853,0.0156042,0.000861942,0.000218399,0.00405434,-0.0322063,-0.000637471,-0.00160445,0.0217058,-0.0294569,0.00294047,0.000191108],[-0.0785028,-0.187564,0.148648,-0.181452,-0.6282,-0.0859038,0.0722489,0.0556702,0.396931,-0.018892,0.0666574,-0.116341,4.51929,0.0514379,0.00269445,0.261503,-0.592518,0.588141,0.0446135],[0.0480002,0.0171939,-0.171879,0.405129,-0.083538,0.538394,-0.0764315,0.102008,0.434395,-0.0426256,-0.00814338,0.485438,-0.407241,-0.00334437,-0.0352134,0.20678,-0.601176,-0.0521696,-0.0185272],[-0.00203995,0.00140286,0.0037089,0.00469099,-0.0111191,0.00977713,0.00546316,0.00365874,0.0521766,0.00217002,6.40997e-05,-0.0102016,0.0315511,0.00222532,-0.00253072,-0.00456237,0.00361924,-0.00866217,-0.000954606],[0.0235445,0.0543274,-0.00516099,0.0034691,0.0487401,0.0389058,0.00747509,-0.00344578,0.00265372,0.002288,0.00515084,-0.0405951,-0.0488682,0.00150533,0.00344741,-0.0775338,0.0140478,-0.0108585,0.000483955],[0.000351361,0.00410278,-0.0304633,0.0918005,-0.111075,0.0221936,-0.0191001,-0.036652,-0.104681,-0.000645909,-0.00454781,0.043924,-0.465638,-0.0102046,0.019972,-0.376467,0.157184,0.0367597,0.0103873],[-0.0557193,-0.205216,0.0801948,0.165204,0.16905,-0.226853,0.00281857,-0.0661457,-0.636055,-0.00715528,-0.0157105,-0.0823594,-2.43779,0.0149068,0.0527708,-1.83823,-2.01949,-0.376516,-0.0436591]],"sigmahat":[[0.215473,0.240818,-0.0205941,0.338983,0.189518,0.359806,-0.00246789,-0.00331238,0.366048,0.0169308,0.0347409,0.0758788,0.910875,0.0225817,0.00831955,0.302167,0.711857,0.106114,0.011614],[0.240818,0.555224,-0.108759,0.202044,0.0891633,0.64273,0.0566234,-0.0170227,0.45211,0.0205197,0.0553136,0.0204985,2.02222,0.0410509,0.026891,0.394811,1.04289,0.165426,0.0180328],[-0.0205941,-0.108759,0.501527,0.0129839,-0.0959346,-0.0786333,-0.0306344,0.0182915,-0.340929,-0.0168355,0.000762048,0.143743,0.343106,0.00949789,0.0324957,-0.470675,-0.0233905,0.0875094,-0.00471565],[0.338983,0.202044,0.0129839,3.12918,0.0625626,1.26506,-0.00706892,0.000177135,1.16183,0.0468364,0.0693733,0.596034,1.22358,0.0253712,0.0178354,0.54589,1.12869,0.11552,0.0150455],[0.189518,0.0891633,-0.0959346,0.0625626,2.58417,0.896892,0.0455266,0.0379264,-0.0971425,0.0435644,-0.0114091,-0.341674,-1.78469,-0.0334195,-0.0335265,-0.702856,-0.526657,0.0694439,0.0199956],[0.359806,0.64273,-0.0786333,1.26506,0.896892,4.1079,0.162967,0.00317798,2.4989,0.165797,0.121436,0.116781,7.59024,0.0622535,-0.0866149,3.3416,2.24411,0.528145,0.112755],[-0.00246789,0.0566234,-0.0306344,-0.00706892,0.0455266,0.162967,0.158562,-0.0102828,0.260184,0.0192192,0.0350283,-0.111672,1.93574,0.0357306,0.00591425,0.465235,0.293847,0.0997135,0.0149225],[-0.00331238,-0.0170227,0.0182915,0.000177135,0.0379264,0.00317798,-0.0102828,0.103975,-0.0369019,-0.00932436,-0.00410528,-0.095989,-0.689699,-0.00221782,-0.00680317,-0.0973979,-0.10392,0.0893111,-0.00926981],[0.366048,0.45211,-0.340929,1.16183,-0.0971425,2.4989,0.260184,-0.0369019,7.21093,0.291848,0.264211,0.174241,16.5141,0.0976342,-0.3367,8.45864,2.64616,1.00542,0.119294],[0.0169308,0.0205197,-0.0168355,0.0468364,0.0435644,0.165797,0.0192192,-0.00932436,0.291848,0.0417373,0.0144618,-0.00151118,1.03225,0.00666363,-0.0165517,0.502298,0.194733,0.0409695,0.0191376],[0.0347409,0.0553136,0.000762048,0.0693733,-0.0114091,0.121436,0.0350283,-0.00410528,0.264211,0.0144618,0.071831,0.0570188,1.55594,0.0608134,0.0295827,0.507032,0.247653,0.109365,0.0175337],[0.0758788,0.0204985,0.143743,0.596034,-0.341674,0.116781,-0.111672,-0.095989,0.174241,-0.00151118,0.0570188,1.62756,1.98357,0.0332425,0.0125361,0.785947,0.886347,-0.138767,0.0392173],[0.910875,2.02222,0.343106,1.22358,-1.78469,7.59024,1.93574,-0.689699,16.5141,1.03225,1.55594,1.98357,152.086,1.2972,-0.47069,33.0274,20.3338,4.57912,0.839835],[0.0225817,0.0410509,0.00949789,0.0253712,-0.0334195,0.0622535,0.0357306,-0.00221782,0.0976342,0.00666363,0.0608134,0.0332425,1.2972,0.0748808,0.04171,0.461561,0.245919,0.0568416,0.0166767],[0.00831955,0.026891,0.0324957,0.0178354,-0.0335265,-0.0866149,0.00591425,-0.00680317,-0.3367,-0.0165517,0.0295827,0.0125361,-0.47069,0.04171,0.078625,-0.502749,0.00118778,-0.00852235,-0.00150646],[0.302167,0.394811,-0.470675,0.54589,-0.702856,3.3416,0.465235,-0.0973979,8.45864,0.502298,0.507032,0.785947,33.0274,0.461561,-0.502749,23.1386,6.7178,1.22793,0.461432],[0.711857,1.04289,-0.0233905,1.12869,-0.526657,2.24411,0.293847,-0.10392,2.64616,0.194733,0.247653,0.886347,20.3338,0.245919,0.00118778,6.7178,17.9075,0.0267829,0.177516],[0.106114,0.165426,0.0875094,0.11552,0.0694439,0.528145,0.0997135,0.0893111,1.00542,0.0409695,0.109365,-0.138767,4.57912,0.0568416,-0.00852235,1.22793,0.0267829,1.23164,0.0349955],[0.011614,0.0180328,-0.00471565,0.0150455,0.0199956,0.112755,0.0149225,-0.00926981,0.119294,0.0191376,0.0175337,0.0392173,0.839835,0.0166767,-0.00150646,0.461432,0.177516,0.0349955,0.0428446]],"n":19,"lags":3}