{"betahat":[[-0.0642622,-1.52645,9.40868,0.326868,-7.64666,-4.30407,0.70133,1.24669,-0.244676,-0.00272096,-1.47147,1.6041,1.49184,-0.59797,0.323944,0.46248,2.96811,0.427667,11.3827],[1.1302,0.515992,1.36073,-0.0665317,1.02265,1.07569,-0.0307483,-0.287903,-0.00303155,-0.00241137,0.266931,-0.114944,-0.301495,0.0128575,0.0572537,0.0116305,-0.560207,-0.0591745,0.793813],[-0.224137,0.554699,-0.38078,0.033866,-0.56861,-0.919265,-0.053375,0.0597536,0.00741951,0.000456716,-0.329548,0.0669685,0.266012,-0.0317398,-0.0285841,-0.0150357,-0.024393,0.0304194,-2.13467],[-0.00613687,-0.0399391,0.746556,0.0273207,-0.108356,-0.0494401,-0.030739,0.00967004,0.000624935,-0.00037783,-0.0236982,0.0122191,0.0289593,-0.0133583,-0.00716484,-0.0058337,-0.0102448,-0.00288025,-0.388719],[-0.0104615,0.169443,0.229616,0.686639,-0.298645,-0.55969,-0.171921,0.253719,0.0126272,0.000394535,0.0785633,0.0808052,0.0143744,-0.028949,-0.0369056,-0.0473236,-0.234023,-0.000311981,-1.01445],[-0.0151068,-0.0819227,-0.353681,-0.0171928,0.779441,0.00891824,0.0192505,0.000832548,-0.00177215,0.000286365,-0.0606304,0.0143425,0.0741048,-0.00208642,-0.0165629,-0.015281,-0.0650071,0.00632754,0.0679626],[0.0588408,0.0505517,0.538679,0.0174469,0.132392,1.01801,0.0603188,0.00593865,0.00102883,-5.99535e-05,0.0553216,0.000199549,-0.0662065,0.0127074,0.00853578,0.00619248,-0.0345583,-0.0101844,0.701654],[-0.071425,-0.0405785,0.705473,-0.02472,-0.203526,-0.29824,0.974792,-0.0854744,0.0336271,8.75444e-05,0.0862876,0.0120975,-0.0441616,0.00501639,0.0503347,0.025807,-0.678848,-0.0120094,-0.155561],[-0.0588164,-0.186839,-0.315595,-0.0407309,0.473702,-0.0600615,0.103682,0.755515,0.0184587,0.00180532,-0.0976606,0.127797,0.172159,-0.0175724,0.0131158,-0.00393541,-1.24948,-0.013777,-0.971696],[-0.502012,-0.482599,4.15825,0.0398109,-0.879835,-0.617965,-0.527507,-0.194451,1.31916,-0.00259624,-0.279267,0.139385,0.349374,-0.00313999,-0.0248844,-0.0660143,1.03371,-0.0721636,-1.56326],[-4.23474,-2.95015,47.8142,-5.72433,5.99638,3.71345,-3.11452,8.44533,0.800666,0.749406,-5.38009,-1.9193,-0.111708,-2.47173,1.49391,3.84393,-21.8013,2.50256,-58.5247],[0.165756,0.450717,-0.0725524,-0.10967,0.477948,0.440241,-0.111183,-0.100379,-0.0086569,-0.000802702,1.11513,0.0262085,-0.226056,0.0267181,0.00603947,0.0159087,0.756281,0.00380678,0.241999],[-0.140821,-0.163788,0.199035,-0.0597258,-0.384487,0.360376,-0.224504,0.254163,-0.000345512,-8.02188e-05,-0.115971,1.03612,0.158374,-0.0181656,-0.019212,-0.0112605,-1.09329,0.0454648,-2.39108],[0.412417,0.625831,1.05411,0.00895514,1.50393,1.59085,0.0569794,-0.0756954,-0.00909406,-0.00138854,0.58236,-0.214359,0.487628,0.0528424,-0.0105903,-0.0177828,1.69329,-0.129937,3.21834],[-0.250614,-0.216621,-4.98266,-0.264998,-0.117532,-0.210237,1.31279,0.359316,0.0429783,-0.00707271,-0.165475,-0.388609,0.146958,1.39636,0.0673017,-0.0624911,-2.08666,0.0198504,-1.22448],[0.635093,1.07009,4.53512,-0.436265,1.63488,2.6251,0.778341,-0.358006,0.0293165,-0.0035657,0.58336,0.151131,-0.690025,0.0508767,1.16154,0.181356,-4.39511,-0.181002,3.68704],[-0.0205796,-0.532461,-2.70699,0.200962,-0.13575,-0.781846,0.00529349,0.215072,0.14542,0.0189867,0.15137,-0.290193,-0.0923812,0.06136,-0.103363,0.900005,2.58108,-0.287154,-1.3541],[0.0331855,0.00826575,0.157743,0.0115223,0.0036382,0.0714085,-0.0477739,-0.0129486,0.00146982,0.000273399,0.00560849,-0.0186851,-0.00907364,0.00475244,0.00598107,0.0120723,0.98145,0.0152357,0.0279593],[-0.0969085,0.0464175,6.62111,-0.0347092,-0.0188473,1.51591,0.283678,-0.218634,-0.0640025,-0.00479184,-0.505618,-0.122369,0.204874,0.000461892,-0.0122003,-0.0460848,-2.2414,1.21275,-6.44455],[0.00476326,0.00132559,0.0572257,0.00535818,0.00251196,0.00639522,-0.00411991,0.0033499,-0.00269607,1.1732e-06,0.00304058,-0.00249369,-0.00202488,-0.00158624,-0.000863679,0.00051731,0.0165872,0.00115397,0.981406],[-0.0518855,-0.330615,-1.78029,0.0838429,-0.407106,-1.16262,0.0369179,0.120544,-0.00988743,0.00147434,-0.155688,0.099948,0.225622,-0.0178478,-0.0592451,-0.0435761,0.411836,0.0183379,-0.753959],[0.205131,0.291655,-0.0329519,-0.0017999,0.433172,0.50434,0.00996697,-0.102347,-0.00597668,0.000134021,0.255298,-0.0667689,-0.172148,0.0171092,0.0160023,0.00602011,-0.141207,-0.0214461,1.5597],[0.0235825,0.0505783,0.0782547,-0.024571,0.0932357,0.0481334,0.0253717,-0.0168305,-0.000623954,0.000199893,0.0296914,-0.0203487,-0.0332321,0.0141481,0.00421377,0.00372421,0.0499416,-0.00365941,0.454081],[-0.0566225,-0.112839,-0.10621,0.253719,0.13122,0.591448,0.116722,-0.252518,-0.0206382,-0.000202721,-0.0679612,-0.077126,-0.0239868,0.048147,-0.00183866,-0.0193283,-0.0274198,-0.0187007,0.290503],[0.0132919,0.0829888,0.106987,-0.0118672,0.251539,0.104976,0.0351349,-0.00742482,0.000568234,4.59627e-05,0.0797456,-0.019676,-0.0853972,0.0168808,0.0176314,0.0212579,0.0472676,0.00181512,0.429183],[-0.0138297,-0.0127722,-0.452328,-0.0173606,0.0457778,0.0489064,-0.0418022,0.00293861,0.000663363,0.000188486,-0.0161995,0.00105665,0.0360413,-0.00535813,-0.00959802,-0.00378831,0.092369,0.00568786,-0.489834],[-0.00203086,0.0452118,-0.414353,-0.0441947,0.0609951,0.192466,-0.189736,0.0108408,-0.0114601,0.000131563,-0.104414,-0.0383628,0.0420472,-0.00215296,-0.018829,0.0102707,0.148967,0.0250019,-0.484976],[0.104923,0.106484,-0.572854,-0.0972127,0.358719,0.492678,-0.102439,0.0465448,0.00452885,2.14451e-05,0.13754,-0.0798329,-0.109708,0.01442,-0.0383318,-0.0273718,1.03743,-0.0197112,1.2461],[0.542619,0.554775,-2.19301,-0.152654,-0.200368,0.44237,0.854496,0.167165,-0.264446,-0.00604893,0.464055,-0.0998836,-0.515864,-0.00723014,0.0922554,0.0923115,-0.828391,0.0625424,3.95619],[1.80382,8.32768,-77.286,-7.10785,-6.1156,-29.9916,-1.35276,-4.34307,-0.471203,0.0431019,12.8681,3.90921,-5.49359,2.21973,0.281516,-0.144222,47.1489,-0.400975,150.785],[-0.103669,-0.307341,0.0199285,0.0682914,-0.309842,-0.69727,0.0677007,0.0490843,0.00677035,4.37306e-05,-0.0925311,0.0183643,0.16259,-0.012521,-0.000353987,-0.0070909,-0.49333,0.00730662,-0.393271],[-0.0307969,0.194947,-0.52188,0.0105722,0.282321,-0.53776,0.111609,-0.0788361,0.00611629,0.00118392,0.0625559,-0.0173531,-0.106959,-0.0169302,0.00653356,-0.0247923,0.402788,-0.0385135,-0.84508],[-0.20481,-0.324067,0.449765,0.00322128,-0.340097,-0.06706,-0.0351266,0.0548417,0.00783688,0.00156147,-0.262135,0.0797173,0.200975,-0.0242134,-0.00287959,0.018448,-0.595962,0.0650852,-1.83562],[0.123906,0.312786,2.9934,0.140459,0.821003,1.059,-0.693726,-0.222675,-0.0135599,0.00447469,0.30682,0.290359,-0.318365,-0.169678,0.0231061,0.0937888,1.38342,-0.029593,1.90134],[-0.353786,-0.815644,-3.21407,0.366109,-1.53214,-1.7542,-0.341552,0.247598,0.0185156,0.00431296,-0.578604,0.172037,0.664413,-0.0816321,-0.119843,-0.102377,3.87558,0.0959953,-4.22849],[-0.205816,-0.0962368,-1.62674,-0.294661,0.0662398,-0.937799,-0.013162,-0.0895498,-0.0676287,-0.00582085,-0.252815,0.169135,0.271914,-0.126576,0.0259716,-0.111282,-3.00273,0.111962,-4.16645],[-0.023852,0.00184305,-0.304051,-0.00800185,0.00139078,-0.0438303,0.0362488,0.00702289,-0.00457045,0.000197789,-0.00139625,0.0237728,0.0123804,0.00437287,-0.00571227,-0.010247,-0.024246,-0.00494821,0.230312],[0.115978,-0.202561,-3.85152,0.0386787,0.766355,-0.142462,-0.409185,-0.0681638,0.0816156,0.00648269,0.310931,0.0289713,-0.0770178,-0.0222329,-0.00882809,0.00573835,0.511267,-0.16666,2.79557],[-0.0128926,-0.011788,-0.0140249,-0.000883241,-0.0335049,-0.0336051,-0.00188734,0.000758281,0.00185673,-2.46641e-05,-0.0135168,0.0036344,0.0105415,-0.000725894,0.000183144,-0.000773143,0.0133558,0.000138777,-0.0162817],[-0.078305,-0.185301,0.419293,-0.017283,-0.615291,0.0871248,-0.00610656,0.167349,0.012913,0.000936602,-0.111153,0.014988,0.0758043,0.00504756,0.00199748,0.0319523,0.148658,0.0408254,-0.038799],[0.0190398,0.153658,0.413314,-0.0320117,0.135831,0.415184,0.0434975,0.0426143,-0.00144349,-0.000590521,0.0743555,-0.000206451,-0.0939371,0.0147176,0.0125969,0.00904041,0.166179,-0.00898265,0.576444],[-0.0173923,-0.0101351,0.170601,-0.00246225,0.0159791,0.00137292,0.00537386,0.0070825,-3.30394e-05,0.000175166,-0.00550948,0.00808218,0.00397557,-0.000605371,0.00287669,0.00206736,-0.037867,0.00640006,-0.0620175],[0.0671516,-0.0564998,-0.123812,0.0596242,0.167964,-0.0313995,0.0552789,-0.00118273,0.00800879,-0.000192054,-0.0104469,-0.00371227,0.00950695,-0.0191032,0.0387558,0.0666735,0.262288,0.0189951,0.725695],[0.00182569,-0.000873538,0.246505,0.0291101,-0.0312679,-0.11388,-0.0543068,0.00644604,0.00119771,-0.000332913,-0.0189365,0.00524016,0.0111419,-0.014704,-0.00105077,-0.00595381,0.0181202,-0.00815203,-0.495821],[-0.0449039,-0.0373831,-0.0870815,1.77076e-05,-0.177936,-0.0670097,-0.0184901,-0.00907209,-0.00170067,-0.000128976,-0.0387497,-0.00139219,0.0298647,-0.00722178,0.00107069,-0.0023766,-0.0569622,0.004452,-0.20973],[0.0735399,-0.00429619,-0.292098,0.0690968,0.142844,0.105948,0.214774,0.0744588,-0.0221374,-0.000216969,0.0185196,0.0259908,0.00186706,-0.00264635,-0.0314724,-0.0359831,0.532775,-0.0130001,0.642473],[-0.0397569,0.0391041,1.12149,0.0712905,-0.564107,-0.241066,0.0304216,0.165145,-0.0101494,-0.00139233,-0.138984,-0.0857131,0.0245353,0.000442545,0.0130584,0.0250411,0.103214,0.0483056,-0.539152],[-0.233621,-0.105646,-3.08714,0.109192,0.369961,-0.191995,-0.264602,0.158196,-0.147736,0.00382012,-0.0832047,-0.178119,0.0630094,0.00925942,-0.0152979,0.052971,-0.122569,0.0525518,-1.5431],[2.43092,-5.37753,29.4719,12.8322,0.119221,26.2781,4.46728,-4.10226,-0.329463,0.207492,-7.48797,-1.98992,5.6053,0.251993,-1.77543,-3.69971,-25.3476,-2.10158,-92.2601],[-0.0620695,-0.14334,0.0524467,0.0413942,-0.167953,0.257132,0.0435051,0.0512905,0.00188608,0.000758854,-0.0225683,-0.0445914,0.0634399,-0.0141592,-0.00568012,-0.00880901,-0.26267,-0.0111135,0.151773],[0.17157,-0.0312333,0.322723,0.0491914,0.102366,0.177511,0.112948,-0.175286,-0.00576425,-0.00110359,0.0533544,-0.018798,-0.0513581,0.0351385,0.0126657,0.0360508,0.690749,-0.00694298,3.23656],[-0.0728212,-0.119807,-0.863876,0.0181142,-0.512106,-0.79803,-0.0302025,-0.00442182,0.00596178,0.000181157,-0.14528,0.0697075,0.159231,-0.00615379,-0.00189829,0.00530043,-0.489903,0.0398448,-0.348216],[0.126797,-0.0959814,1.98848,0.124649,-0.702826,-0.848267,-0.618985,-0.136677,-0.0294079,0.00259872,-0.141087,0.0981055,0.171235,-0.2265,-0.0903771,-0.0312381,0.704965,0.00973391,-0.674707],[-0.164362,-0.409637,1.09954,0.152462,0.660564,-0.225872,-0.307528,0.0222363,-0.00325297,0.00183231,-0.0976238,-0.0847071,0.128572,0.0436677,-0.136826,-0.0765369,1.65008,0.0620447,2.81999],[0.226726,0.479924,2.96977,0.0927693,-0.012412,1.06565,-0.262023,-0.203742,-0.0678923,-0.0126302,0.0797162,0.0811483,-0.134674,-0.019813,0.0304462,0.0276426,-0.765874,0.103649,-0.481336],[-0.00878042,-0.00930183,0.144221,-0.00325451,-0.00206023,-0.0251438,0.0117748,0.00580012,0.00306721,-0.000473388,-0.00333347,-0.0053011,-0.00397285,-0.00861778,-0.000162966,-0.00170145,0.0457619,-0.0103182,-0.250824],[-0.0302978,0.030307,-2.38012,0.0171501,-0.754778,-1.29449,0.0860171,0.343885,-0.00527445,-0.0020039,0.144228,0.0742642,-0.103502,-0.00712307,0.0227645,0.0208189,1.17444,-0.0810838,2.74156],[0.00603483,0.0111684,-0.0504696,-0.00426513,0.024671,0.0216845,0.00524652,-0.00518173,0.000836239,3.13645e-05,0.0099856,-0.000991281,-0.00825384,0.00174305,0.000354572,-0.000234651,-0.0390778,-0.00124648,-0.00678457]],"sigmahat":[[0.470324,0.452943,0.740363,-0.0153601,0.896326,0.835689,-0.000494358,-0.127005,-0.0156465,-0.000691884,0.323225,-0.0257572,-0.309973,0.0234369,0.0237506,0.0301432,0.323955,-0.0309272,1.94978],[0.452943,1.11124,0.502141,-0.139051,1.37777,1.19843,0.00213335,-0.224821,-0.0293866,-0.00133264,0.556658,-0.0797538,-0.587958,0.0539667,0.0425511,0.0300997,0.168143,-0.0541148,2.7416],[0.740363,0.502141,22.2483,-0.567382,2.14337,3.61518,0.0851737,-0.286933,-0.00154047,-0.00434633,0.462042,-0.147381,-0.65375,0.0704985,0.212438,0.241121,0.121834,0.0337452,6.17143],[-0.0153601,-0.139051,-0.567382,0.405725,-0.179822,-0.198528,-0.0787305,-0.0210224,0.000787376,0.000335097,-0.0833586,-0.0162183,0.0778072,-0.0170725,-0.0153547,-0.00377485,0.00934688,0.00867721,-1.32016],[0.896326,1.37777,2.14337,-0.179822,5.28237,3.47139,0.140249,-0.322393,-0.0365565,0.000416694,0.999519,-0.13136,-1.04744,0.183535,0.0638076,0.0541692,0.522391,-0.152467,6.83077],[0.835689,1.19843,3.61518,-0.198528,3.47139,5.86662,0.379474,-0.182776,-0.0463276,-0.00102153,0.772655,-0.160053,-0.849288,0.201505,0.158182,0.151866,0.42666,-0.0733179,8.33833],[-0.000494358,0.00213335,0.0851737,-0.0787305,0.140249,0.379474,0.416985,0.0589758,-0.00864511,4.15466e-05,0.0474566,-0.0197377,-0.0567737,0.0561924,0.0259379,0.0238166,0.0954724,0.00219189,2.30059],[-0.127005,-0.224821,-0.286933,-0.0210224,-0.322393,-0.182776,0.0589758,0.252879,0.00033259,-0.000445933,-0.108199,0.028093,0.106481,0.00252065,0.00851736,0.00747159,0.244517,0.00816461,0.247977],[-0.0156465,-0.0293866,-0.00154047,0.000787376,-0.0365565,-0.0463276,-0.00864511,0.00033259,0.0066653,0.000237597,-0.0176768,0.000652852,0.0182028,-0.00186318,-0.00171903,-0.000838063,0.0226774,0.000267481,-0.106683],[-0.000691884,-0.00133264,-0.00434633,0.000335097,0.000416694,-0.00102153,4.15466e-05,-0.000445933,0.000237597,6.51605e-05,-0.000110238,-0.000162544,0.000391698,3.47608e-05,-0.00011459,4.7723e-05,0.00155904,0.000283822,0.000173484],[0.323225,0.556658,0.462042,-0.0833586,0.999519,0.772655,0.0474566,-0.108199,-0.0176768,-0.000110238,0.544474,-0.040404,-0.466014,0.0418117,0.0355203,0.0290718,0.453083,-0.0601353,2.54082],[-0.0257572,-0.0797538,-0.147381,-0.0162183,-0.13136,-0.160053,-0.0197377,0.028093,0.000652852,-0.000162544,-0.040404,0.104268,0.0604295,-0.0201631,-0.00672295,-0.0086671,0.0808763,0.00194968,-0.631939],[-0.309973,-0.587958,-0.65375,0.0778072,-1.04744,-0.849288,-0.0567737,0.106481,0.0182028,0.000391698,-0.466014,0.0604295,0.491964,-0.04466,-0.0351057,-0.026797,-0.177854,0.0542399,-2.33226],[0.0234369,0.0539667,0.0704985,-0.0170725,0.183535,0.201505,0.0561924,0.00252065,-0.00186318,3.47608e-05,0.0418117,-0.0201631,-0.04466,0.0316652,0.0113402,0.0123102,0.0501092,-0.00096673,0.978444],[0.0237506,0.0425511,0.212438,-0.0153547,0.0638076,0.158182,0.0259379,0.00851736,-0.00171903,-0.00011459,0.0355203,-0.00672295,-0.0351057,0.0113402,0.0265613,0.0229874,-0.0450946,0.00708027,0.59104],[0.0301432,0.0300997,0.241121,-0.00377485,0.0541692,0.151866,0.0238166,0.00747159,-0.000838063,4.7723e-05,0.0290718,-0.0086671,-0.026797,0.0123102,0.0229874,0.034743,0.0479987,0.0153342,0.803843],[0.323955,0.168143,0.121834,0.00934688,0.522391,0.42666,0.0954724,0.244517,0.0226774,0.00155904,0.453083,0.0808763,-0.177854,0.0501092,-0.0450946,0.0479987,9.83109,-0.151974,6.09932],[-0.0309272,-0.0541148,0.0337452,0.00867721,-0.152467,-0.0733179,0.00219189,0.00816461,0.000267481,0.000283822,-0.0601353,0.00194968,0.0542399,-0.00096673,0.00708027,0.0153342,-0.151974,0.0340498,-0.0459032],[1.94978,2.7416,6.17143,-1.32016,6.83077,8.33833,2.30059,0.247977,-0.106683,0.000173484,2.54082,-0.631939,-2.33226,0.978444,0.59104,0.803843,6.09932,-0.0459032,66.8189]],"n":19,"lags":3}