{"betahat":[[-5.80563,9.48548,19.4901,2.64085,-31.4684,-20.7249,-11.0561,9.00971,-33.5912,22.3007,0.374294,-2.64329,-2.32555,-3.54721,-1.3703,-6.69478,-5.88046,-0.727309,-10.9724,8.85738,10.1767,4.2727,0.795041],[0.865388,0.048697,0.642697,0.223557,0.536495,0.918219,0.0133187,-0.103359,0.527595,-0.121722,-0.00299086,0.0375823,-0.00672312,0.0450813,-0.00486606,0.0898617,0.0209335,-0.00591309,-0.0509768,0.0259941,0.12262,-0.0237754,0.00642063],[0.0974427,0.924437,0.330995,-0.00581603,0.210347,0.259558,0.0591742,-0.0379084,0.247805,-0.0778804,-0.00411426,0.0100393,-0.00729568,0.00862084,0.0159235,0.0504521,0.0238419,-0.0189211,-0.0529295,0.0148821,0.263608,0.0258358,-0.0032999],[0.0308243,0.0275348,0.797577,0.0159933,0.0596273,0.0545754,-0.0174843,-0.00760543,0.050239,0.0118007,-0.00178467,-0.00154065,-0.0025588,-0.000509409,-0.00172735,0.00397911,-0.00496238,0.0049801,3.16583e-05,0.0103003,0.0216383,-0.00322716,0.00270906],[-0.0452579,0.0560526,0.0652883,0.692564,0.0710774,-0.23124,-0.0659132,0.0891328,0.40811,-0.0143307,-0.000572282,0.00153701,0.016068,-0.00615402,-0.00448141,-0.0350996,0.0131707,-0.0430631,-0.00676443,0.0842685,-0.0635658,-0.00236254,-0.00144465],[-0.0116898,0.022431,-0.172158,-0.0540386,0.824387,-0.0392392,-0.00989774,-0.0015752,-0.0601084,0.0226662,-0.00115113,-0.00112138,-0.00850711,-0.000578613,-0.00776165,-0.00484411,0.00124511,0.00379543,0.00584426,0.0147195,-0.0563308,-0.00857388,0.00318329],[0.0223819,0.0227953,0.105605,0.00900864,-0.0279433,0.795828,0.014923,0.00763705,0.000576636,-0.0233859,0.000303043,-0.00226646,0.00509122,-0.000770926,0.00262516,-0.0021936,0.0103463,0.0152759,-0.00228896,-0.0158283,0.0179798,-0.00870671,-0.00906443],[-0.0716207,-0.0700276,0.139298,0.0604466,0.0216424,-0.0384167,1.16861,-0.0424266,-0.0306924,-0.110839,0.0217818,0.0227221,0.0404551,0.0422608,0.0424565,-0.0216458,0.185929,-0.0256066,-0.0171768,0.0414531,0.244165,-0.022986,0.0117522],[-0.220093,-0.0972897,-0.904235,-0.179785,0.0704393,-0.16649,0.181291,0.785351,-0.0784676,-0.2068,0.00772425,0.00666054,-0.00411536,-0.0100208,-0.0335351,0.0408816,0.171472,0.054074,0.200251,0.0295776,-0.404787,-0.0247352,-0.0512632],[0.0435372,0.0886278,0.280126,-0.0191652,0.0608777,0.241825,0.0197693,-0.0258925,1.11719,-0.0233387,0.00107008,0.00197054,0.00940892,0.00546209,0.00791847,0.0031621,0.00788177,-0.0111951,-0.0157176,0.010622,-0.0181417,0.000673035,0.00599477],[-0.0700306,0.0230036,-0.470499,0.05394,-0.0945821,0.129306,0.0103407,0.0390285,0.323878,0.81556,-0.00120126,0.0024884,0.014948,0.0162983,0.0263728,0.0252663,0.0181032,-0.00921365,0.0222882,0.051695,-0.380023,-0.00372139,0.0147938],[-0.241926,0.121573,6.83372,-1.49053,1.44381,-0.215365,-1.64047,-0.309046,1.07819,-0.331516,0.909752,0.451629,0.366467,0.375285,0.457985,0.00145517,0.246746,0.116294,-0.785675,-0.168011,-6.68795,0.974054,0.817816],[-0.126634,0.26566,-1.32169,0.237228,-0.12983,-1.15064,0.0239074,0.112418,-0.568108,0.354003,-0.0164411,0.95963,0.00860774,-0.0173891,-0.02687,0.119607,-0.248637,0.0866068,-0.0542632,-0.103474,0.0044059,-0.0877297,0.102796],[-1.13523,-0.618285,-1.82859,-0.675097,-0.532891,-0.651905,1.02022,0.330247,-2.60403,-0.598152,0.0499367,-0.0568789,0.980704,-0.0455873,0.0872392,-0.05803,0.278134,0.106821,0.260905,0.133099,0.932608,0.0829881,0.13356],[-0.586987,-0.662969,1.36073,0.260244,0.346406,0.679181,-0.0630758,0.154503,-0.688865,-0.0865988,-0.00880248,0.227576,-0.0818085,1.06839,-0.153873,-0.145692,-0.134263,-0.303259,0.170013,0.149101,-0.289704,0.014399,0.322522],[1.00767,0.20991,4.93117,1.08088,-0.573608,0.652185,-0.0774905,-0.117038,1.4321,0.811616,-0.00337809,0.255744,0.032667,0.29766,0.984177,0.24779,-0.0517562,-0.0661314,-0.402481,-0.214653,-1.18944,-0.0462229,0.159365],[0.34328,0.117054,-0.0717252,0.0626178,0.628122,0.23317,0.314384,-0.0187478,0.744151,-0.215414,-0.000604133,0.0222908,-0.00285032,0.0207797,0.0291756,1.10031,0.116742,0.240892,-0.0922834,-0.00108645,0.258981,0.0427881,-0.0246971],[-0.0516522,-0.0642252,-0.89083,0.088726,-0.295957,0.263111,0.192268,-0.0116877,0.13648,-0.0119099,0.00662994,0.00293833,0.0068439,-0.00371462,-0.0178435,0.0220094,0.67909,-0.0278858,-0.0137706,0.0146915,-0.124557,0.0567392,-0.019719],[0.0288402,0.00658603,-0.392496,0.0941575,-0.0331418,0.33579,0.0358119,0.174683,-0.00395838,-0.0342304,8.74332e-05,-0.0012378,-0.0184948,-0.00290346,-0.0426919,-0.0227955,-0.0793424,0.526568,0.253541,-0.0777516,0.239988,0.102247,-0.0363683],[0.348239,0.117481,1.17306,0.244454,-0.114604,0.418207,-0.320717,0.118517,0.0974939,0.0836693,-0.0080407,0.0196128,-0.0218394,-0.00146488,-0.0066144,-0.181148,-0.111177,0.195341,0.720883,-0.0256235,-0.0791399,0.116914,0.0577192],[0.0937226,0.0568147,1.49196,-0.142955,0.152887,0.748606,0.108495,-0.0347945,0.388753,-0.0547551,0.00202015,-0.0164664,0.0378764,-0.0136935,0.065407,-0.0327054,0.0230724,-0.116162,-0.050199,-0.0442947,-0.0659193,0.0203476,0.00712036],[0.0281661,0.0100811,0.0263615,0.034239,0.21684,0.0594431,0.0133865,-0.0243689,-0.0683979,0.00565526,0.00656327,0.00932101,-0.00376914,0.0118159,0.004667,0.0103067,0.0137207,-0.0310744,-0.054382,0.00629027,-0.27933,-0.0211462,0.0140163],[-0.100356,-0.00281477,-0.922812,0.0982618,0.394104,0.416524,0.0525711,0.0458309,0.132429,-0.241978,-0.00204157,0.00741111,-0.0169687,0.0010481,0.0202839,0.16319,0.0253608,0.106197,0.0693571,0.0700413,0.410946,1.19085,-0.0151542],[-0.194608,-0.120611,-0.496675,-0.161574,-0.435742,1.27833,0.469065,0.129422,-0.594336,-0.0112396,0.00987052,-0.00686573,0.0226235,-0.00870478,0.030075,-0.0978655,0.300227,-0.115238,0.165907,0.234341,0.948362,-0.273138,0.551924],[0.0451771,-0.0335888,-0.391194,-0.169398,-0.28802,-0.562138,-0.0040509,0.0561746,-0.583781,0.0640749,-0.000515289,-0.0362924,-0.00894841,-0.051044,-0.00769308,-0.0905207,-0.0402374,0.0077009,0.0380941,-0.0257658,-0.136257,-0.0110327,-0.0143603],[-0.0571356,0.0829303,-0.294271,-0.0116026,-0.205309,-0.400697,-0.0522457,-0.00181091,-0.152179,0.0644911,0.00289448,-0.0052991,0.00486852,-0.00266113,-0.0140052,-0.0323334,-0.0294862,0.00234244,0.0247406,-0.0212481,-0.201875,-6.20764e-05,0.00428525],[-0.00751418,-0.00673471,0.000346368,-0.00443843,-0.0249354,-0.0583186,0.0118617,1.63669e-05,-0.0286533,-0.00918105,0.000908735,0.00249048,0.000208325,0.00190511,0.000418122,-0.00199323,0.00487986,-0.00765664,-0.0022708,-0.00624151,-0.00378373,-0.00257668,0.00062758],[-0.0279925,-0.0567789,0.158223,0.260269,-0.109068,0.321448,0.0277897,-0.102572,-0.401463,0.0188613,-0.000439729,-0.00339072,-0.0173674,0.00495693,-0.00928128,0.0234441,-0.0178279,0.052609,0.0223889,-0.0731287,0.157478,-0.0136847,-0.00726501],[0.0103659,-0.000921224,0.0277239,0.0464304,0.0490156,-0.0321422,0.0181387,0.00124495,0.0573435,-0.0131474,0.000744973,-0.00253352,0.00905849,-0.00168689,0.00856242,0.0042456,0.00402142,0.000545232,-0.00864392,0.00316613,0.0474153,0.00453763,-0.00424736],[0.00377089,0.00262501,-0.15333,0.00503681,-0.00252869,0.0839159,-0.0165054,-0.0015949,0.0367724,0.00850284,-0.000172766,-0.000954604,-0.00528716,-0.00147305,-0.00395421,0.00088504,-0.0142835,-0.00706163,-0.00271078,0.0107234,-0.0183409,0.010899,0.00415293],[0.0291638,0.0873425,-0.167169,-0.0991024,-0.126522,0.0662903,-0.215755,0.0386512,0.183417,0.0837061,-0.0170048,-0.00973417,-0.0119198,-0.0204939,-0.00853773,-0.00366023,-0.150381,0.0174866,0.0233203,0.013493,-0.120037,0.00908145,0.00268909],[0.292966,0.15489,0.0869988,-0.0870297,0.264965,0.0421895,-0.126344,-0.0993485,0.123186,0.0915593,-0.00694862,0.0112123,-0.0176084,0.0170004,-0.0184308,0.0141678,-0.11041,-0.0243347,-0.0179628,-0.00440076,0.264438,-0.0405185,0.0476749],[-0.00683551,-0.037002,-0.215583,0.011089,-0.0369085,-0.174538,-0.026101,0.00721672,-0.0271941,0.0243399,9.19408e-05,-0.00240072,-0.00355963,-0.00335164,-0.00264067,-0.00236385,-0.00712186,0.0148206,0.00619394,-0.00640096,0.025603,0.00138423,-0.00297788],[0.12708,-0.0147066,0.351139,0.00346125,0.23624,-0.0709945,0.00130406,-0.035968,-0.194327,0.070868,0.00200397,0.0055048,-0.0128879,0.000972583,-0.0192485,-0.00224898,-0.0224423,0.0169391,-0.039531,-0.0584778,0.255561,0.0235396,-0.00394435],[1.73104,0.551269,-4.13702,0.682479,-1.44768,1.15886,0.271639,0.339461,3.85631,0.173307,-0.0408388,0.0367499,-0.236244,0.11132,-0.104064,0.170712,-0.280653,0.249848,-0.0275605,0.0619814,7.45722,-0.746956,-0.0526583],[0.0519011,-0.0642426,-0.5308,-0.339051,0.0599244,-0.335767,0.0270433,-0.0950273,-0.209884,-0.0421578,0.00258021,-0.161396,-0.034792,-0.10934,0.0214525,0.00382509,-0.0226337,-0.0924393,-0.234982,0.173571,-0.236802,-0.0240942,-0.0500747],[0.109492,0.0164626,-0.0105547,-0.0347702,-0.0836673,-0.248733,-0.447688,-0.182548,0.821705,0.452781,-0.028525,0.0478829,-0.104842,-0.00555066,-0.113626,-0.0746119,-0.133502,0.176915,0.02518,-0.222051,1.40371,-0.114929,-0.0981748],[-0.443267,-0.143036,-1.00149,-0.172535,-1.29786,-1.34629,0.22434,0.103263,-0.41652,-0.18012,-0.00451601,-0.131172,0.0425957,-0.0946806,0.0291661,-0.0917205,0.136535,-0.133934,-0.100456,0.162984,-0.296497,0.0727502,-0.106675],[-0.593922,0.106694,-2.35444,-0.829709,0.943794,-0.612775,-0.237587,0.017243,-1.92964,0.208305,0.0239185,-0.117534,-0.0177371,-0.102654,-0.115169,-0.180667,-0.0288026,0.047054,-0.0341484,0.660658,0.691252,0.0724235,0.00114214],[-0.0244046,-0.0883778,-0.20961,-0.056873,-0.0797498,0.537523,-0.200078,0.0334561,-0.00546988,0.130927,-0.00495367,-0.0211369,0.0123887,-0.0158766,-0.0179088,-0.0939798,-0.0254034,-0.0651132,-0.0168898,0.00805617,-0.145043,-0.0511935,0.00990354],[-0.0347807,0.151935,0.270531,-0.0650023,0.00106727,-0.654683,-0.188706,-0.0688072,-0.193153,-0.0869308,-0.00299138,-0.00765042,0.0104471,0.00665214,0.00962868,-0.0145619,0.345814,0.0373851,0.0152193,0.0921589,0.222195,-0.072972,0.000989155],[-0.0373372,-0.00221828,1.66775,-0.118357,0.325253,-0.0988302,0.0430265,-0.166303,-0.143042,-0.117934,5.17864e-05,-0.0061519,0.053139,0.00863178,0.0356077,-0.00499785,0.0820431,-0.079103,-0.0105523,0.000532321,-0.0989662,-0.085145,0.0347637],[-0.271602,-0.0817567,-0.907849,-0.168215,0.474727,0.192541,0.219129,0.0231885,0.124862,-0.11252,0.0102618,-0.00261454,0.00259927,0.00358724,0.021341,0.123675,0.0914838,0.0139044,-0.0312198,0.0840977,-0.0578027,-0.0532608,-0.000649671],[0.185052,0.0555781,-0.184188,0.0091777,0.266359,0.388682,0.0712925,-0.0152905,0.534093,0.00168035,0.00314806,0.0172751,0.0366261,0.0248699,0.044913,0.0108885,0.126762,-0.072774,-0.0219874,0.114674,-0.040521,0.0232173,-0.00389574],[0.057068,0.0142463,-0.446215,0.0175291,0.0287172,-0.0089293,0.00666517,-0.00648012,0.0060345,-0.0198448,0.00446836,0.0092958,-0.00153826,0.01128,-0.000388486,0.00601118,0.00406312,-0.0201199,-0.037034,-0.0160476,-0.0484309,-0.011057,0.000670707],[-0.0566127,-0.146975,-0.271129,-0.107866,-0.437608,-0.506435,0.00219485,0.0488716,0.179264,0.154524,0.00388843,-0.0111481,0.0132115,0.000105881,0.00128516,-0.0821427,-0.0883011,-0.0317759,-0.0130825,-0.0368787,-0.273281,-0.141888,-0.00977968],[0.259507,-0.016713,1.38094,0.26501,0.582482,-0.17336,-0.19745,-0.0373115,0.480643,-0.111619,0.00929043,-0.0223937,0.0208707,-0.0278246,-0.0329924,0.0105131,-0.0490203,0.164994,0.154634,-0.0414585,-0.0202899,0.0103588,0.135019],[0.0890325,-0.0156602,-0.248003,-0.0536846,-0.24332,-0.349784,-0.0077294,0.0461582,0.0607792,0.0552143,0.00350601,-0.00104256,0.0157347,0.00628964,0.0125318,0.00123768,0.0198439,-0.000941325,0.0141999,-0.000344539,0.014435,0.0343343,0.00806535],[-0.039033,-0.00836276,-0.034081,0.0172291,-0.000703783,0.144777,-0.00514584,0.0387866,-0.0883481,0.01046,0.00125155,-0.00448425,0.00246807,-0.00559063,-0.00195255,-0.0171465,0.00638158,0.0183797,0.0304732,0.00593109,-0.0605655,-0.0258485,-0.000961491],[-0.0178546,-0.0138104,0.140026,-0.0112038,-0.0112913,0.00638793,0.00785371,0.00361622,-0.00233688,-0.00535125,0.000579443,-0.000808659,0.00244275,-0.00108947,0.00146529,0.000863818,0.00202995,0.00134041,0.00570965,-0.00229329,-0.0170816,0.00562036,-0.00331114],[0.070638,-0.00156714,-0.229629,0.0443452,0.036469,-0.0941981,0.0393305,0.0139814,-0.00780548,-0.00593046,0.00102118,0.00196899,0.00137103,0.00131585,0.0137229,0.0118847,0.00509051,-0.00782042,-0.0125607,-0.0118379,-0.0955469,0.0160591,0.00871561],[-0.000487098,-0.0248705,0.139782,0.00769975,0.10661,0.0586437,-0.00430995,-0.00065904,0.00827518,-0.0122367,0.000441807,0.00399864,-0.000526387,0.00255169,-0.00123233,0.00125312,-0.00377788,-0.00224649,0.00568972,-0.0199798,0.00470881,0.00294384,0.00029332],[-0.0251089,-0.0257954,0.0431877,-0.0139262,0.0237679,0.104692,0.00516823,-0.00819059,-0.0318204,0.0131177,-0.000142058,0.00347227,0.000635572,0.00254073,0.00125235,0.00291833,0.00603141,-0.00602699,0.0078705,0.00302422,-0.00204757,-0.00244604,0.004134],[0.0370589,-0.0252821,0.0285779,0.0394833,0.0823673,-0.0396698,0.0428747,0.00370778,-0.148321,0.0260555,-0.00467664,-0.0125163,-0.0287547,-0.0214229,-0.0343647,0.0247073,-0.0371682,0.017948,0.00497039,-0.0580017,-0.134484,0.0128165,-0.0154347],[0.145408,0.108763,0.930147,0.153049,-0.233724,0.44871,0.0260506,0.134892,0.348544,-0.0294898,0.00357938,0.0015622,0.0346297,0.00236138,0.049619,0.00662181,0.023324,-0.00103153,-0.0427869,-0.0303873,0.0655596,-0.0107816,-0.000536992],[-0.0270659,-0.0465547,-0.0708031,0.00351532,-0.0125853,-0.0578238,0.0153261,0.0110195,-0.0967634,-0.00329752,-0.000976867,0.00292223,-0.00394858,0.00122474,-0.00292441,0.00427453,0.0043517,0.00190982,0.0112599,-0.00307573,-0.00146356,-0.00306138,-0.00171308],[-0.0559421,-0.00824006,0.125561,-0.0582206,-0.13507,-0.0489744,-0.0118872,-0.00297065,-0.124715,0.104962,-0.000805019,-0.00814725,-0.00247358,-0.0176557,-0.00789937,-0.0221693,0.00462392,-0.00473289,0.0202341,0.0069937,0.129028,-0.0196313,-0.0110391],[1.39276,0.620714,5.1397,0.259347,-1.67392,-1.08625,-0.675104,-0.0660689,3.18337,0.303376,-0.0206066,0.0500364,0.134707,0.101009,0.167224,0.207445,-0.0146322,0.537319,0.683975,-0.288756,1.21043,0.0372974,-0.304352],[-0.0410502,0.0381271,0.162645,-0.00233745,-0.26733,0.378051,-0.232448,-0.279134,-0.34332,0.0488682,-0.00645179,-0.039238,-0.0225427,-0.0328422,-0.00184368,0.0556025,-0.077692,0.255739,0.0545652,-0.0463997,-0.0708996,0.0145202,-0.0550226],[0.339654,0.36605,0.285808,0.537775,-0.244918,0.449109,-0.337568,-0.0970805,1.69405,-0.127633,-0.0371746,-0.0367821,-0.00382978,-0.0331857,0.0228345,-0.0489309,-0.153761,0.0321294,-0.221451,-0.136045,-0.0762629,0.0761746,-0.126313],[0.166808,0.114799,-0.089076,0.0358074,0.515257,0.51087,0.00283902,-0.0476432,0.4193,-0.0817574,-0.00100243,-0.0154865,0.014284,-0.01211,0.0473547,0.0169843,0.0313815,0.0257997,0.0438438,0.0384297,0.185437,0.126859,-0.0580093],[0.459972,0.255495,-1.41264,0.014093,1.09103,0.0914783,-0.100154,-0.0486862,0.941429,-0.345163,-0.00542968,-0.0132202,-0.0291636,0.00145596,0.0180663,0.0938481,0.06966,-0.0109781,-0.106855,-0.0136633,-0.550832,0.102582,-0.0495073],[-0.317988,-0.0297293,0.294695,-0.00485743,-0.543242,-0.763879,-0.113896,-0.0156822,-0.736301,0.0809225,0.00545378,-0.000982012,-0.00985575,-0.00469166,-0.0116201,-0.00706194,-0.0914191,-0.172894,0.112261,-0.0068249,-0.116937,0.00737449,0.0151232],[0.0859181,-0.0890088,0.619333,-0.0236206,0.286259,0.387225,-0.00537714,0.0802272,0.0625183,0.0984191,-0.00356941,0.00477217,-0.0174532,-0.00306815,0.00787705,-0.00696354,-0.0260385,-0.00532561,0.00301114,-0.107858,-0.101114,0.0160333,0.0178919],[0.00127506,-0.107355,-0.485065,0.0331108,-0.00731029,0.0180234,-0.104743,-0.0595724,-0.349772,0.174832,-0.00587361,-0.00392494,-0.0219061,-0.00818742,0.00469713,-0.0281638,-0.0340009,-0.14998,-0.101875,0.0232739,-0.118154,-0.0135954,-0.0130268],[-0.111932,-0.0506393,-0.458408,-0.063948,0.147146,-0.190052,0.101954,-0.0435114,-0.0463129,0.0179909,-0.0013973,-0.0123254,0.0182821,0.00192067,0.00509777,0.0629503,0.0235727,-0.0230316,-0.191008,-0.107879,-0.0415219,-0.0489801,-0.0148265],[0.0606319,0.109572,-0.443744,-0.103674,-0.835773,-0.922696,-0.0407604,0.00404691,-0.0467313,-0.0173564,7.71829e-05,0.00629886,-0.00188288,0.00477436,0.00394439,0.0138443,-0.00884019,-0.0183016,-0.0111995,0.0573729,-0.0659766,0.0173583,0.0162073],[0.0161437,0.0274573,-0.103553,-0.000875828,0.0629131,0.0232733,-0.0169016,-0.0187924,0.0103391,0.0315031,0.0041982,-0.000744697,-0.0029916,0.000875716,-0.00236183,-0.00079179,-0.00893711,0.00951375,-0.0258469,-0.0017332,-0.0512115,0.00177788,0.00510442],[0.164819,0.074081,1.18132,0.0320995,0.127245,0.136552,-0.0753492,-0.0734001,-0.255212,0.0269372,-0.00465179,0.00294576,0.0191941,0.00415236,-0.00783426,-0.0492968,0.0297229,-0.0291386,-0.0490463,-0.0410796,-0.169846,-0.0909471,0.0299745],[-0.157962,-0.145934,-1.00468,0.0728583,0.338918,-0.140008,0.0499541,0.139075,-0.642101,-0.0401801,-0.00898508,-0.0182496,0.0280691,-0.0176186,0.0171647,0.0139225,-0.0216848,0.106294,0.205267,-0.0308656,-0.701285,0.0868558,0.00686238]],"sigmahat":[[1.2574,0.516716,1.44952,0.210627,0.768395,0.903081,-0.0319702,-0.12152,1.13595,-0.037498,-0.00713833,0.0324781,0.0339198,0.046906,0.0349053,0.111696,0.0430053,0.0275019,-0.113381,-0.0459251,0.385608,0.00262453,0.00277284],[0.516716,0.841503,-0.152834,0.0867909,0.334061,0.467643,-0.01748,-0.140002,0.485769,0.105014,0.00129169,-0.0176609,0.0216473,-0.0116366,0.0113559,0.0879982,0.0458501,-9.54053e-05,-0.129909,0.053854,0.0679879,-0.0301389,0.01546],[1.44952,-0.152834,32.7891,1.16727,2.41455,6.98161,-0.0651882,0.0185618,0.769555,-0.350803,-0.0149662,0.0689295,0.202539,0.0524326,0.0665589,-0.442172,0.0643655,0.063283,0.0761211,-0.733446,0.837262,0.104217,0.191265],[0.210627,0.0867909,1.16727,0.985605,0.878522,1.10201,-0.0563659,-0.067531,0.518394,-0.0430601,-0.0125946,0.00985668,-0.0113433,0.0195139,-0.0072381,-0.0213708,-0.039558,0.0433673,0.0358105,-0.108602,-0.197719,-0.0121488,0.00762099],[0.768395,0.334061,2.41455,0.878522,9.1962,6.82525,0.531881,-0.141834,1.49256,-0.489504,-0.0284174,0.0692213,0.0140058,0.0859439,0.0796135,0.139375,0.14759,-0.102273,0.0259062,0.0889276,0.89045,0.117056,0.0401246],[0.903081,0.467643,6.98161,1.10201,6.82525,11.6759,0.708113,-0.0386598,2.80695,-0.784014,-0.0087414,0.115915,0.0735016,0.127352,0.158363,0.104676,0.220844,0.0682069,-0.0754392,-0.013444,1.43636,0.0162045,0.0285497],[-0.0319702,-0.01748,-0.0651882,-0.0563659,0.531881,0.708113,0.778524,0.0239841,-0.194439,-0.317909,0.00959604,0.00163854,0.0368666,0.0159156,0.0319719,0.0681787,0.277547,-0.022553,-0.0843714,-0.0255542,0.247061,-0.0231057,-0.0150839],[-0.12152,-0.140002,0.0185618,-0.067531,-0.141834,-0.0386598,0.0239841,0.24969,0.031286,-0.0582185,0.0062009,-0.00657701,0.00452382,-0.0148711,0.0131501,-0.037972,-0.0143248,-0.00279467,0.056624,0.0114032,-0.00367924,0.0344804,-0.000897737],[1.13595,0.485769,0.769555,0.518394,1.49256,2.80695,-0.194439,0.031286,6.85222,-0.674607,-0.0107406,0.131973,0.0457433,0.161015,0.101228,0.243775,0.0410245,0.046959,0.0434732,0.00750627,0.388919,0.0993297,-0.0136486],[-0.037498,0.105014,-0.350803,-0.0430601,-0.489504,-0.784014,-0.317909,-0.0582185,-0.674607,0.929889,-0.00151765,-0.0226184,-0.0126242,-0.0378818,-0.0286845,-0.045484,-0.12616,-0.022088,-0.000450423,-0.000702466,-0.473067,-0.0295735,-0.0219837],[-0.00713833,0.00129169,-0.0149662,-0.0125946,-0.0284174,-0.0087414,0.00959604,0.0062009,-0.0107406,-0.00151765,0.0030639,0.000507795,0.000677296,0.000946875,0.000731951,0.00240481,0.00682396,-0.0029495,-0.00329131,0.00138216,0.0235561,-0.000646106,0.00168178],[0.0324781,-0.0176609,0.0689295,0.00985668,0.0692213,0.115915,0.00163854,-0.00657701,0.131973,-0.0226184,0.000507795,0.0203067,0.00303039,0.0213014,0.00855397,0.0144159,0.011774,-0.000578923,0.0059608,0.00457436,0.0477321,0.0044169,0.00670291],[0.0339198,0.0216473,0.202539,-0.0113433,0.0140058,0.0735016,0.0368666,0.00452382,0.0457433,-0.0126242,0.000677296,0.00303039,0.0296831,0.00617823,0.0243283,0.00699979,0.0353989,-0.00484663,-0.0140965,-0.00622198,0.0307231,0.00412616,-0.00474859],[0.046906,-0.0116366,0.0524326,0.0195139,0.0859439,0.127352,0.0159156,-0.0148711,0.161015,-0.0378818,0.000946875,0.0213014,0.00617823,0.0311443,0.0133681,0.0166509,0.0207614,0.00124248,0.000185691,-0.000132883,0.0644502,0.00423604,0.00915559],[0.0349053,0.0113559,0.0665589,-0.0072381,0.0796135,0.158363,0.0319719,0.0131501,0.101228,-0.0286845,0.000731951,0.00855397,0.0243283,0.0133681,0.0346872,0.0103443,0.0348836,-0.00709786,-0.00591394,-0.00157464,0.0477971,0.00954453,-0.000654279],[0.111696,0.0879982,-0.442172,-0.0213708,0.139375,0.104676,0.0681787,-0.037972,0.243775,-0.045484,0.00240481,0.0144159,0.00699979,0.0166509,0.0103443,0.143745,0.0262998,-0.00960475,-0.0519224,-0.00785704,0.104075,-0.0165265,-0.0154507],[0.0430053,0.0458501,0.0643655,-0.039558,0.14759,0.220844,0.277547,-0.0143248,0.0410245,-0.12616,0.00682396,0.011774,0.0353989,0.0207614,0.0348836,0.0262998,0.241919,-0.006726,-0.0312135,-0.0121023,0.187645,-0.0049534,0.00746165],[0.0275019,-9.54053e-05,0.063283,0.0433673,-0.102273,0.0682069,-0.022553,-0.00279467,0.046959,-0.022088,-0.0029495,-0.000578923,-0.00484663,0.00124248,-0.00709786,-0.00960475,-0.006726,0.239094,0.0967558,-0.0519814,0.0744727,-0.00276066,-0.00771376],[-0.113381,-0.129909,0.0761211,0.0358105,0.0259062,-0.0754392,-0.0843714,0.056624,0.0434732,-0.000450423,-0.00329131,0.0059608,-0.0140965,0.000185691,-0.00591394,-0.0519224,-0.0312135,0.0967558,0.323095,-0.019381,-0.230114,0.0223896,0.0234974],[-0.0459251,0.053854,-0.733446,-0.108602,0.0889276,-0.013444,-0.0255542,0.0114032,0.00750627,-0.000702466,0.00138216,0.00457436,-0.00622198,-0.000132883,-0.00157464,-0.00785704,-0.0121023,-0.0519814,-0.019381,0.404099,0.062888,0.0290931,-0.0183931],[0.385608,0.0679879,0.837262,-0.197719,0.89045,1.43636,0.247061,-0.00367924,0.388919,-0.473067,0.0235561,0.0477321,0.0307231,0.0644502,0.0477971,0.104075,0.187645,0.0744727,-0.230114,0.062888,3.2823,0.01571,0.0254662],[0.00262453,-0.0301389,0.104217,-0.0121488,0.117056,0.0162045,-0.0231057,0.0344804,0.0993297,-0.0295735,-0.000646106,0.0044169,0.00412616,0.00423604,0.00954453,-0.0165265,-0.0049534,-0.00276066,0.0223896,0.0290931,0.01571,0.0976446,0.00414025],[0.00277284,0.01546,0.191265,0.00762099,0.0401246,0.0285497,-0.0150839,-0.000897737,-0.0136486,-0.0219837,0.00168178,0.00670291,-0.00474859,0.00915559,-0.000654279,-0.0154507,0.00746165,-0.00771376,0.0234974,-0.0183931,0.0254662,0.00414025,0.0709837]],"n":23,"lags":3}