{"betahat":[[0.897137,0.549815,2.41509,-1.79825,1.93991,2.67973,0.916923,0.197766,-0.151143,0.0858565,0.0602524,-0.102516,1.35191,18.9534,0.242857,0.12577,2.89521,0.0516864,3.29589,0.04224],[0.830902,-0.0151791,0.460092,0.327157,-0.188755,-0.0570176,-0.0124021,-0.0106705,0.0287127,-0.0211716,0.00797442,0.0315936,-0.0041111,-0.488329,-0.0416884,-0.0362616,0.239236,0.23037,-0.0659571,0.00195848],[0.0203964,0.81224,0.0461493,-0.0181761,-0.036693,-0.106369,-0.0418202,-0.00391603,-0.0240867,-0.0474786,-0.000878469,-0.0235885,0.0458664,0.265112,-0.0268588,-0.0259511,0.23537,-0.0600425,-0.0715164,-0.00688671],[0.0338958,0.0828217,0.720136,-9.54623e-05,0.0416092,-0.0236296,-0.016415,-0.0142516,-0.00218863,-0.00304385,0.00139468,-0.000357728,0.0873343,0.124097,-0.00781445,-0.0142871,0.164317,0.0410066,-0.0397827,-0.00714296],[-0.307453,-0.307484,-0.163256,0.446924,-0.288583,-0.256305,-0.0275283,-0.0137362,-0.00242671,0.00411575,-0.0103794,0.00251073,0.165901,-1.24155,-0.016402,0.00766811,-0.394523,-0.296047,-0.0943914,0.0086358],[-0.0365562,0.00476662,0.445471,0.085237,0.696784,0.0955634,0.0261648,0.000465989,0.00641259,0.00647785,-0.00315026,0.010092,-0.0971672,0.61585,0.0107468,-0.00726288,0.433513,0.114606,0.00720491,0.00764326],[-0.0722195,-0.0476999,-0.352429,-0.13047,-0.223919,0.569888,0.0149878,0.00134921,0.00395892,-0.00302073,0.00142848,0.00208753,-0.136894,0.253714,-0.0123164,0.00459777,-0.21015,-0.193228,0.0273595,0.00435784],[0.0822066,-0.0768419,-0.129118,0.0642268,0.428381,0.32782,1.01013,0.0276453,0.034955,-0.00283524,-0.00610011,0.0212928,-0.362552,-1.31276,0.00248985,0.0352647,-1.15592,-0.267387,0.34842,0.0277994],[-0.209911,-0.164562,1.49387,0.35331,-0.692811,-0.0701804,0.146848,0.629757,-0.00279872,-0.0318496,0.0204588,0.0111416,-0.545063,-4.76772,-0.11502,-0.0947395,1.09645,-0.658112,0.108178,-0.0330577],[0.11376,0.150206,0.882185,0.0989608,0.0628364,0.311022,-0.451716,0.027529,1.12748,-0.0747401,0.0179463,0.176995,0.641097,-3.06119,-0.0531798,-0.0146898,-0.989059,-0.338227,-1.07328,0.0995629],[-0.279708,-0.299042,0.139195,0.176229,-0.529719,-0.147026,0.140185,-0.0909334,0.115628,1.0227,0.0461399,0.117361,-0.0662662,-0.154339,-0.0405784,-0.126964,1.14848,-1.54432,-0.381143,0.0995012],[2.13309,0.65708,-0.647084,3.99983,2.57914,-0.521482,0.178853,0.0460355,-0.424297,-0.727737,1.12475,-0.65387,1.52175,-16.7112,-0.299856,-0.580143,2.00445,4.19669,-1.49504,-0.0924472],[0.424134,-0.0190461,-1.97834,-0.370805,1.29454,0.085869,-0.265973,0.143352,-0.00106027,-0.0418948,0.0602457,1.00542,0.0506316,2.85251,0.0521906,-0.0868601,1.09267,0.0293533,-0.64094,0.0988784],[-0.00300792,0.0277986,0.0409462,0.0597446,-0.00909,0.0230376,-0.0086957,-0.0124086,-0.000615648,3.71216e-05,-0.000358483,0.00316925,0.923678,0.139069,0.000869706,0.00519217,-0.0416465,0.102254,-0.00671851,0.00193303],[-0.00346981,0.00285901,-0.00717532,-0.00177653,0.00465154,0.0149172,-0.00121272,0.000384591,-0.000715473,-0.00226248,0.000296448,-0.000338575,-0.0332808,0.933934,-7.87941e-06,0.00104709,-0.0230493,-0.0127369,-0.0063978,0.000639006],[0.0764899,-0.10387,-2.82772,0.0199337,-0.15274,-1.27388,-0.128478,0.0509688,0.0352746,0.0204511,-0.0242555,0.0345188,1.15185,-1.2792,1.03321,0.0381355,0.335863,1.20836,0.0638994,0.0520003],[0.344683,0.154958,1.40709,0.0419056,1.70402,1.00268,0.396341,-0.0420452,-0.0159044,0.0235901,-0.0122064,-0.0674683,0.550748,-5.81708,0.0521057,1.154,-2.38965,1.19113,0.156553,0.00257714],[0.0154807,0.013798,-0.00807196,0.0522015,0.00536813,-0.00155302,-0.00979946,0.00458305,0.00282982,0.0132079,-0.00374811,0.00296099,0.0961987,-0.218846,0.0126975,0.00849127,1.01961,0.0669618,0.0296086,-0.00300895],[0.156212,0.21008,0.043126,0.0459654,0.196715,0.118011,0.00455079,-0.0298312,-0.011873,0.000435627,-0.00557122,-0.00813608,0.00828353,1.20798,0.0184515,0.00427903,0.0936015,0.677685,0.0965707,0.00401002],[-0.0230227,-0.0922717,-0.000720936,-0.0935908,-0.0161194,-0.0559102,0.107975,-0.00767249,0.00906821,0.0163845,-0.000901994,0.00658046,-0.0759478,0.0545028,-0.000512977,0.00813115,-0.113537,0.0511016,0.200327,0.00777456],[-0.196873,-0.543829,1.76291,-0.227713,0.881573,1.06181,0.232452,0.225122,0.212555,0.126033,-0.029555,0.209015,-0.543083,4.53695,0.217674,0.152029,2.53575,1.76489,1.74771,1.11877],[0.0653263,-0.0318014,0.0409269,-0.275887,0.130968,0.259046,0.0482967,-0.00229629,-0.0296309,0.0318793,-0.00327681,-0.0311273,-0.0414284,1.48079,0.0675677,0.0536179,-0.0128877,-0.0509281,0.226416,-0.00373799],[0.0186233,0.133673,0.0769678,0.033991,-0.0198638,-0.00441813,0.056247,-0.0117158,0.0119737,0.0441357,0.000998514,0.0118779,-0.0221764,-0.13516,0.027375,0.0300025,-0.273155,-0.0450217,0.184286,-0.000916684],[-0.0308625,-0.059226,0.122202,-0.0156892,-0.0203763,0.013946,-0.000383133,0.0116169,-0.00234781,0.00019065,-0.00044711,-0.0042819,-0.0942076,-0.0827122,0.00424897,0.00733638,-0.106647,-0.0517863,0.0261906,0.0022553],[0.285149,0.272459,-0.0459346,0.421362,0.247327,0.152044,0.0109099,0.00271062,-0.014314,-0.0302664,0.000117781,-0.0219305,0.0334545,0.229309,-0.0116404,-0.026786,0.317839,0.266689,0.0125833,-0.00998532],[0.0418112,0.0312233,-0.104804,-0.00220289,0.223463,0.0320395,-0.0152834,-0.00868954,0.000906777,0.00266505,0.00089825,-0.00287823,0.0542805,-0.316802,-0.00501317,0.00233417,-0.250446,-0.0199545,0.0162013,-0.00386085],[0.000609809,0.0266233,0.381494,0.124581,0.0682465,0.298795,-0.019451,-0.00271545,0.00360398,0.00880105,0.000610311,0.00281125,0.0386283,-0.648086,0.00513857,0.00644029,-0.149832,-0.0204736,-0.0195644,-0.00209796],[-0.129862,0.0741224,0.0600205,-0.0652557,-0.447262,-0.280471,0.00979834,-0.0450744,-0.015817,0.0171568,0.00280841,-0.00544824,-0.088454,1.06923,-0.00904022,-0.0411986,1.19731,0.333243,-0.316044,-0.00948894],[0.0382438,-0.15497,-0.891516,-0.40301,0.189196,-0.188849,-0.310332,0.23825,0.00246368,-0.0378858,-0.0217188,-0.00177414,0.673075,-0.0694632,0.0124666,0.0103599,-1.70621,-0.14491,-0.907034,-0.000610785],[-0.311823,-0.262602,-0.685339,-0.320833,-0.407185,-0.563736,0.359793,-0.0931172,-0.103309,-0.00103688,-0.0410093,-0.106522,-0.0207261,3.21508,-0.00318314,0.00117157,-0.539763,0.0853265,0.932716,-0.037604],[0.270582,0.341799,0.961123,0.0886467,0.319183,0.323871,-0.143762,0.036584,-0.024001,-0.0446568,-0.0309862,-0.0229247,-0.518738,3.11936,0.0383796,0.066813,-1.31451,1.03431,-0.0179707,-0.0425843],[-1.60553,-1.27998,-0.352355,-2.65612,1.7159,2.24795,0.280309,-0.104845,0.300042,0.498664,-0.128817,0.437985,-1.45612,18.209,0.523176,0.548217,-0.577664,-2.19033,2.12311,0.146903],[-0.188138,-0.134012,0.798634,-0.0440887,-0.427296,0.16492,0.536933,-0.155623,-0.0874539,0.0104164,-0.0381339,-0.111022,0.22729,3.78078,-0.0334313,0.0669903,-0.490586,-0.262043,1.55921,-0.0532536],[0.0397351,-0.00704376,-0.0338665,0.0121049,0.0331586,0.00165029,-0.0145453,0.0110398,0.00202317,0.00688012,0.000403478,-0.00117069,-0.0923181,-0.129429,0.0229346,0.00502761,0.157713,-0.061778,-0.0842397,0.000623696],[0.00351425,-0.00628226,0.0337412,0.00196005,0.011769,0.00356823,0.00467568,0.00231261,-0.00033017,0.00126787,0.000279082,-0.000567067,0.0102185,0.112049,0.000894595,-0.000838405,0.0344769,0.0336259,0.00882323,-0.000857372],[0.1469,0.354298,2.15836,0.300541,0.455169,1.04709,-0.0869906,-0.0111724,-0.00845877,-0.111546,0.0178871,-0.00565464,-0.652382,-3.07111,-0.149375,-0.122494,-0.696433,-0.500956,-0.408117,-0.0367171],[0.0424493,-0.0304602,-0.837676,0.28508,-0.907144,-0.157608,-0.462308,-0.0911331,0.00455211,-0.0423861,-0.00520736,0.060757,-0.396409,2.69796,-0.110819,-0.189441,2.21256,-0.953013,-0.163264,-0.00660598],[-0.0129558,0.012767,0.0417058,-0.0424112,-0.0293712,0.0343186,0.00744723,-0.00795099,-0.0051062,-0.0131654,0.00356404,-0.00544938,-0.0566701,0.184559,-0.0145376,-0.00781317,-0.0901048,-0.0235506,-0.040072,0.000569591],[-0.0232098,-0.0633521,-0.164224,-0.0606487,-0.0685124,-0.0208981,0.0180436,-0.00961983,0.000639863,0.00062812,0.00100592,-0.00476824,-0.109849,-1.69399,-0.0205717,-0.0013995,-0.295385,-0.0296015,-0.100222,-0.00412206],[-0.0420679,0.0273905,-0.00774767,0.00315794,-0.0797304,-0.0634003,0.0148388,-0.00173572,0.0144163,0.0210541,-0.00354569,0.0152343,-0.185921,-0.171146,0.0204529,0.0248961,-0.161754,-0.0728327,0.333428,0.0125803],[-0.00925986,0.459898,-1.24834,0.435004,-1.15298,-0.943196,-0.370591,-0.147548,-0.135651,-0.118114,0.0123545,-0.130782,0.0558596,-6.99689,-0.217788,-0.135536,-2.16694,-0.982011,-1.6016,-0.15919],[0.103771,0.0469847,-0.501096,-0.0512697,0.0578021,-0.20206,-0.0358785,0.0129682,0.000920989,-0.0106967,-0.00469762,-0.000465636,0.0455838,-0.992088,-0.0258738,-0.0173512,-0.226343,-0.179441,-0.160367,0.00178117],[-0.0390246,0.0540779,-0.123227,-0.0158238,0.056573,0.110742,-0.0144066,0.0156337,0.012115,0.00335179,-0.000120311,0.0117105,-0.0236534,-0.129523,-0.000512549,-0.00404803,0.0377847,0.105041,-0.112668,0.00780522],[-0.00301697,-0.0235698,0.157338,0.0157767,-0.0211854,0.00958545,0.0168392,0.0026373,0.00454104,0.00287886,-0.000948039,0.00464174,0.00700834,-0.0401799,0.00358629,0.00696275,-0.0575755,0.0108231,0.0138359,0.00489209],[0.0222997,0.0350287,0.209145,0.131688,0.0412605,0.104245,0.016629,0.0110285,0.0167434,0.0261581,0.0102616,0.0194205,-0.199329,1.01236,0.0280463,0.0191234,0.076631,0.0293564,0.0818702,0.00135104],[-0.00524109,-0.0359661,-0.340756,-0.0830144,0.079751,-0.12766,-0.0108654,0.00822471,-0.00731559,-0.00912638,0.00225189,-0.0072131,0.0429723,-0.298607,-0.00572741,0.00493396,-0.183047,-0.0946581,-0.0232952,-0.00378252],[0.07162,0.0210916,-0.0292273,0.00589822,0.155678,0.131227,0.00448624,0.00136887,-0.00755905,-0.00576309,-0.0020388,-0.00489782,0.0983606,0.394922,0.00718667,-0.0110307,0.359984,0.213693,-0.00764922,-0.00225914],[0.0476773,0.00278667,0.0687702,0.00126023,0.0189836,-0.0474904,-0.0199592,0.0174107,-0.0191261,-0.0142998,0.00329044,-0.0158419,0.451116,0.242474,0.00656352,0.00595696,-0.0414548,-0.0656935,-0.0323248,-0.0183101],[0.164109,0.322526,-0.36623,0.0861316,0.472115,0.350049,0.13794,0.104203,-0.00469305,0.0617971,0.00165381,-0.012305,-0.199077,4.55355,0.0964839,0.0754485,0.774539,0.876839,0.67098,0.0283683],[0.196218,0.190653,-0.591143,-0.00916804,0.275225,0.062865,0.126654,0.145084,-0.0258212,0.0967529,0.0127751,-0.0352946,-0.530171,3.33902,0.100313,0.0215469,1.6811,0.599008,0.362649,-0.0272016],[-0.0908907,-0.152051,-1.05297,-0.105722,0.217131,-0.164139,-0.0348302,0.0537724,-0.077949,-0.0390902,-0.011561,-0.0792478,0.348459,-2.81115,-0.0242265,0.0285734,0.23544,0.747944,0.146447,-0.0326084],[-0.527587,0.622843,0.99932,-1.34373,-4.295,-1.72654,-0.459154,0.0588029,0.124242,0.229085,0.0040648,0.215876,-0.0653235,-1.49717,-0.223295,0.0319463,-1.42674,-2.00598,-0.627897,-0.0544473],[-0.00959919,0.0522875,0.204753,0.0122491,-0.115267,0.0543206,0.126516,0.0667037,-0.00954219,0.0713079,0.0080211,-0.0254541,-0.185467,-0.969124,0.0278294,0.0722527,0.162808,0.183489,0.205814,-0.0343235],[-0.0366468,-0.0207693,-0.00741489,-0.0721205,-0.0237722,-0.0245303,0.0234664,0.00142633,-0.00138929,-0.00681842,-3.014e-05,-0.00199367,0.168834,-0.00442453,-0.0237566,-0.0101983,-0.115461,-0.0404243,0.0919144,-0.00253672],[-0.000790608,0.00240157,-0.0269378,0.000270515,-0.0174801,-0.0191654,-0.00332952,-0.00292537,0.00102255,0.000835892,-0.000583189,0.000835888,0.0215824,-0.0604411,-0.000965454,-0.000163831,-0.0120924,-0.0218256,-0.00277155,0.000200259],[-0.148547,-0.156655,0.00541431,-0.116245,-0.114958,0.0598872,0.0832441,-0.0199111,-0.0172099,0.0280482,0.00132189,-0.0286777,-0.24935,1.70866,0.0237438,0.026887,-0.0881478,-0.672994,-0.060193,-0.0111326],[-0.358488,-0.111113,-0.754758,-0.270545,-0.72713,-0.896006,0.0162321,0.151696,0.0163518,-0.00142603,0.0177046,0.0147908,-0.165668,2.64963,0.034334,0.00307862,0.191381,-0.173826,-0.166427,0.00605945],[-0.00232255,-0.0264076,-0.0336433,-0.00939399,0.0240799,-0.032906,0.00269359,0.00330605,0.00232036,0.000136012,0.000193697,0.00248118,-0.0384335,0.0372341,0.0019397,-0.000540223,0.0699962,-0.0434156,0.0120124,0.00244227],[-0.083892,-0.115861,-0.136319,-0.0228902,0.0285547,-0.0368917,-0.00402186,0.00500292,-0.0017581,-0.00266619,9.10712e-06,-0.00155897,-0.0171667,-0.0675567,0.00547296,0.00341628,-0.16198,-0.121557,0.012927,0.00116073],[-0.0115305,-0.0196094,-0.193407,0.088883,-0.0971249,-0.116955,-0.00992595,0.000654453,0.0015268,0.00913945,-0.00345393,0.00200565,-0.0248001,-0.202106,0.0113715,0.00332443,0.129312,-0.0611478,-0.0792654,0.00558174],[0.129299,0.130908,0.561266,0.159326,-0.191257,-0.316003,-0.239532,-0.119608,-0.0645591,-0.0397114,-0.000652709,-0.0624817,0.438625,-5.2297,-0.0262945,-0.0305407,-0.565926,-1.19253,-1.17672,-0.0666471]],"sigmahat":[[0.570314,0.502925,0.10755,0.346914,0.587168,0.37892,-0.0199589,0.0162117,0.00348495,-0.003468,-0.000248025,-0.00163951,0.0567348,-0.003799,-0.0148966,-0.0446295,0.517101,0.190552,-0.106119,-0.011348],[0.502925,0.891903,0.224444,0.393093,0.291689,0.519978,-0.0538094,-0.00839387,0.0116986,-0.00291325,0.000116959,0.00700467,-0.0678907,-0.599473,-0.0206117,-0.0361203,0.147677,0.359399,-0.185142,-0.0133988],[0.10755,0.224444,7.13618,0.153617,-0.807019,1.97941,0.150876,0.0318556,0.0448389,0.014638,0.0241877,0.0475406,-0.25864,0.472466,0.080879,0.0963744,-0.160824,0.440866,0.0844195,-0.00655003],[0.346914,0.393093,0.153617,1.14818,0.31032,0.134917,-0.06475,-0.0183886,0.01309,-0.0177469,-0.00158085,0.00245581,-0.173497,-1.43032,-0.0201014,-0.0445166,0.648865,0.290625,-0.15731,-0.00413283],[0.587168,0.291689,-0.807019,0.31032,2.00092,0.734738,0.0390753,0.0453187,-0.00801315,0.010836,0.00253618,-0.020802,0.061191,2.6422,0.0415162,-0.024274,1.08319,0.632678,0.276411,0.0109289],[0.37892,0.519978,1.97941,0.134917,0.734738,1.87863,0.0648667,-0.00802638,0.00190129,0.00504064,0.0121788,-0.00619883,-0.22052,2.18136,0.0701768,0.025667,0.639637,0.80836,0.257981,-0.00140163],[-0.0199589,-0.0538094,0.150876,-0.06475,0.0390753,0.0648667,0.161071,-0.00532417,0.00248824,0.0212388,0.00501216,0.00275764,-0.0152206,2.24724,0.023108,0.00547886,0.313616,0.109567,0.420563,0.00626503],[0.0162117,-0.00839387,0.0318556,-0.0183886,0.0453187,-0.00802638,-0.00532417,0.0427457,0.00196116,0.00355115,0.00128218,0.000868923,-0.00130078,-0.0110938,0.00742056,0.00689256,-0.0394373,0.0810739,-0.0177452,0.000418063],[0.00348495,0.0116986,0.0448389,0.01309,-0.00801315,0.00190129,0.00248824,0.00196116,0.00956226,0.00700722,0.000532463,0.00840068,-0.0172688,-0.0997878,0.0039486,0.00415562,-0.017613,-0.0256277,0.0109146,0.00308232],[-0.003468,-0.00291325,0.014638,-0.0177469,0.010836,0.00504064,0.0212388,0.00355115,0.00700722,0.0360807,-0.000506746,0.00645604,-0.00851722,0.735206,0.0319049,0.0251613,0.172092,0.0327281,0.109919,0.00487156],[-0.000248025,0.000116959,0.0241877,-0.00158085,0.00253618,0.0121788,0.00501216,0.00128218,0.000532463,-0.000506746,0.00297745,0.000191508,-0.0143231,0.0170513,-0.00112504,-0.000569825,-0.025795,0.00236632,0.0119127,-0.000661672],[-0.00163951,0.00700467,0.0475406,0.00245581,-0.020802,-0.00619883,0.00275764,0.000868923,0.00840068,0.00645604,0.000191508,0.0113282,-0.00683943,0.0759329,0.00387038,0.0022527,0.0221874,-0.0282998,0.0147324,0.00331117],[0.0567348,-0.0678907,-0.25864,-0.173497,0.061191,-0.22052,-0.0152206,-0.00130078,-0.0172688,-0.00851722,-0.0143231,-0.00683943,1.40792,1.92492,-0.0324159,-0.0274841,0.292317,0.221772,0.17986,-0.00829964],[-0.003799,-0.599473,0.472466,-1.43032,2.6422,2.18136,2.24724,-0.0110938,-0.0997878,0.735206,0.0170513,0.0759329,1.92492,121.508,1.24544,0.0760962,22.1715,6.72727,9.96501,0.174921],[-0.0148966,-0.0206117,0.080879,-0.0201014,0.0415162,0.0701768,0.023108,0.00742056,0.0039486,0.0319049,-0.00112504,0.00387038,-0.0324159,1.24544,0.0560449,0.0345886,0.298911,0.125694,0.135979,0.00677099],[-0.0446295,-0.0361203,0.0963744,-0.0445166,-0.024274,0.025667,0.00547886,0.00689256,0.00415562,0.0251613,-0.000569825,0.0022527,-0.0274841,0.0760962,0.0345886,0.0419773,-0.0955786,0.0175966,0.0645004,0.00509796],[0.517101,0.147677,-0.160824,0.648865,1.08319,0.639637,0.313616,-0.0394373,-0.017613,0.172092,-0.025795,0.0221874,0.292317,22.1715,0.298911,-0.0955786,10.2508,2.38403,1.36997,0.0267227],[0.190552,0.359399,0.440866,0.290625,0.632678,0.80836,0.109567,0.0810739,-0.0256277,0.0327281,0.00236632,-0.0282998,0.221772,6.72727,0.125694,0.0175966,2.38403,3.45101,0.732724,0.00816172],[-0.106119,-0.185142,0.0844195,-0.15731,0.276411,0.257981,0.420563,-0.0177452,0.0109146,0.109919,0.0119127,0.0147324,0.17986,9.96501,0.135979,0.0645004,1.36997,0.732724,2.5013,0.0313914],[-0.011348,-0.0133988,-0.00655003,-0.00413283,0.0109289,-0.00140163,0.00626503,0.000418063,0.00308232,0.00487156,-0.000661672,0.00331117,-0.00829964,0.174921,0.00677099,0.00509796,0.0267227,0.00816172,0.0313914,0.00581811]],"n":20,"lags":3}