{"betahat":[[0.691094,0.666285,4.18049,-0.661065,0.532551,1.91573,0.285184,0.268828,0.0118064,0.0396858,0.0738459,9.7075,0.191816,0.0564641,2.50101,0.709172,1.73768,0.0330106],[0.812567,-0.036616,0.50968,0.240893,-0.19651,-0.0350777,-0.00148292,-0.0190513,0.0208191,-0.0256505,0.00656861,-0.352833,-0.0379205,-0.0293323,0.287423,0.19427,-0.0881261,0.00285411],[-0.00937784,0.809401,-0.012368,0.00890968,-0.0345395,-0.0757753,-0.0397488,-0.00926567,-0.023221,-0.0363539,-0.000886105,0.0174874,-0.0196853,-0.0202691,0.281894,0.0535624,-0.0704805,-0.0080701],[0.0426533,0.0838515,0.723997,-0.0154882,0.0536199,-0.0199576,-0.0174285,-0.0164075,-0.00271009,-0.00282271,0.00062187,0.222851,-0.0052382,-0.0111472,0.153308,0.060068,-0.0413193,-0.00456309],[-0.318369,-0.338043,-0.236685,0.479222,-0.29274,-0.302301,-0.046599,0.000664718,5.98049e-05,0.00161473,-0.00895452,-1.38112,-0.0195306,0.00109937,-0.379245,-0.310239,-0.102087,0.00975094],[-0.034138,0.0113163,0.454622,0.110065,0.675147,0.0915551,0.0180263,-0.00811142,0.00769378,0.00580013,-0.00378249,0.167648,0.00813726,-0.00807274,0.375261,-0.0121205,-0.0566994,0.00730741],[-0.0649619,-0.0201878,-0.433647,-0.106777,-0.211095,0.553037,0.0144628,0.00128027,0.00402002,-0.00389022,0.00112681,0.320394,-0.0106957,0.00191285,-0.190929,-0.149452,0.0428165,0.00391144],[0.0426731,-0.0900453,-0.389685,0.068782,0.493234,0.365206,1.03399,0.0360565,0.0305877,-0.00971274,-0.00985959,-1.46536,0.00892709,0.0288558,-0.987646,-0.318031,0.283496,0.0195763],[-0.211483,-0.172554,1.31357,0.152819,-0.383255,-0.0500366,0.208457,0.694154,-0.0192039,-0.0343035,0.0156388,2.54762,-0.069609,-0.0974858,2.05029,0.944299,0.904443,-0.00512958],[0.272297,0.231833,1.01578,0.0549083,0.434136,0.374477,-0.717663,0.117169,1.16909,-0.1096,0.0582397,-6.79841,-0.0522859,-0.0406255,-1.05296,0.29137,-1.60157,0.159211],[-0.0207659,0.0267641,1.01978,0.595816,-0.285349,0.273813,0.0973419,-0.00455665,0.125668,1.02407,0.0580354,-2.11758,-0.0357963,-0.131833,1.47651,0.0900606,-0.207694,0.103239],[2.87396,1.93981,2.19362,3.49636,2.01992,-0.123787,0.495398,-0.21047,-0.370577,-0.567677,1.10141,-21.1437,-0.386947,-0.397221,-0.574672,3.78131,-0.637384,-0.10436],[-0.00839689,-0.00406778,-0.0224901,-0.00475149,-0.00612474,0.00612929,-0.00332614,0.00188451,-0.000850833,-0.00274915,0.000954272,0.989942,-0.000735046,-0.000792402,-0.0233216,-0.0299596,-0.00900031,-4.65082e-05],[-0.0583852,-0.328552,-3.39805,-0.175801,-0.310471,-1.57561,-0.0971911,0.0461958,0.0312525,0.013637,-0.0197461,-2.5719,0.998073,0.0185654,-0.277729,0.138719,-0.0741631,0.021869],[0.355171,0.27129,1.16514,0.0539454,1.56758,0.935636,0.374278,-0.141781,-0.0285177,0.0301753,-0.0288992,-7.73728,0.0590043,1.17871,-2.56736,0.383442,-0.224643,0.00619318],[0.0336253,0.0643513,-0.0344541,0.0577819,0.0266184,0.0200452,-0.00260257,-0.0083665,0.00231766,0.0187919,-0.00601704,0.18213,0.0192257,0.0129697,1.06863,0.126571,0.0535781,-0.000596914],[0.132915,0.0276704,-0.0596048,-0.025443,0.174645,0.000678121,0.0165265,-0.00385833,-0.00731226,-0.00728831,-0.000946617,-0.146945,-0.0105231,-0.00262491,-0.454126,0.310016,0.100875,0.00122945],[0.0117792,-0.0724115,0.0813346,-0.120737,0.00326403,-0.0560403,0.117335,-0.0146729,0.0096158,0.0213803,-0.00290849,0.340868,0.00158067,0.0169388,-0.163697,0.126742,0.269054,0.00782061],[-0.0628895,-0.876397,-1.6775,-0.815757,1.6375,0.717604,0.394597,0.175965,0.145555,0.0800034,-0.0155963,12.6322,0.141279,-0.0130178,3.6061,-0.408871,1.57063,1.14738],[0.0953671,-0.00924903,-0.0461296,-0.249545,0.150288,0.251187,0.0429067,0.00236469,-0.02532,0.0334057,-0.000889658,1.04937,0.0655748,0.0481259,-0.104546,-0.0900777,0.211687,-0.00235024],[0.00678984,0.0994198,0.0716783,-0.015483,-0.000229831,-0.024443,0.0569857,-0.00333866,0.00791772,0.0347529,0.000659934,0.421193,0.0294623,0.0266539,-0.257776,-0.13893,0.18462,0.00289567],[-0.0352504,-0.0590472,0.119828,-0.00207559,-0.0249864,0.0151967,0.00192925,0.0119511,-0.00281811,-4.12414e-05,3.77224e-05,-0.057319,0.00242319,0.00518505,-0.0847746,-0.0427526,0.043605,0.000747183],[0.261788,0.255783,-0.0530116,0.375008,0.241179,0.152645,0.0249198,-0.00603797,-0.0189489,-0.0333545,-0.0020818,0.379974,-0.0153876,-0.0252445,0.267341,0.24859,0.0189184,-0.0119352],[0.0452426,0.0326273,-0.115125,-0.0204962,0.226358,0.0278004,-0.0172055,-0.00468055,0.00156467,0.00336237,0.00141898,-0.347806,-0.00401869,0.00312944,-0.258977,0.00559812,0.0130465,-0.00447221],[-0.00929751,0.00686633,0.43301,0.107005,0.0666919,0.302051,-0.0224081,0.000877368,0.00403194,0.00801817,0.000681722,-0.573729,0.00349094,0.00632782,-0.147934,-0.0159687,-0.0200142,0.000379755],[-0.120059,0.0591604,0.172234,-0.136951,-0.557617,-0.3664,-0.0126058,-0.0447691,-0.00705855,0.0200785,0.00811141,0.413105,-0.031299,-0.0439388,0.828766,0.189869,-0.341426,-0.0125499],[-0.00410895,-0.159503,-0.532327,-0.0902277,-0.0314928,-0.0481308,-0.335769,0.200287,-0.00148286,-0.0364245,-0.0219743,-2.23035,-0.000697375,-0.00230983,-1.30831,-0.769973,-1.29224,-0.00628523],[-0.335176,-0.361222,-0.90294,-0.316098,-0.387657,-0.546502,0.586158,-0.156314,-0.159314,0.0171031,-0.0595118,5.85332,0.0051699,0.0328244,-0.414099,-0.190955,1.54927,-0.0857348],[0.0772768,0.0707415,0.615934,-0.227687,-0.0553537,-0.0109773,-0.0944802,-0.0243872,-0.0377624,-0.0398463,-0.0376224,5.47896,0.0300241,0.0593761,-1.40961,-0.169338,-0.119285,-0.0436694],[-1.79185,-1.11158,-1.63259,-2.73858,0.501172,1.9702,0.376916,-0.0327886,0.272115,0.446876,-0.0666454,19.1989,0.344286,0.286708,1.07834,-1.37047,1.78669,0.0464878],[0.00795323,-0.00474898,0.0315036,0.00447028,0.0333095,0.0109244,0.00636099,0.00148387,-0.00051958,0.00108443,-0.000199661,0.0353638,0.00209112,0.000867408,0.0359598,0.0251277,-7.3252e-05,-5.57224e-06],[0.177974,0.447827,2.41854,0.355993,0.586998,1.14218,-0.118173,-0.0337077,-0.00442597,-0.111182,0.00797104,-2.31461,-0.116749,-0.0877364,-0.561378,-0.0676766,-0.304655,-0.000575412],[-0.059479,-0.235353,-0.304734,0.178213,-0.98361,-0.20315,-0.466484,-0.0180435,0.015775,-0.0459377,0.00657212,3.66104,-0.140351,-0.193609,1.713,-0.375724,0.242976,-0.0204697],[-0.0337388,-0.0231611,0.0466621,-0.0720617,-0.0555973,0.0296423,0.00455806,-0.00270273,-0.00681878,-0.0182566,0.00492297,-0.0171158,-0.0183944,-0.00985148,-0.117577,-0.0712635,-0.0742341,-0.00089016],[-0.0316365,-0.00573698,-0.149101,0.11362,0.0736428,0.0852298,0.0274694,-0.0242409,-0.00404113,0.0159329,-0.00465493,0.105171,0.0118503,0.0129968,0.0963131,0.271498,0.055855,0.00680595],[-0.0289113,0.0567869,0.0318121,0.0102301,-0.0715703,-0.0327541,0.0241796,-0.00918574,0.0153774,0.0279921,-0.00524365,0.174654,0.026963,0.0301957,-0.106545,0.00604257,0.410521,0.016053],[-0.227409,0.410512,0.906093,0.576674,-1.34497,-0.545238,-0.382309,-0.078941,-0.137285,-0.115816,0.00721459,-10.2213,-0.137294,0.0139201,-3.23418,-0.0489962,-1.21139,-0.157284],[0.0920747,0.0458768,-0.46366,0.0086743,0.0462271,-0.216145,-0.0414241,0.0166827,0.00450266,-0.00774972,-0.00568046,-0.696526,-0.0276526,-0.0187937,-0.182842,-0.104184,-0.123522,-0.000503197],[0.00259277,0.0911804,-0.0594384,0.00658995,0.0347721,0.100172,-0.0172335,0.0126016,0.0153044,0.00160477,0.000224587,-0.438631,-0.00977728,-0.00638666,-0.0240787,0.0853713,-0.114089,0.00517502],[-0.00737329,-0.0247712,0.155865,0.0175878,-0.0286052,0.00466895,0.0155177,0.00445025,0.00553226,0.00288132,-0.000661998,-0.165023,0.00282848,0.00596793,-0.0684225,-0.0172689,-0.00213079,0.00381896],[0.0565907,0.0822775,0.289603,0.145774,0.0515581,0.149634,0.0216731,0.00536846,0.0188904,0.0317422,0.0110343,1.00095,0.0349191,0.0241452,0.111896,0.0616634,0.083176,0.00218503],[-0.0110874,-0.0439232,-0.339619,-0.0895219,0.0984834,-0.119418,-0.000824737,0.0127886,-0.00925492,-0.00915256,0.00236219,0.180204,-0.00411671,0.00494228,-0.116215,0.00651747,0.0437009,-0.00283608],[0.0742741,0.0133348,0.00045998,-0.000189965,0.144398,0.144824,0.00794792,-0.00216,-0.00804815,-0.00411724,-0.00180982,0.253455,0.00720872,-0.00823988,0.338918,0.165417,-0.0227223,-0.00429138],[0.0774677,0.0309343,0.217131,0.0681172,0.0646405,0.00125715,-0.02138,0.0087107,-0.0235318,-0.0103294,0.00174243,1.05214,0.0224164,0.015121,0.158711,0.128144,0.0581237,-0.00702165],[0.201322,0.318741,-0.616137,-0.0496273,0.394676,0.15761,0.110894,0.077527,0.0154436,0.0616543,0.00507498,-0.573349,0.0604748,0.0899475,-0.653608,-0.153485,0.278772,0.00841099],[0.153639,0.0683878,-0.524593,-0.0603275,0.11873,0.018081,0.251145,0.156937,-0.0426787,0.125588,0.0125157,2.2883,0.0919362,0.0607451,1.46022,-0.0498016,0.489122,-0.0441126],[-0.101202,-0.143824,-1.70483,-0.263841,0.38693,-0.218953,-0.00792522,0.0157682,-0.0794948,-0.0406198,-0.0199034,-3.92369,-0.029074,0.0427478,-0.24122,0.162394,0.116206,-0.0392624],[-1.08204,-0.82817,-0.560667,-0.757764,-2.52097,-1.84622,-0.872319,0.24325,0.0984651,0.12079,-0.0347624,1.94471,0.0426518,0.110502,-0.503665,-2.41073,-1.14918,0.0578645],[-0.000324488,0.00762576,-0.0085611,0.000489195,-0.027957,-0.0174311,-0.00279159,-0.00347729,0.00135031,0.00155253,-0.000748627,-0.0335919,-0.00144275,-6.02496e-05,-0.0120219,0.00432023,0.00957119,3.06776e-05],[0.0303612,0.0642635,0.390881,0.0297141,-0.0591467,0.330487,0.137235,-0.000411681,-0.0212686,0.0524829,0.00850094,3.1208,0.0426999,0.0222588,0.574224,0.022749,0.103759,-0.0218346],[-0.259232,-0.0038292,-1.08273,-0.196846,-0.482965,-0.762136,0.0543433,0.168208,0.0167088,-0.00177784,0.0220739,3.58028,0.0595974,-0.0114728,0.802936,0.00106056,-0.183091,0.0151671],[0.000150178,-0.0411911,-0.0126985,0.0144243,0.0289835,-0.0499326,-0.00174881,0.0110551,0.00451465,-0.000373679,0.00111798,-0.161722,-0.000716724,-0.00297451,0.0488059,-0.0552965,0.0219181,0.00147647],[-0.155477,-0.153415,0.0616364,-0.195102,-0.0416149,0.00580851,0.0205082,0.0111462,-0.00328173,0.0010991,0.00149459,0.254094,0.00787584,0.0116405,-0.0958178,0.0354783,0.0487867,0.000427478],[-0.0278389,-0.0305656,-0.221143,0.058098,-0.0781816,-0.0955364,-0.00228925,0.00916387,0.000599639,0.00929585,-0.00266675,-0.0458391,0.0150507,0.00219563,0.177651,0.0045272,-0.0423964,0.00627326],[0.27579,0.441156,0.85522,0.345465,-0.276372,-0.184399,-0.125986,-0.117464,-0.0579781,0.0151685,0.000420738,-3.68698,-0.00398627,-0.0175241,0.0652204,0.074611,-0.685947,-0.0775003]],"sigmahat":[[0.572858,0.531874,0.0724692,0.276645,0.612652,0.425365,-0.014227,0.000532209,0.000694239,0.00227185,-0.00506394,0.200947,-0.0029976,-0.0318519,0.428065,0.348843,-0.139252,-0.00337839],[0.531874,0.982345,0.065687,0.275656,0.334365,0.560806,-0.0487937,-0.0502784,0.0081971,0.00169593,-0.0176185,-0.302797,-0.00408632,-0.0069442,-0.304466,0.636554,-0.272849,0.0054784],[0.0724692,0.065687,7.75992,-0.00598659,-1.12529,1.86559,0.180581,0.0646218,0.0637055,0.0381897,0.05299,2.17119,0.0717529,0.0726759,0.867904,-0.501209,0.231025,-0.00941123],[0.276645,0.275656,-0.00598659,1.0416,0.285849,0.0432288,-0.0831798,-0.0137511,0.0125663,-0.0286199,-0.00291827,-1.57506,-0.0213252,-0.0449871,0.431027,0.108608,-0.309431,-0.00416661],[0.612652,0.334365,-1.12529,0.285849,2.07401,0.696567,0.0194869,0.0152264,-0.0101775,-0.00158103,-0.00303823,1.2194,0.0268241,-0.0229632,0.435765,0.44883,0.122947,0.0145673],[0.425365,0.560806,1.86559,0.0432288,0.696567,1.8509,0.0628273,-0.0388675,0.00418291,0.00434272,0.00782934,1.34527,0.0604716,0.0330724,0.187369,0.509003,0.146305,0.00455108],[-0.014227,-0.0487937,0.180581,-0.0831798,0.0194869,0.0628273,0.182375,-0.0090189,0.00243367,0.024251,0.00588844,2.05931,0.0172595,0.00698217,0.259273,0.0562052,0.475869,0.00356574],[0.000532209,-0.0502784,0.0646218,-0.0137511,0.0152264,-0.0388675,-0.0090189,0.0526217,0.00423032,0.0028295,0.0058181,-0.22731,0.000716386,0.000702596,0.019692,-0.0956301,-0.0266719,-0.00150526],[0.000694239,0.0081971,0.0637055,0.0125663,-0.0101775,0.00418291,0.00243367,0.00423032,0.0102772,0.00742994,0.000906755,0.0551242,0.00574231,0.0034274,0.0371388,-0.0151235,0.0146857,0.00434458],[0.00227185,0.00169593,0.0381897,-0.0286199,-0.00158103,0.00434272,0.024251,0.0028295,0.00742994,0.0389838,-0.000507168,0.749111,0.0339793,0.0277113,0.182733,0.0166955,0.109724,0.00724572],[-0.00506394,-0.0176185,0.05299,-0.00291827,-0.00303823,0.00782934,0.00588844,0.0058181,0.000906755,-0.000507168,0.00460496,0.0381437,-0.00217915,-0.00217571,0.0175283,-0.0273061,0.0259084,-0.0012126],[0.200947,-0.302797,2.17119,-1.57506,1.2194,1.34527,2.05931,-0.22731,0.0551242,0.749111,0.0381437,82.133,0.824878,0.26979,12.3794,2.05183,8.20179,0.160303],[-0.0029976,-0.00408632,0.0717529,-0.0213252,0.0268241,0.0604716,0.0172595,0.000716386,0.00574231,0.0339793,-0.00217915,0.824878,0.0568968,0.0402859,0.159181,0.0587421,0.0893512,0.00980703],[-0.0318519,-0.0069442,0.0726759,-0.0449871,-0.0229632,0.0330724,0.00698217,0.000702596,0.0034274,0.0277113,-0.00217571,0.26979,0.0402859,0.0459642,-0.097889,0.0410578,0.0626828,0.00871703],[0.428065,-0.304466,0.867904,0.431027,0.435765,0.187369,0.259273,0.019692,0.0371388,0.182733,0.0175283,12.3794,0.159181,-0.097889,8.5461,0.154487,0.98424,-0.010844],[0.348843,0.636554,-0.501209,0.108608,0.44883,0.509003,0.0562052,-0.0956301,-0.0151235,0.0166955,-0.0273061,2.05183,0.0587421,0.0410578,0.154487,1.59392,-0.134867,0.019843],[-0.139252,-0.272849,0.231025,-0.309431,0.122947,0.146305,0.475869,-0.0266719,0.0146857,0.109724,0.0259084,8.20179,0.0893512,0.0626828,0.98424,-0.134867,2.61655,0.0174733],[-0.00337839,0.0054784,-0.00941123,-0.00416661,0.0145673,0.00455108,0.00356574,-0.00150526,0.00434458,0.00724572,-0.0012126,0.160303,0.00980703,0.00871703,-0.010844,0.019843,0.0174733,0.00777542]],"n":18,"lags":3}