{"betahat":[[0.727645,0.61864,2.77631,-0.17459,0.820619,1.62034,0.121498,0.114562,0.0294035,-0.00215739,0.0452652,2.91757,0.112834,0.0078214,2.42591,0.662905,1.02962,0.0105535],[0.822808,-0.0349837,0.488612,0.228627,-0.184696,-0.0282967,0.00377956,-0.0213153,0.0209246,-0.0223105,0.00605012,-0.332234,-0.0351063,-0.0262986,0.253668,0.186313,-0.0516709,0.0042745],[-0.0274686,0.794653,-0.00948166,0.000414627,-0.053168,-0.0860612,-0.0397737,-0.00352579,-0.0231959,-0.0366315,0.00101447,-0.0770445,-0.020933,-0.0209161,0.247307,0.00383032,-0.0641439,-0.00915319],[0.0422976,0.0832184,0.731513,-0.0161259,0.0495462,-0.0186202,-0.0182146,-0.0160527,-0.00298675,-0.00322293,0.000326525,0.206924,-0.00491044,-0.01061,0.147232,0.0608066,-0.0378832,-0.00468586],[-0.305837,-0.325009,-0.2349,0.498123,-0.265335,-0.286568,-0.0434845,0.000929439,0.000395679,0.00115528,-0.00870434,-1.37279,-0.0196434,0.00103502,-0.351073,-0.287125,-0.105127,0.00961595],[-0.0302545,0.018386,0.440875,0.108252,0.685695,0.0899399,0.0145528,-0.00903316,0.00748543,0.00575633,-0.00450685,0.148567,0.00826271,-0.00654167,0.355297,-0.0117494,-0.0626828,0.00702909],[-0.0656908,-0.0235445,-0.4398,-0.102206,-0.192843,0.56542,0.010603,0.00144468,0.00400552,-0.00560905,0.00126255,0.284111,-0.0126289,-0.000368936,-0.187299,-0.148243,0.0187395,0.00449877],[0.0409055,-0.0778741,-0.374829,0.0760418,0.477852,0.359929,1.06601,0.0262956,0.0344357,0.00139912,-0.0106113,-1.33363,0.0126724,0.0358792,-1.01323,-0.314372,0.233803,0.0262013],[-0.160473,-0.137354,1.12335,0.206308,-0.392426,-0.178803,0.191916,0.736071,-0.0144829,-0.039077,0.019739,2.19484,-0.0813454,-0.106187,2.06909,1.03322,0.860502,-0.00316384],[0.247645,0.275154,1.10737,0.101075,0.324645,0.404199,-0.678591,0.0811243,1.17733,-0.117697,0.0500706,-6.62741,-0.0721778,-0.0659666,-0.775902,0.347658,-1.6905,0.145519],[-0.00736961,-0.00964138,1.10816,0.47484,-0.270808,0.196374,0.109878,0.00114858,0.125744,1.05608,0.0556645,-1.22089,-0.00568644,-0.0993536,1.55219,0.0818827,-0.216154,0.105647],[2.74975,1.68267,2.56228,3.36739,1.93227,-0.0358703,0.475616,-0.215573,-0.362414,-0.544946,1.10539,-19.707,-0.35304,-0.367724,-0.133658,3.62611,-0.512773,-0.102732],[-0.00769929,-0.0035085,-0.0219627,-0.00494773,-0.00449253,0.00758397,-0.00232989,0.00155667,-0.000665471,-0.00245815,0.000861455,0.99601,-0.000379345,-0.000645213,-0.0218259,-0.0284108,-0.00954287,0.000186862],[-0.0858992,-0.331585,-3.21073,-0.258675,-0.352587,-1.50496,-0.0709812,0.0419216,0.0310566,0.0168544,-0.0180475,-2.53069,1.00099,0.0221591,-0.374437,0.0186262,0.0498604,0.0231826],[0.310033,0.203931,1.23584,0.0583802,1.45551,0.889429,0.375726,-0.14962,-0.0305953,0.0318308,-0.0321266,-7.66534,0.0580756,1.1743,-2.50359,0.294083,-0.244555,0.000614154],[0.0282537,0.0586394,-0.0402691,0.05414,0.0175346,0.011694,-0.00417792,-0.00694101,0.00161825,0.0173484,-0.00587561,0.163705,0.0177654,0.0114992,1.06412,0.119897,0.0490512,-0.00105639],[0.143757,0.0450519,-0.0496085,-0.0119511,0.161372,-0.00570961,0.00870566,-0.000832941,-0.00595367,-0.0104857,-0.000173997,-0.102793,-0.0142229,-0.007746,-0.394519,0.378102,0.0842836,0.000153897],[0.00961404,-0.0760505,0.0731961,-0.116597,0.00745642,-0.0479299,0.109221,-0.0108665,0.00741174,0.0169891,-0.00159463,0.263443,-0.000883537,0.014453,-0.181532,0.114478,0.311597,0.00509138],[-0.0916657,-0.932465,-1.97591,-0.773024,1.58336,0.508616,0.363501,0.201259,0.14246,0.0561367,-0.0078821,11.4049,0.116772,-0.00839734,2.9101,-0.385361,1.44415,1.17121],[0.0875428,-0.0103028,-0.0239638,-0.23829,0.125612,0.232869,0.0394848,0.00304032,-0.0265386,0.0325469,-0.00112573,1.06989,0.0626483,0.0467696,-0.115468,-0.106554,0.192256,-0.00378696],[0.0171855,0.105499,0.0588493,-0.0132405,0.0219918,-0.0157713,0.0621895,-0.00645551,0.00847175,0.0357148,-0.00112175,0.509185,0.0303121,0.0284096,-0.249271,-0.10517,0.191711,0.00466038],[-0.0335384,-0.0577679,0.119725,0.00363156,-0.0219071,0.0131492,0.0023321,0.0118394,-0.00240729,0.000384096,0.00010385,-0.0720924,0.00232718,0.00523014,-0.0812386,-0.0420973,0.0396169,0.00107743],[0.252755,0.247474,-0.0436744,0.358151,0.228539,0.14813,0.0253552,-0.00447293,-0.0171285,-0.0290716,-0.000897998,0.400696,-0.0122386,-0.0228841,0.243087,0.219353,0.0396295,-0.0111218],[0.0386425,0.0249595,-0.110831,-0.0134835,0.222161,0.0265891,-0.0165219,-0.00484612,0.0018734,0.00248233,0.00164283,-0.363802,-0.00409263,0.0022113,-0.239759,-0.00100944,0.0114448,-0.00454249],[-0.00390555,0.0101082,0.446402,0.0976272,0.0643782,0.306165,-0.0211036,0.00145446,0.00379693,0.0094316,0.000524862,-0.532467,0.00629736,0.00771072,-0.125443,-0.0102477,-0.00876361,-0.000291606],[-0.120263,0.0415312,0.147041,-0.134189,-0.540293,-0.365296,-0.0314779,-0.0378375,-0.0101719,0.00952821,0.00691461,0.275353,-0.0329296,-0.0475749,0.810167,0.206541,-0.328314,-0.0158214],[-0.00106821,-0.169274,-0.447121,-0.136842,0.00396308,0.00463894,-0.304953,0.185496,0.00225558,-0.028298,-0.0221072,-2.04766,0.012398,0.00962584,-1.3385,-0.844,-1.19532,-0.00117658],[-0.31747,-0.337534,-0.886568,-0.253255,-0.381329,-0.480437,0.515895,-0.145852,-0.161056,0.0229894,-0.0559927,5.18168,0.024748,0.0451153,-0.49876,-0.283976,1.42907,-0.0897151],[0.0869078,0.100903,0.378504,-0.179915,0.017045,0.0336131,-0.102727,-0.0266507,-0.0402713,-0.0628814,-0.0373051,4.42103,0.0078585,0.0312901,-1.51557,-0.173174,-0.028149,-0.0464203],[-1.72666,-0.880348,-2.36292,-2.76017,0.431277,1.71,0.396805,-0.0381077,0.260541,0.451169,-0.0849533,18.2675,0.344757,0.285677,0.367486,-1.18192,1.65635,0.0595479],[0.00688802,-0.0043544,0.0296668,0.00389616,0.0306351,0.00935464,0.00551992,0.00143962,-0.00057593,0.00117691,-0.00014694,0.0341802,0.00195118,0.000964953,0.0300641,0.0253284,4.56975e-05,-4.51371e-05],[0.167653,0.410376,2.37991,0.403453,0.615349,1.16583,-0.124188,-0.0273456,-0.0104487,-0.0999882,0.00896343,-1.47125,-0.0979614,-0.0768705,-0.353812,-0.0069644,-0.308161,-0.00438397],[-0.0408418,-0.185581,-0.335846,0.213407,-0.941393,-0.223466,-0.472647,-0.000591616,0.020929,-0.0492098,0.010666,3.37861,-0.141361,-0.192865,1.69101,-0.333886,0.208852,-0.022354],[-0.0254223,-0.0175639,0.0416713,-0.0644834,-0.0393604,0.0342333,0.00641982,-0.00353103,-0.00600651,-0.0170345,0.00459459,-0.00869637,-0.0169122,-0.00875709,-0.107907,-0.0617249,-0.0731938,-6.55905e-05],[-0.0303857,-0.000788966,-0.168702,0.106941,0.0545119,0.0587775,0.0224073,-0.0205899,-0.00306303,0.0148218,-0.00440391,0.0494967,0.0116439,0.0126861,0.120009,0.289066,0.0406177,0.00710603],[-0.0275625,0.0549608,0.0380213,0.00347345,-0.0681509,-0.0228421,0.0190662,-0.00551876,0.0136848,0.0257606,-0.00438331,0.144084,0.025585,0.0288399,-0.0964594,-0.00452455,0.430446,0.0145825],[-0.153868,0.407715,0.850085,0.502025,-1.11731,-0.539889,-0.296146,-0.0633058,-0.128448,-0.0679309,0.00208356,-8.43988,-0.10135,0.0272113,-2.62166,-0.0104905,-0.893071,-0.149278],[0.0896545,0.0452939,-0.464642,0.009664,0.059096,-0.20457,-0.0432541,0.0182743,0.00561405,-0.0102309,-0.00492405,-0.737368,-0.0275404,-0.0204706,-0.138172,-0.0797643,-0.140526,-0.000487595],[0.0102865,0.0998495,-0.0493653,0.012823,0.0311882,0.101832,-0.022403,0.00998133,0.0147239,0.000921677,0.00010771,-0.431813,-0.0093783,-0.00749382,0.0019959,0.101331,-0.127499,0.00449283],[-0.00874035,-0.0254284,0.148685,0.0124915,-0.0276161,0.00544836,0.0159055,0.00421348,0.00539468,0.0028528,-0.000430237,-0.13421,0.00259284,0.00538528,-0.0659276,-0.0187008,-0.00160458,0.00360882],[0.053087,0.0775436,0.278597,0.143716,0.0368079,0.138451,0.0181383,0.00354235,0.0167327,0.0279202,0.00960263,0.972321,0.0318828,0.0218491,0.107994,0.0677677,0.065547,0.00150618],[-0.00837639,-0.0433309,-0.330039,-0.0947578,0.0921457,-0.116541,0.00197849,0.0138796,-0.0093585,-0.00822963,0.00286445,0.215576,-0.00416707,0.00433152,-0.115494,0.0127449,0.0513085,-0.00248819],[0.069607,0.0134482,-0.00662125,0.00458414,0.128469,0.128392,0.0105137,-0.00289799,-0.00780194,-0.00381259,-0.0017869,0.248751,0.00633608,-0.00733937,0.312783,0.158478,-0.00988855,-0.00420845],[0.0793697,0.0363433,0.227817,0.0581975,0.0624579,0.00533668,-0.0345048,0.0115389,-0.0242615,-0.010905,0.00369615,1.05896,0.0202744,0.0117048,0.20316,0.107822,0.0946444,-0.0103803],[0.145261,0.289165,-0.58917,-0.0642077,0.371398,0.203609,0.105207,0.0633075,0.00874948,0.0585106,0.00209256,-0.313326,0.0606356,0.0886334,-0.678613,-0.177981,0.271425,0.00324648],[0.136163,0.0242075,-0.602118,-0.0595402,0.191642,-0.0300934,0.221125,0.148412,-0.0464768,0.102398,0.0104158,2.0389,0.0703581,0.0477237,1.31855,-0.0720353,0.419985,-0.0425409],[-0.0989847,-0.124224,-1.53451,-0.223308,0.320036,-0.192455,-0.0135849,0.017319,-0.081753,-0.0379146,-0.0175132,-3.71251,-0.0329375,0.0416748,-0.17797,0.137732,0.0888514,-0.0452566],[-1.02308,-0.802294,-0.199337,-0.607234,-2.36352,-1.6741,-0.872412,0.253673,0.101872,0.0937842,-0.0204334,1.43981,0.00828327,0.0820469,-0.233801,-2.44417,-1.14351,0.0431872],[0.000438373,0.00729858,-0.00734157,0.00115444,-0.0265445,-0.0170703,-0.00307378,-0.00307115,0.00123073,0.0012197,-0.000710833,-0.0337988,-0.00160633,-0.000316469,-0.00791805,0.00290522,0.00964726,-0.000150929],[0.00558113,0.0268241,0.467221,-0.0233775,-0.120201,0.285309,0.14867,-0.00576334,-0.0183512,0.0540337,0.00726656,3.02541,0.0501595,0.0247063,0.554854,0.0174786,0.0945007,-0.0190964],[-0.253516,-0.00423838,-0.999972,-0.244623,-0.472679,-0.675106,0.0764174,0.153815,0.011418,0.00461997,0.0213407,4.00341,0.0696906,0.00328495,0.77488,0.0472479,-0.0546635,0.0231],[-0.00271844,-0.0409732,-0.00151752,0.0104594,0.0218379,-0.0460448,-0.00211537,0.0104715,0.00439471,-0.000215283,0.00128996,-0.152975,-0.000794026,-0.00267128,0.0437144,-0.0581961,0.024886,0.00110671],[-0.147809,-0.142409,0.0678457,-0.1812,-0.0521067,0.00462237,0.0144013,0.0114515,-0.00212693,-0.000290225,0.00169988,0.15962,0.0054809,0.00915709,-0.0846523,0.0448242,0.0314042,-0.000126847],[-0.0245116,-0.0291552,-0.224144,0.0533833,-0.065528,-0.09497,-0.0027979,0.0101082,0.000920556,0.00947909,-0.00244925,0.0214708,0.0149756,0.0019606,0.190674,0.00822788,-0.0283994,0.00623939],[0.272112,0.519201,1.00377,0.343978,-0.374116,-0.0435185,-0.142396,-0.131468,-0.0573497,-0.000671716,0.00320034,-4.0338,-0.0154394,-0.0250914,0.0504696,0.165811,-0.748585,-0.0869851]],"sigmahat":[[0.588176,0.54903,0.0454146,0.281738,0.63063,0.421803,-0.0176805,0.00198246,0.000424858,0.000363477,-0.00535142,0.224016,-0.00437614,-0.0320801,0.411495,0.359194,-0.134159,-0.00346047],[0.54903,1.01469,0.0346037,0.286982,0.340807,0.554196,-0.0530542,-0.0512234,0.00742346,-0.000729397,-0.0182039,-0.314838,-0.00649948,-0.00780158,-0.351787,0.65895,-0.27054,0.00492092],[0.0454146,0.0346037,8.02859,0.0156375,-1.20394,1.92,0.181435,0.0540526,0.0618864,0.0324042,0.0558442,2.26593,0.0633284,0.0635677,0.955132,-0.512222,0.218199,-0.0159743],[0.281738,0.286982,0.0156375,1.06326,0.277014,0.0503878,-0.0857652,-0.0142243,0.0145373,-0.031283,-0.00271607,-1.65443,-0.0235392,-0.0473769,0.45562,0.12199,-0.309639,-0.00387432],[0.63063,0.340807,-1.20394,0.277014,2.14313,0.700782,0.0204771,0.0205109,-0.0096934,-0.00144081,-0.0041379,1.2635,0.0296341,-0.0199239,0.404919,0.438942,0.143055,0.0171127],[0.421803,0.554196,1.92,0.0503878,0.700782,1.88407,0.0640981,-0.0398843,0.0035459,0.00144676,0.00801908,1.41973,0.0599975,0.0317382,0.178914,0.496446,0.151462,0.00351316],[-0.0176805,-0.0530542,0.181435,-0.0857652,0.0204771,0.0640981,0.191905,-0.00868512,0.00213263,0.0270154,0.00579995,2.15788,0.0209204,0.0104651,0.264093,0.058839,0.486611,0.00468302],[0.00198246,-0.0512234,0.0540526,-0.0142243,0.0205109,-0.0398843,-0.00868512,0.0543068,0.00432495,0.00342697,0.00588545,-0.214065,0.00128622,0.00122427,0.0195697,-0.0937575,-0.021559,-0.00142148],[0.000424858,0.00742346,0.0618864,0.0145373,-0.0096934,0.0035459,0.00213263,0.00432495,0.0110078,0.00764939,0.000924717,0.0525579,0.00594927,0.003385,0.0391977,-0.0147756,0.0144682,0.00479847],[0.000363477,-0.000729397,0.0324042,-0.031283,-0.00144081,0.00144676,0.0270154,0.00342697,0.00764939,0.0410498,-0.000547245,0.787026,0.0363677,0.0297217,0.181593,0.0169411,0.118206,0.00765154],[-0.00535142,-0.0182039,0.0558442,-0.00271607,-0.0041379,0.00801908,0.00579995,0.00588545,0.000924717,-0.000547245,0.00463387,0.0418017,-0.00223309,-0.00228889,0.0190855,-0.027601,0.0248781,-0.00132967],[0.224016,-0.314838,2.26593,-1.65443,1.2635,1.41973,2.15788,-0.214065,0.0525579,0.787026,0.0418017,84.5799,0.875433,0.30283,12.55,2.13104,8.56667,0.172357],[-0.00437614,-0.00649948,0.0633284,-0.0235392,0.0296341,0.0599975,0.0209204,0.00128622,0.00594927,0.0363677,-0.00223309,0.875433,0.0595522,0.0422749,0.162235,0.0612455,0.100389,0.0102647],[-0.0320801,-0.00780158,0.0635677,-0.0473769,-0.0199239,0.0317382,0.0104651,0.00122427,0.003385,0.0297217,-0.00228889,0.30283,0.0422749,0.0478048,-0.102819,0.0426395,0.0712314,0.0090998],[0.411495,-0.351787,0.955132,0.45562,0.404919,0.178914,0.264093,0.0195697,0.0391977,0.181593,0.0190855,12.55,0.162235,-0.102819,8.85058,0.22197,1.01526,-0.0145703],[0.359194,0.65895,-0.512222,0.12199,0.438942,0.496446,0.058839,-0.0937575,-0.0147756,0.0169411,-0.027601,2.13104,0.0612455,0.0426395,0.22197,1.68986,-0.147098,0.0205907],[-0.134159,-0.27054,0.218199,-0.309639,0.143055,0.151462,0.486611,-0.021559,0.0144682,0.118206,0.0248781,8.56667,0.100389,0.0712314,1.01526,-0.147098,2.71374,0.0199624],[-0.00346047,0.00492092,-0.0159743,-0.00387432,0.0171127,0.00351316,0.00468302,-0.00142148,0.00479847,0.00765154,-0.00132967,0.172357,0.0102647,0.0090998,-0.0145703,0.0205907,0.0199624,0.00849166]],"n":18,"lags":3}