{"betahat":[[4.2758,5.90047,7.77051,14.865,5.13252,36.9595,9.89592,-1.56438,-5.14854,-0.830629,-1.12833,-3.31949,7.81942,10.4493,-119.093,-0.00545472,1.72497,-49.1276,22.3273,5.39365,5.82552,-35.0787,2.76725,-2.11091,1.05082,-18.7715,-2.88528],[0.976977,-0.068905,0.218568,0.0112661,-0.00987922,0.366864,0.0820081,-0.0156075,0.068416,0.0286551,0.0462238,0.0014441,0.193947,-0.550526,2.64735,0.0121343,-0.047305,0.91828,-0.0442265,0.0687659,0.0524992,-0.310043,0.0409863,0.0318811,0.342039,0.306169,0.0332246],[-0.0318479,0.847491,0.138741,-0.0457837,0.0953487,0.0965972,0.00158454,-0.00711251,0.00764132,0.0118595,0.0158931,-0.000522259,0.0254778,-0.0529599,0.592973,-0.0074198,-0.0208876,0.440922,-0.00221091,0.017601,-0.0265546,-0.0409143,0.0150394,0.016915,0.218694,-0.0369867,0.00803197],[0.0259958,0.0388003,0.672755,0.0606837,0.116481,0.034485,0.00336874,-0.00264792,0.0109852,0.00224348,0.00512632,0.0124597,-0.0229822,0.043676,0.735273,0.00865503,0.000918246,0.175027,-0.00189709,0.00180281,0.00994789,-0.208029,-0.0518666,0.0102164,0.087198,0.0855689,-0.0283192],[-0.00756486,-0.0526143,-0.132582,0.776187,-0.24763,0.156175,-0.0906565,-0.0107623,0.00413527,0.00484012,-0.00961971,0.025811,0.012668,0.0967429,0.122136,0.0225231,0.0225427,-0.097903,-0.050996,0.0660538,0.0212428,-0.153841,-0.0477876,-0.007459,-0.0407849,0.128578,0.00812943],[-0.0406508,-0.0623954,-0.067217,-0.0521181,0.760151,0.00853332,0.0103421,0.00638274,-0.00608839,0.00208335,-0.00049493,0.00131811,0.00120443,-0.0114612,-0.0271933,-0.000788284,0.00429899,-0.064091,0.00719122,0.0144502,-0.0140017,0.0101031,0.134213,0.0046564,-0.113082,0.0271602,-0.00645141],[0.00675761,0.0292227,0.132403,0.0018806,0.0739615,0.796289,0.0356687,3.92026e-05,0.0166228,-0.00171508,-0.00171974,0.00385339,0.0140326,0.04934,0.590019,0.00629631,0.0105475,-0.173428,0.00657916,0.00588602,0.0013885,0.0481811,0.00250632,-0.00268213,0.100291,0.0655974,0.0010277],[-0.0349102,0.00824124,-0.0392263,0.0997275,-0.211883,-0.33373,0.977464,-0.0101426,-0.009884,0.0156264,0.00769935,0.0158242,0.151468,0.076115,-1.66126,0.00630183,0.0189352,-0.238652,-0.0205453,-0.0817406,0.047617,0.363429,0.0446288,-0.00740498,-0.271707,-0.0402997,0.00777778],[0.0909016,0.00712844,-0.136029,0.64363,-0.382159,-0.037802,0.33038,1.03455,0.0140897,0.0392254,0.0123581,-0.0223008,-0.489313,-0.405811,0.236151,0.0477929,0.106655,-0.496868,0.290299,0.81744,-0.0657381,-0.0401472,1.1161,0.0646027,1.00044,-0.00991301,-0.0367004],[-0.0480652,-0.143302,-0.151247,0.0560647,-0.182141,-0.523646,0.00863331,0.022873,0.994467,0.0648701,0.0512426,0.0552554,0.072488,0.100831,1.04568,0.0292733,0.0418671,-0.623607,-0.0635084,-0.0369416,-0.061517,0.0744758,-0.0789698,0.0747064,0.0921283,0.0976503,0.0340399],[-0.149286,-0.0041773,-0.138345,-0.262049,-0.488647,-1.2427,-0.540517,-0.0104156,-0.035686,0.961495,0.0887082,-0.147004,-0.744227,0.303568,-1.68785,-0.115355,-0.0633349,-1.98546,-0.293251,-0.286997,-0.0338748,-0.0765416,0.657393,-0.0516303,-0.993177,0.134825,0.174661],[0.000956269,-0.201171,1.1901,0.0112813,-0.0744848,0.136804,0.0295176,-0.0210155,0.0357599,0.0761787,1.04288,-0.00966856,-0.21366,0.18885,-3.81739,-0.0372849,0.0385047,0.568729,-0.0899984,-0.211542,0.107941,-0.2958,0.204987,0.107803,0.0624661,-0.386411,0.283925],[0.0835947,-0.2075,0.689713,-0.285877,-0.385669,0.480174,0.240148,-0.0191882,0.146844,0.25679,0.183847,1.0136,-0.035872,-1.69878,6.21643,0.147715,0.100254,-0.211426,-0.0860938,0.310757,0.281257,0.698472,-1.90582,0.208575,0.282156,0.474648,0.0943663],[0.0449273,0.0816514,0.108222,-0.0067952,-0.0208999,0.0374936,0.0759131,-0.0100738,-0.031307,0.0136839,0.0231023,-0.00129614,1.13125,-0.318631,-0.142861,-0.00742491,-0.0185931,0.162658,0.00534564,0.0207107,-5.01188e-05,-0.0789865,-0.0930789,0.0122676,0.0248821,-0.128122,0.0113316],[0.0303573,0.0331777,-0.0396391,0.0343635,0.208779,0.0759365,0.00245278,0.00147655,-0.00294572,0.000214654,-0.000327513,0.00338905,-0.0518575,1.04302,-0.33031,0.00562061,0.00407448,-0.00139567,-0.0137389,-0.015357,0.00836054,0.0942031,-0.0459208,-0.0119489,0.0582281,-0.0396437,0.00981861],[-0.00261018,-0.00809888,-0.00820465,0.00214504,0.0121303,-0.00245381,0.0017517,9.78505e-06,0.00426962,-0.00215892,-0.00223049,-0.00354789,-0.0311019,0.0306637,0.818937,-0.00215184,0.00101931,-0.0668942,0.00436484,0.00206544,0.00601764,0.0153037,0.0143221,-0.00381621,-0.0148644,0.001857,0.00301375],[0.325562,0.289295,0.51697,0.301736,0.613781,0.929631,-0.0118015,-0.0538678,-0.00729426,0.14211,0.1472,0.0221467,1.51529,-0.617131,-1.11175,0.879967,-0.0403939,2.09992,0.228162,-0.264643,0.174635,0.0612198,0.216414,0.0778303,1.56475,0.137469,0.0914842],[-0.490696,-0.340211,-0.88599,-0.218209,-0.939194,-0.89622,-0.644816,0.00912454,-0.010414,-0.244054,-0.177896,0.0170194,-0.445461,0.803388,-2.64163,-0.0437979,0.874411,-2.45126,0.0314987,0.146742,-0.235156,-0.559323,0.398469,-0.181045,-0.754317,0.0950515,0.0415749],[-0.00478982,-0.00873561,-0.0512101,0.00384169,0.0215631,0.0500457,0.0253444,0.000409848,-0.00158157,0.00629996,0.00669833,0.0128549,0.00289269,-0.0228571,0.0900275,0.0106746,0.0038379,1.05592,0.00224559,0.0179404,-0.00952629,0.0138698,-0.021365,0.00948752,0.0267388,-0.00217129,0.00811],[-0.138933,-0.359942,-0.112626,-0.653963,0.47906,-0.235182,-0.219868,0.00750191,0.0483365,0.0576729,0.0468591,0.0864482,0.403794,0.475186,1.35856,0.117371,0.0810444,0.36769,0.539949,0.180426,-0.00991314,0.52165,-0.0158567,0.0819829,-0.34364,0.773827,0.0487486],[0.277909,0.48821,0.307697,0.280732,0.31679,-0.0579573,-0.104741,9.25939e-05,0.0140699,0.0215299,0.0295343,0.0127025,0.0843815,-0.252849,0.384895,-0.0142257,-0.0394794,0.498079,0.00305692,0.487442,0.0425586,0.752955,-0.0363319,-0.0129324,-0.154636,0.149654,-0.023006],[0.198802,0.140879,0.112036,-0.0668074,1.3737,0.239733,0.258908,0.00221002,-0.104484,-0.00290533,0.00450549,0.0418847,0.211155,-0.0666991,-1.25849,0.0159723,-0.0318041,0.632969,0.0322857,-0.337688,0.417088,-0.266211,0.320792,-0.0432274,-0.0820073,-0.058317,-0.0787929],[-0.0361808,-0.000113793,-0.0579554,0.00263891,-0.212893,-0.0709459,-0.0455421,0.00299092,-0.0551141,-0.0161919,-0.0169943,-0.015911,-0.0272059,0.0806051,-0.838745,-0.0188176,-0.00375512,-0.284156,-0.00211972,0.0287368,-0.0652253,-0.343825,0.0037048,-0.0128384,-0.0811564,-0.169114,-0.0180302],[0.0217883,0.0168257,0.181531,-0.0647514,-0.000862001,0.0124706,0.0376614,-0.00111144,0.00339018,-0.0100488,-0.00975191,-0.0142089,0.0120247,0.168053,0.856146,-0.0131327,-0.0117345,-0.000282809,0.0177056,-0.000381052,0.00205266,-0.154093,0.920626,-0.0158645,0.0394644,0.0204477,0.00646684],[0.147459,0.152874,0.262313,0.24573,0.245253,0.500043,0.0346466,-0.0197617,-0.159732,0.0855889,0.0394219,0.0637589,0.426474,0.237574,1.06729,0.018826,0.00404256,0.0298741,0.305355,0.190443,-0.118531,-0.209408,0.629897,0.996026,0.262773,-0.201495,-0.105346],[0.127089,0.222574,0.105048,0.0949915,0.102149,0.0154602,-0.00748176,-0.00975486,-0.00298516,-0.0184096,-0.0164689,-0.00123795,-0.0749264,0.0368027,0.221612,0.0131259,0.00356732,0.122721,-0.00618833,-0.0541181,-0.0237758,0.0650378,0.0208385,4.21317e-05,0.663248,-0.0739653,-0.0122254],[0.0686843,0.17415,-0.0600836,0.00628854,0.191828,0.222271,-0.121379,-0.0154242,0.10949,0.0390043,0.0343387,0.0250379,0.189191,0.131772,1.46955,0.022937,0.0172018,0.0128197,-0.0117019,0.0320693,-0.00377108,0.160368,-0.0331785,0.0210529,0.155424,0.180121,0.0441979],[-0.00757903,-0.189868,-0.363209,0.481232,-0.0660923,0.202907,0.0712553,-0.0275484,-0.130761,-0.0450381,-0.0426842,-0.0892948,-0.418241,-0.335281,0.250552,-0.113437,-0.0370692,-0.693723,0.080513,0.054304,0.0539951,-1.31971,0.626272,0.0281953,0.232109,0.282589,0.604639],[-0.00552996,-0.0100455,-0.198713,0.0613154,0.193779,-0.280957,-0.050829,0.0117709,-0.0475994,-0.0140204,-0.0332562,0.00978093,-0.128383,0.370603,-1.98856,-0.00754039,0.0425672,-0.580375,0.0124139,-0.0266024,-0.0499894,0.0750324,0.0133984,-0.0263123,-0.238693,-0.176922,-0.0271126],[0.0218193,0.0852353,-0.0890043,0.0586493,0.031232,-0.0227512,-0.000347617,0.00252187,-0.00607044,-0.00788061,-0.0089198,0.0034456,-0.0350138,0.0737118,-0.634537,0.00568181,0.0113143,-0.21486,-0.00247025,-0.0112202,0.0202904,-0.102091,-0.00932588,-0.0151738,-0.152106,0.0584123,-0.00267728],[-0.00564861,-0.026795,0.221136,-0.0595409,-0.100261,-0.09453,-0.00305072,-2.07017e-05,-0.0104852,0.000637868,-0.00742399,-0.0115397,0.0541764,-0.0086943,-0.298077,-0.00717479,-0.00299897,-0.0576146,0.00820855,-0.00511124,-0.00839897,0.156131,0.102022,-0.00341532,-0.0507564,-0.0395634,0.0343301],[0.029904,0.0555648,-0.00963074,0.16502,0.225556,-0.171124,0.0503304,0.0101109,-0.0227098,-0.00655304,0.0111139,-0.0362857,0.0718051,-0.00858089,-0.388662,-0.0225358,-0.0275669,-0.0209968,0.0197715,-0.0152086,-0.0488316,0.159357,0.0827668,-0.0047938,0.103878,-0.0845244,0.015767],[0.0177109,0.0304785,0.0509765,0.00169815,0.0909437,-0.0703604,0.0181733,0.000312732,0.0106442,-0.00296829,-0.00091922,-4.95341e-05,-0.0108298,0.00849805,-0.0686318,0.00247786,0.000894024,0.0185154,-0.00904602,-0.00922262,0.00920204,0.0359218,-0.0719872,-0.00368284,0.0620122,-0.0418953,7.86579e-05],[-0.0162384,-0.0353976,-0.10176,0.00639078,-0.13875,0.0445202,-0.018778,0.00208907,-0.00222598,0.000276984,-0.00114797,-0.00107351,-0.0334565,0.023236,-0.340089,-0.00393699,-0.00556031,0.064177,-0.000157699,0.00505889,0.00963881,-0.000462231,0.0681886,0.0045764,-0.0651611,-0.0365749,-0.000330684],[0.0152883,-0.000466773,-0.077745,-0.0747535,0.212868,0.133624,0.0333788,0.0154726,-0.0099192,-0.0166915,-0.0136206,-0.00478875,-0.077581,0.0113739,0.663168,-0.00375486,-0.000500978,-0.180097,0.0152856,0.0486361,-0.0643186,-0.158955,-0.145701,-0.00674316,0.0861385,-0.035012,-0.0139072],[-0.0958415,-0.207599,-0.0163783,-0.412675,-0.301408,-0.051178,-0.0949031,-0.0577492,-0.102507,-0.0405623,0.00894884,0.0114439,0.453625,-1.54346,7.00599,-0.0235968,-0.128993,3.066,-0.0745281,-0.0211174,-0.0971725,-0.106975,-0.35011,-0.0155279,-0.503313,-0.736879,0.0113854],[-0.00173359,0.0927795,0.154204,-0.147903,0.211403,0.419882,0.014813,-0.000196644,0.078527,-0.0441979,-0.0469223,-0.0311896,-0.327695,0.15939,-1.55108,-0.00558118,-0.0101135,0.369018,0.0276676,-0.0109807,0.159673,0.367661,0.0151275,-0.0493167,-0.173253,0.0667281,-0.0295752],[0.0219653,0.206032,-0.409632,0.0583767,-0.541783,0.0529087,-0.0579869,0.00862202,0.136287,-0.0441494,-0.0695531,0.0479355,0.0491069,0.106168,-0.321289,0.0525637,0.0521901,1.15443,-0.00775012,0.0746443,0.0885725,0.861815,-0.105139,0.0149409,0.134917,0.127138,-0.0107755],[-0.0924456,0.111326,-0.984602,0.0255341,-0.804128,-0.223753,-0.0762115,0.0335237,0.0507934,-0.124309,-0.119321,0.0171856,-0.167292,0.357886,-0.484936,0.0539714,-0.000167071,0.767348,0.0036271,0.0748147,0.0246024,0.369509,-0.0206158,-0.0639794,-0.193355,0.148113,-0.0377633],[-0.0798294,-0.14819,0.0766732,0.0104232,0.366776,-0.0908174,-0.208453,0.0518114,-0.137611,-0.148111,-0.12506,-0.142432,-0.344525,0.716859,-7.47696,-0.124055,-0.0846347,-1.45146,-0.156784,0.323359,-0.153468,0.0287017,0.657783,-0.157996,0.148159,-0.799124,-0.188966],[-0.0117349,-0.0476116,0.00876512,-0.0273601,0.0519478,0.00640993,-0.0510219,0.0044161,0.017406,-0.0094141,-0.0153636,0.00571457,-0.19526,0.219706,-0.156662,0.0120514,0.014556,0.108612,0.00333219,0.00504563,0.0106815,-0.0671109,0.0176545,-0.00349682,0.0145734,0.174641,0.00696288],[-0.0128132,-0.0206379,0.0304158,-0.0283482,-0.149455,-0.00746206,0.0178817,0.000262228,0.00729307,0.00203986,0.00797811,-0.000809023,0.0205658,-0.249463,0.229171,0.00090031,-0.00889737,0.219628,-0.000685412,0.00172753,-0.00643502,-0.122011,-0.00763071,0.0100686,-0.0333466,0.0257598,0.00305147],[-0.00616778,-0.0115614,-0.00461353,-0.00680658,-0.00492407,0.00405496,0.00436973,0.000866052,-0.00304886,0.000215414,0.00043176,0.00200151,-0.00496708,-0.000683576,-0.00766288,0.00180504,-6.31475e-05,0.026148,-0.00093053,0.00976408,-0.00657769,-0.018831,-0.0187331,0.000682639,0.0138816,-0.000865742,-0.00144954],[0.145901,0.268421,-0.100904,-0.0764856,0.247678,-0.0801545,0.095944,0.0555663,0.070176,-0.00814291,-0.020138,-0.0357524,-0.0374105,-0.254581,0.724131,-0.0672596,-0.0363642,-0.190381,0.140848,-0.232349,0.156194,1.33785,0.0962973,-0.0571228,-0.325198,0.100726,0.124403],[0.303029,0.44285,0.00907258,0.22391,0.805822,-0.0111182,0.189641,0.0135299,0.0864301,0.142336,0.156792,0.026848,0.376687,0.130519,2.78628,0.0126015,-0.00114008,1.3018,0.0345548,-0.185631,0.177078,1.16752,-0.254278,0.157055,0.599069,0.148721,0.153294],[-0.000775896,-0.00756541,0.0428644,-0.00270191,0.00444468,-0.0365459,-0.0119917,-0.000611922,-0.000469798,-0.00529602,-0.00700074,-0.00750309,0.0112489,0.0386954,-0.0452875,-0.0109605,-0.0012186,-0.0924877,-0.00418105,-0.00532284,0.000419844,0.0132921,0.029184,-0.00983279,-0.032916,-0.00120497,-0.00322304],[0.0779684,0.0970969,0.236744,0.563523,-0.0633971,0.490528,0.142547,-0.0174479,-0.109517,-0.0412868,-0.0376994,-0.0460677,-0.158576,-0.773336,0.111866,-0.0697292,-0.0465341,0.193233,-0.195221,-0.0282488,0.0335474,-0.965369,0.119881,-0.00361685,0.476429,-0.467741,-0.0318418],[-0.112744,-0.155333,-0.10605,-0.164813,-0.193616,0.134444,-0.0669543,0.00598752,0.0395721,-0.03185,-0.0290241,-0.0192511,-0.0604349,0.194455,-0.465388,-0.0162968,0.00593854,-0.439382,0.0556172,0.033808,0.0323208,-0.0592024,0.0625224,-0.0130679,0.0270078,0.0197783,0.00984226],[-0.00127036,0.115158,-0.125373,0.106453,-0.478597,0.00535437,-0.0583714,-0.00606277,0.126144,0.0435586,0.0251957,0.0547308,-0.000905266,-0.400266,0.585828,0.0403615,0.0420214,0.131689,-0.0303186,-0.0881866,0.209734,0.182303,-0.361023,0.0368377,0.0871691,0.264863,0.0138128],[-0.00751863,-0.027947,-0.0245053,-0.00317265,0.0248786,0.0786113,-0.0200195,-0.00182756,-0.00338874,-0.0103486,-0.0111306,0.000551802,-0.0556176,0.019533,0.131239,0.00229414,0.010605,-0.0963337,-0.0014862,0.0273087,0.00117585,0.0871078,-0.00703664,-0.00529731,-0.00831297,0.00913391,-0.00914932],[-0.0243082,-0.0410415,-0.163354,0.0303711,-0.0741795,-0.111273,0.00269849,0.00733961,0.0042439,0.0126292,0.0132231,0.0075435,-0.0566101,-0.232952,-0.367754,0.00728373,0.00582971,-0.127572,-0.0100384,0.00807681,0.00159683,0.18416,0.0210651,0.0165182,-0.0559454,-0.000379031,0.0175967],[-0.0283571,-0.134077,-0.418368,0.0720536,-0.0221656,-0.548288,0.206781,0.0178249,-0.0924267,0.0104348,0.0204624,0.0353942,0.371692,-0.94786,6.31984,0.0456763,0.0349888,0.691768,0.0812488,0.181766,-0.102087,-1.51845,-0.476547,0.00372812,0.461704,0.151775,0.0115565],[-0.00342995,0.044583,0.0164599,-0.0515509,-0.0123603,0.0654751,-0.00753059,-0.00792221,-0.00325941,-0.00355009,-0.00753567,-0.00952313,-0.113782,0.0733858,-1.14092,-0.00914452,0.00961384,-0.323831,0.00384641,-0.0748218,0.0267492,-0.0944032,-0.0867028,-0.016043,-0.185005,-0.049873,-0.0142947],[-0.00768915,0.0332838,-0.0997249,0.0523131,0.0761414,-0.0278632,-0.0234553,0.00514387,0.034621,0.0222293,0.015302,0.023515,-0.00236193,0.128816,-0.262687,0.01596,0.0179796,-0.0821679,-0.000697467,0.0166307,0.0338156,0.129523,-0.0222459,0.0229885,0.00946187,0.121327,0.00986026],[0.00827891,0.147567,0.734919,-0.29497,-0.639384,-0.132443,-0.0192637,-0.0187328,0.0468857,-0.0543216,-0.0645761,0.0118593,0.292669,0.26835,-2.20038,0.00187443,0.0436657,-1.1138,0.0507158,0.0354779,-0.0491997,0.0699731,-0.479468,-0.0186054,0.0214463,0.0909069,0.0460563],[0.0282818,0.0786159,-0.0204692,-0.0729522,-0.184931,-0.0865231,-0.0313121,0.00384683,-0.0207993,-0.0146567,-0.0129881,-0.0112694,-0.0660528,0.179964,-0.658206,-0.0046544,0.00471741,-0.336736,0.0319036,-0.0421851,-0.00262066,0.235385,-0.0541596,-0.00553603,-0.10314,-0.129424,-0.00617878],[0.00970429,0.0665801,-0.0498744,-0.013423,-0.126615,-0.074719,-0.00102013,0.00462405,-0.00168023,-0.0039875,-0.00697879,-0.00299037,0.0089641,-0.0208061,0.0449257,0.00169158,0.00949387,-0.225168,0.00487637,-0.00634442,0.00590511,0.142339,-0.00530361,-0.00166442,-0.0661713,-0.0218939,-0.0053938],[-0.0205787,-0.0125237,0.102835,-0.00168858,-0.0155279,0.0588709,-0.00046184,0.0027309,-0.000341419,-0.00284308,0.00230089,-0.000920872,-0.0318388,-0.0337914,-0.436302,-0.00144948,0.00207516,-0.11503,-0.00646559,0.00307016,-0.00175047,0.0528344,-0.0494856,-0.00671924,-0.0357133,-0.0459823,-0.00599742],[-0.0223771,-0.00285845,0.142664,0.0577931,0.0221575,0.015235,0.0402047,0.000666314,0.0186376,0.00169106,-0.0014396,0.0105486,-0.0839187,-0.0879334,0.270825,6.06476e-05,0.00494095,0.121156,0.0314065,-0.0501633,0.0273778,-0.00509037,-0.0350088,0.0123211,-0.0631217,-0.0430048,-0.0240444],[0.0222593,0.030929,0.0150227,0.0494306,0.143671,0.0591321,-0.0286111,-0.00658658,-0.00471834,0.000977787,0.00152951,-0.00141332,0.00855039,0.00101517,0.0957286,-0.00186328,-0.00552976,0.0487131,0.0021398,-0.00525976,0.00403211,-0.0464314,-0.0611205,-0.000722705,0.0510341,0.0128363,0.00631706],[0.00851488,0.00467583,-0.0318079,-0.00922498,0.0627147,0.154081,-0.0168171,-0.00200415,-0.0145675,0.0014552,0.00288831,-0.00287062,0.0186552,-0.0736976,-0.246691,-0.00247767,-0.00520268,0.112663,-0.00581302,-0.0105053,-0.0118264,-0.0496238,-0.0697776,-0.00161941,-0.0333111,-0.030005,-0.000799526],[0.0191304,-0.00807964,0.110078,-0.0231808,-0.00796207,0.188973,-0.0147192,-0.00539455,0.0214751,0.0016517,0.00609179,-0.00968373,-0.0718147,-0.0983085,1.0235,-0.00211216,-0.0180457,0.422615,0.00527282,0.0372286,0.0184216,-0.194383,0.0961724,0.0140745,0.179294,0.0808352,0.00653552],[0.163438,0.367687,0.280911,-0.265137,0.296031,0.0171505,-0.128689,-0.0301381,0.0171487,0.0250526,0.00442956,0.0447968,0.162459,1.20201,-2.69698,0.0213805,0.0436077,-0.86733,-0.113936,-0.461829,0.0692626,-0.574107,-0.688105,-0.0358513,-0.24916,0.322183,0.108653],[0.0497212,0.0519602,-0.000905966,0.0890891,-0.0289849,0.105076,-0.0230466,-0.0228314,-0.07477,-0.0209577,-0.00416827,-0.0244149,0.256028,-0.243199,0.501589,-0.0237778,-0.0325857,0.275411,0.0328954,0.0471907,-0.10266,-0.446896,0.0633969,-0.0245781,0.0853516,-0.166611,-0.0057493],[-0.0275511,-0.176935,-0.100974,-0.0734231,0.711163,0.515116,0.254294,0.0211739,0.101489,0.00796908,0.0125181,0.0855632,-0.0488344,-0.21044,3.28651,0.0975645,-0.0158989,1.17704,-0.0296224,0.129287,0.058867,0.570387,-0.205895,0.0114512,0.400909,0.14016,-0.0789948],[0.0214215,-0.0378622,-0.128003,0.00820056,0.604286,0.0179474,-0.0021231,0.0109798,0.0371261,-0.0425862,-0.0494935,0.0191763,-0.0660751,-0.00704879,0.464074,0.0320028,0.0314194,0.0518462,-0.00618054,-0.00991918,0.0444261,0.194058,0.0761557,-0.0342662,0.137164,0.0877407,-0.11985],[-0.198167,-0.248741,-0.477956,0.151027,0.445617,0.327394,0.0642702,-0.000829005,-0.0326524,-0.00646035,0.00738572,-0.0245309,0.140355,0.228734,-0.844778,-0.0110744,-0.0334305,0.696846,-0.105192,0.215706,-0.133421,-1.20798,0.117753,-0.0105965,0.102053,-0.133094,0.05263],[-0.0342366,-0.0391528,-0.127292,0.0292646,-0.0346149,-0.0611422,-0.0279187,0.00620963,0.0185082,-0.00272321,-0.00600033,-0.00319558,0.0527504,0.0567813,0.445211,-0.00421402,0.00170643,-0.209757,-0.00193905,-0.0120542,-0.00926429,0.1709,0.0701669,-0.00662969,-0.0295574,-0.0363701,-0.0167484],[-0.0120095,-0.0162643,-0.0092044,-0.0123502,-0.0317635,-0.0773665,-0.0105157,-0.00119059,0.00314706,-0.00343763,-0.00314579,0.00118059,0.0185166,0.0282776,0.105772,-0.00138326,-0.00539599,0.0172434,-0.00973709,0.00342027,-0.00766481,0.00287463,-0.00146118,0.000350786,-0.034804,0.00674133,-0.00616095],[0.00372339,0.0130575,0.0027393,-0.00049284,-0.0100431,-0.00480301,0.00104128,-0.000669851,-0.00158283,0.000700273,0.00153144,0.000680792,0.013586,-0.0222157,-0.0316478,-0.000248781,-0.00170073,0.0330886,0.00235083,-0.00589664,-0.00191301,0.00366146,-0.0125406,0.00143884,-0.00776446,-0.00796524,0.00105142],[-0.0511384,-0.0336134,0.149786,-0.12066,-0.0808241,-0.199673,0.0283217,-0.00273428,-0.00821817,0.0751535,0.055442,0.0199449,-0.191552,-0.0902485,3.89107,0.0270126,0.00283192,0.209138,0.0844591,-0.179394,-0.0508701,-0.390405,-0.450584,0.0601415,-0.666946,0.180774,0.129757],[-0.137275,-0.304182,0.127721,-0.201385,-0.280894,-0.146733,0.128107,0.00199152,0.00224977,-0.0106126,-0.0216156,0.0501724,0.077089,1.13838,-0.162437,0.0453754,0.0200165,-0.127314,0.0302247,0.113774,0.00123268,1.2957,0.321632,-0.0116913,-0.376158,0.0994144,-0.0306016],[0.0067518,0.017569,0.0259979,-0.00117352,-0.0224984,-0.00994557,-0.0127408,0.000199226,0.00131364,0.000487631,0.000650777,-0.00385751,-0.00766202,0.0150169,-0.0143585,0.000722313,0.000228448,-0.0134394,-0.00289903,-0.0177512,0.00359985,-0.0306169,0.00261114,0.000171783,-0.00299231,0.0104784,-0.00306491],[0.00967051,0.150121,-0.142537,0.0192685,-0.316353,-0.434551,0.043735,0.0187154,0.0614105,-0.029631,-0.0217924,-0.0308793,-0.255372,0.152214,-1.25916,-0.045827,-0.0262721,-0.483996,-0.164148,-0.105471,-0.0254266,0.435819,0.00503343,-0.0617158,-0.105725,-0.304683,-0.00479544],[-0.0808547,-0.160552,-0.0508608,-0.0900515,0.00884876,-0.07263,-0.024767,0.00563318,0.0294928,-0.00206561,-0.00804567,0.0107279,-0.00771816,-0.0187023,-0.0609824,0.0122217,0.0117528,0.0707182,0.0198805,-0.0210776,0.00884861,-0.328916,-0.0293948,0.00771977,0.0193624,0.0926198,-0.00801728],[-0.0615887,-0.127549,-0.00732345,-0.00923931,-0.220094,-0.132786,0.0378845,0.0135833,-0.0336775,0.0101545,0.0169467,0.00360873,-0.00755512,-0.433869,1.54413,0.00790577,-0.0055884,0.13624,-0.0230443,0.0136072,-0.0648039,-0.422187,-0.0634215,0.0311468,-0.0646794,0.0446727,0.000378182],[0.00276864,-0.00179645,0.0332544,-0.000909648,-0.0370466,0.0606766,0.0127154,-0.000930683,-0.00537637,0.00144818,0.00152567,0.0025811,-0.00202079,-0.0239951,0.385372,0.00548553,0.00148665,0.153646,0.00391883,0.0233988,-0.0145339,-0.122538,-0.0302905,0.00453274,0.0349216,0.0288715,-0.0030577],[0.00133427,0.0228142,-0.0212033,0.0309951,0.0744091,0.0941244,-0.0413015,-0.00597524,-0.00546103,-0.00237837,-0.00313412,0.00777746,0.0455349,0.0596987,-0.410176,0.00668571,0.00597819,0.144263,-0.00721922,-0.00311363,-0.00361096,-0.0184949,0.0512724,2.9465e-05,0.018828,-0.0112392,-0.0233031],[0.121829,0.151655,0.484083,-0.101822,0.285733,0.518514,0.162396,-0.0222307,-0.0840515,-0.0118536,-0.000406043,0.00701386,0.150641,-0.336879,-1.14073,0.00826974,-0.0371787,0.463187,0.076449,-0.204673,-0.144341,-0.195272,-0.271152,-0.0714537,-0.456971,-0.565216,0.0129295],[0.0163584,0.0558006,-0.0470642,-0.0256018,0.0532275,0.0483356,-0.0134754,-0.00440899,0.00244776,0.0068452,0.00494378,0.00194652,0.00542945,0.0343341,-0.0419497,0.00096283,0.00105817,-0.191582,0.0171562,-0.0721459,0.00282827,0.103691,-0.0174134,-0.000757319,-0.138177,-0.0279083,-0.0117437],[0.00457998,-0.0197717,0.068039,0.0320879,-0.0651686,-0.0132965,0.014233,0.00452486,0.0131955,0.00590511,0.00539836,0.0127532,-0.0993211,0.0248755,-0.112513,0.00542097,0.00807873,-0.0383457,-0.0206023,-0.0087039,-0.00584107,-0.0875818,-0.0692531,0.0133795,-0.147268,-0.0173103,0.00499714],[-0.0256611,0.0591076,-0.291256,0.0599404,-0.170363,-0.252664,-0.0831678,0.0198509,-0.0431341,-0.029943,-0.0547057,-0.0293944,-0.175914,0.0498037,-2.75163,-0.0506569,0.0189154,-1.32189,0.0129687,-0.0712671,0.0247017,0.144802,0.136671,-0.0427579,-0.301701,-0.253572,-0.110973]],"sigmahat":[[0.284816,0.400108,0.227283,0.0882014,0.452186,0.31043,0.00388382,-0.0309989,-0.00112527,0.0155497,0.019533,0.00925001,0.0928916,-0.0785308,0.41698,0.00649939,-0.0140868,0.391806,0.0257359,-0.183022,0.0142209,0.366704,-0.102262,-0.00746779,-0.111971,0.000127356,-0.0030653],[0.400108,0.925965,0.144922,0.0941816,0.385179,0.452438,-0.114305,-0.0573858,0.00159985,-0.00106855,0.0161399,-0.00241565,0.196561,0.122629,-0.872546,-0.00813458,-0.0274383,0.0123997,0.0555191,-0.383693,0.0515372,0.752682,-0.122012,-0.029695,-0.639811,-0.0462816,-0.00352391],[0.227283,0.144922,3.08279,0.0698428,0.136675,0.55135,0.300568,-0.0219779,-0.018418,0.0156109,0.019167,-0.042191,0.368277,-0.183464,1.14708,-0.0350364,-0.041151,0.222538,0.035655,-0.0542002,-0.0517834,-0.0495031,0.0736299,-0.0113879,0.323052,-0.029193,0.0404085],[0.0882014,0.0941816,0.0698428,0.60856,0.125502,-0.148627,-0.0486062,-0.0173941,-0.027329,0.00435604,-0.00275274,0.00289653,0.00339417,-0.188032,0.0279503,-0.0211198,-0.00407497,0.155791,-0.0383969,0.0190105,-0.00967597,0.123128,0.116711,-0.0121485,0.175208,-0.154486,-0.0125998],[0.452186,0.385179,0.136675,0.125502,5.75809,1.71667,0.364434,-0.0321832,0.0301379,0.0561059,0.0512537,0.0772761,0.141109,0.204867,5.30595,0.101091,0.0434084,1.34803,0.147181,-0.254526,0.0325227,0.942663,-0.46022,-0.00556416,0.099,0.3509,0.0272959],[0.31043,0.452438,0.55135,-0.148627,1.71667,4.69704,0.313377,-0.0446776,-0.0948323,0.0432627,0.0532593,-0.00862307,0.487988,0.376054,0.507272,0.0433746,0.03086,0.127061,0.0512138,-0.240532,-0.0229833,-0.491222,-0.230742,-0.00405798,-0.171762,0.00486334,0.0684277],[0.00388382,-0.114305,0.300568,-0.0486062,0.364434,0.313377,0.554051,0.0121749,-0.0124812,0.0351326,0.0356467,0.000682592,0.159682,-0.552164,1.47788,-0.00627412,-0.0100313,0.107885,0.00140574,0.0185201,-0.0480123,-0.192026,-0.0390201,0.0322275,0.276791,0.0514837,0.0297915],[-0.0309989,-0.0573858,-0.0219779,-0.0173941,-0.0321832,-0.0446776,0.0121749,0.0120255,0.00601737,-0.000548124,-0.00164997,-0.000743453,-0.0329811,0.0279723,0.018928,0.00077316,0.00349716,-0.0715897,-0.00313323,0.0360407,0.00356807,0.0100518,0.0129535,0.00173487,0.0364087,0.0172446,0.000408538],[-0.00112527,0.00159985,-0.018418,-0.027329,0.0301379,-0.0948323,-0.0124812,0.00601737,0.127287,0.0177878,0.0130316,0.0267566,-0.0362285,-0.107253,1.21424,0.0212676,0.00786316,0.184351,-0.0150916,0.0270994,0.112469,0.486593,-0.104157,0.0103574,0.0866824,0.262745,0.00965917],[0.0155497,-0.00106855,0.0156109,0.00435604,0.0561059,0.0432627,0.0351326,-0.000548124,0.0177878,0.0436373,0.0334766,0.0238016,0.0772749,-0.170675,0.868494,0.0188825,0.00329384,0.260843,-0.00525,-9.41592e-05,0.0132843,-0.0118225,-0.0685099,0.0223941,0.0772438,0.0727538,0.0163399],[0.019533,0.0161399,0.019167,-0.00275274,0.0512537,0.0532593,0.0356467,-0.00164997,0.0130316,0.0334766,0.0363408,0.0193525,0.084957,-0.205543,0.971968,0.016099,-0.0080177,0.347679,-0.00287769,0.00421829,0.00202357,-0.0331456,-0.0709348,0.0220325,0.0842459,0.0705069,0.0142167],[0.00925001,-0.00241565,-0.042191,0.00289653,0.0772761,-0.00862307,0.000682592,-0.000743453,0.0267566,0.0238016,0.0193525,0.0466116,0.0469509,-0.104202,0.960359,0.042151,0.020906,0.286477,-0.00281762,0.0115547,0.0121666,0.0595936,-0.130701,0.0136236,0.066504,0.103516,0.00506142],[0.0928916,0.196561,0.368277,0.00339417,0.141109,0.487988,0.159682,-0.0329811,-0.0362285,0.0772749,0.084957,0.0469509,1.6114,-0.321453,1.97501,0.0128845,-0.0221298,0.22158,-0.00635426,0.00689633,-0.102305,-0.296421,0.013621,0.0562489,0.173514,0.170584,0.0871482],[-0.0785308,0.122629,-0.183464,-0.188032,0.204867,0.376054,-0.552164,0.0279723,-0.107253,-0.170675,-0.205543,-0.104202,-0.321453,5.6527,-11.6459,-0.00374385,0.215188,-4.34812,0.016169,-0.275023,0.00600506,1.01068,0.982518,-0.15243,-0.815857,-0.544938,-0.0266323],[0.41698,-0.872546,1.14708,0.0279503,5.30595,0.507272,1.47788,0.018928,1.21424,0.868494,0.971968,0.960359,1.97501,-11.6459,107.437,1.04002,-0.221757,20.8078,-0.099664,0.985387,0.442966,2.49188,-4.74428,0.844816,5.18833,6.28561,0.519682],[0.00649939,-0.00813458,-0.0350364,-0.0211198,0.101091,0.0433746,-0.00627412,0.00077316,0.0212676,0.0188825,0.016099,0.042151,0.0128845,-0.00374385,1.04002,0.0594592,0.0289982,0.333561,-0.00533802,0.0147041,0.00688398,-0.00351665,-0.137301,0.0165383,0.134097,0.099888,0.00468958],[-0.0140868,-0.0274383,-0.041151,-0.00407497,0.0434084,0.03086,-0.0100313,0.00349716,0.00786316,0.00329384,-0.0080177,0.020906,-0.0221298,0.215188,-0.221757,0.0289982,0.0553285,-0.380948,-0.00313546,-0.003719,0.0214041,0.0329673,-0.0434198,-0.000211617,0.0333882,0.038915,0.00289803],[0.391806,0.0123997,0.222538,0.155791,1.34803,0.127061,0.107885,-0.0715897,0.184351,0.260843,0.347679,0.286477,0.22158,-4.34812,20.8078,0.333561,-0.380948,16.5049,0.0486148,0.267808,-0.0754898,-1.23707,-1.42376,0.295484,2.33957,0.989237,0.110069],[0.0257359,0.0555191,0.035655,-0.0383969,0.147181,0.0512138,0.00140574,-0.00313323,-0.0150916,-0.00525,-0.00287769,-0.00281762,-0.00635426,0.016169,-0.099664,-0.00533802,-0.00313546,0.0486148,0.0988571,-0.0367685,-0.00603809,0.13555,0.0661826,-0.000563303,-0.125233,-0.0472641,0.00536601],[-0.183022,-0.383693,-0.0542002,0.0190105,-0.254526,-0.240532,0.0185201,0.0360407,0.0270994,-9.41592e-05,0.00421829,0.0115547,0.00689633,-0.275023,0.985387,0.0147041,-0.003719,0.267808,-0.0367685,0.542603,-0.00911823,-0.465355,0.0215127,0.0253271,0.612935,0.183861,-0.00923014],[0.0142209,0.0515372,-0.0517834,-0.00967597,0.0325227,-0.0229833,-0.0480123,0.00356807,0.112469,0.0132843,0.00202357,0.0121666,-0.102305,0.00600506,0.442966,0.00688398,0.0214041,-0.0754898,-0.00603809,-0.00911823,0.224003,0.55109,-0.0936839,0.00020809,-0.023523,0.302977,0.0169719],[0.366704,0.752682,-0.0495031,0.123128,0.942663,-0.491222,-0.192026,0.0100518,0.486593,-0.0118225,-0.0331456,0.0595936,-0.296421,1.01068,2.49188,-0.00351665,0.0329673,-1.23707,0.13555,-0.465355,0.55109,8.94762,0.525227,-0.057372,-1.67999,0.45653,0.00142542],[-0.102262,-0.122012,0.0736299,0.116711,-0.46022,-0.230742,-0.0390201,0.0129535,-0.104157,-0.0685099,-0.0709348,-0.130701,0.013621,0.982518,-4.74428,-0.137301,-0.0434198,-1.42376,0.0661826,0.0215127,-0.0936839,0.525227,2.2226,-0.0380086,-0.407866,-0.491719,-0.0292128],[-0.00746779,-0.029695,-0.0113879,-0.0121485,-0.00556416,-0.00405798,0.0322275,0.00173487,0.0103574,0.0223941,0.0220325,0.0136236,0.0562489,-0.15243,0.844816,0.0165383,-0.000211617,0.295484,-0.000563303,0.0253271,0.00020809,-0.057372,-0.0380086,0.0341661,0.127327,0.0656411,0.0115014],[-0.111971,-0.639811,0.323052,0.175208,0.099,-0.171762,0.276791,0.0364087,0.0866824,0.0772438,0.0842459,0.066504,0.173514,-0.815857,5.18833,0.134097,0.0333882,2.33957,-0.125233,0.612935,-0.023523,-1.67999,-0.407866,0.127327,3.31311,0.442643,0.0335468],[0.000127356,-0.0462816,-0.029193,-0.154486,0.3509,0.00486334,0.0514837,0.0172446,0.262745,0.0727538,0.0705069,0.103516,0.170584,-0.544938,6.28561,0.099888,0.038915,0.989237,-0.0472641,0.183861,0.302977,0.45653,-0.491719,0.0656411,0.442643,1.79493,0.0349477],[-0.0030653,-0.00352391,0.0404085,-0.0125998,0.0272959,0.0684277,0.0297915,0.000408538,0.00965917,0.0163399,0.0142167,0.00506142,0.0871482,-0.0266323,0.519682,0.00468958,0.00289803,0.110069,0.00536601,-0.00923014,0.0169719,0.00142542,-0.0292128,0.0115014,0.0335468,0.0349477,0.107016]],"n":27,"lags":3}