{"betahat":[[-0.305288,-0.801251,-0.0768989,0.613198,-0.427003,-0.126973,1.15224,-0.035272,-0.0506082,-0.123551,-0.126095,-1.21947,6.63315,-0.00902247,-0.246929,4.19824,0.0940593,1.32562,0.0753917,1.45651,1.13164,-0.117939],[1.00228,0.0313175,0.159198,-0.0316768,-0.0117341,0.277028,0.0216748,-0.0168951,0.0205244,0.0161482,-0.0108801,-0.263191,0.302392,-0.00743581,-0.0288831,0.385713,-0.0290268,-0.0288639,-0.00601231,-0.0336855,0.0607808,0.00423825],[-0.0289138,0.898823,0.120563,-0.0472854,0.0861739,0.081088,-0.0062696,-0.0066578,0.00187955,0.0112582,-0.00243382,-0.0367307,0.135213,-0.00709022,-0.0128589,0.251044,-0.00320306,0.0246034,-0.0109989,0.0640874,-0.0583554,0.00793226],[0.0373858,0.0665047,0.760466,0.0411083,0.110625,0.0414768,-0.00831779,-0.00558938,0.0154348,0.000133147,0.00470262,0.0587459,0.310357,0.000853893,-0.000546169,0.118766,-0.0124459,-0.0312155,0.0196622,0.00984384,0.0680006,-0.024102],[0.0198052,0.0164418,-0.103245,0.815894,-0.194337,0.152144,-0.0810352,-0.0141116,-0.00752908,-0.0124406,0.0142944,0.2133,-0.231537,0.016761,0.0234707,-0.28552,0.0167831,-0.0358896,0.0124299,-0.0586744,0.0969839,-0.00976987],[-0.0405925,-0.0588504,-0.0497314,-0.0509587,0.819446,0.00190481,0.0062585,0.00640519,-0.0118029,0.00230657,0.000760063,-0.0127136,-0.166267,-0.00135934,0.000738236,-0.0295119,-0.000145696,0.0358533,-0.0215513,-0.103739,-0.00284601,-0.00489603],[0.00443901,0.0224395,0.121962,-0.0039068,0.0523493,0.839347,0.0313174,0.000947502,0.0205886,0.00216228,0.00528861,0.0180099,0.538223,0.00535471,0.00663104,-0.0976139,0.00199455,-0.00683477,0.00082468,0.0509276,0.0932291,0.00210265],[0.0411405,0.114187,0.0478399,0.187199,-0.184746,-0.369589,1.11625,-0.0259272,-0.0486773,0.0154276,0.0161785,0.0250001,-1.28341,0.0210822,0.0288709,-0.249469,-0.0224933,-0.0201522,0.0203724,-0.0260642,-0.143117,-0.0206591],[-0.27249,-0.431587,-0.912986,0.30271,-0.0567861,-0.394379,-0.362482,1.18017,0.0637984,-0.0726086,0.0217343,0.237376,0.421831,-0.0196306,0.0582846,-0.716311,0.194442,0.0143751,0.038505,0.204587,0.225771,0.0749748],[-0.0512042,0.0205908,-0.277467,0.00872124,-0.404253,-0.594514,-0.110701,0.0204255,0.957922,0.0215538,0.0107934,0.49902,-3.16641,0.0026797,0.0277542,-0.964519,0.0656988,-0.144563,-0.269231,-0.336101,-0.343886,0.000504496],[-0.147496,-0.320132,0.663338,-0.146087,-0.184164,-0.423437,-0.103077,-0.0248604,-0.176452,1.15864,-0.148868,0.0303586,-3.80288,-0.110216,-0.0173514,-1.27374,0.0290354,0.197621,-0.0409426,-0.432618,-0.424472,0.313745],[-0.0425674,-0.196247,0.22944,-0.135839,-1.14549,-0.351861,-0.0139943,-0.00205146,0.00598963,0.233447,1.13624,-1.94223,5.17421,0.0384057,0.00536018,0.0676273,-0.0470428,0.229675,0.0982712,0.307007,0.606549,0.134239],[0.014802,0.0268219,-0.0553598,0.0125837,0.11808,0.029037,-0.00211139,0.00129498,-0.00572352,-0.00584562,-0.000547724,1.18136,-0.20813,0.000596825,0.00778466,-0.193827,0.00185565,-0.00833506,0.00833132,0.0160653,-0.0322025,0.0103024],[-0.00174516,-0.00608909,-0.00482944,0.00113748,0.00344271,-0.0074211,-0.00108059,3.17852e-05,0.00272022,-0.00114446,-0.00282899,0.0285692,1.03029,-0.00196234,0.000574484,-0.0526466,-0.000599167,0.00222468,0.00657953,-0.00642769,0.00174061,0.00437584],[0.161456,0.154286,0.0594441,0.26137,0.593413,0.926324,0.0221549,-0.0688095,-0.00296407,0.0822784,0.0113347,-0.157184,-3.0427,1.02929,-0.0124276,1.24968,0.00533434,-0.0424072,0.0614391,0.760741,-0.489022,0.0761796],[-0.321225,-0.229922,-0.588221,-0.240418,-0.504756,-0.33055,-0.307104,0.0157259,-0.046124,-0.19941,-0.0225523,0.418851,-2.016,-0.0112615,1.02791,-1.37715,0.109387,0.0213342,-0.0379378,-0.963951,-0.0796204,-0.0760643],[0.0167683,0.0236255,-0.0147614,0.014804,0.0575054,0.0547644,0.0171171,-0.00160083,0.00782258,0.00645945,0.0113925,-0.0277678,0.19025,0.0129173,0.00741062,1.16479,-0.00427047,-0.0139543,0.000856574,0.0572565,0.00541187,0.00840389],[0.154479,0.239284,0.57062,0.190024,0.468307,-0.293377,-0.312452,-0.00865588,0.152351,0.0177829,0.0232894,-0.703904,4.81663,0.0900641,-0.0644253,1.59014,1.08758,-0.128744,0.214837,0.0804303,0.446939,-0.0623423],[0.252762,0.361813,0.290755,0.276617,0.124571,0.0818982,0.0254711,-0.0136624,-0.0231886,0.0193809,-0.00761123,-0.248115,0.268496,-0.020888,-0.0315796,0.395339,-0.00992826,0.900805,0.00661209,0.29345,-0.0502602,0.0130334],[-0.0253113,-0.0923189,-0.0305457,-0.047469,0.340437,-0.146245,0.10148,0.0158638,-0.125649,-0.00680781,-0.00900272,0.183949,0.119962,-0.0235789,-0.0283164,0.0499727,0.0330699,0.0918113,0.584911,0.116177,-0.214138,-0.00859753],[0.123241,0.128443,0.0945573,-0.0168607,0.156205,0.239851,0.042449,-0.00765312,0.00732306,0.0160081,0.0105133,-0.245759,0.887477,0.00186248,-0.0122083,0.145203,0.0275303,-0.0759985,0.0192937,0.604837,0.0469183,0.027565],[0.104228,0.209158,0.0161114,0.0323559,0.244926,0.246867,-0.0873401,-0.0156281,0.123201,0.0308922,0.0271755,0.0875599,0.838902,0.0159268,0.0138763,-0.114855,-0.0103686,-0.103921,-0.0233174,0.149159,0.335156,0.0081063],[-0.0355332,-0.143599,-0.296099,0.29452,0.125207,0.0627511,0.0226618,-0.015791,-0.0669833,-0.0102004,-0.0536709,-0.127145,-0.216981,-0.0675997,-0.072376,0.636973,0.0268183,0.0211892,0.0357923,-0.285388,0.114457,0.85191],[0.00711994,-0.0437669,-0.13815,0.0734237,0.234738,-0.152782,-0.00260947,0.0095705,-0.01102,-0.00674846,0.0208097,0.137495,0.0970562,0.0121388,0.0278388,-0.18949,0.0144125,0.00392193,-0.0037189,0.0381558,-0.0121761,-0.0170497],[0.0276676,0.0625392,-0.0840395,0.0630496,0.0355865,0.0033372,0.00670357,0.000962605,-0.00515704,-0.00632679,0.00860333,0.0374065,-0.130231,0.0108228,0.00919279,-0.0798004,0.00140782,-0.0242747,0.00885079,-0.0255875,0.0583092,-0.0149134],[-0.00770846,-0.0444481,0.175076,-0.0441824,-0.0389355,-0.0580699,0.0054721,0.00143703,-0.000550704,0.00585275,-0.00262619,-0.0388533,0.0354712,0.00368552,0.000180114,0.0434991,0.0147407,0.0108687,-0.0100372,0.00621801,-0.00495667,0.0383764],[0.000838396,-0.0130525,-0.0643563,0.123541,0.22134,-0.155892,0.0427373,0.015667,-0.0026901,0.00159741,-0.0212368,-0.0764997,0.045796,-0.0126891,-0.0211166,0.0459995,-0.00765994,0.000303865,-0.0207635,0.0546849,-0.019825,0.0175753],[0.0233418,0.0285599,0.0372005,0.00600748,0.101751,-0.0409957,0.0188121,-0.00100157,0.0174298,-0.00134786,0.00142996,-0.00829991,0.254213,0.00333219,0.00079925,0.0319989,-0.00217244,-0.0152904,0.0216152,0.0753288,-0.0121791,0.00409774],[-0.00520403,-0.0156139,-0.0795967,0.0123121,-0.098671,0.0454951,-0.0208429,9.98677e-05,-0.00675983,-0.0018788,-0.00335649,0.0303057,-0.379825,-0.00516928,-0.00397291,0.0236158,-0.00270243,0.00357244,0.0127177,-0.0403252,-0.0580269,0.00104564],[-0.0380358,-0.0852356,-0.110593,-0.140553,0.132741,0.177274,-0.0350416,0.0242657,0.00499941,-0.0168835,-0.00613526,0.0549214,0.532102,-0.0146875,-0.00696637,-0.140279,0.00167252,0.0287293,-0.0626921,-0.0255408,0.0279003,0.00161458],[0.0123651,0.0360532,0.361795,-0.297376,-0.376234,0.152416,0.0503296,-0.104592,-0.0227439,-0.0304215,-0.0512703,-1.02267,2.62769,-0.0346393,-0.119325,1.65725,-0.208438,0.157721,-0.0804793,-0.125712,-0.536964,-0.059609],[0.0246863,-0.0364423,0.178194,-0.101518,0.443148,0.569426,0.074319,-0.00840865,0.157956,-0.0101244,0.0022212,-0.158892,1.38199,0.022681,0.0226718,0.455836,-0.0431716,0.0603391,0.333631,0.19206,0.380988,0.017027],[0.0475706,0.203462,-0.59423,0.131021,-0.580435,-7.39196e-05,-0.0114418,0.0250029,0.125639,-0.113042,0.0680761,0.0747021,1.05598,0.0454176,0.0499816,0.923668,-0.0363002,-0.0899721,0.0350608,0.317825,0.357874,-0.116016],[0.0415306,0.133934,0.132895,-0.000812443,0.719342,0.0806413,-0.150883,0.030064,-0.0620405,-0.188863,-0.120616,1.39609,-5.95247,-0.0771061,-0.0268594,-1.05525,0.0726137,-0.122188,-0.0711756,-0.477511,-0.584914,-0.158089],[0.000921271,-0.0125374,0.0518908,-0.00349403,-0.0757166,0.0286157,0.020882,-0.00129963,0.00871692,0.00600583,0.00165734,-0.243457,0.183451,0.00415276,-0.0051732,0.226827,0.00193503,0.00180286,-0.00247219,0.0186254,0.0371628,-0.000989087],[0.000328101,-6.93755e-05,8.87683e-06,-0.00568903,0.0109557,0.0123438,-0.00169438,0.000208032,-0.00274518,-0.000176382,0.00234396,0.00485534,-0.0440851,0.00142934,0.000446025,0.0194208,-3.42749e-05,-0.000598666,-0.00725728,-0.00141971,0.00250182,-0.00461108],[0.00153705,0.0833138,-0.0944521,-0.147783,-0.118268,-0.449979,-0.0234978,0.0640577,0.00724197,-0.07759,-0.0332216,0.22993,-0.125332,-0.0626971,-0.00921053,-0.928445,-0.0368309,-0.023415,0.0948889,-0.311873,0.135447,-0.0106611],[0.280822,0.294932,0.0851297,0.245539,0.625587,0.192823,0.293845,0.0070521,0.126477,0.204947,0.0126083,-0.763579,2.92607,-0.00448103,-0.00991697,1.13071,-0.074754,-0.0494961,0.13672,1.02844,0.134546,0.213532],[-0.0101974,-0.0165638,0.0167635,-0.00970196,-0.0293255,-0.0393196,-0.013719,0.000407037,-0.00934239,-0.0068173,-0.00873553,0.0370208,-0.209713,-0.0132611,-0.00351142,-0.146139,0.00322872,0.00468381,-0.00482136,-0.0489083,-0.01894,-0.00946226],[-0.10782,-0.29195,-0.572303,-0.123811,-0.51095,0.1655,0.25672,0.0156279,-0.103914,0.0664196,0.0179525,0.166447,-0.616124,-0.00457284,0.072126,-0.356659,-0.0251962,0.103181,-0.146558,0.199951,-0.293609,-0.0709081],[-0.162405,-0.206248,-0.175381,-0.176732,-0.216153,-0.067296,-0.0447878,0.0112304,0.0120516,-0.01853,-0.00857742,0.20559,-0.247885,0.00211029,0.0138476,-0.312479,0.0133725,0.061397,-0.0130073,-0.183467,0.00322033,-0.00539055],[0.0149122,0.0735817,-0.0732598,0.0256729,-0.198499,0.214747,-0.0905972,-0.01403,0.159456,0.0163688,0.0287057,-0.0488973,-0.00393741,0.030303,0.0302547,-0.0556711,-0.0043767,-0.051469,0.42955,-0.130965,0.317741,0.0185991],[0.0118566,0.0147,0.193688,0.026658,0.160803,0.0572961,0.00255908,-0.00463842,0.00591484,0.00880728,-0.00529051,0.017619,0.28946,0.00424838,0.0193729,0.0404782,-0.0306405,-0.0340293,0.0239611,0.00956319,0.0279026,0.0232145],[0.0120161,0.0462923,-0.0473701,0.0720602,0.133095,-0.0619879,-0.0082538,0.00382742,0.0543604,0.0139225,0.0210573,0.0610127,-0.336697,0.011887,0.0214053,-0.160302,-0.0106645,-0.033034,0.0891506,0.0504413,0.198131,-0.00557538],[1.83655e-05,0.0343292,0.442635,-0.359082,-0.359373,-0.0121812,0.0256526,-0.000862029,0.0938889,-0.0199902,0.0473234,0.282613,-0.136987,0.0478021,0.0550997,-0.285401,-0.0360338,0.00679731,-0.0148558,0.145173,0.160087,0.128458],[-0.00940984,0.0124374,-0.0210485,-0.0417533,-0.223001,-0.124247,-0.0190661,0.00732609,-0.00950071,-0.00939965,-0.00992751,0.125698,-0.399428,-0.00470127,0.00104522,-0.196201,0.014614,0.024943,0.00973435,-0.004486,-0.0485844,0.0128121],[0.00123898,0.0386219,-0.0365261,-0.015772,-0.121755,-0.0844291,-0.000434778,0.00569696,0.00328058,-0.00493106,-0.00616712,-0.000674042,-0.00495454,-0.00373095,0.00366684,-0.171222,0.00179522,-0.00032655,0.00215026,-0.0385167,6.54285e-05,0.00698163],[-0.0296873,-0.0220776,0.0644436,0.00306372,-0.0716868,0.0165791,0.00284373,0.00415547,-0.0148778,-0.00598632,-0.0020726,-0.0198768,-0.345813,-0.00453646,0.000368617,-0.162234,-0.00229433,0.0203488,-0.00962026,-0.0160859,-0.0630133,-0.014274],[-0.0206493,-0.00340238,0.167609,0.0605511,-0.0269966,0.00374893,0.0382904,-0.00155326,0.010225,0.0108434,0.00694527,-0.136801,0.185754,-0.00406971,-0.00235344,0.23956,-0.00912292,0.0355849,0.00833712,0.00396965,-0.0771281,-0.00780556],[0.0172332,0.0302582,0.0125245,0.0449333,0.0787625,0.0390587,-0.0250734,-0.00540018,-0.00562143,-0.000958659,-0.00218762,0.0210083,-0.0879662,-0.00197262,-0.0015374,-0.00245554,0.00231739,-0.0205553,-6.45437e-05,0.0283759,0.0150463,0.00079945],[0.000752501,-0.0068508,-0.0423634,-0.00842351,0.0463154,0.115113,-0.0104798,-0.00104401,-0.0138239,-0.000283057,-0.00192874,-0.0483127,-0.158426,-0.000185235,-0.00265825,0.0740327,0.000707603,0.00326224,-0.0135437,-0.0106313,-0.0351788,-0.00314893],[-0.00313411,-0.0289865,0.0626747,-0.0466508,0.051969,0.19223,-0.0812402,0.00167175,0.0436849,0.0014627,-0.0100293,-0.079935,0.751493,-0.00639414,-0.0219006,0.38966,0.0208422,-0.00855314,0.0423397,0.0515457,0.115354,0.0190489],[0.292873,0.45347,0.583168,-0.0133459,0.418685,0.271905,0.281413,-0.0861821,-0.0355194,0.100894,0.0217253,0.775192,-3.20103,0.0520876,0.0581988,-0.939593,0.00224841,-0.212186,0.0322828,-0.0699197,0.252279,-0.0141635],[0.0264921,0.0157644,0.0993882,0.0927108,-0.0389186,0.0250093,0.0363665,-0.0120098,-0.115856,-0.01143,-0.0130054,-0.340116,1.78422,-0.0253501,-0.0504249,0.509174,-0.0225464,0.0841993,-0.0644265,0.143929,-0.0370224,-0.0175399],[0.0847878,0.0941348,-0.0849608,0.0252076,0.741619,0.417098,0.134407,0.00671327,0.0492622,-0.0550729,0.0794162,-0.0886505,2.83157,0.0685508,-0.0235217,0.358024,0.00740531,-0.0878487,0.0147643,0.112408,0.060155,-0.193153],[0.0064886,0.0722478,-0.35563,0.150646,0.436869,0.325555,0.158805,-0.0248771,0.0466961,-0.0461761,-0.0253665,0.486787,0.562756,0.034511,0.0164386,0.977601,-0.0265399,-0.0991785,-0.033999,0.181515,-0.0836371,0.0276544],[-0.0154892,-0.0170992,0.00524276,-0.00743467,-0.0427089,-0.0579183,-0.0146321,-0.000216646,-0.00227618,0.000415584,-0.000221807,0.0372682,0.0635793,-0.00389029,-0.00431,0.00157838,-0.00607291,0.00807831,-0.00661348,-0.0344359,-0.000730495,-0.00911225],[0.000869827,0.0053035,0.0045605,0.00374063,-0.0150644,-0.00617088,0.00206476,-0.000155004,0.000199445,0.00126309,0.000479697,-0.0325342,0.00233834,0.000386124,-0.00100191,0.0319592,0.000583905,-0.00172864,0.000508039,0.00630099,-0.00403033,0.000286768],[-0.147979,-0.214753,0.0558387,-0.08653,-0.457458,-0.460566,0.0119467,0.00766085,-0.0170849,-0.00218186,0.0186085,-0.12813,3.1941,0.0245338,0.0132086,-0.266688,0.0152118,0.0740558,-0.151585,-0.397009,0.333524,-0.0452409],[0.0414788,-0.0535058,0.474706,0.0027213,-0.118134,0.140725,0.00892202,-0.0226904,-0.0895087,-0.00831499,0.00780833,0.345066,-0.919658,0.0116168,-0.027669,0.217272,-0.0410158,0.0375729,-0.102785,-0.0659516,-0.0801158,-0.133073],[-0.00667674,-0.00730166,-0.00159092,-0.00522418,-0.0283432,-0.0155745,-0.00340779,0.00122363,0.00159491,0.000356019,-0.00262282,-0.00873809,0.0189081,0.000362891,-0.00381707,-0.0188027,0.0010283,0.00923036,0.00396002,-0.0086683,0.0138661,0.00106313],[-0.0453129,0.0547249,0.00500636,-0.066821,0.0433389,0.129064,0.0546994,-0.00730589,-0.0477634,-0.08413,-0.0413461,0.5397,-4.19329,-0.0852937,-0.00774201,-1.22739,-0.0634685,0.0237388,-0.0683214,-0.280275,-0.153515,0.133715],[-0.0879215,-0.152049,-0.106781,-0.101531,0.0903033,-0.0118507,0.0109431,0.00248293,0.014044,-0.00117517,0.0159415,0.0427352,-0.0286707,0.0184642,0.0176646,-0.0738009,-0.00262935,0.0331485,0.00761246,-0.108555,0.055009,-0.00823029],[0.00901423,0.0211085,0.0663411,0.0234633,-0.130416,-0.0583935,-0.0170435,-0.00102648,-0.0406556,-0.0110412,-0.0204715,-0.180647,0.0292131,-0.00886031,-0.00682014,-0.0168306,-0.0285565,-0.0302318,-0.0335452,0.0182749,-0.118462,-0.0107261],[0.0236357,0.0355154,-0.0274008,0.0189985,0.0334736,0.0717028,0.00323164,0.00185147,0.00392002,0.0192542,0.00738618,0.0319938,0.191799,0.0102624,0.0140976,-0.147912,0.0204,-0.0348906,-0.000274849,0.102988,0.00123547,-0.0135574],[0.0134036,-0.0165085,0.0675469,0.0347089,-0.0719399,-0.00622077,0.019996,0.00563588,0.0107609,0.00636594,0.0159238,-0.0247359,-0.167846,0.0103943,0.00730566,0.00758748,0.00413237,-0.00373134,-0.0397059,-0.0428209,0.0190886,0.00433189],[0.0173453,0.0792087,-0.166826,0.0971698,0.144427,-0.106228,-0.0352458,0.0215607,-0.0452221,0.00444014,-0.00183158,-0.191407,-0.212104,0.00677636,0.019207,-0.561104,0.00578516,-0.00528019,-0.029634,0.0593163,-0.286772,-0.0324398]],"sigmahat":[[0.707057,1.07121,0.641764,0.261934,1.22267,0.718824,-0.0162052,-0.0807474,0.00946948,0.0618813,0.0185767,-0.0381312,1.37986,0.0335348,0.00343982,0.439975,-0.0614535,-0.689766,0.0841225,0.667989,-0.0731192,0.0263821],[1.07121,2.04535,0.796793,0.411123,1.51441,1.00667,-0.185452,-0.135033,0.00557519,0.0707721,0.0101718,0.316831,0.643619,0.0366008,0.00218635,-0.142107,-0.112184,-1.17282,0.179738,0.88881,-0.200644,0.038616],[0.641764,0.796793,4.06548,0.0797146,0.601381,1.15828,0.363173,-0.075541,-0.0462799,0.0591304,-0.0656762,-0.13932,1.37718,-0.0539746,-0.0472677,0.503719,-0.0693806,-0.590371,-0.0490381,0.785408,-0.205463,0.0922722],[0.261934,0.411123,0.0797146,0.763125,0.406154,0.0489383,-0.0433073,-0.0444533,-0.0438895,0.0169158,0.00549453,-0.201683,-0.138543,-0.0268564,0.00105941,-0.077443,-0.0384155,-0.243006,-0.00733005,0.268564,-0.263614,-0.0339801],[1.22267,1.51441,0.601381,0.406154,8.47733,2.87839,0.320694,-0.113964,0.123623,0.184682,0.145668,0.426467,7.20082,0.201722,0.0990839,1.34845,-0.174733,-1.31194,0.177747,1.44724,0.274534,0.109698],[0.718824,1.00667,1.15828,0.0489383,2.87839,5.95662,0.34366,-0.102218,-0.0826242,0.110577,-0.00618599,0.272055,2.17053,0.0966947,0.0658407,0.745375,-0.106019,-0.669923,0.0569795,0.677256,-0.00824909,0.110441],[-0.0162052,-0.185452,0.363173,-0.0433073,0.320694,0.34366,0.784409,0.012348,-0.0400797,0.0460075,0.00543794,-0.822121,1.90558,0.000748325,-0.0163069,0.411534,-0.0302995,0.135406,-0.112981,0.128315,-0.012933,0.0423182],[-0.0807474,-0.135033,-0.075541,-0.0444533,-0.113964,-0.102218,0.012348,0.02064,0.00529069,-0.00689792,-0.0018504,0.0219233,-0.116364,-0.00337728,0.000519069,-0.07033,0.0132192,0.0843745,-0.00881265,-0.0759847,0.0301658,-0.00122723],[0.00946948,0.00557519,-0.0462799,-0.0438895,0.123623,-0.0826242,-0.0400797,0.00529069,0.203388,0.0226496,0.0355247,-0.0702435,1.48123,0.0331582,0.0209919,0.221351,-0.00758355,-0.0346365,0.199803,0.0678592,0.391058,0.0315758],[0.0618813,0.0707721,0.0591304,0.0169158,0.184682,0.110577,0.0460075,-0.00689792,0.0226496,0.0634452,0.0284742,-0.225597,1.09953,0.0234981,0.00143007,0.361298,-0.0107323,-0.0464125,0.0179359,0.123018,0.0621065,0.0409702],[0.0185767,0.0101718,-0.0656762,0.00549453,0.145668,-0.00618599,0.00543794,-0.0018504,0.0355247,0.0284742,0.059688,-0.120344,1.24397,0.052194,0.0253307,0.378494,-0.00758846,-0.00976662,0.0270062,0.0458452,0.137577,0.0108061],[-0.0381312,0.316831,-0.13932,-0.201683,0.426467,0.272055,-0.822121,0.0219233,-0.0702435,-0.225597,-0.120344,7.98933,-12.7841,0.0137587,0.297421,-5.98335,0.0757807,-0.389649,0.122778,-0.727097,-0.457594,-0.0343089],[1.37986,0.643619,1.37718,-0.138543,7.20082,2.17053,1.90558,-0.116364,1.48123,1.09953,1.24397,-12.7841,124.575,1.20901,-0.156726,23.6199,-0.540075,-0.357905,0.963007,4.73446,6.97652,0.961422],[0.0335348,0.0366008,-0.0539746,-0.0268564,0.201722,0.0966947,0.000748325,-0.00337728,0.0331582,0.0234981,0.052194,0.0137587,1.20901,0.074408,0.0382716,0.407122,-0.00488857,-0.0322787,0.0249057,0.064853,0.110438,0.0141417],[0.00343982,0.00218635,-0.0472677,0.00105941,0.0990839,0.0658407,-0.0163069,0.000519069,0.0209919,0.00143007,0.0253307,0.297421,-0.156726,0.0382716,0.0737249,-0.471689,0.00761822,-0.0356857,0.031828,-0.00340242,0.0609294,-6.38036e-06],[0.439975,-0.142107,0.503719,-0.077443,1.34845,0.745375,0.411534,-0.07033,0.221351,0.361298,0.378494,-5.98335,23.6199,0.407122,-0.471689,21.6159,-0.267762,0.276165,-0.0325618,2.61915,1.2415,0.35648],[-0.0614535,-0.112184,-0.0693806,-0.0384155,-0.174733,-0.106019,-0.0302995,0.0132192,-0.00758355,-0.0107323,-0.00758846,0.0757807,-0.540075,-0.00488857,0.00761822,-0.267762,0.0725637,0.0661333,-0.028827,-0.102827,-0.000546755,-0.0431891],[-0.689766,-1.17282,-0.590371,-0.243006,-1.31194,-0.669923,0.135406,0.0843745,-0.0346365,-0.0464125,-0.00976662,-0.389649,-0.357905,-0.0322787,-0.0356857,0.276165,0.0661333,0.895281,-0.112519,-0.562986,0.109546,-0.0318045],[0.0841225,0.179738,-0.0490381,-0.00733005,0.177747,0.0569795,-0.112981,-0.00881265,0.199803,0.0179359,0.0270062,0.122778,0.963007,0.0249057,0.031828,-0.0325618,-0.028827,-0.112519,0.464438,0.0589869,0.517407,0.0600839],[0.667989,0.88881,0.785408,0.268564,1.44724,0.677256,0.128315,-0.0759847,0.0678592,0.123018,0.0458452,-0.727097,4.73446,0.064853,-0.00340242,2.61915,-0.102827,-0.562986,0.0589869,2.22068,-0.0928886,0.178985],[-0.0731192,-0.200644,-0.205463,-0.263614,0.274534,-0.00824909,-0.012933,0.0301658,0.391058,0.0621065,0.137577,-0.457594,6.97652,0.110438,0.0609294,1.2415,-0.000546755,0.109546,0.517407,-0.0928886,2.477,0.0543482],[0.0263821,0.038616,0.0922722,-0.0339801,0.109698,0.110441,0.0423182,-0.00122723,0.0315758,0.0409702,0.0108061,-0.0343089,0.961422,0.0141417,-6.38036e-06,0.35648,-0.0431891,-0.0318045,0.0600839,0.178985,0.0543482,0.21707]],"n":22,"lags":3}