{"betahat":[[-0.30664,-0.8956,-0.497868,1.07598,-0.201001,-0.0113826,1.64768,-0.0423809,-0.277157,-0.106822,-0.119527,-2.34517,8.66989,-0.00354845,-0.273889,3.61147,0.259678,1.60481,-0.0654811,2.12942,0.897474,-0.331949],[0.987378,-0.0047502,0.128177,-0.0455516,0.00579733,0.283503,0.0298152,-0.0158348,0.0131534,0.0131838,-0.0120958,-0.232804,0.325921,-0.00890495,-0.0305429,0.38393,-0.025495,-0.0111009,0.0030963,-0.0282745,0.05318,0.00205536],[-0.0242167,0.909583,0.11358,-0.0440446,0.120743,0.0691486,-0.00894429,-0.00564984,-0.00175332,0.010171,-0.00226439,-0.0244071,0.132281,-0.00697102,-0.0125265,0.225455,-0.00132196,0.0194553,-0.0210565,0.0684488,-0.0638157,0.00382566],[0.0366742,0.0660908,0.775383,0.0417998,0.0981415,0.0420833,-0.00607333,-0.00592241,0.0199373,0.00155779,0.00443735,0.0580397,0.309608,0.000737272,0.00121693,0.081962,-0.0125006,-0.0309142,0.00662125,0.0152464,0.0771084,-0.0184994],[0.0258555,0.0251143,-0.0846922,0.814287,-0.179285,0.156594,-0.0746137,-0.0145189,-0.00965951,-0.009153,0.0133675,0.208131,-0.160993,0.0159479,0.0230324,-0.293012,0.0161457,-0.0421967,-0.0365175,-0.0490295,0.101514,-0.00261147],[-0.0421718,-0.0612924,-0.0496515,-0.0525759,0.821015,0.000681862,0.0051166,0.00645685,-0.00966398,0.00223527,0.00086548,-0.00885519,-0.161216,-0.000715309,0.00114803,-0.0326301,0.000700273,0.0375436,-0.00381533,-0.104482,0.00223641,-0.00418091],[0.005895,0.0260138,0.105112,-0.00184818,0.0491158,0.832582,0.0284621,0.000983066,0.0190854,0.00238976,0.00549178,0.0168683,0.56238,0.00577854,0.00746945,-0.0958039,0.00136329,-0.00904569,-0.000545434,0.0556383,0.0848661,0.00249801],[0.0465354,0.127046,0.0394355,0.187899,-0.175995,-0.353479,1.09542,-0.025268,-0.0371504,0.0158834,0.0169744,0.0518288,-1.27662,0.0213939,0.0304203,-0.244955,-0.0233888,-0.0332397,0.0600815,-0.0211324,-0.138754,-0.0188502],[-0.252982,-0.39207,-0.834285,0.362925,-0.210094,-0.28017,-0.326781,1.1652,0.102064,-0.0567003,0.0231817,0.0642047,1.00258,-0.0134341,0.0570416,-0.617981,0.188844,0.0130469,0.461013,0.210075,0.314831,0.0805531],[-0.0588155,-0.0209061,-0.252173,-0.00440139,-0.216614,-0.578741,-0.0351803,0.0284562,0.914672,0.0277901,0.0085697,0.396295,-2.83667,-0.00710325,0.0236675,-1.06599,0.0793693,-0.110342,-0.137865,-0.27146,-0.359733,0.0180919],[-0.152445,-0.336551,0.688787,-0.11605,-0.295485,-0.417964,-0.0715906,-0.0270535,-0.156664,1.15569,-0.146746,-0.0962543,-3.74022,-0.116434,-0.0144127,-1.22539,0.0237717,0.199409,0.235226,-0.388411,-0.372682,0.319188],[0.00239377,-0.0850761,0.267525,-0.134436,-1.05273,-0.330675,-0.0648135,-0.00926497,0.00423065,0.207269,1.11853,-1.5525,4.99657,0.051493,0.0151777,0.149051,-0.0599024,0.166884,0.00550419,0.377275,0.476734,0.125053],[0.0133221,0.0211039,-0.0521849,0.0127817,0.119021,0.0311907,-0.000115777,0.00181083,-0.00538016,-0.00629724,-0.000262764,1.16561,-0.219126,-0.000167443,0.00680046,-0.189059,0.00207554,-0.00647487,-0.0199758,0.0114453,-0.0294349,0.00569401],[-0.00275201,-0.00708395,-0.00641628,0.000767148,0.00270078,-0.0104359,-0.0024955,0.000164796,0.00277387,-0.00152983,-0.00268786,0.0279333,1.02014,-0.00202855,0.000266928,-0.0507499,-0.000752018,0.00268904,0.00606511,-0.00895391,0.00138678,0.00335146],[0.128727,0.115247,0.0432985,0.233545,0.629829,0.954669,0.0209418,-0.0594997,-0.00145357,0.083169,0.0107855,-0.257031,-3.12126,1.01567,-0.00687048,0.969727,0.0122408,-0.0193256,0.380162,0.664351,-0.425113,0.0522351],[-0.291357,-0.236943,-0.373554,-0.22194,-0.486331,-0.23682,-0.197128,0.0110238,-0.00934981,-0.155315,-0.0112617,0.0190905,-1.6414,-0.0143983,1.02292,-1.45859,0.103781,0.0350986,-0.29942,-0.823491,0.116345,0.0160735],[0.0153801,0.0225339,-0.0194202,0.0154297,0.0495893,0.045084,0.0157793,-0.00113617,0.00563925,0.00522781,0.0110065,-0.025046,0.162545,0.011828,0.0059472,1.15916,-0.00445581,-0.0119467,-0.00489383,0.0535354,0.00013966,0.0050257],[0.169769,0.274524,0.562501,0.199128,0.440929,-0.229365,-0.303972,-0.0139396,0.196107,0.0236929,0.0235995,-0.768714,4.39989,0.0871758,-0.0558378,1.4535,1.07093,-0.173726,0.345888,0.0358453,0.534981,-0.0314483],[0.24442,0.348865,0.282675,0.259121,0.165597,0.087657,0.0171697,-0.0117634,-0.0184137,0.0168837,-0.00597081,-0.217379,0.328541,-0.0186014,-0.0288208,0.351775,-0.00742228,0.900486,-0.016261,0.286287,-0.0408684,0.0142601],[-0.0314795,-0.0109005,-0.192209,-0.0151224,-0.0601949,-0.251837,-0.0923284,0.00932516,-0.0703368,-0.039049,-0.0117273,0.3357,-0.47191,-0.0075434,-0.0169556,0.1057,-0.00128386,0.0197636,0.69735,-0.0665636,-0.259,-0.0850294],[0.120046,0.119845,0.11209,-0.0190025,0.152521,0.257899,0.0398987,-0.00804981,0.0121235,0.018243,0.0128478,-0.237905,0.8853,0.00387084,-0.00832307,0.134365,0.0302361,-0.074918,-0.0788224,0.580301,0.0628071,0.0304892],[0.117747,0.22522,0.0200448,0.0342407,0.309291,0.260431,-0.0710128,-0.0158992,0.109264,0.037122,0.0258899,0.0975583,0.948533,0.0143292,0.0128411,-0.10739,-0.00834329,-0.108665,-0.057689,0.191645,0.305121,0.023812],[-0.0606655,-0.161565,-0.459014,0.267186,0.107752,-0.0720055,-0.00166752,-0.00698153,-0.0742589,-0.0223801,-0.052838,-0.0504415,-0.0940449,-0.0678379,-0.0669887,0.536293,0.0399618,0.0424659,-0.345245,-0.291159,0.0761924,0.833542],[0.0142231,-0.0268124,-0.104682,0.0770594,0.201167,-0.151397,-0.00247011,0.00882816,-0.00199269,-0.00419333,0.0229093,0.103736,-0.000917195,0.0156192,0.0304819,-0.182178,0.0119238,-0.00554353,-0.0076483,0.0357617,0.00522185,-0.0152294],[0.0213823,0.0500478,-0.0841256,0.0582833,0.00624745,0.00734247,0.00638291,0.000704326,-0.000222943,-0.00570002,0.00861105,0.024395,-0.114943,0.0109823,0.00906149,-0.0548672,7.55463e-05,-0.01789,0.00623774,-0.0326857,0.0666674,-0.00980408],[-0.00913992,-0.0473013,0.1715,-0.0429698,-0.0376214,-0.0553273,0.00604802,0.00174817,-0.00650759,0.00392967,-0.00268674,-0.0401616,-0.0106054,0.00283813,-0.0021198,0.0678594,0.0143308,0.0136534,-0.00970563,0.000557304,-0.0130713,0.0313498],[-0.00351115,-0.0152082,-0.0756825,0.128527,0.208695,-0.152355,0.0359393,0.0147757,-0.00450669,-0.000861438,-0.0201901,-0.0530543,-0.0627222,-0.0130576,-0.0215461,0.0410367,-0.00649122,0.00596716,0.00474582,0.0403521,-0.0331713,0.00683984],[0.0231204,0.0292914,0.0361354,0.00679715,0.0964176,-0.0401667,0.0167361,-0.00104561,0.0159626,-0.00180096,0.000837876,-0.00952347,0.219411,0.00256366,0.0005106,0.0263745,-0.00256757,-0.0150371,0.000403761,0.0735625,-0.0145,0.00268862],[-0.00741698,-0.0196213,-0.0733632,0.00942699,-0.100182,0.0464388,-0.0189451,0.000205901,-0.0049867,-0.00262262,-0.00291032,0.033558,-0.400488,-0.00450514,-0.00434828,0.0329153,-0.00197448,0.00571045,0.0170085,-0.0486795,-0.0501161,-0.00113334],[-0.0409351,-0.0932721,-0.100166,-0.142082,0.130254,0.15835,-0.0137801,0.0236154,-0.0103963,-0.0173602,-0.0105791,0.0023816,0.50907,-0.0171143,-0.0119755,-0.104795,0.000798231,0.0388001,-0.0655236,-0.0207042,0.00109746,0.00514707],[0.0443683,0.049472,0.417323,-0.307304,-0.315577,0.101515,0.0569995,-0.100702,-0.0538047,-0.0311084,-0.0522796,-0.972861,2.30503,-0.0381045,-0.107004,1.53748,-0.20397,0.132839,-0.483905,-0.0582779,-0.525413,-0.0644893],[0.0225168,-0.00292331,0.127447,-0.0787294,0.249346,0.56033,-0.0228291,-0.0162995,0.208293,-0.0225771,0.00858545,-0.022769,0.839101,0.0301072,0.0267828,0.466526,-0.0498851,0.038899,0.333796,0.072013,0.425254,-0.0253607],[0.0738742,0.250754,-0.528305,0.119342,-0.446888,0.0292217,-0.0380315,0.0229402,0.105665,-0.111852,0.0688293,0.170698,1.09656,0.0527627,0.0468855,0.805171,-0.0371875,-0.12234,-0.0913537,0.287447,0.301122,-0.129863],[0.0217749,0.061535,0.0924068,0.00785171,0.612549,0.127406,-0.105444,0.0334561,-0.0509895,-0.1645,-0.111909,1.03293,-5.62652,-0.0833413,-0.0333311,-0.941516,0.0849221,-0.0749827,0.10388,-0.473087,-0.482971,-0.137463],[0.00109543,-0.0101941,0.0452109,-0.00241319,-0.0811671,0.0160743,0.0155469,-0.00111164,0.00630594,0.00583059,0.00128498,-0.232978,0.199711,0.0035159,-0.00620212,0.231883,0.00195669,0.00204793,0.00525771,0.0207247,0.029333,-0.000507884],[0.00102781,0.000360007,0.00157295,-0.00531913,0.011727,0.0134327,1.91772e-05,0.000115497,-0.00278344,0.000238504,0.00222716,0.00439195,-0.0324494,0.00147237,0.000723293,0.0188085,-0.000117559,-0.00110107,-0.00419953,0.00133894,0.00306511,-0.00299082],[0.0339854,0.106476,-0.0239965,-0.132599,-0.115726,-0.426243,0.0147704,0.0561578,0.000464507,-0.0631952,-0.0292907,0.172759,0.0478733,-0.0576687,-0.0200845,-0.735447,-0.0425209,-0.0323587,-0.234232,-0.195693,0.128693,0.0167595],[0.239776,0.265739,-0.0342687,0.236623,0.609306,0.078607,0.154692,0.0138431,0.0474472,0.143234,-0.00249044,-0.320406,1.76267,-0.0187721,-0.0287389,1.03954,-0.058484,-0.0440116,0.204073,0.813206,-0.0782661,0.06446],[-0.00935687,-0.0164376,0.0193686,-0.00997951,-0.0260696,-0.032891,-0.0125247,0.000108875,-0.00611835,-0.00531178,-0.00833863,0.0329697,-0.184047,-0.0123697,-0.00244712,-0.13934,0.0030842,0.00365545,0.00524612,-0.0438644,-0.0112984,-0.00504518],[-0.118624,-0.333482,-0.557123,-0.139793,-0.468132,0.135982,0.291486,0.022082,-0.143283,0.059507,0.0164825,0.0941012,-0.202166,-0.00688973,0.0571875,-0.194766,-0.0169756,0.145271,-0.179769,0.254635,-0.343985,-0.0817156],[-0.157403,-0.198277,-0.156168,-0.168558,-0.225292,-0.058071,-0.0402062,0.0100628,0.00710585,-0.0179206,-0.00938257,0.191538,-0.318255,0.00100217,0.0135041,-0.300049,0.010212,0.0593921,0.0186322,-0.181828,-0.00636184,-0.00544623],[0.0393434,0.0637908,0.0212881,-0.00223465,0.0663174,0.230232,0.0656943,-0.00836604,0.112201,0.0461975,0.0185533,-0.222582,1.20823,0.027182,0.0353437,0.0183255,-0.00865501,-0.0373409,0.26108,0.132788,0.260466,0.143136],[0.0155719,0.0216872,0.195076,0.0265462,0.167755,0.0560401,0.00364723,-0.00504561,0.000151682,0.007449,-0.00549485,0.0166473,0.282552,0.00299339,0.0180084,0.0256356,-0.0311878,-0.0402402,0.0763037,-0.00597618,0.0210082,0.0155502],[0.0121332,0.0555019,-0.0588164,0.0755679,0.0796886,-0.0525626,-0.0299891,0.000978284,0.0711704,0.0139483,0.0246652,0.0962764,-0.409458,0.0161363,0.0213985,-0.126127,-0.0131843,-0.0405107,0.0696144,0.0166201,0.216438,-0.0122139],[0.013168,0.0620591,0.455237,-0.332607,-0.340241,0.042773,0.024269,-0.00549339,0.0903448,-0.0241779,0.0452121,0.289021,-0.294859,0.0462137,0.0517637,-0.319675,-0.039867,-0.00371295,0.145145,0.108129,0.17331,0.10814],[-0.00161192,0.0315489,-0.0235016,-0.0315257,-0.206984,-0.132128,-0.0273503,0.0070084,-0.0111529,-0.00899038,-0.0108103,0.129078,-0.324898,-0.00671052,6.35553e-05,-0.201713,0.01357,0.0166473,0.00455349,-0.00751954,-0.0583825,0.0131768],[0.00282158,0.0403505,-0.0294657,-0.0142589,-0.127005,-0.0765176,0.00255629,0.00494752,0.00198295,-0.00447059,-0.00634303,2.37199e-05,-0.0172075,-0.00400742,0.00346725,-0.170542,0.00124527,-0.00156097,0.0148186,-0.0357967,-0.00283691,0.00598154],[-0.0275492,-0.0188119,0.0530859,0.0011448,-0.0605363,0.0132027,1.59459e-05,0.00417783,-0.0134169,-0.00548808,-0.00174522,-0.0178299,-0.298916,-0.0035694,0.000908524,-0.149762,-0.00183098,0.0172617,0.00309007,-0.0158467,-0.064006,-0.0128461],[-0.0223539,-0.00991904,0.160383,0.0571553,-0.0294252,-0.0042566,0.0386578,-0.000254185,0.0141781,0.0100144,0.00682715,-0.15507,0.22384,-0.00288502,-0.00148405,0.252057,-0.00965541,0.0362287,0.0317745,0.0086388,-0.0683069,-0.00422621],[0.0190192,0.0319522,0.0134979,0.0457411,0.0824632,0.0394072,-0.0218608,-0.00540614,-0.00628893,-0.000434551,-0.00170073,0.0183825,-0.0581692,-0.00184759,-0.0016575,0.00631003,0.00186437,-0.022491,0.00340845,0.030853,0.0122762,0.00149779],[0.0015036,-0.0064213,-0.0317478,-0.00761471,0.0510333,0.120884,-0.00952854,-0.00118492,-0.0140891,0.000233268,-0.00257723,-0.0503998,-0.161847,-0.00127167,-0.00312011,0.0629663,0.000607014,0.00333275,-0.0164645,-0.00700721,-0.034737,-0.00135995],[-0.0056708,-0.033846,0.0605192,-0.0458501,0.0455927,0.194941,-0.081731,0.00166614,0.0475808,0.00147898,-0.0063658,-0.054211,0.768387,-0.00426742,-0.018435,0.349763,0.0226172,-0.00548918,0.00545642,0.0417523,0.137859,0.0137145],[0.253313,0.420616,0.451233,-0.0572368,0.499996,0.212812,0.230928,-0.0779418,-0.0453383,0.0832177,0.0165635,0.817627,-3.5711,0.0422218,0.0423821,-0.960154,0.00161946,-0.196823,0.0264228,-0.140848,0.138637,-0.0229359],[0.0362644,0.0237298,0.125008,0.0830136,-0.0327965,0.0183852,0.0579477,-0.012146,-0.12293,-0.00520961,-0.0171419,-0.373363,1.99701,-0.0229781,-0.0504345,0.600141,-0.0295215,0.0713868,-0.195907,0.199196,-0.0654721,0.00726595],[0.0478641,0.032995,-0.180747,0.000902029,0.698905,0.358328,0.129317,0.0145818,0.0489665,-0.0566619,0.0771709,-0.0543339,2.67346,0.0696408,-0.0188825,0.432347,0.0187692,-0.0442141,-0.125679,0.08203,0.0624713,-0.184637],[-0.0167058,0.0319308,-0.32609,0.13543,0.492121,0.297145,0.153114,-0.018624,0.0345322,-0.0417132,-0.021017,0.41415,0.368852,0.0257448,0.0076323,0.798966,-0.0226869,-0.0797112,-0.120258,0.116255,-0.0707906,0.0137872],[-0.0138616,-0.0141399,0.00947963,-0.00811414,-0.0397594,-0.0475201,-0.0111886,-0.000940989,0.000294018,0.000935649,-0.000133209,0.0309835,0.0516995,-0.00268907,-0.00299132,-0.00146389,-0.00686277,0.00590171,0.00863354,-0.0331746,0.00531759,-0.00555641],[0.000847017,0.00532948,0.0044316,0.00341179,-0.0157106,-0.00465865,0.00149719,-0.000153848,0.00033386,0.00118283,0.000449228,-0.0309002,-0.00416,0.000384751,-0.000950444,0.0306979,0.000635499,-0.00168564,-0.00183718,0.0049901,-0.00434649,-9.72376e-05],[-0.145172,-0.194508,-0.00910851,-0.0723808,-0.468523,-0.48638,-0.0217356,0.00812904,-0.0221073,-0.0145454,0.013226,-0.0107346,3.15808,0.0238121,0.00824919,-0.10979,0.00478873,0.0703958,-0.2198,-0.37026,0.27388,-0.0369261],[0.0536048,-0.00694021,0.356956,-0.00563699,-0.100638,0.142021,0.0273589,-0.0249817,-0.0496249,0.00863252,0.0135306,0.301737,-0.0975633,0.0255409,-0.0112084,0.319118,-0.0561313,0.019307,0.0533578,-0.00074716,-0.0666984,-0.0725479],[-0.00614675,-0.00640186,0.000829177,-0.00564011,-0.0237553,-0.0124308,-0.00330413,0.00106589,0.000591784,7.77042e-05,-0.00263635,-0.00676268,0.0199803,0.000549021,-0.00335663,-0.020196,0.00132321,0.00817024,-0.000173231,-0.0101404,0.011628,4.29625e-05],[-0.0503364,0.0597196,-0.00313134,-0.0620599,0.0292625,0.0954457,0.0105943,-0.00835599,-0.050707,-0.0830774,-0.0401197,0.678508,-4.18229,-0.079764,-0.00117668,-1.24778,-0.0552446,0.0264594,-0.164509,-0.290469,-0.188475,0.113645],[-0.0810541,-0.141034,-0.108264,-0.0940192,0.0598886,-0.0206265,0.0090196,0.00169889,0.016634,0.000848618,0.0151549,0.0242556,-0.0274477,0.0175271,0.01496,-0.0316608,-0.00170137,0.0312494,0.00273966,-0.103046,0.0634635,-0.0094566],[0.00707687,-0.0273024,0.179624,0.0207423,-0.00143742,0.0542388,0.0296649,-0.00552253,-0.0358373,-0.00618878,-0.00641439,-0.0358274,-0.546649,-0.0105696,-0.0152686,-0.00115008,-0.00193942,0.0038256,0.00237529,-0.0420714,-0.0243231,-0.038261],[0.0261711,0.0353927,-0.0178224,0.0191277,0.0305397,0.0790298,0.00718058,0.000996026,0.00750292,0.0208159,0.00746733,0.00935367,0.189181,0.0101877,0.0145926,-0.151278,0.0208224,-0.0352044,0.0235127,0.0909684,0.0113236,-0.0110725],[0.00820415,-0.0216477,0.067706,0.0266086,-0.0721436,-0.0232601,0.0250963,0.00612936,0.0041053,0.00518534,0.0136836,-0.0303149,-0.0991902,0.0100183,0.00671011,0.0205762,0.00324457,0.000718416,-0.0247946,-0.0268784,0.00766522,0.00909854],[0.0267679,0.0776659,-0.078637,0.104062,0.0833213,-0.0764642,-0.0151613,0.0167669,-0.0317427,0.0100122,-0.00178499,-0.28593,-0.263809,0.00468064,0.0191312,-0.51909,-0.00463445,-0.0231884,0.207416,0.057975,-0.247701,-0.0177543]],"sigmahat":[[0.699423,1.05481,0.638436,0.26724,1.21662,0.69505,-0.0222829,-0.0790002,0.00857733,0.0597388,0.0182342,-0.021176,1.29301,0.0317326,0.000774621,0.435665,-0.0606441,-0.685066,0.00568126,0.661288,-0.0844547,0.019652],[1.05481,2.01246,0.790833,0.420808,1.48582,0.999597,-0.192602,-0.132852,0.0110646,0.0678373,0.0111379,0.33733,0.509268,0.0354089,-0.00098829,-0.151678,-0.111795,-1.16126,0.00859637,0.854236,-0.1928,0.0252427],[0.638436,0.790833,4.03667,0.0713183,0.572474,1.03231,0.358911,-0.072694,-0.0579508,0.0546074,-0.0679634,-0.0621183,1.25044,-0.0536216,-0.0477931,0.439051,-0.0679239,-0.589056,0.103649,0.802182,-0.27952,0.0928479],[0.26724,0.420808,0.0713183,0.776929,0.406257,0.048241,-0.0532257,-0.0457026,-0.0386216,0.0184629,0.00651433,-0.205433,-0.148769,-0.0251691,0.00110355,-0.0685776,-0.040355,-0.251886,0.0443811,0.27422,-0.255441,-0.0316231],[1.21662,1.48582,0.572474,0.406257,8.5253,2.74505,0.323382,-0.109658,0.0954188,0.174275,0.13658,0.483973,7.03768,0.189724,0.088776,1.33918,-0.165117,-1.30914,0.0178407,1.48443,0.207028,0.0928576],[0.69505,0.999597,1.03231,0.048241,2.74505,5.82305,0.279518,-0.0990405,-0.0844856,0.097309,-0.00738764,0.367454,1.65535,0.0918116,0.0584516,0.638311,-0.0960784,-0.66611,-0.102758,0.598489,-0.079848,0.0741225],[-0.0222829,-0.192602,0.358911,-0.0532257,0.323382,0.279518,0.774647,0.0143483,-0.0607827,0.0401258,-0.000780287,-0.785621,1.77658,-0.00687547,-0.0224641,0.379546,-0.0271415,0.140288,-0.140278,0.135024,-0.074395,0.0311715],[-0.0790002,-0.132852,-0.072694,-0.0457026,-0.109658,-0.0990405,0.0143483,0.0203894,0.00434276,-0.00657982,-0.00189085,0.0181394,-0.0948828,-0.00320447,0.000595027,-0.0646052,0.0129293,0.083572,0.00549218,-0.0724821,0.0293294,-0.000114439],[0.00857733,0.0110646,-0.0579508,-0.0386216,0.0954188,-0.0844856,-0.0607827,0.00434276,0.215961,0.0196204,0.0377961,-0.0556869,1.31256,0.0345043,0.0205339,0.230206,-0.00580619,-0.0391151,0.159846,0.03436,0.416546,0.0133739],[0.0597388,0.0678373,0.0546074,0.0184629,0.174275,0.097309,0.0401258,-0.00657982,0.0196204,0.0617152,0.0276791,-0.212661,1.02691,0.0222196,-0.000406917,0.360201,-0.00973173,-0.0459724,-0.0176338,0.117033,0.0498293,0.0323842],[0.0182342,0.0111379,-0.0679634,0.00651433,0.13658,-0.00738764,-0.000780287,-0.00189085,0.0377961,0.0276791,0.0598723,-0.112166,1.19816,0.0520738,0.0248588,0.383058,-0.00699743,-0.0105707,-0.00341316,0.0434536,0.136252,0.00748645],[-0.021176,0.33733,-0.0621183,-0.205433,0.483973,0.367454,-0.785621,0.0181394,-0.0556869,-0.212661,-0.112166,7.89677,-12.7153,0.0128135,0.302528,-6.06887,0.0730447,-0.397239,0.694801,-0.742314,-0.354175,-0.00230394],[1.29301,0.509268,1.25044,-0.148769,7.03768,1.65535,1.77658,-0.0948828,1.31256,1.02691,1.19816,-12.7153,122.164,1.12876,-0.242702,23.3179,-0.473958,-0.316549,-1.9963,4.56979,6.66133,0.69331],[0.0317326,0.0354089,-0.0536216,-0.0251691,0.189724,0.0918116,-0.00687547,-0.00320447,0.0345043,0.0222196,0.0520738,0.0128135,1.12876,0.0730151,0.0371769,0.39685,-0.00407328,-0.0323114,0.0138605,0.0580641,0.109067,0.00872952],[0.000774621,-0.00098829,-0.0477931,0.00110355,0.088776,0.0584516,-0.0224641,0.000595027,0.0205339,-0.000406917,0.0248588,0.302528,-0.242702,0.0371769,0.0724979,-0.480488,0.00733778,-0.0339203,0.129148,-0.0129464,0.0592889,-0.00435572],[0.435665,-0.151678,0.439051,-0.0685776,1.33918,0.638311,0.379546,-0.0646052,0.230206,0.360201,0.383058,-6.06887,23.3179,0.39685,-0.480488,21.5452,-0.245188,0.266827,-1.66835,2.61677,1.21713,0.30387],[-0.0606441,-0.111795,-0.0679239,-0.040355,-0.165117,-0.0960784,-0.0271415,0.0129293,-0.00580619,-0.00973173,-0.00699743,0.0730447,-0.473958,-0.00407328,0.00733778,-0.245188,0.0704827,0.0681279,0.0545792,-0.0953833,0.00168241,-0.0390978],[-0.685066,-1.16126,-0.589056,-0.251886,-1.30914,-0.66611,0.140288,0.083572,-0.0391151,-0.0459724,-0.0105707,-0.397239,-0.316549,-0.0323114,-0.0339203,0.266827,0.0681279,0.892753,-0.0904518,-0.554871,0.104576,-0.0268012],[0.00568126,0.00859637,0.103649,0.0443811,0.0178407,-0.102758,-0.140278,0.00549218,0.159846,-0.0176338,-0.00341316,0.694801,-1.9963,0.0138605,0.129148,-1.66835,0.0545792,-0.0904518,0.853521,-0.137176,0.297515,-0.0891898],[0.661288,0.854236,0.802182,0.27422,1.48443,0.598489,0.135024,-0.0724821,0.03436,0.117033,0.0434536,-0.742314,4.56979,0.0580641,-0.0129464,2.61677,-0.0953833,-0.554871,-0.137176,2.18874,-0.164068,0.144599],[-0.0844547,-0.1928,-0.27952,-0.255441,0.207028,-0.079848,-0.074395,0.0293294,0.416546,0.0498293,0.136252,-0.354175,6.66133,0.109067,0.0592889,1.21713,0.00168241,0.104576,0.297515,-0.164068,2.49822,0.0223046],[0.019652,0.0252427,0.0928479,-0.0316231,0.0928576,0.0741225,0.0311715,-0.000114439,0.0133739,0.0323842,0.00748645,-0.00230394,0.69331,0.00872952,-0.00435572,0.30387,-0.0390978,-0.0268012,-0.0891898,0.144599,0.0223046,0.18616]],"n":22,"lags":3}