{"betahat":[[2.31304,3.22697,6.844,16.3933,2.2717,35.5615,10.5755,-1.3834,-6.12006,-1.0991,-1.4004,-3.54692,8.70101,8.88352,-101.119,-0.43281,1.92384,-58.9755,21.176,6.63657,4.02412,-43.2977,4.46964,-2.23817,-2.37503,-21.8986,-2.81262],[0.570714,1.19645,-0.313176,0.245791,-0.126506,-0.618715,-0.28736,-0.0821733,0.99902,0.137869,0.0289744,0.0622849,1.16898,-0.373223,1.22281,-0.0858499,0.0309883,-1.21427,-0.0641,-0.565255,1.16866,6.70447,-0.366893,0.0286955,-0.664017,2.14624,0.0130347],[0.190834,0.638444,-0.604725,0.638307,-0.408632,-1.30551,-0.110458,-0.0260432,0.0388135,-0.00748216,0.002132,-0.0907506,1.89764,0.056095,1.81246,-0.166035,-0.104799,-0.792532,0.0704609,-0.350748,-0.10929,3.30519,0.678518,0.0155403,-0.378867,-0.932537,0.0933575],[0.451799,0.798441,-0.071599,0.497898,0.494714,-1.1601,-0.487651,-0.0664926,0.417458,0.00660379,-0.095976,-0.0405979,-1.0574,0.80101,-6.65813,-0.0592149,0.10386,-0.586724,0.115036,-0.910394,0.740553,5.41842,-0.332582,-0.0650612,-1.11845,-0.222123,0.0756965],[0.9757,-0.0654826,0.206207,0.0124023,0.0253011,0.345146,0.0577708,-0.016089,0.0589147,0.0241311,0.0392754,0.00396519,0.134979,-0.482453,2.24565,0.0186075,-0.0371327,0.858075,-0.0423999,0.066016,0.0488133,-0.311789,0.0247306,0.0273018,0.321595,0.26395,0.0270101],[-0.0372715,0.839062,0.14791,-0.0488551,0.0513397,0.11931,0.00178679,-0.00740769,0.0122805,0.0123807,0.0172714,0.000299079,0.037225,-0.0693688,0.682939,-0.00777532,-0.0223017,0.446672,-0.0085726,0.0356774,-0.0242358,-0.141107,0.026235,0.0187765,0.259324,0.0127901,0.00296891],[0.0268794,0.0412356,0.66602,0.0807421,0.113474,-0.0045502,-0.00620669,-0.00316556,-0.00120491,-0.000876094,0.00240967,0.00968051,-0.0397387,0.061051,0.60737,0.00630749,0.000932949,0.164999,0.0030219,-0.00849606,-0.00104197,-0.195195,-0.0358205,0.00883187,0.0649814,0.0287706,-0.0136502],[0.00385096,-0.0368371,-0.141702,0.776305,-0.268246,0.155905,-0.0812103,-0.0126692,0.0211258,0.00644696,-0.00896484,0.028591,0.0210281,0.0620123,0.304599,0.0243691,0.0231693,-0.116574,-0.0557844,0.0625009,0.0367226,-0.134632,-0.0535244,-0.00429138,0.0254837,0.159693,0.00204433],[-0.0416243,-0.0601396,-0.0800432,-0.0513057,0.753376,-0.00865886,0.00463287,0.00652952,-0.00699224,0.00207784,-0.000527267,0.000628486,0.0153565,0.00132244,-0.0647256,-0.0020311,0.0038354,-0.0690516,0.0080624,0.010489,-0.01649,0.0568585,0.137377,0.00413568,-0.143743,0.0152856,0.00036822],[0.00522791,0.0208853,0.138984,0.00457995,0.0846471,0.797621,0.0362263,0.000326216,0.0108679,-0.00324287,-0.00340471,0.00330398,-0.024124,0.0588637,0.508658,0.00762132,0.0118819,-0.155078,0.00720317,0.00632114,-0.00110887,0.0120857,-0.00240572,-0.0035296,0.10017,0.0583284,-0.000267578],[-0.0441748,-0.00888938,-0.0208697,0.0910323,-0.20142,-0.309125,0.986428,-0.00946614,-0.0304451,0.00936236,0.0040569,0.0119204,0.113308,0.0797276,-1.79969,0.00650518,0.0192344,-0.277544,-0.0159806,-0.0786975,0.0317859,0.213557,0.0407976,-0.0110067,-0.274844,-0.0960014,6.67103e-05],[-0.0213862,-0.164591,-0.312731,0.636479,-0.427972,-0.188067,0.423965,1.0503,-0.0900673,0.0282731,0.0282418,-0.0153202,-0.175094,-0.445454,1.62261,0.0576005,0.0839008,0.052106,0.226776,0.933754,-0.269352,-0.563973,1.23039,0.0580219,1.04324,-0.244066,0.0188951],[-0.0199548,-0.110273,-0.124644,0.0294278,-0.198279,-0.445099,0.0120775,0.0223927,1.07565,0.0743293,0.0559337,0.0764459,0.0817498,-0.0107906,1.20507,0.0435795,0.0513902,-0.597757,-0.0967186,-0.0232318,0.0389978,0.233338,-0.173756,0.0780484,0.167246,0.431501,0.0226072],[-0.120993,0.0413503,-0.0791409,-0.378267,-0.121405,-1.24067,-0.510386,-0.00850053,0.0391708,0.998839,0.124167,-0.1164,-0.649559,0.234713,-1.14495,-0.0912625,-0.074029,-1.20871,-0.298871,-0.304247,0.05447,0.498536,0.52341,-0.0511593,-0.835563,0.327473,0.16436],[-0.00424769,-0.230609,1.11294,-0.0340286,0.00388135,0.271377,0.0331666,-0.0193811,-0.0328938,0.0684704,1.04877,-0.011221,-0.144906,0.191951,-3.86928,-0.0351792,0.0233253,0.827201,-0.0596256,-0.157738,0.0318003,-0.483863,0.232034,0.103526,-0.0227291,-0.526611,0.222876],[0.0185377,-0.286821,0.75858,-0.240312,-0.59438,0.402215,0.260003,-0.0207464,0.0793357,0.237301,0.168494,0.988982,0.0471806,-1.77063,6.71244,0.115508,0.0935915,-0.603148,-0.0717398,0.347587,0.182182,0.258863,-1.83468,0.217879,0.401635,0.161244,0.132697],[0.0526107,0.0973449,0.120866,-0.0351722,-0.0595639,0.103431,0.0987428,-0.0102726,0.00370355,0.0197996,0.0286354,0.00768019,1.22066,-0.407586,0.267239,-0.00518923,-0.0205236,0.134032,-0.00634456,0.0505157,0.0318154,-0.099706,-0.115137,0.0191212,0.12655,0.0347674,-0.00427717],[0.0322056,0.0362975,-0.0328083,0.0382344,0.209932,0.0848928,0.00693622,0.000571088,-0.00675971,-0.000848246,-0.000379519,0.00320949,-0.0409973,1.02491,-0.271911,0.00572116,0.00259175,0.0113781,-0.00946445,-0.01469,0.00369803,0.0667898,-0.0417127,-0.0107601,0.0690838,-0.0451085,0.00171086],[-0.00286104,-0.00799735,-0.00481425,0.000493836,0.0104901,0.00434378,0.00369823,-8.66607e-05,0.00391174,-0.00210848,-0.00167731,-0.00330477,-0.0181232,0.0239351,0.866265,-0.00201653,-0.000119803,-0.0553113,0.00490406,0.00489417,0.00384,0.00163035,0.0160625,-0.00316207,-0.00797173,0.00545066,0.0013902],[0.30482,0.268715,0.335081,0.314091,0.694707,0.764564,-0.0832419,-0.0419429,-0.0998939,0.120759,0.127722,0.00625238,1.21038,-0.187025,-2.7389,0.898145,-0.0121196,1.9909,0.202202,-0.364002,0.0859851,-0.0242323,0.216036,0.0485825,1.28188,-0.191431,0.128745],[-0.450634,-0.243847,-0.862147,-0.178392,-0.952023,-0.940105,-0.685165,0.00527395,0.0318405,-0.238238,-0.172272,0.01924,-0.385225,0.803331,-3.26456,-0.0507929,0.864839,-2.4811,0.0534628,0.111382,-0.169126,-0.0368957,0.416331,-0.183303,-0.929154,0.11033,-0.0325832],[-0.0052029,-0.0107499,-0.0539532,0.00822235,0.0214716,0.0422735,0.0267456,0.000797451,-0.00155794,0.00649047,0.00688537,0.0126224,-0.000381915,-0.0213557,0.099574,0.0104127,0.00354451,1.06235,0.00235057,0.0191983,-0.00861578,0.0341423,-0.0220492,0.00971034,0.0334295,-0.00495762,0.0054562],[-0.115806,-0.324789,-0.0786135,-0.661326,0.49859,-0.274801,-0.218444,0.00111464,0.0918732,0.0683671,0.0488674,0.0907516,0.368169,0.403189,1.21983,0.11549,0.0856013,0.321509,0.547866,0.159026,0.0371922,0.619214,-0.0537383,0.0896516,-0.339283,0.84261,0.076703],[0.265342,0.460398,0.292927,0.304622,0.304647,-0.0823373,-0.126007,0.00307809,-0.025015,0.00876163,0.0182748,0.00362073,-0.000879018,-0.145911,-0.161927,-0.0154351,-0.0342649,0.420201,0.0164246,0.489781,0.00870746,0.651335,-0.00772822,-0.0159892,-0.232724,0.00752596,-0.0145689],[0.276792,0.282736,0.178314,-0.0336764,1.47755,0.281017,0.195118,-0.0151652,-0.0152022,0.00362139,-0.00557483,0.0385687,0.127755,-0.0540264,-1.85757,0.00520738,-0.0224291,0.557691,0.0745751,-0.435127,0.54639,0.324665,0.238279,-0.0414461,-0.155909,0.0401488,-0.05618],[-0.0241171,0.019332,-0.0573304,-0.00555357,-0.20547,-0.0701331,-0.0468224,0.00146944,-0.0272148,-0.0105928,-0.0144494,-0.0111403,-0.0194405,0.0451058,-0.715911,-0.0177733,-0.00251589,-0.278733,-0.00897191,0.0231172,-0.0302887,-0.227963,-0.0216064,-0.0120348,-0.0697577,-0.0765438,-0.0161991],[0.0188908,0.0158104,0.186846,-0.0721618,-0.0225743,0.0190853,0.0421436,-0.00103932,-0.00150572,-0.0122698,-0.0111837,-0.0153858,0.0267211,0.178351,0.785068,-0.0139939,-0.0130166,-0.028881,0.0163815,0.00346357,-0.00545844,-0.207082,0.918751,-0.0173372,0.0271524,0.0155537,0.00160761],[0.171781,0.229068,0.285346,0.309319,0.114866,0.354389,-0.0080679,-0.0270702,-0.170881,0.0598339,0.00510132,0.0623714,0.323065,0.370432,-0.299586,0.0164659,0.0284453,-0.340628,0.344789,0.12112,-0.103967,-0.143425,0.606763,0.987739,0.0568047,-0.21636,-0.0633587],[0.129816,0.228133,0.132354,0.0695026,0.120209,0.0368723,-0.00658209,-0.0123921,0.0176725,-0.00884342,-0.00913223,0.00355522,-0.0448922,-0.0416905,0.540852,0.0132966,-0.00105032,0.209035,-0.00684617,-0.0527636,-0.00346477,0.082675,-0.000552337,0.002915,0.639728,0.0103111,-0.00975959],[0.0575674,0.129469,-0.0645674,-0.00883761,0.212411,0.242836,-0.122752,-0.0122599,0.0929891,0.0337376,0.026485,0.0257763,-0.043791,0.221611,0.8403,0.0322189,0.0340211,-0.0828299,-0.0152001,0.0299052,0.00177104,0.0259704,-0.0520002,0.0137877,0.102932,0.149126,0.033326],[-0.112503,-0.352837,-0.627852,0.71781,-0.575343,-0.0291873,0.00819815,-0.0204002,-0.100539,-0.036635,-0.0463808,-0.142144,-0.322901,-0.315815,1.47787,-0.17381,-0.0432586,-1.60575,-0.0126786,0.0753277,0.0240923,-1.30506,0.979055,0.0482415,0.100086,0.0976897,0.757482],[-0.00460704,-0.00655503,-0.192636,0.0634581,0.1823,-0.259079,-0.0261134,0.0115946,-0.0423458,-0.010777,-0.0279799,0.00767015,-0.0606263,0.317216,-1.69273,-0.0124175,0.0357594,-0.567768,0.0119524,-0.0272735,-0.0502345,0.0623863,0.0323216,-0.0225177,-0.225053,-0.138836,-0.0202],[0.0285634,0.103301,-0.107859,0.0669346,0.0491209,-0.0372912,-0.00141153,0.00146767,-0.00536173,-0.00795951,-0.00940749,0.00199111,-0.00382098,0.0805177,-0.668227,0.00295428,0.0112907,-0.255139,0.00086394,-0.0278984,0.020473,0.00456166,-0.00996851,-0.0161323,-0.17031,0.0247167,0.00180952],[-0.00792793,-0.034049,0.232124,-0.0785433,-0.0966107,-0.0690631,0.000466731,0.000895514,-0.00245259,0.00305527,-0.00595357,-0.00862413,0.0378154,-0.00604699,-0.285098,-0.00326129,-0.000472372,-0.0540619,0.0029814,0.00205538,0.000344219,0.147805,0.0726883,-0.00347128,-0.0575131,-0.00418917,0.0165693],[0.021675,0.0451389,-0.00712474,0.165697,0.223713,-0.171412,0.0528279,0.0115019,-0.0372468,-0.00986972,0.00968917,-0.0400874,0.0839255,0.00407299,-0.48316,-0.0268656,-0.0299423,-0.0254587,0.0219969,-0.0102623,-0.0636994,0.128145,0.0997461,-0.0077968,0.0762328,-0.12005,0.0101732],[0.019218,0.0279951,0.0665518,0.00200729,0.0996569,-0.064357,0.019993,0.00027002,0.0133009,-0.00222328,-0.000794083,0.00107041,-0.0314464,-0.00306295,-0.0389768,0.00387744,0.00175289,0.0345436,-0.0100853,-0.00961629,0.0136516,0.0169719,-0.077108,-0.00335428,0.086511,-0.0257537,-0.0021785],[-0.0176869,-0.0356615,-0.105022,0.00221292,-0.151089,0.055012,-0.015526,0.00222908,-0.000429806,0.000371095,-0.000617359,-0.000523563,-0.0102112,0.0119321,-0.285476,-0.00495517,-0.00629339,0.0435692,-0.00217296,0.0108152,0.00911405,-0.0181236,0.0705727,0.00524052,-0.062236,-0.0242269,-0.00215117],[0.0227327,0.00834215,-0.0849999,-0.0724589,0.218257,0.135741,0.0175017,0.0142504,0.00835793,-0.0106514,-0.0114312,0.000456409,-0.0737315,0.0174838,0.743488,-0.000255667,0.00232887,-0.142132,0.014239,0.0476484,-0.047771,-0.0629968,-0.151711,-0.00358028,0.0831078,0.0348696,-0.00757062],[0.0189991,-0.0671959,0.0421662,-0.454013,0.0232819,0.157793,-0.176286,-0.0686475,0.0907313,-0.012158,0.0114217,0.0171007,0.176657,-1.53388,6.45295,-0.0136792,-0.111873,2.96452,-0.0582635,-0.110948,0.189609,0.954078,-0.497739,-0.0113994,-0.414004,-0.155271,0.0494588],[-0.0372354,0.0640334,0.0966811,-0.114091,0.115963,0.344884,0.0384,0.00177627,-0.00289461,-0.0509616,-0.0429683,-0.0499729,-0.116713,0.199716,-1.13178,-0.0215722,-0.03095,0.361602,0.0420958,0.00291369,0.0290781,0.120523,0.149541,-0.0464011,-0.154148,-0.264438,-0.0218309],[-0.00936898,0.135402,-0.382973,0.0586593,-0.624936,0.0699836,-0.0271922,0.0135929,0.103015,-0.0475563,-0.0640805,0.0461542,0.0891754,0.0401036,0.317915,0.0591832,0.042045,1.30647,-0.00228998,0.100064,0.0266617,0.527355,-0.0740721,0.0211129,0.139966,0.0344996,-0.0260268],[-0.0555724,0.13908,-0.887227,0.0225172,-0.744336,-0.193912,-0.055917,0.029005,0.077552,-0.11852,-0.116982,0.0246118,-0.229699,0.326635,-0.543079,0.0642202,0.00238455,0.791815,0.0221168,0.0621173,0.0661675,0.360046,0.0276416,-0.0598749,-0.147876,0.279876,-0.0812321],[-0.0640268,-0.0948496,0.0387674,0.0019626,0.273177,-0.0665079,-0.182232,0.0520928,-0.0834394,-0.139049,-0.118131,-0.128206,-0.224345,0.638143,-7.39246,-0.116825,-0.0831092,-1.53587,-0.17095,0.332891,-0.106648,0.243432,0.639617,-0.159571,0.0958001,-0.649619,-0.138581],[-0.00664341,-0.0225212,-0.0383952,0.0149061,0.0513338,-0.0975986,-0.071387,0.00255174,0.00929203,-0.011895,-0.018456,-0.00327111,-0.157814,0.278737,-0.323963,0.00293233,0.0123969,0.0483954,0.011313,-0.0322762,-0.00179225,0.150359,0.051368,-0.00755874,-0.0624607,0.0336148,0.0152235],[-0.0107647,-0.0195475,0.0316195,-0.0290462,-0.148072,-0.000183222,0.0174453,0.000333567,0.00886827,0.00181853,0.00723381,-0.00120886,0.0111372,-0.242572,0.1734,0.00023788,-0.00807466,0.206944,0.00108734,-0.000289753,-0.00218213,-0.107892,-0.00884357,0.00949658,-0.0320879,0.0245717,0.0042512],[-0.00462021,-0.00775331,-0.00802551,-0.0048935,-0.00490012,-0.0021902,0.00297245,0.000606238,-0.00103339,0.000351856,0.000128638,0.00195856,-0.00639886,0.00240411,-0.0366339,0.00134293,0.000480672,0.0152277,-0.000334688,0.00705882,-0.00309294,0.00398482,-0.01854,0.000497335,0.00906559,-0.00186125,-0.000692673],[0.137757,0.163815,-0.00508138,-0.134245,0.346146,0.0870618,0.129987,0.0591383,0.0585322,-0.0107963,-0.0208966,-0.017924,-0.32544,-0.302089,0.504118,-0.0423964,-0.0349188,0.0723935,0.126134,-0.171381,0.18112,1.0496,-0.00224715,-0.0599012,-0.0692568,0.143062,0.0812184],[0.27504,0.349799,0.0108776,0.178905,0.919191,0.03584,0.233689,0.0128006,0.0152146,0.13834,0.153731,0.0306076,0.265699,0.114531,3.1061,0.028828,0.0058199,1.5993,0.0620631,-0.156715,0.0872314,0.53621,-0.243283,0.161811,0.728638,0.0464375,0.116972],[0.000176171,-0.0077634,0.0482398,-0.00743413,0.0100989,-0.0245463,-0.0112687,-0.000931053,-0.00016648,-0.00522305,-0.00686442,-0.00696193,0.00907683,0.0343844,-0.0568822,-0.0104746,-0.0007974,-0.0885018,-0.00352289,-0.0061903,0.00119799,-0.00714543,0.028464,-0.00980762,-0.0342666,0.00702968,-0.00391821],[0.0592098,0.0905735,0.237844,0.545394,-0.182883,0.498548,0.14968,-0.0118082,-0.129417,-0.0519209,-0.0418811,-0.0557745,0.00598097,-0.758647,0.500083,-0.0799129,-0.0591228,0.040995,-0.197935,0.0097432,0.00552933,-0.993043,0.184059,-0.0105486,0.511297,-0.518699,-0.0677575],[-0.111363,-0.153676,-0.0757805,-0.172457,-0.201411,0.12615,-0.0667661,0.00548476,0.045153,-0.0282332,-0.0264163,-0.0167548,-0.0615814,0.184343,-0.374554,-0.0140674,0.0060421,-0.39466,0.05437,0.0334282,0.0374738,-0.0673914,0.0590988,-0.012525,0.0609215,0.0282649,-0.00132377],[-0.0582803,0.024349,-0.117782,0.103866,-0.585185,0.0346037,-0.0225799,0.00165025,0.0234852,0.026636,0.0250644,0.0476998,0.123821,-0.379101,0.822156,0.0388122,0.0293549,0.0685434,-0.0188345,-0.00986829,0.0552041,-0.49763,-0.259783,0.0422322,0.110046,0.0924388,0.00830063],[-0.010803,-0.0288987,-0.0395686,-0.00241838,0.0203263,0.0697655,-0.017841,-0.00121611,-0.00432534,-0.00931007,-0.00952098,-0.000482145,-0.0186068,0.00973472,0.240022,-0.000101258,0.00823588,-0.104667,-0.00303135,0.0310521,-0.00448122,0.102421,0.0059726,-0.00495716,-0.0145575,-0.00101654,-0.00611858],[-0.0168098,-0.0300843,-0.176957,0.0347194,-0.0596513,-0.134194,-0.00244481,0.00674407,0.0212064,0.0160641,0.0142349,0.00943595,-0.0541228,-0.243717,-0.312548,0.00660618,0.0081954,-0.126066,-0.0116403,-0.00266682,0.0234942,0.315381,0.0182595,0.0174085,-0.0485452,0.0264468,0.0202031],[-0.0295097,-0.146486,-0.409334,0.0388597,0.127637,-0.415536,0.167479,0.0256807,-0.0811644,0.0245786,0.0344215,0.0354025,0.275329,-0.93999,6.52849,0.052075,0.0361561,0.821655,0.0614627,0.177928,-0.0807315,-1.52129,-0.484019,-0.00497236,0.536282,0.207909,0.0219276],[-0.00431093,0.0502295,-0.0131303,-0.0319215,-0.0211077,0.0440047,-0.00216781,-0.00582219,-0.0199933,-0.00976925,-0.0101426,-0.0156641,-0.0691913,0.104466,-1.14581,-0.0146318,0.00599332,-0.35409,0.00775225,-0.0795671,-0.00044315,-0.0493902,-0.0534753,-0.0173205,-0.185658,-0.130351,-0.0148237],[-0.0198665,0.00567721,-0.0933853,0.0207505,0.0880577,0.0282047,0.00111619,0.00828372,0.0307255,0.0252127,0.0198386,0.0247075,-0.0102795,0.0858159,0.0918934,0.018371,0.0155203,-0.0566467,-0.0132643,0.0490343,0.0280528,-0.0340469,-0.0372994,0.0247034,0.0198628,0.199651,0.00560417],[0.0574048,0.260549,0.948241,-0.262552,-0.544246,-0.218043,0.0126521,-0.0320242,-0.00390339,-0.0951664,-0.0996784,0.0194188,0.187634,0.360502,-3.22069,0.000587851,0.0685527,-1.11275,0.0440012,0.041198,-0.0496946,0.00492843,-0.775469,-0.0342301,0.215984,-0.000427306,-0.018311],[0.0286822,0.0718655,-0.0142284,-0.0762619,-0.207812,-0.0858386,-0.0317858,0.00448135,-0.0165788,-0.0133404,-0.0112898,-0.0115965,-0.074821,0.165061,-0.551369,-0.00619336,0.00131391,-0.288283,0.0305507,-0.0390427,0.00124329,0.249797,-0.0569892,-0.00476436,-0.0969446,-0.125158,-0.00680402],[0.00839246,0.057067,-0.0408846,-0.0185752,-0.100338,-0.0824066,-0.000357712,0.00595037,-0.00693733,-0.00439063,-0.00785024,-0.00228344,-0.0341679,-0.0115537,-0.0124212,0.00479707,0.0109748,-0.189611,0.00788356,-0.00787995,0.00348914,0.136253,-0.0165114,-0.00259201,-0.0882041,-0.037935,-0.00477017],[-0.0191768,-0.00749086,0.0985562,-0.00277417,-0.0174641,0.0716799,0.0053719,0.0023121,0.00368309,-0.0022156,0.00352243,-0.00107304,0.000935559,-0.0539934,-0.324299,-0.00301098,-0.000502417,-0.107743,-0.00623057,0.00643364,0.000581847,0.0475317,-0.036522,-0.00530653,-0.00625135,-0.0246313,-0.00282662],[-0.0256542,-0.0084654,0.149265,0.0571364,0.0443487,0.0144172,0.0282727,0.00121453,0.0162394,0.00345854,-0.000648723,0.0115513,-0.104598,-0.0655866,0.181462,0.00255911,0.00671651,0.144534,0.033888,-0.0513258,0.0268424,0.0070055,-0.0459369,0.0122052,-0.101161,-0.0386997,-0.0121711],[0.0217202,0.0312423,0.0120902,0.0480148,0.141974,0.0699423,-0.0248445,-0.00669059,-0.00631791,0.000272189,0.00144932,-0.00178101,0.0150876,0.000777811,0.104015,-0.00200736,-0.00584064,0.0366752,0.00222884,-0.000890406,0.00246553,-0.0735867,-0.0593413,-0.000625108,0.0570348,0.00979745,0.00190514],[0.0119613,0.0140126,-0.0349594,-0.00799324,0.0641168,0.142765,-0.0205812,-0.00247076,-0.0105325,0.00286032,0.0040447,-0.00293554,0.0334164,-0.0715618,-0.223627,-0.00282702,-0.00585743,0.113893,-0.0045277,-0.0171204,-0.0085992,0.00538053,-0.0669476,-0.00148094,-0.0365023,-0.034793,0.00240163],[0.02086,5.71397e-05,0.0984251,-0.0161357,-0.0214682,0.164178,-0.00776534,-0.00481994,0.0232394,0.00174956,0.00751061,-0.0112157,-0.038397,-0.107027,1.07432,-0.0057879,-0.0213027,0.424244,0.00231636,0.0350629,0.0172746,-0.139146,0.107032,0.0145173,0.185889,0.0651121,0.00789198],[0.180812,0.381795,0.394224,-0.288186,0.20558,0.0205339,-0.116568,-0.0307922,-0.0564659,0.0210514,0.00766379,0.0483334,0.162317,1.15796,-2.83821,0.0284856,0.0406798,-0.747123,-0.0683859,-0.49356,0.0104137,-0.971921,-0.682649,-0.0331214,-0.25748,0.177078,0.0201733],[0.0571276,0.0465863,0.0298187,0.0808733,0.0816218,0.100296,-0.0502724,-0.0241667,-0.073552,-0.023511,-0.0126324,-0.0267702,0.0350232,-0.171417,-0.0732926,-0.0217458,-0.0213883,0.266518,0.0509059,0.0200506,-0.0718574,-0.355039,0.0225452,-0.0307878,-0.00639097,-0.165325,-0.00124082],[-0.0225382,-0.182588,-0.0720681,-0.0623065,0.713136,0.500313,0.249217,0.0198417,0.0965889,0.00730223,0.0124789,0.087661,-0.00621764,-0.286678,3.47783,0.0979478,-0.0136144,1.18041,-0.00874349,0.122823,0.0553227,0.621293,-0.166021,0.0194222,0.415973,0.152456,-0.0457761],[0.020544,-0.00440542,-0.0871062,0.0248314,0.533796,0.0561897,0.00683269,0.00731993,0.0201706,-0.0479645,-0.0506511,0.0137253,0.0238997,0.00680415,0.398525,0.0297919,0.0273508,-0.0429437,0.00594501,-0.0163249,0.0186834,0.08838,0.148985,-0.0286098,0.151032,0.0736775,-0.0919646],[-0.181097,-0.216274,-0.533384,0.130422,0.487035,0.35091,0.0558749,0.000414179,0.0108947,0.00580941,0.0182191,-0.0166051,0.184866,0.261617,-0.882582,-0.004686,-0.0328702,0.795155,-0.120965,0.207078,-0.0858273,-1.03152,0.0911107,-0.00875339,0.151782,0.0958234,0.0164892],[-0.0470915,-0.0804885,-0.0935597,0.0140137,0.00615892,-0.0238609,-0.0304277,0.00830707,-0.00852025,-0.00636228,-0.00827118,-0.00309888,-0.0729893,0.0835509,0.214409,0.00290207,0.00546606,-0.116072,0.00191082,-0.00408975,-0.0293583,-0.0308777,0.0571684,-0.00931698,-0.0493199,-0.0585878,-0.00922917],[-0.0129174,-0.0131143,-0.00570472,-0.0151039,-0.0324608,-0.0849393,-0.013664,-0.00131951,0.00536205,-0.00248082,-0.00244533,0.00201939,0.0311399,0.0263792,0.102974,-0.00118034,-0.00543615,0.0155664,-0.00941838,0.00256665,-0.00653434,0.0151473,-0.00172481,0.000641229,-0.0446939,0.0159974,-0.0034799],[0.00335088,0.0120961,0.00475626,-0.00160184,-0.0101798,-0.00249797,0.00106385,-0.000652356,-0.0021968,0.000626844,0.00139236,0.000772738,0.00971553,-0.0222499,-0.0421383,-4.77432e-05,-0.00140945,0.0304059,0.00245693,-0.0057038,-0.002461,-0.0041912,-0.0134589,0.00134825,-0.0089202,-0.00734868,0.00025227],[-0.0458088,-0.0317424,0.24171,-0.161118,-0.0884718,-0.0994196,0.0713965,-0.00520821,-0.00532487,0.085679,0.0684485,0.0255353,0.0147045,-0.308215,4.84852,0.0266985,-0.011844,0.412274,0.111367,-0.129898,-0.0563365,-0.64131,-0.458248,0.0723472,-0.564953,0.289788,0.0535585],[-0.099529,-0.219576,0.205323,-0.176536,-0.300957,-0.107162,0.101191,-0.00512158,-0.00419139,-0.0230231,-0.0337773,0.0349699,0.029866,1.2752,-0.966505,0.0311371,0.024518,-0.489924,0.0570245,0.067806,0.0165159,1.32718,0.360476,-0.0157754,-0.460765,0.0781842,-0.0442335],[0.00696251,0.0204724,0.0247021,-0.00158879,-0.0237228,-0.0130282,-0.0145384,9.09729e-05,0.00191775,0.000751821,0.000883464,-0.00392347,0.000665901,0.0183425,0.000549705,0.000812272,-4.26124e-05,-0.0137603,-0.00276526,-0.0184612,0.00290723,-0.0232117,0.00431515,0.000266185,-0.00551963,0.00906737,0.000471514],[0.00999173,0.124038,-0.16849,0.0497765,-0.217512,-0.394439,0.0421113,0.0183655,0.0467672,-0.0279269,-0.0211985,-0.0245353,-0.392705,0.169947,-1.53252,-0.0371034,-0.0163753,-0.363529,-0.164475,-0.112134,-0.029162,0.371494,-0.0284147,-0.0580787,-0.148411,-0.295563,-0.00754577],[-0.0774747,-0.146457,-0.0528745,-0.093901,0.0268698,-0.0402701,-0.0144644,0.00404232,0.0424587,0.00271718,-0.00272293,0.0130782,0.0374472,-0.0679277,0.200568,0.0107706,0.00771249,0.08227,0.0119865,-0.0222549,0.0171099,-0.292877,-0.0479503,0.00863294,0.0461065,0.128545,-0.00417093],[-0.0288509,-0.0593515,0.00384234,0.00734796,-0.286193,-0.193838,0.0140272,0.00991547,0.0154673,0.0127149,0.010596,0.00430862,-0.0505245,-0.431125,1.17293,0.00329756,0.00258895,-0.0037035,-0.0215794,-0.0281175,0.0104811,-0.0756666,-0.0930572,0.0301858,-0.0955998,0.118687,-0.000491628],[0.00669501,0.00619165,0.0253152,0.00579905,-0.0326354,0.0449132,0.00798167,-0.00161771,-0.00134023,0.00187123,0.0010403,0.00163495,-0.00799297,-0.0132523,0.351516,0.00381335,0.00219654,0.147142,0.00445161,0.0132392,-0.0080582,-0.0593077,-0.0288852,0.0040771,0.0189014,0.0248457,0.00168368],[-0.00295224,0.0129924,-0.0123921,0.0336151,0.0815671,0.11095,-0.040381,-0.00541325,-0.0178311,-0.00362164,-0.00272914,0.00704877,0.027085,0.0616547,-0.403811,0.00829016,0.00489042,0.173331,-0.00401048,0.00293747,-0.0183725,-0.0955509,0.0557944,0.000493436,0.0231622,-0.0346253,-0.0211043],[0.135562,0.159097,0.481584,-0.0952552,0.278804,0.546386,0.202793,-0.0259436,-0.0502684,-0.00420744,0.00816592,0.00924819,0.206825,-0.420911,-0.523166,0.00812025,-0.0404293,0.496633,0.0578867,-0.217572,-0.111409,-0.0384999,-0.304499,-0.0652803,-0.451516,-0.458616,0.000781119],[0.0100301,0.0401608,-0.0478213,-0.0197667,0.0407299,0.0293659,-0.0183911,-0.00337195,0.00215457,0.00587868,0.0027382,0.00106355,-0.0385471,0.0516196,-0.120789,0.0015928,0.00373649,-0.207996,0.0163325,-0.0664723,0.00737203,0.0928202,-0.0126621,-0.000290256,-0.140923,-0.0321646,-0.00548325],[0.0246322,0.017241,0.0502269,0.0470921,-0.0461797,-0.0431964,0.00457434,0.00320564,0.0320125,0.00846602,0.00674315,0.0137654,-0.0375055,0.0207988,0.0113207,0.00344987,0.00535476,-0.0395815,-0.0273025,-0.0230182,0.0100192,0.104442,-0.086414,0.0127947,-0.123378,-0.00293431,0.00116131],[-0.0430704,0.0470979,-0.542509,-0.0624251,-0.125342,-0.248358,-0.128731,0.0305412,0.00768906,-0.0129973,-0.0529268,-0.0211742,-0.271045,0.0850712,-3.03933,-0.05013,0.012556,-1.43009,-0.0239169,-0.0605123,0.0646605,0.313285,0.0443676,-0.0598641,-0.498432,-0.126085,-0.0998914]],"sigmahat":[[0.273105,0.376311,0.22416,0.0910209,0.447445,0.336,0.0137176,-0.0292324,-0.0228916,0.0115996,0.0186264,0.00823272,0.0726356,-0.06267,0.410122,0.00823098,-0.0134758,0.36741,0.0248769,-0.169557,-0.00885051,0.210708,-0.0996531,-0.00799225,-0.104019,-0.0411019,-0.000291913],[0.376311,0.873348,0.16388,0.0839399,0.387043,0.513639,-0.102352,-0.052966,-0.0391798,-0.0071395,0.014073,-0.00126478,0.117489,0.159382,-1.03228,0.000513845,-0.0230702,-0.00035973,0.0536084,-0.355191,0.00928398,0.392847,-0.134837,-0.0322529,-0.651477,-0.11522,-0.0181025],[0.22416,0.16388,3.03981,0.0735287,0.0474115,0.494076,0.282443,-0.0233829,6.19806e-05,0.0160047,0.0174588,-0.046305,0.44755,-0.1444,1.08357,-0.0445943,-0.0397497,-0.0324519,0.0318536,-0.0548732,-0.0448473,0.0976462,0.076996,-0.0113546,0.200157,-0.0287512,0.0220561],[0.0910209,0.0839399,0.0735287,0.611145,0.150592,-0.107572,-0.0336205,-0.0164791,-0.0314281,0.00177026,-0.00423854,0.00656478,-0.0385625,-0.210157,-0.0236584,-0.0176132,-0.00189324,0.18114,-0.037026,0.0359136,-0.00465172,0.0176939,0.11043,-0.0107923,0.180922,-0.0746358,-0.028983],[0.447445,0.387043,0.0474115,0.150592,5.73437,1.76177,0.378102,-0.0355308,0.0380338,0.0632438,0.0646529,0.0770373,0.269269,0.142588,6.17597,0.0956075,0.0319638,1.38913,0.128893,-0.248208,0.0195822,0.953557,-0.417791,0.000434162,0.319071,0.342561,0.0610138],[0.336,0.513639,0.494076,-0.107572,1.76177,4.65928,0.297063,-0.0529886,-0.0884959,0.0437813,0.0520745,-0.018207,0.566151,0.389866,0.656787,0.0287426,0.0252631,0.0668423,0.0607341,-0.303606,-0.0109356,-0.250424,-0.203654,-0.00293924,-0.223677,-0.0929852,0.048391],[0.0137176,-0.102352,0.282443,-0.0336205,0.378102,0.297063,0.552058,0.0107784,-0.00765841,0.035585,0.0339992,-0.00140631,0.124338,-0.543294,1.29396,-0.00909009,-0.00806276,0.0698303,0.002353,-0.00158761,-0.0343957,-0.0906812,-0.033535,0.0315286,0.27973,0.0407728,0.0313969],[-0.0292324,-0.052966,-0.0233829,-0.0164791,-0.0355308,-0.0529886,0.0107784,0.0118258,0.00905222,-0.000171258,-0.00159158,-0.000669089,-0.0291062,0.0250564,0.0168428,0.000444414,0.00343964,-0.0687892,-0.00354183,0.0339494,0.00662192,0.0352748,0.0138093,0.00192987,0.0417327,0.0198386,0.00199759],[-0.0228916,-0.0391798,6.19806e-05,-0.0314281,0.0380338,-0.0884959,-0.00765841,0.00905222,0.0867402,0.0124972,0.0125721,0.0235103,-0.0672549,-0.0781791,1.14573,0.0245714,0.00590914,0.255384,-0.0109464,0.0442714,0.0583831,0.258323,-0.089709,0.00897282,0.099451,0.158262,0.0131207],[0.0115996,-0.0071395,0.0160047,0.00177026,0.0632438,0.0437813,0.035585,-0.000171258,0.0124972,0.0430763,0.0337214,0.0231926,0.0691379,-0.163521,0.859387,0.0190479,0.00273931,0.278875,-0.00477244,0.000565588,0.00624306,-0.033301,-0.0710279,0.0218469,0.0785362,0.0545937,0.0215597],[0.0186264,0.014073,0.0174588,-0.00423854,0.0646529,0.0520745,0.0339992,-0.00159158,0.0125721,0.0337214,0.0364961,0.0191556,0.0701282,-0.196437,0.95625,0.0163258,-0.00782365,0.361261,-0.00326554,0.00119421,0.00201422,-0.0233798,-0.0766367,0.0213586,0.0834957,0.0628192,0.0183193],[0.00823272,-0.00126478,-0.046305,0.00656478,0.0770373,-0.018207,-0.00140631,-0.000669089,0.0235103,0.0231926,0.0191556,0.0457303,0.048101,-0.0919786,0.952686,0.0416563,0.0207323,0.280812,-0.00259817,0.00919416,0.00612003,0.0626514,-0.128105,0.0130543,0.0701117,0.0820787,0.010351],[0.0726356,0.117489,0.44755,-0.0385625,0.269269,0.566151,0.124338,-0.0291062,-0.0672549,0.0691379,0.0701282,0.048101,1.1312,-0.183466,0.899924,0.0328403,0.000884384,0.298623,-0.00198936,-0.0136085,-0.0982917,-0.591412,-0.0949688,0.0449661,0.0383346,0.162397,0.0604117],[-0.06267,0.159382,-0.1444,-0.210157,0.142588,0.389866,-0.543294,0.0250564,-0.0781791,-0.163521,-0.196437,-0.0919786,-0.183466,5.56724,-10.9413,0.0052158,0.210134,-4.23032,0.00544554,-0.257724,0.0141912,1.02869,0.961844,-0.143567,-0.773634,-0.411162,-0.0650893],[0.410122,-1.03228,1.08357,-0.0236584,6.17597,0.656787,1.29396,0.0168428,1.14573,0.859387,0.95625,0.952686,0.899924,-10.9413,104.657,1.08814,-0.16759,21.5264,-0.0998716,0.834483,0.444681,2.73261,-4.94454,0.7974,5.01093,5.95556,0.61161],[0.00823098,0.000513845,-0.0445943,-0.0176132,0.0956075,0.0287426,-0.00909009,0.000444414,0.0245714,0.0190479,0.0163258,0.0416563,0.0328403,0.0052158,1.08814,0.0584959,0.0284881,0.317031,-0.00749457,0.0117306,0.00613923,0.0397246,-0.13642,0.016319,0.147183,0.0905133,0.0110846],[-0.0134758,-0.0230702,-0.0397497,-0.00189324,0.0319638,0.0252631,-0.00806276,0.00343964,0.00590914,0.00273931,-0.00782365,0.0207323,0.000884384,0.210134,-0.16759,0.0284881,0.0540702,-0.386677,-0.00250712,-0.00255836,0.0154128,0.0270372,-0.0376158,0.000153209,0.047653,0.0283981,0.00277688],[0.36741,-0.00035973,-0.0324519,0.18114,1.38913,0.0668423,0.0698303,-0.0687892,0.255384,0.278875,0.361261,0.280812,0.298623,-4.23032,21.5264,0.317031,-0.386677,16.4685,-0.00729035,0.282121,-0.0276336,-0.650944,-1.42123,0.296624,2.42023,1.07219,0.178587],[0.0248769,0.0536084,0.0318536,-0.037026,0.128893,0.0607341,0.002353,-0.00354183,-0.0109464,-0.00477244,-0.00326554,-0.00259817,-0.00198936,0.00544554,-0.0998716,-0.00749457,-0.00250712,-0.00729035,0.0978,-0.0294968,-0.000931289,0.101589,0.0653937,0.000445326,-0.116605,-0.0296909,-0.000353033],[-0.169557,-0.355191,-0.0548732,0.0359136,-0.248208,-0.303606,-0.00158761,0.0339494,0.0442714,0.000565588,0.00119421,0.00919416,-0.0136085,-0.257724,0.834483,0.0117306,-0.00255836,0.282121,-0.0294968,0.513407,0.0126255,-0.260648,0.0261152,0.0250689,0.601751,0.168447,2.87292e-05],[-0.00885051,0.00928398,-0.0448473,-0.00465172,0.0195822,-0.0109356,-0.0343957,0.00662192,0.0583831,0.00624306,0.00201422,0.00612003,-0.0982917,0.0141912,0.444681,0.00613923,0.0154128,-0.0276336,-0.000931289,0.0126255,0.153871,0.253522,-0.0503117,-0.000842331,0.0069856,0.150552,0.0119829],[0.210708,0.392847,0.0976462,0.0176939,0.953557,-0.250424,-0.0906812,0.0352748,0.258323,-0.033301,-0.0233798,0.0626514,-0.591412,1.02869,2.73261,0.0397246,0.0270372,-0.650944,0.101589,-0.260648,0.253522,6.96046,0.539531,-0.0594639,-1.43812,0.183208,0.0112328],[-0.0996531,-0.134837,0.076996,0.11043,-0.417791,-0.203654,-0.033535,0.0138093,-0.089709,-0.0710279,-0.0766367,-0.128105,-0.0949688,0.961844,-4.94454,-0.13642,-0.0376158,-1.42123,0.0653937,0.0261152,-0.0503117,0.539531,2.16401,-0.0368812,-0.424194,-0.365197,-0.0411423],[-0.00799225,-0.0322529,-0.0113546,-0.0107923,0.000434162,-0.00293924,0.0315286,0.00192987,0.00897282,0.0218469,0.0213586,0.0130543,0.0449661,-0.143567,0.7974,0.016319,0.000153209,0.296624,0.000445326,0.0250689,-0.000842331,-0.0594639,-0.0368812,0.0338414,0.123195,0.0637956,0.0139471],[-0.104019,-0.651477,0.200157,0.180922,0.319071,-0.223677,0.27973,0.0417327,0.099451,0.0785362,0.0834957,0.0701117,0.0383346,-0.773634,5.01093,0.147183,0.047653,2.42023,-0.116605,0.601751,0.0069856,-1.43812,-0.424194,0.123195,3.48575,0.460546,0.0681029],[-0.0411019,-0.11522,-0.0287512,-0.0746358,0.342561,-0.0929852,0.0407728,0.0198386,0.158262,0.0545937,0.0628192,0.0820787,0.162397,-0.411162,5.95556,0.0905133,0.0283981,1.07219,-0.0296909,0.168447,0.150552,0.183208,-0.365197,0.0637956,0.460546,1.28597,0.0486631],[-0.000291913,-0.0181025,0.0220561,-0.028983,0.0610138,0.048391,0.0313969,0.00199759,0.0131207,0.0215597,0.0183193,0.010351,0.0604117,-0.0650893,0.61161,0.0110846,0.00277688,0.178587,-0.000353033,2.87292e-05,0.0119829,0.0112328,-0.0411423,0.0139471,0.0681029,0.0486631,0.0487362]],"n":27,"lags":3,"seasonalRows":3}