{"betahat":[[0.00779725,0.00339232,0.0283931,0.0205291,0.0123854,-0.0308033,0.0207596,-0.026021,0.0390319,0.00340847,0.0033545,-0.007751,0.977772,0.211089,0.979634,-0.00520719,-0.00601743,1.10269,0.0678942,0.0102952,0.009321,0.35265,1.63733,-0.00480137,-0.161177,-0.0579376,-0.014964],[0.102342,0.106285,0.134745,-0.023243,0.188348,0.264558,0.0321497,-0.00445172,0.0259322,0.021835,0.0191387,0.00178979,-0.152563,-0.049469,0.918827,-0.00291714,-0.0100908,-0.383556,-0.00257758,-0.0668983,0.0145554,-0.215365,-0.0767736,0.0115651,-0.291857,0.0739227,0.00653937],[0.0147509,0.0210994,0.0365222,-0.0532258,0.0328643,0.0775995,-0.00616927,-0.00227323,0.0160796,0.0052932,0.00611828,0.00112384,-0.000114757,-0.0191808,0.385519,-0.00655004,-0.011275,0.116372,0.00683161,-0.0213192,-0.00828289,-0.176883,-0.0493799,0.00440239,-0.0325455,-0.0113568,0.00623853],[0.0540087,0.0773649,0.0431391,0.032257,0.118269,0.0490305,-0.00946782,-0.00152397,0.000450538,0.00424625,0.00457019,-0.00159607,-0.0953621,0.159695,0.634453,-0.00168645,0.00170075,-0.0845713,-0.0091797,-0.0419938,0.0195385,-0.117615,-0.0288325,0.00516793,-0.0463777,0.0672548,-0.0172472],[0.0548577,0.0645,-0.0323665,0.0239325,-0.175434,0.0975782,-0.0780353,-0.0203831,-0.0575155,-0.00784316,-0.0201223,0.00935713,-0.0716686,0.0169718,-0.00791548,0.0149927,0.0233294,-0.521399,0.0173158,0.0132878,-0.00214662,-0.24729,0.0583186,-0.00465854,-0.209194,0.129068,-0.0277749],[-0.00953651,-0.0179051,-0.0282841,-0.0276963,0.0505634,0.0285135,0.0217037,0.00548136,0.00913546,0.00484567,0.00273748,0.0019759,-0.00235765,0.0256134,-0.0806301,-0.000720021,0.00295807,-0.118826,-0.00671969,-0.0044535,-0.00533265,0.00590733,0.0490584,0.000368856,-0.114176,-0.018013,0.00124694],[0.019556,0.0289272,0.0946711,-0.00129767,0.100515,0.0837456,0.02278,0.00125694,0.00952227,0.00531075,0.00438796,0.00272815,-0.0289536,0.102177,0.474388,0.00572415,0.00778378,-0.126764,0.00625573,-0.0155536,0.00421561,0.0403914,0.00933256,0.00240678,0.0253244,0.0428314,0.00192295],[-0.0444664,-0.0906359,-0.0233889,0.0463037,-0.152461,-0.287968,0.254776,-0.0150849,0.00566874,0.00798805,0.0044326,0.00226179,0.093904,-0.21772,-1.80993,-0.0159016,0.00307553,-0.424529,-0.0160032,0.0560985,0.021561,0.155551,0.0185724,-0.00203199,-0.187195,-0.0118671,-0.0254401],[-0.0894394,-0.116908,-0.141293,0.0147362,0.094888,-0.022269,0.0351563,0.712186,0.0499906,0.0184533,0.00419532,-0.000651985,-3.53352,-0.947849,6.99347,0.0261589,0.0472851,-3.88989,0.079922,0.626155,0.0119513,0.879089,0.705567,0.00678537,-0.279099,-0.223332,-0.0146316],[-0.153576,-0.258601,-0.21667,0.0259958,0.0982121,-0.524383,0.0526323,0.0579525,0.0787828,0.0513156,0.0328915,0.0288572,0.048359,-0.171074,-0.368007,-0.0106737,0.0220798,-1.80376,-0.0676633,0.0574253,-0.16605,-0.810088,0.217073,0.0499709,-0.413958,-0.66513,-0.00222273],[0.0283987,0.038868,0.193229,-0.0127449,-0.0261915,-0.0371658,-0.0883323,-0.00404044,-0.0225127,0.0734873,0.0711603,-0.0138946,-0.136937,0.166022,-0.368833,-0.0229316,0.00722528,-0.419929,-0.00813905,-0.0615453,0.00309537,-0.218094,0.212517,0.0438626,-0.332977,-0.229662,0.0801963],[0.0249567,0.0263142,0.274988,0.0038142,-0.127357,-0.0490899,-0.0340862,-0.00938718,-0.0107363,0.0748432,0.0824049,-0.0151229,-0.0915679,0.0801214,-0.708299,-0.0254117,-0.00621012,0.289177,0.0137696,-0.021822,0.0288324,-0.128919,0.241188,0.0651418,-0.240759,-0.245313,0.0749372],[0.0868392,0.0900167,0.111786,0.00477221,0.0445726,0.111443,-0.0477809,-0.0167101,0.0158577,0.0701617,0.0607493,0.0603261,0.147734,-0.248459,1.49647,0.055733,0.0374364,-0.172898,0.0154934,-0.02961,0.0274818,0.277438,-0.393483,0.0512697,0.0199196,-0.142658,0.108827],[0.000661405,-0.000763262,0.0116592,-0.00118685,-0.0146139,0.00351867,0.00767337,-0.00515824,0.000226978,0.00453052,0.00503371,0.000345799,0.399028,-0.247921,0.407901,-0.00113656,-0.00333154,-0.0902979,0.0054527,0.0273044,0.00102652,-0.00554463,0.115005,0.00338926,0.0225214,0.00342639,-0.00204647],[0.000310828,0.00149244,-0.00168194,0.000218767,0.0137692,0.00598871,-0.00437962,-0.000614509,-0.00135634,-0.00187233,-0.00177792,-0.000149009,-0.0716571,0.291554,-0.278884,0.000556839,0.00135788,-0.0132938,-0.00312117,-0.00512186,0.000114079,-0.000226882,0.080319,-0.00190969,0.000639932,0.00126581,-0.00134026],[0.00119917,0.000620334,0.00175105,0.000667259,0.00359378,0.00268711,-5.51352e-06,2.01827e-06,0.000734852,0.00076043,0.000637698,0.000384674,0.00120074,-0.00776732,0.13528,0.000678202,0.000379212,0.0161098,0.000494374,0.000438601,0.000609771,0.00200524,0.0079632,0.000428056,-0.00102043,0.00155619,0.00153451],[0.0988185,0.156483,-0.0157065,0.0568919,0.128597,0.163538,-0.0921713,-0.0152924,-0.0133996,0.0377286,0.0332333,0.0413266,0.0743327,-0.0455586,1.35803,0.0602856,0.0416557,0.285372,0.0483786,-0.0834868,0.0271025,0.366209,-0.188782,0.0327541,0.0377808,-0.0869773,0.0714764],[0.0168406,0.0991798,-0.0250017,0.00209247,-0.00305968,0.0701429,-0.172448,0.00792423,-0.0253996,-0.0110176,-0.0201502,0.0129018,-0.124925,0.313978,-0.481116,0.0235699,0.0525459,-1.20846,0.0222831,-0.0667862,-0.0150812,0.0990622,-0.0779535,-0.0222465,-0.152305,-0.11718,0.0250732],[0.00148769,0.00106412,0.00119497,0.000596057,0.00253118,0.00429766,0.00198229,-0.00153146,-0.000491489,0.0013395,0.00157616,0.000961268,-0.00788577,-0.00756417,0.116349,0.00112124,-0.000707676,0.443004,-0.000772056,-0.00608569,-7.21795e-05,-0.016366,0.0548863,0.0013574,0.0122413,-0.00329045,0.00372072],[-0.070851,-0.0853473,-0.224171,-0.159465,0.100505,0.0710587,-0.0810473,0.0222453,-0.0125566,-0.025043,-0.0230495,0.0168204,1.44791,-0.953507,3.43001,0.0431334,0.0345599,-1.67054,0.592418,0.0808853,-0.0272519,-0.0360521,0.235025,-0.00392036,0.179038,-0.00234908,0.0907507],[0.0376824,0.0661787,0.0241518,0.0723491,0.0340107,-0.0170488,0.00532332,0.0334814,-0.0421596,-0.00925121,-0.00527838,-0.00358103,0.430267,-0.310514,0.320049,-0.0067852,-0.00773565,-0.342032,0.039407,0.447391,-0.000260771,0.320311,0.223086,-0.00804346,0.0332251,0.0254143,-0.0122925],[0.0374294,0.0513172,0.031928,-0.0193652,0.180142,0.0581005,0.000392968,-0.00172977,-0.0297631,-0.00128896,-0.000384158,-0.00560172,0.00888842,0.0977927,-0.423453,-0.0062749,-0.00386266,0.182562,0.00604548,-0.060971,-0.0642993,-0.389909,0.0380742,-0.00745594,-0.0170986,-0.120993,-0.0221439],[-0.00595943,0.00509912,-0.0123313,-0.000485049,-0.0549269,-0.0338327,-0.00253645,0.00336844,-0.00827388,-0.00348444,-0.00283752,-0.00178019,0.00298392,0.0683849,-0.313832,-0.00363076,-0.00315239,-0.185449,0.00253677,0.0152839,-0.0197724,-0.15758,0.0166349,-0.00373986,-0.00298634,-0.0466601,-0.0037942],[-0.00437336,-0.00526203,-0.0020963,-0.00248771,-0.00856838,-0.00783269,0.00174829,0.00190069,0.00082749,-0.00241859,-0.00251988,-0.00178556,0.0924752,0.276942,0.488556,-0.00197667,0.000437514,0.378142,-0.00188302,0.0145766,-0.00132665,0.00829923,0.503495,-0.000975206,-0.0315577,0.00786081,-0.0073284],[0.106865,0.163479,0.193746,0.080263,0.0608123,0.0794973,-0.0540828,-0.0179716,-0.0229455,0.0517209,0.0400307,0.00547424,-0.144324,0.258819,-0.321435,0.00162812,0.0278911,-0.810116,0.0371212,-0.0968042,0.0169496,0.103389,0.307534,0.0615854,-0.298834,-0.274562,-0.00741618],[0.0345685,0.0225921,0.035783,0.0296175,0.0359677,0.0850289,0.0155814,-0.00964019,-0.00828619,0.00336091,0.00928181,0.0100754,0.0832749,-0.169067,1.18158,0.0178194,-0.00536475,0.806337,0.00658318,-0.00529499,0.00402178,-0.0405153,-0.125096,0.0164202,0.164413,0.075153,0.0258291],[0.0411101,0.0648317,0.0448036,-0.0142501,0.114786,0.103694,-0.021966,-0.00794811,0.0112494,0.00651287,0.00440962,0.0060373,0.0795063,0.0653246,1.94223,0.0110933,0.00548023,-0.172191,0.00236237,-0.0245145,-0.00324834,0.0161275,0.025568,0.00359708,0.0674941,0.0928705,0.0399614],[-0.00751476,-0.0668308,-0.00437773,0.049598,0.0546162,0.0551083,0.0415941,0.0176267,-0.0329901,0.0478175,0.0576175,0.0029623,-0.571967,-0.373066,2.29327,-0.000992895,-0.00738486,1.16245,0.0443378,0.0938152,0.0154686,-0.135475,-0.173385,0.0368308,-0.015704,0.231708,0.591219],[0.00922112,-0.00124947,0.0241799,-0.00539096,0.120414,0.0599408,0.0100151,0.00442783,0.00829407,0.00566283,0.00151294,0.0043725,-0.113964,0.0662742,-0.0746619,0.00252474,0.00894672,-0.263536,-0.00131736,-0.0297413,0.0042619,-0.0145358,-0.0741679,0.000833988,-0.0939688,0.0266562,6.59438e-05],[-0.000808432,-0.0105913,0.0155172,-0.0114043,0.0487375,0.0336478,0.00510779,0.000730728,0.00463627,0.00237858,0.00154234,0.0024554,-0.0351626,0.0578314,-0.0188934,0.000935419,0.00133864,-0.00181856,-0.0013708,-0.00613339,0.00194861,-0.0221178,-0.00364938,0.000364863,-0.0343595,0.0264635,-0.000306145],[0.0126751,0.0147155,-0.0204926,-0.00485327,0.0453123,-0.00139218,-0.00807278,0.00111295,0.00139454,0.000266728,-0.00167147,-0.000407197,-0.0290458,0.0641855,0.0648219,0.00189105,0.00270337,-0.0457946,0.00159728,-0.0147752,0.00320829,0.0552122,0.0120316,6.39283e-05,-0.0299404,0.00976992,0.00890888],[0.0197015,0.0244964,-0.026547,-0.0143752,0.0399699,0.00298598,-0.0110622,-0.00131032,-0.0227898,-0.0055557,-0.00494711,-0.0102324,0.00527373,0.0337153,-0.369597,-0.00300046,-0.000414889,-0.247572,0.0107434,-0.00962945,-0.0100357,0.0137297,0.0464492,-0.00901258,-0.0363033,0.0343163,-0.00874733],[-0.00470971,-0.00670134,-0.00456102,-0.0094531,-0.0243867,-0.0212073,0.00679798,0.00172651,0.00651346,0.000302614,-8.4266e-05,0.000334988,-0.00897725,-0.0104467,-0.09635,-0.00102171,0.0015834,-0.0601231,-0.00384574,-0.0056197,0.00217002,0.0146846,-0.0131776,-0.000771922,-0.0158413,-0.0105966,0.0020808],[0.000929084,0.0039739,0.00857956,0.000859441,-0.00728689,-0.0366867,-0.0016781,0.00131529,0.00662887,0.000980451,7.11196e-05,0.000742167,-0.0254543,0.0483848,-0.105716,0.000540118,0.00284717,-0.0500415,-0.00187663,-0.00617424,0.00573023,0.00485462,0.00214759,0.000934416,-0.0136285,-0.00683318,-0.00149276],[-0.0233398,-0.0301982,-0.092368,-0.00511745,-0.0880862,-0.105141,-0.0176704,0.00157596,-0.00806941,-0.0022064,-0.00558422,0.00111129,-0.0439207,0.0659321,-0.653576,-0.00281795,0.00708373,-0.0907986,-0.00623479,0.0126051,-0.00847945,-0.108582,-0.0750901,-0.00633939,-0.00673217,-0.0174849,-0.00472211],[0.00858012,-0.0255996,0.0635247,-0.014373,-0.162081,0.0395644,0.0219031,0.0943208,-0.0124707,0.011401,0.0236568,0.0044283,-0.562345,-0.681859,3.78176,-0.00350162,-0.0343659,0.671051,-0.0213766,0.0577659,-0.0191584,-0.598598,-0.191008,0.0209852,0.168637,-0.0894256,-0.0281555],[-0.0485511,-0.0648456,-0.0474144,-0.0260979,-0.0621969,-0.0861023,0.00118331,0.0147275,0.0258504,0.00225964,-0.00442219,-0.00155012,0.0100346,-0.0958539,-0.0884072,-0.00386814,0.0100953,-0.439911,-0.00617803,0.0455863,0.0232652,0.182668,0.0271192,0.00221444,-0.081939,-0.0370885,0.0212924],[0.00714147,0.0277754,0.00939736,0.00971861,-0.0419291,-0.0306442,-0.0367004,0.00253459,-0.0107782,0.00188356,0.00332967,-0.01195,-0.0694311,0.00481296,-0.130881,-0.0112794,0.000886229,0.0624959,0.00549413,-0.0259113,-0.00619658,-0.0659516,0.116465,0.000654268,-0.0458363,-0.0643611,-0.0046345],[-0.00010886,0.00772561,0.0132759,0.00732611,-0.0457709,-0.0218187,-0.0111838,0.000889582,-0.00582114,0.00504565,0.00486607,-0.00678487,-0.115252,0.0995857,-0.326767,-0.00731503,0.00360312,0.0512601,0.00688058,-0.0190893,0.000139714,-0.0679348,0.101503,0.00768193,-0.0847651,-0.0418867,0.00273748],[0.0224149,0.0305495,0.0988042,-0.0102606,0.0306717,0.0155348,-0.0229716,-0.00244724,-0.00627161,0.00798337,0.00748972,-0.00178196,0.0652072,0.0550014,-0.0801532,-0.00497277,0.000364819,-0.232564,-0.000108306,-0.00209378,0.00240059,0.0378273,-0.0393808,-0.000789363,-0.0416303,-0.0412654,0.0152064],[0.00056886,-0.000580131,0.00390124,-0.000226871,-0.000504345,-0.00295896,0.000409292,-0.000335337,-9.38284e-05,0.000789533,0.000645087,-0.000136795,0.080316,-0.0507944,0.11858,-0.000212874,-0.000365635,-0.0104658,0.00138681,0.00597557,0.000139684,-0.00250266,0.0383529,0.000616662,-0.00234453,0.00509025,-0.00111419],[-0.000107686,0.000239397,-0.00187749,0.000158887,-0.000796206,0.00112282,1.51777e-05,-0.000464597,8.28849e-05,-0.00019458,0.000116766,0.000174932,-0.0117785,0.052294,-0.0615929,0.000226292,-0.000101059,0.0160706,-0.000651859,-0.00117403,-0.000235037,-0.0025984,0.017036,-6.28566e-06,0.00068113,0.000367552,0.000310732],[0.000164505,1.41784e-05,0.000360232,-8.49788e-05,0.000621781,0.000591461,-0.000200525,1.30498e-05,7.93059e-05,0.000119551,7.05791e-05,3.96337e-05,-0.00094882,-0.000413344,0.0214517,6.85209e-05,0.000124837,0.000937102,-1.11223e-05,-2.85455e-06,5.49988e-05,-0.0013546,0.00094065,-1.90956e-06,-0.000934305,0.000255435,0.000210211],[0.0380665,0.0740436,0.0410497,-0.00209215,0.0620829,0.0645428,-0.0284149,-0.00265888,-0.00354677,0.00404599,0.00359601,0.00172217,-0.00255265,0.0878017,-0.280313,0.00138649,0.00455285,-0.0735804,0.00814951,-0.0472477,0.0106583,0.0636484,-0.0620433,-0.0014881,-0.00773394,-0.0412666,0.0169394],[0.0175322,0.0504716,-0.00695287,-0.00167363,0.0361297,0.0016975,-0.0189043,0.00349293,0.00497459,0.00553261,0.00795813,0.00158314,0.068466,-0.0224101,0.423064,0.00301894,-0.00278029,0.00208858,0.0040803,-0.0153414,0.00802823,0.15548,0.0248417,0.00283944,0.0112114,-0.00567022,0.0200941],[0.000377339,0.000441188,0.00117229,1.35982e-05,0.000990966,0.000127323,-0.000278104,-0.000203193,-0.000442166,0.000105221,-4.86634e-05,-6.15548e-05,-0.00428302,0.00218693,0.014359,-0.000140443,0.000110552,0.079747,-0.000309761,-0.00192418,1.71608e-05,-0.00636141,0.0125835,-0.000197964,0.000214399,6.18891e-05,0.000623757],[0.0201353,0.0211577,0.0390458,0.0273414,0.153862,0.0694928,-0.0227006,0.00237749,-0.00728099,-0.00466964,-0.00619843,0.00826954,0.413962,-0.440978,0.53491,0.00371117,0.00783626,-0.683591,0.0697489,-0.0321434,0.00819762,-0.111691,0.0939357,0.00719561,-0.0545053,-0.0972035,-0.0165647],[0.00799822,0.0218747,0.016479,0.00597971,-0.0416316,0.0146134,-0.0129533,0.00518626,-0.0110276,-0.00628083,-0.0056657,-0.00453622,0.106541,-0.0155128,-0.0471489,-0.00592592,-0.00300186,0.0783364,0.00950874,0.0738116,-0.000454141,-0.0633348,0.0336317,-0.00654651,0.0235021,0.0113388,-0.0115259],[0.00553007,0.0153111,0.00204876,-1.42492e-05,0.0129362,0.0163039,-0.00731747,-0.000202109,0.010468,0.00152487,3.54854e-05,0.00325642,-0.0105903,0.024262,0.00131127,0.00268232,0.00356136,-0.0434835,-0.000822248,-0.00994997,0.0122942,0.0874604,-0.0198458,0.00083141,0.00411217,0.00895261,-0.000220544],[-0.000820298,-0.00238377,-0.00207418,-0.00140825,0.00575347,0.00330972,-5.18664e-05,0.000988017,0.00240454,-0.000945679,-0.00113656,0.000151411,-0.0123727,0.028317,-0.0271487,-0.000120499,0.00065251,-0.0701151,-0.00045127,0.00369389,0.00507202,0.0667132,0.000167133,-0.0011317,0.00259657,0.0120188,0.00300344],[-0.00181295,-0.00365235,-0.00781114,-0.000889089,-0.00282582,-0.00383198,0.00182075,0.000419362,0.00108892,-0.000440197,-0.000242831,0.000587286,0.0278045,0.0547349,0.146306,0.000511339,0.000297406,0.0902233,-0.000384805,0.00570593,-0.000293031,0.00869593,0.118941,0.000109752,-0.00924234,0.00413387,-0.000475157],[0.0190505,0.0494244,-0.0111265,-0.00197907,0.00708333,0.00257767,-0.0340101,0.00359279,-0.0146725,0.00312183,0.000405692,-0.00495498,-0.0876887,0.0313334,0.0807298,-0.00315504,0.00990757,-0.159579,0.0133384,-0.0183535,-0.00272276,-0.121444,0.040018,0.00223168,-0.0960493,-0.0769524,-0.00125719],[0.00889352,0.00400075,0.0419407,0.00720835,0.0142353,0.0207383,0.002096,-0.00386672,-0.00402783,0.00158756,0.00100863,0.000993617,0.00580107,-0.013015,0.108741,0.00349149,0.00195657,0.0840399,0.000958845,-0.00888054,0.00522502,-0.0426837,-0.0764438,0.00243162,0.0136675,0.0187772,0.00468748],[0.0121574,0.0274249,0.00170943,-0.00212203,0.047026,0.0238594,-0.0121608,-0.0015064,0.00628502,0.00164608,-0.000499302,0.00180623,-0.0274372,0.0866352,0.341711,0.00220974,0.0052117,-0.132922,-0.000117744,-0.0161921,0.0133043,0.0783748,0.0144739,0.000242838,0.0069565,0.0634088,0.0115942],[0.00813382,0.0149804,0.0809073,-0.0148833,-0.074496,0.0074017,0.00891179,0.0087147,0.000576457,-0.00206193,-0.00147941,0.00507611,-0.264388,-0.0807162,-0.408719,0.00493855,0.00375176,-0.0422848,0.0142907,0.0382932,-0.00673846,0.138705,-0.162799,0.0065798,-0.061282,0.0402796,0.111191],[-0.00465672,0.00365282,-0.00479745,-0.0151549,0.00276079,0.0235383,-0.00167056,0.00354241,0.00596331,0.00270035,0.000139781,0.00119921,-0.0364754,0.0228612,-0.0994994,0.000731884,0.00572167,-0.0886733,0.00157237,-0.00838869,0.00458556,-0.00628133,-0.0282201,0.000537027,-0.0255041,0.000982707,0.00591796],[-0.00219866,-0.00153815,0.00142828,-0.00942851,-0.00715789,0.00857021,0.00190425,0.00139877,0.00336287,0.00151342,0.000623894,0.00166535,-0.00507167,0.00996111,0.0557202,0.00134691,0.00252809,-0.0127574,0.000571014,-4.69424e-05,0.00324801,0.00946815,-0.00233624,0.000702008,-0.0129943,0.00469337,-0.000879781],[-0.000463009,-0.00116562,-0.0286837,0.00215931,0.0250204,0.00841725,-0.00440293,0.00165028,0.00212469,-0.00105686,-0.000952983,-0.000103112,-0.0202146,0.0069553,-0.0687072,0.0010546,0.00170725,-0.0573204,-0.0010395,-0.0029812,0.0018172,0.00422597,-0.00680232,-0.000941716,-0.0114603,-0.00557098,-0.00335318],[0.00436609,0.0227482,0.0185736,-0.00763199,0.0192409,0.0171778,-0.00528975,-0.000619011,-0.00566496,-0.00375612,-0.00405585,-0.00495299,-0.0264542,0.0625781,-0.155819,-0.00324878,5.76029e-05,-0.100612,0.00667133,-0.012482,0.00435086,0.0155932,0.0176442,-0.00431789,-0.0556617,0.00239182,-0.0116786],[-0.00178809,-0.000812437,-0.00466613,0.00255569,-0.0230551,-0.00223137,-0.00135646,-0.000225119,0.000458145,0.000288747,0.000322596,-0.000268612,0.00513509,-0.0078003,-0.0346733,-0.000636362,-0.000391996,-0.0144029,0.00114083,-0.00319952,-0.000315809,-0.0234262,-0.00996196,0.000216777,0.0035031,-0.00128428,0.00288685],[0.00303558,0.00589486,-0.00262086,-0.00241484,0.00901571,-0.00964614,-0.00454607,0.000357035,0.00303568,0.0010378,0.000683668,0.000399106,-0.0149636,0.00220138,-0.121075,0.000570229,0.000862446,-0.0148754,-0.000481376,-0.00626538,0.0012932,0.000430806,-0.0247503,0.000497982,0.000427723,-0.00485891,-7.89456e-05],[-0.00794339,-0.00732365,-0.0656526,0.0138086,-0.0636895,-0.0274831,-0.0385448,0.000167973,-0.0052277,-0.000542739,-0.00214312,0.0026288,-0.020891,-0.00306984,-0.288164,0.00211448,0.00491788,0.0557943,-0.00414188,-0.0016099,-0.000673917,-0.0643256,-0.0362983,-0.000854135,0.0101718,0.00354884,0.00032731],[0.0655895,0.0626953,0.145734,-0.0373956,-0.0633993,0.0508806,0.0261214,0.0167588,-0.0129991,0.0245982,0.0288572,0.00501772,-0.313157,-0.188168,1.6549,-0.00733959,-0.0249464,0.836572,-0.0173863,-0.0678863,0.0131562,-0.566404,-0.220265,0.0163643,0.05993,0.0594806,-0.0177103],[-0.0107499,-0.0268723,-0.0185574,0.0126848,-0.0391314,-0.077829,0.00247054,0.00115941,-0.0137921,0.00299035,0.00522632,-0.000412945,0.061332,-0.194429,0.54503,-0.000555309,-0.0078887,0.124255,0.000182747,0.0258961,-0.0424039,-0.173063,0.0139539,0.00467338,0.0073925,-0.0186149,0.00867155],[-0.00628936,0.000199725,-0.00985458,0.00455463,-0.0454336,-0.00771864,-0.0100506,0.000629869,-0.00280362,-0.000248383,0.00023231,-0.0026832,-0.0393372,-0.0299642,-0.0396594,-0.00246774,-5.98574e-05,0.0220842,0.00507972,0.000837523,-0.00575858,-0.0516214,0.0366004,0.00204342,-0.0301298,-0.0314576,-0.00545944],[-0.00143287,0.00689536,-0.00551843,0.00137037,-0.0320002,-0.0042333,-0.00686957,0.00202181,-0.00163657,-0.00122025,-0.00224957,-0.00471228,-0.0567765,0.0094085,-0.0218976,-0.00344528,0.00114238,-0.0275373,0.00658612,-0.0118346,-0.00734554,-0.0412579,0.0525281,0.00045781,-0.0478093,-0.0239958,-0.00917392],[0.00602513,0.00882417,0.0252926,0.000504166,-0.0148085,0.00674017,-0.0110364,-0.000846705,-0.00222698,0.00521272,0.00481032,0.000775333,0.0348133,-0.00891777,0.26176,0.000871784,-0.000962964,0.0624436,-0.000599928,0.00287955,-0.00273677,-0.0808149,-0.00636173,0.00183812,-0.0239853,-0.00448706,0.00915644],[0.000245173,0.000155536,-0.00117996,0.000753677,0.000238069,0.00211913,-0.000843862,6.76054e-05,0.00102561,0.000360553,0.000207914,6.96259e-05,0.0333512,-0.0192435,0.0688357,0.000116463,0.000110893,-0.00512046,0.000780189,0.00208248,0.000355678,0.00971363,0.0204395,0.000214137,-0.002149,0.00172167,-0.000522259],[-0.00039198,-0.00103944,-0.000207538,7.11949e-06,-0.00198739,-0.00236824,0.000476093,-0.000362025,0.000261399,3.18687e-05,0.000261868,0.000220287,-0.00212785,0.0181994,-0.025337,2.30841e-05,-0.0004309,0.0160508,-0.00044545,0.000488934,-9.01267e-05,-0.00270168,0.00866291,0.000275974,0.00170512,0.000460696,0.000318382],[0.000175781,0.000362656,9.63978e-05,1.7134e-05,0.000290967,0.000298261,-0.000172393,9.98339e-06,3.62043e-05,5.66214e-05,3.91427e-05,1.51416e-05,-3.78079e-05,-0.000673651,0.00622831,2.42931e-05,4.66251e-05,0.00166761,2.95579e-05,-0.000202035,2.05737e-05,-0.000520213,0.000211227,-1.72221e-05,-0.000595,-0.000166788,0.000110587],[0.0162724,0.0336057,0.0263853,-0.00244409,-0.00107597,0.0155058,-0.00422897,-0.00158712,-0.00315858,0.00284421,0.00240056,0.000442849,0.00744189,0.0529232,-0.121599,0.000568791,-0.000738137,0.021589,0.000462599,-0.0240806,-0.00169151,-0.00504559,-0.0183638,0.000195389,-0.0359157,0.000127951,0.0120571],[0.0019303,-0.000644379,0.0241691,0.00154658,-0.0395102,-0.00351048,0.000453683,-0.000544252,0.000982869,0.00103498,0.00257674,0.00131441,0.0386485,0.0140964,-0.0148769,0.00139112,-0.00213596,-0.0498501,-0.00111557,0.00474876,-0.00282834,0.0339663,0.0236772,0.00249888,-0.0148389,-0.00888904,0.00216949],[0.000286539,0.000579114,0.000864757,-1.07567e-05,0.000270508,0.000231863,-0.000540792,-6.83792e-05,-0.000225603,9.10366e-05,-3.42535e-06,-3.6617e-05,-0.00241192,0.00307788,0.00488947,-9.54412e-06,0.000173922,0.0313828,-0.000200776,-0.0013071,1.26108e-05,-0.00289507,0.00673639,-9.19157e-05,-0.000935077,-0.000278982,0.000151756],[0.00594616,0.0180634,-0.00781171,0.00253004,0.0668796,-0.0209725,-0.00409522,0.00700915,0.0166789,-0.00348459,-0.00533008,0.011479,0.283019,-0.293118,0.174187,0.0027772,0.00697309,-0.612207,0.0148448,-0.0104997,0.00770472,0.0912083,0.0471711,-0.000790981,-0.0333815,-0.0782243,-0.016311],[0.00182384,-2.31465e-05,0.0170368,-0.00024026,0.0164022,0.00523785,-0.00937139,0.00319004,-0.00102872,-0.00287429,-0.00335439,-0.00161386,0.0480545,-0.00856198,-0.0231841,-0.0028674,-0.00133945,0.0799898,-0.00031148,0.0211397,0.00133863,-0.0501695,0.00220859,-0.00391742,0.00669578,0.0218992,-0.00716953],[0.00118888,0.00156138,0.00889038,-0.00207644,-0.0113015,-0.00295163,0.000307621,0.00070108,-0.00276109,0.000616153,0.000666238,0.000286296,0.00828857,-0.0267821,0.161147,0.000389929,-0.000276431,0.00509515,-0.00129027,-0.0039999,-0.00642947,-0.0347799,0.00795504,0.00113775,-0.00852641,0.000764102,0.000116464],[0.000112584,-0.00071756,0.0051391,0.00017389,-0.00935499,0.00425687,0.00196963,-1.86916e-05,-0.0026397,-0.000541682,-0.000311568,-0.000431734,0.0021024,0.00270716,0.0364005,-0.000163212,-0.000544305,0.00356855,0.000558878,0.00313424,-0.00369308,-0.0301284,0.00327284,-9.76384e-05,0.00464551,0.00102358,-2.99288e-05],[-0.00123239,-0.00152778,-0.00279601,0.000171317,-0.00202099,-0.000629205,-0.00106334,4.10409e-05,0.000983543,-6.36944e-05,4.1362e-05,0.000522475,0.0168355,0.0228805,0.0540721,0.000500208,0.000253982,0.052318,-0.000326431,0.00348962,2.15569e-05,0.00176322,0.0523497,0.000232162,-0.00491066,0.00039253,-0.00155978],[0.00729668,0.0148497,0.00058963,0.000859317,-0.00690547,0.0138769,-0.0112308,0.00142957,-0.00630349,0.00220944,0.000666445,-0.00230881,-0.0137991,-0.077252,0.166906,-0.000862915,0.00190147,0.0309098,0.00792387,-0.0148723,-0.00904055,-0.0371334,0.0344352,-0.000404678,-0.0292867,-0.0556235,0.00454315],[0.00427898,0.00384612,0.0088047,0.00467127,0.00751447,0.00687858,-0.000400903,-0.000983442,-0.00219326,0.000766706,-8.57874e-05,0.000787239,0.00260565,0.00176049,0.0593777,0.00149073,0.00165993,0.00469995,0.00101701,-0.00738523,0.0012737,-0.0182949,-0.0331358,0.00052947,0.00634492,0.00917995,-0.00113455],[0.00289286,0.00440461,0.00788961,-0.00315183,0.00838875,0.00342024,-0.00276089,0.000277011,-0.000511814,4.53602e-05,-0.000602996,0.000341002,-0.0171861,0.0124077,0.0793532,0.000127268,0.00165949,-0.0609246,-0.00259106,-0.00613986,-0.00197562,-0.0278362,-0.00636664,0.000246721,-0.016474,0.00978797,0.00498607],[0.00181332,0.0115317,-0.0224257,0.0126724,-0.0747603,-0.0207547,0.00250958,0.00973806,-0.00247055,-0.00487586,-0.00607599,0.00314658,-0.148892,-0.124676,-0.540396,0.00094994,0.00224396,-0.111062,0.00542065,0.0311955,-0.00976225,0.070084,-0.0237721,0.00118377,-0.0519409,-0.0518195,0.0176177]],"sigmahat":[[0.827355,1.28689,0.810303,0.0458124,1.47771,1.25042,-0.0719722,-0.151287,-0.0755889,0.097777,0.0934263,0.0220332,0.626185,-0.607805,6.13288,0.0309416,-0.00288969,2.09258,0.173544,-0.751009,0.111467,0.627943,-0.403782,0.0387136,-0.237243,0.188614,0.135304],[1.28689,2.42429,1.02063,0.0467652,1.93982,1.817,-0.371505,-0.156329,-0.155195,0.106794,0.10524,0.0188203,0.0128889,-0.498733,5.04336,0.0430523,0.0181437,0.00994778,0.330791,-1.27026,0.162982,1.24923,-1.8007,0.0307306,-0.513303,0.010911,0.162432],[0.810303,1.02063,3.5352,-0.14809,1.27766,1.58304,0.287255,-0.279996,-0.0371228,0.196111,0.197716,-0.0422126,2.11879,-0.816774,9.42787,-0.0575615,-0.0514238,3.41915,0.12094,-0.875198,0.127398,-0.368946,0.835041,0.0846676,-0.467927,0.47779,0.284224],[0.0458124,0.0467652,-0.14809,0.640083,-0.260187,-0.353963,0.0104072,-0.0573575,-0.110451,-0.0256724,-0.021912,-0.0145988,1.09501,0.186453,0.234626,-0.0242904,-0.025572,2.98661,-0.0671446,0.375179,-0.0177482,0.364037,2.02518,-0.0085355,0.198228,-0.163558,-0.183178],[1.47771,1.93982,1.27766,-0.260187,8.46179,4.0743,0.284007,-0.224089,0.190667,0.280026,0.227142,0.136281,-0.24478,1.25513,16.5739,0.179587,0.145673,0.410911,0.387114,-2.05187,0.29665,2.54503,-1.87164,0.0814248,-0.848699,0.671294,0.556875],[1.25042,1.817,1.58304,-0.353963,4.0743,6.15066,0.0946223,-0.254242,-0.0748523,0.179507,0.167486,0.0420333,0.652146,-0.153548,12.93,0.102239,0.0570884,2.44584,0.458995,-1.50787,0.208833,-0.077237,-1.91193,0.0587207,-0.339125,0.726095,0.402073],[-0.0719722,-0.371505,0.287255,0.0104072,0.284007,0.0946223,0.800796,-0.0103008,0.043233,0.0413112,0.0510903,0.0184131,0.874509,-1.2544,2.73225,0.0012786,-0.0326781,1.86365,-0.0519382,0.282106,-0.00748521,0.0089888,0.467994,0.0428775,0.305791,0.203764,0.0560147],[-0.151287,-0.156329,-0.279996,-0.0573575,-0.224089,-0.254242,-0.0103008,1.71533,-0.0387302,-0.0800753,-0.078689,-0.0188299,-13.1003,-7.6654,4.7026,-0.0323185,-0.00500348,-26.4957,0.418579,1.84747,-0.0417672,0.336534,-12.3587,-0.068806,-0.116672,-0.799455,-0.207248],[-0.0755889,-0.155195,-0.0371228,-0.110451,0.190667,-0.0748523,0.043233,-0.0387302,0.208606,0.0388519,0.0286354,0.0365586,0.164443,0.519242,2.05254,0.0255727,0.0270412,0.416159,-0.0708068,-0.207696,0.107317,0.758599,0.523758,0.0305017,-0.126392,0.174027,0.0540457],[0.097777,0.106794,0.196111,-0.0256724,0.280026,0.179507,0.0413112,-0.0800753,0.0388519,0.106568,0.096576,0.0276086,0.301259,-0.574154,1.76132,0.0173684,0.0126215,0.949953,0.0222359,-0.28523,0.032336,-0.00998405,-0.278717,0.0648116,-0.187362,-0.0234427,0.25056],[0.0934263,0.10524,0.197716,-0.021912,0.227142,0.167486,0.0510903,-0.078689,0.0286354,0.096576,0.0970838,0.0224124,0.334967,-0.643097,1.68732,0.0138956,-0.00333054,1.31139,0.0256919,-0.239892,0.024255,-0.0343337,-0.266484,0.0633042,-0.100924,-0.0234432,0.244449],[0.0220332,0.0188203,-0.0422126,-0.0145988,0.136281,0.0420333,0.0184131,-0.0188299,0.0365586,0.0276086,0.0224124,0.0468602,0.248056,-0.175585,1.89604,0.0390838,0.0201855,0.944269,0.00301278,-0.0479063,0.0106844,0.184085,-0.00510056,0.0205265,0.0337186,0.0561613,0.0580279],[0.626185,0.0128889,2.11879,1.09501,-0.24478,0.652146,0.874509,-13.1003,0.164443,0.301259,0.334967,0.248056,632.958,75.8996,1100.31,0.227189,-0.298239,640.7,20.511,60.8073,0.125059,22.8804,795.475,0.469863,-12.1484,13.024,-22.4696],[-0.607805,-0.498733,-0.816774,0.186453,1.25513,-0.153548,-1.2544,-7.6654,0.519242,-0.574154,-0.643097,-0.175585,75.8996,186.296,68.5186,0.0687351,0.525041,321.996,-6.00358,-3.44434,-0.091575,-0.465186,235.002,-0.489176,-6.01485,5.2737,-5.28116],[6.13288,5.04336,9.42787,0.234626,16.5739,12.93,2.73225,4.7026,2.05254,1.76132,1.68732,1.89604,1100.31,68.5186,3104.72,1.67968,-0.59618,1233.7,50.6264,161.34,1.36433,49.2049,1613.51,1.56349,-31.8065,32.2857,-44.2453],[0.0309416,0.0430523,-0.0575615,-0.0242904,0.179587,0.102239,0.0012786,-0.0323185,0.0255727,0.0173684,0.0138956,0.0390838,0.227189,0.0687351,1.67968,0.0514847,0.025029,1.20074,0.0216502,-0.100234,0.0136946,0.301308,0.0969612,0.0126028,0.0736116,0.0641683,0.0376698],[-0.00288969,0.0181437,-0.0514238,-0.025572,0.145673,0.0570884,-0.0326781,-0.00500348,0.0270412,0.0126215,-0.00333054,0.0201855,-0.298239,0.525041,-0.59618,0.025029,0.0616843,-1.08482,0.0164152,-0.142217,0.0214645,0.258427,-0.0257804,0.00105044,-0.226345,-0.0411088,0.0540174],[2.09258,0.00994778,3.41915,2.98661,0.410911,2.44584,1.86365,-26.4957,0.416159,0.949953,1.31139,0.944269,640.7,321.996,1233.7,1.20074,-1.08482,1513.05,2.63543,38.9454,0.39012,-3.03012,1073.72,1.39146,-3.57636,26.3123,-19.2036],[0.173544,0.330791,0.12094,-0.0671446,0.387114,0.458995,-0.0519382,0.418579,-0.0708068,0.0222359,0.0256919,0.00301278,20.511,-6.00358,50.6264,0.0216502,0.0164152,2.63543,1.92764,3.45207,0.0113217,1.80968,22.8651,0.0151645,-0.886201,-0.156489,-0.58056],[-0.751009,-1.27026,-0.875198,0.375179,-2.05187,-1.50787,0.282106,1.84747,-0.207696,-0.28523,-0.239892,-0.0479063,60.8073,-3.44434,161.34,-0.100234,-0.142217,38.9454,3.45207,14.4827,-0.172836,3.88756,88.3667,-0.150844,-1.26926,0.481621,-3.72697],[0.111467,0.162982,0.127398,-0.0177482,0.29665,0.208833,-0.00748521,-0.0417672,0.107317,0.032336,0.024255,0.0106844,0.125059,-0.091575,1.36433,0.0136946,0.0214645,0.39012,0.0113217,-0.172836,0.275126,1.53683,-0.0854815,0.0169971,-0.0679533,0.489241,0.0705363],[0.627943,1.24923,-0.368946,0.364037,2.54503,-0.077237,0.0089888,0.336534,0.758599,-0.00998405,-0.0343337,0.184085,22.8804,-0.465186,49.2049,0.301308,0.258427,-3.03012,1.80968,3.88756,1.53683,27.1623,29.5197,-0.0241775,-1.1844,2.17567,-0.635275],[-0.403782,-1.8007,0.835041,2.02518,-1.87164,-1.91193,0.467994,-12.3587,0.523758,-0.278717,-0.266484,-0.00510056,795.475,235.002,1613.51,0.0969612,-0.0257804,1073.72,22.8651,88.3667,-0.0854815,29.5197,1221.5,0.114859,-25.7678,17.1598,-33.9283],[0.0387136,0.0307306,0.0846676,-0.0085355,0.0814248,0.0587207,0.0428775,-0.068806,0.0305017,0.0648116,0.0633042,0.0205265,0.469863,-0.489176,1.56349,0.0126028,0.00105044,1.39146,0.0151645,-0.150844,0.0169971,-0.0241775,0.114859,0.0632899,-0.0539769,-0.0104921,0.167825],[-0.237243,-0.513303,-0.467927,0.198228,-0.848699,-0.339125,0.305791,-0.116672,-0.126392,-0.187362,-0.100924,0.0337186,-12.1484,-6.01485,-31.8065,0.0736116,-0.226345,-3.57636,-0.886201,-1.26926,-0.0679533,-1.1844,-25.7678,-0.0539769,5.37193,0.453749,0.121631],[0.188614,0.010911,0.47779,-0.163558,0.671294,0.726095,0.203764,-0.799455,0.174027,-0.0234427,-0.0234432,0.0561613,13.024,5.2737,32.2857,0.0641683,-0.0411088,26.3123,-0.156489,0.481621,0.489241,2.17567,17.1598,-0.0104921,0.453749,4.57338,0.0386654],[0.135304,0.162432,0.284224,-0.183178,0.556875,0.402073,0.0560147,-0.207248,0.0540457,0.25056,0.244449,0.0580279,-22.4696,-5.28116,-44.2453,0.0376698,0.0540174,-19.2036,-0.58056,-3.72697,0.0705363,-0.635275,-33.9283,0.167825,0.121631,0.0386654,3.06007]],"n":27,"lags":3}