{"betahat":[[1.16316,-0.178062,0.637584,5.78217,5.05069,11.4534,6.71382,-0.339275,-0.300313,-0.0981586,-0.332704,-0.948403,3.77877,-5.26168,-49.45,0.0072934,0.716507,-16.5218,28.2238,16.3249,6.51627,8.62143,-4.94039,-0.798106,-0.938],[0.989021,-0.0267058,0.215189,0.0375212,-0.0202737,0.388464,0.078252,-0.0156025,0.0559409,0.0301367,0.0454165,0.0024814,0.278038,-0.593958,2.47905,0.00692293,-0.0509033,1.00781,-0.0225301,0.120549,-0.174881,-4.65006,0.28762,0.253021,0.0557211],[-0.0347432,0.849429,0.0730121,-0.0473171,0.101555,0.060205,-0.0304011,-0.00583606,0.000535335,0.00627974,0.0102046,-0.00304245,-0.00709591,0.000292426,0.184396,-0.0131638,-0.020746,0.33253,0.00571798,-0.00450052,-0.0598169,-0.142395,0.161545,-0.0768931,0.00153657],[0.0371073,0.046246,0.757277,0.054146,0.150579,0.0686832,0.00430651,-0.003294,0.0180975,4.63557e-05,0.00359251,0.00871158,-0.0369597,0.0392118,0.618603,0.00600262,0.00297907,0.135255,0.00105153,0.0658387,-0.0195689,-0.925874,0.100737,0.0930895,-0.0108802],[0.00390701,-0.020186,-0.0478693,0.786883,-0.258277,0.10129,-0.0728686,-0.0140161,-0.0192007,-0.00258432,-0.0211081,0.0161355,0.0170386,0.216367,-0.55155,0.0223154,0.0331275,-0.336714,-0.0292813,0.035895,0.156143,1.72895,-0.00264184,0.0481299,-0.0303663],[-0.0404627,-0.0543373,-0.0594327,-0.0553743,0.757232,0.0172835,-0.00014658,0.00702527,-0.00932712,0.0036479,0.00104625,0.000980119,0.023569,-0.01156,-0.142098,-0.00257536,0.00176391,-0.0344961,-0.00937465,0.00503307,-0.00619932,-0.0812685,-0.140932,0.0133574,-0.00126068],[0.00869764,0.0227903,0.129429,0.00236787,0.0984577,0.795188,0.0383681,0.00150055,0.0201565,0.00104173,0.000660667,0.00694401,0.0248213,0.0228362,0.761461,0.010385,0.0111387,-0.104721,0.0100343,0.0332278,0.0150798,0.774199,0.105217,0.089929,0.000146855],[-0.0283852,0.0346874,-0.0713535,0.134292,-0.308615,-0.446635,1.04398,-0.0165704,-0.0267798,0.0132427,0.00550822,0.0190107,0.176114,0.0822739,-1.55913,0.0186552,0.0260431,-0.295084,-0.0939209,-0.360297,0.0993573,0.619393,-0.287306,-0.108605,-0.015308],[-0.177476,-0.240861,-0.748055,0.448361,-0.268271,-0.191752,-0.102488,1.12138,-0.0381739,-0.0594585,-0.0872928,-0.033925,-0.497336,0.19652,-3.81071,-0.0809575,0.0653142,-1.81097,0.134091,1.46189,0.9169,-10.4542,0.295473,-0.211151,0.136086],[-0.0735638,-0.065167,-0.224266,0.0296063,-0.461226,-0.769777,0.0206775,0.0314836,0.846678,0.0397575,0.0298584,0.00283043,0.000825892,0.260323,-3.0166,-0.022216,0.0138517,-0.934447,0.424791,0.109207,0.00946677,8.56534,-0.0442607,-0.404695,0.00500467],[-0.0525955,-0.0416636,0.108757,-0.135287,0.0896071,-0.582556,-0.218739,-0.0194632,-0.0922342,1.0584,0.135788,-0.13203,-0.326575,0.258108,-1.4887,-0.10394,-0.0111768,-2.04258,0.0687859,-0.271919,0.378837,1.02735,-0.70207,0.23645,0.185992],[-0.000853432,-0.184384,0.980512,0.017373,0.0300669,0.304949,0.00584007,-0.0285689,0.0151029,0.141452,1.12721,0.0121629,-0.0177503,-0.0714096,-2.15301,-0.0108766,0.0113024,0.72725,0.242491,-0.16255,0.344376,-9.60571,0.285089,-0.25057,0.243545],[-0.0179584,-0.232706,-0.0760432,-0.19681,-0.637302,0.00855036,-0.0419621,-0.0110588,0.0747279,0.244,0.183089,1.12614,0.080338,-2.0044,8.60754,0.110972,0.0492033,0.246737,-0.565186,0.322051,-0.11745,5.7268,-0.0620619,0.62421,0.133621],[0.0635416,0.105958,0.19479,0.0144454,-0.00576137,0.0464329,0.0666821,-0.0105664,-0.0386059,0.0157354,0.0225197,-0.00416951,1.22072,-0.330254,0.242559,-0.0068633,-0.0198437,0.126677,-0.102219,-0.0649459,-0.130543,0.269948,0.13239,-0.153779,0.00407013],[0.0251107,0.0230925,-0.00219361,0.0214175,0.162281,0.0367237,0.00485479,0.00067191,-0.00789278,-0.00137706,-0.00414789,-0.00163058,-0.0662394,1.13542,-0.308531,0.00195748,0.00821925,-0.164153,0.0340933,-0.0285415,0.0203237,-0.258946,0.0693431,-0.0511626,0.00392514],[-0.00290128,-0.0078796,-0.00869555,0.00265987,-0.000661189,-0.0109876,-0.00275989,0.00019256,0.00238787,-0.00211807,-0.002622,-0.00349305,-0.0231245,0.0325093,0.926054,-0.00260636,0.00102806,-0.071038,0.00253856,0.000697276,0.0140856,-0.155408,-0.0173963,-0.00229255,0.00288277],[0.231239,0.392074,0.0616538,0.431907,0.315502,0.893424,-0.147962,-0.067948,-0.0488033,0.0434893,0.0850693,-0.0130035,1.32859,0.185064,-5.08514,0.935958,-0.0540902,1.46323,0.198786,-0.492312,0.15652,-15.3608,1.43647,-0.264445,0.0755761],[-0.229713,-0.305865,0.244883,-0.10613,-0.45667,-0.16508,-0.12554,-0.0075765,0.0385753,-0.0657128,-0.0582455,0.0314304,-0.31613,-0.535855,-0.278744,0.0281157,1.01339,-0.712798,0.331096,0.0859642,-0.238027,-5.25067,0.0336277,0.229768,0.0646317],[0.00024302,-0.00671132,-0.0214402,0.00462978,0.0313874,0.0418764,0.0258623,0.000850567,-0.000736926,0.00579937,0.00559109,0.0132434,-7.36121e-05,-0.0447058,0.0959611,0.0133989,0.00568484,1.11917,0.0124262,0.0352178,-0.0265692,0.150932,0.0575282,-0.010407,0.00149501],[0.196094,0.282383,0.433481,0.322361,0.67841,-0.343373,-0.313128,-0.0401381,0.231891,0.0762017,0.0978414,0.0480318,0.259687,-1.25853,6.69308,0.0860862,-0.106016,2.75659,0.167245,-0.201796,-0.65731,2.2238,-0.151196,0.737308,0.114241],[0.250715,0.390575,0.354441,0.394368,0.15558,-0.0333704,-0.0413802,-0.00295979,0.00308321,0.00677065,0.00841714,-0.0109741,-0.0156811,-0.166067,0.435897,-0.0263757,-0.0336402,0.392621,-0.0367535,0.354055,-0.00307742,-1.76624,0.126969,-0.0263807,-0.0115348],[-0.027235,0.0289461,-0.144818,-0.0382885,-0.0677777,-0.10575,-0.0585596,0.0100539,-0.0792057,-0.0550773,-0.0394502,-0.0046462,0.00801096,0.149836,-0.29845,-0.00865025,-0.0302796,-0.175876,-0.0514688,-0.00183015,0.334156,-0.384636,-0.110257,-0.161701,-0.0605594],[0.000819896,-0.00371036,0.0233803,-0.00107966,-0.000240541,0.000386665,0.00421996,0.000420784,-0.00244969,1.07748e-05,-0.000465784,-0.000648767,-0.00192796,-0.00286405,-0.0574375,0.000414598,0.00155809,-0.0207872,0.00277832,0.00709081,0.000918163,0.233184,0.0122885,-0.00945146,-0.00398768],[0.136206,0.214557,0.0813894,0.0372316,0.174194,0.116593,0.025275,-0.00832433,0.0177776,-0.00218289,-0.000383996,0.00821651,-0.053011,-0.0589258,0.602536,0.014591,0.000426567,0.123538,0.0195355,-0.0436814,-0.00575522,2.70001,0.616791,0.0415121,-0.00718639],[0.0871738,0.183227,-0.0235182,0.0147102,0.351475,0.239315,-0.0683579,-0.013442,0.11457,0.0397056,0.0324848,0.0289361,0.189032,0.136179,0.97896,0.0243194,0.018885,0.0222346,-0.0738416,0.0204271,-0.0666424,-1.5675,0.176744,0.250676,0.00671081],[-0.0474284,-0.342301,-0.196977,0.367341,0.0756781,-0.0768956,0.108839,-0.00928894,-0.0985968,-0.000245839,-0.00220526,-0.0734856,-0.524279,-0.438852,0.711139,-0.0534397,-0.0271684,0.173026,0.153766,0.209904,0.0974308,4.4171,0.110209,-0.117689,0.695011],[-0.00876318,-0.0614958,-0.132171,0.0553728,0.28456,-0.22524,-0.0463012,0.0102428,-0.033551,-0.0192717,-0.038737,0.0115247,-0.207304,0.376877,-1.70587,0.000171908,0.054069,-0.643073,-0.0243378,-0.0433084,0.143569,1.4385,-0.144892,-0.12298,-0.0385544],[0.0216895,0.0758636,-0.0343536,0.0642142,0.0279581,0.0381617,0.0139915,-0.000269476,-0.00325367,-0.00568743,-0.00748645,0.00613361,-0.0205723,0.0567882,-0.37808,0.012005,0.015665,-0.138122,-0.0101175,0.00206604,0.0274552,0.212069,-0.0814881,0.0827857,-0.000608627],[-0.00716623,-0.0394923,0.188068,-0.0485834,-0.0779914,-0.113249,-0.00341703,0.000582396,-0.00787995,0.00355687,-0.00462934,-0.00624217,0.0661572,-0.0400832,-0.169327,-0.000783906,-0.00414081,0.029298,0.00159888,-0.022191,0.0434725,1.04778,-0.025665,-0.0188734,0.0138851],[0.0183969,0.0166664,-0.123809,0.147667,0.245707,-0.151452,0.0360902,0.0141658,0.00152129,-0.00204927,0.0174392,-0.0297807,0.0422176,-0.0439294,-0.136285,-0.0200258,-0.0306372,0.0563181,0.0224472,0.0272398,-0.138113,-0.258492,0.0540843,-0.0289834,0.0380134],[0.0155898,0.0173978,0.0535869,-0.00641535,0.0833168,-0.0772216,0.0258481,0.000703038,0.0181947,-0.00442184,-0.00231012,-0.00073937,-0.0377443,0.0112091,0.0378761,0.00269042,0.00250642,-0.0204311,0.00585584,0.00255266,0.00763416,0.413662,0.0893021,-0.0341972,-7.90666e-05],[-0.0219945,-0.035379,-0.111459,0.00601293,-0.169999,0.037313,-0.0318154,0.0010225,-0.00108141,-0.00288107,-0.00428415,-0.00369854,-0.0427171,0.0570445,-0.490182,-0.00790182,-0.0062699,0.0121881,-0.0011808,-0.00382104,0.0178114,-0.23124,-0.0898351,-0.0421731,-0.000519998],[0.00864269,-0.0319398,-0.0890384,-0.115434,0.304404,0.235613,0.0189814,0.0214836,-0.00912206,-0.0137033,-0.0114843,-0.00539055,-0.0907172,0.0177847,0.723189,-0.0113499,-0.00176321,-0.171991,0.0203045,0.176736,-0.0987676,0.344581,0.0573564,-0.00773368,0.00261478],[0.0366549,-0.0599561,0.578849,-0.415677,-0.326724,0.163256,0.00205834,-0.0920451,-0.0255456,-0.030933,0.0356684,-0.0272146,0.372493,-1.73568,7.67403,-0.013434,-0.14254,3.37897,0.231166,-0.242219,-1.09808,4.73183,-0.148861,-0.479958,-0.0894233],[-0.00583323,-0.00839091,0.0410715,-0.136328,0.380359,0.737934,-0.062419,-0.0119073,0.298637,-0.0387345,-0.0477217,0.0191042,-0.522996,0.162294,1.06306,0.0495255,0.04279,0.38174,-0.12224,0.0033506,0.338815,-4.76677,-0.141595,0.583897,0.0182391],[0.0225959,0.250813,-0.293897,0.123948,-1.01945,-0.0863241,-0.0212368,0.0112125,0.0771946,-0.0843976,-0.123265,0.0340656,0.0648271,0.0821584,-1.09771,0.0192893,0.0437483,0.834605,0.0289614,0.0288399,0.0274979,-7.8815,0.243185,-0.140842,-0.047028],[-0.0253218,0.115186,-0.76767,0.00220494,-0.742344,-0.261352,0.0675054,0.0305159,-0.0232609,-0.102972,-0.101492,0.0152704,0.00362048,-0.0514008,1.73587,0.0475293,-0.00446354,0.788677,-0.194099,0.152785,-0.556736,4.40756,-0.103362,0.188782,-0.0654206],[0.00838087,0.00695792,0.381035,-0.0127291,0.54891,0.110248,-0.162246,0.0434032,-0.127401,-0.187066,-0.152695,-0.158029,-0.272034,1.24478,-9.20564,-0.130086,-0.0676899,-1.56796,0.291638,0.107123,0.286076,5.22739,-0.293617,-0.792886,-0.183511],[-0.0217627,-0.0634183,-0.0626186,-0.0416348,0.0837186,0.00371576,-0.044323,0.00673547,0.011262,-0.0102789,-0.0147815,0.0082159,-0.239211,0.225897,-0.321494,0.0124651,0.0134089,0.174223,0.0304146,0.0467353,0.0902688,-0.160344,-0.0761882,0.196136,0.00270544],[-0.0169644,-0.024063,-0.00668011,-0.0163285,-0.150069,0.0117746,0.0159253,0.000565591,0.00480966,4.91333e-05,0.00663303,-0.000152117,0.0187803,-0.269089,0.0905753,0.00144134,-0.00881149,0.233291,0.00297755,0.00451433,-0.0456358,0.319117,-0.0587548,0.01985,-0.00153123],[-0.00300185,-0.00961885,0.00333778,-0.00647982,0.0113072,0.0123377,0.00436715,0.000623681,-0.00182242,0.00110082,0.00113771,0.00273272,-0.000145912,-0.00851784,0.0464547,0.00249975,0.000263003,0.0402902,-0.0018353,0.0135882,-0.00820117,0.0478342,0.0234933,0.00655754,-0.00145015],[0.0603482,-0.000440371,0.163991,-0.217126,0.270999,-0.230975,0.112462,0.0673561,0.0333424,-0.0293166,-0.0551411,-0.024012,-0.253061,-0.115394,0.946363,-0.0496884,0.0163435,-0.776664,0.0254381,0.121085,0.00966254,3.2408,-0.244391,0.124552,0.0568443],[0.239703,0.474638,-0.435074,0.244521,0.655622,-0.309879,0.0182467,0.0216359,-0.000294856,0.0527844,0.0783449,-0.02863,0.355044,0.627367,0.552892,-0.0566805,-0.0485355,0.109998,-0.12707,-0.301682,0.497335,-0.791219,0.309204,-0.267438,0.0454448],[-0.0023503,-0.00644079,0.0213585,-0.00389547,-0.00868066,-0.0316361,-0.0146544,-0.00106529,-0.00187971,-0.00488398,-0.00650448,-0.00860267,0.0102227,0.0331365,-0.0435228,-0.0139182,-0.0022496,-0.113367,0.00166124,-0.000844906,0.0254863,-0.019353,-0.0500075,-0.00109385,-0.00284534],[-0.180468,-0.469674,-0.304808,-0.233885,-0.654122,0.161969,0.32564,0.0523029,-0.264729,0.0245157,0.00864009,-0.0177784,-0.159906,0.594316,-1.76235,-0.0212985,0.0677937,-1.11847,0.111876,0.126075,0.301056,-1.99171,0.691971,-0.615392,-0.116933],[-0.130281,-0.149961,-0.209411,-0.23341,-0.297013,0.00702557,-0.0638692,0.00652367,0.00644662,-0.0172805,-0.0135907,-0.00911416,-0.0157436,0.197917,-0.425721,-0.0028509,0.00888588,-0.414161,0.0448118,-0.0296434,0.0104719,0.785627,-0.100995,0.00707183,0.00219726],[0.0203714,0.00257569,-0.0051508,-0.0328243,0.0342322,0.109283,0.0589761,-0.00264727,0.0769089,0.04183,0.0358002,0.0260715,0.0218133,-0.318183,1.2564,0.0354511,0.0320735,0.299428,0.0290142,0.0389613,0.33336,1.50881,0.205451,0.236727,0.0300944],[-0.000604351,-0.000512749,-0.0104794,0.000767962,-0.00337825,-0.00804724,-0.00225183,-1.79182e-05,0.000529045,-0.000473905,-0.000961062,0.000327129,-0.00510857,0.00212303,-0.0163865,0.000669727,0.000732237,0.00271879,0.00283039,0.00337277,0.000313775,0.0107677,-0.00255763,-0.00230035,-0.00996726],[-0.00319266,0.0584591,0.026181,-0.0172276,-0.000793373,0.0148267,-0.0238974,-0.0079895,-0.0125669,-0.00367601,-0.00870439,-0.0142332,-0.073864,0.116316,-1.02526,-0.0154364,0.00383674,-0.269412,-0.0259301,-0.109562,0.0155317,-1.06309,-0.171596,-0.0810752,-0.00270358],[-0.0169868,0.0215177,-0.0996931,0.0676055,0.0841945,-0.0608952,-0.0273963,0.00531048,0.0635992,0.0108094,0.00320761,0.0271298,-0.0779308,0.159418,-0.577938,0.0164042,0.0213503,-0.241995,-0.0706513,0.0213886,0.0920863,-0.0462124,-0.0146862,0.192069,-0.00317524],[0.0472582,0.195166,0.48223,-0.318183,-0.429788,-0.00255543,-0.0133207,-0.0182465,0.108656,-0.0367576,-0.0378675,0.0440997,0.343884,0.39185,-0.264792,0.0267316,0.0330306,-0.442512,-0.0557965,-0.0924811,-0.0211533,-0.847555,0.240029,0.291922,0.110398],[0.0196893,0.0881686,-0.0832353,-0.0929336,-0.264377,-0.163462,-0.0320019,0.0053491,-0.0223702,-0.0108983,-0.00668897,-0.0140006,-0.0707899,0.21679,-0.77233,-0.00709878,-0.00320173,-0.363823,0.04684,-0.0771503,0.0311796,3.21,-0.142537,-0.130046,-0.0171913],[0.0129478,0.0744178,-0.0386354,-0.0171486,-0.128947,-0.0985842,0.0163814,0.00610784,0.00266672,-0.000615372,-0.0027127,-0.00307444,0.0274506,-0.0572205,0.195386,0.00115971,0.00507295,-0.193674,0.00445702,0.0024801,0.03205,-0.0662294,-0.0798471,-0.0061147,-0.000923158],[-0.0298412,-0.00659567,0.0535658,-0.00587174,-0.0725891,0.0443205,-0.00108304,0.00270276,-0.0102432,-0.00360265,0.00103615,-0.00245411,-0.0292378,0.00131747,-0.448641,-0.00519946,0.00112234,-0.163035,-0.00245901,-0.0437042,-0.0242042,-0.120157,-0.0743842,-0.0744227,-0.00298458],[-0.0222844,0.0036874,0.171849,0.0649277,0.0128704,0.0502037,0.0368017,-0.000146928,0.0176905,0.00469667,0.00372044,0.013708,-0.0587159,-0.172557,0.691284,-0.00225252,-0.00253804,0.281337,0.0068681,-0.0628509,-0.0183849,-1.46654,-0.0516832,-0.0189145,-0.00763445],[0.0245864,0.0365189,0.00546307,0.0615307,0.157594,0.0587885,-0.0257601,-0.00768006,-0.00895913,0.000794131,0.00133115,-0.000301505,0.0140082,-0.000911362,0.106214,-0.000212714,-0.00446723,0.0566702,0.00372747,-0.00705443,-0.00253415,-0.32755,0.0524188,0.0200027,0.00135218],[0.0130589,0.0122679,-0.0180157,-0.008763,0.0709956,0.16552,-0.0064984,-0.00247514,-0.0192389,0.00182321,0.0036397,-0.00327183,0.0181223,-0.0801137,-0.268872,-0.0025365,-0.00501375,0.0945995,-0.00890138,-0.0290511,-0.0338265,-0.538742,-0.0141966,-0.0484725,0.000411667],[0.019015,-0.00351184,0.157002,-0.0184055,0.000606768,0.207126,-0.0656979,-0.00489529,0.0368127,0.000613151,0.00592326,-0.0131607,-0.0861441,-0.103095,0.842137,-0.00722234,-0.0240348,0.465603,0.0725335,0.185155,0.0018116,-0.941235,0.226571,0.119074,0.0127337],[0.206308,0.365,0.296134,-0.0330273,0.369129,-0.10928,0.0971729,-0.0558777,0.0689733,0.0876642,0.0480847,0.0569069,0.157161,1.1247,-3.36025,0.0878033,0.0788442,-1.02154,0.0474029,-1.07453,0.179235,4.30141,-0.0308562,0.52183,-0.0120562],[0.079236,0.0743935,0.18379,0.106258,0.0788539,0.0323533,0.0417982,-0.0197402,-0.147005,-0.00113509,0.0179701,-0.0218009,0.524758,-0.416899,1.95413,-0.0270478,-0.0569967,0.565916,-0.300088,-0.110672,-0.35321,-3.7983,0.189628,-0.182887,-0.0239443],[-0.0109482,-0.180644,0.0360965,-0.0665858,0.767449,0.465161,0.215529,0.0142436,0.0734488,-0.00434371,-0.00501691,0.0867908,0.0398782,-0.196441,2.7748,0.0886694,-0.0238119,0.997818,0.103012,0.102577,-0.242566,5.83594,0.188492,0.00334908,-0.0986574],[0.0738875,0.0550312,-0.0866133,0.0252055,0.820342,0.0229046,-0.00800449,0.00595358,-0.00233132,-0.0515198,-0.0558998,0.0217369,0.0722505,-0.0457422,1.17724,0.0195946,0.0178787,-0.344362,-0.0960895,-0.113433,0.133519,3.80407,-0.064407,0.0124591,-0.142217],[-0.0792991,-0.00874522,-0.382905,0.185069,0.490749,0.359357,0.204073,-0.0162613,0.0218953,-0.0171259,0.000542144,-0.0261047,0.141579,0.363192,-0.865931,0.01915,-0.00341323,1.13759,0.152789,-0.127128,-0.315482,-4.89096,0.390646,-0.0940909,0.00750274],[-0.0427831,-0.0460091,-0.136998,0.0234975,-0.0781596,-0.0578499,-0.0244053,0.00420385,0.0282561,-0.00494122,-0.00725548,-0.00325445,0.0162296,0.0858427,0.167086,-0.00554563,0.00560033,-0.274241,0.0697284,0.02532,0.0384949,-0.0209554,-0.0493782,-0.039236,-0.0060277],[-0.00546195,-0.00203451,0.00290515,-0.00512231,-0.0097119,-0.0506731,-0.0130578,-0.00177626,0.00563055,0.000815518,0.000107527,0.00319563,0.0475537,0.0305901,0.239173,-0.00125544,-0.00543527,0.0450528,-0.0108184,0.0191488,-0.00654961,-0.0930172,-0.0241472,0.0313458,-0.00107511],[0.00427229,0.0151753,0.00331586,0.0029475,-0.0123344,-0.00549301,0.000267306,-0.000766286,-0.00144327,0.000642702,0.00147654,0.000445679,0.0147249,-0.0276853,-0.0568196,-0.000367837,-0.00193311,0.0332494,-0.000991101,-0.00869669,-0.0075863,0.0815135,-0.0110943,-0.0093595,-0.000475842],[-0.139759,-0.23263,0.145502,-0.149816,-0.39977,-0.41456,0.029047,0.00289527,-0.0175474,0.0532691,0.0247699,0.0342344,-0.520484,-0.520041,5.52663,0.0466533,0.0114482,0.313424,-0.203184,0.037875,-0.331835,2.87185,-0.602075,0.285408,-0.011533],[-0.104902,-0.229179,0.100592,-0.0930149,-0.432065,-0.0740558,-0.0127783,-0.00716603,-0.034907,-0.0225249,-0.043129,0.0137561,0.0293438,0.855947,-0.92649,0.00944444,0.00371683,-0.221611,-0.220376,0.162648,0.0532872,-0.593166,-0.420082,0.0366405,-0.0627254],[0.000962092,0.0123092,0.00631002,-0.00303879,-0.0249665,-0.0101797,-0.0108703,0.000293594,0.00234325,-0.000958635,0.000709468,-0.00421518,-0.00947023,0.0249614,-0.0454622,0.000712938,-0.00247093,-0.027712,-0.00774122,-0.0308931,-0.00288723,-0.187751,-0.0115583,0.0118034,0.00145909],[-0.0140411,0.196178,-0.158547,-0.117399,0.0464843,0.202282,-0.0312741,-0.0121569,0.0460462,-0.0961524,-0.10054,-0.0299758,-0.161032,0.814475,-4.55642,-0.0561161,0.0409859,-1.57311,-0.151398,0.0926648,0.340379,-0.232625,-0.52727,-0.0902084,0.0102851],[-0.0733678,-0.152016,-0.0334954,-0.139277,0.149487,0.074761,0.00881447,-0.00160554,0.0190285,0.00379121,-7.63477e-05,0.0210322,0.057666,-0.013875,0.221561,0.0245944,0.0215316,0.0657689,0.024767,-0.0755899,0.0412445,0.714378,-0.0269291,0.158187,0.00517483],[-0.0121527,-0.026488,0.0498747,-0.0197562,0.0113337,0.0381862,0.00593355,-0.00216018,-0.007065,0.00114257,0.00818553,-0.000516392,-0.0148909,-0.0280004,-0.115023,-0.0021881,-0.0148983,0.0722073,0.0354933,-0.013921,-0.0182157,-0.397156,-0.0871023,-0.0321825,0.00773267],[-0.00105962,-0.00251511,-0.00114632,-0.000947865,-0.00388381,-0.00336659,0.00140166,0.000160485,3.41626e-05,0.000543632,0.00020636,-0.000530354,-0.00293855,-0.00270055,0.0338191,0.000165115,0.000285436,-0.00357046,0.00254356,0.00198787,-8.83534e-05,-0.0150645,0.00276817,-0.00991636,0.00576887],[0.0252247,0.0462798,-0.0255653,-0.000571684,0.0793524,0.0423848,-0.000822295,-0.0028579,0.00109964,0.0115583,0.00852133,0.00467803,0.0360876,-0.00178569,0.13959,0.00313258,0.00102332,-0.150316,-0.0172385,-0.120843,0.0137468,-0.178746,-0.0705956,-0.0312521,-0.00503251],[0.00650738,-0.0238306,0.0745341,0.0378822,-0.100176,-0.0411482,0.0381511,0.00667208,0.00595391,0.00779523,0.00744368,0.0155112,-0.109542,-0.0487207,-0.0509299,0.00593697,0.00678112,-0.00746859,-0.0198478,0.00359169,-0.0365236,0.529005,-0.119805,-0.0094751,0.00033952],[-0.0253065,0.110838,-0.319354,0.0805486,-0.107248,-0.149101,-0.0990028,0.0215301,-0.053158,-0.0121733,-0.0266359,-0.0151864,0.0269372,-0.088744,-1.89108,-0.040196,6.48732e-05,-0.955802,-0.141035,-0.204983,0.0970408,2.15209,-0.358443,-0.16497,0.00874714]],"sigmahat":[[0.309577,0.419777,0.273642,0.0985287,0.533746,0.337857,0.0330529,-0.0350029,-0.000867223,0.018169,0.0213962,0.012202,0.156363,-0.0682188,0.801799,0.0115134,-0.012551,0.515389,0.0179059,-0.185756,-0.0593278,-0.0521283,-0.0385436,-0.00398492,0.00391853],[0.419777,0.967587,0.218928,0.119873,0.334931,0.410699,-0.0939215,-0.062749,-0.0145517,0.00135814,0.0161861,-0.00515094,0.268238,0.227677,-0.998729,-0.00895368,-0.0244576,0.022867,0.022856,-0.371537,-0.0486417,-0.536032,-0.549612,-0.110599,-0.00769036],[0.273642,0.218928,3.06323,0.0273945,0.206971,0.701656,0.338678,-0.0256186,-0.00769474,0.0106344,0.0133028,-0.0429415,0.435085,-0.0271241,2.6255,-0.0355494,-0.0467726,0.610476,0.0643106,0.109673,-0.0791775,-8.70664,0.479802,-0.026714,0.0521381],[0.0985287,0.119873,0.0273945,0.64128,0.129124,-0.0923832,-0.0225753,-0.0222165,-0.0275345,0.00551503,-0.00389869,0.00862193,0.0453212,-0.213374,0.200046,-0.0141068,0.00564519,0.113437,-0.0862217,-0.0433748,0.0873354,-3.20632,0.249741,-0.160296,-0.0209965],[0.533746,0.334931,0.206971,0.129124,6.58106,1.94768,0.466527,-0.0328357,0.0878028,0.0984897,0.0897826,0.121157,0.380766,0.0250648,7.29418,0.148535,0.0542429,2.01228,-0.0889515,-0.467399,-0.066205,0.155368,0.366584,0.513152,0.0739781],[0.337857,0.410699,0.701656,-0.0923832,1.94768,5.10981,0.334474,-0.0573171,-0.0813424,0.0599701,0.0590074,-0.000711312,0.606224,0.313578,1.58134,0.0695685,0.0535581,0.456246,-0.017045,-0.250954,-0.271949,-1.39303,-0.157016,0.0654822,0.0510896],[0.0330529,-0.0939215,0.338678,-0.0225753,0.466527,0.334474,0.670438,0.00942699,-0.0298901,0.04001,0.0425761,0.00377674,0.221616,-0.629407,2.07113,-0.000533246,-0.0184368,0.300652,-0.0647138,-0.178538,-0.251633,-1.80555,0.302496,0.0248981,0.0322908],[-0.0350029,-0.062749,-0.0256186,-0.0222165,-0.0328357,-0.0573171,0.00942699,0.0138407,0.00610039,-4.97655e-06,-0.000977666,-0.000935812,-0.0352119,0.0165825,0.0142746,-9.87296e-05,0.00208225,-0.0631278,-0.00296764,0.0435314,0.0100131,0.218894,0.0323243,0.020017,0.00252843],[-0.000867223,-0.0145517,-0.00769474,-0.0275345,0.0878028,-0.0813424,-0.0298901,0.00610039,0.174057,0.0174325,0.0139996,0.032112,-0.0799237,-0.104648,1.34176,0.0294374,0.0130012,0.207128,0.0240584,0.0746862,0.126236,0.416972,0.0968986,0.347351,0.0208872],[0.018169,0.00135814,0.0106344,0.00551503,0.0984897,0.0599701,0.04001,-4.97655e-06,0.0174325,0.0463363,0.0365141,0.0262929,0.105978,-0.17459,0.968207,0.0204855,0.000627336,0.295405,-0.00842488,-0.00634743,-0.0481052,0.192058,0.0709338,0.0773338,0.0205295],[0.0213962,0.0161861,0.0133028,-0.00389869,0.0897826,0.0590074,0.0425761,-0.000977666,0.0139996,0.0365141,0.0400038,0.0214808,0.107438,-0.212626,1.0546,0.017645,-0.0107043,0.38258,0.000859466,-0.000778386,-0.0987987,0.315328,0.0744643,0.0714876,0.0193212],[0.012202,-0.00515094,-0.0429415,0.00862193,0.121157,-0.000711312,0.00377674,-0.000935812,0.032112,0.0262929,0.0214808,0.0528203,0.0595412,-0.114364,1.15695,0.0475037,0.0235404,0.341606,-0.00955201,0.00453193,-0.0132365,0.180562,0.0703783,0.121112,0.0115101],[0.156363,0.268238,0.435085,0.0453212,0.380766,0.606224,0.221616,-0.0352119,-0.0799237,0.105978,0.107438,0.0595412,1.92037,-0.385607,3.1983,0.0193821,-0.0330089,0.455399,-0.207321,-0.246198,-0.368089,-4.10379,0.324416,0.118868,0.0932911],[-0.0682188,0.227677,-0.0271241,-0.213374,0.0250648,0.313578,-0.629407,0.0165825,-0.104648,-0.17459,-0.212626,-0.114364,-0.385607,6.40758,-12.4187,-0.00521161,0.230829,-4.735,0.21249,-0.329452,1.16082,-7.29304,-0.908904,-0.56238,-0.0255131],[0.801799,-0.998729,2.6255,0.200046,7.29418,1.58134,2.07113,0.0142746,1.34176,0.968207,1.0546,1.15695,3.1983,-12.4187,129.144,1.25633,-0.10954,23.8232,0.0814544,0.808036,-2.78933,10.3558,7.23103,7.28164,0.673042],[0.0115134,-0.00895368,-0.0355494,-0.0141068,0.148535,0.0695685,-0.000533246,-9.87296e-05,0.0294374,0.0204855,0.017645,0.0475037,0.0193821,-0.00521161,1.25633,0.0673987,0.0334066,0.399028,0.0123223,0.00734468,-0.0133032,0.293785,0.127936,0.117535,0.0133723],[-0.012551,-0.0244576,-0.0467726,0.00564519,0.0542429,0.0535581,-0.0184368,0.00208225,0.0130012,0.000627336,-0.0107043,0.0235404,-0.0330089,0.230829,-0.10954,0.0334066,0.0598026,-0.371477,0.00269802,-0.0125684,0.148969,-0.542345,0.0163968,0.0583816,0.00416308],[0.515389,0.022867,0.610476,0.113437,2.01228,0.456246,0.300652,-0.0631278,0.207128,0.295405,0.38258,0.341606,0.455399,-4.735,23.8232,0.399028,-0.371477,18.3039,0.147038,0.468456,-2.25331,-4.66826,3.06442,0.968524,0.205238],[0.0179059,0.022856,0.0643106,-0.0862217,-0.0889515,-0.017045,-0.0647138,-0.00296764,0.0240584,-0.00842488,0.000859466,-0.00955201,-0.207321,0.21249,0.0814544,0.0123223,0.00269802,0.147038,0.594482,0.260258,-0.0429034,0.698388,-0.00376272,0.00892576,-0.0015957],[-0.185756,-0.371537,0.109673,-0.0433748,-0.467399,-0.250954,-0.178538,0.0435314,0.0746862,-0.00634743,-0.000778386,0.00453193,-0.246198,-0.329452,0.808036,0.00734468,-0.0125684,0.468456,0.260258,1.52137,-0.0349023,2.42273,0.671391,0.319139,-0.00976037],[-0.0593278,-0.0486417,-0.0791775,0.0873354,-0.066205,-0.271949,-0.251633,0.0100131,0.126236,-0.0481052,-0.0987987,-0.0132365,-0.368089,1.16082,-2.78933,-0.0133032,0.148969,-2.25331,-0.0429034,-0.0349023,1.44447,-0.547064,-0.339091,0.277897,-0.0170945],[-0.0521283,-0.536032,-8.70664,-3.20632,0.155368,-1.39303,-1.80555,0.218894,0.416972,0.192058,0.315328,0.180562,-4.10379,-7.29304,10.3558,0.293785,-0.542345,-4.66826,0.698388,2.42273,-0.547064,384.363,-7.90672,1.32905,-2.16692],[-0.0385436,-0.549612,0.479802,0.249741,0.366584,-0.157016,0.302496,0.0323243,0.0968986,0.0709338,0.0744643,0.0703783,0.324416,-0.908904,7.23103,0.127936,0.0163968,3.06442,-0.00376272,0.671391,-0.339091,-7.90672,3.91815,0.349952,0.10553],[-0.00398492,-0.110599,-0.026714,-0.160296,0.513152,0.0654822,0.0248981,0.020017,0.347351,0.0773338,0.0714876,0.121112,0.118868,-0.56238,7.28164,0.117535,0.0583816,0.968524,0.00892576,0.319139,0.277897,1.32905,0.349952,1.95599,0.0725689],[0.00391853,-0.00769036,0.0521381,-0.0209965,0.0739781,0.0510896,0.0322908,0.00252843,0.0208872,0.0205295,0.0193212,0.0115101,0.0932911,-0.0255131,0.673042,0.0133723,0.00416308,0.205238,-0.0015957,-0.00976037,-0.0170945,-2.16692,0.10553,0.0725689,0.0877348]],"n":25,"lags":3}