{"betahat":[[0.0498833,-0.334159,-0.781124,1.79231,0.337971,1.54389,2.84677,-0.187372,-0.218368,0.0410655,-0.144129,-2.4724,10.5637,0.260418,-0.0436339,1.79211,0.410849,1.57574,0.448821,2.6245,0.860814,-0.310991],[0.98923,-0.00511669,0.137986,-0.0283498,0.00466926,0.263702,0.0404739,-0.0172049,0.0143919,0.0140213,-0.0168873,-0.243623,0.145816,-0.00812852,-0.0275016,0.332264,-0.0263434,-0.0129377,-0.0146052,-0.0138173,-0.00464464,0.00309885],[-0.0251331,0.910185,0.119191,-0.047127,0.100894,0.0740924,-0.0224546,-0.00754583,-0.000597441,0.0100402,-0.00252113,-0.0129853,0.0261651,-0.00635549,-0.0118572,0.228521,-0.00226062,0.0128482,-0.0167064,0.0456705,-0.0268948,0.00212962],[0.0401946,0.0707432,0.762209,0.0472005,0.118836,0.0511361,-0.00613992,-0.00610403,0.0170875,0.00259443,0.00467113,0.0480427,0.36802,0.00090055,-0.00102383,0.105005,-0.011007,-0.0319986,0.0218821,0.0165541,0.0866733,-0.0232479],[0.0187869,0.0160088,-0.0883285,0.80742,-0.20438,0.129964,-0.0920315,-0.0155364,-0.0101093,-0.0119551,0.0154887,0.222612,-0.264035,0.0160553,0.0220802,-0.261179,0.0138272,-0.0422467,0.0108905,-0.0608181,0.0901071,-0.00451972],[-0.0437947,-0.0652545,-0.0429969,-0.0530797,0.807636,0.00297827,0.0110742,0.00651211,-0.0119879,0.00152507,-0.000408074,-0.0126512,-0.187064,-0.000908513,0.00127081,-0.0380018,0.00104962,0.0402974,-0.0211956,-0.0957162,-0.021604,-0.00540762],[-0.00103587,0.0123935,0.108327,-0.00529924,0.0445163,0.831943,0.0293506,0.0012485,0.0217304,0.00149455,0.00480473,0.0207057,0.505046,0.00532026,0.007249,-0.0986887,0.00343887,-0.00135847,0.00433995,0.0502326,0.074471,0.000715371],[0.0574868,0.136557,0.0897949,0.184945,-0.156472,-0.331694,1.09905,-0.0254276,-0.0420274,0.0185095,0.0137934,0.0249942,-1.3087,0.0173324,0.0257598,-0.234517,-0.0255146,-0.0443607,0.0196459,-0.00318721,-0.14439,-0.0104918],[-0.300023,-0.410031,-1.13301,0.342719,-0.244164,-0.567705,-0.404105,1.14941,0.0574574,-0.110222,0.0207049,0.315893,0.324736,-0.0132962,0.0552395,-0.646167,0.183318,0.0444038,0.0135849,0.044786,-0.0123752,-0.00425298],[-0.0476924,-0.00981508,-0.255008,0.046382,-0.344304,-0.552174,-0.0766614,0.0195397,0.946712,0.0243966,0.0113793,0.488593,-2.81088,0.00446759,0.0412948,-1.13917,0.0753021,-0.131263,-0.217126,-0.285066,-0.44747,-0.00828752],[-0.0937732,-0.262549,0.726422,-0.087387,-0.116602,-0.291935,-0.0455817,-0.0292257,-0.145882,1.16187,-0.129596,-0.0586325,-2.97231,-0.0897248,0.00605612,-1.2062,0.0227679,0.138963,-0.0239089,-0.370231,-0.234408,0.311609],[-0.0163168,-0.156307,0.251968,-0.132309,-1.07657,-0.285113,-0.0111878,-0.00792281,0.0475035,0.205913,1.09002,-1.75007,3.96207,0.0384088,0.00385196,0.0222062,-0.0303774,0.230954,0.117544,0.336842,0.39207,0.124866],[0.0150187,0.0225026,-0.04552,0.013271,0.116879,0.0355107,-0.00118472,0.0015551,-0.00445978,-0.00521739,-0.00025424,1.15285,-0.170144,0.00029398,0.00572009,-0.155812,-0.000888155,-0.00763383,0.0048825,0.00858256,-0.0150789,0.0102239],[-0.00370098,-0.00996627,-0.00659311,0.00125804,0.000955039,-0.0122132,-0.000484995,0.000151969,0.00215556,-0.00141867,-0.00330682,0.0219926,1.00877,-0.00239518,5.53975e-05,-0.0519074,-0.000842327,0.00371367,0.00645776,-0.0059092,-0.00608597,0.00361783],[0.155773,0.159807,0.148877,0.231365,0.609238,0.916188,-0.0228019,-0.0607296,-0.028537,0.0835516,0.0255599,-0.0864798,-2.68823,1.00697,0.00534869,0.996717,-0.00508355,-0.0741162,0.0683004,0.736317,-0.413279,0.0855126],[-0.308418,-0.215008,-0.656089,-0.21187,-0.521437,-0.422487,-0.295562,0.0094801,-0.0562238,-0.175692,-0.0280585,0.194758,-2.28891,-0.0197037,0.983705,-1.46724,0.100879,0.0426862,-0.0446252,-0.880842,-0.240696,-0.0705127],[0.0171279,0.0236934,-0.0148434,0.0172371,0.0540515,0.0523123,0.0198407,-0.0020294,0.00548755,0.00728721,0.0104215,-0.0376609,0.181492,0.0119467,0.00532039,1.15519,-0.00507332,-0.0117035,-0.00167379,0.0604771,-0.00511072,0.00908276],[0.183413,0.24231,0.649353,0.200727,0.454996,-0.287914,-0.283895,-0.0121187,0.148375,0.0122548,0.0165028,-0.917756,4.5178,0.0700165,-0.0722395,1.50595,1.05582,-0.168486,0.203483,0.0697521,0.422407,-0.0706753],[0.246487,0.341237,0.304821,0.25283,0.14653,0.0774419,0.00901995,-0.0121904,-0.0183148,0.0167619,-0.00398743,-0.256334,0.358151,-0.0225252,-0.029281,0.366663,-0.00695382,0.893309,0.0128388,0.280081,-0.0190614,0.00600908],[-0.0312816,-0.129297,-0.0562185,-0.0541748,0.325388,-0.184745,0.120074,0.0178223,-0.112181,-0.00619785,-0.00542452,-0.00502626,0.554753,-0.0257084,-0.032624,0.11003,0.0376845,0.105117,0.581961,0.163615,-0.279759,-0.019126],[0.109582,0.113018,0.0805948,-0.0409774,0.124076,0.214506,0.0300108,-0.0031454,0.0144038,0.0106789,0.0210217,-0.225228,1.01442,0.00106524,-0.00914327,0.166325,0.0251371,-0.0743937,0.0217712,0.513121,0.132258,0.0211256],[0.113331,0.257469,0.0241586,0.0215302,0.258886,0.302745,-0.113756,-0.0162959,0.123827,0.0317227,0.0267013,0.204888,0.474561,0.018527,0.0117364,-0.0553514,-0.0133557,-0.122362,-0.0471228,0.0815278,0.502532,0.0154925],[-0.0452887,-0.151798,-0.299934,0.298396,-0.00273102,-0.0183058,0.00899439,-0.020136,-0.0734611,-0.0293111,-0.0640043,-0.125303,-0.837882,-0.078946,-0.0680169,0.354105,0.0328916,0.0182015,0.0259839,-0.310597,0.0715512,0.798033],[0.0201831,-0.0160994,-0.11878,0.07087,0.218498,-0.125881,-0.0116318,0.00839434,-0.00261584,-0.00310807,0.0248761,0.105284,0.107875,0.0144421,0.0270902,-0.142477,0.0121711,-0.00937735,0.00231183,0.0301258,0.0294205,-0.0144213],[0.0219304,0.0483392,-0.0830999,0.0568741,0.01945,-0.00145325,0.01963,0.00227122,-0.00161022,-0.00608062,0.00760921,0.010658,-0.0681172,0.00911433,0.0081019,-0.0796453,0.000766782,-0.0116547,0.0113395,-0.0201441,0.0441683,-0.0105813],[-0.00843751,-0.0482542,0.175118,-0.0451362,-0.0424059,-0.0678842,0.00674806,0.00177695,-0.0043889,0.00376396,-0.00302483,-0.0486315,-0.0199367,0.00256405,-0.000141613,0.0438021,0.0133323,0.0105251,-0.0101032,0.0119078,-0.038455,0.035608],[-0.00438664,-0.0257672,-0.0699439,0.123551,0.217637,-0.142137,0.0533177,0.016549,-0.00324892,0.000196654,-0.0226982,-0.0868104,0.00886239,-0.0139923,-0.0206305,0.0421767,-0.00610949,0.00913967,-0.0191151,0.065469,-0.0774225,0.0146284],[0.0244604,0.0314349,0.0361703,0.00599156,0.102618,-0.0387854,0.0142158,-0.00114711,0.0178688,-0.00125417,0.00132032,-0.00406014,0.23494,0.00235741,0.000565284,0.0222649,-0.00275655,-0.0178993,0.0222199,0.0634611,0.00199152,0.00427176],[0.000193279,-0.00676177,-0.0697573,0.0114466,-0.089042,0.051183,-0.0182134,-0.000447659,-0.0056149,-0.00113741,-0.00268683,0.0304164,-0.345486,-0.00415857,-0.00411097,0.0289756,-0.00328082,-0.00180773,0.0104721,-0.0438351,-0.0359554,0.00159439],[-0.0443431,-0.0926423,-0.137505,-0.138294,0.139424,0.155151,-0.0373047,0.022315,0.00327708,-0.0172699,-0.0056035,0.0496692,0.512466,-0.0109733,-0.0075773,-0.10683,0.00209313,0.0386409,-0.0622797,-0.0398094,0.0239483,-0.00332193],[0.108717,0.151776,0.64707,-0.322,-0.265055,0.37646,0.0836083,-0.0958833,-0.0181989,0.00981237,-0.0449378,-0.975996,2.80933,-0.0355735,-0.0996214,1.59835,-0.212232,0.0638882,-0.0430695,0.0248949,-0.113305,-0.00143704],[0.027369,-0.00221763,0.204736,-0.116222,0.429035,0.556141,0.0615914,-0.00833752,0.155262,-0.0119114,0.00129435,-0.135759,1.07224,0.0205035,0.0159069,0.515261,-0.046282,0.0518328,0.283279,0.139249,0.477146,0.0239259],[0.0193964,0.170522,-0.625869,0.0827477,-0.60051,-0.0994939,-0.0410055,0.0266235,0.114639,-0.117109,0.0613646,0.152294,0.847743,0.0446882,0.0399276,0.89998,-0.0288159,-0.0708044,0.0410671,0.272633,0.16347,-0.113089],[0.0529433,0.141571,0.129361,0.0151168,0.703728,0.103488,-0.177264,0.0311827,-0.0836255,-0.161904,-0.101411,1.27571,-5.56027,-0.0744509,-0.0268991,-0.971354,0.072608,-0.141102,-0.0855123,-0.494864,-0.390761,-0.149778],[0.00326501,-0.00697808,0.0481532,-0.00180435,-0.0741672,0.0246579,0.0207799,-0.00155172,0.00832573,0.00618463,0.00223499,-0.240832,0.203769,0.00437897,-0.00496759,0.218567,0.00173111,-0.00042465,-0.00151327,0.0272613,0.0235353,0.00041175],[0.000222077,-3.39637e-05,0.000438451,-0.00623775,0.0108478,0.0122657,-0.00220328,0.00024853,-0.00272715,-0.000342253,0.00234936,0.00976491,-0.0492973,0.00159688,0.000554812,0.0210264,-0.000149382,-0.000709906,-0.0077482,-0.00500492,0.00543029,-0.00393298],[0.0458887,0.133386,-0.0583642,-0.106197,-0.0675564,-0.383523,0.00241648,0.0535444,0.00999082,-0.0614449,-0.0463536,0.140068,-0.442785,-0.0571734,-0.0309339,-0.585794,-0.0485747,-0.0322935,0.0548383,-0.208174,0.124013,0.0027555],[0.245314,0.258907,0.125519,0.204211,0.590928,0.215931,0.245236,0.008385,0.118409,0.172824,0.0175155,-0.551597,2.88391,-0.00228956,0.000492644,1.14613,-0.0700646,-0.0346641,0.13004,0.891432,0.256321,0.200691],[-0.0113553,-0.018138,0.0136006,-0.0104993,-0.0299209,-0.0395012,-0.0149693,0.000808177,-0.0076017,-0.00714311,-0.00832954,0.0407981,-0.208096,-0.0123709,-0.00261042,-0.138855,0.00400646,0.00546866,-0.00273794,-0.0498092,-0.0120913,-0.00919546],[-0.112563,-0.283473,-0.588814,-0.13277,-0.488157,0.187778,0.243405,0.0189016,-0.0991975,0.0671822,0.0235813,0.225136,-0.373275,0.0055458,0.0689846,-0.191228,-0.0138356,0.118539,-0.144034,0.203258,-0.255603,-0.0684699],[-0.157835,-0.19063,-0.164518,-0.165912,-0.236566,-0.0553079,-0.0493991,0.0108403,0.0115967,-0.0176554,-0.0120573,0.213285,-0.287029,0.0017495,0.0119788,-0.304671,0.0114242,0.0624944,-0.0134507,-0.176604,-0.00969398,-0.000213769],[-0.00629108,0.0572849,-0.116462,0.0217082,-0.1565,0.20873,-0.100597,-0.0114434,0.137878,0.0167555,0.0288021,0.00951768,0.0033159,0.0332511,0.0272163,-0.0429981,-0.00453252,-0.0331664,0.389375,-0.1732,0.378141,0.02146],[0.00916538,0.0240722,0.188919,0.026723,0.149425,0.0432029,-0.0123068,-0.00434862,-0.00470274,0.0076218,0.00175021,0.0247989,0.543447,0.00339036,0.0194955,0.0534733,-0.0349518,-0.0379885,0.0203324,-0.00423455,0.0632473,0.0213305],[0.0204638,0.0604067,-0.0612227,0.0629687,0.119328,-0.055386,1.99001e-05,0.00331812,0.074334,0.0169535,0.0234961,0.0202371,-0.187467,0.00938313,0.0175781,-0.136766,-0.0116566,-0.0391998,0.113708,0.0900457,0.163733,-0.000951553],[-0.00822093,0.0189426,0.389267,-0.345143,-0.377568,-0.0327207,0.0438183,0.00018118,0.0824522,-0.0305433,0.0417284,0.293695,-0.415652,0.0408294,0.0591339,-0.454416,-0.0303995,0.0200976,-0.018144,0.0598587,0.144644,0.0929498],[-0.00943206,0.0211802,-0.0192156,-0.0425453,-0.223129,-0.137854,-0.0288623,0.00881431,-0.0117787,-0.0109154,-0.00798539,0.138344,-0.25354,-0.00631376,0.000408984,-0.189691,0.0141732,0.0223248,0.0122831,-0.0163395,-0.0247806,0.0113173],[0.00317606,0.0414246,-0.0361107,-0.00977727,-0.120297,-0.0726878,0.00280313,0.00527918,0.00220092,-0.00396219,-0.00508442,0.00232938,0.0421194,-0.00276007,0.00375099,-0.148772,0.00149553,-0.00117761,0.00535042,-0.0255619,-0.0172918,0.00844473],[-0.0317834,-0.0225366,0.062594,-0.00210303,-0.0763755,0.0166711,-0.000641396,0.0043345,-0.0126961,-0.00636304,-0.00163956,0.000641193,-0.347914,-0.00346294,0.00116484,-0.148667,-0.00232282,0.0214815,-0.0117911,-0.0285021,-0.0482259,-0.0123646],[-0.0144208,0.00971863,0.158286,0.0689766,-0.0132042,0.0121416,0.0386699,-0.00100627,0.0133577,0.0117544,0.007215,-0.135816,0.255369,-0.00206215,-0.00145593,0.219189,-0.00771501,0.0331161,0.00821138,-0.00468663,-0.0126709,-0.0101196],[0.0192653,0.0337078,0.00677807,0.0470213,0.0895911,0.0356471,-0.0253157,-0.00535283,-0.00588478,-0.000274269,-0.000910611,0.0166723,-0.0477989,-0.00145848,-0.00184635,0.015879,0.00170568,-0.0223512,-0.00105568,0.032167,0.0195789,0.00113562],[0.000796016,-0.00570987,-0.0385938,-0.0062101,0.0445132,0.116652,-0.0111713,-0.000790185,-0.0161248,-0.000361852,-0.00211543,-0.0511406,-0.159539,-0.00117258,-0.00315268,0.0698882,-0.000159699,0.00318485,-0.0148513,-0.00645214,-0.0385743,-0.00231933],[-0.0132921,-0.0441035,0.0472447,-0.0466737,0.0168628,0.176229,-0.061951,0.00313557,0.0387252,-0.00123881,-0.00814872,-0.0748883,0.796563,-0.00636199,-0.0181913,0.341465,0.0234984,0.00587523,0.0426563,0.0428981,0.12058,0.0137896],[0.290772,0.420115,0.636591,-0.021017,0.477113,0.303817,0.274093,-0.0809177,-0.026265,0.0961656,0.0098836,0.59938,-3.31502,0.0451795,0.0423323,-0.831313,-0.0050549,-0.224968,0.0217377,-0.0367424,0.0634817,0.0103],[0.0202614,0.0118809,0.0507868,0.0696442,-0.0849108,-0.00415594,0.0149062,-0.0111723,-0.102049,-0.0124848,-0.0126406,-0.352625,1.73823,-0.0249446,-0.0572263,0.626046,-0.029079,0.0794172,-0.0664681,0.145558,-0.0299126,-0.0156932],[0.0429041,0.0415002,-0.126993,0.00111086,0.678833,0.36973,0.111567,0.0159909,0.0491293,-0.0570023,0.0771855,-0.0221616,2.68378,0.0701719,-0.0148583,0.486067,0.0085698,-0.0481983,0.00400129,0.104088,0.102028,-0.164995],[0.0132236,0.069309,-0.259806,0.133142,0.524748,0.398879,0.15897,-0.0191207,0.0334801,-0.0254157,-0.00862525,0.308559,1.1441,0.0331861,0.0131674,0.987852,-0.0362662,-0.1173,-0.0372415,0.188131,-0.0576232,0.0463756],[-0.0174413,-0.0212048,-0.00206323,-0.00909561,-0.0423789,-0.0595339,-0.0133914,-0.000180003,-0.00259943,-0.000161002,-0.000204411,0.0295534,0.0538872,-0.00312715,-0.00459979,0.0111423,-0.00596554,0.0108966,-0.0069234,-0.0369905,-0.00102743,-0.00929981],[0.00121029,0.00635502,0.0040854,0.00284482,-0.0144681,-0.00463191,0.00142581,-2.9869e-05,0.000749389,0.00142487,0.000901166,-0.0311213,0.00965557,0.000264913,-0.00082931,0.0288385,0.000591401,-0.0021859,0.000642599,0.00604644,8.18001e-05,0.000623053],[-0.141175,-0.208936,0.0238826,-0.0737617,-0.456413,-0.414049,0.0361785,0.00797382,0.00358537,0.00361328,0.00948768,-0.16808,2.99392,0.025912,-0.00209373,-0.0792744,0.00694443,0.0983693,-0.106692,-0.307303,0.234343,-0.00529591],[0.0605061,-0.00985658,0.464263,0.0153556,-0.0676933,0.133198,0.0219177,-0.0191169,-0.0765519,-0.00450658,0.00958984,0.431577,-0.667804,0.00941492,-0.0176041,0.200917,-0.0530493,0.00842717,-0.0690303,-0.037601,-0.0612836,-0.108512],[-0.0059119,-0.00591226,0.00241763,-0.00710998,-0.0242041,-0.013072,-0.00503853,0.00128317,0.00223979,-0.000104983,-0.00202921,-0.00136856,0.0283359,0.0004271,-0.00251126,-0.0171115,0.000977381,0.00603386,0.00425623,-0.01108,0.0175641,0.000242414],[-0.0685164,0.044252,-0.0556417,-0.0731364,0.0363255,0.10477,0.0384625,-0.00705573,-0.0450302,-0.0788659,-0.039511,0.710297,-4.08798,-0.0736665,0.00438734,-1.2919,-0.0451167,0.0458026,-0.0582679,-0.269698,-0.160571,0.142048],[-0.0780056,-0.136197,-0.110623,-0.0885405,0.089181,-0.015054,0.013509,0.00207479,0.0150993,-0.000520664,0.015798,0.0326351,-0.0491476,0.0201749,0.0163224,-0.0215242,-0.00137855,0.0311673,0.00485845,-0.0919873,0.053008,-0.00886286],[0.00625092,0.020783,0.0397064,0.0250642,-0.142066,-0.0552823,-0.0138043,0.000280131,-0.0359842,-0.0117301,-0.0165578,-0.156424,-0.00243325,-0.00629145,-0.00517887,-0.028515,-0.0289139,-0.0234011,-0.0318225,0.0104424,-0.106975,-0.0107061],[0.0223329,0.0219853,-0.0180801,0.00670266,0.0214782,0.0441354,-9.80768e-05,0.00189787,-0.00205104,0.0130852,0.0111893,0.018543,0.364739,0.00877013,0.0140957,-0.0975927,0.0169622,-0.031254,-0.00114324,0.087598,0.00831473,-0.0167469],[0.00908431,-0.00744959,0.0634522,0.03923,-0.0745894,-0.0189152,0.00359143,0.003621,-0.00647969,0.00843533,0.0139009,0.000639038,-0.108355,0.0100771,0.00549393,0.0129965,0.00239385,-0.00314266,-0.0441397,-0.00940601,-0.0235869,0.0134231],[0.0147797,0.0649388,-0.1129,0.0959925,0.0982651,-0.113342,-0.0261816,0.0211262,-0.046478,-0.000279222,0.0039242,-0.232051,-0.0670316,0.000686693,0.0148023,-0.5238,-6.2051e-05,-0.0122115,-0.0273237,0.0109097,-0.202411,-0.046231]],"sigmahat":[[0.710034,1.05892,0.629482,0.27562,1.24659,0.708898,-0.00394502,-0.0799565,0.0144216,0.0611586,0.0159139,-0.0219661,1.26782,0.0351558,0.00979062,0.374012,-0.0557919,-0.69302,0.0806874,0.675903,-0.0765038,0.0263576],[1.05892,1.99722,0.757533,0.422429,1.54039,0.989205,-0.162169,-0.131975,0.0109804,0.0683108,0.0062477,0.329955,0.514012,0.0399046,0.012171,-0.214147,-0.103292,-1.16116,0.179022,0.898866,-0.276111,0.0397761],[0.629482,0.757533,4.01851,0.0841475,0.55237,1.10273,0.40549,-0.0727671,-0.0405358,0.0562204,-0.0701953,-0.15971,1.06294,-0.0536908,-0.0477209,0.344938,-0.0576079,-0.567893,-0.0621816,0.778614,-0.172946,0.0882125],[0.27562,0.422429,0.0841475,0.76974,0.452635,0.0680452,-0.0447361,-0.0461564,-0.0348901,0.0210798,0.00633246,-0.19539,-0.149964,-0.0239818,0.00288499,-0.0593101,-0.0363186,-0.259946,-0.00974392,0.26595,-0.228285,-0.0304996],[1.24659,1.54039,0.55237,0.452635,8.52424,2.80128,0.297076,-0.117991,0.139281,0.174955,0.134027,0.496512,6.56767,0.202575,0.116554,1.10742,-0.16526,-1.35687,0.193286,1.43816,0.321574,0.0831653],[0.708898,0.989205,1.10273,0.0680452,2.80128,5.90423,0.332828,-0.10117,-0.077501,0.11201,-0.012348,0.290104,1.88859,0.0977879,0.0721726,0.556004,-0.0931889,-0.672393,0.0653325,0.657966,-0.080603,0.102607],[-0.00394502,-0.162169,0.40549,-0.0447361,0.297076,0.332828,0.765305,0.0116492,-0.0353446,0.048727,0.00460492,-0.819602,1.83174,-0.00219925,-0.018289,0.421016,-0.0287274,0.116218,-0.118538,0.122738,0.0524929,0.0421252],[-0.0799565,-0.131975,-0.0727671,-0.0461564,-0.117991,-0.10117,0.0116492,0.0200608,0.00444658,-0.00717848,-0.00216345,0.0210511,-0.11728,-0.00364764,-0.000551966,-0.0640232,0.0122108,0.0832275,-0.00840096,-0.0757995,0.0216206,-0.00176631],[0.0144216,0.0109804,-0.0405358,-0.0348901,0.139281,-0.077501,-0.0353446,0.00444658,0.204654,0.0248768,0.0353607,-0.080089,1.56229,0.0344303,0.0219928,0.207723,-0.0075318,-0.0360214,0.202492,0.073257,0.368106,0.0326439],[0.0611586,0.0683108,0.0562204,0.0210798,0.174955,0.11201,0.048727,-0.00717848,0.0248768,0.063363,0.0273946,-0.231977,1.06773,0.0234207,0.00323534,0.32797,-0.00932962,-0.0464647,0.0181889,0.115709,0.0659367,0.0374063],[0.0159139,0.0062477,-0.0701953,0.00633246,0.134027,-0.012348,0.00460492,-0.00216345,0.0353607,0.0273946,0.0571832,-0.123139,1.16899,0.0512097,0.0248587,0.370211,-0.00758504,-0.00588082,0.0277335,0.047766,0.113121,0.00847523],[-0.0219661,0.329955,-0.15971,-0.19539,0.496512,0.290104,-0.819602,0.0210511,-0.080089,-0.231977,-0.123139,7.90371,-12.8875,0.00949701,0.287217,-5.98666,0.0592822,-0.396407,0.137172,-0.684844,-0.590248,-0.0261264],[1.26782,0.514012,1.06294,-0.149964,6.56767,1.88859,1.83174,-0.11728,1.56229,1.06773,1.16899,-12.8875,122.236,1.15428,-0.193628,23.1386,-0.509934,-0.273096,0.920193,4.38736,7.20174,0.827292],[0.0351558,0.0399046,-0.0536908,-0.0239818,0.202575,0.0977879,-0.00219925,-0.00364764,0.0344303,0.0234207,0.0512097,0.00949701,1.15428,0.0729156,0.0386311,0.379829,-0.00533787,-0.0353947,0.0282239,0.0652707,0.111163,0.0114496],[0.00979062,0.012171,-0.0477209,0.00288499,0.116554,0.0721726,-0.018289,-0.000551966,0.0219928,0.00323534,0.0248587,0.287217,-0.193628,0.0386311,0.0723265,-0.47809,0.00571325,-0.0407504,0.0337039,0.00698088,0.0543991,0.00129722],[0.374012,-0.214147,0.344938,-0.0593101,1.10742,0.556004,0.421016,-0.0640232,0.207723,0.32797,0.370211,-5.98666,23.1386,0.379829,-0.47809,21.3002,-0.255047,0.33548,-0.0394088,2.49136,1.21373,0.272137],[-0.0557919,-0.103292,-0.0576079,-0.0363186,-0.16526,-0.0931889,-0.0287274,0.0122108,-0.0075318,-0.00932962,-0.00758504,0.0592822,-0.509934,-0.00533787,0.00571325,-0.255047,0.0679246,0.0614182,-0.0303573,-0.0953724,0.00405541,-0.0412308],[-0.69302,-1.16116,-0.567893,-0.259946,-1.35687,-0.672393,0.116218,0.0832275,-0.0360214,-0.0464647,-0.00588082,-0.396407,-0.273096,-0.0353947,-0.0407504,0.33548,0.0614182,0.891812,-0.111884,-0.588832,0.151197,-0.0362257],[0.0806874,0.179022,-0.0621816,-0.00974392,0.193286,0.0653325,-0.118538,-0.00840096,0.202492,0.0181889,0.0277335,0.137172,0.920193,0.0282239,0.0337039,-0.0394088,-0.0303573,-0.111884,0.467952,0.0370855,0.543245,0.058833],[0.675903,0.898866,0.778614,0.26595,1.43816,0.657966,0.122738,-0.0757995,0.073257,0.115709,0.047766,-0.684844,4.38736,0.0652707,0.00698088,2.49136,-0.0953724,-0.588832,0.0370855,2.13057,0.0169352,0.154682],[-0.0765038,-0.276111,-0.172946,-0.228285,0.321574,-0.080603,0.0524929,0.0216206,0.368106,0.0659367,0.113121,-0.590248,7.20174,0.111163,0.0543991,1.21373,0.00405541,0.151197,0.543245,0.0169352,1.96949,0.052574],[0.0263576,0.0397761,0.0882125,-0.0304996,0.0831653,0.102607,0.0421252,-0.00176631,0.0326439,0.0374063,0.00847523,-0.0261264,0.827292,0.0114496,0.00129722,0.272137,-0.0412308,-0.0362257,0.058833,0.154682,0.052574,0.207454]],"n":22,"lags":3}