{"betahat":[[-0.129102,1.958,-5.93743,-0.139153,2.41377,1.45525,0.350554,-0.278575,-0.291074,2.34512,-1.28465,-0.263549,42.7933,0.386459,0.289749,4.54466,1.07694,3.67338,-0.46324],[0.994871,-0.276818,0.25925,-0.215882,0.863977,0.757385,0.125092,-0.0153641,0.0285442,0.302559,0.0988014,-0.0202707,2.09507,-0.0117299,-0.0204862,0.861523,0.572809,0.0299314,0.0249766],[0.0199424,0.650925,-0.0429447,0.199901,-0.0347172,0.0690781,0.0168074,-0.0175982,0.0644821,0.151521,0.0525888,0.12785,2.4436,0.0478324,0.00450978,0.370187,0.149887,0.163591,0.00195737],[-0.0252202,0.0700653,0.949831,0.0283143,0.0522009,-0.0237779,-0.0748223,0.0103237,0.00230956,0.0511704,0.0481394,0.0545522,-0.27761,0.0271135,0.0456544,-0.108609,-0.125629,-0.0768664,-0.00449969],[0.21725,0.142193,0.400377,0.669823,0.381992,0.332718,-0.0732795,0.00582608,-0.0386454,0.0673426,0.0367818,0.134391,-1.18931,-0.00465441,-0.0124428,0.702179,0.707731,-0.240288,0.00570522],[0.0985098,0.0056462,0.0842615,-0.152797,0.964586,0.322045,-0.0468655,0.0241141,-0.0196528,0.163457,-0.0327926,-0.0159164,-0.0973709,0.00987134,-0.00740206,0.28973,0.0858853,0.0757306,-0.00595488],[-0.0372501,-0.0191124,-0.00237253,0.115795,-0.18097,0.695886,0.0841072,-0.00868224,0.0363138,-0.0350668,0.0139578,-0.00258685,0.121833,0.0105194,0.00801364,-0.0118844,-0.050659,0.0967971,-0.00102767],[0.118963,0.0829313,0.0790893,-0.106049,0.369861,0.286081,0.869143,-0.0216312,0.0517076,-0.0335374,0.0509324,0.327656,0.343482,0.0169443,0.0455001,-0.589074,0.0618762,0.704572,0.0114017],[-0.0142879,0.932595,-0.145403,0.116461,-0.320779,0.288879,-0.148497,0.708115,-0.0356502,-1.14708,0.000443175,-0.310915,-6.18333,0.0449652,-0.0027189,1.37404,0.495873,-0.16987,-0.0847862],[-0.452242,-0.516501,-0.316453,0.284452,1.71867,1.38427,1.08373,-0.0652009,0.89795,0.360372,0.190044,-0.642666,13.6627,-0.116937,-0.114909,2.43449,-0.41466,1.23128,-0.0229911],[-0.0296605,0.072023,0.1178,0.0316056,-0.265602,-0.27858,-0.0043361,0.00402211,-0.00193725,0.95525,-3.4306e-06,-0.00615389,-0.997026,-0.0139522,0.0178021,-0.160295,-0.0406631,-0.0257121,0.00987786],[-0.0717022,-0.463513,-0.17348,-0.671905,0.151142,0.184414,0.637565,0.0832923,0.0885363,-0.193301,1.17027,-0.389448,0.243481,0.209715,0.214276,-0.779027,1.31849,1.4853,0.0917467],[0.100509,0.0692392,-0.0291888,-0.135302,0.138999,0.117063,0.0450901,-0.0218398,0.0164412,-0.0154592,0.0358905,1.19162,0.525048,0.00669104,-0.00372764,0.182339,0.0927223,0.183623,0.00675057],[-0.00704556,0.00571288,-0.0321932,0.00387009,-0.0022299,-0.00977993,-0.024835,0.00176903,0.0023352,-0.0466479,0.00218216,0.0214322,0.846213,0.00360051,0.00348789,-0.00561779,-0.0261821,-0.0289721,0.00110173],[0.869771,0.30687,2.48224,0.714809,1.45355,1.46382,0.0801294,-0.0441494,-0.239314,0.311824,-0.0612439,-0.667389,-4.08287,0.969962,0.0501194,-0.210787,0.975287,-0.386001,0.110186],[-0.0390949,-0.0783505,-1.13089,-0.886232,-0.0256996,-0.534261,-0.189636,0.0488508,0.186538,-0.366868,-0.133039,0.164391,-8.4939,0.00815424,0.99076,-2.17308,0.523618,-0.38159,0.0329849],[-0.0181679,-0.0655751,0.0055681,-0.0520859,-0.0331698,-0.0285595,0.021944,0.00208059,0.0165887,0.0597487,-0.00634113,0.0170766,-0.120224,0.015333,0.00643251,0.924766,0.0508616,0.065892,0.000688219],[0.0538296,0.255834,0.0360822,0.0944209,-0.0765721,0.0114433,-0.0144212,-0.0202777,-0.00498501,0.169396,0.0131456,0.0485115,1.80911,-0.000195629,-0.0196246,0.343936,0.594203,0.116278,7.41457e-05],[0.0717252,0.0283993,0.144714,-0.0432129,0.0168026,0.0455908,0.106892,-0.000788708,-0.00683284,0.280105,0.013083,-0.135778,-1.06658,-0.0173931,-0.00446761,-0.310149,0.143562,-0.262249,0.0036853],[0.443381,0.324437,1.47595,-0.821186,-0.200659,-0.279397,0.484122,-0.0523366,0.370453,-0.969799,0.128404,-0.125444,13.0504,0.121396,-0.0303267,2.24618,3.23293,1.49024,1.17461],[-0.0416553,0.159814,-0.259311,0.0178436,-0.421037,-0.362226,-0.0565428,0.0212674,0.00637668,-0.215863,-0.10261,-0.088796,-3.79584,-0.0051802,0.030741,-0.981583,-0.179616,0.0921804,-0.0125129],[-0.0592657,0.126328,0.0428751,-0.110073,0.181251,0.0704483,-0.125161,0.0159173,-0.00592721,-0.116183,-0.00194821,0.00896247,-1.38148,-0.0186299,0.0138836,-0.373655,-0.114424,0.114751,-0.00463433],[-0.000111212,-0.058479,0.108974,0.0128808,-0.146313,-0.0887238,0.0247647,-0.0126529,-0.00891059,-0.10516,-0.0365184,-0.0235454,-0.492665,-0.0270913,-0.0277344,-0.288378,0.107648,-0.0390737,-0.00216661],[-0.156297,-0.0228296,-0.21626,0.238337,-0.272809,-0.249152,0.12003,-0.0114611,0.0969609,-0.0490718,0.0070758,-0.107047,3.46844,0.0709407,0.0687816,-0.219765,-0.518069,0.338811,-0.000253733],[-0.0429439,0.0129329,-0.0759429,0.0698245,0.0423275,-0.29615,0.0522405,-0.0145602,0.0241842,-0.112897,0.0320025,-0.0387426,0.875094,0.0172019,0.010311,0.175361,0.0525609,-0.0222596,0.000740346],[0.000829747,-0.00318357,-0.0361754,-0.0923263,0.195034,0.306098,-0.092242,-0.00493168,-0.0319969,0.0939393,-0.023162,0.0537073,-0.360086,-0.0127471,-0.0101895,0.118094,0.093364,-0.102497,0.00110153],[-0.0882853,-0.102594,-0.0215788,0.0645228,-0.350844,-0.311303,-0.0797314,0.00300104,-0.0666361,-0.079879,-0.0412684,-0.159057,-0.382852,-0.00217618,-0.0367267,0.541593,-0.0853201,-0.67371,0.00668573],[-0.142569,-0.765803,0.077235,0.455156,-0.209913,-0.554583,-0.322517,0.0952206,-0.0148502,-0.352327,-0.154766,0.292716,-2.13941,-0.195479,-0.0355456,-3.35585,-1.93211,-0.808806,0.0548456],[0.062937,0.0707285,0.219468,-0.864701,-1.06102,-0.473002,-0.758538,0.117136,0.211749,-0.284693,0.000166506,0.551489,-2.55228,0.116174,0.0811952,-2.35961,-0.439477,0.0688072,0.0292697],[0.0101836,-0.0897473,-0.0260106,-0.0264134,0.287971,0.27699,-0.0178068,0.0286725,0.0310477,0.0951566,0.0179142,0.0542735,1.97861,0.0473435,0.00699796,0.236623,0.242403,0.105124,0.00283927],[-0.214799,-0.124104,-0.550417,1.02747,-0.236764,-0.144116,-0.167887,-0.0208906,-0.0215504,0.100504,-0.206787,0.0356501,-0.893547,-0.0596811,-0.0960963,0.998214,-1.24843,-0.335505,-0.0472956],[-0.00612836,0.0149038,0.0532477,0.0452877,-0.057201,-0.0381234,0.0670884,0.0158564,0.0158949,0.0788673,-0.0195601,-0.154783,-0.863512,-0.0139701,0.00489108,-0.213663,-0.045633,-0.0126938,-0.0111197],[-0.00351823,-0.0207565,0.0216698,0.00456762,0.00245457,0.0110344,0.0189994,0.00186387,-0.00370371,0.0269265,-0.00381263,-0.00838548,0.0238802,-0.00296738,-0.0015625,0.0117884,0.0423958,0.0153507,-0.0013569],[-0.303257,0.177966,-1.33707,-0.198748,-0.596429,-0.45065,-0.582824,-0.0420759,0.0490539,-0.508326,-0.147941,0.716214,-4.85274,-0.15253,-0.0975668,-1.90476,-0.168193,-0.801734,-0.0389714],[0.00746963,0.0936358,0.356785,0.959342,0.0474382,-0.278063,-0.738852,-0.0557756,-0.250896,0.0956342,0.103164,0.457666,3.79306,-0.127858,-0.175415,2.333,-0.4467,-0.598539,0.0107265],[0.0225994,0.0606655,0.00665962,0.0269639,0.0177958,0.0428141,-0.0293456,-0.000376229,-0.017303,-0.0658961,0.00724836,0.0216493,0.138664,-0.0148981,-0.00604335,-0.0302901,0.01847,-0.0715633,-0.00127423],[-0.00627867,-0.0192135,-0.129792,0.0857076,-0.169231,-0.205395,0.045017,-0.0149324,-0.0260986,-0.241676,-0.0173196,-0.0784577,-1.90467,-0.0320385,-0.0075312,-0.498148,-0.312022,-0.0254975,-0.0124774],[0.0410584,0.0249204,0.063395,-0.0230852,-0.0551754,-0.115095,-0.0575956,-0.00343577,0.0146787,0.0845162,0.0132508,-0.0443892,-0.777055,0.0189657,0.0163522,-0.166552,0.0328887,0.0159708,0.0127043],[0.047318,0.411684,-0.584538,-0.143302,0.239157,-0.305688,-0.128272,-0.0238623,-0.345765,0.267251,-0.00707331,0.166533,-3.8625,-0.156152,-0.0373703,-0.90779,0.156428,-0.787905,-0.210366],[0.0467787,0.117076,6.34067e-05,0.198102,-0.44324,-0.395399,-0.0685409,-0.00592297,-0.0348878,-0.0868376,0.00383716,0.109139,1.70148,0.0168696,-0.0102967,0.120307,-0.393396,-0.122111,-0.0124827],[0.0392266,0.222786,8.14059e-05,-0.0898115,-0.146647,-0.13971,0.108341,0.00166569,-0.0585089,-0.03537,-0.0506385,-0.136901,-1.06298,-0.0292478,-0.0184229,0.00260976,-0.0358439,-0.27858,0.00267325],[0.0251974,-0.0116886,-0.0590536,-0.0412675,0.0939154,0.112272,0.0500903,0.00231664,0.00665813,0.0539222,-0.0115573,-0.0305593,0.77056,-7.6817e-05,-0.0179384,0.396256,0.0176297,0.116372,0.00666661],[-0.0610285,-0.119368,-0.184349,0.0917948,-0.109519,-0.0837538,-0.0465698,0.00560108,-0.0581679,-0.0181484,-0.0437836,-0.0271626,-2.27473,-0.0662547,-0.0563255,-0.482224,-0.190277,-0.0976827,-0.00542612],[-0.0556881,-0.0188035,-0.00789726,0.0831666,-0.00779551,-0.0265904,-0.00532513,-0.00947172,-0.00457975,-0.0503986,0.000807378,0.0548809,-0.779055,-0.0271681,-0.00302766,-0.464901,-0.138285,-0.0536561,0.0052154],[0.0363262,0.022253,0.0388721,-0.0232073,-0.0151802,-0.00321308,0.00825475,0.0136436,-0.00441706,-0.0589347,0.00929077,-0.0508052,0.237251,0.00211922,0.00202178,-0.105707,-0.0426418,0.00541686,-5.77971e-05],[-0.0304661,0.0195056,-0.0551155,0.0429685,-0.0192443,0.0258073,0.210644,0.018814,0.0154758,0.113607,-0.00921805,-0.167193,0.0469515,-0.0142342,-0.00861769,0.0523915,0.024805,-0.0305343,-0.0180091],[0.145129,-0.203472,-0.224903,-0.599783,1.07098,0.707093,0.428313,0.125383,0.0557293,1.29718,0.154614,-0.156741,6.42165,0.199036,0.11036,1.69645,1.35448,0.907803,0.0714819],[0.33847,0.0996778,0.398105,0.167259,-0.152132,-0.414782,0.255598,0.0514528,-0.0756752,0.546864,0.032806,-0.293907,-1.11853,-0.0532201,-0.060082,1.3475,0.93385,0.438921,0.0143052],[0.0187446,0.0173451,-0.0927302,-0.00574919,-0.0241354,-0.000499432,0.0217397,-0.0327033,-0.0289133,-0.051026,-0.0180249,-0.0483533,-0.974007,-0.0334382,-0.0248263,-0.075306,-0.204667,-0.079461,-0.0126897],[-0.00262102,0.294782,-0.359272,0.113201,-0.0308364,-0.102666,-0.302105,-0.0979672,-0.0911332,0.00178107,-0.0780643,0.15326,-2.0076,-0.0953243,-0.0723849,-0.151281,-1.41521,-0.979894,0.0213134],[-0.0937086,-0.0838302,-0.0223118,0.0897215,-0.0810426,-0.0771493,-0.110154,0.00601326,-0.0315237,-0.0613377,-0.0156661,-0.0363115,0.36107,0.00746475,-0.00119183,0.0341167,-0.0459167,-0.165776,0.00442513],[0.00914605,0.0118038,0.0153474,-0.00589778,-0.0066057,-0.0046702,0.0051665,-0.00315387,3.55415e-05,0.011021,0.00160039,-0.0168542,0.0398468,-0.00137998,-0.00192122,-0.00607326,-0.0245213,0.0072424,0.000118792],[-0.0621246,-0.113202,0.200168,-0.387355,-0.171898,-0.168782,-0.176743,0.00902279,0.0475293,0.0647827,-0.0404381,0.110836,-2.31957,0.011652,0.0421542,-0.395988,-0.588697,-0.57852,-0.0170042],[0.0476528,-0.000408011,0.156705,-0.238539,0.294409,0.63956,0.7646,0.0387071,-0.0183674,0.317113,0.0118998,-0.558221,4.16824,0.0655712,0.0727513,-0.198209,0.354095,0.448577,-0.0366851],[-0.0038435,0.00497343,-0.00469017,0.0275048,0.0115807,-0.0147522,0.00849816,-0.00172557,0.00134218,0.00478629,0.000448983,-0.0355248,-0.0345065,-0.000229987,-0.000184146,0.0992187,-0.069271,0.00666462,0.000817215],[-0.0312645,0.0097746,-0.0398715,-0.0747469,-0.0807774,-0.115047,0.0137539,-0.0162011,0.0183067,-0.00366341,0.0159302,-0.0714983,0.179525,0.0122402,0.00427658,-0.0827302,-0.20617,0.0110754,-0.000876729],[-0.0587405,-0.0672521,-0.0892612,0.0205151,0.00966879,-0.02863,0.0708281,0.0048722,0.00235113,0.0178972,0.00360579,-0.123867,-0.836659,0.00967137,0.00648541,-0.0105087,-0.101024,-0.192232,0.00229261],[-0.422028,-0.351559,-0.673333,0.43953,-0.406869,0.0799644,-0.501544,0.147307,0.116681,0.271383,-0.0984534,0.37047,-5.45273,0.179652,0.198916,-0.435339,-1.39396,-0.369476,-0.128602]],"sigmahat":[[0.198519,0.164825,0.276499,-0.0608997,0.188811,0.204807,0.00650937,-0.00321648,-0.00230522,0.0409634,0.0102154,0.0125319,0.17431,0.0152854,0.00503144,0.185149,0.324771,0.012011,0.000940593],[0.164825,0.4141,0.155552,-0.0611835,0.0312574,0.00567179,-0.0433016,-0.0312794,-0.0127072,-0.108925,0.009987,0.0120506,-0.050578,0.00894169,-0.00149254,0.144231,0.0934467,-0.152175,0.00228123],[0.276499,0.155552,0.949783,0.0314697,0.240038,0.420243,-0.0149228,0.012591,0.0166703,0.045313,0.0155033,0.0277439,0.759994,0.0377314,0.0318864,0.401,0.497153,0.0333278,0.00651546],[-0.0608997,-0.0611835,0.0314697,0.437177,-0.109102,-0.0716676,-0.00701469,0.00773818,-0.00546657,-0.0561729,-0.00878995,-0.0283899,-0.175395,0.0110695,0.0162429,0.208583,-0.196211,-0.0509132,-0.0128789],[0.188811,0.0312574,0.240038,-0.109102,1.09371,1.04206,0.0253396,0.0056289,0.0268694,0.212706,0.0032633,0.0318036,1.00225,0.0443697,0.03437,0.245994,0.709605,0.152883,0.00312333],[0.204807,0.00567179,0.420243,-0.0716676,1.04206,1.56225,0.0171827,0.01149,0.0586521,0.218464,-0.0159499,-0.00738066,1.51626,0.0562934,0.0471307,0.361879,0.745072,0.216397,-0.00362546],[0.00650937,-0.0433016,-0.0149228,-0.00701469,0.0253396,0.0171827,0.391867,0.0155107,-0.00217887,0.136273,0.0206093,-0.206391,1.31986,-0.00973872,-0.0140078,0.178511,0.319407,0.306399,-0.00727919],[-0.00321648,-0.0312794,0.012591,0.00773818,0.0056289,0.01149,0.0155107,0.0164484,-0.000384189,0.0265266,0.00113536,-0.00573772,0.139139,0.00186794,-0.00293287,0.114884,0.0624739,0.0306614,-0.00148884],[-0.00230522,-0.0127072,0.0166703,-0.00546657,0.0268694,0.0586521,-0.00217887,-0.000384189,0.042174,0.00791872,0.00367124,0.000319725,0.738163,0.0284638,0.0211793,0.0938112,0.020581,0.0978454,0.00205136],[0.0409634,-0.108925,0.045313,-0.0561729,0.212706,0.218464,0.136273,0.0265266,0.00791872,0.658707,-0.00105031,-0.0586816,1.56108,0.00957538,-0.00435936,0.48816,0.374217,0.144965,0.00597615],[0.0102154,0.009987,0.0155033,-0.00878995,0.0032633,-0.0159499,0.0206093,0.00113536,0.00367124,-0.00105031,0.028764,0.000215849,0.49524,0.00670998,-0.00164837,0.061931,0.0575696,0.0448209,8.29756e-05],[0.0125319,0.0120506,0.0277439,-0.0283899,0.0318036,-0.00738066,-0.206391,-0.00573772,0.000319725,-0.0586816,0.000215849,0.381648,-0.171287,0.00976256,0.00720472,-0.118006,0.0366619,0.0132708,0.00941833],[0.17431,-0.050578,0.759994,-0.175395,1.00225,1.51626,1.31986,0.139139,0.738163,1.56108,0.49524,-0.171287,76.2572,0.826305,0.0550475,15.7977,5.22064,6.47605,0.0822675],[0.0152854,0.00894169,0.0377314,0.0110695,0.0443697,0.0562934,-0.00973872,0.00186794,0.0284638,0.00957538,0.00670998,0.00976256,0.826305,0.0431032,0.0268975,0.198154,0.0846888,0.0828906,0.00194582],[0.00503144,-0.00149254,0.0318864,0.0162429,0.03437,0.0471307,-0.0140078,-0.00293287,0.0211793,-0.00435936,-0.00164837,0.00720472,0.0550475,0.0268975,0.0333619,-0.105545,0.000410674,0.0325783,0.000442939],[0.185149,0.144231,0.401,0.208583,0.245994,0.361879,0.178511,0.114884,0.0938112,0.48816,0.061931,-0.118006,15.7977,0.198154,-0.105545,8.55385,1.60341,1.11931,0.0203429],[0.324771,0.0934467,0.497153,-0.196211,0.709605,0.745072,0.319407,0.0624739,0.020581,0.374217,0.0575696,0.0366619,5.22064,0.0846888,0.000410674,1.60341,2.80565,0.740998,-0.00252961],[0.012011,-0.152175,0.0333278,-0.0509132,0.152883,0.216397,0.306399,0.0306614,0.0978454,0.144965,0.0448209,0.0132708,6.47605,0.0828906,0.0325783,1.11931,0.740998,1.99628,0.00833433],[0.000940593,0.00228123,0.00651546,-0.0128789,0.00312333,-0.00362546,-0.00727919,-0.00148884,0.00205136,0.00597615,8.29756e-05,0.00941833,0.0822675,0.00194582,0.000442939,0.0203429,-0.00252961,0.00833433,0.00569534]],"n":19,"lags":3}