{"betahat":[[0.931286,2.39387,4.40008,16.5541,-0.603015,-1.77205,1.66585,-0.745081,0.482222,6.97255,-0.836938,-4.11239,95.7747,0.8231,-0.0353686,-16.5663,30.0772,18.0887,3.57509,-18.4687,-10.2569,-0.212932,-25.1581,-0.158424,0.747218],[0.949843,-0.2082,0.101094,-0.0363737,0.219146,0.200134,0.158053,0.0047544,0.0366381,0.240713,0.0734613,-0.067398,0.144495,0.00181375,0.0192541,0.400174,-0.0647285,-0.0895553,0.0838974,0.837044,-0.26772,0.0775911,-0.102574,0.0896557,0.00483054],[-0.020846,0.70689,-0.138459,0.10042,-0.291649,-0.2061,-0.109201,-0.00471328,0.0466429,0.110529,0.0217775,0.197492,-0.621416,0.0187496,0.0168714,-0.476532,-0.0507453,0.0650704,-0.0702462,-0.327401,0.154327,0.0197491,0.0389092,-0.12249,0.00501389],[0.0300341,0.0540478,1.08158,0.029356,0.402347,0.205696,-0.0185893,0.0029135,0.0174345,0.0729656,0.0497465,-0.00760904,1.13936,0.0281788,0.0137847,0.659621,-0.00292221,0.0338043,0.00338677,0.0997353,-0.0204586,0.0290667,0.194251,0.036703,0.0242765],[0.0354503,-0.0288107,0.148006,0.550115,-0.0801332,-0.00945161,0.0283724,0.00365277,-0.0154061,-0.0729137,0.0234858,0.0598139,-0.949435,-0.0248066,-0.00697068,-0.14172,-0.0388357,-0.0617311,-0.0807949,-0.327414,-0.0750121,0.0205148,0.131864,-0.178254,-0.0231245],[0.0502725,0.0398368,-0.0326077,-0.095578,1.00957,0.0683502,0.00475884,0.00832002,-0.00326762,0.0829412,-0.000972095,-0.00133233,0.54021,-5.8973e-05,-0.00701669,0.164599,0.0388296,-0.0410338,0.0147579,0.119636,-0.0200971,-0.00982511,0.0167236,-0.00747295,0.00245392],[-0.0180245,0.00402877,-0.0171118,-0.0139188,-0.14392,0.759671,0.0266698,-0.00920067,0.0268363,-0.0288919,0.00204636,-0.00563889,0.574795,0.00952395,0.00718078,0.108884,-0.0100196,0.0246275,-0.00118011,0.0648773,0.0221457,-0.000670341,-0.0532035,0.0861555,0.0169751],[0.128476,0.138663,0.0478343,0.0195693,0.427192,0.235019,0.871609,-0.0183639,0.0741928,0.145456,0.0616241,0.166235,2.26598,0.0308752,0.0259671,0.249873,0.0111067,-0.025261,-0.0233217,0.713517,0.0213053,0.0221474,0.2095,0.470027,0.0501307],[0.274472,0.37319,0.204284,-0.284361,1.20698,0.886962,-0.146912,1.0159,-0.138075,-0.365063,0.0167228,-0.128858,-9.09413,0.120444,0.0177628,1.7445,0.299809,0.241487,-0.196694,-0.112396,0.296352,-0.0271368,0.746606,-0.878164,-0.227532],[-0.300154,-0.885654,-0.308574,-0.543642,1.43382,1.10472,0.667104,0.0750877,0.95091,0.867913,0.199857,-0.607973,7.20232,-0.0830837,-0.164101,3.61262,-0.556959,-0.084169,-0.0106436,2.36982,0.414791,0.13944,-0.0259851,0.532806,-0.00424911],[-0.00227715,0.0413919,-0.0228763,-0.0062096,-0.336356,-0.354901,-0.00407169,-0.0166646,-0.0121294,1.07825,-0.0267258,-0.0143399,-0.123619,-0.00456025,0.0159571,-0.401057,-0.0629768,-0.0458161,-0.0307081,-0.203094,-0.00400878,-0.00484011,-0.129008,0.0293127,0.00556776],[-0.0389235,-0.0785397,-0.0569313,0.428363,-0.254249,0.102243,0.2464,-0.131554,-0.188101,0.391965,1.02345,-0.121048,-8.41116,-0.00161831,0.0876564,-1.03071,-0.0687617,-0.086858,0.327116,1.49563,0.126734,0.147649,-0.135144,-0.0524282,0.0772642],[0.0949648,0.0929643,-0.00600939,-0.0946402,0.142908,0.113073,0.0526595,-0.0136601,0.0192593,0.125448,0.0213216,1.12329,0.964181,0.0250365,0.00476825,0.417939,-0.0110737,0.105337,-0.0338016,0.224334,0.0561147,0.0249311,0.149704,0.194588,0.0169204],[-0.00333111,-0.00104728,-0.0316061,-0.00676434,0.00888495,-0.0028186,-0.0137201,0.00212677,-0.0014308,-0.0127664,0.000847552,0.00445962,0.860392,-0.000215802,0.00368021,-0.0650107,0.00415506,-0.00392817,-0.00328002,0.00108283,0.0125958,0.00010813,-0.0132402,-0.0065896,0.0046587],[0.577973,0.48602,1.61473,1.0193,0.249076,0.343355,-0.323714,-0.122926,-0.115147,-0.680939,-0.0855657,-0.325178,-6.12687,0.927012,0.114526,-1.58418,0.239031,-0.345908,0.0964767,1.70458,0.871857,-0.0427588,0.802034,-0.958617,0.149809],[-0.336788,-0.218478,-1.02091,-0.0870922,-0.446453,-0.664772,-0.178882,0.165492,0.21573,-0.220903,-0.127278,0.476028,-4.72348,0.00491179,0.925874,-3.06511,0.223894,0.431828,0.217852,-0.500301,-0.32623,-0.0489139,-0.494727,-0.166095,-0.0481017],[0.00438076,-0.0224819,0.0294017,0.00947458,0.0153707,0.022486,0.0120548,-0.00548809,0.0121223,0.0493846,-0.00219038,0.0236028,0.184244,0.011186,0.00387661,1.03436,0.00603971,0.0314924,0.0117215,-0.0703857,-0.0296941,-0.00496801,0.0671946,0.0490475,0.00955767],[0.100649,-0.0694598,-0.0884393,0.233358,-0.776432,-0.764061,0.0360925,0.0288126,-0.107431,0.160343,-0.0409156,-0.0371521,1.37306,-0.0699095,-0.146929,1.58953,0.60425,0.467617,-0.179857,0.181399,-0.0506371,-0.0299672,0.235605,-0.0343811,-0.0945717],[-0.0395705,0.234747,-0.0520877,-0.0268965,-0.67389,-0.332611,0.00935837,-0.0203295,0.0273294,-0.00749751,-0.00564838,-0.0333199,-2.1818,-0.0346878,0.0336001,-0.210202,-0.0476068,0.396382,0.105955,-0.552283,0.0216162,0.00654832,0.1143,0.020378,0.024139],[-0.165369,-0.289903,-0.380882,-0.553047,-0.464156,-0.333982,0.0913769,0.0148331,-0.0019211,0.387343,-0.0374672,-0.150679,1.00462,0.0339777,0.0416112,0.150453,-0.273232,-0.154615,-0.210607,1.08642,-0.0789099,-0.0278454,-0.164122,0.24434,0.0200642],[-0.0060492,0.00845886,0.00688702,-0.0252739,0.0340035,0.0606041,-0.0132432,0.00132211,0.00161326,-0.0178929,-0.00488832,0.0367297,-0.476812,-0.00241481,-0.00116336,-0.0564204,-0.00432577,0.00222651,-0.023797,-0.339521,-0.00756174,-0.00428586,0.00459767,0.0645809,-0.00205805],[0.0498332,0.0119077,0.0694208,0.0164885,0.189305,0.201874,-0.0836851,0.0101511,0.051701,0.00837482,-0.0150177,0.000571293,0.949192,0.0450749,0.0156074,0.59053,0.00579752,-0.0170891,0.0212797,0.575004,1.04151,-0.0135288,0.15716,-0.0156068,0.0147602],[0.12053,-0.348497,0.42663,-0.929365,-0.206988,-0.433698,0.673896,0.231827,0.411257,-0.123899,0.215624,-0.647166,11.3234,0.373952,0.176957,1.68422,-0.0364869,0.630553,-0.00603797,-0.109357,0.124643,1.17786,1.87364,2.38008,0.0392126],[0.0520594,0.157621,0.0247518,0.094055,-0.0341342,0.0532655,-0.0246647,-0.0175527,-0.0164335,0.129335,0.015547,0.051115,1.784,0.00737579,-0.0264704,0.293037,-0.0126788,0.0124806,-0.032544,-0.276272,-0.0320151,0.00476213,0.613373,0.0589623,-0.0281803],[0.0345567,0.05483,0.0967143,-0.0444793,0.0509222,0.0445942,0.129931,-0.00570347,-0.00631883,0.125942,0.0221784,-0.0795794,-0.959458,-0.0237084,-0.0132846,-0.496197,0.00916455,0.020615,-0.00650805,0.0912543,0.00565938,0.0121143,-0.0219139,-0.254503,0.0020548],[0.122939,0.0917759,0.197473,-0.511606,-0.811089,0.19155,0.265261,-0.0313321,0.0118254,-1.05142,0.0191394,0.301861,-2.28604,-0.156428,-0.000716068,-2.38933,-0.0905901,-0.259972,-0.078827,-1.09512,-0.291253,-0.030661,-0.281694,-0.139711,0.861893],[-0.0217011,0.158712,-0.0504534,-0.0811727,-0.0703691,0.0576074,-0.100894,0.018641,0.00819473,-0.303559,-0.0748165,0.0210765,-1.73203,-1.29413e-05,0.0204611,-0.675439,0.0695407,0.0723111,-0.071247,-0.457642,0.161177,-0.049436,0.199007,-0.0947105,-0.0246004],[-0.0171248,0.125519,0.0680049,-0.101059,0.234834,0.0974412,-0.0432769,0.00415347,-0.0213152,-0.221903,0.00621027,-0.0566089,-0.71053,-0.0112974,0.0231597,-0.0836863,0.0140756,-0.0132861,0.0454237,0.333721,-0.0829369,0.0039377,-0.0379108,0.137016,-0.0219451],[-0.0206671,-0.0741756,0.0105397,-0.00612525,-0.181911,-0.0213499,0.00447927,-0.00915713,-0.0205892,-0.0538494,-0.0360989,-0.000522901,-1.28669,-0.0240242,-0.0170812,-0.481037,-0.00341982,0.0183496,0.00267341,-0.128557,0.0186298,-0.0252241,-0.0996512,-0.0617196,-0.0164755],[-0.0400661,0.0379511,-0.109561,0.26811,0.0181237,-0.00173333,0.000461649,0.00245099,0.035572,0.0573778,-0.00613895,-0.0586724,1.1684,0.0364302,0.0323192,0.0128461,0.0157799,0.060486,0.0567948,0.111468,0.00551562,-0.0043585,-0.155415,0.156247,0.0276688],[-0.0283272,-0.00852635,-0.000767681,0.042168,-0.0454678,-0.102988,0.00537714,-0.002612,-0.00174361,-0.0583076,0.00126267,-0.0116566,-0.601293,0.00461562,0.0122713,-0.071926,-0.0247071,-0.00751592,-0.0227306,-0.133404,-0.00932754,0.00344342,0.000722701,-0.027189,-0.00840849],[0.0132001,0.00442503,-0.00363585,-0.00831261,0.0990812,0.174877,-0.0210852,0.00442143,-0.0244635,0.0541971,-0.00409615,0.0182924,-0.574883,-0.0112742,-0.00939149,-0.0233326,0.00873802,-0.0214231,0.0178653,-0.113648,-0.0379512,-0.00734089,0.0762064,-0.0769578,-0.0094001],[-0.0533769,-0.149895,0.0147245,0.0127491,-0.2828,-0.17258,-0.0210563,0.00757753,-0.0731762,-0.0717627,-0.0332069,-0.063048,-1.07231,-0.0125585,-0.034108,0.0888952,-0.0117088,-0.0317235,0.0155804,-0.68865,-0.0176821,-0.012731,-0.0912856,-0.485973,-0.0148952],[-0.191975,-0.328488,-0.0227911,0.496269,-0.111401,-0.161549,-0.0836525,-0.0653989,0.0714133,-0.275204,-0.0840296,0.313919,-0.475587,-0.104231,-0.0264888,-2.31162,-0.322121,-0.0313811,0.344096,-0.381159,-0.359589,0.00154287,-1.05625,0.344818,0.163387],[0.0102294,0.209902,0.349426,-0.015503,-1.13563,-0.654886,-0.378152,0.0193631,0.0238846,-0.49185,-0.0337277,0.529617,-3.24849,0.0747116,0.0847288,-2.39136,0.0043258,0.0498684,0.271041,-1.62482,-0.233018,-0.00459753,-0.479609,0.218971,-0.0934324],[-0.00756673,-0.00976141,0.0110692,0.0686071,0.241881,0.29647,-0.00915073,0.0131609,0.00341555,-0.0366928,0.0185343,0.0208591,0.974426,0.023352,0.00515861,0.265035,0.0583798,0.123937,0.0250874,0.281104,0.00977977,0.0148006,0.175876,0.0535691,-0.00776408],[-0.222484,-0.189568,-0.414018,0.601016,-0.0315951,0.104596,-0.0791952,-0.0149642,-0.0104746,-0.149871,-0.189964,0.0126118,-0.887863,-0.0287624,-0.0106909,-0.892678,-0.0331789,-0.0266068,-0.0685279,-1.34806,-0.271734,-0.165693,-0.557091,-0.102398,-0.0156203],[-0.0266691,-0.0510345,-0.0219307,0.0592062,-0.116676,-0.098159,0.0287321,0.0115108,0.0044054,-0.0451976,-0.0158423,-0.0893127,-1.26911,-0.0242021,-0.0045916,-0.441721,-0.0208304,-0.050802,0.0343734,-0.139462,-0.120908,-0.0148446,-0.138294,-0.0898951,-0.0274488],[-0.0022593,-0.00617333,0.0160964,0.00188416,-0.0154675,-0.00492543,0.0109529,-0.000565494,-0.00141294,-0.00221195,-0.00210098,0.00152651,-0.0136956,-0.000863044,-0.00110009,0.0118571,-0.0013237,0.00722709,0.00272389,0.0139466,-0.00421353,-0.000256201,0.0160955,-0.000992236,-0.00359069],[-0.0636983,-0.0253157,-0.276846,-0.574573,-0.170784,0.50866,-0.33259,-0.0101945,-0.133648,0.189433,-0.0884212,0.599489,-4.05048,-0.185587,-0.152194,-0.730145,-0.066504,-0.14072,-0.268656,-3.57284,-0.464953,-0.0850242,-0.314738,-0.489829,-0.113342],[0.268473,0.374016,0.431219,0.0654361,0.593814,0.209905,-0.247239,-0.103307,-0.0953538,0.743812,0.114962,-0.40577,6.60619,-0.0136036,-0.0109582,1.98599,-0.104343,-0.252186,-0.0964746,0.257991,-0.106234,0.0648145,1.60535,0.156866,0.207367],[-0.00940042,0.00753085,-0.0128269,-0.0173728,0.0163534,0.0291626,-0.0105558,0.00542265,-0.00891134,-0.0551849,0.0024203,0.00309074,-0.244307,-0.0128799,-0.00326,-0.0793401,-0.00674384,-0.0176304,-0.0147309,0.0240677,0.0279222,0.00188822,-0.0449331,-0.0417327,-0.00499472],[-0.182385,-0.125986,0.0778401,-0.158471,1.11866,0.967535,-0.0657706,0.0171508,0.114271,-0.35243,0.00192631,0.0287051,-1.01589,0.0940922,0.109745,-0.114681,-0.137988,-0.0665694,0.0822038,0.0138956,0.18774,0.0103937,-0.19726,0.131377,0.176973],[0.0400423,-0.128049,0.0353506,-0.0426033,0.421643,0.255898,0.0258936,0.0194537,0.00299091,-0.243305,-0.00341175,0.0282133,1.3477,0.00519973,-0.00755706,-0.27269,0.0689242,0.127782,-0.134608,0.169962,-0.0283623,0.00207387,-0.104352,0.0328157,-0.00344648],[0.0473658,-0.0793565,-0.0533847,0.222499,-0.0190727,0.291868,0.11381,-0.0159017,-0.0379051,0.291955,-0.0194984,-0.12142,1.12664,-0.0375342,-0.0180397,-0.541042,-0.148548,-0.00483528,0.169624,1.17874,-0.00667983,-0.0129095,0.16811,-0.150174,-0.0544291],[-0.0112657,-0.00792444,-0.0164131,0.0100902,-0.0675282,-0.0490387,-0.0284039,-0.00110297,-0.00235807,-0.0187564,-0.00547932,-0.0068174,-0.262778,0.00315375,0.00546124,0.045645,-0.00289239,-0.00775659,-0.00802702,-0.31036,0.00607383,-0.00577676,0.0134691,-0.00955812,-0.00288324],[0.00335433,0.0273294,0.0500881,0.00378157,-0.0160679,-0.0427314,0.198807,-0.0136216,-0.0481165,0.0602285,0.0209177,-0.0920449,-0.00398262,-0.0282533,-0.0118417,-0.215328,-0.0116573,0.0147292,-0.00933957,-0.169526,0.00773271,0.0204337,0.113468,0.191222,-0.0148521],[0.103282,0.186619,-0.036668,0.355364,0.581179,0.267688,-0.12474,-0.110274,-0.158472,0.0321188,-0.0862732,0.0451054,0.866684,-0.192457,-0.209429,2.01732,0.119075,-0.257277,-0.105619,-0.528035,0.0526694,-0.18454,-0.973019,-0.606241,0.0423217],[-0.0138901,0.00618433,-0.0604384,0.0229961,-0.0728948,-0.13783,0.0543192,-0.00543059,-0.00478808,-0.209885,0.000803257,-0.054447,-0.879559,-0.0221365,-0.0130485,-0.0635118,0.0174518,-0.0741464,0.0331679,0.0947477,0.0796709,0.00343014,-0.172232,0.064689,0.000819405],[-0.00604385,0.0328017,0.023656,0.00737489,-0.0552377,-0.0882583,-0.0868391,-0.00219691,0.00942326,-0.0618372,0.00613342,-0.0309446,-1.52855,-0.00249702,0.024872,-0.58117,0.0359069,0.0376111,-0.0422228,-0.292649,-0.0491431,0.00979494,-0.0944069,-0.0343584,0.0169812],[-0.0898387,0.398384,0.182843,0.222868,-0.0698527,-0.914142,0.203201,0.00591263,0.0721852,0.0821691,0.0266627,-0.179649,2.72431,0.164964,0.13468,0.743231,-0.012904,-0.131969,0.0555221,2.1534,0.540296,0.0515616,0.519193,0.936631,-0.0547999],[0.0717373,0.049366,-0.050952,0.116939,-0.148575,-0.257463,-0.0567014,-0.0235033,-0.044722,0.0634603,0.00147593,0.0463028,1.59261,-0.00183588,-0.0397875,0.278128,-0.00514758,0.0165182,-0.0125095,-0.376018,0.107402,-0.0282223,-0.095443,0.00555699,0.0198481],[0.0379554,0.167508,0.0702541,0.000319504,0.0569403,0.109011,0.152609,0.000478408,-0.025397,0.111669,-0.028007,-0.140798,1.33077,-0.00759741,-0.0401988,0.562679,0.0365152,-0.0524617,0.0247898,-0.00536647,-0.071055,-0.0237794,-0.000786261,-0.0152286,0.0168642],[-0.00965262,0.0201153,-0.0939507,-0.0236679,-0.219814,-0.184584,0.0147857,0.00598443,0.00322743,-0.0177831,-0.013469,0.0087325,0.153732,-0.00434079,0.0033753,-0.179357,0.00619927,-0.0521176,-0.0056993,0.0309989,0.00156458,-0.00389781,-0.0945705,0.0258898,-0.00781491],[0.00475951,-0.00922425,-0.0381324,0.180698,0.0635046,0.012935,-0.0287308,-0.00600242,-0.0199997,0.0152548,-0.0172922,-0.000504665,-0.220871,-0.01157,-0.0252624,0.129145,0.0231595,0.00233014,0.0238458,0.217305,0.0704253,-0.0160777,0.0246219,0.0225136,-0.00460404],[-0.0215292,-0.030877,0.032367,0.0510954,0.0339878,0.0314253,-0.00965959,-0.00597451,0.00480331,-0.0224938,-9.01572e-05,0.0130983,0.0830639,-0.0045698,-0.00563633,-0.0804585,-0.0151079,0.0446854,0.00812024,0.020706,0.0317661,0.00606115,-0.0121792,0.0347518,0.00595066],[0.00521211,-0.00806004,0.0198386,0.0203036,0.0438435,0.0621428,-0.00494775,0.00457145,-0.00268968,-0.0234831,0.00225284,-0.0119767,0.0137093,0.00159087,0.00184633,-0.0778878,0.00059041,-0.00569893,-0.0164604,0.0535993,0.0179721,0.00780036,-0.0175975,-0.00903193,-0.00760889],[-0.0750509,0.0108195,-0.059789,-0.0385229,-0.137429,-0.0557705,0.145511,0.0117787,-0.00138305,-0.0780652,-0.0285066,-0.0994678,-1.20802,-0.0173976,0.00838012,-0.323743,0.00274998,0.0619149,0.00603883,-0.0146894,0.00876234,-0.00943052,-0.102311,0.0156079,-0.0357433],[0.0662308,-0.0573591,-0.118435,-0.297591,-0.373455,-0.260626,0.0855566,-0.0117503,0.00224413,0.535321,0.0562185,-0.243103,7.21438,0.0488269,0.0188725,1.73116,-0.113243,0.0747379,0.00148009,-0.0880822,0.163982,0.0178362,0.864511,0.386598,0.11776],[0.0346295,0.294865,0.00779929,0.400191,-0.534813,-0.646185,0.10644,-0.0043111,-0.0335848,-0.160762,-0.0102801,-0.0970663,2.73386,-0.0941509,-0.0314348,-0.790292,0.173958,0.294066,-0.057957,0.100498,0.215051,0.0234887,0.0873004,0.195973,-0.0100506],[0.00677269,-0.0310223,0.00572613,-0.0693164,0.087193,0.0508684,0.0123531,0.00280722,0.00972023,-0.0473156,0.00734824,-0.00786971,-0.808242,-0.0187338,-0.0203161,0.130305,0.00463154,-0.0780268,0.00534242,-0.0733424,0.000300328,-0.0106689,-0.0471059,-0.0793019,0.00271663],[-0.0195613,0.0261456,-0.312547,-0.232066,-0.161561,-0.447532,-0.380012,0.0430105,-0.0618937,-0.328199,-0.0533925,0.115214,-2.13606,-0.0328123,-0.0403003,-0.418401,-0.0805454,0.114144,-0.0949661,-0.511325,-0.0571315,-0.0276439,-0.245013,-0.612079,-0.0230453],[-0.0684179,-0.0435717,0.0338456,0.037263,-0.0288249,-0.0126945,-0.0777737,0.00267547,-0.0218754,-0.0813049,-0.00392608,-0.030829,0.306753,-0.000313391,-0.000314594,0.0327944,0.030404,-0.0478818,0.000635241,-0.0776968,0.0662071,-0.00830467,-0.0126304,-0.095153,0.0102886],[0.00149943,0.00383841,0.00692726,0.00182828,-0.0129015,-0.00913275,0.00164678,-0.00172968,0.0020603,0.00676213,0.000250104,-0.0142856,-0.0308761,0.00020886,2.67557e-05,0.00658592,-0.000412855,-0.00730591,0.00137406,-0.0135183,-0.0129936,-5.67968e-05,-0.016119,-0.000508584,-0.00030515],[0.138695,0.0544811,0.415276,-0.20433,0.736796,0.345869,0.0172759,0.00260786,0.10817,0.51993,0.0183359,0.00878335,2.49608,0.0604189,-0.000297471,0.946105,0.115187,-0.139503,0.0775725,0.406787,-0.621463,-0.01276,-0.238974,0.175512,0.100752],[-0.0397269,-0.161,0.00510643,-0.0551497,0.292646,0.521069,0.277191,0.0447035,-0.0222504,-0.425009,-0.000920922,-0.212032,-3.26798,0.0301515,-0.0141535,0.480498,-0.0966257,0.00305801,0.0219028,1.22384,0.0614816,-0.0116005,-0.352642,-0.226989,-0.092682],[0.00741693,0.0147224,-0.00406544,0.00716903,-0.0286829,-0.0465486,-0.000607026,-0.000952221,-0.00348345,0.00815539,0.00225899,-0.0174855,0.0266161,0.00170177,-0.000912797,0.0418777,0.000314185,-0.0134749,0.00320996,0.0427888,0.0056975,0.00364886,-0.0116822,-0.0045615,-0.00417385],[0.0648564,0.165948,-0.133137,-0.0326337,-0.340314,-0.248194,0.00400253,-0.0233697,-0.0424866,0.134204,0.00591511,-6.17455e-05,-1.17083,-0.0407468,0.0257567,-1.33578,-0.303283,-0.337872,0.0650857,-0.444683,-0.224358,0.0110739,-0.16697,-0.265718,-0.117788],[-0.00896967,-0.0579221,0.030803,0.0908912,0.265677,0.241321,-0.0388452,-0.00112392,-0.0191988,0.16152,0.0170425,0.0389881,0.245607,0.0138908,-0.0110797,0.0425322,0.0981623,-0.0540148,0.00979759,0.118056,-0.0135762,0.00954202,-0.0229793,0.06114,-0.0256744],[0.064749,-0.0739569,0.118352,-0.107627,0.375457,0.326134,-0.0181067,-0.0190283,-0.00573291,0.16469,0.0337346,-0.0833499,-0.344058,0.00652698,0.0088799,0.525036,-0.0147287,0.0434921,-0.03618,-0.62932,-0.0459706,-0.00543261,-0.0671441,0.0232427,0.0112088],[0.00677787,-0.000351905,0.0138219,-0.0072552,-0.00357483,-0.00241613,-0.00305972,0.00410409,0.00684998,0.0565626,0.00534478,0.00260934,0.15447,0.00527726,-0.00627678,0.157551,-0.00728047,0.000718613,0.0070304,-0.0714779,0.0144277,0.00444951,0.0162667,0.0215874,0.00204023],[-0.0529907,-0.0402345,-0.117781,-0.0220532,-0.17181,-0.157783,-0.116913,0.00421923,-0.0042553,-0.0727994,-0.00593676,0.0930616,-0.973255,-0.0167528,-0.00406732,-0.369808,0.00765255,0.00479386,-0.0129743,-0.400092,-0.0470861,-0.0068448,-0.266486,-0.178127,-0.00039201],[0.0363725,0.177291,-0.302919,-0.0846487,0.420825,0.368334,-0.30783,-0.0306619,-0.0216413,0.306106,-0.0528483,0.257056,-0.576032,0.0251566,0.0124788,0.934747,0.0134971,0.0534689,0.0096311,0.101608,-0.120491,-0.0408479,0.0233263,-0.672338,0.0242236],[-0.00182346,0.0349291,-0.0803284,-0.0746885,-0.0170542,-0.06926,0.00844361,-0.0130676,0.00498185,0.0328502,0.00277342,-0.0667483,-0.200262,0.00264918,0.0136444,-0.223211,0.000590632,-0.0743153,-0.0118939,-0.0786569,0.0199863,-0.00236036,-0.114466,-0.0168368,0.00255848],[-0.0393876,-0.051554,-0.0600369,-0.0165065,0.0200301,-0.056316,0.0683067,0.000697085,0.00670143,0.0307846,0.00468394,-0.0929928,-0.398991,0.00203263,0.0057778,-0.0742421,0.000527782,0.0125384,0.00237327,0.306474,-0.0901169,0.0099599,-0.0884317,-0.142421,0.0158899],[-0.081893,-0.109847,-0.429294,0.257942,0.131078,0.107174,-0.219686,0.053551,0.0832108,0.568965,0.0132487,0.144051,2.06602,0.0696868,0.0101519,0.949754,0.260186,0.199957,0.166425,-0.483086,-0.119776,-0.0287435,-0.0101709,-0.379309,-0.0122333]],"sigmahat":[[0.219427,0.14521,0.231374,-0.00910368,0.242579,0.193082,0.00578296,-0.00922775,-0.0280171,0.171935,0.00837353,0.00462201,0.667634,0.0119007,-0.00966469,0.434336,-0.00163911,-0.0387403,-0.00290826,0.361265,-0.013648,-0.00763335,0.38069,0.0287817,0.00413028],[0.14521,0.407173,0.141669,0.0279301,-0.0425265,-0.0895626,-0.0698159,-0.034402,-0.0268238,-0.0675113,0.00569662,0.0262616,0.190756,0.0118077,0.00307309,0.153131,0.0373329,-0.0901215,0.000117225,-0.342026,-0.00372377,-0.00525528,0.0915738,-0.149171,0.00367093],[0.231374,0.141669,1.028,0.0586171,0.329343,0.596797,0.032483,0.00590209,0.0280761,0.166385,0.0297089,0.00786712,1.18357,0.0375673,-0.00761786,0.983047,-0.00861995,0.0295398,0.00979017,0.563271,-0.0168615,0.010756,0.601633,0.140766,0.0357926],[-0.00910368,0.0279301,0.0586171,1.02166,0.161007,0.212958,0.00283484,-0.0240402,-0.0188821,0.316703,-0.0164916,0.0147408,0.868758,0.00373541,-0.00804408,0.21887,0.10555,0.19326,0.13762,-0.248344,-0.0262699,0.00186625,-0.185814,0.112235,-0.020484],[0.242579,-0.0425265,0.329343,0.161007,2.66442,2.39657,0.128104,-0.0146723,0.0166111,0.686865,0.0326065,-0.130351,2.66382,0.0384929,3.80696e-05,1.29866,0.0281395,0.15328,0.0427857,1.63092,0.0264266,-0.00595798,1.12976,0.370305,0.0555505],[0.193082,-0.0895626,0.596797,0.212958,2.39657,3.15443,0.168166,-0.0131894,0.0360663,0.722652,-0.00101045,-0.138358,1.80978,0.0394346,0.0108309,1.00086,0.0264016,0.276962,0.0442367,1.38946,0.00605339,-0.0142743,1.04305,0.417871,-0.000931772],[0.00578296,-0.0698159,0.032483,0.00283484,0.128104,0.168166,0.401822,0.00613208,0.0185776,0.252712,0.0282197,-0.197932,2.17096,0.00211721,-0.0109256,0.404591,-0.0359181,0.0166468,0.0548782,0.897033,0.0242492,0.0163395,0.287433,0.346707,-0.0131482],[-0.00922775,-0.034402,0.00590209,-0.0240402,-0.0146723,-0.0131894,0.00613208,0.0237881,0.00570489,-0.0140334,0.00134877,-0.00141827,-0.0652728,0.00210945,-0.001366,0.0486744,0.00173116,0.0213081,-0.00691258,0.121487,-0.00140671,0.00371456,0.0506565,0.00963999,-0.00211721],[-0.0280171,-0.0268238,0.0280761,-0.0188821,0.0166111,0.0360663,0.0185776,0.00570489,0.0604605,-0.0131743,0.0131637,-0.00631265,0.889916,0.0294564,0.0241183,0.0740844,-0.0102612,0.00265652,0.0102704,-0.012791,-0.0206134,0.00668478,0.0356448,0.113391,0.015596],[0.171935,-0.0675113,0.166385,0.316703,0.686865,0.722652,0.252712,-0.0140334,-0.0131743,1.40203,0.0183703,-0.143468,4.89519,0.0154308,-0.0318227,1.23784,-0.00659568,0.149499,0.0690946,0.622898,-0.0474757,-0.00467989,0.743513,0.369605,0.0226558],[0.00837353,0.00569662,0.0297089,-0.0164916,0.0326065,-0.00101045,0.0282197,0.00134877,0.0131637,0.0183703,0.0319471,-0.00603354,0.699689,0.00936085,-0.0017893,0.172209,-0.0086528,-0.00254355,0.00698491,0.080965,0.0124484,0.015909,0.0617126,0.042039,0.0075192],[0.00462201,0.0262616,0.00786712,0.0147408,-0.130351,-0.138358,-0.197932,-0.00141827,-0.00631265,-0.143468,-0.00603354,0.364887,-0.620526,0.0043862,-0.000649087,-0.206351,-0.00467494,0.0351467,0.0253788,-0.553062,0.030217,-0.00253282,0.00984592,-0.0574744,-0.00675117],[0.667634,0.190756,1.18357,0.868758,2.66382,1.80978,2.17096,-0.0652728,0.889916,4.89519,0.699689,-0.620526,109.059,0.878574,-0.283051,22.3227,0.0764521,0.147875,0.530113,4.48762,0.998391,0.24718,7.14789,7.94343,0.52586],[0.0119007,0.0118077,0.0375673,0.00373541,0.0384929,0.0394346,0.00211721,0.00210945,0.0294564,0.0154308,0.00936085,0.0043862,0.878574,0.0473457,0.025696,0.288876,-0.0104305,-0.00626803,0.00443766,-0.00459044,-0.0041375,0.00746471,0.114513,0.091468,0.000885502],[-0.00966469,0.00307309,-0.00761786,-0.00804408,3.80696e-05,0.0108309,-0.0109256,-0.001366,0.0241183,-0.0318227,-0.0017893,-0.000649087,-0.283051,0.025696,0.0501457,-0.344703,-0.00216416,0.00884451,-0.00222507,-0.0283043,-0.0235845,0.00388756,0.00470321,0.0237836,-0.000606075],[0.434336,0.153131,0.983047,0.21887,1.29866,1.00086,0.404591,0.0486744,0.0740844,1.23784,0.172209,-0.206351,22.3227,0.288876,-0.344703,14.2543,-0.132761,-0.363858,0.11401,2.24695,0.53609,0.0455832,2.17248,1.46094,0.0813406],[-0.00163911,0.0373329,-0.00861995,0.10555,0.0281395,0.0264016,-0.0359181,0.00173116,-0.0102612,-0.00659568,-0.0086528,-0.00467494,0.0764521,-0.0104305,-0.00216416,-0.132761,0.148119,0.121926,-0.00707726,-0.122702,-0.032554,-0.0037933,-0.0776588,-0.037222,0.00259151],[-0.0387403,-0.0901215,0.0295398,0.19326,0.15328,0.276962,0.0166468,0.0213081,0.00265652,0.149499,-0.00254355,0.0351467,0.147875,-0.00626803,0.00884451,-0.363858,0.121926,0.546962,0.00833192,0.276539,0.0354997,0.0212993,0.247933,0.199582,0.00334294],[-0.00290826,0.000117225,0.00979017,0.13762,0.0427857,0.0442367,0.0548782,-0.00691258,0.0102704,0.0690946,0.00698491,0.0253788,0.530113,0.00443766,-0.00222507,0.11401,-0.00707726,0.00833192,0.161017,0.15425,-0.00017514,0.00696349,0.0766345,0.108262,-0.00332289],[0.361265,-0.342026,0.563271,-0.248344,1.63092,1.38946,0.897033,0.121487,-0.012791,0.622898,0.080965,-0.553062,4.48762,-0.00459044,-0.0283043,2.24695,-0.122702,0.276539,0.15425,11.624,0.0513577,0.0492728,2.70247,1.20211,0.0554986],[-0.013648,-0.00372377,-0.0168615,-0.0262699,0.0264266,0.00605339,0.0242492,-0.00140671,-0.0206134,-0.0474757,0.0124484,0.030217,0.998391,-0.0041375,-0.0235845,0.53609,-0.032554,0.0354997,-0.00017514,0.0513577,0.727773,0.0143729,0.257812,0.246392,0.0022404],[-0.00763335,-0.00525528,0.010756,0.00186625,-0.00595798,-0.0142743,0.0163395,0.00371456,0.00668478,-0.00467989,0.015909,-0.00253282,0.24718,0.00746471,0.00388756,0.0455832,-0.0037933,0.0212993,0.00696349,0.0492728,0.0143729,0.0198945,0.0276164,0.0228591,0.000250671],[0.38069,0.0915738,0.601633,-0.185814,1.12976,1.04305,0.287433,0.0506565,0.0356448,0.743513,0.0617126,0.00984592,7.14789,0.114513,0.00470321,2.17248,-0.0776588,0.247933,0.0766345,2.70247,0.257812,0.0276164,3.06044,0.796758,0.0390392],[0.0287817,-0.149171,0.140766,0.112235,0.370305,0.417871,0.346707,0.00963999,0.113391,0.369605,0.042039,-0.0574744,7.94343,0.091468,0.0237836,1.46094,-0.037222,0.199582,0.108262,1.20211,0.246392,0.0228591,0.796758,1.93877,0.0350438],[0.00413028,0.00367093,0.0357926,-0.020484,0.0555505,-0.000931772,-0.0131482,-0.00211721,0.015596,0.0226558,0.0075192,-0.00675117,0.52586,0.000885502,-0.000606075,0.0813406,0.00259151,0.00334294,-0.00332289,0.0554986,0.0022404,0.000250671,0.0390392,0.0350438,0.0419033]],"n":25,"lags":3}