{"betahat":[[-0.369419,0.31565,-1.6381,1.46512,-0.40264,-0.391442,0.364511,-0.0365864,-0.031933,-0.301469,17.6711,0.0650767,-0.11727,4.68218,1.04409,1.63087,-0.227317],[0.992268,-0.240916,0.0660128,-0.0779976,0.454989,0.322634,0.0191907,-0.0284175,-0.00772201,-0.0537594,-2.41305,-0.0141981,0.00689311,-0.126061,-0.372123,-0.374939,-0.00552635],[-0.0547942,0.725018,-0.237743,0.08567,-0.122608,-0.17008,0.00808285,-0.0203979,0.0178455,-0.0656261,-0.135079,0.0066329,-0.00879181,-0.164172,-0.190473,-0.0305719,-0.0126148],[0.0434794,0.125625,1.1624,0.0110951,0.0168187,-0.0115438,-0.0693522,0.00436565,-0.00319015,-0.0184298,-0.886369,0.0130604,0.0450825,-0.364056,-0.0275924,-0.100784,-0.00358455],[0.145231,0.203923,0.217983,0.844474,0.179335,0.159717,-0.0458366,-0.0179151,-0.045233,0.107136,-1.72048,-0.0206212,-0.0222781,0.519554,0.382146,-0.367285,0.00981553],[0.0160966,-0.0320963,-0.0573987,-0.104375,0.940994,0.197243,-0.0553071,0.0188808,-0.0308283,0.0802098,-0.624313,0.00388389,-0.00514585,0.0924772,-0.0797783,0.00593129,-0.00505231],[0.0286975,0.0402178,0.0883589,0.119349,-0.0980703,0.842251,0.0443219,-0.010492,0.0317259,-0.0184497,-0.152399,0.00153567,0.00435933,0.0363206,0.0648813,0.0445371,-0.00616579],[0.0785227,0.154098,0.0642939,-0.00780836,0.191816,0.197101,0.949058,-0.0195808,0.0532458,0.0565564,0.908003,0.0417033,0.0555127,-0.465452,0.18843,0.670525,0.0185145],[0.35716,0.572986,0.99269,0.40819,0.380054,1.3643,0.0663144,0.871426,0.00203291,-0.52032,0.451551,0.0378321,-0.0119968,2.007,1.66054,0.839144,-0.0419729],[-0.290772,-0.388485,0.0163953,0.0442846,1.40164,1.06777,0.955982,-0.0184861,0.916822,0.34412,10.3646,-0.0957009,-0.083102,1.6918,0.470227,1.0119,-0.0794181],[-0.067918,0.0132649,0.0545209,0.033348,-0.260039,-0.343167,-0.0514558,0.013879,-0.0138466,1.04464,0.0514383,-0.0208385,-0.00726994,0.0461744,-0.0973683,-0.0853241,0.00971182],[-0.00482965,-0.000842735,-0.0244211,-0.00384518,0.00221115,-0.00825841,-0.0231648,0.00324342,0.00246779,-0.0354508,0.923959,0.00248907,0.00248158,-0.0195983,-0.0215264,-0.0204351,-0.000107808],[0.346619,-0.123512,0.973487,0.699932,0.917422,0.733252,0.251394,-0.0233716,-0.249288,-0.023487,-6.13151,1.01026,0.0426497,-0.527957,-0.352508,-0.302644,0.0898711],[0.0168818,-0.105736,-0.584372,-0.493002,0.102675,-0.118904,-0.133966,0.0257499,0.199788,-0.234306,-6.88632,0.0477418,1.07064,-1.61325,0.411194,-0.150627,0.053698],[0.0088297,0.0196419,0.0369939,-0.0441295,-0.0189518,-0.00666924,7.06203e-05,-0.00884325,0.0166896,0.0568719,0.0466199,0.0149178,0.00683326,0.972328,0.0819339,0.0311932,0.00104037],[0.148708,0.0971564,0.26059,0.103619,0.0801106,0.218228,0.0364386,-0.0147131,0.0272301,0.151197,1.60878,-0.00796127,-0.0137927,0.0857105,0.51934,0.348982,0.00887094],[0.033724,-0.014029,0.056835,0.0175702,-0.0234105,0.0249252,0.151556,-0.00307411,-0.00273365,0.200484,-1.16883,-0.0113007,0.00273521,-0.30577,0.0102915,-0.0378956,0.00438009],[-0.0729142,-0.146971,-0.201029,0.354645,-0.610936,-0.998757,0.733038,-0.0757878,0.129111,-1.12544,7.59213,0.0781675,-0.067144,2.35935,0.125354,0.715233,1.27672],[-0.0144042,0.153234,-0.0464675,-0.0599833,-0.198887,-0.145846,-0.0403834,0.0248501,0.0301946,0.102797,1.56724,0.0240623,0.00672442,0.0703807,0.22799,0.357384,0.0107124],[0.0293232,0.149067,0.256284,-0.0729628,0.169602,0.188561,-0.0600177,0.0138061,0.00910374,0.0546379,0.433149,0.00243728,0.0150093,0.0831505,0.0635994,0.117262,0.00896343],[-0.0264725,-0.0665903,-0.0203911,-0.0213955,-0.0871192,-0.0708575,-0.000548587,-0.0114759,0.00483619,0.00591924,0.638673,-0.00355633,-0.0256542,0.0213828,0.069518,0.0429278,0.00207557],[-0.0997137,-0.0877757,-0.147869,0.124094,-0.182488,-0.131384,0.156737,0.0115336,0.0901255,-0.0784462,3.07319,0.0757218,0.0696991,-0.198064,-0.195413,0.506506,0.00306425],[-0.00576252,0.0358289,-0.0119872,0.0757183,0.0249565,-0.236378,0.0535343,-0.0157031,0.0221612,-0.0593149,0.788894,0.00981281,0.00170812,0.186917,0.0783389,-0.0409607,-0.000190033],[-0.0106139,-0.0163413,-0.0501983,-0.124811,0.184197,0.221772,-0.0860607,-0.00536893,-0.0248654,0.103165,0.174351,-0.00576125,-0.0105952,0.115957,0.0736942,-0.0804966,0.00449854],[-0.0613087,-0.144401,-0.0101211,0.0198698,-0.212034,-0.214656,-0.100816,0.00309109,-0.071036,-0.119243,-0.770614,-0.0198203,-0.0406894,0.400418,-0.0925394,-0.675017,-0.000266858],[-0.406262,-0.505721,-1.01182,-0.26659,-0.176518,-1.02188,-0.369313,0.0506611,-0.030453,-0.150895,0.309838,-0.12197,-0.0685571,-2.2064,-1.28469,-0.810204,0.0607884],[-0.230635,-0.295815,-0.349148,-0.514485,-1.23399,-0.859494,-0.608482,0.116607,0.137767,-0.473727,-5.70574,0.0993393,0.0863378,-2.12008,-1.19569,-0.23134,0.071616],[0.0211714,0.00462542,-0.0768933,-0.0337241,0.233639,0.253339,0.00315352,0.00301014,0.0337388,-0.0365212,0.618157,0.0532481,0.0287006,-0.0652611,0.0460904,0.0327688,0.00604497],[0.00180002,-0.00049516,0.0191856,0.000692485,0.00197527,0.00913258,0.0135872,-0.00214294,-0.00205182,0.016443,0.0668635,-0.000295402,-0.000584439,0.0244427,0.0231084,0.010756,0.000297818],[-0.182897,0.23612,-0.757455,-0.227996,-0.390346,-0.170605,-0.58932,-0.0050822,0.0904968,0.03395,1.82842,-0.146124,-0.133589,-0.416295,0.302356,-0.431495,-0.0211894],[-0.109543,0.0211311,0.231211,0.703244,-0.152008,-0.385531,-0.626522,-0.0476656,-0.212142,0.0380431,1.97055,-0.14729,-0.169577,1.27769,-0.546088,-0.543091,-0.0102152],[0.00591025,0.0181905,-0.0120782,0.0338208,-0.00152209,0.012717,-0.0220772,0.00345236,-0.020932,-0.0663645,-0.0562576,-0.0170285,-0.00766359,-0.0443202,-0.0316282,-0.0888242,-0.0024627],[0.0213025,0.0164531,-0.103404,-0.127161,0.0812185,0.0482697,0.140669,-0.013433,0.0252593,-0.0232024,0.589036,0.0126341,0.00922259,-0.0960434,0.165426,0.354202,0.00651266],[0.021986,0.00843796,0.0168089,-0.0148739,-0.0858029,-0.125008,-0.00832663,-0.00471216,0.0181722,0.0319091,-0.688801,0.0196839,0.0188062,-0.208435,-0.0250524,0.19464,0.0142128],[-0.0575121,0.2824,-0.359865,-0.356151,0.378878,0.281837,-0.713951,-0.0185713,-0.165581,0.284344,-3.88477,-0.0653785,0.0526171,-1.5199,0.0614615,-0.686395,-0.224623],[0.0220942,0.0876012,-0.0195849,0.137964,-0.256142,-0.176788,0.0212379,0.00358318,-0.0224504,-0.0489888,0.846146,-0.00986452,-0.0136242,0.0558595,0.144058,0.0176909,-0.0051824],[0.0254242,0.125808,-0.0185862,-0.0127349,-0.0470243,-0.018469,0.0519846,0.00661038,-0.0269266,0.0110357,-0.297675,-0.00907295,-0.00622643,0.0812221,0.126775,-0.0865399,0.00365369],[-0.0170897,-0.0591886,-0.142198,0.010247,0.0702462,0.0823764,0.0700199,0.00713393,-0.0016079,0.0125746,0.247964,-0.00950332,-0.0194282,0.342748,-0.0420545,0.0581895,0.00151915],[-0.045554,-0.116229,-0.0701873,0.0313752,0.00321142,-0.0282243,-0.110819,0.0063962,-0.0448499,-0.0286064,-1.35209,-0.0550893,-0.0474204,-0.321211,-0.186736,-0.138972,-0.0128691],[-0.0103548,-0.00375769,0.0694375,0.0286973,0.0338016,0.0389416,0.00180889,-0.00316087,0.0086875,-0.0208656,-0.164569,-0.0136929,0.00342532,-0.27912,0.0013578,0.035097,0.00524556],[-0.0181119,-0.0239214,-0.0381329,0.005492,-0.086358,-0.0642261,0.0418122,0.0158768,-0.0068328,-0.0846764,-0.021971,0.00423276,0.00622982,-0.15206,-0.138644,0.036114,0.00167416],[-0.0170651,-0.00973826,-0.0539567,-0.0118407,0.020104,0.0177378,0.151925,0.0165153,0.017979,0.0630302,-0.13677,-0.0216837,-0.0146916,0.0663834,-0.0957544,0.00500522,-0.0181844],[0.0884687,0.0242128,0.04595,-0.237629,0.0986885,-0.144273,0.209514,0.0374087,0.00375938,0.564046,-1.21427,0.0883861,0.0997983,-0.0202174,-0.201558,-0.206691,-0.00908186],[0.234896,0.0953378,0.142311,0.256938,0.0266676,-0.128035,0.041591,-0.00513684,-0.0756277,0.265621,-2.48565,-0.0365913,-0.0272385,0.761471,0.18853,-0.040255,0.0228156],[0.0466263,-0.0180203,0.0220788,5.76445e-06,0.0259104,0.089242,0.0484344,-0.0168613,-0.0198788,-0.00816408,-0.669174,-0.0324887,-0.021483,0.0184346,0.0509767,0.0524469,-0.0157639],[0.00245365,-0.000314811,0.00691222,0.00255956,-0.0052105,-0.00136942,0.00984612,-0.000927919,-0.000637522,0.0167313,-0.00762663,-0.00222175,-0.00172723,-0.00587549,-0.0042703,0.00984462,-0.00020107],[0.0996824,0.182655,0.316294,-0.310872,-0.15856,-0.11251,-0.00158953,0.000447553,0.0643035,0.165655,1.07494,0.00900344,0.0140628,0.281053,0.38886,-0.00777225,-0.0441397],[0.151152,0.186418,0.244823,-0.196998,0.212013,0.538123,0.628534,0.0131942,-0.0447812,0.216929,4.23923,0.0620324,0.0509051,0.15637,0.232882,0.353344,-0.0403775],[-0.0146356,-0.0379844,-0.0234545,0.0111149,0.0190624,-0.00644555,0.0228609,0.00542352,0.0046901,0.00895775,0.00451887,0.00231997,0.00104632,0.0714591,-0.0505428,0.0590751,0.00148467],[0.0470369,0.0914538,0.126684,-0.131824,0.00511013,0.0358897,0.0686856,-0.0115586,0.0109717,0.0480035,-0.053148,0.00487468,0.0115016,-0.19465,0.0960157,-0.00750895,0.00592044],[-0.0135218,-0.021171,-0.00218827,-0.0209681,0.0333914,0.0168746,0.0742441,0.00393732,0.00235556,0.0154152,-0.207149,0.0145749,0.00661536,0.0694134,-0.00310332,-0.0866634,0.00499889],[0.15857,0.261909,0.241253,0.0132716,-0.118027,0.279596,-0.236894,0.0834575,0.0978483,0.474997,-3.31419,0.0859751,0.104062,-0.306084,-0.136105,-0.0937295,-0.127498]],"sigmahat":[[0.331666,0.498428,0.308773,-0.0704885,0.105072,0.101664,-0.106401,-0.0543744,-0.00650417,0.156389,-0.579991,-0.000444131,0.00414411,-0.328447,0.516205,-0.21707,0.000126758],[0.498428,1.10369,0.427664,-0.0788303,0.0261103,0.0426704,-0.239309,-0.107828,-0.00717402,0.156117,0.099498,0.00524387,0.00653444,-0.534062,1.01758,-0.388319,-0.000228586],[0.308773,0.427664,0.972986,0.0735151,0.0321772,0.185396,-0.140399,-0.0430329,0.0130509,0.101308,-0.688992,0.00598912,0.029647,-0.240134,0.361228,-0.268107,0.00820523],[-0.0704885,-0.0788303,0.0735151,0.576209,-0.0608584,0.0231065,0.0489742,0.0162343,-0.00669161,-0.0627543,0.742606,0.0189136,0.00758465,0.65746,-0.0399114,0.0532533,-0.00639648],[0.105072,0.0261103,0.0321772,-0.0608584,1.21051,1.07563,-0.0516037,-0.0201482,0.00572078,0.267109,-0.188426,0.00721432,0.0261674,0.00736918,0.3504,-0.11282,0.0120308],[0.101664,0.0426704,0.185396,0.0231065,1.07563,1.58927,-0.0639779,-0.0222935,0.051074,0.297125,0.726135,0.0261253,0.0403932,0.221451,0.325465,-0.0184632,0.0128741],[-0.106401,-0.239309,-0.140399,0.0489742,-0.0516037,-0.0639779,0.660342,0.0382065,0.0189957,0.104387,1.72501,-0.00302952,-0.0123301,0.490974,-0.0969757,0.59762,-0.0169255],[-0.0543744,-0.107828,-0.0430329,0.0162343,-0.0201482,-0.0222935,0.0382065,0.0251858,-0.00142255,-0.0133767,-0.0547708,-0.000406491,-0.00406288,0.159886,-0.137663,0.0423051,-0.00290967],[-0.00650417,-0.00717402,0.0130509,-0.00669161,0.00572078,0.051074,0.0189957,-0.00142255,0.0606657,0.0169988,0.96324,0.0387682,0.0302518,0.111143,0.0201105,0.164895,0.0085396],[0.156389,0.156117,0.101308,-0.0627543,0.267109,0.297125,0.104387,-0.0133767,0.0169988,0.695707,0.644603,0.00516834,0.0070837,0.12609,0.311716,-0.0314073,0.00506473],[-0.579991,0.099498,-0.688992,0.742606,-0.188426,0.726135,1.72501,-0.0547708,0.96324,0.644603,71.739,0.862382,0.293305,13.1425,1.47002,7.45695,0.127029],[-0.000444131,0.00524387,0.00598912,0.0189136,0.00721432,0.0261253,-0.00302952,-0.000406491,0.0387682,0.00516834,0.862382,0.056354,0.0392636,0.168947,0.040857,0.113542,0.00888969],[0.00414411,0.00653444,0.029647,0.00758465,0.0261674,0.0403932,-0.0123301,-0.00406288,0.0302518,0.0070837,0.293305,0.0392636,0.0433527,-0.0973564,0.0213894,0.067721,0.00719918],[-0.328447,-0.534062,-0.240134,0.65746,0.00736918,0.221451,0.490974,0.159886,0.111143,0.12609,13.1425,0.168947,-0.0973564,9.27479,-0.0692911,1.36694,0.00199842],[0.516205,1.01758,0.361228,-0.0399114,0.3504,0.325465,-0.0969757,-0.137663,0.0201105,0.311716,1.47002,0.040857,0.0213894,-0.0692911,1.83575,-0.132901,0.00732297],[-0.21707,-0.388319,-0.268107,0.0532533,-0.11282,-0.0184632,0.59762,0.0423051,0.164895,-0.0314073,7.45695,0.113542,0.067721,1.36694,-0.132901,2.95103,0.0190753],[0.000126758,-0.000228586,0.00820523,-0.00639648,0.0120308,0.0128741,-0.0169255,-0.00290967,0.0085396,0.00506473,0.127029,0.00888969,0.00719918,0.00199842,0.00732297,0.0190753,0.0100985]],"n":17,"lags":3}