{"betahat":[[-0.0541405,1.22808,-2.69546,1.14476,0.877243,0.449839,0.668689,-0.222436,-0.182742,-0.148849,-0.662452,0.271297,19.1514,0.181628,0.0862665,2.11319,-0.148535,1.63011,-0.244117],[1.00827,-0.218573,0.201156,-0.163385,0.81996,0.697601,0.0786616,-0.0243262,0.0198098,0.28626,0.0759445,-0.0118944,1.18234,-0.0114034,-0.0187493,0.747938,0.507724,-0.201799,0.0243388],[0.0248963,0.667847,-0.0303401,0.206247,-0.0499786,0.0501179,0.0105477,-0.0180042,0.0654921,0.162793,0.05199,0.157794,2.65298,0.0445107,4.15732e-06,0.326875,0.154749,0.206024,-0.00155284],[-0.0115956,0.0694287,1.04137,0.0254365,0.0321833,-0.0184434,-0.0662861,0.0155522,0.0019236,0.0599228,0.0500926,0.0659629,-0.193911,0.019247,0.040371,-0.118983,-0.108831,-0.0442082,-0.00488102],[0.209794,0.145603,0.360183,0.70479,0.347309,0.305286,-0.0745636,0.00129866,-0.0395438,0.0650636,0.0341237,0.142064,-1.39455,-0.0045835,-0.0129501,0.649415,0.637468,-0.264891,0.00748948],[0.110428,0.0116349,0.0655265,-0.176364,1.0511,0.371799,-0.0610503,0.023779,-0.027948,0.168223,-0.03622,-0.0256196,-0.0372991,0.00352157,-0.0146288,0.278151,0.157939,0.0778098,-0.00426769],[-0.0410602,-0.0418706,0.0113893,0.114038,-0.175253,0.712551,0.111734,-0.00837461,0.040566,-0.0195194,0.0216342,-0.024773,0.258426,0.0125266,0.0111184,0.0027094,-0.0944632,0.144594,0.00210719],[0.09567,0.0725518,0.0682226,-0.0858538,0.269071,0.218453,0.916331,-0.0193603,0.0602014,-0.0173792,0.0622977,0.322374,0.717027,0.0221519,0.0451611,-0.48378,0.0104402,0.750407,0.0102924],[-0.0154266,0.822791,0.0022092,-0.0121397,-0.195084,0.415852,0.0223899,0.77348,-0.0363416,-0.843711,0.0480394,-0.352038,-2.52797,0.00445477,-0.0739338,1.92277,0.748831,0.265597,-0.084089],[-0.379331,-0.362833,-0.148576,0.339233,1.3993,1.10485,0.937714,-0.0607301,0.898993,0.40417,0.138786,-0.438769,12.012,-0.1307,-0.126739,2.011,-0.267061,0.757595,-0.0377446],[-0.0213543,0.0784835,0.126117,0.0320584,-0.25651,-0.280374,-0.00239454,0.00490263,0.00261395,0.99512,0.00100357,0.0157308,-0.734447,-0.0132397,0.0151529,-0.181482,-0.0328613,-0.0097752,0.0108373],[-0.125076,-0.55299,-0.0460487,-0.659671,-0.0170238,0.0810525,0.823419,0.106392,0.11265,-0.117611,1.2357,-0.489789,1.64899,0.218808,0.214468,-0.49793,1.14871,1.78179,0.0906211],[0.0994641,0.0821679,0.0242523,-0.113518,0.0348153,0.0470463,0.0591014,-0.0179149,0.0239478,-0.00178428,0.0367307,1.23303,0.68902,0.00626041,-0.00587374,0.185364,0.0902631,0.196455,0.00147011],[-0.00712053,0.00452722,-0.033269,0.000334048,0.00335194,-0.00554523,-0.0219983,0.00247491,0.00299072,-0.0381098,0.00270426,0.020382,0.929051,0.00337584,0.00286665,0.00265665,-0.0197711,-0.0225514,0.00110242],[0.740348,0.238428,1.87342,0.722515,1.36632,1.26621,0.1023,-0.0491141,-0.22696,0.185154,-0.0413837,-0.659376,-2.9188,1.00898,0.0414383,0.179575,0.82701,-0.277972,0.108008],[-0.0209135,-0.0611826,-0.80039,-0.799067,-0.0101938,-0.362854,-0.17192,0.0220773,0.214028,-0.458331,-0.125217,0.1168,-9.26281,0.0516836,1.07146,-2.19098,0.496966,-0.343349,0.0347858],[-0.0212977,-0.0661748,0.00855229,-0.0503791,-0.0434461,-0.0347618,0.0252849,0.00106602,0.017333,0.0424675,-0.00496101,0.0112515,-0.156218,0.0173406,0.00970856,0.931014,0.03935,0.0709899,0.000355152],[0.060294,0.262873,0.0433955,0.0915605,-0.0690654,0.0148845,-0.0403645,-0.0232838,-0.00642818,0.150024,0.00742765,0.0584667,1.38999,-0.000725377,-0.0163914,0.259204,0.623217,0.0442266,-0.000513446],[0.0652471,0.016453,0.130238,-0.042785,0.0442532,0.0772791,0.113923,-0.0019445,-0.00630293,0.265016,0.0167433,-0.138815,-0.78106,-0.0159882,-0.00369159,-0.258884,0.108608,-0.135818,0.00396439],[0.40173,0.170912,1.23637,-0.711713,0.0322369,-0.0464252,0.588652,-0.0829864,0.319687,-0.806765,0.123327,-0.41759,11.1895,0.0929356,-0.0520545,2.0448,2.75627,1.19509,1.23349],[-0.0404896,0.16077,-0.215475,0.00489615,-0.39165,-0.311719,-0.0772838,0.0205211,0.00905401,-0.245949,-0.104227,-0.0600787,-3.5371,-0.0057702,0.0310804,-0.928629,-0.154611,0.185871,-0.0149751],[-0.0596685,0.110158,0.0422978,-0.128631,0.219732,0.108618,-0.103546,0.0188313,-0.0102018,-0.103348,0.00356035,-0.0254643,-1.2254,-0.0197212,0.0115864,-0.292488,-0.0864929,0.13231,-0.0022472],[-0.00784776,-0.0542847,0.0586048,0.0235099,-0.145258,-0.0931539,0.00695622,-0.0170174,-0.0100884,-0.116287,-0.0426763,-0.024889,-0.784707,-0.024926,-0.0246252,-0.321895,0.0794615,-0.0905503,-0.00265153],[-0.152743,-0.0257163,-0.201538,0.222905,-0.260062,-0.22151,0.127009,-0.00769982,0.099826,-0.0321413,0.0108349,-0.10212,3.84087,0.074616,0.0677376,-0.137629,-0.485076,0.387556,-0.00165303],[-0.0488598,0.0151962,-0.0702032,0.0881317,-0.0118441,-0.329088,0.0475425,-0.0147018,0.0263304,-0.120627,0.0323049,-0.0269266,0.748423,0.0207682,0.0136074,0.177428,0.0118396,-0.0581099,-0.000144592],[0.00962249,0.011627,-0.0325953,-0.0992669,0.218082,0.317206,-0.10569,-0.00501634,-0.0368704,0.0917332,-0.0252937,0.0588619,-0.509513,-0.0173789,-0.0141907,0.0815908,0.133134,-0.133174,0.000742498],[-0.0787585,-0.096291,-0.00895401,0.0621976,-0.314765,-0.279714,-0.110966,0.00201275,-0.0709005,-0.0955951,-0.0471436,-0.162165,-0.87434,-0.0055865,-0.0355763,0.441629,-0.0724592,-0.776263,0.00711137],[-0.159711,-0.777472,-0.0241142,0.453699,-0.220662,-0.623389,-0.318477,0.0879074,-0.0335018,-0.329753,-0.154626,0.23183,-2.67494,-0.198218,-0.0344601,-3.41185,-2.17068,-0.934668,0.0616772],[0.0771017,0.122026,0.179428,-0.712398,-1.0869,-0.497576,-0.875301,0.0887829,0.187096,-0.474189,-0.0425417,0.578337,-4.9624,0.121733,0.101814,-2.55277,-0.511137,-0.361962,0.0224796],[0.00388026,-0.0930911,-0.0564407,-0.0429487,0.303585,0.285881,-0.00319016,0.0289049,0.0264766,0.0920763,0.0190718,0.032568,2.04313,0.0466184,0.0054501,0.265155,0.24463,0.118845,0.0021478],[-0.149231,0.00473462,-0.477467,1.03251,-0.34472,-0.252093,-0.292508,-0.0238225,-0.0387607,0.0868534,-0.25689,0.190299,-1.91378,-0.091318,-0.11695,0.580853,-1.1109,-0.616142,-0.0610285],[-0.0066028,0.00840181,0.0476206,0.035921,-0.0194729,-0.00191144,0.0612434,0.0160535,0.0137932,0.0735643,-0.0183256,-0.169784,-0.835514,-0.0127137,0.00493905,-0.188559,-0.0500243,-0.00189146,-0.00822324],[-0.0025041,-0.0178496,0.0218726,0.00487838,0.000834601,0.00968168,0.0168612,0.00129585,-0.00350802,0.0237289,-0.00357242,-0.00644103,0.0155373,-0.00264826,-0.00130144,0.00946775,0.040284,0.0159017,-0.00130863],[-0.359207,0.133429,-1.35249,-0.291554,-0.654433,-0.504444,-0.42212,-0.0128049,0.0661203,-0.337711,-0.10524,0.689167,-2.60116,-0.152089,-0.109905,-1.63396,-0.11663,-0.42243,-0.0555939],[-0.00205023,0.0495697,0.402931,0.930259,-0.0421077,-0.306429,-0.710965,-0.0477031,-0.233634,0.105899,0.101414,0.45841,4.45129,-0.130982,-0.177978,2.39993,-0.529588,-0.413615,0.0144036],[0.0239145,0.0592474,0.00705828,0.0269506,0.0271601,0.0488559,-0.0294977,0.000234317,-0.0181622,-0.0517823,0.00603603,0.0203999,0.178234,-0.016835,-0.00813783,-0.0247922,0.0279942,-0.0708857,-0.000971154],[-0.00265492,-0.026998,-0.123846,0.0772342,-0.143321,-0.18309,0.041649,-0.0142441,-0.0278511,-0.250899,-0.0190258,-0.0888924,-2.03714,-0.031298,-0.00522917,-0.491748,-0.285766,-0.0500415,-0.0106064],[0.0280683,0.0074955,0.0453152,-0.0289914,-0.0430419,-0.0980079,-0.0379459,-0.0022136,0.0161152,0.0682929,0.0195759,-0.0538475,-0.392772,0.0208129,0.016639,-0.0792774,0.00739707,0.152742,0.0121882],[0.0666324,0.484955,-0.450267,-0.136493,0.163332,-0.330073,-0.178721,-0.0170646,-0.318155,0.109914,0.00118063,0.296054,-3.01929,-0.128303,-0.0193562,-0.807388,0.0859236,-0.494289,-0.223883],[0.0321448,0.0577504,0.0142787,0.158561,-0.428374,-0.385825,-0.00141966,0.00379039,-0.0288623,-0.0403203,0.0282704,0.07212,2.35397,0.0171495,-0.0123309,0.180319,-0.353108,0.0158367,-0.00937024],[0.0347986,0.221975,-0.0118286,-0.0776416,-0.169798,-0.158701,0.0930566,-0.000807593,-0.0552764,-0.0593424,-0.055548,-0.132382,-1.42824,-0.0248207,-0.0116131,-0.0343569,-0.0682259,-0.338399,0.0037962],[0.0194069,-0.015137,-0.099987,-0.0490194,0.112679,0.111248,0.0592787,0.00146233,0.00816136,0.0562693,-0.00740696,-0.0408773,0.976867,0.00560826,-0.0157901,0.440391,0.0290206,0.13473,0.00753631],[-0.0570415,-0.119896,-0.158602,0.0722219,-0.0872105,-0.0837335,-0.0523977,0.00640104,-0.0602522,-0.0328601,-0.0449371,-0.0398099,-2.44611,-0.0700348,-0.054783,-0.511934,-0.152351,-0.122567,-0.00582988],[-0.0616031,-0.0268034,0.00488308,0.0883538,-0.0397832,-0.0431735,0.0134566,-0.00907249,0.00162182,-0.0475915,0.00393961,0.0526513,-0.71096,-0.0242888,0.000979568,-0.455212,-0.169994,-0.019983,0.00440819],[0.0313323,0.0301908,0.0212231,-0.0146833,-0.0434074,-0.0304023,-0.00607796,0.0134125,-0.00371249,-0.0721529,0.00367643,-0.0339164,0.249907,0.00482625,0.00302581,-0.0840263,-0.038936,-0.0113849,-0.00284148],[-0.016751,0.0236813,-0.0583163,0.024125,0.0454997,0.061364,0.194631,0.0174433,0.0109129,0.113497,-0.0149075,-0.15961,0.160354,-0.0163594,-0.00954375,0.0442328,0.0624397,0.0260521,-0.0173521],[0.16419,-0.0755619,-0.137935,-0.482777,0.714347,0.446667,0.286224,0.106682,0.0752483,1.08085,0.113372,0.0168618,4.57825,0.220269,0.145423,1.40852,1.40593,0.686035,0.0417888],[0.306742,0.0696939,0.163047,0.121513,0.0817273,-0.247114,0.210354,0.0231714,-0.0817678,0.386601,0.0184294,-0.383176,-2.30653,-0.0320653,-0.029573,1.22368,0.829821,0.40799,0.0323314],[0.0170571,0.0143369,-0.0701497,0.0106592,-0.0477972,-0.00627652,0.00530006,-0.0337933,-0.0290007,-0.087279,-0.0201177,-0.048062,-1.30435,-0.0333927,-0.0206389,-0.0831369,-0.212694,-0.108983,-0.0129492],[0.0654415,0.326225,-0.168953,0.0215223,0.107666,0.00389253,-0.368746,-0.0783828,-0.0817063,0.0741818,-0.0827539,0.246389,-1.23172,-0.0984671,-0.0770029,-0.0527132,-1.0024,-0.992318,0.0087381],[-0.0926453,-0.0905314,-0.0711941,0.0774852,-0.0153433,-0.0446483,-0.119801,0.00184148,-0.0374164,-0.0711492,-0.0181255,-0.0627458,0.155151,0.0064816,0.00092582,0.00382804,-0.0402733,-0.192735,0.0067915],[0.00894999,0.0118977,0.013225,-0.00436935,-0.00653466,-0.00527437,0.00511998,-0.00356551,-2.743e-05,0.0108354,0.000872437,-0.0157415,0.0222431,-0.00106283,-0.00158781,-0.0115274,-0.0236422,0.00481155,0.000154539],[-0.126473,-0.199649,0.156575,-0.41148,-0.336123,-0.329491,0.0190124,0.0376014,0.0832627,0.12632,0.0302379,0.0325576,0.717489,0.0457634,0.0455367,0.344223,-0.539986,-0.101973,-0.0280719],[0.0370286,0.0263069,0.144755,-0.213089,0.219453,0.614582,0.793898,0.035229,-0.0183812,0.371239,0.0150391,-0.549602,4.4698,0.0519098,0.0595233,-0.275146,0.232197,0.560089,-0.0433436],[-0.0023854,0.0070056,-0.0125329,0.0246562,0.0145561,-0.0143391,0.00456217,-0.00126199,0.00104223,0.008858,-0.000547379,-0.0303904,-0.0278189,-0.000480529,-0.0015687,0.092514,-0.0672721,0.000308533,0.000688549],[-0.0199038,0.00693421,-0.0116547,-0.0860505,-0.0399769,-0.0837612,0.00436933,-0.0153191,0.0148614,0.00793674,0.0142155,-0.073632,0.073462,0.00641217,0.00135291,-0.118107,-0.184074,-0.0163317,0.00201166],[-0.0697064,-0.0834503,-0.0946508,0.0122766,0.00543129,-0.0291179,0.0926645,0.00799751,0.00472352,0.0179596,0.00993369,-0.135031,-0.439647,0.0100292,0.00481207,0.0751694,-0.116522,-0.100956,0.00204448],[-0.399734,-0.38088,-0.579851,0.408437,-0.297129,0.153737,-0.51564,0.14918,0.0924043,0.301781,-0.099405,0.34223,-6.11122,0.142051,0.179821,-0.618168,-1.31476,-0.418007,-0.121945]],"sigmahat":[[0.214966,0.178016,0.308347,-0.0679048,0.21543,0.227655,-0.00567369,-0.00380833,-0.00627727,0.0456645,0.00708251,0.0163896,-0.00995271,0.0100022,0.00275436,0.127554,0.347854,-0.0215275,0.00155112],[0.178016,0.441949,0.164732,-0.0525455,0.0173347,-0.0142589,-0.0634463,-0.0354025,-0.0148103,-0.124215,0.00362194,0.0307004,-0.28587,0.00766464,-0.000397351,0.0629854,0.0892515,-0.192136,-2.73531e-06],[0.308347,0.164732,1.0905,0.0188532,0.254496,0.466196,-0.0250574,0.0185095,0.0137852,0.0728036,0.0117776,0.0303771,0.535488,0.0259347,0.0260025,0.346458,0.55311,-0.00470188,0.00706666],[-0.0679048,-0.0525455,0.0188532,0.474537,-0.162235,-0.108534,-0.0219355,0.00405926,-0.00665933,-0.072942,-0.016858,-0.0141184,-0.428885,0.0118738,0.0173783,0.17603,-0.251697,-0.086555,-0.0128636],[0.21543,0.0173347,0.254496,-0.162235,1.28927,1.20119,0.027453,0.00646346,0.0199856,0.253171,0.0090907,-0.00884067,1.18613,0.0381051,0.0311277,0.250622,0.810709,0.187957,0.0113235],[0.227655,-0.0142589,0.466196,-0.108534,1.20119,1.70552,0.0263561,0.0141053,0.0548006,0.262671,-0.0102574,-0.046407,1.72433,0.0516486,0.0444734,0.402491,0.817436,0.269293,0.00384236],[-0.00567369,-0.0634463,-0.0250574,-0.0219355,0.027453,0.0263561,0.437546,0.0190973,0.00379213,0.164175,0.0341666,-0.237916,1.75726,-0.00709473,-0.0143866,0.276718,0.309347,0.375843,-0.00654358],[-0.00380833,-0.0354025,0.0185095,0.00405926,0.00646346,0.0141053,0.0190973,0.0185097,0.00012604,0.0338511,0.00231712,-0.00579414,0.207444,0.00151794,-0.00385199,0.132272,0.07273,0.0394369,-0.00152679],[-0.00627727,-0.0148103,0.0137852,-0.00665933,0.0199856,0.0548006,0.00379213,0.00012604,0.0459203,0.0108551,0.00603591,0.000356592,0.871367,0.0317782,0.0228451,0.121256,0.0235735,0.115784,0.00188576],[0.0456645,-0.124215,0.0728036,-0.072942,0.253171,0.262671,0.164175,0.0338511,0.0108551,0.7343,0.00760454,-0.0762209,1.99613,0.00583995,-0.0117915,0.542431,0.399981,0.162425,0.00891053],[0.00708251,0.00362194,0.0117776,-0.016858,0.0090907,-0.0102574,0.0341666,0.00231712,0.00603591,0.00760454,0.0345704,-0.0091841,0.687231,0.00831984,-0.00135214,0.0965005,0.0600558,0.0720014,0.000501428],[0.0163896,0.0307004,0.0303771,-0.0141184,-0.00884067,-0.046407,-0.237916,-0.00579414,0.000356592,-0.0762209,-0.0091841,0.433686,-0.30677,0.00984681,0.00781589,-0.18086,0.0636081,-0.00573168,0.00604378],[-0.00995271,-0.28587,0.535488,-0.428885,1.18613,1.72433,1.75726,0.207444,0.871367,1.99613,0.687231,-0.30677,87.422,0.907855,0.0434138,17.6281,5.50441,8.15262,0.0839466],[0.0100022,0.00766464,0.0259347,0.0118738,0.0381051,0.0516486,-0.00709473,0.00151794,0.0317782,0.00583995,0.00831984,0.00984681,0.907855,0.0479565,0.0299416,0.223364,0.0875263,0.0914452,0.00188118],[0.00275436,-0.000397351,0.0260025,0.0173783,0.0311277,0.0444734,-0.0143866,-0.00385199,0.0228451,-0.0117915,-0.00135214,0.00781589,0.0434138,0.0299416,0.0361142,-0.0999791,0.00225752,0.0308025,0.000315852],[0.127554,0.0629854,0.346458,0.17603,0.250622,0.402491,0.276718,0.132272,0.121256,0.542431,0.0965005,-0.18086,17.6281,0.223364,-0.0999791,9.00176,1.66394,1.44621,0.0213438],[0.347854,0.0892515,0.55311,-0.251697,0.810709,0.817436,0.309347,0.07273,0.0235735,0.399981,0.0600558,0.0636081,5.50441,0.0875263,0.00225752,1.66394,3.0754,0.74804,-0.0034378],[-0.0215275,-0.192136,-0.00470188,-0.086555,0.187957,0.269293,0.375843,0.0394369,0.115784,0.162425,0.0720014,-0.00573168,8.15262,0.0914452,0.0308025,1.44621,0.74804,2.39906,0.00677534],[0.00155112,-2.73531e-06,0.00706666,-0.0128636,0.0113235,0.00384236,-0.00654358,-0.00152679,0.00188576,0.00891053,0.000501428,0.00604378,0.0839466,0.00188118,0.000315852,0.0213438,-0.0034378,0.00677534,0.00655591]],"n":19,"lags":3}