{"betahat":[[-0.036766,0.571036,-1.32385,1.21528,-0.327261,-0.338944,0.397228,-0.0838807,0.00591804,-0.043049,15.845,0.024814,-0.0910583,2.92488,1.20622,1.53914,-0.194988],[0.998163,-0.233719,0.0723219,-0.087798,0.453057,0.34099,0.0561633,-0.0300127,-0.00735395,-0.0553496,-2.52555,-0.0280059,-0.00135305,-0.117739,-0.393112,-0.376457,-0.00809957],[-0.0458681,0.730812,-0.235763,0.085185,-0.142197,-0.17722,-0.0018497,-0.0249586,0.0215068,-0.0605332,-0.00212872,0.0111786,-0.00719614,-0.161214,-0.186791,-0.0229081,-0.013046],[0.0390104,0.118153,1.17098,0.0215296,0.0204408,0.000370833,-0.0719224,0.00716504,-0.000672559,-0.0156724,-0.828756,0.0178419,0.0502898,-0.375225,-0.0448742,-0.0829112,-0.00209691],[0.155295,0.218847,0.224542,0.853494,0.163459,0.143386,-0.051387,-0.0194578,-0.0477382,0.110701,-1.84324,-0.024438,-0.0262808,0.559112,0.413051,-0.395287,0.00899301],[0.0210801,-0.0246144,-0.0713932,-0.105148,0.960291,0.23175,-0.0608023,0.0173976,-0.0351666,0.0839522,-0.637165,0.00253093,-0.00564821,0.087548,-0.0712914,0.0140237,-0.0052228],[0.0259062,0.0296065,0.101098,0.117663,-0.0919693,0.833839,0.0501728,-0.0112765,0.0334179,-0.0210973,-0.112985,0.00091255,0.00359963,0.0367217,0.0546588,0.065789,-0.00479733],[0.0845003,0.162752,0.0721446,-0.00736428,0.176062,0.183437,0.966832,-0.0213138,0.054631,0.0556548,1.02263,0.0447695,0.0585488,-0.491354,0.207145,0.709159,0.0188259],[0.345701,0.556103,1.00243,0.402447,0.468194,1.50466,0.0246765,0.874361,-0.0156923,-0.509411,0.396825,0.0122116,-0.0389251,2.13534,1.73752,0.766315,-0.0399384],[-0.249681,-0.286176,0.0391969,0.117564,1.35746,1.06761,0.989013,-0.0241765,0.920784,0.394615,11.1484,-0.0963142,-0.0954999,2.03027,0.60136,1.03836,-0.0878193],[-0.0678487,0.00532695,0.0627416,0.0256101,-0.277461,-0.371383,-0.043616,0.0156174,-0.0152338,1.05332,0.0226174,-0.0255385,-0.0128929,0.0479137,-0.104793,-0.0818905,0.00980139],[-0.00458029,-0.00164139,-0.0246258,-0.00478833,0.00322468,-0.00748955,-0.0240338,0.00322898,0.00270325,-0.0361636,0.918053,0.00260608,0.00277282,-0.0240635,-0.0215207,-0.0203786,0.000116723],[0.339091,-0.155119,0.981445,0.711058,0.884566,0.703875,0.307047,-0.0273664,-0.254853,-0.042658,-5.51308,1.02253,0.0505797,-0.464567,-0.443877,-0.170202,0.0864463],[0.0234527,-0.0719817,-0.579617,-0.527002,0.0478838,-0.185065,-0.186028,0.033099,0.206775,-0.269747,-8.45997,0.0491504,1.08032,-1.75041,0.477838,-0.321087,0.0487629],[0.00755234,0.0186825,0.0353514,-0.0462133,-0.0198475,-0.0066439,0.000606189,-0.00878832,0.0175467,0.0571618,0.0207569,0.0161194,0.00777557,0.976424,0.0836695,0.0334203,0.000920494],[0.144142,0.102042,0.257176,0.113345,0.102968,0.23147,0.00777053,-0.0133852,0.0201149,0.141783,1.40021,-0.0100934,-0.0151963,0.0832438,0.543975,0.290395,0.00912214],[0.0298274,-0.0218212,0.047962,0.0194951,-0.0152609,0.0307163,0.150595,-0.00181757,-0.00303355,0.203252,-1.12777,-0.0125703,0.00173188,-0.303368,-0.0113232,-0.0174556,0.00383158],[-0.0716252,-0.224653,-0.147692,0.348207,-0.52166,-0.94365,0.828492,-0.0672216,0.12844,-1.01857,8.08989,0.0436619,-0.103471,2.43809,0.0821527,0.726564,1.29652],[-0.016177,0.150346,-0.0451865,-0.0515029,-0.179003,-0.146761,-0.071474,0.0269531,0.0328226,0.113353,1.742,0.0370683,0.0142914,0.0758778,0.236439,0.365981,0.0142482],[0.0198672,0.136422,0.261942,-0.0711406,0.194161,0.207505,-0.0577815,0.0180273,0.0102291,0.0526177,0.402572,0.00136528,0.0152758,0.0838216,0.0439686,0.138256,0.0102383],[-0.0220134,-0.0572521,-0.020261,-0.0288071,-0.0935425,-0.084772,0.000776985,-0.0141473,-0.000473754,0.00425547,0.540203,-0.0100509,-0.0310788,-0.0184154,0.0830577,0.0169786,0.00139967],[-0.108043,-0.0959981,-0.155433,0.127356,-0.17224,-0.111914,0.171048,0.0147846,0.0983106,-0.0690821,3.36065,0.0827665,0.0749629,-0.174929,-0.228567,0.563985,0.00414462],[-0.00219088,0.0431631,0.000689361,0.0818639,0.0167344,-0.261296,0.0478841,-0.015664,0.0231241,-0.0603045,0.758455,0.0113465,0.00243949,0.181401,0.079082,-0.0685481,0.000115752],[-0.00873988,-0.0138407,-0.0544673,-0.135535,0.194949,0.245157,-0.0848979,-0.00543682,-0.0259166,0.112483,0.146153,-0.00731112,-0.0114735,0.113766,0.085009,-0.0897614,0.00373343],[-0.067186,-0.152064,-0.0133036,0.0206787,-0.215567,-0.215415,-0.120185,0.00326737,-0.0711163,-0.125014,-0.834836,-0.0186538,-0.041226,0.426867,-0.096613,-0.735072,-0.000215012],[-0.433785,-0.598868,-1.07083,-0.294694,-0.278355,-1.19554,-0.271696,0.0586575,-0.0176028,-0.120963,0.318697,-0.123506,-0.0624373,-2.61589,-1.41925,-0.673624,0.0668899],[-0.272734,-0.362109,-0.345522,-0.559132,-1.34245,-0.909891,-0.602921,0.127474,0.16043,-0.513859,-6.17028,0.103604,0.0957242,-2.37487,-1.35048,-0.303962,0.0737823],[0.021372,0.0105054,-0.0809372,-0.0160023,0.256702,0.283568,-0.00119021,0.00202142,0.034791,-0.0381073,0.682709,0.0597085,0.0352785,-0.0521287,0.0403101,0.0396136,0.0066668],[0.00200104,0.000141444,0.020163,0.00179018,0.00202516,0.00872622,0.0153182,-0.00212589,-0.00251185,0.0175525,0.0718528,-0.00041158,-0.000767152,0.0264739,0.0238913,0.0093785,0.000175311],[-0.153187,0.29961,-0.771395,-0.242682,-0.417802,-0.216703,-0.629894,-0.0027575,0.0908316,0.043815,1.4374,-0.14835,-0.141006,-0.441214,0.384668,-0.540864,-0.0239871],[-0.135214,-0.0307028,0.226741,0.758168,-0.0712363,-0.313264,-0.632161,-0.0593135,-0.212216,0.049009,3.08674,-0.144504,-0.167407,1.41978,-0.597474,-0.435555,-0.00565498],[0.00630613,0.018569,-0.0118791,0.0347774,0.00139572,0.0159126,-0.0243403,0.00354093,-0.0214517,-0.0685232,-0.0448592,-0.0180653,-0.0080888,-0.0485607,-0.0342481,-0.0928098,-0.00271485],[0.0152383,0.00961127,-0.127249,-0.129644,0.0681465,0.0259439,0.137588,-0.0131434,0.022143,-0.03262,0.497666,0.0103955,0.00712096,-0.093229,0.184511,0.332815,0.00560632],[0.0203822,0.00218189,0.0155361,-0.018308,-0.0788597,-0.118259,-0.01141,-0.00381095,0.0186166,0.0326022,-0.69224,0.0203554,0.0193166,-0.204342,-0.0388889,0.215694,0.0143079],[-0.0655119,0.335501,-0.353304,-0.351448,0.356293,0.255928,-0.803693,-0.0213152,-0.189661,0.216073,-4.48102,-0.0526527,0.0713726,-1.6592,0.0979858,-0.806133,-0.239261],[0.017966,0.0832711,-0.0271483,0.13938,-0.274126,-0.194277,0.0153496,0.00308171,-0.0254715,-0.0579978,0.783956,-0.00907361,-0.0129605,0.042316,0.156554,0.01067,-0.00615569],[0.025988,0.132725,-0.0261715,-0.0140461,-0.051987,-0.0302911,0.0596525,0.00693581,-0.0317336,0.00792832,-0.400589,-0.0125533,-0.00808685,0.0773891,0.142843,-0.115411,0.00280216],[-0.0171019,-0.0610295,-0.150926,0.00729273,0.0731855,0.0845508,0.0712011,0.00700907,0.00118175,0.0114836,0.288906,-0.00778459,-0.0192072,0.394162,-0.0383186,0.0663847,0.000718706],[-0.047274,-0.122839,-0.0691127,0.0190722,0.00870021,-0.0314297,-0.119575,0.00467174,-0.0505485,-0.0415939,-1.51754,-0.0583424,-0.0486963,-0.384059,-0.184431,-0.168511,-0.0131328],[-0.0189039,-0.0185922,0.0707226,0.0232889,0.0227517,0.0293291,0.0129641,-0.00171469,0.0120405,-0.023655,-0.122111,-0.0138789,0.00320166,-0.268875,-0.00795888,0.0545658,0.00511895],[-0.0172099,-0.0158609,-0.0466507,0.0178883,-0.10319,-0.0792024,0.0348783,0.0167229,-0.00747581,-0.0913139,-0.0338438,0.0063873,0.0078631,-0.15043,-0.139752,0.0240911,0.00106671],[-0.0174118,-0.0108247,-0.0588299,-0.0129907,0.0393207,0.0319291,0.153592,0.018103,0.0167134,0.0695162,-0.182748,-0.0258901,-0.017227,0.0664622,-0.110466,0.0269147,-0.0185595],[0.120524,0.120634,0.097705,-0.191873,0.0849196,-0.127081,0.167313,0.0318818,0.0117275,0.54203,-1.04666,0.115765,0.11834,0.298914,-0.16045,-0.245679,-0.0171224],[0.270355,0.149719,0.132202,0.254919,0.121609,-0.110289,-0.0503942,-0.0228964,-0.09506,0.224268,-3.0648,-0.0360919,-0.0211187,0.657726,0.290172,-0.0870627,0.0257975],[0.0462693,-0.0160135,0.0180836,-0.009764,0.0204575,0.0877424,0.0447213,-0.0176123,-0.0194647,-0.0153549,-0.70192,-0.0341629,-0.0223927,0.00459795,0.0641768,0.042301,-0.0164531],[0.00207342,-9.64498e-05,0.00611482,0.00259665,-0.00636985,-0.00187639,0.0088346,-0.000909818,-0.000515401,0.0163595,-0.00764095,-0.00229014,-0.0019428,-0.00239773,-0.0049816,0.0103055,-0.000357145],[0.0581979,0.119217,0.289256,-0.321171,-0.134956,-0.0733363,0.0328214,0.00438708,0.0803189,0.154489,1.12811,0.018044,0.0263038,0.345112,0.363714,0.0268751,-0.0445804],[0.146783,0.176979,0.230724,-0.225358,0.162584,0.507757,0.706287,0.0222363,-0.0448404,0.228211,4.86496,0.0647154,0.0459086,0.188286,0.179665,0.475836,-0.041232],[-0.013919,-0.0376899,-0.0225485,0.011969,0.017422,-0.00942958,0.0245461,0.00530804,0.0043323,0.0109727,0.0200383,0.00218985,0.000519735,0.0718983,-0.0496264,0.0608625,0.00188275],[0.044429,0.0869403,0.130144,-0.137053,-0.00255872,0.027747,0.0558431,-0.0118263,0.0101743,0.037856,-0.150833,0.00393221,0.011317,-0.215122,0.0971589,-0.0341199,0.00622758],[-0.0181066,-0.028038,-0.00383831,-0.0283707,0.0376886,0.0225621,0.0772577,0.00461565,0.0037628,0.0112828,-0.21094,0.0160418,0.00801522,0.0647365,-0.00686115,-0.07159,0.0050452],[0.165669,0.250496,0.218856,0.016203,-0.116222,0.294667,-0.225977,0.0847011,0.105767,0.491063,-3.24994,0.0892756,0.108301,-0.31877,-0.147013,0.0119484,-0.124128]],"sigmahat":[[0.341729,0.511513,0.31744,-0.0718904,0.0978674,0.0958416,-0.11364,-0.0556631,-0.00587691,0.159069,-0.619241,-0.000983057,0.00372781,-0.350089,0.510999,-0.212891,0.000447697],[0.511513,1.11999,0.430788,-0.0764467,0.00551686,0.0158738,-0.260148,-0.110612,-0.00763682,0.153998,-0.0198954,0.00431734,0.00635736,-0.567033,1.00489,-0.38946,-0.00111515],[0.31744,0.430788,0.976311,0.0716005,0.0281369,0.186801,-0.146996,-0.0436467,0.0142721,0.107584,-0.730246,0.00501959,0.0283313,-0.236893,0.346441,-0.268194,0.00878063],[-0.0718904,-0.0764467,0.0716005,0.574492,-0.0731723,0.0134567,0.0386064,0.0172349,-0.00456602,-0.0596732,0.678488,0.0198105,0.00787628,0.659832,-0.0340297,0.0480788,-0.00656241],[0.0978674,0.00551686,0.0281369,-0.0731723,1.2209,1.07656,-0.0552913,-0.0199425,0.00370072,0.243263,-0.119537,0.00727216,0.0257316,-0.0459328,0.32428,-0.105887,0.0148882],[0.0958416,0.0158738,0.186801,0.0134567,1.07656,1.56134,-0.0575504,-0.0210022,0.0516254,0.286424,0.787817,0.0262783,0.0395029,0.184013,0.294546,-0.0100265,0.0152965],[-0.11364,-0.260148,-0.146996,0.0386064,-0.0552913,-0.0575504,0.670866,0.0398135,0.0219145,0.108206,1.78731,-0.00198892,-0.0124638,0.498596,-0.111536,0.621482,-0.0154915],[-0.0556631,-0.110612,-0.0436467,0.0172349,-0.0199425,-0.0210022,0.0398135,0.0254966,-0.00170399,-0.0122961,-0.0409986,-0.000641593,-0.00442648,0.166353,-0.136015,0.0425964,-0.00289197],[-0.00587691,-0.00763682,0.0142721,-0.00456602,0.00370072,0.0516254,0.0219145,-0.00170399,0.0599831,0.0174218,0.934887,0.0380256,0.0297042,0.109911,0.0216929,0.162988,0.00819718],[0.159069,0.153998,0.107584,-0.0596732,0.243263,0.286424,0.108206,-0.0122961,0.0174218,0.694083,0.650498,0.00472941,0.00553861,0.0949136,0.29746,-0.0279528,0.00600929],[-0.619241,-0.0198954,-0.730246,0.678488,-0.119537,0.787817,1.78731,-0.0409986,0.934887,0.650498,70.0908,0.821316,0.269331,12.8723,1.36085,7.4301,0.117504],[-0.000983057,0.00431734,0.00501959,0.0198105,0.00727216,0.0262783,-0.00198892,-0.000641593,0.0380256,0.00472941,0.821316,0.0554467,0.0390921,0.163497,0.0408147,0.108505,0.00857767],[0.00372781,0.00635736,0.0283313,0.00787628,0.0257316,0.0395029,-0.0124638,-0.00442648,0.0297042,0.00553861,0.269331,0.0390921,0.0434586,-0.0967924,0.0227633,0.0621725,0.00712944],[-0.350089,-0.567033,-0.236893,0.659832,-0.0459328,0.184013,0.498596,0.166353,0.109911,0.0949136,12.8723,0.163497,-0.0967924,9.10528,-0.121957,1.41901,-0.00179114],[0.510999,1.00489,0.346441,-0.0340297,0.32428,0.294546,-0.111536,-0.136015,0.0216929,0.29746,1.36085,0.0408147,0.0227633,-0.121957,1.77682,-0.122587,0.00729497],[-0.212891,-0.38946,-0.268194,0.0480788,-0.105887,-0.0100265,0.621482,0.0425964,0.162988,-0.0279528,7.4301,0.108505,0.0621725,1.41901,-0.122587,2.9279,0.0184237],[0.000447697,-0.00111515,0.00878063,-0.00656241,0.0148882,0.0152965,-0.0154915,-0.00289197,0.00819718,0.00600929,0.117504,0.00857767,0.00712944,-0.00179114,0.00729497,0.0184237,0.0100295]],"n":17,"lags":3}