{"betahat":[[0.518372,0.0918192,-1.36629,1.95909,2.04822,2.10953,0.754647,-0.156167,-0.0874351,-1.17275,7.54297,0.0581614,-0.0793767,3.78804,-0.0330238,1.23305,-0.0522616],[0.827149,0.242404,-0.5124,-0.167454,0.255219,0.248721,0.293461,0.031835,0.216934,0.160096,2.72533,0.0390319,0.064523,-0.705399,-0.0698562,0.873331,-0.0469579],[0.0988947,0.854303,0.580663,0.110565,0.0195495,-0.0222327,-0.0470797,-0.0170621,0.0474002,0.0293274,0.401503,0.0244271,0.0344566,-0.765988,0.07875,0.128941,-0.011166],[-0.000797832,0.0228201,0.952963,0.0244928,-0.121236,-0.0985084,-0.0660941,-0.0151548,-0.0284743,-0.0363457,-0.863206,-0.0121139,0.0059392,-0.215186,-0.0812707,-0.179627,0.00309654],[-0.0216814,0.0556132,-0.111016,0.77249,0.130991,0.179281,-0.0494949,-0.00621705,0.028282,0.197993,0.0983039,0.0277573,0.0344366,-0.0586466,0.120716,0.0639244,0.0167958],[-0.0152424,0.0111127,-0.0281828,-0.0716658,0.729858,-0.080884,-0.115201,0.0117057,-0.0347371,0.069244,-0.606621,-0.0245038,-0.0194967,-0.224319,0.0270759,-0.179483,0.00866079],[0.104895,0.0265075,-0.00284251,0.092819,-0.102817,0.953308,-0.00229611,-0.0253618,-0.00292756,-0.0573637,-0.691745,-0.0238054,-0.0115664,0.217776,0.211152,-0.0595672,0.000673463],[0.0800888,0.0804314,0.272644,-0.0128188,0.037922,-0.228655,1.1964,-0.0218205,-0.00685154,0.187505,1.10084,-0.0135657,0.000465733,-0.0198985,0.305349,0.427818,0.0188733],[0.0809123,-0.0212206,-0.670411,0.059579,0.892474,1.11658,0.397615,1.04281,0.12715,-0.168251,3.06647,0.0197226,0.0659493,-0.734882,0.997073,0.898815,-0.0203803],[0.0727065,-0.0208537,-0.915763,0.404366,-0.0260448,0.668797,0.490169,0.0757167,1.05884,0.257851,4.21921,0.0470253,0.0207979,0.262397,-0.653729,0.902118,0.000192741],[-0.0360656,-0.0206044,-0.106737,0.0968132,0.0666714,-0.0257637,-0.0505842,0.002952,-0.0245057,0.972766,-0.682143,-0.00437379,0.00302833,-0.265323,-0.18112,0.0344527,0.00183854],[-0.00386391,-0.00724129,0.00797404,-0.00858477,0.00436799,0.00800349,0.000109488,0.00322183,-0.00213775,-0.0294589,1.02126,0.000965456,-0.00074488,0.0107639,-0.0255152,-0.0186795,0.000551379],[-0.299288,-0.0100061,-0.843658,0.184076,0.426912,0.892719,-0.0554095,-0.0206647,-0.16634,1.16964,-1.57195,1.02131,0.016673,0.799712,0.553783,0.0834958,0.0800811],[-0.187965,-0.273482,0.965666,-0.268704,0.505232,-0.108049,0.0066956,-0.0380675,0.0751515,-0.684667,-8.02562,0.079454,1.16553,-2.37253,0.34962,-0.40592,0.0152701],[0.036802,0.0307386,0.116194,-0.00644708,-0.0245956,-0.00406694,0.0217089,0.00385733,0.0179731,0.0641468,0.196178,0.0178162,0.00838538,1.04204,0.11941,0.0578162,-0.000121543],[0.097991,0.112891,0.225696,-0.0529998,-0.0229118,0.112721,-0.011919,-0.0408997,-0.00346002,-0.00839273,0.0562909,-0.0167648,-0.0191632,0.0970687,0.336022,-0.0545537,0.00956898],[-0.0255486,-0.0423008,-0.0036612,-0.0178356,-0.00489337,-0.092867,-0.03775,0.00947375,0.00844249,-0.0898227,-1.06616,-0.0029393,0.0122402,-0.341642,-0.00703739,0.0730218,0.0022304],[0.134939,0.179803,1.80491,0.937509,0.323676,0.347703,0.669651,-0.0610998,0.14143,0.44708,6.39451,0.0626748,-0.0596628,1.75396,0.332329,0.889196,1.26791],[0.219236,-0.105603,0.18339,0.322208,-0.04092,-0.203335,-0.269052,-0.0494228,-0.199846,-0.252825,-2.76109,-0.0598287,-0.06791,0.359531,0.236861,-0.703183,0.00786471],[-0.026486,0.153141,-0.378307,-0.287538,-0.178501,-0.110026,0.0826874,0.00137073,0.000735806,0.0936801,0.589156,-0.0156868,-0.029927,0.774064,-0.00601217,0.0531325,0.018016],[0.0287651,-0.0388246,0.113517,-0.0325349,0.106435,0.066079,0.0527555,0.0139843,0.0207382,-0.0153324,0.736059,0.0120367,-1.29721e-05,0.116699,0.0386705,0.168043,0.00264],[0.0578557,0.0320549,0.10116,0.111603,0.0443364,-0.0111793,0.0100634,-0.0124477,-0.0114262,-0.222025,0.402058,0.000442191,-0.0165604,0.150102,-0.0509025,-0.0361694,-0.00679645],[-0.0209231,0.00737815,-0.0903296,-0.0509275,0.151916,-0.00900212,0.0515475,0.00480169,0.0352805,0.0179102,0.0493361,0.0157515,0.00922312,0.117564,0.017766,0.0365251,-0.00464245],[-0.0582803,-0.00084029,0.0209327,-0.0173318,0.101982,0.0689359,0.0141579,0.0165658,-0.00572216,0.0429119,0.524339,0.0141311,0.000773381,-0.11594,-0.0681179,0.0612554,0.00164252],[-0.0838595,-0.0630426,-0.140662,-0.100455,-0.0924582,0.0413246,-0.135535,0.0316116,0.00995468,-0.163481,-0.67518,0.0150494,0.00175031,-0.140376,-0.286511,-0.286105,-0.000354192],[-0.201268,-0.222067,-0.198775,0.287163,-0.384802,-0.579041,-0.0535367,-0.0167504,-0.00290071,-0.203607,2.54383,-0.0650285,-0.0734864,0.0125213,-0.987343,-0.42965,-0.00381708],[-0.327766,-0.13915,0.365815,-1.00722,0.0853582,-0.46941,-0.222842,-0.0596003,0.0412419,-0.278943,-3.6595,0.016602,0.0131295,-0.572159,0.201541,-0.583629,0.00420255],[0.0116114,-0.0272654,0.06483,-0.0410319,-0.0928879,-0.00163539,0.0218878,0.0210147,0.00813568,0.0551193,0.745948,0.00799534,-0.0027062,0.302993,0.123338,-0.112281,0.00614821],[0.00794892,0.0054644,0.00033215,0.00441071,-0.000103997,-0.00670245,0.00148457,-0.000818521,0.0035879,0.0179632,0.0336097,0.00117128,0.00146109,0.0141185,0.0181958,0.0144211,-0.000621834],[0.156053,0.118079,0.573894,0.00891233,-0.450957,-0.566991,-0.166401,0.0568464,0.0656144,-1.11341,-0.313444,-0.0714997,-0.0536331,-1.32439,-0.709945,-0.226109,-0.0430701],[0.274249,0.055024,0.258532,0.26692,-0.572971,0.25949,-0.152056,-0.0937639,-0.0288898,-0.201671,5.98935,-0.136082,-0.191022,1.70243,-0.4935,0.22311,-0.0159944],[-0.00701434,-0.00440903,-0.040591,0.0252758,0.0591815,0.0328563,-0.0405512,-0.00226023,-0.0154111,-0.0915424,-0.0436355,-0.0186461,-0.00869308,-0.0607013,-0.0660243,-0.0887642,-0.00130017],[0.008559,-0.00746687,-0.0567536,-0.0398294,0.213797,0.142761,0.0790672,0.0210953,0.0499198,0.0148302,0.331718,0.0177628,0.0181229,0.0177721,0.165686,0.190345,0.0100358],[-0.0348581,-0.0266326,0.0998997,-0.112704,-0.106039,-0.113983,0.0609512,-0.000298618,0.0214264,-0.0371925,-0.438502,0.0203748,0.0246739,-0.166539,-0.0129702,0.281163,0.0173853],[0.113589,-0.194749,-1.29722,0.13439,-0.675606,-0.322055,-0.388304,0.0056733,-0.12779,-0.0622512,-2.13016,-0.0843629,-0.0106469,-0.659016,0.128613,-0.567924,-0.217137],[-0.0463825,-0.136799,0.329008,-0.154709,-0.2143,-0.0453774,-0.0243891,0.0175878,-0.0170854,0.0927193,0.0357852,0.0207969,0.00338708,0.34588,-0.167015,-0.170128,0.0390914],[-0.0724048,-0.00744528,-0.202354,0.177014,0.158953,0.132268,-0.0355889,0.0156918,-0.0481344,-0.123017,-0.990622,-0.00874072,-0.00452978,-0.00805935,-0.0727486,-0.182055,-0.0068517],[-0.0279706,0.0160029,-0.0665445,0.00811277,0.0147929,0.032443,0.0133651,0.00117268,0.0077393,0.051649,0.126944,7.33157e-05,-0.00592724,0.0984443,0.0425783,0.0115988,-0.00574028],[-0.0361695,-0.0876667,0.00984539,0.115951,-0.175315,-0.168075,0.0394609,0.0186655,-0.0168485,0.0240118,-0.500315,-0.028198,-0.0178746,-0.0914226,-0.0698288,-0.027719,-0.0100003],[0.0361783,-0.0184824,0.118529,0.122676,0.1182,0.0898922,0.0636827,-0.0165107,-0.000540102,-0.0871646,0.557379,0.00875346,0.0102723,0.106809,-0.0448471,0.142979,-0.00402015],[-0.046601,-0.0256593,-0.0180727,-0.0754127,0.000822208,-0.022239,-0.0118311,0.0087939,0.00865256,0.0144376,0.167483,0.00967437,0.010792,-0.101795,-0.143041,-0.00166216,-0.00231742],[0.00379776,-0.0173573,-0.131939,0.113468,0.054563,0.187411,-0.0607864,-0.00979877,-0.00307928,-0.0240425,-0.425295,-0.00146137,-0.00220369,0.160482,-0.0188419,-0.141597,-0.0185185],[0.109639,0.231111,0.894375,-0.445503,-0.472341,-0.545531,-0.382788,-0.0347043,-0.125314,0.377893,-5.81575,0.0480694,0.0124892,0.663615,0.0200087,-0.48668,0.0240408],[0.22979,0.145166,0.630044,0.516767,-0.0271083,-0.217066,-0.278615,-0.00124905,-0.130671,0.116353,-0.437657,-0.0659552,-0.0404174,0.370335,0.405632,-0.313547,0.00335499],[0.0244686,0.0478554,0.0419895,-0.0558109,0.0262981,0.0274445,0.0286789,-0.0239671,0.0163592,-0.0279988,-0.0639326,-0.00363478,-0.000325261,-0.0377887,0.057756,0.0778184,-0.00799105],[-0.00426755,0.00153953,-0.00760497,0.00388213,-0.00477198,-0.00162444,-0.00139629,-0.00235745,-0.00147795,0.0115879,-0.0581489,-0.00215348,-0.000691983,-0.0251497,0.00706962,0.00471952,6.92678e-05],[0.157844,-0.108878,0.547461,-0.136011,0.113452,-0.209108,0.183967,-0.0253667,0.0337865,-0.0296222,1.08755,0.0112646,0.00481229,0.521578,0.117956,-0.00494768,-0.0312356],[-0.0944935,0.214426,-1.22423,-0.0227056,0.120326,-0.133598,0.120134,0.139544,-0.0619127,0.899163,1.90853,0.0458891,0.0136207,0.661205,0.125147,0.119394,0.00250677],[-0.0296634,-0.0262283,-0.0752906,-0.0182727,-0.0346418,-0.0285872,0.0190291,-0.00163834,-0.0025124,0.027127,-0.152943,0.000857104,0.00033201,0.0186616,-0.0533994,0.0310992,0.00141953],[0.0181079,0.00892024,0.143448,-0.0197677,-0.073882,-0.136747,-0.0178448,-0.0051223,-0.00431462,-0.0452717,0.171539,0.00923669,0.0139582,-0.17797,0.0690626,-0.0159926,0.00348725],[0.0129225,0.0187079,-0.128131,-0.0113929,-0.00665082,-0.00214303,0.0253868,0.0114064,0.011319,0.0835996,0.0514113,0.016578,0.00632394,0.133699,-0.00997173,-0.0332386,0.00997103],[-0.264231,0.0362187,-0.708773,-0.920997,-0.0425106,-0.234873,-0.302174,0.0819283,-0.00043617,-0.207293,-5.23852,0.0110731,0.0610833,-0.576454,-0.500093,-0.415402,-0.113411]],"sigmahat":[[0.308441,0.122904,0.593126,0.176765,0.107238,0.0915407,-0.0721567,-0.0511392,-0.00386842,-0.135426,0.912994,0.0041162,-0.0051161,0.207386,0.188974,-0.0273777,0.0124118],[0.122904,0.316524,0.0567667,0.0906097,0.132992,0.0889784,-0.0864598,-0.0386342,0.0215385,0.157215,0.26488,0.0198286,0.00408266,-0.186636,0.158562,-0.0152785,0.00424263],[0.593126,0.0567667,5.1943,-0.0902781,-0.272035,-0.274805,-0.388978,-0.126367,-0.125694,0.33951,2.83149,0.0373609,-0.00966492,0.626572,0.485184,-0.316876,0.0505573],[0.176765,0.0906097,-0.0902781,1.60726,0.284985,0.411587,0.112701,0.00459327,-0.123175,-0.13412,0.628542,-0.0707112,-0.0718037,0.740051,0.0417138,-0.010423,-0.0513436],[0.107238,0.132992,-0.272035,0.284985,1.87103,1.37912,0.15967,-0.0357592,0.0746998,-0.416398,1.84377,0.0804371,0.072257,0.333253,0.0644489,0.247687,0.000417733],[0.0915407,0.0889784,-0.274805,0.411587,1.37912,1.99362,0.250223,-0.0107073,0.0267413,-0.385912,2.2388,0.0549473,0.0286275,1.03635,-0.217108,0.364774,0.0116104],[-0.0721567,-0.0864598,-0.388978,0.112701,0.15967,0.250223,0.411658,0.0471109,0.0670537,-0.094794,1.41647,0.0229428,0.0193392,0.539322,-0.323146,0.698468,0.00211001],[-0.0511392,-0.0386342,-0.126367,0.00459327,-0.0357592,-0.0107073,0.0471109,0.0554079,-0.00768731,-0.0101274,-0.121904,-0.00709181,-0.00378538,-0.00949975,-0.147621,0.0422941,0.0020078],[-0.00386842,0.0215385,-0.125694,-0.123175,0.0746998,0.0267413,0.0670537,-0.00768731,0.115194,-0.00539028,1.0295,0.0554517,0.0481009,0.0210704,0.0293763,0.176195,0.00162956],[-0.135426,0.157215,0.33951,-0.13412,-0.416398,-0.385912,-0.094794,-0.0101274,-0.00539028,1.9572,2.07344,0.0919295,0.020702,1.43126,0.495205,0.014435,-0.0151871],[0.912994,0.26488,2.83149,0.628542,1.84377,2.2388,1.41647,-0.121904,1.0295,2.07344,74.8111,0.861359,0.288888,13.9558,0.167046,7.15868,0.0962005],[0.0041162,0.0198286,0.0373609,-0.0707112,0.0804371,0.0549473,0.0229428,-0.00709181,0.0554517,0.0919295,0.861359,0.061168,0.0452277,0.137763,0.0652547,0.0974099,0.0055096],[-0.0051161,0.00408266,-0.00966492,-0.0718037,0.072257,0.0286275,0.0193392,-0.00378538,0.0481009,0.020702,0.288888,0.0452277,0.0497571,-0.114526,0.0348649,0.0719677,0.00536999],[0.207386,-0.186636,0.626572,0.740051,0.333253,1.03635,0.539322,-0.00949975,0.0210704,1.43126,13.9558,0.137763,-0.114526,9.58863,0.0310784,1.16536,-0.0414683],[0.188974,0.158562,0.485184,0.0417138,0.0644489,-0.217108,-0.323146,-0.147621,0.0293763,0.495205,0.167046,0.0652547,0.0348649,0.0310784,1.86996,-0.363676,-0.0183606],[-0.0273777,-0.0152785,-0.316876,-0.010423,0.247687,0.364774,0.698468,0.0422941,0.176195,0.014435,7.15868,0.0974099,0.0719677,1.16536,-0.363676,3.06989,0.0169714],[0.0124118,0.00424263,0.0505573,-0.0513436,0.000417733,0.0116104,0.00211001,0.0020078,0.00162956,-0.0151871,0.0962005,0.0055096,0.00536999,-0.0414683,-0.0183606,0.0169714,0.0140451]],"n":17,"lags":3}