{"betahat":[[0.74284,0.760269,-5.88735,-1.21438,0.862298,-0.874867,-1.20195,-0.267972,-0.000232708,0.946303,-0.484872,1.90707,13.3595,0.549804,0.430549,-1.61502,-0.330475,-1.9751,-0.353582],[0.66976,0.262732,-0.642892,-0.313899,0.290796,0.242406,0.289219,0.0877266,0.217843,0.252334,0.104153,-0.474848,3.93655,0.0655085,0.0822152,-0.507211,0.0361692,1.00145,-0.0502842],[0.0764545,0.692381,0.515488,0.213454,0.261852,0.310474,0.0575244,0.0245374,0.049493,0.0208096,0.0513036,0.218449,1.27278,0.00619415,0.0159845,-0.178901,-0.0512905,0.254724,0.00194417],[0.0121501,0.0190898,0.89993,0.0329637,-0.124193,-0.0806366,-0.0577236,-0.0203879,-0.0266213,-0.0558039,-0.00994633,0.113622,-0.814477,-0.0114329,0.00676212,-0.210981,-0.135071,-0.181878,0.0059151],[-0.069782,0.0278675,-0.174579,0.682649,0.158476,0.189779,-0.0601937,0.00395007,0.0140548,0.251719,0.00156167,0.266026,-0.286034,0.0215086,0.0329869,-0.143188,-0.00442785,0.0255707,0.0210375],[-0.0398545,-0.00891592,-0.0856146,-0.0561384,0.609843,-0.128273,-0.0948041,0.0238327,-0.0392641,0.00492701,-0.030921,0.168047,-1.26648,-0.0370035,-0.0223874,-0.414317,-0.248603,-0.198952,0.00529305],[0.0611938,0.0404918,-0.0812108,-0.0417965,-0.185828,0.739653,0.00152129,-0.00847793,0.0162518,0.0167162,-0.00734324,-0.0164508,-0.170096,0.0056087,0.0122336,0.255136,0.289487,0.0555475,0.00632022],[0.0795177,-0.0048763,0.374134,-0.0414462,-0.0253273,-0.139488,1.17516,-0.0301029,-0.0102084,0.160838,0.0724385,0.0315172,-0.477576,-0.0854451,-0.0402603,-0.133594,-0.652479,0.420413,0.00380619],[0.164238,0.0310542,-0.697387,0.0476401,0.387757,0.549546,0.324705,0.984957,0.149118,-0.386618,0.0417531,0.121492,0.56875,0.00559149,0.0855854,-1.67328,0.373692,0.728387,-0.0676136],[0.29912,0.148717,0.166042,0.53776,0.193827,0.954707,0.37691,0.0631526,1.04589,0.782729,0.261744,-0.258977,9.3077,0.131633,0.0347471,1.5612,-0.0965501,1.08003,0.0444639],[-0.00726088,0.0195483,-0.0590716,0.150078,0.0607776,-0.0319168,-0.0724855,-0.0130336,-0.0221593,0.911937,0.0102371,0.104438,-1.11044,-0.00145421,0.0091563,-0.364611,-0.0834157,0.0060461,-0.00159195],[-0.5305,-0.356984,-1.26819,-1.03161,-0.490078,-0.391951,0.408508,0.0514753,0.0143646,-0.547746,1.04099,-0.731085,-3.93484,0.109933,0.194297,-2.59015,-0.282965,0.928295,0.067797],[0.0180496,-0.0734021,0.179041,-0.159648,-0.104278,0.139513,-0.00610513,-0.0284371,0.0372886,0.0502539,-0.00518202,1.0529,0.0676658,0.0141347,0.00367413,0.122309,-0.389084,-0.141537,0.0111722],[0.00242762,-0.00475096,0.023028,0.000287344,0.00723757,0.00185565,-0.00242667,0.000747806,-0.0014481,-0.0362846,0.00195229,0.00419928,0.927192,0.00104852,0.00028582,0.00342066,0.000247653,-0.0155863,0.000286376],[-0.183477,0.0550907,-0.452072,0.340363,0.893048,1.50578,-0.167189,-0.0808864,-0.249961,0.943145,-0.0946427,0.164332,-3.11619,0.925179,-0.0494673,0.650954,0.476649,-0.284994,0.0897574],[-0.303696,-0.411513,0.152894,-0.334039,0.793524,-0.0100627,0.0948719,0.00151117,0.0634222,-0.751588,-0.0604338,-0.391497,-9.38629,0.0351482,1.12277,-2.96338,0.593834,-0.527989,-0.00557762],[0.00220185,-0.00269662,0.0344932,-0.054047,-0.0276831,-0.00361574,0.0493298,0.0140194,0.0175878,0.0411804,-0.00438384,-0.0318886,-0.0932257,0.0151682,0.0103384,0.95358,0.0323601,0.0592674,0.00126792],[0.137212,0.0998525,0.183419,0.0555154,0.019005,0.0417627,0.030129,-0.0438774,0.0238722,0.15491,0.0184311,-0.0179949,1.85929,0.0262583,0.00202412,0.553298,0.80602,0.166783,0.00201726],[-0.0086397,-0.0271565,-0.0312625,0.0335119,-8.05997e-05,-0.117536,-0.0797521,0.016408,0.0138086,-0.0778429,0.018872,-0.0419088,-0.770467,-0.000707211,0.00825087,-0.193749,0.102399,-0.191486,0.00509251],[0.171065,0.590875,0.665775,0.916666,0.914441,0.185692,0.756593,-0.0623261,0.342808,-0.140917,0.2507,0.691086,7.31959,0.144515,0.0317507,0.408864,2.85552,1.90926,1.19633],[0.2644,-0.159932,0.0463645,0.398043,0.0191704,-0.0986826,-0.223477,-0.0593235,-0.182153,-0.30786,-0.0350285,0.361971,-2.63812,-0.0576211,-0.0732023,0.50514,0.235561,-0.63835,0.0201797],[0.00934333,0.261002,-0.313183,-0.314609,-0.271789,-0.29691,0.00711273,-0.0201087,-0.0175827,-0.0312099,-0.0435115,-0.186886,-0.765685,-0.0181021,-0.016563,0.364114,0.243496,-0.0465583,0.00722616],[0.0253072,-0.0349566,0.149692,-0.0445755,0.101702,0.0102407,0.0440785,0.0199539,0.0202114,-0.0166487,0.00461362,-0.090795,0.601688,0.0138026,0.00359969,0.0779786,0.08278,0.16632,-0.00129757],[0.082532,0.064431,0.132701,0.16042,0.0955264,0.0251947,0.017801,-0.0119668,-0.00831975,-0.245498,-0.0102415,-0.11402,1.13755,0.00536111,-0.0204474,0.33322,0.00892148,0.0371871,-0.00843514],[-0.0156172,0.0134324,-0.117446,-0.0582028,0.230144,0.0267573,0.0644515,0.0066344,0.0426608,0.0590578,0.0286063,-0.0849717,0.406633,0.0199078,0.00938506,0.210334,0.115859,0.07982,-0.00462284],[-0.0390242,-0.0173069,0.050603,0.0629317,0.12925,0.19268,0.0325692,0.00854833,-0.0109952,0.0134185,0.0207293,-0.0167057,0.676969,0.000897843,-0.0133273,-0.0360054,-0.20217,0.0399916,0.00073399],[-0.0465655,0.0214337,-0.152701,-0.087118,-0.0455392,0.0544275,-0.121869,0.0280742,0.029675,-0.135206,-0.0313181,0.0213862,1.15901,0.0646535,0.0166329,0.100591,0.342289,-0.205165,0.0107166],[-0.207374,-0.163451,-0.305858,0.444044,0.105302,0.0852815,-0.0125035,-0.0599391,-0.00642655,-0.379751,-0.00417332,-0.375445,3.58875,-0.0970406,-0.115864,-0.0777083,-0.786502,-0.46311,0.00896056],[-0.332737,-0.136483,0.0243947,-0.954818,0.129085,-0.337052,-0.130014,-0.055548,0.0768492,-0.19474,-0.0957167,-0.110228,-1.80306,0.00647774,-0.0291379,0.0443637,0.339803,-0.511471,-0.03002],[0.00602334,-0.0468404,0.0389231,-0.03804,-0.0621131,0.00971456,0.0353246,0.0352067,0.00604178,0.110716,-0.0100594,-0.0422202,1.47377,0.00874106,-0.00984829,0.479932,0.180032,-0.0456297,0.00719789],[-0.0659392,-0.173228,0.620573,0.165237,0.0681549,-0.0938985,-0.135353,-0.0117526,-0.102625,0.525356,-0.227466,0.240054,-0.0234331,-0.0513376,-0.100609,1.74991,-0.0747681,-0.385579,-0.0342201],[-0.0513829,0.00701441,-0.320392,0.229489,-0.0882482,-0.10793,0.0789937,0.0215401,-0.0430756,-0.024166,0.00872689,-0.134367,-0.889852,-0.0347777,-0.0150847,-0.044903,0.241053,0.146498,-0.0149544],[0.00244047,0.00281415,-0.00899952,0.0112399,-0.00156702,-0.000150296,0.00466467,0.000984645,0.000377884,0.0240752,-0.00094477,-0.00849791,0.0834809,-0.000251976,-9.7845e-05,0.0192753,0.0171824,0.0157506,-0.00124192],[0.16248,0.0788428,1.15856,0.0812286,-0.600923,-0.632971,-0.296712,0.0543217,-0.0243916,-1.3274,-0.0629014,0.328249,-3.60739,-0.105195,-0.0491081,-2.26698,-0.504177,-0.519425,-0.0538779],[0.319586,0.12433,0.505827,0.0955998,-0.831163,0.100118,-0.339789,-0.112216,-0.0417023,-0.303423,0.0284539,0.501807,6.77848,-0.139065,-0.215875,2.59081,-0.643955,0.091736,0.0173371],[0.00613867,0.0136353,-0.00727263,0.0447705,0.0643433,0.0403321,-0.0464056,-0.00739058,-0.0140715,-0.0779322,0.00123752,0.0395703,0.113734,-0.0160175,-0.00904801,-0.0273805,-0.00959163,-0.0713666,-0.000982044],[-0.0113908,0.00260735,0.0201419,-0.0201072,-0.0688423,-0.0578542,-0.0553347,-0.0113522,-0.0325376,-0.0922177,-0.0347166,0.0156731,-2.36086,-0.0367341,-0.00839495,-0.559012,-0.173178,-0.195514,-0.00620676],[-0.0172356,-0.0122072,0.0605275,-0.0581299,-0.0540197,-0.0545692,0.0362669,0.00145191,0.0295067,-0.0718174,0.0134551,-0.0244031,-0.593897,0.0157149,0.0206896,-0.0834798,0.0579766,0.0897198,0.0187162],[0.151164,-0.267255,-0.924863,0.308736,-1.24337,-0.537463,-0.561114,-0.0570913,-0.312516,0.170767,-0.0176927,0.335642,-0.903309,-0.193684,-0.147102,-0.0970219,-0.674331,-1.10519,-0.219896],[0.065819,-0.102832,0.596528,-0.0840592,-0.310114,-0.143806,-0.0656026,-0.0284347,-0.0356702,0.0555485,-0.0691181,0.112873,-1.29837,-0.00788831,-0.0090263,0.00246982,-0.271593,-0.362837,0.0301047],[-0.0857305,0.046677,-0.201941,0.101287,0.00998586,-0.0135292,-0.0645309,-0.0044243,-0.0319039,0.0105556,-0.00776268,-0.031554,-0.504575,0.0119114,0.000568802,-0.184554,-0.191946,-0.207954,-0.00914769],[-0.0375311,0.0158715,-0.0501277,0.0121997,0.0226062,0.0703594,0.0137664,0.000420636,0.00635934,0.0723741,0.00533887,-0.0226915,0.210793,-0.00242285,-0.0103795,0.132244,0.052297,0.01567,-0.00463016],[-0.0126147,-0.0922005,0.0421611,0.157119,-0.253647,-0.214656,0.0425591,0.00800045,-0.00567841,-0.00634536,0.00869216,-0.152092,-0.85021,-0.0268465,-0.0125306,-0.189517,-0.00421579,-0.0624071,-0.0125592],[0.0555424,-0.00440095,0.203364,0.114736,0.159797,0.101381,0.0302976,-0.030507,-0.00344662,-0.0641924,0.00228222,-0.0828426,0.860284,0.017057,0.0129454,0.204047,0.132633,0.118971,-0.000652832],[-0.0220553,-0.0230713,0.0310807,-0.0208593,0.0565803,0.0674543,-0.0339814,-0.000107387,-0.00527188,-0.0302919,-0.0133875,0.033212,-0.505092,-0.00650865,0.00105129,-0.218366,-0.0870066,-0.0953481,-0.00703307],[-0.0326995,-0.016156,-0.220622,0.12985,0.0720078,0.086667,-0.052879,0.00184442,-0.0191652,-0.026091,-0.0411586,-0.0531903,-0.675279,0.021085,0.0237468,0.0361557,0.31144,-0.213995,-0.0144182],[0.0292405,0.101953,0.92348,-0.626367,-0.402809,-0.50549,-0.3806,0.0395073,-0.122567,0.600143,-0.0117388,0.117598,-5.24336,0.0788328,0.0336967,1.48008,0.513984,-0.387298,0.0507534],[0.138705,0.116391,0.119981,0.363723,-0.168736,-0.387556,-0.187308,0.0308166,-0.170576,-0.0745903,-0.104432,0.129488,-2.70782,-0.123293,-0.0586358,-0.337622,-0.0098588,-0.282409,0.0118569],[0.00138181,0.0268866,0.0218708,-0.112569,0.00117862,0.0220598,0.036994,-0.0221834,0.0160012,-0.02435,-0.000283682,-0.0624147,-0.366203,-0.00742385,0.000704613,-0.117259,-0.0973578,0.0392479,-0.00560772],[0.240577,0.1602,0.744585,0.559306,-0.00561912,0.0984988,-0.177219,0.0355478,0.0618649,0.368807,-0.0156041,0.192812,3.98225,0.0489775,0.0214613,1.22826,-0.243385,-0.175541,0.0142158],[0.0336807,0.0662654,0.141208,-0.0699694,0.193365,-0.0302827,-0.0712884,0.00710292,0.00631905,-0.0269104,-0.00320391,0.0802374,0.832733,0.0206101,0.0113829,-0.0736611,0.147125,-0.00158411,0.0038983],[-0.00557249,0.000386521,-0.0046977,-0.0101775,-0.0126128,-0.00563634,-0.000257572,-0.0012762,0.000599783,0.0142939,-0.000138747,0.00331097,-0.0466539,-0.00141514,-0.00058663,-0.0221092,-0.0219352,0.00396554,0.000769471],[0.131671,-0.185756,0.974965,-0.155523,0.214041,-0.304714,0.203954,-0.00362254,0.0224903,0.0688037,0.0249,-0.241165,0.516475,0.0158538,0.0263608,0.53852,0.0687337,-0.139286,-0.0111742],[-0.0941159,0.245758,-1.40243,0.234909,0.364228,0.0244758,0.173125,0.157223,-0.0342627,0.980381,0.0323578,-0.0172708,2.0653,0.0546694,0.0269146,0.369183,0.100366,0.0969383,-0.00760583],[-0.00764219,-0.00971999,-0.0233758,0.0124184,-0.0347392,-0.0340662,-0.00216273,-0.00728729,-0.00344172,0.0346248,0.00294116,-0.00733602,-0.0197112,0.00112628,-0.00107005,0.0726301,-0.0203876,0.0149547,-8.43837e-05],[0.0149283,0.00112985,0.0602582,-0.0282264,-0.0191956,-0.0605945,0.0204557,-0.00163382,0.0360687,-0.00912275,0.0288753,0.0248046,0.423341,0.0125953,0.00744273,-0.154874,-0.178323,0.0740434,0.00103439],[0.0122347,0.00208909,-0.211566,-0.000431351,0.019275,0.0539769,0.0307,0.0145432,0.0233175,0.0554954,0.011137,-0.0610643,-0.372159,0.0107272,0.00561088,0.0960544,-0.0895141,-0.120176,0.00822549],[-0.153542,0.0140861,-1.02607,-0.98714,0.0399908,0.0833447,-0.237149,0.0719831,0.128691,-0.416756,-0.032579,-0.727435,-7.47846,0.00464302,0.0746169,-0.735326,-1.35662,-0.82082,-0.132762]],"sigmahat":[[0.187958,0.0601302,0.39821,0.0305647,0.0237746,0.00591389,-0.0352432,-0.0181345,-0.00827607,-0.127613,0.00328245,0.0264704,0.681236,0.00363389,-0.000958649,0.122329,0.0387996,0.0174842,0.0167842],[0.0601302,0.271137,-0.10909,0.0548328,0.128862,0.120776,-0.0365351,-0.0117404,0.00872901,0.116363,0.0266332,0.0412793,0.651366,0.0216566,-0.000102338,0.0507704,0.23975,0.0515721,0.00911414],[0.39821,-0.10909,4.09044,-0.159525,-0.388601,-0.188691,-0.150998,-0.052197,-0.108875,-0.0117587,-0.0681532,0.201889,2.00327,-0.000920768,-0.0296328,0.626961,-0.731711,-0.23289,0.0287083],[0.0305647,0.0548328,-0.159525,1.05396,0.106464,0.0588309,0.0264559,0.00186008,-0.0940542,0.0454645,0.0242993,-0.067434,0.487448,-0.0385761,-0.0361734,0.162044,0.371565,0.00453329,-0.0265395],[0.0237746,0.128862,-0.388601,0.106464,1.38309,0.92596,0.103885,-0.0368128,0.123268,-0.158644,0.0331611,-0.1421,1.75164,0.104454,0.0991517,0.0839766,0.689475,0.299618,0.00438561],[0.00591389,0.120776,-0.188691,0.0588309,0.92596,1.31471,0.0934466,-0.0268972,0.0761915,-0.01394,-0.00511544,-0.0609518,2.0376,0.0839031,0.0605685,0.428191,0.298318,0.292914,0.0198309],[-0.0352432,-0.0365351,-0.150998,0.0264559,0.103885,0.0934466,0.220854,0.0175391,0.0728477,0.0797644,0.0461764,-0.171293,1.6287,0.0305331,0.0239636,0.35028,0.117734,0.50589,0.00209138],[-0.0181345,-0.0117404,-0.052197,0.00186008,-0.0368128,-0.0268972,0.0175391,0.0339913,0.00339373,0.0187855,0.00410956,-0.000652341,0.0247704,0.000602135,0.000941166,-0.0324825,0.0013621,0.0380667,0.00150216],[-0.00827607,0.00872901,-0.108875,-0.0940542,0.123268,0.0761915,0.0728477,0.00339373,0.0923677,0.00349527,0.0277158,-0.0777594,1.06226,0.0467388,0.0390329,0.125517,0.0378495,0.191387,0.00156606],[-0.127613,0.116363,-0.0117587,0.0454645,-0.158644,-0.01394,0.0797644,0.0187855,0.00349527,1.60319,0.0535785,0.0733355,3.48929,0.0783805,-0.00697224,1.929,0.371181,0.250152,-0.0172974],[0.00328245,0.0266332,-0.0681532,0.0242993,0.0331611,-0.00511544,0.0461764,0.00410956,0.0277158,0.0535785,0.0464248,-0.0398318,0.735157,0.00940162,0.00165798,0.129502,0.0671473,0.144618,-0.000235288],[0.0264704,0.0412793,0.201889,-0.067434,-0.1421,-0.0609518,-0.171293,-0.000652341,-0.0777594,0.0733355,-0.0398318,0.553552,-1.05849,-0.0318432,-0.0350817,-0.454495,-0.294042,-0.240476,0.0133702],[0.681236,0.651366,2.00327,0.487448,1.75164,2.0376,1.6287,0.0247704,1.06226,3.48929,0.735157,-1.05849,93.8014,1.02014,0.168038,18.7074,4.82981,7.88872,0.149885],[0.00363389,0.0216566,-0.000920768,-0.0385761,0.104454,0.0839031,0.0305331,0.000602135,0.0467388,0.0783805,0.00940162,-0.0318432,1.02014,0.0525615,0.0357882,0.229251,0.118921,0.113673,0.00268314],[-0.000958649,-0.000102338,-0.0296328,-0.0361734,0.0991517,0.0605685,0.0239636,0.000941166,0.0390329,-0.00697224,0.00165798,-0.0350817,0.168038,0.0357882,0.0422594,-0.0829932,0.0424694,0.0679247,0.00187625],[0.122329,0.0507704,0.626961,0.162044,0.0839766,0.428191,0.35028,-0.0324825,0.125517,1.929,0.129502,-0.454495,18.7074,0.229251,-0.0829932,9.13598,1.68425,1.36001,0.00277095],[0.0387996,0.23975,-0.731711,0.371565,0.689475,0.298318,0.117734,0.0013621,0.0378495,0.371181,0.0671473,-0.294042,4.82981,0.118921,0.0424694,1.68425,2.97146,0.499161,-0.000773223],[0.0174842,0.0515721,-0.23289,0.00453329,0.299618,0.292914,0.50589,0.0380667,0.191387,0.250152,0.144618,-0.240476,7.88872,0.113673,0.0679247,1.36001,0.499161,2.42351,0.0197532],[0.0167842,0.00911414,0.0287083,-0.0265395,0.00438561,0.0198309,0.00209138,0.00150216,0.00156606,-0.0172974,-0.000235288,0.0133702,0.149885,0.00268314,0.00187625,0.00277095,-0.000773223,0.0197532,0.0105969]],"n":19,"lags":3}