{"betahat":[[0.455989,-0.076331,-1.61441,2.06873,2.10052,2.09926,0.739869,-0.113346,-0.125689,-1.42231,6.88347,0.0194931,-0.0969869,3.382,-0.146075,1.28459,-0.0780787],[0.820195,0.258208,-0.537097,-0.152662,0.251655,0.244583,0.285883,0.0303154,0.222159,0.21105,2.63893,0.0404306,0.0659067,-0.727485,-0.0462411,0.828155,-0.0486579],[0.104488,0.848667,0.600721,0.124926,0.0262708,-0.0143629,-0.0511939,-0.0140271,0.0410891,-0.00607818,0.357551,0.022386,0.0337502,-0.796218,0.0586603,0.140608,-0.0122459],[0.000496464,0.0206028,0.953737,0.0257199,-0.121681,-0.10093,-0.0654056,-0.0147287,-0.0293611,-0.0470447,-0.866512,-0.0126499,0.00633712,-0.220599,-0.0797528,-0.17724,0.00346466],[-0.0240897,0.0544571,-0.101783,0.756434,0.136874,0.178503,-0.0521077,-0.00769937,0.0291068,0.203695,0.101435,0.0286352,0.0356345,-0.0693492,0.132369,0.0658069,0.0171705],[-0.013311,0.0150825,-0.0166652,-0.0596963,0.733233,-0.0727595,-0.113593,0.0116171,-0.0359943,0.0828435,-0.557689,-0.0238693,-0.0192035,-0.198902,0.0341137,-0.168695,0.00915905],[0.105701,0.0258552,-0.0245937,0.0998426,-0.0949473,0.954476,0.00439527,-0.0265536,-0.00261515,-0.0707347,-0.680502,-0.0240733,-0.0114967,0.215608,0.20872,-0.0579546,0.000902356],[0.0920105,0.096792,0.278048,0.0178607,0.0419196,-0.23367,1.18943,-0.0244646,-0.00641331,0.211691,1.15155,-0.0139063,0.000636972,-0.0230183,0.350382,0.457222,0.0165716],[0.0797466,-0.0137956,-0.692248,0.0866672,0.853943,1.10326,0.395049,1.04578,0.13239,-0.151296,3.02792,0.017247,0.058639,-0.685895,1.01872,0.867288,-0.0212062],[0.0572554,-0.0452858,-0.937836,0.385144,0.0269276,0.699512,0.494171,0.0791119,1.06311,0.214153,4.40083,0.0493777,0.0259316,0.212932,-0.670126,0.94055,0.00187225],[-0.0386686,-0.0219814,-0.0896252,0.104304,0.0602897,-0.0350309,-0.0474625,0.0024365,-0.0250484,0.983671,-0.650899,-0.00631277,0.00148621,-0.254151,-0.178906,0.041186,0.000943148],[-0.00290021,-0.00692321,0.0120072,-0.00814446,0.00491181,0.00859815,-2.79288e-05,0.00287158,-0.00211845,-0.0305282,1.01726,0.00108594,-0.000713393,0.0132518,-0.0255552,-0.0182605,0.000562468],[-0.290126,0.0198147,-0.9821,0.217304,0.470126,0.98857,-0.0338204,-0.0216719,-0.176334,1.25003,-1.41089,1.02284,0.0113808,0.998622,0.538763,0.126189,0.0827211],[-0.20191,-0.301947,1.03681,-0.293073,0.436573,-0.208331,-0.0231899,-0.0467403,0.0742364,-0.707261,-8.54666,0.0782377,1.16905,-2.57121,0.451216,-0.49458,0.0107635],[0.0378689,0.0301388,0.114486,-0.00703372,-0.0249003,-0.00311014,0.0207547,0.00421028,0.0188525,0.0621725,0.201322,0.0186234,0.00888541,1.03659,0.121362,0.0575228,-0.000256852],[0.0998114,0.114751,0.231721,-0.0648873,-0.0287393,0.104879,-0.0137243,-0.0415495,-0.00104896,-0.0102649,-0.0140652,-0.0167739,-0.0190928,0.0926547,0.333397,-0.060443,0.0101539],[-0.0308684,-0.0497335,-0.0029301,-0.0331763,-0.00869582,-0.095805,-0.0350848,0.0114694,0.00711623,-0.0968999,-1.12113,-0.00435989,0.0121868,-0.346139,-0.0227885,0.0592698,0.00309412],[0.117225,0.178246,1.84705,0.85917,0.367062,0.321887,0.662051,-0.0568032,0.162547,0.396815,6.85986,0.078181,-0.0474025,1.62201,0.353649,0.925298,1.27681],[0.227948,-0.111716,0.191849,0.314746,-0.0382292,-0.203413,-0.267358,-0.0504146,-0.205094,-0.298601,-2.73802,-0.0619626,-0.0694181,0.348145,0.229095,-0.668232,0.00957653],[-0.0231346,0.158591,-0.386527,-0.293245,-0.178439,-0.116201,0.0831748,-0.00137207,0.00548334,0.119076,0.685715,-0.0138544,-0.0309467,0.840186,0.0197444,0.0641991,0.0183457],[0.0308428,-0.0360357,0.113101,-0.0264098,0.111836,0.0710187,0.0552919,0.013674,0.0217329,-0.00491729,0.737775,0.0119624,-0.00110592,0.133239,0.0388346,0.170283,0.00220496],[0.0618867,0.0343851,0.0937535,0.131706,0.0461554,-0.00298276,0.0129684,-0.010567,-0.0129186,-0.226161,0.441871,0.000505249,-0.0180498,0.179482,-0.0593617,-0.0305262,-0.00738723],[-0.0239169,0.0058184,-0.110593,-0.0623924,0.148022,-0.0214131,0.0491574,0.00580551,0.0350829,0.00703523,0.00739883,0.0138134,0.00786641,0.0778747,0.00669027,0.0315558,-0.0045504],[-0.0580181,-0.00141874,0.0453819,-0.0208041,0.0892051,0.0739456,0.0144823,0.0173642,-0.00589259,0.06373,0.53292,0.0146919,0.000609789,-0.0822204,-0.0655078,0.0646638,0.00147772],[-0.0958459,-0.0773549,-0.168641,-0.134493,-0.101789,0.0388538,-0.127544,0.0340631,0.0112656,-0.194747,-0.755387,0.0150212,0.0018353,-0.171041,-0.33152,-0.308464,0.00204786],[-0.173756,-0.234177,-0.126034,0.334882,-0.350192,-0.555497,-0.0458026,-0.0231003,-0.0034175,-0.29299,3.05502,-0.0640458,-0.0687231,0.0398481,-1.01917,-0.335791,-0.00688835],[-0.331024,-0.125022,0.36666,-1.00807,0.0863495,-0.4592,-0.205621,-0.0519162,0.0340441,-0.273721,-3.72803,0.014448,0.00647144,-0.526066,0.160866,-0.583136,0.00595074],[0.011612,-0.0302703,0.0470292,-0.0513151,-0.0916915,0.00495438,0.0181365,0.0217,0.00782022,0.045285,0.688645,0.00963626,-0.00152566,0.291718,0.120054,-0.124187,0.00725028],[0.00690634,0.00498931,-0.00154069,0.00360685,-0.00246108,-0.0087042,0.00132508,-0.000275458,0.00353848,0.0196617,0.0348867,0.00101647,0.00142322,0.0123828,0.0177401,0.0130441,-0.000623266],[0.144751,0.0884645,0.655267,-0.00270167,-0.458107,-0.639622,-0.174836,0.0600919,0.0853476,-1.21149,-0.327379,-0.0659071,-0.041804,-1.57125,-0.68693,-0.195937,-0.0472729],[0.320866,0.0890983,0.367422,0.302011,-0.555851,0.359633,-0.13462,-0.0930974,-0.0367899,-0.178722,6.40826,-0.135171,-0.198176,2.02066,-0.585627,0.304423,-0.0114631],[-0.00663683,-0.00291811,-0.0352071,0.0270847,0.0604741,0.0332954,-0.0412703,-0.00312661,-0.0167534,-0.0913037,-0.0698544,-0.019683,-0.00968506,-0.0562667,-0.0650687,-0.0925042,-0.00127296],[0.0097379,-0.00386786,-0.0481461,-0.0530692,0.203511,0.13337,0.0757794,0.0189166,0.0514719,0.0249605,0.385202,0.018962,0.0186756,0.0200691,0.1701,0.192409,0.0102341],[-0.0319558,-0.0263635,0.116007,-0.109143,-0.102566,-0.111948,0.0625414,-0.00176266,0.0208325,-0.0435434,-0.471793,0.0213655,0.0256733,-0.174346,-0.0134484,0.27578,0.0176115],[0.134749,-0.193358,-1.31063,0.281561,-0.744584,-0.234992,-0.387306,0.00134575,-0.172806,0.0444316,-2.19378,-0.112958,-0.0430681,-0.307894,0.100359,-0.576758,-0.229357],[-0.0481367,-0.146483,0.345264,-0.162048,-0.213434,-0.0411614,-0.0185045,0.0200968,-0.0170581,0.0875588,0.0992233,0.0215349,0.003512,0.379405,-0.18286,-0.159909,0.0390813],[-0.0813462,-0.00725015,-0.214173,0.168349,0.152162,0.130573,-0.0319607,0.0153974,-0.0465662,-0.11299,-1.04312,-0.00852905,-0.00280302,-0.0438976,-0.0784114,-0.204795,-0.00609971],[-0.0313389,0.0154419,-0.0668845,0.000750885,0.00982756,0.0299244,0.010143,0.00105414,0.00763716,0.0519503,0.12864,0.000686505,-0.00523153,0.0873726,0.0408989,0.00696626,-0.00567144],[-0.0377887,-0.0888309,0.00803884,0.111894,-0.183024,-0.175492,0.0391712,0.0182645,-0.0161752,0.0224652,-0.543131,-0.0291355,-0.0175823,-0.110037,-0.073018,-0.0352499,-0.00978225],[0.037246,-0.0208804,0.127295,0.122167,0.11871,0.0941779,0.0644677,-0.0174293,0.000920192,-0.0898721,0.550519,0.0100598,0.011336,0.121142,-0.0408059,0.137158,-0.00460873],[-0.0476641,-0.0244172,-0.0207508,-0.0789692,0.00572059,-0.0284172,-0.0188435,0.0091841,0.00851598,0.00700691,0.147792,0.00938431,0.0108861,-0.133287,-0.143216,-0.00668635,-0.00237979],[0.0038734,-0.0193785,-0.109302,0.116802,0.0598495,0.194883,-0.0618061,-0.00961621,-0.00481994,-0.0169714,-0.395777,-0.00108605,-0.00245561,0.194341,-0.0188597,-0.148666,-0.0186104],[0.087132,0.23683,0.860492,-0.519894,-0.462335,-0.550704,-0.389958,-0.0329779,-0.13028,0.442805,-6.26548,0.0496475,0.0151362,0.579775,0.0380983,-0.547991,0.0284425],[0.246714,0.1581,0.641129,0.531936,-0.0779163,-0.263873,-0.297282,-0.0110281,-0.128679,0.16177,-0.532125,-0.0670825,-0.0392555,0.371061,0.455209,-0.346316,-0.000263066],[0.0270624,0.0522441,0.0426846,-0.0530557,0.031463,0.0301146,0.0293058,-0.0241362,0.0172177,-0.0290397,-0.0377649,-0.00333272,3.56178e-05,-0.0375722,0.0588052,0.0829511,-0.00819481],[-0.0042239,0.00168974,-0.00974194,0.00418689,-0.0030568,-0.000260129,-0.00105658,-0.00254575,-0.00143696,0.0110526,-0.0557137,-0.00211596,-0.000683533,-0.0257214,0.00747387,0.00571476,6.1509e-05],[0.164282,-0.10495,0.600628,-0.152354,0.092933,-0.216829,0.165993,-0.0269255,0.0234061,-0.0114502,0.922245,0.00438585,-0.00138424,0.557268,0.107798,-0.0939751,-0.0296889],[-0.130381,0.211697,-1.41668,-0.033818,0.167214,-0.13607,0.131566,0.146682,-0.053817,0.913798,1.94152,0.0476021,0.0183871,0.532931,0.129776,0.12774,0.00221405],[-0.0310832,-0.0270702,-0.0788522,-0.0194612,-0.0356376,-0.0299767,0.0207121,-0.00114098,-0.0020445,0.0289011,-0.131375,0.00109432,0.000823667,0.0198085,-0.0562895,0.0351568,0.00153325],[0.0187824,0.00735409,0.145056,-0.0217312,-0.0759096,-0.140794,-0.0135545,-0.00341734,-0.00244069,-0.047532,0.213807,0.0101146,0.0154199,-0.184497,0.0580904,-0.00825179,0.00338903],[0.0138528,0.0182568,-0.132072,-0.00933629,-0.0101405,-0.00183212,0.0218766,0.0104235,0.0105547,0.0917923,0.0130438,0.0166663,0.0058372,0.145995,-0.00125685,-0.0440436,0.00989939],[-0.26762,0.0341996,-0.727229,-1.00068,-0.00434918,-0.281465,-0.297333,0.082211,0.0253812,-0.282604,-5.54205,0.0257785,0.0819669,-0.808109,-0.494987,-0.435257,-0.108647]],"sigmahat":[[0.302719,0.11845,0.583712,0.174331,0.111794,0.0970914,-0.0655949,-0.0491581,-0.00427632,-0.136636,0.866751,0.00354487,-0.00497668,0.187067,0.183862,-0.0190707,0.0122803],[0.11845,0.312917,0.0463179,0.0895716,0.126045,0.0787918,-0.0866481,-0.0386046,0.0202406,0.163594,0.215201,0.0186697,0.00345197,-0.196537,0.158857,-0.0187888,0.00368269],[0.583712,0.0463179,5.17152,-0.122535,-0.274262,-0.293057,-0.398405,-0.127184,-0.125517,0.377887,2.859,0.0371405,-0.00947628,0.615203,0.540494,-0.334958,0.0508103],[0.174331,0.0895716,-0.122535,1.60474,0.320058,0.448244,0.125932,0.00721615,-0.124948,-0.153684,0.594309,-0.0729373,-0.0726357,0.741238,0.0145294,0.0101327,-0.0514155],[0.111794,0.126045,-0.274262,0.320058,1.84184,1.36393,0.169874,-0.0322503,0.0697923,-0.420489,1.90826,0.0766581,0.0695696,0.360833,0.0226749,0.261741,0.000825542],[0.0970914,0.0787918,-0.293057,0.448244,1.36393,1.98855,0.264637,-0.00849797,0.0207409,-0.390388,2.32642,0.0517542,0.0257399,1.10856,-0.243138,0.408362,0.0117233],[-0.0655949,-0.0866481,-0.398405,0.125932,0.169874,0.264637,0.416851,0.0465705,0.0677113,-0.114039,1.49054,0.0223634,0.01927,0.56348,-0.329104,0.724083,0.00198809],[-0.0491581,-0.0386046,-0.127184,0.00721615,-0.0322503,-0.00849797,0.0465705,0.0548419,-0.00729546,-0.0118261,-0.111717,-0.00691923,-0.00368873,-0.00306586,-0.14477,0.0425099,0.00186249],[-0.00427632,0.0202406,-0.125517,-0.124948,0.0697923,0.0207409,0.0677113,-0.00729546,0.115691,-0.00516287,1.04389,0.056582,0.049257,0.0116161,0.0251841,0.183805,0.00231872],[-0.136636,0.163594,0.377887,-0.153684,-0.420489,-0.390388,-0.114039,-0.0118261,-0.00516287,1.97278,2.11517,0.0931704,0.019197,1.44112,0.493719,0.0111131,-0.0158723],[0.866751,0.215201,2.859,0.594309,1.90826,2.32642,1.49054,-0.111717,1.04389,2.11517,75.3534,0.883879,0.305485,14.0923,-0.0450874,7.40392,0.0976157],[0.00354487,0.0186697,0.0371405,-0.0729373,0.0766581,0.0517542,0.0223634,-0.00691923,0.056582,0.0931704,0.883879,0.0619328,0.0460657,0.134176,0.0624216,0.101395,0.00589569],[-0.00497668,0.00345197,-0.00947628,-0.0726357,0.0695696,0.0257399,0.01927,-0.00368873,0.049257,0.019197,0.305485,0.0460657,0.0507097,-0.121707,0.0330789,0.0759675,0.005874],[0.187067,-0.196537,0.615203,0.741238,0.360833,1.10856,0.56348,-0.00306586,0.0116161,1.44112,14.0923,0.134176,-0.121707,9.69926,-0.0441789,1.2619,-0.0425889],[0.183862,0.158857,0.540494,0.0145294,0.0226749,-0.243138,-0.329104,-0.14477,0.0251841,0.493719,-0.0450874,0.0624216,0.0330789,-0.0441789,1.79595,-0.403878,-0.0174267],[-0.0190707,-0.0187888,-0.334958,0.0101327,0.261741,0.408362,0.724083,0.0425099,0.183805,0.0111131,7.40392,0.101395,0.0759675,1.2619,-0.403878,3.11407,0.0182713],[0.0122803,0.00368269,0.0508103,-0.0514155,0.000825542,0.0117233,0.00198809,0.00186249,0.00231872,-0.0158723,0.0976157,0.00589569,0.005874,-0.0425889,-0.0174267,0.0182713,0.0137824]],"n":17,"lags":3}