{"betahat":[[0.519386,0.209477,-4.3377,1.49765,1.90874,1.28831,0.272229,-0.0660769,0.149483,-0.526124,13.0807,0.151201,0.0132906,3.02732,0.39545,0.438925,-0.161626],[0.769302,0.219792,-0.621496,-0.140628,0.267747,0.251025,0.293701,0.0426056,0.208041,0.211578,2.52434,0.0364442,0.0646944,-0.712487,0.0393181,0.846473,-0.0538493],[0.086286,0.826628,0.594676,0.0923419,0.0520129,-0.0226997,-0.0838645,-0.0148151,0.0285731,0.0209662,0.204742,0.0196024,0.0300125,-0.808635,0.160163,0.0944496,-0.011837],[0.000303678,0.0246278,0.926389,0.026084,-0.12864,-0.105962,-0.0697214,-0.0150821,-0.0291442,-0.0342105,-0.813545,-0.0115628,0.00571073,-0.21151,-0.0735819,-0.179754,0.0025956],[-0.0278191,0.0544643,-0.0990017,0.733201,0.158929,0.187422,-0.0537456,-0.00538757,0.0255088,0.217536,0.144868,0.0287573,0.0358482,-0.0671541,0.110981,0.0681378,0.0199445],[-0.0124469,0.0115791,-0.0141104,-0.0509124,0.691607,-0.0938747,-0.100521,0.0125999,-0.027812,0.075464,-0.531897,-0.021652,-0.0168611,-0.208299,0.0202173,-0.151652,0.00856663],[0.10275,0.022705,-0.0547557,0.0945094,-0.118865,0.930214,0.00445426,-0.0244005,-0.00181529,-0.0597313,-0.668574,-0.0213242,-0.00914082,0.228646,0.216684,-0.0572489,0.00103879],[0.0968454,0.0990288,0.305926,-0.0067376,0.0855705,-0.180268,1.16811,-0.0342919,-0.00978037,0.196357,1.18694,-0.020459,-0.00658199,0.0490348,0.362538,0.542272,0.00995458],[0.155284,0.0559243,-0.707966,0.0511022,0.878154,1.19219,0.411698,1.00494,0.190742,-0.226537,3.50493,0.0404171,0.0853459,-0.712601,0.908908,1.00756,-0.0222038],[-0.000891201,-0.0891304,-0.964853,0.421727,-0.0385781,0.66299,0.507769,0.114693,1.00695,0.393833,5.10899,0.0433372,0.0123297,0.408598,-0.627167,1.09285,0.00238953],[-0.0518052,-0.0333452,-0.153937,0.121033,0.0386462,-0.0492532,-0.0434882,0.00384662,-0.022444,0.974345,-0.761114,-0.00516099,0.0044582,-0.249656,-0.168813,0.0330681,-0.00129724],[-0.00243634,-0.00707042,0.01469,-0.00720896,0.00303278,0.00818889,-8.7089e-05,0.00253975,-0.00206138,-0.0317663,0.993613,0.000737572,-0.000851024,0.0119591,-0.0270594,-0.0172937,0.000306869],[-0.239161,0.0337155,-0.586287,0.19378,0.652313,1.24973,-0.0644048,-0.0515713,-0.202394,1.09902,-2.36662,0.986768,-0.00218763,0.76886,0.513596,-0.0116253,0.0929131],[-0.213556,-0.271198,0.918661,-0.357867,0.575832,-0.281207,-0.138828,-0.0215671,0.0290225,-0.592539,-8.63433,0.0536355,1.13031,-2.56794,0.482215,-0.692098,0.0149132],[0.0394925,0.0330859,0.124268,-0.0130417,-0.0196153,-0.00835915,0.0194053,0.0047563,0.0183789,0.0675644,0.200435,0.0192306,0.00894891,1.02198,0.126728,0.049522,0.000836523],[0.132053,0.144014,0.281849,-0.0749595,-0.00797518,0.134725,0.00505933,-0.0472308,0.0126429,-0.0160705,0.246536,-0.0102055,-0.0141955,0.123245,0.222168,-0.011451,0.0131387],[-0.0295682,-0.0471234,-0.043839,-0.0323369,-0.00163076,-0.107974,-0.0386998,0.0120982,0.0115596,-0.109589,-1.27746,-0.00173483,0.0160248,-0.412132,-0.0109498,-0.0396644,0.0060943],[0.133819,0.173432,1.6165,0.942177,0.155434,0.203944,0.684058,-0.0774496,0.255799,0.283046,7.10646,0.0960539,-0.0291926,1.72786,0.446167,1.20779,1.24214],[0.245052,-0.100457,0.204892,0.32946,-0.0688009,-0.230449,-0.264914,-0.05369,-0.196173,-0.320455,-2.85454,-0.0606669,-0.0684837,0.282642,0.168361,-0.692763,0.00997112],[-0.0170891,0.171708,-0.388354,-0.291376,-0.195876,-0.121025,0.093428,-0.000224993,0.0103372,0.0978127,0.722087,-0.0145702,-0.0310631,0.835762,-0.00742106,0.0711408,0.0175435],[0.0299952,-0.0388558,0.120312,-0.0354614,0.117034,0.0725037,0.0591481,0.01376,0.0236378,-0.01316,0.742833,0.0127579,0.000510184,0.129365,0.0305651,0.172877,0.00324644],[0.0645731,0.0347465,0.11019,0.124971,0.0443158,-0.00408848,0.01096,-0.0146725,-0.0111356,-0.228626,0.508694,0.00109942,-0.0184121,0.184624,-0.0358336,-0.0176415,-0.00862996],[-0.0235872,0.00793092,-0.109723,-0.0683015,0.165557,-0.0142097,0.041023,0.00560672,0.0313653,0.0126168,-0.0427986,0.0124643,0.00656682,0.0907849,0.0205253,0.0163931,-0.00470609],[-0.0579771,6.55255e-05,0.0461846,-0.0110485,0.0957459,0.0773616,0.0145802,0.0154228,-0.00526577,0.0555549,0.57638,0.013888,-0.000373332,-0.0943814,-0.0632868,0.0737142,0.000739167],[-0.0892368,-0.0709301,-0.168548,-0.10625,-0.108996,0.0222599,-0.121735,0.0373133,0.0122744,-0.191002,-0.723931,0.0165783,0.00481964,-0.215347,-0.321271,-0.330749,0.00463704],[-0.220342,-0.264633,-0.188741,0.341684,-0.348439,-0.608888,-0.0862193,-0.0119937,-0.0154659,-0.281605,2.78855,-0.0748623,-0.0775596,-0.100489,-0.868253,-0.504544,-0.00879379],[-0.330494,-0.114796,0.398771,-1.07292,0.0938997,-0.479878,-0.175267,-0.0618205,0.0464163,-0.240861,-3.45367,0.0290504,0.01443,-0.460515,0.107208,-0.520982,0.00967013],[0.0220199,-0.0216039,0.086316,-0.0551119,-0.085659,0.012189,0.0185432,0.0198725,0.00743181,0.0486783,0.835796,0.00981127,-0.00393319,0.303935,0.115203,-0.0978387,0.00741619],[0.00733378,0.00535539,-0.000963788,0.00485758,-0.000659771,-0.0077056,0.00147495,-0.000260577,0.00353573,0.0192818,0.0478727,0.00119073,0.00133009,0.015396,0.019596,0.0134689,-0.00067281],[0.136799,0.0668869,0.81088,0.0509256,-0.473077,-0.711117,-0.2469,0.0672942,0.0389275,-1.2011,-0.999714,-0.0849672,-0.0557894,-1.75264,-0.602779,-0.320886,-0.0487059],[0.306758,0.0604726,0.150558,0.313271,-0.537397,0.425932,-0.0912347,-0.0985289,-0.00284159,-0.295742,6.48093,-0.1223,-0.181676,1.98089,-0.554969,0.326167,-0.0167829],[-0.00883661,-0.0070287,-0.0414168,0.0302533,0.0555008,0.0357243,-0.0388934,-0.00227398,-0.0165479,-0.0976501,-0.0481724,-0.0203436,-0.00977124,-0.0466965,-0.0731592,-0.0899492,-0.00157231],[0.0387387,0.0226932,-0.0162973,-0.0581954,0.226348,0.165832,0.0890992,0.0128765,0.067514,0.00512968,0.596856,0.0233798,0.0233573,0.0198766,0.0964238,0.231299,0.0131174],[-0.040008,-0.0346341,0.0960319,-0.117385,-0.103829,-0.119866,0.0600176,-0.000567416,0.0241583,-0.063233,-0.719082,0.0214984,0.0283771,-0.237356,-0.000970504,0.199858,0.0189152],[0.17027,-0.159811,-1.35158,0.202838,-0.712543,-0.261369,-0.41521,-0.0225974,-0.172896,0.0114592,-2.10178,-0.102615,-0.0298423,-0.599647,0.0566239,-0.732381,-0.212584],[-0.0143483,-0.119319,0.416641,-0.188761,-0.198988,-0.0205735,-0.0287523,0.0110791,-0.011869,0.108868,0.330489,0.0242232,0.00378453,0.429963,-0.207707,-0.153657,0.0438758],[-0.0691869,0.00166787,-0.206262,0.199083,0.143815,0.143721,-0.00953327,0.0150373,-0.0389134,-0.118793,-0.926493,-0.00503387,0.00104483,-0.026989,-0.152767,-0.16555,-0.00570906],[-0.030328,0.0142433,-0.0470068,0.00951059,0.0115671,0.0334918,0.0106166,0.00133076,0.00550206,0.0472909,0.0699404,-0.00120909,-0.00622463,0.0819733,0.0428596,0.0068756,-0.00584643],[-0.0367484,-0.0892127,-0.0111708,0.141893,-0.20322,-0.183232,0.042884,0.0200641,-0.0143526,0.010991,-0.653055,-0.0298529,-0.0174415,-0.117135,-0.0751962,-0.0502779,-0.0113127],[0.0360762,-0.019461,0.124016,0.119359,0.142738,0.108094,0.0595389,-0.0182369,-0.00355828,-0.0880784,0.575506,0.00919801,0.0102874,0.117846,-0.0407477,0.135323,-0.00385655],[-0.0447215,-0.0227257,0.00873163,-0.0833373,0.0230664,-0.007586,-0.0189744,0.008954,0.0070793,0.00414535,0.092887,0.00744068,0.00950811,-0.134009,-0.153395,-0.0163645,-0.00177458],[-0.0074714,-0.0279661,-0.136759,0.113585,0.0238289,0.158658,-0.0461346,-0.00309692,-0.00241754,-0.0050306,-0.459492,0.00400828,0.00181521,0.168258,-0.0411287,-0.210806,-0.0145512],[0.0661094,0.197117,0.961845,-0.511808,-0.459447,-0.56085,-0.394948,-0.0185811,-0.16825,0.448583,-6.76289,0.0381833,0.00325421,0.664524,0.0461207,-0.562778,0.0284324],[0.258853,0.179301,0.707632,0.510697,1.52288e-05,-0.247059,-0.294822,-0.00187496,-0.132824,0.177381,-0.39073,-0.060765,-0.0355713,0.391439,0.39716,-0.37664,0.0107444],[0.0297618,0.0547619,0.0675212,-0.0661098,0.046978,0.0372971,0.0250074,-0.0236895,0.015023,-0.023743,-0.074528,-0.00470899,-0.000554776,-0.0543684,0.0532998,0.0648705,-0.00611925],[-0.00580743,0.000539807,-0.010782,0.00179374,-0.00556251,-0.00200225,0.000219534,-0.00198222,-0.0015122,0.0129574,-0.0556867,-0.00208549,-0.000460009,-0.0274849,0.00546757,0.00702918,0.000349346],[0.160547,-0.14142,0.708012,-0.0907148,0.13186,-0.149274,0.17248,-0.0164723,-0.0187943,-0.0266993,0.212769,-0.0174613,-0.0158451,0.612695,0.124345,-0.202135,-0.028768],[-0.122157,0.216292,-1.32714,0.0139809,0.117067,-0.120115,0.14861,0.142547,-0.0530249,0.901344,1.68936,0.0396673,0.0130635,0.521069,0.0953553,0.12122,0.00287974],[-0.0300701,-0.0255819,-0.0798414,-0.0155573,-0.0353687,-0.0262119,0.0198894,-0.00282781,-0.00180307,0.0288627,-0.152423,0.00127305,0.000935674,0.0246044,-0.053312,0.0414415,0.000818216],[0.0357972,0.0235171,0.174713,-0.0339476,-0.0797386,-0.142755,-0.0113738,-0.0110291,0.00861595,-0.0543274,0.329102,0.0140387,0.0189893,-0.183418,0.0229005,0.00691586,0.00424935],[0.0117899,0.0152254,-0.143924,-0.0152197,-0.0146529,-0.012867,0.0220342,0.00984687,0.0159164,0.0764308,-0.108548,0.0181953,0.00892501,0.10745,0.0108005,-0.0757128,0.00962193],[-0.288339,0.0404305,-0.75854,-1.00536,-0.0268255,-0.272988,-0.271196,0.0975274,0.0409762,-0.206676,-5.42787,0.035716,0.087474,-0.600719,-0.519909,-0.430576,-0.11479]],"sigmahat":[[0.284402,0.105858,0.548202,0.165748,0.103833,0.0824183,-0.0707698,-0.045137,-0.00831296,-0.123051,0.806182,0.00445113,-0.00507991,0.19455,0.213761,-0.0386682,0.0119205],[0.105858,0.299132,0.0312727,0.0875651,0.124148,0.0816703,-0.0888636,-0.0345405,0.0145927,0.159795,0.0861642,0.0177512,0.00246322,-0.202377,0.179831,-0.0454777,0.00313824],[0.548202,0.0312727,4.95123,-0.0774117,-0.318834,-0.355307,-0.394008,-0.117571,-0.104715,0.414834,3.00399,0.0491778,3.79916e-05,0.701853,0.608725,-0.364263,0.0397658],[0.165748,0.0875651,-0.0774117,1.51718,0.327231,0.429616,0.112482,0.0055343,-0.119851,-0.135441,0.621427,-0.0644095,-0.0655918,0.687406,-0.010103,-0.00226043,-0.046656],[0.103833,0.124148,-0.318834,0.327231,1.74277,1.29706,0.173218,-0.0323978,0.0809247,-0.432568,1.75417,0.0821513,0.0753309,0.347242,0.046155,0.268027,-0.00426232],[0.0824183,0.0816703,-0.355307,0.429616,1.29706,1.90492,0.25182,-0.00774544,0.0291387,-0.397712,2.07717,0.0555702,0.0301123,1.02364,-0.20308,0.374325,0.00749587],[-0.0707698,-0.0888636,-0.394008,0.112482,0.173218,0.25182,0.379691,0.0455529,0.0572584,-0.106975,1.2645,0.0169852,0.0151574,0.514163,-0.293983,0.659462,0.000320915],[-0.045137,-0.0345405,-0.117571,0.0055343,-0.0323978,-0.00774544,0.0455529,0.0514461,-0.00456947,-0.0192602,-0.109688,-0.00620572,-0.00240214,-0.0164439,-0.14717,0.0502445,0.0016801],[-0.00831296,0.0145927,-0.104715,-0.119851,0.0809247,0.0291387,0.0572584,-0.00456947,0.102738,0.00783746,0.941188,0.0512284,0.0438966,0.0223891,0.0383271,0.16193,0.00238601],[-0.123051,0.159795,0.414834,-0.135441,-0.432568,-0.397712,-0.106975,-0.0192602,0.00783746,1.9267,1.9126,0.0924865,0.0232078,1.36407,0.500559,-0.0228969,-0.0182729],[0.806182,0.0861642,3.00399,0.621427,1.75417,2.07717,1.2645,-0.109688,0.941188,1.9126,70.5838,0.805097,0.276446,13.1433,0.276342,6.46898,0.0858338],[0.00445113,0.0177512,0.0491778,-0.0644095,0.0821513,0.0555702,0.0169852,-0.00620572,0.0512284,0.0924865,0.805097,0.0584853,0.0432915,0.130328,0.0680023,0.0911904,0.00528099],[-0.00507991,0.00246322,3.79916e-05,-0.0655918,0.0753309,0.0301123,0.0151574,-0.00240214,0.0438966,0.0232078,0.276446,0.0432915,0.0477303,-0.109643,0.0356168,0.0706635,0.00553477],[0.19455,-0.202377,0.701853,0.687406,0.347242,1.02364,0.514163,-0.0164439,0.0223891,1.36407,13.1433,0.130328,-0.109643,9.23991,0.0302105,1.0734,-0.0406133],[0.213761,0.179831,0.608725,-0.010103,0.046155,-0.20308,-0.293983,-0.14717,0.0383271,0.500559,0.276342,0.0680023,0.0356168,0.0302105,1.6752,-0.343093,-0.00937211],[-0.0386682,-0.0454777,-0.364263,-0.00226043,0.268027,0.374325,0.659462,0.0502445,0.16193,-0.0228969,6.46898,0.0911904,0.0706635,1.0734,-0.343093,2.7685,0.0203629],[0.0119205,0.00313824,0.0397658,-0.046656,-0.00426232,0.00749587,0.000320915,0.0016801,0.00238601,-0.0182729,0.0858338,0.00528099,0.00553477,-0.0406133,-0.00937211,0.0203629,0.012608]],"n":17,"lags":3}