{"betahat":[[-0.0372446,-1.32416,20.0247,-1.62566,1.51279,-1.58566,-0.829985,-0.00680388,-2.33784,3.02457,-1.91213,0.72629,23.26,1.12483,0.488953,10.2711,7.34985,-6.0578,-0.478701],[0.793055,0.108519,0.915537,-0.0732206,0.219072,0.660686,0.0555469,0.0325093,0.159887,0.358769,0.063808,0.40245,5.0867,0.017947,0.0375544,0.30923,-0.463771,0.661286,0.0382099],[-0.0188247,0.808444,-0.753228,-0.129424,-0.061706,-0.311022,0.146044,-0.00640582,0.0603905,-0.481509,-0.0182935,0.225545,0.619391,-0.00719138,-0.0128021,-0.333614,-0.235326,0.175403,-0.00314923],[0.00376152,0.00603847,0.858042,0.056047,-0.124762,-0.107479,-0.0489189,0.00089252,-0.00746977,0.00379827,-0.014016,0.0225718,-0.657285,0.00235322,0.00900635,-0.138266,0.0408319,-0.146307,0.00123272],[0.0833129,0.0269835,-0.24087,1.0387,-0.00429211,-0.132018,0.0013178,0.00601516,-0.0706827,-0.0569862,0.0309116,0.176562,1.58077,-0.0216948,-0.0349673,0.454695,-0.0312125,0.229677,-0.00738664],[-0.0222392,-0.0239754,-0.3014,0.0358029,0.716632,-0.045845,0.0860954,-0.0120523,0.014162,0.170349,0.0273945,0.0479639,0.681117,0.0242418,0.0167525,0.219054,0.145774,0.250794,0.00294593],[-0.00577353,-0.0113636,0.0667577,0.0427044,0.146358,0.891104,-0.000844703,0.0124012,0.00974724,-0.212772,-0.00418179,-0.0448913,-0.0647654,0.0145535,0.00524907,0.227041,-0.0353266,-0.034085,-0.0139261],[-0.0659229,-0.107937,-0.0134209,0.101017,-0.0382014,0.0401566,1.01941,0.0276158,-0.0240403,0.0293936,-0.017742,-0.564809,-1.25741,-0.0549191,0.00295776,-0.851512,-0.439633,0.13269,0.00192729],[-0.0289546,-0.0129758,-0.622819,-0.448078,0.102052,-0.222445,0.195672,0.917533,0.125564,-0.926384,-0.219457,-0.130601,-1.75979,-0.0717009,0.0550992,-0.0260261,0.614464,0.577902,-0.103805],[-0.0904982,-0.324016,0.315593,0.394361,0.574103,0.423174,0.621635,0.00979429,1.0703,0.173699,0.376622,0.00812788,6.86039,-0.0262729,-0.066686,1.57665,0.721984,1.75691,0.0135213],[0.0273908,0.0540363,0.0462766,0.094223,-0.0300209,-0.0913775,-0.0715826,0.000606818,-0.00137893,0.890041,0.0209767,0.0718591,0.278382,0.000443907,-0.00595138,-0.0677291,-0.0477164,0.0963357,0.00385536],[-0.170298,-0.167036,-1.03736,-0.212627,-0.324477,-0.401469,0.413863,0.0896629,0.125046,-0.0545532,1.02124,-0.809647,1.18315,0.150794,0.111175,-0.113089,-0.311217,0.489529,0.0775809],[0.0162641,0.0155254,-0.0258188,0.00504554,0.0960499,0.045615,0.0477939,0.00409635,0.0427563,-0.0720392,0.0451115,0.847583,-0.42326,0.0170279,0.0338905,-0.381366,0.111152,0.260793,-0.00141907],[0.00370962,0.00685821,-0.0139843,-0.0207648,-0.00683203,-0.0128479,-0.00973844,0.00241685,0.00420625,-0.0328011,0.00199221,-0.031582,0.902069,0.000614973,0.000530196,-0.0223714,-0.0116747,-0.0107605,0.000986867],[-0.0259282,-0.165957,1.95418,0.398036,1.2233,1.4931,0.344094,0.0659463,-0.314373,0.104692,-0.130596,1.12227,-4.20278,0.883817,-0.03087,-0.34024,0.464331,-0.378858,0.0754996],[0.0911101,-0.148108,-0.0534949,-0.0387681,-0.289764,-0.67234,-0.170299,-0.252423,-0.0748584,0.760928,0.0646583,0.63336,-9.60036,-0.0223108,1.01576,-2.75871,0.319227,-1.11164,0.00115176],[-0.00778969,-0.00603031,0.0955862,0.0278993,0.0376102,-0.000998291,0.021186,-0.0114901,-0.00776162,0.150612,-0.0155252,-0.0115573,0.0339879,0.0155052,0.00986589,1.00603,0.0654171,0.0914765,0.0024682],[0.111629,0.179488,0.258561,-0.0150996,-0.0160101,0.111274,0.0382232,-0.0239744,0.00799618,0.160083,-0.0324539,0.177629,1.70445,0.0149309,-0.00920639,0.470439,0.775534,0.0712911,0.00277428],[0.0098767,0.0587062,0.10041,-0.03478,0.0344231,0.0958569,0.0330297,0.0108458,0.0461262,-0.166733,0.134883,0.0738775,-0.283034,0.00459496,0.0155095,-0.326546,-0.0268902,-0.0396521,0.00346703],[0.476061,0.222286,1.50786,-0.434104,0.247265,-0.950044,-0.452116,0.0209277,0.09633,-0.689946,-0.411172,1.65288,-0.0571363,0.0533348,0.0796217,-0.830473,2.53872,0.837096,1.06035],[0.172771,0.0145154,-0.833217,0.0301564,-0.0370905,-0.274223,-0.0823464,-0.0364746,-0.0895302,-0.600457,-0.0827126,-0.149489,-3.9486,-0.0239034,-0.0227781,-0.388096,0.0955576,-0.436062,-0.0256032],[0.0408316,0.174292,0.582947,0.168157,0.172824,0.359898,-0.0680436,0.000231039,-0.0240069,0.195774,0.0186824,-0.216868,-0.388699,0.00261217,0.0105126,0.178191,0.311452,-0.00466772,0.00855894],[0.0160123,-0.00251366,0.199381,0.000100799,0.167891,0.206665,0.0274263,-0.00103201,0.00254657,0.00190914,-0.00378061,-0.0605652,0.938797,0.00642968,-0.00390113,0.234244,-0.0186849,0.122791,-0.00122805],[-0.0741133,-0.0415137,-0.164145,0.0731631,0.00146142,0.123167,-0.0844369,-0.0282612,-0.0111673,0.0318925,0.0186748,-0.0028888,-2.946,-0.0163324,0.0158373,-0.789644,0.125268,-0.490506,0.00753693],[-0.060681,-0.0234159,-0.284881,-0.104754,0.15993,-0.0920753,0.0325744,0.00246684,0.022175,-0.19741,0.0184953,-0.190232,-0.328155,-0.00823902,-0.0110762,-0.216524,-0.145808,-0.155819,0.00315717],[-0.0176586,-0.0102157,0.00121279,-0.0856269,-0.151272,-0.0333873,0.0406477,0.00596163,0.000619158,0.30101,0.0219138,0.0557471,-0.0865745,0.00292905,0.00396899,-0.0357326,0.0225042,0.0151098,0.00773727],[0.0712865,0.0387092,0.13535,-0.040328,0.0694907,-0.0345139,-0.0618298,-0.0392304,0.00911336,0.124446,0.0301872,0.479193,1.02843,0.0381248,-0.00295792,0.607354,0.416004,-0.170839,0.0054105],[-0.117662,0.121341,-0.552931,0.382831,-0.22306,-0.251495,-0.0485204,0.0810707,0.065781,0.868218,0.263391,0.534728,3.14408,-0.014922,-0.0611793,-1.14237,-0.961789,-0.235247,0.0769019],[0.0103003,0.00306251,-0.0487097,0.136244,-0.417439,-0.33026,-0.308803,-0.0723189,-0.0976722,0.607263,-0.119513,0.27764,-2.46227,0.0243642,-0.0052591,-0.335177,0.35578,-1.07579,-0.0542666],[-0.020777,-0.0369131,0.0741044,-0.074799,0.032338,0.199482,0.0551023,0.00427067,0.011408,-0.00949844,0.00805391,-0.0402499,0.12822,0.00172643,0.00196867,0.0483183,0.0576905,-0.0627646,0.00520954],[0.0753462,0.142378,0.857735,0.07776,0.115598,0.0297188,-0.205471,-0.0515179,-0.115492,0.354711,-0.187015,0.430057,0.796016,-0.0749935,-0.0746024,0.533102,0.0950622,-0.103549,-0.0173964],[-0.019318,-0.0156764,-0.0133832,0.0171083,-0.033944,0.0269722,-0.0458562,-0.000117915,-0.0527845,0.0376166,-0.0370926,0.0906423,0.515161,-0.0150131,-0.0351754,0.449329,0.00182656,-0.282731,0.00252264],[-0.00114249,-0.00661517,0.0210012,0.0124319,0.00661455,0.00378073,0.0141686,0.000311689,-0.00103661,0.00704818,0.00181292,0.0234988,0.0558151,-0.00073374,-0.000532623,0.0105905,0.0200797,0.0183887,-0.000921353],[0.156321,0.170069,-1.31415,-0.239462,-0.405956,-0.565437,-0.420335,-0.0315966,0.315243,-0.724973,-0.0766021,-0.477506,-0.433216,-0.0789935,-0.0701517,-1.12243,-0.0737306,-0.11757,0.0264644],[-0.143351,0.462021,-0.916203,0.0354585,0.196232,0.427442,-0.410132,0.0725946,-0.0396008,-0.660336,-0.211914,-1.09185,4.39172,-0.156064,-0.206397,2.35228,-0.800128,-0.285614,0.00347698],[0.0264646,0.00540324,-0.073628,-0.0103797,-0.00997811,0.0203147,-0.0232061,0.0102274,0.0081857,-0.113317,0.00735393,0.0351076,0.199852,-0.0115848,-0.00474277,-0.0268147,-0.00107372,-0.0446123,-0.00263234],[-0.00654736,0.00438582,-0.149974,0.00774245,-0.0207735,-0.114789,-0.0577279,-0.00441369,-0.0370659,0.0929167,-0.00886526,-0.168186,-2.33383,-0.0239554,0.00134412,-0.366144,-0.0520487,-0.107441,-0.0137475],[-0.02229,0.0373092,0.00362106,0.00504561,-0.0335915,0.00174353,0.000244739,-0.00426965,0.011564,-0.186063,0.0842304,-0.235254,-0.70951,0.0116824,0.0196919,-0.279169,-0.0623246,0.0849465,0.0142215],[-0.639045,0.0910903,-0.680483,0.0540436,-1.00594,-0.386698,0.508167,-0.0617312,-0.0786139,0.469257,0.590583,-0.499384,1.80893,-0.170754,-0.174546,1.21389,-1.14358,-0.407523,-0.153629],[0.0341408,-0.122857,-0.0830172,0.0430303,-0.182338,-0.386484,0.0270159,0.00395015,-0.0703065,0.242138,0.018978,-0.25295,-1.13796,0.0059132,-0.0148056,0.078705,0.368087,-0.224789,-0.0126118],[-0.0219803,0.0173229,0.170002,-0.0384892,-0.11089,-0.0483296,-0.0776568,0.00619943,-0.0361121,0.285449,-0.000159886,-0.00834512,-0.226216,0.00460677,0.00228674,0.156677,-0.076385,-0.169671,-0.00540043],[-0.0199448,-0.00264202,-0.0648048,-0.0560623,-0.0434603,-0.0993226,0.0215715,0.000295909,0.00487966,-0.00664849,0.0177758,0.0381221,-0.293994,-0.00911342,-0.00527561,-0.0996314,-0.0241039,0.0238544,1.1571e-05],[-0.00924253,0.0149729,0.402533,-0.112202,0.00257504,0.00878074,0.0829182,0.0222085,0.0819473,0.0254843,-0.0495769,-0.173556,1.36347,0.037928,0.0190574,0.334217,-0.0947058,0.261367,-9.25452e-05],[0.0829334,0.047425,0.585129,0.0692485,0.122693,0.137415,-0.118624,0.0095424,-0.0362935,0.0274862,-0.0457805,0.142325,-0.352147,-0.0160466,-0.0057258,-0.00203227,0.0002084,-0.0945691,-0.00607112],[0.0234168,0.021818,-0.0703728,0.042904,0.00423457,0.141728,-0.0395175,-0.018365,-0.0101747,-0.0882144,-0.0175326,-0.0109393,0.152918,-0.0175262,-0.00924631,-0.191321,0.0124083,0.0195586,0.00624679],[-0.00429823,0.0695038,-0.118598,-0.0590288,-0.0300206,-0.00322841,0.0414494,0.0110106,0.0155899,-0.151266,-0.0124975,0.091028,0.239249,0.017108,0.000129707,0.251211,0.0258821,0.0388461,-0.00711397],[0.150996,-0.147182,1.08171,-0.00748346,0.209525,0.480417,-0.261676,-0.027799,-0.103315,-0.26564,-0.0442315,-0.572061,-1.50856,0.0690973,0.0290352,0.649487,0.330174,-0.315615,0.0209068],[0.00330672,0.0356698,-0.11934,-0.232526,0.0552414,0.120171,-0.0664199,0.0804911,-0.0248128,-0.417105,-0.0555385,-0.135026,-2.84209,-0.00193187,0.0362343,-0.5277,-0.401524,-0.180936,0.0182451],[-0.00689647,-0.0172707,-0.117608,-0.0203585,-0.00418014,-0.110152,0.016636,-0.00440987,-0.0103465,0.116473,-0.0293978,-0.0350561,-0.404864,-0.00238715,0.0039252,0.0144637,-0.0127135,-0.0346269,-0.00927485],[0.0799087,0.0385202,-0.277761,0.00348597,0.25416,0.337633,-0.104559,-0.0166499,2.56414e-05,-0.327106,-0.00898689,-0.187858,0.131227,0.0104994,0.0114155,0.0477634,-0.083581,-0.127725,0.000419264],[0.00331019,0.00193,0.0290858,-0.0219194,-0.0621326,-0.0688352,0.0017533,-0.00308383,0.012606,0.0337758,-0.00634228,0.0597317,-0.0354734,-0.00196176,0.00107516,-0.0597421,-0.116801,0.0337493,-0.000976384],[-0.00147696,0.00130072,-0.00338649,0.00818786,-0.00158031,0.00706505,-0.0036552,-0.00291475,-0.00417236,0.0170691,-0.00379486,0.00103788,-0.0635072,-0.001013,-0.000314771,-0.00239126,-0.0193131,-0.0082339,-0.000171485],[0.112571,-0.315191,0.410112,0.0708868,-0.352285,-0.370344,-0.0645241,0.0751237,-0.0836829,0.499896,0.159069,-0.567159,1.61765,0.055145,0.0487505,0.568814,-0.391158,-0.204361,-0.0127116],[-0.0695038,-0.262728,-0.119683,-0.0299249,0.104681,0.250107,0.375176,0.146802,0.00896673,0.0714671,0.0829724,0.279513,2.83327,0.0745537,0.0702849,-0.238986,0.448258,0.525084,-0.00953218],[-0.0167628,0.00151143,-0.0221309,-0.0156925,-0.0255202,-0.0172564,0.00110485,9.93118e-05,0.00105809,-0.0353402,0.00856062,-0.0125112,-0.230254,-0.00327061,-0.00446661,0.0217042,-0.0613655,-0.0438416,0.000655684],[0.0133053,-0.000288961,0.0238278,-0.0247089,0.0555223,0.0459212,0.000391007,-0.0126349,0.0173418,-0.0363502,0.0156014,-0.00745874,0.265678,0.0163271,0.0157692,-0.235363,-0.134338,0.0912848,0.0034438],[0.0042232,-0.0266908,-0.190813,0.0235999,0.0584762,0.02367,0.052062,0.00535705,0.024721,-0.0602014,0.0227066,0.102825,-0.444253,0.00901457,0.0081729,0.0470984,-0.0505376,-0.0963578,0.00403632],[-0.175325,-0.0023086,-1.12519,0.0526736,-0.453679,0.234094,-0.300503,0.0356383,0.0637742,0.15179,-0.21602,-0.131348,-3.47203,0.118246,0.133697,-0.274934,-1.32014,-0.557538,-0.0919309]],"sigmahat":[[0.15721,0.0147977,0.468212,0.0579516,0.177465,0.13284,-0.0611808,-0.0188601,-0.0108734,-0.0773576,-0.0195435,0.00806926,0.547126,0.0250537,0.00836807,0.25744,0.0851167,-0.0691097,0.000855822],[0.0147977,0.429112,-0.452853,-0.0811199,-0.260921,-0.0783245,-0.137639,0.00242301,-0.0574611,0.083887,-0.0640859,-0.0511061,-1.4582,-0.0522425,-0.0496549,-0.0245956,-0.375616,-0.239394,0.00374886],[0.468212,-0.452853,10.4733,0.382061,1.30996,1.55534,0.123228,-0.0943137,0.027916,-0.0412346,-0.0866973,0.0308743,9.24229,0.173943,0.0581669,3.44432,0.53908,-0.0117064,-0.0623243],[0.0579516,-0.0811199,0.382061,0.378258,0.302429,0.341191,0.00523041,-0.0177116,-0.0420945,0.0175678,-0.00358275,0.166364,0.961395,0.00747311,-0.00347174,0.411092,0.475773,0.0182413,0.0105942],[0.177465,-0.260921,1.30996,0.302429,1.66798,1.29295,0.0392381,-0.0261551,0.0355332,-0.216311,0.0452395,0.394161,2.09348,0.101499,0.0764749,0.61645,0.906381,0.270851,0.0316957],[0.13284,-0.0783245,1.55534,0.341191,1.29295,1.96823,0.0461616,-0.0458083,0.0475813,-0.174321,0.0137583,0.354569,4.14254,0.0837036,0.0492208,1.1168,0.605848,0.353245,0.0258957],[-0.0611808,-0.137639,0.123228,0.00523041,0.0392381,0.0461616,0.405138,0.0202294,0.0823793,-0.210306,0.0858386,-0.0508987,2.71128,0.0389237,0.0152068,0.381654,0.26717,0.585155,-0.00209497],[-0.0188601,0.00242301,-0.0943137,-0.0177116,-0.0261551,-0.0458083,0.0202294,0.0438177,0.000697539,0.0143228,0.00782778,-0.0102952,-0.212756,-0.007171,-0.000993505,-0.0283735,-0.00806233,0.0383228,-0.00176251],[-0.0108734,-0.0574611,0.027916,-0.0420945,0.0355332,0.0475813,0.0823793,0.000697539,0.1054,-0.173256,0.0452871,-0.0161179,1.10154,0.0332623,0.0343883,-0.174884,-0.0415258,0.215892,0.00123575],[-0.0773576,0.083887,-0.0412346,0.0175678,-0.216311,-0.174321,-0.210306,0.0143228,-0.173256,2.13894,-0.134434,0.589959,-0.372345,-0.0177569,-0.0317655,1.10553,0.515649,-0.16212,0.00287406],[-0.0195435,-0.0640859,-0.0866973,-0.00358275,0.0452395,0.0137583,0.0858386,0.00782778,0.0452871,-0.134434,0.137236,-0.0622246,-0.038204,0.00799697,0.0148794,-0.138792,0.0320077,0.0669989,0.00485573],[0.00806926,-0.0511061,0.0308743,0.166364,0.394161,0.354569,-0.0508987,-0.0102952,-0.0161179,0.589959,-0.0622246,2.27981,1.12885,0.0120584,0.0205723,0.124287,1.0637,-0.000588636,0.00748217],[0.547126,-1.4582,9.24229,0.961395,2.09348,4.14254,2.71128,-0.212756,1.10154,-0.372345,-0.038204,1.12885,97.1221,1.06907,0.231596,15.9858,5.33375,8.1436,0.0358211],[0.0250537,-0.0522425,0.173943,0.00747311,0.101499,0.0837036,0.0389237,-0.007171,0.0332623,-0.0177569,0.00799697,0.0120584,1.06907,0.0495568,0.0336992,0.174849,0.106495,0.104341,0.00145273],[0.00836807,-0.0496549,0.0581669,-0.00347174,0.0764749,0.0492208,0.0152068,-0.000993505,0.0343883,-0.0317655,0.0148794,0.0205723,0.231596,0.0336992,0.0404932,-0.125187,0.0174439,0.0633266,0.00159364],[0.25744,-0.0245956,3.44432,0.411092,0.61645,1.1168,0.381654,-0.0283735,-0.174884,1.10553,-0.138792,0.124287,15.9858,0.174849,-0.125187,8.78679,1.84067,0.760039,0.0194068],[0.0851167,-0.375616,0.53908,0.475773,0.906381,0.605848,0.26717,-0.00806233,-0.0415258,0.515649,0.0320077,1.0637,5.33375,0.106495,0.0174439,1.84067,3.00769,0.554399,0.0179959],[-0.0691097,-0.239394,-0.0117064,0.0182413,0.270851,0.353245,0.585155,0.0383228,0.215892,-0.16212,0.0669989,-0.000588636,8.1436,0.104341,0.0633266,0.760039,0.554399,2.43402,0.00370904],[0.000855822,0.00374886,-0.0623243,0.0105942,0.0316957,0.0258957,-0.00209497,-0.00176251,0.00123575,0.00287406,0.00485573,0.00748217,0.0358211,0.00145273,0.00159364,0.0194068,0.0179959,0.00370904,0.0101893]],"n":19,"lags":3}