{"betahat":[[8.43703,3.60034,80.3151,-7.69298,13.2331,10.9448,4.47346,1.56139,-1.1296,6.94954,4.47601,-12.583,95.6931,0.351866,-0.0692494,31.6651,27.717,32.1791,2.78118,-60.5342,-3.4985,-1.86353,10.4628,10.1237,0.573916],[0.943464,0.097869,0.106504,0.037802,0.108247,0.499457,0.00937375,-0.0187295,0.0273315,0.298013,0.0712087,0.31461,0.11961,-0.00973659,0.0253702,-0.641001,-0.0599511,-0.0928251,-0.00178506,-0.646506,0.517827,0.0291016,-0.208646,0.210572,0.00272392],[0.0361611,0.813536,-0.130435,-0.0256978,0.0368409,-0.151482,0.0658244,-0.0144184,0.0025221,0.011751,0.0151933,-0.0855065,0.885086,-0.0308639,-0.0417267,0.285943,-0.0436198,-0.0239717,0.00334368,-0.00637332,0.377959,-0.00857516,-0.0584195,0.0649946,0.00635615],[-0.00478054,-0.00449232,0.846272,0.0764844,-0.0639564,-0.066236,-0.00681283,-0.00253846,0.00441538,0.000634246,-0.00965761,0.0137793,-0.177951,0.008134,0.0115379,-0.0777372,-0.00806555,-0.00777401,0.000128987,0.0220713,-0.069584,-0.00195022,0.0789833,-0.0391348,-0.00343348],[0.0506692,-0.0247104,-0.127848,0.727579,-0.037436,-0.131153,-0.00499821,-0.000869638,-0.0180417,-0.0598382,0.0046384,0.048494,0.252561,0.00123719,0.00723172,-0.123717,0.017313,-0.000899723,0.00253449,0.167438,0.0204017,0.0101744,0.0558018,0.0738077,-0.00656579],[-0.00485132,-0.0476369,0.0538665,-0.0516237,0.857178,-0.0263903,0.044209,-0.00624462,0.00470373,0.177577,0.038391,0.0245686,0.681238,0.013716,-0.00179503,0.501799,0.0295823,0.00786563,-0.00226351,-0.260526,-0.0732064,0.0162792,0.0788425,0.0832801,0.00731687],[-0.00830087,0.00496012,-0.0387712,-5.38724e-05,0.0482051,0.908837,-0.00563708,-0.00218982,0.00623152,-0.0281473,-0.0120718,-0.0127513,0.425833,0.00634606,0.00217882,0.158233,0.0215521,-0.0154461,0.0096866,-0.142734,-0.0241541,-0.00122611,-0.0216678,0.0128009,0.0119854],[-0.0284837,0.0674412,-0.163621,0.114591,0.0423321,0.247198,1.00588,-0.0119967,-0.082456,0.369329,-0.0291344,-0.396123,-1.29574,-0.032619,-0.0218245,-0.219652,0.068968,-0.0506005,0.0421104,-0.413058,-0.0939812,0.0160732,-0.188043,-0.0122264,0.0166282],[-0.120185,-0.309121,-0.139827,0.119049,0.265037,-0.297539,0.0113242,0.895208,0.09216,-0.569921,-0.323564,-0.103983,-0.718924,-0.0878053,0.067193,-0.801609,-0.170396,-0.0350691,-0.0594149,-1.18191,-0.0352163,-0.0799798,0.730308,-0.0814631,-0.115981],[-0.014037,-0.37049,0.612727,0.426654,0.499164,0.983192,0.384214,0.00305404,0.859407,0.80047,0.369905,-0.0712903,3.0938,0.0285431,-0.038559,1.72934,-0.282732,-0.0715102,0.0033525,0.747087,0.0571321,0.191299,0.793275,0.607005,-0.00226229],[-0.00934512,0.0180903,0.100255,0.0297729,-0.109775,-0.0675482,-0.0693595,-0.00632356,-0.0236716,0.986762,-0.0161909,0.00494557,-0.350477,-0.00789892,0.0135188,-0.456557,0.0245546,0.00426959,0.013018,0.0452177,0.0235622,-0.0125473,-0.0936655,-0.0053861,0.00611548],[-0.0865513,-0.106191,-0.211639,-0.302963,-0.13494,-0.027643,0.0662171,0.0387712,0.0875784,-0.0608152,0.913449,-0.360493,-0.439579,0.0116904,0.0255439,-0.723829,0.0431458,0.00668012,0.0483499,0.346806,0.0525122,0.0505091,-0.707629,-0.0503688,-0.00477415],[-0.0076242,0.0292312,0.0494162,0.00941832,0.00655934,-0.0495238,0.0104082,-0.00260583,0.0425803,-0.100842,0.0544673,0.877771,-0.614258,0.00906117,0.0271542,-0.325022,0.0389529,0.0190566,-0.00142097,0.0464065,0.104808,0.0023574,0.156985,0.123032,-0.00624722],[0.00189151,-0.000476244,0.00254738,-0.00180787,-0.00985417,0.00267872,-0.00672437,0.00293917,-0.00240866,-0.00606223,-0.00346155,-0.0184268,0.826429,-0.000992021,0.0011847,-0.0518725,0.00252219,0.00611817,0.000601452,-0.0160564,-0.00127891,-0.00137552,-0.0158537,-0.00416152,0.00176814],[0.0125033,-0.464832,1.63793,-0.489499,1.43222,0.538298,0.0270533,0.0939205,-0.0860433,-0.492495,0.228117,0.339421,-5.22651,0.887281,0.0675147,-0.540362,-0.255338,0.0860103,-0.0983905,0.00239782,0.0959363,0.035291,1.09387,-0.716791,0.133785],[-0.410602,0.0309888,-1.69301,0.422281,-1.51144,-2.13707,-0.0797699,-0.0318234,0.117734,-0.186035,-0.222625,0.360453,-4.99911,-0.112726,0.827983,-3.78513,0.501567,0.0695749,-0.00420109,3.93857,-0.132629,-0.0414353,-1.32486,-0.409568,-0.090207],[0.014027,0.00798259,0.0333343,-0.0126387,0.0869374,0.0446724,0.0132509,-0.00747512,-0.0018309,0.0365773,0.00359274,-0.0105325,0.0921904,0.00787771,0.00309055,1.03416,-0.00499901,-0.00715025,0.001814,-0.0632754,0.000591043,-0.0102137,0.0350613,0.0187567,0.00672472],[-0.0708459,-0.0251819,-1.54806,-0.153171,0.405891,0.543234,0.179672,0.0050929,-0.0531789,-0.345241,0.0437044,0.185576,-0.521816,0.0433147,0.0387607,-0.0581668,0.630207,0.180564,0.0191868,0.430145,0.691387,0.0739368,-0.113616,0.0562332,0.034344],[0.0384589,0.271359,0.016586,-0.152101,-0.0526447,0.113209,-0.00889432,-0.0295632,-0.0507444,0.27112,-0.0346054,-0.0915463,-0.864892,-0.00538888,-0.0142133,0.0210389,-0.100534,0.559796,-0.0134558,-0.525535,-0.0333418,0.0346712,0.161399,-0.17688,-0.00759054],[0.200037,0.0105318,0.154757,0.818553,-0.160534,-0.260012,-0.0954616,-0.116665,-0.0312473,-0.681088,0.175422,0.0456027,-9.51923,-0.0470371,-0.0650626,0.217151,0.137058,-0.225071,0.756721,-1.38167,0.671253,-0.127946,-0.312818,-0.690686,-0.0712618],[0.00987663,0.00216441,0.0562886,-0.0397423,-0.00676431,0.00783354,0.01325,0.00053734,0.0141884,-0.0544633,0.00639531,-0.0285217,0.418499,0.00410215,0.00577765,-0.034412,-0.00453404,0.00532541,-0.015804,-0.256809,0.0308825,-0.0044208,-0.0228113,0.0732158,-0.00206304],[0.00294444,0.0395706,-0.223945,-0.0165893,-0.0413114,-0.0586245,0.0257877,0.00229915,0.0175052,-0.154057,0.00831015,-0.0148648,-0.801827,-0.00553499,0.00828965,-0.27328,-0.0119394,0.00640634,0.00948627,-0.270864,0.88024,0.0377596,-0.0151334,0.000977193,0.00467099],[-0.0682229,-0.17886,-0.241615,0.195692,0.179102,-0.167654,0.317976,-0.00689461,0.114597,0.0550399,0.147722,-0.218328,1.49047,0.107611,0.110388,-0.0363059,-0.0431646,0.334941,-0.00369327,0.353658,-0.302873,1.122,0.301491,0.920908,0.0937891],[0.08063,0.164893,0.119451,0.0307345,0.035332,0.188996,0.0700576,-0.00348136,-0.00182036,0.0936783,-0.0435014,0.143885,1.45258,0.019962,-0.0150329,0.512234,-0.0286943,0.00073996,-0.00758194,0.10853,-0.0026224,-0.00114607,0.675401,0.180326,-0.00829091],[0.0640308,0.00655543,0.141512,0.0949328,0.0724043,0.0374172,0.0272785,-0.00358645,0.0538622,-0.197865,0.113582,0.00503448,0.273354,0.00404049,0.00756045,-0.349438,-0.0470091,-0.072462,0.00964591,0.731536,0.103884,0.0364874,0.0886828,0.0347581,0.00629652],[-0.43738,-0.668186,-0.410409,-0.452512,-0.470671,-1.28665,0.33723,-0.00337361,0.123963,-1.06361,0.0233138,0.485595,-0.772573,-0.238997,-0.00569129,-3.25413,0.0257398,0.109364,0.13821,3.64174,0.70788,-0.094822,0.125702,0.080032,0.921706],[0.00742678,0.00139848,-0.141363,-0.118599,-0.190172,-0.564129,-0.0542062,0.000798161,0.0171342,-0.367627,-0.0464437,-0.150525,-1.10265,-0.00252632,-0.0068355,0.0526521,-0.000502378,0.0107051,0.0096089,0.599834,-0.276377,-0.0178771,-0.0607379,-0.146305,-0.0153481],[-0.0600668,0.108359,0.0151965,-0.0494891,-0.00168843,0.0984754,-0.0208444,0.00569856,-0.00235682,-0.0547999,-0.0230249,0.0378551,-0.847097,0.0179823,0.0250269,-0.167134,0.0399305,0.0115564,0.00730095,0.110456,-0.229815,0.0234146,0.00924928,-0.0142543,-0.0093935],[0.026656,0.0168686,0.153962,-0.014032,0.105733,0.147104,0.00627332,-0.00119119,-0.0012719,0.0078433,-0.00117626,-0.0282807,0.616875,-0.000166014,-0.00745034,0.138175,-0.00163888,0.00957253,0.00221336,-0.0296457,0.104292,-0.000748792,-0.0244286,0.0563284,0.00728045],[-0.0385921,0.0219829,0.0345943,0.194668,-0.0401333,0.105431,-0.0172413,0.000737758,0.0148017,-0.122916,0.00337827,-0.0543077,-0.279883,-0.00342848,-0.00406667,-0.0470561,-0.0109659,-0.00848224,-0.00063815,0.137825,0.0191452,-0.00658099,-0.08693,-0.0719806,0.00313669],[-0.00388689,0.0398849,-0.197557,-0.018485,0.0676063,-0.0242398,-0.00287612,0.00286564,0.00972972,-0.10226,-0.0161605,-0.0505653,-0.188248,-0.00233175,0.0050151,-0.343896,-0.0303347,-0.0140193,0.000139735,0.0763751,0.121027,-0.00781398,-0.0869148,-0.0360134,0.00116105],[-0.0174093,-0.0216202,0.00560169,-0.0105518,-0.099172,-0.0634723,0.0186898,0.00355555,0.00351116,0.0669676,0.0253355,0.00642482,-0.375574,-0.00507757,-0.00144916,-0.0712409,-0.0187931,0.000783833,-0.00456571,-0.00467232,0.0207948,0.00390182,-0.0126548,-0.0210902,-0.0129104],[0.0517135,-0.0316168,0.251068,-0.0524525,-0.0600601,-0.181873,-0.0888151,-0.00708396,0.0518361,-0.173373,0.0516919,0.313097,0.903197,0.0119593,0.0101891,0.158273,-0.0446324,0.0163693,-0.0147311,-0.394533,0.0313985,-0.0155257,0.184106,-0.0829108,-0.0109038],[0.0270812,0.2427,-0.315435,-0.102067,-0.197313,0.238945,0.0221365,0.0114168,0.0954177,0.73148,0.20307,0.216713,2.20838,0.0235621,-0.00974831,-0.608791,0.0659229,0.0659754,0.0381316,0.496892,0.234279,-0.00660546,-0.832436,0.239217,0.0843576],[-0.131467,-0.0430242,-0.758826,-0.451045,-0.588574,-1.04396,-0.0379992,-0.00375124,-0.0467684,-0.0703762,-0.163925,0.0587035,-1.55211,-0.004362,-0.0370439,-0.337245,0.0165636,-0.0612254,0.0214578,-0.831397,-0.123344,0.0437256,0.0573814,-0.442749,-0.0507661],[-0.0191774,-0.0185612,0.00275871,0.00946942,0.0337862,0.063431,0.0108842,0.0113579,0.013639,-0.0277922,0.0161482,0.0299197,0.185485,0.00324494,-0.00549584,0.203612,-0.0167498,0.0130917,-0.0145184,0.0614042,-0.00952721,0.00996314,0.0126805,-0.0276304,-0.00701863],[0.0903394,0.1341,0.384242,0.049536,0.0150153,-0.0702662,-0.00713822,-0.00239789,-0.0575241,0.347088,-0.18036,0.290094,1.30857,-0.0211576,-0.016899,0.382553,0.0226771,0.0273884,0.0187902,-0.0748006,0.0291964,-0.0793391,0.302457,0.170232,0.00331039],[-0.0147252,-0.0327854,-0.0740162,-0.0335193,0.00127584,0.0610903,-0.000866941,0.00569743,-0.0343281,0.0161462,-0.0250337,0.0573386,0.358277,-0.00734186,-0.0203937,0.284409,-0.0250171,0.00987597,0.000238524,-0.00907571,-0.0645061,0.00939748,-0.0717362,-0.145634,0.00235627],[-0.00410679,-0.00405569,0.0136802,0.005854,0.00445556,-0.00533527,0.0052985,-0.000773792,0.00187733,-0.0157619,0.000735586,0.0121926,-0.0199323,0.000942762,0.000940245,-0.00148885,-0.000324359,0.00510496,1.9557e-05,0.0896829,0.021513,0.00129817,-0.000381371,0.000155073,-0.00200068],[0.218623,0.109336,-0.890726,0.426594,0.237817,0.987588,-0.372708,-0.0361074,-0.0132362,-0.308618,-0.230105,-0.102675,-0.883564,-0.106487,-0.109875,0.329169,-0.167875,-0.0437389,0.0222823,0.416444,-0.128283,-0.0424081,-0.325069,-0.343723,-0.00217074],[0.276343,0.253301,0.244116,0.0601479,0.699825,1.14237,-0.0139121,-0.0423442,-0.040409,0.0742478,0.183442,-0.535691,2.27387,-0.000383232,-0.0136394,1.89375,0.171912,-0.0835061,0.0078258,-2.3281,-0.201115,-0.0114216,0.997118,0.0257224,0.111223],[-0.00396313,-0.00587052,-0.0251628,0.0124696,-0.0573902,-0.0138333,-0.0167462,0.00511347,0.00308093,-0.0348643,0.00280527,0.0356775,-0.107252,-0.00883866,-0.000753174,-0.0762387,0.00110707,0.00442663,-0.00174793,0.079011,0.034114,0.00565773,-0.0295648,-0.0167241,-0.00474018],[0.0558851,0.00222909,1.96274,0.489824,0.221198,0.49983,-0.00608137,-0.0472924,-0.00277622,0.45255,-0.032519,-0.275069,0.938851,-0.0383211,-0.0368238,0.478482,-0.0030584,-0.207581,-0.0240124,0.021,-0.76529,-0.0560712,0.276886,-0.223925,0.00770169],[-0.0788941,-0.239496,-0.180093,-0.0140663,-0.00134221,-0.17194,0.0186249,0.0116861,0.0292092,-0.152262,0.0948778,0.143295,0.593017,0.00668534,0.00475172,0.138643,0.0636057,0.0114235,0.00878534,0.531634,0.129299,-0.000152485,-0.154191,0.0513955,-0.00374483],[-0.0441799,0.31674,-0.0679689,0.170924,0.40344,0.510425,0.182448,-0.0040525,-0.0410821,0.561882,-0.145075,-0.0213247,5.60391,0.122839,0.127592,0.266496,0.0673071,0.022534,0.0578488,1.48544,-0.872344,0.0841198,0.776001,0.460419,0.0430682],[-0.000673385,-0.000420722,0.0224771,-0.00473464,8.9098e-05,-0.00614737,-0.0174485,0.00214918,-0.00338004,0.0349777,0.00448805,0.015829,-0.0486384,0.000328487,-4.83437e-05,0.035161,0.0151605,0.0165539,0.00506778,-0.328763,-0.0354627,-0.00228582,0.00865971,-0.0468418,0.000263011],[-0.00288478,-0.0291167,0.201799,-0.00168621,0.023102,-0.000101118,0.00371377,-0.00243125,-0.0176191,0.0987037,-0.0220155,-0.0136919,0.730856,0.00329145,-0.00559665,0.144147,-0.00474034,0.00475267,-0.0101286,0.339157,0.100388,-0.0321114,0.031033,0.0482213,-0.00674752],[0.0848381,0.147232,0.294556,-0.0884385,-0.067213,0.108895,-0.220574,-0.0158873,-0.0910928,0.0574594,0.0011769,0.0336998,-0.971967,-0.0593252,-0.0603446,0.351564,-0.0287236,-0.0392172,0.0383247,-0.862331,-0.102797,-0.164465,0.0463181,-0.615266,0.00496739],[0.00540677,0.0650549,-0.110303,-0.00333431,-0.0112004,-0.0706904,-0.0444699,-0.0133463,-0.0136567,0.0740213,-0.0168484,-0.0289336,-1.00577,-0.012016,0.00361035,-0.202725,0.0109182,-0.0276545,-0.000625101,0.0359007,-0.120918,0.00779919,-0.0566873,-0.0837012,-0.00145468],[-0.00499956,0.0694643,-0.0158411,-0.013857,-0.0776998,-0.0730993,0.0112647,0.00124031,0.0280243,-0.138024,0.0858769,-0.19137,-0.501872,0.0139333,0.0271408,-0.27196,-0.018165,-0.0135659,0.0113294,-0.38827,0.159731,0.0469557,0.0210491,0.156769,0.0170883],[-0.0822438,0.522981,0.575246,-0.162129,-0.632919,-0.582432,-0.0979927,-0.0460616,0.0625624,0.792648,0.176789,0.224558,0.199341,0.119491,0.115409,0.54427,-0.04007,-0.256652,-0.0402116,-4.11163,-0.386182,-0.0109954,-0.223668,0.490242,-0.0599857],[0.048688,-0.0992802,0.0327722,0.0804149,0.0808874,0.0641023,0.0446492,0.0179359,-0.0444796,0.0692194,-0.0250875,-0.164388,0.984562,0.0122911,-0.0186175,0.589975,0.0598908,0.0822596,-0.00787334,0.0457496,-0.241302,-0.0112228,0.268599,-0.0650581,0.0125873],[0.0230073,0.0769727,0.111856,0.0754821,-0.0358924,0.0526979,-0.0455124,0.00889248,0.00028762,0.0403669,0.00791167,0.047593,-0.0362673,0.0128196,0.0165785,-0.117552,0.00193045,0.0132175,-0.0108347,-0.0986455,-0.148663,-0.014528,0.0466112,-0.0519206,0.00288702],[-0.0225289,-0.0118208,-0.0196937,-0.0607975,-0.0425074,-0.081376,0.000622756,0.00401783,-0.00357478,-0.00975446,0.0100362,0.012623,-0.438214,-0.00830631,-0.00430547,-0.0685826,0.00868275,0.00101539,-0.00242494,0.00995886,-0.0286631,0.00300696,-0.0579643,-0.0162387,-0.00377225],[-0.0126654,0.00280475,0.0860569,0.0756424,0.0754435,0.0233527,0.0212761,0.000153584,0.00333117,0.181023,-0.00814765,0.00719525,0.0125215,0.00207593,-0.00325119,0.169369,-0.0069988,0.00984667,-0.00185505,-0.305429,-0.0396361,-0.00361765,0.029414,-0.00399901,0.00319757],[0.00726885,0.00722405,0.137064,0.0686074,0.069338,0.0457705,-0.0413147,0.00349854,-0.0153568,-0.0707082,-0.0242691,0.0255982,-0.476303,-0.0115319,-0.0036467,-0.15523,0.00303651,0.00336927,0.00176626,0.180146,-0.0491314,-0.00895057,0.00688483,-0.0473247,-0.00862373],[0.0240424,0.015314,0.0244493,0.00942047,0.046008,0.147856,-0.0135033,-0.00108787,-0.0101504,-0.0371363,-0.0143566,0.00567809,-0.0401983,-0.00144429,-0.000988565,-0.0864074,-0.00143925,0.0133107,-0.00549584,0.142674,0.00257628,-0.0028105,0.0324916,0.00733048,0.000853859],[-0.0259703,-0.0311746,-0.0988782,-0.0546471,-0.00739423,-0.0781079,0.0763839,0.0175035,0.0298914,-0.18851,-0.0258291,0.098986,0.344776,0.01847,0.00922036,0.0734561,-0.0193932,0.0252222,-0.0289919,0.788268,0.0520791,-0.00279135,-3.76102e-05,0.0830299,-0.00833494],[0.0736534,0.0449231,0.101431,-0.131684,-0.00116374,0.0764243,-0.100337,0.0348732,-0.0268656,-0.349321,0.091354,-0.401458,0.185434,0.0126208,-0.028632,0.718023,0.291077,-0.00252238,-0.00580471,0.0414925,0.00352217,0.10797,0.0924523,0.0291284,0.0381209],[-0.0615394,-0.00289776,-0.19353,0.222348,-0.040433,-0.213488,-0.0224681,0.0630123,-0.0291893,-0.152234,0.00501621,0.0411726,-0.737931,-0.0238224,-0.0235622,0.160766,0.0841118,-0.0684106,-0.0321999,0.813199,0.293206,0.00592738,-0.188865,0.0554517,-0.0335116],[0.0264555,-0.00492585,-0.0961358,-0.0387511,0.0736199,-0.000575036,0.0536203,-0.00332871,0.0111666,0.0280244,0.000857751,-0.0418391,0.172379,0.00446288,-0.00670965,0.221261,-0.0104827,-0.0148099,0.00125666,-0.0800847,-0.0234367,0.00197363,0.0719395,0.0252649,0.000802382],[0.031668,0.0302694,-0.314127,0.034116,0.0785065,0.0490132,-0.0855767,0.0261871,0.000699927,-0.168463,-0.0787624,-0.0487288,1.35564,0.0116079,-0.0104224,0.0381931,0.00660178,0.00415666,-0.0201959,0.346345,0.137879,-0.0019574,-0.0475933,0.0728966,0.0107059],[0.0202426,0.00550505,0.0014667,0.0249528,-0.00479331,-0.00713941,-0.00183145,-0.0020599,-0.00294164,0.067323,-0.0258427,0.0554942,0.292812,-0.000382996,-0.0061056,0.0550285,-0.0285403,-0.030436,-0.00012946,0.00988615,-0.0185424,-0.00766556,-0.0931521,0.0401705,0.00397019],[-0.00191111,-0.00317141,-0.00216792,-0.00635498,-0.0016253,-0.0100012,-0.00238351,-0.000550923,-0.00118721,0.00256033,0.00209503,-0.00224469,-0.0454238,-0.000221612,-0.000549762,0.0115692,0.00346693,-0.00794093,0.000943971,-0.0303437,-0.0171058,-0.00195946,-0.00905539,-0.00551571,-0.00020467],[0.209733,0.130988,-0.0222278,0.284629,0.196518,0.490433,0.0782018,0.0236525,-0.130007,0.841581,-0.144296,-0.213032,4.26557,0.0734236,-0.00963558,1.11246,-0.226584,-0.0893651,-0.0196818,-2.12858,-0.723549,-0.00379086,0.00376582,0.135852,0.0790894],[-0.111014,0.00553128,-0.424005,-0.338564,-0.0979881,0.154634,0.156299,0.0533447,-0.00455878,-0.170399,0.0620722,-0.0754734,-1.96612,0.0357373,0.0338208,-0.538388,-0.0169936,0.00324229,0.0191077,1.4194,0.406529,0.0339756,-0.315257,0.00619804,-0.0773453],[-0.00529428,0.00298262,-0.012373,0.00603583,-0.0200285,-0.0168609,0.00463149,-0.00024966,-0.00198211,0.0180323,-0.0113944,-0.00450427,0.103246,0.00199068,-0.0014991,0.0437292,0.0113608,0.000987,-0.00131902,-0.0339196,-0.0227214,0.00522585,0.00355424,0.00957912,0.000176685],[0.00867153,-0.0428257,-0.483174,-0.275746,-0.6315,-1.08426,-0.166189,0.0168594,0.0213108,0.00355351,-0.0443805,0.131053,-1.2149,-0.00410895,0.0134142,-0.737387,-0.264231,-0.0590762,0.0216013,-0.155577,-0.131243,-0.0410698,-0.0847584,0.0540083,-0.0321047],[0.0619373,-0.01767,-0.0619966,0.130547,0.33191,0.275637,-0.0163013,0.0122857,0.0455501,-0.121192,-0.0185015,0.145474,0.80504,0.0156242,0.00964591,0.0688806,0.0387358,-0.135324,-0.00539191,0.0881368,0.00177101,0.00329647,0.226788,0.151852,0.012009],[0.121508,-0.0263625,0.445065,-0.18798,0.149628,0.245345,-0.236378,-0.0204699,-0.0387605,-0.165151,-0.110592,0.231115,-2.0493,-0.0415311,-0.0277348,-0.619526,-0.0277934,0.129887,0.0385557,0.305537,-0.0968004,-0.00821019,-0.313697,-0.208166,-0.0229537],[0.00601164,-0.00984716,0.00801449,0.0244592,0.0232675,0.00257712,-0.0150213,-0.00245663,0.000651754,-0.00532256,0.00753596,-0.0134863,-0.110471,0.00232169,0.00378262,-0.0238773,0.00457967,0.00306238,-0.000762595,-0.10487,-0.00634799,-0.000245837,0.00203136,-0.00641594,0.000370364],[-0.000380687,-0.0094301,0.018914,0.0196327,0.0179931,0.059901,-0.0289421,-0.000261791,0.00129723,0.0530398,0.0145136,0.0317008,0.0572494,0.00236494,-0.00251664,0.130809,0.0154291,-0.00981319,0.000488902,-0.0632579,0.0198672,-0.00477677,-0.0155616,-0.0484299,0.0018762],[0.0267985,0.105434,-0.0404799,-0.207276,0.00765282,0.252049,-0.114778,-0.00979375,-0.0263859,-0.179213,-0.061329,-0.116737,0.443679,0.0266823,-0.0122447,0.547003,-0.0476433,-0.0998564,-0.0126311,-0.645028,-0.0736328,-0.0943606,-0.0116027,-0.234263,-0.0104145],[0.00584393,0.0140189,-0.00276818,-0.0285811,-0.00683602,0.0110669,0.00127127,-0.00965613,0.0096694,-0.0471235,0.0115046,-0.00369345,-0.16904,0.00547068,0.0100716,-0.234,0.0225136,-0.0282871,0.00562406,0.100251,-0.106271,0.00540816,-0.0811584,0.00757846,-4.42348e-05],[0.0112018,-0.00811179,0.0339963,0.0301589,0.0450725,0.0265584,0.03325,-0.00313696,0.0157126,-0.0457229,0.00758803,0.0416745,-0.103358,0.00530151,0.00903942,-0.0260852,-0.0177641,-0.0228541,-0.00276335,0.328144,0.0125587,0.0158829,-0.0434659,-0.0780393,0.00593632],[0.0334352,-0.118529,-0.0505649,0.0037774,-0.089548,0.281631,-0.103984,0.0474668,0.111929,0.361296,0.11436,-0.168525,1.58733,0.0917488,0.0364627,0.796339,-0.0516811,-0.0845473,-0.0758962,-0.94588,-0.0667335,0.0759806,-0.26615,-0.0209472,-0.0303483]],"sigmahat":[[0.298227,0.0625685,0.473821,0.0961444,0.387468,0.447065,0.00162749,-0.0162635,-0.0362254,0.23275,-0.0284761,0.0792883,2.03944,0.0252122,-0.0151226,0.817693,-0.0288996,-0.0211806,-0.0151544,-0.350974,-0.109989,-0.0223101,0.311511,0.0878644,0.0360578],[0.0625685,0.649641,-0.11636,0.109367,-0.117892,0.258715,-0.109769,-0.0132552,-0.0370686,0.201821,-0.0939472,0.0565076,-0.178704,-0.0141822,-0.0357578,-0.0492542,-0.0160068,-0.0364576,-0.00866465,-0.500295,0.0536557,-0.00501067,-0.0661373,0.050849,0.00314546],[0.473821,-0.11636,8.38606,0.612993,1.51622,2.03689,0.203746,-0.0907695,0.0513749,0.282155,0.116787,0.354307,6.72882,0.115243,0.0639224,2.82862,-0.00310432,-0.153098,-0.0149147,0.909447,-0.276839,-0.191994,1.01246,0.522418,0.0460727],[0.0961444,0.109367,0.612993,1.99382,0.403296,0.751259,-0.087818,-0.0249645,-0.0691228,0.407393,-0.0799392,0.0293465,3.69761,-0.0323321,-0.0468757,0.752865,0.0230744,0.112115,-0.0588751,0.85688,-0.118665,-0.000288686,0.396904,0.172235,0.0297143],[0.387468,-0.117892,1.51622,0.403296,2.62656,2.33371,0.271275,-0.0376057,0.0493011,-0.261603,0.0585789,0.164164,4.12918,0.092995,0.0436983,1.40676,0.0177659,0.147351,-0.0116683,1.03817,0.311618,0.0686047,0.921655,0.610901,0.100605],[0.447065,0.258715,2.03689,0.751259,2.33371,4.05815,0.223906,-0.0640939,-0.0457382,0.336911,-0.0555631,0.316179,5.29914,0.0946127,0.0286618,1.95033,0.0432695,0.22463,-0.0507055,1.56998,0.332416,0.0419798,0.860859,0.733542,0.123623],[0.00162749,-0.109769,0.203746,-0.087818,0.271275,0.223906,0.454003,0.00216171,0.0514337,-0.0504827,0.0473451,-0.105937,2.13316,0.0463534,0.0104895,0.682834,-0.00494975,0.0385917,-0.000265326,1.39285,0.46958,0.0669687,0.279053,0.561784,0.0184336],[-0.0162635,-0.0132552,-0.0907695,-0.0249645,-0.0376057,-0.0640939,0.00216171,0.0339619,0.00116188,-0.031816,0.00161356,-0.0231703,-0.18537,-0.00371689,0.000652265,-0.0605057,-0.010965,0.0280774,-0.00544063,0.0698137,0.0492791,0.0137042,-0.0350347,0.0014781,-0.000989448],[-0.0362254,-0.0370686,0.0513749,-0.0691228,0.0493011,-0.0457382,0.0514337,0.00116188,0.13093,-0.33978,0.0916871,0.00396884,0.237195,0.0205204,0.0405944,-0.444704,-0.026249,0.013645,0.00555277,0.39129,0.145491,0.0309553,-0.0538028,0.0997867,-0.00237391],[0.23275,0.201821,0.282155,0.407393,-0.261603,0.336911,-0.0504827,-0.031816,-0.33978,3.1732,-0.296326,0.329688,4.33728,0.017373,-0.0956337,2.52042,0.0834645,0.0446421,-0.0450106,-3.26319,-0.750979,-0.0763337,0.747173,0.291707,0.0447773],[-0.0284761,-0.0939472,0.116787,-0.0799392,0.0585789,-0.0555631,0.0473451,0.00161356,0.0916871,-0.296326,0.26785,-0.0246673,-0.922875,-0.00218604,0.0425814,-0.427569,-0.0156831,0.00846494,0.00799456,-0.17606,0.158378,0.0502267,0.0462752,-0.0306728,0.00925457],[0.0792883,0.0565076,0.354307,0.0293465,0.164164,0.316179,-0.105937,-0.0231703,0.00396884,0.329688,-0.0246673,1.77957,0.875161,-0.00213931,0.00793269,0.0132742,0.0310335,0.236923,-0.016972,0.197307,0.193068,-0.057715,0.533302,-0.022599,-0.0166851],[2.03944,-0.178704,6.72882,3.69761,4.12918,5.29914,2.13316,-0.18537,0.237195,4.33728,-0.922875,0.875161,109.106,0.942423,-0.246668,19.855,-0.641205,0.424432,-0.328372,2.70946,3.77608,-0.0553877,6.46298,7.83641,0.670619],[0.0252122,-0.0141822,0.115243,-0.0323321,0.092995,0.0946127,0.0463534,-0.00371689,0.0205204,0.017373,-0.00218604,-0.00213931,0.942423,0.0556049,0.0329839,0.268651,-0.00323632,0.0222626,-0.000128187,0.0888346,-0.00559861,0.00896646,0.120213,0.115773,0.0104272],[-0.0151226,-0.0357578,0.0639224,-0.0468757,0.0436983,0.0286618,0.0104895,0.000652265,0.0405944,-0.0956337,0.0425814,0.00793269,-0.246668,0.0329839,0.0584874,-0.364111,0.0105444,0.0126553,0.00713027,0.0831092,-0.0357866,0.0148386,0.0188589,0.0430354,0.00522263],[0.817693,-0.0492542,2.82862,0.752865,1.40676,1.95033,0.682834,-0.0605057,-0.444704,2.52042,-0.427569,0.0132742,19.855,0.268651,-0.364111,14.9429,-0.214015,0.000295056,-0.135195,-2.50955,0.105631,-0.0440986,2.52454,1.48717,0.127609],[-0.0288996,-0.0160068,-0.00310432,0.0230744,0.0177659,0.0432695,-0.00494975,-0.010965,-0.026249,0.0834645,-0.0156831,0.0310335,-0.641205,-0.00323632,0.0105444,-0.214015,0.292788,-0.00498732,0.0107713,-0.0736452,-0.0933817,-0.00619809,-0.00732203,-0.00580239,0.00427405],[-0.0211806,-0.0364576,-0.153098,0.112115,0.147351,0.22463,0.0385917,0.0280774,0.013645,0.0446421,0.00846494,0.236923,0.424432,0.0222626,0.0126553,0.000295056,-0.00498732,0.541004,-0.00709301,0.653651,0.2677,0.0454096,0.342277,0.0868944,0.0132625],[-0.0151544,-0.00866465,-0.0149147,-0.0588751,-0.0116683,-0.0507055,-0.000265326,-0.00544063,0.00555277,-0.0450106,0.00799456,-0.016972,-0.328372,-0.000128187,0.00713027,-0.135195,0.0107713,-0.00709301,0.0283324,0.0448786,-0.018676,-0.000823578,-0.00986713,-0.0107179,0.000444296],[-0.350974,-0.500295,0.909447,0.85688,1.03817,1.56998,1.39285,0.0698137,0.39129,-3.26319,-0.17606,0.197307,2.70946,0.0888346,0.0831092,-2.50955,-0.0736452,0.653651,0.0448786,30.084,2.87937,0.0901836,0.264055,1.21456,-0.125746],[-0.109989,0.0536557,-0.276839,-0.118665,0.311618,0.332416,0.46958,0.0492791,0.145491,-0.750979,0.158378,0.193068,3.77608,-0.00559861,-0.0357866,0.105631,-0.0933817,0.2677,-0.018676,2.87937,3.18949,0.0857754,0.214225,0.872171,0.0188748],[-0.0223101,-0.00501067,-0.191994,-0.000288686,0.0686047,0.0419798,0.0669687,0.0137042,0.0309553,-0.0763337,0.0502267,-0.057715,-0.0553877,0.00896646,0.0148386,-0.0440986,-0.00619809,0.0454096,-0.000823578,0.0901836,0.0857754,0.0826119,0.0454189,0.0984192,0.00794489],[0.311511,-0.0661373,1.01246,0.396904,0.921655,0.860859,0.279053,-0.0350347,-0.0538028,0.747173,0.0462752,0.533302,6.46298,0.120213,0.0188589,2.52454,-0.00732203,0.342277,-0.00986713,0.264055,0.214225,0.0454189,2.89978,0.670425,0.0445887],[0.0878644,0.050849,0.522418,0.172235,0.610901,0.733542,0.561784,0.0014781,0.0997867,0.291707,-0.0306728,-0.022599,7.83641,0.115773,0.0430354,1.48717,-0.00580239,0.0868944,-0.0107179,1.21456,0.872171,0.0984192,0.670425,2.25185,0.0666264],[0.0360578,0.00314546,0.0460727,0.0297143,0.100605,0.123623,0.0184336,-0.000989448,-0.00237391,0.0447773,0.00925457,-0.0166851,0.670619,0.0104272,0.00522263,0.127609,0.00427405,0.0132625,0.000444296,-0.125746,0.0188748,0.00794489,0.0445887,0.0666264,0.0291004]],"n":25,"lags":3,"seasonalRows":0}