{"betahat":[[0.83974,0.92365,3.69756,-0.0706923,0.74154,0.781902,0.383708,-0.146252,-0.159159,-0.63341,7.55501,-0.00521151,-0.177933,3.79376,1.34329,1.03923,-0.106418],[0.987138,0.206593,0.847878,-0.00242835,0.234053,0.567482,-0.0175924,-0.028374,0.0867818,0.335824,1.93769,0.00214673,0.0344623,-0.129045,-0.108417,0.359702,0.0169717],[0.056459,1.02365,-0.420286,-0.114822,-0.00566428,-0.168154,0.0739977,-0.0292146,0.0623018,-0.389516,-0.0383686,0.00742367,0.00802544,-0.37747,-0.0853323,0.0761701,-0.0120349],[0.00621034,0.0194942,0.908681,0.0394181,-0.10558,-0.0795262,-0.0425006,0.000123164,-0.00308151,-0.014317,-0.732033,-6.14026e-05,0.00950344,-0.15036,-0.0102645,-0.129577,0.000842373],[0.0899507,0.0306079,-0.0907266,1.11915,-0.0739705,-0.137272,-0.00769424,0.00751685,-0.075429,0.0293408,0.969173,-0.00678378,-0.0256757,0.294721,-0.119912,0.136494,-0.00753827],[0.00441348,0.0378978,-0.157513,-0.0050469,0.787183,-0.0346108,0.0684724,-0.00887451,0.014664,0.124271,0.234232,0.0111282,0.0105334,0.0497094,0.0603588,0.162469,0.00150718],[-0.00238377,-0.0136421,0.0206245,0.0426891,0.117643,0.928564,0.0101191,0.00734214,0.00871848,-0.154804,-0.176853,0.00717839,0.00176093,0.200667,0.00108701,-0.0281745,-0.0115464],[-0.0126834,-0.04371,-0.012199,0.115995,-0.0106664,0.0264246,1.12059,0.0148615,-0.0240393,0.240036,-0.24605,-0.00349674,0.0140409,-0.409446,-0.0413276,0.0713086,0.0284989],[-0.0376784,0.0183957,-0.591175,-0.272706,0.0466588,-0.108814,0.383212,1.01942,0.101607,-0.734167,1.38633,-0.044059,0.0176016,0.696951,0.777787,0.61138,-0.0310054],[-0.0795688,-0.160278,0.0633147,0.172988,0.178233,0.161841,0.538058,0.0185047,1.11874,-0.0407437,2.61403,-0.0300536,-0.0262074,0.414666,0.00982984,1.00237,0.006122],[0.00713711,0.0159844,-0.0215125,0.0669096,-0.00865901,-0.0625514,-0.0518185,0.00157217,-0.00728316,0.926435,-0.0217373,-0.00317664,-0.00427406,-0.132758,-0.130556,0.0736838,0.00161675],[-0.00264388,-0.000667115,-0.0120046,-0.0177205,-0.00124419,-0.00766912,-0.00943919,0.0034389,0.00337766,-0.027682,1.04688,0.000547975,-0.000862199,-0.0145492,-0.0208717,-0.0125105,0.000146034],[-0.291744,-0.226221,0.815358,0.29122,0.723683,0.811592,0.425155,0.0433399,-0.318577,0.71,-2.17487,0.965958,-0.0369923,0.2853,-0.0501875,-0.117518,0.040154],[0.157387,-0.120914,0.675895,0.0195757,-0.0388242,-0.246229,-0.0389947,-0.187369,0.0429575,0.0744296,-6.61838,0.0535238,1.1107,-1.75964,0.283819,-0.611808,0.0425629],[0.018991,0.0500123,0.143457,0.0222424,0.0150315,0.0048051,-0.00503629,-0.0164418,-0.00811218,0.145259,0.242271,0.0139073,0.00648841,1.07108,0.112968,0.0803926,0.00160673],[0.0373819,0.0232398,-0.00453818,0.0430873,0.0549682,0.0924882,-0.00613313,0.00843787,0.00477152,-0.039531,0.455587,-0.0123737,-0.0146149,0.0112999,0.450754,0.00345189,0.00390307],[0.0185999,0.0588151,0.0581595,-0.0191696,0.0266097,0.075833,0.0603457,0.0110407,0.0419604,-0.146076,-0.256123,0.00333985,0.013609,-0.217063,0.0716909,0.219979,-0.00164294],[0.384791,0.203193,1.2718,-0.688128,0.147209,-0.946515,-0.0731818,0.0802392,-0.0520689,-0.496872,3.93406,0.10435,0.0242732,1.30085,0.118113,0.739995,1.23135],[0.055128,-0.0915079,-0.644658,0.034176,-0.0627409,-0.293072,-0.00433072,0.00572971,-0.0403783,-0.462892,-1.65114,0.0075439,-0.00762652,-0.169201,0.014433,-0.197685,-0.0125352],[-0.0120274,0.0336439,0.448277,0.155239,0.0839738,0.247395,-0.0232308,0.0141655,-0.0273272,0.161845,-0.125357,-0.00472041,0.00362251,0.137818,0.0680137,0.0431174,0.00621541],[0.0161256,-0.00161574,0.13852,0.000619805,0.131843,0.148137,0.0227685,-0.00177327,-0.000461061,0.0125588,0.73412,0.0032071,-0.00588191,0.165281,0.0256397,0.107351,-0.00199616],[-0.0742832,-0.0689304,-0.202895,-0.0351303,0.108165,0.162242,-0.0306723,-0.0133901,0.0117045,0.00223159,-1.33195,-0.00478335,0.0138624,-0.418799,0.115216,-0.302723,0.0202713],[-0.0491394,-0.0549201,-0.241768,-0.0464514,0.134826,-0.0625757,0.00977778,0.00153507,0.00785017,-0.107899,-0.350876,-0.00410064,-0.00706507,-0.172589,-0.0136189,-0.137274,0.00278801],[-0.0129012,-0.0193652,-0.00138152,-0.0557961,-0.0989644,-0.0180447,0.0222315,0.00233811,-0.00732677,0.213416,-0.054127,-0.000524547,-0.000815318,-0.0702916,0.0279732,-0.0203139,0.00591158],[0.0159969,0.0158608,0.0602378,-0.0491984,-0.00996095,-0.0639848,-0.110216,-0.0202935,-0.000968523,-0.0426181,-0.024347,-0.00238126,-0.0140994,0.269657,0.0381032,-0.172593,-0.0157191],[-0.082144,-0.0178711,-0.406701,0.247979,-0.0394887,-0.0984294,-0.166001,0.0117925,-0.0130011,0.890702,-0.0805957,-0.0149894,-0.0361241,-0.971351,-0.684635,-0.366848,0.0317387],[-0.00565649,0.0322736,-0.0556811,-0.0145343,-0.327676,-0.378854,-0.327229,-0.0599164,-0.0905479,0.379252,-2.0893,0.00892588,-0.00751821,-0.282679,-0.153956,-0.862482,-0.0339599],[-0.00165657,-0.00520027,0.0806259,-0.061949,0.0231735,0.146217,0.0423417,0.00454071,0.013588,-0.019594,0.246993,0.00490902,0.00319548,0.0820891,0.0756279,-0.0605075,0.00637346],[0.00539535,-0.00098375,0.026819,0.00885245,0.00707429,0.00686195,0.00985141,-0.00131174,-0.000558247,0.00445346,0.00981392,0.000426731,0.000636989,0.0217914,0.0151519,0.00995527,0.000252879],[0.225499,0.305409,-1.11417,-0.256478,-0.291474,-0.331321,-0.433005,-0.0385129,0.304824,-1.01828,-0.232886,-0.061952,-0.0307867,-0.969308,-0.0610063,-0.0769544,0.0152631],[-0.156389,0.253831,-0.724641,0.0405307,0.0683977,0.229019,-0.187994,0.0842041,0.00408787,-0.257719,3.71529,-0.11734,-0.150251,1.34868,-0.273314,0.217077,-0.0213715],[0.0110453,-0.0225272,-0.0727959,-0.00534856,0.00454435,0.0264687,-0.0174972,0.0104662,0.00311496,-0.123613,-0.0802884,-0.0139205,-0.00488135,-0.0713732,-0.053413,-0.0767118,-0.00274341],[0.020602,-0.0398066,-0.135263,-0.0339056,0.12574,0.0439899,0.00876945,-0.0032727,0.0163634,0.10696,-0.183599,0.00859168,0.0132567,-0.0719448,0.146709,0.10942,0.00480225],[-0.0320209,0.01194,-0.101777,-0.0069976,-0.063583,-0.0580445,0.060667,0.00230175,0.0234667,-0.0976329,-0.084209,0.0270161,0.026504,-0.166407,-0.046663,0.314203,0.0182038],[-0.422474,0.107249,-1.23161,0.240542,-0.435751,0.136747,0.195141,-0.0496324,0.0621501,0.314177,-0.774798,-0.102504,-0.0492158,-0.464464,0.103889,-0.211351,-0.176712],[-0.0422844,-0.115076,-0.203325,-0.0317384,-0.171338,-0.274404,0.0219494,0.0226542,-0.0463945,0.127055,-0.286653,-0.00968788,-0.0268319,0.298271,0.0939478,-0.161989,-0.00443166],[-0.0444562,-0.057301,-0.0281155,-0.0404018,-0.0783343,-0.0792269,-0.0507201,0.0150639,-0.0349514,0.227658,0.163828,-0.00269482,-0.0116393,0.239724,0.0172654,-0.119208,0.00582473],[-0.0223774,-0.017854,-0.0476869,-0.040013,-0.0262941,-0.0685984,0.0197905,0.00167699,0.00354942,0.00168072,-0.00251817,-0.00315457,-0.00362268,-0.0150368,-0.0154837,0.0223027,0.00116132],[-0.0156926,0.038337,0.293399,-0.0840131,-0.0342302,-0.0249836,0.0383884,0.00588198,0.0637323,-0.0315962,0.362583,0.0115725,0.0118195,0.124109,0.00464941,0.16626,-0.0127234],[0.0447082,0.0170578,0.39917,0.0515101,0.0779084,0.0971494,-0.0782187,0.00734888,-0.0225077,-0.0163432,0.116532,-0.00702153,-0.00346433,0.122952,-0.0467643,-0.0251714,-0.00428795],[0.0152593,0.0330357,-0.0194181,0.0131177,-0.0187555,0.0894361,-0.0323061,-0.00966485,-0.00137828,-0.0586014,0.230856,-0.00664837,-0.000941073,-0.130308,-0.0291068,0.0485435,0.00564334],[-0.00327096,0.0279885,-0.0479423,-0.0667343,0.020481,0.0375921,-0.0103568,0.00539098,0.0251191,-0.197093,0.271529,0.00596881,0.000129411,0.140339,0.003348,0.101499,-0.0127612],[0.120233,-0.0407023,1.01262,0.0136217,0.053617,0.223097,-0.245209,-0.0468772,-0.0892754,-0.222163,-1.3934,0.0509958,0.0168549,0.176167,-0.0966601,-0.261895,-0.0030361],[0.0560917,0.0448228,-0.100082,-0.142135,0.197352,0.220628,-0.15804,0.0381215,-0.0430086,-0.312936,-0.484032,0.0253472,0.0344742,-0.0848745,0.100401,-0.0846595,0.0302268],[-0.00549063,-0.0109153,-0.0587442,-0.00501324,-0.0144562,-0.0836911,0.00941039,-0.0061091,-0.00633764,0.0930602,-0.225359,-0.00176371,0.00106273,0.0505834,0.0549038,-0.0133424,-0.00799339],[-0.00287768,0.00115721,-0.014942,0.00895067,-0.00563427,0.00080954,-0.000233137,-0.00208254,-0.00279378,0.0219247,-0.0619442,-0.00103507,0.000249238,-0.00810308,0.00483565,0.0029959,-0.000381568],[0.09708,-0.115938,0.334926,0.0264598,-0.375862,-0.385558,-0.0721223,0.0221218,-0.0355373,0.381625,1.15754,0.0336062,0.0272601,0.476668,0.125646,-0.115011,-0.0487936],[-0.00799754,-0.146094,-0.0280653,-0.0533146,-0.00518347,0.0340258,0.193026,0.101211,-0.0744667,0.237903,2.50258,0.0437999,0.019152,0.358967,0.00170556,0.262628,-0.0222424],[-0.0299305,-0.0271521,-0.0707663,-0.016723,-0.0197239,-0.0312129,0.0227423,0.00601003,0.00521086,-0.0213827,-0.161568,0.000124647,-0.00149009,0.00084157,-0.0592801,-0.00270007,0.00118107],[-0.0130495,-0.00350435,0.0188616,0.0290527,0.0399336,0.0686626,-0.00144993,-0.00715785,0.00360932,-0.0171468,0.102086,0.00722308,0.0133348,-0.241686,0.0185876,0.00694429,0.00555111],[-0.0107052,-0.0475326,-0.177242,0.0316403,0.0198933,-0.0113434,0.0548614,0.00514427,0.00692332,0.0210835,0.0405955,0.0125613,0.00258328,0.152214,-0.0311204,-0.0418189,0.00836891],[-0.103455,-0.144042,-0.549065,0.309832,-0.195895,0.39763,-0.211821,-0.00174617,-0.00251887,0.255678,-3.52139,0.0221834,0.0489035,-0.348042,-0.335068,-0.530089,-0.107759]],"sigmahat":[[0.327606,0.232487,0.843469,0.11207,0.239562,0.280242,-0.145866,-0.0556085,-0.0170312,0.0534972,0.625506,0.0262146,0.0128158,0.0872729,0.542298,-0.0974549,0.00356662],[0.232487,0.796117,-0.0857695,0.0329714,-0.177299,0.140591,-0.227872,-0.0428801,-0.0488023,0.369642,-0.0698673,-0.0211336,-0.0350696,0.0982297,0.779386,-0.136511,0.00941103],[0.843469,-0.0857695,12.6632,0.595277,1.67143,2.16685,-0.112719,-0.178543,-0.00932198,0.445998,9.51189,0.137567,0.048981,3.22598,1.64523,0.00315759,-0.0762407],[0.11207,0.0329714,0.595277,0.391882,0.257222,0.376525,-0.0661015,-0.0343569,-0.0683221,0.0939993,-0.183034,-0.0206957,-0.0169538,0.191258,0.191457,-0.13697,0.00456148],[0.239562,-0.177299,1.67143,0.257222,1.89368,1.54481,0.00514762,-0.0388507,0.021631,-0.477913,0.534043,0.0533841,0.0594296,0.24781,0.298834,0.192078,0.0207537],[0.280242,0.140591,2.16685,0.376525,1.54481,2.50683,-0.0342779,-0.0664583,0.0306135,-0.282202,3.68166,0.0457638,0.0308531,0.989918,0.505848,0.27115,0.023905],[-0.145866,-0.227872,-0.112719,-0.0661015,0.00514762,-0.0342779,0.661501,0.0621833,0.133274,-0.420883,2.98592,0.0657245,0.0320433,0.573276,-0.238867,0.869158,0.00993624],[-0.0556085,-0.0428801,-0.178543,-0.0343569,-0.0388507,-0.0664583,0.0621833,0.0647729,0.00565286,-0.0561073,-0.245778,-0.00815536,-0.0028152,0.0483621,-0.157081,0.0657926,-0.000885049],[-0.0170312,-0.0488023,-0.00932198,-0.0683221,0.021631,0.0306135,0.133274,0.00565286,0.149504,-0.276581,1.47706,0.0499877,0.0505045,-0.188614,-0.0853595,0.348474,0.00744763],[0.0534972,0.369642,0.445998,0.0939993,-0.477913,-0.282202,-0.420883,-0.0561073,-0.276581,3.27158,-0.651276,-0.0104487,-0.0376625,0.957839,0.880871,-0.492891,0.00519435],[0.625506,-0.0698673,9.51189,-0.183034,0.534043,3.68166,2.98592,-0.245778,1.47706,-0.651276,84.1109,1.10491,0.493245,13.1665,1.09919,9.10612,0.0904905],[0.0262146,-0.0211336,0.137567,-0.0206957,0.0533841,0.0457638,0.0657245,-0.00815536,0.0499877,-0.0104487,1.10491,0.0698817,0.0514876,0.151662,0.0347672,0.160895,0.00942093],[0.0128158,-0.0350696,0.048981,-0.0169538,0.0594296,0.0308531,0.0320433,-0.0028152,0.0505045,-0.0376625,0.493245,0.0514876,0.0553553,-0.137093,-0.00765511,0.130116,0.00785419],[0.0872729,0.0982297,3.22598,0.191258,0.24781,0.989918,0.573276,0.0483621,-0.188614,0.957839,13.1665,0.151662,-0.137093,9.70467,0.532167,0.781425,0.0043703],[0.542298,0.779386,1.64523,0.191457,0.298834,0.505848,-0.238867,-0.157081,-0.0853595,0.880871,1.09919,0.0347672,-0.00765511,0.532167,2.43566,-0.314513,0.00682699],[-0.0974549,-0.136511,0.00315759,-0.13697,0.192078,0.27115,0.869158,0.0657926,0.348474,-0.492891,9.10612,0.160895,0.130116,0.781425,-0.314513,3.8323,0.0157858],[0.00356662,0.00941103,-0.0762407,0.00456148,0.0207537,0.023905,0.00993624,-0.000885049,0.00744763,0.00519435,0.0904905,0.00942093,0.00785419,0.0043703,0.00682699,0.0157858,0.0172669]],"n":17,"lags":3}