{"betahat":[[0.75412,1.29627,5.1987,-0.489176,0.121041,0.266147,0.0218891,-0.115462,-0.597111,1.00925,10.1691,0.0153754,-0.211072,4.84386,2.26153,-0.0603641,-0.260334],[0.975891,0.223319,0.962612,-0.0112494,0.212272,0.590195,-0.00558531,-0.0277165,0.0874737,0.387155,2.27856,0.00256497,0.0301135,-0.0256179,-0.0416663,0.394015,0.0170154],[0.0484742,0.985369,-0.42306,-0.111607,0.000315567,-0.187529,0.0701592,-0.0384173,0.0447849,-0.404437,-0.208787,-0.000880756,-3.64038e-05,-0.397855,-0.0588651,0.0399639,-0.0134898],[0.00500727,0.017003,0.901372,0.0419533,-0.110433,-0.0836727,-0.0426516,-0.000123302,-0.00464249,-0.0102164,-0.759229,-0.000117753,0.00997094,-0.154543,-0.0123469,-0.133624,0.000889024],[0.0932318,0.0292777,-0.0371194,1.10932,-0.0823334,-0.147057,-0.0269499,0.00294277,-0.0747557,0.0224528,1.06903,-0.0117122,-0.0292019,0.279092,-0.113578,0.122009,-0.0116764],[0.00493881,0.0375493,-0.156963,-0.00970305,0.76179,-0.0546901,0.082869,-0.0107703,0.0183932,0.120291,0.367526,0.0195796,0.0158492,0.114387,0.0733444,0.198825,0.000715574],[-0.00532582,-0.0130001,0.000699115,0.0422884,0.121658,0.921394,0.00849725,0.00800394,0.0104349,-0.179101,-0.216752,0.00670661,0.00161,0.184051,0.00440321,-0.0269012,-0.0130914],[-0.00711491,-0.0452361,0.0203778,0.114574,-0.0205012,0.0105985,1.09467,0.0110621,-0.0274265,0.225063,-0.24836,-0.00520296,0.0143865,-0.430504,-0.0333749,0.0977429,0.0230511],[-0.00237776,0.0504615,-0.441969,-0.313478,0.10855,-0.0948845,0.312272,0.999662,0.113603,-0.826314,1.56079,-0.0464501,0.0256083,0.640887,0.846298,0.66568,-0.0376774],[-0.105185,-0.20981,0.176922,0.20019,0.162815,0.13802,0.603599,0.0127988,1.09603,0.0795946,3.10774,-0.0344826,-0.0406414,0.605893,0.0240882,1.20832,0.00561702],[0.00475711,0.0126312,-0.0156655,0.0698853,-0.0190299,-0.0805606,-0.049203,0.000249896,-0.00677387,0.907458,-0.054416,-0.00345602,-0.00494091,-0.133221,-0.123932,0.0799654,-0.000210609],[-0.00199092,-0.000774805,-0.0137369,-0.0190996,-0.00255466,-0.00983277,-0.0102872,0.003715,0.00404922,-0.0331206,1.04311,0.000668019,-0.000625944,-0.0147969,-0.0228601,-0.00940541,-7.30001e-06],[-0.270566,-0.280714,1.10855,0.373637,0.803133,0.965195,0.316545,0.0516308,-0.372478,0.696591,-3.51343,0.906714,-0.0695897,0.26362,-0.0707569,-0.483477,0.0374545],[0.150271,-0.145132,0.369914,-0.0247166,-0.0836942,-0.378172,-0.0450131,-0.191489,0.0310735,0.187799,-6.90352,0.0521148,1.09707,-2.00066,0.308033,-0.667767,0.043219],[0.0204408,0.0514567,0.148433,0.0242856,0.0181004,0.00804435,0.000109027,-0.0176037,-0.0085738,0.159719,0.258345,0.0145883,0.0061673,1.06941,0.118322,0.0893025,0.00285219],[0.0458948,0.0311118,-0.025555,0.0454129,0.0790049,0.115596,-0.0033151,0.0120617,0.0119697,-0.029552,0.552343,-0.00814765,-0.0103829,0.00767943,0.389665,0.0369515,0.00540328],[0.0187663,0.0660421,0.0382339,-0.0175003,0.0355975,0.0971192,0.0625226,0.0137228,0.0452036,-0.166557,-0.312344,0.00165829,0.0128164,-0.237614,0.0795472,0.145733,0.000329539],[0.423899,0.345551,1.28298,-0.783789,0.13435,-1.00397,-0.217293,0.0596551,-0.0280172,-0.572278,4.02423,0.108772,0.0352748,1.17082,0.205807,0.879683,1.22012],[0.0604576,-0.0911164,-0.737369,0.0410075,-0.0605473,-0.297732,-0.0195613,0.00303343,-0.0407199,-0.507143,-1.8398,0.00565522,-0.00691693,-0.209843,-0.0422627,-0.225329,-0.0113171],[-0.00388841,0.0560748,0.46559,0.161138,0.0848224,0.252098,-0.0187718,0.0180705,-0.0182779,0.16108,-0.109464,-0.00264606,0.00626861,0.112476,0.0735706,0.0516743,0.00554459],[0.0195408,0.00359688,0.156211,0.00155663,0.139754,0.159472,0.021833,-0.00209914,0.000639185,0.00767938,0.782486,0.00380133,-0.0061502,0.177342,0.0316504,0.110141,-0.00225467],[-0.0729258,-0.067654,-0.286178,-0.0229047,0.12093,0.162841,-0.0238899,-0.0125755,0.00777994,-0.0095853,-1.53248,-0.00183373,0.0169633,-0.432561,0.107138,-0.295773,0.0229102],[-0.052359,-0.0524052,-0.258596,-0.0470681,0.145676,-0.0655885,0.00520203,0.00195406,0.00748552,-0.118449,-0.411654,-0.00823296,-0.0101467,-0.219216,-0.0131001,-0.149455,0.00260301],[-0.011631,-0.0177382,0.0174756,-0.057682,-0.111031,-0.0246303,0.0199433,0.00143679,-0.00802729,0.256121,-0.0562098,0.00219408,0.00173616,-0.067077,0.0288072,-0.0193173,0.0060153],[0.0101707,0.00701575,0.0465306,-0.0505076,0.00460946,-0.0501284,-0.104214,-0.0207422,-0.00335935,-0.012588,-0.043528,-0.00121943,-0.0142688,0.286271,0.0339412,-0.20266,-0.0119108],[-0.0934692,-0.00785686,-0.458666,0.281736,-0.0683449,-0.096843,-0.144672,0.00777093,-0.00709518,0.878342,-0.106549,-0.0263661,-0.0443735,-1.07382,-0.701646,-0.362365,0.0358446],[0.00116507,0.0396851,-0.098221,0.00282012,-0.325472,-0.363869,-0.335271,-0.060476,-0.0947147,0.403059,-2.34855,0.0155678,-0.00304728,-0.278296,-0.181004,-0.948656,-0.0336818],[-0.00188065,-0.00373478,0.0735099,-0.0673735,0.0256253,0.162448,0.0450245,0.00564229,0.0150064,-0.0143696,0.32199,0.00564022,0.00369383,0.0825646,0.0694225,-0.0517784,0.00744926],[0.0047008,-0.000940947,0.023479,0.00936052,0.00748617,0.00799827,0.0105329,-0.0014656,-0.000667165,0.00649182,0.00906096,0.00055214,0.000639832,0.0214418,0.0147739,0.00870978,0.000528311],[0.234853,0.29424,-1.07055,-0.286117,-0.223672,-0.279138,-0.379337,-0.0361844,0.340578,-1.05361,0.180926,-0.056467,-0.0261519,-1.11333,-0.00659699,0.12184,0.0247351],[-0.140974,0.327963,-0.69847,0.0633812,0.129998,0.311989,-0.214108,0.0896675,-0.0110868,-0.311087,3.71177,-0.131864,-0.161371,1.50307,-0.24413,0.166317,-0.0164272],[0.0107998,-0.0226362,-0.0772165,-0.00649753,0.000292868,0.0216782,-0.0224508,0.0111235,0.00328051,-0.133097,-0.0973024,-0.0144875,-0.0046064,-0.0697912,-0.0552034,-0.085911,-0.00364],[0.0246528,-0.045112,-0.136879,-0.032918,0.156404,0.0674875,0.0130943,-0.00189552,0.0210788,0.116515,-0.128409,0.0122129,0.0178824,-0.0852015,0.11385,0.14269,0.00595606],[-0.0321729,0.0214433,-0.112198,-0.0118654,-0.0660987,-0.0520565,0.062478,0.00351647,0.0263568,-0.114842,-0.187678,0.0262177,0.0264884,-0.198404,-0.0374349,0.274517,0.0196412],[-0.460959,0.0198648,-1.13549,0.278426,-0.46382,0.122713,0.291439,-0.061934,0.0792234,0.252262,0.666289,-0.0857877,-0.0349498,-0.275743,-0.011194,-0.159724,-0.18491],[-0.0363463,-0.132235,-0.225285,-0.0296907,-0.151638,-0.292441,0.0252384,0.0246884,-0.0467059,0.119861,-0.438188,-0.00820166,-0.0231865,0.235602,0.0839419,-0.168431,-0.00570016],[-0.0446532,-0.0415107,-0.0429,-0.0495657,-0.0852348,-0.0646414,-0.0512517,0.020384,-0.0264185,0.243302,0.318861,0.00354943,-0.00621054,0.285497,-0.0148408,-0.0912978,0.00796531],[-0.0246773,-0.0206235,-0.0589737,-0.0434637,-0.0292276,-0.0756864,0.0209597,0.00227805,0.00404062,0.00237497,-0.0244256,-0.00368755,-0.00380372,-0.0231535,-0.0196929,0.023846,0.00138757],[-0.0203514,0.0383708,0.323038,-0.0864083,-0.038692,-0.0157568,0.0509413,0.00964286,0.0670652,-0.0129473,0.465024,0.0135668,0.0122507,0.153783,0.00640079,0.173957,-0.0112173],[0.0474118,0.0149077,0.415187,0.0567768,0.0923516,0.120158,-0.0879381,0.00883535,-0.0258312,-0.00189112,0.0456719,-0.0113234,-0.00569068,0.105147,-0.060267,-0.0489785,-0.00329714],[0.0169095,0.0307303,-0.0185927,0.0154124,-0.0108196,0.103094,-0.0283057,-0.00942782,-0.00235698,-0.0770418,0.274059,-0.00886916,-0.00333554,-0.116552,-0.0332952,0.0465014,0.00709743],[-0.00287339,0.0384496,-0.0663963,-0.0637303,0.0159222,0.0397942,0.00965266,0.00955806,0.0310667,-0.211954,0.295817,0.00667258,7.86237e-05,0.145902,-0.000324816,0.105908,-0.0110345],[0.113321,-0.0677152,0.956712,0.00429547,0.0345556,0.222725,-0.246673,-0.0363424,-0.0967959,-0.189201,-1.62063,0.0576387,0.018195,0.239104,-0.10995,-0.371359,-0.00403295],[0.0474301,0.0260487,-0.185512,-0.149508,0.222244,0.228473,-0.118117,0.0517923,-0.0282513,-0.349926,-0.399052,0.0364034,0.0453308,-0.117424,0.0839247,-0.0520266,0.0371685],[-0.00286942,-0.00918858,-0.0573658,-0.00266862,-0.00650188,-0.082141,0.00405845,-0.00584368,-0.00830636,0.105467,-0.267908,-0.00225574,0.00116367,0.0498429,0.053894,-0.0288352,-0.00727357],[-0.00300927,0.000409183,-0.0102627,0.00999397,-0.00409706,0.00186703,0.000282382,-0.00202709,-0.00324011,0.0230173,-0.0712776,-0.00139516,7.63948e-05,-0.00972159,0.00512367,0.00197121,-0.000466828],[0.112204,-0.1084,0.229777,0.0520941,-0.447637,-0.431344,-0.0834014,0.0360256,-0.0559939,0.436603,0.610281,0.0191807,0.0109131,0.428236,0.132296,-0.25764,-0.0434386],[-0.0200726,-0.172267,0.109289,-0.0302365,-0.0062551,0.0956813,0.181831,0.0923067,-0.0806114,0.25152,2.47407,0.0364691,0.0149092,0.377558,-0.0175345,0.133878,-0.0261108],[-0.0308292,-0.0279777,-0.0712127,-0.0173853,-0.018339,-0.0292441,0.0225591,0.00633768,0.00595342,-0.0263281,-0.161078,0.000138793,-0.00125563,1.32501e-05,-0.0625319,-0.00127284,0.000913588],[-0.0109424,-0.000920238,0.0214352,0.028766,0.0427757,0.0725955,-0.0041646,-0.00921669,0.00644749,-0.0143685,0.139049,0.00957414,0.0163654,-0.264593,0.00407837,0.011904,0.00656262],[-0.00967117,-0.0470916,-0.194005,0.0303012,0.0138143,-0.0168533,0.0592124,0.00546642,0.00980788,0.0100266,0.0451772,0.0148209,0.00383532,0.153627,-0.0289565,-0.0625861,0.00872807],[-0.114917,-0.100609,-0.73974,0.269192,-0.278212,0.33841,-0.214106,0.0134421,-0.000313274,0.28014,-4.17857,0.0427354,0.061924,-0.33299,-0.309712,-0.554169,-0.110284]],"sigmahat":[[0.314827,0.219757,0.814657,0.11263,0.239092,0.267736,-0.133129,-0.0535488,-0.0193498,0.0505287,0.596855,0.0265463,0.013413,0.0923157,0.530909,-0.0887933,0.00278531],[0.219757,0.755391,-0.117424,0.04366,-0.149725,0.145972,-0.210513,-0.041388,-0.0591859,0.35853,-0.206036,-0.0272493,-0.0395469,0.0813181,0.752003,-0.145783,0.0102606],[0.814657,-0.117424,12.4333,0.602543,1.6764,2.12696,-0.0860967,-0.173168,-0.00826139,0.431015,9.21287,0.15052,0.0625014,3.2051,1.5484,-0.0271038,-0.0708859],[0.11263,0.04366,0.602543,0.377742,0.257367,0.379374,-0.0706218,-0.036566,-0.063986,0.0767729,-0.0923748,-0.0177586,-0.0148277,0.218573,0.203745,-0.134985,0.00394781],[0.239092,-0.149725,1.6764,0.257367,1.81304,1.4716,0.00574796,-0.0344159,0.0258798,-0.462949,0.519808,0.0584886,0.0627236,0.303637,0.323938,0.194812,0.0176273],[0.267736,0.145972,2.12696,0.379374,1.4716,2.43057,-0.0230648,-0.0673021,0.0326442,-0.262295,3.7642,0.0481416,0.0311589,1.06988,0.530802,0.275623,0.0220178],[-0.133129,-0.210513,-0.0860967,-0.0706218,0.00574796,-0.0230648,0.615767,0.0557473,0.127985,-0.415065,2.96785,0.0557224,0.0250809,0.531981,-0.216562,0.838809,0.00657082],[-0.0535488,-0.041388,-0.173168,-0.036566,-0.0344159,-0.0673021,0.0557473,0.0616892,0.00644768,-0.0576445,-0.230021,-0.00791202,-0.00220167,0.0390658,-0.155734,0.0644371,-0.00112696],[-0.0193498,-0.0591859,-0.00826139,-0.063986,0.0258798,0.0326442,0.127985,0.00644768,0.142438,-0.257515,1.44226,0.0458097,0.0466762,-0.198058,-0.0850872,0.341097,0.00698798],[0.0505287,0.35853,0.431015,0.0767729,-0.462949,-0.262295,-0.415065,-0.0576445,-0.257515,3.08662,-0.87668,-0.00989748,-0.0311901,0.850065,0.832459,-0.52384,0.00405376],[0.596855,-0.206036,9.21287,-0.0923748,0.519808,3.7642,2.96785,-0.230021,1.44226,-0.87668,83.1897,1.0171,0.446849,12.6466,1.0483,8.6822,0.0935605],[0.0265463,-0.0272493,0.15052,-0.0177586,0.0584886,0.0481416,0.0557224,-0.00791202,0.0458097,-0.00989748,1.0171,0.0638268,0.0474315,0.12089,0.0333862,0.142959,0.0084552],[0.013413,-0.0395469,0.0625014,-0.0148277,0.0627236,0.0311589,0.0250809,-0.00220167,0.0466762,-0.0311901,0.446849,0.0474315,0.0519885,-0.149305,-0.00608931,0.118335,0.00710098],[0.0923157,0.0813181,3.2051,0.218573,0.303637,1.06988,0.531981,0.0390658,-0.198058,0.850065,12.6466,0.12089,-0.149305,9.41181,0.451631,0.598007,0.00827006],[0.530909,0.752003,1.5484,0.203745,0.323938,0.530802,-0.216562,-0.155734,-0.0850872,0.832459,1.0483,0.0333862,-0.00608931,0.451631,2.30699,-0.257029,0.00751481],[-0.0887933,-0.145783,-0.0271038,-0.134985,0.194812,0.275623,0.838809,0.0644371,0.341097,-0.52384,8.6822,0.142959,0.118335,0.598007,-0.257029,3.54178,0.0143467],[0.00278531,0.0102606,-0.0708859,0.00394781,0.0176273,0.0220178,0.00657082,-0.00112696,0.00698798,0.00405376,0.0935605,0.0084552,0.00710098,0.00827006,0.00751481,0.0143467,0.0159047]],"n":17,"lags":3}