{"betahat":[[0.493235,-0.115381,6.61292,-0.750723,0.512128,-1.33221,-0.330352,-0.266419,-1.11684,0.660995,-1.17931,1.60017,13.1659,0.35222,0.00970616,5.3558,3.9567,-1.84783,-0.236912],[0.836261,0.13949,0.927094,-0.0556781,0.201959,0.684986,0.0677763,0.0310703,0.16346,0.342411,0.0646284,0.456728,4.99663,0.0151671,0.0359711,0.318777,-0.523841,0.720713,0.0412719],[-0.00403724,0.864326,-0.704966,-0.151228,-0.101146,-0.330605,0.150718,-0.00870663,0.0721716,-0.491263,-0.0083304,0.252072,0.51262,0.00186768,-0.00462971,-0.312538,-0.310241,0.175255,-0.00576204],[0.00544738,0.00651147,0.876945,0.0546935,-0.125446,-0.11138,-0.0495956,0.000651846,-0.0074438,-0.00395761,-0.0137869,0.0200729,-0.714442,0.00270621,0.00995609,-0.14516,0.0367262,-0.146552,0.000896791],[0.0835149,0.032809,-0.237026,1.06216,-0.0229443,-0.122297,0.0291483,0.00471789,-0.0684162,-0.0253352,0.0449837,0.248175,1.56798,-0.0213567,-0.0357072,0.517211,-0.0303496,0.266787,-0.00719348],[-0.0291768,-0.0335983,-0.302037,0.0319743,0.739691,-0.0280126,0.0860195,-0.00871679,0.0125701,0.168114,0.0307299,0.013137,0.581616,0.0208654,0.0137583,0.177232,0.132624,0.22259,0.00375214],[-0.0051638,-0.0170062,0.0642623,0.0517668,0.157318,0.911279,-0.00518864,0.0116971,0.00527524,-0.199594,-0.00336149,-0.0367608,-0.0594569,0.010958,0.00104603,0.230311,-0.0222935,-0.049637,-0.0129906],[-0.053221,-0.103121,0.00789309,0.103481,-0.0236486,0.0844297,1.0502,0.0386759,-0.0284523,0.038653,-0.0111202,-0.59158,-1.26964,-0.0483596,0.00316074,-0.777306,-0.488307,0.115511,0.00971003],[-0.0304108,-0.0150865,-0.688528,-0.431487,0.120631,-0.216053,0.268565,0.950003,0.105037,-0.872922,-0.227021,-0.146197,-1.36163,-0.0719346,0.0405111,0.120502,0.588143,0.55664,-0.089917],[-0.069647,-0.256564,0.205661,0.357163,0.53846,0.448685,0.559373,-0.000731784,1.09516,0.041307,0.371105,0.0179799,6.09453,-0.0479621,-0.0699273,1.24709,0.567629,1.5622,0.0132578],[0.0298172,0.0576087,0.0220599,0.101885,-0.0214783,-0.0690509,-0.0687825,0.000904309,-0.0060392,0.91476,0.0214637,0.0687129,0.346321,-0.0010128,-0.0103564,-0.0320608,-0.0455534,0.0810815,0.00600195],[-0.178923,-0.181985,-1.00514,-0.144436,-0.287753,-0.356855,0.435316,0.0846477,0.127885,0.00971779,1.09212,-0.648197,1.06922,0.142476,0.103267,-0.0568478,-0.171844,0.460424,0.0675021],[0.0216341,0.0322775,-0.00962722,0.00668351,0.0732695,0.0308989,0.0515296,0.00589503,0.0438276,-0.0529675,0.0451849,0.915635,-0.343113,0.0186513,0.0335299,-0.335619,0.113482,0.258548,-0.00252739],[0.00303243,0.00580979,-0.0132481,-0.0210077,-0.00433522,-0.0101716,-0.00807007,0.00284052,0.00475991,-0.0309055,0.00265507,-0.03155,0.953385,0.000956677,0.000379988,-0.0140771,-0.0082683,-0.0128083,0.001186],[-0.115162,-0.069176,1.4352,0.365681,1.0105,1.23595,0.395719,0.0485193,-0.360606,0.348729,-0.154781,0.995128,-3.64757,0.919047,-0.0359535,0.0230058,0.375484,-0.373728,0.0672212],[0.174221,-0.186322,0.584871,-0.100111,-0.247948,-0.633674,-0.158758,-0.237791,0.0175788,0.500818,0.0936812,0.665698,-9.32307,0.0204191,1.08265,-2.7086,0.328192,-0.748402,0.00158584],[-0.00870109,-0.00535233,0.0949607,0.0255964,0.0320579,-0.00659368,0.0229559,-0.010641,-0.00379992,0.147096,-0.015963,-0.00142607,0.0506047,0.0175279,0.0122629,1.01003,0.066779,0.113095,0.00123867],[0.11065,0.17124,0.278267,-0.0187256,-0.00815528,0.108868,0.0217905,-0.0266982,0.0101694,0.131248,-0.0283567,0.164488,1.54413,0.0116304,-0.00844681,0.40816,0.794262,0.0372814,0.00176937],[0.00969568,0.0550682,0.115465,-0.0294234,0.0253928,0.0791891,0.0443668,0.00810426,0.0475729,-0.148612,0.12771,0.0816453,-0.164361,0.00859014,0.0184516,-0.268355,-0.0112837,0.0747811,0.00148816],[0.558924,0.229233,1.43764,-0.423038,0.512868,-0.691428,-0.292705,0.0599444,0.0310886,-0.694676,-0.603251,1.29023,1.17653,0.10308,0.082066,-0.262902,2.33584,0.798602,1.15759],[0.149176,0.0032594,-0.830886,0.0158961,-0.0415009,-0.305778,-0.106173,-0.0364065,-0.0931067,-0.57725,-0.083935,-0.182555,-4.21971,-0.0235954,-0.0203279,-0.449139,0.113841,-0.499313,-0.0310407],[0.0399909,0.145128,0.594501,0.189608,0.201532,0.393516,-0.0680691,0.000123849,-0.0290344,0.203675,0.0142687,-0.19942,-0.259747,-0.002122,0.00510726,0.19457,0.362499,-0.00643771,0.00960959],[0.0149034,-0.00576857,0.193737,0.0010684,0.172122,0.2101,0.028758,-0.000769295,0.00231041,0.00573234,-0.00353157,-0.0657182,0.965531,0.00661546,-0.00431819,0.236309,-0.0168055,0.123081,-0.00082999],[-0.0651382,-0.0556185,-0.150048,0.0576491,0.033503,0.130922,-0.109883,-0.0272716,-0.0132219,5.81708e-05,0.00476714,-0.0662386,-3.01815,-0.0160602,0.0185651,-0.880066,0.124909,-0.542991,0.0094502],[-0.058544,-0.0240581,-0.290516,-0.107672,0.149895,-0.0982459,0.0328702,0.00125831,0.0220698,-0.201321,0.0176917,-0.186642,-0.335558,-0.0104599,-0.0120718,-0.228426,-0.142884,-0.160729,0.00308984],[-0.0130071,-0.00532355,0.00333958,-0.0820931,-0.1583,-0.0440164,0.0379855,0.00664598,-0.00189689,0.297332,0.0196526,0.0542642,-0.124682,0.00226661,0.00361015,-0.0401613,0.0157219,0.00255979,0.00800639],[0.0633881,0.0478675,0.155437,-0.0385486,0.0565171,-0.0692834,-0.073241,-0.0433282,0.0122725,0.137758,0.0265855,0.522346,1.14995,0.0365711,-0.00257252,0.612383,0.435937,-0.173257,0.000976547],[-0.104137,0.161743,-0.541109,0.400169,-0.23813,-0.169926,-0.0439217,0.0728685,0.0396709,1.0375,0.254022,0.622984,3.27945,-0.0107715,-0.0697592,-0.87722,-0.921591,-0.271884,0.0799144],[0.0228282,0.0388866,-0.0254756,0.062365,-0.444664,-0.415057,-0.347828,-0.0764068,-0.0956008,0.563104,-0.163967,0.239502,-2.44694,0.0418197,0.00987826,-0.383493,0.265891,-1.11928,-0.0512051],[-0.0230362,-0.0418033,0.0821019,-0.0792338,0.0369883,0.193693,0.0510895,0.00479547,0.0126644,-0.0211857,0.00715915,-0.0406253,0.0658122,0.00252982,0.00416997,0.00861649,0.0562461,-0.0736591,0.00550104],[0.0769656,0.13857,0.863147,0.0796994,0.0709171,-0.00767516,-0.235707,-0.0533565,-0.119366,0.332188,-0.175346,0.493642,0.259058,-0.0917693,-0.0813706,0.379443,0.0923578,-0.136579,-0.0289665],[-0.0244285,-0.0222865,-0.0422707,0.0167416,-0.0280677,0.0293776,-0.0546918,-0.00147534,-0.0580108,0.0367522,-0.0394153,0.0636542,0.372617,-0.0172017,-0.0363928,0.416404,0.000588218,-0.312587,0.00279283],[-0.00153912,-0.00726304,0.0196691,0.013932,0.00628179,0.00431917,0.0136118,0.000301933,-0.00114881,0.0102719,0.00176025,0.0268216,0.0590543,-0.000699571,-0.00043318,0.0122893,0.0236699,0.0205449,-0.00107603],[0.156233,0.20285,-1.31912,-0.251144,-0.423731,-0.511593,-0.421173,-0.0585258,0.353113,-0.817853,-0.0480307,-0.419894,0.0593434,-0.0783796,-0.0668336,-1.09154,-0.0582239,0.00894024,0.0152397],[-0.161738,0.414694,-0.938757,0.0913585,0.229852,0.432287,-0.365425,0.0819283,-0.0572962,-0.571963,-0.219723,-1.0564,4.63003,-0.158269,-0.208974,2.29055,-0.716503,-0.28398,0.00520922],[0.0286035,0.00550772,-0.0637508,-0.00863526,-0.00635281,0.0227466,-0.0248688,0.00942557,0.00562345,-0.11681,0.00927931,0.030148,0.165563,-0.0140511,-0.00677357,-0.0348855,-0.00277219,-0.0593277,-0.00223846],[-0.0128192,-0.0135138,-0.160969,0.0111184,-0.00397174,-0.106227,-0.0601397,-0.00132524,-0.0385997,0.0813705,-0.0104228,-0.177026,-2.33455,-0.0271627,-0.000348098,-0.394547,-0.0418006,-0.107455,-0.0130513],[-0.0227785,0.037963,-0.0215932,0.0068515,-0.048987,-0.0172719,0.00889197,-0.0041829,0.0098049,-0.162642,0.0723052,-0.244277,-0.532189,0.0155769,0.0201957,-0.214886,-0.0577777,0.177892,0.0137479],[-0.662748,0.0660782,-0.681462,0.0593014,-1.0684,-0.436326,0.461985,-0.05135,-0.0673144,0.653451,0.673052,-0.450698,1.5685,-0.179044,-0.171799,1.04446,-1.07513,-0.402004,-0.170996],[0.0145889,-0.142627,-0.0961119,0.0399519,-0.160424,-0.378902,0.0383715,0.00534105,-0.0703356,0.234969,0.0193575,-0.274103,-0.775688,0.00840004,-0.0156597,0.13068,0.409907,-0.221186,-0.0102218],[-0.0359629,-0.00937025,0.110483,-0.038351,-0.100317,-0.0627603,-0.082457,0.00861478,-0.0429847,0.287687,-0.00585222,-0.0525597,-0.250713,0.000257654,-0.000482167,0.118113,-0.0524178,-0.168189,-0.00384281],[-0.0203954,-0.000383597,-0.0733794,-0.0557298,-0.0467442,-0.0985875,0.0210315,0.00018756,0.00518515,-0.00226719,0.0173907,0.0455695,-0.254269,-0.00941197,-0.00567648,-0.0924509,-0.0207624,0.0239296,-5.62228e-05],[-0.0183185,0.0230023,0.386371,-0.119858,-0.0104142,-0.00833847,0.0807538,0.0225376,0.0816542,0.0251897,-0.0497403,-0.181675,1.44995,0.0374129,0.0171199,0.362887,-0.0946248,0.276015,-0.00224207],[0.0877071,0.0577294,0.592178,0.0756364,0.11001,0.126005,-0.118905,0.00747584,-0.0346216,0.0333946,-0.0483976,0.173513,-0.246768,-0.0103989,-0.00167815,0.0511497,0.00959872,-0.0618517,-0.00682854],[0.0181924,0.0225296,-0.0681406,0.0304167,0.000807657,0.132596,-0.032663,-0.0183243,-0.00335043,-0.09765,-0.0162424,-0.017536,0.183411,-0.0132622,-0.00468805,-0.189798,0.0065826,0.0472755,0.00500561],[-0.00967683,0.0554617,-0.161009,-0.0642015,-0.0322832,-0.0138018,0.022533,0.00424249,0.0164261,-0.174785,-0.0154841,0.0715164,0.12451,0.0120774,-0.000436775,0.168744,0.0532273,0.0579224,-0.010604],[0.131512,-0.193262,1.21262,-0.00230758,0.181599,0.39052,-0.276268,-0.0403496,-0.102577,-0.35883,-0.0239877,-0.623736,-2.08247,0.0706263,0.0401279,0.453555,0.332584,-0.265707,0.00537028],[0.00452097,0.0640559,-0.110849,-0.279493,0.0375605,0.0882894,-0.0747555,0.0854553,-0.0226472,-0.478133,-0.110113,-0.266782,-2.76971,0.0062746,0.0421679,-0.51252,-0.488644,-0.162501,0.0282329],[-0.0070144,-0.0157206,-0.103453,-0.0229821,-0.0163212,-0.125293,0.0176135,-0.00550464,-0.00692183,0.105517,-0.0287471,-0.0296972,-0.414753,-0.00168004,0.00607445,0.0223761,-0.0115392,-0.00853147,-0.0115494],[0.0723868,0.0241869,-0.24753,-0.00178281,0.246108,0.331902,-0.12693,-0.0194714,0.000466426,-0.359014,-0.00993811,-0.212495,0.0178354,0.00358082,0.00944815,-0.0204252,-0.0715082,-0.133486,-0.00528351],[0.00303512,-0.00931645,0.0486284,-0.0233161,-0.0450418,-0.0587399,0.00469722,-0.00395303,0.0153243,0.0156045,-0.00504387,0.0205822,-0.00531289,-0.00138835,0.00280221,-0.0775168,-0.115304,0.0585999,-0.000224391],[-0.00106127,0.00199494,-0.0046131,0.00712882,-0.00238591,0.00500963,-0.00522772,-0.00317656,-0.00406851,0.0169397,-0.00431396,0.00164768,-0.0625358,-0.000804123,-3.93246e-05,-0.0052596,-0.0198083,-0.00805054,-0.000165833],[0.0767601,-0.30799,0.279459,0.0242629,-0.374183,-0.445026,-0.0839551,0.0676389,-0.063367,0.461129,0.179611,-0.508942,1.11882,0.0603107,0.0576522,0.498117,-0.338054,-0.153215,-0.0378415],[-0.0614083,-0.233163,-0.0673676,-0.00471465,0.0705087,0.232244,0.427875,0.149905,-0.0059098,0.192613,0.0973129,0.276397,3.68139,0.0892853,0.0727244,0.109373,0.414471,0.669315,-0.00837551],[-0.0191281,0.000549322,-0.0298951,-0.0162004,-0.025301,-0.0150045,0.00170441,0.000732873,-0.00112733,-0.0287279,0.00692334,-0.023924,-0.214416,-0.00317424,-0.00518106,0.0253397,-0.06336,-0.0522706,0.00122249],[0.0113122,-0.0090854,0.0281807,-0.022966,0.0582939,0.0450065,-0.000573423,-0.0100384,0.0130209,-0.0388255,0.0150332,-0.0184822,0.216734,0.0128214,0.0125123,-0.238751,-0.12174,0.0669037,0.00463567],[0.0061838,-0.0265578,-0.191837,0.028604,0.0526387,0.0245027,0.061387,0.00614779,0.0228117,-0.0364353,0.0188338,0.107807,-0.249643,0.0103441,0.00622584,0.108622,-0.0554019,-0.0535911,0.00477557],[-0.159187,-0.0782575,-1.07139,0.155344,-0.364697,0.353319,-0.300901,0.023636,0.0746021,0.139217,-0.159392,0.0139318,-3.70373,0.0794622,0.106103,-0.375652,-1.21234,-0.513529,-0.0981894]],"sigmahat":[[0.163998,0.020579,0.481881,0.0555794,0.17545,0.132588,-0.0663397,-0.019979,-0.0115045,-0.0765706,-0.0192361,0.023121,0.440292,0.0225405,0.0077666,0.222433,0.0660795,-0.0833115,0.00108172],[0.020579,0.465073,-0.461973,-0.0971207,-0.300027,-0.10302,-0.144792,0.000943316,-0.0561396,0.0924687,-0.0695293,-0.0216996,-1.41873,-0.0483129,-0.0477105,-0.0017437,-0.426577,-0.258683,0.002813],[0.481881,-0.461973,10.5026,0.401867,1.36771,1.59864,0.0893227,-0.0970846,0.0182576,-0.0742019,-0.0689239,0.129255,8.22218,0.161082,0.063464,3.17337,0.540233,-0.0872496,-0.0643623],[0.0555794,-0.0971207,0.401867,0.390018,0.322627,0.36032,0.0146916,-0.0155636,-0.0438132,0.0394142,0.00404477,0.192914,0.929097,0.0050383,-0.00552576,0.416264,0.507136,0.0330984,0.0109741],[0.17545,-0.300027,1.36771,0.322627,1.73741,1.35131,0.0527375,-0.0260701,0.037371,-0.237079,0.0527864,0.370374,2.22395,0.099025,0.077046,0.584189,0.95658,0.301456,0.0338173],[0.132588,-0.10302,1.59864,0.36032,1.35131,2.03539,0.0570868,-0.0432033,0.0457607,-0.167185,0.0257587,0.376863,4.22228,0.0800835,0.0480872,1.09773,0.640087,0.362054,0.0287467],[-0.0663397,-0.144792,0.0893227,0.0146916,0.0527375,0.0570868,0.439774,0.0236328,0.0862219,-0.208393,0.096331,-0.0667509,2.86558,0.0453583,0.0180799,0.445292,0.296491,0.631185,-7.29511e-05],[-0.019979,0.000943316,-0.0970846,-0.0155636,-0.0260701,-0.0432033,0.0236328,0.0452484,0.000140595,0.0145525,0.00855102,-0.00741311,-0.192139,-0.00717668,-0.00160313,-0.0205412,-0.00368452,0.0369509,-0.0010339],[-0.0115045,-0.0561396,0.0182576,-0.0438132,0.037371,0.0457607,0.0862219,0.000140595,0.111464,-0.184947,0.048385,-0.0154309,1.16806,0.0352578,0.0367399,-0.167561,-0.0441015,0.231682,0.00139819],[-0.0765706,0.0924687,-0.0742019,0.0394142,-0.237079,-0.167185,-0.208393,0.0145525,-0.184947,2.25539,-0.143368,0.66939,0.0324578,-0.010073,-0.0338082,1.22714,0.557325,-0.135577,0.00407455],[-0.0192361,-0.0695293,-0.0689239,0.00404477,0.0527864,0.0257587,0.096331,0.00855102,0.048385,-0.143368,0.150142,-0.0588092,-0.0237939,0.00724104,0.0142278,-0.140481,0.0435523,0.0708255,0.00422205],[0.023121,-0.0216996,0.129255,0.192914,0.370374,0.376863,-0.0667509,-0.00741311,-0.0154309,0.66939,-0.0588092,2.48494,1.21169,0.0143172,0.0220587,0.192702,1.1105,-0.0230609,0.00392014],[0.440292,-1.41873,8.22218,0.929097,2.22395,4.22228,2.86558,-0.192139,1.16806,0.0324578,-0.0237939,1.21169,101.94,1.18255,0.28086,16.9918,5.63624,8.79966,0.0761484],[0.0225405,-0.0483129,0.161082,0.0050383,0.099025,0.0800835,0.0453583,-0.00717668,0.0352578,-0.010073,0.00724104,0.0143172,1.18255,0.0538351,0.036192,0.206765,0.10813,0.124908,0.00222298],[0.0077666,-0.0477105,0.063464,-0.00552576,0.077046,0.0480872,0.0180799,-0.00160313,0.0367399,-0.0338082,0.0142278,0.0220587,0.28086,0.036192,0.0427559,-0.113809,0.0154613,0.0773995,0.00184563],[0.222433,-0.0017437,3.17337,0.416264,0.584189,1.09773,0.445292,-0.0205412,-0.167561,1.22714,-0.140481,0.192702,16.9918,0.206765,-0.113809,9.08284,1.90431,0.907934,0.0266049],[0.0660795,-0.426577,0.540233,0.507136,0.95658,0.640087,0.296491,-0.00368452,-0.0441015,0.557325,0.0435523,1.1105,5.63624,0.10813,0.0154613,1.90431,3.16303,0.614573,0.0175082],[-0.0833115,-0.258683,-0.0872496,0.0330984,0.301456,0.362054,0.631185,0.0369509,0.231682,-0.135577,0.0708255,-0.0230609,8.79966,0.124908,0.0773995,0.907934,0.614573,2.67203,0.00540876],[0.00108172,0.002813,-0.0643623,0.0109741,0.0338173,0.0287467,-7.29511e-05,-0.0010339,0.00139819,0.00407455,0.00422205,0.00392014,0.0761484,0.00222298,0.00184563,0.0266049,0.0175082,0.00540876,0.0112971]],"n":19,"lags":3}