{"betahat":[[0.0473651,0.161955,-0.136637,0.0346252,0.0157567,0.0894657,0.0712822,-0.115892,-0.0246303,-0.686075,-0.032336,1.21224,-0.367035,-0.0134004,-0.0329931,2.83004,1.91677,0.016905,-0.0627683,-0.0421291,0.0277871],[0.136533,0.223566,0.272571,-0.0247099,0.247167,0.38828,-0.00717829,0.00259259,0.0745417,-0.239338,0.038819,0.233348,0.704202,-0.00928943,0.0173335,-0.78962,0.192804,0.0192188,-0.412908,0.287261,0.0123091],[0.0511264,0.161607,-0.348558,-0.0917513,0.0671624,0.0760241,0.0891318,0.0178354,0.032769,-0.491228,-0.0103529,0.135468,-0.473613,-0.0309773,-0.0188682,-0.412823,0.368284,-0.0150286,-0.214471,0.0322516,-0.0231405],[0.00953279,0.0139232,0.0736123,0.0292349,-0.00988238,-0.00392134,-0.020795,-0.00139148,0.00427055,0.0158665,0.00486566,-0.0120944,-0.076522,0.00429591,0.00690814,-0.0965277,-0.0263275,0.00196446,-0.0165527,-0.0422446,0.0037906],[0.0649606,0.0160243,-0.168577,0.154147,0.00966368,0.0189117,-0.0733152,0.00901273,-0.0508037,0.0749249,0.0023106,0.0812046,0.762274,0.00170222,-0.0118001,0.206428,0.161499,-0.00013485,-0.189046,0.0627734,0.0182951],[-0.0025973,-0.026955,0.112735,0.0303262,0.0170978,0.0473564,0.0402066,-0.00484918,0.015216,0.107737,0.0289758,-0.11398,0.232687,0.0155758,0.0132986,-0.0904047,-0.331456,0.0241941,0.00949642,0.0254676,0.00540003],[-0.0033462,-0.00288349,0.0326792,0.0195904,0.0513784,0.0436024,0.0290504,0.00597865,0.0143282,-0.0424066,0.0198119,0.0111886,-0.0950224,0.0106671,0.00820287,-0.131792,-0.0590122,0.0146099,0.0160011,-0.0207941,0.00152284],[-0.0727225,-0.132239,-0.0557993,0.0574396,-0.00955601,-0.0118379,0.196315,0.0133746,-0.010333,0.00590653,0.030858,-0.203482,-1.34054,-0.01281,-0.00378365,-0.173912,-0.288342,0.0388404,-0.00629847,-0.214667,0.0059492],[-0.0507049,-0.0292588,0.0133289,-0.041166,-0.0854982,-0.0930119,-0.0189115,0.714615,-0.0268023,0.819169,-0.0653517,-0.962072,5.41494,-0.0132666,-0.0231139,-3.31209,0.59078,-0.0160841,0.204624,0.299164,0.00591376],[-0.0336776,-0.0907228,0.0351873,0.0140121,0.0655902,0.0521025,0.0800612,0.00517629,0.0438521,-0.0868916,0.0818455,-0.29514,1.01003,0.00810877,0.0126363,-0.121313,0.12525,0.0724492,0.0417291,0.047651,0.0181295],[0.0045449,0.0040139,0.0135484,0.00515708,0.00382106,2.87033e-05,-0.0081957,0.00382608,-0.002666,0.11221,-0.00177152,-0.0306546,-0.0386614,0.00196861,0.000623316,-0.209701,-0.236187,-0.00201823,-0.00484204,-0.00853018,-6.23045e-05],[-0.0239215,-0.0475169,-0.0531431,0.0187417,-0.00252137,-0.0119724,0.0858403,0.00555457,0.0216874,-0.0378343,0.0732605,-0.356543,0.208724,0.0105783,0.0114886,-0.339397,0.0712094,0.0812724,-0.106131,0.0148243,0.02732],[0.00264736,0.0080702,-0.00514024,0.000863602,0.000985159,0.00367958,-0.00296192,0.0035419,-0.00152309,-0.00837921,-0.00551709,0.411609,0.0609518,-0.000865496,-0.0013905,0.000418767,0.206754,-0.00409115,0.00233911,0.0301673,-0.000391013],[0.000358767,-0.000193768,0.00464795,-0.000665575,0.000375103,0.000273971,-0.000458243,0.000521743,0.000564176,-0.00368927,0.000821062,-0.00613848,0.119873,0.00068617,0.000314294,0.00955043,0.0143391,0.000387313,-0.00129246,0.00439885,0.000676544],[-0.000101618,-0.0550434,0.355847,0.0281697,0.120002,0.124348,-0.00176469,-0.00427176,0.00875705,0.266678,0.0282761,-0.0284984,0.517289,0.0379688,0.0380849,-0.490985,-0.142043,0.0224405,-0.0529963,-0.0418609,0.0285883],[0.00998819,-0.0410116,0.263695,0.0435944,0.101191,0.106158,0.0220256,-0.0448329,0.0268372,0.119913,0.0649862,-0.39071,-1.00424,0.0112539,0.0361238,-0.497862,-0.420857,0.0528479,-0.0304404,-0.177042,0.0192333],[0.00120177,0.000489082,0.0166444,0.000359767,-0.003449,-0.00533902,-0.00619032,-0.00525813,-0.00143816,-0.0424646,-0.00493065,0.0215484,0.107439,0.000963593,0.000536675,0.230309,0.0949091,-0.00673137,0.00379131,-3.39505e-05,-0.0012451],[-0.00111915,0.000348159,-0.0104938,-0.000647619,-0.00411001,-0.000437376,0.000305261,0.000347801,0.002098,-0.112903,0.00380317,0.10309,0.164431,-0.000885925,-0.000187472,0.153293,0.337249,0.0044231,0.00428583,0.0225146,0.00586969],[-0.0352201,-0.0767168,-0.0822694,0.0184759,-0.0074651,-0.0635931,0.119495,0.00301189,0.0209938,0.102313,0.0776876,-0.284566,-0.0148509,0.00774292,0.0113134,-0.68549,-0.0138645,0.0908391,-0.0999257,0.0655925,0.0311379],[-0.00890986,-0.0345024,0.102851,0.00842803,0.0106753,0.00271782,-0.0458155,-0.00229773,-0.00537679,0.084771,-0.0229912,0.15597,1.06859,0.0176709,-0.00117824,0.360799,0.0802901,-0.0247352,0.15007,0.111767,0.00394892],[0.00430195,-0.00262611,0.0518161,-0.0111211,0.0250307,0.0206007,-0.011014,0.00671986,0.011546,-0.0517232,0.0221204,0.0919232,0.948959,0.00446588,0.00511599,-0.0858116,0.29871,0.0140332,0.0163864,0.0286851,0.00748578],[0.0265466,-0.20087,0.317325,0.0262101,0.279228,0.0473082,-0.00860654,0.0695673,0.0323054,-0.415679,0.102105,-0.0850703,2.87253,0.0788868,0.0597582,-0.0822023,3.2405,0.10835,-0.0305338,-0.151487,0.666419],[0.00117488,0.0339676,-0.0560933,-0.0238544,0.0606919,0.0707897,0.0404742,0.000213863,0.024467,-0.143729,0.0175736,-0.0743792,-0.517599,-0.00117859,0.00515493,-0.298414,0.015528,0.0174766,-0.0778492,0.0152549,-0.00718548],[-0.00794406,-0.0011739,-0.0290939,-0.0083781,0.0447534,0.0568614,0.0419021,0.00559072,0.0151197,-0.141359,0.0130762,0.00171068,-0.0791582,-0.00531416,-0.000847404,-0.0159547,0.10293,0.00887158,0.021524,0.0345024,-0.00584597],[0.0051527,-0.000785458,0.00166803,0.0106995,0.017812,0.0181568,-0.0014293,-0.000653156,0.00103341,0.00190147,0.00159466,-0.00766532,0.0366424,0.00135624,0.00112689,-0.0294293,0.01144,0.00334033,-0.00892061,0.00830532,0.000294663],[0.00675777,0.0153695,-0.091797,-0.0137726,-0.0159386,-0.0210654,-0.0152851,0.00107705,-0.00880105,-0.0271235,0.00169719,-0.0330683,-0.0693133,-0.00255576,-0.00114213,-0.149064,0.0688169,-0.00227405,-0.0324976,-0.0263304,0.0049514],[-0.0102545,-0.00163376,-0.0672095,-0.00246527,-0.0166965,-0.0284282,0.0276306,0.000166316,0.00536358,0.0011178,0.0160481,-0.0863275,-0.262775,-0.000427873,0.000901242,-0.0760896,-0.0219357,0.0101421,-0.0532178,-0.0383424,0.00132285],[-0.0063153,-0.00509601,-0.0264916,-0.0029183,-0.00660875,-0.0228667,0.0262985,0.00200474,0.00194998,0.0139009,0.0117236,-0.033767,-0.172843,0.000390271,0.000370469,-0.0454309,0.0149983,0.0100366,-0.0206078,-0.0223616,0.0038143],[-0.00319763,-0.00941438,0.00613776,0.0192597,-0.0329841,-0.0379112,-0.00095623,0.00243681,-0.0145434,0.00517325,-0.00483551,0.0619146,-0.176643,-0.00832113,-0.0073947,0.0474066,0.0157007,-0.00889947,0.0172287,-0.0717524,0.00163522],[0.0130058,0.0300571,-0.0361829,0.0319396,-0.00377994,0.0296647,-0.0137854,0.150758,0.00664665,0.173081,0.00309874,-0.798933,1.54907,-0.00398473,0.00133186,-0.486887,0.0493283,-0.0111955,-0.09998,-0.00378598,0.00415856],[-0.00419677,-0.0105542,0.0228348,0.022148,0.00487533,0.00313586,0.0080918,-0.00443327,0.00221408,0.0137356,0.0136778,-0.0719495,0.170584,-0.000897969,-0.00150708,-0.00437123,0.0231556,0.0141776,-0.013135,-0.00406411,0.00129519],[0.00122354,0.00170777,0.00494311,-0.00107071,0.00158203,0.00236349,-0.0028065,0.00056248,-0.000150255,0.0238666,-0.000503833,0.00518153,-0.0213935,0.000437886,0.000150606,-0.0502121,-0.0627612,-0.00109608,0.00190637,-0.00500183,-0.000610564],[-0.00667447,-0.00805591,-0.00740921,0.00549238,-0.00691883,-0.014313,0.0124363,0.00170036,-0.00109545,0.017313,0.00494267,-0.0433184,0.086598,0.00038192,-0.000337387,-0.0774972,0.0371438,0.00969504,-0.0106001,0.00566921,0.0065763],[0.000769688,0.00203701,-0.00326629,0.000729779,0.000640206,0.00256099,0.00104235,0.00128632,-0.000213731,-0.00393871,-7.11549e-06,0.0985989,0.0193605,-0.000454698,-0.000577737,-0.00569624,0.0529543,0.000425516,-0.00363116,0.00395201,0.000144801],[0.000258633,0.000126145,0.00180233,6.17372e-05,0.000244183,0.000205343,-0.000120787,6.42312e-05,5.47825e-05,-0.00125687,0.000186343,-0.00265827,0.0216207,8.40529e-05,5.16363e-05,0.00330633,0.00376686,0.000137876,-0.000992346,0.000613296,0.000171328],[0.0113362,0.0170914,0.0445682,0.00433674,0.00196807,0.00404689,-0.0269535,-0.0104941,-0.000629276,0.0710503,-0.00703113,0.0167524,-0.163202,-0.00150058,1.84685e-05,-0.172869,-0.170165,-0.00266328,-0.0181044,-0.0374611,-0.00105402],[0.00863553,0.00616373,-0.0161272,0.0264591,0.0219311,0.0200556,-0.00184415,-0.00416443,0.00474169,0.0050583,0.00943283,-0.068476,-0.118765,-0.00311107,-0.00119307,-0.162669,0.0225192,0.0154189,-0.0413033,-0.00611393,0.0104037],[0.000962534,0.000230745,0.0058342,0.000163516,-0.000232162,0.000111757,-0.002004,-0.00129444,7.15299e-05,-0.0137738,-0.000412554,0.00610361,0.0100877,2.2726e-05,0.000277268,0.0476813,0.0271157,-0.0009967,0.000823799,-0.000507493,-0.000173265],[0.000153227,-0.000165727,-0.000591752,0.00152095,0.000486819,0.000770922,0.000866856,-0.000125734,-3.69275e-05,-0.0230279,0.000360472,0.0294749,0.0215302,-0.00029547,-0.000151396,0.0435548,0.0775685,0.000772322,0.000689902,0.00549329,0.00162296],[-0.001237,-0.00902258,-0.00506099,0.0110547,-0.00849503,-0.0196067,0.0157169,0.000683693,-0.00017896,0.000105349,0.0127142,-0.0811409,0.0914353,-0.00194057,-0.000604475,-0.112495,0.00942148,0.0109018,-0.0257861,-0.00989503,0.00895382],[0.00213601,-0.00721939,0.0185031,0.00239976,0.0109049,0.00358279,-0.0191717,-0.00100107,-0.00265211,0.0275257,-0.00441239,0.0242551,0.0492559,0.00324684,0.00192166,0.00559357,0.00726255,-0.00337614,0.0226359,0.0187529,0.0011904],[-0.00208814,-0.00182405,0.0229528,-0.000571967,0.00159329,0.0019298,-0.000552788,0.00053231,0.00483519,-0.0203864,0.011344,-0.0124013,0.220154,0.00221564,0.00280594,-0.0644331,0.0859859,0.00827546,0.000879377,0.0333381,0.00421935],[-0.0307515,0.0228484,-0.0271584,-0.0698156,-0.0707516,-0.0647536,-0.0365497,0.0175719,-0.017842,-0.0505428,-0.0387566,0.328032,-1.3523,-0.000878355,-0.00501083,0.796304,0.407257,-0.0624752,-0.107558,-0.360678,0.0811998],[-0.018484,-0.00387585,-0.0466319,-0.0141402,-0.0148665,-0.0107973,0.0417946,0.0103287,0.00253195,-0.0374212,0.0166761,-0.10827,-0.458899,-0.00543232,-0.00511126,-0.131571,0.0214944,0.0165482,-0.0194809,-0.0107582,-0.00338961],[-0.0107081,-0.0121416,-0.0146567,-0.0043895,0.000420779,-0.00108175,0.0240235,0.00374156,0.00509686,-0.0213259,0.0102027,-0.00684154,-0.12618,-0.000269272,0.000208804,-0.0105313,-0.0218388,0.00821817,0.0152138,-0.011552,-0.00576179],[0.000295982,0.000131484,-0.0119549,0.000757129,-5.87026e-05,-0.00243822,-0.00156944,-0.000225043,-0.000893349,0.000498069,-9.50532e-06,-0.00247307,-0.027724,-0.000565593,-0.00021129,-0.0133145,-0.00226605,0.000857337,-0.00782093,-0.000922766,-0.000346715],[0.00976668,0.0240807,-0.0159667,-0.0259712,-0.0233259,-0.023476,-0.00791176,-7.24578e-06,-0.00040678,-0.00944951,-0.00320686,-0.0684976,-0.0793356,-0.00297916,-0.00167245,-0.142775,-0.0392236,-0.000471196,-0.0471886,0.0050479,0.00374244],[0.0041135,0.00147022,0.00172387,0.00352101,0.000933977,0.00204794,-0.00163409,0.00157732,-0.00137504,0.0107121,0.00430099,-0.0363562,-0.183754,-0.0024563,-0.00103334,-0.0858331,-0.0430545,0.00449739,-0.0165222,-0.0152957,0.00242349],[0.00172573,-0.000546878,-0.0164262,0.00434615,-0.0040118,-0.00666536,0.00241397,0.000762468,-0.00225205,-0.00233488,0.00267697,-0.0124912,-0.211862,-0.00290362,-0.00145022,-0.0589652,0.00838098,0.00378478,-0.00867802,-0.00401614,0.00117539],[0.00125777,9.39116e-05,-0.0101935,0.00155212,-0.0233014,-0.0277341,-0.00927926,0.00194465,-0.00491026,-0.000693227,-0.00766929,0.0403709,0.0787681,-0.00109832,-0.00243244,0.0648048,0.0364116,-0.00781595,0.00777039,0.00606453,-0.000458032],[0.0324865,0.011078,0.0179847,0.0170208,0.0407311,0.0487043,-0.0438561,0.0456894,0.0139379,-0.0126828,0.00286873,-0.734995,1.08639,0.0024944,0.00607182,0.12009,-0.0592809,-0.0101957,-0.029872,0.0435725,0.00141618],[-0.00369422,-0.00269027,-0.00718252,0.00937901,-0.00577575,-0.00664061,0.00173763,0.00130099,-0.00414939,0.0180343,0.00092906,0.00838162,0.0569094,-0.000915599,-0.00213167,-0.0373951,0.0151357,0.00185785,-0.0120605,-0.0032579,0.000910061],[0.000698985,0.00026305,0.000766149,-0.000850685,0.00224746,0.0021226,-0.000396107,0.000524704,0.000389509,0.00760674,-0.000309708,-0.003541,0.0131409,0.00032143,0.000381455,-0.0158321,-0.0272946,-0.00027071,-0.00105792,-0.00147775,-0.000250855],[-0.00105589,0.00122155,-0.0122812,0.00226887,-0.00730342,-0.00791671,0.00108127,0.000106098,-0.00196487,0.00665931,-0.000737549,-0.0209728,-0.0572381,-0.000675654,-0.000790688,-0.0409906,0.00355426,-0.000217371,-0.00569986,-0.0103608,0.00138588],[0.000312244,0.000945046,-0.0014557,0.00080694,-0.000143671,0.000376803,0.000709866,0.000696512,-0.000214656,0.00123383,-0.000162816,0.0446268,0.0273068,-0.000122621,-0.000318737,-0.00708499,0.0205854,0.000278238,-0.00222216,0.00354608,0.000146913],[0.000126657,7.93034e-05,0.000334913,2.93452e-05,7.54853e-05,9.92584e-05,7.01882e-05,6.11394e-06,7.26014e-05,-0.000711164,0.000143387,-0.00162308,0.00540087,-2.34704e-06,2.18235e-05,0.000941807,0.00111705,0.00012939,-0.000576726,0.000125553,6.7204e-05],[0.00590306,0.000575218,-0.00311647,0.00465563,0.0125802,0.0193899,-0.00314243,-0.000193719,9.11835e-05,0.0306602,0.0018959,-0.0209337,-0.10823,-0.000951365,-0.000363787,-0.112612,-0.0959318,0.00233975,-0.01807,-0.0285559,0.000901483],[0.00158498,0.00224987,-0.0367288,0.00876361,0.00148088,-0.000679919,0.00624205,-0.00220531,-0.00197826,0.0304032,-0.000966973,-0.0397984,-0.0347587,-0.00119929,-0.00260384,-0.0922993,-0.0733601,0.00371533,-0.022598,-0.00353181,0.00211174],[0.000505657,0.000143481,0.00213011,-0.000377254,0.000165366,7.27926e-05,-0.000806418,-0.000684829,0.000262188,-0.0068399,0.000146293,-0.000279328,-0.00138132,-5.39399e-05,0.000170646,0.0179389,0.00875233,-9.85671e-05,-0.000815762,-0.000635137,-7.18245e-05],[-2.52245e-05,-0.000436437,-0.000174763,0.000941708,0.000371179,0.000820593,0.000604017,-2.37207e-05,0.000184671,-0.0100688,0.000439638,0.0119108,0.0171864,4.30024e-05,4.86091e-05,0.0202447,0.0354719,0.000434052,0.000170214,0.0025227,0.000810444],[0.00102749,0.00405362,0.00675711,0.00113578,-0.00183804,-0.00290665,0.00424408,-0.000107035,-0.00031086,-0.00445465,0.00157914,-0.0241605,0.0134885,-0.00146129,-0.000936722,-0.0562296,-0.00810995,0.000577015,-0.0137115,-0.0063485,0.00185779],[0.00383347,-0.00140543,0.0169752,0.00488035,0.00853529,0.00633572,-0.00995779,-0.000763127,0.000720338,0.0148575,-3.70529e-05,0.0130968,0.0365649,0.00152014,0.00178807,-0.0256779,0.0105054,0.00128491,-0.0015793,0.0172824,0.000806585],[0.00122406,-0.000906719,0.000788923,0.0013877,0.000854844,0.000758113,0.00227047,0.000726149,0.00148131,-0.00310159,0.00422124,0.00446478,0.0495803,0.000692775,0.000632604,-0.0307271,0.0208144,0.00478894,-0.0118191,-0.00479564,0.00204411],[-0.0273589,0.0322474,-0.136123,-0.042277,-0.0667594,-0.056627,-0.0182904,0.0100276,-0.0244544,0.0721091,-0.0483288,0.218393,-2.10173,-0.00469392,-0.00575672,0.554915,-0.184642,-0.0490282,-0.097103,-0.290048,0.00178793]],"sigmahat":[[0.378016,0.375648,0.742831,0.0720348,0.340792,0.404189,-0.410107,-0.193175,0.0183819,-0.56295,-0.0804921,2.10376,2.03879,0.0105203,0.0218333,0.922996,0.984664,-0.120985,-0.265115,0.358005,-0.0210725],[0.375648,1.04532,0.0153337,-0.204309,-0.000385913,0.275886,-0.731921,-0.287124,0.00553018,-1.09475,-0.245737,3.81154,0.942074,-0.0514824,-0.0176893,1.63213,2.1242,-0.281552,-0.778488,0.619382,-0.161469],[0.742831,0.0153337,10.352,0.431933,1.44375,1.73889,-0.725372,-0.254456,0.134836,0.399381,-0.0727584,1.45583,15.163,0.241372,0.213048,4.01745,-0.445037,-0.382077,1.38599,0.45196,0.0601582],[0.0720348,-0.204309,0.431933,0.849036,0.308883,0.358566,0.217932,-0.142595,-0.0893168,0.307446,0.118204,0.72082,-1.72397,-0.00565298,-0.0146776,0.927223,-0.0871402,0.126868,0.0493031,-0.164377,0.0349161],[0.340792,-0.000385913,1.44375,0.308883,1.84582,1.89471,0.270641,-0.207356,0.181509,-1.24015,0.179103,1.92363,3.43123,0.0744445,0.0771728,0.667576,1.75322,0.174215,0.151211,0.668007,0.0784831],[0.404189,0.275886,1.73889,0.358566,1.89471,2.89157,0.164232,-0.325625,0.183215,-1.64804,0.122918,3.60371,6.59206,0.071166,0.0422114,2.63368,2.523,0.0997431,-0.0683823,0.903305,-0.10569],[-0.410107,-0.731921,-0.725372,0.217932,0.270641,0.164232,1.64841,-0.143864,0.194226,-1.28323,0.557698,0.182786,-2.67422,0.0341362,0.0270088,0.175148,1.86653,0.582319,-0.605551,-0.0457333,0.109262],[-0.193175,-0.287124,-0.254456,-0.142595,-0.207356,-0.325625,-0.143864,8.43597,-0.0508618,27.8675,-0.0387908,-68.7371,35.5233,-0.0424535,-0.0373799,-81.9648,-62.4345,0.0523848,-0.152364,-1.84663,-0.507564],[0.0183819,0.00553018,0.134836,-0.0893168,0.181509,0.183215,0.194226,-0.0508618,0.21139,-1.23736,0.21999,0.956366,2.0132,0.0260111,0.0733117,-0.790851,2.44121,0.160845,-0.282912,0.426254,0.0873111],[-0.56295,-1.09475,0.399381,0.307446,-1.24015,-1.64804,-1.28323,27.8675,-1.23736,163.171,-1.40291,-338.045,6.99711,-0.169475,-0.317114,-397.953,-441.673,-0.997674,1.66383,-14.3555,-10.2633],[-0.0804921,-0.245737,-0.0727584,0.118204,0.179103,0.122918,0.557698,-0.0387908,0.21999,-1.40291,0.587429,0.175622,0.827246,0.0303999,0.0895924,-2.10769,3.65705,0.474032,-0.585404,0.0521149,0.284985],[2.10376,3.81154,1.45583,0.72082,1.92363,3.60371,0.182786,-68.7371,0.956366,-338.045,0.175622,913.995,-139.23,0.445727,0.253775,861.637,966.837,-0.348335,1.61252,35.627,20.0126],[2.03879,0.942074,15.163,-1.72397,3.43123,6.59206,-2.67422,35.5233,2.0132,6.99711,0.827246,-139.23,779.152,1.55387,-0.336047,-58.5494,116.564,1.42651,0.791927,28.5631,9.2875],[0.0105203,-0.0514824,0.241372,-0.00565298,0.0744445,0.071166,0.0341362,-0.0424535,0.0260111,-0.169475,0.0303999,0.445727,1.55387,0.0540264,0.0359825,0.770865,0.727845,0.0257151,0.0672129,0.050383,0.0665756],[0.0218333,-0.0176893,0.213048,-0.0146776,0.0771728,0.0422114,0.0270088,-0.0373799,0.0733117,-0.317114,0.0895924,0.253775,-0.336047,0.0359825,0.0654012,-0.649146,0.681179,0.0555185,-0.0891035,0.0435751,0.0815412],[0.922996,1.63213,4.01745,0.927223,0.667576,2.63368,0.175148,-81.9648,-0.790851,-397.953,-2.10769,861.637,-58.5494,0.770865,-0.649146,1174.88,1049.98,-1.57184,4.39053,27.7734,19.9714],[0.984664,2.1242,-0.445037,-0.0871402,1.75322,2.523,1.86653,-62.4345,2.44121,-441.673,3.65705,966.837,116.564,0.727845,0.681179,1049.98,1319.24,3.34072,-3.43746,44.5628,36.4467],[-0.120985,-0.281552,-0.382077,0.126868,0.174215,0.0997431,0.582319,0.0523848,0.160845,-0.997674,0.474032,-0.348335,1.42651,0.0257151,0.0555185,-1.57184,3.34072,0.498789,-0.533474,0.160572,0.276267],[-0.265115,-0.778488,1.38599,0.0493031,0.151211,-0.0683823,-0.605551,-0.152364,-0.282912,1.66383,-0.585404,1.61252,0.791927,0.0672129,-0.0891035,4.39053,-3.43746,-0.533474,5.69361,0.931854,-0.459891],[0.358005,0.619382,0.45196,-0.164377,0.668007,0.903305,-0.0457333,-1.84663,0.426254,-14.3555,0.0521149,35.627,28.5631,0.050383,0.0435751,27.7734,44.5628,0.160572,0.931854,8.21713,0.493182],[-0.0210725,-0.161469,0.0601582,0.0349161,0.0784831,-0.10569,0.109262,-0.507564,0.0873111,-10.2633,0.284985,20.0126,9.2875,0.0665756,0.0815412,19.9714,36.4467,0.276267,-0.459891,0.493182,1.824]],"n":21,"lags":3}