{"betahat":[[0.187582,-0.289743,0.241638,2.73055,2.87683,1.99622,0.519841,-0.549953,-1.22046,19.0698,-0.175957,-0.481329,5.44285,4.06365,2.34054,-0.0650578],[1.07213,0.18775,0.0442805,-1.31108,-0.73426,-0.81626,0.0906689,0.0529493,0.443907,1.31605,0.122294,0.0816029,1.05482,-0.382242,-0.220836,0.0950158],[0.0291006,1.0098,-0.0102818,-0.653795,-0.107441,-0.613717,0.0608139,0.00656447,0.239843,-0.474026,0.00604847,0.00318406,-0.66572,-0.259976,0.0761834,-0.00817244],[0.110679,0.0404483,1.22218,0.793625,0.354348,0.508587,0.062361,0.0159502,-0.0771688,1.85954,-0.0675239,-0.0416865,-0.00407138,0.391075,0.156095,-0.0218871],[0.0005558,0.00292853,0.0163967,0.579732,-0.00908108,-0.017985,0.0270597,0.0176742,-0.0551843,0.187092,0.0128968,0.0145125,0.0676662,0.00137066,0.0225508,0.00670259],[0.018276,0.011463,0.00545478,0.136448,0.914294,0.108187,0.0187926,0.010758,0.0614041,0.139616,0.00607589,-0.014578,0.189065,0.0565455,0.00582223,0.00505547],[0.00605126,0.00775161,0.00638749,-0.132192,0.0722892,0.994828,-0.0255249,-0.00753212,-0.0318137,0.607637,0.00520438,-0.00177581,0.275133,0.0234278,0.00393631,0.00657218],[-0.022215,-0.00536601,-0.00253343,0.404239,0.286418,-0.302344,1.01494,0.0641833,-0.582339,-2.00267,0.0136013,0.0578217,-0.324424,-0.202653,-0.173535,-0.0103105],[-0.0558038,-0.000874911,-0.160381,-0.496585,-1.00328,-0.999098,-0.0868551,1.14783,-0.580157,-6.64081,-0.137148,-0.0308887,-1.70521,-1.19173,-0.277187,-0.0459945],[-0.00309909,-0.00379247,-0.014549,-0.139348,0.0117274,0.0126378,-0.00314692,0.0122815,1.0268,-0.448972,-0.000821805,0.0119343,-0.268845,0.0122312,-0.0532638,0.0112599],[-0.00180296,-0.00238155,0.00179727,0.00557518,0.0267972,0.0334734,0.0118457,-0.000687563,-0.0118036,0.950009,-0.000535875,0.0018168,-0.0637206,-0.0223118,0.00345075,0.000796563],[-0.00595198,0.00101467,-0.143082,0.172348,0.67708,0.469867,-0.27355,0.167127,0.266476,-1.55448,1.06772,0.0227322,1.07876,1.51072,-0.420058,0.106822],[0.0525154,0.029002,0.141,0.883468,0.0859114,0.185722,0.144086,-0.016707,-0.772478,-3.45727,0.0362068,1.0296,-1.81895,-0.149502,0.0770104,-0.00972696],[-0.00245352,-0.00168544,-0.00256631,-0.0148668,0.025904,0.0582867,-0.000277451,0.0100166,0.00042911,0.0291997,0.00349464,0.000159082,1.13283,0.0198671,0.0143539,0.0051421],[0.0492673,0.0298764,0.0779191,0.147449,0.0694436,0.0914684,0.0336463,0.00107869,-0.0197116,0.110238,-0.0123291,-0.0210854,-0.0706251,0.536443,-0.0665472,0.000695651],[-0.0152775,0.0127536,0.0544997,-0.574792,0.0860546,0.273981,-0.0474985,0.0640708,0.367739,2.35656,0.040056,0.0601763,-0.0453305,0.0843363,0.427217,0.0353964],[0.0477486,-0.00604453,0.301567,0.163681,-0.0157256,0.178122,0.20868,-0.147128,-1.51184,2.36841,-0.0453346,-0.0371641,1.9645,-0.449542,0.853158,1.06785],[0.0120647,-0.0360753,0.0641107,1.21072,0.541548,0.64734,0.0159528,-0.0154112,-0.234268,-1.26842,-0.0515652,-0.04671,-0.936644,-0.024599,0.271925,-0.0614408],[0.0647969,0.128925,0.0546699,0.577553,0.143799,0.550083,-0.0360111,0.0260558,-0.0219196,0.553631,0.0320387,0.0037479,0.66545,0.326341,-0.0228242,0.00487337],[-0.0573694,0.0121013,-0.170397,-0.511147,-0.277446,-0.545763,0.00636975,0.00193539,0.0110026,-2.73909,0.016239,0.017286,-0.44151,-0.363604,-0.178378,0.00435101],[0.00260265,0.00250849,0.000431721,0.17283,-0.00145716,0.0207716,-0.0263267,-0.0112537,0.0123687,-0.11025,-0.00906715,-0.0168372,0.00782317,-0.0160372,-0.0152424,-0.0016122],[-0.00964065,-0.00926338,-0.0091596,-0.100863,0.0631818,-0.0552424,-0.0226435,-0.00272856,0.0636178,0.125391,0.00339562,0.0137645,-0.134437,-0.0253612,0.0100723,-0.00430153],[-0.000620941,-0.00289005,0.00135761,0.0536108,0.0209887,0.0149151,0.0283456,0.00616975,0.012367,-0.4431,-0.00151226,0.00655755,-0.214558,0.0517815,0.0255821,-0.00525127],[0.0312405,0.00623754,0.0484596,-0.534124,-0.29188,0.544241,0.0343041,-0.0566133,0.433961,1.96721,0.0216635,-0.0204362,0.0724391,0.12458,0.191961,0.000215137],[0.0900665,0.0734613,0.102257,0.453708,0.553443,0.798278,0.0261664,-0.129433,0.786066,5.26009,0.0973151,0.0277982,0.882008,0.865694,-0.0539813,0.0443798],[-0.00332106,-0.00434804,0.00320455,0.183968,-0.0425829,-0.0457032,0.0137311,-0.0157791,-0.101442,0.0589505,-0.0029179,-0.00756895,0.134558,-0.10066,0.0253178,-0.00543323],[0.000908157,0.00199763,-0.00148636,0.00271661,-0.0204125,-0.0288834,-0.00701407,0.00294036,0.00291159,-0.0651251,-0.000222176,0.00016991,0.00202089,0.00492355,-0.00932188,-0.00205062],[0.0484773,0.100413,0.238888,0.762129,-0.32054,0.0741625,0.206332,-0.0748421,-0.194436,-1.16058,-0.0937614,-0.0233777,-1.0139,-1.10917,0.200047,-0.0799044],[0.00128541,0.0519922,-0.120168,-0.177416,-0.00833668,-0.22965,-0.0624619,0.0394881,0.838311,3.45659,-0.0266353,-0.0306192,1.59186,0.700064,-0.234967,0.0307113],[0.000665558,0.00181158,0.00609489,-0.00160475,-0.0134586,-0.0288484,-0.00297708,-0.00707364,-0.0201849,-0.10994,-0.00577631,0.00140828,-0.136774,-0.0412596,-0.0125913,-0.0051589],[0.00349251,0.011457,0.00311948,-0.167999,-0.00291762,0.129085,0.00800174,-0.00674216,-0.0354051,0.229155,0.00959249,0.0216997,6.14321e-06,0.0955586,0.0917145,0.00852434],[-0.0492956,-0.0680316,-0.0634456,0.222925,-0.3329,-0.398122,0.0964388,0.0278701,-0.0211936,-0.789417,-0.0264155,0.00217346,-0.719579,-0.336617,-0.0152447,0.00473171],[-0.063267,0.0471787,-0.174325,-0.364559,-0.260488,-0.57563,-0.249252,0.0348489,0.156266,-3.06639,-0.0149183,0.0185212,-1.17351,0.626582,-0.742679,-0.074212],[-0.084187,-0.151665,-0.108412,0.10032,0.192703,0.168894,-0.106656,-0.037533,-0.209542,-0.0476949,-0.0707219,-0.034892,-0.118052,0.406807,-0.0511031,-0.0335734],[-0.0938924,-0.138721,-0.0444098,0.0762025,-0.0363676,0.0636016,-0.0248362,-0.032616,-0.217826,-0.0796562,-0.0380808,-0.00693134,0.000383959,-0.0664008,-0.0533731,0.00330001],[-0.0533026,-0.052539,-0.0518127,-0.282515,-0.0769303,0.0371276,-0.0687709,-0.0178766,0.0662769,0.879422,0.0512907,0.0243995,0.445716,-0.0275142,0.0222544,0.0175371],[-0.00314684,-0.00542086,-0.0168446,0.247323,0.0105323,-0.00279778,-0.000768016,-0.00641446,0.0429133,-0.0770034,-0.00382575,0.00232146,-0.075355,0.0146511,-0.00732687,-0.00508938],[-0.00861805,-0.00217806,0.00369149,-0.0355927,0.0225046,-0.052937,0.00381316,-0.00801822,-0.124918,-0.265251,-0.00946184,0.000813937,-0.054431,-0.031193,-0.0159137,-0.000748352],[-0.00541438,-0.00483979,-0.00775661,0.0785813,-0.0933094,-0.00979369,-0.0028419,0.00137533,0.0195236,-0.164835,-0.00368607,-0.00478226,-0.0604009,-0.0752023,-0.0295373,-0.00131654],[-0.00882671,-0.000516877,-0.0461617,0.129222,0.00526811,-0.242154,-0.0499647,-0.00744717,0.150151,0.0304303,-0.0351431,-0.037364,0.253226,0.0768112,-0.0188573,0.0101068],[-0.035297,-0.0781104,0.0377415,-0.068833,0.335749,0.0268548,0.0894394,-0.0724888,-0.149268,0.673978,0.021361,-0.00894901,0.71476,0.362634,0.288483,0.00152718],[0.00630974,0.00796408,0.0115182,-0.0437008,0.0309583,0.033948,-0.0103982,0.0034563,0.0730334,0.392319,0.00367768,-0.00438347,0.134634,0.0884096,0.0280865,-0.00577647],[0.00120331,0.000577511,-0.000404795,-0.00727156,-0.00564179,-0.00455593,-0.00368223,-0.00170402,0.00746512,0.0925542,0.000821015,-0.00176847,0.0594999,0.0172586,0.00619165,0.00121885],[-0.0453378,-0.13569,-0.0598599,-0.646456,-0.120198,-0.3798,0.00862531,-0.109679,0.102089,2.61247,0.00129852,-0.00309188,0.138838,-0.336716,0.278231,-0.0192598],[-0.029173,-0.0637912,0.0200468,-0.560284,-0.0189403,0.164994,-0.101151,-0.0400109,-0.0119149,0.129245,-0.024389,-0.0386646,0.169432,-0.441618,0.0946625,-0.0367723],[0.00190192,0.00012841,-0.00397406,0.0140709,-0.0118439,-0.0297998,0.00289824,-0.00292515,0.0211273,0.0757289,0.00250536,-0.00117213,0.00241338,0.0195983,-0.00115832,-1.55846e-05],[-0.0100257,-0.00628459,0.0206933,0.0683635,-0.0224229,0.016868,-0.00780417,-0.00203659,0.014224,-0.46775,-0.00404166,0.0064277,-0.210311,0.0500556,-0.0163152,-0.00027101],[0.0120017,0.0298334,0.0133273,0.0833114,0.0578726,0.124429,0.011394,0.00278499,-0.223734,-0.654902,-0.00381941,0.0183567,-0.483666,-0.00511307,0.0240245,0.00930337],[-0.00919756,0.0167185,-0.0480556,0.300196,-0.343715,0.140673,0.0735005,0.137086,0.54778,-0.851276,0.0469385,0.0571943,-1.23846,-0.47357,-0.374819,-0.0469134]],"sigmahat":[[0.0963733,0.0930967,0.0624374,0.101319,0.170272,0.256493,-0.000447485,0.00214061,0.186379,0.325592,0.0109628,-0.0135091,0.247323,0.194624,0.0619432,0.00967808],[0.0930967,0.158524,0.0909178,-0.0554258,0.0417276,0.148538,-0.0233834,0.0139482,0.0416698,-0.106836,0.0227198,0.0131499,0.00991908,0.146002,-0.0315287,0.0075058],[0.0624374,0.0909178,0.26765,0.0660562,0.0777431,0.495158,0.0115339,-0.00170992,-0.0926556,-0.416176,-0.0287563,-0.00933298,-0.314992,-0.0219096,0.00550222,0.010087],[0.101319,-0.0554258,0.0660562,10.0534,0.215598,1.34002,0.147014,0.16108,0.528286,1.87078,-0.139139,-0.101207,0.534247,0.663431,0.0353522,0.0310744],[0.170272,0.0417276,0.0777431,0.215598,3.79674,2.5365,-0.00918219,-0.00267244,0.204387,6.43011,0.0834463,-0.00171964,1.79193,0.95501,1.07887,0.069897],[0.256493,0.148538,0.495158,1.34002,2.5365,5.36182,-0.0724868,0.0515524,0.10811,7.73844,0.0491797,-0.0614471,1.13298,0.78071,0.581645,0.0781118],[-0.000447485,-0.0233834,0.0115339,0.147014,-0.00918219,-0.0724868,0.393267,0.04533,-0.214578,-0.422582,0.00653482,0.0215234,-0.158198,0.0959507,0.202512,0.0161458],[0.00214061,0.0139482,-0.00170992,0.16108,-0.00267244,0.0515524,0.04533,0.104315,-0.0764149,0.613034,0.0319283,0.0292497,0.0921597,0.0595531,-0.00732177,0.0119371],[0.186379,0.0416698,-0.0926556,0.528286,0.204387,0.10811,-0.214578,-0.0764149,3.92642,3.60584,0.0106486,-0.171908,2.52676,0.937019,0.0464092,0.0906479],[0.325592,-0.106836,-0.416176,1.87078,6.43011,7.73844,-0.422582,0.613034,3.60584,122.287,1.17673,-0.491744,29.1349,6.76829,4.77665,0.483906],[0.0109628,0.0227198,-0.0287563,-0.139139,0.0834463,0.0491797,0.00653482,0.0319283,0.0106486,1.17673,0.0687897,0.038138,0.292809,0.0605344,0.0662612,0.011442],[-0.0135091,0.0131499,-0.00933298,-0.101207,-0.00171964,-0.0614471,0.0215234,0.0292497,-0.171908,-0.491744,0.038138,0.0825148,-0.684421,-0.151748,-0.0202881,-0.0101024],[0.247323,0.00991908,-0.314992,0.534247,1.79193,1.13298,-0.158198,0.0921597,2.52676,29.1349,0.292809,-0.684421,21.0209,4.45203,1.79382,0.435443],[0.194624,0.146002,-0.0219096,0.663431,0.95501,0.78071,0.0959507,0.0595531,0.937019,6.76829,0.0605344,-0.151748,4.45203,4.01636,0.442496,0.107662],[0.0619432,-0.0315287,0.00550222,0.0353522,1.07887,0.581645,0.202512,-0.00732177,0.0464092,4.77665,0.0662612,-0.0202881,1.79382,0.442496,1.30858,0.0319396],[0.00967808,0.0075058,0.010087,0.0310744,0.069897,0.0781118,0.0161458,0.0119371,0.0906479,0.483906,0.011442,-0.0101024,0.435443,0.107662,0.0319396,0.0389827]],"n":16,"lags":3}