{"betahat":[[-0.361754,-1.07261,0.903082,4.86561,3.1077,3.49395,0.736376,-0.819621,-3.58926,50.4574,-0.48326,-0.804006,5.73583,6.73785,3.12948,-0.135497],[1.02625,0.163121,-0.0446338,-1.52571,-0.783324,-0.986761,0.0377623,0.0696711,0.407553,1.73264,0.143393,0.083193,1.38881,-0.180352,-0.2911,0.094476],[0.0257842,0.977065,-0.02234,-0.652861,0.0253675,-0.600948,0.0773725,-0.00853893,0.382606,0.162222,-0.0012504,-0.00709918,-0.660602,-0.190436,0.18204,0.000834991],[0.100819,0.0251616,1.16283,0.774627,0.394526,0.454916,0.055817,0.0233734,0.0552021,1.78662,-0.0589233,-0.0386307,0.157653,0.488155,0.211963,-0.0190512],[0.000814257,0.00266111,0.0151178,0.569336,-0.00941532,-0.02191,0.030314,0.0185011,-0.0492343,0.193208,0.0133215,0.0148003,0.0695487,0.00735874,0.0240975,0.00780205],[0.013745,0.0130074,-0.00331489,0.128024,0.860024,0.0388652,0.0265023,0.00543863,0.0237407,-0.0827959,0.00399468,-0.014534,0.166144,0.0651061,0.00726738,0.000982767],[0.00376476,0.00641059,0.00245024,-0.137364,0.05438,0.97242,-0.0288745,-0.00698025,-0.0356366,0.645398,0.00606109,-0.00329567,0.300508,0.0341895,-0.00778095,0.00557939],[-0.0412396,-0.0254933,-0.0494748,0.445212,0.343686,-0.346139,0.976456,0.0905062,-0.522995,-1.63845,0.0287027,0.065488,-0.123678,-0.162119,-0.107618,-0.0121671],[-0.0517401,-0.0111824,-0.164652,-0.798192,-1.15302,-1.24878,-0.0599674,1.02576,-0.453858,-7.21906,-0.182032,-0.0718239,-1.7788,-1.06187,-0.343132,-0.0440966],[-0.00314511,0.00133836,-0.0120815,-0.145971,-0.0241984,-0.00722124,0.000265435,0.0148632,0.976983,-0.546584,-0.000638939,0.0134677,-0.287308,0.00675821,-0.0722064,0.00740951],[-0.00175978,-0.00243109,0.00153725,0.00313865,0.027958,0.0321903,0.012601,-0.000619548,-0.0124994,0.914939,-0.000643378,0.00174276,-0.0615696,-0.0235203,0.0063724,0.00074022],[-0.0390372,-0.0418206,-0.167339,0.286933,0.664448,0.37644,-0.294167,0.186025,0.366135,-1.56587,1.05732,0.059475,1.10675,1.41298,-0.465227,0.121763],[0.0896771,0.0651328,0.180667,0.994752,0.163838,0.420383,0.154287,-0.00707359,-0.88267,-3.29307,0.0458923,0.983795,-1.79555,0.0874337,0.0650166,-0.0258682],[-0.00207377,-0.00237639,-0.00537929,-0.0215174,0.0371778,0.0600558,-0.00087656,0.0094633,0.00903798,0.041957,0.00429897,-0.00135934,1.14306,0.0407475,0.0166655,0.00515712],[0.0607424,0.0427373,0.111585,0.175028,0.075829,0.183365,0.0355834,0.00391348,-0.054308,-0.0328725,-0.0126511,-0.011501,-0.211007,0.386313,-0.0809717,0.00423696],[-0.00906192,0.0150073,0.0629556,-0.57683,0.0456215,0.290078,-0.0427342,0.0563366,0.408081,2.61181,0.0336074,0.0528292,-0.0992943,0.152582,0.313851,0.0362743],[0.0256233,0.0231264,0.299017,0.302509,-0.51155,-0.0876822,0.222134,-0.131603,-1.98963,1.65856,-0.0524509,-0.048637,1.79797,-0.378877,0.723012,1.01064],[0.038736,-0.0152931,0.110418,1.37108,0.57108,0.760123,0.0349793,-0.0172139,-0.137121,-1.19759,-0.0558884,-0.0424268,-1.10063,-0.119994,0.354416,-0.0588751],[0.0671854,0.14692,0.0488992,0.584833,0.0650532,0.489521,-0.038762,0.0283917,-0.0466364,0.102477,0.0382521,0.010124,0.709342,0.317023,-0.0977376,0.00737401],[-0.0484958,0.0245628,-0.13699,-0.52519,-0.283357,-0.52428,-0.000182332,-0.00577582,-0.0287357,-2.67068,0.01134,0.0158707,-0.523673,-0.4144,-0.196348,0.00303783],[0.00313985,0.00373036,0.000865375,0.174671,0.00122652,0.0276329,-0.0289352,-0.0112114,0.0125807,-0.0704801,-0.00816912,-0.0165592,0.0183029,-0.0218302,-0.0162215,-0.00138532],[-0.00801858,-0.0102558,-0.00460554,-0.099139,0.0827069,-0.030099,-0.0238142,-0.00106068,0.0717689,0.211934,0.00418439,0.01321,-0.122912,-0.013822,0.000172796,-0.00340253],[0.000546001,-0.00246259,0.00391958,0.0594289,0.0288449,0.0249527,0.0310139,0.00482051,0.0146505,-0.454501,-0.00261291,0.00679228,-0.233736,0.0637494,0.0336904,-0.0056894],[0.0443437,0.0275799,0.0728173,-0.573608,-0.294276,0.610118,0.0368624,-0.0505071,0.399923,1.83573,0.0249959,-0.0154127,-0.0202267,0.0990771,0.166086,-0.000477507],[0.0852072,0.0754104,0.0809955,0.599617,0.559897,0.840771,0.0346909,-0.0847662,0.800262,5.30067,0.112672,0.0410644,0.949538,0.812951,-0.0634643,0.0468974],[-0.00497315,-0.00758533,0.000364889,0.186596,-0.0328863,-0.046954,0.013961,-0.0151867,-0.0832949,0.0798894,-0.00286839,-0.00780034,0.14123,-0.103572,0.0372576,-0.00290368],[0.00131559,0.00216993,-0.00136461,0.00788772,-0.0209918,-0.0281774,-0.00655895,0.00327336,0.00468761,-0.0712254,-0.000135894,0.000496535,-0.00248856,0.0056208,-0.0100426,-0.00190661],[0.0511308,0.0881064,0.243677,0.772692,-0.121919,0.302417,0.188092,-0.0721051,-0.0846639,-0.664523,-0.0824325,-0.039437,-0.73273,-0.995878,0.320677,-0.0763607],[0.0105254,0.0736826,-0.118923,-0.206791,-0.028616,-0.323339,-0.0710537,0.039024,0.826476,3.20758,-0.0335247,-0.0213394,1.32574,0.473036,-0.352741,0.0195528],[0.000565633,0.00245175,0.00637896,0.00105104,-0.0103747,-0.0296433,-0.00378564,-0.00602895,-0.0202751,-0.094172,-0.00584731,0.00209268,-0.13345,-0.0476705,-0.0104771,-0.00502299],[0.0160129,0.0239087,0.0256779,-0.170355,0.000329517,0.182979,0.0119756,-0.00588177,-0.0523046,0.194671,0.009273,0.023914,-0.0944783,-0.00422744,0.0893389,0.00848781],[-0.0526912,-0.0755637,-0.0633581,0.176631,-0.26929,-0.334602,0.0901698,0.0276298,0.0480799,-0.324751,-0.0249776,0.00162675,-0.681227,-0.318223,-0.0210791,0.015072],[-0.0638362,0.0685863,-0.132468,-0.343993,-0.344337,-0.556099,-0.221166,0.0338748,-0.232936,-3.73986,-0.0236521,0.039481,-1.49063,0.433761,-0.827375,-0.0840604],[-0.0649723,-0.147804,-0.0658307,0.154576,0.212189,0.226574,-0.0728104,-0.0524459,-0.270181,-0.535526,-0.0874907,-0.0407724,-0.287833,0.30025,-0.0633654,-0.0355888],[-0.0929582,-0.123968,-0.0266088,0.0679814,-0.0904831,0.111342,-0.0386764,-0.0198429,-0.335718,-0.265124,-0.0369892,-0.00303129,-0.0484151,-0.126689,-0.0843509,-0.00819892],[-0.0523056,-0.0496953,-0.0258952,-0.249464,-0.111283,0.0692387,-0.0557151,-0.017577,-0.0261753,0.883345,0.047592,0.0227463,0.366398,-0.0738704,-0.0157126,0.0160251],[-0.00392525,-0.00634873,-0.0160158,0.255748,0.00812907,-0.00575096,-0.00144791,-0.00727368,0.0368994,-0.123435,-0.00514725,0.00174127,-0.0874585,0.0144278,-0.00794377,-0.00640589],[-0.00568132,-0.00269487,0.00789805,-0.0288406,0.0571737,-0.00873687,-0.00276307,-0.00435019,-0.0952358,-0.130086,-0.00815795,0.00131521,-0.0426706,-0.0513156,-0.00749928,0.00244358],[-0.00427074,-0.00389209,-0.00639194,0.0779987,-0.0833508,0.00249282,-0.00217031,0.00219626,0.021189,-0.191844,-0.00343415,-0.00350635,-0.0662442,-0.0979134,-0.025963,0.000130689],[-0.00269446,-0.00136832,-0.0241462,0.126224,-0.0498814,-0.265114,-0.015335,-0.0397944,0.128534,-0.207219,-0.0533852,-0.0500806,0.148336,0.0607002,-0.0599711,0.0127554],[-0.0387815,-0.079141,0.0176747,-0.113445,0.328547,-0.0389504,0.0900864,-0.0641688,-0.157435,0.472788,0.0322927,0.00441003,0.691446,0.389402,0.318435,0.000148455],[0.00787553,0.00580996,0.0122004,-0.0390714,0.0583593,0.0565628,-0.0136024,0.00018928,0.102269,0.471045,0.00339635,-0.00568958,0.146998,0.0972551,0.0358641,-0.00433861],[0.00138623,0.000833245,-0.000406499,-0.00734889,-0.00417565,-0.00374352,-0.00289753,-0.0012102,0.00463766,0.0907752,0.00100058,-0.00153991,0.0587177,0.0173039,0.00558998,0.0011528],[-0.0212192,-0.126047,-0.0138148,-0.476893,0.0284119,-0.253407,-0.0190773,-0.117975,0.149815,2.97208,-0.00704528,-0.0171048,0.348926,-0.284858,0.362385,-0.00953211],[-0.0495579,-0.0898637,0.00854606,-0.585458,-0.00918224,0.168141,-0.126919,-0.045598,0.118289,0.57704,-0.0289385,-0.0430009,0.221462,-0.331433,0.100886,-0.0316723],[0.00178885,0.000500973,-0.00213337,0.0129785,-0.0244889,-0.0318626,0.00400801,-0.003584,0.0153261,0.0407246,0.00220462,0.000441569,-0.0164035,0.00121941,-0.0038929,-0.000269244],[-0.00328221,0.00153862,0.0385133,0.0536927,-0.0106627,0.0415637,-0.00297853,-0.00199719,-0.0105193,-0.554616,-0.00454311,0.00863578,-0.26029,0.00146801,-0.00678281,0.00127509],[0.0044708,0.0233224,0.00754728,0.0913892,0.0514038,0.110535,0.00429321,0.00536421,-0.207185,-0.602998,-0.00256639,0.0222769,-0.542221,-0.0480197,0.00630154,0.0129282],[-0.0215079,0.0305547,-0.0074565,0.165122,-0.529763,0.0607943,0.0676073,0.164401,0.413365,-1.15952,0.051564,0.0865115,-1.41955,-0.737465,-0.507383,-0.0495221]],"sigmahat":[[0.0866376,0.084467,0.0494264,0.0845988,0.151334,0.224505,-0.00220601,0.00412953,0.172795,0.379538,0.0120072,-0.0124388,0.266898,0.223821,0.0654569,0.00859081],[0.084467,0.145179,0.0792402,-0.0589574,0.053165,0.132149,-0.0248008,0.0124052,0.0618289,0.0260586,0.0214459,0.0101525,0.0429729,0.186061,-0.0226908,0.00893185],[0.0494264,0.0792402,0.230699,0.0310676,0.0712232,0.430799,0.003622,0.00205068,-0.0519534,-0.292339,-0.0228812,-0.00948224,-0.230191,0.064255,0.0200726,0.0100263],[0.0845988,-0.0589574,0.0310676,9.63174,0.109278,1.20121,0.165093,0.154314,0.573541,2.07602,-0.117235,-0.0753363,0.462251,0.613239,0.118975,0.0267458],[0.151334,0.053165,0.0712232,0.109278,3.50781,2.34641,0.0108397,-0.00833762,-0.0422564,5.82992,0.0803445,0.0101264,1.59224,0.88863,1.00296,0.0547575],[0.224505,0.132149,0.430799,1.20121,2.34641,5.08016,-0.0689511,0.0351138,0.0756288,7.33612,0.0492682,-0.0628253,1.19795,0.902435,0.541318,0.0662909],[-0.00220601,-0.0248008,0.003622,0.165093,0.0108397,-0.0689511,0.372145,0.0505323,-0.178169,-0.208527,0.0106305,0.0221989,-0.0778254,0.152396,0.222874,0.0145962],[0.00412953,0.0124052,0.00205068,0.154314,-0.00833762,0.0351138,0.0505323,0.085768,-0.0634735,0.554567,0.0253445,0.0226162,0.0813773,0.081801,-0.00577119,0.0116392],[0.172795,0.0618289,-0.0519534,0.573541,-0.0422564,0.0756288,-0.178169,-0.0634735,3.39687,2.40106,0.00364996,-0.14802,2.11201,0.728911,-0.0390382,0.0668186],[0.379538,0.0260586,-0.292339,2.07602,5.82992,7.33612,-0.208527,0.554567,2.40106,115.184,1.12883,-0.425642,27.4408,6.39573,4.23088,0.404283],[0.0120072,0.0214459,-0.0228812,-0.117235,0.0803445,0.0492682,0.0106305,0.0253445,0.00364996,1.12883,0.0636962,0.0345633,0.275227,0.0634064,0.0615173,0.0108793],[-0.0124388,0.0101525,-0.00948224,-0.0753363,0.0101264,-0.0628253,0.0221989,0.0226162,-0.14802,-0.425642,0.0345633,0.0751318,-0.649549,-0.12341,-0.0135656,-0.0105073],[0.266898,0.0429729,-0.230191,0.462251,1.59224,1.19795,-0.0778254,0.0813773,2.11201,27.4408,0.275227,-0.649549,19.9959,3.99596,1.61102,0.433964],[0.223821,0.186061,0.064255,0.613239,0.88863,0.902435,0.152396,0.081801,0.728911,6.39573,0.0634064,-0.12341,3.99596,3.89207,0.389458,0.108727],[0.0654569,-0.0226908,0.0200726,0.118975,1.00296,0.541318,0.222874,-0.00577119,-0.0390382,4.23088,0.0615173,-0.0135656,1.61102,0.389458,1.32592,0.0273306],[0.00859081,0.00893185,0.0100263,0.0267458,0.0547575,0.0662909,0.0145962,0.0116392,0.0668186,0.404283,0.0108793,-0.0105073,0.433964,0.108727,0.0273306,0.0383564]],"n":16,"lags":3}