{"betahat":[[0.494859,0.112051,0.0147033,2.12049,2.41103,1.67345,0.291428,-0.458284,-0.164385,7.41604,-0.11336,-0.410434,5.50182,3.10872,1.76737,-0.0632641],[1.09504,0.197971,0.0892963,-1.29834,-0.628732,-0.648965,0.0833737,0.0415608,0.431065,1.13149,0.110773,0.0758774,0.786399,-0.456716,-0.195954,0.0913212],[0.0314784,1.02205,0.00250482,-0.582896,-0.161451,-0.628462,0.0797868,0.019204,0.155346,-0.611239,0.0104852,0.00689259,-0.576369,-0.256228,0.0816683,-0.00852289],[0.11447,0.0470191,1.23364,0.756624,0.308196,0.505005,0.0692823,0.010054,-0.129437,1.5747,-0.0741071,-0.0412286,-0.10234,0.343673,0.113676,-0.0240906],[0.000966666,0.00237768,0.0164643,0.596153,-0.00933243,-0.0180041,0.0266728,0.0180779,-0.0545873,0.183248,0.0121036,0.0136146,0.0708229,0.00212637,0.0238063,0.00648814],[0.0182548,0.0105592,0.0055195,0.136162,0.92906,0.114694,0.0165676,0.0132182,0.0689571,0.22,0.00727365,-0.0141553,0.194494,0.0460128,0.00936537,0.00605675],[0.00591664,0.00689327,0.00788745,-0.129519,0.074242,1.00189,-0.0250092,-0.00686195,-0.0330401,0.590198,0.00542204,-0.00127018,0.260005,0.0153477,0.00417902,0.00695557],[-0.0224403,-0.00758915,0.00964807,0.404665,0.190366,-0.330437,1.03816,0.0534677,-0.584451,-2.16716,0.00891592,0.0559496,-0.437053,-0.235788,-0.201576,-0.0133808],[-0.050072,0.019796,-0.146657,-0.5236,-0.918127,-0.884762,-0.116333,1.18835,-0.663774,-6.17072,-0.116613,-0.019043,-1.56416,-1.21873,-0.270023,-0.0423575],[-0.000970577,-0.00291084,-0.0171981,-0.141915,0.0232031,0.0142284,-0.00447074,0.0103019,1.04859,-0.409381,0.000123491,0.0111362,-0.254759,0.00966927,-0.0488131,0.0123329],[-0.00172011,-0.00217395,0.00272675,0.00633537,0.0252601,0.0320213,0.0118128,-0.000703729,-0.0108547,0.951039,-0.000855096,0.00169965,-0.0663461,-0.0241387,0.00147822,0.000929955],[-0.00421921,0.000442759,-0.149468,0.122926,0.589296,0.429347,-0.253852,0.159684,0.329976,-1.7074,1.06367,0.00940299,0.949872,1.47682,-0.449788,0.104022],[0.0426755,0.0243305,0.122435,0.712512,0.0956781,0.183383,0.140904,-0.00827801,-0.774385,-3.50088,0.0402976,1.05099,-1.82914,-0.160142,0.0566744,-0.00568669],[-0.00211188,-0.00118871,-0.00139828,-0.0258344,0.0226945,0.0579244,-0.000682185,0.00953477,-0.00749888,-0.0043618,0.00361969,0.00127728,1.12379,0.0123735,0.0128623,0.00465578],[0.0405705,0.0218183,0.0605045,0.141144,0.0615392,0.0513639,0.0307006,-0.000382081,-0.00609457,0.12479,-0.0117408,-0.0228346,-0.0289586,0.599843,-0.064597,0.000735861],[-0.0134665,0.014732,0.0517438,-0.557149,0.11305,0.309021,-0.0531434,0.0719986,0.36303,2.44449,0.0426964,0.0594899,0.0471174,0.0921494,0.457394,0.0360072],[0.0491742,-0.0186294,0.294854,0.134166,0.11247,0.264097,0.214287,-0.149181,-1.31321,2.41506,-0.0439948,-0.024807,1.77684,-0.475509,0.877287,1.08727],[-0.0021819,-0.0379436,0.0421637,1.23214,0.485638,0.58421,0.00926299,-0.00681307,-0.236993,-0.993913,-0.0454727,-0.0400836,-0.811315,0.0329557,0.239769,-0.0618441],[0.0534575,0.111766,0.0377493,0.54018,0.1522,0.508847,-0.0518045,0.0185866,0.0216356,0.44895,0.027465,0.00332018,0.535643,0.295311,-0.0409002,0.00366818],[-0.0584691,0.00935869,-0.166282,-0.456598,-0.251416,-0.533228,0.00556733,0.00864719,0.0438397,-2.35737,0.0239719,0.0162363,-0.332372,-0.316691,-0.158774,0.006748],[0.00292564,0.00356691,-0.0002037,0.171607,-0.00142649,0.0207247,-0.025994,-0.0111562,0.0137264,-0.0982035,-0.00783095,-0.0161435,0.0109961,-0.0150666,-0.0153709,-0.00160577],[-0.00905022,-0.00822651,-0.0062076,-0.0903082,0.0602705,-0.0552828,-0.0171545,-0.00305399,0.0509646,0.0866823,0.00223453,0.0132186,-0.119968,-0.0153978,0.0112151,-0.00370378],[-9.76294e-05,-0.00201576,-0.00050164,0.0546291,0.0190642,0.0116323,0.0259385,0.0054575,0.0235678,-0.42651,-0.00172426,0.00596371,-0.200111,0.0488901,0.0250856,-0.00497428],[0.0340073,0.0107237,0.0504387,-0.51122,-0.235075,0.540626,0.0230466,-0.0602968,0.435471,2.01592,0.0178181,-0.0251044,0.130396,0.154032,0.197716,0.00253536],[0.0836134,0.0536202,0.0937007,0.498074,0.529348,0.755276,0.0379893,-0.140982,0.829151,5.01482,0.0882469,0.02175,0.820391,0.876468,-0.0460181,0.0414463],[-0.00394875,-0.00413346,0.00574799,0.17992,-0.0445473,-0.0481156,0.0132283,-0.0136241,-0.107169,0.0334537,-0.00379127,-0.00695879,0.132705,-0.0958269,0.0270008,-0.00563718],[0.000806526,0.00196375,-0.00176015,0.00256518,-0.0206473,-0.0271089,-0.00721186,0.00265563,0.00282925,-0.0523355,7.76591e-05,0.000275,0.00495761,0.00697184,-0.00789225,-0.00199986],[0.0582457,0.118189,0.252946,0.689625,-0.349473,0.0851366,0.202878,-0.0800159,-0.260552,-1.14023,-0.0892901,-0.0151685,-1.06255,-1.13079,0.172795,-0.0854147],[-0.00338951,0.0434975,-0.127764,-0.0609719,-0.02714,-0.305428,-0.0612799,0.0298213,0.814993,3.06402,-0.0257528,-0.0279097,1.52088,0.648024,-0.204232,0.0296394],[0.000733708,0.00192919,0.00630022,0.0143417,-0.0133681,-0.026391,-0.00124254,-0.00573337,-0.0188761,-0.0926931,-0.00578492,0.000817401,-0.129938,-0.0377773,-0.0115065,-0.00466535],[0.000384389,0.00688702,-0.00466744,-0.163918,0.0109448,0.119799,0.00270187,-0.0079296,-0.028803,0.268728,0.00849144,0.0188653,0.029912,0.126253,0.0937904,0.00716188],[-0.0477761,-0.0662363,-0.0674029,0.228411,-0.318405,-0.402916,0.0963871,0.0252356,-0.0304297,-0.862832,-0.0238208,0.00373844,-0.685522,-0.320589,0.00409124,0.00256038],[-0.0690343,0.0255384,-0.194717,-0.215408,-0.202188,-0.560841,-0.248893,0.0201971,0.200349,-2.67663,-0.015073,0.0112048,-1.05562,0.628227,-0.657752,-0.0748067],[-0.0928532,-0.160025,-0.131469,0.0661897,0.143101,0.0647461,-0.0926494,-0.0347435,-0.194053,-0.137559,-0.065295,-0.0357911,0.0249628,0.423728,-0.0438134,-0.0294794],[-0.0849354,-0.133814,-0.0402637,0.0427057,0.00925789,0.119606,-0.0279948,-0.0377867,-0.176961,0.162311,-0.0379454,-0.0102101,0.0407688,-0.0391155,-0.0407666,0.00485223],[-0.0560001,-0.0563746,-0.0673691,-0.300035,-0.0567797,0.0282055,-0.0748637,-0.0186951,0.0856184,0.782668,0.0501403,0.0249949,0.43476,-0.0270215,0.0450964,0.0173398],[-0.00388999,-0.00593959,-0.0162696,0.232205,0.0107669,-0.00272592,-0.000691328,-0.00691698,0.0408794,-0.0850529,-0.00426814,0.00253057,-0.0817692,0.0129122,-0.00843522,-0.00488516],[-0.0092007,-0.00232613,0.000680249,-0.0458531,0.0106741,-0.0594097,0.000573145,-0.0101574,-0.119902,-0.306728,-0.00950202,0.000939441,-0.0744544,-0.0306409,-0.0205814,-0.00235447],[-0.0058155,-0.00487085,-0.0073933,0.0748864,-0.0933071,-0.0135394,-0.000937559,0.00141123,0.00948372,-0.163753,-0.00369259,-0.00469094,-0.0598329,-0.0642581,-0.0292665,-0.00198304],[-0.0115413,-0.00303969,-0.0602311,0.106135,0.0446717,-0.210365,-0.0615094,0.00694677,0.149365,0.149673,-0.0266683,-0.0307946,0.307128,0.0814082,0.00369248,0.0108648],[-0.0326721,-0.0749177,0.0512797,0.0011162,0.335872,0.0621896,0.091432,-0.0747854,-0.153721,0.825244,0.0171666,-0.0100556,0.68963,0.357507,0.292577,-4.92442e-05],[0.00491109,0.0069795,0.011526,-0.0377244,0.0215028,0.0340854,-0.0086276,0.00324975,0.0582263,0.376716,0.00363914,-0.00421957,0.122393,0.0862192,0.021991,-0.00667285],[0.00102041,0.000288573,-0.000928112,-0.00821198,-0.00450652,-0.00483223,-0.00409694,-0.001748,0.00735278,0.0923996,0.000777419,-0.00191196,0.0604042,0.0171753,0.0064689,0.00105298],[-0.0483714,-0.126426,-0.0672599,-0.668625,-0.148482,-0.424548,0.0233658,-0.0993835,0.00247055,2.6335,0.00780059,-0.00200671,0.20163,-0.315392,0.275796,-0.0186166],[-0.0286926,-0.0656996,0.0285276,-0.568816,-0.0201951,0.186628,-0.0848734,-0.0369826,-0.00588421,0.43293,-0.0256696,-0.0429345,0.266893,-0.427269,0.121392,-0.0302105],[0.00137804,-0.000657595,-0.00502722,0.0105752,-0.00927473,-0.0317486,0.00173453,-0.00375631,0.0266913,0.0956757,0.00225641,-0.00190521,0.00551684,0.0245599,-0.00113202,-2.37127e-05],[-0.0125948,-0.00868521,0.0120516,0.0591698,-0.0296206,-0.00870159,-0.00901582,-0.00196917,0.0117347,-0.506489,-0.00456659,0.00600026,-0.190459,0.0660535,-0.0167357,-0.00095468],[0.0120196,0.0303372,0.0132736,0.0823695,0.0451332,0.103757,0.010958,0.0022082,-0.238835,-0.754092,-0.0040313,0.0185273,-0.494063,-0.0156624,0.0274072,0.00685618],[0.000675785,0.0188452,-0.062077,0.137379,-0.255937,0.117154,0.0390638,0.134851,0.690281,-0.828118,0.0447093,0.035642,-0.994945,-0.324458,-0.374055,-0.042076]],"sigmahat":[[0.099896,0.0950653,0.0683464,0.100712,0.176504,0.276962,0.0009477,0.00208431,0.190965,0.347715,0.0111693,-0.0134871,0.239544,0.180569,0.0660008,0.00966476],[0.0950653,0.161439,0.0949554,-0.0638617,0.0327907,0.154819,-0.0234371,0.0155816,0.0319371,-0.0980385,0.0230022,0.0141824,-0.00752146,0.124062,-0.0345814,0.00672793],[0.0683464,0.0949554,0.2853,0.0838662,0.096248,0.53537,0.0153519,-0.002782,-0.102781,-0.406553,-0.0302722,-0.00818349,-0.364197,-0.0596604,0.00613239,0.010544],[0.100712,-0.0638617,0.0838662,10.2892,0.280113,1.38222,0.165949,0.163138,0.483027,1.77352,-0.148434,-0.103519,0.432967,0.653746,0.0917596,0.0213445],[0.176504,0.0327907,0.096248,0.280113,3.98221,2.70892,-0.0279545,0.00616239,0.295561,6.8272,0.0881764,0.000380203,1.78987,0.974,1.11841,0.0724776],[0.276962,0.154819,0.53537,1.38222,2.70892,5.52465,-0.0687826,0.0632797,0.211114,8.21898,0.0566927,-0.0582021,1.11268,0.741327,0.650685,0.082389],[0.0009477,-0.0234371,0.0153519,0.165949,-0.0279545,-0.0687826,0.407793,0.0432408,-0.237473,-0.601753,0.00422503,0.0228945,-0.245773,0.0794955,0.19339,0.0156002],[0.00208431,0.0155816,-0.002782,0.163138,0.00616239,0.0632797,0.0432408,0.112432,-0.0766278,0.664364,0.0351829,0.0319356,0.0942513,0.059565,-0.00880455,0.0125458],[0.190965,0.0319371,-0.102781,0.483027,0.295561,0.211114,-0.237473,-0.0766278,4.08486,3.96005,0.0115393,-0.180663,2.59847,0.96892,0.048522,0.0947573],[0.347715,-0.0980385,-0.406553,1.77352,6.8272,8.21898,-0.601753,0.664364,3.96005,125.214,1.22761,-0.487255,29.5726,7.01985,4.85972,0.506299],[0.0111693,0.0230022,-0.0302722,-0.148434,0.0881764,0.0566927,0.00422503,0.0351829,0.0115393,1.22761,0.0708946,0.0392713,0.301788,0.0629498,0.0685272,0.0119095],[-0.0134871,0.0141824,-0.00818349,-0.103519,0.000380203,-0.0582021,0.0228945,0.0319356,-0.180663,-0.487255,0.0392713,0.0852499,-0.700404,-0.159387,-0.0222692,-0.0095603],[0.239544,-0.00752146,-0.364197,0.432967,1.78987,1.11268,-0.245773,0.0942513,2.59847,29.5726,0.301788,-0.700404,21.5488,4.57384,1.82896,0.435282],[0.180569,0.124062,-0.0596604,0.653746,0.974,0.741327,0.0794955,0.059565,0.96892,7.01985,0.0629498,-0.159387,4.57384,4.24505,0.442283,0.102514],[0.0660008,-0.0345814,0.00613239,0.0917596,1.11841,0.650685,0.19339,-0.00880455,0.048522,4.85972,0.0685272,-0.0222692,1.82896,0.442283,1.35571,0.0304284],[0.00966476,0.00672793,0.010544,0.0213445,0.0724776,0.082389,0.0156002,0.0125458,0.0947573,0.506299,0.0119095,-0.0095603,0.435282,0.102514,0.0304284,0.0403772]],"n":16,"lags":3}