{"betahat":[[0.0417895,0.0329509,0.0157973,-0.00870157,0.0433742,-0.00771259,0.017659,-0.0441798,-0.804361,-0.0192442,-0.499654,-0.797313,-0.00997119,-0.00969746,0.80487,4.33028,-0.0302306,-0.167008,-0.0728291,0.00235382],[0.179008,0.216196,0.0574827,-0.901665,-0.297712,-0.820622,0.271625,-0.0246487,0.447754,-0.026208,0.00865843,-3.16765,-0.0147141,-0.00152471,0.354863,1.2129,-0.0413488,-1.62468,-0.0411851,0.0303118],[0.116903,0.105067,-0.0179326,-0.213601,0.173965,-0.554795,0.108917,-0.0900363,0.230415,-0.0801641,-0.131224,-2.05098,-0.0465621,-0.0384427,-1.10262,0.18941,-0.0519761,-0.188089,-0.0293165,-0.0101559],[0.0960114,0.042877,0.223717,0.226877,0.18438,0.292485,0.129511,0.0138789,-0.273666,-0.00354987,-0.161845,1.29118,-0.0388456,-0.00429433,-2.08511,0.233563,-0.0322316,-0.373731,0.0844654,-0.0261903],[-6.30638e-05,-0.00263551,0.00529932,-0.0924763,-0.0109581,-0.0163243,0.0188351,0.0073094,-0.0455942,0.00576209,-0.0279415,0.166969,0.00302384,0.00499448,0.0706019,-0.0874933,2.69165e-05,0.0226874,0.0117044,0.00151174],[0.00809073,0.00322189,0.00551822,0.00323168,0.10024,0.15806,0.0267107,0.0113305,-0.0445694,0.00631258,-0.0362545,0.327606,0.00527064,-0.00101992,-0.0381451,0.0139894,-0.00398766,0.00961687,-0.0153759,0.00651829],[-0.00298301,-0.00100857,0.0212385,-0.0732432,0.0608688,0.154794,-0.0014426,0.0179775,-0.0512772,0.0170271,-0.00898698,0.709808,0.00750559,0.00809992,-0.100561,0.194163,0.00563929,-0.114028,0.00355975,0.00576718],[-0.0329197,-0.0225189,-0.0376745,0.120198,-0.0409567,-0.248552,0.137275,0.0736018,-0.595172,0.0762282,0.133924,-2.88124,0.00276517,0.0486543,-0.697268,-0.090551,0.0471176,-0.192652,-0.239297,-0.0388351],[0.00357603,0.0192888,0.0191177,-0.0293314,-0.132249,-0.0112014,0.0153424,0.070587,-0.0598225,0.087223,0.0322169,-1.3701,0.00542772,0.0225522,-0.625396,-0.00992184,0.0490555,-0.423372,-0.108298,0.00643536],[0.00216761,0.000485427,-0.00252472,-0.0102637,0.00336108,-0.00424746,0.00110844,-0.00102303,0.175342,-0.000928765,-0.00549704,0.16347,-0.000581495,-0.00123642,0.00249074,-0.22844,-0.00134022,0.0121785,0.00789943,0.00785336],[0.00800903,0.0264978,0.0184022,-0.0268123,-0.14552,-0.00674161,0.00877118,0.0671721,0.0667845,0.0881728,0.053611,-1.77768,3.13158e-05,0.023522,-0.657408,-0.0817321,0.0621827,-0.392968,-0.131102,-0.00172508],[0.00408583,0.0010278,-0.00934198,0.011202,0.0148328,0.0145295,0.00175232,-0.0018547,-0.117931,-0.00102608,0.500763,-1.1454,-0.000921164,-0.0047276,0.162548,-0.215495,-0.0014972,0.0321283,0.00372738,0.00670136],[-8.87638e-05,-0.000207581,9.90321e-06,-0.00134852,0.00301246,0.00544868,0.000151643,0.0005041,0.00417191,0.000425063,-0.0033045,0.120217,0.000426067,0.000145134,0.00288833,-0.000306566,0.000194514,-0.00153911,0.00139121,0.000653913],[-0.0194241,-0.00912256,-0.0198705,0.0390974,0.0361571,0.0906285,-0.0347335,0.0734839,-0.0239723,0.0692724,-0.0438922,-0.247151,0.0484494,0.0341008,-0.28948,0.0581497,0.035056,-0.162202,-0.0772472,0.0288955],[-0.0130682,0.00612643,0.00783709,0.134225,-0.0769587,-0.0591251,-0.0177485,0.0384018,-0.155491,0.0367024,-0.0761777,-0.30328,0.0265233,0.0395142,-0.72352,-0.215807,0.0228546,-0.0763402,-0.0613819,0.00658616],[0.000521336,-0.000433056,-0.000640414,-0.00199211,0.00589221,0.00573003,0.000414018,-0.000686781,0.000501779,-0.000677641,-0.00505708,0.0252606,0.000208392,-0.000476189,0.295152,0.0621081,-0.00120361,0.00353659,0.00673452,0.0020417],[0.000712577,0.000350755,0.000122113,0.00491821,0.00325218,-0.000698915,0.00194354,-0.000195522,-0.107794,-0.000264074,-0.00650593,-0.0776017,-0.000428288,-0.000245461,0.157149,0.613185,-0.000419293,-0.0073222,-4.20953e-05,0.000917676],[-0.00311852,0.038444,-0.0409978,-0.0768529,-0.222829,-0.184844,-0.0618015,0.0417449,0.254407,0.0590369,0.127426,-2.01093,0.0365452,0.0334123,-0.571197,-0.520666,0.0841476,-0.39261,-0.0819646,-0.0185263],[-0.00408499,-0.0117272,-0.00532448,-0.0077214,0.0148409,0.0359272,0.00225787,0.00451033,0.050525,0.00295687,-0.00619613,0.595229,0.00746733,-0.00440471,0.297667,-0.0606884,0.000676459,0.0547512,0.00946483,0.00758316],[0.0111667,0.0118423,0.0419932,-0.146958,0.191568,0.246862,-0.0465161,0.00573466,0.27752,-0.000338199,0.0242508,2.5241,0.0196724,0.00567186,0.902639,0.0355853,-0.0164559,-0.0552174,0.135907,0.0258442],[-0.0164638,-0.0376947,0.0793142,-0.0548401,0.114734,0.345633,0.0389526,0.0862325,0.343979,0.10147,0.281341,6.18108,0.0668224,0.0394378,4.79902,1.41509,0.0121874,-0.089592,0.0868659,0.59337],[-0.00769714,-0.00485606,-0.0167329,0.242194,-0.0275189,-0.231671,0.0840659,-0.0143554,-0.040203,-0.0114245,-0.0065031,-2.35726,-0.02024,0.00782659,-0.702328,0.174787,-0.0142792,-0.391344,-0.0548844,-0.010152],[0.0261761,0.0338554,0.00192329,0.0529101,0.0191289,-0.0151708,0.0329906,-0.00247737,0.0300586,-0.00490353,-0.0277188,-0.740624,-0.00474043,-0.00274716,-0.209165,0.247764,-0.010781,0.114605,-0.0380632,-0.00140506],[0.0111891,0.0234951,0.0193706,0.0230908,-0.00764874,-0.0699084,0.0339793,0.00147138,-0.18097,0.000452316,-0.0810983,-0.621271,-0.00718759,0.0126078,-1.21975,0.216271,0.00180607,-0.191207,-0.0765377,-0.0169451],[0.00113491,0.00110576,0.00367699,-0.0525885,-0.00153798,0.0066409,-0.0024357,0.000722926,-0.0150756,0.000857251,-0.000550101,0.101346,0.000521645,-0.00228596,0.0627761,0.0122835,-0.000614024,0.00907225,0.00244995,0.000177608],[-0.00341757,-0.00415647,-0.00139438,0.00784551,-0.00746706,0.00724916,0.00676941,0.00568878,-0.017481,0.005731,-0.0150656,0.0388586,0.000431458,0.00387536,-0.119335,0.0561167,0.00183651,-0.0279668,-0.0120424,0.0012293],[-0.00020187,-0.000445385,0.00257608,-0.0109051,0.0113174,0.0014249,0.00701763,0.00460415,-0.00484446,0.00501257,-0.0142663,-0.0884115,0.00136725,0.00468273,-0.122212,0.0209096,0.0025649,-0.0184554,0.00459787,-7.2346e-05],[-0.0237196,-0.026519,-0.0336984,-0.0167096,-0.118668,-0.117306,0.0107569,0.00765113,-0.00172825,0.0153447,0.0569359,-0.268463,-0.00121276,0.00486437,0.123479,-0.30469,0.0152874,-0.0351677,-0.0578511,-0.0125149],[0.00644,0.0112384,0.000919587,-0.00952601,-0.0200793,0.000736999,-0.00663075,0.00765348,0.0854483,0.0104472,0.0143436,-0.155794,0.00241927,0.00371585,-0.0892245,0.00958928,0.00942289,-0.00445314,-0.0107552,0.00422012],[0.000261407,-0.000170942,-3.97498e-05,0.00479697,-0.000906446,-0.00270422,0.000416215,-0.00106608,0.0287057,-0.000853585,-0.00122134,0.053184,-0.000614904,-0.000292686,-0.00622418,-0.0579209,-0.000549874,-0.000594118,0.00338073,0.00147145],[0.00601929,0.0129602,-0.00685797,-0.0220131,-0.0289334,-0.0233603,-0.00937699,0.00549946,0.128351,0.00922162,0.0216614,-0.312368,0.00433757,0.00461314,-0.00071861,-0.0248023,0.0120875,-0.0425344,-0.0200277,0.00522178],[0.00131843,0.000186465,-0.0020874,-0.00102235,0.0117817,0.00658934,0.00259017,-0.000203446,-0.0388804,-0.000188165,0.111219,-0.369442,8.64276e-05,-0.000688507,0.0632341,-0.0921493,0.000297137,0.0101139,-0.00124568,0.00173908],[4.19564e-05,3.35854e-05,1.303e-05,0.000267643,0.00042397,0.000700127,0.000171302,0.000154537,0.000584006,0.000126455,-0.000842206,0.0193276,3.25219e-05,6.15809e-05,-0.00352717,-0.00114773,7.68168e-05,-0.000291097,0.000160276,4.34806e-05],[0.00358602,0.00675248,0.00500287,0.0460487,0.00896029,0.0272808,-0.00612294,0.0102343,0.0684754,0.0110518,-0.0149932,-0.307521,-0.000791103,-0.00156166,-0.105375,-0.154184,0.00347126,-0.0245043,-0.0110787,0.00402316],[0.00340317,0.00866832,-0.00273537,0.0125295,-0.0192527,-0.0271543,-0.00721747,0.0047085,0.0323507,0.00427913,-0.0392372,-0.0133631,0.0032876,-0.000249073,-0.0146781,-0.0850178,0.00304996,0.0362398,-0.0203114,0.00306228],[0.000140375,-7.64158e-06,0.000196099,0.000223544,0.00142304,0.00203893,0.000308887,-0.000127237,-0.00414381,-0.000132692,-0.00177054,-0.00856615,-0.000142875,4.35002e-05,0.0641272,0.0145869,-0.000173493,-0.000841738,0.00128264,0.000286361],[6.36155e-05,0.000179736,-0.000342286,-0.00267926,-0.00135058,-0.00230642,-0.000899424,3.51004e-05,-0.0253083,5.02384e-05,-0.000435306,-0.0125419,9.46222e-05,-0.000248127,0.0553571,0.150723,4.48601e-05,-0.00158315,-0.00119302,0.000274183],[0.0135161,0.0233567,-0.0101539,-0.111428,-0.0163616,-0.0153444,-0.0218223,0.00381753,0.234449,0.0067803,0.0506747,-0.345928,0.0118439,0.000952042,0.314442,-0.161825,0.0111307,0.00105499,0.00471732,0.0102201],[-0.00273375,-0.00599787,-0.00237644,0.00104001,-0.00058807,0.00690098,0.00043688,0.00120873,0.00301589,0.00140423,0.00128571,0.0314899,0.00159137,0.000720197,0.0384473,-0.0119779,0.00100973,-0.0112091,0.0110247,0.0004217],[0.00131382,0.000809408,0.00835341,0.00676681,0.00974194,0.0368682,0.00553176,0.00700646,0.0518668,0.00531064,-0.0179359,0.346925,-0.00236556,0.000762908,-0.0170879,0.0243845,-0.00119567,-0.064222,0.00372757,0.00459077],[-0.0231006,0.000261164,0.0474162,0.0310306,-0.109851,-0.0373656,-0.0462736,0.00763251,-0.369987,0.00900584,0.0278345,-0.484623,-0.00354058,0.0170049,0.143687,0.0314245,0.00875616,-0.149919,-0.161009,0.0731108],[-0.00894017,-0.00680461,-0.0079822,0.20582,-0.060952,-0.124519,0.0216811,-0.00391858,-0.0560541,-0.00310285,0.0373563,-0.974253,-0.0243725,-0.00660073,-0.20598,-0.119379,-0.00799175,0.00272649,-0.0883693,-0.00161797],[-0.00909212,-0.0146008,-0.00785492,0.0590113,-0.0577251,-0.071369,0.0129485,0.00141886,-0.0160157,0.000473695,0.00786095,-0.347971,-0.0073748,-0.00994923,0.0673587,-0.11136,-0.00363022,-0.0160036,-0.052337,0.00445193],[-0.0135611,-0.0013452,-0.00340458,-0.00835432,-0.0783134,-0.0845108,0.0187685,0.0182927,-0.0550998,0.0177863,-0.00473291,-0.17593,0.00233661,0.0139898,-0.567799,0.0283228,0.011319,-0.129926,-0.0841176,-0.00433941],[-0.00100147,-0.00053723,-0.00219091,0.00303023,-0.00153015,0.000174883,-0.00127198,0.000327064,-0.000818762,0.000838074,0.00119933,0.0232539,-0.000742485,-0.000405024,-0.000434838,-0.0183479,0.000798963,-0.00299196,-0.0025864,-0.00207944],[0.000106156,0.00101894,0.00378099,0.00754963,-0.00634832,0.00862727,0.000768274,0.00125028,-0.0205619,0.00162955,-0.00712969,-0.0763476,-0.00158656,0.00235408,-0.0945619,0.0012955,0.00218831,-0.00993423,-0.00534441,8.44662e-05],[0.00135683,0.0023128,0.0038646,0.00770182,-0.0077371,-0.00293576,0.00216894,0.00283433,-0.00274108,0.00254209,-0.00412834,-0.112625,0.000227008,0.00325482,-0.0840765,-0.00947671,0.00159732,-0.0158266,-0.00516382,-0.000220961],[-0.0040392,5.76453e-05,-0.0180875,0.0253838,-0.0423821,-0.0847689,-0.0178611,-0.0131065,-0.0440955,-0.00769023,0.0263594,-0.229292,-0.00796911,-0.00507984,0.0409661,0.0621679,0.00186378,0.0186356,-0.0361223,-0.00711007],[0.00148746,0.00350561,-0.00201553,-0.00694449,-0.0125415,-0.0231017,-0.0018566,-0.00208371,0.0231651,-0.00164231,-0.00447669,-0.0442183,0.000371876,0.000463561,-0.0259833,-0.0476333,0.00206763,-0.00870689,-0.00336987,-0.000527814],[0.000161026,-0.000219631,-0.000496542,0.00199176,0.00124632,-0.000311889,0.000460329,-0.000482192,0.0131929,-0.000588336,-0.000201282,0.0428208,1.40813e-05,-0.000180132,-0.00441956,-0.0285156,-0.000461184,0.00307014,0.00202204,0.000725644],[0.00492634,0.00732393,-0.00499414,-0.0317156,-0.00645172,-0.048386,-0.00380325,-0.00500675,0.0412129,-0.00380423,-0.0141558,-0.341734,0.000270198,-0.000429575,-0.00442789,-0.0459683,0.00180925,-0.0210767,-0.0077654,0.000681783],[0.00119286,0.000957528,0.00102212,-0.000174242,0.000476484,0.00567593,0.00217019,0.000814859,-0.0146005,0.000792984,0.046788,-0.188987,0.000589676,0.000612476,0.0385435,-0.0720331,0.000557585,0.00118441,0.00370186,0.000346014],[1.61092e-05,8.23466e-05,3.8151e-05,-0.00016236,-7.44752e-05,-0.000107134,-2.42719e-05,5.51283e-05,0.000239784,6.06907e-05,-0.000339368,0.00778198,1.20946e-06,2.87555e-05,-0.00117916,-0.000103764,4.37303e-05,-0.000431332,1.78471e-05,4.23912e-05],[0.00467207,0.00660872,0.00463946,-0.0201065,0.00261984,0.00732811,-0.00196317,0.0012244,0.0138735,0.00176531,-0.00343955,-0.0904758,0.0012826,-0.000832966,0.084143,0.0146184,0.0016073,-0.00483082,0.00916044,0.00520622],[0.00488752,0.00644346,0.000775238,-0.037839,0.00423597,-0.00895109,-0.00585661,-0.00153533,-0.0114495,-0.000203904,0.000619532,0.000936704,0.000664839,-0.002857,-0.00689532,-0.0281722,0.0010001,-0.00512431,0.00975602,0.00134815],[3.98618e-05,0.000114937,0.000267798,0.000537061,-0.000184946,0.00030618,-7.31397e-06,-0.000112298,-0.00202205,-6.79295e-05,-0.00111954,-0.000926395,-9.55013e-05,4.85255e-05,0.0233793,0.00385142,-3.39915e-05,-0.00148776,0.000583005,4.41096e-05],[-7.82791e-05,-0.00010627,-0.000343711,-0.000854246,-0.00170306,-0.000406903,-0.000177756,0.000173984,-0.0098089,0.000183638,-0.00103951,-0.0138342,0.000156509,-4.21775e-05,0.0292124,0.0627697,0.000102463,-0.000819801,-0.000438631,7.23275e-05],[0.00277374,0.00668078,-0.00885665,-0.0279448,0.00101136,-0.0332186,-0.00898933,-0.00377476,0.0415116,-0.00453088,-0.00913957,-0.551248,0.00214733,-0.000709286,-0.00731273,-0.0577842,-0.000108716,0.0106221,-0.0230148,0.0024823],[0.000112566,-0.000461691,0.000457259,0.00290467,-0.000136974,0.00977714,-0.000731273,0.000515852,0.00245661,0.000548108,-0.000559562,-0.00734033,2.38749e-05,0.000282826,0.0150197,0.0150633,0.000473654,-0.00595502,0.00328569,-0.000233036],[0.000372687,0.00233212,0.00366717,0.00545245,0.00923809,0.0151821,0.00222928,0.000786436,-0.00843591,0.000935698,-0.00666519,0.133563,-0.00278532,0.000734614,-0.0213634,0.068955,0.000407737,-0.018046,0.00116112,0.0040247],[-0.00734059,0.0112212,0.0389984,-0.0063618,-0.105368,-0.0437899,-0.03622,0.0036139,-0.278588,0.000476049,0.021557,-0.891113,-0.00304432,0.00532682,-0.0530108,-0.119487,0.00209988,-0.226915,-0.137803,0.015926]],"sigmahat":[[0.116259,0.104132,0.107162,-0.104615,0.21799,0.191041,0.0417889,0.00139335,0.0793543,-0.00657027,-0.100201,1.14791,0.00344531,-0.0104434,0.779755,1.66853,-0.0257941,-0.323811,0.188688,0.0433446],[0.104132,0.186414,0.168048,-0.227456,0.0400636,0.0406437,-0.0439545,0.027105,0.0423815,0.0224742,-0.0414327,0.0484433,0.00901206,0.0250134,-1.00525,0.782426,0.0077151,-0.930274,0.0285707,0.0377233],[0.107162,0.168048,0.711408,-0.157606,0.237371,1.12253,-0.276878,-0.0281868,-0.455879,-0.0617721,0.0497933,3.93272,-0.0297755,0.0194445,-0.789883,1.61456,-0.100594,-1.2886,0.11683,0.13531],[-0.104615,-0.227456,-0.157606,7.85777,-0.335558,-0.288005,0.280393,-0.00186146,-2.23247,-0.0497077,-0.287391,-7.54847,-0.157641,-0.0191005,-1.86926,5.88815,-0.0413738,0.758555,-0.285567,-0.153649],[0.21799,0.0400636,0.237371,-0.335558,4.2837,3.90842,0.285097,0.0534282,0.121008,-0.0476255,-0.199553,22.9782,0.115845,-0.0610372,10.933,4.21764,-0.222034,1.16227,1.59949,0.363975],[0.191041,0.0406437,1.12253,-0.288005,3.90842,8.02692,-0.358157,0.124444,0.468583,-0.0174788,0.323192,36.4656,0.123612,-0.0468373,11.2401,1.32592,-0.295408,0.81096,1.33956,0.604207],[0.0417889,-0.0439545,-0.276878,0.280393,0.285097,-0.358157,0.898148,0.233458,-0.773108,0.236019,-0.907233,-1.38497,0.00881403,0.0656263,-0.273313,3.17388,0.11977,-0.389055,-0.0207071,0.0359441],[0.00139335,0.027105,-0.0281868,-0.00186146,0.0534282,0.124444,0.233458,0.210117,0.0509146,0.206385,-0.0177091,0.292539,0.0377344,0.0655224,-0.999182,-0.990126,0.0910334,-0.464441,-0.206622,0.0761438],[0.0793543,0.0423815,-0.455879,-2.23247,0.121008,0.468583,-0.773108,0.0509146,243.998,-0.0552485,56.5016,124.588,0.00320731,-0.301256,-411.696,-1186.58,0.169681,21.3184,3.16286,1.60609],[-0.00657027,0.0224742,-0.0617721,-0.0497077,-0.0476255,-0.0174788,0.236019,0.206385,-0.0552485,0.225787,-0.127401,-0.56643,0.0296389,0.0656859,-0.986283,-0.366629,0.113645,-0.566695,-0.233576,0.0749243],[-0.100201,-0.0414327,0.0497933,-0.287391,-0.199553,0.323192,-0.907233,-0.0177091,56.5016,-0.127401,37.945,-27.3823,-0.00609732,-0.173684,-96.2491,-329.122,0.0105785,7.26751,0.418277,0.549354],[1.14791,0.0484433,3.93272,-7.54847,22.9782,36.4656,-1.38497,0.292539,124.588,-0.56643,-27.3823,756.98,1.56631,-0.797787,-51.7958,-402.119,-2.51672,14.6217,17.6745,6.6366],[0.00344531,0.00901206,-0.0297755,-0.157641,0.115845,0.123612,0.00881403,0.0377344,0.00320731,0.0296389,-0.00609732,1.56631,0.0539538,0.0261722,1.14782,0.410638,0.00346473,0.119415,0.0428131,0.0441849],[-0.0104434,0.0250134,0.0194445,-0.0191005,-0.0610372,-0.0468373,0.0656263,0.0655224,-0.301256,0.0656859,-0.173684,-0.797787,0.0261722,0.0777057,-1.47525,0.0747825,0.0388978,-0.38405,-0.146626,0.0199273],[0.779755,-1.00525,-0.789883,-1.86926,10.933,11.2401,-0.273313,-0.999182,-411.696,-0.986283,-96.2491,-51.7958,1.14782,-1.47525,1136.78,2239.67,-2.42699,-17.4072,8.42865,4.11566],[1.66853,0.782426,1.61456,5.88815,4.21764,1.32592,3.17388,-0.990126,-1186.58,-0.366629,-329.122,-402.119,0.410638,0.0747825,2239.67,6240.64,-2.1766,-105.504,-8.16061,-3.75376],[-0.0257941,0.0077151,-0.100594,-0.0413738,-0.222034,-0.295408,0.11977,0.0910334,0.169681,0.113645,0.0105785,-2.51672,0.00346473,0.0388978,-2.42699,-2.1766,0.0987984,-0.321527,-0.227377,-0.0260809],[-0.323811,-0.930274,-1.2886,0.758555,1.16227,0.81096,-0.389055,-0.464441,21.3184,-0.566695,7.26751,14.6217,0.119415,-0.38405,-17.4072,-105.504,-0.321527,18.0664,1.44343,-0.138064],[0.188688,0.0285707,0.11683,-0.285567,1.59949,1.33956,-0.0207071,-0.206622,3.16286,-0.233576,0.418277,17.6745,0.0428131,-0.146626,8.42865,-8.16061,-0.227377,1.44343,2.33737,0.114257],[0.0433446,0.0377233,0.13531,-0.153649,0.363975,0.604207,0.0359441,0.0761438,1.60609,0.0749243,0.549354,6.6366,0.0441849,0.0199273,4.11566,-3.75376,-0.0260809,-0.138064,0.114257,0.498756]],"n":20,"lags":3}