{"betahat":[[0.246326,-0.324519,0.340223,2.12016,3.41972,2.72075,0.592685,-0.616992,-1.77765,25.6091,-0.193292,-0.636161,7.51886,4.53419,3.02749,-0.11759],[1.07627,0.197652,0.0418633,-1.35626,-0.77799,-0.82629,0.101411,0.0578062,0.427201,1.06687,0.122436,0.0859153,1.00748,-0.39605,-0.237606,0.0995839],[0.0249513,1.00005,-0.0115767,-0.682482,-0.077416,-0.626955,0.0595569,0.00650443,0.219452,-0.242768,0.00874265,0.00258729,-0.646913,-0.27849,0.109246,-0.00681251],[0.117959,0.0452593,1.22323,0.834486,0.357586,0.539421,0.056386,0.0148429,-0.0573593,1.80529,-0.0702801,-0.0419947,-0.0198228,0.430414,0.138456,-0.023971],[0.000853096,0.00253937,0.0160149,0.573423,-0.0089928,-0.0203854,0.0294865,0.0184648,-0.0527124,0.190866,0.0134133,0.0147043,0.0747659,0.00635758,0.0270981,0.00713566],[0.0194229,0.0137352,0.00439876,0.146643,0.906004,0.105057,0.0183424,0.0109217,0.0701017,0.13358,0.00629864,-0.0155336,0.191209,0.0632349,0.00530925,0.00421004],[0.0048702,0.0075713,0.00665011,-0.140367,0.0680969,0.989368,-0.0282762,-0.00712638,-0.0382362,0.614034,0.00608193,-0.001371,0.286759,0.0128188,0.00120986,0.00704034],[-0.0307027,-0.0127899,-0.00853838,0.432684,0.249873,-0.346137,1.01262,0.0628612,-0.567426,-2.14771,0.0139428,0.0633776,-0.379541,-0.220411,-0.190543,-0.0107571],[-0.0585837,0.00191335,-0.165381,-0.6338,-1.01547,-1.04419,-0.114485,1.14454,-0.627311,-6.71981,-0.145052,-0.0388546,-1.75099,-1.24962,-0.294264,-0.0521313],[-0.000961257,-0.000429397,-0.0137994,-0.142647,0.00858494,0.0124063,-0.00487044,0.0122797,1.02703,-0.475319,-0.000955026,0.0122088,-0.284475,0.0145889,-0.0581361,0.0108416],[-0.00166508,-0.00220249,0.00233284,0.00338975,0.0288087,0.034492,0.0125332,-0.00102003,-0.0100913,0.944675,-0.000605666,0.00170717,-0.0650541,-0.0231588,0.0037054,0.00092949],[-7.07677e-07,0.00324531,-0.171621,0.107152,0.623782,0.3564,-0.277717,0.174288,0.384955,-1.67311,1.06535,0.0224087,1.15553,1.60639,-0.45012,0.112588],[0.0595254,0.0290429,0.151202,0.869432,0.181013,0.347087,0.148753,-0.0226178,-0.838922,-3.38238,0.0485093,1.0323,-1.80684,-0.082375,0.0942221,-0.0128842],[-0.00273166,-0.00236634,-0.00305692,-0.0175083,0.0251338,0.0574829,-0.000395697,0.00969333,-0.00594454,-0.00530651,0.00344385,0.000705,1.12823,0.0189685,0.0141156,0.00482967],[0.049259,0.0296902,0.0786737,0.161677,0.0742175,0.0953591,0.0343428,0.000436946,-0.0238789,0.111255,-0.0127888,-0.0219903,-0.0827933,0.53381,-0.0631361,0.000906937],[-0.0158927,0.0104564,0.0539486,-0.574108,0.0971062,0.290158,-0.0537884,0.0682673,0.376864,2.51382,0.0412332,0.0590854,-0.00580638,0.0803046,0.422683,0.0354621],[0.0420225,-0.0105258,0.292163,0.103237,-0.0735134,0.203598,0.241642,-0.145076,-1.56592,2.69766,-0.0317558,-0.0335625,2.00789,-0.429451,0.84252,1.06943],[0.0103557,-0.0330892,0.0724763,1.3078,0.583193,0.720173,-0.00847704,-0.0137273,-0.207977,-0.76861,-0.0438291,-0.0442401,-0.90982,-0.0310528,0.293091,-0.0645101],[0.0639821,0.136497,0.0495771,0.579974,0.0946654,0.490903,-0.0320326,0.0259631,-0.0173577,0.264041,0.0313359,0.00559902,0.605611,0.311635,-0.0555293,0.000434612],[-0.0615408,0.0107175,-0.169267,-0.53485,-0.280045,-0.577258,0.00975691,0.00423082,0.0114348,-2.72567,0.0173751,0.0161087,-0.406723,-0.381085,-0.183125,0.00672577],[0.00269581,0.00335543,0.000652811,0.175199,-0.00319434,0.0194673,-0.0290825,-0.0116468,0.00956556,-0.108257,-0.00930965,-0.0173127,0.00632058,-0.0245224,-0.0200647,-0.0018281],[-0.00968613,-0.0103159,-0.00759429,-0.103209,0.069003,-0.0492994,-0.021985,-0.00291029,0.0594766,0.144701,0.00368991,0.0143775,-0.134003,-0.0264602,0.0105387,-0.00340466],[0.000646864,-0.00319352,0.00150538,0.0538289,0.0331657,0.0208949,0.0317832,0.00542876,0.018517,-0.398117,-0.00195634,0.00604223,-0.214762,0.0639793,0.0340901,-0.00573985],[0.0394785,0.014585,0.0592995,-0.578962,-0.259849,0.580926,0.0413236,-0.0553393,0.427723,2.11497,0.0224978,-0.0231547,0.104529,0.12747,0.214279,0.000189352],[0.100591,0.0780011,0.10816,0.601243,0.552831,0.845185,0.0536471,-0.126347,0.891619,5.3835,0.103521,0.0284445,0.98746,0.96932,-0.0450811,0.0517271],[-0.00578531,-0.0078221,0.00211363,0.187072,-0.041233,-0.0499709,0.0159682,-0.0165168,-0.108208,0.0358335,-0.00338063,-0.0076236,0.146977,-0.105104,0.0287439,-0.00511114],[0.000904254,0.00190267,-0.00167005,0.00577598,-0.0227593,-0.029345,-0.00675219,0.00335998,0.00178283,-0.0703452,-4.69482e-05,0.000461703,-0.000396118,0.00506467,-0.00962979,-0.00210224],[0.0482695,0.103266,0.275025,0.840724,-0.208391,0.229825,0.199853,-0.0829032,-0.234961,-1.24589,-0.0929348,-0.0218742,-1.00865,-1.20764,0.238044,-0.0775854],[0.00251126,0.0606888,-0.134143,-0.112557,-0.0476057,-0.370074,-0.0621869,0.0472968,0.847939,3.16352,-0.0366929,-0.0290478,1.45775,0.652648,-0.289756,0.0280596],[0.00135749,0.00320607,0.00726206,0.00128024,-0.0118487,-0.0261655,-0.00287215,-0.005804,-0.0178052,-0.0973528,-0.00578505,0.00156802,-0.141335,-0.0421033,-0.0125079,-0.00495558],[0.00334563,0.0110598,0.00319848,-0.181538,0.0041395,0.13232,0.00732163,-0.00690317,-0.0285055,0.290506,0.00956139,0.0211427,0.0115427,0.0983262,0.0971407,0.00849073],[-0.0547567,-0.0763554,-0.0720122,0.239275,-0.338779,-0.430593,0.0987812,0.0260702,-0.0152346,-0.805332,-0.028118,0.0028374,-0.731446,-0.3499,-0.0130049,0.00445358],[-0.0649039,0.0536053,-0.186915,-0.368541,-0.206488,-0.652885,-0.290711,0.0189189,0.138594,-3.20888,-0.0238293,0.0175078,-1.2506,0.637232,-0.721976,-0.0760761],[-0.086618,-0.164554,-0.114359,0.0484774,0.194772,0.106083,-0.0929736,-0.0440721,-0.219094,-0.298547,-0.0786023,-0.0416715,-0.0976128,0.427027,-0.055535,-0.0350681],[-0.0889321,-0.136541,-0.0380212,0.10252,-0.0172783,0.136008,-0.0275629,-0.0324613,-0.201963,-0.0215397,-0.040075,-0.0081824,0.0413287,-0.0332256,-0.0537677,0.00638268],[-0.0564156,-0.0559671,-0.0539837,-0.299589,-0.0775898,0.037775,-0.066187,-0.0190624,0.0460718,0.919989,0.0529061,0.0258865,0.426604,-0.0494148,0.0445965,0.0172507],[-0.00354019,-0.00587685,-0.01668,0.251306,0.012165,0.000905009,-0.000446052,-0.00680908,0.0432788,-0.0830188,-0.00410388,0.00260768,-0.0810323,0.0181105,-0.00709593,-0.00530198],[-0.009721,-0.00339623,0.00318653,-0.0433587,0.0249564,-0.0557363,0.00359959,-0.00799697,-0.12944,-0.278743,-0.00998168,0.00115904,-0.0570625,-0.0368207,-0.0159029,-0.000793889],[-0.00550246,-0.00435267,-0.00816347,0.0866123,-0.101313,-0.0103172,-0.00353123,0.00171653,0.0198267,-0.216418,-0.00412165,-0.00466786,-0.071882,-0.076825,-0.0353566,-0.00129016],[-0.00867085,-0.00157886,-0.0512065,0.144666,0.00928428,-0.235673,-0.0548716,-0.00742606,0.141933,0.0251209,-0.0362994,-0.0401776,0.276165,0.0916896,-0.0245314,0.0105862],[-0.0421059,-0.085388,0.0343685,-0.0679264,0.346063,0.0210211,0.086512,-0.073456,-0.194807,0.645893,0.0225427,-0.00264247,0.675291,0.321975,0.293838,0.000942383],[0.00665032,0.0080951,0.0119036,-0.0429327,0.0330858,0.038571,-0.0109629,0.00418223,0.0795258,0.441534,0.00426656,-0.00459143,0.138238,0.091271,0.0295833,-0.00564556],[0.00117161,0.000609692,-0.000755462,-0.00754243,-0.00534882,-0.00536746,-0.00432851,-0.00169666,0.00708084,0.0970653,0.000754376,-0.0018603,0.0623762,0.017941,0.00627789,0.00114779],[-0.0504065,-0.141109,-0.0607588,-0.639986,-0.154447,-0.402894,0.0195439,-0.105817,0.0386599,2.92936,0.00234034,-0.00582015,0.174738,-0.306134,0.272537,-0.0221959],[-0.0413902,-0.0752527,0.0193094,-0.651647,-0.0755087,0.124643,-0.103553,-0.0432785,0.0236665,0.300304,-0.0257571,-0.0406574,0.194807,-0.490693,0.123793,-0.0345055],[0.00150709,-0.000472061,-0.0046725,0.0137449,-0.0128122,-0.031849,0.00294521,-0.00383731,0.0249757,0.099056,0.00263402,-0.00176039,0.0104446,0.0209154,-0.000929078,5.28259e-05],[-0.0105927,-0.00655457,0.0205278,0.0570682,-0.0309309,0.00966861,-0.00801085,-0.00286529,0.00460042,-0.570171,-0.00580227,0.00636574,-0.231383,0.04813,-0.0212849,-0.00123145],[0.013437,0.0321054,0.0142659,0.0891089,0.0509262,0.120367,0.0112578,0.00251838,-0.238118,-0.762971,-0.0040597,0.0188398,-0.515671,-0.00671398,0.0242483,0.0102907],[-0.00652699,0.0149705,-0.0256932,0.301302,-0.385015,0.168417,0.0782741,0.146702,0.590255,-1.22495,0.0416609,0.0525341,-1.25661,-0.508169,-0.395165,-0.0508803]],"sigmahat":[[0.0935153,0.0890092,0.0590835,0.109449,0.166339,0.25377,-0.000805453,0.00248733,0.187478,0.324867,0.0117179,-0.0120956,0.23434,0.193976,0.0647324,0.00921684],[0.0890092,0.153186,0.0868877,-0.0512115,0.0329515,0.137573,-0.0254901,0.0138385,0.0464277,-0.094316,0.0232539,0.0145909,-0.00280237,0.141051,-0.0296738,0.00702074],[0.0590835,0.0868877,0.258747,0.0911906,0.0718541,0.481391,0.00695755,0.000135951,-0.077512,-0.401865,-0.0264417,-0.00685552,-0.324626,-0.0247821,0.00332449,0.00953367],[0.109449,-0.0512115,0.0911906,9.94333,0.205659,1.37664,0.162768,0.171792,0.542984,1.72233,-0.135363,-0.0889141,0.339677,0.664039,0.0285395,0.0264582],[0.166339,0.0329515,0.0718541,0.205659,3.80992,2.54384,-0.0112692,-0.00200765,0.251294,6.5604,0.0860858,-0.00690944,1.86921,0.984426,1.07123,0.0711668],[0.25377,0.137573,0.481391,1.37664,2.54384,5.28669,-0.081089,0.0530102,0.210185,7.77607,0.0516383,-0.0684291,1.25261,0.814777,0.592952,0.0779727],[-0.000805453,-0.0254901,0.00695755,0.162768,-0.0112692,-0.081089,0.391865,0.0459361,-0.215146,-0.466583,0.00655449,0.0217184,-0.185323,0.0963864,0.201013,0.0149251],[0.00248733,0.0138385,0.000135951,0.171792,-0.00200765,0.0530102,0.0459361,0.102954,-0.0772422,0.598359,0.0312024,0.0286113,0.0880664,0.0640255,-0.00560331,0.0114532],[0.187478,0.0464277,-0.077512,0.542984,0.251294,0.210185,-0.215146,-0.0772422,3.82455,3.5319,0.010184,-0.16848,2.45688,0.941586,0.0491764,0.0883841],[0.324867,-0.094316,-0.401865,1.72233,6.5604,7.77607,-0.466583,0.598359,3.5319,120.639,1.13712,-0.499805,28.6871,6.91645,4.6643,0.472729],[0.0117179,0.0232539,-0.0264417,-0.135363,0.0860858,0.0516383,0.00655449,0.0312024,0.010184,1.13712,0.0671566,0.0369951,0.286663,0.0625441,0.0665487,0.0115087],[-0.0120956,0.0145909,-0.00685552,-0.0889141,-0.00690944,-0.0684291,0.0217184,0.0286113,-0.16848,-0.499805,0.0369951,0.0810352,-0.681134,-0.151815,-0.0220564,-0.0101689],[0.23434,-0.00280237,-0.324626,0.339677,1.86921,1.25261,-0.185323,0.0880664,2.45688,28.6871,0.286663,-0.681134,20.8142,4.42565,1.76673,0.436182],[0.193976,0.141051,-0.0247821,0.664039,0.984426,0.814777,0.0963864,0.0640255,0.941586,6.91645,0.0625441,-0.151815,4.42565,4.02018,0.44416,0.106987],[0.0647324,-0.0296738,0.00332449,0.0285395,1.07123,0.592952,0.201013,-0.00560331,0.0491764,4.6643,0.0665487,-0.0220564,1.76673,0.44416,1.28484,0.0311701],[0.00921684,0.00702074,0.00953367,0.0264582,0.0711668,0.0779727,0.0149251,0.0114532,0.0883841,0.472729,0.0115087,-0.0101689,0.436182,0.106987,0.0311701,0.0388274]],"n":16,"lags":3}