{"betahat":[[0.817419,0.402675,0.34438,1.49336,2.98029,2.75291,0.0780065,-0.408155,0.743535,-0.287926,0.557159,6.21721,-0.0193592,-0.32748,4.94528,3.87928,1.84505,-0.0922493],[0.993215,0.108441,-0.0159204,-1.37275,-0.82776,-0.971106,0.151446,0.0485665,0.198932,0.0423278,-0.0769877,1.46557,0.119504,0.0937086,1.09913,-0.625576,-0.198039,0.106336],[-0.00116731,0.982434,-0.0189137,-0.630894,-0.202612,-0.850058,0.0641993,0.00204298,0.0641334,0.00432817,-0.0577914,-1.35086,-0.00394807,-0.00367643,-1.12735,-0.287282,-0.02748,-0.029804],[0.126646,0.0319043,1.24612,0.843717,0.373083,0.744765,0.107186,0.0263963,-0.0919851,0.00497735,0.00546543,3.48803,-0.0554245,-0.0404085,0.287319,1.27241,0.0861108,-0.00169624],[0.00299161,0.0034893,0.0196612,0.575972,-0.00819364,-0.0140399,0.0257684,0.0173088,-0.0582662,0.0161074,-0.031862,0.115778,0.0108527,0.0129987,0.0364192,-0.016917,0.0158463,0.00465827],[0.0253359,0.0144747,0.00850549,0.156435,0.933921,0.148149,0.0257586,0.0149014,0.0613357,0.00643238,-0.0348552,0.344366,0.00737568,-0.0180099,0.235245,0.0855396,0.0124176,0.00910712],[0.00215999,0.0032668,0.0107614,-0.167353,0.0591639,0.996319,-0.0293014,-0.00689671,-0.0213221,-0.00561688,0.0385847,0.691537,0.0083876,0.00138861,0.263114,0.0297515,0.00018287,0.00869305],[0.00273477,0.00230821,-0.0156754,0.607972,0.251047,-0.183503,1.10175,0.0701441,-0.604994,0.0460387,0.170653,-1.17156,0.0210902,0.0409218,0.14667,0.165249,-0.144418,0.00756397],[-0.0668601,0.0366591,-0.095085,-0.367926,-0.773565,-0.860013,-0.0534319,1.2246,-0.741265,0.343497,0.153085,-5.37096,-0.083256,-0.010221,-0.82527,-1.37341,-0.237088,-0.0138402],[0.00527677,0.00160323,-0.0116309,-0.122979,0.0520812,0.039518,-0.00280245,0.0138009,1.04506,0.0101781,-0.0305276,-0.46759,-0.00397327,0.0076113,-0.272231,0.0386808,-0.0578898,0.0128461],[0.0496962,0.0368169,-0.043013,-0.431157,-0.247007,-0.243486,-0.0901514,-0.0209158,-0.0720651,1.06572,0.154985,-2.63646,-0.0864093,-0.0262299,-1.37265,-0.113459,-0.19417,-0.0558396],[0.0405869,0.0340235,-0.0278618,0.367549,0.0329737,0.16823,0.0881514,0.0206987,0.0314513,0.0131402,1.20837,1.50636,0.00915587,-0.0455369,1.02376,0.341076,-0.00878082,0.0271762],[-0.000565422,-0.000818023,0.00226258,0.00189094,0.0233511,0.0302739,0.0106215,-0.000725316,-0.00619291,-3.52022e-05,-0.0152537,0.940123,0.00023227,0.00247253,-0.061258,-0.00866003,0.00131176,0.000628897],[0.0156748,0.00471925,-0.180329,-0.0115766,0.674531,0.438077,-0.257076,0.148262,0.484386,0.147822,0.346879,-0.710832,1.09161,0.0316425,0.975586,2.2816,-0.539721,0.0954028],[0.0173448,0.0141609,0.124177,0.906055,0.0362058,0.207919,0.143159,0.00234428,-0.77297,-0.03007,-0.299194,-3.09839,0.058132,1.07181,-1.7062,0.105735,-0.0222316,-0.0139719],[-0.00335438,-0.00631629,-0.00101699,-0.0198352,0.0178616,0.0555783,-0.00102492,0.00829731,-0.0112061,0.00538312,0.002979,-0.0392012,0.00298773,0.00174273,1.08545,0.0174223,0.0142752,0.00319857],[0.0269489,0.0332449,0.0413895,0.0303882,0.0320879,0.033177,0.0146597,-0.00204393,0.0206904,-0.000940346,-0.016944,0.362062,0.000850354,-0.00733599,0.0595655,0.593649,-0.0365838,-0.00269658],[-0.0432717,-0.0186182,0.0336836,-0.389328,0.12498,0.216267,-0.0734929,0.0620115,0.369672,0.041748,0.0930403,1.77757,0.0171407,0.0453702,-0.109234,-0.593486,0.471386,0.033412],[0.0964337,0.0214912,0.334445,0.0590568,0.0931462,0.417633,0.239592,-0.139009,-1.18784,-0.0693564,0.00368626,2.57259,0.0121838,0.018878,2.311,0.974565,0.827123,1.11938],[0.0383616,0.00212277,0.117678,1.38321,0.615698,0.72575,-0.0533988,-0.0266174,-0.190459,-0.0166856,0.0185373,-3.1508,-0.0776079,-0.049126,-1.51329,-0.34468,0.287516,-0.08762],[0.0756766,0.14715,0.0593109,0.48114,0.183898,0.704182,-0.0424411,0.0321397,0.00432383,0.0157101,0.0279531,0.467738,0.0400271,0.0277903,0.746224,0.282267,0.101837,0.0134916],[-0.0764472,0.0113269,-0.200781,-0.578529,-0.321133,-0.791964,-0.0445788,-0.0129185,0.0703542,0.0124274,-0.0373117,-4.427,0.00539652,0.0227357,-0.806625,-1.02216,-0.129556,-0.0199542],[0.00514434,0.00408458,0.00113622,0.170908,0.00184073,0.0373305,-0.025724,-0.00979267,0.0239017,-0.00930764,0.0254586,0.0585495,-0.00588789,-0.0170863,0.0598747,0.0427573,-0.00561391,0.001452],[-0.0154028,-0.011973,-0.0138098,-0.0936054,0.0534676,-0.086523,-0.0214839,-0.00539203,0.0632953,0.00118366,0.0183482,0.0672417,0.00271435,0.0155813,-0.138198,-0.0688982,0.000361592,-0.00569543],[-0.000717657,-0.00357603,-0.00431255,0.071643,0.0331056,0.00756633,0.0283342,0.00515473,0.0153163,0.00473679,-0.045888,-0.506917,-0.00393831,0.0053319,-0.217248,0.0457834,0.0299907,-0.007385],[-0.00159061,-0.0122327,0.059161,-0.613582,-0.281219,0.450969,0.0166158,-0.0566066,0.321181,-0.0268732,-0.184027,1.38509,0.00987683,-0.0147451,-0.23615,-0.10662,0.136558,-0.00166787],[0.0716731,0.00180066,0.0851578,0.434417,0.48704,0.815001,-0.00703417,-0.14377,0.823676,-0.267105,-0.115971,4.04537,0.0697085,0.0398842,0.192586,1.27762,0.0640764,0.0157573],[-0.00817259,-0.00678527,0.00287888,0.199411,-0.0527439,-0.0536441,0.0151544,-0.0198529,-0.117478,-0.0101387,-0.00391524,0.0327588,-0.00425017,-0.00723932,0.13721,-0.210363,0.0364101,-0.00494834],[-0.0122547,0.00759689,-0.0381186,0.468657,0.151629,0.23793,0.01103,-0.0359368,0.669584,-0.107617,-0.108145,3.95203,0.113158,0.0254511,1.58256,0.458167,0.0505927,0.0769684],[-0.0238696,-0.0144624,0.00543402,-0.0284681,0.0172339,-0.0676153,-0.0185051,0.0122102,-0.136482,0.011974,-0.133965,-1.04611,-0.0108795,0.0266074,-0.559808,-0.160124,-0.0364951,0.00565232],[0.000107039,-0.00054221,-0.00319848,0.00508395,-0.0156818,-0.0219766,-0.00559276,0.00235719,0.00377687,0.0010138,0.00972195,0.0071698,-0.00020008,-0.000521418,0.0153234,0.0244093,-0.00296119,-0.0017582],[0.0403195,0.0709996,0.277389,0.870072,-0.243012,0.22005,0.184897,-0.0616168,-0.369628,-0.0863476,-0.358576,-1.59975,-0.11712,-0.0482069,-1.13372,-1.70515,0.318293,-0.0806667],[0.0295048,0.0626111,-0.105882,-0.112892,0.0566474,-0.299487,-0.104251,0.0404369,0.858584,0.0512295,0.107654,2.76224,-0.0501241,-0.0591003,1.68087,0.388003,-0.165011,0.0432543],[0.00125519,0.00533385,0.00650998,-0.00776343,-0.00688453,-0.0177411,-0.0011059,-0.00552103,-0.0217105,-0.00345843,0.00123599,-0.0244775,-0.00511931,0.00128262,-0.105057,-0.0272447,-0.0112736,-0.00407368],[-0.00261515,-0.00647564,0.00017308,-0.010658,0.00171914,0.0116435,-0.0136631,-0.00375852,0.015845,-0.00231638,0.0170213,-0.368576,-0.00586901,0.00317457,-0.11098,-0.0290158,0.0376476,0.000553433],[-0.0344901,-0.0405016,-0.0518391,0.18123,-0.377367,-0.423904,0.118627,0.0246197,-0.117291,0.0272371,-0.183657,-1.28958,-0.0299943,0.000382249,-0.798575,-0.475109,0.00132875,-0.000519757],[-0.0878635,0.00401836,-0.226191,-0.371259,-0.0242391,-0.528284,-0.282166,0.0215775,0.254144,-0.01817,-0.079532,-1.97539,-0.0359405,-0.00823969,-1.16715,0.184701,-0.495199,-0.0900431],[-0.0315773,-0.110561,-0.101765,-0.0104792,0.212058,0.245346,-0.0980559,-0.021945,-0.00847014,-0.0256406,0.0584537,1.68528,-0.0418929,-0.0445804,0.414205,0.970242,-0.0894739,-0.0187156],[-0.0745099,-0.129582,-0.0404037,0.149739,0.0187093,0.145865,-0.0217661,-0.0341788,-0.0684544,-0.0200368,0.029841,0.883172,-0.0360761,-0.0241119,0.381174,0.00500073,-0.0743543,0.0163124],[-0.0501993,-0.0432282,-0.0453456,-0.265205,-0.0519585,0.0471815,-0.062617,-0.0134724,0.0216343,-0.0174022,0.0318509,0.939022,0.0500315,0.0176752,0.519358,-0.250265,0.0434472,0.0216502],[-0.00813611,-0.00757075,-0.0208042,0.253089,0.00634745,-0.0233017,-5.26668e-05,-0.00751173,0.034367,-0.00679782,0.00640873,-0.174277,-0.00496176,0.00408924,-0.0962442,-0.0258513,-0.0102297,-0.00611041],[-0.00993245,-0.0024976,0.00529859,-0.0628418,0.0126046,-0.0616328,-0.00428357,-0.00950359,-0.124629,-0.00761361,0.0165132,-0.411587,-0.0100862,0.00243113,-0.0969905,-0.0166522,-0.012777,-0.00341155],[-0.00144192,0.00031328,-0.00645391,0.0956946,-0.0922801,-0.00390279,0.000961108,0.00174735,0.00600272,0.000882658,0.00730884,-0.184618,-0.00444606,-0.00671804,-0.0458196,-0.0755462,-0.0301719,-0.00130811],[-0.00115961,0.00996854,-0.0436289,0.00540007,0.0300947,-0.267661,-0.118553,-0.0134476,0.284004,-0.0191229,0.0134303,-0.213178,-0.030903,-0.0261341,0.0902363,-0.0589553,0.0078762,-0.00589889],[-0.00368457,-0.0409407,0.0136934,-0.0665555,0.257853,0.00557175,0.0711734,-0.0991326,-0.0783803,-0.0886563,-0.0500444,1.07205,0.00463935,-0.0356424,0.589284,0.121716,0.155245,-0.00312678],[0.00290355,0.00516602,0.00882667,-0.0763455,0.000733371,0.0143125,-0.0122963,0.00601428,0.0722014,-6.25027e-05,0.0344769,0.434731,0.00819785,-0.000387569,0.134881,0.171804,0.0214816,-0.00789259],[-0.0351225,-0.0455744,0.0860983,-0.0471402,0.0734858,-0.0223105,0.0875315,0.0385601,-0.595464,0.0291361,-0.0565852,-1.51263,-0.034449,-0.00398226,-0.251344,-0.324748,0.12795,-0.021343],[-0.0167193,-0.0195661,0.0224367,-0.339171,-0.0502842,-0.100703,-0.0695947,-0.0329269,0.104954,-0.0251247,-0.0744543,-0.459843,0.00171749,0.0189303,-0.463964,-0.180873,0.0452968,-0.032827],[0.000524564,0.00142506,0.000950888,-0.0067929,-0.00761,-0.00842206,-0.00483477,-0.00152854,0.00213378,-0.000900288,0.00560271,0.0472587,-2.94224e-05,-0.00190755,0.0451813,-0.0158782,0.00163233,0.0010942],[-0.0435631,-0.0738917,-0.0639455,-0.635611,-0.351902,-0.560478,0.0600458,-0.100816,-0.0792577,-0.0794416,-0.0419286,2.1335,0.0068064,0.00350422,0.297907,-0.520078,0.20568,-0.0124833],[-0.038148,-0.0790951,-0.00340689,-0.688859,-0.0477326,0.151543,-0.0401691,-0.0532391,-0.0491199,-0.029908,0.182203,0.38047,-0.0183128,-0.0311056,0.05183,-0.36908,0.163344,-0.0317914],[0.00208835,0.00106025,-0.00563293,0.0272203,-0.0110293,-0.0380293,0.00201418,-0.00269047,0.0329431,-0.00190172,-0.00436617,0.0637351,0.00221321,-0.00289858,0.0199808,0.00924672,-0.00287719,0.000864683],[0.0125435,0.0215175,0.0156735,0.0135096,0.0097817,0.0465105,-0.00213754,-0.000431231,-0.00559548,-0.000881511,0.00392071,-0.267587,-0.00283458,0.000693472,-0.0981626,-0.0287188,0.00751596,0.00123823],[-0.00553781,0.0109419,0.00562547,0.121114,0.0347354,0.128573,0.0254888,0.00364933,-0.280847,0.00848984,-0.0151826,-0.344707,0.00241066,0.0211445,-0.381742,0.091796,0.00572038,0.0110759],[-0.0214188,0.00379464,-0.0845071,0.366845,-0.346857,-0.0581414,0.0389301,0.121456,0.606252,0.0888331,0.0657118,-1.76138,0.0115392,0.00723277,-1.36124,-1.40652,-0.456881,-0.0567226]],"sigmahat":[[0.0798463,0.0585612,0.0486785,0.0456307,0.169786,0.270119,0.00430445,0.00503964,0.159021,-0.00313515,0.00487538,0.635228,0.0138334,-0.0102256,0.268672,0.304371,0.105486,0.0112463],[0.0585612,0.119241,0.0656456,-0.0999696,0.00891271,0.0814704,-0.0259097,0.0117223,-0.0362039,0.00678782,0.0381952,-0.28958,0.014925,0.0146395,-0.0437399,-0.215336,0.0293513,0.00361674],[0.0486785,0.0656456,0.26374,0.106353,0.0612575,0.52457,0.0157158,0.0011268,-0.146029,-0.0016804,-0.0138436,-0.341118,-0.0334773,-0.0120904,-0.309975,-0.214491,0.0193594,0.0125728],[0.0456307,-0.0999696,0.106353,9.64291,0.100095,1.01022,0.0995802,0.13907,0.465112,0.0455219,-0.210658,-0.0105031,-0.164806,-0.0972607,-0.37057,-0.248428,-0.0724542,-0.00662401],[0.169786,0.00891271,0.0612575,0.100095,3.76542,2.61814,-0.0229543,0.0173408,0.410317,-0.00987236,0.00166136,8.02599,0.0983074,-0.0108642,1.96933,1.42484,1.05171,0.0838499],[0.270119,0.0814704,0.52457,1.01022,2.61814,5.68843,-0.0427176,0.0771733,0.212454,0.00213016,0.027545,10.787,0.0884743,-0.0451684,1.51214,2.01216,0.68739,0.105322],[0.00430445,-0.0259097,0.0157158,0.0995802,-0.0229543,-0.0427176,0.356878,0.0436698,-0.147615,0.033597,-0.299875,-0.354217,0.0105574,0.028844,-0.294061,0.269795,0.162503,0.0144316],[0.00503964,0.0117223,0.0011268,0.13907,0.0173408,0.0771733,0.0436698,0.0978505,-0.0728292,0.0680348,-0.0299129,0.724398,0.0331149,0.0287797,0.116686,0.0982595,0.0196642,0.0100772],[0.159021,-0.0362039,-0.146029,0.465112,0.410317,0.212454,-0.147615,-0.0728292,3.71705,-0.0832081,0.0186141,5.39889,0.0326066,-0.169442,2.92655,1.8977,0.168889,0.0923634],[-0.00313515,0.00678782,-0.0016804,0.0455219,-0.00987236,0.00213016,0.033597,0.0680348,-0.0832081,0.0617185,-0.0184869,0.340234,0.0220926,0.0227873,0.0172506,0.0189954,0.0093345,0.00683803],[0.00487538,0.0381952,-0.0138436,-0.210658,0.00166136,0.027545,-0.299875,-0.0299129,0.0186141,-0.0184869,0.503864,-0.0207606,0.015346,-0.0151988,0.525757,-0.0356268,-0.101444,-0.0129897],[0.635228,-0.28958,-0.341118,-0.0105031,8.02599,10.787,-0.354217,0.724398,5.39889,0.340234,-0.0207606,153.398,1.54839,-0.445742,34.0113,18.8415,5.62143,0.74187],[0.0138334,0.014925,-0.0334773,-0.164806,0.0983074,0.0884743,0.0105574,0.0331149,0.0326066,0.0220926,0.015346,1.54839,0.0731527,0.0400972,0.367125,0.305934,0.0922984,0.0133431],[-0.0102256,0.0146395,-0.0120904,-0.0972607,-0.0108642,-0.0451684,0.028844,0.0287797,-0.169442,0.0227873,-0.0151988,-0.445742,0.0400972,0.0837717,-0.619949,-0.0391457,-0.00541912,-0.00950483],[0.268672,-0.0437399,-0.309975,-0.37057,1.96933,1.51214,-0.294061,0.116686,2.92655,0.0172506,0.525757,34.0113,0.367125,-0.619949,20.731,6.55475,1.88762,0.451526],[0.304371,-0.215336,-0.214491,-0.248428,1.42484,2.01216,0.269795,0.0982595,1.8977,0.0189954,-0.0356268,18.8415,0.305934,-0.0391457,6.55475,14.5361,1.20683,0.180709],[0.105486,0.0293513,0.0193594,-0.0724542,1.05171,0.68739,0.162503,0.0196642,0.168889,0.0093345,-0.101444,5.62143,0.0922984,-0.00541912,1.88762,1.20683,1.19021,0.042462],[0.0112463,0.00361674,0.0125728,-0.00662401,0.0838499,0.105322,0.0144316,0.0100772,0.0923634,0.00683803,-0.0129897,0.74187,0.0133431,-0.00950483,0.451526,0.180709,0.042462,0.0391211]],"n":18,"lags":3}