{"betahat":[[0.225315,-0.647973,3.22935,8.40048,4.4688,11.2455,1.04507,-0.12517,-5.59083,0.22473,0.121792,64.7391,-0.43047,-0.54318,2.53542,6.67612,2.87725,0.0295977],[0.929726,0.0574196,-0.118844,-1.66526,-0.955488,-1.1106,0.131206,0.0634265,0.177679,0.0532955,-0.076019,2.9643,0.154473,0.114961,1.44204,-0.223841,-0.168597,0.107362],[-0.00928455,0.942688,-0.0216301,-0.690999,-0.106987,-0.848566,0.0933319,-0.0181639,0.212114,-0.00790681,-0.0855993,-1.24385,-0.0171609,-0.015743,-1.2119,-0.184103,0.005505,-0.00746219],[0.131409,0.0244437,1.19471,0.787398,0.434512,0.700128,0.104761,0.0388157,0.0492947,0.00931666,0.0137829,3.5369,-0.0323677,-0.0239991,0.454289,1.39731,0.185978,0.00580027],[0.0022856,0.00234171,0.0157724,0.551865,-0.0100894,-0.0288582,0.0298094,0.0172792,-0.0526893,0.0161651,-0.0337298,0.111289,0.0119032,0.0152562,0.027458,-0.0160867,0.0209182,0.00543618],[0.0200132,0.014633,0.00124868,0.112956,0.851983,0.074675,0.031844,0.00840371,0.0085178,0.00260284,-0.0356666,0.147045,0.00594653,-0.0163916,0.216768,0.115934,4.03521e-05,0.00476227],[0.000338014,0.00333984,0.0102027,-0.172612,0.0472276,0.987225,-0.0334135,-0.0069811,-0.0347524,-0.00582625,0.0455329,0.751048,0.0086322,0.000639366,0.265506,0.0455324,-0.00689477,0.00708452],[0.00532629,-0.00333586,-0.0420133,0.788026,0.479823,0.0144706,1.01874,0.122112,-0.420174,0.066898,0.155959,0.0427198,0.045296,0.043724,0.811396,0.263216,-0.03673,0.0215401],[-0.06918,0.0156784,-0.0801101,-0.777248,-1.01971,-1.16778,0.0110936,1.04867,-0.734312,0.233991,0.0683388,-6.62264,-0.150032,-0.059666,-1.28574,-1.27125,-0.343849,-0.0144163],[0.000780856,0.00498247,-0.00845736,-0.1143,-0.0166672,-0.00314248,0.000421206,0.0163734,0.963409,0.0132387,-0.0210552,-0.640218,-0.00452944,0.0104471,-0.323266,0.0372801,-0.0799323,0.00574896],[0.0487929,0.0242585,-0.0634556,-0.405291,-0.350146,-0.35604,-0.0757761,-0.0683248,-0.0888256,1.02719,0.122068,-2.52138,-0.0970504,-0.0283813,-1.36661,0.006146,-0.201607,-0.0583443],[0.0488418,0.0315638,-0.0226099,0.539083,0.154339,0.277548,0.0560442,0.0221106,0.143349,0.00481438,1.15895,1.91394,0.00331442,-0.0576105,1.31622,0.371762,0.00401184,0.0362335],[0.000140727,-0.000334223,0.0014749,0.00398597,0.0232756,0.026214,0.0123686,-0.000303947,-0.00725485,0.000217917,-0.0150505,0.864697,0.000238448,0.00250525,-0.0573962,-0.00648772,0.00360353,0.000396662],[-0.00413793,-0.0173151,-0.1631,0.152413,0.782647,0.634494,-0.266008,0.190889,0.388732,0.164245,0.25712,-0.0820946,1.09692,0.0782378,1.32611,2.11052,-0.459523,0.133593],[0.0351734,-0.00275088,0.120555,1.17533,0.196533,0.340432,0.122353,-0.00625232,-0.601857,-0.0279498,-0.176586,-2.14732,0.0629137,0.990794,-1.54393,0.877468,-0.0471534,-0.0490414],[-0.0031172,-0.00877325,-0.0050971,-0.0289854,0.0333164,0.0585763,0.000707465,0.00834951,0.00676093,0.00584024,0.0052164,0.0337233,0.0039699,0.000427669,1.08355,0.0534112,0.0186701,0.00364741],[0.0340601,0.0425207,0.0513043,0.0325059,0.0467818,0.0539696,0.0139934,-0.00106169,0.0432615,-0.000172238,-0.0198176,0.356797,0.000803168,-0.00624172,0.0185301,0.485645,-0.0337724,-0.000660567],[-0.0458699,-0.0203934,0.0555581,-0.390167,0.0878015,0.204293,-0.0695142,0.0449799,0.381905,0.0322856,0.0790596,1.64522,0.00197367,0.0367601,-0.335625,-0.698538,0.364375,0.0327407],[0.0793068,0.0988929,0.415518,0.212672,-0.503323,0.150442,0.240249,-0.101122,-1.99044,-0.0277097,0.145912,1.15483,0.000803369,0.00389626,1.9832,0.739792,0.579847,1.03062],[0.069339,0.0271209,0.165447,1.48522,0.665656,0.803015,-0.0386639,-0.03206,-0.138087,-0.0237678,0.0162475,-3.82245,-0.0870489,-0.0501339,-1.69473,-0.539358,0.299455,-0.0838245],[0.0817731,0.16265,0.0473476,0.445163,0.141928,0.691039,-0.0498128,0.0260612,-0.0139728,0.0110691,0.0423881,0.515329,0.0453092,0.0302032,0.828407,0.315686,0.0951933,0.00501955],[-0.0821175,0.0100025,-0.174302,-0.604342,-0.340786,-0.762727,-0.0453477,-0.0250912,0.0115674,0.00601416,-0.0535244,-4.32309,-0.00983896,0.0112167,-0.849983,-1.03584,-0.178483,-0.0201995],[0.0052715,0.00516292,0.00307392,0.175604,0.00372408,0.0450855,-0.028896,-0.00943924,0.0194761,-0.00930539,0.0264964,0.0586376,-0.00659856,-0.018229,0.0655951,0.0277114,-0.00899412,0.00171476],[-0.0127785,-0.0118833,-0.0115439,-0.0784361,0.0883858,-0.0518094,-0.0259637,-0.00300332,0.0808166,0.00277472,0.0196679,0.137606,0.00380157,0.0143763,-0.130868,-0.0682667,9.14466e-05,-0.00447098],[-0.000492688,-0.00521718,-0.00453022,0.0736834,0.0290767,0.00232611,0.0323516,0.00257949,0.0164295,0.00361165,-0.0508944,-0.572344,-0.00468016,0.00577881,-0.227811,0.0654955,0.0303465,-0.00756484],[-0.00217056,-0.00595872,0.0657961,-0.627632,-0.359322,0.394077,0.0493573,-0.0592612,0.24649,-0.0229447,-0.173545,0.881855,0.00656734,-0.00892927,-0.5217,-0.180842,0.0982088,-0.00891419],[0.0645352,0.0165995,0.046928,0.433234,0.492816,0.786304,-0.0149013,-0.0511195,0.803817,-0.207717,-0.0669479,4.13103,0.105624,0.074225,0.30489,1.22838,0.0625781,0.0158075],[-0.00739314,-0.00932702,-0.00103178,0.194013,-0.0309134,-0.0438096,0.012785,-0.0189262,-0.0885787,-0.00955105,-0.00492685,0.0940817,-0.00343625,-0.00749169,0.154763,-0.224646,0.0397938,-0.00214729],[-0.01315,0.0110182,-0.0272062,0.375234,0.17377,0.295806,0.00359093,-0.0184601,0.706728,-0.0925743,-0.0526804,4.30435,0.130042,0.027054,1.58626,0.488516,0.0675558,0.083089],[-0.0230819,-0.0103295,0.0152262,-0.0545284,-0.043568,-0.0752481,-0.00789544,0.00999915,-0.173593,0.0135602,-0.114459,-0.993899,-0.00787656,0.0293072,-0.671277,-0.158958,-0.0517527,0.00213587],[0.000251588,-0.00043767,-0.00332243,0.00579083,-0.0134651,-0.0210345,-0.00496331,0.00243631,0.00505423,0.00112572,0.00910276,0.00451432,-0.000192171,-9.81183e-05,0.00743618,0.0259372,-0.00314827,-0.00169087],[0.0515874,0.0434335,0.314809,1.02961,0.0258164,0.444811,0.170645,-0.0570592,-0.156456,-0.0857455,-0.391931,-1.5742,-0.127477,-0.0643472,-0.863717,-1.4308,0.392055,-0.0690827],[0.0380376,0.0987484,-0.111086,-0.245143,-0.0522572,-0.402095,-0.116397,0.0533191,0.795069,0.0585672,0.0981074,2.60778,-0.0474919,-0.0474517,1.37948,0.122818,-0.266069,0.0318478],[0.00114769,0.00605174,0.00664174,-0.00302909,-0.0125157,-0.020821,-0.00200311,-0.00552653,-0.024174,-0.00426948,-0.00208618,-0.0673039,-0.0051973,0.00198143,-0.105149,-0.0436845,-0.0104829,-0.00444124],[0.00120065,-0.000502276,0.00778646,-0.00580905,0.00814629,0.0268348,-0.0167831,-0.00447326,0.0143365,-0.00246287,0.0211558,-0.363068,-0.00727384,0.00228961,-0.140172,-0.0905799,0.031617,-0.00052884],[-0.0340418,-0.0456671,-0.0527273,0.161573,-0.327754,-0.361728,0.111488,0.0284094,-0.0072658,0.0285473,-0.193095,-0.738676,-0.028828,-0.0024543,-0.786723,-0.593152,-0.0160126,0.011296],[-0.12734,0.00872237,-0.256695,-0.424226,-0.423432,-0.877552,-0.313841,0.00610383,-0.125545,-0.0171202,-0.0613358,-2.59434,-0.0501734,0.0153421,-1.63887,0.0954154,-0.629207,-0.115715],[0.000935905,-0.0845181,-0.0466997,0.179887,0.289774,0.307361,-0.0926586,-0.0313783,-0.039292,-0.0295434,0.059834,0.857243,-0.0674179,-0.0648454,0.253149,0.76292,-0.130932,-0.023533],[-0.0724917,-0.105321,-0.025816,0.245696,-0.0350061,0.157288,-0.043632,-0.0079097,-0.197844,-0.00317779,0.0432621,0.727645,-0.0281446,-0.0144801,0.383907,-0.131889,-0.100777,0.00244461],[-0.0492956,-0.0344208,-0.0205299,-0.183197,-0.0938483,0.0622458,-0.0595475,-0.0137308,-0.060517,-0.0153422,0.0398172,0.784875,0.0422049,0.0127529,0.396175,-0.361834,-0.0076154,0.0144002],[-0.00754909,-0.00746925,-0.0189324,0.272066,0.00630016,-0.0164125,-0.00104488,-0.00784576,0.0335045,-0.0068686,0.00732019,-0.171142,-0.0053096,0.00294302,-0.0925915,-0.0118512,-0.0120232,-0.0071509],[-0.00720647,-0.00270281,0.0102201,-0.0346507,0.0595048,-0.022999,-0.00601668,-0.00539802,-0.0889991,-0.00539112,0.0161305,-0.286081,-0.00973057,0.00199794,-0.085242,-0.0477805,-0.000204098,-0.000277092],[0.000177025,0.00192615,-0.00573801,0.0988168,-0.0764649,0.0101102,0.000970979,0.00441941,0.0185744,0.0022174,0.00546897,-0.180348,-0.00394413,-0.00643242,-0.0371796,-0.111138,-0.0235261,0.000488795],[-0.00308527,0.00971854,-0.0259534,-0.164487,-0.122597,-0.414424,-0.0705388,-0.0631155,0.181304,-0.0443643,0.0186472,-0.944661,-0.0516788,-0.03514,-0.280566,-0.0847455,-0.0631743,-0.0124935],[-0.00107531,-0.0415049,-0.0108109,0.108849,0.308499,0.0429514,0.0531775,-0.0710072,-0.0114724,-0.0700252,-0.0504564,0.931836,0.0141255,-0.0252157,0.641259,0.040619,0.206034,-0.00328713],[0.00651922,0.00419114,0.0107938,-0.0783194,0.0488532,0.0509799,-0.0130192,0.00228768,0.119485,-0.00383945,0.026957,0.546755,0.00783255,-0.00281808,0.165699,0.185634,0.040404,-0.00349021],[-0.0328097,-0.0439211,0.0734239,-0.223725,0.0610451,-0.147904,0.109054,0.00445391,-0.551,0.00469741,-0.0978582,-2.57158,-0.0508043,-0.00875225,-0.345303,-0.395998,0.100404,-0.0217996],[-0.0256953,-0.0212749,0.00757364,-0.48434,-0.110494,-0.202578,-0.0470594,-0.0319068,0.0292587,-0.0181846,-0.0459389,-0.905721,0.00476814,0.0284819,-0.64472,-0.21053,0.0489644,-0.0382435],[0.000541657,0.00153905,0.0011849,-0.0100498,-0.00777154,-0.00903323,-0.00418807,-0.000703301,0.000219872,-0.000198021,0.0070003,0.0378323,0.000254947,-0.00148128,0.0404746,-0.0201871,0.00152797,0.000964036],[-0.0125322,-0.067312,-0.0119532,-0.261812,-0.0391061,-0.257677,0.0208228,-0.0979048,0.0953029,-0.0857443,-0.0843013,2.84683,-0.00663046,-0.0270186,0.76207,-0.590635,0.29733,0.00990821],[-0.0336039,-0.0696354,-0.00795129,-0.605313,-0.00193041,0.246969,-0.0837244,-0.0576294,0.0387459,-0.0422437,0.154411,0.882415,-0.0219605,-0.0352646,0.144496,-0.49213,0.120863,-0.0276718],[0.00243006,0.00332852,-0.00388373,0.0249138,-0.0182928,-0.0406009,0.00116603,-0.00323631,0.0236248,-0.00232856,-0.00582503,0.0288711,0.00198022,-0.00139621,0.0199835,-0.00998341,-0.00546043,0.000727977],[0.0162015,0.0270584,0.0207452,0.0127297,0.0155809,0.0585554,-0.00367958,-0.000525847,-0.00447859,-0.000814856,0.0066833,-0.264837,-0.00302691,-0.000104242,-0.112186,-0.0730872,0.00572147,0.000985834],[-0.00764358,0.00317097,-0.0037698,0.102888,0.0746249,0.148732,0.0230103,0.00472282,-0.205476,0.00882435,-0.0312375,-0.0148805,0.00335179,0.0200401,-0.403095,0.0628771,0.00413549,0.0205006],[-0.0428397,0.0163307,-0.044766,0.362813,-0.543499,-0.0554857,0.0595197,0.167173,0.355463,0.115826,0.0494437,-2.01681,0.0276646,0.0568602,-1.53159,-1.71073,-0.563303,-0.0594049]],"sigmahat":[[0.0694477,0.0496718,0.0355013,0.0250276,0.132285,0.229395,0.00518562,0.0068853,0.135115,-0.00122941,0.0045001,0.707192,0.0162894,-0.0056773,0.263584,0.357329,0.0923339,0.0107267],[0.0496718,0.102893,0.0509775,-0.104331,0.016371,0.0701457,-0.0234239,0.0082456,-0.0146612,0.00450585,0.0335912,-0.109857,0.015508,0.0126416,0.00557975,-0.0917667,0.0295344,0.00698426],[0.0355013,0.0509775,0.231034,0.0269697,0.0479574,0.4514,0.0157039,0.00203568,-0.118884,-0.000882601,-0.0102991,-0.297354,-0.0278509,-0.00906743,-0.248973,-0.108449,0.0309212,0.0140485],[0.0250276,-0.104331,0.0269697,9.09129,-0.121613,0.661974,0.127288,0.119588,0.445525,0.0419956,-0.189133,-0.408984,-0.149092,-0.0775833,-0.509011,-0.236987,-0.0685525,-0.00273455],[0.132285,0.016371,0.0479574,-0.121613,3.24842,2.17993,0.0134938,-0.00415284,0.0394141,-0.0161023,0.00474591,6.58239,0.0890082,0.0126883,1.4952,1.23095,0.864308,0.0545474],[0.229395,0.0701457,0.4514,0.661974,2.17993,5.13334,0.000640183,0.041358,0.0267015,-0.0148071,0.0256657,9.3863,0.0816314,-0.0265344,1.18604,2.00038,0.560585,0.0830978],[0.00518562,-0.0234239,0.0157039,0.127288,0.0134938,0.000640183,0.334692,0.0507961,-0.111275,0.035976,-0.298076,0.0183022,0.0156348,0.0276487,-0.160956,0.281646,0.173143,0.0160964],[0.0068853,0.0082456,0.00203568,0.119588,-0.00415284,0.041358,0.0507961,0.0743097,-0.0456265,0.0521311,-0.0410078,0.605324,0.0247029,0.0208339,0.0980343,0.128328,0.00941162,0.0109522],[0.135115,-0.0146612,-0.118884,0.445525,0.0394141,0.0267015,-0.111275,-0.0456265,3.19228,-0.0573486,0.0333732,4.29564,0.0322121,-0.133802,2.49843,1.76799,0.0517118,0.0648191],[-0.00122941,0.00450585,-0.000882601,0.0419956,-0.0161023,-0.0148071,0.035976,0.0521311,-0.0573486,0.0503283,-0.0279429,0.282549,0.0165904,0.0169431,0.0276831,0.0484766,0.00572266,0.00794461],[0.0045001,0.0335912,-0.0102991,-0.189133,0.00474591,0.0256657,-0.298076,-0.0410078,0.0333732,-0.0279429,0.472995,-0.138699,0.00790996,-0.0163416,0.507981,-0.0442487,-0.10605,-0.0100631],[0.707192,-0.109857,-0.297354,-0.408984,6.58239,9.3863,0.0183022,0.605324,4.29564,0.282549,-0.138699,141.396,1.45725,-0.348087,31.4589,17.7489,5.09427,0.63081],[0.0162894,0.015508,-0.0278509,-0.149092,0.0890082,0.0816314,0.0156348,0.0247029,0.0322121,0.0165904,0.00790996,1.45725,0.0673623,0.0356593,0.34786,0.30621,0.079373,0.013796],[-0.0056773,0.0126416,-0.00906743,-0.0775833,0.0126883,-0.0265344,0.0276487,0.0208339,-0.133802,0.0169431,-0.0163416,-0.348087,0.0356593,0.072918,-0.559724,0.0144555,-0.00292658,-0.00785724],[0.263584,0.00557975,-0.248973,-0.509011,1.4952,1.18604,-0.160956,0.0980343,2.49843,0.0276831,0.507981,31.4589,0.34786,-0.559724,19.1949,5.73224,1.62412,0.429705],[0.357329,-0.0917667,-0.108449,-0.236987,1.23095,2.00038,0.281646,0.128328,1.76799,0.0484766,-0.0442487,17.7489,0.30621,0.0144555,5.73224,13.048,1.08488,0.175497],[0.0923339,0.0295344,0.0309212,-0.0685525,0.864308,0.560585,0.173143,0.00941162,0.0517118,0.00572266,-0.10605,5.09427,0.079373,-0.00292658,1.62412,1.08488,1.05216,0.0349502],[0.0107267,0.00698426,0.0140485,-0.00273455,0.0545474,0.0830978,0.0160964,0.0109522,0.0648191,0.00794461,-0.0100631,0.63081,0.013796,-0.00785724,0.429705,0.175497,0.0349502,0.0361261]],"n":18,"lags":3}