{"betahat":[[0.830612,-0.100639,2.48929,9.94287,8.53464,13.453,-0.886622,-0.3177,-3.87868,-0.179106,3.44006,57.6484,0.158501,-0.182955,6.30608,0.127677,-0.71178,5.71017,3.77142,0.0426199],[0.904553,0.0495706,-0.182823,-1.82212,-1.16072,-1.35827,0.167109,0.056833,0.0845035,0.0521103,-0.110508,2.02679,0.165157,0.129701,1.29895,0.135798,0.0467813,-0.298323,-0.202486,0.106772],[-0.00414686,0.935945,0.0222212,-0.760739,-0.00322559,-0.702449,0.0722866,-0.0131591,0.204052,-0.00464594,-0.0602549,-0.331891,-0.0116087,-0.0106964,-1.21187,0.00951169,0.029733,0.0481437,-0.0137335,-0.0062881],[0.133233,0.0311673,1.12111,0.683604,0.382442,0.589369,0.0765161,0.0404928,0.18013,0.00456065,0.0359612,3.96151,-0.0133368,-0.0287701,0.768487,0.0204487,-0.0254683,1.63657,0.132524,0.00113986],[0.00203618,0.00385823,0.0149412,0.518858,-0.0226916,-0.0269926,0.0256033,0.0169878,-0.0436154,0.0158469,-0.033247,0.249807,0.015115,0.016308,0.0392871,-0.017742,0.00454688,-0.00113053,0.0161215,0.00505029],[0.0230786,0.0154511,-0.00404739,0.143179,0.848311,0.0881095,0.0349136,0.00757052,0.0253418,0.00148212,-0.0396407,0.197467,0.00807987,-0.0172766,0.237291,-0.0477072,-0.00202055,0.166841,0.00474376,0.00442841],[-0.00107548,0.00367569,0.00732973,-0.196662,0.0496873,0.959993,-0.0304493,-0.00738138,-0.0368767,-0.00538888,0.0415908,0.603743,0.00628595,-0.00102427,0.269178,0.0166788,-0.00895122,-0.00712858,-0.00534971,0.00806419],[0.00657548,-0.00478667,-0.0541246,0.824796,0.536038,0.00556707,1.03914,0.128319,-0.424904,0.0716054,0.120183,0.620782,0.0520148,0.0475607,1.00974,0.14022,0.0171893,0.405642,0.0279548,0.0283158],[-0.0598899,0.0246717,-0.0237023,-0.838764,-1.00642,-1.0168,-0.0377946,1.05791,-0.646911,0.253161,0.134347,-5.31926,-0.14741,-0.067865,-0.828429,0.142068,0.112846,-1.13482,-0.344455,-0.00564039],[0.00138387,0.00288494,-0.00743262,-0.0839397,-0.00969356,-0.0132678,0.00720569,0.0182998,0.928575,0.0148134,-0.0187242,-1.15001,-0.00976572,0.0116776,-0.429278,0.0259779,0.0106823,-0.0058543,-0.0929264,0.00375486],[0.0476324,0.00656713,-0.00963379,-0.530761,-0.233319,-0.29693,-0.0605242,-0.0699411,-0.181407,1.02867,0.0762728,-2.19465,-0.134329,-0.0473211,-1.40937,-0.162856,0.093705,0.00321682,-0.117272,-0.0538771],[0.0496102,0.0402799,-0.0420993,0.507152,0.111086,0.17908,0.070131,0.0248915,0.166075,0.00675702,1.13646,1.81561,0.00413482,-0.0579817,1.34453,0.113812,-0.0350312,0.323316,-0.000522501,0.0364679],[-2.36473e-05,-0.000123992,0.00158534,9.73166e-05,0.0224943,0.0259348,0.0115446,-0.000393758,-0.0041861,5.52366e-05,-0.0173036,0.894344,0.000236982,0.00249608,-0.0524298,0.00564804,0.00267951,0.000807629,0.00236516,0.000592356],[0.00762639,0.00743804,-0.15219,0.306704,0.706494,0.56073,-0.258582,0.204533,0.317387,0.178073,0.321969,-1.94421,1.08512,0.0809387,1.11285,-0.396195,0.0373012,1.97038,-0.552546,0.134573],[0.0166678,-0.043426,0.118028,0.962084,0.263633,0.335817,0.140943,-0.00180617,-0.508954,-0.0288305,-0.273142,-1.36418,0.0591234,0.976196,-1.32359,-0.125487,-0.0422621,1.12241,0.0190369,-0.0254541],[-0.00420166,-0.00991696,-0.00834217,-0.023789,0.0272348,0.0510331,-0.000857399,0.00797125,0.00426357,0.00511528,0.0103481,-0.070206,0.00499823,0.00111918,1.0595,0.00565903,-0.00128077,0.0529163,0.0106771,0.00247973],[-0.00919522,-0.0367851,-0.0406776,0.292362,0.0819902,-0.236242,0.189627,0.000782221,-0.214651,0.00668935,-0.136109,-4.86746,-0.0649779,-0.0112129,-0.820106,0.811915,0.00974262,-0.835597,0.0579905,-0.00557157],[-0.052866,0.0579032,-0.436572,0.803393,-1.06431,-1.2127,-0.129322,-0.101845,-0.1921,-0.0942923,0.38241,-10.0533,0.0946054,0.110895,-3.23961,0.0913136,1.12532,-1.2274,-0.838666,-0.199407],[0.0331217,0.0422698,0.0522179,0.0339245,0.0484817,0.0449445,0.0195404,-0.000631758,0.0379479,0.000134406,-0.0203944,0.216343,-0.00229444,-0.00706615,-0.00947653,-0.0173746,0.000507842,0.406312,-0.0298788,-0.000536789],[-0.0529797,-0.0255916,0.0235717,-0.381109,0.0248618,0.102963,-0.0622665,0.0383116,0.394989,0.0287506,0.076997,0.997443,0.000510665,0.0392857,-0.591038,0.0512192,-0.026784,-0.860904,0.319451,0.0220774],[0.097573,0.106686,0.43254,0.18305,-0.50794,0.366236,0.149486,-0.123923,-1.82841,-0.0510846,0.213492,3.46354,0.0279429,0.00559668,2.32915,-0.026039,-0.0231889,1.14171,0.586892,1.01975],[0.0786722,0.0270459,0.185811,1.54968,0.7919,0.885522,-0.0658669,-0.0295376,0.00692478,-0.0217934,0.032819,-3.09235,-0.0845373,-0.0547664,-1.51887,0.0510885,-0.055712,-0.524291,0.338488,-0.0871619],[0.0822108,0.172379,0.0235998,0.50659,0.135095,0.677238,-0.0395604,0.0220975,-0.00827674,0.00920819,0.0273877,0.59784,0.0528162,0.0272218,0.963742,0.0520921,-0.0392069,0.297019,0.157392,0.0084252],[-0.0807772,0.00452718,-0.149807,-0.500548,-0.288395,-0.659781,-0.0487953,-0.0298544,0.0121202,0.00558869,-0.0498302,-4.39733,-0.0126977,0.0172915,-1.01705,-0.0550008,0.0317423,-1.08734,-0.156374,-0.0192946],[0.00621812,0.00519353,0.00534083,0.187948,0.0135453,0.0486791,-0.0228398,-0.00932674,0.00798925,-0.00892518,0.0228074,-0.0563426,-0.00898043,-0.0195455,0.0521817,0.0204946,-0.00497236,-0.00200668,-0.00364194,0.00251607],[-0.0146262,-0.0131539,-0.00964399,-0.0915535,0.092606,-0.0708109,-0.0219805,-0.00276292,0.0764312,0.00340718,0.0156423,-0.0355332,0.000798249,0.014255,-0.161538,0.030767,-0.0011119,-0.124971,0.000649154,-0.00444813],[-0.000294183,-0.0063438,-0.00693486,0.0854026,0.0221307,0.00767934,0.028553,0.00267684,0.0242861,0.00280946,-0.0486556,-0.479712,-0.0024425,0.00668844,-0.227217,-0.00760748,0.00598162,0.109501,0.0247286,-0.00930896],[-0.00274479,-0.00118987,0.0798272,-0.721852,-0.393478,0.420932,0.0384343,-0.0560726,0.212424,-0.0202334,-0.154839,0.671577,0.00431465,-0.00918013,-0.629171,-0.15327,-0.00362993,-0.270394,0.082497,-0.0104712],[0.0651505,0.0130039,0.066934,0.64921,0.551902,0.817285,0.0457715,-0.0427606,0.688222,-0.208797,-0.157831,3.61656,0.0956077,0.0902947,-0.0492379,0.0115517,-0.0864368,1.1001,0.166743,0.023677],[-0.00830591,-0.00610025,-0.00412459,0.162675,-0.0435292,-0.0340603,0.00572972,-0.0193986,-0.0559682,-0.0105819,-0.00869752,0.509383,0.00166762,-0.00834181,0.257944,0.00998347,-0.011756,-0.196981,0.0407955,0.000919453],[-0.0153112,0.0292829,0.00462205,0.547506,0.104383,0.296596,0.03066,-0.000507951,0.636546,-0.0741957,-0.0854786,4.23705,0.134324,0.0424512,1.54133,0.188694,-0.0746409,0.281364,0.0655213,0.0985628],[-0.0247765,-0.0174466,0.0180069,-0.012383,-0.00939523,0.0218848,-0.0258227,0.00866856,-0.165417,0.0128502,-0.090789,-0.644566,-0.00155063,0.0304259,-0.649272,0.0453298,0.0313293,-0.0412116,-0.0530895,0.00114741],[6.8632e-05,-0.00119349,-0.00421944,0.00292644,-0.0143442,-0.022093,-0.00477256,0.00264601,0.00739787,0.00133553,0.00917209,0.0355801,0.000146947,-0.000531533,0.0158715,-0.00359621,-0.000499743,0.0346437,-0.00227115,-0.00161473],[0.0333063,0.0247178,0.270775,0.991483,0.00717833,0.464658,0.213122,-0.0631532,-0.19885,-0.0970995,-0.450845,-1.69259,-0.116166,-0.0592591,-0.985729,0.237812,-0.0582662,-1.56141,0.370125,-0.0802544],[0.0434505,0.114125,-0.149866,-0.0642673,-0.135403,-0.667003,-0.071862,0.0501596,0.741293,0.0661391,0.0659363,0.832338,-0.0738771,-0.0488257,1.07801,0.104447,0.0276196,-0.256003,-0.283597,0.0178438],[0.00212681,0.00677425,0.00918267,-0.0129932,-0.00211165,-0.00537037,-0.00278922,-0.00551771,-0.0198733,-0.00392155,-0.00248919,0.0532659,-0.00553429,0.00179964,-0.0811586,-0.00154459,0.00220593,-0.0273085,-0.00506082,-0.0037091],[0.0108022,0.06052,-0.00726803,-0.424413,-0.222928,-0.153012,-0.195201,0.0250812,0.32403,0.00355556,0.149206,1.83089,0.0350989,-0.0105107,0.914147,0.13804,-0.00191676,0.311044,-0.221571,0.0118009],[0.0710831,-0.116547,0.188668,-1.05773,1.33734,1.45134,0.0423842,0.0639529,1.07906,0.0430323,-0.202752,10.6063,-0.0147043,-0.154484,4.42316,-0.113827,-0.120907,2.4642,0.554753,0.188575],[0.00185288,-0.000328255,0.00865529,0.00776588,0.00646196,0.0182136,-0.0188729,-0.00475615,0.0248458,-0.00261378,0.022072,-0.433325,-0.00865774,0.000881,-0.13937,-0.00712381,-0.00399375,-0.107028,0.0315086,-0.000132666],[-0.0310292,-0.0368178,-0.0675741,0.153809,-0.372164,-0.418699,0.110978,0.0308801,0.040728,0.0283629,-0.191277,-1.06621,-0.0263061,-0.00484003,-0.796711,0.0114826,0.0356633,-0.665807,-0.0466302,0.00965273],[-0.133035,-0.00936476,-0.18347,-0.386688,-0.231903,-0.744331,-0.24948,0.00839244,-0.305191,-0.0133978,-0.11371,-3.51322,-0.073674,0.0170777,-1.8629,0.228004,0.0508502,0.294357,-0.569096,-0.103471],[0.0167751,-0.0766102,-0.00301002,0.272445,0.368812,0.47276,-0.101306,-0.0273014,-0.0913958,-0.0303301,0.0777275,1.06534,-0.0806145,-0.0749374,0.2201,-0.186851,0.0089267,0.822489,-0.136031,-0.0196103],[-0.0780664,-0.108322,-0.0458454,0.254163,-0.13188,0.0252112,-0.0327861,-0.008945,-0.195747,-0.00457582,0.0328971,-0.266131,-0.0412042,-0.016529,0.248278,-0.0615683,0.00946962,-0.345307,-0.143691,-0.00213884],[-0.0524602,-0.0356876,0.0286656,-0.183011,-0.094099,0.0703619,-0.0277982,-0.0106399,-0.192213,-0.0101592,0.0139217,0.435439,0.0260328,0.0114688,0.248735,0.0346041,-0.00627598,-0.549408,0.0237907,0.0181509],[-0.00824826,-0.00903547,-0.0202973,0.292932,0.00912069,-0.0216419,-0.00283634,-0.0076636,0.0356588,-0.00693127,0.0104897,-0.193654,-0.00613456,0.00322565,-0.0912654,-0.00271522,0.000427133,0.00310119,-0.0125261,-0.0075688],[-0.00843388,-0.00227315,0.0136805,-0.0516515,0.0589815,-0.0172646,-0.0130085,-0.0048025,-0.101698,-0.00489951,0.0240733,-0.162454,-0.00886459,0.00301722,-0.0753956,0.0169872,0.0031303,-0.0418185,-0.00542764,2.72174e-05],[0.00138384,0.00269379,-0.000406697,0.111215,-0.0719544,0.0321969,0.00185016,0.00472002,0.0126166,0.00257999,0.00712868,-0.124565,-0.00383233,-0.00566625,-0.0416552,-0.00901096,0.00296973,-0.102294,-0.0194141,0.00124954],[-0.0038543,0.00613169,-0.0261935,-0.102988,-0.142361,-0.426894,-0.0791977,-0.0721405,0.214785,-0.0513743,0.0359251,-1.30185,-0.0561972,-0.0384005,-0.376495,0.013618,-0.0136085,-0.136624,-0.111376,-0.017798],[-0.00820127,-0.0440915,-0.0842673,-0.0577075,0.276212,-0.098409,0.0169526,-0.0893158,0.0451926,-0.0922179,-0.00366719,0.761722,0.0285723,-0.0324638,0.764187,-0.137605,-0.0310383,0.094975,0.128501,-0.0158016],[0.00684056,0.00312622,0.0119519,-0.0799891,0.0529014,0.0483252,-0.0126355,0.000994749,0.124903,-0.00429194,0.0275039,0.639668,0.00805128,-0.0033153,0.170844,-0.0359839,0.00106035,0.201183,0.0519524,-0.00462861],[-0.0261489,-0.035251,-0.026502,-0.306635,0.00860737,-0.251873,0.0656461,-0.00728025,-0.386349,-0.00993233,-0.0279309,-2.83823,-0.0151608,-0.00273078,-0.216321,-0.0395687,-0.0257116,-0.273221,0.0430451,-0.0421495],[-0.0249019,-0.0229367,0.0241208,-0.49471,-0.101374,-0.20098,-0.0437154,-0.0336049,-0.00189956,-0.0196073,-0.0463885,-1.16542,-0.00254307,0.0276426,-0.69545,-0.159298,0.00366363,-0.28237,0.0541783,-0.0375926],[0.000715785,0.00211672,0.00180832,-0.00652278,-0.00832212,-0.00943379,-0.00385968,-0.000910403,-0.00237367,-0.000251395,0.00728176,0.00819824,-0.000198542,-0.00150775,0.0343326,-0.00209389,-0.00133881,-0.0329074,0.0020189,0.000974088],[-0.0120765,-0.062829,-0.0425391,-0.380014,-0.129412,-0.508299,-0.00608618,-0.10774,0.27443,-0.0900413,-0.117351,2.9945,-0.0153526,-0.0439672,0.828004,0.0696597,-0.0381913,-0.571348,0.2774,0.00736397],[-0.0312184,-0.0575104,-0.0343441,-0.808673,-0.0773727,0.194524,-0.108024,-0.0569571,0.236153,-0.0441901,0.162305,1.32175,-0.0104167,-0.0454588,0.544518,-0.130132,0.040282,-0.442042,0.103328,-0.0215857],[0.00242217,0.00346252,-0.00095714,0.0350529,-0.0213375,-0.0432517,0.00402729,-0.00265698,0.0161114,-0.00170372,-0.00943879,0.0121562,0.000933622,-0.0018148,0.0151454,-0.00390292,-0.000954865,-0.0258801,-0.00272912,0.00114653],[-0.00720792,-0.0201289,-0.011927,-0.0448583,0.0203621,0.138923,0.0172343,-0.027911,0.0562094,-0.00992492,-0.0783201,2.6627,0.027269,0.00868339,0.028039,-0.00765914,-0.00471989,0.474679,0.131743,-0.0039733],[-0.0331235,0.043781,0.288024,0.321228,-0.386823,-0.27664,0.133914,0.0351926,-0.975215,0.0587492,-0.222811,-1.30108,-0.103177,0.0361612,-1.60855,0.0145802,-0.00548781,-1.25781,0.199998,0.00375556],[0.0185196,0.0308217,0.0212316,0.0108008,0.0145245,0.0611213,-0.00375319,0.000360068,-0.00429565,-0.00040402,0.00624785,-0.318658,-0.00241969,0.000828401,-0.128448,0.00359891,-0.000547358,-0.0900958,0.00587767,0.000754073],[-0.0128407,-0.00137864,-0.00988026,0.0167253,0.0712893,0.114748,0.0337007,0.00407576,-0.196657,0.0102647,-0.0411903,-0.0450733,0.00321675,0.0187366,-0.364787,0.0270118,0.0241775,0.0784736,0.000797477,0.0263452],[-0.0435295,0.0241232,-0.00025107,0.482688,-0.577996,0.0527225,0.0755369,0.18499,0.19872,0.135137,0.0460315,-1.8316,0.0199854,0.0664749,-1.81161,0.165607,0.0719843,-2.06896,-0.562047,-0.0579162]],"sigmahat":[[0.0638329,0.0444106,0.0317806,0.0177679,0.12161,0.209146,0.0051,0.00586315,0.126317,-0.00135176,0.00329166,0.647339,0.0147594,-0.00652816,0.25379,-0.0380601,-0.00816093,0.332393,0.0852728,0.01054],[0.0444106,0.0939273,0.0504934,-0.0982361,0.0228672,0.0691466,-0.0206443,0.00721911,-0.0219144,0.00426973,0.0300315,-0.0986921,0.0135342,0.0108799,0.013612,0.00891152,-0.00173199,-0.12541,0.0352557,0.00788936],[0.0317806,0.0504934,0.197078,-0.0228192,0.0165423,0.378358,0.00547754,0.000855441,-0.0616571,-0.00245041,-0.010306,-0.375899,-0.0211235,-0.00879088,-0.20356,0.014254,-0.00629967,-0.121296,0.00822856,0.0118332],[0.0177679,-0.0982361,-0.0228192,8.40162,-0.169348,0.469588,0.0668976,0.122853,0.649375,0.0431742,-0.185736,0.132738,-0.128246,-0.0698394,-0.267342,0.387407,-0.0617835,-0.101356,-0.0950181,-0.00523369],[0.12161,0.0228672,0.0165423,-0.169348,2.99158,1.96431,0.00495471,-0.00111578,0.0446661,-0.0106838,-0.00460389,6.01019,0.0869998,0.0122498,1.35005,-0.185652,-0.0256367,1.10541,0.782577,0.0488283],[0.209146,0.0691466,0.378358,0.469588,1.96431,4.72519,-0.0148144,0.0373056,0.0651703,-0.0144665,0.00737185,7.99874,0.0715918,-0.0316484,1.04272,-0.246187,-0.0320721,1.7419,0.461564,0.0752635],[0.0051,-0.0206443,0.00547754,0.0668976,0.00495471,-0.0148144,0.304207,0.0506104,-0.0749479,0.0337813,-0.26697,0.33778,0.0229908,0.0268164,-0.026523,-0.00785727,0.0164329,0.351311,0.154396,0.015926],[0.00586315,0.00721911,0.000855441,0.122853,-0.00111578,0.0373056,0.0506104,0.0693158,-0.048545,0.0485266,-0.0416924,0.579636,0.0237982,0.0201631,0.0838431,0.031717,0.00667953,0.124373,0.014445,0.00943529],[0.126317,-0.0219144,-0.0616571,0.649375,0.0446661,0.0651703,-0.0749479,-0.048545,2.86573,-0.0538134,0.0327606,3.24274,0.00486729,-0.127636,2.06104,-0.286224,-0.0708223,1.51478,0.0757487,0.0579026],[-0.00135176,0.00426973,-0.00245041,0.0431742,-0.0106838,-0.0144665,0.0337813,0.0485266,-0.0538134,0.0468254,-0.0259736,0.288807,0.0168652,0.0166497,0.0334596,0.0185975,0.00693499,0.0541925,0.00857077,0.00667713],[0.00329166,0.0300315,-0.010306,-0.185736,-0.00460389,0.00737185,-0.26697,-0.0416924,0.0327606,-0.0259736,0.416905,-0.283049,0.00119804,-0.0170604,0.403163,-0.0152451,-0.0164858,-0.0759766,-0.0882943,-0.00919354],[0.647339,-0.0986921,-0.375899,0.132738,6.01019,7.99874,0.33778,0.579636,3.24274,0.288807,-0.283049,120.764,1.21257,-0.362193,27.0182,-0.366123,-0.251717,14.9283,4.65443,0.523545],[0.0147594,0.0135342,-0.0211235,-0.128246,0.0869998,0.0715918,0.0229908,0.0237982,0.00486729,0.0168652,0.00119804,1.21257,0.060045,0.034034,0.278668,-0.01115,-0.00143365,0.257808,0.0785222,0.0130293],[-0.00652816,0.0108799,-0.00879088,-0.0698394,0.0122498,-0.0316484,0.0268164,0.0201631,-0.127636,0.0166497,-0.0170604,-0.362193,0.034034,0.0707853,-0.536595,0.00545849,0.012974,0.00926664,-0.0041799,-0.00708139],[0.25379,0.013612,-0.20356,-0.267342,1.35005,1.04272,-0.026523,0.0838431,2.06104,0.0334596,0.403163,27.0182,0.278668,-0.536595,17.1684,-0.167211,-0.243942,5.02163,1.56568,0.38378],[-0.0380601,0.00891152,0.014254,0.387407,-0.185652,-0.246187,-0.00785727,0.031717,-0.286224,0.0185975,-0.0152451,-0.366123,-0.01115,0.00545849,-0.167211,0.294629,-0.00217913,-0.614797,-0.0750341,-0.00456651],[-0.00816093,-0.00173199,-0.00629967,-0.0617835,-0.0256367,-0.0320721,0.0164329,0.00667953,-0.0708223,0.00693499,-0.0164858,-0.251717,-0.00143365,0.012974,-0.243942,-0.00217913,0.0181941,-0.0293033,-0.037679,-0.00432036],[0.332393,-0.12541,-0.121296,-0.101356,1.10541,1.7419,0.351311,0.124373,1.51478,0.0541925,-0.0759766,14.9283,0.257808,0.00926664,5.02163,-0.614797,-0.0293033,12.7799,1.01392,0.161694],[0.0852728,0.0352557,0.00822856,-0.0950181,0.782577,0.461564,0.154396,0.014445,0.0757487,0.00857077,-0.0882943,4.65443,0.0785222,-0.0041799,1.56568,-0.0750341,-0.037679,1.01392,0.948992,0.0308053],[0.01054,0.00788936,0.0118332,-0.00523369,0.0488283,0.0752635,0.015926,0.00943529,0.0579026,0.00667713,-0.00919354,0.523545,0.0130293,-0.00708139,0.38378,-0.00456651,-0.00432036,0.161694,0.0308053,0.0329311]],"n":20,"lags":3}