{"betahat":[[-0.0105696,-0.51145,4.4497,14.3368,14.1176,26.9039,-2.82095,-1.33249,-17.5181,-0.884309,6.78915,80.0344,-0.391587,0.555684,-19.0031,-3.19926,7.0019,6.23914,-2.33851,17.8955,-0.139726,-0.550877,-3.0065,-0.591213],[-0.0261761,0.0972216,-0.0045892,1.65729,-0.937346,0.172419,-1.05318,0.0845001,1.36639,0.0389401,0.545898,9.01522,0.0609317,0.172872,-1.98622,-0.0748716,-0.158005,-0.219917,-0.836672,2.3817,-0.0483945,-2.14777,0.0485312,-0.165863],[0.145809,-0.0440984,0.0543492,-0.157392,-0.59965,0.496816,-0.0463119,0.109207,-1.10182,0.0213854,-0.635556,4.00398,-0.0255658,-0.161069,-0.23604,-0.117246,-0.174483,-0.604464,-0.267858,1.84559,0.102084,-0.48913,-0.319728,-0.0229416],[-0.066605,0.312696,0.163797,-0.197751,0.149368,0.410592,-1.20658,-0.0506342,-1.14624,-0.0547715,1.01386,-0.979638,0.0776077,0.134508,-0.583184,-0.173601,-0.462811,-0.458985,-0.443133,3.12362,-0.0489272,-2.40778,-0.110782,-0.0146509],[0.748706,-0.103592,-0.429957,-2.41776,-1.74468,-1.8209,0.142853,0.0551257,0.160003,0.0478221,-0.0845051,4.91023,0.16745,0.094012,2.68867,0.0169203,0.0289332,0.156658,0.0353799,0.659992,0.0346088,-0.162506,0.247417,0.140183],[0.0499289,1.02725,0.269708,-1.44453,0.147947,-0.434133,-0.0657962,-0.0387155,0.553088,-0.0513976,0.0581258,0.408606,-0.0256571,0.00740965,-1.62497,0.00628599,-0.214775,-0.228823,0.0964679,0.0731784,0.0290245,0.79325,-0.110905,-0.000645198],[0.160876,0.00686324,1.20351,0.41664,0.965927,1.48047,0.169054,0.0708307,-0.0168308,0.0370759,0.103928,4.80189,0.0269537,0.00805655,1.27671,0.0525956,0.154271,-0.219252,0.0335703,-0.159654,-0.0410163,1.46342,0.440555,0.017716],[-0.0100243,-0.00823854,0.000948331,0.38003,-0.0226548,-0.0770374,0.0256787,0.0181373,-0.0454645,0.0174727,-0.0381299,0.225439,0.0205629,0.029701,0.0316802,0.0223443,0.0319205,-0.00268718,0.0202409,-0.143607,0.00721441,0.179457,0.00865497,0.00376221],[0.0260832,0.0195497,0.00319893,0.10787,0.732031,0.118308,0.0402767,0.0070876,0.123732,-0.00241675,-0.0321135,0.346301,0.0238935,-0.0160549,0.295994,0.0130259,-0.0193816,-0.0255703,0.0578289,-0.20983,-0.00769165,-0.00745804,0.0329365,0.0113872],[0.0114775,0.0204069,0.0288667,-0.193268,0.0203119,0.855966,-0.0148667,-0.00397288,0.0244551,-0.00158617,0.0270376,0.954634,0.0145669,-0.00562665,0.396918,-0.0169601,-0.0304473,0.0148364,0.0321778,0.141577,-0.0129119,-0.043934,0.0351875,0.0118756],[0.0596204,-0.0280365,-0.0398342,1.56351,1.34127,0.242645,1.27756,0.202512,-0.427302,0.112385,-0.0523804,2.99818,0.0800959,0.0293364,2.38846,-0.0320803,-0.0307385,-0.160945,-0.0443813,0.318111,0.0264179,0.986319,0.154409,0.0778658],[-0.0812036,0.120541,-0.0545918,-1.49982,-1.71628,-1.68677,-0.111743,1.05786,0.0397569,0.355575,0.253202,-5.92537,-0.0911635,-0.0499919,-0.553344,0.0570603,-0.280764,0.0612319,0.467949,0.50835,0.0866956,-2.6012,-0.142634,-0.00317221],[-0.00351478,-0.00361123,-0.00734315,0.0316959,0.0579459,-0.00547373,0.0418737,0.014592,0.929242,0.0139626,-0.0447822,-1.39464,-0.00999038,0.0202932,-0.52735,-0.00384941,0.00299472,0.0229475,0.0729043,-0.103046,0.0118372,0.0444442,-0.0451884,0.00485485],[0.105713,0.000565838,-0.0753866,-1.13183,-0.363384,-0.781259,-0.080829,-0.224139,-0.169622,0.844974,0.0455998,-5.16374,-0.206252,-0.0348507,-3.23724,0.0462798,0.107733,-0.353692,-0.153212,-0.578563,0.119589,0.703517,-0.153315,-0.132891],[0.074682,0.0781063,-0.0835881,1.14348,0.39182,0.0219023,0.0298549,0.0224618,0.215815,-0.00948724,1.24727,2.67162,0.0129102,-0.0611153,2.1338,-0.0307225,-0.117749,-0.068602,-0.0541175,0.340026,-0.0608548,0.142992,-0.0591986,0.0458237],[0.00248308,0.00261482,0.00361919,0.0210279,0.0318164,0.0463362,0.0101725,-0.00170196,-0.000583572,-0.000822551,-0.0112634,0.884476,0.00188927,0.00335698,-0.0193189,0.00334366,0.00467533,0.00139102,-0.00182676,0.0654533,0.000683032,0.0592777,0.0162034,0.000268198],[0.00463904,0.00786634,-0.421492,-1.33661,0.954071,0.0879442,-0.379703,0.36337,-0.0707304,0.302026,0.482061,-5.38699,1.10365,0.258835,-0.182142,0.196823,-0.112621,-0.122774,0.530116,-2.9023,0.175522,2.05034,-0.779029,0.103252],[-0.0926343,-0.0992793,0.168392,1.73906,0.314058,0.714429,0.0728727,-0.0289876,-1.1454,-0.0469454,-0.285195,-1.00853,0.0474471,0.849859,-0.891409,0.200296,0.301044,0.14547,0.152497,0.240575,-0.161834,-0.462429,0.316059,-0.0115598],[-0.00549478,-0.0113591,-0.00648725,-0.0809196,0.0688203,0.0765428,0.0299801,0.0122261,0.0168615,0.00900507,-0.0158204,-0.159908,0.0104225,-0.000237427,1.06137,-0.00213448,0.00859709,0.00108897,-0.0310862,-0.128489,-0.00328833,0.0164851,0.0230814,0.00321478],[0.223868,0.294935,0.332313,0.0239326,0.766089,1.4568,-0.112892,0.100391,1.30843,0.0261002,0.34565,-1.34606,0.14743,0.121011,0.0505459,0.468608,0.301953,-0.266083,-0.843136,-0.066804,-0.0654338,0.654253,0.0856678,0.0528486],[-0.00951872,0.00707938,0.0410836,-0.529409,0.128889,0.212913,0.0987043,-0.11464,0.259401,-0.0829432,-0.112285,2.85893,-0.0294439,-0.00386152,0.629537,0.0718341,0.305462,-0.170717,-0.368502,-0.521997,0.00806295,0.530595,0.0972364,0.00818642],[-0.0249434,-0.00352346,0.0626233,-2.27223,0.827172,0.582421,-0.0737054,-0.0216573,-1.09945,-0.0219021,0.186044,-2.65909,-0.0622589,-0.131211,1.1026,-0.0596867,-0.242324,0.491348,-0.283579,-0.264218,-0.0891121,-1.55135,0.369506,-0.0427974],[-0.015478,-0.0176866,-0.0457134,-0.202782,-0.201083,-0.275782,0.0577574,0.0367753,-0.283856,0.015493,-0.0618187,-0.0977912,0.0684619,0.0395449,-0.0507876,0.0810006,-0.0665247,-0.0782406,-0.0653888,-0.474126,0.00852633,-0.274611,-0.110622,0.0217075],[0.0107426,0.00206829,-0.00611926,0.145579,0.0240198,-0.0532912,0.0240805,0.00583034,0.00753833,0.00410754,-0.0295244,-0.45757,0.00170158,0.00952313,-0.192104,-0.0150729,-0.0364437,0.000966305,-0.0210856,0.581997,-0.00139848,-0.179036,-0.0217143,-0.00466937],[-0.0972242,-0.0464814,-0.420639,2.08863,-0.836723,-0.377537,0.181169,-0.18791,-1.69104,-0.185823,0.0732674,-11.7494,0.137324,0.13353,-3.31899,-0.221098,0.0262981,0.206779,-0.370383,-2.11671,1.19843,-1.39001,-1.30991,-0.231925],[0.0265521,0.0427134,0.0591698,-0.0747303,-0.0108425,-0.0404901,-0.00538396,0.00452717,-0.0959355,0.00642138,0.00775709,-0.122532,-0.0168055,-0.023954,-0.0480354,-0.0173582,-0.020358,0.0086164,-0.0562433,0.0876028,0.00028198,0.0620689,-0.0561368,-0.0128207],[-0.125639,-0.0960544,-0.0269465,0.476701,-0.17932,-0.388639,-0.128362,-0.00992695,0.212814,-0.0191657,0.0651967,-0.989299,-0.113108,-0.013205,-1.66105,-0.015403,-0.071366,0.223374,-0.136411,0.992714,0.00567307,-1.46312,0.0303041,0.00706664],[0.114823,0.0677396,0.88936,0.129164,-0.92927,2.55781,-0.514034,-0.41332,-4.60556,-0.26408,0.623225,7.77697,-0.240054,-0.223636,2.69918,0.22151,0.388644,-0.507681,1.53953,1.40253,0.0356373,1.72922,8.22585e-05,0.989029],[0.22219,0.173184,0.425967,2.25426,1.38621,1.38338,-0.00796531,-0.0577797,0.561748,-0.0394875,0.000911957,-2.5681,-0.000476915,0.0311726,-2.37811,0.0827429,-0.0198209,-0.059802,-0.0925169,0.197077,-0.0677965,0.000562163,0.0978336,-0.0954068],[0.0666851,0.0716116,-0.179807,0.555371,0.261385,0.535339,0.211792,0.00562397,0.0640546,0.0142058,-0.186848,1.26741,0.095097,0.012398,1.74043,0.138926,0.237255,0.0421934,0.220105,-0.00679942,-0.042644,0.777151,0.474386,0.0311067],[-0.0927321,0.0310958,-0.300808,-0.298314,-0.485513,-1.22104,-0.180626,-0.0680512,0.43384,-0.0268141,-0.00584492,-4.80838,-0.00844167,-0.00560904,-0.999928,-0.0720572,-0.0516136,0.101983,0.0254232,-0.781119,0.0562673,-0.452636,-0.359061,-0.0305539],[0.0198582,0.0176685,0.0202036,0.290572,-0.00663924,0.0604908,-0.0250035,-0.00678491,0.0237065,-0.00790661,0.0287854,0.0465932,-0.00843844,-0.0321925,0.164598,-0.0242737,-0.0191437,-0.013477,-0.0208967,0.208339,-0.00802799,-0.0216346,0.0128507,0.00436357],[-0.0147792,-0.0150931,-0.0413151,-0.0299151,0.10618,-0.165064,-0.0271315,-0.00652552,0.12241,0.00525151,-0.00189542,0.000286134,-0.00749686,0.00669623,-0.183718,-0.0232978,0.0165025,0.0418622,-0.0839775,0.0175628,-0.00192541,-0.116069,0.00646405,-0.00339754],[-0.0108269,-0.0237287,-0.0238235,0.109321,0.0357169,0.0262799,0.041003,0.00235015,-0.0543632,-0.000408277,-0.085344,-0.254614,-0.00791788,0.00632476,-0.239647,0.0222465,0.0481241,-0.0143704,-0.0154961,0.0375736,0.0141975,0.171268,-0.0515874,-0.0115992],[-0.040112,0.0633174,0.0842193,-1.04707,-0.915006,0.605918,-0.20949,-0.0625188,0.155789,-0.00815194,0.0311986,0.471973,0.0437938,0.0744051,-1.84139,0.0181442,-0.0212839,0.1026,0.111532,-0.229911,-0.00256877,-0.792822,0.179698,-0.0341813],[0.0721785,-0.119573,0.0591089,0.957703,1.00788,1.4397,0.220241,-0.0302254,0.805102,-0.289299,-0.380525,5.07648,0.0265999,0.0245163,0.132879,-0.124168,0.193651,-0.186272,-0.688606,0.179214,-0.075015,2.78623,0.056874,0.0287519],[-0.000588076,0.00167469,-0.0287595,0.190155,-0.119995,-0.121437,0.00182527,-0.0152209,0.00553603,-0.0070343,-0.00198129,0.904574,0.00499819,-0.0136704,0.417886,0.00931247,-0.00183962,0.0134159,-0.0671956,0.332903,-0.0150877,-0.13623,-0.00432071,-0.00315917],[-0.0356659,0.0928457,0.0575964,0.387433,0.353703,0.74913,0.0732815,0.101359,0.619802,0.0387972,-0.0982834,8.48561,0.200209,-0.00927265,3.7167,-0.101782,-0.151778,0.218013,-0.00608396,1.27755,-0.108685,-0.348929,0.333776,0.174467],[-0.0583864,-0.0819252,0.0637707,-0.106981,-0.115924,0.566672,0.1387,0.041632,-0.319235,0.0531241,-0.317881,-0.468678,-0.00452827,0.049054,-1.42342,0.0337033,0.0985647,0.0615538,0.0487585,0.655245,0.0642869,0.218339,0.122144,-0.00373293],[-0.00241741,-0.00806808,-0.0122189,0.00171564,-0.0373341,-0.0446828,-0.00290703,0.00487728,0.0216003,0.00254017,0.00556965,0.101146,2.94675e-05,-0.00117218,0.0211541,0.0062661,0.0153576,-0.000390592,-0.000797104,-0.0252363,0.000195778,0.0326412,-0.0072238,-0.00108006],[0.0438466,-0.0913349,0.400122,4.04448,1.07023,1.2985,0.231298,-0.213874,0.18492,-0.188884,-0.57464,0.700259,-0.200966,-0.227299,-0.554613,-0.128739,0.152395,0.394461,-0.391776,0.37219,-0.168254,-0.18064,0.224367,-0.0687184],[0.134167,0.196573,-0.241695,-0.31929,0.14257,-1.21655,0.202788,0.0586691,0.802106,0.114647,-0.0461064,3.04881,-0.0925089,-0.00987471,1.3625,-0.0706439,-0.187218,-0.0546162,0.305086,0.925387,0.114364,1.01573,-0.292788,0.000972599],[0.00318375,0.00740902,0.00447074,-0.0358291,0.00695818,-0.0151801,-0.0226047,-0.00566866,-0.0371489,-0.00492071,0.0149883,0.245269,-0.00510041,0.00516368,-0.0922035,-0.00200777,0.00456293,-0.00279431,0.0155342,0.061435,0.00396669,0.00307193,0.000852833,-0.00374627],[-0.0853908,-0.201899,-0.291239,0.184242,-0.325447,-1.442,0.218552,0.131286,-0.252237,0.121375,-0.382615,4.00881,0.0361798,-0.0201665,0.341291,0.17922,0.197203,-0.016674,0.319997,-0.588119,0.0315488,0.641734,0.0809774,0.0557408],[-0.0203024,-0.0248549,-0.0150274,0.00895254,0.123106,-0.0917589,-0.122132,-0.027337,-0.197588,-0.0361791,0.216001,-2.28556,0.0222477,0.0297752,-1.34757,0.10332,0.034651,0.101974,-0.285139,-0.157899,0.00981345,-0.237664,-0.0881816,-0.0334314],[-0.0102114,-0.0355992,-0.0302834,0.920874,-0.190256,0.139219,-0.00333439,-0.0375618,0.807832,-0.0310245,-0.00626015,8.30797,0.129999,0.0707779,1.82443,0.286047,0.172743,0.0342272,0.300568,-0.687114,0.0426485,0.982179,0.0543655,0.0538971],[-0.0509143,-0.0379971,-0.0382993,0.137329,-0.035316,-0.199757,-0.0364607,-0.0260148,0.201684,-0.0192334,0.0495005,-0.675349,0.00992649,-0.0170822,0.531503,-0.0186309,-0.134988,0.0343352,0.210064,-0.00519184,-0.0184375,-0.35677,-0.0826663,0.0108912],[0.0053655,0.00773449,0.000444894,-0.197697,0.0147512,0.0228141,-0.0318257,-0.00748138,0.00236349,-0.00787822,0.0294294,0.114317,-0.00201844,-0.0143667,0.238154,0.00794728,0.0139561,0.00868248,0.0195316,0.29599,-0.00128945,0.108532,-0.00786407,0.00315722],[0.0952624,-0.144055,0.332406,-2.42228,1.60798,1.72092,-0.34661,0.122482,2.45955,0.115463,0.189285,10.5196,-0.0655577,-0.208076,4.96449,0.426572,0.353198,-0.121087,0.87898,1.28727,-0.202527,3.85364,0.897775,0.248499],[0.0104926,0.0023256,-0.000233044,0.0959688,0.00311983,0.015366,-0.0314208,-0.00848883,0.0371302,-0.00471554,0.00974867,-0.422007,-0.0118363,-0.00757259,0.0101312,-0.000905958,-0.0459486,-0.00266993,0.0039364,-0.0413034,-0.00830775,-0.119099,0.0153621,-1.55534e-05],[-0.0694149,0.0213232,0.0565266,-0.516543,-0.692932,-0.502744,0.1561,0.0663819,-0.239541,0.0647868,-0.189844,-4.04553,-0.0581729,0.0372718,-1.70773,-0.0114563,-0.103732,-0.0164113,-0.0982387,0.658139,0.0868234,-0.967424,-0.223012,-0.00702725],[-0.251936,0.0616595,-0.455445,-1.52369,-0.246771,-2.47632,0.148982,0.058342,-0.204751,0.037398,-0.336844,-12.0446,0.051989,0.280382,-3.58728,-0.0518938,0.212648,0.286093,-0.619354,1.18977,-0.0118036,1.11165,0.10189,-0.0856621],[0.0290764,-0.0695638,0.00381958,0.163213,0.358108,0.436613,-0.134984,0.0026456,-0.721332,-0.0083277,0.0835703,-2.34506,-0.167025,-0.125246,-0.310105,-0.0996636,-0.00926041,-0.0968016,0.0571854,-0.857399,0.0331966,0.161088,-0.345291,-0.0447794],[-0.116631,-0.0988925,-0.0900538,0.889439,-0.409606,-0.10204,-0.146079,0.0330611,-0.616529,0.0371682,0.128651,-1.67816,-0.0694898,-0.0198718,-0.115163,-0.145222,-0.0225683,0.186649,-0.316403,-0.0665756,0.0135956,-1.57093,-0.363495,-0.0304677],[-0.0681431,-0.0379757,0.0971291,-0.118319,-0.480606,-0.260141,0.0114137,-0.00279407,-0.416554,-0.0102521,-0.0980508,0.00610683,-0.0185517,-0.00255505,-0.275798,0.0195379,-0.10271,0.117276,-0.0587041,0.940495,-0.0152571,-1.01072,-0.0813388,0.0128419],[-0.00981133,-0.00936743,-0.0213013,0.328882,0.0291516,0.0159915,-0.000687319,-0.011286,0.0219833,-0.00950515,0.00927112,-0.272213,-0.0121392,0.00242432,-0.195465,0.00191704,-0.0129044,0.0161232,0.000883003,-0.0651342,0.000811501,-0.158154,-0.0214428,-0.00811605],[-0.0112992,-0.00444969,0.038056,-0.0779438,0.16121,0.0464525,-0.0132064,-0.000505722,-0.245771,-0.00278772,0.0339888,-0.346069,-0.0164236,0.00923702,-0.110459,0.0104427,0.00291839,-0.0163661,0.0265103,0.192391,0.00959538,0.124316,-0.0391613,-0.00793707],[-0.000626402,0.00335983,-0.00513717,0.0841012,-0.0566248,0.11693,-0.0261531,0.00171844,0.0305503,0.00207128,0.0582771,-0.700571,-0.006655,-0.000754378,-0.15622,-0.00514665,-0.0177188,-0.000534744,-0.0164855,-0.179111,-0.00129598,-0.127125,0.0164578,-0.000256598],[-0.0196743,-0.0350802,-0.0467619,-0.518791,-0.4304,-0.86146,-0.0698676,-0.139875,0.2806,-0.104018,0.0199754,-3.51561,-0.124696,-0.104658,-0.543398,0.0145475,0.0509503,0.0579017,-0.0626941,-0.0972752,-0.0238287,-0.19727,-0.33474,-0.0437641],[0.010389,0.00913003,-0.132558,-0.119305,0.295105,-0.501853,-0.100927,-0.110805,-0.346917,-0.106551,0.129898,0.0456457,0.0625922,-0.00115933,0.822766,0.109519,0.0757229,0.105157,0.20773,-0.674356,-0.0189426,-0.33488,0.106728,-0.00604398],[0.00390234,0.00163614,0.037515,-0.221426,0.0648382,0.132911,-0.043856,-2.75307e-05,0.0553363,-0.00744971,0.0492821,0.491666,0.00528473,-0.00614247,0.107632,-0.00605569,-0.00123203,-0.0353011,-0.00912678,-0.22204,0.00303017,0.0873229,0.0497171,-0.00167532],[-0.0555169,-0.0941365,-0.0998507,0.115507,-0.267337,-0.591604,0.03769,0.00986098,-0.00122627,0.0232272,0.0161703,-4.09596,-0.00501253,0.0115264,-0.230015,0.0885647,0.050608,0.0946979,0.0884998,-0.886791,-0.0210682,-0.363475,-0.178727,-0.0296017],[-0.0161881,0.00378899,0.0197444,-1.03565,-0.273846,-0.585194,-0.167163,-0.0636413,0.103286,-0.0433863,0.0689246,-2.17753,-0.00791004,0.0123945,-0.706935,-0.00347973,0.0192652,0.00696816,0.00543719,-0.99638,-0.00333072,-0.359907,-0.0620744,-0.0418855],[-0.00110459,0.00574675,0.00794939,-0.0172508,-0.013309,-0.0248765,-0.00348204,0.000423525,-0.0300171,0.00126828,0.00791299,-0.143298,-0.00215883,-0.00130861,-0.00208684,-0.00636156,-0.0209801,0.00103785,-0.00640473,-0.00689865,0.00025488,-0.0848813,-0.00999856,0.000984869],[-0.0101847,-0.0232294,0.134059,-0.40534,-0.426961,-0.573975,0.11582,-0.0473761,0.48067,-0.0665982,-0.277672,3.37419,-0.0141024,-0.0254113,1.09967,-0.154341,-0.320379,-0.133132,-0.223085,1.47736,-0.0994877,-2.16232,0.477963,0.020793],[0.0177567,-0.0178471,0.0937535,-1.48737,-0.115943,0.779179,-0.399285,-0.0731892,0.00375082,-0.0920841,0.288835,2.24347,-0.0405838,-0.0536889,-0.272681,-0.0254945,-0.0814757,-0.229363,-0.235008,-1.3349,0.0888948,-0.707244,0.0313891,-0.07519],[0.00181716,0.00359164,-0.00139328,0.117954,-0.071288,-0.0693977,-0.00446729,-0.00563748,0.0273426,-0.0035138,-0.0067406,-0.0974538,-0.00506739,-0.00347613,0.0122209,0.00526241,-0.0110724,0.00245159,0.0172831,0.0577977,-0.000413251,-0.0202291,-0.0223851,0.000481293],[-0.0907614,-0.0967036,-0.0296722,-0.192438,-0.609006,-0.131746,-0.00924133,-0.20286,-0.519818,-0.133249,0.0379922,-2.71611,-0.140662,-0.130787,0.98753,-0.0838746,-0.210112,0.176805,0.776819,0.404338,-0.0180736,-0.861048,0.0559702,-0.0732313],[0.0845198,0.114164,-0.00677694,-0.0173099,0.150006,0.13794,0.0225352,0.0341728,-0.0509366,0.0314455,-0.154055,0.020152,0.0317601,0.0168124,0.0566075,0.101519,-0.018335,0.00964128,0.437516,0.0450408,-0.0050584,-0.200312,-0.00848677,0.0107993],[0.0223045,-0.122097,-0.139536,0.771994,-0.501522,-0.50089,0.146203,0.119454,0.0988546,0.0911007,-0.285323,-0.554556,0.0432926,0.0468178,-0.295282,0.20595,0.357914,0.0541759,-0.0656217,-0.284076,0.00833899,0.664003,0.0401802,0.0192246],[0.0341714,0.0400394,0.0397775,0.165097,-0.329887,-0.260617,0.00873948,0.0226563,0.301004,0.00608683,-0.0109211,-0.349502,-0.0263837,-0.0456693,0.429029,-0.00979006,-0.0709072,-0.0703581,-0.0516185,0.00852893,-0.00390188,0.0336539,-0.0501776,0.0256055],[-0.0160328,-0.00971925,0.00478792,0.0506271,-0.0407632,0.0266764,0.00740231,0.00178483,-0.00547036,0.00387676,-0.000472619,0.334601,9.86429e-05,0.0043666,-0.0416531,0.00726708,0.0221137,-0.0100614,0.00335486,0.116561,0.00273818,0.0704583,0.0292404,0.001592],[0.00859035,0.19716,0.286739,0.705217,-0.87338,-0.779213,0.218434,0.0650568,-0.955336,0.0619185,-0.267005,-2.17491,-0.0825985,0.138955,-3.14468,-0.252304,-0.427512,-0.149452,-0.581399,0.960728,0.00444461,-2.1655,0.127544,-0.0314898],[0.0170497,0.0331186,0.0307039,-0.032325,0.0148972,0.143338,0.0102025,0.0100072,-0.0182343,0.00519419,0.0093959,-0.132283,0.00786371,0.0109473,-0.137602,-0.00969719,-0.0267687,0.00507541,-0.0168082,0.00451137,0.00286446,-0.0261918,0.00577527,0.00194399],[0.0151931,-0.0173634,-0.0367143,0.160466,0.409874,0.499215,-0.0614516,-0.012507,0.0170918,-0.00658358,0.110912,0.296497,0.00559135,-0.0135545,-0.166227,0.043774,0.0591674,0.0191129,0.108821,0.230651,0.00520221,0.124495,0.110225,0.0242096],[0.0688767,0.0881115,-0.135072,1.18894,-1.02409,-0.848182,0.558067,0.380545,2.26863,0.276933,-0.414991,4.22204,0.158504,0.0319988,-1.04556,-0.281901,-0.629224,0.280986,-0.697985,-0.496991,0.0811733,-4.10675,-0.332865,-0.0661474]],"sigmahat":[[0.0295836,0.0224007,0.0189068,0.028447,0.0449725,0.0740796,-0.00867095,0.00111892,0.0716104,-0.00192918,0.00669046,0.196319,0.0021672,-0.00421464,0.0567164,-0.0021279,-0.00727064,-0.0276873,0.0103215,-0.0947661,-0.00173996,0.094541,-0.00616646,0.00279034],[0.0224007,0.0616267,0.0390137,-0.0500438,0.0298743,0.00949517,-0.0187939,0.00254181,-0.00995224,0.0027521,0.00599419,-0.115618,0.00256331,0.00556238,-0.0685001,-0.0332465,-0.0612693,-0.015931,-0.0489898,0.0496212,0.0041182,-0.200774,-0.0289793,0.00171466],[0.0189068,0.0390137,0.126056,-0.014011,0.0245529,0.229371,-0.0205292,-0.00420634,-0.0150747,-0.00277538,0.0116316,-0.358154,-0.0121152,-0.00410382,-0.194167,-0.0289269,-0.0550124,-0.0301836,-0.0401217,0.130058,-0.00191114,-0.059278,-0.0481805,0.00304813],[0.028447,-0.0500438,-0.014011,3.99321,-0.0913469,0.363479,0.12241,0.0949671,0.0800034,0.0466541,-0.210436,-1.16525,-0.0336911,0.00960027,-0.31331,0.0554919,0.0210657,0.0526493,0.00283321,0.982348,-0.0254977,0.38485,-0.0850158,0.00201565],[0.0449725,0.0298743,0.0245529,-0.0913469,1.77203,0.816881,-0.00459321,-0.000666944,-0.0841343,-0.00693102,-0.00157972,4.20986,0.0438211,-0.00268958,0.736168,-0.0412935,0.0842131,0.0352879,-0.0758215,-0.125698,-0.00618789,0.29223,0.320512,0.0132586],[0.0740796,0.00949517,0.229371,0.363479,0.816881,2.67898,-0.0364893,0.0342368,0.0132282,0.00906174,0.0375965,4.82486,0.0388793,-0.0155725,0.221383,-0.0131681,0.0990581,-0.0948723,0.10694,-0.588801,-0.00900381,1.27868,0.255937,0.0396787],[-0.00867095,-0.0187939,-0.0205292,0.12241,-0.00459321,-0.0364893,0.154641,0.037715,-0.0976924,0.0233605,-0.133344,0.57794,0.0148474,0.0184872,0.0205019,0.0232068,0.0386923,0.00426607,-0.0169518,0.201054,0.00638183,0.154879,0.0451703,0.00608828],[0.00111892,0.00254181,-0.00420634,0.0949671,-0.000666944,0.0342368,0.037715,0.042947,-0.0432572,0.0286564,-0.0339651,0.600799,0.0126993,0.0112944,0.080937,0.00455573,0.00076123,-0.00450822,-0.00666291,0.112346,0.00426978,0.0549584,0.0317876,0.0055171],[0.0716104,-0.00995224,-0.0150747,0.0800034,-0.0841343,0.0132282,-0.0976924,-0.0432572,1.6317,-0.0376583,0.0729671,0.493545,-0.0147347,-0.0999122,1.09485,0.0555741,0.0546083,-0.077938,0.150543,-0.9347,-0.0512732,0.830526,0.0140557,0.0320153],[-0.00192918,0.0027521,-0.00277538,0.0466541,-0.00693102,0.00906174,0.0233605,0.0286564,-0.0376583,0.0265237,-0.0192262,0.380347,0.00995259,0.0090744,0.0605279,0.00355682,0.000813736,0.00141095,0.0021706,0.0943574,0.00375183,0.00928922,0.025721,0.00422761],[0.00669046,0.00599419,0.0116316,-0.210436,-0.00157972,0.0375965,-0.133344,-0.0339651,0.0729671,-0.0192262,0.238144,-0.295584,0.000186532,-0.0118918,0.186662,-0.000601791,-0.0144984,-0.00833029,0.0506835,-0.281018,-0.00987743,0.062231,-0.00148708,-0.00613253],[0.196319,-0.115618,-0.358154,-1.16525,4.20986,4.82486,0.57794,0.600799,0.493545,0.380347,-0.295584,78.8383,0.697978,-0.274322,17.6483,0.553112,1.27189,-0.214058,0.855667,-0.183888,-0.0645983,6.59769,3.75584,0.322626],[0.0021672,0.00256331,-0.0121152,-0.0336911,0.0438211,0.0388793,0.0148474,0.0126993,-0.0147347,0.00995259,0.000186532,0.697978,0.0227408,0.0140406,0.105277,0.0123676,0.0194789,-0.00102155,0.00811297,-0.0186681,0.000698021,0.0755984,0.0500896,0.00319899],[-0.00421464,0.00556238,-0.00410382,0.00960027,-0.00268958,-0.0155725,0.0184872,0.0112944,-0.0999122,0.0090744,-0.0118918,-0.274322,0.0140406,0.0399807,-0.354249,0.00205012,0.00490956,0.00129369,-0.0200466,0.0754603,0.0089742,-0.0228256,-0.010499,-0.00505672],[0.0567164,-0.0685001,-0.194167,-0.31331,0.736168,0.221383,0.0205019,0.080937,1.09485,0.0605279,0.186662,17.6483,0.105277,-0.354249,9.92253,0.220336,0.261127,-0.038087,0.493851,-0.686991,-0.120712,1.92794,1.11878,0.153657],[-0.0021279,-0.0332465,-0.0289269,0.0554919,-0.0412935,-0.0131681,0.0232068,0.00455573,0.0555741,0.00355682,-0.000601791,0.553112,0.0123676,0.00205012,0.220336,0.115684,0.123154,-0.0106542,0.111543,-0.0395564,-0.0066346,0.479326,0.0741137,0.00302801],[-0.00727064,-0.0612693,-0.0550124,0.0210657,0.0842131,0.0990581,0.0386923,0.00076123,0.0546083,0.000813736,-0.0144984,1.27189,0.0194789,0.00490956,0.261127,0.123154,0.23329,-0.00694343,0.120956,-0.177348,-0.00381384,0.862922,0.112107,0.00404404],[-0.0276873,-0.015931,-0.0301836,0.0526493,0.0352879,-0.0948723,0.00426607,-0.00450822,-0.077938,0.00141095,-0.00833029,-0.214058,-0.00102155,0.00129369,-0.038087,-0.0106542,-0.00694343,0.0937744,-0.0394165,0.175522,-0.00262401,-0.312127,0.00873557,-0.00383235],[0.0103215,-0.0489898,-0.0401217,0.00283321,-0.0758215,0.10694,-0.0169518,-0.00666291,0.150543,0.0021706,0.0506835,0.855667,0.00811297,-0.0200466,0.493851,0.111543,0.120956,-0.0394165,0.497517,-0.348122,-0.0162474,0.785483,0.0927754,0.00120204],[-0.0947661,0.0496212,0.130058,0.982348,-0.125698,-0.588801,0.201054,0.112346,-0.9347,0.0943574,-0.281018,-0.183888,-0.0186681,0.0754603,-0.686991,-0.0395564,-0.177348,0.175522,-0.348122,4.5188,0.0216545,-1.11371,0.115946,0.00368672],[-0.00173996,0.0041182,-0.00191114,-0.0254977,-0.00618789,-0.00900381,0.00638183,0.00426978,-0.0512732,0.00375183,-0.00987743,-0.0645983,0.000698021,0.0089742,-0.120712,-0.0066346,-0.00381384,-0.00262401,-0.0162474,0.0216545,0.0104042,-0.0325169,-0.0133479,-0.00169809],[0.094541,-0.200774,-0.059278,0.38485,0.29223,1.27868,0.154879,0.0549584,0.830526,0.00928922,0.062231,6.59769,0.0755984,-0.0228256,1.92794,0.479326,0.862922,-0.312127,0.785483,-1.11371,-0.0325169,6.64757,0.509148,0.0702408],[-0.00616646,-0.0289793,-0.0481805,-0.0850158,0.320512,0.255937,0.0451703,0.0317876,0.0140557,0.025721,-0.00148708,3.75584,0.0500896,-0.010499,1.11878,0.0741137,0.112107,0.00873557,0.0927754,0.115946,-0.0133479,0.509148,0.428011,0.0168432],[0.00279034,0.00171466,0.00304813,0.00201565,0.0132586,0.0396787,0.00608828,0.0055171,0.0320153,0.00422761,-0.00613253,0.322626,0.00319899,-0.00505672,0.153657,0.00302801,0.00404404,-0.00383235,0.00120204,0.00368672,-0.00169809,0.0702408,0.0168432,0.0086892]],"n":24,"lags":3,"seasonalRows":3}