{"betahat":[[1.33959,1.3543,0.600302,4.00024,-1.31008,-1.32826,-0.198284,-0.0398212,0.095085,0.0117948,0.110712,17.9699,0.302764,-0.0496772,9.61684,1.92052,1.38895,0.0469886],[0.881645,-0.152766,-0.159683,0.48274,0.416392,0.727242,-0.0161449,-0.010497,0.0159087,0.00198212,0.000714871,1.53692,-0.0042344,-0.0280989,0.523564,0.237847,0.198719,-0.0153276],[0.0515449,0.858445,0.0682041,0.195539,0.125347,0.000954773,0.0684561,-0.0181137,0.00282984,-0.0062204,0.00568169,0.329806,0.0191057,0.018966,0.200365,-0.104748,0.0658121,0.0206216],[-0.0108518,-0.0349498,0.588496,0.433234,0.0342489,0.0595027,0.0178818,0.00347895,0.0033076,0.00397534,-0.00644036,0.449853,-0.00801727,-0.0259891,0.148436,0.0699824,-0.0303928,0.00628388],[-0.0376165,0.00400254,0.0323269,0.689289,-0.0259523,-0.0700399,-0.00829789,-0.000829186,-0.00273569,-0.00410706,-0.00233005,-0.331039,-0.00461782,-0.00537286,-0.0584509,-0.0812787,-0.0111589,-0.00773274],[0.0398291,-0.0258234,-0.0303892,0.311824,1.04672,0.10109,0.00902799,-0.00228391,0.00508362,0.00389329,0.00505102,0.381728,0.000733802,0.00315973,0.0751863,0.0673507,-0.0165278,0.0097423],[0.0558004,0.0115486,0.0514792,-0.0306898,0.0344877,0.944107,0.0165454,-0.00556822,0.00167793,2.6898e-07,0.00191476,-0.139183,0.00251425,0.00251906,0.0700726,-0.0512675,-0.0210758,0.00617006],[0.320369,0.0278368,-0.0747947,-0.5352,0.221587,-0.536144,0.736753,-0.00363827,-0.015055,-0.0360837,-0.0161754,-1.88777,-0.0153881,0.0277731,-0.742289,-1.07336,0.47336,0.0101454],[0.784976,-0.422444,1.41839,3.76285,0.763465,1.22923,0.460326,0.940205,-0.118731,-0.186523,-0.149642,-4.0637,-0.0960893,-0.0996173,1.31929,0.0696095,1.04021,-0.0252519],[0.0667034,0.32474,-0.767277,0.340312,-0.127191,-0.741941,0.629934,-0.125045,1.22979,0.158148,-0.235259,-2.69322,-0.104517,-0.0393791,3.43871,0.756752,0.469432,0.227654],[-0.242502,0.389937,-0.328345,0.647245,0.175699,1.69234,-0.00275181,0.0162207,0.0657564,1.00932,-0.0592078,1.94576,-0.0471373,-0.083186,-2.09103,0.0360067,0.622714,0.214259],[0.192097,0.249581,-0.299489,6.5024,-0.0212302,2.41074,0.0455915,-0.0573111,0.12851,0.217105,1.23778,6.86277,0.00231461,0.012971,-0.039311,-0.556567,0.911035,-0.0133314],[-0.00398901,-0.0199514,-0.00389049,0.0519264,-0.00391501,0.00195475,0.0080424,0.000828857,0.000418827,0.00110468,-0.00211654,1.03732,9.79518e-05,0.00162468,-0.0479894,0.0201276,-0.000209491,0.00174418],[0.288253,0.694823,-0.17416,2.01782,0.307454,1.07513,0.0419699,0.0158823,0.0032706,0.0119771,-0.0314116,-5.29123,1.04497,0.0168236,0.217288,1.64811,-1.25714,0.0918825],[-0.592779,-0.598768,-0.0692153,-4.51895,-0.926837,-2.11063,-0.188964,0.0825155,-0.0661454,-0.0921565,0.00813758,-2.13467,0.0300812,1.06871,-2.11676,0.0836944,0.387111,0.0175442],[0.0614666,0.0417982,-0.00113954,0.0841932,0.110851,0.0802656,0.0044842,-0.0018519,0.00243363,0.00346559,0.00986117,0.0612696,0.011703,0.00513169,1.1356,0.107171,0.00190779,0.00259559],[-0.0881475,-0.0539613,-0.0742176,-0.10979,-0.0687909,-0.0430837,0.00467944,0.00769306,0.000702058,0.00179963,0.00259241,0.366024,0.00554346,-0.00150986,-0.0182746,0.291694,0.0274875,0.00181962],[-0.194637,-0.151091,0.0715056,-0.256457,-0.199358,-0.198058,0.0417628,-0.0137771,0.0105613,0.0120688,0.00583068,1.20317,0.0189023,0.0242787,-0.0479613,-0.376958,0.318434,0.0304455],[-0.058144,0.33,2.01838,-0.984273,-1.68926,-1.31579,-0.367234,-0.109923,-0.00524735,-0.0287217,0.0227715,-1.95794,-0.113469,-0.0895447,0.510812,-0.332931,0.656026,0.938404],[0.0852755,0.0487201,0.120371,-0.201208,-0.251225,-0.431798,0.00726215,-0.00128568,-0.00720626,0.000655167,-0.000922555,-1.00722,-0.000131316,0.0216814,-0.314477,-0.149885,-0.133844,0.0150449],[-0.0965057,-0.0602592,-0.0143184,-0.115013,0.00654022,0.096235,-0.0459673,0.0160991,-0.000732982,0.00321463,-0.0116499,-0.216476,-0.0166116,-0.01677,-0.159948,0.0798468,-0.0417731,-0.0171463],[-0.00890684,0.0306439,0.222952,-0.354548,-0.142752,-0.161903,0.000598797,0.00455333,-0.00116045,0.00281623,0.00349486,-0.332138,-0.00321702,0.0104938,-0.050865,0.020686,-0.0243757,-0.00205244],[0.0415416,-0.00332,-0.0429268,0.26303,0.0294425,0.0479623,-0.0010369,-0.000851627,0.00222855,0.00264557,0.00147692,0.229585,0.00381018,0.00632376,0.00457931,0.013226,0.0142965,0.0075643],[-0.0109105,0.016274,0.0445839,-0.236102,-0.0305476,-0.0909618,-0.00834837,0.000818813,-0.00512071,-0.00328799,-0.0036309,-0.301993,-0.00308607,-0.0019902,-0.0683452,-0.0256389,0.0182071,-0.00800787],[-0.00722471,0.00125614,-0.0241345,0.00543096,0.0130619,0.0334711,-0.0157183,0.00393731,-0.00268888,-0.00106575,-0.00218242,0.0256305,-0.00441175,-0.00226565,-0.0919692,0.0276595,0.0220982,-0.00458322],[-0.224975,0.00631314,0.0155563,0.564026,-0.316567,0.350576,0.0171337,-0.0212021,-0.00189059,0.0163591,0.0425789,0.347594,0.0490184,0.0304196,0.496677,0.983864,-0.397771,-0.0197979],[-0.355418,1.00759,-0.958002,-3.4202,-0.2595,-0.756849,-0.776021,0.0366183,0.0396348,0.0893868,0.0311346,0.0951973,-0.00244418,-0.100608,-0.62585,0.451072,0.16899,0.104386],[-0.156367,-0.218334,0.737228,-1.58416,-1.44243,-1.4084,-0.526884,0.120385,-0.186612,-0.144055,0.125421,-0.814096,0.0131464,0.115031,-3.05235,-0.895848,-0.121474,-0.300517],[-0.0747248,-0.731497,0.262207,1.19743,-0.999718,-1.01488,0.130084,-0.012511,-0.0675699,-0.0150612,0.00970837,-7.85668,-0.0225504,0.00740941,1.57442,-1.54787,-0.652341,-0.0196246],[-0.387388,-0.175909,0.280456,-4.25804,-0.830195,-2.08263,0.0848352,0.0653151,-0.115214,-0.1734,-0.3082,-5.99941,-0.0253465,-0.00623596,-1.48489,0.217449,-0.413153,-0.0713052],[0.00376577,0.0170449,0.00777663,-0.0557113,0.00491294,-0.00306286,-0.00581615,-0.000408374,-0.000548565,-0.000655036,0.0020167,0.0169406,0.00113488,0.000149193,0.0272686,0.0153671,0.00131093,-0.0018745],[0.230918,0.0169984,0.428688,-1.15202,0.524047,0.00299412,-0.0612772,-0.0295893,0.000748052,-0.00653831,0.0213168,1.85484,-0.0719639,-0.0181802,-0.0818819,-0.886552,0.626554,-0.052901],[0.648278,0.782669,0.0332915,3.86647,0.899558,1.80283,0.258916,-0.110897,0.108664,0.112767,-0.000173299,3.27811,-0.0199744,-0.0587122,2.18042,0.403521,-0.40814,0.035669],[-0.0344963,-0.0347298,-0.015814,-0.095411,-0.0808373,-0.092345,0.00257147,0.00245911,-0.0048862,-0.0036243,-0.00579162,-0.0922502,-0.0133123,-0.00240597,-0.131199,-0.0692092,-0.0086584,-0.0050659],[-0.00507729,0.0246593,0.0316075,0.0245563,-0.0633223,-0.0230542,0.0111967,-0.00425086,0.000952555,-5.6136e-06,0.00416175,-0.173289,-0.00169544,0.002911,-0.0756461,0.0143833,0.0196005,0.00135964],[-0.215178,-0.0362681,0.133517,-0.305435,-0.16145,0.146077,0.0754543,0.0316767,-0.0051816,-0.01198,0.00849229,-0.211829,-0.0112264,0.00919283,-0.429518,0.0353322,-0.16662,-0.0257123],[0.190943,-0.381406,-1.79202,-0.761722,1.0861,-0.241924,0.18264,0.12086,-0.0197123,0.0290583,-0.0349686,-0.273982,0.112905,0.0635733,0.141816,1.27028,-0.377195,0.0699904],[0.0330792,0.104049,0.0393074,-0.281502,-0.165116,-0.295353,0.00890516,0.0117847,-0.00870299,-0.00263303,0.000205175,-0.529764,0.00436706,0.00641763,-0.209129,-0.0881009,-0.0648695,0.000279295],[0.0449596,0.201799,-0.0538983,-0.080475,-0.131865,-0.0971438,-0.0224709,0.00201713,-0.00209743,0.00300963,0.0059643,-0.11336,-0.00249518,-0.00219652,-0.0404637,0.0247759,-0.0240415,-0.00347851],[0.0197596,0.00433142,0.188509,-0.0786167,0.108529,0.102483,-0.0184638,-0.00803185,-0.00214708,-0.00678895,0.00294319,-0.117656,0.0112388,0.0154949,-0.0975728,-0.0907681,0.0547741,-0.00423403],[-0.00390728,-0.00064025,0.0105876,0.0475072,-0.00334837,0.0221934,0.00936302,0.00168193,0.000508499,0.00146576,0.000852027,0.101628,0.000819765,-0.000945287,0.0539204,0.0679193,-0.00308383,0.000167645],[-0.0289161,0.00953682,-0.0141906,-0.0757591,-0.0161344,-0.0100757,-0.000649719,0.0014688,3.54148e-05,-0.000599018,-0.00142532,-0.0800908,0.00234777,-0.00117041,-0.00693159,-0.0418427,-0.00168989,-0.00174006],[-0.0485642,-0.0128051,-0.0273572,0.0251679,-0.0475109,0.0224297,-0.00080469,0.00163335,0.00101031,0.00107006,0.000261841,0.113336,0.00189566,-0.000253363,0.0218653,0.023533,-0.00102238,-0.00159087],[-0.095328,-0.0341176,0.0592358,-0.0286788,0.095416,0.186028,0.246193,0.0248404,0.0169432,0.0197372,-0.0263905,1.54019,-0.0335867,-0.0581679,0.245598,0.0889799,-0.0755602,0.00963704],[-0.230527,-0.436198,-0.412084,0.190973,-0.210142,-0.117048,0.258972,-0.0176719,0.0656942,0.0723161,0.0942071,3.45168,0.0620887,0.156945,-1.0547,0.114623,-1.02432,-0.0495101],[0.0318491,-0.142259,0.0381692,0.887591,1.37798,1.85322,-0.116821,0.0178836,-0.0563942,-0.02805,0.11137,2.985,0.0838568,-0.0537582,-0.763371,0.157851,-0.395735,0.0573366],[0.307402,0.385564,0.0960533,-1.89475,0.777512,-0.684364,-0.140354,-0.00260308,-0.00293047,-0.0108944,0.0501441,5.77098,0.0754486,0.0880864,0.392182,1.54273,0.0200733,-0.205788],[0.132754,-0.0275881,0.00777368,-2.22671,0.74203,-0.34168,-0.142692,-0.00605088,-0.0147042,-0.0497403,0.0514109,-0.869414,0.0181978,-0.00607221,1.34251,0.416403,-0.525397,0.0815577],[-0.0011164,0.000801583,-0.00358058,-0.000411426,-0.000973378,0.000397425,-0.00202926,-0.000236908,0.000128863,-0.000272363,0.000104539,-0.0850824,-0.00134002,-0.00164568,0.0176529,-0.0366635,-0.00152309,-5.01269e-05],[-0.398518,-0.648632,-0.295218,-0.978495,-0.409056,-0.791459,0.0261666,0.0215812,-0.000632301,0.000582733,-0.0016852,3.26747,0.00499711,-0.00955892,-0.154589,-0.547174,0.591763,-0.030559],[-0.0567354,-0.180807,-0.000271742,0.496965,0.0701594,0.307217,-0.0762506,0.0398519,-0.0490434,-0.021643,-0.0182688,-1.17813,-0.0253623,-0.0304773,-0.1549,-0.347237,-0.0347892,-0.0515154],[-0.0266864,-0.00706658,0.0173568,0.0103355,-0.0284581,0.0134228,-0.00671788,-0.000557755,0.002408,0.000194947,-0.00407864,0.027673,0.00164643,-0.00250961,-0.00798082,-0.0406954,0.00701667,0.00237756],[0.0182599,0.045131,-0.0299359,-0.0690305,0.00501935,-0.0356367,-0.00649467,-0.00381871,0.000763118,0.00114879,-0.000954959,-0.0911508,-0.000757884,0.00261875,-0.0744628,0.0145666,-0.016234,0.000388444],[0.017868,0.017106,-0.103302,-0.241525,-0.132955,-0.318964,0.044087,-0.00851497,0.000257644,0.00418572,0.0106518,-0.372945,-0.00570746,0.0187824,-0.396727,0.101917,0.0286302,0.023236],[-0.147013,0.0440813,-0.159345,1.79476,0.51532,1.54637,0.189523,-0.0135405,0.020846,-0.0159433,0.0136653,1.47972,-0.00930967,0.0248838,-0.753554,-0.971445,-0.347535,-0.0478837]],"sigmahat":[[1.57718,0.833642,0.51725,0.428289,2.45221,1.15447,0.0219725,-0.0598813,0.035988,0.019463,0.0787879,3.81239,0.0533145,-0.00910541,1.9948,1.41253,0.209132,0.072607],[0.833642,1.6131,0.10101,-0.140467,1.25442,1.29307,0.00923937,-0.0633808,0.0346873,0.0170718,0.0742314,4.08487,0.0841501,-0.0174227,1.93619,2.01544,0.172992,0.0843278],[0.51725,0.10101,3.43398,-0.434414,0.609202,0.637656,0.104791,-0.00445701,-0.0336712,-0.0570551,0.0190362,-1.37514,-0.0203976,0.0744905,-1.08295,0.134221,0.0945397,-0.115023],[0.428289,-0.140467,-0.434414,22.2828,-0.130817,7.04153,0.227918,-0.183367,0.200443,0.145897,0.0368032,6.04014,0.0335728,0.0339315,2.88143,-0.63201,0.411146,0.0693883],[2.45221,1.25442,0.609202,-0.130817,9.50052,7.5663,0.193197,-0.152555,0.14871,0.103931,0.170328,13.1294,0.165478,-0.0934132,6.03506,3.7203,0.677719,0.236452],[1.15447,1.29307,0.637656,7.04153,7.5663,10.8957,0.301358,-0.184016,0.194605,0.122355,0.15065,13.6015,0.161455,-0.0908093,5.82488,3.33227,0.624906,0.189437],[0.0219725,0.00923937,0.104791,0.227918,0.193197,0.301358,0.319473,-0.0030968,0.0152902,0.00990528,0.00783526,2.36206,0.0157303,0.00915996,0.208478,0.253745,0.0179761,-0.00648477],[-0.0598813,-0.0633808,-0.00445701,-0.183367,-0.152555,-0.184016,-0.0030968,0.0219382,-0.00846572,-0.00365668,-0.0100922,-0.177768,-0.00705904,0.00113476,-0.208796,-0.0458927,-0.0321516,-0.00893316],[0.035988,0.0346873,-0.0336712,0.200443,0.14871,0.194605,0.0152902,-0.00846572,0.0152611,0.0112288,0.0080404,0.688792,0.00896485,-0.00678799,0.312123,0.0880221,0.0337019,0.0146672],[0.019463,0.0170718,-0.0570551,0.145897,0.103931,0.122355,0.00990528,-0.00365668,0.0112288,0.0174732,0.00881853,0.443498,0.00878064,-0.00398069,0.229223,0.05906,-0.00237014,0.0169163],[0.0787879,0.0742314,0.0190362,0.0368032,0.170328,0.15065,0.00783526,-0.0100922,0.0080404,0.00881853,0.0400795,0.723735,0.033364,0.0152474,0.285198,0.0436931,0.0287947,0.0157701],[3.81239,4.08487,-1.37514,6.04014,13.1294,13.6015,2.36206,-0.177768,0.688792,0.443498,0.723735,151.639,1.50256,-0.270053,30.7511,17.5457,3.30098,0.836267],[0.0533145,0.0841501,-0.0203976,0.0335728,0.165478,0.161455,0.0157303,-0.00705904,0.00896485,0.00878064,0.033364,1.50256,0.0822441,0.0436157,0.439865,0.198305,0.0728242,0.0213713],[-0.00910541,-0.0174227,0.0744905,0.0339315,-0.0934132,-0.0908093,0.00915996,0.00113476,-0.00678799,-0.00398069,0.0152474,-0.270053,0.0436157,0.0768509,-0.507083,0.00519223,0.00777534,-0.00544526],[1.9948,1.93619,-1.08295,2.88143,6.03506,5.82488,0.208478,-0.208796,0.312123,0.229223,0.285198,30.7511,0.439865,-0.507083,22.4522,5.9813,1.0894,0.424543],[1.41253,2.01544,0.134221,-0.63201,3.7203,3.33227,0.253745,-0.0458927,0.0880221,0.05906,0.0436931,17.5457,0.198305,0.00519223,5.9813,17.074,-0.289764,0.171494],[0.209132,0.172992,0.0945397,0.411146,0.677719,0.624906,0.0179761,-0.0321516,0.0337019,-0.00237014,0.0287947,3.30098,0.0728242,0.00777534,1.0894,-0.289764,1.57802,0.0155037],[0.072607,0.0843278,-0.115023,0.0693883,0.236452,0.189437,-0.00648477,-0.00893316,0.0146672,0.0169163,0.0157701,0.836267,0.0213713,-0.00544526,0.424543,0.171494,0.0155037,0.0676052]],"n":18,"lags":3}