{"betahat":[[0.0339151,-0.020576,0.104782,0.198041,-0.0155814,0.034262,0.00874989,0.00925822,0.00301883,0.00290395,-0.000575132,1.07997,-0.00567421,-0.0050444,1.21032,1.69578,0.00370974,-0.0677589,-0.0914948,-0.0618899],[0.0532285,-0.0556596,-0.0506172,0.358628,0.272472,0.297608,-0.0133881,-0.00298101,0.00526778,0.00362621,0.00569093,0.819496,-0.00281423,-0.00939254,0.173845,-0.0312223,0.000445693,0.177907,0.100014,-0.0119167],[0.0599127,0.0370654,-0.03712,0.227271,0.114406,0.110907,0.0411307,-0.0128838,0.00734838,0.00387166,0.010233,0.8952,0.00748116,0.00493077,-0.0925249,-0.0743861,0.00214875,-0.464887,0.134742,0.0177079],[0.00813564,-0.0388281,-0.0750385,0.128008,0.0145889,-0.0162881,0.0095508,0.00772448,-0.00173568,-0.000386529,-0.00556632,0.223875,-0.00804438,-0.0138407,0.104206,0.0399123,-0.00110633,0.134381,-0.0341708,-0.00355129],[-0.00472819,-0.00501404,0.0188365,0.0104565,-0.000972987,0.0150547,0.00113249,-0.000998032,5.1736e-05,0.000195235,-0.00166328,-0.206727,-0.00356486,-0.00293123,0.00460675,0.00749845,0.000607709,0.0071001,-0.00456473,-0.00376764],[0.0368414,-0.00678471,-0.0275424,0.18683,0.139214,0.154065,0.00888747,-0.00320483,0.00558379,0.00441758,0.0056272,0.308403,0.00478405,0.00282913,0.0961111,0.0360281,0.00234355,0.0276236,0.0097604,0.00745083],[0.0225847,0.00745858,0.0119669,0.110646,0.0751494,0.0918191,0.0168887,-0.00348004,0.00425967,0.00345065,0.00171376,-0.0609169,0.00228706,0.00220759,0.0114573,0.0270703,0.00255434,-0.0582752,0.00478536,0.00688054],[0.130104,-0.0902795,-0.00460259,-0.3988,-0.019791,-0.493811,0.0222373,0.00396652,-0.00804376,-0.0200589,-0.0302439,-1.86864,-0.0270317,0.0231327,-1.56936,-0.0541965,-0.00747308,-0.930304,0.207944,0.00022751],[-0.122196,-0.0802356,0.216028,-0.310958,-0.561796,-0.50497,0.0855777,0.656479,-0.043419,-0.0246225,-0.0415791,6.27223,-0.0189872,0.0277467,-5.89193,-1.00699,-0.00898441,-0.346258,0.297988,-0.183442],[-0.177112,-0.011945,-0.00734554,-0.333827,-0.556927,-0.557364,0.123562,0.0702845,0.050046,0.0378559,-0.0398234,3.64146,-0.0458791,0.0266571,-2.59475,-0.401424,0.0412836,-0.767647,-0.125669,-0.0317453],[-0.0709519,0.0555411,0.107913,0.511991,-0.295444,0.137006,0.128877,0.0469948,0.0232807,0.0472978,-0.0410075,1.01635,-0.0546385,-0.0184109,-1.35422,-0.169758,0.0323023,-0.543807,0.238643,0.0448978],[-0.0260397,0.0654041,-0.109422,1.29511,-0.0544567,0.542681,0.0491996,0.00969874,0.023407,0.0405364,0.0630766,1.58794,0.0215586,0.0282256,-1.18542,-0.132557,0.0159271,-0.191276,0.0629081,0.00341079],[-0.000332119,1.4332e-05,-0.0020549,0.00168718,0.00198156,0.00293292,0.00107613,0.000283209,0.000505865,0.000381357,0.00028778,0.35017,0.000541234,0.000240063,0.0022848,0.00797442,0.000172026,0.00291445,0.00317527,0.000686797],[-0.0986688,0.0690011,-0.129518,0.0303649,-0.037641,0.144125,-0.00396679,0.00160055,0.00475342,0.00339525,0.0238022,0.431273,0.0622708,0.0491961,0.0621357,-0.0837292,0.000274428,-0.0356186,-0.148344,0.0413244],[-0.251384,-0.0241253,-0.0943523,-0.780428,-0.423477,-0.406162,-0.0410018,0.0282762,-0.00609948,-0.0125761,0.0156101,-0.365187,0.0413833,0.0691429,-1.49435,-0.185113,-0.00677084,-0.242408,-0.0631666,0.0200921],[0.00938833,0.004457,7.35646e-05,0.0264256,0.0213006,0.0213667,0.000857121,-0.00152279,0.000165271,0.000302563,0.00056633,0.0158799,0.00118985,-0.00062687,0.228571,0.0333531,4.47793e-05,0.0170313,0.00744983,0.000610188],[-0.00495088,-0.00192194,0.00397047,-0.0221658,-0.0233436,-0.0268152,-0.00217382,-0.00279336,-0.00121081,-0.00102601,-0.000907005,0.28664,-0.00117427,-0.00030956,0.458348,0.680174,-0.00074611,-0.0368168,0.00191395,-0.000647075],[-0.217914,-0.0571065,-0.0319073,-0.14186,-0.994793,-0.79149,0.12646,0.120727,0.0290324,0.0306182,-0.0570109,-1.09756,-0.0486535,-0.015019,-1.64029,-0.529519,0.0289089,-0.792791,-0.149959,-0.0562213],[-0.00410605,-0.00254239,-0.0351497,-0.02224,0.0529369,0.0450531,0.00151528,0.00189717,0.00105865,0.000607662,1.21022e-06,0.682916,0.00807288,-0.00161677,0.284506,-0.000112488,0.000477906,0.033664,0.0414363,0.00724324],[0.00396861,-0.0166624,-0.000388464,0.133302,0.073858,0.0941905,-0.017646,-0.0127543,0.00698705,0.00568006,0.0016191,1.94434,0.0133248,-0.00123407,0.512148,0.0299479,0.00484985,-0.166663,0.0780773,0.0237461],[0.129571,0.258075,0.331955,-0.0110033,0.144547,0.282471,-0.0816781,-0.0946784,0.0255587,0.0394389,0.0278085,0.431988,0.0308188,0.003287,0.456412,-0.184396,0.0351478,-0.161959,0.21226,0.617063],[-0.0192537,-0.0422628,0.00401906,0.064397,-0.0218374,0.00689235,0.00697204,0.00173953,0.00189952,0.00237852,-4.07716e-05,0.0890491,-0.00342933,-0.000224967,-0.0965328,0.0104526,0.00153897,-0.0318289,-0.0214906,-0.00147502],[-0.0100772,-0.0530892,0.0059508,0.0585335,0.0423979,0.0386922,0.00669686,0.00164251,0.00186681,0.001344,-0.000739612,0.230168,-0.00167825,0.000595949,-0.0957219,0.00956466,0.0010773,-0.0611888,-0.000658019,-0.00267071],[-0.0102526,-0.0107814,-0.0365196,0.00180541,-0.0389185,-0.0416292,0.00490646,0.00278004,0.000456169,0.00176551,-0.00153201,-0.0818924,-0.00385987,-0.00471061,0.0487693,-0.00114473,0.000318152,0.0416572,-0.0170031,-0.00186117],[0.00184911,-0.00417605,-0.00644498,0.00784708,0.0019812,-0.00130505,-0.000856375,-0.000241791,0.00024267,0.000133569,-0.00070278,0.0236177,-0.000735062,0.00037025,-0.00836509,0.00275051,0.0001878,0.00183116,0.00124577,0.00064355],[-0.00359392,-0.00489118,0.000867546,0.0136659,-0.0224847,-0.0139739,-0.00122516,0.000934189,0.000550885,0.000660418,0.000722706,-0.0329567,-0.00044178,0.00124223,-0.0647079,-0.00495481,0.000585212,-0.0264207,0.00300778,-0.00197569],[0.0043923,-0.00169354,-0.000723845,-0.0113689,-0.00817729,-0.0205539,-0.00150147,0.000567671,0.000212957,-5.75746e-05,-0.000508436,-0.0526796,-0.00106369,0.00139944,-0.05719,-0.00697032,0.000277301,-0.0146446,0.00973715,-0.0012429],[-0.0942409,-0.0761974,-0.00688003,-0.240311,-0.232125,-0.248525,-0.0757219,-0.000450146,-0.00645568,-0.00792184,-0.000304958,-0.793411,0.000487174,0.0191631,-0.500457,-0.106308,-0.00153825,-0.0735557,-0.0914706,-0.0157224],[0.0727215,0.150508,-0.0032677,-0.0910394,0.246677,0.20284,-0.0971268,0.0887545,-0.012214,-0.00710116,-0.0001991,3.03185,0.00392953,-0.0249074,-0.964343,-0.115891,-0.00733632,-0.0708196,0.086862,-0.0200147],[-0.0710238,-0.00766834,0.018361,-0.57205,-0.26711,-0.401158,-0.00202747,0.0298162,-0.00121582,-0.00525604,-0.0117515,0.390075,-0.0102966,0.0166746,-0.717127,-0.187847,0.00232882,-0.183728,0.00116435,-0.0335221],[-0.0387133,-0.0386033,0.0388526,-0.216875,-0.161634,-0.192217,0.0210078,0.0065704,-0.00165607,-0.00299351,-0.0169849,-0.805853,-0.0139943,-0.00065355,-0.23916,-0.0321968,0.00294862,-0.191581,0.00764978,-0.00298776],[-0.0483893,0.0145913,0.010294,0.0137965,-0.111971,-0.0239479,0.0117717,0.00542982,0.00345613,0.00264093,-0.00781651,-0.266356,-0.0058897,0.00284544,-0.471984,-0.033517,0.00286526,-0.136007,0.00291039,-0.0121122],[-0.000111292,0.000355709,3.91385e-05,-0.00220045,-0.000507146,-0.000796079,-0.000179007,2.83772e-05,6.75066e-05,5.17251e-05,6.24664e-05,0.0788713,7.607e-05,6.35681e-05,-0.000123068,0.00306122,3.17088e-05,-0.000569483,0.000682792,0.000121131],[0.00598232,0.0736469,-0.0246327,-0.0478998,0.0234374,0.0523272,-0.0136507,-0.00458956,0.000849069,-0.000714557,0.00299067,-0.120657,0.005126,0.00643338,0.0317514,-0.0375872,1.76516e-05,-0.0502824,0.0285442,0.0101234],[-0.0191653,0.0410205,-0.0350968,-0.0287505,-0.0487933,-0.021911,0.00293408,-0.000546214,0.00489668,0.00287232,0.00207912,0.147119,0.00556851,0.00544115,-0.225467,-0.0417857,0.00131614,0.000295349,-0.0119196,0.00965021],[0.00126215,0.000275574,-0.000521597,0.000900768,0.00145649,0.000662562,0.000182353,-5.15057e-05,-6.84469e-05,1.51778e-05,0.000225768,-0.00893954,8.51721e-05,0.000161686,0.0362851,0.00683726,1.43517e-05,-0.000309923,0.00126774,-8.10988e-05],[-0.00397053,-0.00226261,-0.00115814,-0.00480859,-0.0052477,-0.00347297,-0.000195948,0.00106534,0.000274626,0.000337046,-0.000204978,0.0792601,-0.000137312,0.000231052,0.0870251,0.143064,0.000349531,-0.0139164,-0.00271857,-0.00166515],[-0.050387,0.00245457,0.00617042,-0.435472,-0.174589,-0.296267,0.0158903,0.0271333,2.5921e-05,-0.00416578,-0.0148096,-1.17984,-0.00616391,0.0148178,-0.211269,-0.103884,0.00314625,-0.115343,-0.0583198,-0.0257726],[0.00401784,-0.00200325,-0.000215056,0.0034679,0.0121073,0.00681547,0.00080756,-0.000771921,5.53046e-05,-0.000250841,0.000634163,0.113361,0.00245832,0.000505007,0.0842898,-0.000396355,5.95453e-05,0.00250462,0.0180837,0.000697624],[-0.0226958,0.0025898,0.0237433,-0.0167504,0.011003,0.0578813,0.00846094,0.0051745,0.00182578,0.00119417,0.00156765,0.543844,0.000866468,0.00141122,-0.00977736,0.0371759,0.00102241,0.00666671,-0.0431863,0.00162003],[-0.106216,-0.0724552,-0.142007,-0.42005,-0.189875,-0.303447,0.0146986,0.0165111,-0.000490809,0.0041085,-0.000139896,-1.41085,0.0069182,0.00987037,-0.483153,-0.109586,0.00824703,-0.182001,-0.142225,0.0796824],[-0.00714434,0.0116931,-0.0025908,-0.00150875,-0.0172836,-0.00107777,0.00171657,-0.00055364,0.000808923,0.000719627,0.000167392,0.107133,-0.00122364,-5.88186e-05,-0.0408704,0.0110669,0.000419344,-0.00662186,0.00604455,-0.000138756],[0.000117816,0.00943426,-0.00976943,-0.002361,-0.0174434,-0.0202966,0.00215364,-0.000813362,0.000757576,0.00066598,8.94747e-05,-0.0564127,-0.000288389,0.000713733,-0.083692,0.0144951,0.000681083,-0.0290152,-0.0153115,0.000230734],[-0.0036697,0.000859264,-0.0111102,0.0125321,-0.00753301,-0.00101415,-0.00150984,-0.00069498,0.000123642,-0.000122759,-0.000762599,-0.0508918,-0.00041501,-0.0012347,0.00877333,-0.00405265,1.71417e-05,-0.00844228,0.0129558,-0.00225492],[-0.00285306,-0.00133827,0.000806248,-0.00710866,-0.00265253,-0.00192868,0.000438971,0.00016659,0.000120876,4.34418e-05,-0.000474763,0.00684258,-0.000798362,-0.00032322,-0.00466473,0.000498707,4.22202e-05,0.00764532,0.00173801,-0.000189199],[-0.00842656,0.0022615,-0.00639115,-0.0170673,-0.0198719,-0.0137271,-0.000969477,0.000233469,5.80205e-05,0.000121141,-2.40491e-05,-0.030783,-0.000333003,0.00105836,-0.0535979,-0.00413444,5.14243e-05,-0.0177113,0.00442775,-0.000643018],[-0.00998049,-2.28683e-05,-0.0066696,-0.0287769,-0.0223901,-0.0214571,-0.000473199,0.000498412,0.00010808,0.000110313,-0.00058155,0.00260921,-0.000238577,0.00120087,-0.042759,-0.00523034,9.86989e-05,-0.00567123,0.00227683,-0.000722176],[-0.0872842,-0.035137,-0.0131422,-0.174321,-0.116446,-0.0844291,-0.00795842,0.00957337,6.76173e-05,-0.00107297,-0.00131025,0.087248,-0.0017162,0.00201271,-0.17672,-0.0117623,-0.0004627,0.000351122,-0.0684934,-0.0105656],[0.0556046,0.0367147,0.0173736,0.0925722,0.169523,0.172152,-0.0165425,0.0140041,-0.00639508,-0.00380923,0.00504527,2.69731,0.00449893,0.000541309,-0.516757,0.2184,-0.00489401,0.113967,-0.0809796,-0.00955259],[-0.0650031,-0.0490957,-0.019481,-0.307425,-0.0832191,-0.167133,0.00494524,0.0171328,0.000344104,-0.00158411,-0.00242023,0.279215,0.000647631,0.00756655,-0.148482,-0.134896,0.000810864,-0.0774495,-0.0142502,-0.00751089],[-0.0224369,-0.0156982,0.0521235,-0.186919,-0.0203504,-0.0608876,0.0103332,0.0126153,3.47245e-05,-0.00234641,-0.00196153,-0.0597749,-0.00139758,0.0028261,0.00333454,-0.0580028,0.000176209,-0.00519464,-0.00797279,-0.0155641],[-0.0120571,0.000258167,0.015464,-0.0740166,0.00255835,-0.0066691,0.00282914,0.00488876,0.00134479,-0.000781166,-0.00666654,0.322635,-0.0018073,-0.000718341,-0.122043,-0.00921165,0.000732081,-0.0319733,-0.00708722,-0.00137454],[-0.000475867,1.34775e-05,-0.000315211,-0.00188666,-0.00077841,-0.000904989,-0.000118254,7.15546e-05,3.13411e-05,2.93735e-05,2.09114e-05,0.0287558,1.07724e-05,4.3316e-05,-0.00193712,4.23974e-05,1.77222e-05,-0.000784472,9.97713e-05,4.36269e-05],[-0.00253062,0.0199358,-0.012011,-0.0568467,0.00890941,0.0060592,-0.00200371,-0.000980661,0.00153832,0.000349511,-0.000137621,0.0990604,0.000227286,0.000324728,-0.0220649,-0.0119426,0.000391124,-0.0369845,0.0123511,0.0044557],[0.00723913,0.0107583,-0.00728566,-0.00229203,0.0272626,0.0253004,0.00415741,0.00242571,0.00191217,0.00166676,-0.000141144,-0.030039,0.001205,-0.00381264,0.00284825,-0.0138484,0.00117462,-0.0110091,-0.0038411,0.0029343],[7.70698e-05,-0.000126171,0.000158995,0.00016442,0.000204966,0.000177458,-1.09676e-05,4.82139e-05,3.57309e-06,4.05814e-05,4.13498e-05,-0.00858053,-7.0868e-06,0.000145496,0.00989101,0.00249632,1.3621e-05,-0.00128105,0.000907409,2.99725e-05],[-0.000193114,0.000286646,0.00104568,-0.00386842,0.00420656,0.00402264,0.000994623,0.00103981,0.000297763,0.000152589,-6.34217e-05,0.00847881,-3.22988e-05,8.07254e-05,0.0356279,0.0567972,0.000316543,-0.00459086,-0.00403537,-0.00110898],[-0.0688254,-0.0317406,0.0163171,-0.297844,-0.0927015,-0.152144,0.0253362,0.0168807,0.00182942,-0.00770755,-0.00875152,-0.126342,-0.00160644,0.00639987,-0.0918954,-0.0515577,-0.00151231,-0.0338741,-0.0220028,-0.0239871],[0.00334481,0.0047246,-0.00584324,-0.00610836,0.00626307,0.00157317,-0.0024557,-0.000146195,2.17845e-05,-4.21836e-05,0.000202675,0.0595084,0.00113069,0.000437067,0.0300212,-0.00398543,2.33395e-05,0.000880438,0.00126889,-2.48266e-05],[-0.00163016,0.00527537,-0.00514364,-0.0101312,-0.0181477,-0.0184393,0.00648536,0.000345597,0.000381353,0.00105135,0.00130033,0.190246,-0.00154226,0.00180633,-0.0628363,0.011083,0.000300224,0.00896744,-0.00267671,0.00402536],[-0.104119,-0.0565748,-0.0313088,-0.178849,-0.13783,-0.098729,0.0231681,0.0143862,-0.00211169,-0.00576987,-0.00171274,-1.3174,-0.00304196,0.00533392,-0.622444,-0.1039,-4.39245e-05,-0.193701,-0.106117,0.00221487]],"sigmahat":[[2.51843,0.839662,0.570388,4.70771,4.50791,3.47378,0.119932,-0.215298,0.0437951,0.0445072,0.074772,10.3175,0.0221281,-0.120242,9.62695,3.52211,0.000451457,2.08003,1.22433,0.0680566],[0.839662,1.32162,0.200126,0.262507,1.08955,1.04585,-0.0175928,-0.092446,0.0146455,0.0231024,0.0599412,1.54833,0.0355301,-0.0353467,1.53794,-0.67719,0.00539428,1.04115,0.311903,0.166418],[0.570388,0.200126,2.8711,0.185508,0.434925,0.624018,0.100165,-0.00509383,-0.0230707,-0.01819,-0.0153688,-3.33172,-0.0562496,0.000494361,0.707516,2.06381,0.00517402,0.296946,-0.0464106,-0.0680174],[4.70771,0.262507,0.185508,33.3203,11.3215,17.8559,0.886636,-0.773627,0.404026,0.391341,0.315612,45.4909,0.185506,-0.316603,29.2891,10.5708,0.173252,2.86882,3.26529,0.264066],[4.50791,1.08955,0.434925,11.3215,13.4763,12.7771,0.421586,-0.522643,0.209734,0.189768,0.227144,35.0833,0.175215,-0.295021,22.6042,5.51392,0.0468289,5.12215,2.54974,0.275873],[3.47378,1.04585,0.624018,17.8559,12.7771,16.4797,0.605102,-0.599753,0.317825,0.297038,0.304592,39.8094,0.226134,-0.291227,22.3495,5.00282,0.125664,4.39251,2.37744,0.387071],[0.119932,-0.0175928,0.100165,0.886636,0.421586,0.605102,0.328424,-0.0233685,0.0329146,0.0347895,0.00507835,3.65222,-0.00264802,0.000126091,0.69944,0.899409,0.0215801,-0.105105,-0.0333612,0.0361585],[-0.215298,-0.092446,-0.00509383,-0.773627,-0.522643,-0.599753,-0.0233685,0.574022,-0.0528156,-0.0441035,-0.0323616,10.8589,-0.0202306,0.00963163,-9.3517,-4.02636,-0.031665,0.407839,-0.0576717,-0.606104],[0.0437951,0.0146455,-0.0230707,0.404026,0.209734,0.317825,0.0329146,-0.0528156,0.0258114,0.024425,0.0112004,1.4993,0.00593301,-0.00247727,0.793222,0.248504,0.0164152,-0.0745995,0.0413315,0.0792808],[0.0445072,0.0231024,-0.01819,0.391341,0.189768,0.297038,0.0347895,-0.0441035,0.024425,0.0362792,0.015195,0.993609,0.00710058,-0.00194696,0.617971,0.163741,0.0197948,-0.0671105,0.00953454,0.0913653],[0.074772,0.0599412,-0.0153688,0.315612,0.227144,0.304592,0.00507835,-0.0323616,0.0112004,0.015195,0.0383755,1.14078,0.0257736,0.0120848,0.512704,0.0418758,0.00888124,0.0098978,0.0287411,0.0428023],[10.3175,1.54833,-3.33172,45.4909,35.0833,39.8094,3.65222,10.8589,1.4993,0.993609,1.14078,3078.59,1.70675,-0.570977,1218.65,1471.63,0.107246,-16.9682,32.2137,-34.5679],[0.0221281,0.0355301,-0.0562496,0.185506,0.175215,0.226134,-0.00264802,-0.0202306,0.00593301,0.00710058,0.0257736,1.70675,0.0521351,0.0253302,1.08349,0.384851,0.00380317,0.119981,0.0247738,0.0306813],[-0.120242,-0.0353467,0.000494361,-0.316603,-0.295021,-0.291227,0.000126091,0.00963163,-0.00247727,-0.00194696,0.0120848,-0.570977,0.0253302,0.0613815,-1.12547,-0.0690392,0.00281899,-0.19818,-0.103628,0.00819346],[9.62695,1.53794,0.707516,29.2891,22.6042,22.3495,0.69944,-9.3517,0.793222,0.617971,0.512704,1218.65,1.08349,-1.12547,1509.76,1508.31,0.262953,-32.6652,13.8652,-14.5157],[3.52211,-0.67719,2.06381,10.5708,5.51392,5.00282,0.899409,-4.02636,0.248504,0.163741,0.0418758,1471.63,0.384851,-0.0690392,1508.31,1677.49,0.0883265,-49.5024,9.73757,-22.954],[0.000451457,0.00539428,0.00517402,0.173252,0.0468289,0.125664,0.0215801,-0.031665,0.0164152,0.0197948,0.00888124,0.107246,0.00380317,0.00281899,0.262953,0.0883265,0.0166729,-0.129228,-0.0209142,0.0607435],[2.08003,1.04115,0.296946,2.86882,5.12215,4.39251,-0.105105,0.407839,-0.0745995,-0.0671105,0.0098978,-16.9682,0.119981,-0.19818,-32.6652,-49.5024,-0.129228,20.7523,-0.778644,-0.097872],[1.22433,0.311903,-0.0464106,3.26529,2.54974,2.37744,-0.0333612,-0.0576717,0.0413315,0.00953454,0.0287411,32.2137,0.0247738,-0.103628,13.8652,9.73757,-0.0209142,-0.778644,3.25864,-0.107814],[0.0680566,0.166418,-0.0680174,0.264066,0.275873,0.387071,0.0361585,-0.606104,0.0792808,0.0913653,0.0428023,-34.5679,0.0306813,0.00819346,-14.5157,-22.954,0.0607435,-0.097872,-0.107814,1.57662]],"n":20,"lags":3}