{"betahat":[[1.58282,1.10401,0.443298,7.03297,-2.57375,-2.25752,-0.0372722,0.00863431,0.24561,0.122545,0.0746294,33.1198,0.398626,-0.112054,15.0844,1.42663,-0.0414987,5.4748,1.16579,0.0282321],[0.877339,-0.155387,-0.147519,0.455616,0.390819,0.693627,-0.0117393,-0.00976966,0.0143421,0.00074706,0.00163983,1.392,-0.00312384,-0.0249183,0.460152,-0.0419627,-0.00227705,0.206837,0.196925,-0.0154304],[0.0479311,0.852454,0.0668364,0.224475,0.127853,0.0210065,0.0752844,-0.0175004,0.00356281,-0.00474121,0.00451678,0.374086,0.0178437,0.0164813,0.239072,-0.0171598,-0.00242659,-0.109036,0.0710009,0.0182083],[-0.0133378,-0.0326357,0.603697,0.430637,0.0471953,0.0802953,0.0152584,0.00288133,0.00331472,0.00444091,-0.00605091,0.513762,-0.00663876,-0.0240838,0.152038,0.020744,0.00269905,0.0720865,-0.0193448,0.00706902],[-0.0379626,0.00351967,0.0310536,0.68725,-0.0225598,-0.0660325,-0.00867323,-0.000279025,-0.00279228,-0.00385434,-0.00288746,-0.327381,-0.0051313,-0.00524949,-0.059595,-0.0113481,-0.00120515,-0.0812134,-0.0122961,-0.00806396],[0.0420567,-0.0212282,-0.0308392,0.289516,1.03599,0.0760427,0.00592165,-0.00387497,0.00563848,0.00400243,0.00602946,0.340208,0.0020924,0.00284742,0.113791,0.00122901,0.00165839,0.0594265,-0.0161568,0.00974229],[0.0567729,0.00334603,0.0500477,-0.0194582,0.0342444,0.940417,0.0146425,-0.00620588,0.00277944,0.0015366,0.00353077,-0.124813,0.00276688,0.00291191,0.075868,0.00378975,0.00180016,-0.053787,-0.0212361,0.00824291],[0.302019,0.0388543,-0.0877225,-0.405972,0.327226,-0.341244,0.75712,0.000777086,-0.014663,-0.0353789,-0.0250701,-1.14759,-0.0178261,0.0243468,-0.693126,-0.103983,-0.0156008,-0.930929,0.480832,0.0132917],[0.792913,-0.45712,1.3271,3.35892,0.400336,0.609083,0.398556,0.920027,-0.121506,-0.185453,-0.127749,-4.49829,-0.105133,-0.116952,1.17381,-0.0786673,-0.0966106,0.260271,1.05041,-0.0104596],[-0.000115428,0.306913,-0.59859,0.642243,0.214135,-0.147252,0.550923,-0.142057,1.18602,0.128515,-0.224427,-0.901972,-0.113043,-0.0164121,2.48072,0.588241,0.138106,0.598081,0.703129,0.23868],[-0.254464,0.441208,-0.245656,0.891217,0.542253,2.17562,-0.104782,-0.00751479,0.048702,0.993022,-0.044406,2.65734,-0.027372,-0.012811,-2.66265,-0.0669467,0.14357,-0.156696,0.688575,0.251434],[0.199841,0.312992,-0.278178,6.47019,0.201975,2.66098,0.0319701,-0.0565805,0.118458,0.205376,1.21496,7.05804,0.00351775,0.0231827,-0.32595,0.226161,0.0929293,-0.493783,0.824076,-0.0057814],[-0.00436469,-0.020707,-0.00275633,0.0486072,-0.00307644,0.00240186,0.00769388,0.000811284,0.000527681,0.00126268,-0.00187853,1.0182,-9.43881e-05,0.00163495,-0.0452267,0.0115105,-0.000534393,0.0176614,-0.00108638,0.00155078],[0.335554,0.671701,-0.103787,1.95505,0.473389,1.14849,0.0541475,0.0142776,0.00178689,0.0119466,-0.0317369,-5.17617,1.04032,0.0300982,0.158154,-0.000706091,0.00138123,1.76245,-1.22583,0.0851394],[-0.606979,-0.594311,-0.0641284,-4.1288,-0.894837,-1.87233,-0.18416,0.0858439,-0.0644848,-0.0903707,-0.0089303,-1.53994,0.00646052,1.03429,-1.98204,-0.146929,-0.0715728,0.137748,0.409926,0.0151903],[0.0619344,0.0431019,-0.00239563,0.0881754,0.11355,0.0846925,0.00344763,-0.00176963,0.00231,0.0033598,0.00947964,0.0853495,0.0114359,0.00456264,1.13614,-0.00329628,0.00235216,0.117893,0.00196663,0.00274446],[0.094031,0.0302055,-0.0241689,-1.01972,-0.323134,-0.93753,-0.0727296,-0.0312356,-0.00858852,-0.00922676,0.0513789,-2.01511,0.0351661,0.0211825,-0.203042,1.12602,-0.00176816,-0.298431,-0.0486519,0.0201733],[0.0597501,-0.0320149,-0.666966,-0.478485,-2.35816,-2.50532,0.338783,0.104265,0.0656581,0.0197837,-0.098646,-3.67964,-0.0957803,-0.311783,2.18069,0.134319,0.958564,1.37159,-0.278128,-0.148265],[-0.0846047,-0.0527362,-0.0780242,-0.141336,-0.0875944,-0.0799641,0.00645799,0.00785842,0.000778113,0.00164344,0.00320331,0.313151,0.00593291,-0.00128353,-0.0200654,0.00445614,0.00333449,0.265184,0.0238472,0.00188163],[-0.190268,-0.142037,0.0613379,-0.335459,-0.261496,-0.299196,0.035656,-0.0153962,0.0102888,0.0110464,0.00967721,1.00387,0.0210188,0.0261502,-0.0887817,0.0378072,0.0197587,-0.401933,0.299794,0.0321537],[-0.117039,0.283449,2.05329,-0.593472,-1.5576,-0.954856,-0.349376,-0.0988035,-0.00569935,-0.031397,0.0143539,-1.63732,-0.114316,-0.0738892,0.458821,-0.313443,0.0198807,-0.229534,0.600215,0.91935],[0.0835416,0.0462504,0.111067,-0.206164,-0.247645,-0.432609,0.00492268,-0.000812732,-0.00647613,0.00121556,-0.00159469,-0.984123,-0.00156511,0.0182291,-0.277328,0.00958299,0.00181157,-0.13258,-0.131139,0.0140163],[-0.0925406,-0.051613,-0.0184648,-0.166479,-0.0143366,0.0486178,-0.0521571,0.0156527,-0.00122409,0.00231659,-0.00982757,-0.259071,-0.0143601,-0.0149884,-0.176038,0.0165191,0.0035423,0.085927,-0.0415096,-0.0152608],[-0.00583461,0.0319161,0.213407,-0.341425,-0.133619,-0.150866,0.00347461,0.00459744,-0.00131934,0.00217477,0.00349995,-0.308398,-0.00336204,0.00973703,-0.0494862,-0.0100129,-0.000584239,0.0249821,-0.0260501,-0.00235063],[0.0417352,-0.00232946,-0.0410728,0.262345,0.0259467,0.0446829,-0.00080534,-0.00125002,0.00209135,0.00226784,0.00211743,0.207147,0.0043827,0.0065683,0.00103226,0.00384487,0.000478371,0.0137646,0.0136028,0.00717239],[-0.0134934,0.0130172,0.0456686,-0.220147,-0.028473,-0.0776079,-0.00541918,0.00168327,-0.00509379,-0.00294747,-0.00346194,-0.251562,-0.00341717,-0.00168053,-0.0872872,-0.0133937,-0.00115283,-0.0167713,0.0179409,-0.0077271],[-0.00823715,0.00568589,-0.0260103,-0.00732514,0.00862809,0.0296134,-0.0147932,0.00444928,-0.0033982,-0.00210313,-0.00299713,-0.00123028,-0.00424227,-0.00249615,-0.0902802,-0.0139471,-0.00202576,0.0207534,0.0234739,-0.00588621],[-0.204345,0.00250343,0.0317463,0.491997,-0.375097,0.241741,0.0189599,-0.0210973,-0.00260816,0.0134711,0.0426109,0.0401241,0.0464177,0.0282586,0.439872,0.0464417,0.0109612,0.928715,-0.389645,-0.0235528],[-0.333894,1.04152,-0.832309,-2.56634,-0.0048231,-0.135457,-0.686571,0.0423843,0.0461759,0.0792244,0.00499046,0.885007,0.00256235,-0.0996736,-0.322472,-0.240114,0.0254208,0.403725,0.18495,0.0810557],[-0.151783,-0.221471,0.661508,-1.4391,-1.47841,-1.42348,-0.484574,0.127787,-0.171593,-0.133127,0.118837,-1.46747,0.0143572,0.115703,-2.89967,-0.312217,-0.137498,-0.849094,-0.190803,-0.287671],[-0.0294214,-0.676806,0.200079,0.833152,-0.981422,-1.17585,0.1326,-0.000415215,-0.0714269,-0.0211386,0.00227334,-7.74046,-0.0245091,-0.0268423,1.49733,0.406408,-0.0772097,-1.44284,-0.57337,-0.0328719],[-0.42268,-0.228879,0.210542,-4.1533,-0.991389,-2.24586,0.0777468,0.0613722,-0.104986,-0.164306,-0.293969,-6.27633,-0.0419307,-0.0200637,-1.42641,-0.248589,-0.0933947,0.219802,-0.334065,-0.0635747],[0.00314724,0.0164811,0.00808142,-0.0467442,0.00622215,0.00295314,-0.00524603,-0.000214934,-0.000597544,-0.000760814,0.00157152,0.0207194,0.000903316,9.00027e-05,0.0230693,-0.00760882,0.000411005,0.018927,0.00197909,-0.0021286],[0.229328,0.0546957,0.342463,-1.30773,0.405446,-0.166967,-0.0702408,-0.0286663,0.00345067,-0.00321187,0.0248976,1.62035,-0.0670472,-0.030192,0.0191156,-0.0160082,0.0076179,-0.808562,0.593408,-0.0462376],[0.620558,0.774065,0.00602566,3.55323,0.766821,1.56878,0.242037,-0.103376,0.0998954,0.107867,0.00451379,2.74986,-0.00871459,-0.0569642,2.10477,0.2381,0.0758936,0.338542,-0.418339,0.0285348],[-0.0359598,-0.0361383,-0.0141557,-0.105426,-0.0827894,-0.0971712,0.00284755,0.00241035,-0.00475835,-0.00349179,-0.00533764,-0.112783,-0.0128467,-0.00193961,-0.13833,0.000375094,-0.00281993,-0.0746314,-0.0076918,-0.00492293],[-0.0780028,-0.0989762,-0.0858319,0.672214,0.354436,0.712692,-0.00237099,0.0162282,0.0183199,0.0298934,-0.0204455,2.06372,-0.029195,-0.0249167,0.425471,-0.143756,0.00938553,0.287416,0.053657,0.0142422],[0.193711,0.0747771,0.952241,0.814863,2.35365,2.33472,-0.11157,-0.0678031,-0.00974946,0.022737,0.0121691,2.75992,0.073047,0.275973,0.194659,-0.197074,0.0817944,-0.67135,-0.217953,0.0856278],[-0.00764425,0.0222832,0.0333613,0.0355053,-0.0541591,-0.00665215,0.0102279,-0.00426137,0.00121191,0.00058621,0.00439871,-0.136285,-0.000879023,0.00333071,-0.0584995,0.0266069,0.000333671,-0.00795844,0.0206234,0.00208006],[-0.217079,-0.0310144,0.114915,-0.311838,-0.147023,0.153508,0.070136,0.029789,-0.00410784,-0.00941714,0.00970045,-0.0330952,-0.00962355,0.0106432,-0.403518,0.0895389,-0.00630447,-0.00709211,-0.168804,-0.0194286],[0.230588,-0.323136,-1.75889,-0.957472,0.998674,-0.452028,0.166145,0.0959343,-0.0245531,0.0212166,-0.0151713,-0.736252,0.119915,0.0645171,0.0305309,0.0931774,-0.020938,1.02152,-0.352811,0.0790633],[0.039127,0.109146,0.0364715,-0.24945,-0.143049,-0.260859,0.0068383,0.0105802,-0.00786915,-0.00196218,-4.33222e-05,-0.408087,0.00468874,0.00669157,-0.182911,0.0323632,0.000468603,-0.0744153,-0.0657639,0.0014122],[0.0446151,0.199137,-0.0483598,-0.0579523,-0.113437,-0.0695357,-0.0231085,0.00184707,-0.00234177,0.00242524,0.00531036,-0.115197,-0.00348758,-0.00149236,-0.0631114,0.000629091,-0.00111474,0.0229603,-0.0294874,-0.00294992],[0.0191862,0.000760278,0.182861,-0.089134,0.0865245,0.0707258,-0.0187136,-0.00748297,-0.00199711,-0.00661643,0.00255368,-0.205406,0.0100053,0.014347,-0.102544,-0.0107431,-0.00211326,-0.0971681,0.0454092,-0.00471995],[-0.00373057,-0.00112531,0.0100237,0.0500942,-0.00310052,0.0215563,0.00951201,0.00152555,0.000700868,0.00158767,0.000774003,0.120414,0.000764423,-0.0013092,0.0586308,0.00747831,0.000728822,0.0673069,-0.00121617,0.000893534],[-0.0285582,0.0082022,-0.0147949,-0.0694883,-0.00740956,0.00166253,-0.000479467,0.00219052,-0.000550553,-0.00105372,-0.00256935,-0.0892994,0.00131567,-0.0011638,-0.0267039,0.0121404,-0.000500086,-0.0427928,-0.00177635,-0.0020191],[-0.0485122,-0.00902807,-0.0240288,0.0266059,-0.0427617,0.0300074,0.000171021,0.00175499,0.00061516,0.000567397,-0.00053714,0.125592,0.00146994,-0.000413101,0.0143302,0.0101389,0.000228117,0.0329642,-0.00222427,-0.00235928],[-0.0975705,-0.0411073,0.0559305,-0.0861172,0.048365,0.100098,0.223915,0.020294,0.0172568,0.021913,-0.0175098,1.10605,-0.0285425,-0.0525696,0.253008,0.0575107,0.00465846,0.0014427,-0.0912386,0.0102663],[-0.228272,-0.372234,-0.453585,-0.0973896,-0.171748,-0.124016,0.225391,-0.0151511,0.0536489,0.0628277,0.0850903,2.65737,0.0492119,0.151229,-1.42477,0.285556,0.0323182,0.0896195,-1.03508,-0.0457293],[0.0496933,-0.170338,-0.0257172,0.298245,1.03681,1.2162,-0.0795657,0.0341221,-0.0349945,-0.0118282,0.109017,1.79963,0.0895193,-0.0659536,-0.123185,-0.266423,-0.00106678,0.319015,-0.550678,0.0271089],[0.280625,0.277314,0.10128,-1.67253,0.397456,-0.96486,-0.0364145,0.00705675,0.0179576,0.00880865,0.0451074,4.90862,0.062034,0.0562248,1.02176,-0.3237,-0.0686536,1.58364,-0.101378,-0.23123],[0.136406,-0.0306141,0.0381309,-2.33937,0.640803,-0.457775,-0.1217,-0.00300051,-0.0123498,-0.0435496,0.0513123,-0.864849,0.0304122,-0.00517474,1.53612,0.00364634,-0.00384907,0.392059,-0.520678,0.0701242],[-0.00110143,0.00135311,-0.00432617,-0.00922363,-0.0032923,-0.00648302,-0.00259903,-0.00037228,-2.8842e-05,-0.000403424,0.000342119,-0.0874757,-0.000954942,-0.00127537,0.0139052,-0.00462625,0.000352028,-0.0388962,-0.00103554,0.000301943],[-0.360251,-0.652783,-0.325933,-0.817975,-0.230447,-0.600972,0.036048,0.0218772,0.00324881,0.00628677,-0.0058608,3.26045,-0.00202482,-0.0157899,-0.134245,-0.0316115,-0.0129342,-0.693063,0.586208,-0.0235568],[-0.0250858,-0.199649,-0.00152299,0.332403,0.175129,0.27964,-0.0678139,0.0372286,-0.043607,-0.0151289,-0.0107419,-1.23752,-0.0196504,-0.0124198,-0.18022,-0.112842,-0.00688237,-0.296943,-0.0771686,-0.0408498],[-0.0255686,-0.00695967,0.0169512,0.0151254,-0.0283758,0.0140467,-0.00602246,-0.000645417,0.00238613,0.000162436,-0.00409029,0.020774,0.00149856,-0.00230098,-0.00358659,0.00231831,0.000491575,-0.046845,0.00619229,0.0021266],[-0.0178891,0.0725626,0.108023,0.342064,-0.0264423,0.233882,0.0768111,0.0153954,-0.010229,-0.0202157,-0.0305725,-0.0710745,-0.00561177,0.00364195,-0.235849,0.0102246,-0.00671763,-0.0389572,-0.00441649,-0.0337408],[-0.273099,0.0168577,-0.299353,-0.366533,-0.0928972,0.120033,-0.244959,-0.0374683,-0.0608935,-0.0534344,0.0842057,0.733431,0.0259305,0.0408239,-2.47781,0.0625164,-0.0480277,-0.758843,0.489506,0.0625856],[0.0129467,0.0455836,-0.028327,-0.0468864,0.00246632,-0.0189881,-0.00423613,-0.00361558,0.00103482,0.00133362,-0.000822948,-0.0125661,0.000111674,0.00293576,-0.0588351,-0.00579563,-0.000858584,0.0124675,-0.00751415,3.82608e-05],[-0.00357795,0.0170532,-0.103204,-0.16741,-0.14578,-0.261425,0.0528589,-0.00464783,0.000315986,0.00363535,0.00666193,-0.226331,-0.00606692,0.0181235,-0.391193,0.011608,0.00103622,0.115834,0.0297961,0.0193222],[-0.129808,0.0167774,-0.160437,1.71776,0.496941,1.49151,0.190813,-0.00443935,0.0251434,-0.0124778,0.00555634,1.33358,-0.0209575,0.00782492,-0.652177,0.22117,0.00228493,-0.874914,-0.326911,-0.0546995]],"sigmahat":[[1.51665,0.808376,0.495771,0.521305,2.33622,1.1279,0.0242094,-0.0553177,0.0348492,0.019023,0.0730509,3.75571,0.0514083,-0.00401547,1.87875,-0.102794,0.0154574,1.39546,0.198055,0.0688833],[0.808376,1.57809,0.0985622,-0.146742,1.21925,1.26248,0.00957135,-0.0619339,0.0365985,0.0222085,0.0755349,3.94665,0.082763,-0.0174069,1.94186,-0.0154402,0.0156364,2.03025,0.165657,0.0856739],[0.495771,0.0985622,3.36442,-0.459922,0.542262,0.579391,0.0936702,-0.00474844,-0.0325163,-0.0558156,0.0163981,-1.56498,-0.023606,0.0697102,-1.064,0.0121544,-0.00567209,0.115883,0.100534,-0.111263],[0.521305,-0.146742,-0.459922,21.385,-0.17709,6.46439,0.196268,-0.195402,0.197273,0.146638,0.0696345,4.90873,0.0517229,0.0471781,2.63388,0.431813,0.102458,-0.904348,0.344781,0.0814858],[2.33622,1.21925,0.542262,-0.17709,8.98813,7.10473,0.184362,-0.149131,0.144805,0.0941101,0.169851,12.1609,0.172961,-0.0827876,5.76593,-0.213051,0.0760249,3.62766,0.626908,0.220075],[1.1279,1.26248,0.579391,6.46439,7.10473,10.1403,0.263315,-0.190865,0.191392,0.116569,0.174254,12.0184,0.179528,-0.0802636,5.59717,0.065341,0.105451,3.15551,0.565494,0.186725],[0.0242094,0.00957135,0.0936702,0.196268,0.184362,0.263315,0.30268,-0.00566505,0.014469,0.00946827,0.0107568,2.25367,0.0164637,0.0107717,0.177789,0.0433841,0.00989382,0.247982,0.0189014,-0.002333],[-0.0553177,-0.0619339,-0.00474844,-0.195402,-0.149131,-0.190865,-0.00566505,0.0204282,-0.00843312,-0.00371806,-0.00839052,-0.178982,-0.0055981,0.001429,-0.19784,-0.00896919,-0.00359965,-0.0506453,-0.0295877,-0.00776604],[0.0348492,0.0365985,-0.0325163,0.197273,0.144805,0.191392,0.014469,-0.00843312,0.014659,0.0105215,0.00789254,0.659287,0.00882019,-0.00598745,0.288459,0.0040719,0.00627237,0.084207,0.0334482,0.0140602],[0.019023,0.0222085,-0.0558156,0.146638,0.0941101,0.116569,0.00946827,-0.00371806,0.0105215,0.0159095,0.00856469,0.420804,0.0087823,-0.00317833,0.20506,-0.00216918,0.00716696,0.0612119,-0.00163211,0.0155244],[0.0730509,0.0755349,0.0163981,0.0696345,0.169851,0.174254,0.0107568,-0.00839052,0.00789254,0.00856469,0.0368866,0.743946,0.0306547,0.0137233,0.272859,0.00154006,0.00824005,0.0523068,0.0300682,0.0142847],[3.75571,3.94665,-1.56498,4.90873,12.1609,12.0184,2.25367,-0.178982,0.659287,0.420804,0.743946,145.132,1.48205,-0.243679,29.5124,0.0617952,0.314797,17.1343,3.0651,0.779584],[0.0514083,0.082763,-0.023606,0.0517229,0.172961,0.179528,0.0164637,-0.0055981,0.00882019,0.0087823,0.0306547,1.48205,0.0778503,0.0402614,0.432758,-0.000556557,0.00856015,0.2143,0.0691022,0.0201968],[-0.00401547,-0.0174069,0.0697102,0.0471781,-0.0827876,-0.0802636,0.0107717,0.001429,-0.00598745,-0.00317833,0.0137233,-0.243679,0.0402614,0.0724127,-0.486767,0.00936326,0.00200198,0.0207613,0.0113861,-0.00554681],[1.87875,1.94186,-1.064,2.63388,5.76593,5.59717,0.177789,-0.19784,0.288459,0.20506,0.272859,29.5124,0.432758,-0.486767,21.585,-0.00392879,0.0915107,5.82326,1.02487,0.407218],[-0.102794,-0.0154402,0.0121544,0.431813,-0.213051,0.065341,0.0433841,-0.00896919,0.0040719,-0.00216918,0.00154006,0.0617952,-0.000556557,0.00936326,-0.00392879,0.329365,0.00422576,-0.253776,-0.0703364,0.00991215],[0.0154574,0.0156364,-0.00567209,0.102458,0.0760249,0.105451,0.00989382,-0.00359965,0.00627237,0.00716696,0.00824005,0.314797,0.00856015,0.00200198,0.0915107,0.00422576,0.00947629,-0.0111225,-0.00202154,0.00713714],[1.39546,2.03025,0.115883,-0.904348,3.62766,3.15551,0.247982,-0.0506453,0.084207,0.0612119,0.0523068,17.1343,0.2143,0.0207613,5.82326,-0.253776,-0.0111225,17.1039,-0.235627,0.164716],[0.198055,0.165657,0.100534,0.344781,0.626908,0.565494,0.0189014,-0.0295877,0.0334482,-0.00163211,0.0300682,3.0651,0.0691022,0.0113861,1.02487,-0.0703364,-0.00202154,-0.235627,1.49124,0.0144595],[0.0688833,0.0856739,-0.111263,0.0814858,0.220075,0.186725,-0.002333,-0.00776604,0.0140602,0.0155244,0.0142847,0.779584,0.0201968,-0.00554681,0.407218,0.00991215,0.00713714,0.164716,0.0144595,0.0634318]],"n":20,"lags":3}