{"betahat":[[1.49649,1.59278,0.139471,7.12894,-2.38258,-2.10349,-0.320039,-0.129241,0.246436,0.135365,0.276215,34.4171,0.528089,-0.0575854,16.1906,2.54883,1.70687,0.236385],[0.872237,-0.166471,-0.147385,0.468025,0.411044,0.721882,-0.012308,-0.00903218,0.0157119,0.00210798,7.26954e-05,1.5146,-0.00416732,-0.0257127,0.491694,0.215699,0.194871,-0.0153742],[0.0456015,0.856083,0.0579242,0.161774,0.108895,-0.0191147,0.0686356,-0.0186052,0.00287343,-0.00600611,0.00626762,0.297098,0.0191903,0.0190845,0.207588,-0.0969569,0.0716986,0.0201471],[-0.0104736,-0.0369848,0.594236,0.428168,0.0426567,0.061459,0.0177945,0.00349881,0.00343696,0.00428868,-0.00612964,0.461252,-0.00811307,-0.0266341,0.156776,0.0639832,-0.0208319,0.005969],[-0.0380247,0.00297809,0.0307634,0.674348,-0.0281471,-0.0765319,-0.00802288,-0.000203619,-0.00283191,-0.00392694,-0.00251894,-0.357903,-0.00496515,-0.00539915,-0.0632927,-0.0840768,-0.0137299,-0.00782731],[0.0377526,-0.0219246,-0.0273247,0.319995,1.03718,0.0976958,0.00897909,-0.00274686,0.00530524,0.00368676,0.00552548,0.373566,0.00189617,0.00368184,0.0874483,0.0571852,-0.0152061,0.00913736],[0.0560331,0.00934642,0.0539066,-0.0171746,0.0350511,0.951247,0.0162386,-0.0058594,0.00214078,0.00046323,0.00261719,-0.123712,0.00281889,0.00300443,0.0725004,-0.0467513,-0.0211967,0.00646225],[0.3313,0.0476954,-0.0836839,-0.552471,0.245869,-0.521567,0.742075,-0.00448371,-0.0142559,-0.0360077,-0.0185747,-1.56407,-0.0143292,0.0239839,-0.702953,-0.970318,0.465299,0.0149961],[0.765049,-0.389298,1.41006,3.91239,0.561554,1.11754,0.422608,0.926328,-0.128342,-0.198451,-0.152641,-4.34971,-0.115001,-0.117303,1.02552,0.141394,1.0973,-0.0141697],[0.102042,0.320402,-0.792553,0.196209,-0.149834,-0.909827,0.564299,-0.135534,1.20438,0.136018,-0.249551,-3.17807,-0.129995,-0.0571677,2.96647,1.08093,0.585369,0.217391],[-0.199938,0.47706,-0.328451,0.846182,0.141447,1.71431,-0.00818694,0.0124421,0.0584362,0.995369,-0.0645183,2.02428,-0.0389187,-0.0701329,-2.1754,0.139519,0.627062,0.214996],[0.179631,0.264462,-0.336056,6.60226,-0.00105067,2.49056,0.0304916,-0.0519684,0.128497,0.22029,1.21917,6.91863,-0.00311951,0.00386356,-0.11722,-0.40212,0.839037,0.00575342],[-0.0050008,-0.0209845,-0.00258824,0.0487708,-0.00297188,0.0028088,0.00816806,0.000892544,0.000392873,0.00104461,-0.00197908,1.01859,-0.000136724,0.00156769,-0.0471789,0.0181232,-0.000528065,0.00125182],[0.334692,0.651221,-0.117471,1.85081,0.409176,1.05355,0.0586811,0.0205996,0.0016778,0.011345,-0.0350467,-5.05844,1.03777,0.0260013,0.128229,1.73942,-1.28441,0.0808594],[-0.574312,-0.548824,-0.149564,-4.36086,-0.884555,-2.01117,-0.21792,0.0745835,-0.0689073,-0.0955041,0.00430678,-2.11525,0.0186476,1.03317,-2.04217,0.194022,0.454212,0.0227702],[0.0615799,0.0441738,-0.00343938,0.0982023,0.114437,0.0902493,0.00312915,-0.00210604,0.00231128,0.00329688,0.00937872,0.0719208,0.0112223,0.0040631,1.13388,0.103219,0.00481069,0.00316103],[-0.0879448,-0.0529244,-0.0753134,-0.111112,-0.076126,-0.0500585,0.00662849,0.00777591,0.00111482,0.00211344,0.00308363,0.381613,0.00657826,-0.000360885,-0.0121053,0.277502,0.0299357,0.00232515],[-0.196158,-0.142624,0.0748823,-0.285557,-0.229089,-0.228303,0.0396163,-0.0125744,0.00956972,0.0113848,0.00633795,1.18015,0.0208734,0.0279639,-0.0778018,-0.342722,0.293116,0.0305027],[-0.0995951,0.30035,2.00561,-0.912368,-1.74448,-1.3041,-0.354575,-0.107349,-0.00376809,-0.0325325,0.0294318,-2.07643,-0.113171,-0.0926441,0.58419,-0.390273,0.61872,0.916109],[0.0882226,0.0519314,0.116433,-0.216409,-0.261609,-0.45264,0.00322259,-0.00112088,-0.00824296,-8.72795e-05,-0.000701916,-1.06729,-0.00211852,0.0192637,-0.32531,-0.142803,-0.132518,0.0128762],[-0.0958861,-0.0572542,-0.00965865,-0.108226,0.00197265,0.0917302,-0.0464082,0.0164739,-0.000771671,0.00343585,-0.0112722,-0.171065,-0.0164213,-0.0173369,-0.160339,0.0717314,-0.0420288,-0.0170599],[-0.00754149,0.0312831,0.214621,-0.349066,-0.137996,-0.1536,3.99931e-05,0.00402361,-0.00121756,0.00254026,0.00368916,-0.313782,-0.00221484,0.0107984,-0.0414893,0.0190452,-0.0256452,-0.00113509],[0.042155,-0.0028731,-0.0419198,0.274647,0.0317016,0.0536102,-0.000761355,-0.00115331,0.00229884,0.00258013,0.0018644,0.247544,0.00432638,0.00654173,0.00862213,0.0187884,0.0143582,0.00692493],[-0.0100932,0.0125277,0.0454799,-0.240817,-0.0280751,-0.0919238,-0.00673232,0.000888068,-0.00516613,-0.00296059,-0.00373018,-0.28713,-0.00376678,-0.00233735,-0.0724968,-0.017413,0.0186817,-0.00788129],[-0.00899634,0.000681772,-0.0314925,-0.00499414,0.00741266,0.0223374,-0.0154283,0.00424437,-0.002874,-0.00119268,-0.00268164,0.000398691,-0.00437353,-0.00219831,-0.0906836,0.0220529,0.0228972,-0.00471002],[-0.220699,0.00169438,0.0281401,0.60015,-0.323024,0.348203,0.019307,-0.020422,-0.00176835,0.0176102,0.0432719,0.197582,0.0459533,0.0301152,0.465389,0.92251,-0.380379,-0.0188876],[-0.318244,1.00414,-0.876719,-3.06895,-0.194458,-0.64779,-0.737215,0.0302105,0.0358749,0.0746504,0.0263561,0.209258,0.00221397,-0.0825724,-0.766184,0.569643,0.153212,0.0826121],[-0.210202,-0.253547,0.780368,-1.32149,-1.46576,-1.25923,-0.484645,0.127188,-0.177526,-0.133008,0.135035,-0.122069,0.0217101,0.114006,-2.81108,-1.11039,-0.152131,-0.274821],[-0.0334454,-0.761093,0.237003,1.00383,-0.836306,-1.01299,0.115301,-0.0100211,-0.061736,-0.0120852,0.00741544,-7.18714,-0.0176407,-0.00291928,1.6832,-1.44709,-0.555556,-0.00655744],[-0.430309,-0.150875,0.285352,-4.24933,-0.872969,-2.06737,0.0808743,0.0526478,-0.112694,-0.180418,-0.303683,-6.24438,-0.0398472,-0.00927723,-1.50331,0.131964,-0.33921,-0.0747264],[0.0035253,0.0163871,0.00732922,-0.0532856,0.00512781,-0.00152128,-0.00610495,-0.000417068,-0.000504855,-0.000577398,0.00195586,0.00849421,0.00116249,0.000362257,0.0227664,0.015001,0.00107301,-0.00170978],[0.256128,0.0757712,0.417918,-1.13837,0.622479,0.0979445,-0.0646725,-0.0283748,0.000931693,-0.00433053,0.0213832,1.74166,-0.0700956,-0.0218559,-0.0535144,-0.773719,0.613632,-0.0472085],[0.604278,0.720941,0.0698878,3.75612,0.836986,1.70566,0.263788,-0.100408,0.104538,0.113346,-0.00322743,3.47794,-0.013569,-0.0429045,2.14556,0.332055,-0.433327,0.0276145],[-0.0348142,-0.0362827,-0.0153863,-0.106685,-0.0850513,-0.1022,0.00371707,0.00284195,-0.00485097,-0.00342816,-0.0055259,-0.105923,-0.0130284,-0.00190656,-0.132348,-0.0666716,-0.0112333,-0.00543963],[-0.00699009,0.0226701,0.0322116,0.0237844,-0.0650727,-0.0236184,0.0117041,-0.00431605,0.00112397,5.96868e-05,0.00475114,-0.140231,-0.000625243,0.00331691,-0.0592983,-0.00443531,0.0218802,0.00155659],[-0.210782,-0.0302421,0.135485,-0.312089,-0.16568,0.138139,0.0782353,0.0314162,-0.00401952,-0.0109431,0.00869896,-0.0480316,-0.00941534,0.0103555,-0.408906,0.0365134,-0.172363,-0.021693],[0.218805,-0.347393,-1.69643,-0.702902,1.04482,-0.25415,0.172705,0.111374,-0.0220479,0.0244117,-0.0347843,-0.496263,0.115717,0.068356,0.0880087,1.20423,-0.376787,0.071505],[0.0395234,0.114535,0.0309678,-0.251667,-0.149382,-0.269121,0.00911634,0.0101579,-0.00747398,-0.00202017,0.000621944,-0.447558,0.00628321,0.00644699,-0.166574,-0.0731384,-0.0623589,0.00248911],[0.0502585,0.201125,-0.0482604,-0.0535683,-0.110882,-0.0725919,-0.0222044,0.00213735,-0.00210678,0.00257052,0.00499525,-0.12626,-0.00277535,-0.00175055,-0.0474389,0.0249955,-0.0296964,-0.0030966],[0.0179904,0.00572443,0.191092,-0.0790885,0.0953326,0.0922332,-0.0178132,-0.00752062,-0.00222318,-0.00683078,0.00243417,-0.147556,0.0103317,0.0158322,-0.11539,-0.0832258,0.0464629,-0.00484235],[-0.00412042,-5.29457e-05,0.0111518,0.0505854,-0.00333361,0.023093,0.00882692,0.0013595,0.000531864,0.00134734,0.000649406,0.110519,0.000655748,-0.00113603,0.0546651,0.0650294,-0.000552215,0.000897748],[-0.0276647,0.00938114,-0.018121,-0.079363,-0.00906917,-0.00572673,-0.00220516,0.00186716,-0.000147002,-0.000723696,-0.00180842,-0.0871967,0.00185582,-0.00134838,-0.0152565,-0.0399617,-0.00350926,-0.00126891],[-0.0470343,-0.0100395,-0.0224122,0.0218914,-0.0424427,0.0263722,-0.000779908,0.00162077,0.000727976,0.000730384,5.08245e-05,0.122756,0.0015457,-0.000808543,0.0180105,0.024577,-0.00172326,-0.00176254],[-0.110427,-0.0492099,0.0554443,-0.047727,0.0779324,0.174278,0.238731,0.0249101,0.0160124,0.0184084,-0.024697,1.36548,-0.0316193,-0.0540907,0.237167,0.0469643,-0.0852719,0.00390923],[-0.194959,-0.40915,-0.448104,-0.0366259,-0.0311153,0.00474369,0.231878,-0.0141475,0.06591,0.0721906,0.0887653,3.14562,0.0590038,0.148825,-1.04448,0.177528,-1.0071,-0.0441553],[0.0098965,-0.156389,0.0418791,0.546178,1.32301,1.6993,-0.0918888,0.0283085,-0.0488046,-0.0207924,0.117637,2.48949,0.0970305,-0.0205664,-0.746371,0.115824,-0.493574,0.0358544],[0.231337,0.346989,0.137044,-1.85294,0.624462,-0.705999,-0.119893,-0.00377334,-0.0029522,-0.0084075,0.0618897,4.89817,0.0696994,0.0949897,0.299972,1.29546,-0.049462,-0.220731],[0.140673,-0.0387229,0.0217145,-2.29969,0.68586,-0.440501,-0.138626,0.000966447,-0.0166297,-0.0443901,0.0527256,-0.773623,0.0368599,0.00484348,1.33148,0.391747,-0.534637,0.0729797],[-0.000868662,0.00120374,-0.00411407,-0.00362031,-0.00247053,-0.00302096,-0.00187765,-0.000136779,8.39508e-05,-0.000247694,9.42496e-07,-0.0798668,-0.00122431,-0.00162923,0.0177795,-0.0348701,-0.0011983,7.78219e-05],[-0.369713,-0.637938,-0.366709,-0.822089,-0.295559,-0.656556,0.0204431,0.0170009,0.00562191,0.00880394,-0.00180443,3.14284,0.000232864,-0.018711,-0.0779155,-0.656577,0.621932,-0.0160556],[-0.0450559,-0.190069,0.00587457,0.2969,0.104045,0.265606,-0.0537549,0.0451452,-0.0452868,-0.0167433,-0.0162584,-1.32215,-0.0266648,-0.0277375,-0.174003,-0.352813,-0.094393,-0.0475963],[-0.0263409,-0.00762899,0.0194966,0.00687269,-0.0267013,0.0144248,-0.00625146,-0.000647264,0.002439,0.000160667,-0.0039013,0.0260346,0.00182919,-0.00183318,-0.00878904,-0.0412829,0.00694371,0.00215446],[0.0149825,0.041653,-0.0257681,-0.0647051,-0.00528749,-0.0408173,-0.00567527,-0.00406895,0.000902264,0.00124278,-3.60039e-05,-0.0823621,-6.78313e-05,0.00326856,-0.0702639,-0.00316773,-0.0149414,0.000152304],[0.00776234,0.0185428,-0.0995228,-0.250238,-0.160316,-0.337094,0.0471302,-0.00757259,0.000620426,0.00437257,0.0104467,-0.336057,-0.00487025,0.0207584,-0.404455,0.0983564,0.0154433,0.0216255],[-0.123077,0.0405043,-0.170471,1.75573,0.589348,1.5834,0.188011,-0.0118756,0.0200069,-0.0182513,0.0125054,1.33824,-0.0169321,0.0207488,-0.761899,-0.883439,-0.340474,-0.054867]],"sigmahat":[[1.54091,0.815383,0.514893,0.448019,2.36258,1.10815,0.0255029,-0.0592326,0.0360856,0.0198038,0.080611,3.73136,0.0555261,-0.00380773,1.92386,1.3792,0.175279,0.0707099],[0.815383,1.62089,0.0902588,-0.168542,1.23495,1.30305,0.0168807,-0.06417,0.0365148,0.0210125,0.0777514,4.03803,0.086775,-0.0157882,1.96152,2.03696,0.151597,0.0860253],[0.514893,0.0902588,3.41094,-0.409751,0.639487,0.677695,0.108812,-0.00581089,-0.0316732,-0.0545656,0.0160816,-1.32193,-0.022153,0.0718367,-1.05377,0.104962,0.120359,-0.108318],[0.448019,-0.168542,-0.409751,22.1817,-0.129202,6.98868,0.223903,-0.169173,0.194397,0.144516,0.0331486,5.50212,0.0232746,0.046303,2.60534,-0.728529,0.291647,0.0676244],[2.36258,1.23495,0.639487,-0.129202,9.234,7.40388,0.188953,-0.154397,0.147712,0.0977011,0.174067,13.025,0.17827,-0.0821582,5.95411,3.69084,0.632414,0.225847],[1.10815,1.30305,0.677695,6.98868,7.40388,10.8017,0.295664,-0.183064,0.194201,0.119448,0.154835,13.4895,0.172245,-0.0810856,5.80527,3.35648,0.576734,0.186333],[0.0255029,0.0168807,0.108812,0.223903,0.188953,0.295664,0.315186,-0.00320866,0.0145473,0.00874762,0.0066649,2.31672,0.0146575,0.00823058,0.192025,0.272084,0.0196287,-0.00593607],[-0.0592326,-0.06417,-0.00581089,-0.169173,-0.154397,-0.183064,-0.00320866,0.0216808,-0.00842106,-0.00374858,-0.0100747,-0.163457,-0.00699484,0.000615416,-0.201723,-0.0469789,-0.0277832,-0.00905725],[0.0360856,0.0365148,-0.0316732,0.194397,0.147712,0.194201,0.0145473,-0.00842106,0.0149951,0.010843,0.0079989,0.670974,0.0088253,-0.00659507,0.300954,0.0913053,0.0318135,0.0143282],[0.0198038,0.0210125,-0.0545656,0.144516,0.0977011,0.119448,0.00874762,-0.00374858,0.010843,0.0163865,0.00877186,0.434975,0.00853474,-0.0037125,0.215644,0.0652026,-0.00479628,0.0159322],[0.080611,0.0777514,0.0160816,0.0331486,0.174067,0.154835,0.0066649,-0.0100747,0.0079989,0.00877186,0.0399118,0.733921,0.0325786,0.0142251,0.283942,0.0527969,0.0292517,0.0162869],[3.73136,4.03803,-1.32193,5.50212,13.025,13.4895,2.31672,-0.163457,0.670974,0.434975,0.733921,148.452,1.46826,-0.254485,29.9871,18.0037,3.0618,0.766362],[0.0555261,0.086775,-0.022153,0.0232746,0.17827,0.172245,0.0146575,-0.00699484,0.0088253,0.00853474,0.0325786,1.46826,0.0800661,0.0412653,0.441924,0.21105,0.0697713,0.021512],[-0.00380773,-0.0157882,0.0718367,0.046303,-0.0821582,-0.0810856,0.00823058,0.000615416,-0.00659507,-0.0037125,0.0142251,-0.254485,0.0412653,0.0739879,-0.500942,0.00861366,0.0121805,-0.00431269],[1.92386,1.96152,-1.05377,2.60534,5.95411,5.80527,0.192025,-0.201723,0.300954,0.215644,0.283942,29.9871,0.441924,-0.500942,22.1952,6.12423,0.993058,0.405747],[1.3792,2.03696,0.104962,-0.728529,3.69084,3.35648,0.272084,-0.0469789,0.0913053,0.0652026,0.0527969,18.0037,0.21105,0.00861366,6.12423,17.0533,-0.297446,0.170983],[0.175279,0.151597,0.120359,0.291647,0.632414,0.576734,0.0196287,-0.0277832,0.0318135,-0.00479628,0.0292517,3.0618,0.0697713,0.0121805,0.993058,-0.297446,1.52393,0.0101772],[0.0707099,0.0860253,-0.108318,0.0676244,0.225847,0.186333,-0.00593607,-0.00905725,0.0143282,0.0159322,0.0162869,0.766362,0.021512,-0.00431269,0.405747,0.170983,0.0101772,0.0649058]],"n":18,"lags":3}