{"betahat":[[1.8361,1.64102,0.930068,6.39692,-1.12401,-0.869172,-0.0180392,0.0521227,0.142551,0.100612,0.0080375,28.1568,0.305481,-0.161932,12.2073,2.43729,-0.029655,3.23902,1.49079,-3.20965e-05],[0.865253,-0.180428,-0.15537,0.528599,0.417617,0.753123,-0.0136351,-0.00782589,0.0150133,0.0018695,-0.00306089,1.50521,-0.00947611,-0.0316804,0.446378,-0.000989005,-0.00181939,-0.238848,0.200536,-0.0158662],[0.0481384,0.845587,0.0416243,0.223332,0.131317,0.0111601,0.0741998,-0.0220354,0.0054131,-0.00399374,0.00756792,0.363045,0.0175779,0.0139615,0.223606,-0.0625778,-0.0011836,-0.229371,0.107539,0.0170802],[-0.0121517,-0.0348636,0.600147,0.435476,0.0311054,0.0600503,0.0125247,0.00239629,0.00280823,0.00376517,-0.00753933,0.39229,-0.00981403,-0.0263046,0.140335,0.0384073,0.00192136,0.0713381,-0.028883,0.00507306],[-0.0399647,0.00330001,0.0338778,0.68364,-0.0278987,-0.0676297,-0.00743664,-0.000190574,-0.00291714,-0.00404271,-0.00319817,-0.324296,-0.00536336,-0.00539803,-0.0624032,-0.0153865,-0.00148162,-0.0757515,-0.0144427,-0.00735271],[0.0401023,-0.0194231,-0.0306138,0.32533,1.03227,0.0923347,0.00961439,-0.00406093,0.00634607,0.00453129,0.00554469,0.363751,0.00179027,0.00270475,0.109307,0.0394386,0.00167563,0.0465068,-0.00674731,0.008278],[0.0603345,0.00743655,0.0539795,-0.0126421,0.0564708,0.964016,0.016714,-0.00600139,0.00254009,0.0010868,0.00217769,-0.144821,0.00198076,0.00250251,0.0747949,0.0320821,0.00159792,0.0130388,-0.0170246,0.0063475],[0.320709,0.059128,-0.0567814,-0.51009,0.30479,-0.421564,0.742216,-0.00092263,-0.0168029,-0.0375694,-0.025157,-1.47468,-0.0219549,0.0264039,-0.902889,-0.129226,-0.0167138,-0.538869,0.462989,0.0167033],[0.732878,-0.40059,1.22208,3.122,0.658689,0.950355,0.448457,0.90695,-0.0999994,-0.177132,-0.104257,-4.09335,-0.0783064,-0.114503,1.95525,-0.276761,-0.0874257,-0.498231,1.14737,0.0208422],[0.00645337,0.343152,-0.712457,0.740179,0.191568,-0.196968,0.532231,-0.134346,1.19488,0.137479,-0.246418,-1.60716,-0.122984,-0.0283389,2.61396,0.706042,0.143428,-0.0612188,0.732043,0.245057],[-0.389876,0.270215,-0.363795,0.680761,0.441078,1.99244,-0.132206,0.0160534,0.0450871,0.997713,-0.0492561,3.8368,-0.0261281,-0.0329342,-2.56482,0.0973911,0.153429,-0.700683,0.649089,0.260954],[0.181256,0.33579,-0.212845,6.37969,0.026628,2.49584,0.0324173,-0.03366,0.105578,0.20347,1.21271,6.78799,-0.0117069,0.0420219,-0.675967,0.350758,0.0865378,-0.873063,0.739595,0.00280669],[-0.00627957,-0.0221184,-0.0066934,0.0503422,-0.00395783,0.00227584,0.0085208,0.000395258,0.00070913,0.00128727,-0.00182893,1.02476,-8.61015e-05,0.00114188,-0.0447784,0.0156153,-0.00042103,-0.000823823,0.00476574,0.00155011],[0.413895,0.686326,-0.107151,2.24469,0.555862,1.26029,0.0299735,-0.00360836,0.00724326,0.0145838,-0.0301977,-5.45226,1.03044,0.0113222,0.392685,0.0498183,0.00146729,1.68682,-1.20994,0.0727169],[-0.597858,-0.597509,-0.128582,-4.43018,-0.844139,-2.0183,-0.175389,0.0908422,-0.0663131,-0.0922999,-0.0126704,-1.51767,0.00615987,1.03443,-2.27935,-0.289523,-0.0671394,-0.237313,0.425724,0.0227558],[0.059685,0.0433194,-0.00258242,0.0837505,0.11449,0.0864085,0.0036013,-0.00199719,0.00266559,0.0035288,0.0101811,0.100722,0.0116143,0.00382167,1.13674,0.0191098,0.0030836,0.0507055,0.00860664,0.00317113],[0.0361412,0.00113182,-0.00565505,-0.246967,-0.0920867,-0.253459,-0.0381922,-0.0246772,0.00377781,-0.00336531,0.0313148,-0.842558,0.0231852,0.0119972,0.214118,1.11315,0.00122035,-0.221118,0.0326323,0.00236812],[0.100296,0.0154056,-0.401042,-0.332721,-2.47333,-2.49548,0.441073,0.118633,0.0641914,0.0230828,-0.11711,-5.04539,-0.119905,-0.29259,1.86315,0.632035,0.949082,0.947452,-0.246932,-0.203191],[-0.0909988,-0.039902,-0.0601753,-0.210908,-0.0940476,-0.0807895,0.00588546,0.0166782,-0.00184092,0.000488477,0.00132444,0.482349,0.0116235,0.00692524,0.0315547,0.00283245,0.00144735,0.612479,-0.0520332,0.00534315],[-0.231471,-0.147565,0.0518436,-0.384689,-0.287354,-0.281747,0.0465802,-0.00635805,0.00980453,0.0114641,0.011045,1.44728,0.0291075,0.0340847,-0.046303,0.0542225,0.0197838,0.251576,0.258771,0.0317438],[-0.00988046,0.374697,2.16898,-1.00462,-1.49148,-1.10271,-0.349903,-0.108414,-0.0112738,-0.0405687,0.0209134,-1.48095,-0.105431,-0.059556,0.36466,-0.518697,0.0124744,0.734906,0.534663,0.936976],[0.0859434,0.0582621,0.112351,-0.265008,-0.264258,-0.464838,0.0110347,0.000727065,-0.00777166,0.000209699,0.00122912,-0.959919,0.00306996,0.0229917,-0.278044,-0.00159608,0.00240323,0.143883,-0.13762,0.0151049],[-0.0960172,-0.0539771,0.0102502,-0.162283,-0.00373633,0.0744546,-0.0501048,0.0182431,-0.00170139,0.00206781,-0.00938067,-0.196262,-0.0132982,-0.0132937,-0.107433,0.0466029,0.00347462,0.124757,-0.0662079,-0.0132489],[-0.00354808,0.0318648,0.21299,-0.34652,-0.120484,-0.14392,0.00476495,0.00509905,-0.00130786,0.00287673,0.00349917,-0.285396,-0.00306441,0.00996244,-0.0529307,-0.0324593,5.16624e-05,-0.0634994,-0.0229672,-0.00143421],[0.0427283,-0.00228962,-0.0466172,0.269513,0.0310273,0.0493894,-0.000555204,-0.000916231,0.00216813,0.00245419,0.0018745,0.233156,0.00426959,0.00639986,0.000352333,0.00841267,0.00064131,0.0294744,0.0125934,0.00677528],[-0.0116948,0.0141254,0.0490758,-0.248411,-0.0249054,-0.0862004,-0.00627395,0.00208801,-0.00576434,-0.00358124,-0.00367594,-0.239672,-0.00357867,-0.00225399,-0.079422,-0.0319437,-0.00117521,-0.0300488,0.0144053,-0.0072863],[-0.00940322,0.00454346,-0.0305697,-0.00714764,0.00270397,0.0237853,-0.0136851,0.00469665,-0.00337067,-0.00174591,-0.00277212,0.0410203,-0.00405395,-0.00191626,-0.099083,-0.0281325,-0.00189959,-0.024811,0.0166525,-0.00518939],[-0.192101,0.0041744,0.0290485,0.562662,-0.339342,0.288937,0.0254115,-0.0194262,-0.00275632,0.0153294,0.0447257,0.0856855,0.0511864,0.0319963,0.576416,0.0582879,0.0120491,0.590541,-0.397546,-0.0269664],[-0.323813,0.888693,-0.775099,-2.64698,-0.395117,-0.765517,-0.761538,0.0522282,0.0327107,0.0806099,0.003028,-0.116373,-0.0145652,-0.101683,-0.81676,-0.519583,0.0240559,-0.733906,0.0901122,0.07992],[-0.218646,-0.253792,0.624232,-1.75651,-1.57012,-1.56735,-0.486874,0.133788,-0.178192,-0.134324,0.127394,-0.713525,0.0192758,0.110848,-2.94943,-0.44526,-0.143081,-0.41614,-0.204724,-0.283141],[0.00355932,-0.604133,0.185224,1.26122,-1.10799,-1.12002,0.188533,-0.0115342,-0.0679358,-0.0164139,0.0120277,-8.4733,-0.0305946,-0.0118879,1.25406,0.742635,-0.0798656,-0.200824,-0.590595,-0.0239991],[-0.419643,-0.213789,0.169348,-4.20752,-0.912043,-2.17056,0.0822626,0.0495816,-0.0994697,-0.167532,-0.286093,-5.91785,-0.0114717,-0.0246014,-1.17062,-0.425131,-0.090797,0.272712,-0.25896,-0.0573011],[0.00564338,0.0181889,0.0112805,-0.0516474,0.00625184,-0.000873497,-0.00572763,-2.1198e-05,-0.000789231,-0.000794162,0.00173921,0.0176806,0.000900538,0.000393896,0.0189479,-0.0104464,0.000291421,0.0182039,-0.00216162,-0.0020942],[0.153061,0.0111404,0.316288,-1.42586,0.330353,-0.22635,-0.057502,-0.0179149,-0.000488329,-0.00257642,0.0278451,1.95147,-0.0599608,-0.0220842,-0.063689,0.0315536,0.0109135,-0.44458,0.593216,-0.0427129],[0.606802,0.705759,0.068352,3.7242,0.742384,1.60009,0.255876,-0.10945,0.106198,0.110355,0.0110467,3.01828,-0.00607368,-0.0511273,2.28266,0.414269,0.0763354,0.611498,-0.349187,0.0193775],[-0.0361014,-0.0395162,-0.0153257,-0.101387,-0.0865222,-0.102936,0.00317528,0.00299221,-0.0051437,-0.00357457,-0.00586444,-0.10942,-0.0131251,-0.00119108,-0.134436,-0.00995737,-0.00330945,-0.0129658,-0.0133579,-0.00467389],[-0.0721565,-0.036629,-0.0528344,0.16187,0.0703897,0.221128,-0.00116999,0.01294,0.00352911,0.0110464,-0.0202787,0.868211,-0.0180738,-0.0140264,0.0421911,-0.129142,0.00134566,0.0747837,0.0116525,0.00900277],[0.191093,0.0767697,0.851552,0.472518,2.48531,2.26685,-0.196001,-0.0608705,-0.0213624,0.0140403,-0.00472396,3.22803,0.0716535,0.268064,-0.12317,-0.39855,0.0895559,-0.183069,-0.322592,0.104071],[0.000261444,0.0207106,0.0322681,0.128624,-0.0742971,-0.00785409,0.00670172,-0.00898173,0.00200182,0.00119849,0.0029837,-0.36078,-0.00417716,0.000386204,-0.125501,-0.00059851,3.61992e-05,-0.115426,0.0368793,-0.00223929],[-0.200751,0.000805811,0.161951,-0.240663,-0.146903,0.19037,0.0765888,0.0222475,-0.00254446,-0.00938538,0.0115763,-0.395424,-0.0128239,0.0130498,-0.492418,0.0890341,-0.00666453,-0.153,-0.131984,-0.0208269],[0.280166,-0.422557,-1.80551,-0.464482,1.225,-0.194717,0.143928,0.092738,-0.0186057,0.0256982,-0.0246286,-0.874248,0.115182,0.0527944,0.104402,0.22541,-0.016124,-0.398122,-0.291332,0.0654676],[0.048798,0.122172,0.0430194,-0.263575,-0.153292,-0.288172,0.00262408,0.00709909,-0.00724329,-0.00207782,0.00183097,-0.545492,0.00641006,0.00869408,-0.168413,0.00257989,-0.000580251,0.0948715,-0.0629155,0.000759864],[0.0478726,0.208375,-0.0518847,-0.0610071,-0.127554,-0.0855643,-0.024075,0.0037929,-0.00371272,0.00192738,0.00181049,-0.166952,-0.00427835,-0.000664026,-0.116241,0.0159682,-0.00228931,0.104529,-0.0413386,-0.00383276],[0.0156977,0.00302932,0.18682,-0.0888786,0.0894168,0.0839706,-0.0172688,-0.00749692,-0.00150055,-0.00664189,0.00403906,-0.106958,0.012886,0.0163456,-0.0874148,-0.00594404,-0.00197107,-0.00788267,0.0518493,-0.00363906],[-0.00274299,-0.000958784,0.012732,0.0466525,-0.00293939,0.0184047,0.00802663,0.00110803,0.000749452,0.00159026,0.00132205,0.0912597,0.00110885,-0.000991295,0.062075,0.00697608,0.000842573,0.0462011,0.00189312,0.000578574],[-0.0284172,0.00528449,-0.0184484,-0.0770047,-0.00731697,-0.00607085,-0.00331333,0.00197432,-0.000585972,-0.000947736,-0.00187144,-0.124643,0.0017857,-0.000444141,-0.030061,-0.00751254,-0.000494365,-0.0165633,-0.00766986,-0.000995863],[-0.0509276,-0.0119822,-0.023418,0.0196607,-0.0591272,0.0122082,-0.00300578,0.00130558,0.000828398,0.000660616,0.00058968,0.103425,0.0020727,-0.000580649,0.0241944,-0.00396017,0.000304814,0.0117163,0.000367048,-0.00116092],[-0.128617,-0.0632367,0.027716,-0.0524934,0.0348165,0.133101,0.232414,0.0203469,0.0195464,0.0222381,-0.0195716,1.38761,-0.0292092,-0.0583783,0.326165,0.070916,0.00467765,-0.0519774,-0.0655236,0.0102572],[-0.235412,-0.347392,-0.507339,0.0635933,-0.137642,0.00840888,0.249237,-0.00906414,0.0549788,0.0618632,0.075619,3.19096,0.0446521,0.158079,-1.60808,0.732805,0.0296518,1.4558,-1.02839,-0.0597034],[0.115846,-0.173652,0.123542,0.589078,1.16161,1.44093,-0.0581037,0.0168251,-0.0334655,-0.0176386,0.119875,1.68581,0.0943701,-0.053091,-0.228178,-0.286059,0.000264328,0.470228,-0.586886,0.0160882],[0.381872,0.373512,0.218806,-1.95061,0.619667,-0.876565,-0.0591105,-0.00182628,0.0177098,0.000581482,0.036786,4.52794,0.0613547,0.0586161,1.11679,-0.788874,-0.0771458,0.970465,-0.0646895,-0.248695],[0.167059,-0.0774205,0.0192329,-2.1814,0.725168,-0.391134,-0.129192,-0.0132042,-0.00696828,-0.0407387,0.0496272,-0.941077,0.0140203,-0.0213387,1.67426,0.0391908,-0.00119092,0.69516,-0.510261,0.0504035],[-0.00130986,0.0010792,-0.00392565,-0.00556912,-0.00218277,-0.00260283,-0.00295631,-0.000231736,-2.37723e-05,-0.000398808,0.000161663,-0.0837557,-0.00098568,-0.00123381,0.0188753,-0.00708299,0.000346739,-0.0197635,-0.0027798,0.000232462],[-0.412723,-0.664344,-0.274077,-1.01827,-0.373541,-0.761839,0.0405761,0.0307703,-0.00100059,-0.000391063,-0.0108302,3.19265,-0.00170527,-0.00586994,-0.336047,-0.107822,-0.0165303,-1.11795,0.562217,-0.0211273],[-0.0158713,-0.119592,0.00260024,0.463985,0.15863,0.393479,-0.0893653,0.0301269,-0.0446999,-0.0157227,-0.00824421,-1.53579,-0.0164326,-0.0121587,-0.0332588,-0.18124,-0.0113991,-0.29842,-0.127698,-0.0384998],[-0.0233349,-0.00379692,0.0183655,0.0164181,-0.0259823,0.0183467,-0.00643415,-0.000940904,0.00241895,7.95028e-05,-0.00428596,0.00388453,0.00160449,-0.00232874,-0.00657895,-0.00950223,0.000270738,-0.0397791,0.00487109,0.00146211],[0.0360171,0.0355209,0.0584945,0.085086,0.0218,0.0324841,0.0393885,0.0117388,-0.00731033,-0.00767926,-0.0110366,-0.0259258,-0.00510355,0.00203684,-0.256396,0.015969,-0.00256173,0.146201,-0.0442894,-0.0113715],[-0.315305,-0.0379453,-0.450732,-0.156537,-0.113358,0.188794,-0.260848,-0.0560462,-0.0490305,-0.0482372,0.117031,1.61654,0.0489369,0.0314177,-1.87809,-0.219744,-0.0456569,-0.751992,0.548725,0.0966283],[0.0090029,0.0693159,-0.0361185,-0.0846084,0.0173834,-0.000982056,0.000395631,-0.00556515,0.00269826,0.00226881,0.00145148,-0.00397057,0.000933903,0.00116392,-0.0261287,-0.00636528,-5.01291e-06,-0.0257456,0.0121766,0.00307196],[0.00295567,0.0358066,-0.144224,-0.215028,-0.155104,-0.304786,0.0541281,-0.00412187,0.000308104,0.00474103,0.008243,-0.170784,-0.00622583,0.0166243,-0.433293,0.00719974,0.00154564,-0.105364,0.0165657,0.0245615],[-0.261942,0.0360097,-0.260006,1.62834,0.264464,1.40175,0.22234,0.0103083,0.0262431,-0.00414629,0.012281,1.75541,-0.0168291,0.0087293,-0.539759,0.348147,0.00570668,-0.248445,-0.315284,-0.0483076]],"sigmahat":[[1.6253,0.880363,0.541594,0.550238,2.52619,1.25514,0.0195769,-0.0592749,0.0360238,0.0204681,0.0775418,3.85532,0.0578082,-0.000309504,2.04685,0.267916,0.0123636,1.49556,0.164361,0.0594356],[0.880363,1.57747,0.132176,-0.0291052,1.32899,1.35246,0.007065,-0.0609514,0.034238,0.0192535,0.074317,4.0529,0.085166,-0.0136099,2.04657,0.270632,0.0119031,1.70219,0.106595,0.0837463],[0.541594,0.132176,3.35219,-0.365559,0.659307,0.690775,0.098916,-0.00450062,-0.0314224,-0.054988,0.014505,-1.238,-0.0238066,0.0684498,-0.946288,0.139028,-0.00549386,0.31544,0.117433,-0.12653],[0.550238,-0.0291052,-0.365559,21.6324,0.0485662,6.92843,0.223658,-0.176031,0.197327,0.139401,0.0526199,6.06299,0.053463,0.0481939,3.22251,1.19224,0.0915857,0.790901,0.335855,0.0608195],[2.52619,1.32899,0.659307,0.0485662,9.36228,7.46082,0.180468,-0.154418,0.149426,0.0997794,0.171824,12.5251,0.17774,-0.0907704,6.14792,0.563501,0.0732255,3.52816,0.662088,0.193441],[1.25514,1.35246,0.690775,6.92843,7.46082,10.6734,0.283922,-0.183643,0.19492,0.116695,0.160221,13.1154,0.179472,-0.0932656,6.173,0.906774,0.100149,3.40214,0.631424,0.161673],[0.0195769,0.007065,0.098916,0.223658,0.180468,0.283922,0.302899,-0.00598217,0.0144966,0.00892668,0.0107074,2.30179,0.0178047,0.0106417,0.210878,0.0920893,0.00987515,0.237213,0.031126,-0.00613218],[-0.0592749,-0.0609514,-0.00450062,-0.176031,-0.154418,-0.183643,-0.00598217,0.0185998,-0.00780067,-0.00348185,-0.00804542,-0.218332,-0.00648,0.000619177,-0.205529,-0.0431961,-0.00324742,-0.10518,-0.016361,-0.00748036],[0.0360238,0.034238,-0.0314224,0.197327,0.149426,0.19492,0.0144966,-0.00780067,0.0145668,0.0106218,0.00774847,0.694406,0.00905547,-0.00630393,0.301823,0.0255677,0.00623524,0.0778362,0.0323821,0.0129592],[0.0204681,0.0192535,-0.054988,0.139401,0.0997794,0.116695,0.00892668,-0.00348185,0.0106218,0.0162554,0.00900977,0.448854,0.00920372,-0.00341914,0.219789,0.00381739,0.00733067,0.0495452,-0.0013948,0.0146956],[0.0775418,0.074317,0.014505,0.0526199,0.171824,0.160221,0.0107074,-0.00804542,0.00774847,0.00900977,0.0375411,0.770302,0.0315381,0.0137479,0.271899,0.0381318,0.0084909,0.0732603,0.0290727,0.0142397],[3.85532,4.0529,-1.238,6.06299,12.5251,13.1154,2.30179,-0.218332,0.694406,0.448854,0.770302,146.179,1.47311,-0.325416,30.4583,1.15261,0.33252,11.4007,3.74516,0.723664],[0.0578082,0.085166,-0.0238066,0.053463,0.17774,0.179472,0.0178047,-0.00648,0.00905547,0.00920372,0.0315381,1.47311,0.0788513,0.0402619,0.426363,0.028525,0.00893524,0.170266,0.0778765,0.0198988],[-0.000309504,-0.0136099,0.0684498,0.0481939,-0.0907704,-0.0932656,0.0106417,0.000619177,-0.00630393,-0.00341914,0.0137479,-0.325416,0.0402619,0.0730357,-0.512649,0.0152823,0.0018439,-0.000427198,0.010019,-0.00625486],[2.04685,2.04657,-0.946288,3.22251,6.14792,6.173,0.210878,-0.205529,0.301823,0.219789,0.271899,30.4583,0.426363,-0.512649,22.0041,0.623505,0.0962536,3.94061,1.19071,0.367484],[0.267916,0.270632,0.139028,1.19224,0.563501,0.906774,0.0920893,-0.0431961,0.0255677,0.00381739,0.0381318,1.15261,0.028525,0.0152823,0.623505,0.975081,0.0142208,0.531439,-0.0474103,0.0391224],[0.0123636,0.0119031,-0.00549386,0.0915857,0.0732255,0.100149,0.00987515,-0.00324742,0.00623524,0.00733067,0.0084909,0.33252,0.00893524,0.0018439,0.0962536,0.0142208,0.00962254,0.0264009,-4.04242e-05,0.00678482],[1.49556,1.70219,0.31544,0.790901,3.52816,3.40214,0.237213,-0.10518,0.0778362,0.0495452,0.0732603,11.4007,0.170266,-0.000427198,3.94061,0.531439,0.0264009,10.0012,-0.613239,0.0563114],[0.164361,0.106595,0.117433,0.335855,0.662088,0.631424,0.031126,-0.016361,0.0323821,-0.0013948,0.0290727,3.74516,0.0778765,0.010019,1.19071,-0.0474103,-4.04242e-05,-0.613239,1.41321,0.0191943],[0.0594356,0.0837463,-0.12653,0.0608195,0.193441,0.161673,-0.00613218,-0.00748036,0.0129592,0.0146956,0.0142397,0.723664,0.0198988,-0.00625486,0.367484,0.0391224,0.00678482,0.0563114,0.0191943,0.0610529]],"n":20,"lags":3}