{"betahat":[[1.17746,1.59082,0.862274,4.66472,-2.88297,-2.51478,-0.335322,-0.073141,0.162163,0.0839739,0.157065,18.301,0.308603,-0.153067,13.1079,6.48155,0.167901,0.132577],[0.873088,-0.148303,-0.162078,0.517764,0.475808,0.824258,-0.00926175,-0.0119701,0.018489,0.0033877,0.000927879,1.68242,-0.0019463,-0.0299294,0.555963,0.358297,0.227305,-0.0117305],[0.0439196,0.873251,0.0657631,0.128146,0.131161,0.00452825,0.0739739,-0.0169864,0.00201279,-0.00757953,0.00636133,0.188724,0.0201509,0.0207999,0.148632,-0.125756,0.0491567,0.0148024],[-0.0206437,-0.0530407,0.566444,0.432809,0.0105636,0.0211534,0.016602,0.00338006,0.00348122,0.00454897,-0.00596153,0.520107,-0.00676177,-0.0248746,0.158522,0.000663387,-0.022881,0.00759463],[-0.0328525,0.0151127,0.0343963,0.681567,-0.00815757,-0.0481728,-0.00727536,-0.0011279,-0.00252779,-0.00417217,-0.0026405,-0.282396,-0.00418608,-0.00584997,-0.0509205,-0.0292173,-0.0125852,-0.00773579],[0.0347927,-0.0346544,-0.0318699,0.342203,1.01491,0.0768661,0.00787432,-0.00247982,0.00508035,0.0036162,0.00463153,0.23534,-2.84802e-05,0.00464491,0.0405587,0.0555936,-0.0208453,0.00960925],[0.0636262,0.0191795,0.0610565,-0.0254153,0.0493409,0.958115,0.0156664,-0.00660621,0.00219784,0.000540407,0.00301029,-0.2739,0.00192245,0.00289667,0.0488637,-0.0685994,-0.0143992,0.00583248],[0.330446,0.0530733,-0.0677896,-0.453604,0.226563,-0.50465,0.729844,-0.00903458,-0.0129858,-0.035412,-0.0153403,-2.34555,-0.0212393,0.0243849,-0.839405,-1.32479,0.492271,0.00756603],[0.858053,-0.501295,1.54867,3.92558,0.713919,1.09385,0.477857,0.908201,-0.119992,-0.191687,-0.146533,-4.51272,-0.0974502,-0.0856435,1.22575,0.229918,1.07753,0.000727689],[0.0726859,0.265426,-0.773718,-0.104862,-0.202728,-1.05196,0.602902,-0.118176,1.21198,0.140782,-0.262083,-3.89073,-0.122255,-0.0366552,3.28835,1.15968,0.376052,0.170025],[-0.267605,0.361799,-0.418778,0.650209,0.0279789,1.57578,-0.0658215,0.0454296,0.0536432,0.993284,-0.0717477,2.00489,-0.0315657,-0.0678668,-2.11531,0.747104,0.488058,0.21909],[0.290522,0.403646,-0.178064,6.51149,0.177526,2.67416,0.0238117,-0.0603925,0.126352,0.217125,1.23319,6.81606,0.0106368,0.0185815,0.129371,0.245488,0.741652,-0.0209347],[-0.00848276,-0.0244897,-0.00624517,0.0680517,-0.0083309,0.0058006,0.0100326,0.000938985,0.000670981,0.00134398,-0.00241902,1.08049,-0.000586252,0.000637152,-0.0444045,0.0184751,-0.0040627,0.00213161],[0.300863,0.739015,-0.268575,2.13831,0.442733,1.19823,0.0342375,0.000395021,0.00975205,0.0212936,-0.0352734,-5.61563,1.03083,0.00931026,0.0103713,0.84045,-1.07258,0.114316],[-0.711908,-0.638133,-0.160132,-4.74909,-1.28423,-2.43535,-0.18023,0.0809263,-0.0674992,-0.097315,0.0174879,-2.2295,0.0300919,1.05489,-2.11879,-0.161338,0.516361,0.0295432],[0.0547502,0.0339922,-0.00550758,0.0590945,0.0913226,0.0527276,0.00337048,-0.00101408,0.00205956,0.00317032,0.0103546,0.107653,0.0129356,0.00539951,1.15273,0.0988783,-0.00250295,0.00334734],[-0.055119,-0.0297787,-0.086031,0.0424291,0.00487808,0.0474842,0.0132409,-0.00176817,0.00589733,0.00699287,0.0070421,0.414833,0.00435265,-0.00325432,-0.11595,-0.0201813,0.134976,0.0105865],[-0.189451,-0.107141,0.0691142,-0.227257,-0.153547,-0.0982003,0.0451589,-0.0150764,0.0120921,0.0124718,0.0077507,1.145,0.0229686,0.022335,-0.00823639,-0.242967,0.308137,0.0334593],[-0.141173,0.354498,2.0848,-0.660465,-1.88159,-1.2353,-0.353946,-0.125231,-0.00179909,-0.0287598,0.0210562,-1.99575,-0.146278,-0.125344,0.600048,-1.13913,0.646297,0.923681],[0.0945501,0.038566,0.123329,-0.257091,-0.302826,-0.535106,0.00127733,0.000210344,-0.0103472,-0.00161181,-0.000261157,-1.12134,-0.000686532,0.0274255,-0.327707,-0.155007,-0.156353,0.0120491],[-0.104602,-0.102045,-0.0221361,-0.0773337,0.0215677,0.109556,-0.0463045,0.0165791,0.000933194,0.00482055,-0.0106091,0.298418,-0.0133509,-0.0199414,-0.044777,0.106449,-0.0243548,-0.00827213],[0.00611062,0.0418676,0.236631,-0.34613,-0.12549,-0.14585,0.00280022,0.0040928,-0.00113916,0.00295503,0.00411941,-0.41516,-0.00382509,0.0105759,-0.0595289,0.0601027,-0.0248065,-0.00272064],[0.0437952,-0.0034129,-0.0432256,0.281865,0.0307573,0.0515526,-0.000883582,-0.00113298,0.00246362,0.00290094,0.00189064,0.282587,0.00446524,0.00622444,0.0204779,0.0158752,0.017715,0.00812897],[-0.00730555,0.0206725,0.0479182,-0.265647,-0.0199088,-0.0917634,-0.00655351,0.000624689,-0.00529526,-0.00301882,-0.00289535,-0.213064,-0.00302101,-0.00295733,-0.051219,-0.0234658,0.0206012,-0.00819302],[-0.00973095,-0.00309003,-0.0360996,0.010051,0.010783,0.0285748,-0.0134049,0.00465075,-0.00257667,-0.000931617,-0.00308544,0.212548,-0.00330957,-0.00294336,-0.0573175,0.0272432,0.020112,-0.00311797],[-0.216287,0.00517526,-0.018362,0.662782,-0.301183,0.377524,0.0196866,-0.0256971,0.000348589,0.0200499,0.0473369,0.714781,0.0525614,0.0316713,0.492993,0.837473,-0.339382,-0.00863123],[-0.380025,1.17639,-1.01396,-3.62886,-0.259647,-0.738821,-0.836608,0.0594102,0.0311792,0.0763712,0.0180595,0.91877,0.0046574,-0.108579,-0.443817,0.680157,0.134812,0.0762133],[-0.176189,-0.119095,0.872465,-1.17032,-1.41629,-1.08468,-0.491969,0.114832,-0.177706,-0.132847,0.15348,-0.352405,0.0242267,0.119038,-3.12362,-0.990098,-0.0327382,-0.258447],[-0.0671665,-0.7948,0.446693,1.31628,-1.02389,-1.01976,0.168912,-0.0286842,-0.0695896,-0.0186383,0.0080485,-8.81329,-0.0424378,-0.00489657,1.29102,-1.97087,-0.577625,-0.022933],[-0.522876,-0.320228,0.148827,-4.29647,-1.14068,-2.45182,0.103222,0.0771958,-0.119765,-0.177893,-0.322751,-6.11726,-0.0442753,-0.011835,-1.73146,-0.256036,-0.335397,-0.0742424],[0.00164797,0.016938,0.00836296,-0.0843734,-0.00109105,-0.0165609,-0.00866433,-0.000295574,-0.00108057,-0.00105327,0.00224616,-0.0587127,0.00169942,0.00120211,0.0177064,-0.0105403,0.000957521,-0.00249957],[0.288496,0.031594,0.481322,-1.48187,0.424186,-0.277494,-0.0713651,-0.00974939,-0.00957634,-0.0134234,0.0239525,2.01182,-0.0582606,-0.00423857,0.153595,-0.24334,0.392821,-0.0655738],[0.743287,0.81649,0.0629578,4.07351,1.15494,1.9896,0.245844,-0.112761,0.113541,0.1226,-0.00918695,3.26249,-0.0265418,-0.0535876,2.0206,0.343969,-0.448744,0.0166628],[-0.0329978,-0.0324396,-0.0130364,-0.0920637,-0.0795815,-0.0883662,0.000944418,0.00243015,-0.00535465,-0.00400393,-0.00677087,-0.160308,-0.0152732,-0.00300669,-0.143848,-0.0752116,-0.012204,-0.00648588],[0.0173286,0.0263099,0.0104501,-0.105402,-0.0191707,-0.0783256,0.018905,-0.00307055,0.000924825,0.000944758,0.0076596,0.270523,0.00571644,0.0102851,-0.0195547,0.0956439,0.0509589,0.0053233],[-0.196092,0.00183927,0.14371,-0.263843,-0.120533,0.212855,0.0882816,0.0271913,-0.0020856,-0.0101372,0.0130336,0.185167,-0.00370198,0.0112297,-0.360639,0.122827,-0.124866,-0.0175351],[0.239112,-0.379855,-1.86815,-0.948063,1.1038,-0.42235,0.170732,0.115616,-0.019218,0.0340922,-0.0255197,-1.08156,0.135695,0.0897055,-0.117173,0.865028,-0.240173,0.0906958],[0.0323826,0.109734,0.0387502,-0.260588,-0.172881,-0.289004,0.00800792,0.0117623,-0.00814539,-0.00177539,-0.00066968,-0.561056,0.00263423,0.00250599,-0.228399,-0.203559,-0.070908,-0.000326322],[0.0606939,0.228763,-0.0436298,-0.0506966,-0.152676,-0.113998,-0.0276528,0.000411297,-0.00294975,0.00275895,0.00424331,-0.487123,-0.00680132,-0.000857548,-0.103992,0.0190985,-0.0247834,-0.00653889],[0.0145533,0.0112019,0.196868,-0.0865357,0.114993,0.124836,-0.0193895,-0.00747279,-0.00234432,-0.00750516,0.00184137,-0.104815,0.0105952,0.0143004,-0.0990527,-0.0609761,0.0477297,-0.00488127],[-0.010886,-0.0116672,0.00883371,0.0363413,-0.0223389,-0.003198,0.00818733,0.00226222,6.27897e-05,0.00127059,0.00074857,9.1613e-05,-0.00026231,-0.000364616,0.0304588,0.0131053,-0.00500434,-0.000399457],[-0.0274647,0.0139614,-0.0160433,-0.0765779,0.00506545,0.0149715,-0.00128482,0.00185977,0.0002092,-0.000595138,-0.00174527,-0.0226567,0.00303911,-0.00168858,0.0104166,-0.0324496,0.000274139,-0.00142739],[-0.0538617,-0.016098,-0.0249676,0.0152537,-0.0600441,0.0133296,-0.00223774,0.00195879,0.000375041,0.000391838,6.60094e-05,0.0610768,0.00138197,4.65693e-05,0.00833878,0.0411568,-0.00567787,-0.00272445],[-0.114019,-0.058092,0.0859962,-0.20884,0.0754724,0.128047,0.250477,0.0347266,0.012619,0.0153635,-0.0320172,1.62934,-0.0312921,-0.0560356,0.346263,0.486378,-0.152995,0.00108993],[-0.30641,-0.518217,-0.44566,0.335996,-0.310128,-0.0555491,0.291077,-0.00970678,0.0644182,0.0720233,0.0956379,2.50632,0.0467782,0.156314,-1.43943,-0.349879,-1.04623,-0.0645027],[0.0173963,-0.20399,-0.0746903,0.798782,1.3797,1.77523,-0.130513,0.0223899,-0.0540213,-0.0246982,0.110908,3.5588,0.0871609,-0.0528418,-0.694584,-0.0968114,-0.402082,0.0704418],[0.342523,0.478764,0.0183584,-1.96983,0.933105,-0.584302,-0.116714,-0.0179885,0.0101533,0.00368454,0.0668524,6.4946,0.0821452,0.0911831,0.648612,1.20043,0.108364,-0.207023],[0.130069,-0.0189076,0.0038763,-2.15599,0.774557,-0.241294,-0.142737,-0.015046,-0.00730982,-0.0444814,0.0608211,-0.889915,0.0271285,-0.00730653,1.36843,0.0865812,-0.446759,0.0933955],[0.00504451,0.00436003,-0.00207804,0.0110643,0.00999258,0.00990024,-0.00107308,-0.00040387,0.000436133,-5.86152e-05,0.000162351,-0.0558771,-0.0012758,-0.0016636,0.0227212,-0.0125841,0.00332106,0.000185001],[-0.436467,-0.683843,-0.240367,-0.747377,-0.321002,-0.510011,0.0486314,0.0200577,0.00421501,-0.000354354,-0.00241405,3.6065,0.00172379,-0.019598,-0.0593525,-0.266033,0.607404,-0.0435697],[-0.0719413,-0.167597,0.00614289,0.364546,0.138138,0.420035,-0.07347,0.0491979,-0.054263,-0.0246733,-0.0194334,-1.09142,-0.0187195,-0.0330124,0.0442722,-0.108996,-0.147445,-0.043854],[-0.0211556,-0.00169094,0.0192412,0.0318564,-0.00896543,0.0378186,-0.00376506,-0.00135073,0.00320846,0.000848263,-0.00361101,0.0506328,0.00242841,-0.0020322,-0.0150441,-0.0279893,0.0156422,0.00301192],[0.0287473,0.000927513,-0.0268549,-0.109238,0.013507,-0.0880259,-0.0211492,0.000874577,-0.000849637,0.000205416,-0.00418533,-0.108354,-0.00140582,0.00581128,-0.0877866,0.0423994,-0.0394258,-0.0033041],[0.0234081,0.0540192,-0.115369,-0.299194,-0.115559,-0.306915,0.045863,-0.00826706,0.000929515,0.00422464,0.0100025,-0.257369,-0.00256695,0.0214398,-0.386246,0.318403,0.0105571,0.0226314],[-0.113305,0.00898449,-0.129973,1.72415,0.700467,1.69034,0.197999,0.00279359,0.0184269,-0.0237346,0.00934801,2.43245,-0.00080891,0.0317439,-0.591412,0.0661095,-0.456211,-0.0660312]],"sigmahat":[[1.46147,0.735744,0.543335,0.364851,2.16179,0.909689,-0.00863972,-0.0576898,0.0294384,0.0144256,0.0718538,2.7376,0.031713,-0.0200268,1.83979,0.310871,0.201395,0.0572918],[0.735744,1.56637,0.0553491,-0.301689,0.963077,0.991151,-0.0273085,-0.0669254,0.0312228,0.0180891,0.0695957,2.80868,0.0640623,-0.0216932,1.62667,0.668734,0.113797,0.0695233],[0.543335,0.0553491,3.42733,-0.271757,0.633492,0.637243,0.0925691,-0.00891117,-0.0353626,-0.0579625,0.0136374,-1.00495,-0.028561,0.0669679,-1.00929,-0.351106,0.22827,-0.108475],[0.364851,-0.301689,-0.271757,21.1503,-0.449434,6.31948,0.177282,-0.157186,0.176457,0.130636,0.032062,4.89503,0.0329492,0.060926,2.93406,-1.05962,0.074333,0.0455976],[2.16179,0.963077,0.633492,-0.449434,8.5566,6.57088,0.107921,-0.146852,0.131679,0.0919209,0.153278,9.29243,0.114109,-0.0974679,5.3196,1.25172,0.616259,0.20133],[0.909689,0.991151,0.637243,6.31948,6.57088,9.5709,0.204942,-0.177028,0.174733,0.113344,0.139229,9.62053,0.119967,-0.0730858,5.04011,0.802038,0.450803,0.16013],[-0.00863972,-0.0273085,0.0925691,0.177282,0.107921,0.204942,0.300026,-0.000913998,0.012781,0.0081241,0.00475919,1.81188,0.0100557,0.0106478,0.0864797,0.0642572,0.00567813,-0.0109294],[-0.0576898,-0.0669254,-0.00891117,-0.157186,-0.146852,-0.177028,-0.000913998,0.021199,-0.00782948,-0.00322337,-0.00917275,-0.187774,-0.00690346,0.00120281,-0.218005,-0.0299988,-0.0205496,-0.00747328],[0.0294384,0.0312228,-0.0353626,0.176457,0.131679,0.174733,0.012781,-0.00782948,0.0147033,0.0108687,0.00776703,0.591836,0.00851067,-0.00603106,0.297307,0.0760798,0.0240095,0.0136921],[0.0144256,0.0180891,-0.0579625,0.130636,0.0919209,0.113344,0.0081241,-0.00322337,0.0108687,0.0169847,0.00873572,0.389835,0.00890384,-0.00339735,0.222954,0.0718062,-0.0111836,0.01596],[0.0718538,0.0695957,0.0136374,0.032062,0.153278,0.139229,0.00475919,-0.00917275,0.00776703,0.00873572,0.039779,0.670424,0.0329452,0.015117,0.277909,0.0208441,0.0201658,0.0154266],[2.7376,2.80868,-1.00495,4.89503,9.29243,9.62053,1.81188,-0.187774,0.591836,0.389835,0.670424,113.471,1.14762,-0.167576,22.7352,7.69573,2.85824,0.529737],[0.031713,0.0640623,-0.028561,0.0329492,0.114109,0.119967,0.0100557,-0.00690346,0.00851067,0.00890384,0.0329452,1.14762,0.0780605,0.0428859,0.361394,0.0315045,0.0691135,0.0194865],[-0.0200268,-0.0216932,0.0669679,0.060926,-0.0974679,-0.0730858,0.0106478,0.00120281,-0.00603106,-0.00339735,0.015117,-0.167576,0.0428859,0.0739035,-0.488595,-0.0526621,0.0131528,-0.00389381],[1.83979,1.62667,-1.00929,2.93406,5.3196,5.04011,0.0864797,-0.218005,0.297307,0.222954,0.277909,22.7352,0.361394,-0.488595,20.7365,3.57454,1.16333,0.369615],[0.310871,0.668734,-0.351106,-1.05962,1.25172,0.802038,0.0642572,-0.0299988,0.0760798,0.0718062,0.0208441,7.69573,0.0315045,-0.0526621,3.57454,7.30769,-0.135996,0.159614],[0.201395,0.113797,0.22827,0.074333,0.616259,0.450803,0.00567813,-0.0205496,0.0240095,-0.0111836,0.0201658,2.85824,0.0691135,0.0131528,1.16333,-0.135996,1.46818,-0.00636235],[0.0572918,0.0695233,-0.108475,0.0455976,0.20133,0.16013,-0.0109294,-0.00747328,0.0136921,0.01596,0.0154266,0.529737,0.0194865,-0.00389381,0.369615,0.159614,-0.00636235,0.0640845]],"n":18,"lags":3}