{"betahat":[[1.43384,1.84174,0.857413,4.91332,-2.50837,-1.97317,-0.222142,-0.072682,0.0948337,-0.000481289,0.131615,18.3836,0.32722,-0.0746531,11.3494,4.6165,0.213819,-0.0100563],[0.880797,-0.142588,-0.169047,0.540763,0.460914,0.805366,-0.00851448,-0.0117424,0.0182389,0.00294985,0.0021529,1.7677,-0.00211518,-0.0308683,0.585542,0.376125,0.229433,-0.0121337],[0.0491634,0.871925,0.0589901,0.138432,0.135344,0.00373263,0.0723921,-0.0178465,0.00238109,-0.00721611,0.0061894,0.145901,0.0191211,0.0207413,0.144142,-0.122066,0.0575302,0.016873],[-0.0192116,-0.0542109,0.580346,0.433961,0.0184703,0.0295382,0.0150777,0.00349614,0.00327202,0.00442196,-0.00586239,0.495639,-0.00665575,-0.0243613,0.148162,-0.0117083,-0.0196826,0.00647608],[-0.0317179,0.0143273,0.0327376,0.689554,-0.000619321,-0.0382364,-0.00782743,-0.00124963,-0.00225615,-0.00388275,-0.00243779,-0.266572,-0.00381592,-0.00594337,-0.0399782,-0.0233081,-0.0119914,-0.00712631],[0.0373322,-0.0321361,-0.0286484,0.338243,1.01802,0.0783663,0.00852512,-0.00266892,0.00511401,0.00370345,0.00529576,0.211598,0.000437554,0.00508606,0.0482286,0.0503979,-0.0172758,0.00952957],[0.0619816,0.0174,0.0536591,-0.0233812,0.0456255,0.953533,0.0160428,-0.00665721,0.00231315,0.000649774,0.00254183,-0.247878,0.00201515,0.00281238,0.0408559,-0.0660277,-0.0161894,0.00599811],[0.3109,0.0370569,-0.0428649,-0.523802,0.190315,-0.52803,0.735955,-0.00682355,-0.0146356,-0.0370333,-0.0203469,-2.49532,-0.0271232,0.0194251,-0.888313,-1.29401,0.481811,0.00439718],[0.869798,-0.468674,1.51416,4.15807,0.561824,1.02593,0.474013,0.918064,-0.121701,-0.192541,-0.135569,-4.33088,-0.102474,-0.0897074,1.25896,0.187819,1.12282,-0.00263903],[0.0647604,0.341421,-0.635971,-0.221342,-0.31302,-1.09911,0.587668,-0.114089,1.20265,0.135276,-0.250181,-4.22328,-0.105907,-0.0301547,3.3636,0.998891,0.377559,0.166705],[-0.177971,0.409598,-0.369305,0.57209,0.162325,1.56109,-0.0451073,0.0335175,0.0581811,0.993311,-0.0694662,2.66222,-0.0402638,-0.0741569,-2.00295,0.809363,0.495133,0.200456],[0.26321,0.377791,-0.140252,6.56311,0.0409456,2.59628,0.000551278,-0.0494193,0.120323,0.213937,1.23064,6.7007,0.0025091,0.018414,-0.0515816,0.19548,0.690748,-0.0336377],[-0.00804646,-0.0253845,-0.00541205,0.0671187,-0.00711736,0.00592239,0.0098866,0.00101985,0.0005577,0.00127879,-0.00251813,1.07671,-0.000485809,0.0007799,-0.0451108,0.0177424,-0.0040889,0.00203659],[0.302534,0.767419,-0.273397,2.15183,0.499802,1.31889,0.0496827,-0.0025603,0.0141643,0.0221254,-0.0298507,-5.05695,1.03528,0.00691501,0.0584539,0.898188,-1.0489,0.11675],[-0.671542,-0.618147,-0.161921,-4.65897,-1.21831,-2.39918,-0.179245,0.080291,-0.064368,-0.0897732,0.0157982,-2.3463,0.0271351,1.05218,-2.04586,-0.125908,0.522535,0.032652],[0.0558847,0.0307522,-0.00414608,0.069458,0.0949231,0.0561196,0.00406299,-0.000975499,0.00210251,0.00331182,0.0103801,0.108067,0.0126319,0.00551217,1.15289,0.0977903,-0.00341452,0.00342031],[-0.0484905,-0.0214885,-0.0831186,0.0403518,0.0121726,0.0512257,0.0112997,-0.00229343,0.00613049,0.00745711,0.00756245,0.406806,0.00362951,-0.00424324,-0.0958391,-0.0161055,0.136031,0.0110965],[-0.188739,-0.101723,0.0696669,-0.210096,-0.183589,-0.117929,0.0412986,-0.0148657,0.0119758,0.0117736,0.00779844,1.09194,0.0214731,0.0226176,-0.0135953,-0.252501,0.311927,0.0317571],[-0.170112,0.316203,2.09382,-0.580045,-1.90645,-1.22113,-0.348417,-0.123141,-0.00212609,-0.0278103,0.0194355,-2.12965,-0.14339,-0.121742,0.580934,-1.17915,0.631803,0.929696],[0.0875411,0.0398658,0.128229,-0.291869,-0.29649,-0.524151,0.00096013,-0.000141144,-0.00976102,-0.000521704,-0.00169417,-1.19375,-0.000462889,0.0265059,-0.365772,-0.157689,-0.160328,0.0133656],[-0.112785,-0.103843,-0.0195589,-0.0711874,0.00748277,0.10591,-0.0447397,0.0179015,0.000160176,0.00442362,-0.0110658,0.298603,-0.0130228,-0.0190599,-0.0384404,0.0993036,-0.0371544,-0.0114487],[0.0042163,0.0412518,0.229714,-0.346018,-0.134523,-0.1542,0.00374902,0.00405776,-0.00113386,0.00309497,0.0042962,-0.367267,-0.002927,0.0111346,-0.0507433,0.0686447,-0.024389,-0.00169403],[0.0421398,-0.00467395,-0.0403449,0.276135,0.0232099,0.0424138,-0.000536608,-0.000979074,0.00223881,0.00271302,0.00170196,0.26768,0.00395329,0.00635665,0.0114842,0.0130095,0.0167776,0.00739993],[-0.0094271,0.0197405,0.0493125,-0.257941,-0.0212819,-0.0883364,-0.00676103,0.000895647,-0.00530827,-0.00336229,-0.00350768,-0.177428,-0.00304687,-0.0026143,-0.0510215,-0.0202964,0.0215014,-0.0083907],[-0.00814583,-0.00253991,-0.0365147,0.00850723,0.0104856,0.0262987,-0.0152366,0.0047144,-0.00288874,-0.00106741,-0.00262648,0.173167,-0.00361022,-0.00298907,-0.0598561,0.0256764,0.0191235,-0.00319878],[-0.200855,0.0192066,-0.0172016,0.641273,-0.230289,0.432502,0.0184677,-0.0277476,0.00160616,0.0213088,0.0508606,0.766233,0.0549043,0.0323614,0.505604,0.800199,-0.347859,-0.00658046],[-0.41152,1.13914,-1.04695,-3.76207,-0.196822,-0.720527,-0.820843,0.0534815,0.0325394,0.0842299,0.00703938,0.687183,0.00904013,-0.10694,-0.45403,0.667561,0.0020108,0.0836209],[-0.194492,-0.182749,0.67173,-0.930047,-1.36345,-1.03089,-0.476206,0.110697,-0.173967,-0.130884,0.140749,0.0511632,0.0138318,0.108542,-3.14505,-0.955991,-0.0598214,-0.2643],[-0.125209,-0.819077,0.442858,1.59701,-1.04646,-0.849328,0.174483,-0.0197783,-0.0653558,-0.0111222,0.0055808,-8.85162,-0.0378871,-0.00406418,1.37133,-1.90142,-0.558726,-0.0105853],[-0.490267,-0.290185,0.166111,-4.43639,-0.9635,-2.33484,0.10723,0.0684781,-0.112426,-0.177939,-0.311563,-6.25871,-0.0345213,-0.00774824,-1.56021,-0.275697,-0.288977,-0.0509738],[0.000933414,0.0182534,0.00665158,-0.0823676,-0.00470076,-0.0187266,-0.00862812,-0.000307727,-0.00100028,-0.000996262,0.0023514,-0.0506224,0.00155751,0.00108959,0.0186651,-0.00906625,0.00171945,-0.00241531],[0.240733,-0.015126,0.485147,-1.4666,0.320578,-0.381052,-0.0777952,-0.0053578,-0.013475,-0.0161726,0.0144596,1.65659,-0.0662854,-0.0083692,0.131316,-0.371011,0.411056,-0.07367],[0.734903,0.781616,0.0525453,4.00518,1.13756,1.93444,0.246957,-0.111226,0.108444,0.116218,-0.0114268,3.51327,-0.0228403,-0.0511391,1.9893,0.38876,-0.432843,0.0154719],[-0.0355384,-0.0298583,-0.0178109,-0.098899,-0.0837987,-0.0907986,0.000989122,0.0025628,-0.00523455,-0.00380755,-0.00690427,-0.176406,-0.014888,-0.00299013,-0.147019,-0.0737969,-0.0144923,-0.00622937],[0.0194526,0.0224784,0.00945703,-0.100004,-0.00593695,-0.0706048,0.0194575,-0.00347305,0.00140824,0.00134462,0.00815129,0.269474,0.00616548,0.0108728,-0.0197303,0.093079,0.0529959,0.00625897],[-0.185188,0.00745139,0.139108,-0.254144,-0.101601,0.222283,0.0906229,0.0265091,-0.00135562,-0.00936256,0.0145384,0.178921,-0.00402344,0.0114485,-0.374086,0.129393,-0.125336,-0.0159384],[0.266255,-0.368289,-1.9189,-1.08956,1.18413,-0.420256,0.160311,0.11509,-0.0191225,0.0316638,-0.0277922,-1.00171,0.128622,0.0818482,-0.109676,0.937807,-0.24248,0.0937696],[0.0316705,0.102716,0.0408268,-0.248916,-0.164317,-0.281105,0.00757598,0.0118848,-0.00847821,-0.00242282,-0.000459272,-0.574064,0.00257922,0.00436423,-0.219837,-0.218582,-0.0690662,-0.00122921],[0.063625,0.231897,-0.0394264,-0.0672461,-0.142755,-0.10958,-0.0276363,-5.309e-05,-0.0025417,0.0027972,0.00487445,-0.444599,-0.0061,-0.00168149,-0.105759,0.0226778,-0.0203603,-0.00542129],[0.0150041,0.0129858,0.189908,-0.0879347,0.11613,0.124757,-0.0188134,-0.0075553,-0.00213773,-0.00751341,0.00156668,-0.128413,0.00958763,0.0132271,-0.0974258,-0.0570123,0.0441018,-0.00477772],[-0.0103848,-0.00962809,0.00762219,0.034053,-0.0223573,-0.00403933,0.0083906,0.00222891,1.86716e-05,0.0011745,0.000735211,-0.00101062,-0.000125303,-0.000405621,0.028532,0.0101931,-0.00469181,-0.00026841],[-0.0279012,0.0123655,-0.0206544,-0.0804046,0.00334332,0.0100245,-0.00173283,0.001777,0.000192911,-0.000333266,-0.00179191,-0.0345991,0.00260322,-0.00247078,0.00265125,-0.0303084,-0.00418885,-0.00113862],[-0.0538225,-0.0148725,-0.0171466,0.0147028,-0.0560284,0.0201743,-0.000784402,0.00194495,0.000575246,0.000423327,7.95447e-05,0.074381,0.00159123,0.000176998,0.0189429,0.0402586,-0.00290317,-0.00279773],[-0.110048,-0.0562009,0.0600666,-0.117299,0.0403987,0.096242,0.245614,0.0345779,0.0130291,0.0157354,-0.0305326,1.72918,-0.0277539,-0.051768,0.382367,0.493068,-0.133833,0.00219535],[-0.321644,-0.524148,-0.385774,0.285965,-0.281574,-0.0120146,0.269385,-0.0119165,0.0664331,0.0670899,0.0908238,2.55848,0.0434707,0.144496,-1.36578,-0.262147,-0.973255,-0.0675799],[0.0275811,-0.21361,-0.0199446,0.738836,1.41276,1.79615,-0.130666,0.0190842,-0.0461649,-0.0210714,0.110658,3.50655,0.0840457,-0.0523243,-0.679835,-0.0200558,-0.376466,0.0785422],[0.302546,0.453656,-0.0238724,-2.15496,0.810604,-0.736321,-0.14209,-0.0135234,0.00211231,-0.0024136,0.0639169,6.00272,0.0845735,0.0927542,0.47994,1.0868,0.0744447,-0.202464],[0.137475,-0.0200008,-0.0453223,-2.10527,0.752431,-0.281201,-0.12953,-0.0162012,-0.0099566,-0.0427356,0.0582586,-0.6172,0.0256856,-0.0107458,1.39996,0.169277,-0.443095,0.0825848],[0.0055336,0.00383878,-0.00116085,0.00967697,0.0130231,0.0122119,-0.000983816,-0.000458319,0.000448701,-5.33403e-05,0.000183805,-0.0581658,-0.00120562,-0.00168544,0.0224987,-0.0130733,0.00277157,0.000208763],[-0.411,-0.682547,-0.245697,-0.824721,-0.291843,-0.54232,0.0390427,0.0199641,0.00273281,0.00102991,0.000835433,3.32937,0.00554877,-0.0137108,-0.144282,-0.223354,0.566461,-0.0390012],[-0.0810838,-0.149423,0.0360383,0.393489,0.122072,0.454911,-0.0715561,0.0463677,-0.0508584,-0.0252231,-0.0159146,-1.23979,-0.0199173,-0.0287176,-0.0136543,-0.156879,-0.164928,-0.0463022],[-0.0200017,-0.00124093,0.0223505,0.0288478,-0.0092258,0.0360824,-0.00462349,-0.00151599,0.0030917,0.000552513,-0.00349759,0.0661364,0.00231535,-0.00225208,-0.0101697,-0.0275816,0.0185195,0.00272284],[0.0254546,-0.00505334,-0.0312126,-0.103353,0.0111526,-0.088303,-0.0207094,0.00107481,-0.000881329,0.000559357,-0.00426102,-0.112533,-0.000645288,0.00634941,-0.0808567,0.0374378,-0.0392122,-0.00229187],[0.0263529,0.0609624,-0.121238,-0.28305,-0.114055,-0.299639,0.0448129,-0.00872007,0.000958061,0.00447919,0.0108598,-0.232903,-0.000742035,0.0225865,-0.35637,0.327965,0.0116915,0.0238929],[-0.110591,0.0323834,-0.103464,1.76307,0.650403,1.65613,0.198256,0.00284967,0.0184019,-0.0212985,0.0124757,2.41963,0.00401691,0.0385215,-0.584144,0.0683377,-0.439573,-0.0682257]],"sigmahat":[[1.47827,0.735939,0.545353,0.351552,2.18125,0.894676,-0.00504264,-0.059419,0.0297419,0.0153595,0.0735408,2.80256,0.0338281,-0.0174763,1.86655,0.322911,0.205096,0.0583651],[0.735939,1.57622,0.0529718,-0.341117,0.959817,0.971389,-0.0297556,-0.0664477,0.0310858,0.0185794,0.0676919,2.74872,0.0637325,-0.0208392,1.61698,0.681822,0.116219,0.071278],[0.545353,0.0529718,3.46959,-0.283836,0.627176,0.635579,0.101155,-0.00964832,-0.0343986,-0.0566181,0.016801,-0.984527,-0.028983,0.0652252,-0.972702,-0.302033,0.222653,-0.110351],[0.351552,-0.341117,-0.283836,21.712,-0.526939,6.39589,0.179126,-0.159818,0.177636,0.129207,0.0279381,4.86394,0.0338909,0.0661633,2.8973,-1.07647,0.0759227,0.0370938],[2.18125,0.959817,0.627176,-0.526939,8.558,6.51019,0.104282,-0.150571,0.131846,0.0911728,0.159041,9.47196,0.120855,-0.0953985,5.4347,1.19841,0.634489,0.201402],[0.894676,0.971389,0.635579,6.39589,6.51019,9.54093,0.19132,-0.178548,0.174799,0.111058,0.139851,9.59821,0.124164,-0.0709015,5.06501,0.741611,0.467533,0.156139],[-0.00504264,-0.0297556,0.101155,0.179126,0.104282,0.19132,0.30107,-0.00139436,0.0128948,0.00843307,0.00529345,1.82391,0.0100951,0.0108169,0.0892017,0.0722844,0.00574837,-0.0111353],[-0.059419,-0.0664477,-0.00964832,-0.159818,-0.150571,-0.178548,-0.00139436,0.0212982,-0.00791744,-0.00313298,-0.00923236,-0.20085,-0.00679903,0.00126185,-0.218599,-0.0280349,-0.0206958,-0.00744348],[0.0297419,0.0310858,-0.0343986,0.177636,0.131846,0.174799,0.0128948,-0.00791744,0.0146765,0.0107152,0.00784863,0.592916,0.00870602,-0.00588978,0.295508,0.0719096,0.0236833,0.0135365],[0.0153595,0.0185794,-0.0566181,0.129207,0.0911728,0.111058,0.00843307,-0.00313298,0.0107152,0.0168201,0.00874524,0.384792,0.00903461,-0.003142,0.219729,0.0703518,-0.0127557,0.0159368],[0.0735408,0.0676919,0.016801,0.0279381,0.159041,0.139851,0.00529345,-0.00923236,0.00784863,0.00874524,0.0398696,0.689608,0.0329823,0.0150928,0.279364,0.0196063,0.0198405,0.0154015],[2.80256,2.74872,-0.984527,4.86394,9.47196,9.59821,1.82391,-0.20085,0.592916,0.384792,0.689608,113.701,1.16687,-0.150461,22.7653,7.43369,2.92014,0.505632],[0.0338281,0.0637325,-0.028983,0.0338909,0.120855,0.124164,0.0100951,-0.00679903,0.00870602,0.00903461,0.0329823,1.16687,0.0781145,0.0426977,0.36329,0.0264225,0.0669152,0.0191843],[-0.0174763,-0.0208392,0.0652252,0.0661633,-0.0953985,-0.0709015,0.0108169,0.00126185,-0.00588978,-0.003142,0.0150928,-0.150461,0.0426977,0.0732255,-0.485991,-0.0509044,0.0104075,-0.0037292],[1.86655,1.61698,-0.972702,2.8973,5.4347,5.06501,0.0892017,-0.218599,0.295508,0.219729,0.279364,22.7653,0.36329,-0.485991,20.8845,3.51996,1.18224,0.361179],[0.322911,0.681822,-0.302033,-1.07647,1.19841,0.741611,0.0722844,-0.0280349,0.0719096,0.0703518,0.0196063,7.43369,0.0264225,-0.0509044,3.51996,7.28712,-0.14799,0.154402],[0.205096,0.116219,0.222653,0.0759227,0.634489,0.467533,0.00574837,-0.0206958,0.0236833,-0.0127557,0.0198405,2.92014,0.0669152,0.0104075,1.18224,-0.14799,1.46885,-0.00894995],[0.0583651,0.071278,-0.110351,0.0370938,0.201402,0.156139,-0.0111353,-0.00744348,0.0135365,0.0159368,0.0154015,0.505632,0.0191843,-0.0037292,0.361179,0.154402,-0.00894995,0.0649256]],"n":18,"lags":3}