{"betahat":[[-1.08464,4.32479,4.7166,0.087822,-31.2761,-9.73917,-6.74367,2.84177,23.8876,12.1772,0.475436,-1.92769,2.63137,-2.47929,-0.366765,3.73904,-2.55016,16.1156,6.38561,-2.17692,27.6185,-0.243248,-0.929211],[0.945413,-0.0531364,1.56558,0.303905,0.438362,0.823873,-0.216775,-0.25077,-0.450505,0.0852681,-0.00419459,0.00380664,0.0218467,0.00303359,-0.027822,0.0432218,-0.134666,-0.199455,-0.207662,0.0256027,0.151681,-0.0768311,-0.0391291],[0.0279042,0.88313,-0.677465,-0.0429729,0.16195,-0.11376,0.158456,-0.0141349,-0.291553,0.0766273,-0.0168695,0.00886447,0.0423373,-0.00148094,0.0343502,0.0396758,0.0871666,0.05042,-0.000262135,0.0592236,0.647284,0.111101,-0.0316783],[0.00441884,0.0118839,0.669782,0.00301583,-0.0277401,-0.0153087,-0.0262308,-0.00644219,0.0305637,0.0133169,-0.00211305,8.42429e-05,0.00205989,-0.000294365,-0.00126424,0.00472428,-0.00620318,-0.00677801,0.00249845,0.00860643,0.0241637,0.00522814,0.0073116],[0.000307185,0.0956805,0.109949,0.567076,-0.2044,-0.51657,-0.170453,0.239067,0.910545,-0.137941,-0.00546252,0.0271206,-0.0173078,0.0121422,-0.00935145,0.0809673,-0.0104396,0.00598891,-0.000687971,-0.0289146,-0.067092,-0.014424,0.00463776],[-0.0126987,0.0567202,-0.426761,-0.0630086,0.68801,-0.00592681,-0.00431761,0.0305326,-0.00464238,0.161097,-0.00106997,-0.00692798,-0.0370128,-0.010508,-0.0207744,-0.00826787,0.0275424,-0.000522302,0.0595172,-0.0169194,-0.309771,-0.032184,0.0211042],[-0.00157672,0.0156004,0.282204,-0.0127874,-0.0399308,0.774015,0.12604,0.0265164,-0.111501,-0.100947,0.007218,-0.000437225,0.0102537,0.000329079,0.00605141,0.0207797,0.0663066,0.0627456,-0.00133174,-0.00684242,0.0863534,-0.0184856,0.00230827],[-0.201606,-0.1291,0.142382,-0.0489934,-0.372854,-0.39041,1.33231,0.0158956,-0.225097,-0.295741,0.0379088,0.032273,0.0530748,0.0436672,0.0499485,-0.0125212,0.34106,-0.0933531,-0.00789262,0.0449097,0.748694,-0.0516348,0.004762],[0.0364178,0.165793,-1.45724,-0.190456,0.309696,-0.024465,0.128611,0.428154,-0.117186,-0.00991903,-0.00473269,0.00611489,0.00633695,0.00214469,0.000218789,0.133682,0.117573,0.177013,0.102983,0.0134804,-0.432944,-0.055608,-0.0304294],[-0.00581065,-0.0204217,0.349947,-0.0950529,-0.0935413,0.048629,0.123872,-0.00475631,0.696061,-0.0516132,0.0046527,-0.00285864,0.0196624,0.00513546,-0.00286149,-0.0262567,0.062479,-0.0393076,-0.0108473,0.00725691,0.0103055,0.00297644,-0.00178593],[-0.248748,-0.0330842,-0.542821,0.036413,-0.498186,0.0554139,0.166403,0.110119,0.154259,0.748554,0.00204356,-0.0188388,0.00688524,-0.0122646,0.00149596,0.0249101,0.00146709,-0.0433527,-0.0181502,0.0079476,-0.725601,-0.0396693,-0.0157498],[-0.0426671,-1.49607,14.732,-0.825094,4.83841,0.678449,-1.71522,0.442125,-3.26467,0.326134,0.643881,0.351855,-0.463878,0.131954,0.347423,-0.546425,0.196554,-0.625229,-0.477762,-0.296122,-11.9741,1.05219,0.4641],[0.349418,0.807038,-11.7846,-2.21255,2.45056,-3.09225,-0.227101,-0.179559,0.674902,0.217514,-0.0394644,0.893463,0.20606,0.0196116,0.282884,1.15983,-0.565891,-0.069117,0.918702,0.00489127,-0.576461,0.178739,0.491183],[-0.323249,-0.113974,-0.250928,-0.14422,0.458426,1.29784,1.17558,0.415587,-1.29134,-1.22781,0.0561505,-0.105303,0.987279,-0.020687,-0.0193628,-0.175286,0.143991,0.246328,-0.428992,-0.129689,0.438631,-0.041698,0.124516],[-0.743263,-0.343818,5.47476,0.682587,-0.246241,1.04075,-0.798821,0.0826236,-2.07935,0.12625,0.169844,0.392239,-0.190471,1.24182,-0.223532,-0.452601,0.656233,0.157259,0.64988,0.523909,1.93166,0.461815,0.745319],[-0.0219215,-0.141362,2.96087,0.498381,-0.920542,0.615135,-0.400678,0.0165534,1.69709,1.85197,-0.00718714,0.167167,-0.10195,0.118007,0.863949,0.0281517,-0.0509548,-0.00589451,0.556612,-0.110603,-1.23954,-0.125588,-0.0389005],[-0.11545,-0.142322,-0.040766,-0.362453,-0.917393,-2.00141,0.160006,0.226057,0.491866,-0.307438,0.0198084,-0.00817761,-0.00288755,-0.0227319,-0.045997,0.999155,0.103516,0.205666,0.0359277,0.0107821,-0.280232,0.101699,0.097971],[0.114876,0.0169159,-1.83632,0.0755077,-1.37875,-0.161123,0.253516,-0.0381402,-0.219582,0.0188708,-0.00220395,-0.029433,0.0739063,-0.0274427,-0.0374535,0.128799,0.458271,0.0472167,-0.161789,-0.0575866,-0.616164,0.0333384,-0.0268105],[-0.333743,0.0889093,-2.35952,-0.487879,-0.231939,0.0335302,0.142845,0.213546,0.792304,0.129302,0.0191176,0.00921047,-0.0145277,-0.00950332,-0.0952035,-0.0240786,0.0220333,0.248934,0.163706,-0.0218236,0.0970738,0.191929,-0.0273809],[0.338771,0.0667671,1.96347,0.0142693,0.728931,1.31437,-0.218523,0.169667,-0.286605,0.137802,-0.0200495,0.00180947,-0.176411,-0.0486254,-0.0172623,-0.340622,-0.0254254,0.154554,0.925326,0.0235658,0.320462,0.0521455,0.108744],[0.275349,-0.699434,-0.936381,0.488268,-0.503356,-0.0184902,1.1493,-0.156919,-0.564161,-1.1759,0.0175835,0.131947,0.337518,0.0606534,0.212567,0.205846,0.53616,-0.232775,-0.144048,0.101637,1.04831,0.0993454,-0.0471764],[-0.0323714,-0.00562691,-0.0320595,0.00618114,0.0266523,-0.0784174,-0.0300529,-0.00933872,-0.00433169,0.0685335,0.00437661,0.00116297,-0.0080257,0.000753585,-0.00174352,-0.0100979,-0.0248078,-0.0574468,-0.0896868,-0.00320229,-0.388382,-0.028691,0.00290047],[0.119072,0.076577,-0.778692,0.354282,0.708667,0.188764,0.241911,0.018411,-0.62011,-0.343141,0.00516321,0.000457462,-0.0159372,-0.00351268,0.0268411,0.192582,0.149275,0.0426485,-0.0897458,-0.0289629,0.862132,1.31445,0.00887821],[-0.103341,-0.027588,3.48846,0.36102,0.592174,3.98765,0.528717,0.290708,1.30821,-0.676919,0.00277568,0.0174032,0.0414651,0.0206385,0.00258934,-0.186822,0.259433,-0.122505,0.19056,-0.067584,1.51625,-0.434987,0.299035],[0.13963,0.104263,-1.8011,-0.294177,0.403366,-0.682812,0.359368,0.0724859,0.0928037,-0.373374,-0.0166381,-0.017555,-0.0657736,-0.0235677,-0.0518159,-0.0256893,0.129281,0.126464,0.149571,-0.0339234,0.0493946,-0.0916995,0.0193103],[-0.0693279,0.0704394,0.515927,0.0768296,0.110253,0.176141,-0.141587,-0.0335848,0.220911,-0.0531966,0.012986,0.00607451,-0.0584794,0.00868655,-0.041374,-0.090358,-0.0738713,-0.0335938,0.116613,-0.0439305,-0.436804,-0.00556236,0.0529236],[-0.000400966,-0.00894065,0.0248287,-0.00168144,-0.0150998,-0.0750906,0.0125531,-0.000963099,-0.0373842,-0.008006,0.000420795,0.000495556,-0.00776647,0.000514335,-9.15031e-05,-0.00871309,0.00858074,0.00189339,-0.00125405,-0.00568668,-0.0130225,-0.00919219,-0.00150192],[-0.0770576,-0.0919475,-0.0690121,0.402891,0.0867143,0.36383,0.0416815,-0.217401,-0.647155,0.0431741,0.00186936,-0.0154714,-0.00730746,-0.0138138,-0.0219318,-0.0401305,-0.0415033,-0.0500044,-0.026631,0.0212607,0.300897,-0.0117531,-0.0418344],[-0.0476991,-0.0503829,-0.0423725,-0.0125492,0.195346,0.0584938,0.0882827,-0.00771856,0.144251,-0.136407,0.00165182,0.00239884,0.0310795,0.00346223,0.0311893,0.0159179,0.0281204,0.0225619,-0.046474,0.0143367,0.368023,0.0311385,-0.0149487],[0.02267,-0.0164678,-0.282465,0.0594178,0.208916,0.122728,-0.113675,0.0152736,0.0798013,0.0628411,-0.00474953,-0.00138488,-0.0215301,-0.000583598,-0.0105185,-0.0240684,-0.0729914,-0.0351782,0.0271488,0.00361233,-0.135606,0.0373852,-0.00736213],[0.0832591,0.141484,-0.0449104,-0.0744688,0.1824,0.394368,-0.390193,0.0075122,0.496414,0.247808,-0.0289138,-0.0117486,-0.0100532,-0.0173473,0.00365473,-0.0471622,-0.266243,0.116385,0.0731564,0.0144681,-0.197489,0.0539364,0.0228214],[0.0229597,0.0614329,0.110526,0.0375887,0.759898,0.585284,-0.0400724,0.0814897,0.166105,-0.193413,-0.0169194,0.0037826,-0.0824466,0.00172447,-0.042027,-0.0547287,-0.118844,-0.00661426,0.122568,-0.0111516,0.392912,-0.0594191,0.0875111],[-0.0327236,-0.0350162,-0.291197,0.00468678,-0.0287638,-0.186906,-0.0796861,0.032944,0.304067,0.0301026,-0.000534807,0.0044318,-0.0273741,-0.00152398,-0.00321974,0.0163777,-0.0346868,0.0359683,0.00079698,-0.0170862,0.0268312,0.00873828,-0.0104812],[0.296772,-0.00809272,-0.0214855,0.105316,0.424544,-0.140194,-0.169626,-0.0631353,-0.00382349,0.0614438,-0.00436067,0.0092921,-0.0113348,0.00976648,-0.0164976,-0.0215563,-0.0654385,-0.000910249,-0.0743032,-0.00351704,0.488145,0.0574668,0.0153266],[-0.194437,-0.562369,-8.52829,-0.0210074,-6.27897,-3.67972,2.53954,0.574835,-0.831731,-0.771554,-0.00616532,-0.103832,-0.175074,-0.00741559,-0.172141,0.0161697,-0.386744,0.492622,-1.76466,0.477032,12.3136,-1.64266,-0.610574],[0.252674,-0.253827,1.53818,0.230051,0.111876,0.0784594,-0.206491,-0.00929512,1.61986,-0.0344342,-0.0361954,-0.156918,-0.0555764,-0.12307,0.0519165,0.0529896,-0.373971,-0.0642295,-0.0726378,-0.139337,-1.19981,-0.13497,-0.0221649],[-0.354696,-0.505507,-6.61277,-1.04219,-0.617485,-3.4373,-0.339421,-0.813665,-0.63206,0.832863,-0.013875,0.0941035,-0.166679,0.0358323,-0.148912,0.513413,-0.0460108,-0.294572,0.0703785,0.202096,0.434097,-0.00414973,0.0672267],[-0.190836,0.283725,0.860166,0.18802,-3.04349,-1.39339,1.28008,0.209888,0.176689,-0.108638,-0.0281459,-0.230282,0.00890963,-0.271606,-0.1776,0.0527302,0.072707,-0.26703,-1.03269,-0.25191,-1.02551,-0.158398,-0.550281],[0.666594,0.216967,3.11253,0.0633234,2.70749,2.19631,-0.476945,0.0704216,-0.156086,0.409306,-0.0166629,0.0110962,0.191835,0.067493,-0.00892826,-0.468363,-0.306477,0.00165113,-0.447422,0.0729211,2.64809,0.0835096,0.0143104],[0.227543,-0.0971389,-1.892,0.30223,1.51674,2.35778,0.0306872,-0.199435,-0.344637,0.106079,-0.0248567,0.000744148,-0.0310009,0.0110481,-0.019325,0.00696955,0.0438934,0.0735243,-0.135878,-0.028976,0.0164029,-0.17655,-0.0763578],[0.00767981,0.0912749,0.97953,0.0116715,0.603264,-0.56698,-0.31167,-0.135105,-0.195727,-0.0674902,-0.00375748,0.0222439,0.00559416,0.0191027,0.00670107,-0.0540117,0.493692,0.00300217,0.0993026,0.0896144,0.589527,-0.0812671,0.008257],[0.240029,0.119883,4.31009,0.423497,0.246226,0.352536,-0.356222,-0.0334537,0.0871981,-0.351739,-0.0120743,-0.0111163,0.108673,-0.00384631,0.0553571,0.00326724,-0.094527,0.0593501,0.195043,-0.0926561,-0.291535,-0.177313,0.0665885],[-0.246729,0.0227004,-1.99335,-0.0757739,-0.0791087,-0.633696,0.202116,0.0116949,0.167035,-0.38269,0.0292453,-0.000991106,0.0597431,0.0469503,-0.00295459,0.215393,0.0179209,0.0173531,-0.203046,-0.0153159,-0.307424,0.018693,-0.0044362],[-0.500683,-0.358897,-1.67334,-0.84246,-0.795706,-1.57927,1.21842,0.383823,-2.07918,-0.207963,-0.0151509,-0.0507673,0.0242851,-0.0173466,0.0548451,-0.225175,0.782599,0.101143,0.220769,0.128757,0.313056,0.209482,-0.0152339],[0.0105334,0.0260294,-0.661307,0.0449,-0.174834,-0.152308,-0.0332441,-0.0254537,0.0323897,0.0207675,0.00760797,0.00725914,-0.00395561,0.00666582,-0.0084929,-0.00904058,-0.0175423,-0.0497244,-0.105335,-0.0022394,-0.0775491,-0.0279447,-0.00531513],[-0.23204,-0.375639,-1.49244,-0.327953,-0.964204,-0.426902,0.0748413,0.037434,0.652921,0.241946,0.0149614,0.00844686,0.000441255,0.0279396,0.000689181,-0.0641795,-0.161178,0.042719,0.159363,0.0579422,-0.623245,-0.280843,-0.0847978],[0.230788,-0.385933,-0.22759,0.39377,1.66344,-0.0342147,-0.594815,-0.100461,1.14858,0.0895295,0.0064629,-0.0161119,0.0703417,-0.0211614,-0.0672254,-0.125779,-0.200535,-0.114322,0.394201,0.0477592,-0.872524,0.0121317,0.307426],[-0.0851436,-0.0512346,0.235097,-0.00964144,-0.841147,-0.141275,-0.142482,0.177835,0.356891,0.287662,0.0208056,0.0138345,0.0438489,0.0206145,0.0795919,-0.0176863,0.00553311,0.0737822,0.0593528,0.00851928,-0.201871,0.168428,0.0200595],[0.0414608,0.0459782,0.16347,-0.0337896,-0.270303,-0.0605694,-0.0164491,0.0477679,0.0685131,-0.024462,0.00391107,-0.0148066,0.0161098,-0.00703079,0.00700611,0.0506492,-0.0131042,-0.01561,-0.114848,-0.0150927,-0.210936,-0.105359,-0.0210053],[-0.00459056,-0.000779248,0.26506,-0.00129008,0.0461766,0.084141,0.0158897,0.00656852,0.0104459,-0.00678033,0.00154681,-0.000622789,0.00513713,-0.000369541,0.00136641,0.00486303,-0.00114871,0.00433464,0.00119272,-0.00258611,-0.0147868,0.0039537,-0.00598846],[0.0763341,-0.00407699,-0.0440739,0.0292622,0.118039,0.150846,0.128842,-0.0218453,-0.265021,0.0941441,0.00357998,-0.011559,0.0245134,0.00176262,0.0312147,-0.04075,0.0520607,0.0453318,0.0289723,0.00782949,-0.236236,0.0263269,0.0373295],[0.0594876,-0.0058588,0.467616,0.075419,0.115385,-0.0540436,-0.0817215,-0.0235141,-0.139231,-0.0249834,-0.000602942,0.004593,0.00587046,0.00708767,-0.0103013,-0.00793767,-0.054634,-0.0212577,-0.0118941,0.00258217,-0.0599926,0.00103869,-0.00634264],[-0.021832,0.00171129,-0.00419194,-0.0462483,-0.16837,0.100641,-0.010123,-0.0425268,0.032145,0.0378671,-0.0025168,0.00190485,0.0111062,0.000300984,0.00460338,0.00299853,0.00778338,-0.0266218,-0.0240882,0.00322219,0.0462913,-0.0185805,0.00472634],[0.117687,-0.012086,-0.092987,0.123364,0.190707,-0.00703888,0.057752,-0.0254334,-0.274344,0.0483339,-0.00911252,-0.0200484,-0.0433479,-0.0257913,-0.0534028,0.0587032,-0.0741896,-0.018357,-0.0591014,-0.0590805,-0.559709,-0.00195622,-0.0275611],[0.0447037,-0.0800224,1.4306,-0.0246836,-0.324585,-0.0236897,0.0872982,0.313782,0.0827999,-0.0472581,0.00930062,-0.0141733,0.0663755,-0.00877601,0.0876623,-0.0297008,0.0374209,-0.082604,-0.0202065,0.00445578,0.0258444,0.0762254,-0.0309486],[0.0389379,0.0554534,-0.0711232,0.0896491,0.125401,0.136791,-0.0427466,-0.0300106,-0.0164265,0.0205884,-0.00384519,-0.000956034,0.00702048,-0.00271077,0.00564445,0.0104346,-0.0270861,0.0101781,0.0180794,0.010765,-0.0462982,-0.0113331,0.0124318],[-0.0466678,0.0403401,0.571087,-0.140813,0.0766804,0.0877785,0.00310858,-0.0469645,-0.153285,0.18702,0.00235302,0.00974219,0.00439168,0.00275699,0.0147382,-0.00380225,0.064314,0.0467398,0.0953156,-0.00413468,0.235418,-0.0173913,0.00101837],[0.622105,0.798136,4.86876,1.30759,-3.24165,-2.03566,0.525795,0.0494315,-1.49237,1.42965,-0.0123126,0.0990932,0.273342,0.175199,0.225346,-0.443158,0.993016,0.871333,0.297422,-0.0537882,-1.7334,-0.0397458,-0.143524],[0.0178164,-0.271384,2.48952,-0.265414,-0.125619,1.0269,-1.12916,-0.5248,-0.897679,0.377663,-0.0231092,-0.00146523,-0.0419505,0.0238361,-0.0109829,-0.0650147,-0.356058,0.476647,-0.0756827,0.102452,0.25012,-0.000626771,-0.139327],[0.256473,0.0970044,4.59252,0.787317,-0.862532,0.394354,-1.01461,0.442892,1.97593,0.0516044,-0.0370072,0.0132475,-0.03958,0.00689186,0.0478483,-0.431515,-0.309949,0.156514,0.214824,-0.0148277,0.109858,0.174765,-0.00118137],[0.0837669,0.282563,2.42875,0.376567,0.239213,2.3168,0.375216,0.238189,0.287221,-0.546215,0.00911576,-0.0632383,-0.00364178,-0.079444,0.00808361,-0.300622,0.192262,0.0890684,-0.559837,0.0553065,2.18135,0.062449,-0.2154],[-0.0540277,0.755672,-5.75657,0.141869,-1.20216,-2.49852,-0.117683,-0.437311,-0.144203,-0.87494,-0.0177654,-0.0993507,-0.0918694,-0.104646,0.0421624,0.307814,0.120298,0.0495252,-0.485693,-0.00506997,-1.85089,-0.0243339,-0.123859],[-0.1115,0.239108,1.94345,0.0603492,-0.598641,-0.355836,-0.190825,-0.0269488,-0.150187,0.199964,0.00500966,0.00759261,0.0337872,0.0118859,0.0650748,-0.00683472,-0.147166,-0.277061,0.102314,0.0183247,0.261888,0.0746824,-0.0213601],[-0.122609,-0.107843,0.85887,-0.086779,0.777444,0.728042,0.057542,0.172357,0.414778,0.0490832,0.0058792,0.00745162,-0.0797055,0.00861838,0.0308325,-0.0753245,0.0477874,-0.047654,0.0657951,-0.0319593,0.0225827,0.0481392,0.0185318],[0.120117,-0.236818,-1.46015,0.0689376,0.100469,-0.272114,0.170086,-0.204196,-0.975051,0.217176,-0.0101218,0.00936714,-0.097391,0.0250359,0.0422097,-0.0111085,0.0522208,-0.176318,-0.225564,0.114759,0.028653,0.00197693,-0.0353138],[-0.0528759,-0.0763386,0.255707,0.0949339,-0.237549,-0.352158,0.00321453,-0.160452,0.0997542,0.213817,-0.00901001,0.00824046,0.101198,0.0140161,0.0274728,0.103721,-0.00462379,-0.0835602,-0.510611,0.00440873,-0.0830929,-0.0564867,-0.0741804],[-0.429746,-0.492366,1.40873,0.409452,-0.139566,-0.502693,-0.420283,0.377154,-0.39494,0.0283472,0.00743954,-0.0281704,0.110848,-0.0365987,-0.00587298,0.0346801,-0.137664,0.273079,0.445479,0.119978,-1.20902,-0.0911399,-0.0487733],[-0.00450673,0.080949,-0.313001,-0.0255894,-0.0963161,-0.0317858,-0.000310386,-0.0213913,0.0194738,0.0702476,0.00858047,-0.00276668,-0.0120739,-0.00580051,-0.0144812,-0.00872277,0.000997328,0.00377408,-0.0637406,-0.00902826,-0.0775974,-0.00993778,0.0155762],[0.145653,0.236843,2.27948,-0.071155,0.273626,0.291285,-0.312007,-0.00828808,-0.194199,0.0485246,-0.0164553,-0.0109052,0.0160838,-0.022299,-0.024697,-0.0987575,-0.0129931,-0.0565464,-0.0983962,-0.0257471,-0.155144,-0.0607703,0.0724939],[-0.0595546,0.149143,-4.18145,-0.103274,-0.398654,-1.64762,0.22858,-0.112656,-1.4017,0.371819,-0.0186282,-0.0352101,-0.120887,-0.00829773,0.0169473,0.141825,-0.108606,0.122961,0.333762,0.0632392,-1.36532,0.0944423,0.0695258]],"sigmahat":[[0.216477,0.105202,0.654595,0.120632,0.323683,0.447524,-0.0403459,-0.0135039,0.0355164,-0.0678094,-0.00390253,-0.00477581,-0.00750055,-0.00728123,-0.00741973,-0.00501653,-0.0294589,-0.00319126,-0.00850798,-0.0182524,-0.0451157,0.00463694,0.0118944],[0.105202,0.332155,-0.515579,0.0340519,0.128293,0.240514,0.00331633,-0.0832602,0.0950497,0.0265821,0.00139845,-0.00459254,-0.0083588,-0.0106694,0.00507085,0.0385999,0.0039561,-0.000761414,-0.0254061,-0.00374901,-0.0628977,-0.0242119,-0.00263189],[0.654595,-0.515579,30.1358,0.829873,1.7143,5.14393,-0.19475,0.329297,-0.42352,-0.104376,-0.0223893,0.0176804,0.157441,-0.0112174,-0.0434559,-0.806466,-0.101946,-0.159505,0.08988,-0.305137,-0.0832955,0.312603,0.15547],[0.120632,0.0340519,0.829873,0.463617,0.396503,0.560921,-0.0733955,-0.0142167,0.146432,0.00629696,-0.0100004,-0.00241876,-0.00115259,-0.00542391,-0.0179269,-0.0967706,-0.0455453,-0.00585955,-0.0130017,-0.0202098,-0.208014,0.0285241,-0.00488491],[0.323683,0.128293,1.7143,0.396503,2.48262,1.98638,0.0624783,0.00301577,0.123532,-0.283046,-0.00958852,0.00481507,-0.0366922,0.00576897,-0.000971001,-0.0652172,-0.0309792,-0.00199495,0.213933,0.00280281,0.366736,0.0841261,0.0626299],[0.447524,0.240514,5.14393,0.560921,1.98638,4.06052,0.103467,0.114458,0.335678,-0.296259,0.00345839,0.00291744,0.00272887,-0.00331147,0.0099191,-0.175347,-0.0247147,-0.0307458,0.0612113,-0.026523,0.776742,0.0574436,0.0641584],[-0.0403459,0.00331633,-0.19475,-0.0733955,0.0624783,0.103467,0.467249,0.0233806,-0.133159,-0.224497,0.00771764,-0.00902157,0.000907385,-0.00508438,0.0187557,0.0324768,0.15083,-0.0356529,-0.0394283,-0.00958841,0.219952,-0.0245778,-0.00858934],[-0.0135039,-0.0832602,0.329297,-0.0142167,0.00301577,0.114458,0.0233806,0.207081,0.111478,-0.092185,0.00625543,0.000311284,0.000588149,0.00149444,0.0102734,-0.0239855,0.0167876,0.00259058,0.0203626,0.00530025,0.19064,0.0309501,0.00752383],[0.0355164,0.0950497,-0.42352,0.146432,0.123532,0.335678,-0.133159,0.111478,1.78793,-0.172948,-0.0172743,-0.00952296,-0.0197086,-0.0239472,0.00117182,-0.0732483,-0.02178,-0.020977,0.0168394,-0.034907,0.0866177,0.027313,0.000108727],[-0.0678094,0.0265821,-0.104376,0.00629696,-0.283046,-0.296259,-0.224497,-0.092185,-0.172948,0.57148,-0.00185679,0.00734553,0.00520605,0.00780858,-0.0129929,-0.0230422,-0.0993261,-0.00416594,-0.00397872,-0.00512281,-0.343055,-0.017341,-0.0343153],[-0.00390253,0.00139845,-0.0223893,-0.0100004,-0.00958852,0.00345839,0.00771764,0.00625543,-0.0172743,-0.00185679,0.00247794,0.000805495,0.000982488,0.00127304,0.000899079,0.00426724,0.00388097,-0.00246202,-0.00246338,0.00221665,0.0301615,-0.00127165,0.0013252],[-0.00477581,-0.00459254,0.0176804,-0.00241876,0.00481507,0.00291744,-0.00902157,0.000311284,-0.00952296,0.00734553,0.000805495,0.00375032,8.67937e-05,0.00287554,0.000399349,-0.00308021,0.00127396,0.00485512,0.00893155,0.0031164,0.0205208,0.00133508,0.00272381],[-0.00750055,-0.0083588,0.157441,-0.00115259,-0.0366922,0.00272887,0.000907385,0.000588149,-0.0197086,0.00520605,0.000982488,8.67937e-05,0.0212591,0.00109308,0.00820611,0.00127556,0.00411939,-0.00666318,-0.0218187,0.000244937,0.0395207,0.00706538,-0.00196026],[-0.00728123,-0.0106694,-0.0112174,-0.00542391,0.00576897,-0.00331147,-0.00508438,0.00149444,-0.0239472,0.00780858,0.00127304,0.00287554,0.00109308,0.00527524,0.00127311,-0.00331407,0.000414165,0.00728538,0.0108263,0.00442818,0.030288,0.00116567,0.00251721],[-0.00741973,0.00507085,-0.0434559,-0.0179269,-0.000971001,0.0099191,0.0187557,0.0102734,0.00117182,-0.0129929,0.000899079,0.000399349,0.00820611,0.00127311,0.0151083,0.00509129,0.0143098,0.000637096,-4.76187e-05,0.00397413,0.0525961,0.00420643,-0.000739655],[-0.00501653,0.0385999,-0.806466,-0.0967706,-0.0652172,-0.175347,0.0324768,-0.0239855,-0.0732483,-0.0230422,0.00426724,-0.00308021,0.00127556,-0.00331407,0.00509129,0.0973965,-0.00228403,-0.0254545,-0.0334657,0.0043957,0.0131788,-0.0224203,-0.00492577],[-0.0294589,0.0039561,-0.101946,-0.0455453,-0.0309792,-0.0247147,0.15083,0.0167876,-0.02178,-0.0993261,0.00388097,0.00127396,0.00411939,0.000414165,0.0143098,-0.00228403,0.132535,-0.00850407,-0.0113513,0.00128296,0.138189,-0.00173082,-0.00424054],[-0.00319126,-0.000761414,-0.159505,-0.00585955,-0.00199495,-0.0307458,-0.0356529,0.00259058,-0.020977,-0.00416594,-0.00246202,0.00485512,-0.00666318,0.00728538,0.000637096,-0.0254545,-0.00850407,0.139606,0.10163,0.00664548,-0.113271,0.00459722,-0.00317734],[-0.00850798,-0.0254061,0.08988,-0.0130017,0.213933,0.0612113,-0.0394283,0.0203626,0.0168394,-0.00397872,-0.00246338,0.00893155,-0.0218187,0.0108263,-4.76187e-05,-0.0334657,-0.0113513,0.10163,0.253838,0.0105758,-0.184802,0.0161606,0.0185157],[-0.0182524,-0.00374901,-0.305137,-0.0202098,0.00280281,-0.026523,-0.00958841,0.00530025,-0.034907,-0.00512281,0.00221665,0.0031164,0.000244937,0.00442818,0.00397413,0.0043957,0.00128296,0.00664548,0.0105758,0.0216365,0.0912605,0.00110637,0.00616247],[-0.0451157,-0.0628977,-0.0832955,-0.208014,0.366736,0.776742,0.219952,0.19064,0.0866177,-0.343055,0.0301615,0.0205208,0.0395207,0.030288,0.0525961,0.0131788,0.138189,-0.113271,-0.184802,0.0912605,2.37525,0.00184467,0.0657094],[0.00463694,-0.0242119,0.312603,0.0285241,0.0841261,0.0574436,-0.0245778,0.0309501,0.027313,-0.017341,-0.00127165,0.00133508,0.00706538,0.00116567,0.00420643,-0.0224203,-0.00173082,0.00459722,0.0161606,0.00110637,0.00184467,0.0691128,0.00953382],[0.0118944,-0.00263189,0.15547,-0.00488491,0.0626299,0.0641584,-0.00858934,0.00752383,0.000108727,-0.0343153,0.0013252,0.00272381,-0.00196026,0.00251721,-0.000739655,-0.00492577,-0.00424054,-0.00317734,0.0185157,0.00616247,0.0657094,0.00953382,0.0382137]],"n":23,"lags":3}