{"betahat":[[-1.13004,0.500228,4.6743,0.834677,-29.2454,-10.8366,-8.70966,3.5792,14.7113,11.7012,0.586094,-1.72994,-0.137741,-2.06193,-0.854293,3.73696,-4.03696,19.6201,9.80055,-1.93839,20.3534,0.276518,-0.729055],[0.998828,0.0320854,2.07483,0.362084,0.473836,0.943579,-0.244951,-0.208168,-0.240618,0.161983,-0.00760941,0.00516613,0.00415688,-0.00174682,-0.00597884,0.0268158,-0.122083,-0.229811,-0.173613,0.0181524,0.140316,-0.0787303,-0.0583713],[0.0467273,0.846435,-0.676789,-0.0328856,0.186536,-0.0866841,0.106041,-0.0568114,-0.465773,0.14079,-0.0151125,0.0144115,-0.00739542,0.0052606,0.020312,0.0551638,0.07091,0.0819333,0.0162954,0.061128,0.509422,0.101103,-0.0329092],[0.00736434,0.0165091,0.707837,0.00621642,-0.027005,0.00727939,-0.0259018,-0.00567864,0.0261899,0.0125555,-0.00198347,-0.000550568,-0.00163197,-0.000437503,-0.00124797,0.00167185,-0.0067179,-0.00371974,-0.00227137,0.00643906,0.0196756,0.00264065,0.00756869],[-0.0096344,0.0734242,0.0972515,0.596421,-0.185828,-0.460855,-0.123498,0.271241,0.883421,-0.218817,-0.00327299,0.0222818,0.0117028,0.0117957,-0.00632745,0.0715773,-0.00112582,0.0211728,-0.0016001,-0.0299235,-0.0668291,-0.0122693,0.00689121],[-0.0114367,0.0535561,-0.472613,-0.0565165,0.728132,-0.00990535,0.0036045,0.0247862,-0.0156881,0.155011,-0.00145537,-0.00632733,-0.0253776,-0.0103834,-0.0203009,-3.31947e-05,0.0310689,1.39922e-05,0.0655408,-0.015004,-0.326851,-0.0322013,0.0183168],[-0.00143319,0.0287402,0.277466,-0.00734284,-0.0476162,0.785998,0.126378,0.0260825,-0.077962,-0.0986153,0.00669883,-0.00151054,0.0100989,-0.00113666,0.0078812,0.018211,0.0662482,0.0481959,-0.0146297,-0.00834973,0.102754,-0.0170845,-4.69442e-05],[-0.159302,-0.128539,0.260869,0.0028061,-0.346486,-0.31085,1.24863,0.0107351,-0.252624,-0.227283,0.0371585,0.036434,0.0537343,0.0474238,0.0462083,-0.0150474,0.31214,-0.0607835,0.0250146,0.0438235,0.612849,-0.0503516,-0.000628019],[0.0570789,0.196927,-1.58245,-0.138314,0.459854,0.00764169,0.165416,0.429588,-0.123093,0.00219459,-0.00706879,0.00500212,0.0235465,-0.00265546,0.00866287,0.155373,0.140282,0.142799,0.135454,0.0180753,-0.524442,-0.0499749,-0.0516151],[0.0120007,0.00078017,0.527348,-0.0796162,-0.10036,0.0975333,0.108589,0.0144572,0.735838,-0.0418834,0.00435663,-0.00300753,0.0131088,0.00469844,0.00257451,-0.0336489,0.0631382,-0.0305151,0.00401487,0.00453944,-0.0175582,0.00104302,-0.00444069],[-0.218692,-0.025658,-0.242114,0.102011,-0.439633,0.152594,0.14835,0.156788,0.19332,0.758296,0.0013575,-0.0174245,0.00853286,-0.011832,0.0129331,0.0120696,0.00206749,-0.027399,0.0377286,0.00768471,-0.792614,-0.0310104,-0.0249085],[-0.483909,-2.15811,13.0666,-1.36892,4.32609,-0.479289,-1.23235,0.571922,-4.19089,-0.414622,0.694223,0.327323,0.0945784,0.166069,0.241526,-0.525185,0.138931,-0.402275,-0.685245,-0.278573,-10.9786,1.13062,0.667015],[0.631423,1.26229,-8.53401,-1.59144,3.31002,-1.27904,0.134843,0.0584791,1.25585,0.441609,-0.045969,0.878721,0.340153,-0.00664585,0.421577,1.05661,-0.357988,-0.264682,0.972265,-0.0603747,-0.852833,0.105877,0.283656],[-0.712042,-0.335778,-3.89277,-0.157542,1.75392,0.500492,2.45809,0.736293,-0.938867,-1.86702,0.0444276,-0.135764,1.00578,-0.0962313,0.103709,0.205679,0.63697,-0.0999148,0.137838,-0.0277189,-0.167122,0.0729382,-0.0644437],[-0.804032,-0.00363142,3.31311,0.3015,-0.949438,0.194293,-0.961986,-0.279099,-1.38917,0.353864,0.144086,0.374798,-0.134604,1.19874,-0.26383,-0.421444,0.603441,-0.178437,0.118778,0.485629,2.64401,0.403598,0.759875],[0.349396,-0.133306,4.89028,0.630636,-1.53468,1.26204,-1.47955,-0.391984,0.910307,2.40546,0.0015544,0.211034,-0.272437,0.200519,0.748101,-0.153862,-0.468046,0.359974,0.25258,-0.144729,-1.18847,-0.217611,0.0895179],[-0.119909,-0.030252,0.0472655,-0.269718,-0.877467,-1.80915,0.250112,0.279972,0.771185,-0.426556,0.0160883,-0.0237396,-0.0534187,-0.0384256,-0.0182576,0.968051,0.136709,0.15175,-0.0366688,-0.00600111,-0.133051,0.0918416,0.0729269],[0.150651,0.102933,-1.2405,0.10064,-1.34703,5.90339e-05,0.224567,-0.0223865,-0.102421,0.0412784,-0.00356408,-0.0276302,0.0324677,-0.0292929,-0.0152067,0.107407,0.482234,0.0295749,-0.167888,-0.0604694,-0.550898,0.0215933,-0.039891],[-0.340376,0.136412,-2.19023,-0.436982,-0.0543517,0.277465,0.310486,0.255815,0.789,0.00399874,0.0207538,-0.00278117,-0.0573114,-0.0187896,-0.0804991,-0.040065,0.0633914,0.233502,0.141003,-0.0395235,0.12043,0.182445,-0.0320632],[0.344627,-0.0443234,2.07663,0.083163,0.53674,1.0561,-0.472111,0.153235,-0.233959,0.185326,-0.0204873,0.014891,-0.100309,-0.032274,-0.0360988,-0.351886,-0.124988,0.214453,0.963813,0.0402503,0.294942,0.0992255,0.129184],[0.458448,-0.503147,1.20909,0.873479,-0.342407,0.733273,0.973696,0.0729349,0.180992,-1.12564,0.0048507,0.126156,0.365268,0.0422134,0.276615,0.121991,0.554879,-0.20534,0.0328491,0.0844855,0.566056,0.12554,-0.128963],[-0.0375749,-0.0403673,-0.0528595,-0.000407886,0.0158849,-0.0988134,-0.0427045,-0.00393876,-0.0852419,0.0627089,0.00611991,0.0024486,-0.016393,0.00489936,-0.00759098,-0.0117751,-0.0377087,-0.0305802,-0.0693521,-0.00180353,-0.414648,-0.0259188,0.0117578],[0.0599439,0.0256652,-1.21622,0.278262,0.506289,-0.128893,0.214369,0.0299624,-0.508879,-0.336153,0.00653981,0.00377209,-0.0198842,-0.00186955,0.0208752,0.207809,0.135911,0.0483141,-0.0556234,-0.0199356,0.880289,1.31988,0.0142063],[-0.28845,-0.240391,1.85552,0.166769,0.481869,3.37541,0.716647,0.33293,0.992184,-0.912383,0.010946,0.0148123,-0.00538311,0.0242618,-0.0112461,-0.111059,0.277687,-0.0899597,0.225347,-0.0342008,1.65455,-0.395229,0.340681],[0.115233,0.0715118,-2.18915,-0.324317,0.392529,-0.743463,0.37685,0.029118,-0.0578149,-0.40888,-0.0148183,-0.0189736,-0.0588511,-0.022206,-0.0641787,4.01768e-05,0.120914,0.140933,0.122366,-0.0291283,-8.87904e-05,-0.0876975,0.0300246],[-0.0919395,0.0673996,0.535232,0.0601244,0.0932629,0.146476,-0.089702,0.0112741,0.276865,-0.15047,0.0144266,-0.000923119,-0.0190215,0.00512324,-0.0372779,-0.0962997,-0.0676893,-0.0259622,0.11024,-0.0471336,-0.384081,0.00255178,0.0568289],[-0.00646904,-0.0142357,-0.0498863,-0.00895453,-0.0104958,-0.0963939,0.0180482,-0.00717094,-0.0505135,-0.00862729,0.000702236,0.000645186,-0.00138827,0.000599059,-0.00129773,-0.00378963,0.00954995,-0.000100415,-0.00233383,-0.00402671,-0.0117029,-0.00813559,-0.00155227],[-0.0778005,-0.109481,-0.0866983,0.339542,0.0630919,0.267754,0.00663838,-0.250785,-0.699682,0.115062,0.00206976,-0.00880684,-0.0290895,-0.00931788,-0.0313073,-0.0299176,-0.0509205,-0.0509812,-0.0160007,0.0252502,0.321609,-0.0142042,-0.0331606],[-0.0451292,-0.052463,-0.00272212,-0.00959518,0.172121,0.0602374,0.0776447,-0.000835241,0.152502,-0.13017,0.00176809,0.00242151,0.029976,0.00379718,0.030897,0.0106318,0.0219428,0.0250096,-0.0402436,0.0128341,0.354921,0.0316485,-0.0144797],[0.0227024,-0.0198842,-0.238147,0.0581034,0.194479,0.119982,-0.115838,0.018196,0.0850582,0.0611769,-0.00488547,-0.000939257,-0.0158427,-0.000183238,-0.0100198,-0.0255863,-0.0732085,-0.0287636,0.032243,0.00346975,-0.139703,0.0369032,-0.00656081],[0.0734187,0.157045,0.00620381,-0.0904094,0.191281,0.419426,-0.331674,0.018382,0.482003,0.193188,-0.0269928,-0.0168988,-0.00668823,-0.0196707,0.00713476,-0.0469147,-0.2519,0.107085,0.0528161,0.006809,-0.16313,0.0495605,0.025502],[0.028682,0.0209854,0.409557,0.0216158,0.663143,0.593509,-0.0835635,0.117049,0.130363,-0.183663,-0.0146832,0.00543007,-0.0166044,0.00861813,-0.0435102,-0.0808692,-0.138594,0.0443429,0.148607,-0.0142633,0.403637,-0.0551839,0.102232],[-0.0483295,-0.0479553,-0.453702,-0.00501488,-0.0021886,-0.196814,-0.0464982,0.0209153,0.247972,-0.0013613,0.000899156,0.00244752,-0.0127761,-0.00181215,-0.00582183,0.02313,-0.0336741,0.0277895,-0.023767,-0.0174424,0.0587429,0.0101911,-0.00631359],[0.277504,0.00297982,-0.129337,0.0469776,0.412843,-0.162369,-0.115594,-0.0744548,-0.0322852,0.061827,-0.00278737,0.00634091,-0.00454458,0.00745303,-0.017197,-0.00909756,-0.0562575,-0.0170468,-0.0953792,-0.00988655,0.509201,0.0461473,0.0172562],[-0.0135638,-0.916008,-7.72726,0.180716,-7.10596,-4.67712,1.05849,0.370958,-0.895014,0.10205,-0.0286936,-0.00969417,-0.421661,0.0699703,-0.28927,-0.0366961,-0.790979,0.836234,-1.17465,0.56886,11.0666,-1.4964,-0.474463],[0.302959,-0.188341,2.88416,0.28312,0.255969,0.622264,-0.116243,0.0394361,1.35918,-0.187174,-0.0265393,-0.16386,-0.0438663,-0.122496,0.0568923,-0.0214255,-0.316825,0.00852239,-0.174917,-0.176224,-1.26828,-0.135156,0.00699932],[0.115732,0.205278,1.43069,-0.830749,-0.879762,-1.20954,-0.525409,-0.343856,0.0561595,1.35178,-0.00726763,0.0797901,-0.0306612,0.0299104,-0.0381857,0.00168376,-0.109191,-0.361677,-0.181999,-0.000292662,1.32564,-0.147478,0.0867185],[-0.038481,0.167733,0.902925,0.265115,-3.12072,-1.27722,0.773523,0.0130429,-0.134184,0.0415053,-0.0264124,-0.197484,-0.0861036,-0.231431,-0.220057,0.0685074,-0.0900947,-0.0232965,-0.883324,-0.201303,-1.34784,-0.171804,-0.519686],[0.293153,-0.382352,-0.990864,-0.142807,2.8401,1.00207,-0.149233,0.0252204,-0.979691,-0.224626,-0.000802437,0.00677695,0.0727617,0.0737553,-0.084273,-0.187797,-0.205577,0.21699,-0.123629,0.1804,1.84338,0.19336,0.0404319],[0.19373,-0.112153,-2.26484,0.168484,1.55098,2.24898,0.142836,-0.260515,-0.53777,0.170989,-0.0219256,0.00358867,0.0235153,0.0110013,-0.0206023,0.0518748,0.0850765,0.0265449,-0.145719,-0.02506,-0.0302945,-0.176858,-0.0744419],[-0.0123799,0.0730664,0.476319,-0.0155135,0.569674,-0.641725,-0.269077,-0.171853,-0.255589,-0.0752129,-0.00367722,0.0193186,0.000724972,0.0175158,-0.000265464,-0.0229796,0.491223,-0.00350594,0.0719566,0.0880395,0.507734,-0.0885067,0.00473535],[0.206323,0.115227,3.96937,0.331962,0.18225,0.296261,-0.297711,-0.0556041,0.0218786,-0.366367,-0.011719,-0.0144362,0.106469,-0.00547703,0.0513127,0.0112515,-0.0785609,0.0369805,0.123222,-0.0900553,-0.176736,-0.186622,0.0697304],[-0.234153,0.112623,-2.19767,-0.12711,-0.0453691,-0.556117,0.286206,-0.0080293,0.247928,-0.331806,0.0230919,-0.00386427,0.0177751,0.0342058,0.0094187,0.230559,0.0745045,-0.0356868,-0.206921,-0.0179577,-0.319843,-0.0238423,-0.0287678],[-0.438896,-0.372941,-1.16237,-0.879113,-0.739108,-1.48549,1.11334,0.368492,-2.37369,-0.0551358,-0.00629906,-0.0430243,0.151981,-0.00742632,0.0438559,-0.178841,0.722413,0.137798,0.258468,0.115618,0.0807598,0.204802,0.0062472],[0.00274953,-0.010012,-0.731539,0.0405075,-0.170024,-0.191892,-0.0364394,-0.0153043,-0.025439,0.00333396,0.00838997,0.00796986,-0.0168996,0.00928061,-0.012974,-0.00906392,-0.0249889,-0.0264645,-0.0776605,0.000650955,-0.108833,-0.0231444,0.000243088],[-0.186063,-0.330429,-0.878605,-0.241135,-0.792609,-0.209408,0.0743808,0.0529499,0.710808,0.24649,0.00918647,0.00708157,0.0335341,0.0228248,0.00573604,-0.0961546,-0.152766,0.0117531,0.134782,0.0515253,-0.570752,-0.264902,-0.090558],[0.191457,-0.485461,0.123035,0.362394,1.4159,-0.497348,-0.724882,-0.0377409,1.49161,0.107988,-0.000751579,-0.0076792,-0.0781797,-0.0161006,-0.0779402,-0.164171,-0.239221,-0.105631,0.492576,0.0606029,-0.753619,0.0473117,0.326007],[-0.114267,-0.103583,0.11341,-0.0379036,-0.865893,-0.1996,-0.1316,0.178841,0.297822,0.246492,0.0224188,0.0138384,0.0546353,0.02399,0.0701198,-0.0269506,0.00133069,0.0894709,0.0522104,0.011012,-0.141559,0.166346,0.0285076],[0.0449017,0.0859807,0.138483,-0.0274519,-0.279569,-0.0602754,-0.0155385,0.0450432,0.186775,0.00908181,0.000704142,-0.0134114,0.0263606,-0.010266,0.0169346,0.0411254,-0.00302055,-0.0550841,-0.125485,-0.0138426,-0.125752,-0.103731,-0.0236847],[-0.000849714,1.41168e-05,0.299721,0.00294113,0.0427726,0.0849654,0.00978061,0.0115272,0.0262845,-0.00511764,0.00117021,-0.000132245,0.00259033,-0.000245832,0.00239373,0.00302991,-0.00170347,0.00356582,0.00712884,-0.00197967,-0.0116306,0.00532357,-0.00598978],[0.0872094,0.0360495,-0.00929765,0.0634844,0.123216,0.192509,0.117442,-0.0208317,-0.185049,0.103202,0.00118948,-0.0133981,0.0173646,-0.00237848,0.037639,-0.0416593,0.0523789,0.030808,0.019024,0.00471038,-0.25564,0.0265455,0.0263893],[0.0557235,-0.00031829,0.472706,0.0660554,0.0985625,-0.0515573,-0.0790225,-0.0248923,-0.136828,-0.0249542,-0.000344733,0.00397949,-0.00446968,0.00664577,-0.0105061,-0.0108319,-0.0518559,-0.0242129,-0.0241951,0.00212982,-0.0304499,0.000474071,-0.00409826],[-0.0218439,-0.00805047,-0.0449558,-0.0503467,-0.146437,0.0910259,-0.00870272,-0.0453024,-0.00681444,0.0371898,-0.0018885,0.00257374,0.00583871,0.001396,0.00220075,0.00716376,0.00805345,-0.018374,-0.015915,0.00488037,0.0332883,-0.0195854,0.00622982],[0.0851857,-0.0283086,-0.262931,0.0863281,0.154324,-0.112882,0.083154,-0.0309637,-0.233447,0.0340777,-0.010236,-0.0191235,-0.0470031,-0.0272806,-0.0531267,0.061279,-0.0598134,-0.0417697,-0.0724421,-0.0503018,-0.456624,0.00117488,-0.0246657],[0.0687613,-0.0851921,1.5596,-0.00441653,-0.404675,-0.0569763,-0.0182565,0.273902,0.0811307,0.0160665,0.00867021,-0.00750009,0.0532686,-0.00234026,0.0789165,-0.0383213,0.00993224,-0.0566952,-0.0140401,0.00652412,-0.0235109,0.0668978,-0.0266954],[0.0365618,0.0490489,-0.0873999,0.083095,0.106756,0.100454,-0.0573443,-0.0373156,0.00386253,0.0420848,-0.00503425,0.00101476,-0.000333142,-0.00224113,0.00320189,0.0107839,-0.0271195,0.00709681,0.0249503,0.013739,-0.0439444,-0.0113299,0.0106936],[-0.0579505,0.0226114,0.376294,-0.148725,0.0305685,0.0114792,-0.0325126,-0.0824073,-0.163051,0.176702,0.00147933,0.0112326,-0.00428544,0.00453108,0.00397438,-0.00297418,0.0545072,0.0461711,0.0597787,0.0024174,0.282991,-0.0148409,0.00847514],[0.412151,0.702446,3.56845,1.33617,-3.20292,-2.7855,0.542308,0.233555,-0.469367,1.06197,-0.030285,0.0893138,0.226195,0.147415,0.266034,-0.443977,0.960931,0.784489,0.472541,0.00815616,-1.32461,0.0606806,-0.153781],[-0.132968,-0.277575,0.260181,-0.520124,0.0186852,0.521494,-0.657739,-0.533591,-1.14192,0.220904,-0.017885,-0.0204905,0.000414901,-0.000516932,-6.72643e-06,0.0839626,-0.217255,0.33953,-0.0664993,0.11499,0.281965,-0.0293625,-0.153619],[0.231614,0.537121,0.74816,0.730636,-0.756476,0.404128,-0.909396,-0.218456,2.30932,-0.00856413,-0.053328,-0.00949547,-0.0251671,-0.0322411,0.0414178,-0.212782,-0.1761,-0.165167,-0.462496,-0.000738417,0.351251,0.0921431,-0.0722225],[0.0874442,0.0720847,3.12718,0.458021,0.248175,2.1872,0.197606,0.297484,-0.010736,-0.451621,0.0102567,-0.0412043,0.0187611,-0.0507719,0.0110445,-0.301135,0.123798,0.236086,-0.298155,0.0765868,1.80351,0.103472,-0.205118],[-0.224574,0.310087,-5.43933,-0.0793845,-1.32853,-3.07628,-0.0642677,-0.162623,-0.813938,-0.890329,0.00170352,-0.0888187,-0.0910862,-0.0725553,-0.00832764,0.23551,0.00414788,0.228719,-0.235506,0.00885261,-1.66346,0.0184507,-0.031372],[-0.0736702,0.141874,2.22719,0.101037,-0.673632,-0.439411,-0.392568,-0.0198204,-0.235412,0.25412,0.00581457,0.0202602,0.0297575,0.0275684,0.0386374,-0.0207856,-0.221472,-0.176253,0.18408,0.0311043,0.161576,0.0846202,0.00184632],[-0.138658,-0.175698,0.762222,-0.0850466,0.777768,0.639445,0.0449479,0.192999,0.356176,0.0337597,0.007176,0.00853623,-0.0331278,0.0120337,0.0155321,-0.0847639,0.0269805,-0.0238771,0.0984088,-0.0273435,0.0400635,0.0670514,0.0350811],[0.155667,-0.261821,-1.25542,0.10213,-0.0117215,-0.434519,-0.0349063,-0.224037,-0.848725,0.341364,-0.0125816,0.0236785,-0.040134,0.0340867,0.0323967,-0.00867168,0.000886378,-0.152965,-0.149315,0.128537,-0.0419108,0.0194478,-0.0319559],[-0.0680426,-0.032369,0.392374,0.081252,-0.101278,-0.173352,0.154825,-0.127516,0.0371524,0.135663,-0.00367524,-0.00122359,0.0809589,0.00852793,0.0398112,0.100421,0.0406362,-0.106085,-0.544,-0.00839735,-0.032536,-0.0577794,-0.0748943],[-0.349161,-0.400162,1.68497,0.420531,-0.494384,-0.657569,-0.676397,0.307288,-0.0952702,0.207885,-0.000944922,-0.0209937,-0.114619,-0.0309519,-0.00815632,-0.0127339,-0.201607,0.274149,0.385733,0.112857,-1.14032,-0.106207,-0.0422152],[-0.00924502,0.0593761,-0.355985,-0.0273987,-0.0856037,-0.0374548,0.0045613,-0.0132404,-0.0219337,0.0562938,0.00924722,-0.00238138,-0.0136335,-0.00436117,-0.0159976,-0.00698132,-0.000858304,0.0177045,-0.0476626,-0.00752477,-0.0966359,-0.00633193,0.0175263],[0.164399,0.255301,2.19098,-0.0683886,0.279931,0.394673,-0.30313,-0.0290513,-0.279411,0.0446421,-0.0136593,-0.0123695,-0.00627242,-0.0204246,-0.0208047,-0.0879416,-0.0102759,-0.0417242,-0.109122,-0.0285475,-0.213715,-0.0789821,0.0698746],[-0.0525253,0.14967,-3.80376,-0.0485594,-0.372917,-1.41037,0.195786,-0.0954184,-1.33108,0.307738,-0.0177924,-0.0413551,-0.0273551,-0.0109553,-0.00609573,0.0842959,-0.138904,0.127407,0.235385,0.0481289,-1.16233,0.106698,0.0829595]],"sigmahat":[[0.232735,0.118198,0.7515,0.139192,0.358777,0.488021,-0.0373344,-0.00068551,0.0602551,-0.0732703,-0.00486482,-0.00526225,0.00285789,-0.00858763,-0.00194638,-0.00630521,-0.0252551,-0.00766016,0.000212205,-0.0201583,-0.0537827,0.00578755,0.00844806],[0.118198,0.330623,-0.435701,0.047145,0.162478,0.29284,0.00899104,-0.0727552,0.0518085,0.0223553,0.00219813,-0.00483046,0.00648712,-0.00990246,0.00781977,0.0424711,0.00700441,0.0100741,-0.00798591,-0.0059488,-0.10831,-0.0281021,-0.0045025],[0.7515,-0.435701,31.6321,1.0379,1.91465,5.54904,-0.26094,0.514225,-0.0628432,-0.234569,-0.0267431,0.0128603,0.17067,-0.0155522,0.0156455,-0.87544,-0.105221,-0.151483,0.172117,-0.320575,-0.0862054,0.357477,0.14083],[0.139192,0.047145,1.0379,0.496973,0.410795,0.605752,-0.0889321,0.00842648,0.216859,0.00783517,-0.0111045,-0.00210428,-0.0108375,-0.00606005,-0.0108865,-0.108928,-0.0465492,-0.00767546,-0.00146165,-0.0228486,-0.198866,0.0329484,-0.00784547],[0.358777,0.162478,1.91465,0.410795,2.61182,2.17297,0.0692915,-0.0111101,0.107662,-0.288199,-0.0101696,0.00400465,-0.00787927,0.00598626,0.0042682,-0.067551,-0.0202106,-0.00529887,0.195192,-0.00387479,0.39589,0.077714,0.0646124],[0.488021,0.29284,5.54904,0.605752,2.17297,4.39295,0.159295,0.158899,0.34796,-0.363924,0.00509274,-0.00302968,0.0376203,-0.00485237,0.029932,-0.188093,-0.00047704,-0.0189089,0.0649034,-0.0416244,0.781745,0.0541256,0.0628744],[-0.0373344,0.00899104,-0.26094,-0.0889321,0.0692915,0.159295,0.475223,-0.00369661,-0.240649,-0.226398,0.010235,-0.0100753,0.021358,-0.00267859,0.0134719,0.0381995,0.151992,-0.0186369,-0.0684129,-0.0139537,0.213883,-0.036318,-0.00500935],[-0.00068551,-0.0727552,0.514225,0.00842648,-0.0111101,0.158899,-0.00369661,0.218864,0.164511,-0.0945217,0.00566783,0.000255933,-0.00135835,0.00144175,0.0116532,-0.0378145,0.0100381,0.0100253,0.0187329,0.00249079,0.193336,0.0355824,0.00829846],[0.0602551,0.0518085,-0.0628432,0.216859,0.107662,0.34796,-0.240649,0.164511,1.90322,-0.134709,-0.018824,-0.00256395,-0.0107006,-0.0180856,0.00491355,-0.0954038,-0.058472,0.0225236,0.113323,-0.0311676,-0.0245374,0.044738,-0.00152184],[-0.0732703,0.0223553,-0.234569,0.00783517,-0.288199,-0.363924,-0.226398,-0.0945217,-0.134709,0.584587,-0.00359925,0.00805636,-0.00736397,0.00621724,-0.0104635,-0.0123681,-0.0963121,-0.0160221,0.0146849,-2.13836e-05,-0.37893,-0.0138854,-0.0412012],[-0.00486482,0.00219813,-0.0267431,-0.0111045,-0.0101696,0.00509274,0.010235,0.00566783,-0.018824,-0.00359925,0.00261892,0.000639236,4.72126e-05,0.00118983,0.000776441,0.0042851,0.00463952,-0.00298706,-0.00480301,0.00202219,0.033078,-0.00168192,0.00154173],[-0.00526225,-0.00483046,0.0128603,-0.00210428,0.00400465,-0.00302968,-0.0100753,0.000255933,-0.00256395,0.00805636,0.000639236,0.00400508,-0.000464726,0.00287122,0.000587081,-0.00278354,0.00149545,0.00355695,0.0104045,0.00375163,0.0227909,0.00196581,0.00254214],[0.00285789,0.00648712,0.17067,-0.0108375,-0.00787927,0.0376203,0.021358,-0.00135835,-0.0107006,-0.00736397,4.72126e-05,-0.000464726,0.0164863,0.000551993,0.0116746,8.95359e-05,0.0159909,0.00159652,-0.00566827,-0.00316716,0.012306,0.000464298,-0.00622333],[-0.00858763,-0.00990246,-0.0155522,-0.00606005,0.00598626,-0.00485237,-0.00267859,0.00144175,-0.0180856,0.00621724,0.00118983,0.00287122,0.000551993,0.00517723,0.00158571,-0.00365909,0.00158165,0.00534476,0.00973286,0.00480789,0.0368359,0.00144447,0.00270556],[-0.00194638,0.00781977,0.0156455,-0.0108865,0.0042682,0.029932,0.0134719,0.0116532,0.00491355,-0.0104635,0.000776441,0.000587081,0.0116746,0.00158571,0.016042,0.00322412,0.0140136,0.0031281,0.00356107,0.00353962,0.0436267,0.00421556,-0.00150571],[-0.00630521,0.0424711,-0.87544,-0.108928,-0.067551,-0.188093,0.0381995,-0.0378145,-0.0954038,-0.0123681,0.0042851,-0.00278354,8.95359e-05,-0.00365909,0.00322412,0.10669,-0.00038672,-0.030875,-0.0413202,0.00468523,0.00963001,-0.0274815,-0.00647625],[-0.0252551,0.00700441,-0.105221,-0.0465492,-0.0202106,-0.00047704,0.151992,0.0100381,-0.058472,-0.0963121,0.00463952,0.00149545,0.0159909,0.00158165,0.0140136,-0.00038672,0.136758,-0.00215246,-0.0130403,0.00103451,0.130775,-0.00477767,-0.00349006],[-0.00766016,0.0100741,-0.151483,-0.00767546,-0.00529887,-0.0189089,-0.0186369,0.0100253,0.0225236,-0.0160221,-0.00298706,0.00355695,0.00159652,0.00534476,0.0031281,-0.030875,-0.00215246,0.13039,0.0901446,0.005274,-0.073962,0.00611861,-0.00320322],[0.000212205,-0.00798591,0.172117,-0.00146165,0.195192,0.0649034,-0.0684129,0.0187329,0.113323,0.0146849,-0.00480301,0.0104045,-0.00566827,0.00973286,0.00356107,-0.0413202,-0.0130403,0.0901446,0.260505,0.0119686,-0.165435,0.0186699,0.0158056],[-0.0201583,-0.0059488,-0.320575,-0.0228486,-0.00387479,-0.0416244,-0.0139537,0.00249079,-0.0311676,-2.13836e-05,0.00202219,0.00375163,-0.00316716,0.00480789,0.00353962,0.00468523,0.00103451,0.005274,0.0119686,0.0237011,0.100047,0.00191793,0.00659059],[-0.0537827,-0.10831,-0.0862054,-0.198866,0.39589,0.781745,0.213883,0.193336,-0.0245374,-0.37893,0.033078,0.0227909,0.012306,0.0368359,0.0436267,0.00963001,0.130775,-0.073962,-0.165435,0.100047,2.4005,0.0124962,0.0809501],[0.00578755,-0.0281021,0.357477,0.0329484,0.077714,0.0541256,-0.036318,0.0355824,0.044738,-0.0138854,-0.00168192,0.00196581,0.000464298,0.00144447,0.00421556,-0.0274815,-0.00477767,0.00611861,0.0186699,0.00191793,0.0124962,0.0730128,0.0104047],[0.00844806,-0.0045025,0.14083,-0.00784547,0.0646124,0.0628744,-0.00500935,0.00829846,-0.00152184,-0.0412012,0.00154173,0.00254214,-0.00622333,0.00270556,-0.00150571,-0.00647625,-0.00349006,-0.00320322,0.0158056,0.00659059,0.0809501,0.0104047,0.0405571]],"n":23,"lags":3}