{"betahat":[[0.912379,0.486404,4.24004,0.773989,-0.0254839,1.29588,0.861988,0.55385,-0.150729,0.476349,0.124452,-0.158757,0.00249936,0.400931,0.587968,0.249216,0.0768613,0.144276,0.385198,8.03484,0.0773799,14.0993],[0.972778,0.187286,1.00955,-0.0329556,0.506058,0.613025,-0.0916857,-0.288437,-0.0050074,-0.278628,-0.00993858,-0.00294766,-0.00173017,0.372377,-0.124817,-0.420623,0.0253509,0.0895639,0.0305636,-0.423579,-0.0626027,1.34759],[-0.139191,0.885297,0.16206,-0.0344028,-0.0226035,-0.574706,-0.0142158,0.0362796,0.00543753,-0.21158,-0.0126545,-0.000449546,-0.000104333,-0.455218,0.0646426,0.340101,-0.0394713,-0.0118308,-0.000736697,-0.103913,0.0416107,-2.46078],[0.0117845,0.00358263,0.695252,0.0127873,-0.0446094,0.0244116,-0.0242043,0.00031563,-0.000829844,-0.0105365,-0.00427264,-0.000559019,-0.000408606,-0.0227938,0.0102849,0.0318005,-0.0114292,-0.00843507,-0.00566867,0.00646611,-0.00317281,-0.364375],[-0.0774713,0.165819,-0.755907,0.699921,-0.33013,-0.835634,-0.181665,0.225065,0.01444,0.553227,-0.00455915,0.00702482,0.000300803,0.00183337,0.0359707,0.0839804,-0.014444,-0.0458383,-0.0371096,0.157422,0.0188278,-1.08334],[0.0474544,0.0181268,-0.26367,-0.0545025,0.976981,0.181149,0.0307416,-0.0255817,-0.00248975,-0.0645562,-0.00357619,-0.000106608,0.000355191,-0.056448,0.00776713,0.071825,-0.00393174,-0.0220288,-0.0243327,-0.0411325,0.0031789,0.105621],[0.0151995,0.0172208,0.306621,0.0229182,0.0569349,0.961821,0.0770018,0.0164819,0.000100274,-0.00646995,0.00691123,0.000342185,-0.000247192,0.0408548,-0.0344496,-0.0416187,0.0172465,0.00690433,0.00920833,-0.106453,-0.00738968,0.748641],[-0.0904251,-0.0814171,0.570239,-0.0895477,-0.435499,-0.521141,0.995441,-0.086399,0.0290583,-0.166513,0.0392511,0.0342229,0.000169977,0.0990145,0.0476471,-0.0431353,0.00861919,0.0549908,0.0259463,-0.632484,-0.0102596,0.0947767],[-0.0287046,0.0403938,-0.458674,-0.028061,1.00778,0.45021,0.104313,0.693488,0.0142037,-0.181127,-0.00118863,0.0122577,0.00137113,-0.141729,0.053054,0.215703,-0.0163234,0.0176879,0.0102668,-1.49879,-0.00904295,-1.07885],[-0.0838292,0.156709,-3.44696,-0.382864,-0.988431,-0.242581,0.722732,0.479719,1.03651,-0.0775277,0.0155264,0.000226824,0.00371996,1.07789,-0.129232,-0.88911,0.273071,0.0978335,0.184597,2.46229,-0.0450552,14.4893],[0.0549009,0.0659143,0.147011,-0.16026,-0.0588525,-0.0372698,0.0290854,-0.0504294,0.000897313,0.74211,0.00143805,0.00487537,0.00010065,-0.085887,0.0452911,0.0977339,0.00466463,-0.0127607,-0.0220231,0.0522498,0.00817302,-0.61159],[0.0793733,-0.308512,2.24827,0.194102,1.97102,1.01019,-0.0213388,0.367413,0.0318101,-1.29012,1.06372,0.0458753,-0.00341068,-1.28044,-0.281422,1.01554,0.0263916,-0.134112,-0.140108,1.88685,0.0553771,-5.4564],[-0.323687,-0.133771,6.5958,0.337129,1.01481,1.08128,-1.19206,-0.845475,0.358196,-0.241187,0.0532375,1.32839,-0.000771651,-0.724456,0.155584,0.757052,-0.136106,-0.118401,-0.155413,-0.353107,-0.0621186,-9.85271],[-3.45813,-6.10582,78.3365,-3.57627,19.3181,12.7091,-4.85024,9.77619,0.304663,33.8117,2.84808,1.21962,0.716917,-12.1723,-2.00332,4.38128,-3.50155,0.982578,2.47757,-33.0292,2.05344,-121.858],[0.0828242,0.165815,0.311157,0.0256142,0.227801,0.602311,-0.0989488,-0.0173692,-0.0019266,0.29114,-0.0126814,-0.0033668,-0.00168188,0.960835,0.0148219,-0.108941,0.0156276,-0.00748355,0.00267044,0.500842,0.00319589,-0.303702],[-0.0935982,-0.042063,-0.202041,-0.148958,-0.0502468,0.366727,-0.240973,0.15142,0.0015418,-0.234259,-0.00380889,-0.0121545,0.0019127,-0.170401,0.998868,0.162782,0.00422188,-0.0176053,-0.0041966,-0.400149,0.071454,-2.5926],[0.0394014,0.139625,-0.723228,-0.198856,-0.080587,-0.339353,-0.00268279,-0.0555409,0.00390551,0.0138646,-0.0500875,-0.0134447,-0.000711812,0.630794,-0.158044,0.502837,0.0532604,0.0156841,0.00186776,1.66935,-0.101538,3.00066],[-0.368567,0.0862038,-6.25143,-0.234907,-0.379918,-1.05133,1.20422,0.126569,0.00712978,-0.175788,0.0810725,0.0256674,-0.00483402,-0.143341,-0.355327,0.0448562,1.40102,0.0985043,-0.00812986,-1.50661,0.0680222,-1.79728],[0.168013,0.244599,1.39275,-0.420782,-0.908921,-0.491444,0.599476,-0.254991,0.0262238,0.109097,0.0901803,0.0343017,-0.00603164,0.639008,0.260716,-0.725384,-0.0103082,1.13127,0.0407476,-5.58029,-0.257701,0.626055],[-0.0806987,-0.69112,-1.22724,0.134859,-0.659297,-0.401651,0.157733,0.12276,0.13403,0.261949,-0.111263,0.130414,0.0216085,0.396024,-0.225602,-0.384405,0.0623222,-0.0306907,1.00643,2.48801,-0.241852,1.25145],[0.027747,0.00127352,0.127213,0.00731262,-0.0326793,0.00320191,-0.0488138,-0.00969537,0.00544095,0.0942529,0.0058412,0.00280253,0.000212313,-0.00213355,-0.015782,-0.00325721,0.00432702,0.00214303,0.00660909,1.01342,0.0136875,-0.0656498],[-0.0882267,0.317977,6.53845,0.16125,-0.0584713,1.5692,0.238385,-0.230536,-0.0969485,0.5866,0.0731854,-0.0575541,-0.00338362,0.00235556,-0.0864714,-0.213064,-0.00246769,0.00204003,-0.00232115,-2.43993,1.1851,-3.67364],[0.00500231,-0.0053839,0.057664,0.00793822,0.00410678,0.00438709,-0.00482244,0.00349801,-0.00256194,-0.000265978,-0.00180121,-0.00287507,2.66769e-05,0.00343022,-0.00260345,-0.00300709,-0.00141913,-0.000574328,0.00152915,0.0300295,0.00139814,1.02305],[0.0580566,-0.0396355,-1.24285,0.0141668,-0.0198123,-0.876834,0.0832018,0.0797896,-0.00741194,0.0586517,-0.0183739,-0.0143996,0.00111893,-0.32328,0.153878,0.387676,-0.0439129,-0.0754304,-0.0577723,0.172903,0.0422114,-1.8783],[0.189861,0.0531857,-0.347538,0.0628275,0.216492,0.501511,-0.0252526,-0.131136,-0.00529659,0.199587,-0.0142961,-0.00217263,0.00113938,0.347738,-0.118472,-0.210963,0.0185107,0.00089536,-0.00590784,-0.472308,-0.0277423,1.64235],[-0.00192032,-0.00719003,0.0738684,-0.000108919,-0.00657072,-0.0717724,0.0143071,-0.00486995,0.00102231,0.00653331,-0.000115536,0.000188668,0.000234086,0.0344349,-0.0190344,-0.0437793,0.0120197,0.0039868,0.00202573,0.0665311,-0.00551987,0.4613],[-0.0527059,-0.130203,0.387907,0.283555,-0.0494664,0.49018,0.119998,-0.199971,-0.0147116,-0.462334,-0.0171865,-0.019233,-0.000327056,-0.0145549,-0.0571107,-0.0688,0.026552,0.0151171,-0.00967532,-0.313866,-0.0223802,0.521794],[-0.0640288,-0.0316423,-0.00108665,-0.0110535,0.0664838,0.0151074,0.0549671,0.016564,1.59502e-05,0.190705,0.0205622,0.000655388,0.00018621,0.0781981,-0.0261711,-0.0891363,0.0251641,0.0240009,0.0317915,-0.0305871,0.00977977,0.483712],[-0.00102821,-0.0132227,-0.361844,0.00278794,0.0471911,-0.0417238,-0.0672489,0.0115348,0.000434867,0.0425845,-0.0093432,0.00189312,0.00034299,-0.00432517,0.0291013,0.00938055,-0.0149872,-0.0133669,-0.0123435,0.200213,-0.000965526,-0.715006],[0.00417398,0.130862,-0.475672,-0.0457227,0.226917,0.288578,-0.197177,-0.0094027,-0.00535491,0.244414,-0.00546339,-0.0124223,-7.05074e-05,-0.105191,-0.0743715,0.0365744,-0.00520565,-0.0193926,0.0146588,0.0215909,0.0272743,-0.657618],[0.0292222,-0.060635,-0.989626,-0.0605779,-0.195219,-0.248683,-0.114608,0.100955,0.00119208,0.188649,-0.0258674,0.00440424,0.00026462,0.175437,-0.0291186,-0.145329,0.00577155,-0.0449596,-0.044908,1.1914,-0.0345332,1.20238],[0.138257,0.122004,-3.52662,0.282466,0.11302,-0.74431,0.200021,0.148596,-0.153052,1.08,-0.0784417,-0.122571,-0.00272696,0.286525,-0.0128766,-0.267524,-0.0314995,0.160496,0.180439,0.859981,0.0866009,2.45119],[-0.0463995,-0.0586237,-0.0789608,0.10218,0.0150433,-0.0582911,-0.0430867,0.0235133,0.000603765,0.228559,-0.00289035,-0.000598682,-0.000533697,0.07347,-0.0507063,-0.0775585,-0.00653791,0.00324147,0.00750642,-0.06362,-0.00831158,0.288916],[0.0639524,-0.18176,1.73279,-0.646204,-1.0658,-0.0731357,0.219278,-0.100377,0.0243126,0.138467,0.00240334,-0.000218172,0.0028723,0.638909,0.132547,-0.412241,-0.0230293,0.170948,0.124015,-2.35695,-0.0160268,3.55457],[0.237054,-0.0402446,-0.74862,-0.118961,-1.6511,-1.16449,0.887711,0.346746,-0.203923,0.316434,-0.00141135,-0.206323,-0.00917992,0.106378,0.0252162,-0.285194,-0.0901829,0.0373752,-0.0230048,-1.99739,0.0393499,0.560888],[-2.67597,0.529675,-94.1095,-2.74622,-22.7558,-47.4454,-3.81679,-3.68439,-1.22753,-29.0738,-1.29881,-0.676994,0.0788244,18.516,3.2857,-10.6626,2.10937,0.799491,0.749304,48.4755,-0.474024,177.769],[0.0360592,-0.136075,0.643629,0.104642,0.118932,0.0211693,0.0578757,0.0403959,0.0043838,-0.142234,0.0179564,0.00308866,0.000673248,0.0612025,0.0140168,0.0601686,-0.000442798,0.00541531,0.00461062,-0.340056,0.00194125,0.321626],[-0.153797,0.0987383,-0.311417,-0.0641654,-0.359726,-1.30834,0.0774387,-0.0498475,0.00700953,-0.0383973,0.00678686,0.0162224,-0.000236478,-0.0618391,0.0447608,0.00516804,-0.0630551,0.0208287,-0.0242606,-0.269253,-0.0193626,-1.9952],[-0.103437,-0.152467,0.648341,0.0317257,0.106946,0.101133,0.00707799,0.0279068,0.00163681,-0.00418277,0.0197018,0.012969,0.000598698,-0.403948,0.0997282,0.278016,-0.0453917,-0.019221,-0.0115406,-0.963001,0.0490638,-2.57233],[0.103308,-0.0254319,3.6182,0.180116,0.543286,1.44616,-0.652215,-0.0281235,0.00437069,-0.0580986,-0.0609479,-0.00818119,0.00220523,0.284724,0.259547,-0.21555,-0.17052,-0.00471401,0.0629774,1.09705,-0.051433,2.18613],[0.0617585,0.0725752,-1.43501,0.368398,0.193822,0.383399,-0.299327,0.0494909,0.00688974,-0.617356,-0.094055,0.0101006,0.00512052,-0.632886,0.147427,0.73633,-0.0892442,-0.129469,-0.0879566,3.79766,0.13087,-5.14026],[-0.0404471,0.507201,-2.04621,-0.397818,0.920647,-0.628159,-0.0415488,-0.169239,-0.0895887,-0.127246,0.0275732,-0.0708171,-0.00667053,-0.46873,0.168802,0.478157,-0.108024,0.013382,-0.0956876,-2.65488,0.153119,-4.37655],[-0.0159887,0.000456416,-0.188094,0.00330824,0.0443604,0.0525848,0.0359151,0.0100008,-0.00740058,-0.0542367,-0.00283206,-0.00541707,0.00020905,0.00437096,0.0202395,0.00724186,0.00356087,-0.00259563,-0.00664061,-0.0825171,-0.00427927,0.299796],[0.0614096,-0.309293,-4.73229,-0.0635517,0.640283,-0.655302,-0.301163,-0.0672684,0.0958955,-0.603293,-0.0501525,0.0840067,0.00563132,0.00587348,0.0713059,0.11875,-0.00322619,-0.0192828,-0.0229432,0.877347,-0.15252,1.88803],[-0.00378643,0.00458629,0.0416887,-0.00323111,-0.00799373,0.0120912,-0.000317099,3.84084e-05,0.00137315,-0.000408531,0.00158063,0.00186873,-4.57483e-05,-0.0145909,0.00374528,0.0125851,-0.00064118,0.000325414,-0.000706663,0.00963858,0.000557591,-0.0207635],[-0.0308419,-0.147638,0.232991,0.0188585,-0.486159,0.263877,0.00849168,0.208654,0.0124179,0.220019,0.0282995,0.0173426,0.000611003,-0.049048,-0.0290495,0.0329024,0.0185786,-0.0141357,0.0272066,0.250861,0.0203809,0.530841],[-0.0506983,0.0614949,0.185541,-0.0284188,-0.193871,0.0732939,0.0394913,0.094889,-0.000137354,0.0119763,0.0269462,0.00262438,-0.00103523,0.107508,0.0538406,-0.129162,0.0209852,0.0109369,0.00663835,0.576362,-0.013881,0.818763],[-0.00993149,0.00364117,0.229943,-0.0125524,0.0511122,0.0473978,0.00991095,0.00457883,-0.00019732,0.00416652,0.0043597,0.000354178,0.000173377,-0.0115366,0.00873728,0.0119045,-0.000527671,0.00443588,0.00363555,-0.0726027,0.00865961,-0.0961599],[0.130173,-0.0356397,0.368218,0.0165451,0.379635,0.345621,0.0616659,-0.0250673,0.000273093,-0.0908782,0.0217429,0.0122092,2.606e-05,0.0127745,0.0211388,-0.015231,-0.0120854,0.0307259,0.0467904,0.1566,0.00354744,0.561736],[0.0165296,0.013518,0.26474,0.0656157,-0.0437806,-0.196296,-0.0856916,0.00901644,0.0024742,-0.126101,-0.0169928,-0.000558077,-0.000541942,-0.0216602,0.0183781,0.0172197,-0.0212039,-0.00196104,-0.00745165,0.0717767,-0.0129661,-0.588854],[-0.0142372,-0.0039706,0.0551548,-0.0256544,-0.104403,0.0797037,-0.00977719,-0.0280425,-0.000534885,-0.0360376,0.00242911,-0.00224214,-9.64163e-05,-0.0364096,0.00531171,0.0321243,-0.00221471,0.00647709,0.00314754,-0.0937176,0.00834651,-0.0329377],[0.0862184,-0.0494688,-0.0945513,0.135391,0.208359,0.232568,0.201643,0.0958143,-0.0236902,-0.0777069,-0.0337958,-0.0217908,-0.000100468,0.00625299,0.0266688,0.00649086,-0.00337039,-0.0355885,-0.040591,0.611286,-0.0170287,0.562865],[0.0128446,0.0288685,1.48727,0.0661725,-0.697051,-0.152443,0.0126713,0.191359,-0.0141347,-0.0219465,0.030871,-0.0138389,-0.00143882,-0.0523702,-0.0324301,-0.0564919,0.00860491,0.0248337,0.0332736,0.275101,0.0472632,-0.23021],[-0.0513568,-0.116763,0.180834,-0.0813162,0.705367,0.52656,-0.622007,-0.39245,-0.0268856,-1.1297,0.0457409,-0.0134829,0.00351381,-0.408459,-0.110667,0.442442,0.012319,-0.0853673,-0.0572684,0.548799,0.0232581,-5.41848],[-0.00845149,-0.00737659,-0.0679823,0.0582968,0.0437943,0.0959672,0.0140662,0.0269244,-0.00149672,0.0292044,0.00146492,-0.0042793,0.000431762,0.0126069,0.00542213,-0.0203231,0.00197873,0.00954197,0.0145322,0.0120604,9.79999e-05,0.323972],[-0.204692,0.569621,-4.21756,0.388374,-0.978702,-1.14533,-0.268917,-0.333288,-0.0485034,1.18589,-0.0992407,-0.0384132,0.00143602,0.56435,0.0458077,-0.545137,-0.0397356,-0.055541,-0.00852956,0.280848,-0.0353209,0.581832],[-0.0605236,-0.128024,-0.600247,-0.0912093,0.677784,0.585484,0.0860184,0.343731,-0.0841826,-0.379252,-0.0183676,-0.0892811,0.00212132,-0.213193,-0.109459,0.124147,0.0185153,-0.0329281,-0.0312172,-0.712706,0.0160636,-1.13074],[6.13409,5.57612,15.773,6.32253,3.43764,34.7363,8.667,-6.09179,0.922869,-4.7378,-1.54927,-0.542626,0.204258,-6.34374,-1.28239,6.28131,1.39218,-1.78205,-3.22687,-15.4465,-1.57941,-55.911],[-0.118884,-0.0297386,-0.954851,-0.130219,-0.346721,-0.623426,0.041057,-0.0230335,-0.00245585,-0.148911,-0.00527593,0.000279263,0.00100853,-0.0220436,-0.0288446,0.0487685,-0.0151776,0.00206636,-0.00728507,-0.160814,-0.00513785,-0.0182046],[0.247402,-0.0566927,0.513536,0.213154,0.410071,0.941693,0.163539,-0.101546,-0.00855066,0.272702,-0.00297817,-0.00406879,-0.00167626,0.232242,-0.0436314,-0.16796,0.0588485,-0.00322501,0.0284567,0.66949,-0.0520948,4.58794],[0.103884,-0.013716,0.362378,0.194126,0.161723,0.512144,-0.0111206,0.0356581,-0.00144724,0.0204736,0.0238194,0.00349722,0.000319818,-0.157678,0.0440775,0.160846,0.000829083,-0.00254343,0.0094794,-0.512079,0.0408925,-0.0385073],[0.265217,-0.0607934,2.6332,0.0548462,-0.163328,-0.394694,-0.551996,-0.0984215,-0.0114927,0.233927,-0.0201371,-0.0174803,0.00262858,-0.141315,0.0957569,0.170623,-0.230454,-0.0937957,-0.054854,0.410018,-0.0166169,-0.388752],[-0.107548,-0.432375,2.5103,0.168388,0.925286,0.321645,-0.261052,0.0853424,-0.00583464,0.392848,-0.00414256,0.00984329,0.00169263,-0.13543,-0.0741694,0.157735,0.0567931,-0.127141,-0.0644445,1.5787,0.0636421,3.97128],[0.13391,0.198833,2.62889,0.206378,-0.164688,0.752487,-0.180255,0.00310748,-0.0491892,-0.0681757,0.0608689,-0.0564271,-0.0145834,0.0549105,0.0463924,-0.0744224,0.0181476,0.0115478,0.043474,-0.260832,0.0767669,1.26675],[-0.0117408,-0.00174926,0.060873,-0.0103942,-0.0116001,-0.0552902,0.0129628,-0.000287431,0.00195655,-0.0399294,-0.00299955,0.00260265,-0.000422633,-0.00200916,-0.00448628,-0.00417121,-0.00776474,0.000476747,5.23843e-05,0.069368,-0.00941689,-0.23243],[0.0449223,-0.0396333,-1.70214,-0.118738,-0.50688,-0.859144,0.0492175,0.306703,0.0035645,0.0158982,-0.0269692,-0.0215324,-0.00211991,-0.00932302,0.00210377,0.0871299,-0.00585048,0.0194842,0.0143832,1.33827,-0.0477315,1.35848],[-0.00176531,0.00116541,-0.103304,-0.00473444,0.0030712,-0.018602,0.00494326,-0.00381259,0.00118909,0.00120983,7.9775e-05,0.000991292,2.13071e-05,0.0109357,-0.00121709,-0.00947938,0.00195248,0.000189549,-0.000916998,-0.0413041,-0.00190642,-0.0136384]],"sigmahat":[[0.409888,0.0492965,0.762319,0.134113,0.480667,0.695663,-0.0547603,-0.051286,-0.00574074,-0.132701,0.0100145,-0.00520887,-0.0008306,0.112771,0.0123243,-0.0762166,-0.000731352,-0.0017716,0.0192406,0.360741,-0.0103605,1.04779],[0.0492965,0.492298,-0.896779,-0.0950551,0.0901949,-0.175993,-0.0873681,-0.147354,-0.0140194,0.0726185,-0.000805797,-0.0174597,-0.00132163,-0.0296877,-0.0312445,-0.0221739,0.00156425,0.00991193,0.00703754,0.0167641,0.0282751,-0.358415],[0.762319,-0.896779,28.674,0.195071,1.42527,4.1431,-0.00340097,0.142775,0.0807808,-1.59707,0.242627,0.0366861,-0.00603106,0.256083,0.0800367,-0.288886,0.0186761,0.0966793,0.218434,1.15428,-0.0120144,8.55833],[0.134113,-0.0950551,0.195071,0.592578,0.0298827,0.414137,-0.0855971,-0.0266418,0.00408917,0.0807979,-0.0250347,0.000686737,0.000371228,0.0456023,0.00342669,-0.0262896,-0.00216321,-0.0158588,-7.66509e-08,0.0537164,-0.00779117,-0.810981],[0.480667,0.0901949,1.42527,0.0298827,4.63081,2.92031,0.0328946,-0.146131,0.0106251,0.104549,-0.00452846,0.0127822,0.00170338,0.0825898,-0.00300133,-0.0849847,0.137497,-0.0469974,-0.0158923,0.492541,-0.0721917,3.19302],[0.695663,-0.175993,4.1431,0.414137,2.92031,6.49183,0.285743,0.147236,0.014815,-0.00340947,0.035808,0.0026957,-0.000982314,0.207784,0.0431734,-0.189662,0.195609,0.0543371,0.104608,1.47449,-0.0676007,8.16581],[-0.0547603,-0.0873681,-0.00340097,-0.0855971,0.0328946,0.285743,0.526002,0.0707679,-0.0116918,-0.115719,0.0333643,-0.00894061,0.000117557,4.1276e-05,-0.0201819,-0.0187683,0.0665621,0.0270057,0.0288944,0.201063,0.00826064,2.71454],[-0.051286,-0.147354,0.142775,-0.0266418,-0.146131,0.147236,0.0707679,0.313338,-0.00335365,0.241353,-0.0105538,-0.00344738,-0.000681703,0.0352517,0.0412252,-0.0252891,0.0148637,0.0201936,0.0140175,0.34791,-0.0144197,1.21921],[-0.00574074,-0.0140194,0.0807808,0.00408917,0.0106251,0.014815,-0.0116918,-0.00335365,0.00675952,-0.0109495,0.000742604,0.00565325,0.000244111,-0.00653109,-7.129e-05,0.00722738,-0.000583721,-0.00124993,-9.74877e-06,0.0260085,-0.0020174,-0.0965153],[-0.132701,0.0726185,-1.59707,0.0807979,0.104549,-0.00340947,-0.115719,0.241353,-0.0109495,2.29204,-0.0563137,-0.02285,-0.00234503,0.292723,-0.0811687,-0.410717,0.0497586,0.0204185,0.0109083,-1.1222,-0.0437842,1.97995],[0.0100145,-0.000805797,0.242627,-0.0250347,-0.00452846,0.035808,0.0333643,-0.0105538,0.000742604,-0.0563137,0.0297256,0.00267852,-0.00015269,-0.0529163,-0.00752678,0.0430737,0.00689804,0.00978042,0.0183946,-0.138348,0.021761,0.390837],[-0.00520887,-0.0174597,0.0366861,0.000686737,0.0127822,0.0026957,-0.00894061,-0.00344738,0.00565325,-0.02285,0.00267852,0.00872948,0.000364198,-0.0192826,-0.000351718,0.0203703,-0.00248098,-0.00216374,-0.000438803,0.0365809,1.45543e-05,-0.106281],[-0.0008306,-0.00132163,-0.00603106,0.000371228,0.00170338,-0.000982314,0.000117557,-0.000681703,0.000244111,-0.00234503,-0.00015269,0.000364198,8.53554e-05,-0.000316743,-0.000402075,0.000747384,3.90353e-05,-0.000222531,-2.89606e-05,0.00202222,0.000334551,-0.00199209],[0.112771,-0.0296877,0.256083,0.0456023,0.0825898,0.207784,4.1276e-05,0.0352517,-0.00653109,0.292723,-0.0529163,-0.0192826,-0.000316743,0.728156,-0.0337874,-0.596019,0.059979,0.036612,0.0257887,0.663096,-0.0898031,3.27398],[0.0123243,-0.0312445,0.0800367,0.00342669,-0.00300133,0.0431734,-0.0201819,0.0412252,-7.129e-05,-0.0811687,-0.00752678,-0.000351718,-0.000402075,-0.0337874,0.133605,0.0599443,-0.029971,-0.00852179,-0.0126622,0.0437274,-0.00489105,-0.736712],[-0.0762166,-0.0221739,-0.288886,-0.0262896,-0.0849847,-0.189662,-0.0187683,-0.0252891,0.00722738,-0.410717,0.0430737,0.0203703,0.000747384,-0.596019,0.0599443,0.606068,-0.0608521,-0.0346513,-0.0213675,-0.186193,0.0783619,-2.84427],[-0.000731352,0.00156425,0.0186761,-0.00216321,0.137497,0.195609,0.0665621,0.0148637,-0.000583721,0.0497586,0.00689804,-0.00248098,3.90353e-05,0.059979,-0.029971,-0.0608521,0.0444028,0.0138565,0.0164292,0.0967326,-0.00247493,1.3794],[-0.0017716,0.00991193,0.0966793,-0.0158588,-0.0469974,0.0543371,0.0270057,0.0201936,-0.00124993,0.0204185,0.00978042,-0.00216374,-0.000222531,0.036612,-0.00852179,-0.0346513,0.0138565,0.0321417,0.0262113,-0.0487548,0.00812827,0.691606],[0.0192406,0.00703754,0.218434,-7.66509e-08,-0.0158923,0.104608,0.0288944,0.0140175,-9.74877e-06,0.0109083,0.0183946,-0.000438803,-2.89606e-05,0.0257887,-0.0126622,-0.0213675,0.0164292,0.0262113,0.0427189,0.105313,0.0194105,1.04852],[0.360741,0.0167641,1.15428,0.0537164,0.492541,1.47449,0.201063,0.34791,0.0260085,-1.1222,-0.138348,0.0365809,0.00202222,0.663096,0.0437274,-0.186193,0.0967326,-0.0487548,0.105313,13.1092,-0.185595,9.36853],[-0.0103605,0.0282751,-0.0120144,-0.00779117,-0.0721917,-0.0676007,0.00826064,-0.0144197,-0.0020174,-0.0437842,0.021761,1.45543e-05,0.000334551,-0.0898031,-0.00489105,0.0783619,-0.00247493,0.00812827,0.0194105,-0.185595,0.0463481,-0.104087],[1.04779,-0.358415,8.55833,-0.810981,3.19302,8.16581,2.71454,1.21921,-0.0965153,1.97995,0.390837,-0.106281,-0.00199209,3.27398,-0.736712,-2.84427,1.3794,0.691606,1.04852,9.36853,-0.104087,92.832]],"n":22,"lags":3}