{"betahat":[[1.03364,0.895743,7.90139,0.930121,1.63704,4.09367,0.111432,0.369937,-0.0329566,0.00231839,4.12065,0.150413,0.0595472,3.20575,1.36189,1.30477,-0.0906925],[0.98736,0.032317,1.42908,0.0957883,0.345524,0.673893,-0.145208,-0.231517,0.0201709,-0.000915044,-0.777974,-0.0126332,-0.0246771,0.102707,-0.0422145,-0.308047,0.0338531],[-0.0377326,0.994293,-0.765583,-0.0832244,-0.207373,-0.513242,0.117227,-0.0112895,-0.0179495,-0.0006774,0.207073,0.0375572,0.018398,-0.0396931,-0.173911,0.0369826,0.0147486],[0.0091165,0.0100844,0.776883,0.0211688,-0.030967,-0.00860002,-0.0365647,-0.00281342,-0.000969541,-0.000270537,-0.247218,-0.0031822,-0.00396155,-0.00370113,-0.00124728,-0.0697333,-0.000280798],[0.00903929,0.160883,-0.630623,0.749022,-0.401776,-0.479615,-0.0672253,0.17763,0.00194201,4.55997e-05,0.351713,-0.00927602,0.00430593,-0.133864,0.0539151,0.0131972,0.0167633],[0.0319476,0.0487324,-0.25858,-0.0299076,1.04744,0.210451,0.0352151,-0.0290661,0.000180555,0.000323185,0.371138,-0.0136452,-0.00749521,0.191534,0.00150812,0.115245,0.0166305],[0.0117776,0.0221123,0.389724,-0.0106781,0.160532,0.994332,0.0667219,0.0321216,0.00104093,-0.000232474,0.384671,-0.00426104,-0.0060911,-0.0532625,0.0465161,0.104491,-0.00890979],[-0.0628466,-0.0630159,-0.152596,-0.0186388,-0.13623,-0.440922,0.998377,-0.0450796,0.0308966,-0.000208765,0.577037,0.040791,0.0302964,-0.108527,-0.194034,-0.0711138,0.0343414],[0.0332338,0.125068,-0.329515,-0.0952318,0.852011,0.438617,0.0867364,0.731346,0.00723686,0.00157536,-0.114431,0.0193528,0.0203761,-0.857664,0.0770685,0.201961,0.0468199],[0.333491,0.223003,4.3077,0.0039236,-0.529873,0.196368,-1.23285,-0.31048,1.23731,-0.00337363,1.31631,-0.0842546,-0.070741,0.0212212,0.0440414,-1.947,0.303392],[-3.17857,-2.67316,46.3543,-7.27667,10.3532,-1.37825,0.673906,7.34266,0.945228,0.730181,-63.4245,2.33375,1.88711,-40.3646,1.9386,-5.55287,0.599747],[0.00641426,-0.00573162,0.0949773,0.00756861,0.0119232,0.00599979,-0.00180203,0.00358571,-0.00232443,-8.85558e-05,0.982667,-4.57071e-05,-0.000248275,-0.0218075,-0.00890962,-0.0153167,-0.000511403],[-0.0397004,-0.716616,-2.2995,-0.0239216,-0.537894,-1.20517,0.420155,0.215987,0.110544,0.0137066,0.542114,0.931757,-0.0527316,0.00272176,0.234311,0.218774,0.101365],[0.072031,0.492774,6.91617,0.0377757,0.184395,1.80552,0.0630422,-0.402946,-0.00241387,-0.00298763,-5.96815,0.0430794,1.13444,-1.10236,0.113568,0.258456,-0.000610617],[0.0116063,0.00985775,-0.237812,0.0362132,-0.0769035,0.0374565,-0.0159393,-0.0134944,0.00210328,0.0010301,0.0941627,0.0155819,0.00656445,1.14784,0.0299523,-0.00370471,-0.000309026],[0.0392298,-0.0517322,0.97668,-0.0392492,0.223918,-0.365613,-0.106932,-0.0101914,0.00300958,-0.00141914,-0.590941,-0.00531691,-0.00108111,-0.41604,0.405079,-0.099462,0.00498057],[-0.0399716,-0.0546369,-0.213266,-0.0360155,-0.155323,0.168425,0.244592,0.0254893,0.00650972,-0.000402242,-0.18822,-0.0034074,0.00800648,-0.112792,0.0330522,0.439225,-0.00459226],[-0.758403,-0.396149,-2.93986,-0.19055,0.0406365,-0.381352,1.07539,0.226079,0.0891112,0.00164443,1.925,0.15097,0.0900429,0.331518,-0.0152845,2.2724,0.999036],[0.0864265,0.010989,-1.07224,-0.0445481,0.17378,-0.673272,0.122246,0.036041,-0.0276241,0.000493867,0.263162,-0.025156,-0.00518192,-0.31706,0.0497841,0.0628201,-0.0542939],[0.0231787,0.0508178,0.270451,0.0916881,0.237072,0.0765524,-0.139131,-0.0920973,0.0111835,0.00117942,-1.03779,-0.0348257,-0.00838831,-0.272199,0.0388909,-0.0875276,-0.0102421],[-0.00449479,-0.00831396,0.0285845,-0.0136733,-0.000489866,-0.0455082,0.025829,-0.000970328,0.00077457,0.000214998,0.240778,-0.000755954,-0.00279507,0.0633399,0.0116411,0.0417112,-7.81467e-05],[-0.0830165,-0.100435,0.255539,0.207588,0.135106,0.283209,0.0331149,-0.183002,-0.0144678,-0.000263841,-0.518584,-0.0280846,-0.0219573,-0.047183,0.103857,-0.194843,-0.0149502],[-0.0384922,-0.0435977,0.0829199,0.00823089,0.0284802,-0.0434332,0.0171069,0.0175235,-7.81613e-07,-6.60572e-05,0.0068428,0.0199294,0.0143255,-0.0762902,0.011988,0.00299186,-0.0161686],[0.00192395,-0.0249662,-0.447039,0.0272527,-0.0182346,-0.011349,-0.0383016,-0.0109963,0.00167918,0.000295969,-0.368634,-0.00168042,0.000668283,0.0369423,0.0153724,-0.117077,0.00309517],[0.0322481,0.0778828,0.0123629,-0.0533862,0.0351943,0.327641,-0.104208,-0.00129887,-0.0135781,0.000180032,-0.37186,-0.000808565,-0.00674974,0.185677,0.0935524,-0.0168828,-0.013735],[-0.0382845,-0.0631358,-1.36305,0.028894,-0.218537,-0.235969,-0.0813777,0.101797,0.00182393,0.000431515,0.294792,-0.0529336,-0.0581138,0.737203,-0.0282947,-0.430586,-0.0386104],[-0.116787,-0.00822671,-1.54603,-0.0918228,-0.324473,-0.205174,0.878006,0.250978,-0.193569,-0.00316312,0.077203,0.0408253,0.0605587,-0.814032,-0.479356,1.17056,-0.152974],[-2.40622,-1.2285,-78.9923,-1.34653,-19.9047,-31.1042,-2.37165,-4.38682,-0.346614,0.100381,113.678,0.125965,-0.492195,57.8134,6.63321,7.84235,-0.609922],[-0.00447639,0.00549135,-0.00714507,-0.0087035,-0.0026297,0.0325688,0.00429034,-0.0010176,0.00108284,-9.08013e-07,0.0496584,0.00201843,0.00125864,0.0248192,0.00850182,0.0240711,0.000606413],[0.0554327,0.403389,-0.57345,-0.22072,0.907365,0.819245,-0.0633783,-0.122345,-0.0472761,-0.00364759,-2.03905,-0.0124582,0.00460608,-0.700207,-0.440941,-0.239735,-0.0547006],[0.00545021,-0.554794,-4.84903,-0.0541109,0.520727,-0.718,-0.126133,0.125379,0.0599193,0.00832017,2.96817,-0.105276,-0.160145,0.697016,-0.331895,-0.531902,0.0176477],[-0.0114998,0.00552105,0.129091,-0.0191766,0.0406765,-0.0739086,0.0150076,-0.00153962,-0.00395086,-0.000408031,-0.0218813,-0.01361,-0.00417014,-0.15018,-0.0203336,-0.0368061,-0.00106996],[-0.00286348,0.0625052,-0.715913,-0.192655,0.130351,0.304051,0.0993439,0.02912,-0.0111409,0.000881409,0.959035,-0.0139124,-0.000935064,0.0598897,0.146595,0.179253,0.00442635],[-0.0595038,0.0173045,-0.214937,-0.0141328,-0.13922,-0.38255,-0.0116309,-0.0399141,0.0136533,7.11883e-05,-0.47734,-0.00200707,0.00642936,-0.213628,-0.0398214,0.161513,0.0111683],[0.671883,0.213116,0.435989,0.131149,-0.589402,-0.823474,-0.0435447,0.00557828,-0.0571511,-0.00163513,1.39367,-0.141057,-0.0992789,0.286484,0.613616,-1.21875,-0.00178954],[-0.0738216,-0.0433268,-0.356937,-0.0512256,-0.519363,-0.000670944,0.0229792,0.195508,0.00745004,0.000421131,0.515075,0.0377883,0.0298542,0.214487,-0.00758358,0.245282,0.0204405],[0.0145111,-0.0451462,0.49499,-0.0084383,-0.0297632,0.43662,0.0219306,0.103437,0.00676232,-0.000501941,0.831091,-0.00272955,-0.010014,0.312094,0.135015,0.050635,-0.0045065],[-0.00472029,-0.00175845,0.193638,-0.00741252,0.0313092,0.0539039,0.0107829,0.00385808,0.000177841,5.50225e-05,0.00733078,0.00393229,0.00673751,-0.0591052,-0.0104038,0.0282119,0.000353692],[0.0739382,-0.0604711,0.374955,0.0433921,0.266621,0.196345,0.0341389,0.00541193,0.0125234,0.000218247,0.167198,0.0373612,0.0176463,0.181225,-0.157779,0.181721,-0.00181175],[0.00648363,-0.00514011,0.175465,0.0217032,-0.0761195,-0.16721,-0.052286,0.0115779,-0.00018605,-0.000257389,-0.377525,-0.00628048,-0.00683342,-0.115028,-0.0135286,-0.118141,-0.000460711],[-0.013771,0.00285079,0.0570218,-0.0165331,-0.142475,0.0167829,-0.0283769,-0.0210804,-0.0027281,-6.37246e-05,-0.0154669,0.0059458,0.00541816,0.0166217,-0.061908,0.0127095,0.00581537],[0.0305091,-0.0149014,0.139866,0.0720999,0.100834,0.11303,0.105864,0.0464544,-0.0173229,2.90289e-05,-0.204297,-0.0399769,-0.0235554,-0.0765405,0.100487,0.0881622,-0.0205997],[0.0267284,-0.056363,1.74899,0.0502301,-0.546665,-0.125624,-0.00241161,0.143302,-0.00600279,-0.00193376,-0.247973,0.0319666,0.038006,0.0625324,-0.0413448,0.215606,-0.00676191],[-0.224991,-0.180697,-1.7504,0.106252,1.04307,0.431785,0.282706,-0.0161791,-0.109116,0.0030804,-1.06633,0.0291167,0.00538449,0.789516,0.235677,0.634439,-0.149679],[5.58478,3.90163,32.638,8.62318,9.55142,32.4825,1.69774,-2.95584,-0.598614,0.169437,-50.2534,-2.45972,-1.39493,-17.4488,-8.57184,-2.28955,0.010175],[-0.00199146,0.000519735,-0.0888144,0.00106391,-0.00929246,-0.038734,-0.00262448,-0.00289013,0.00124506,8.81447e-05,-0.0378145,-0.00205242,-0.00102232,-0.00387945,3.58215e-05,-0.00898183,-6.76378e-05],[0.0266573,0.255506,2.77127,0.251082,-0.325584,0.307678,-0.424179,-0.12331,-0.051045,-0.0093014,0.446549,0.0434521,0.0290016,0.46791,0.192971,-0.160948,-0.0431961],[-0.0571209,0.040103,-2.03335,0.0116778,-0.678623,-1.07219,0.0339409,0.258211,-0.051595,-0.00510793,2.66513,0.0498307,0.013571,0.306269,0.215159,0.169495,-0.015995],[-0.000299029,-0.0154279,0.10766,-0.0167847,0.0359202,0.0359847,0.00104737,0.0152489,0.00181628,-0.000622118,-0.0709936,-0.00195445,-0.00237948,0.00314313,-0.0095963,0.0411404,0.00138073],[0.0294573,0.0447733,-0.406808,0.107337,-0.26071,0.0230959,0.0809045,-0.0660441,-0.0107118,-0.00105019,0.0784366,0.0162511,0.0190039,-0.37305,0.010674,0.120022,-0.00624576],[0.0020104,-0.00150422,-0.0964696,0.0239842,0.200319,0.089684,0.0102726,0.0135816,0.00321151,-0.000297121,-0.0759883,0.00257331,-0.00996173,0.134486,0.00570804,0.00750563,0.00935571],[-0.0331382,0.051723,1.56423,0.0103997,0.270073,0.683213,-0.91967,-0.186171,-0.0452411,0.000234914,-3.91682,0.00361451,0.017551,-0.327868,-0.520068,-0.95478,-0.0334932]],"sigmahat":[[0.389041,0.15637,0.856795,0.0709777,0.612363,0.590272,-0.0700505,-0.0961619,0.000385251,-0.000423269,0.00653596,0.000370444,0.00363018,0.0916882,0.183959,-0.0362922,0.00871714],[0.15637,0.548597,-0.852602,-0.0460982,0.0821503,0.165826,-0.035268,-0.146901,-0.0163278,-0.00156034,0.143762,0.0231062,0.028174,0.193685,0.145981,-0.0570106,0.0103874],[0.856795,-0.852602,38.8739,0.62694,2.70426,6.99257,-0.133813,0.225209,0.011114,-0.0032674,7.14421,0.20818,0.187306,0.346324,-0.209026,2.27754,0.0213008],[0.0709777,-0.0460982,0.62694,0.706773,0.344032,0.51413,-0.127614,0.0174202,-0.012976,0.000621969,-1.57561,-0.0253998,-0.0226416,0.144282,0.162064,0.0226211,-0.00466992],[0.612363,0.0821503,2.70426,0.344032,5.44545,4.18816,0.203226,-0.184451,0.00466121,0.0024912,4.06394,0.00215752,-0.0410866,1.72346,0.879508,1.36232,-0.0189099],[0.590272,0.165826,6.99257,0.51413,4.18816,7.13,0.0186159,0.0695317,-0.0108671,0.000705864,5.40468,0.0673249,0.00890316,2.21845,0.889522,1.62933,0.00577209],[-0.0700505,-0.035268,-0.133813,-0.127614,0.203226,0.0186159,0.653617,0.0971916,-0.010496,-0.000502311,3.26905,0.0386089,0.0283932,0.0568708,0.0731772,0.824084,-0.0161672],[-0.0961619,-0.146901,0.225209,0.0174202,-0.184451,0.0695317,0.0971916,0.41738,-0.00845799,-0.0008648,1.01628,0.0172981,-0.000649264,0.350394,0.00691649,0.331106,-0.0118861],[0.000385251,-0.0163278,0.011114,-0.012976,0.00466121,-0.0108671,-0.010496,-0.00845799,0.0102836,0.000302186,0.00182353,-0.000213774,-0.000988102,0.015448,-0.00238124,-0.022277,0.00710773],[-0.000423269,-0.00156034,-0.0032674,0.000621969,0.0024912,0.000705864,-0.000502311,-0.0008648,0.000302186,9.56805e-05,0.00098002,-2.88423e-05,4.92696e-05,0.00365581,0.000354094,-0.00191483,0.000258549],[0.00653596,0.143762,7.14421,-1.57561,4.06394,5.40468,3.26905,1.01628,0.00182353,0.00098002,86.8819,1.06012,0.357779,13.2482,1.61349,8.12401,0.0421899],[0.000370444,0.0231062,0.20818,-0.0253998,0.00215752,0.0673249,0.0386089,0.0172981,-0.000213774,-2.88423e-05,1.06012,0.0513867,0.0358429,0.176846,0.0424101,0.146185,0.00246611],[0.00363018,0.028174,0.187306,-0.0226416,-0.0410866,0.00890316,0.0283932,-0.000649264,-0.000988102,4.92696e-05,0.357779,0.0358429,0.0434691,-0.128144,0.00162583,0.0953747,0.00288024],[0.0916882,0.193685,0.346324,0.144282,1.72346,2.21845,0.0568708,0.350394,0.015448,0.00365581,13.2482,0.176846,-0.128144,9.252,1.6939,1.10413,-0.00641818],[0.183959,0.145981,-0.209026,0.162064,0.879508,0.889522,0.0731772,0.00691649,-0.00238124,0.000354094,1.61349,0.0424101,0.00162583,1.6939,1.26879,0.118209,-0.0244067],[-0.0362922,-0.0570106,2.27754,0.0226211,1.36232,1.62933,0.824084,0.331106,-0.022277,-0.00191483,8.12401,0.146185,0.0953747,1.10413,0.118209,3.24381,-0.00419629],[0.00871714,0.0103874,0.0213008,-0.00466992,-0.0189099,0.00577209,-0.0161672,-0.0118861,0.00710773,0.000258549,0.0421899,0.00246611,0.00288024,-0.00641818,-0.0244067,-0.00419629,0.0162287]],"n":17,"lags":3}