{"betahat":[[-0.0201907,-0.00845444,-0.527038,0.0578058,-0.157458,-0.12949,0.00273454,-0.213268,1.07241,0.262846,-0.00482309,-0.0019573,-0.0498496,0.00578347,-0.000983986,0.452908,0.690769,0.117191,-0.0240214,-0.0118771,0.150075,0.358135,0.0164555],[0.11849,0.0684383,0.507399,0.0495658,0.331382,0.452171,-0.107723,-0.0713106,0.0608567,0.0177965,-0.00702795,-0.00738907,-0.01007,-0.00341722,-0.00786247,0.0309278,0.035177,-0.0626269,-0.0942898,0.0149784,0.187338,-0.321781,-0.0165151],[0.0863609,0.104388,0.372333,0.0278683,0.309506,0.423047,0.0573099,-0.0657481,0.0746647,-0.107036,-0.00645288,-0.0142089,-0.00513124,-0.0138714,-0.000919685,0.0100216,0.0546898,-0.0653447,-0.0822284,0.0109976,0.265049,-0.140515,-0.0244866],[0.00208482,-0.00401706,0.0445394,0.00220546,0.00189754,0.0164705,-0.0133838,-0.000753949,0.00668112,0.00913241,-0.000614978,0.0005801,0.00187745,0.000734172,-3.76751e-05,0.0021607,-0.000806882,-6.81115e-05,-0.00142217,0.00237458,0.0175865,0.0149317,0.00196455],[-0.00202317,-0.0132241,0.183946,-0.0254284,-0.126164,-0.0995554,-0.0916873,0.0502792,0.366149,0.00573266,-0.00167315,0.00624707,0.00768928,0.00518049,-0.00579434,0.00462779,0.0314509,-0.00162466,0.0467106,-0.00394797,0.065462,-0.0638553,0.00740071],[0.013706,0.0119573,-0.00746579,-0.0196835,0.0678733,0.0853493,-0.00303303,0.00407872,0.0438229,-0.0105085,-0.000114813,-0.00429285,-0.00188073,-0.00284704,-0.000217171,0.0136675,0.0303254,-0.0165513,-0.0478299,-0.00368452,-0.0491951,0.00663477,0.000837139],[0.00476548,-0.00198673,0.184711,-0.0075848,0.0239838,0.0619121,0.00204107,0.00643892,0.0130396,-0.00927428,0.00128658,-0.000792687,0.00825509,0.000436068,0.00265994,0.0118235,0.0203579,-0.00838616,-0.0316113,-0.00275196,-0.0281439,-0.00142725,0.00126112],[-0.0364239,-0.0694344,0.243156,0.00178046,-0.131237,-0.0581311,0.144255,-0.00902911,-0.323165,-0.0640699,0.0122308,0.00743373,0.0137074,0.0173201,0.0165828,-0.0461796,0.000239369,-0.0293873,-0.00119447,0.00755328,0.0701199,-0.102759,0.0109672],[-0.0128558,-0.0360613,0.0808862,-0.0566905,-0.0213461,-0.0660047,0.0129085,0.324481,-0.973944,-0.271148,0.0071051,0.0122949,0.0316576,0.0156282,0.00750633,-0.0172735,0.109022,0.0789974,0.0376632,0.00534732,0.155298,0.11377,0.00267686],[0.00316516,0.00766569,-0.0152877,-0.00695827,0.0173102,0.00223715,-0.00457957,-0.0305559,0.249812,0.0426388,0.000113434,-0.00130816,-0.00136181,-0.00108045,-0.00203662,0.0178675,0.012337,-0.00800587,-0.00517271,-0.000806146,-0.0250533,0.0284684,-0.00193703],[-0.00542416,-0.00189038,0.0516609,0.0139404,-0.012869,0.015391,-0.0247417,-0.000778474,0.158201,0.102651,-0.00110771,0.00157395,-0.000415123,0.00134287,0.000616007,0.0210285,-0.0182364,0.0133471,0.0157509,0.000940343,-0.0176085,0.0918945,0.00170576],[-0.211474,-0.138484,-0.15012,-0.272466,0.0333486,-0.0895243,0.0341178,0.18342,-1.01769,-0.109542,0.0438359,0.0914623,0.0816813,0.0818303,0.0378944,0.0423926,0.0644953,-0.0445288,-0.247483,0.000934614,-0.587727,0.214089,0.0973927],[0.00623523,-0.00245064,0.104929,0.0275825,-0.276151,-0.318352,-0.260058,0.187148,-0.106445,0.385096,0.00293304,0.105068,-0.0191455,0.0895839,-0.0152813,-0.0163195,-0.117125,-0.057805,0.0158585,0.0294183,-0.0895764,-0.355678,0.117949],[-0.0685481,-0.0192995,-0.492659,-0.0982946,-0.0880693,-0.22626,0.042196,0.00935859,-0.380914,-0.0808894,0.0087981,0.00101584,0.041495,0.00730946,0.00335222,0.0304575,0.0165322,0.010114,-0.0820458,-0.00249302,0.0609621,0.108205,0.00340996],[-0.0206891,-0.0841067,0.283048,-0.0252772,-0.288711,-0.379343,-0.302606,0.137312,-0.486226,0.445488,0.00374111,0.119357,-0.0388649,0.112817,-0.0121043,-0.0323224,-0.101679,-0.0966859,-0.00352638,0.0473711,-0.0355445,-0.436852,0.133125],[0.00186039,-0.0914157,0.601073,0.0227209,-0.0805905,0.128115,0.0584684,0.0843095,-0.537381,0.132525,0.00452373,0.0236661,0.037809,0.029948,0.032758,-0.0197299,-0.0275015,-0.00474696,-0.0553457,-0.0106499,-0.083128,0.0816784,0.017666],[0.0295373,0.0323388,-0.275876,-0.0511322,0.173277,-0.134049,0.0926703,-0.0949878,0.83541,0.331168,0.00143669,-0.0044591,0.00628242,-0.000847196,-0.00180808,0.593693,0.116712,-0.0411297,-0.029717,0.000334833,-0.0496458,0.373616,0.00487152],[-0.000539919,-0.0018506,0.0785642,0.00551543,-0.0056648,0.0841792,0.0348575,0.0345649,0.300606,-0.146043,0.00414952,0.0030423,0.0172711,0.00393457,0.00558905,0.0150317,0.651526,0.0171555,-0.00208199,0.000156559,0.133545,0.567502,0.000751191],[-0.0583149,0.0324227,-0.615703,-0.0625202,0.0341734,0.0546395,0.0291151,0.176383,-0.299276,0.0803817,-0.00377461,-0.0244352,0.0126569,-0.0222824,-0.0168286,-0.0315974,-0.079192,0.297686,0.0892128,-0.0238695,-0.131686,0.927202,-0.0343802],[0.0170271,-0.010979,0.0683668,0.150152,-0.145002,0.0814209,-0.10591,0.197232,0.254025,0.226214,-0.0105865,-0.0094635,-0.0803998,-0.0265694,-0.0149072,-0.0391526,0.00483532,0.160589,0.535134,-0.0103524,-0.0603906,0.319783,0.000263551],[0.0557514,-0.00568916,0.178815,0.081919,0.0511014,0.0947292,-0.0772623,0.0163827,-0.107219,0.0160811,-0.00320945,0.0146591,-0.0142545,0.00898878,0.000369749,-0.0140812,-0.00157034,-0.0132999,-0.00884964,-0.0150395,-0.18499,-0.0123538,0.012577],[-0.00112171,-0.00530421,0.151316,0.00632809,0.0281356,0.0310381,0.00654078,0.00342795,-0.0490829,-0.0399438,0.00121646,0.0025498,0.00422573,0.0017524,0.00150168,-0.0060478,0.0111564,-0.0111354,-0.00948824,-0.00117442,-0.0905696,-0.0273603,0.00372503],[-0.0106057,-0.018591,0.00698826,-0.0010915,-0.0140866,-0.00934081,-0.000188355,0.0171387,-0.0087444,0.0473238,0.000669147,0.000206019,0.00359152,0.0002933,0.00299703,0.0208404,0.0131152,0.0231347,0.00818785,-0.000222489,0.0114629,0.241183,-0.00173414],[0.0110782,0.00420833,0.0651088,0.0213043,-0.0285427,0.0989217,-0.0259076,0.0354225,-0.0197302,0.0579033,5.84904e-05,0.0191822,-0.0183482,0.0156726,-0.00397854,-0.00691207,-0.0108218,-0.0150574,-0.00697582,0.00807726,0.0801584,-0.0962114,0.00945761],[-0.0050316,0.000242918,-0.156371,0.00450247,0.0405489,-0.0495614,-0.00034112,0.00264161,-0.103947,-0.0455753,-0.000522123,-0.00725661,-0.00117363,-0.00649826,-0.00675113,0.010483,0.0235719,0.00521649,-0.0109923,0.000673723,-0.0156892,-0.0534435,-0.00805969],[0.00747529,0.00196676,0.0818634,0.0271744,0.0822153,0.0470946,0.0158419,-0.0219572,-0.0151374,-0.0404304,0.000673653,-0.00406088,-0.000838951,-0.00277371,-0.000463755,-0.00260274,0.0187439,-0.0225304,-0.0123263,-0.00235098,-0.014083,0.0190248,-0.00131815],[0.000752822,7.6092e-05,-0.0282163,0.000516518,0.000922145,-0.00862887,-0.00344437,-0.00108506,-0.00424831,-0.000983537,-6.32187e-05,0.000203716,-0.000172363,0.000154048,-0.000661182,0.000835047,-0.000383756,-0.000677317,-0.00234599,0.000258688,0.00502083,-0.00197452,-0.000213708],[-0.012481,0.000463754,-0.00964876,-0.0114495,-0.0163617,-0.0423684,-0.0179606,-0.0157048,0.0613727,0.00262065,0.000230989,-0.000663431,-0.00241537,-0.00148696,-0.00549675,0.0126416,-0.00457969,-0.00676462,0.00879459,0.000957614,0.0130435,-0.0106788,-0.00283412],[-0.00575657,-0.00202886,-0.00995254,-0.00250238,-0.00871541,0.00639297,0.00697496,0.00652717,0.00136952,-0.0105146,0.000421746,-0.00156694,0.00297617,-0.000835069,0.00225641,0.00301326,0.00411042,-0.000922952,-0.0121207,0.000455832,0.00630878,0.00719602,-0.00353685],[0.00150422,-0.000536773,-0.0313011,0.00335079,0.0131563,-0.0157846,-0.00403286,-0.000348481,0.00742582,-0.00382257,4.24572e-06,-0.000278494,0.000125379,-1.30316e-05,-0.000827291,0.00503928,-0.000525371,-0.00406367,-0.00764426,-0.000146192,-0.00776794,0.00384481,-0.00202269],[-0.014313,-0.00944944,0.0394785,-0.00080389,-0.0496066,0.008112,-0.0237672,-0.00142559,-0.0339117,0.0191556,0.000985384,0.00719308,0.00249312,0.00830814,0.00591213,-0.0105634,-0.0219197,-0.0146397,0.00310972,0.0033895,-0.00719862,-0.0527421,0.00725034],[0.00805563,0.00649004,-0.0488966,-0.0214578,0.0620144,0.00243944,0.000238159,0.068574,-0.292645,-0.106476,0.000253473,0.00295656,0.00168264,0.00480148,-0.00142983,-0.00478573,0.0106096,0.00417796,-0.0145777,0.0024057,0.0843181,-0.0251196,0.00809002],[0.000291359,0.000574558,0.00162789,-0.000365847,0.00370155,-5.73808e-05,-0.000807742,-0.00621272,0.0507486,0.0114601,0.000193261,-0.000175997,-0.000306473,-0.000148588,-0.000215353,0.0039379,0.00288241,-0.00108705,5.81558e-05,-0.000408154,-0.00604409,0.0156304,-0.000262865],[0.000457784,-0.00160126,-0.0028281,0.0028371,-0.00605988,-0.0064976,-0.0033096,-0.00133182,0.0367654,0.0189672,-0.000133954,2.65606e-05,0.000166373,-3.0164e-05,-0.000501516,0.00684307,-0.00410131,0.00309477,0.00420313,-0.000174766,-0.00510226,0.0240258,2.53387e-05],[-0.00217186,-0.0199327,0.216396,0.01526,-0.0700049,0.0153114,0.0143492,0.0299749,-0.24741,0.0253359,0.00161183,0.0223032,-0.00104089,0.0187882,0.00509138,-0.021709,0.0105756,-0.0108819,-0.045224,-0.00366335,0.179204,0.0490628,0.0186344],[0.0129246,0.0069775,0.117221,0.016172,-0.0535818,-0.0356837,-0.0510814,0.0123811,-0.128406,0.0633594,-0.00248462,0.0112949,-0.00787758,0.00721972,-0.00816416,-0.00112177,-0.0208243,0.00697502,0.0138313,0.0101917,0.0477077,-0.0916713,0.0154171],[-0.01711,-0.0116013,-0.172073,-0.0178491,-0.0115934,-0.0707613,0.00656337,0.0010743,-0.10146,0.0245581,0.00106536,0.00374556,0.000144917,0.00380328,-0.00239161,0.00828245,-0.00197111,0.00275054,0.0070445,0.000940313,0.0256055,0.0297167,0.00450582],[0.02777,0.014696,0.156347,0.024264,-0.0662317,-0.0177646,-0.0608094,0.0296291,-0.0872319,0.0722557,-0.00351354,0.0152023,-0.0148355,0.0113628,-0.00884911,-0.00364921,-0.0158706,0.00965392,0.0194492,0.0107843,0.100049,-0.070779,0.0195798],[-0.00471105,-0.0145741,0.0624746,-0.0077634,0.0122473,-0.021369,-0.00714337,0.0245561,-0.0739464,0.0545825,0.000694495,0.00724579,0.00362081,0.0090916,-0.000250397,-0.00740096,-0.0154514,0.000540106,-0.000248626,0.00404292,0.0421691,-0.0457498,0.00560543],[0.00200438,0.00125851,-0.0314804,-0.00157122,-0.0297694,0.0597433,0.019367,-0.0209193,0.102306,0.0802403,-0.00172706,0.000301069,-0.00121628,0.00155908,-0.00136566,0.111334,0.0301714,-0.00846512,0.0300168,0.000152977,-0.010453,0.0046669,0.00367141],[0.00108701,0.00933061,0.0772657,-0.00848316,-0.0170155,-0.0437682,-0.0311312,-0.0154636,0.000288343,0.0076507,-0.00114611,0.0032163,0.000846409,0.00268351,0.00164269,-0.00991246,0.151007,0.0148582,0.0138727,0.00697501,0.0356495,0.134645,0.00442678],[0.0284934,0.0585493,0.16107,-0.0162013,0.145508,0.0908063,0.00812104,0.00622479,-0.0647202,-0.0232406,-0.00120101,-0.00399708,-0.000131519,0.000579943,0.00193401,0.00931899,-0.025723,0.0180677,-0.0237051,-0.00595142,-0.0573403,0.133601,0.00446899],[0.00711563,0.0129058,0.0329181,0.0126556,0.0445088,0.0600943,-0.0269622,0.0493619,0.200797,0.0372721,-0.000293312,-0.00289615,-0.00908596,-0.00488044,3.554e-05,0.0261751,0.0199151,0.0197656,0.0697745,-0.00642717,-0.0789022,0.0888105,-0.00223265],[0.000763526,0.00023556,-0.054241,-0.000686322,-0.0383143,-0.0310103,0.0055823,0.00527659,-0.0517804,0.00765496,-0.000136519,0.000207181,-0.000590754,-6.31978e-05,0.000980596,-0.00743649,0.00300288,0.0092233,0.0134768,-0.000738505,-0.0139707,-0.0041052,0.000311213],[0.00103756,0.000852076,-0.0452107,-0.00123293,-0.0045455,-0.0091754,0.000342274,0.000368883,-0.0193731,-0.0151885,0.000458449,0.00156817,-0.000429041,0.0015209,-0.000417508,-0.0017753,0.0027013,-0.00407606,-0.00334709,0.000254462,-0.00181394,-0.0148392,0.00182531],[-0.00305172,-0.00724025,-0.0129215,-0.000660395,-0.00894351,-0.0114961,0.00144141,0.00490296,-0.0131597,0.0125534,0.000175033,0.00021245,0.000738368,0.000407322,0.000961209,0.00549155,0.00128767,0.00552505,0.00198738,0.000387382,0.000258465,0.0482387,-0.000558557],[0.00521304,-0.00213342,-0.0387851,0.00976477,-0.0109428,-0.0467351,-0.0200738,0.00237957,0.0123175,0.0118069,-0.000683138,0.00166294,-0.00155838,0.000449155,-0.00137794,0.000662454,-0.0122512,0.00550917,0.00520874,0.00116743,-0.0549346,-0.0297253,0.000834703],[-0.00973779,-0.0179532,-0.0436566,0.000255253,-0.0361611,-0.0496667,-4.17104e-05,0.0214626,-0.0952542,0.00176341,0.00105289,-0.00295544,0.00535141,-0.00268904,0.000445382,-0.00133851,0.017036,0.0160444,0.00559444,-0.000714261,0.0052303,0.0267274,-0.00397695],[-0.00639243,-0.0171136,-0.00505814,0.0110942,-0.0022813,-0.00548035,0.00441912,0.00315168,-0.0670445,0.0150842,0.000269801,-0.00217958,0.00395182,-0.0015764,0.00297936,-0.000329785,0.00774882,0.00727866,0.0106593,-0.000641703,-0.00919565,0.0742391,-0.00198079],[0.000110298,-0.00015779,-0.0124712,0.000126812,0.00203468,-0.00279064,-0.00152911,2.56897e-05,-0.00390778,-0.00140576,-3.14659e-05,-6.2607e-05,8.45996e-05,-8.71237e-05,-0.00017816,0.000102859,0.00010895,-3.10852e-05,4.28462e-05,3.60936e-05,-0.00180073,0.00167378,-0.000490814],[-0.00282139,-0.00359513,-0.0604218,-0.0150254,0.0220019,-0.0384135,-0.00767992,-0.00452862,0.0424216,-0.0126758,-0.000173619,-0.00144199,-0.00212493,-0.00187216,-0.00171921,0.00586333,0.00852215,0.000598395,0.00158959,-0.000778552,-0.0195021,-0.00374467,0.00197686],[0.000977004,-0.00309438,0.0161632,0.00230704,-0.00261721,-0.00534376,0.000530017,0.00202418,-0.0175105,-0.00433099,-3.61047e-06,-0.000536699,0.00191721,-0.000232463,0.00038157,0.000985895,0.00387354,0.00178554,-0.000861195,-0.000331895,-0.00422246,0.0128011,-0.00143488],[-2.14768e-05,-0.0011531,-0.0138182,-0.0015901,0.00494883,-0.0130945,-0.00587137,-0.00151137,-0.00886961,0.00171062,-0.000197785,0.000125021,0.000384566,8.41836e-05,-0.000222833,0.00221099,0.001466,0.000831409,0.000102595,0.000170409,-0.00473901,0.00993531,-0.000239309],[-0.00248723,-0.00763034,0.024572,0.00477038,-0.010384,-0.0143108,-0.003688,0.00887018,-0.0350639,0.0166934,4.08471e-05,0.00440293,-0.000989166,0.00448828,8.7512e-05,-0.00262362,-0.00671366,-0.00427373,0.00797282,0.000329764,-0.00367073,-0.0244349,0.00367247],[0.0130512,0.00795342,0.0532759,-0.00488646,0.0483221,0.0308065,0.00429081,0.0383471,-0.143752,-0.0582679,-0.000202779,-0.000333199,0.000533074,0.000984445,0.00248113,-0.00436169,0.0151292,-0.0018409,-0.0114431,0.00159915,0.0233572,-0.0195095,0.00200272],[0.000370421,0.000460352,-0.0028488,-0.000137663,0.00163785,0.00181404,-0.00117808,-0.0012231,0.017521,0.00514942,8.74917e-05,-2.00007e-05,-0.000280676,-2.67649e-05,-5.2628e-05,0.00226352,0.00170496,-0.000193642,0.000318384,4.63827e-05,-0.000660026,0.00920746,0.000104282],[-0.000102385,-0.000517357,0.00235635,0.000300443,0.0011013,0.00132025,-0.00202499,-0.00166358,0.0203434,0.00653716,3.0654e-05,1.4898e-05,0.000188782,-8.86488e-05,-0.000211691,0.00300733,-0.00125119,0.000993543,0.000579016,-0.000145465,-0.000877433,0.0105176,-0.000168647],[0.0139816,0.0110637,0.127683,0.0156952,-0.0576816,-0.0366073,-0.00899861,-0.00655485,0.0275515,0.0533524,-0.0033521,0.00732652,-0.0107321,0.00644787,-0.000160509,-0.0271139,-0.00516906,-0.00711036,0.0158079,0.00627221,0.0414924,-0.031628,0.00676928],[0.00507791,-0.000419038,0.0254321,0.00258026,-0.0312872,-0.00203297,-0.00841826,0.00121941,-0.0969011,0.00274744,-0.000844256,-0.00255601,-0.0032002,-0.00386766,-0.00398045,-0.0042925,-0.00284418,0.0238989,0.021152,0.00498399,0.0388581,0.0119635,-0.00404186],[-0.00332754,-0.00300418,0.00279309,0.00541567,-0.0159586,-0.00124186,0.00424253,0.00928721,-0.056294,0.00917045,0.000122017,0.00151997,-0.00250448,0.00115855,-2.15894e-05,-0.00418058,-0.00220505,0.00601189,0.00890961,0.000517165,0.0195086,0.0326212,0.00125358],[0.0111318,-0.0033979,0.177931,0.02376,-0.0214638,0.0279242,-0.0183631,0.0195115,-0.0858156,0.0375202,-0.00130917,0.0039232,-0.00495635,0.00197095,-0.0042977,-0.00712131,-0.0144308,0.0171024,0.0235722,0.00408076,0.0528306,0.0238368,0.00380692],[-0.00185759,0.00320832,-0.00872243,-0.000399778,0.0133187,0.00251189,-0.0047045,0.0140156,-0.0620793,-0.00445618,7.60003e-05,0.00161031,0.000393833,0.00110402,-0.00208541,0.00207328,0.000275768,0.00274653,0.000996654,0.000413319,0.0100315,-0.00782812,0.00484955],[-0.00579941,0.00421539,-0.0120268,0.00376027,-0.0807078,-0.0223534,0.00301815,-0.0134461,-0.00465114,0.0359534,2.61194e-05,0.00272576,-0.00278504,0.00306015,-0.00213887,0.0432143,0.0043062,-0.0141478,0.0264897,0.00144608,0.00944286,-0.0698187,0.00327957],[0.00315829,-0.00206608,0.0687845,0.00778555,0.00309578,0.00670283,-0.0118111,-0.00483421,0.0151894,0.0318022,-0.00114789,0.00283885,-0.0034582,0.0023133,-4.63319e-05,-0.00895034,0.0466766,0.00920382,0.0101719,0.00204583,-0.0109511,0.0683516,0.00348888],[0.0265791,0.0280908,0.0424791,-0.00871821,0.104638,0.0540835,-0.00719883,-0.0132449,-0.0922398,-0.0117918,-0.00142956,-0.000331759,-0.00843054,0.0036405,0.002178,-0.001431,-0.0225074,-0.009092,-0.0333929,0.00522742,-0.0397196,0.0108583,0.00485056],[0.0088835,0.00892476,-0.0141089,0.00390822,0.0672923,0.0206616,-0.00917975,0.0261766,0.116866,0.00211831,0.000146749,-0.000806327,-0.00175489,-0.000566286,0.0016583,0.0212106,0.00836157,-0.00518102,0.0036672,-0.00268161,-0.0578573,0.0234885,-0.00076379],[-0.00468959,-0.00574842,0.00984893,0.0133157,-0.0318868,-0.00524155,-0.000566072,0.00242018,-0.0308709,0.0103549,-3.31214e-05,-0.00164239,0.000878775,-0.00224707,-0.000993232,-0.00139104,-0.00652922,0.0125501,0.0123473,-0.000482208,-0.0147717,0.0233233,-0.00161652],[0.000573887,0.00248151,-0.0229931,-0.0012453,0.00203947,-0.0020934,-0.0018491,-0.00220261,-0.00990318,-0.000887276,0.000344942,0.000283203,-0.000807628,0.000142455,-0.000748984,-0.000438578,-0.0022502,0.00046432,-0.00282488,0.000270778,-0.00422374,0.00270264,0.0010122],[-0.00109664,-0.00232359,-0.00139091,0.000438988,-0.00335326,-0.00340011,-0.00108091,0.00258924,-0.00659601,0.00530999,3.19975e-05,0.000195495,9.16631e-05,0.000258614,0.000437542,0.0017515,-0.000230012,0.00270482,0.00125599,8.70417e-05,-0.00435573,0.0174649,-0.000139596],[-0.00152731,-0.00123183,-0.0265521,0.000197623,-0.0213954,-0.0244475,-0.00512566,-0.00144815,-0.0243256,0.0136054,3.93104e-05,0.000420166,-0.000476579,0.000391411,-0.0015189,0.00020726,-0.00234031,0.00201338,0.00587726,0.00185173,-0.0135541,-0.00892876,-0.000586324]],"sigmahat":[[0.718141,0.671937,1.25552,0.0892485,1.52265,1.40421,-0.00424514,-0.610638,1.49515,-0.00966869,-0.0198198,0.0106044,-0.000961721,0.0192087,-0.036641,0.174733,-0.135648,-0.432803,-0.497661,0.0507833,-0.080796,-0.414225,0.0283374],[0.671937,1.1245,0.863133,-0.0240117,1.70986,1.81879,-0.0195295,-0.742585,2.52892,0.113226,-0.0205589,-0.00880728,0.00123399,-0.0063095,-0.0625338,0.148272,-0.131264,-0.447458,-0.444486,0.0698667,-0.187317,-0.366742,0.0161124],[1.25552,0.863133,32.8613,-0.232283,1.45348,5.53652,0.884953,-1.47648,-4.76556,-0.666047,0.0598719,0.422481,0.745296,0.469403,0.257711,-0.542905,0.755039,-2.0199,-2.33773,0.217568,0.154039,0.0364964,0.496903],[0.0892485,-0.0240117,-0.232283,0.58828,-0.213698,-0.106381,-0.235084,0.0229669,-0.0957609,0.121401,-0.0174527,0.00219981,-0.0207239,-0.0130866,-0.0177605,-0.16814,-0.237327,0.100882,0.213119,-0.0182152,-0.286222,-0.0393462,-0.0325323],[1.52265,1.70986,1.45348,-0.213698,7.26422,5.19821,0.429417,-1.81821,7.26475,-0.102319,-0.033298,-0.0948567,-0.0478565,-0.0338044,-0.127621,1.57989,0.376038,-1.10977,-1.75354,0.0801412,-1.12581,0.657961,0.035363],[1.40421,1.81879,5.53652,-0.106381,5.19821,7.92241,0.9482,-1.24201,2.04194,-1.25704,-0.000442626,-0.0255895,0.16118,0.0138209,0.00615593,0.291667,-0.420418,-0.916327,-2.05536,0.079185,0.42564,-1.17573,-0.00655737],[-0.00424514,-0.0195295,0.884953,-0.235084,0.429417,0.9482,1.3072,-0.524044,1.81028,-0.182366,0.0482726,-0.0454734,0.166102,-0.000974842,0.0669788,0.888765,1.68934,-0.310731,-0.608924,-0.028265,0.289242,1.86127,-0.0421832],[-0.610638,-0.742585,-1.47648,0.0229669,-1.81821,-1.24201,-0.524044,11.7199,-61.7733,-14.9554,-0.00484949,0.0268187,-0.130857,-0.0376095,0.0486226,-14.6281,-18.9386,2.62879,3.32371,-0.121708,0.246406,-22.4741,-0.0122151],[1.49515,2.52892,-4.76556,-0.0957609,7.26475,2.04194,1.81028,-61.7733,569.621,156.907,-0.0126077,-0.111329,0.405489,0.209169,0.147078,154.689,224.455,5.4095,10.5657,0.191022,-0.77764,373.933,0.15279],[-0.00966869,0.113226,-0.666047,0.121401,-0.102319,-1.25704,-0.182366,-14.9554,156.907,50.4749,-0.0231598,0.147631,0.128844,0.210828,0.121279,44.9411,63.836,3.31576,6.83197,0.194116,-2.27206,121.171,0.188883],[-0.0198198,-0.0205589,0.0598719,-0.0174527,-0.033298,-0.000442626,0.0482726,-0.00484949,-0.0126077,-0.0231598,0.00691255,0.00624431,0.0117836,0.00845214,0.00583386,0.0123672,0.0572728,-0.02826,-0.0384904,0.000859018,0.0048044,-0.00889956,0.00672798],[0.0106044,-0.00880728,0.422481,0.00219981,-0.0948567,-0.0255895,-0.0454734,0.0268187,-0.111329,0.147631,0.00624431,0.0619951,0.014277,0.0590835,0.0071634,-0.00194917,0.215324,-0.0583105,-0.0184147,0.0272656,0.064166,0.224621,0.0602348],[-0.000961721,0.00123399,0.745296,-0.0207239,-0.0478565,0.16118,0.166102,-0.130857,0.405489,0.128844,0.0117836,0.014277,0.0861785,0.027315,0.0315485,0.175272,0.44682,-0.10436,-0.114068,0.0152649,0.0392854,0.624728,0.0178165],[0.0192087,-0.0063095,0.469403,-0.0130866,-0.0338044,0.0138209,-0.000974842,-0.0376095,0.209169,0.210828,0.00845214,0.0590835,0.027315,0.0641215,0.0133758,0.119083,0.411032,-0.08892,-0.0834224,0.0320169,0.0860762,0.460341,0.0616465],[-0.036641,-0.0625338,0.257711,-0.0177605,-0.127621,0.00615593,0.0669788,0.0486226,0.147078,0.121279,0.00583386,0.0071634,0.0315485,0.0133758,0.0403419,0.164231,0.408155,0.0250771,0.00992304,0.00307294,0.027721,0.722884,0.00630562],[0.174733,0.148272,-0.542905,-0.16814,1.57989,0.291667,0.888765,-14.6281,154.689,44.9411,0.0123672,-0.00194917,0.175272,0.119083,0.164231,46.12,67.2221,3.14838,4.9476,0.0343821,0.738265,115.73,0.093813],[-0.135648,-0.131264,0.755039,-0.237327,0.376038,-0.420418,1.68934,-18.9386,224.455,63.836,0.0572728,0.215324,0.44682,0.411032,0.408155,67.2221,111.404,6.4958,9.43444,0.176808,3.33371,184.86,0.319988],[-0.432803,-0.447458,-2.0199,0.100882,-1.10977,-0.916327,-0.310731,2.62879,5.4095,3.31576,-0.02826,-0.0583105,-0.10436,-0.08892,0.0250771,3.14838,6.4958,3.00395,3.46713,-0.110229,0.412142,17.6887,-0.0917567],[-0.497661,-0.444486,-2.33773,0.213119,-1.75354,-2.05536,-0.608924,3.32371,10.5657,6.83197,-0.0384904,-0.0184147,-0.114068,-0.0834224,0.00992304,4.9476,9.43444,3.46713,6.20304,-0.0273574,-0.80399,29.2806,-0.0393212],[0.0507833,0.0698667,0.217568,-0.0182152,0.0801412,0.079185,-0.028265,-0.121708,0.191022,0.194116,0.000859018,0.0272656,0.0152649,0.0320169,0.00307294,0.0343821,0.176808,-0.110229,-0.0273574,0.0625793,0.177365,0.352836,0.0330818],[-0.080796,-0.187317,0.154039,-0.286222,-1.12581,0.42564,0.289242,0.246406,-0.77764,-2.27206,0.0048044,0.064166,0.0392854,0.0860762,0.027721,0.738265,3.33371,0.412142,-0.80399,0.177365,10.2719,-1.29185,0.0641654],[-0.414225,-0.366742,0.0364964,-0.0393462,0.657961,-1.17573,1.86127,-22.4741,373.933,121.171,-0.00889956,0.224621,0.624728,0.460341,0.722884,115.73,184.86,17.6887,29.2806,0.352836,-1.29185,365.689,0.442794],[0.0283374,0.0161124,0.496903,-0.0325323,0.035363,-0.00655737,-0.0421832,-0.0122151,0.15279,0.188883,0.00672798,0.0602348,0.0178165,0.0616465,0.00630562,0.093813,0.319988,-0.0917567,-0.0393212,0.0330818,0.0641654,0.442794,0.097251]],"n":23,"lags":3}