{"betahat":[[0.260446,1.18786,0.335548,0.445239,-1.62757,-0.641902,0.556189,0.270721,-0.277999,8.29187,-0.0192933,0.0344233,-0.187785,0.74807,1.70368,0.0222091],[0.841885,0.170586,0.123327,-0.0241724,0.0318644,0.684902,-0.0650308,-0.0132021,-0.0190331,-2.00493,-0.0283595,-0.0114867,-0.161599,0.0829841,0.127991,-0.0294748],[0.0531715,0.850342,0.430276,-0.0086174,0.109102,0.0352791,0.0175026,-0.0414958,0.307625,2.46205,-0.00504943,-0.0351414,0.810285,0.0354313,0.20418,0.0174723],[0.00172733,0.0114987,0.819169,0.0378822,-0.0319751,-0.0843619,0.00901021,-0.00508868,-0.0406358,0.0653583,-0.00692307,-0.00877567,-0.00311166,-0.0860081,-0.0822363,-0.00775116],[-0.0761769,-0.184256,-0.569834,0.83839,-0.210321,-0.300453,0.0263002,-0.00485875,0.0854162,1.04525,-0.019165,-0.0421221,-0.74324,0.27065,0.0109586,0.0264371],[-0.0496315,0.0851113,0.03859,0.0221153,0.622124,0.123176,-0.0117938,-0.00357879,0.149994,0.26185,0.00388684,-0.00337147,0.157997,-0.0707363,0.00580603,0.0101398],[-0.0211452,-0.0555803,0.0249143,-0.0282995,-0.0632249,0.685905,-0.00993813,0.00280659,-0.037114,-0.480115,0.00135835,0.00913532,-0.120887,-0.224107,-0.0371233,-0.00931673],[-0.0582804,0.180641,-0.318696,0.195194,0.110378,0.27416,0.961764,-0.0137442,0.239756,-0.529741,0.0428716,0.0602641,-0.702398,0.70799,-0.200607,0.0289036],[0.010738,-0.545511,-2.01202,0.125991,0.575533,-1.28534,0.0781708,0.896049,-1.02076,-1.99053,-0.0804048,-0.0285734,-0.0838288,0.364848,-0.87479,0.064045],[0.0361294,0.045965,-0.0180289,-0.0244537,-0.0285742,0.140036,0.0185661,0.0212519,1.09885,0.388929,-0.0109741,0.0127225,-0.185364,0.0228307,0.183291,0.00568104],[-0.00197987,-0.0150142,0.00394156,-0.00539947,0.00514518,0.0165293,0.00671893,-0.00253124,-0.0180276,1.0259,-4.01687e-05,0.0019689,-0.0575021,-0.0202016,-0.00692755,0.00109254],[-0.130648,-0.518922,-0.579763,-0.150235,-0.593465,-0.839857,0.0999853,0.0767221,-0.509238,-4.56166,1.08144,0.0109756,1.70585,0.198321,-0.538407,0.107495],[-0.126198,0.0125228,-0.485047,0.139293,0.032472,-1.37088,0.130324,-0.0321459,-0.932749,-4.98409,-0.0335878,1.06091,-3.83744,-0.979212,0.0969333,-0.16302],[0.00762354,0.0278361,0.0476195,0.00317609,0.0645961,0.0697743,-0.00764135,-0.00161291,0.0262256,0.191134,0.0107089,0.0017079,1.2085,0.118973,0.0260943,0.00847053],[0.101268,0.207205,0.00686135,0.0446548,-0.00186517,0.129498,0.0215839,-0.0151018,-0.125804,0.0189265,-0.0111892,-0.0144347,-0.0624438,0.44617,-0.0738894,0.0163565],[0.0635242,0.0454305,0.0544492,0.054214,0.207236,0.168724,0.0137724,0.003908,0.0529677,0.525314,0.00784431,-0.00330738,0.070164,0.0521177,0.330567,0.0218931],[0.0734834,-0.832773,1.47349,-0.227076,-0.0324966,-0.00391063,-0.0269405,-0.0321213,-0.941333,-1.74722,-0.153935,-0.0311544,-0.84768,-0.99678,-0.201643,1.24487],[0.00300841,-0.232333,-0.115335,0.0219881,0.109436,-0.909099,-0.0555849,0.01989,-0.0896888,1.5967,0.00908469,0.00823806,0.114809,-0.105458,-0.197479,0.0298012],[-0.137852,-0.000380683,-0.366162,-0.00652649,-0.244952,0.0720157,-0.0157391,0.0206946,-0.319844,-1.52213,0.0167148,0.0436207,-0.797193,-0.114257,-0.0219374,-0.00777338],[0.0160447,-0.00734964,0.188289,-0.0209388,0.0560525,0.0135131,-0.0176031,0.00124789,0.102924,-0.0130219,0.000420801,0.000742488,0.0742596,0.0997487,0.0438724,0.00562519],[-0.0901033,0.145314,0.285896,0.0497008,0.171532,0.099149,-0.165915,-0.0381188,-0.154062,-2.54368,-0.00904361,0.049874,-0.515966,-0.485189,-0.371488,-0.0598081],[0.0199586,-0.0482971,-0.0579871,-0.00739863,0.158039,-0.1073,-0.0146698,0.0234919,-0.162717,-0.704248,-0.00858219,-0.0051292,-0.0870895,0.0991232,-0.146101,-0.0100036],[0.00904471,0.037771,0.00211232,0.0330954,-0.0228603,0.18604,-0.00518933,0.00279179,-0.0256468,-0.0941444,0.00305569,-0.00215307,0.0129586,0.137431,-0.013323,0.00920075],[0.0278214,-0.146563,0.330466,-0.0781446,-0.291302,-0.227505,0.0291375,0.00885047,-0.41426,0.804239,-0.0265469,-0.0739796,0.901671,-0.477674,0.297422,-0.0198115],[-0.489996,0.249801,2.57742,-0.303277,-0.717596,0.952051,-0.161532,0.0522697,0.138323,-4.65605,-0.136628,-0.044761,-1.0805,-1.00601,-0.527523,-0.110165],[-0.019661,-0.0253034,-0.0322271,-0.00671723,0.0589602,-0.0619839,-0.0405598,-0.0249808,-0.0878253,-0.832712,-0.0123886,-0.0230951,0.175796,0.0484231,-0.184462,-0.0136403],[0.0044687,0.0103215,-0.00997938,0.000785919,0.00466912,-0.0191771,-0.00709546,0.00220086,0.0236014,-0.0781217,-0.0012293,-0.000394911,-0.007529,0.00222699,-0.00737775,-0.00266908],[0.160081,0.354052,-0.541267,0.0714558,1.35931,0.870887,0.0402544,-0.0183889,0.379063,0.532924,-0.151684,-0.101125,-1.23338,-0.065185,0.337355,-0.0797418],[0.01426,0.0138258,1.18635,-0.278173,-0.00957568,1.49888,0.0523334,-0.0128399,0.148191,4.76523,-0.0211145,-0.034385,2.95547,1.04513,0.144105,0.205538],[-0.00640412,-0.021777,-0.051564,-0.00602924,-0.04945,-0.0684507,-0.00222979,0.00233965,-0.0189227,-0.208673,-0.0108858,0.00216155,-0.213344,-0.0951952,-0.033484,-0.00921232],[-0.0410495,-0.039274,0.0263155,-0.0268014,-0.0121242,0.0349616,0.0125345,0.00365903,0.153234,0.4465,0.0155173,0.0239867,0.0421887,0.202694,0.132488,0.0152868],[0.00729071,0.0511235,-0.00227278,-0.00219388,-0.0685453,0.0881893,0.0787325,-0.0114676,-0.115588,-0.171833,0.0284255,0.035372,-0.137492,-0.0780198,0.398624,0.0250005],[-0.00867102,0.377474,-1.18359,0.259192,0.564187,-0.323812,0.084152,0.0455491,0.505291,2.22528,0.0640697,0.131687,-0.425583,0.667728,0.438516,-0.174749],[0.155097,0.0616936,-0.00799282,0.00217328,-0.141259,0.224164,0.120635,-0.00668376,0.108717,0.408178,0.0192801,0.00324943,0.0468938,0.0224145,0.0695205,-0.000328797],[0.0846691,0.149936,-0.0641013,0.0151173,0.135949,-0.107358,-0.00172971,0.0208131,0.0122115,-0.939935,-0.0116568,-0.00848193,-0.012862,0.0787207,-0.182187,-0.00970264],[-0.0177741,-0.00424104,-0.00754699,-0.0169503,-0.0240039,0.0707353,0.00862947,0.00384999,-0.0623538,-0.0523735,0.00650602,0.00803603,-0.0710882,-0.0138631,0.0384243,0.00211988],[0.166272,0.0388637,0.283936,0.111887,0.0388785,0.201258,0.139642,0.0429866,0.0686601,1.4984,0.0282179,-0.00775478,1.25944,0.214456,0.360575,0.0333658],[0.0296605,-0.0368642,0.0193976,-0.0147246,0.219854,-0.0159006,0.0264849,-0.0199094,0.0127164,0.442292,0.00470059,0.00850296,-0.0708264,-0.0284513,0.140326,-0.00013948],[0.0120851,0.0176925,-0.0269988,-0.00482246,0.0861598,0.127932,0.0151488,-0.00558295,0.0627058,0.573985,-0.00440889,-0.00698227,0.108051,0.0865217,0.0504524,0.000110592],[0.0304791,-0.0344516,-0.0117733,-0.117175,0.181424,-0.0471475,0.00924376,0.0049243,0.174675,-0.273576,-0.016272,0.0136787,-0.197503,-0.230784,-0.096374,-0.00912539],[0.553507,0.251405,-0.466147,0.129991,0.319333,0.319603,0.0925541,-0.016302,0.875055,6.42935,0.218115,0.0536865,1.64352,0.758469,1.31725,0.023867],[-0.0164032,-0.0203218,0.0504938,0.0312866,-0.0307333,-0.0775386,0.0218396,0.00370204,-0.0114789,0.44065,0.0233416,0.0104308,0.0080641,-0.0710389,0.000716973,0.00799326],[-0.0022946,0.004914,0.00549309,0.00469385,-0.00921312,0.00361996,0.000267034,0.000421003,-0.00708545,0.0376727,0.00118703,-0.00141747,0.061615,0.0171473,0.0137168,0.00147842],[-0.054054,0.163497,1.15497,0.0761499,-0.679977,0.104455,-0.183057,-0.0622516,0.244776,3.90757,0.0367905,0.0553023,-0.101603,0.0296822,0.0986301,-0.0181745],[0.0876092,-0.017298,-0.666301,0.172717,-0.0900174,-0.10446,-0.217539,0.0463306,0.873364,-0.000742082,0.0398156,-0.0581465,0.871208,-0.065196,-0.365165,-0.049554],[-0.00113608,-0.00672623,0.00350477,0.0026417,-0.0137001,-0.00185028,0.0103547,-0.00064847,-0.00745047,0.0187539,0.000253226,-0.00374796,0.00591793,-0.0244239,0.00859818,0.000689157],[0.0161637,-0.0470316,0.015026,-0.0215509,0.0309994,0.0958112,-0.00307783,-0.00176759,-0.0519178,-0.253775,-0.00152351,0.016292,-0.227332,0.0419976,-0.0255706,0.00571636],[-0.00184723,0.030201,-0.10382,0.0173613,-0.0627215,0.0079804,-0.0220252,-0.00168113,0.043237,-0.0584252,0.00558014,-0.00709388,0.195827,0.0323727,-0.0731725,0.00540782],[-0.0528787,0.428985,-0.229072,-0.0130728,-0.447138,0.342148,-0.0600814,-0.00709496,0.376828,-0.79186,0.0856777,-0.0664267,0.906159,0.170558,-0.218148,-0.108796]],"sigmahat":[[0.560683,0.385341,-0.140745,0.113471,0.796535,0.468212,0.0433911,-0.0106271,-0.115483,-0.702286,0.0369229,0.0430657,-0.0617876,0.275956,-0.0596133,0.0113417],[0.385341,1.14157,-0.217431,0.14901,0.212856,1.37839,-0.0243279,-0.062162,0.222266,1.21949,0.076264,0.059417,0.134288,0.929481,0.0585648,0.0298551],[-0.140745,-0.217431,5.02407,-0.327727,-0.228283,0.966302,-0.279167,-0.0551417,0.423184,0.312118,-0.0293982,-0.00589487,0.4209,0.14886,-0.418646,0.0607232],[0.113471,0.14901,-0.327727,0.235026,0.114883,0.0341668,0.0467924,-0.00672271,0.126934,0.267107,0.0137098,-0.00505439,0.072253,0.0409198,0.0983599,-0.00313452],[0.796535,0.212856,-0.228283,0.114883,3.48692,0.836905,0.130942,0.0174812,0.244506,-1.97616,0.0396674,0.0417696,0.209156,0.786654,0.209914,0.0133138],[0.468212,1.37839,0.966302,0.0341668,0.836905,5.65222,0.12387,-0.089223,0.130132,0.742127,0.104428,0.112717,0.308479,2.43534,0.146643,0.115572],[0.0433911,-0.0243279,-0.279167,0.0467924,0.130942,0.12387,0.268379,0.0219414,0.00971843,1.00879,0.0342898,0.0353368,0.0319361,-0.116053,0.48293,0.00297053],[-0.0106271,-0.062162,-0.0551417,-0.00672271,0.0174812,-0.089223,0.0219414,0.0510564,-0.082872,-0.717708,-0.000794834,0.00489468,-0.0931378,-0.137175,-0.0475426,-0.0036631],[-0.115483,0.222266,0.423184,0.126934,0.244506,0.130132,0.00971843,-0.082872,3.14912,11.8642,0.108805,-0.152456,3.52514,0.974509,0.889222,0.0644383],[-0.702286,1.21949,0.312118,0.267107,-1.97616,0.742127,1.00879,-0.717708,11.8642,143.801,1.44686,-0.476814,36.4408,7.95112,11.1621,0.995201],[0.0369229,0.076264,-0.0293982,0.0137098,0.0396674,0.104428,0.0342898,-0.000794834,0.108805,1.44686,0.0676964,0.0350236,0.421644,0.106068,0.156402,0.0187391],[0.0430657,0.059417,-0.00589487,-0.00505439,0.0417696,0.112717,0.0353368,0.00489468,-0.152456,-0.476814,0.0350236,0.0820433,-0.662757,-0.04266,0.0684035,-0.000322527],[-0.0617876,0.134288,0.4209,0.072253,0.209156,0.308479,0.0319361,-0.0931378,3.52514,36.4408,0.421644,-0.662757,23.6829,3.74993,1.95678,0.464724],[0.275956,0.929481,0.14886,0.0409198,0.786654,2.43534,-0.116053,-0.137175,0.974509,7.95112,0.106068,-0.04266,3.74993,3.66725,0.526277,0.13417],[-0.0596133,0.0585648,-0.418646,0.0983599,0.209914,0.146643,0.48293,-0.0475426,0.889222,11.1621,0.156402,0.0684035,1.95678,0.526277,3.0715,0.0539621],[0.0113417,0.0298551,0.0607232,-0.00313452,0.0133138,0.115572,0.00297053,-0.0036631,0.0644383,0.995201,0.0187391,-0.000322527,0.464724,0.13417,0.0539621,0.0393397]],"n":16,"lags":3}