{"betahat":[[0.567409,1.58101,-0.000689304,0.58359,-1.80219,0.0549118,0.607975,0.251677,-0.835949,0.00642348,2.83683,4.64317,-0.0389691,0.117276,-1.39991,-0.106664,1.4628,0.0797119],[0.729094,0.141363,0.0315569,-0.0263293,0.0865037,0.651674,-0.0882755,-0.0263815,0.0271155,-0.0321633,0.322491,-1.6655,-0.0253326,0.00218764,0.0138332,-0.0511324,0.205191,-0.037578],[0.0664512,0.803406,0.489531,-0.0127028,0.0995363,-0.0947196,0.0383961,-0.0376347,0.416497,0.0320643,0.178599,3.45588,-0.00566306,-0.0456496,1.07081,0.176127,0.295903,0.0294221],[-0.0163763,-0.000675953,0.801866,0.0416648,-0.0347784,-0.109345,0.0114103,-0.00698962,-0.00873594,-0.00479478,-0.128752,0.378407,-0.00372148,-0.00947499,0.057069,-0.0611747,-0.026683,-0.0109549],[-0.124849,-0.243,-0.726953,0.842557,-0.356296,-0.690416,0.053304,0.0128514,0.0136222,-0.00768585,-0.584962,0.742694,-0.0287232,-0.0572063,-0.871064,0.135942,0.00061279,0.00366752],[-0.0520114,0.104814,-0.0134583,0.026878,0.598944,0.154311,-0.00585381,-0.00646658,0.0824595,0.0137822,-0.129159,0.0558365,-0.00161744,-0.00794667,0.0351199,-0.180086,-0.0137064,0.0105034],[-0.0191681,-0.0335239,0.0109834,-0.0316238,-0.0637072,0.69644,-0.00516383,-0.000619148,-0.0399664,0.00592888,-0.066357,-0.298727,0.000326915,0.00560942,-0.110041,-0.167805,-0.0344448,-0.00366558],[-0.0863193,-0.0240276,-0.0718407,0.18643,0.124277,-0.0460998,0.965454,0.0116424,0.509379,0.0318585,-0.061754,0.0220967,0.0648525,0.0698821,-0.419881,0.814878,-0.0232404,0.0279108],[-0.131602,-0.547265,-2.06918,0.154032,0.65529,-1.27227,0.0795804,0.839369,-0.86394,-0.0976146,-0.651955,-1.72817,-0.0502739,-0.0214865,0.0659713,-0.0734724,-0.748373,0.0282304],[0.0687397,0.0964861,-0.037419,-0.0154238,-0.0301691,0.160191,0.011341,0.0205982,1.14893,-0.00850975,0.173314,0.408484,-0.00683976,0.0158163,-0.207912,0.130436,0.15968,-0.00407298],[0.194272,-0.488086,0.300367,-0.182923,-0.000144806,0.735963,0.192235,0.15272,-0.815669,1.24534,-0.977135,-0.654449,0.0507815,0.214176,-0.0848679,-0.321389,0.237415,0.265079],[0.00215723,-0.0384541,0.222483,-0.000504173,0.0756706,0.108218,0.0152054,-0.0134149,0.0765068,0.0227764,0.997246,0.7793,0.00347343,-0.00541316,0.282098,0.102182,0.127427,0.027448],[-0.00282274,-0.0124186,-0.00381767,-0.00317214,0.00843206,0.010602,0.00740915,-0.00322596,-0.020301,-0.000910391,-0.0491496,0.972575,-0.000455953,0.00203615,-0.0640961,-0.0231477,-0.00156829,0.000718185],[-0.089947,-0.435149,-0.391398,-0.118998,-0.415962,-0.505928,0.0545328,0.04753,-0.710524,0.0393699,0.214648,-6.48894,1.04829,0.0163546,1.31234,0.666096,-0.640894,0.0990259],[0.10052,0.145514,-0.145065,0.148346,0.039707,-1.2195,0.142961,-0.0312926,-0.642461,-0.107812,0.154085,-3.34242,0.0103066,1.06973,-3.09275,0.112333,0.264321,-0.103266],[0.0085615,0.0207112,0.0360882,0.00390364,0.036567,0.0183081,-0.000840631,0.00120656,0.0108903,0.00919123,0.0741598,0.0324778,0.0104232,0.00249779,1.15524,0.0657803,0.0143358,0.00688315],[0.0591682,0.178526,0.0452977,0.0343541,0.089809,0.209532,-0.0118767,-0.0127423,0.0320735,0.0295895,0.0355873,1.22027,0.00938739,-0.0229669,0.405085,0.778344,0.0233576,-0.00329658],[0.0403171,0.027228,-0.0745572,0.0507391,0.158357,0.132381,0.0132393,0.00980474,0.0133414,0.0199704,6.00927e-05,0.652038,0.0086979,-0.00491401,-0.00518656,-0.128208,0.294646,0.0114403],[0.0336826,-0.468115,1.48721,-0.132905,-0.000227666,-0.151727,-0.0987493,-0.0980719,-0.0638705,0.103746,0.193036,0.832966,-0.153503,-0.119325,-0.440793,-0.247908,-0.0819997,1.16927],[0.150164,-0.112531,-0.108086,0.0742027,0.0794756,-0.846834,-0.0460093,0.0204302,-0.358248,-0.0161343,-0.107175,-1.03675,-0.010526,0.016571,-0.591604,-0.162942,-0.369607,0.0213725],[-0.175662,0.00355704,-0.418254,-0.0138734,-0.260318,0.147729,-0.0418714,0.0160707,-0.388093,-0.0180661,-0.0516522,-2.13425,0.0133171,0.0525064,-0.966137,-0.20156,-0.0726191,-0.0155469],[0.0234056,-0.00716839,0.2098,-0.0236785,0.0590856,0.0298463,-0.0211199,0.000369641,0.0818063,0.00977558,0.171165,-0.214822,-0.00190219,0.000797974,0.0561205,0.0711457,0.0113306,0.00761685],[-0.0883631,0.197026,0.424006,0.0443282,0.338953,0.49789,-0.182773,-0.0690166,-0.128131,-0.0341028,0.290675,-2.25098,-0.0148168,0.0519754,-0.427001,-0.458908,-0.260232,-0.0267154],[0.0202032,-0.0527246,-0.00821923,-0.0107806,0.178606,-0.0970775,-0.0174744,0.0266222,-0.0650463,-0.00612572,-0.0411682,-0.231677,-0.00083717,-0.00592465,0.113657,0.280967,-0.0786944,-0.00965096],[-0.00859716,0.0066148,0.0240121,0.0317778,-0.014539,0.141004,-0.00995395,0.00660076,0.0199177,0.000761893,0.0603206,-0.00943876,0.00717284,0.00236571,0.062044,0.13986,0.0146584,0.00590426],[0.0396228,-0.0525748,0.180478,-0.0803462,-0.349551,-0.0963251,0.0144042,-0.0135492,-0.697176,-0.0248491,0.00162106,-0.0391992,-0.0477952,-0.0874825,0.665141,-0.811586,0.0314502,-0.0247691],[-0.37694,0.376953,2.499,-0.281256,-0.794735,1.13858,-0.155181,0.0595723,-0.464708,-0.101069,-0.113488,-7.55452,-0.18546,-0.05269,-1.95941,-1.30547,-0.741035,-0.0789436],[-0.0361712,-0.0686309,-0.0325932,-0.0076628,0.023291,-0.122559,-0.0214583,-0.0207082,-0.115312,-0.000838015,-0.0826286,-0.631319,-0.0128159,-0.0256321,0.210111,-0.0333549,-0.145521,-0.00536597],[-0.105145,0.104762,-0.260946,0.138862,0.303681,-0.654364,-0.147733,-0.10343,0.173811,-0.229222,0.939962,-1.01394,-0.120596,-0.147624,-0.733148,-0.0742986,-0.0994785,-0.254911],[0.0245089,0.0431171,-0.0665029,-0.0205209,-0.0591973,-0.080952,-0.0507385,0.00903427,-0.0904967,-0.0159419,-0.280456,-1.4216,-0.0110753,-0.000129716,-0.24876,-0.109583,-0.348009,-0.0197932],[0.00655019,0.00653729,0.00347062,0.000326194,0.00230641,-0.0191081,-0.00391701,0.00283772,0.0330375,-7.32146e-05,0.0334907,0.0401482,9.82458e-05,-0.000317095,0.014123,0.023,0.00155822,-0.00157247],[0.234611,0.449104,-0.825123,0.0817636,1.25317,0.64403,0.10104,0.0052133,0.568196,-0.00804776,-0.421026,1.83323,-0.13614,-0.119606,-1.08745,-0.201524,0.446835,-0.0942899],[-0.049819,0.072913,0.92029,-0.287628,-0.0545948,1.59764,0.0387947,-0.0127413,0.0124199,0.141864,-0.714353,4.01718,-0.0488147,-0.0426672,2.55054,0.531402,-0.110433,0.1573],[-0.0126958,-0.0211399,-0.0523833,-0.00891928,-0.0281285,-0.0400321,-0.00810204,0.000429209,0.00485164,-0.0079738,-0.0511277,-0.0471012,-0.0111645,0.000372186,-0.174812,-0.0549985,-0.0211888,-0.00816265],[0.0233009,0.0797762,-0.0115964,0.029578,-0.0796756,0.0505269,0.013421,-0.0070852,-0.0497672,-0.0163883,-0.056775,-1.16385,-0.00273291,0.0213268,-0.373403,-0.0147933,0.00357437,-0.00285204],[0.00328268,0.0634794,-0.00443437,-0.000344814,-0.0664078,0.116,0.076193,-0.0141271,-0.116262,0.0101676,-0.320501,-0.260266,0.0295707,0.0322563,-0.153848,-0.0779848,0.410956,0.0226432],[0.0813768,0.21414,-1.01208,0.213068,0.441133,-0.397065,0.0964783,0.0694585,0.301367,-0.0450322,0.171783,2.57241,0.0834298,0.162067,0.180188,0.791634,0.264448,-0.121565],[0.120744,-0.0288509,0.0765242,-0.0478859,-0.165928,0.195155,0.134299,0.00595352,0.331145,0.0483004,-0.21537,2.7023,0.0358608,-0.018758,0.577829,0.214078,0.164437,0.0162017],[0.109214,0.192983,-0.0712623,0.0265487,0.160895,-0.0530346,0.00350191,0.0215701,-0.0283868,-0.013992,-0.127044,-1.3215,-0.00764974,-0.00685912,-0.104486,0.0254182,-0.223242,-0.0138798],[-0.00701302,0.00782036,-0.0117267,-0.0179946,-0.0242041,0.0794863,0.00973725,0.00662201,-0.0731157,-0.00497767,-0.0425207,-0.163572,0.00562473,0.0086803,-0.113191,-0.0100258,0.0153866,0.00333112],[0.213217,0.0459357,0.302946,0.11309,0.0174426,0.192508,0.12949,0.0561704,0.114549,0.041793,0.29421,1.50843,0.0435453,0.00522845,1.29826,0.322977,0.259658,0.0230424],[0.0318096,-0.0521049,0.0216692,-0.0161072,0.222479,-0.0572376,0.0233458,-0.0201537,-0.0173918,-0.00765351,0.170279,0.175919,0.0024571,0.0138729,-0.148723,-0.100867,0.0924271,-0.000856183],[0.027764,0.0268469,-0.0349722,-0.00018038,0.0783389,0.162484,0.0151343,-0.00597311,0.020025,-0.00668744,0.00592586,0.308069,-0.00749885,-0.00797573,0.0480893,0.0279024,0.0197915,-0.00224431],[0.0467123,0.0763747,-0.108575,-0.106196,0.225916,0.142339,0.0202616,0.00192235,0.188104,-0.00697309,0.0598656,0.0187597,-0.0170205,0.0175717,-0.243627,-0.00329383,-0.00788744,-0.00316164],[0.588578,0.076865,-0.325635,0.072749,0.33076,0.111783,0.103053,0.0436176,1.3315,0.161759,0.704464,9.41676,0.247637,0.0668805,2.40826,1.48649,1.45078,0.0377877],[-0.0325671,-0.0276858,0.0700879,0.0231385,0.00635821,-0.0374442,0.00995154,0.000130509,-0.0341257,0.0092966,-0.0907335,0.219774,0.0196238,0.00985953,-0.00379937,-0.0969248,-0.0146683,0.0094393],[-0.0953173,0.313212,0.0378767,0.0552784,-0.174001,-0.129259,-0.0667965,-0.0278618,0.510656,-0.0505628,-0.106482,0.675615,0.0523629,-0.0384023,0.327628,0.182078,-0.172555,-0.0488851],[-0.0266059,-0.00479249,-0.155864,0.020923,-0.0160595,-0.027331,0.0356764,0.00439945,0.0140043,-0.00680403,0.282719,0.643838,0.00763972,0.00555704,-0.0325401,0.0073681,0.220822,-0.00766096],[-0.00353856,0.00595429,0.000267824,0.0028928,-0.0101402,0.00945689,-0.00370831,0.000489422,-0.0138843,0.000841114,0.0149737,-0.0261467,0.000316656,-0.00162151,0.0476128,0.000112673,-0.000700519,0.000761343],[-0.198425,-0.0263558,1.21011,0.030002,-0.800871,-0.0602728,-0.200663,-0.0598907,0.286184,-0.0115134,0.316199,4.54002,0.0566474,0.0592328,0.155056,-0.308978,0.0977495,0.00335946],[-0.0829505,-0.227239,-0.775778,0.168705,-0.069182,-0.391419,-0.209536,0.0481104,0.71061,-0.0343433,0.62224,-0.810938,0.022968,-0.0585124,0.576634,-0.56982,-0.233118,-0.0553687],[0.00435641,0.000202873,0.0163301,0.0048285,-0.00691398,0.0216615,0.00936391,-0.0016362,-0.0155907,-0.00114035,-0.0236642,0.0170853,0.000812264,-0.00279671,0.0210105,-0.0111421,0.00778897,0.00126194],[-0.0278943,-0.0736012,0.0180163,-0.0493729,0.0695041,0.128353,-0.00537914,-0.00245564,-0.0707615,-0.00590503,-0.0431616,-0.56472,-0.00638839,0.00989837,-0.341646,-0.0992105,-0.0627558,0.00842892],[-0.0291017,0.0163714,-0.048864,0.0171817,-0.0491659,0.00162021,-0.0253656,-0.0102444,0.0552831,0.00584566,0.132286,-0.114735,0.00544626,-0.0120805,0.273965,5.11845e-05,-0.081251,0.00879536],[-0.0939572,0.266635,-0.438921,-0.0599634,-0.432774,0.54056,0.0060338,0.0248989,-0.143567,-0.0576016,-0.326917,-2.84837,0.0799604,-0.0307257,0.330334,-0.439185,-0.133046,-0.074898]],"sigmahat":[[0.54919,0.281177,-0.16513,0.13205,0.623261,0.108654,0.096573,0.0100054,-0.0448397,-0.0156317,0.0649033,-0.218426,0.0431554,0.0302325,0.174345,0.318113,0.066085,-0.00319725],[0.281177,0.850815,-0.311704,0.135338,0.043589,0.818306,0.0124569,-0.0410645,0.113468,0.00363946,0.345907,0.765942,0.0562668,0.0281329,0.30748,0.215167,0.0585365,0.0107673],[-0.16513,-0.311704,4.53953,-0.293572,-0.404034,0.415714,-0.174502,-0.0111106,0.496313,0.0212639,-0.104895,1.37316,-0.0206844,-0.00343486,0.472528,0.292325,-0.111976,0.0169019],[0.13205,0.135338,-0.293572,0.224333,0.0834991,0.00578771,0.0482149,-0.00238768,0.101099,-0.00154839,0.173874,0.037408,0.0165801,-0.00463198,0.0504814,0.0422584,0.054863,-0.00230813],[0.623261,0.043589,-0.404034,0.0834991,3.16515,0.466264,0.101527,0.0278299,0.110841,-0.0112049,0.0580016,-3.23188,0.0156718,0.0242731,0.0890837,0.0435966,0.115937,-0.00484637],[0.108654,0.818306,0.415714,0.00578771,0.466264,4.19477,0.0989819,-0.0687288,-0.229146,0.0283853,0.000886681,-1.80412,0.0112628,0.0232492,0.342563,0.368845,-0.063669,0.0269017],[0.096573,0.0124569,-0.174502,0.0482149,0.101527,0.0989819,0.259728,0.028879,0.104555,0.0110529,-0.0917636,1.36041,0.0472574,0.0407256,0.0755827,0.212068,0.432785,0.00453061],[0.0100054,-0.0410645,-0.0111106,-0.00238768,0.0278299,-0.0687288,0.028879,0.0491855,-0.0183874,0.00511462,-0.0457785,-0.32939,0.00581293,0.00699486,-0.016313,0.0607624,0.00269279,-5.52454e-05],[-0.0448397,0.113468,0.496313,0.101099,0.110841,-0.229146,0.104555,-0.0183874,3.29121,0.184855,1.05728,13.9863,0.148117,-0.108,3.95177,1.5174,1.08285,0.0636202],[-0.0156317,0.00363946,0.0212639,-0.00154839,-0.0112049,0.0283853,0.0110529,0.00511462,0.184855,0.0392008,0.0520197,1.36332,0.0145937,-0.0149851,0.541647,0.129156,0.0679103,0.0217],[0.0649033,0.345907,-0.104895,0.173874,0.0580016,0.000886681,-0.0917636,-0.0457785,1.05728,0.0520197,2.77716,3.10521,0.00446033,-0.104071,1.63587,0.810468,0.653437,0.0325619],[-0.218426,0.765942,1.37316,0.037408,-3.23188,-1.80412,1.36041,-0.32939,13.9863,1.36332,3.10521,156.974,1.65614,-0.300364,38.2848,10.34,10.1632,0.857787],[0.0431554,0.0562668,-0.0206844,0.0165801,0.0156718,0.0112628,0.0472574,0.00581293,0.148117,0.0145937,0.00446033,1.65614,0.0685642,0.0356258,0.490921,0.181807,0.181437,0.0129763],[0.0302325,0.0281329,-0.00343486,-0.00463198,0.0242731,0.0232492,0.0407256,0.00699486,-0.108,-0.0149851,-0.104071,-0.300364,0.0356258,0.0746617,-0.530245,-0.0115232,0.0918472,-0.00297929],[0.174345,0.30748,0.472528,0.0504814,0.0890837,0.342563,0.0755827,-0.016313,3.95177,0.541647,1.63587,38.2848,0.490921,-0.530245,22.415,4.69573,1.83607,0.391517],[0.318113,0.215167,0.292325,0.0422584,0.0435966,0.368845,0.212068,0.0607624,1.5174,0.129156,0.810468,10.34,0.181807,-0.0115232,4.69573,4.04935,1.01811,0.0812614],[0.066085,0.0585365,-0.111976,0.054863,0.115937,-0.063669,0.432785,0.00269279,1.08285,0.0679103,0.653437,10.1632,0.181437,0.0918472,1.83607,1.01811,2.53411,0.040814],[-0.00319725,0.0107673,0.0169019,-0.00230813,-0.00484637,0.0269017,0.00453061,-5.52454e-05,0.0636202,0.0217,0.0325619,0.857787,0.0129763,-0.00297929,0.391517,0.0812614,0.040814,0.0283992]],"n":18,"lags":3}