{"betahat":[[0.737794,1.38578,-0.158117,0.462479,-1.32585,-0.0206505,0.692091,0.228054,-0.66432,-0.0154098,2.27336,2.99614,-0.0685583,0.0759111,-1.30598,0.38773,1.27466,0.0260442],[0.728774,0.147764,0.0292062,-0.0293666,0.0877044,0.6365,-0.0848737,-0.0255726,0.0412895,-0.0333495,0.356683,-1.56413,-0.0221703,0.00488603,0.0438618,-0.0239848,0.22551,-0.0388742],[0.0647982,0.805989,0.520347,-0.0140728,0.0930488,-0.0782251,0.0355042,-0.0394307,0.410727,0.0343239,0.159441,3.51662,-0.00636444,-0.0480412,1.10335,0.159891,0.27126,0.0308593],[-0.0208021,-0.00193276,0.794953,0.042231,-0.0433628,-0.110762,0.0116909,-0.00687042,-0.0129046,-0.00504985,-0.127848,0.363906,-0.00381505,-0.00974553,0.0545989,-0.0644465,-0.0276157,-0.01153],[-0.129891,-0.25451,-0.744346,0.839528,-0.39583,-0.698741,0.0508778,0.0134202,-0.0139083,-0.00781673,-0.599632,0.595356,-0.0290986,-0.0553194,-0.972482,0.0960325,-0.00145997,0.00318155],[-0.0547008,0.103341,-0.0125038,0.0280643,0.584119,0.143317,-0.00713855,-0.00736888,0.0912466,0.0138868,-0.127131,0.079223,-0.00306494,-0.00997244,0.0325215,-0.178687,-0.0121972,0.0104165],[-0.0190058,-0.0328305,0.00887856,-0.0309069,-0.0620499,0.692572,-0.00554184,-0.000672935,-0.0439001,0.00600799,-0.0668257,-0.340898,-0.000135958,0.00499121,-0.113044,-0.179652,-0.0356902,-0.00352493],[-0.094076,-0.0310854,-0.0933266,0.194275,0.150596,-0.00104945,0.977795,0.0115985,0.503083,0.0351326,-0.0960252,0.0779152,0.0689091,0.0712537,-0.363388,0.827465,-0.0152361,0.0303371],[-0.171269,-0.555311,-2.04767,0.143936,0.628348,-1.28546,0.0569692,0.840507,-0.878336,-0.0944554,-0.63805,-1.72073,-0.0540832,-0.022864,-0.0126027,-0.0855313,-0.842003,0.0292877],[0.0705391,0.0943191,-0.0454248,-0.0139928,-0.0233966,0.154895,0.0102736,0.0211466,1.13792,-0.00949344,0.165842,0.299796,-0.00824994,0.0157614,-0.235679,0.121012,0.158632,-0.00477354],[0.168612,-0.450806,0.34549,-0.187734,0.0267051,0.7256,0.177487,0.143179,-0.787747,1.2527,-0.939908,-0.362793,0.0537473,0.207953,0.199653,-0.256999,0.288502,0.273589],[0.00150311,-0.0350891,0.219971,0.00102868,0.0779693,0.113215,0.0147443,-0.0140949,0.0828485,0.0218458,1.00021,0.765832,0.00326349,-0.00605959,0.277581,0.103331,0.126262,0.0265087],[-0.00365603,-0.0127029,-0.00314023,-0.00353656,0.00592409,0.0094432,0.00703025,-0.00334526,-0.0185201,-0.000894574,-0.048364,0.988689,-0.000267671,0.0020271,-0.0622615,-0.0226314,-0.00132024,0.000670351],[-0.0755126,-0.439889,-0.422063,-0.106445,-0.435274,-0.560625,0.0661291,0.0564835,-0.744541,0.034619,0.141832,-6.7906,1.0434,0.0165781,1.12637,0.644266,-0.646986,0.0940574],[0.115354,0.155189,-0.126855,0.148287,0.0667206,-1.19846,0.139339,-0.0411236,-0.681962,-0.111567,0.134161,-3.23725,0.0202898,1.07647,-3.02201,0.0446474,0.242085,-0.102399],[0.00889045,0.0201871,0.0352695,0.00312476,0.0423002,0.0216416,-0.00180726,0.00102922,0.0105248,0.00935173,0.0744483,0.0264908,0.010576,0.00195453,1.16555,0.0639723,0.0115637,0.00680793],[0.0603386,0.177962,0.0388822,0.0379573,0.0907388,0.211819,-0.0102335,-0.0117052,0.0381555,0.0302282,0.042443,1.25628,0.0105072,-0.0229435,0.415222,0.782429,0.025703,-0.00256531],[0.0428629,0.0270576,-0.0659289,0.0494446,0.161778,0.132546,0.0126319,0.0110518,0.00962333,0.0204693,0.00877823,0.647056,0.00742586,-0.00520453,0.00970485,-0.131876,0.303953,0.0120239],[0.0431483,-0.512311,1.43011,-0.125812,-0.127045,-0.222104,-0.0839919,-0.102472,-0.0920237,0.114739,0.18734,0.925392,-0.156195,-0.121029,-0.493494,-0.236,-0.129849,1.18562],[0.142112,-0.11311,-0.106356,0.0750739,0.0545255,-0.855669,-0.05138,0.0183399,-0.360669,-0.0154922,-0.1335,-0.954788,-0.01324,0.0159787,-0.638062,-0.183448,-0.383819,0.0224608],[-0.168942,0.00741442,-0.424465,-0.0119718,-0.269442,0.142168,-0.037913,0.0176243,-0.39613,-0.0207441,-0.0275103,-2.29956,0.0122527,0.0546375,-1.0374,-0.192478,-0.0561997,-0.0160883],[0.0265624,-0.0055474,0.217045,-0.0234699,0.0661014,0.0246549,-0.0235521,0.000725122,0.0823429,0.00924208,0.172619,-0.254945,-0.00276237,0.000782479,0.0337229,0.0694765,0.00386296,0.00755185],[-0.0827923,0.208605,0.456027,0.0424716,0.379595,0.459158,-0.188821,-0.0707531,-0.11496,-0.0363827,0.3284,-2.2657,-0.0163698,0.0464735,-0.344461,-0.416911,-0.275775,-0.0271229],[0.0232707,-0.0548722,-0.00252167,-0.0108666,0.199624,-0.0897795,-0.0162279,0.0286973,-0.0731184,-0.00639614,-0.0386994,-0.286726,5.18498e-05,-0.00319715,0.0997204,0.286658,-0.0784365,-0.0097964],[-0.0105657,0.00473204,0.0226275,0.0316916,-0.0201472,0.141812,-0.0103915,0.0063688,0.0265547,0.000909805,0.0633719,0.0298385,0.0066544,0.00150939,0.069377,0.145741,0.0142044,0.00577865],[0.0370039,-0.0499085,0.236,-0.0875052,-0.399544,-0.105303,0.00800533,-0.016744,-0.701613,-0.0255499,0.0203936,0.0309168,-0.0469365,-0.0884656,0.683254,-0.820873,0.0368142,-0.0242348],[-0.363793,0.42924,2.45532,-0.2785,-0.816281,1.16441,-0.124834,0.0616361,-0.508919,-0.110443,-0.123238,-7.83912,-0.184228,-0.0407246,-2.04883,-1.41704,-0.679819,-0.0803462],[-0.038489,-0.0635577,-0.0294031,-0.00937608,0.0204128,-0.101378,-0.0207893,-0.0221621,-0.104995,0.000272188,-0.0710991,-0.550655,-0.012044,-0.0250388,0.224089,-0.0187717,-0.146094,-0.00415647],[-0.0871446,0.112438,-0.246418,0.14346,0.336881,-0.55882,-0.123004,-0.0983131,0.0975914,-0.231353,0.960763,-1.49962,-0.120447,-0.137492,-0.897239,-0.108974,-0.120025,-0.259562],[0.0262189,0.0421817,-0.0620477,-0.0233241,-0.0568608,-0.0786603,-0.0500672,0.00987801,-0.0952929,-0.0151087,-0.293339,-1.43653,-0.0109497,0.00127725,-0.258407,-0.111938,-0.351425,-0.0191758],[0.00706861,0.00630487,0.00450088,0.000461965,0.00342486,-0.0186687,-0.00393497,0.00310611,0.0306056,-0.000157367,0.0313088,0.0204351,-0.000396943,-0.000389635,0.00858254,0.0214003,0.00033537,-0.00157339],[0.232873,0.452774,-0.879574,0.0748647,1.26068,0.653791,0.0857439,0.000200529,0.569231,-0.00488186,-0.410516,2.00592,-0.130401,-0.113892,-1.10573,-0.247122,0.428114,-0.0972155],[-0.0486928,0.068489,0.916747,-0.28727,-0.0441471,1.60308,0.0451732,-0.00897295,-0.03289,0.142718,-0.705587,3.81221,-0.0597593,-0.044776,2.5363,0.579661,-0.102935,0.161622],[-0.0125558,-0.0210111,-0.0494399,-0.00870231,-0.0309189,-0.0407607,-0.00620551,0.000607978,0.00584457,-0.00805586,-0.0529619,-0.019703,-0.0107515,0.000875376,-0.16622,-0.0518544,-0.0148581,-0.00788083],[0.0261459,0.078444,-0.0243826,0.031168,-0.0827054,0.0374249,0.0130782,-0.00731609,-0.0483796,-0.0173047,-0.0586627,-1.18212,-0.00211155,0.0222874,-0.382906,-0.00790338,-0.000836208,-0.00364136],[0.00462528,0.0659481,-0.00883962,0.000531604,-0.0518358,0.114283,0.0763974,-0.0127139,-0.102117,0.00985805,-0.314869,-0.175501,0.0312729,0.0335531,-0.131773,-0.0732305,0.424442,0.0215805],[0.0927368,0.245871,-0.913044,0.193098,0.595656,-0.342086,0.0640252,0.0720803,0.323436,-0.0533719,0.113427,2.14925,0.0807743,0.159918,0.129494,0.730882,0.204771,-0.134127],[0.12911,-0.0346658,0.0771688,-0.0457153,-0.142188,0.219178,0.136265,0.00723548,0.319378,0.0488444,-0.223216,2.51897,0.0354157,-0.020862,0.5943,0.207424,0.158332,0.0164128],[0.104142,0.186558,-0.0958433,0.0260251,0.176483,-0.0639469,0.00242935,0.0218119,-0.0145988,-0.0135747,-0.131998,-1.21697,-0.00588082,-0.00659502,-0.0657576,0.0325642,-0.215021,-0.0147722],[-0.00575301,0.00746479,-0.0120189,-0.0187656,-0.0226569,0.0861116,0.0118824,0.00614814,-0.069486,-0.00418927,-0.044843,-0.108943,0.00658283,0.0089685,-0.088261,-0.00508488,0.0237878,0.00397555],[0.212683,0.0458792,0.288347,0.117983,0.0163143,0.239584,0.137959,0.0573378,0.128884,0.0442033,0.27118,1.67046,0.0454769,0.00884683,1.31715,0.320873,0.277273,0.0239398],[0.0314259,-0.0484787,0.0150436,-0.0172035,0.216283,-0.0535279,0.0233796,-0.0213259,-0.018124,-0.00748771,0.165802,0.207573,0.00301906,0.013173,-0.13214,-0.107974,0.0906615,-0.00062065],[0.0295663,0.028054,-0.0314626,-0.000803004,0.0822725,0.165577,0.0159463,-0.00568833,0.0173142,-0.00691485,0.00337723,0.310992,-0.00651341,-0.00649817,0.0437959,0.0338658,0.0214993,-0.00225557],[0.0570906,0.080838,-0.14257,-0.106856,0.249446,0.106309,0.0142973,0.00515447,0.198727,-0.0095565,0.0754433,-0.107655,-0.0219346,0.0171963,-0.318512,-0.00662847,-0.0212996,-0.00611256],[0.598694,0.0530091,-0.340238,0.0905042,0.346751,0.0896908,0.0886606,0.046578,1.39449,0.175242,0.736332,9.80922,0.245988,0.0540157,2.50029,1.55748,1.50274,0.0419443],[-0.032068,-0.0306196,0.0749371,0.0234175,0.00258661,-0.0533239,0.0103898,0.00103675,-0.0333359,0.00918952,-0.0947391,0.248741,0.0202798,0.00931206,0.010566,-0.102148,-0.0128817,0.00893931],[-0.0897048,0.272102,-0.0123372,0.0583925,-0.255987,-0.21186,-0.075626,-0.0261452,0.598062,-0.0475725,-0.14338,1.0986,0.0500872,-0.0513539,0.365221,0.221446,-0.201449,-0.0477708],[-0.02768,-0.00719747,-0.157755,0.0222214,-0.0207528,-0.0345712,0.0354329,0.00423393,0.0124276,-0.00671609,0.292772,0.671777,0.00772716,0.00480374,-0.0184727,0.00854501,0.225371,-0.00733425],[-0.00331457,0.00646134,-0.0014298,0.00313064,-0.00893039,0.00994478,-0.00327386,0.000328342,-0.0130168,0.000942943,0.0164984,-0.0198538,0.000635339,-0.00155735,0.0516841,0.00107642,0.000400633,0.000831059],[-0.203728,-0.0239208,1.30404,0.0285256,-0.81235,-0.0413973,-0.192486,-0.0608759,0.270465,-0.0168449,0.35601,4.59315,0.0579574,0.0620502,0.227573,-0.294864,0.129101,0.00642166],[-0.0960424,-0.235177,-0.79155,0.165469,-0.0874601,-0.417704,-0.212707,0.0538569,0.778288,-0.0313795,0.635655,-0.652067,0.0251671,-0.0571294,0.51636,-0.566915,-0.20305,-0.0605712],[0.00383182,0.000623342,0.0142269,0.00542429,-0.0102004,0.019099,0.00833869,-0.00163597,-0.016314,-0.00124455,-0.0219924,-0.00516609,0.000232766,-0.00276105,0.00172394,-0.0124276,0.00398397,0.00105248],[-0.0312405,-0.0759399,0.0212841,-0.0531764,0.0715058,0.137877,-0.0051383,-0.00297339,-0.0676133,-0.00592543,-0.0471307,-0.550644,-0.00670527,0.00899402,-0.324897,-0.0928507,-0.0614059,0.00847172],[-0.0280857,0.0208265,-0.0511364,0.0168631,-0.0430854,0.0119968,-0.0267172,-0.0100295,0.0641661,0.00469237,0.134581,-0.098043,0.00513091,-0.0125435,0.253503,-0.00325187,-0.0777539,0.00736898],[-0.122779,0.279395,-0.490062,-0.0467853,-0.459072,0.579125,0.0199922,0.0285542,-0.142137,-0.0615933,-0.260356,-2.70828,0.0818254,-0.0273733,0.363289,-0.410889,-0.0412479,-0.0769593]],"sigmahat":[[0.545356,0.278837,-0.186705,0.132087,0.628658,0.100554,0.0973912,0.0115911,-0.0615511,-0.0164588,0.0604552,-0.245994,0.0434394,0.0316839,0.158445,0.290704,0.0692603,-0.00319199],[0.278837,0.859877,-0.319268,0.134847,0.0368227,0.840155,0.0138589,-0.0408381,0.091608,0.0047934,0.344056,0.792964,0.0562252,0.0286607,0.312115,0.192757,0.0552339,0.012225],[-0.186705,-0.319268,4.48213,-0.295908,-0.421154,0.378338,-0.193012,-0.0135625,0.516859,0.0249835,-0.124546,1.48654,-0.0246729,-0.00970112,0.440686,0.28427,-0.129485,0.0164728],[0.132087,0.134847,-0.295908,0.222216,0.092172,0.0102517,0.0489617,-0.00171855,0.097483,-0.00212499,0.180709,0.0125829,0.0150631,-0.00491578,0.0437498,0.0405475,0.0557589,-0.00210367],[0.628658,0.0368227,-0.421154,0.092172,3.13612,0.430839,0.113103,0.0306164,0.0906857,-0.0142872,0.0346636,-3.32885,0.0218728,0.0304078,0.109436,0.0413666,0.140721,-0.00522414],[0.100554,0.840155,0.378338,0.0102517,0.430839,4.20552,0.0982267,-0.0707088,-0.243025,0.032196,-0.00259013,-1.82988,0.014492,0.0214032,0.367016,0.340682,-0.0846943,0.0274612],[0.0973912,0.0138589,-0.193012,0.0489617,0.113103,0.0982267,0.259098,0.028725,0.107385,0.0119206,-0.08685,1.39294,0.0480515,0.0394531,0.0982253,0.200826,0.43127,0.00522565],[0.0115911,-0.0408381,-0.0135625,-0.00171855,0.0306164,-0.0707088,0.028725,0.0491072,-0.0204908,0.00441587,-0.0493541,-0.326909,0.00606344,0.00744632,-0.0209813,0.0589951,0.00421216,-0.000635449],[-0.0615511,0.091608,0.516859,0.097483,0.0906857,-0.243025,0.107385,-0.0204908,3.31438,0.182172,1.04723,13.9921,0.146065,-0.107915,3.87631,1.49941,1.08497,0.0602758],[-0.0164588,0.0047934,0.0249835,-0.00212499,-0.0142872,0.032196,0.0119206,0.00441587,0.182172,0.0384437,0.0501118,1.35356,0.0140667,-0.0148381,0.530726,0.125381,0.0680277,0.0211649],[0.0604552,0.344056,-0.124546,0.180709,0.0346636,-0.00259013,-0.08685,-0.0493541,1.04723,0.0501118,2.74084,3.04837,0.000739124,-0.104846,1.58143,0.826203,0.656863,0.0327444],[-0.245994,0.792964,1.48654,0.0125829,-3.32885,-1.82988,1.39294,-0.326909,13.9921,1.35356,3.04837,156.799,1.66002,-0.276682,37.7025,10.1854,10.1993,0.83804],[0.0434394,0.0562252,-0.0246729,0.0150631,0.0218728,0.014492,0.0480515,0.00606344,0.146065,0.0140667,0.000739124,1.66002,0.0683356,0.035946,0.477202,0.173706,0.18193,0.0125101],[0.0316839,0.0286607,-0.00970112,-0.00491578,0.0304078,0.0214032,0.0394531,0.00744632,-0.107915,-0.0148381,-0.104846,-0.276682,0.035946,0.0741211,-0.521057,-0.0166791,0.0894378,-0.00277612],[0.158445,0.312115,0.440686,0.0437498,0.109436,0.367016,0.0982253,-0.0209813,3.87631,0.530726,1.58143,37.7025,0.477202,-0.521057,22.0807,4.59516,1.87368,0.384521],[0.290704,0.192757,0.28427,0.0405475,0.0413666,0.340682,0.200826,0.0589951,1.49941,0.125381,0.826203,10.1854,0.173706,-0.0166791,4.59516,4.01572,1.02482,0.0776536],[0.0692603,0.0552339,-0.129485,0.0557589,0.140721,-0.0846943,0.43127,0.00421216,1.08497,0.0680277,0.656863,10.1993,0.18193,0.0894378,1.87368,1.02482,2.54345,0.0410693],[-0.00319199,0.012225,0.0164728,-0.00210367,-0.00522414,0.0274612,0.00522565,-0.000635449,0.0602758,0.0211649,0.0327444,0.83804,0.0125101,-0.00277612,0.384521,0.0776536,0.0410693,0.0282864]],"n":18,"lags":3}