{"betahat":[[0.0381842,0.0577926,0.0149597,0.0258674,0.0751864,0.123859,0.0243979,-0.0121467,-0.776051,0.00411643,0.872325,-1.72166,-0.0150646,-0.00860328,0.924686,2.15288,-0.0134583,-0.172734,-0.175049,-0.0357581],[-0.0179887,0.0940417,-0.0125257,-0.00957344,0.0727274,0.304476,-0.0550994,-0.0213341,0.144363,0.0143207,0.0795661,-0.467846,0.00620195,0.0153162,0.0856434,0.150198,0.0195692,-0.250978,0.121678,-0.0137796],[0.0200887,0.0595691,0.177889,-0.0182942,0.0031892,0.138311,0.012156,-0.0175218,0.0879615,0.0154123,-0.00484258,0.941586,9.35268e-05,-0.0158933,0.45494,0.130531,0.00120883,-0.0704834,0.124221,0.0288065],[0.0102537,-0.0210847,0.0340376,0.0184895,0.00981547,-0.0170955,0.0148814,0.000730351,0.0757115,0.0102285,-0.00293512,0.167907,0.00286365,0.00138879,-0.0560043,-0.0170665,0.00527872,-0.110308,-0.0111566,-0.011222],[-0.118074,-0.212708,-0.213949,0.0296114,-0.0906913,-0.375537,-0.04184,0.00620502,-0.0162904,-0.0105373,-0.0248513,-0.47186,-0.0399186,-0.0725114,0.0494563,-0.295953,-0.0132509,0.260181,-0.0445598,0.0156113],[-0.00375806,0.0599307,-0.00510615,0.0160432,-0.0348473,0.140843,-0.00222629,-0.00246775,0.0702057,0.00295288,-0.0489003,-0.629786,-0.010185,-0.00386429,-0.316004,0.052679,-0.00530286,-0.0825759,-0.00634687,-0.00107648],[0.00917551,0.0243717,0.0388714,-0.0001063,-0.00922925,0.0482391,0.00791065,-0.00266285,-0.0552058,0.00348758,-0.0604502,-0.689623,-0.00756953,0.0006328,-0.182254,0.0454003,-0.000762452,-0.138048,-0.0631447,-4.02803e-06],[-0.114732,-0.243737,-0.0728366,0.00226732,0.032294,-0.182301,0.0222189,0.0306103,-0.349714,0.021588,-0.20862,-1.13362,0.0194521,0.0323134,-0.636427,-0.0804399,0.0303113,0.232306,-0.384863,0.0266686],[0.0048529,-0.209497,-0.567477,-0.0335931,0.0867033,-0.173725,-0.0179467,0.39925,-0.18905,0.0664729,0.150737,-10.8428,0.0195527,0.0314261,-0.0580809,0.579484,0.0372375,0.392483,-0.972493,-0.182607],[0.00497556,0.00292026,0.0129817,-0.00442321,0.00375431,0.0194059,-0.00239608,0.00109952,0.313028,0.00524908,-0.0257616,0.741743,0.00148785,0.00157416,-0.288318,-0.0815698,0.00226458,0.00574282,0.00573573,-0.00143099],[0.0778882,0.0546781,0.0924634,-0.0173168,0.0850167,0.354415,-0.0124023,0.0195008,-0.0924476,0.0729928,-0.193251,-1.15076,0.00508553,0.0384213,-0.852256,0.232712,0.03541,-0.50369,-0.257059,0.0216834],[0.00201188,0.00139166,0.0150589,-0.00127974,0.00768416,0.0126919,-0.00123986,-0.000652048,-0.0264834,0.00238675,0.178134,-0.000427458,-0.000483849,-0.00154673,0.386819,0.100174,-0.000730803,0.0137294,0.0097597,0.00118033],[0.000741207,-0.000244237,0.000122896,-0.000595998,0.00120572,0.00210857,0.000343497,-0.000576271,0.0172965,0.000523433,-0.00553581,0.126861,0.00044376,0.000203938,-0.00284367,0.00852457,0.0003264,0.000245253,0.00218572,0.000414371],[0.028459,0.0387112,-0.0276177,-0.0241057,-0.0316905,0.0290436,0.00193833,0.0047054,-0.0633395,0.0361574,-0.321235,0.489291,0.0503545,0.034773,-0.214468,-0.314939,0.03654,0.0813873,-0.100174,0.038516],[0.00811369,0.0304172,-0.069153,0.0018447,-0.0596486,-0.0921767,0.00334081,-0.00648691,-0.247457,-0.0033001,-0.341595,-1.61394,0.0231306,0.0449442,-1.43506,-0.0719807,0.0222458,-0.113625,-0.125108,-0.0123312],[0.00188024,0.0028894,0.000869911,-0.000428053,0.00282774,0.00789835,-0.000501037,-0.00018786,-0.0421761,0.0011545,0.0643551,-0.00355413,0.000243976,-0.000958077,0.271808,0.0382266,-0.000533557,0.00991648,0.00476084,0.00279611],[-0.00205081,-0.00212953,0.00122542,0.000739581,8.24638e-05,-6.30843e-05,0.00106046,0.00407852,-0.124976,-0.00102749,0.129798,0.281541,-0.000224657,0.00238575,0.177159,0.568233,0.00134913,-0.0173046,0.0180083,-0.00103077],[0.0616677,0.227779,-0.0568647,0.0213359,-0.024392,0.474078,-0.099433,0.00364427,0.0148421,0.0686531,-0.162882,-0.506115,0.0446431,0.0230418,-0.194772,-0.0716335,0.101641,-0.231517,-0.447304,0.030701],[0.0145761,0.028562,0.000165287,-0.0067983,0.00233559,0.0260298,-0.0073212,0.00289454,0.131916,0.0159701,0.0830905,1.41412,0.0156922,-0.0101991,0.859397,-0.107126,0.00550127,0.1631,0.0754942,0.0240179],[0.0162982,0.0161349,0.0153418,-0.00234866,0.0408511,0.0715621,-0.00641338,-0.015942,0.0819791,0.00597426,0.045041,1.04495,0.0054176,0.00199536,-0.0198461,0.148671,-0.00142719,0.0322411,0.0569549,0.0195933],[0.0191202,-0.104576,0.119263,-0.0559132,0.00129337,0.131708,0.0104614,-0.0749621,-0.839809,0.107403,-1.09972,2.59483,0.0250344,0.0169615,2.54859,0.122831,0.0390551,0.0588279,0.0393013,0.732844],[-0.0330674,0.0110663,-0.0398471,0.00240186,-0.00250954,-0.0083041,-0.0373682,-0.00385416,-0.0950055,-0.00194049,-0.0167154,-0.684334,-0.00841918,0.00599103,-0.303693,0.0375887,0.000525435,-0.0709538,-0.0611364,0.000292414],[-0.0249641,-0.0316811,0.00107327,-0.0115876,-0.0186593,0.0652604,0.00187925,0.000825084,-0.0398446,0.00585357,0.0169923,-0.202919,0.000671449,0.0052531,-0.0728689,-0.00160012,0.000296313,-0.0555062,0.0166957,0.0079966],[0.00648475,-0.00484737,-0.0150954,0.00551401,0.0133152,-0.0168005,0.00387879,0.000381006,0.0119265,0.00117738,0.0240846,-0.0596081,-0.00172531,0.000194499,-0.015445,-0.00307911,0.00065932,-0.0221041,0.00299302,-0.00262364],[-0.0173119,0.00206428,-0.0886456,-0.0231773,0.0727481,-0.0262891,-0.0615101,-0.0103624,-0.152378,-0.0136282,0.0159963,-0.924408,-0.0241329,-0.0165346,-0.169586,-0.0260752,-0.0113928,-0.0643674,-0.114031,-0.0116259],[-0.00594006,-0.00251209,-0.0105763,-0.000957808,-0.033554,-0.00261987,-0.0112734,0.00543556,-0.0202691,-0.000606942,-0.0204543,-0.241322,-0.0041946,-0.00244784,-0.0449506,0.0399566,-0.00283987,0.0309693,-0.0295418,-0.00358978],[-0.00443655,-0.00844121,0.00587314,0.00119533,-0.0172084,-0.00999842,0.00195075,0.00220654,-0.0239671,0.000802697,0.00343814,-0.224911,0.000472258,0.00256022,-0.0303112,0.013408,-0.000102538,-0.0306057,-0.0034741,0.00182327],[-0.00714322,-0.0194899,0.0219581,0.0146156,-0.0365881,-0.0531347,-0.00350963,-0.0105268,-0.199142,-0.000131475,0.00711907,-0.331297,-0.0104338,-0.00324061,-0.20032,0.0200752,0.0026482,-0.041634,-0.00899683,0.00511554],[-0.0500044,0.0471802,0.146473,-0.0176629,-0.126084,0.145516,-0.0352769,0.0547751,-0.171898,-0.00655384,0.146742,-3.50683,-0.0173151,-0.00756881,0.374547,-0.252656,0.00438753,0.11189,-0.249308,-0.0347888],[0.00037423,-0.000672708,0.000804868,-0.00136359,-0.000809675,0.00125963,-0.000557899,-0.000210822,0.0678718,0.000680567,-0.010064,0.130607,-0.000273674,0.000539947,-0.085525,-0.0229613,0.000237607,-0.00335702,-0.00449019,-0.000531244],[0.00178265,0.00387234,-0.00505048,-0.00859275,0.0227655,0.0398821,-0.00872895,0.00275308,0.00556868,0.00710678,-0.0924396,-0.473246,-0.00677017,0.00750965,-0.513037,0.00543975,0.00589894,-0.143272,-0.0748914,-0.00849947],[0.00159226,0.000816659,0.00519073,-0.000763979,0.00286452,0.00163202,-0.000135207,-0.00027986,-0.0125254,0.000602582,0.029927,-0.0379159,-0.00021049,0.000182035,0.0713925,0.028126,-0.000202346,-0.00466312,-0.0041172,1.72112e-06],[0.000240932,0.000105042,-0.000530416,-0.000146207,8.79586e-05,-6.92927e-05,5.79246e-05,-4.51089e-05,0.0036258,9.43596e-05,-0.00146954,0.0192477,6.61894e-05,0.000111831,-0.00275785,0.00238102,6.48301e-05,-0.000436099,0.00010287,6.78923e-07],[0.00980876,0.018766,-0.00395567,-0.00431536,0.0251465,0.0404338,0.00163817,-0.00125609,-0.015682,0.00745112,-0.090563,-0.0714945,0.00167548,0.00303314,-0.0950915,-0.0513955,0.00812764,0.00768559,-0.00298175,0.00851637],[-0.00901326,0.019386,0.0352513,-0.00321509,-0.0266629,0.03253,0.00199523,-0.00290605,-0.0610852,0.00314312,-0.113309,-0.0574897,0.00473915,0.00124209,-0.106393,-0.025196,0.00744093,0.0290146,-0.026925,0.00734468],[0.000504674,0.000372106,-6.17114e-06,-0.000447053,0.00041018,0.00150869,-0.000241629,-0.000161982,-0.0117128,0.000134826,0.0125698,-0.0128668,-8.5621e-05,0.000176916,0.0487072,0.0123952,-0.000172932,-0.000517991,0.00146203,0.000155571],[-0.000746621,-0.000563473,0.00128962,0.000518778,-0.00422756,-0.00723304,-2.60997e-05,0.00149231,-0.0285936,-9.76064e-05,0.0237801,0.0935506,0.000340444,0.000115443,0.0441905,0.130634,0.000690577,-0.00261306,-0.00213595,-0.000198269],[-0.00207833,0.0591804,-0.0222043,0.00325119,0.0353326,0.222931,-0.0234537,-0.00794402,-0.0493577,0.00922832,-0.000588428,-0.739583,-0.00193292,-0.00636773,0.0004126,-0.208877,0.0109722,-0.0275316,-0.16927,0.017931],[0.00325166,0.00726131,0.00282671,-1.67995e-06,-0.0112849,-0.00479086,-0.00392955,7.77623e-05,0.0372466,0.00427542,0.00285945,0.243751,0.00290908,0.000474692,0.148322,-0.0309867,0.00208649,0.0269881,0.0300903,0.0041145],[0.00769434,0.0101013,-0.0012116,-0.00364067,0.00147483,0.0189305,0.00398905,-0.00629949,-0.00767792,0.00110984,-0.0495295,0.113972,0.00151418,0.00331567,-0.0610268,0.0288446,0.000562527,-0.00539045,0.0503971,0.00778708],[-0.00819942,-0.0112585,-0.00761285,0.00317523,-0.00727623,-0.0809876,-0.0282923,0.00376072,-0.125198,0.00442115,-0.438278,0.285359,-0.00628932,0.00716469,-0.0783897,0.0180336,0.00662406,-0.0572559,-0.0697019,0.0913197],[-0.00785114,0.00801582,0.00383005,-0.00453512,-0.0307101,0.0401086,-0.000954892,-0.0061748,0.000940102,0.00232493,-0.0320003,0.0024653,-0.000578337,0.000603399,-0.133311,0.0121156,0.000203354,-0.0196609,-0.00185516,0.00228703],[-0.00254542,-0.0104992,-0.00252579,-0.00201296,0.00303049,0.0128484,0.0106209,0.0026202,-0.0136551,0.00202953,-0.0275216,-0.162817,-0.000251269,0.00414821,-0.131693,0.0214063,-0.000657365,-0.030217,-0.00505884,0.00218464],[0.00203624,0.00412548,-0.0113775,0.00171063,0.00357084,0.0109733,-0.0007739,-0.000589986,-0.014847,0.000331155,0.00543944,-0.0290087,-0.00118523,-0.000205827,-0.0417048,0.00409505,0.000209658,-0.0151013,-0.00909585,-0.000780837],[0.0177191,0.0102971,-0.0614159,-0.00174204,0.0329415,-0.0209301,0.0057559,0.00161547,0.00320026,-0.00431135,0.00733608,0.154299,-0.00269108,-0.00488289,0.108074,-0.037907,-0.00606296,0.020373,0.0544864,-0.00533325],[-0.00218632,-0.0115605,-0.00255982,-0.00282808,-0.000854283,-0.0044704,-0.00019599,-0.00237874,-0.0155415,-0.00122931,0.00246202,-0.0620938,-0.00234852,-0.00012145,-0.0657677,0.019372,-0.00132775,-0.0277762,0.0104199,-0.00288841],[-0.00172865,-0.0102156,-0.00168338,-0.000258291,-0.001365,-0.0136742,0.00159541,0.00101088,-0.00659073,-0.000557098,0.0116427,-0.0657339,-0.000226145,0.000860734,-0.00989856,0.00780939,-0.000593497,-0.00678046,-0.00550027,0.000969944],[0.00538912,0.0158245,-0.0122952,0.00993971,0.0217991,-0.00400105,-0.00973825,-0.00838412,-0.0218676,-0.00156939,0.0391958,-0.176269,-0.00447931,-0.00522206,-0.0439684,0.00592801,0.000573779,0.00843022,-0.0237832,3.47914e-05],[0.00928326,0.00807164,0.0439742,-0.0153156,-0.017468,0.0482257,-0.0250156,0.00688737,-0.00153511,-0.00443188,0.210687,-1.02792,-0.00100306,0.000846046,0.437175,-0.192729,0.000747706,0.114837,0.0364426,-0.0138207],[-0.00029462,-9.5663e-05,0.00272866,-0.000494363,-0.000608188,0.00141656,-0.000328345,-5.60306e-05,0.0251599,0.00025379,-0.00198344,0.0289444,7.64765e-05,0.00061687,-0.0394111,-0.00933779,0.000165837,-0.000943528,-0.00147017,-8.98253e-05],[-0.00257881,-0.00191053,0.0150557,-0.00536862,0.00545139,0.0243989,-0.00699142,-0.000350819,-0.0460056,0.00115142,-0.0290783,-0.151944,-0.00240735,0.00215201,-0.107511,0.0242399,0.000787811,-0.0573672,-0.0339741,-0.00379553],[0.00030018,0.000605146,0.00175847,-0.000192261,-0.000566922,-0.000905179,6.40898e-05,-0.000165898,-0.00461234,0.000399531,0.0186935,-0.00147258,9.79093e-06,0.000104223,0.0355138,0.0137691,5.95485e-05,-0.00083609,0.00270195,5.01777e-05],[-1.47818e-05,0.000130632,-0.000180664,3.01565e-07,-9.75252e-05,0.000324017,-9.74739e-05,-5.06229e-05,0.00144293,1.5157e-05,-0.000420122,0.00605495,1.68082e-05,5.05454e-05,-0.00164841,0.00103911,4.30888e-05,-0.000169502,-0.000103458,-7.33828e-06],[-0.00295317,0.00961736,0.00347011,0.000622372,-0.00743473,0.0469055,-0.00285196,-0.00122659,-0.0246471,0.00383251,0.00726787,-0.0233608,0.000156805,-0.00118501,0.0347236,0.0300298,0.00313412,-0.00389069,-0.0185167,0.00348961],[-0.00258891,0.000300453,0.0232731,0.00367969,-0.0178255,-0.0121181,0.00215284,-0.000613398,-0.0353056,0.00118135,-0.0394183,-0.0051941,7.44962e-05,-0.00435688,-0.0487067,-0.0345986,0.00355757,-0.0327221,-0.0264299,-0.00172083],[0.000167841,0.000394576,6.03577e-05,-0.000181935,0.000358743,0.00137592,-9.94815e-05,-0.000122408,-0.00706886,2.85792e-05,0.00549075,-0.0147376,-8.35358e-05,9.42314e-05,0.0195949,0.00613562,-0.000115437,-0.000502104,0.00047383,0.00012741],[-0.000265718,-0.000623692,-0.00040487,-0.000128785,-0.00143779,-0.00362124,0.000998237,0.0010933,-0.0126641,-0.000195754,0.0126402,0.0391557,0.000379567,-6.12198e-05,0.0249611,0.0572924,0.000243765,0.000496569,-0.000224862,-9.06373e-05],[-0.0107994,0.00617268,-0.00630797,0.00326364,-0.00230449,0.0237682,-0.0100873,0.00450777,-0.0461635,-0.000553399,-0.042754,-0.532689,0.000309469,-0.00053124,-0.0566707,-0.104238,0.00205248,-0.0171821,-0.0954084,0.00156713],[0.00344698,0.000240942,-0.00429784,-0.000703571,-0.00129574,0.00462251,0.000254735,-0.000169894,0.0118061,0.00146439,0.0222401,0.0435947,0.00103222,0.00158091,0.05166,0.0122152,0.000675694,0.00382247,0.0171441,0.00165599],[-0.000720662,0.00318134,-0.00754163,1.97231e-05,-0.00503624,0.00160054,-0.00182104,-0.00218884,-6.06942e-05,0.000115903,-0.00637985,0.00418287,-5.45693e-05,0.000456934,-0.0399368,0.0169265,0.000647536,-0.00563418,-0.00391575,0.00328645],[-0.0080982,0.00948516,0.000170788,0.00310302,-0.0236705,-0.0666929,-0.0200138,0.010143,-0.12044,-0.00667616,-0.41098,-0.0673884,0.00143599,0.0035994,-0.338277,-0.019773,0.00345367,-0.0845531,-0.0649401,0.0139062]],"sigmahat":[[0.4987,0.317305,0.00645428,0.04118,0.615772,0.484597,0.0542274,-0.0424103,0.241494,0.0412969,0.550998,2.29577,0.0201813,0.00515152,1.79795,0.789818,-0.00810813,-0.00540749,0.267454,0.037575],[0.317305,1.21353,0.105982,0.000819027,0.126861,1.82762,-0.174372,-0.151824,1.16567,0.0757308,0.710509,5.16085,0.0490922,-0.0104571,2.73756,0.204251,0.0363557,0.176748,0.548989,-0.00573436],[0.00645428,0.105982,4.08171,-0.187301,-0.150611,1.41413,0.0377426,-0.222586,1.30532,0.18209,0.265124,9.18819,0.015493,-0.00344183,2.81294,1.03302,0.0443912,-0.957449,0.454668,0.367579],[0.04118,0.000819027,-0.187301,0.208767,-0.0151147,-0.385829,0.0343702,0.0318133,-0.466206,-0.0308604,0.449642,-1.6503,-0.00756171,-0.0307642,0.471334,0.700575,-0.00107744,-0.0177272,-0.070758,-0.0764622],[0.615772,0.126861,-0.150611,-0.0151147,2.59717,0.956011,-0.00314726,-0.00951662,0.538117,0.0788849,0.97596,2.14061,0.00170185,0.00278513,2.26672,1.27889,-0.00593629,0.0730556,0.232584,0.0568518],[0.484597,1.82762,1.41413,-0.385829,0.956011,7.58704,-0.285571,-0.406944,3.31401,0.489909,-1.02134,16.038,0.0989301,0.09121,2.29091,-0.31167,0.18382,-0.474691,0.803223,0.640645],[0.0542274,-0.174372,0.0377426,0.0343702,-0.00314726,-0.285571,0.337164,0.0482462,-0.700057,-0.0182597,0.28978,0.0776103,0.0179839,0.0214718,0.390767,1.2758,-0.0199685,-0.138312,0.286829,-0.019828],[-0.0424103,-0.151824,-0.222586,0.0318133,-0.00951662,-0.406944,0.0482462,0.367871,-3.06059,-0.0525195,4.0716,-9.45965,-0.0106083,-0.0116723,6.86057,7.53721,-0.018663,0.416974,-0.367796,-0.509084],[0.241494,1.16567,1.30532,-0.466206,0.538117,3.31401,-0.700057,-3.06059,199.074,-0.0500935,-138.605,126.753,-0.216526,-0.416683,-401.184,-371.031,-0.329388,2.77639,-4.70951,-3.01323],[0.0412969,0.0757308,0.18209,-0.0308604,0.0788849,0.489909,-0.0182597,-0.0525195,-0.0500935,0.10367,-0.147417,2.68373,0.0171715,0.00688,1.3132,0.460163,0.0309152,-0.206315,-0.0663075,0.254802],[0.550998,0.710509,0.265124,0.449642,0.97596,-1.02134,0.28978,4.0716,-138.605,-0.147417,190.832,-56.2964,0.0690962,-0.517504,393.288,376.023,-0.279564,5.9455,8.403,-7.60867],[2.29577,5.16085,9.18819,-1.6503,2.14061,16.038,0.0776103,-9.45965,126.753,2.68373,-56.2964,771.496,1.57813,-0.831256,-66.8701,-61.8863,0.315401,6.53855,29.4004,12.8547],[0.0201813,0.0490922,0.015493,-0.00756171,0.00170185,0.0989301,0.0179839,-0.0106083,-0.216526,0.0171715,0.0690962,1.57813,0.053625,0.025664,1.14104,0.139483,0.0120281,0.177358,0.0931256,0.0635997],[0.00515152,-0.0104571,-0.00344183,-0.0307642,0.00278513,0.09121,0.0214718,-0.0116723,-0.416683,0.00688,-0.517504,-0.831256,0.025664,0.0788064,-1.53208,0.520769,0.0135678,-0.311064,-0.051633,0.0719197],[1.79795,2.73756,2.81294,0.471334,2.26672,2.29091,0.390767,6.86057,-401.184,1.3132,393.288,-66.8701,1.14104,-1.53208,1130.6,850.993,0.0993189,20.2371,24.5055,4.39451],[0.789818,0.204251,1.03302,0.700575,1.27889,-0.31167,1.2758,7.53721,-371.031,0.460163,376.023,-61.8863,0.139483,0.520769,850.993,948.36,0.417894,-6.37809,15.9178,-4.77971],[-0.00810813,0.0363557,0.0443912,-0.00107744,-0.00593629,0.18382,-0.0199685,-0.018663,-0.329388,0.0309152,-0.279564,0.315401,0.0120281,0.0135678,0.0993189,0.417894,0.0323754,-0.167728,-0.134088,0.110563],[-0.00540749,0.176748,-0.957449,-0.0177272,0.0730556,-0.474691,-0.138312,0.416974,2.77639,-0.206315,5.9455,6.53855,0.177358,-0.311064,20.2371,-6.37809,-0.167728,8.74788,1.85138,-0.619565],[0.267454,0.548989,0.454668,-0.070758,0.232584,0.803223,0.286829,-0.367796,-4.70951,-0.0663075,8.403,29.4004,0.0931256,-0.051633,24.5055,15.9178,-0.134088,1.85138,6.76715,0.425156],[0.037575,-0.00573436,0.367579,-0.0764622,0.0568518,0.640645,-0.019828,-0.509084,-3.01323,0.254802,-7.60867,12.8547,0.0635997,0.0719197,4.39451,-4.77971,0.110563,-0.619565,0.425156,2.55493]],"n":20,"lags":3}