{"betahat":[[8.99273,5.67341,16.5827,4.97234,12.3437,5.84071,-0.902196,3.69574,19.2867,3.22254,-15.1527,121.21,3.20285,1.40631,37.5582,28.5283,27.0048,5.34853,19.9974,-19.4617,1.69045,-0.177083,2.6706,2.0013],[-0.753373,-0.983153,-0.1486,-0.105158,0.42179,1.1847,0.243845,0.0143468,0.395528,0.0324015,-0.598086,1.68513,0.107672,0.284612,-4.25669,0.268223,-0.626947,0.00649353,2.14498,-0.221247,-0.006693,-0.276273,3.12732,0.0620342],[-0.936746,-1.07885,0.524688,-0.56592,-0.884231,-0.306803,-0.368091,0.0407726,-0.467156,0.0346064,-2.61548,3.57291,-0.103129,0.0121445,-3.77428,-0.462483,0.312099,0.000811091,0.967846,-1.47006,0.0140957,-0.43336,-1.5185,0.00120162],[-0.734864,-0.998775,-0.524951,-0.715463,0.24539,0.534001,0.0385736,0.0446745,-0.550908,0.044685,-3.62287,-5.73591,0.0484374,0.210025,-2.15546,0.102177,-0.327997,0.15314,10.5514,-0.952006,0.0370109,-0.499744,1.21736,0.105484],[0.705983,0.063165,-0.00047418,0.0424725,0.0837542,0.249034,-0.0778902,0.00804027,0.114854,-0.00340088,0.0581228,-1.26605,-0.0228098,-0.0109391,-0.330531,-0.0147652,0.0855766,-0.0186354,0.769699,0.269997,0.0137636,-0.0118373,-0.021523,-0.0151253],[0.0461103,0.74653,0.327316,-0.0670591,0.0467876,-0.241047,0.0726069,-0.00763037,0.269881,0.00911824,0.0710761,2.84039,0.0089732,-0.0380763,0.983991,0.109837,-0.0606104,0.000970651,0.547491,-0.0375104,0.00535366,0.218797,0.177193,0.0165697],[-0.0111928,0.0192763,0.7184,0.0134136,-0.009105,-0.0347587,0.00256984,-0.00288289,0.0413538,-0.00400242,-0.054937,0.0947063,0.00344621,-0.00284662,0.0649719,0.0174569,-0.00810267,0.000776238,0.151073,-0.0403637,-0.000756323,-0.080768,-0.0116964,-0.00769927],[-0.0714804,0.137478,-0.712965,0.568602,-0.0746085,-0.0854942,-0.00225729,-0.0128825,0.328113,0.0401299,-0.0665307,0.34304,0.000469027,-0.0168945,-0.0790952,0.0130228,-0.101618,0.0803429,0.999204,-0.0683416,-0.0166348,0.0270906,0.104677,0.00641823],[-0.0431097,0.110621,0.0381338,0.0247382,0.589626,0.17698,0.0197596,-0.00441811,0.072432,0.00439828,-0.00799392,-0.137272,0.0153282,0.00662661,0.103143,-0.0241709,-0.0091884,0.00907174,-0.274654,-0.0171999,0.00242749,-0.0858388,0.0922107,0.0043977],[0.00299956,-0.0401538,0.040597,-0.0178717,-0.0101757,0.680804,-0.00834685,-0.00340323,-0.00820008,0.00631604,-0.0635555,-0.0824917,0.00276246,0.0072358,-0.0933063,-0.00143487,-0.0143536,-0.00113915,0.289057,0.0945591,0.00311084,-0.113434,0.01771,-0.00283221],[0.0222325,0.12588,-0.0654812,0.0602907,0.0636361,0.0316762,0.887076,0.0205411,0.117117,0.0263202,-0.226743,0.377478,0.0337882,-0.0260755,0.901545,0.0239952,0.100723,-0.0148124,2.32972,-0.380061,0.0475445,0.305539,-0.221023,0.0277497],[-0.297113,-0.757898,-1.83303,0.125841,-0.280472,-1.25756,0.218138,0.762373,-1.95443,-0.271025,-0.501597,-7.22347,0.0192747,0.170788,-1.86412,-0.106943,0.455016,-0.0403087,-0.544049,0.68448,-0.0448033,0.0284235,-0.499688,0.0362177],[0.0505802,0.0739951,0.0501654,-0.0137065,-0.073041,0.0914854,0.00777445,0.0123799,1.00447,0.006618,0.0335783,0.600358,-0.0182847,0.00385974,-0.321155,0.00453078,0.00443338,-0.0084946,-0.764095,0.0368637,-0.00435928,0.0391829,0.0317205,-0.00436613],[-0.141355,-0.666934,0.570737,0.163486,-0.0995596,-0.741406,0.172768,0.0195286,-0.333486,1.1569,-0.977836,-1.07991,0.034503,0.155953,-2.39917,-0.522256,0.367458,0.176392,4.67972,-0.15098,0.0376899,-0.472872,-0.171385,0.128],[0.039874,-0.0115369,0.160298,0.0181397,0.0889647,0.0189545,0.0292147,-0.0200325,0.0456488,0.0127169,1.02373,0.00560711,-0.00172736,-0.0254696,0.575947,0.00954045,0.030148,0.0216275,0.564782,-0.0336164,0.000875982,0.0622995,0.0612927,0.0123932],[-0.0112341,-0.0138475,-0.00543148,-0.00500275,0.00371391,0.00312498,0.00346998,-0.00194536,-0.0148197,-0.0016438,0.0073215,0.835597,-0.00250699,0.000246529,-0.0514256,4.55806e-05,-0.00732252,-0.00351776,-0.111137,0.0209933,-0.000724513,-0.0159345,-0.00795037,-0.000514184],[-0.0695665,-0.125821,-0.88329,-0.0504255,-0.270091,-0.209103,-0.215911,0.00244406,-0.977888,-0.00873435,-0.611571,-7.41739,0.877303,0.0994879,-0.930522,-0.042275,-0.0751096,0.0619119,-3.06285,-0.171536,-0.00644519,0.39556,-1.0959,0.161932],[-0.162323,-0.237995,0.227252,0.293828,-0.142527,-1.78597,0.395163,-0.0393948,0.701551,0.0659136,0.179407,0.916445,-0.0355738,0.844473,-2.64547,-0.178489,-0.280119,-0.0504507,3.27391,-0.307868,-0.0150468,-0.0443964,0.47071,-0.103854],[0.00639019,-0.00637941,0.0356518,0.0153212,-0.00924731,-0.0383085,0.00559871,-0.000147796,-0.02044,0.00538825,0.00123187,0.0655539,0.0126902,0.00912105,0.975472,-0.0164369,0.0293066,0.00599398,0.222799,-0.0191227,-0.000728012,0.0464115,0.00523877,0.00788367],[-0.301201,-0.288417,0.328331,-0.0184297,-0.641102,-0.86788,0.0652093,0.0585735,0.570554,0.0707023,0.318631,0.552019,0.023447,0.0595884,-0.96636,0.461767,-0.0254821,0.0390959,-1.72727,0.366379,0.0823001,0.375851,0.323352,0.0255298],[-0.0347484,-0.162952,-0.188952,-0.0655297,0.355822,-0.286689,-0.088712,0.0350734,0.137592,-0.009321,0.121208,-1.22764,-0.040124,-0.02058,-0.229216,-0.180198,0.606811,-0.0322446,-0.21472,0.116817,-0.0196246,0.137123,-0.258959,-0.0237594],[0.299112,0.618367,-0.437909,-0.0164859,-0.0920464,1.20941,0.0942937,-0.0537935,0.303849,0.111109,0.716654,-1.85866,0.0112469,0.00870054,0.523962,0.0996042,-0.770756,0.987809,9.33672,0.978418,-0.0614155,-0.0787323,0.199677,0.0910659],[-0.0260279,-0.0296947,0.00194712,-0.00573939,-0.0142573,-0.00661945,-0.00556225,-0.00231266,-0.0122666,-0.000433624,0.022119,-0.182188,-0.00354754,-0.00104445,-0.0451027,0.00280848,0.0051691,-0.0138376,-0.307718,-0.0322718,0.000611578,-0.023605,0.00147425,-0.00174446],[-0.0295053,-0.0010359,-0.117171,0.0145561,-0.00193022,0.00580529,-0.0312389,-0.00262814,-0.15844,-0.0202658,0.0793506,-1.23415,-0.033352,-0.00490703,-0.382447,0.0500819,-0.00964354,-0.0176834,-0.25634,1.05967,-0.0123106,-0.15714,-0.106607,0.00148332],[0.578937,-0.57742,0.608125,0.0592947,-0.0725999,-0.891969,-0.335342,0.119335,-0.883227,-0.197962,0.216317,-2.61233,0.138425,-0.161917,4.73658,0.890723,0.449306,-0.0163798,4.98533,-1.02158,1.07618,0.898219,-0.167473,0.0423616],[0.0130663,0.148849,0.0656728,-0.0103064,0.0840697,0.273918,0.00723542,-0.0107684,0.139336,0.0398785,0.064121,1.88373,0.0172601,-0.0168543,0.573017,-0.00898765,-0.0866167,-0.00085286,-1.8481,-0.0307141,0.0279195,0.751427,0.167935,-0.00100835],[0.109612,0.0444486,-0.222094,0.0189129,0.429161,0.440144,0.0191841,0.00503655,-0.0212592,0.0127599,-0.0683262,-0.65577,0.0327214,0.0375934,-0.128916,0.225298,-0.306583,0.0313501,1.4685,0.116896,-0.000788684,-0.0390697,0.514387,0.0245203],[0.491363,-0.351656,2.08779,0.0984492,0.30162,0.0634578,0.058383,-0.0495551,-0.247728,0.0157842,-0.610807,3.35327,-0.239077,-0.149688,-0.383948,0.461039,-0.0692227,-0.00818359,-0.65184,0.450431,0.0351734,-0.0738209,-0.0117245,1.01554],[0.17369,-0.0344116,0.0134951,0.00706024,0.074693,-0.36354,-0.0366076,-0.000792258,-0.33772,-0.0148991,0.00866571,-0.409278,-0.013909,0.00217813,0.214817,-0.0576433,-0.018031,0.019976,-0.862268,-0.126376,-0.0170313,-0.0916669,-0.188034,-0.00367514],[-0.121847,0.0737739,-0.326048,0.0124787,-0.144533,0.229114,-0.0719849,-0.0119697,-0.29294,-0.00738355,-0.00739801,-1.37407,-0.0104232,0.0226202,-0.69984,-0.0654585,0.011466,-0.00281503,-0.685591,-0.00449697,-0.00798337,-0.19181,-0.0420385,-0.0121239],[0.00484597,-0.031421,0.305237,-0.00398053,0.0256818,-0.0132041,-0.00608026,0.00106092,-0.0267901,0.00169367,0.0579685,0.0339202,-0.00947919,-0.00791852,0.00344957,-0.011211,0.0132117,-0.00145801,-0.0547883,0.0232831,0.000805724,0.073005,-0.010766,0.0039081],[-0.044126,-0.103346,0.620626,0.347605,0.0888647,0.0441609,-0.0460554,-0.0138304,-0.114235,-0.0444306,0.183881,-0.905618,-0.00339446,0.0356945,-0.73717,-0.0129032,0.0193733,-0.0928951,-0.975827,0.088327,0.00472907,-0.168784,-0.069371,-0.0201535],[-0.00874424,-0.0810297,-0.0337896,-0.00242338,0.14807,-0.105816,-0.0272679,0.0214734,-0.0482436,-0.00174883,-0.0370026,-0.0744785,-0.0112295,-0.0126056,-0.00222391,-0.0148429,0.0338398,-0.000505972,0.323994,0.0296238,-0.00450961,0.208915,-0.106735,0.00193111],[-0.011492,0.0159464,0.0027924,0.0135533,-0.0494828,0.176939,-0.0133451,0.00551105,0.0177853,0.00339909,0.0592767,0.00577628,0.00318701,-0.00115152,0.109124,0.0128115,0.0116858,0.00892745,0.0405744,-0.030037,0.00154471,0.0997923,-0.0240884,0.00475686],[0.0126109,-0.0631802,0.103034,0.0325499,-0.233717,-0.121113,0.00798485,-0.00170618,-0.39096,-0.0373269,0.243139,-0.636907,-0.0221275,-0.00782109,-0.302775,-0.0075723,-0.0486032,0.0212052,-1.93067,0.269384,-0.0420426,-0.279122,0.0749366,-0.0284367],[-0.0511901,0.523418,2.01491,-0.0989108,-0.176193,1.12529,-0.159027,0.0201852,-0.547898,-0.104018,-0.0826635,-6.56656,-0.0757022,-0.0168126,-0.992184,0.177934,0.247467,0.10559,5.79301,-0.849577,-0.0405661,-0.530839,-0.661021,-0.0542838],[-0.0350669,-0.0679242,-0.0580103,0.0133535,0.0664584,-0.10827,-0.0135289,-0.00885581,0.0720723,-0.00546713,-0.0167558,-0.5321,0.00522221,-0.00871879,0.275526,3.0034e-05,0.0106181,0.00223492,0.124428,-0.0348055,-0.00156341,0.0701124,-0.00797574,-0.00303733],[-0.132299,0.00446266,-1.06965,-0.0643976,0.220591,-0.478473,-0.105387,-0.0195991,-0.0872271,-0.213874,0.218332,-1.35814,-0.0771219,-0.105093,0.543683,0.077969,0.282949,-0.0875937,-3.30721,-0.127309,-0.0278084,0.0749269,0.0563945,-0.145538],[0.00313739,0.0244876,-0.0776577,0.00436845,-0.0266494,0.00249444,-0.0294524,0.0143983,-0.0312633,-0.0129868,-0.0953314,-0.630907,0.00181111,0.0211029,-0.505894,0.00217571,-0.016801,-0.0153603,0.00814864,0.0316347,-0.000576095,-0.0463457,-0.0827219,-0.01234],[0.00847661,0.00481451,-0.000345988,-0.0018754,0.00362904,-0.00973725,0.000549592,0.00123378,0.00315125,-0.00273104,-0.00541616,0.0173804,0.00154058,0.00270368,-0.0176806,-0.00216186,-0.00619712,0.00127521,-0.0590369,-0.00224777,-0.000273304,0.0207933,0.011331,-0.00191639],[0.182144,0.286644,0.0672321,-0.123875,1.02719,0.545289,0.028441,-0.0146881,0.549627,0.0367713,0.217818,-0.916163,-0.066908,-0.0849596,0.0512542,0.190906,0.0691689,-0.0123309,-0.0732739,-0.0711415,-0.0106712,-0.0405445,0.360793,-0.0645569],[0.0928018,0.1646,0.92093,0.023983,-0.11588,1.04904,-0.026528,-0.00220216,-0.283126,0.0375438,-0.17642,1.06373,-0.0747054,-0.0621078,1.80019,0.0607535,-0.0395932,0.0277195,-0.899943,-0.119737,0.0215842,0.502993,-0.339578,0.0585089],[-0.00622563,-0.00211707,-0.0593698,-0.0105596,0.0166129,-0.00218616,-0.00661015,0.000586527,0.0285196,-0.000776513,0.00953008,-0.0833311,-0.0130463,-0.00389909,-0.0493453,0.00803727,-0.00321091,-0.00692482,-0.304762,0.0121136,-0.00113029,-0.0313966,0.000727239,-0.00705064],[0.250676,0.220827,0.0450496,-0.00417822,0.464799,0.52613,0.00569367,-0.0256501,-0.50575,-0.0755365,-0.0751731,-0.956664,-0.0037304,-0.0338864,0.700708,-0.0257835,-0.043629,-0.0462152,0.617027,0.017149,-0.0397322,-0.13228,-0.0698411,-0.0204773],[0.0743795,0.160291,-0.0107872,0.0451394,-0.239442,0.253529,0.0260587,-0.0290422,-0.100201,-0.0112065,0.0166723,-0.185071,-0.012836,-0.00529264,-0.207344,0.068159,-0.0699873,-0.00697602,0.440262,0.0894286,-0.000464864,-0.322391,0.127687,0.00583373],[0.0130156,-0.196,-0.272863,-0.13817,0.245096,-0.60271,-0.0678705,0.00944301,-0.310784,-0.0503175,0.308812,-2.51898,-0.0141115,-0.0196866,-0.68016,-0.0079632,0.0807166,-0.0132048,2.24866,0.20674,-0.0284005,-0.0825935,-0.542053,-0.0762947],[-0.00686354,0.00304341,-0.0229953,-0.00408751,-0.00514527,0.00209371,-0.000134642,0.00196905,-0.00224537,0.000195036,0.0296491,0.00762465,0.00270401,0.00252,0.0110657,0.00228983,-0.00355658,0.000179268,-0.129385,0.000232889,5.01239e-05,0.00829666,0.0121473,0.00116519],[0.00508485,0.00721485,0.197945,0.0174625,-0.0748026,-0.0738618,0.00724238,-0.00668236,0.143442,0.0219873,-0.0618882,1.39033,0.0171857,-0.00265619,0.354119,-0.005061,-0.0166697,0.00597726,0.093085,-0.0350536,0.00777734,0.0707512,0.0982521,0.00761887],[-0.399677,0.673976,-0.345044,-0.15507,0.355808,2.06517,0.217682,-0.0863802,0.384913,0.229839,0.278784,1.03919,-0.20377,-0.11097,-0.958463,0.235723,-0.759398,0.0526979,1.55536,0.0013361,-0.143126,-1.31155,-0.156941,0.0657154],[0.0128275,0.0707214,-0.0219725,0.0355668,-0.0914261,0.0470348,-1.27913e-05,-0.00515566,-0.0918174,-0.007618,-0.0566993,-0.924126,-0.0120545,0.0104446,-0.375779,-0.0355339,-0.0161016,-0.0198928,0.0337393,-0.0208859,-0.00471739,-0.0983772,-0.0166785,-0.00098178],[0.0561325,0.109868,-0.102522,0.0349904,-0.0647131,0.0776708,0.0228234,-0.00997,-0.0551147,0.00358589,-0.0695319,0.0621619,0.0179162,0.00943738,-0.00571862,0.105568,-0.0864928,0.00401614,0.62376,-0.0395476,0.0101116,-0.0188517,0.0420468,0.0133456],[-0.246644,0.160291,-0.943388,-0.0679576,-0.481135,-0.705104,0.146937,0.0228947,0.0549066,-0.0178893,0.179688,0.725482,0.221203,0.22671,-0.0914548,-0.0463796,-0.084896,-0.0551792,-3.06627,-0.367689,0.0245164,0.583554,0.450612,-0.113073],[0.119814,-0.0287704,-0.0128916,-0.0497207,-0.159538,0.114519,0.114472,-0.00735502,0.22212,0.0182691,-0.06671,1.67356,0.0366584,0.00873436,0.114636,0.0733687,-0.067357,-0.00145221,0.0933555,-0.14306,0.00325833,0.103309,0.209168,0.0187707],[0.0749466,0.178855,-0.00119473,0.0538304,0.0969607,0.0117229,-0.000490553,0.0194689,0.0216735,-0.00173133,-0.0635807,-1.46608,0.00137215,0.015412,-0.284836,-0.0427687,0.049855,0.00160522,0.1389,0.0436221,0.00263145,-0.0274462,-0.135257,-0.00440507],[0.00556385,0.0119356,-0.0288576,-0.00954444,-0.01774,0.0476186,0.00344577,0.00146584,-0.018271,0.00217544,-0.00288216,-0.13172,0.00572313,0.0104783,-0.0688295,-0.00427026,-0.00504088,0.000474835,-0.0905956,0.0196477,-0.000186479,0.00448064,0.0220842,0.00366342],[0.114739,-0.0341967,0.0922496,0.0830579,-0.0161005,0.0414817,0.0485078,0.0266614,-0.21398,0.0042562,-0.116876,0.565793,0.00299739,-0.0187983,0.815931,0.00116155,0.083281,0.0123528,-0.0217552,-0.0196052,0.0119568,0.142489,-0.0349935,0.0136861],[0.0513273,-0.0298226,-0.0039783,-0.0223374,0.260612,-0.0711384,0.0077633,-0.0170257,-0.0249923,-0.0026897,0.044407,0.209937,-0.00400507,0.00602888,-0.101504,0.0399396,-0.0245366,-0.00860001,-0.0450237,-0.0124101,0.00206978,-0.123908,0.0145416,-0.00630684],[0.00703588,0.0223595,-0.0437513,0.00336541,0.0568058,0.13733,0.021248,-0.00218418,-0.0121614,-0.00974612,0.00440654,0.0679748,-0.00631368,-0.00618502,-0.0190544,-0.010507,0.00380204,-0.00815113,-0.338586,-0.0633381,-0.00476692,0.0112353,0.00517203,-0.00193856],[-0.0363204,-0.0615313,-0.0413812,-0.0947997,0.167023,0.0896632,0.10563,-0.0195714,0.273791,0.0107327,-0.0126788,0.261374,-0.0115251,0.0335049,-0.592713,-0.00768016,-0.0454968,-0.00715513,-0.37212,0.113971,-0.00508745,-0.0226643,0.148099,0.000320302],[0.571964,0.092643,-0.304942,0.0859199,0.393484,-0.147374,0.0114917,-0.0224005,0.675934,0.0382786,0.477089,6.76455,0.153701,0.0304554,1.08947,0.105134,-0.0778633,-0.0176385,-2.98708,-0.487868,-0.000196247,0.993199,0.575466,-0.037133],[-0.0157389,-0.00627281,0.0175002,-0.00256383,0.00186788,0.0163821,0.00220245,-0.00298379,-0.0882624,-0.00172569,-0.022248,-0.0706846,0.0123372,0.0046184,0.0449523,-0.0102479,-0.0217079,0.00594431,0.576917,-0.00800935,0.00558106,-0.107722,-0.029501,0.00792663],[0.196048,0.270329,-0.0295887,-0.0790028,0.116787,0.28512,-0.0751742,-0.012675,-0.385879,-0.114292,-0.209322,-0.509476,0.00838837,0.0181964,0.0364971,0.128137,0.0740212,-0.0715943,-0.502827,0.0679427,0.0142798,-0.0670184,0.000881995,-0.0287964],[-0.0432472,-0.0142994,-0.0808854,-0.022512,-0.0619836,-0.0217369,0.000597747,0.0053492,-0.0154512,0.00114029,0.0715656,0.621146,-0.000639109,0.0035409,-0.0597951,-0.0126955,-0.00844633,-0.00694726,-0.578247,-0.000854172,-0.000262187,-0.00830326,0.0188875,0.000320488],[0.000948971,0.00471402,-0.0114671,0.00507023,-0.00606214,0.00349284,-0.00654385,-0.00131258,-0.011299,-0.000271618,0.00761573,-0.0834745,-0.00112009,-0.000870435,0.00955506,-0.00243481,-0.0095236,-0.00048885,0.0392576,0.00357291,-0.000131712,-0.00561696,-0.00964601,-0.0007988],[-0.311885,-0.180227,0.472111,-0.0503917,-0.37933,0.209061,-0.110515,-0.0338308,0.198566,0.0211863,0.489512,4.43555,0.0430529,-0.0439224,1.28942,0.0413099,0.175525,0.0399323,0.0832459,0.463232,-0.0224678,-0.17137,0.109469,0.0566533],[-0.179483,-0.176307,-1.15379,0.127102,-0.109352,-0.00572933,-0.146209,0.0107447,0.308157,-0.0845346,0.399244,-2.77545,0.00426903,0.0176326,-0.811081,0.0720022,0.226562,-0.04147,-1.6855,-0.243133,0.00468902,-0.471336,-0.0211337,-0.068992],[0.00154167,0.00655997,0.0164958,-0.000220481,0.00588346,0.0412303,0.00711591,-0.000733704,-0.0108052,-0.00238307,-0.00807614,-0.00295694,0.000161997,-0.00436958,0.046294,0.0128785,-0.0185696,0.00111941,0.120046,0.0227219,0.000779907,-0.0154298,-0.00262165,-0.000722241],[0.027406,0.117646,-0.367946,-0.00338993,0.0875756,0.377572,-0.0536508,-0.0450044,-0.0222305,-0.00195436,-0.242599,1.71432,-0.00671033,-0.0257659,0.533351,-0.173288,0.0113265,0.00636005,1.62398,-0.290846,-0.032223,-0.280744,-0.151791,0.00697392],[-0.0255694,0.0145517,0.203981,-0.0129062,-0.0782415,0.0463815,0.0199599,-0.0128767,0.0644323,-0.00375428,-0.00507846,0.685976,0.0175185,-0.000613228,0.3231,0.0239102,-0.115655,0.0044621,-0.594725,-0.116058,0.00384389,0.112646,0.133277,-0.00636596],[-0.0324123,0.0723649,0.575951,0.0643687,-0.254203,0.340038,-0.0141808,0.0385817,-0.141832,-0.0601405,-0.0614856,2.29905,0.0537997,0.0646185,0.541331,0.0474511,-0.0885966,-0.101623,-5.53729,0.012178,-0.00735457,0.64257,0.138855,0.043842],[0.00302534,0.00406225,-0.0140266,-0.00119951,-0.00634327,-0.00416415,0.00143256,-0.000286941,-0.00347339,0.00168449,0.0159968,0.0693199,0.00083027,-0.00270698,0.0625333,0.00346511,-0.00380316,0.000141477,-0.133772,0.000532532,2.41525e-05,0.00880212,0.00869313,0.00146744],[0.0232094,-0.00743261,-0.0867235,-0.0308212,0.0744122,0.0655696,0.0265375,0.00922856,0.0182501,-0.00139015,-0.0148993,-0.154403,0.016235,0.00758552,0.0247983,-0.0431593,0.0296835,0.0108693,0.16776,-0.0262379,0.00476886,0.0919259,0.0105881,-0.00940587],[-0.144627,0.136056,0.70482,-0.0135812,-0.115673,-0.546312,-0.0976032,0.133973,1.23748,0.0680851,-0.038695,3.91935,0.0622305,0.122039,-0.512516,-0.271871,0.297806,0.0218737,-4.35917,0.0479927,0.0268449,0.426259,0.106187,-0.0438603],[-0.00972492,-0.0521621,-0.0185552,-0.0325421,0.0670453,0.113703,0.000868109,0.00185416,-0.0600667,-0.00577064,-0.0362803,-0.424483,-0.000458893,0.0111097,-0.268527,-0.0461563,-0.0302475,0.00231684,0.486581,0.00758287,-0.00612581,-0.136877,-0.0433888,0.00410829],[-0.0514167,0.0182959,-0.0428268,-0.0153792,-0.0113374,0.0517441,-0.0126076,-0.00465833,0.0133532,-0.00211107,0.0124261,-0.0297349,0.00947392,0.00823211,-0.0281888,0.0586562,-0.0666688,0.001528,-0.11879,0.00180971,0.0042462,-0.062823,0.00771815,0.0170344],[0.00297575,0.188753,-0.49066,0.101919,0.114822,0.505366,-0.102345,-0.000364618,0.42498,0.00387191,0.0405409,-1.31465,0.0941039,0.0168967,0.0320892,0.00225559,-0.204515,0.0796671,1.70335,-0.0895496,-0.0116898,-0.322306,-0.0299093,-0.0793297]],"sigmahat":[[0.428291,0.141577,-0.0632662,0.0692427,0.479122,0.13285,0.0481169,0.013376,-0.0785567,-0.00683593,-0.0878241,-0.198142,0.0211359,0.0179176,0.114059,-0.00464146,-0.0442002,-0.000147906,0.541037,0.0474784,0.00251049,0.212533,0.0135291,-0.00551655],[0.141577,0.579649,-0.210898,0.0359787,0.0585326,0.530638,-0.0211459,-0.0232586,-0.0398218,0.00167357,0.0713805,0.113331,0.02124,0.00457174,0.0449406,0.0653691,-0.128773,0.0247265,1.53354,-0.0297949,0.00755677,0.0336074,-0.0587815,-0.000952135],[-0.0632662,-0.210898,4.62498,-0.0310458,-0.311267,0.532429,-0.0595397,-0.0133505,0.277971,0.0189801,-0.0951868,2.4111,-0.0147639,0.00722394,0.129079,0.0396857,0.040239,0.00516738,0.0781996,0.193967,-0.00356709,0.21921,-0.00418517,0.0132371],[0.0692427,0.0359787,-0.0310458,0.401897,0.0718461,-0.0390401,0.0369146,0.000109743,0.209338,0.0109906,-0.0376318,-0.0258291,0.00540586,-0.0112134,-0.0598569,-0.00411537,-0.0539058,0.0120159,0.410646,-0.107828,0.00376121,0.109424,-0.0479166,-0.0118835],[0.479122,0.0585326,-0.311267,0.0718461,2.29587,0.202134,0.0122274,0.0185562,0.207309,0.026167,0.0796345,-2.3245,-0.0210613,-0.00358133,-0.030615,-0.103322,-0.0601088,0.0452466,1.85725,0.215285,-0.0107256,0.102785,-0.137754,1.55814e-05],[0.13285,0.530638,0.532429,-0.0390401,0.202134,3.18836,0.0999965,-0.0303506,-0.228868,0.00167328,-0.159458,-0.0664049,0.0125682,0.0190226,0.570922,0.134289,-0.325446,0.0284177,2.68737,0.344443,0.00245898,0.18212,-0.128122,0.0229886],[0.0481169,-0.0211459,-0.0595397,0.0369146,0.0122274,0.0999965,0.239924,0.027262,0.0267077,-0.000978255,-0.170113,1.06237,0.0313778,0.0262532,-0.0867331,0.0382615,-0.0253501,-0.00283508,0.489939,0.0585809,0.00650913,0.156848,0.228565,0.000904662],[0.013376,-0.0232586,-0.0133505,0.000109743,0.0185562,-0.0303506,0.027262,0.0365666,-0.0267086,-0.00196473,-0.0482131,-0.355161,0.00343462,0.00827345,-0.0885274,-0.0141506,0.0229472,-0.00800174,-0.439916,-0.00186733,0.000454102,0.0627153,0.00823317,-0.00230854],[-0.0785567,-0.0398218,0.277971,0.209338,0.207309,-0.228868,0.0267077,-0.0267086,3.04841,0.170917,0.791058,9.25315,0.0877526,-0.0328488,1.74796,0.0867827,0.00797617,0.0780306,-2.14254,-0.168824,0.0361743,1.08071,0.616965,0.0267628],[-0.00683593,0.00167357,0.0189801,0.0109906,0.026167,0.00167328,-0.000978255,-0.00196473,0.170917,0.0343229,0.0491751,0.792194,0.0045044,-0.00878137,0.226053,-0.00377656,-0.0121154,0.015534,0.00198837,-0.0396245,0.00298741,0.0628371,0.0323459,0.0108192],[-0.0878241,0.0713805,-0.0951868,-0.0376318,0.0796345,-0.159458,-0.170113,-0.0482131,0.791058,0.0491751,1.28187,1.11683,-0.0171132,-0.0665307,0.998582,0.00048483,0.0683984,0.00349377,-2.03253,0.0750895,-0.013442,0.321315,0.0601985,0.000273485],[-0.198142,0.113331,2.4111,-0.0258291,-2.3245,-0.0664049,1.06237,-0.355161,9.25315,0.792194,1.11683,105.785,0.931803,-0.0738502,21.3006,1.27108,-0.741288,0.379736,-14.5623,-0.710503,0.218289,5.86563,6.42549,0.622961],[0.0211359,0.02124,-0.0147639,0.00540586,-0.0210613,0.0125682,0.0313778,0.00343462,0.0877526,0.0045044,-0.0171132,0.931803,0.0501138,0.0298858,0.262018,0.00810931,-0.0268113,0.0102068,0.340733,-0.0371584,0.00709895,0.110865,0.0869795,0.00801198],[0.0179176,0.00457174,0.00722394,-0.0112134,-0.00358133,0.0190226,0.0262532,0.00827345,-0.0328488,-0.00878137,-0.0665307,-0.0738502,0.0298858,0.0510571,-0.298084,-0.00138332,-0.0205353,-0.0032176,0.148492,0.0312113,0.00367587,0.0222793,0.0220894,0.000196674],[0.114059,0.0449406,0.129079,-0.0598569,-0.030615,0.570922,-0.0867331,-0.0885274,1.74796,0.226053,0.998582,21.3006,0.262018,-0.298084,14.7832,0.0550659,-0.00561645,0.196511,-2.22005,-0.397667,0.051663,2.36764,1.36655,0.193683],[-0.00464146,0.0653691,0.0396857,-0.00411537,-0.103322,0.134289,0.0382615,-0.0141506,0.0867827,-0.00377656,0.00048483,1.27108,0.00810931,-0.00138332,0.0550659,0.31758,-0.108737,-0.00239533,0.300549,0.119229,0.0130077,-0.0301764,0.0903183,0.0131471],[-0.0442002,-0.128773,0.040239,-0.0539058,-0.0601088,-0.325446,-0.0253501,0.0229472,0.00797617,-0.0121154,0.0683984,-0.741288,-0.0268113,-0.0205353,-0.00561645,-0.108737,0.470983,-0.0258551,-0.105134,0.0491742,-3.63268e-06,0.0849751,0.0213594,-0.0154912],[-0.000147906,0.0247265,0.00516738,0.0120159,0.0452466,0.0284177,-0.00283508,-0.00800174,0.0780306,0.015534,0.00349377,0.379736,0.0102068,-0.0032176,0.196511,-0.00239533,-0.0258551,0.0422328,0.707314,-0.0267473,0.00348368,0.00488693,-0.0103777,0.00910567],[0.541037,1.53354,0.0781996,0.410646,1.85725,2.68737,0.489939,-0.439916,-2.14254,0.00198837,-2.03253,-14.5623,0.340733,0.148492,-2.22005,0.300549,-0.105134,0.707314,78.8238,1.31497,0.0950518,-3.38785,-1.70296,0.0396102],[0.0474784,-0.0297949,0.193967,-0.107828,0.215285,0.344443,0.0585809,-0.00186733,-0.168824,-0.0396245,0.0750895,-0.710503,-0.0371584,0.0312113,-0.397667,0.119229,0.0491742,-0.0267473,1.31497,1.53213,-0.0103799,0.0184715,0.189446,0.0131115],[0.00251049,0.00755677,-0.00356709,0.00376121,-0.0107256,0.00245898,0.00650913,0.000454102,0.0361743,0.00298741,-0.013442,0.218289,0.00709895,0.00367587,0.051663,0.0130077,-3.63268e-06,0.00348368,0.0950518,-0.0103799,0.00783838,0.0313805,0.0211711,0.00134846],[0.212533,0.0336074,0.21921,0.109424,0.102785,0.18212,0.156848,0.0627153,1.08071,0.0628371,0.321315,5.86563,0.110865,0.0222793,2.36764,-0.0301764,0.0849751,0.00488693,-3.38785,0.0184715,0.0313805,2.64425,0.529726,0.0149734],[0.0135291,-0.0587815,-0.00418517,-0.0479166,-0.137754,-0.128122,0.228565,0.00823317,0.616965,0.0323459,0.0601985,6.42549,0.0869795,0.0220894,1.36655,0.0903183,0.0213594,-0.0103777,-1.70296,0.189446,0.0211711,0.529726,0.939518,0.0283683],[-0.00551655,-0.000952135,0.0132371,-0.0118835,1.55814e-05,0.0229886,0.000904662,-0.00230854,0.0267628,0.0108192,0.000273485,0.622961,0.00801198,0.000196674,0.193683,0.0131471,-0.0154912,0.00910567,0.0396102,0.0131115,0.00134846,0.0149734,0.0283683,0.0238584]],"n":24,"lags":3,"seasonalRows":3}