{"betahat":[[0.794702,2.71521,0.0362016,0.677079,-2.67295,1.29519,0.572807,0.251247,-1.37864,0.197423,3.04102,7.95001,0.119755,0.269779,-1.16974,6.75615,0.00978702,0.21436,1.59205,0.249622],[0.728977,0.0975277,0.0530569,-0.0196082,0.100401,0.54288,-0.0924304,-0.0163664,0.0390426,-0.0305228,0.384123,-1.64357,-0.0239568,-0.0108722,0.283881,0.498631,0.0110835,0.00438822,0.204421,-0.0389251],[0.0742501,0.775267,0.502538,-0.00464779,0.12964,-0.118292,0.0361217,-0.0371618,0.417028,0.0341249,0.191708,3.60875,-0.0111848,-0.0579955,1.22521,-0.3692,0.00426414,0.173985,0.260975,0.0320887],[-0.0195058,0.0108154,0.801922,0.0425947,-0.0562723,-0.0985079,0.0161828,-0.00735295,0.00495455,-0.00396285,-0.137642,0.491324,-0.000875138,-0.00830264,0.0857296,-0.0562402,0.00556349,-0.0544429,-0.0193833,-0.0100247],[-0.135737,-0.208909,-0.794516,0.804871,-0.390867,-0.630063,0.0818526,0.0131629,0.0804773,-0.00896055,-0.709018,0.827842,-0.0177188,-0.0403808,-0.966303,-0.203118,0.00426735,0.176487,0.0589298,0.000147926],[-0.0591292,0.10658,-0.0306763,0.0285526,0.57584,0.168917,-0.0028462,-0.00956085,0.0872355,0.0121544,-0.12314,0.0744817,-0.00154029,-0.00722844,-0.0261963,-0.093766,-0.000153349,-0.167014,-0.0029436,0.0102816],[-0.0186266,-0.0439518,-0.00248251,-0.0300262,-0.060618,0.669426,-0.00586965,-0.00107364,-0.0545561,0.0055409,-0.0487515,-0.376297,-0.00174578,0.00255346,-0.115964,0.128802,0.00553072,-0.174138,-0.0385632,-0.00442915],[-0.107883,0.0118437,-0.0740688,0.181228,0.0988046,0.112307,0.958188,0.00973046,0.540181,0.0401205,-0.0869389,0.370449,0.0718099,0.074425,-0.311442,-0.271868,0.0787838,0.811246,0.0703361,0.0307683],[-0.072957,-0.469859,-1.87193,0.178802,0.340219,-1.39132,0.166054,0.790829,-0.676444,-0.0870177,-0.627651,0.668877,0.00766352,-0.00051581,0.354722,1.86496,-0.0467921,0.23924,-0.612894,0.0555373],[0.0697274,0.0973466,-0.0615196,-0.0147663,-0.00650566,0.179897,0.0045023,0.0199934,1.12073,-0.0085611,0.186087,0.181914,-0.0135396,0.0134853,-0.253097,-0.124808,-0.00911479,0.0907799,0.134771,-0.00486428],[0.172714,-0.499437,0.286115,-0.188897,-0.124317,0.655228,0.218317,0.151039,-0.898718,1.21436,-1.15454,-1.26817,0.0223588,0.243153,-0.964267,2.70103,0.0802739,-0.538046,0.244242,0.261473],[0.0053323,-0.0375283,0.246343,0.00177957,0.0656213,0.101123,0.0227894,-0.0145597,0.111196,0.023324,1.01165,1.08657,0.0125712,-0.00502298,0.39239,0.0362881,0.00146131,0.139535,0.189501,0.0284948],[-0.00413653,-0.0159806,-0.00729865,-0.00446624,0.0159086,0.0131071,0.00673111,-0.00308097,-0.0216959,-0.000655498,-0.04978,0.941467,-0.000897553,0.000560067,-0.0442481,-0.0154245,0.00052973,-0.0215514,-0.00448644,0.000731739],[-0.187876,-0.41014,-0.503114,-0.120731,-0.658997,-0.646884,-0.00622023,0.0403035,-0.918763,0.0129301,0.0309059,-8.99648,0.953601,0.0921757,-1.10071,-0.81227,-0.0234936,0.155226,-1.03676,0.082308],[0.0839945,0.130514,-0.182647,0.147734,0.0469329,-1.20109,0.138135,-0.0285055,-0.490796,-0.084123,0.306008,-2.31504,0.047162,1.00042,-1.73491,-0.361418,-0.0428857,0.34639,0.415002,-0.0893639],[0.0103553,0.0306729,0.0376327,0.00847155,0.0205553,0.0177658,-0.000927048,-0.000895705,0.00177507,0.00880552,0.0787063,0.06128,0.0115612,0.0043956,1.10806,-0.0131814,-0.00441816,0.063357,0.0154496,0.00754809],[-0.0169893,-0.0464132,-0.111708,0.00603421,0.101777,-0.020984,-0.0204196,0.00583772,-0.0870972,-0.00876553,0.0332423,-1.11834,-0.0241769,-0.0053083,-0.339282,1.0056,-0.0105909,-0.0818642,-0.108713,-0.00816621],[0.182805,-0.836823,0.764611,0.0457096,0.409702,-1.92903,-0.154411,0.117101,0.343316,0.00373923,1.05486,4.69951,0.230117,-0.220847,6.57147,2.01899,1.23711,1.64167,0.916722,0.0127777],[0.0642496,0.181155,0.0644057,0.0316209,0.0950519,0.214111,-0.00613245,-0.00849679,0.0428677,0.0302542,0.0271653,1.26416,0.0128181,-0.0190202,0.4082,-0.21979,0.0167779,0.767987,0.0466433,-0.00442384],[0.0449039,0.0403108,-0.0539222,0.0566902,0.140716,0.130292,0.0117562,0.00887704,0.00989527,0.0203102,-0.0240986,0.590983,0.00134053,-0.00098003,-0.155672,-0.278501,0.00596151,-0.168831,0.210904,0.0128824],[0.0964549,-0.397013,1.73552,-0.142112,-0.133046,-0.0601894,-0.0527445,-0.113781,0.156424,0.114639,0.099863,3.17956,-0.109063,-0.108631,0.170501,1.48534,0.00372303,-0.110419,0.16693,1.16818],[0.130833,-0.105184,-0.117505,0.0593779,0.0884423,-0.835152,-0.0518593,0.0108159,-0.344172,-0.018101,-0.145581,-0.961179,-0.0116045,0.0219852,-0.710188,-0.191899,-0.0221282,-0.19966,-0.353751,0.0219283],[-0.192345,-0.00477082,-0.43133,-0.0260901,-0.293045,0.162453,-0.0397359,0.0169684,-0.398011,-0.0209404,-0.0516641,-2.31782,0.0151569,0.0625704,-1.09661,0.199628,-0.00595305,-0.184168,-0.0405435,-0.0176638],[0.0259466,-0.0209603,0.213793,-0.022008,0.0871152,0.0162055,-0.0258047,0.00131069,0.081363,0.00830243,0.194967,-0.372784,-0.00429474,-0.000734821,0.0270186,0.0824557,-0.00303681,0.0782294,0.00900513,0.00574304],[-0.088964,0.179309,0.448924,0.0712611,0.371622,0.37916,-0.210004,-0.0696103,-0.17065,-0.0381855,0.422904,-2.61783,-0.0236327,0.0414373,-0.443652,0.266277,-0.00135088,-0.436548,-0.299164,-0.0258454],[0.0219644,-0.048658,0.00545061,-0.0103101,0.188187,-0.0809746,-0.0214917,0.0293134,-0.070009,-0.00445836,-0.0426445,-0.298734,-0.00133833,-0.00581191,0.127057,0.101965,-0.00645265,0.279199,-0.0884373,-0.00935268],[-0.0131068,0.0102847,0.0363166,0.0300582,-0.0284621,0.143921,-0.00877747,0.00649577,0.045077,0.00286026,0.0473234,0.150425,0.0093989,0.00279517,0.110646,-0.083542,-0.000530705,0.154528,0.025074,0.00719743],[0.0533894,-0.0533077,0.169553,-0.07199,-0.347834,-0.118033,0.0293614,-0.0125676,-0.770041,-0.0302479,-0.024857,-0.53868,-0.0620184,-0.084058,0.320313,0.0332731,-0.0638902,-0.883949,-0.102642,-0.0299483],[-0.414608,0.325019,2.51455,-0.313531,-0.733444,1.20228,-0.143626,0.0698777,-0.637877,-0.119302,-0.0698157,-8.62277,-0.193071,-0.06145,-1.81907,-0.418569,-0.0107008,-1.32863,-0.713403,-0.0865735],[-0.0399173,-0.0745518,-0.0130008,-0.0114795,0.011248,-0.144135,-0.018913,-0.0192393,-0.101278,-0.00110004,-0.0902841,-0.56092,-0.00871256,-0.0224407,0.226753,0.111892,-0.00344397,0.00706636,-0.129082,-0.00457862],[-0.0830544,0.148432,-0.117536,0.13841,0.244633,-0.674973,-0.127109,-0.105942,0.141757,-0.226261,0.91385,0.406619,-0.0828441,-0.118049,-0.541021,-1.57469,-0.110762,0.00914216,0.0366768,-0.250093],[0.0307188,0.0346575,-0.0851651,-0.0248291,-0.0232321,-0.065303,-0.0564261,0.0118977,-0.129886,-0.0165834,-0.292248,-1.7043,-0.0154042,-0.00499187,-0.231204,-0.0776542,-0.00150938,-0.113447,-0.392803,-0.0211262],[0.00743641,0.00705317,0.00700163,0.00107624,-0.00152627,-0.0241468,-0.00359752,0.00304994,0.0364836,-0.000248181,0.0346886,0.0594971,0.000289752,0.000510134,0.00495599,-0.000152583,-0.00089228,0.0234821,0.00266986,-0.00159671],[0.303951,0.425022,-1.00541,0.115744,1.46567,0.646225,0.106755,0.00897552,0.647263,0.00315801,-0.322183,2.39607,-0.111872,-0.180555,-0.0889008,-0.270056,0.0037294,0.00647434,0.457632,-0.0902207],[-0.0302206,0.0098475,1.10523,-0.310239,-0.0149556,1.51473,0.0229715,-0.0116756,-0.139601,0.122388,-0.79859,3.39281,-0.0821783,-0.0175777,1.95709,0.256795,0.0427869,0.489484,-0.232037,0.150962],[-0.0152208,-0.0303901,-0.0547021,-0.01259,-0.0190255,-0.0435515,-0.00725488,0.00206249,0.0119796,-0.00753969,-0.0512275,-0.0479867,-0.0116801,-0.0017987,-0.131704,-0.0373285,0.000660426,-0.0506077,-0.0187193,-0.00870818],[0.00784618,0.0378126,0.150075,0.000424313,-0.147779,-0.029591,-0.00351264,-0.00771292,0.0821643,0.0117307,-0.0448396,1.20653,0.0147743,9.1572e-06,0.342089,0.00461921,0.00863119,0.00225344,0.0384416,0.0109249],[-0.219337,0.62711,-1.50826,-0.0699648,0.486621,2.82222,0.187573,-0.148025,-0.677024,0.0471603,-0.335581,-5.1289,-0.28349,-0.0675459,-2.92481,-2.66469,-0.245507,-1.85471,-0.754613,-0.00283864],[0.0230168,0.0972939,-0.0481291,0.0351272,-0.0553126,0.0801775,0.00621284,-0.00857896,-0.0689925,-0.0171388,-0.0631367,-1.41542,-0.00702651,0.0245355,-0.504621,-0.0645295,-0.00965465,-0.0467984,-0.0189287,-0.00397496],[-0.00305619,0.0668182,-0.0219428,0.0062044,-0.0643676,0.11826,0.0701444,-0.0151325,-0.13893,0.00776666,-0.344498,-0.538454,0.0253608,0.0408955,-0.340053,-0.243878,0.0218412,-0.119218,0.369454,0.0227839],[0.123233,0.286515,-0.992408,0.220085,0.414611,-0.462736,0.111091,0.0661586,0.355919,-0.0480241,0.236234,2.58583,0.100092,0.198537,-0.2586,-1.04062,0.0232381,1.05097,0.248417,-0.12307],[0.140174,0.00762544,0.0644576,-0.0397923,-0.188774,0.292276,0.144313,0.00555328,0.305137,0.0486302,-0.238585,2.60483,0.0355598,-0.0111115,0.426352,-0.306798,0.0110468,0.195245,0.149388,0.0169933],[0.118075,0.229414,-0.07116,0.0306933,0.16355,-0.0442082,0.00365674,0.0202032,-0.0190194,-0.0131729,-0.14017,-1.29084,-0.00397653,-0.00457507,-0.128519,0.169474,0.00169359,0.0101064,-0.220354,-0.0144297],[-0.00643017,0.0101067,-0.0158118,-0.0205994,-0.0306732,0.0823024,0.00966468,0.00604505,-0.086423,-0.00433238,-0.0574672,-0.118591,0.00516367,0.00904172,-0.112813,-0.0263073,-0.0025262,-0.0239376,0.0104494,0.00427226],[0.224685,0.0295412,0.345607,0.123829,0.0193702,0.250871,0.128185,0.0564544,0.0902167,0.0471547,0.286033,1.79016,0.0413505,-0.00105716,1.41008,-0.0632901,-0.00291189,0.260032,0.240316,0.0256916],[0.0371473,-0.0579468,0.0252245,-0.0182597,0.236005,-0.0879343,0.0243682,-0.0197506,-0.0172019,-0.00768853,0.165768,0.224401,0.00287888,0.0130417,-0.100784,-0.00826154,0.00660702,-0.11219,0.09146,-0.000931562],[0.0317079,0.0335588,-0.0337689,-7.53596e-05,0.0891944,0.186513,0.014673,-0.00540751,0.00940433,-0.00839385,0.00127956,0.225619,-0.00766125,-0.00534737,0.0053055,-0.0453081,-0.00499699,0.0194878,0.0135076,-0.00277395],[0.054578,0.0413131,-0.0954424,-0.109382,0.249884,0.00537729,0.0126285,0.00283987,0.230088,-0.00982552,0.111492,0.169714,-0.00975447,0.00965642,-0.00752276,0.238129,-0.0148572,0.0726318,0.0329991,-0.000822688],[0.603858,-0.0289577,-0.507647,0.0931681,0.58859,0.0158529,0.0125516,0.0513341,1.23421,0.142105,0.746702,7.62626,0.188751,0.0425855,1.95303,-1.9172,0.0223338,1.30334,1.21264,0.0116736],[-0.0298294,-0.0226134,0.0748037,0.0262157,-0.0054124,-0.0355161,0.0140736,-0.000712459,-0.0204508,0.00957829,-0.095785,0.374162,0.0222008,0.00898211,0.0249045,0.0131081,0.0125232,-0.0975595,-0.00657606,0.00944442],[-0.0710349,0.25944,-0.041621,0.0777138,-0.0220425,-0.148092,-0.0783389,-0.0252202,0.459342,-0.0526705,0.0256111,-0.273101,0.0441414,-0.0636568,0.364137,-0.77885,0.00844737,0.159067,-0.189057,-0.058694],[-0.0360938,0.00254831,-0.160965,0.0229184,-0.0417918,-0.0360366,0.0339223,0.00268808,0.0189162,-0.00667674,0.279927,0.620563,0.0028562,0.0100384,-0.16069,0.0406564,7.32209e-05,-0.0262295,0.203807,-0.00738089],[-0.0030241,0.00916849,-6.79586e-05,0.00355336,-0.013823,0.0126551,-0.00365438,0.000129484,-0.0173808,0.000580315,0.0141592,-0.0292253,0.000388003,-0.000866672,0.0322954,0.0148944,0.000349743,-0.00224561,6.94488e-05,0.000680087],[-0.218795,-0.0403676,1.4728,-0.00839939,-0.859864,0.0365722,-0.163265,-0.0695743,0.515813,0.016542,0.454655,6.64543,0.103848,0.0222694,1.63942,1.26154,0.0148024,0.0716778,0.416543,0.0268004],[-0.104531,-0.163145,-0.894633,0.207195,-0.196974,-0.355687,-0.202074,0.0446382,0.755366,-0.0397735,0.57289,-1.12648,0.0135766,-0.0311291,-0.144272,0.270447,0.0058288,-0.721649,-0.309092,-0.0599833],[0.00512352,-0.00074634,0.017155,0.00386325,0.000905918,0.0256712,0.00889511,-0.00115224,-0.0138091,-0.00112477,-0.0284227,-0.0110411,0.000147676,-0.00248504,0.0242451,0.0499575,0.00372159,-0.0137733,0.00478682,0.00114343],[0.00903001,0.00695197,-0.0413122,-0.00586826,0.0443008,0.0445713,0.0251675,0.00189395,0.0121621,-0.00386545,0.0104243,-0.0429257,0.0100523,0.00544644,-0.00806643,-0.0252649,0.00195235,0.0776642,0.076196,-0.00355763],[0.0101444,0.0981455,0.751385,-0.0389379,-0.548085,-0.794847,-0.101915,0.0719861,0.478582,-0.0329041,-0.753524,-0.169097,0.0528919,0.234945,-2.30247,0.334165,0.00850617,0.254696,-0.302448,-0.016774],[-0.030293,-0.0764224,0.0222813,-0.050778,0.0627199,0.138606,-0.0121452,-0.00340582,-0.0859206,-0.00643431,-0.0457754,-0.625848,-0.00882517,0.00944808,-0.382907,-0.0251915,-0.00931133,-0.131681,-0.0916987,0.00888558],[-0.0345445,0.0267615,-0.0799125,0.0232721,-0.0494284,0.0207057,-0.0271191,-0.0124786,0.0386724,0.00366962,0.124909,-0.39258,-0.000479235,-0.00713341,0.0642969,-0.0426676,0.00359223,-0.0599965,-0.125723,0.00805305],[-0.149418,0.220872,-0.671335,-0.0472378,-0.389446,0.587799,-0.00592384,0.0264836,-0.325696,-0.0583279,-0.256113,-4.01485,0.0550821,-0.0517615,0.207719,-0.382123,-0.0176928,-0.642536,-0.227871,-0.073957]],"sigmahat":[[0.511286,0.258373,-0.193558,0.127696,0.597655,0.088007,0.0809516,0.0110065,-0.056926,-0.0149339,0.0601535,-0.382971,0.0361179,0.0260077,0.108265,-0.00171666,-0.00780803,0.272027,0.0260542,-0.00305861],[0.258373,0.766516,-0.331638,0.122978,0.104373,0.765617,-0.00645957,-0.0350244,0.0860217,0.00200916,0.37288,0.586709,0.0497358,0.0172822,0.413843,-0.241203,-0.00201666,0.188195,0.0306022,0.0085226],[-0.193558,-0.331638,4.11772,-0.27525,-0.317608,0.371138,-0.175028,-0.0103913,0.403359,0.0135406,-0.0680597,0.565498,-0.0389058,-0.0125085,0.195562,0.522954,0.00717399,0.227617,-0.174298,0.00734077],[0.127696,0.122978,-0.27525,0.208265,0.0907311,0.00647035,0.0500696,-0.00126724,0.103113,-0.000926902,0.15937,0.05299,0.0164008,-0.00484111,0.0930466,0.0681645,0.00339977,0.0487609,0.0628432,-0.00189772],[0.597655,0.104373,-0.317608,0.0907311,2.81402,0.416134,0.0953957,0.015515,0.139508,-0.0107738,0.0162983,-2.56051,0.0230253,0.0378602,-0.129801,0.114019,-0.0266434,0.0161331,0.125742,0.00413239],[0.088007,0.765617,0.371138,0.00647035,0.416134,3.96488,0.0471144,-0.068489,-0.223919,0.0252796,0.0679231,-1.54147,0.00535416,0.0110717,0.431425,-0.554069,-0.0279757,0.31617,-0.118464,0.0230189],[0.0809516,-0.00645957,-0.175028,0.0500696,0.0953957,0.0471144,0.237445,0.0320417,0.09832,0.0118171,-0.0772792,1.17113,0.0396568,0.0328183,0.0911869,0.210352,0.0124808,0.202813,0.379208,0.00367119],[0.0110065,-0.0350244,-0.0103913,-0.00126724,0.015515,-0.068489,0.0320417,0.0456466,-0.0175492,0.0053654,-0.0515521,-0.263369,0.00596952,0.00763652,-0.0341965,0.110948,0.00238221,0.0534243,0.00587059,0.000478896],[-0.056926,0.0860217,0.403359,0.103113,0.139508,-0.223919,0.09832,-0.0175492,3.03776,0.167491,0.968916,12.4706,0.123637,-0.101349,3.39504,-0.403032,0.0568804,1.31759,0.950417,0.0558025],[-0.0149339,0.00200916,0.0135406,-0.000926902,-0.0107738,0.0252796,0.0118171,0.0053654,0.167491,0.0344654,0.0483141,1.22642,0.0124482,-0.0132363,0.46897,-0.0188277,0.00728036,0.117334,0.0629897,0.01843],[0.0601535,0.37288,-0.0680597,0.15937,0.0162983,0.0679231,-0.0772792,-0.0515521,0.968916,0.0483141,2.44604,2.7576,0.0052936,-0.078149,1.26319,0.123375,-0.0235563,0.655693,0.575019,0.0346405],[-0.382971,0.586709,0.565498,0.05299,-2.56051,-1.54147,1.17113,-0.263369,12.4706,1.22642,2.7576,141.238,1.39634,-0.316651,34.0942,-3.87337,0.339452,8.97704,8.66115,0.74877],[0.0361179,0.0497358,-0.0389058,0.0164008,0.0230253,0.00535416,0.0396568,0.00596952,0.123637,0.0124482,0.0052936,1.39634,0.0590203,0.0321378,0.397702,-0.0420984,0.00877212,0.148726,0.142704,0.0110496],[0.0260077,0.0172822,-0.0125085,-0.00484111,0.0378602,0.0110717,0.0328183,0.00763652,-0.101349,-0.0132363,-0.078149,-0.316651,0.0321378,0.0637152,-0.41456,0.0559939,0.00377376,-0.00256272,0.0748319,-0.00267689],[0.108265,0.413843,0.195562,0.0930466,-0.129801,0.431425,0.0911869,-0.0341965,3.39504,0.46897,1.26319,34.0942,0.397702,-0.41456,18.5482,-0.921754,0.0543981,3.90881,1.4749,0.355806],[-0.00171666,-0.241203,0.522954,0.0681645,0.114019,-0.554069,0.210352,0.110948,-0.403032,-0.0188277,0.123375,-3.87337,-0.0420984,0.0559939,-0.921754,4.19936,0.0295261,0.362649,0.207692,0.0118665],[-0.00780803,-0.00201666,0.00717399,0.00339977,-0.0266434,-0.0279757,0.0124808,0.00238221,0.0568804,0.00728036,-0.0235563,0.339452,0.00877212,0.00377376,0.0543981,0.0295261,0.0123245,0.0253641,0.037693,0.00204252],[0.272027,0.188195,0.227617,0.0487609,0.0161331,0.31617,0.202813,0.0534243,1.31759,0.117334,0.655693,8.97704,0.148726,-0.00256272,3.90881,0.362649,0.0253641,3.59009,0.828967,0.0752144],[0.0260542,0.0306022,-0.174298,0.0628432,0.125742,-0.118464,0.379208,0.00587059,0.950417,0.0629897,0.575019,8.66115,0.142704,0.0748319,1.4749,0.207692,0.037693,0.828967,2.17994,0.0369728],[-0.00305861,0.0085226,0.00734077,-0.00189772,0.00413239,0.0230189,0.00367119,0.000478896,0.0558025,0.01843,0.0346405,0.74877,0.0110496,-0.00267689,0.355806,0.0118665,0.00204252,0.0752144,0.0369728,0.0249501]],"n":20,"lags":3}