{"betahat":[[0.512118,0.125455,0.001916,2.04935,2.59182,1.81012,0.286557,-0.445151,-0.289205,6.8368,-0.105563,-0.407215,5.3301,2.90524,1.93342,-0.112181],[1.0971,0.215877,0.0859694,-1.38563,-0.743718,-0.71297,0.0927855,0.0351419,0.403918,0.904943,0.119296,0.0775074,0.931891,-0.559333,-0.242307,0.0988667],[0.0248271,1.00602,-0.0115586,-0.652182,-0.124719,-0.670298,0.0711203,0.0161454,0.220908,-0.43902,0.00815989,0.00509636,-0.658855,-0.294477,0.104826,-0.0102954],[0.118722,0.0459858,1.24918,0.875436,0.332729,0.579879,0.0723168,0.014103,-0.133038,1.6857,-0.0769505,-0.041836,-0.138773,0.378689,0.128759,-0.0261756],[0.00119547,0.00315754,0.0180304,0.578073,-0.00937678,-0.0150745,0.0277508,0.0189975,-0.056445,0.1809,0.0126465,0.0148807,0.0638949,0.00137604,0.0244123,0.00675819],[0.0207401,0.0132626,0.00878125,0.165784,0.937415,0.129878,0.0200459,0.0128761,0.0752135,0.162141,0.00641941,-0.0147733,0.185136,0.0547758,0.0129037,0.00563461],[0.00799401,0.0096551,0.00780746,-0.143584,0.0719454,0.9945,-0.026169,-0.00635235,-0.0255232,0.622688,0.00665415,-0.00107559,0.284904,0.0182021,-0.000804431,0.00826349],[-0.0212155,-0.00859967,0.0093955,0.459557,0.230899,-0.346318,1.03521,0.0498852,-0.59695,-2.26668,0.00463198,0.0537725,-0.420976,-0.229338,-0.216983,-0.00961594],[-0.0562997,0.00862056,-0.157931,-0.562586,-0.971991,-0.949626,-0.111582,1.20504,-0.671124,-6.56946,-0.12327,-0.0175392,-1.70762,-1.23099,-0.276462,-0.0500326],[-0.0010965,-0.00468212,-0.0165103,-0.128221,0.0323217,0.030841,-0.00582544,0.0121809,1.06291,-0.400761,-0.00120218,0.0117806,-0.266419,0.0233546,-0.0472609,0.0130218],[-0.00220847,-0.0028713,0.00225347,0.00513242,0.0264794,0.0339587,0.0120663,-0.000976657,-0.0117162,0.962472,-0.000786231,0.00168592,-0.0675504,-0.0265314,0.00332149,0.000800812],[0.0122728,0.0280839,-0.15958,0.0763954,0.5952,0.372728,-0.287992,0.164306,0.391553,-1.48088,1.07445,0.000221895,1.19097,1.66281,-0.488948,0.112148],[0.0340731,0.0121573,0.125643,0.918376,0.0813679,0.233417,0.144137,-0.0140377,-0.862342,-3.71993,0.0435673,1.06753,-1.94236,-0.26818,0.0759111,-0.00887239],[-0.00207122,-0.00116444,-0.00073614,-0.0142031,0.0254966,0.0621314,-0.000408754,0.00982451,-0.0125606,-0.0193359,0.00340415,0.00166768,1.12179,0.00953257,0.0127552,0.00473488],[0.0411597,0.0215752,0.0602612,0.139555,0.0644821,0.0446695,0.0275142,-0.00110928,-0.0169227,0.121144,-0.0120116,-0.0235756,-0.0306969,0.605061,-0.0636908,-0.000796142],[-0.014293,0.0129303,0.047404,-0.574181,0.099288,0.279413,-0.0538615,0.0733625,0.374603,2.44889,0.0443452,0.0628227,0.0251959,0.0886239,0.453311,0.0351413],[0.0468298,-0.0286084,0.304412,0.113398,0.117091,0.296194,0.216662,-0.157314,-1.24932,3.14626,-0.0421008,-0.0331543,2.00016,-0.527052,0.898523,1.0963],[0.0034928,-0.0423976,0.06706,1.32244,0.550614,0.642599,0.0137052,-0.00102591,-0.194032,-1.01136,-0.0501791,-0.0395715,-1.00185,0.0719184,0.277595,-0.0642461],[0.0683545,0.13839,0.0500009,0.622345,0.136802,0.553825,-0.0402484,0.0249834,-0.0285746,0.467168,0.0326615,0.00476475,0.667969,0.352069,-0.0403106,0.00491484],[-0.0611453,0.0113451,-0.185054,-0.556528,-0.265743,-0.600823,0.000574526,0.00262708,0.0462747,-2.66557,0.0204144,0.0137569,-0.333507,-0.352557,-0.190135,0.00622562],[0.00317259,0.00344059,6.8137e-05,0.181131,-0.00203196,0.0193909,-0.0279522,-0.0121534,0.0151399,-0.0944553,-0.00872213,-0.0175947,0.0157003,-0.0183472,-0.017465,-0.00146419],[-0.0102837,-0.0102691,-0.0114754,-0.115762,0.0569233,-0.0617108,-0.0220779,-0.00272038,0.0652211,0.162361,0.00495879,0.0146178,-0.119541,-0.0207499,0.0100261,-0.00333385],[-0.00148687,-0.0043182,0.00168335,0.0599861,0.0291842,0.0171399,0.0288473,0.00587954,0.0103907,-0.437398,-0.00301516,0.00641017,-0.220751,0.0561925,0.0333875,-0.00613254],[0.0357238,0.0142322,0.0520835,-0.581875,-0.292073,0.577414,0.0345308,-0.0617374,0.430552,2.02705,0.0222899,-0.0218883,0.0677674,0.139881,0.212555,-0.00233008],[0.0967315,0.072277,0.108106,0.612926,0.625019,0.861551,0.0273916,-0.14991,0.905866,5.59238,0.0922553,0.017269,1.04293,0.916174,-0.0485374,0.0488449],[-0.00409741,-0.00411924,0.00431435,0.176815,-0.050151,-0.061743,0.0170344,-0.0175835,-0.129204,-0.0047661,-0.00357356,-0.00787626,0.13224,-0.116233,0.0260684,-0.00625545],[0.000927259,0.00220291,-0.00153195,0.00298871,-0.0221385,-0.0293618,-0.00800501,0.00306826,0.00224972,-0.0696191,3.80648e-06,0.000357744,0.00195978,0.00694828,-0.010334,-0.00212945],[0.0570283,0.114581,0.282749,0.744614,-0.353853,0.196129,0.21923,-0.0841411,-0.326432,-1.68403,-0.0988586,-0.0128433,-1.26001,-1.28511,0.198243,-0.0934864],[0.00238774,0.0481262,-0.139814,-0.224339,-0.00918597,-0.36856,-0.0694868,0.0322266,0.886392,3.26438,-0.0367012,-0.0428404,1.65553,0.761806,-0.23169,0.034578],[0.00076139,0.00187865,0.00609638,-0.00113322,-0.0156863,-0.0303185,-0.00159202,-0.00652762,-0.0156128,-0.0899194,-0.00625664,0.000558318,-0.136088,-0.0369956,-0.0123271,-0.00499085],[-0.000776924,0.00736699,-0.00934394,-0.1831,0.00500689,0.110487,0.00403568,-0.00767434,-0.0185614,0.305187,0.0101038,0.0208417,0.0442362,0.123063,0.0970908,0.0078483],[-0.0507051,-0.0689999,-0.0693166,0.2185,-0.336588,-0.422131,0.0994329,0.0260144,-0.0376847,-0.839498,-0.0257413,0.00137215,-0.664646,-0.329102,0.00173012,0.00312945],[-0.0617077,0.0415054,-0.220101,-0.270552,-0.190327,-0.630414,-0.264041,0.0276567,0.175807,-3.0161,-0.0108435,0.0123737,-1.02901,0.760612,-0.658289,-0.070526],[-0.100593,-0.173478,-0.153037,0.0631743,0.193103,0.0703619,-0.106499,-0.0341105,-0.209874,0.106425,-0.0691136,-0.0379328,0.069996,0.487389,-0.0352908,-0.0346201],[-0.0931822,-0.144411,-0.0384495,0.0298257,-0.0120845,0.116462,-0.0308802,-0.0411236,-0.192322,-0.028141,-0.040818,-0.0098581,-0.00908307,-0.0576178,-0.0645185,0.0053809],[-0.0575768,-0.057329,-0.0641338,-0.318919,-0.0669918,0.0209284,-0.0729013,-0.0167228,0.0867755,0.979865,0.05654,0.0280824,0.472317,-0.0261614,0.0613715,0.0199503],[-0.00436754,-0.00659544,-0.0181054,0.240769,0.0114067,-0.00432431,0.000193559,-0.00683808,0.0413141,-0.0864568,-0.00392123,0.0027165,-0.0795637,0.0169474,-0.00695119,-0.00529354],[-0.0104548,-0.00298978,0.00268848,-0.0500231,0.00565934,-0.0681688,0.00202358,-0.0101481,-0.140425,-0.324529,-0.0113739,0.000158775,-0.0655482,-0.0340477,-0.0229335,-0.00229968],[-0.00650576,-0.00533297,-0.00949556,0.0835942,-0.101137,-0.0116537,-0.00268257,0.000480417,0.015134,-0.185332,-0.00363556,-0.00533151,-0.0641169,-0.0744144,-0.0325877,-0.00213001],[-0.0144949,-0.00556104,-0.0615903,0.122042,0.061134,-0.231155,-0.0699642,0.0119484,0.166713,0.23909,-0.026849,-0.0318353,0.353859,0.0891843,0.00435545,0.0119537],[-0.0394222,-0.082872,0.0524979,-0.0616492,0.306443,0.0353214,0.0971886,-0.0781258,-0.224106,0.707009,0.0206928,-0.00648495,0.622116,0.333601,0.306487,0.000291284],[0.00519897,0.00877813,0.0122355,-0.0485217,0.0179211,0.0310852,-0.0111597,0.00534097,0.0660516,0.405329,0.00475092,-0.00394125,0.134345,0.0929639,0.0211851,-0.00675589],[0.0013466,0.000703489,-0.000736859,-0.00766353,-0.00423199,-0.0046464,-0.00375626,-0.00195833,0.00907993,0.101022,0.000779214,-0.0020119,0.065118,0.0197116,0.00697054,0.00132324],[-0.0635823,-0.148018,-0.0847738,-0.66241,-0.16662,-0.490678,0.0447269,-0.101069,-0.0314522,2.82013,0.00493099,0.00472445,0.0727829,-0.366218,0.280845,-0.0217379],[-0.0274199,-0.0595067,0.0351753,-0.611188,-0.0241222,0.18247,-0.0799966,-0.0354217,0.0130392,0.327759,-0.0197592,-0.0435653,0.265577,-0.428211,0.130453,-0.0307686],[0.00130248,-0.000642134,-0.00547033,0.0147817,-0.00987723,-0.0320722,0.00179838,-0.0032231,0.0284201,0.108192,0.00293127,-0.00206784,0.0139949,0.0267531,-0.000347443,0.000231006],[-0.0151289,-0.0115225,0.0137055,0.0594408,-0.0282715,-0.00639868,-0.0119561,-0.00253027,0.013296,-0.514262,-0.0054112,0.00527697,-0.191855,0.0771221,-0.0197972,-0.000639915],[0.0157515,0.0349212,0.0176173,0.107706,0.058904,0.131405,0.0157628,0.00224308,-0.261261,-0.865821,-0.00319778,0.0212233,-0.551608,-0.00898001,0.0350452,0.00635544],[-0.00157736,0.0109674,-0.0584633,0.193198,-0.249817,0.159532,0.053371,0.133538,0.727816,-1.06859,0.0437322,0.0419199,-1.17079,-0.368731,-0.380955,-0.0515457]],"sigmahat":[[0.0963086,0.0912992,0.0645527,0.103868,0.183234,0.271729,-0.000315934,0.00156807,0.185687,0.318788,0.0112011,-0.0124601,0.227367,0.175047,0.0680271,0.0102703],[0.0912992,0.157478,0.0925427,-0.0610246,0.0400558,0.149199,-0.0231743,0.0141813,0.0259211,-0.121318,0.0224588,0.0153344,-0.0271742,0.118776,-0.0306266,0.00680569],[0.0645527,0.0925427,0.279523,0.0991125,0.0849933,0.52299,0.013525,-0.00305305,-0.103188,-0.457259,-0.0310966,-0.00759269,-0.369121,-0.0572689,-0.000141406,0.00970554],[0.103868,-0.0610246,0.0991125,9.96452,0.222041,1.43548,0.170957,0.164939,0.48911,1.90775,-0.133481,-0.0895581,0.46626,0.651185,0.106038,0.0288379],[0.183234,0.0400558,0.0849933,0.222041,3.93546,2.64755,-0.026665,0.00306505,0.3515,6.77283,0.089966,-0.0083269,1.87121,0.947819,1.12275,0.0778718],[0.271729,0.149199,0.52299,1.43548,2.64755,5.46807,-0.0770982,0.0605802,0.222308,8.09997,0.0518939,-0.0649594,1.17548,0.726736,0.623449,0.0847134],[-0.000315934,-0.0231743,0.013525,0.170957,-0.026665,-0.0770982,0.40139,0.0439577,-0.231917,-0.511339,0.00544878,0.0217543,-0.193711,0.0924253,0.186928,0.0159098],[0.00156807,0.0141813,-0.00305305,0.164939,0.00306505,0.0605802,0.0439577,0.108936,-0.0872703,0.660228,0.0343956,0.0315724,0.100273,0.0613137,-0.00311763,0.0117983],[0.185687,0.0259211,-0.103188,0.48911,0.3515,0.222308,-0.231917,-0.0872703,3.96396,3.95895,0.0132949,-0.178174,2.56084,0.964852,0.0947332,0.0944513],[0.318788,-0.121318,-0.457259,1.90775,6.77283,8.09997,-0.511339,0.660228,3.95895,124.241,1.21769,-0.485454,28.9981,6.99928,4.87006,0.506236],[0.0112011,0.0224588,-0.0310966,-0.133481,0.089966,0.0518939,0.00544878,0.0343956,0.0132949,1.21769,0.069642,0.0383742,0.303849,0.0614682,0.0709771,0.0118958],[-0.0124601,0.0153344,-0.00759269,-0.0895581,-0.0083269,-0.0649594,0.0217543,0.0315724,-0.178174,-0.485454,0.0383742,0.0838773,-0.687298,-0.164253,-0.022085,-0.010157],[0.227367,-0.0271742,-0.369121,0.46626,1.87121,1.17548,-0.193711,0.100273,2.56084,28.9981,0.303849,-0.687298,21.0662,4.53561,1.86222,0.435953],[0.175047,0.118776,-0.0572689,0.651185,0.947819,0.726736,0.0924253,0.0613137,0.964852,6.99928,0.0614682,-0.164253,4.53561,4.14377,0.433533,0.108535],[0.0680271,-0.0306266,-0.000141406,0.106038,1.12275,0.623449,0.186928,-0.00311763,0.0947332,4.87006,0.0709771,-0.022085,1.86222,0.433533,1.32219,0.0345146],[0.0102703,0.00680569,0.00970554,0.0288379,0.0778718,0.0847134,0.0159098,0.0117983,0.0944513,0.506236,0.0118958,-0.010157,0.435953,0.108535,0.0345146,0.0396968]],"n":16,"lags":3}