{"betahat":[[0.647389,1.25815,5.15449,12.5245,20.0253,34.7388,-5.46554,-1.1592,-16.6512,-0.875962,9.84247,105.423,0.29701,0.968651,-11.7839,-3.41794,4.93011,6.41366,-4.28102,17.468,-0.747777,-14.7688,-0.166479,-0.348842],[0.789743,0.0541853,-0.255439,-1.50146,-2.62005,-2.18361,0.00827587,0.122395,0.409915,0.090543,-0.0799189,3.78341,0.127758,0.0796702,2.12658,-0.188218,-0.397953,-0.536264,0.0797859,1.24,0.0604048,-0.125533,-0.843203,0.14596],[0.0522015,0.956144,0.142322,-1.18626,0.357479,-0.443231,0.139539,-0.0660129,0.904297,-0.0618879,-0.169816,1.24915,-0.0380631,-0.0384034,-1.22161,0.00364103,-0.157748,-0.407599,0.413626,-0.627272,0.0212933,0.37363,0.162271,0.026516],[0.19114,0.0338768,1.1785,1.06992,0.824381,1.3459,0.120335,0.0577121,0.26827,0.0234423,0.0653406,5.43282,0.0439906,0.0376417,1.09085,0.0253629,0.1151,-0.114763,-0.0101384,-0.0706441,-0.0456499,2.14537,0.2934,0.00970224],[-0.00826717,-0.00751785,0.0036195,0.393425,-0.0299215,-0.0559439,0.0449247,0.0188263,-0.0690585,0.017279,-0.0571906,0.1401,0.0199842,0.0305953,-0.0110213,0.0130788,0.0246226,-0.0255673,-0.00375802,-0.147476,0.00657947,0.144521,0.0104628,0.00395737],[0.033182,0.0204652,0.00041279,0.0392622,0.76023,0.10795,0.0689725,0.0102754,0.0473159,-0.00159961,-0.0664527,0.228359,0.0263569,-0.0179685,0.329785,0.0221206,-0.00231167,0.0365622,0.055687,-0.234569,0.000141537,0.182135,-0.0102237,0.0105623],[0.00360578,0.0145307,0.0310646,-0.239574,0.0173117,0.838828,-0.0328647,-0.00670894,0.0171788,-0.00363682,0.0500464,0.877359,0.0120732,-0.00872631,0.422046,-0.00362774,-0.0274099,0.0963854,0.0352747,0.166305,-0.015212,-0.128457,0.0170321,0.0141291],[0.0850768,0.0255199,-0.0770775,1.55558,1.25488,0.0790566,1.15676,0.180419,-0.178948,0.110735,0.0235639,3.18616,0.107975,0.0668481,2.21125,-0.0336884,-0.0373485,0.0355979,-0.0559838,0.107172,0.00719638,0.72177,0.240889,0.0699913],[-0.068123,0.0915857,0.00412709,-1.16854,-1.53803,-1.64457,-0.039024,1.0607,0.0330547,0.31781,0.172906,-4.92686,-0.102667,-0.0961356,-0.0231628,0.0120323,-0.37097,0.674719,0.151258,0.668955,0.0847255,-1.80622,-0.339884,0.0267103],[-0.00167461,-0.012368,0.00577629,-0.0470208,0.0106023,-0.0195756,0.032025,0.0153954,0.918814,0.0145042,-0.0387087,-1.41501,-0.0181161,0.0126557,-0.594026,0.00515201,0.022593,-0.000678502,0.0676888,-0.0354029,0.012374,0.258485,-0.110465,-0.00612971],[0.13323,0.0275038,0.0115062,-1.20734,-0.340749,-0.203338,-0.274375,-0.233273,-0.203317,0.834328,0.208835,-4.11995,-0.201562,-0.0803215,-2.62692,0.00569732,-0.0493211,-0.605075,-0.0568813,-0.503358,0.0962069,0.612411,-0.36485,-0.144701],[0.0684653,0.0411783,-0.101002,1.22121,0.403937,0.0575707,0.108454,0.0171519,0.264768,-0.0114147,1.16136,3.43344,0.0109711,-0.0702198,2.11724,-0.0312632,-0.0841813,0.0565003,-0.074098,0.299601,-0.0602093,0.0373523,0.181376,0.0481763],[0.0017782,0.00189161,0.0020962,0.0200513,0.0188447,0.0253026,0.0110078,-0.00114881,-0.0105166,-0.000585556,-0.016664,0.798404,0.000639263,0.00308373,-0.0407449,0.00197509,0.0015772,0.017418,-0.00490924,0.0823525,0.00199429,0.0166316,0.00769526,0.00194509],[-0.116188,-0.0911803,-0.448311,-1.10886,1.14167,0.180207,-0.265939,0.237876,-0.747415,0.203635,0.373875,-5.61457,1.06822,0.28266,-0.621835,0.257501,-0.0299498,-0.0783006,0.709942,-2.59644,0.139883,1.58596,-0.778141,0.108678],[-0.0138892,-0.120661,0.120947,1.7079,-0.122107,0.334746,0.269126,0.00816227,-1.05234,0.00154849,-0.499197,-1.31699,0.0324486,0.848563,-1.72723,0.245258,0.522514,-0.178829,0.368927,-0.107745,-0.076642,1.76672,0.133306,-0.067491],[-0.00231968,-0.00957691,-0.00613586,-0.0395406,0.0444716,0.0713755,0.0209446,0.0106371,0.0272856,0.00691915,-0.0170151,-0.152498,0.00772365,-0.00313705,1.05609,-0.00501915,-0.000552125,-0.0053124,-0.0257077,-0.135621,-0.00312783,-0.0106072,0.0290214,0.00300647],[0.192658,0.286585,0.344928,-0.348646,0.723074,1.32652,-0.0372097,0.105476,0.859246,0.0301313,0.210399,-1.31182,0.133544,0.089848,0.337858,0.443355,0.180219,0.452429,-0.984918,0.023893,-0.0672208,-0.643141,0.0137639,0.0276337],[0.00343558,0.0507003,0.100385,-0.934012,-0.262466,-0.212431,-0.0226506,-0.102054,0.426378,-0.0618153,-0.00376955,0.112399,-0.107636,-0.0985209,0.744243,-0.0541185,0.00520834,-0.43223,-0.297138,-0.835223,-0.0226058,-0.898933,-0.0609668,-0.00529924],[0.0141872,-0.0821398,-0.0604971,-0.403575,0.118042,-0.0135845,0.00597069,0.0453026,-0.0861024,0.034653,-0.0107557,1.48581,0.0258938,-0.0189145,0.958276,0.174826,0.272817,-0.127854,0.134092,-0.516727,0.00141621,1.03912,0.0648729,0.022697],[-0.0351771,0.0116133,-0.0316159,-0.24275,-0.32178,-0.379647,-0.00339689,0.00838832,-0.319325,-0.00195412,0.0437048,-1.23741,0.0690458,0.0706752,-0.466714,0.0668942,-0.100552,-0.304259,0.014354,-0.268642,0.00186508,-0.314527,-0.148872,0.0119078],[0.00597151,-0.0116031,-0.0098861,0.052419,0.074122,-0.0478184,0.0447626,0.00124637,-0.0501714,0.00133145,-0.0332717,-0.689764,-0.00332586,-0.000291618,-0.0979678,0.00440758,-0.0116776,0.0384117,0.0223212,0.546977,0.00035797,-0.140097,0.0467648,0.00429605],[-0.166571,-0.0759885,-0.517412,2.80977,-0.95443,-0.62763,-0.21327,-0.111526,0.11675,-0.100469,0.498931,-13.0495,0.08154,0.164481,-4.64327,-0.283787,0.00436437,-0.384658,-0.41406,-1.44493,1.11486,-0.494538,-1.42537,-0.257426],[0.033491,0.0252125,0.0291339,0.103337,0.116271,0.0741267,0.011268,0.00411972,-0.0390797,0.004192,-0.0198375,0.639186,-0.00290695,-0.0110224,-0.00805718,0.0117405,0.0642672,-0.00431138,-0.0201481,0.0457489,0.00920633,0.549665,0.00593477,0.00121458],[-0.07697,-0.056159,0.026066,0.146161,0.0729533,0.111322,-0.186275,0.0175374,0.441546,0.0245393,0.234117,1.85223,-0.0509337,-0.00299657,-0.657982,0.0415584,0.0979734,-0.0853136,-0.0222779,0.6513,-0.0266021,-0.288584,0.151423,0.00445459],[0.0106921,0.214658,0.702809,0.600691,-0.945842,1.05961,-0.147095,-0.195865,-2.94771,-0.11396,0.51925,0.18353,-0.21619,-0.0437531,-1.12422,-0.256578,-0.207586,-0.675705,0.189333,1.92066,0.0165805,-1.4311,-0.0346748,0.796741],[0.186041,0.0374527,0.330612,1.2094,2.08759,1.75171,-0.0406831,-0.0733687,0.182752,-0.033683,0.0990326,-2.11126,-0.0352745,-0.0340439,-1.35668,0.220907,0.299569,0.199768,0.0635076,-0.012103,-0.103109,-0.314711,1.09154,-0.0936582],[0.0800657,0.141558,-0.0572353,0.107903,0.212863,0.719947,-0.0665229,0.0539684,-0.248422,0.0424204,0.0741524,1.92315,0.103962,0.021776,1.92917,0.114665,0.18946,0.374371,-0.128358,0.565144,-0.0462668,1.03986,0.228569,-4.36384e-05],[-0.135279,-0.0394403,-0.295571,-0.789601,-0.453585,-1.16494,-0.103421,-0.0469573,0.28405,-0.0147212,0.00670437,-5.89519,-0.0342031,-0.0287712,-1.10694,-0.0574325,-0.0318368,-0.0946589,0.084279,-0.792099,0.0565802,-1.18169,-0.289476,-0.0315239],[0.0148076,0.014203,0.0212183,0.270524,0.0200159,0.0772098,-0.0380316,-0.00889991,0.00121084,-0.0104743,0.0440697,0.200905,-0.00867478,-0.0356415,0.227945,-0.0213187,-0.0215265,0.00956545,-0.0145559,0.248332,-0.00966911,-0.0563873,0.0152877,0.00977358],[-0.0221179,-0.0242717,-0.0367002,0.0447353,0.0988986,-0.140607,-0.0501073,-0.00867478,0.189684,0.00492859,0.0413391,0.135698,-0.00599253,0.011123,-0.139701,-0.0128758,0.022743,0.00733361,-0.0722821,0.0418177,-0.00735595,-0.0530336,0.0151077,-0.00800132],[-0.0077752,-0.0133191,-0.0178835,0.150853,0.016862,0.0387649,0.0437641,0.00486806,0.00096955,0.00308656,-0.0814343,-0.508849,-0.00961306,0.010309,-0.337801,0.00834947,0.0262548,-0.0738309,-0.0308835,0.0015562,0.0132328,0.102439,-0.00716198,-0.0158439],[-0.0482666,-0.025518,0.0900897,-1.08001,-0.806357,0.72285,0.0133104,-0.0560796,0.00155035,-0.0202645,-0.134255,0.784902,0.0280072,0.0221787,-1.26327,0.0511038,0.0256891,0.0946428,0.174905,-0.387581,0.012874,-0.424845,0.139018,-0.0182871],[0.0689727,-0.0440654,-0.00452847,0.773044,0.79274,1.02344,0.114179,-0.0653858,0.737177,-0.268289,-0.280195,2.46306,0.0539508,0.110975,-0.643124,-0.0785449,0.277929,-0.826125,-0.2154,0.0499413,-0.0681718,2.03986,0.18054,0.0260265],[-0.00722353,0.00508464,-0.0277637,0.189384,-0.0961598,-0.0867594,-0.00107461,-0.0184238,-0.0671091,-0.0106155,-0.00478448,0.788334,0.00484641,-0.0140108,0.488999,0.00198074,-0.0288495,0.0280719,-0.0588645,0.317671,-0.0158644,-0.361331,0.0515245,0.00999234],[-0.0507552,0.100084,0.0233869,0.568346,0.0289487,0.10668,0.229609,0.131519,0.585945,0.0629796,-0.242667,6.51781,0.20569,0.0652035,2.7552,-0.035568,0.0258182,0.52539,-0.0504197,1.15429,-0.0569804,0.194847,0.245327,0.192621],[-0.0244751,-0.0159518,0.0860625,-0.27122,-0.120512,0.494294,-0.0208722,0.0408552,-0.280287,0.0520535,-0.188045,-0.843594,0.00884778,0.0496823,-1.20783,0.0134261,0.0329573,-0.0962413,0.0573057,0.636928,0.053928,0.328611,-0.195993,0.0101174],[-0.00292345,-0.00546519,-0.00887963,-0.00602694,-0.0308103,-0.0378877,-0.0020948,0.003459,0.0240865,0.00192529,0.00990024,0.052799,-0.000123416,-0.000224523,0.00811484,0.00438563,0.011859,-0.0215028,0.00185582,-0.0337813,6.84126e-05,0.0461062,-0.00641726,-0.00297561],[0.066664,-0.00563999,0.547049,3.04413,0.41093,1.32922,0.0270375,-0.094036,0.0617987,-0.0834041,-0.315331,2.53082,-0.180956,-0.233559,0.507317,-0.0870971,0.0962644,0.5388,-0.490968,0.83617,-0.158485,-1.0423,0.778961,-0.0587415],[0.0351719,0.157462,-0.255861,-0.428125,0.262425,-1.19475,-0.0694606,0.0447105,0.940687,0.0813502,0.129614,3.32479,-0.0917043,-0.00113481,1.31131,-0.108951,-0.295239,0.419472,-0.150992,1.63069,0.0614224,-0.36842,-0.334317,-0.0123326],[0.000758541,0.0078671,0.00492015,-0.0455676,-0.00534583,-0.0299151,-0.0115399,-0.00325102,-0.0526166,-0.00229927,0.0109378,0.167357,-0.00344264,0.00778206,-0.0921434,-0.00160056,0.00577824,-0.0165682,0.0187699,0.0748126,0.00556347,0.0305096,-0.0137423,-0.00254208],[-0.0745826,-0.127391,-0.2429,0.606434,-0.541476,-1.46806,0.0181554,0.102841,0.145595,0.111527,-0.135416,3.48957,0.0583615,0.0404487,0.028964,0.185665,0.187711,-0.107549,0.431663,-0.421693,0.0365299,1.06832,0.138746,0.068374],[0.00791851,-0.0596352,-0.0743683,0.315733,0.22916,0.129445,-0.0530756,-0.0224311,-0.064073,-0.0255565,0.0664481,1.1984,0.0763118,0.0598114,-0.769401,0.240704,0.277157,0.317948,-0.0892552,-0.215761,0.0345763,1.0888,-0.0392357,-0.0200055],[-0.0331894,-0.109335,-0.107442,0.127005,0.11537,-0.0501539,0.154422,-0.027677,0.114582,-0.00802266,-0.102534,1.41435,0.0540693,0.0636294,0.168284,0.198279,0.379281,-0.222975,0.349393,-0.36637,-0.00159135,1.23776,0.162763,0.00178462],[-0.022166,-0.0749614,-0.0400164,0.14131,-0.0627016,-0.110602,-0.0188935,-0.00637689,0.326523,-0.00684938,0.0173151,0.293773,0.00552979,-0.0540728,1.08095,0.0475461,-0.030712,0.144585,0.242319,-0.226494,-0.00914867,0.437845,-0.147154,0.0289147],[0.00265066,0.016936,0.000131293,-0.0948581,-0.023327,0.00388861,-0.0502899,-0.00597685,0.0608786,-0.00675354,0.0442569,0.247943,0.00341523,0.00016999,0.136241,0.00182105,0.00417217,0.00702228,-0.0132327,0.319085,-0.00190712,0.0273567,-0.0360109,-0.0024267],[0.164179,-0.144385,0.331045,-2.94397,1.93252,2.31843,-0.00049157,0.130178,1.17629,0.0836651,-0.260858,14.1106,-0.046789,-0.28987,6.22042,0.330559,0.22037,-0.213992,0.755613,0.691859,-0.137917,2.98338,0.775345,0.256622],[-0.008627,0.0002009,0.00165569,-0.114627,0.0151408,-0.0209879,-0.0239164,-0.0123471,-0.0935979,-0.00556073,0.0482636,-1.19718,-0.00930252,0.00981599,-0.238917,-0.00655156,-0.0211468,-0.0851103,-0.0204431,0.0216451,-0.0100776,-0.174232,0.0300028,-0.00691215],[-0.0300496,-0.0215236,-0.0458581,-0.155704,-0.332621,-0.275302,0.117485,0.0422218,-0.118752,0.0308011,-0.251618,-2.34431,-0.0587231,-0.00152242,-1.34028,-0.0246172,-0.0780714,-0.00764144,-0.174199,0.265891,0.0478155,-0.961829,-0.164054,0.00689962],[-0.0414567,-0.0715955,-0.227923,-1.60326,-0.370278,-1.4527,-0.0637957,0.0252827,-0.129878,0.0112969,-0.646537,-2.84445,-0.0725171,-0.0801555,-0.332794,0.102438,0.332924,0.390609,0.0403874,0.482306,0.0666008,3.92142,-0.395101,-0.0415091],[0.024182,-0.0916711,-0.0753299,0.291516,0.532436,0.431401,0.0323383,-0.0489997,-0.592486,-0.0568339,-0.0192017,-1.67207,-0.0924987,-0.045678,-0.769103,-0.0326549,0.0984036,0.336398,-0.143237,-1.22812,0.04269,0.439896,-0.248274,-0.0523079],[-0.1323,-0.0977848,-0.0852989,1.07833,-0.570593,-0.277414,-0.0729682,0.0120697,-0.655554,0.0194818,0.0955136,-3.1733,-0.0659229,0.0165766,-0.706782,-0.118249,-0.031745,0.0331097,-0.285012,0.0616806,0.024963,-1.41347,-0.390754,-0.0264701],[-0.0558593,0.00552979,0.116883,-0.280344,-0.371209,-0.181814,-0.0170154,-0.0107823,-0.55186,-0.00873494,-0.0721151,0.459587,-0.00986197,-0.00896748,0.0167367,0.0320978,-0.0832983,0.209349,-0.0740211,0.862153,-0.0109441,-0.963415,-0.00404939,0.0217808],[-0.00655386,-0.00667356,-0.0249766,0.334828,0.00938565,-0.022054,-0.00688728,-0.00991835,0.0684437,-0.00678735,0.0129914,-0.340871,-0.0113377,0.0049756,-0.216009,0.00825078,-0.00314431,0.0160559,0.0184098,-0.101529,0.00310986,-0.0876827,-0.0257178,-0.0137302],[-0.0110362,0.00380167,0.03628,-0.0840068,0.140464,0.0323649,-0.0189238,-0.00157893,-0.23669,-0.00330611,0.0250369,-0.366132,-0.0204173,0.00672296,-0.188761,-0.00906718,-0.0204194,-0.0438231,0.0168975,0.192676,0.00718586,-0.128409,-0.00476504,-0.00253097],[0.00416979,-0.00122023,-0.0133092,0.0885221,-0.0345877,0.121255,-0.0108395,0.00192014,-0.0179033,0.000603045,0.0313486,-0.369535,-0.00246478,-0.00163128,-0.0831055,-0.00456431,0.00119653,-0.0225142,-0.00418391,-0.167746,0.00197065,0.0265639,-0.00973436,0.00172851],[-0.0371611,-0.000430341,-0.0156367,-0.476318,-0.452454,-0.816265,-0.170947,-0.124197,0.187355,-0.0902694,0.107849,-4.0109,-0.137037,-0.0901948,-0.945387,-0.0166414,0.0114321,-0.131782,-0.11487,0.271899,-0.0198298,-0.298117,-0.380857,-0.0518569],[-0.00299085,-0.0439604,-0.127707,-0.162313,0.344985,-0.171088,-0.0575583,-0.0869272,-0.303645,-0.0969629,0.104789,1.89756,0.0575766,-0.0378962,1.28538,0.11471,0.0933988,0.212624,0.0699818,-0.669875,-0.0275184,-0.145979,0.156248,-0.0310426],[0.00864248,0.00751311,0.0244058,-0.14755,0.0863578,0.111813,-0.0330778,0.00184349,0.135125,-0.00475503,0.0481016,0.60291,0.0133175,0.00183732,0.0965689,-0.00807034,0.00487366,-0.0258022,-0.0113117,-0.272093,0.00331595,0.0931322,0.0572273,-0.0036824],[-0.0671318,-0.131913,-0.152087,0.0330906,0.00521684,-0.536205,0.0546577,-0.0247846,0.0454199,-0.00162172,0.025276,-3.2054,-0.00720132,-0.0132209,0.25877,0.073117,0.0466218,0.0721312,0.0799549,-0.888913,-0.0532018,-0.48095,0.0797642,-0.0325092],[-0.0439904,-0.0253945,0.0144582,-0.948587,-0.279819,-0.548365,-0.086053,-0.0579418,0.0150366,-0.0406308,0.0249758,-2.56166,-0.0192992,0.0206235,-0.902371,0.0173633,0.0512585,0.039579,0.0168231,-0.939088,0.00612047,-0.368995,0.0167417,-0.0581202],[9.33095e-05,0.00369332,0.0055542,-0.0150396,-0.00380354,-0.0101498,-0.0051196,0.000713564,-0.0223978,0.00138509,0.00932595,-0.0406892,-0.000992481,-0.00195078,0.0255702,-0.00221953,-0.014429,0.0149934,-0.00573371,-0.0152883,-0.000676376,-0.0659762,-0.00260691,0.000933235],[0.0786273,0.0171561,0.0654196,0.131251,-0.156774,-0.570214,0.264409,-0.0734327,0.508327,-0.0945711,-0.470616,2.64314,-0.000711312,-0.0505462,0.691111,-0.209852,-0.361772,-0.181372,-0.199591,0.823103,-0.0667675,-2.41765,0.519286,0.0352681],[-0.00615437,0.00613254,0.0807637,-1.13213,-0.00951216,0.585676,-0.202087,-0.0664766,0.210362,-0.0832293,0.200273,1.56367,-0.0449797,-0.0562387,-0.254689,-0.122214,-0.235236,-0.371113,-0.200103,-1.59055,0.0819746,-1.45822,0.0157145,-0.0449564],[0.00071991,0.000842584,-0.00328124,0.0855363,-0.0357598,-0.055148,-0.00506745,-0.00664993,0.031199,-0.00413448,-0.00271913,-0.0214128,-0.0037025,-0.00329886,0.0237864,0.00787932,-0.00321845,0.0204304,0.00851835,0.0468877,-0.00218139,-0.0294588,-0.00979457,-0.000667534],[-0.056899,-0.125325,-0.052185,0.0715505,-0.557379,-0.0691026,0.0824919,-0.182234,-0.585814,-0.128704,-0.0645265,-3.18403,-0.147963,-0.149346,0.819084,-0.0579702,-0.144878,-0.121875,0.775409,0.19317,0.00662214,-0.309634,0.0153852,-0.0307726],[0.0433115,0.0982094,0.00522105,0.039567,0.168609,0.297281,0.0200711,0.0326969,-0.278858,0.0161929,-0.0758849,-0.590876,0.044876,0.0514848,-0.387302,0.0898095,-0.0416883,0.116037,0.212791,0.352564,-0.00852438,-0.195647,0.0366939,0.00406926],[-0.0140823,-0.0538677,0.0033977,0.38935,-0.0425162,0.12223,0.0516985,0.0371578,0.101805,0.000687718,-0.0738294,1.41537,-0.00542417,-0.00615937,0.0540765,0.0267704,0.0459768,-0.147975,-0.251981,0.298522,-0.00865071,0.267769,0.04279,-0.00563683],[0.0413111,0.0408817,0.0116895,0.333459,-0.274526,-0.206834,-0.0204154,0.0190507,0.358228,0.0133345,0.0286739,0.204342,0.000252861,-0.0183298,0.40363,0.0306586,0.0232933,-0.00618395,-0.00293714,-0.0814327,-0.0112984,0.475375,-0.0618948,0.0332323],[-0.00867744,-0.00561897,0.0086177,0.0414044,-0.0523797,0.0396844,0.00611439,0.00491529,-0.00702577,0.00555332,-0.0124368,0.436411,-0.000299742,-0.000374086,-0.0329912,-0.0057701,0.00777937,-0.0455844,-0.00756022,0.128507,0.00162848,0.114262,-0.0104138,-0.00185913],[0.0251661,0.230686,0.385067,0.432681,-0.940802,-0.923821,0.238399,0.00228916,-1.35803,0.0268563,-0.236105,-3.81928,-0.046176,0.174298,-2.8417,-0.114472,-0.267812,0.496158,-0.384364,0.827842,0.0159968,-1.99858,0.425196,-0.006268],[0.0191797,0.0259834,0.0215507,-0.022764,0.0145292,0.0769996,0.0109923,0.00355353,0.0480892,-0.000317857,-0.00472509,-0.0681703,0.000148334,-0.00213772,-0.0419617,-0.00977466,-0.0282328,0.000276268,-0.0159946,-0.039087,-0.00139886,-0.100931,-0.010152,0.00206949],[-0.040544,-0.00577182,-0.00866228,0.0651193,0.243524,0.476901,0.0126005,-0.00452451,-0.36069,-0.00620068,0.0234664,0.337253,0.00837602,0.0283935,-0.487642,0.0308222,0.0307781,0.00824823,0.0743712,0.689674,0.0311919,-0.0663624,0.0423165,0.0435319],[-0.0544097,0.0804343,-0.0369745,0.70807,-1.27167,-0.549357,0.307829,0.253582,0.605358,0.183259,0.0457939,-0.510879,0.189958,0.184663,-1.43776,-0.0612631,-0.315484,0.0941062,-0.22346,0.29057,0.0514647,-2.62657,-0.455827,-0.00177851]],"sigmahat":[[0.0300185,0.0151067,0.0172715,0.0453674,0.0620519,0.128709,-0.00312202,0.00192257,0.0791473,-0.00189581,0.00138982,0.431778,0.0045102,-0.00597874,0.118002,0.00444976,0.00250324,0.0130659,0.0140615,-0.0887631,-0.00393614,0.162452,0.017778,0.00479346],[0.0151067,0.0572751,0.0364147,-0.0650989,0.0360194,0.0245058,-0.0192818,0.00518772,-0.0156182,0.00496742,0.0133023,0.00784352,0.00665449,0.0100582,-0.0337714,-0.0244173,-0.0494268,0.0481152,-0.0557319,0.0834328,0.00282528,-0.197014,-0.00696225,0.00585116],[0.0172715,0.0364147,0.130368,-0.060707,0.0386008,0.256865,-0.0178687,-0.00589899,-0.0424791,-0.00350885,0.0112575,-0.317572,-0.0116334,-0.00425483,-0.156974,-0.0194669,-0.0431686,0.0333053,-0.0244936,0.14145,-0.0021051,-0.067055,-0.0199716,0.0125559],[0.0453674,-0.0650989,-0.060707,4.5558,-0.130734,0.238254,0.0674699,0.0898671,0.405934,0.0486884,-0.189694,-0.551398,-0.0311672,0.0167333,-0.276776,0.08569,0.0882412,-0.0500936,0.0682195,0.853385,-0.0327299,0.440947,-0.0122915,0.00060665],[0.0620519,0.0360194,0.0386008,-0.130734,1.8689,1.03003,0.00271271,0.00533888,-0.113472,-0.00827251,4.06816e-05,4.00164,0.0494895,-0.0138338,0.873191,-0.0592625,0.0336162,-0.0324063,-0.0406535,-0.229134,-0.0132167,-0.291895,0.475163,0.0464977],[0.128709,0.0245058,0.256865,0.238254,1.03003,3.10802,-0.0595202,0.0238863,0.0108823,-0.00255747,0.0505807,5.48034,0.0556771,-0.0365911,0.684094,-0.00190864,0.10384,0.00700471,0.186736,-0.865666,-0.0219959,1.40778,0.233045,0.0764546],[-0.00312202,-0.0192818,-0.0178687,0.0674699,0.00271271,-0.0595202,0.194538,0.0430889,-0.0758869,0.0285343,-0.159683,0.369513,0.0130782,0.00849352,0.0980291,0.0167352,0.0303476,-0.0154087,0.0203208,0.106496,0.00898462,0.148645,0.0875765,0.0142412],[0.00192257,0.00518772,-0.00589899,0.0898671,0.00533888,0.0238863,0.0430889,0.0433389,-0.0373524,0.0294933,-0.0378935,0.539057,0.0153109,0.0152189,0.0493802,0.00301789,-0.00039146,-0.0102201,-0.00288244,0.103227,0.00418265,0.0327507,0.0334843,0.00314198],[0.0791473,-0.0156182,-0.0424791,0.405934,-0.113472,0.0108823,-0.0758869,-0.0373524,1.83452,-0.0335939,0.0262775,1.30552,-0.00940575,-0.0842752,0.922522,0.0524635,0.0857141,-0.073943,0.0979452,-0.920196,-0.0410112,1.0996,-0.0617469,0.0246208],[-0.00189581,0.00496742,-0.00350885,0.0486884,-0.00827251,-0.00255747,0.0285343,0.0294933,-0.0335939,0.0277094,-0.0225013,0.302279,0.0115529,0.0122128,0.0329374,0.00180728,-0.00154894,0.00170242,-0.00157482,0.0890706,0.00381746,-0.00690002,0.0210239,0.00285047],[0.00138982,0.0133023,0.0112575,-0.189694,4.06816e-05,0.0505807,-0.159683,-0.0378935,0.0262775,-0.0225013,0.26407,-0.357702,0.00117335,-0.000992395,0.102358,0.00311745,-0.00369392,0.044675,0.00975316,-0.222978,-0.0092079,0.0184911,-0.0273029,-0.00959674],[0.431778,0.00784352,-0.317572,-0.551398,4.00164,5.48034,0.369513,0.539057,1.30552,0.302279,-0.357702,86.2658,0.813475,-0.317586,19.1255,0.461206,1.00792,-0.66366,0.897769,-1.26117,-0.116475,7.71354,2.89879,0.284968],[0.0045102,0.00665449,-0.0116334,-0.0311672,0.0494895,0.0556771,0.0130782,0.0153109,-0.00940575,0.0115529,0.00117335,0.813475,0.0268931,0.0150239,0.147981,0.0119339,0.0168946,0.0107329,0.00414254,-0.0278743,0.000901921,0.0815447,0.0500991,0.00429729],[-0.00597874,0.0100582,-0.00425483,0.0167333,-0.0138338,-0.0365911,0.00849352,0.0152189,-0.0842752,0.0122128,-0.000992395,-0.317586,0.0150239,0.0436196,-0.375628,0.00116352,0.00136872,-0.00111153,-0.023004,0.0839174,0.0101669,-0.0573799,-0.0106695,-0.0064189],[0.118002,-0.0337714,-0.156974,-0.276776,0.873191,0.684094,0.0980291,0.0493802,0.922522,0.0329374,0.102358,19.1255,0.147981,-0.375628,10.8596,0.208324,0.222946,0.128263,0.481411,-0.942498,-0.138628,2.2842,1.13111,0.213962],[0.00444976,-0.0244173,-0.0194669,0.08569,-0.0592625,-0.00190864,0.0167352,0.00301789,0.0524635,0.00180728,0.00311745,0.461206,0.0119339,0.00116352,0.208324,0.110818,0.106812,-0.00503262,0.0966474,-0.0556266,-0.00546675,0.488861,0.0564502,0.00149435],[0.00250324,-0.0494268,-0.0431686,0.0882412,0.0336162,0.10384,0.0303476,-0.00039146,0.0857141,-0.00154894,-0.00369392,1.00792,0.0168946,0.00136872,0.222946,0.106812,0.202245,-0.0680619,0.104153,-0.228499,-0.0049595,0.890965,0.0663093,0.00241112],[0.0130659,0.0481152,0.0333053,-0.0500936,-0.0324063,0.00700471,-0.0154087,-0.0102201,-0.073943,0.00170242,0.044675,-0.66366,0.0107329,-0.00111153,0.128263,-0.00503262,-0.0680619,0.426033,-0.0205973,-0.0895343,0.00367981,-0.241894,0.000400705,0.0138191],[0.0140615,-0.0557319,-0.0244936,0.0682195,-0.0406535,0.186736,0.0203208,-0.00288244,0.0979452,-0.00157482,0.00975316,0.897769,0.00414254,-0.023004,0.481411,0.0966474,0.104153,-0.0205973,0.425829,-0.328064,-0.0118159,0.83725,0.104598,0.00440087],[-0.0887631,0.0834328,0.14145,0.853385,-0.229134,-0.865666,0.106496,0.103227,-0.920196,0.0890706,-0.222978,-1.26117,-0.0278743,0.0839174,-0.942498,-0.0556266,-0.228499,-0.0895343,-0.328064,4.7298,0.0182734,-1.90964,0.0145604,-0.00252565],[-0.00393614,0.00282528,-0.0021051,-0.0327299,-0.0132167,-0.0219959,0.00898462,0.00418265,-0.0410112,0.00381746,-0.0092079,-0.116475,0.000901921,0.0101669,-0.138628,-0.00546675,-0.0049595,0.00367981,-0.0118159,0.0182734,0.0114854,-0.0270788,-0.0229914,-0.00138202],[0.162452,-0.197014,-0.067055,0.440947,-0.291895,1.40778,0.148645,0.0327507,1.0996,-0.00690002,0.0184911,7.71354,0.0815447,-0.0573799,2.2842,0.488861,0.890965,-0.241894,0.83725,-1.90964,-0.0270788,8.15585,0.0453797,0.077376],[0.017778,-0.00696225,-0.0199716,-0.0122915,0.475163,0.233045,0.0875765,0.0334843,-0.0617469,0.0210239,-0.0273029,2.89879,0.0500991,-0.0106695,1.13111,0.0564502,0.0663093,0.000400705,0.104598,0.0145604,-0.0229914,0.0453797,0.565361,0.0211752],[0.00479346,0.00585116,0.0125559,0.00060665,0.0464977,0.0764546,0.0142412,0.00314198,0.0246208,0.00285047,-0.00959674,0.284968,0.00429729,-0.0064189,0.213962,0.00149435,0.00241112,0.0138191,0.00440087,-0.00252565,-0.00138202,0.077376,0.0211752,0.021922]],"n":24,"lags":3}