{"betahat":[[0.762907,0.340435,3.28058,1.08069,-0.335521,0.292654,1.83457,0.392023,-2.66871,-5.82734,-0.818987,14.5179,0.137243,-0.44411,10.0503,3.91873,2.27109,-0.00235323],[1.03254,0.120933,0.252981,-0.0761325,0.604797,0.392282,0.188505,-0.0563793,-0.0209009,0.332822,-0.338169,-0.206385,0.0017619,0.0191064,-0.0553164,0.0709137,0.0102509,-0.00737801],[0.024936,0.734314,0.0390087,0.0165725,0.162132,-0.00955216,0.0103435,-0.0198767,-0.111296,0.113731,-0.112784,0.620209,0.0039862,-0.00952566,0.247412,0.081999,0.0147494,0.00617029],[0.0182815,0.0380886,1.08121,-0.0209902,-0.00414435,0.103595,-0.00290812,-0.00905265,0.145229,0.0193266,0.143194,0.363901,0.00397883,0.000305912,0.107553,0.0169603,-0.0119751,-0.00461739],[0.079137,0.175354,0.408014,1.04334,-0.420523,0.506438,-0.244661,-0.110091,0.124064,0.973237,0.382951,-0.696374,0.0160912,0.0296395,-0.510775,-0.119832,-0.0430375,0.00184067],[-0.0292818,0.0290386,0.00770575,-0.010623,0.58896,0.0341017,-0.0952627,0.00690763,-0.200931,0.37465,-0.193085,-0.262804,-0.00842487,0.00373736,-0.145053,0.0031151,-0.0306034,-0.00457044],[0.0176606,0.0157934,0.0474031,-0.0280511,0.0597154,1.01143,0.0527543,0.0241574,0.113652,-0.16874,0.0862628,0.496726,0.00510919,-0.000844768,0.00411707,0.0295589,0.0115419,0.00258613],[0.0285109,-0.0154594,-0.0116099,0.0134318,0.206998,0.00943898,1.04005,-0.00103917,-0.327141,0.0358512,-0.289988,0.0869043,0.00835961,0.00448229,0.0623225,0.0113236,-0.00494796,0.000761028],[-0.125407,0.136577,-0.339177,-0.160881,-0.883775,-0.491594,-0.473692,0.632593,-0.0832697,0.724505,0.241975,-0.660741,-0.0254455,-5.62108e-05,-0.499876,-0.0133477,-0.313324,-0.0261077],[-0.0190842,-0.0106177,-0.183434,0.0177399,0.0315636,-0.113048,0.261815,0.00996545,0.683981,-0.40522,-0.236721,0.170956,0.00314875,-0.00490245,0.130892,0.0605228,-0.00214464,-0.00394457],[0.00518561,0.0392014,0.0140352,0.0373885,-0.0523899,0.0265196,-0.0202848,-0.0137629,0.100014,0.944615,0.0558599,-0.532017,-0.00405871,0.00381787,-0.116837,-0.023608,-0.0111625,-0.000526213],[-0.00282637,-0.0542598,0.00249505,-0.0516416,0.049291,-0.044272,0.0854321,-0.00802083,0.540908,-0.115431,1.3996,-0.077641,0.000413426,0.00150457,-0.0634657,-0.0122056,-0.00914387,0.00246626],[-0.00403968,-0.012685,-0.0206846,-0.00682686,-0.00973227,-0.029179,0.0201458,-0.00640049,0.0318025,-0.0178624,0.0212672,0.919553,0.000356368,0.00306251,-0.0596024,-0.0101206,-0.00375078,0.00038074],[0.217343,0.703187,0.454716,0.281261,-0.636575,1.24759,1.3454,0.291966,2.07676,-2.25925,1.99399,-3.58244,1.04451,-0.0258023,0.460924,0.796752,-0.65377,0.104218],[-0.196446,0.0580271,-1.39398,-0.719525,-0.701712,-1.49067,0.574351,0.106363,1.17011,-0.952066,1.817,-3.96229,-0.017413,1.00003,-2.2975,-0.182788,-0.492796,-0.0841646],[0.0492634,0.0554779,0.179016,0.040974,0.0485756,0.127046,-0.0285154,-0.00800256,-0.127171,-0.00121135,-0.0990936,-0.00957076,0.00298659,-0.00132128,1.12922,0.0434073,0.0326828,0.00793358],[0.0108477,0.174856,-0.0193606,0.0322268,-0.0867657,0.202689,-0.00713063,-0.0260848,0.0195853,0.117775,0.0547685,0.333492,0.00558253,-0.0105558,0.161144,0.530059,-0.0537119,0.0197295],[-0.0202014,-0.0331713,-0.220166,-0.0297692,-0.305894,-0.0103347,0.0955708,0.124247,0.0319781,0.132321,0.322224,1.02127,-0.0160528,0.0179657,-0.30442,-0.184849,0.52738,0.0149599],[0.387086,0.943627,1.76715,-0.226006,-1.65035,0.252145,0.502379,-0.0914909,2.84228,-0.381948,3.0165,-5.38657,-0.0113741,0.0766523,-0.318018,-0.428211,0.755165,1.18961],[0.00802934,-0.0705261,-0.0776761,0.0960017,-0.431048,-0.279314,-0.0698097,0.0707386,-0.430273,-0.42742,-0.0523402,-0.00729417,-0.00426095,-0.0114223,0.0688743,-0.0104868,-0.00116817,0.00564437],[-0.0430731,0.174662,0.00136109,-0.026745,-0.26039,0.00531481,0.0085239,0.00345682,0.0975373,-0.0364181,0.144895,-0.431041,0.00324256,0.0121526,-0.225034,-0.0798659,0.00222819,-0.00456887],[-0.0338782,-0.0522682,-0.126611,0.0201658,0.00740163,-0.120139,0.00215571,0.00268225,-0.0999134,-0.0127686,-0.108943,-0.307154,-0.00471153,0.00128707,-0.0939911,-0.0162783,0.00716822,0.00249856],[0.0380564,-0.0714616,-0.0888712,-0.0609265,0.305534,-0.354444,0.285123,0.082706,0.351611,-0.879497,-0.0187379,1.70423,0.00743602,-0.0121527,0.563455,0.162103,0.0891514,0.0068014],[0.0277821,0.0090911,0.0560308,0.026818,0.214095,-0.00759165,0.0675711,-0.00397332,0.10072,-0.258945,0.15988,0.14944,0.00254532,-0.00594211,0.148924,0.00597899,0.0374768,0.00380212],[-0.024643,-0.013663,-0.0492916,0.0251142,-0.0511878,0.0103447,-0.0254212,-0.025803,-0.0620664,0.0266484,-0.121353,-0.34314,-0.00295487,0.00476609,-0.0408818,-0.0505813,0.0027133,-0.000440734],[-0.0011097,0.0251344,0.0500977,-0.00162726,-0.120573,0.0180709,-0.0234521,-0.00606524,0.2723,-0.0209372,0.258252,0.0740343,-0.00477957,-0.00542234,0.0175957,0.0311102,0.00386786,0.00215389],[0.263387,-0.0696926,0.0443139,0.0491449,1.05343,0.0505872,0.113759,0.17206,0.606738,-1.01549,0.298858,1.90378,0.0176826,-0.0320772,0.72637,0.167223,0.0761724,0.0118097],[-0.0117636,-0.00655228,0.00512378,0.00270261,-0.0718697,-0.0338401,0.037942,-0.00266054,-0.0684881,0.01613,-0.0709568,0.0887496,0.000961908,0.00314154,-0.00777859,0.0186939,0.0155475,0.000345462],[-0.0178591,-0.0285181,-0.046644,-0.0224441,-0.00982684,-0.0149107,0.00217343,0.0088652,-0.141255,0.0664196,-0.0996912,0.351676,0.00513628,-0.000711839,0.0566653,0.000864862,0.0132744,0.000819205],[-0.00484325,0.0211481,0.0252038,0.0207689,-0.0586397,0.0603157,-0.053957,0.0013938,-0.180644,0.150069,-0.147862,-0.143392,-0.00511624,0.00158153,-0.0951503,-0.0700458,0.00967355,-0.00157637],[-0.00135404,0.001677,0.0118528,0.000664025,-0.00186634,0.000669207,0.0120716,0.00524624,-0.0266852,0.0225619,-0.018091,0.0253459,-0.000396412,-0.000362076,0.00883313,0.0220021,0.00263417,-0.00167791],[-0.352146,-0.629372,-0.235859,-0.0832893,1.0587,-0.91018,-0.336082,-0.312587,-0.644212,-0.720934,-0.0737308,-1.00382,-0.148184,-0.0283885,-1.19447,-0.758069,0.400039,-0.11268],[-0.0893993,-0.244886,0.797779,0.557027,0.915292,0.952067,-0.13963,-0.13843,0.166149,-1.34358,0.096998,4.1805,-0.000670175,0.0237324,1.79839,0.582762,0.326259,0.0817486],[-0.02566,-0.0268719,-0.100642,-0.0354703,-0.0223202,-0.0659307,0.0251982,0.00301761,0.0619832,0.0058313,0.0184054,-0.139054,-0.00846814,0.000907258,-0.139523,-0.0460152,-0.0265692,-0.00438428],[0.0219479,-0.0579452,-0.180146,0.0205112,0.178319,-0.0457213,-0.119472,-0.00233108,-0.00764556,0.0800814,-0.00672411,-0.379716,-0.00756962,0.00328338,-0.162854,-0.0411935,0.0111567,-0.00442553],[-0.0269937,0.154334,-0.140969,0.0274224,0.66624,-0.09281,-0.274262,-0.122828,0.0272571,0.861947,-0.176326,-0.342213,0.00409242,0.0255137,-0.706002,-0.201551,-0.00593286,0.0264924],[-0.468204,-1.05595,-1.28238,0.167482,0.878745,-0.699188,-0.320188,0.0700721,-0.787277,0.661968,-0.53909,2.24604,0.0255985,0.0158085,0.330856,0.638523,-0.700078,-0.119617],[-0.0406139,-0.0504523,-0.175363,-0.0198932,-0.173802,-0.11297,-0.118764,-0.0143502,0.451176,0.0946485,0.390529,0.213424,0.00249425,-0.00768231,-0.0136213,-0.0604469,-0.00908613,0.0017314],[0.0180725,0.090937,-0.0404806,0.010128,0.0982092,0.00419593,-0.0189589,0.0164339,0.0138021,-0.0772663,-0.0320246,-0.18952,-0.00723448,-0.00262495,-0.0224591,-0.00216862,-0.0169903,-0.00160487],[0.0154814,0.0140795,0.0451589,0.000756839,-0.00340192,0.0164155,0.000661336,0.00638878,-0.0451224,-0.00650787,-0.0340208,-0.0571298,0.000724657,-0.00158365,-0.0138021,-0.000734343,0.00478603,0.0021131],[-0.117241,-0.103949,-0.319161,0.0175203,0.114955,-0.151938,-0.0405367,0.0274007,-0.47559,-0.0936831,-0.364018,-1.00811,-0.0235275,-0.0174843,-0.0527142,-0.0422502,-0.0461084,-0.00864116],[0.00144697,-0.0381612,-0.0637895,-0.01621,0.196718,-0.0265264,0.0275447,-0.00292637,0.100154,-0.115557,0.0331205,0.113142,0.00587067,0.00220658,-0.00394287,-0.00915985,-0.00688127,0.000764099],[0.00681964,-0.00230324,0.00157201,0.00279962,-0.00865295,-0.0220049,-0.0274813,0.00167954,-0.0513218,0.1421,0.0354369,-0.154069,-0.00216298,-0.0039116,0.0365266,0.0209234,-0.0143024,-0.00215238],[-0.0263501,-0.00817193,-0.0363951,-0.0122203,-0.0849306,-0.0243717,-0.0191651,0.0066465,0.0613473,-0.0130165,0.0374131,-0.158702,-0.00337028,0.00099082,-0.0763266,-0.0411621,0.00140129,-0.00254134],[-0.101292,-0.065088,0.311775,0.136686,-0.107393,0.366399,0.359856,0.165514,-0.561036,0.268931,-0.57012,-0.938945,0.0113763,0.0306892,-0.0824679,-0.157651,0.234614,0.0127042],[0.0130482,0.022384,0.0565089,-0.00181375,-0.00194516,0.0561117,-0.00271822,-0.00307665,0.0355135,0.00639486,0.00935589,-0.0268618,0.000581282,-0.00237701,0.0399479,-0.00439877,-0.0068428,0.00160988],[0.0124955,-0.010877,0.0322361,-0.0148248,0.0618939,-0.0119427,0.0186247,0.00498722,0.0402482,-0.0118275,0.0427002,0.179689,-0.00111028,-0.00311265,0.0596837,0.022584,-0.00218343,-0.000353177],[-0.000872878,0.0200645,0.0310076,-0.00440332,-0.0173984,0.0474682,-0.0232099,-0.0011488,-0.0144277,0.0248901,-0.00678264,-0.15271,-0.00181667,0.000937193,-0.0469869,-0.0366361,-0.00297352,-0.00237132],[0.0044502,0.0098777,0.00621266,0.00596466,0.00976076,0.025779,-0.0337078,0.00114102,-0.00416997,-0.000598516,-0.00261277,0.0401683,-7.6551e-05,-0.00250934,0.0456603,-0.0135596,0.00046964,0.00130389],[0.309905,0.0925957,0.0211555,-0.156913,-0.0441164,-0.233564,-0.957225,-0.00795083,-1.28236,2.54116,-1.92318,4.02756,0.0635216,0.044358,0.510998,0.0213294,0.203938,0.00443212],[0.338316,0.295297,0.674869,0.200621,-0.182334,0.727894,-0.416246,0.042326,-1.20205,2.22044,-1.92861,-0.56522,0.000457358,-0.0411277,0.279782,-0.331372,0.11512,-0.0119963],[-0.0236257,-0.0287435,-0.078395,-0.00562021,-0.0261294,-0.0614134,0.00276423,0.00489007,0.0649754,-0.00418306,0.0812936,0.148667,0.00547945,0.000492181,0.00974875,0.00245217,-0.00580698,-0.00352046],[-0.0199353,-0.00546014,-0.143377,-0.0316258,0.122144,-0.00515259,-0.0580671,2.95966e-05,0.00786442,-0.0213933,0.0575262,0.0184381,-6.25005e-05,0.00206798,-0.0920365,-0.0532313,-0.0175157,0.00128233],[0.0156322,0.026174,0.283205,0.198201,-0.562423,0.293329,-0.0125299,-0.0323444,0.130742,0.317503,0.00384806,-0.584885,0.00335918,0.00617462,-0.16319,0.0580692,0.089237,0.0223108],[-0.119507,-0.0638516,-0.834455,-0.0262914,0.520091,0.194908,-0.277068,0.0845429,-1.95368,-0.212654,-2.36349,0.93311,-0.0125134,-0.0372068,-0.687498,-0.348271,-0.190064,-0.124435]],"sigmahat":[[1.63493,1.53108,3.46422,0.305204,2.31693,2.8437,0.477369,-0.117917,-0.552019,-0.123994,-0.731904,5.42383,0.0435086,-0.0970348,2.53841,1.66086,0.494815,0.114687],[1.53108,3.73727,4.44006,0.417257,-0.40055,5.06119,0.547954,-0.0328586,0.548684,0.00537358,0.249918,6.85565,0.0634584,-0.0624895,1.7837,1.21654,0.58853,0.156877],[3.46422,4.44006,15.4405,0.753468,-0.904986,10.5235,2.62506,0.056764,0.623183,0.988716,1.25371,15.8741,0.169871,-0.179283,6.60387,6.21198,1.94296,0.327218],[0.305204,0.417257,0.753468,1.45171,-0.805051,1.2915,-0.100054,-0.0515873,-1.20053,-0.157534,-1.46018,0.61571,-0.00481158,-0.0650082,1.29148,-0.13456,0.213043,0.0234529],[2.31693,-0.40055,-0.904986,-0.805051,22.5692,0.260133,0.913409,-0.166757,-5.16741,-4.41576,-6.53617,-1.24157,-0.0878426,-0.115219,-0.420485,1.19791,-0.0966936,0.0733046],[2.8437,5.06119,10.5235,1.2915,0.260133,13.7614,-0.0378131,0.0669505,-1.69125,1.02809,-1.27101,9.2639,-0.0099234,-0.307521,4.62832,2.60303,1.12649,0.286617],[0.477369,0.547954,2.62506,-0.100054,0.913409,-0.0378131,6.4582,0.163586,2.71191,-6.81462,2.12449,8.63101,0.13597,0.0376513,1.85316,3.64076,1.00647,0.0615585],[-0.117917,-0.0328586,0.056764,-0.0515873,-0.166757,0.0669505,0.163586,0.312531,-0.441072,-0.287194,-0.266996,0.633148,-0.00829831,-0.0158905,-0.0708298,0.00827778,0.0236753,-0.00616088],[-0.552019,0.548684,0.623183,-1.20053,-5.16741,-1.69125,2.71191,-0.441072,27.1386,-2.58664,23.0127,3.80567,0.0761554,0.0534483,0.0583638,1.55277,-0.774995,0.181747],[-0.123994,0.00537358,0.988716,-0.157534,-4.41576,1.02809,-6.81462,-0.287194,-2.58664,28.5321,-1.1447,-14.2452,0.0327826,0.213543,-5.69898,-2.20656,-1.493,-0.0256066],[-0.731904,0.249918,1.25371,-1.46018,-6.53617,-1.27101,2.12449,-0.266996,23.0127,-1.1447,28.0527,3.8551,0.0953164,0.0496176,-0.654947,2.08179,-0.553729,0.106732],[5.42383,6.85565,15.8741,0.61571,-1.24157,9.2639,8.63101,0.633148,3.80567,-14.2452,3.8551,151.121,1.43064,-0.556563,39.0994,16.121,6.05697,0.836732],[0.0435086,0.0634584,0.169871,-0.00481158,-0.0878426,-0.0099234,0.13597,-0.00829831,0.0761554,0.0327826,0.0953164,1.43064,0.0705277,0.0374521,0.43719,0.210066,0.0918209,0.0162943],[-0.0970348,-0.0624895,-0.179283,-0.0650082,-0.115219,-0.307521,0.0376513,-0.0158905,0.0534483,0.213543,0.0496176,-0.556563,0.0374521,0.0772942,-0.548805,-0.0774068,0.0102158,0.000113176],[2.53841,1.7837,6.60387,1.29148,-0.420485,4.62832,1.85316,-0.0708298,0.0583638,-5.69898,-0.654947,39.0994,0.43719,-0.548805,21.798,5.77943,1.85015,0.400051],[1.66086,1.21654,6.21198,-0.13456,1.19791,2.60303,3.64076,0.00827778,1.55277,-2.20656,2.08179,16.121,0.210066,-0.0774068,5.77943,7.56182,1.28529,0.137676],[0.494815,0.58853,1.94296,0.213043,-0.0966936,1.12649,1.00647,0.0236753,-0.774995,-1.493,-0.553729,6.05697,0.0918209,0.0102158,1.85015,1.28529,1.09009,0.0456192],[0.114687,0.156877,0.327218,0.0234529,0.0733046,0.286617,0.0615585,-0.00616088,0.181747,-0.0256066,0.106732,0.836732,0.0162943,0.000113176,0.400051,0.137676,0.0456192,0.0507253]],"n":18,"lags":3}