{"betahat":[[0.929174,0.54849,3.38636,1.24486,-0.307752,0.693234,2.24319,0.380818,-4.81996,-5.89436,-2.91057,14.4232,0.0526174,-0.482997,9.87025,0.202357,-3.74897,2.71406,2.20479,-0.0794118],[1.03371,0.149163,0.247387,-0.0764094,0.742003,0.422946,0.253006,-0.0644545,-0.0962135,0.274667,-0.453377,-0.177665,0.00196034,0.019927,-0.0451393,0.0450244,-0.00982942,0.14655,0.0262676,-0.00627357],[0.0299838,0.699153,0.0449936,0.0236622,0.13493,-0.029584,-0.0187113,-0.0224815,-0.138872,0.207035,-0.118705,0.725595,0.0042009,-0.00939129,0.258192,-0.104529,0.0833444,0.0814491,0.0254793,0.0081784],[0.0172744,0.0512303,1.07466,-0.0166113,-0.0288706,0.135122,-0.0326512,-0.00802213,0.110833,0.0140016,0.144095,0.413997,0.00416531,-0.00168075,0.136659,0.165138,0.0659181,0.0142175,-0.0196182,-0.00526785],[0.0257764,0.109265,0.164875,1.01135,-0.29727,0.325265,-0.164269,-0.118946,0.239067,0.619397,0.424838,-1.08306,0.00904316,0.0336971,-0.634252,-0.186517,0.102127,-0.0610279,-0.0969404,-0.00505524],[-0.0343855,0.0245632,-0.0152441,-0.0115774,0.587025,0.00710792,-0.0584382,0.00687719,-0.167551,0.288438,-0.186079,-0.296137,-0.00884685,0.00503472,-0.160912,-0.0973017,-0.139817,0.0208418,-0.0330625,-0.0054402],[0.0209325,0.0210822,0.0612442,-0.0391321,0.0458128,1.00794,0.0393481,0.0256085,0.13752,-0.111277,0.123337,0.516041,0.00487752,-0.00186692,-0.00554461,0.132333,0.0529742,0.020217,0.0048828,0.00270204],[0.0451558,0.00768703,0.0464075,0.0173531,0.205851,0.0480908,1.02752,-0.00279055,-0.361304,0.0951452,-0.301377,0.138233,0.00941252,0.00375741,0.0898573,-0.196385,-0.314408,0.0118155,-0.00654222,0.00109303],[-0.169744,0.12634,-0.622503,-0.185363,-0.717604,-0.6252,-0.296592,0.604377,0.0367307,0.245299,0.320399,-0.908677,-0.0202642,0.0095383,-0.582357,1.40837,0.696383,0.752901,-0.326614,-0.0339249],[0.000803871,0.0315989,-0.0991586,0.0280231,-0.0577267,-0.041586,0.229916,0.00865005,0.68796,-0.272007,-0.235172,0.221437,0.00421658,-0.00587265,0.135044,0.287417,-0.238473,0.0477597,0.00468267,-0.00139053],[-0.00216412,0.02859,-0.0060071,0.0414091,-0.0439621,0.013602,-0.0298599,-0.0129032,0.0389171,0.939894,0.0012552,-0.553831,-0.00364911,0.00543282,-0.129225,-0.0248165,-0.0697309,-0.0443747,-0.0129073,-0.00113894],[0.0107156,-0.036427,0.0588341,-0.0328476,0.01728,-0.00949806,0.101735,-0.00634181,0.562809,-0.0750126,1.37709,-0.00433742,0.00318477,0.00282169,-0.0623314,0.0577391,0.623726,-0.00530754,0.00966662,0.00469089],[-0.00345609,-0.00940748,-0.0223091,-0.00721262,-0.0107007,-0.0242771,0.0151771,-0.00676409,0.0271321,-0.0128637,0.0217931,0.922876,0.00043536,0.00319052,-0.0647691,0.0308942,0.0289534,-0.00860617,-0.00515372,0.000927477],[0.16129,0.66398,0.47813,0.269373,-1.04649,1.31048,1.1142,0.367226,1.72536,-2.02439,1.66223,-3.29691,1.05047,-0.0413631,0.934542,2.11269,1.16746,0.856544,-0.712482,0.108743],[-0.0818218,0.196399,-1.11707,-0.865625,-0.927979,-1.43278,0.497626,0.0210982,1.72438,-0.441107,2.55023,-4.62993,-0.0209658,1.00335,-2.69664,3.89052,2.75478,0.176068,-0.510618,-0.0872913],[0.0601086,0.0740908,0.226703,0.0524171,0.0337462,0.154579,-0.00470036,-0.00951674,-0.134049,-0.0231176,-0.104308,0.0273782,0.00461284,-0.00165154,1.16042,-0.00929853,-0.124555,0.0470313,0.0430832,0.0095237],[-0.0357012,-0.0507734,-0.172876,0.00116424,0.149655,-0.123318,0.112495,0.00836138,0.000743658,-0.409249,-0.0886198,-0.100774,-0.00148798,0.00288334,-0.0183063,0.784954,0.0414178,-0.0290833,-0.00173293,-0.00292633],[-0.0158246,-0.0385161,-0.0589145,-0.0381266,0.074369,-0.0616908,-0.00466811,-0.00804696,-0.0084883,-0.0526496,0.0848545,-0.0863297,-0.00278461,-0.00164327,0.0212922,0.111478,0.827818,0.0288446,-0.0285247,-0.00431724],[-0.00927081,0.0886076,-0.128,-0.00328751,-0.0584749,0.0628432,-0.0672652,-0.0346694,0.235997,0.267959,0.190906,-0.0109539,0.00249679,-0.00730324,0.0332979,0.156436,0.430965,0.481728,-0.0834983,0.0171994],[-0.0672262,-0.0507995,-0.294365,-0.0136734,-0.463741,-0.00774628,0.0782328,0.116605,-0.0111642,0.158249,0.324727,0.961355,-0.0166519,0.0185377,-0.287176,-0.630242,-0.208472,-0.276662,0.506868,0.0136178],[0.341558,0.857184,1.31681,-0.214766,-0.848805,-0.113925,0.816125,-0.00707055,2.5698,-1.31799,2.26501,-6.16176,-0.0298699,0.0956278,-0.722306,0.216702,3.13054,-0.604927,0.8328,1.18561],[0.0106905,-0.100931,-0.0855402,0.111978,-0.503823,-0.318118,-0.126435,0.0828879,-0.452616,-0.397788,-0.0207764,-0.0957407,-0.00453787,-0.0115442,0.0437923,-0.496409,-0.367787,-0.115371,-0.0136085,0.00455193],[-0.050345,0.197248,0.00995561,-0.0350071,-0.275055,0.0157306,0.0359097,0.00331457,0.130879,-0.105289,0.16995,-0.498163,0.00246321,0.0124578,-0.255424,0.367713,-0.0411777,-0.0855854,-0.000847705,-0.00767657],[-0.0343933,-0.0644502,-0.127085,0.0136809,0.0291566,-0.14932,0.0187595,0.00316047,-0.0597988,0.00332761,-0.0933712,-0.336962,-0.00606131,0.00231098,-0.125116,-0.027198,-0.0165424,-0.0157748,0.013605,0.00267864],[0.0536072,-0.0804814,-0.029109,-0.0491948,0.292841,-0.297637,0.237517,0.0936521,0.246282,-0.78408,-0.0756511,1.99259,0.0127967,-0.0110884,0.651947,0.18604,0.134189,0.101678,0.128737,0.00821807],[0.0309868,0.0146948,0.0817003,0.0332094,0.21248,0.0165436,0.0564377,-0.00334553,0.0638149,-0.229647,0.137892,0.188185,0.00285697,-0.00720459,0.181331,0.105765,0.0793285,-0.00552515,0.0424947,0.00477196],[-0.0295112,-0.0240704,-0.0667743,0.0302224,-0.0338311,0.00949799,-0.021913,-0.0306651,-0.0633352,-0.00621055,-0.142946,-0.419112,-0.00339263,0.0065111,-0.0548686,0.0583407,0.0253417,-0.0499597,0.00529445,-0.000575735],[-0.00784103,0.011905,0.0202163,-0.00337905,-0.105397,-0.00366014,-0.0054693,-0.00452255,0.305736,-0.079337,0.269618,0.102697,-0.00593695,-0.00628083,0.0103614,0.160074,0.268829,0.035564,0.00566319,0.00214764],[0.317428,-0.0708011,0.315039,0.089322,0.902247,0.181157,-0.0680233,0.199482,0.318593,-0.580618,0.130163,2.00027,0.0173799,-0.0355756,0.815338,-0.742482,0.457941,-0.451584,0.10259,0.0143403],[-0.00772479,-0.00101219,0.0386919,0.000410172,-0.0919487,-0.0261963,0.0667277,-0.00550549,-0.029142,0.0108102,-0.0153892,0.125788,0.00251539,0.00341876,0.0139764,0.0800848,-0.0317639,0.0625376,0.020744,0.000564566],[-0.0159964,-0.0203942,-0.0380761,-0.0257286,-0.0245734,-0.00667841,0.0100565,0.00813272,-0.101452,0.0702233,-0.0614983,0.361274,0.0050937,-0.00168926,0.0628588,0.0146543,0.0045841,0.0208099,0.0130622,0.00135343],[0.00076904,0.0223363,0.0205635,0.0292734,-0.02153,0.064403,-0.0252626,0.0020381,-0.187488,0.0959673,-0.169438,-0.175521,-0.00410903,0.00209727,-0.0874197,-0.0392876,-0.207088,-0.0474131,0.0152199,-0.00105361],[-0.00170091,-0.00124024,0.0148248,-0.000162423,-0.00347505,-0.00526469,0.0179542,0.00518746,-0.0244993,0.0279002,-0.0180219,0.0335229,-0.000341563,-0.00022571,0.00913845,0.00044872,-0.0238262,0.0234882,0.00425492,-0.00223992],[-0.330261,-0.576119,-0.0490667,-0.0840399,1.06995,-0.766699,-0.345366,-0.366623,-0.583101,-0.562057,0.297198,-1.90226,-0.170056,-0.0235122,-1.78555,-2.43386,-0.0981564,-0.786525,0.406535,-0.119906],[-0.188845,-0.321531,0.775608,0.650512,0.703157,1.05483,-0.296687,-0.0911143,0.0507873,-1.41994,-0.0846127,5.06106,-0.00543714,0.0190474,2.18031,-2.4151,-0.730443,0.17309,0.31281,0.088296],[-0.028611,-0.0326651,-0.119714,-0.0432398,-0.0198283,-0.070589,0.00586825,0.00254967,0.0688062,0.0400908,0.0211369,-0.152934,-0.0102664,0.00090862,-0.167589,0.0459434,0.0321036,-0.0294752,-0.0317361,-0.0049213],[0.0129267,0.0192619,0.0913117,0.00514414,-0.103919,0.0899882,-0.125588,0.00139541,-0.137617,0.353405,-0.0562914,0.0954141,0.00177716,-0.00161669,0.01258,0.147785,-0.136276,-0.013802,-0.00166388,0.00290538],[-0.031862,-0.0327067,-0.103722,-0.000344856,-0.0306025,-0.0631438,-0.0769436,0.00657581,-0.0712926,0.0473974,-0.0782221,0.00275933,-0.00487601,0.000126811,-0.0809505,-0.191632,-0.105882,-0.0887948,-0.0096665,-0.00181887],[0.0412312,0.00904804,-0.101231,0.0498218,0.0435989,0.0788195,-0.0963003,-0.0139355,0.0484612,0.0869132,0.0820046,-0.297101,-0.000618155,0.00358998,-0.0771158,0.0427557,-0.0213405,0.0297084,0.0389477,-0.00355026],[-0.0507159,0.10386,-0.326086,0.0183418,0.810446,-0.219829,-0.306235,-0.121821,0.0623689,0.702122,-0.207419,-0.489395,0.00135454,0.0225251,-0.706877,-0.472213,-0.279335,-0.0722329,-0.033112,0.0269815],[-0.419852,-1.00654,-0.833502,0.216393,0.396797,-0.499822,-0.420429,0.0183863,-0.430263,1.45488,0.00599467,2.57316,0.0424966,0.0158055,0.47687,-0.35399,-0.618114,0.771385,-0.775295,-0.113989],[-0.0444412,-0.0482746,-0.161888,-0.0356142,-0.238245,-0.104854,-0.126651,-0.0184216,0.548935,0.123207,0.474303,0.273155,0.00257583,-0.00838108,0.00126497,0.451526,0.377749,-0.0312096,-0.0126741,0.0017237],[0.0203014,0.103522,-0.0550183,0.0112799,0.140042,0.0138019,-0.0173084,0.0191832,0.00815308,-0.101624,-0.0510136,-0.227776,-0.00666656,-0.00306461,-0.002872,-0.26295,-0.0419587,0.00409551,-0.0246541,-0.000500747],[0.0170143,0.0131462,0.0522473,0.00283212,-0.000492368,0.0140927,0.0137295,0.00488175,-0.0507144,-0.0170984,-0.0503134,-0.0774497,0.00188951,-0.000622589,-0.0118254,-0.13742,-0.0490095,0.00148814,0.00597282,0.00258874],[-0.0794322,-0.0288373,-0.135754,0.0377503,0.00435971,-0.0276039,-0.073342,0.0253137,-0.485143,0.164809,-0.348838,-0.909765,-0.0218369,-0.0226063,-0.0177535,0.000791878,-0.236014,-0.0406466,-0.0318036,-0.0031574],[0.00334988,-0.0392877,-0.0664998,-0.0216654,0.200294,-0.0236983,0.00187453,-0.00352128,0.103812,-0.0586675,0.048245,0.107749,0.00598561,0.00217214,-0.0205079,-0.00841205,0.060532,-0.0153824,-0.00945089,0.000669587],[0.0084403,0.00285986,0.00534454,0.00875541,-0.012216,-0.017613,-0.0176411,0.005089,-0.0737606,0.117761,0.0201616,-0.097418,-0.00149018,-0.00463538,0.0601373,-0.189983,-0.0778046,0.0296647,-0.0102319,-0.00212764],[-0.0358764,-0.0175099,-0.0625158,-0.0137464,-0.100316,-0.0405601,-0.0232412,0.00691747,0.0611208,-0.0127282,0.0357967,-0.236984,-0.00322126,0.00257816,-0.0969028,0.0391752,0.0537779,-0.0450467,0.0016358,-0.00288888],[-0.114423,-0.0530269,0.32341,0.132246,-0.0922076,0.380143,0.408731,0.171084,-0.398342,0.239703,-0.51369,-0.810864,0.00786281,0.0255458,-0.0935937,-0.843739,-1.20042,-0.267936,0.229809,0.0173476],[0.0144922,0.019765,0.0670151,0.000990958,0.00744433,0.056231,0.0133772,-0.00428477,0.037098,0.00451115,0.0144504,-0.0319283,0.000709078,-0.0021358,0.0358816,0.0497363,0.0240366,0.0184212,-0.00409663,0.00125617],[0.0179135,-0.00848104,0.0434205,-0.0157214,0.0683985,-0.00742965,0.0200256,0.00485467,0.0618749,-0.0109686,0.0596498,0.191646,-0.00147924,-0.00375201,0.0658749,0.00995439,0.0640004,0.0231695,-0.000325937,-0.000262672],[0.00302053,0.0262501,0.0445183,-0.000157518,-0.0119777,0.0584836,0.000259386,-0.00194783,-0.00996254,0.0158362,0.00524651,-0.127503,-0.000376957,0.00155254,-0.0406865,0.0325771,-0.0149999,-0.0085767,0.00374153,-0.00282555],[0.00418271,0.00948639,0.00471816,0.00701275,0.0126086,0.0267803,-0.0349349,0.00157748,-0.00153904,-0.0108031,-0.00290382,0.0285838,-0.000227835,-0.0027825,0.0502067,-0.0309485,-0.00439044,-0.0162939,0.000137029,0.0013197],[0.33086,0.0851912,-0.310032,-0.126877,0.382236,-0.478663,-0.727982,-0.0268632,-1.0371,2.16886,-2.0181,4.59859,0.0791357,0.0586331,0.584839,-0.0927714,-1.00802,-0.0823709,0.261335,0.00694747],[0.309896,0.226592,0.38136,0.254546,0.283362,0.556281,-0.21302,0.0833555,-1.68303,1.74481,-2.53191,-0.824502,0.00844222,-0.0390893,0.30408,-1.6218,-2.01173,-0.352205,0.141219,-0.0140118],[-0.0314716,-0.0415078,-0.106802,-0.00930789,-0.0138451,-0.0843038,-0.00154177,0.0068875,0.0652808,-0.0164513,0.0839633,0.125729,0.00566636,0.000824518,0.0065646,-0.0364252,0.0929411,-0.0175879,-0.0110526,-0.00456596],[0.0231002,0.0318023,0.0826762,-0.00648263,-0.0456748,0.033967,0.0124147,-0.00988702,0.13974,0.0565945,0.148005,0.00815962,-0.000157998,-0.00122959,0.00743172,0.0682956,0.0994087,0.043723,0.00384791,0.000163212],[-0.00262696,0.00112924,-0.0152766,-0.0146995,-0.0104064,0.00329305,-0.0362967,0.00139882,0.036891,-0.000899752,0.0142467,-0.122761,-0.00143436,-0.000566202,-0.00176305,0.0203158,0.0407691,-0.0508422,-0.0151793,0.000513821],[0.00886199,0.0438263,-0.0313457,-0.0156866,0.13003,0.106407,-0.0482615,0.0149717,-0.0910024,-0.0727762,-0.00706872,0.317556,0.00577394,-0.00191241,0.038353,-0.000155924,-0.160028,-0.0172161,-0.0012952,0.00670378],[-0.00506694,-0.00360234,0.18454,0.188511,-0.520158,0.270269,-0.0418226,-0.029616,0.114925,0.234594,0.03642,-0.66832,0.00190591,0.00666535,-0.182919,0.0991602,0.159824,0.0120242,0.0926791,0.0201889],[-0.0776271,0.015819,-0.655663,-0.0461221,0.187556,0.456744,-0.466454,0.0468412,-2.09923,0.125653,-2.24068,1.56906,-0.0115241,-0.0571369,-0.447719,0.819606,-2.43361,-0.171597,-0.169304,-0.123623]],"sigmahat":[[1.45716,1.33723,2.92252,0.27865,2.41196,2.43119,0.556932,-0.105093,-0.751306,-0.557174,-0.96666,5.1295,0.0308137,-0.0948286,2.35741,-0.641912,-0.437191,1.23899,0.452854,0.101708],[1.33723,3.46918,3.66692,0.413509,-0.106919,4.54836,0.569395,-0.0183248,0.215097,-0.613964,-0.121568,6.74887,0.0498313,-0.072212,1.77204,1.04465,-0.0457166,0.990781,0.493184,0.145678],[2.92252,3.66692,13.4668,0.679943,0.0194101,8.87719,3.4999,0.069655,0.0710355,-1.43281,0.482224,15.4985,0.156063,-0.168764,6.48288,1.56555,0.00354509,4.99499,1.87727,0.294629],[0.27865,0.413509,0.679943,1.33286,-0.799194,1.18142,-0.130502,-0.0502186,-1.02151,-0.193768,-1.27708,0.752495,-0.00880155,-0.0683901,1.28197,-1.75599,-1.14525,-0.305832,0.152403,0.02074],[2.41196,-0.106919,0.0194101,-0.799194,20.6361,0.830426,0.176859,-0.191768,-4.9438,-1.74563,-5.92372,-1.03579,-0.100594,-0.115247,-0.817056,-7.65601,-3.17167,0.955546,-0.0596281,0.062381],[2.43119,4.54836,8.87719,1.18142,0.830426,12.3347,0.313555,0.0998751,-1.81951,-0.773985,-1.60681,8.78345,-0.0380509,-0.308362,4.42569,-0.0401695,-2.23715,1.56963,0.937071,0.249817],[0.556932,0.569395,3.4999,-0.130502,0.176859,0.313555,5.92267,0.0841579,2.29685,-4.45789,2.23035,9.32018,0.14265,0.0274432,1.90768,3.46444,2.72171,3.56369,1.08648,0.0734111],[-0.105093,-0.0183248,0.069655,-0.0502186,-0.191768,0.0998751,0.0841579,0.286127,-0.29632,-0.15706,-0.128227,0.412742,-0.00833174,-0.0155266,-0.0746713,-0.461532,-0.320306,-0.13867,0.000725347,-0.00520564],[-0.751306,0.215097,0.0710355,-1.02151,-4.9438,-1.81951,2.29685,-0.29632,23.4343,-1.86096,20.0644,3.57156,0.0593037,0.0571503,-0.36665,12.9269,22.0629,1.28415,-0.691992,0.146928],[-0.557174,-0.613964,-1.43281,-0.193768,-1.74563,-0.773985,-4.45789,-0.15706,-1.86096,20.1653,-1.74131,-14.9384,0.0174578,0.241842,-5.4166,0.829948,-2.30822,-1.16933,-1.45085,-0.0656945],[-0.96666,-0.121568,0.482224,-1.27708,-5.92372,-1.60681,2.23035,-0.128227,20.0644,-1.74131,24.9369,3.53719,0.0761285,0.062629,-1.12379,14.0155,20.8578,1.85359,-0.453826,0.0808194],[5.1295,6.74887,15.4985,0.752495,-1.03579,8.78345,9.32018,0.412742,3.57156,-14.9384,3.53719,141.902,1.31102,-0.56584,37.4685,4.89679,6.23462,12.6779,5.94389,0.797917],[0.0308137,0.0498313,0.156063,-0.00880155,-0.100594,-0.0380509,0.14265,-0.00833174,0.0593037,0.0174578,0.0761285,1.31102,0.0661495,0.036207,0.413621,0.128609,0.136534,0.171763,0.0885209,0.014327],[-0.0948286,-0.072212,-0.168764,-0.0683901,-0.115247,-0.308362,0.0274432,-0.0155266,0.0571503,0.241842,0.062629,-0.56584,0.036207,0.074798,-0.527208,0.187325,0.0143252,-0.0395495,0.0107039,-0.000560737],[2.35741,1.77204,6.48288,1.28197,-0.817056,4.42569,1.90768,-0.0746713,-0.36665,-5.4166,-1.12379,37.4685,0.413621,-0.527208,20.9269,-1.66819,1.25083,4.13466,1.81981,0.390149],[-0.641912,1.04465,1.56555,-1.75599,-7.65601,-0.0401695,3.46444,-0.461532,12.9269,0.829948,14.0155,4.89679,0.128609,0.187325,-1.66819,33.7326,12.9523,2.17458,0.2865,-0.0755053],[-0.437191,-0.0457166,0.00354509,-1.14525,-3.17167,-2.23715,2.72171,-0.320306,22.0629,-2.30822,20.8578,6.23462,0.136534,0.0143252,1.25083,12.9523,27.6618,2.36978,-0.227059,0.172173],[1.23899,0.990781,4.99499,-0.305832,0.955546,1.56963,3.56369,-0.13867,1.28415,-1.16933,1.85359,12.6779,0.171763,-0.0395495,4.13466,2.17458,2.36978,5.95447,0.986737,0.134499],[0.452854,0.493184,1.87727,0.152403,-0.0596281,0.937071,1.08648,0.000725347,-0.691992,-1.45085,-0.453826,5.94389,0.0885209,0.0107039,1.81981,0.2865,-0.227059,0.986737,1.0377,0.0435158],[0.101708,0.145678,0.294629,0.02074,0.062381,0.249817,0.0734111,-0.00520564,0.146928,-0.0656945,0.0808194,0.797917,0.014327,-0.000560737,0.390149,-0.0755053,0.172173,0.134499,0.0435158,0.0472076]],"n":20,"lags":3}