{"betahat":[[0.244729,-0.395568,2.60088,0.886229,-1.69181,0.57038,0.322119,0.475449,0.11393,-3.67092,6.88027,0.0383966,-0.385264,6.38915,1.91614,1.98801,-0.0940774],[1.01521,0.133826,0.170703,-0.0569654,0.581301,0.462421,0.12438,-0.0614668,-0.0957166,0.476469,-0.757364,-0.00560712,0.0193792,-0.246087,-0.0517354,-0.0130518,-0.0145722],[0.00502641,0.740829,-0.067343,0.0302673,0.140885,-0.0290305,-0.0543197,-0.0120242,-0.237093,0.146997,0.399551,0.00057826,-0.0141041,0.21505,0.00765871,-0.00757787,0.00275285],[0.0221026,0.0649618,1.13723,-0.00632815,-0.0941701,0.166412,0.00399467,-0.00729292,0.200263,-0.0059878,0.259888,0.00284962,-0.00206958,0.124262,0.0180292,-0.0159157,-0.00276761],[0.0459983,0.0975661,0.220917,1.10469,-0.342408,0.359384,-0.179276,-0.111363,-0.115494,1.03993,-0.12131,0.0238799,0.0376075,-0.397718,-0.114332,-0.0486459,0.000763776],[-0.0205113,0.0296614,0.0254288,-0.0215801,0.63115,0.0386705,-0.121385,0.00798281,-0.24701,0.382979,-0.207668,-0.00804235,0.00495823,-0.155306,-0.00148678,-0.0211856,-0.00517809],[0.00911948,-0.00761068,0.0157496,-0.0291032,0.0802166,0.98503,0.072477,0.0231185,0.15914,-0.161126,0.496438,0.00551447,0.00197122,-0.0358745,-0.00186047,0.0157577,0.00113091],[0.0297885,0.0203791,-0.0229377,0.0201565,0.192398,0.0544156,1.05477,-0.00420216,-0.301482,0.0281128,0.0333091,0.00673363,0.00284685,0.0750849,0.0415235,-0.0235521,0.00572593],[-0.253594,-0.047395,-0.746489,-0.0659822,-0.992641,-0.655805,-0.457311,0.631088,-0.0859539,1.0856,-0.888565,-0.0203562,0.0179162,-0.702501,-0.340596,-0.349704,-0.0443778],[-0.0280301,-0.0659094,-0.171304,-0.0263572,0.051024,-0.13865,0.327252,0.00244027,1.14564,-0.4546,0.0179405,0.000990842,-0.00137025,0.00775074,-0.0124169,-0.00340468,-0.0033595],[0.0111962,0.0422147,0.0607998,0.0290255,-0.0580549,0.0333535,-0.00183662,-0.0139625,0.11309,0.93579,-0.417376,-0.00231355,0.00501509,-0.0977631,-0.009341,0.00287668,0.00076941],[-0.00423289,-0.0164121,-0.0248135,-0.00640951,-0.00633579,-0.0345746,0.024125,-0.00657643,0.029266,-0.0237624,0.997482,0.00080552,0.00301383,-0.0514019,-0.0166352,-0.00439939,0.000705501],[0.265309,0.56316,0.307473,0.115762,-0.094863,0.854604,1.376,0.311447,2.30901,-2.45962,-2.51299,1.06103,-0.0210556,0.839833,1.00666,-0.590682,0.100826],[-0.137777,0.307789,-1.14837,-0.396526,-1.51705,-0.89847,0.357277,0.135002,0.30648,-1.01852,-4.18437,-0.00923246,0.991976,-1.98931,-0.511859,-0.359144,-0.0419786],[0.0354776,0.0288238,0.110977,0.0376895,0.0813188,0.0995918,-0.0611624,-0.00643076,-0.162833,0.0136191,-0.0215533,0.00341488,0.000540289,1.12665,0.0201609,0.0247631,0.00476281],[0.141143,0.469572,0.452614,0.0743553,-0.337717,0.503103,0.00941261,-0.0234555,-0.164952,-0.104731,0.419075,-0.00459285,-0.0391768,0.405727,0.725361,0.00692636,0.0467043],[0.0342701,0.0830118,0.188431,-0.0842896,-0.407442,0.162997,0.272201,0.11485,0.23396,-0.0271263,1.01314,-0.0109071,0.013702,-0.089495,0.127146,0.577737,0.0248216],[0.271052,0.770635,0.84893,-0.0639715,-1.40783,0.0888306,0.177494,-0.0666645,2.61524,-0.144286,-3.20235,-0.00418702,0.0298182,-0.0626584,-1.09126,0.694029,1.19951],[0.0187151,-0.0715664,-0.0544094,0.0982529,-0.409977,-0.339295,-0.0640347,0.0775754,-0.529921,-0.53524,0.577837,0.00175997,-0.0146942,0.273978,0.0654261,0.000348266,0.0120059],[-0.0213674,0.191126,0.0791866,-0.0333496,-0.248841,0.0507062,0.0266649,-0.00235407,0.155272,-0.0661087,-0.265606,0.00548864,0.0126746,-0.170448,-0.0424258,0.0085917,0.00012387],[-0.0371337,-0.0703307,-0.154543,0.0059393,0.0627255,-0.162404,0.000621483,0.00321896,-0.152209,-0.00353381,-0.225378,-0.00366942,0.00379724,-0.100454,-0.00514682,0.0158443,0.00191952],[0.0130884,-0.0644455,-0.0705266,-0.0453206,0.129303,-0.288961,0.30886,0.0870756,0.484881,-0.900711,0.6908,-0.00360228,-0.0181312,0.368112,0.1096,0.0853597,0.00188296],[0.0195837,0.00626812,0.0261067,0.0343354,0.204311,-0.0103451,0.0714864,-0.00437115,0.1176,-0.262508,0.222549,0.0027014,-0.00722285,0.175175,-0.0076401,0.025811,0.00432063],[-0.0147132,0.00451434,-0.0287901,0.021286,-0.0422874,0.0248805,-0.0421308,-0.0264795,-0.0934633,0.0343019,-0.390829,-0.00309763,0.00223841,-0.0182491,-0.00474398,-0.00205382,0.000682273],[-0.00750976,-0.000601994,0.0411798,-0.00597759,-0.115877,-0.00606219,-0.0422404,-0.00266106,0.23952,0.00621009,0.015123,-0.00437757,-0.00253412,-0.033905,-0.0150097,0.0161162,-0.00215648],[0.282414,-0.00897147,0.140177,0.0150402,1.02705,0.144397,0.067107,0.172002,0.800126,-0.960426,0.608816,0.000839407,-0.0406905,0.502967,0.235619,0.0374888,0.0183099],[-0.00981869,0.0115894,0.0640392,0.00432247,-0.109239,0.0125931,0.0147861,-0.0011385,-0.130909,0.0736577,0.000817236,-0.00121111,0.00408147,-0.0573885,-0.00988089,0.0240814,-0.00184656],[-0.0215127,-0.0338381,-0.067152,-0.0234465,0.00279398,-0.0266225,-0.000959949,0.00928502,-0.132208,0.0592866,0.27438,0.00438532,-0.000763312,0.044129,-0.000813239,0.00281162,-0.000374157],[-0.00646847,0.00352895,-0.00960801,0.00123867,-0.00560976,-0.00112148,-0.00529169,0.00576903,-0.0370332,0.0325236,-0.0790363,-0.00126584,-0.000521472,-0.00587418,0.00412147,-0.00313807,-0.00210738],[-0.460156,-0.59335,-0.105368,0.00998613,0.634282,-0.673894,-0.0586406,-0.311709,-0.765073,-0.847402,-1.41584,-0.131342,-0.0132003,-1.24892,-0.76238,0.378313,-0.108409],[-0.112051,-0.462631,0.730228,0.359768,1.36287,0.516797,0.159719,-0.167972,0.793897,-1.20297,4.96789,0.00766498,0.0428131,1.76358,0.838536,0.251063,0.0690775],[-0.0165573,-0.00202618,-0.064466,-0.0340686,-0.0499242,-0.0465435,0.0376906,0.000510119,0.106051,-0.00053129,-0.164924,-0.0096403,-0.00109522,-0.152354,-0.0410722,-0.0229607,-0.00219325],[0.0460823,-0.182269,-0.0561063,-0.0408804,0.370397,-0.125232,0.000718471,-0.0120391,0.122022,-0.0407764,0.289505,0.0103212,0.0345565,-0.0944591,-0.00729461,0.0637151,-0.00402754],[-0.0483637,0.0159331,-0.305159,0.0562476,0.681925,-0.249964,-0.266607,-0.115912,0.12424,0.800129,-0.428299,-0.000304635,0.0265107,-0.681459,-0.195621,-0.00632064,0.0176262],[-0.341484,-0.677574,-0.630029,0.10671,0.535148,-0.287396,-0.185781,0.0711128,-0.985456,0.270604,0.552745,0.0233303,0.0264833,0.244645,0.832571,-0.737346,-0.0951541],[-0.0339523,-0.062279,-0.116346,-0.0412956,-0.171347,-0.123144,-0.0603919,-0.0161068,0.625624,0.0588051,0.179485,0.00384568,-0.00468403,-0.0278982,-0.0136985,0.012694,0.00256809],[0.0163023,0.0680038,-0.0119277,0.00305909,0.107936,-0.0217161,0.0275983,0.0143826,0.0818465,-0.0808646,-0.134036,-0.00606858,0.00143055,-0.0446154,0.034752,-0.00102948,-0.00287474],[0.0149615,0.00533266,0.0171197,0.000358305,0.0313642,-0.00409585,-0.0046739,0.00408177,-0.0479679,0.00953333,-0.0346039,0.000816705,-0.00172272,-0.0239023,-0.0129106,4.4272e-05,0.000850823],[-0.0591232,-0.0331548,-0.150438,-0.0594204,0.213103,-0.0704116,-0.129629,0.0242904,-0.369264,-0.139171,-0.569575,-0.0202761,-0.0194732,0.0295829,0.00471883,-0.0367233,-0.00264161],[0.000900918,-0.0359357,-0.0515571,-0.0127484,0.164397,-0.0283529,0.0497891,-0.00361088,0.129301,-0.120358,-0.0148264,0.00533721,0.002265,-0.0198538,0.00911676,-0.00463147,0.000857431],[0.00549497,0.00301406,0.0128135,0.0077358,-0.0379917,-0.0100589,-0.0304346,0.0033765,-0.0654972,0.126824,-0.10574,-0.00241885,-0.00420374,0.0540301,0.0065515,-0.0137435,-0.0018099],[-0.021713,-0.0186177,-0.0169755,-0.0142635,-0.0757718,-0.0459739,-0.015023,0.00654017,0.0647841,-0.0322531,-0.049412,-0.00221764,-0.000222431,-0.0387183,-0.0261743,0.00764276,-0.00329007],[-0.00841574,0.0463557,0.630498,0.0626879,-0.00230604,0.467158,0.398569,0.174957,-0.638682,-0.123202,0.410078,0.0209972,0.0219313,0.260866,0.103892,0.312464,0.0237146],[0.0161476,0.0319065,0.0953085,-0.00497195,-0.0106178,0.0822378,-0.0238209,-0.00504778,0.0202611,0.0617077,-0.0862835,9.29907e-06,-0.000840924,0.00600181,-0.0116969,-0.0019773,0.000301966],[0.0102286,-0.00849109,0.00601803,-0.00548532,0.0551379,-0.00705444,0.00326417,0.00473826,0.018392,0.00419307,0.143401,-0.0020879,-0.00427063,0.0534912,0.0101844,-0.00575426,-0.000436836],[0.0102657,0.012566,0.0326706,0.00526951,0.0108908,0.0340714,-0.0198782,0.000810215,0.00682351,-0.00644102,0.0742377,0.00040305,-0.00240999,0.0550555,0.0119607,0.00706001,0.00145383],[0.314717,0.157625,-0.173904,-0.0594687,-0.257077,-0.130259,-1.30286,-0.02223,-1.50498,2.97961,3.67972,0.0422421,0.0219272,0.323051,-0.212473,0.163664,-9.48158e-06],[0.291307,0.240825,0.37892,0.0826933,0.243637,0.484121,-0.522481,0.0423791,-1.19575,2.11884,-0.959544,-0.00954771,-0.0497663,0.155682,-0.285632,0.0561834,-0.0374282],[-0.018973,-0.0269559,-0.0464139,-0.00374847,-0.0313821,-0.0532517,0.0230403,0.00582649,0.057415,-0.012419,0.185971,0.0062195,0.000626285,0.024972,0.0206004,-0.00162483,-0.00254429],[-0.0687771,-0.0945334,-0.307303,-0.0774891,0.301793,-0.298855,0.0106256,-0.00856253,0.0665428,0.0915673,-0.338887,-0.00479844,0.0103009,-0.273296,0.0632928,-0.0697458,-0.017116],[0.00852587,0.0386733,0.158421,0.162478,-0.422714,0.263798,-0.0450022,-0.0342816,0.0829521,0.250943,-0.64771,0.00287663,0.00398605,-0.179273,0.0637648,0.0940932,0.0148244],[-0.0657406,-0.163655,-0.584628,-0.108144,0.776613,0.0514118,-0.103751,0.0416147,-1.64405,-0.190672,1.08185,-0.0186064,-0.0181256,-0.669649,0.0786945,-0.108027,-0.141297]],"sigmahat":[[1.38997,1.28287,2.46073,0.419891,2.23096,2.63983,-0.0892178,-0.0882628,-0.729881,0.291696,3.38435,0.0174345,-0.0940894,1.95911,0.567797,0.290373,0.091567],[1.28287,3.5044,3.32799,0.493539,-0.226873,4.91058,-0.121656,-0.0153592,0.0316393,0.812947,4.69286,0.0439497,-0.0339063,0.971401,0.266153,0.333528,0.121075],[2.46073,3.32799,12.4855,1.21416,-2.15378,9.67798,1.03839,0.261138,-0.695094,1.06128,8.76416,0.0354943,-0.19921,4.83243,1.34023,1.7032,0.156416],[0.419891,0.493539,1.21416,1.44764,-0.659534,1.22893,0.298074,-0.034302,-2.05914,-0.617711,0.909746,-0.00706116,-0.0623192,1.57979,0.536561,0.386484,0.00318332],[2.23096,-0.226873,-2.15378,-0.659534,23.0645,0.82478,-0.220539,-0.21453,-4.07586,-2.97114,-2.58049,-0.0807122,-0.132008,-0.957365,0.395759,-0.779445,0.165877],[2.63983,4.91058,9.67798,1.22893,0.82478,13.7764,-0.522095,0.079379,-2.11762,1.71194,6.91236,-0.0376553,-0.27446,3.68427,1.70506,0.914018,0.219619],[-0.0892178,-0.121656,1.03839,0.298074,-0.220539,-0.522095,7.34344,0.353228,2.18067,-9.78162,4.52012,0.0359903,-0.0373802,1.74949,0.676585,1.1689,-0.044675],[-0.0882628,-0.0153592,0.261138,-0.034302,-0.21453,0.079379,0.353228,0.329024,-0.63125,-0.459218,0.951426,-0.00631611,-0.0190944,0.0807906,0.139289,0.111239,-0.0122493],[-0.729881,0.0316393,-0.695094,-2.05914,-4.07586,-2.11762,2.18067,-0.63125,35.2766,-2.62468,-1.21416,0.0363935,0.0937039,-2.41488,0.222159,-1.50214,0.249732],[0.291696,0.812947,1.06128,-0.617711,-2.97114,1.71194,-9.78162,-0.459218,-2.62468,32.5365,-12.4575,0.0723634,0.264439,-6.096,-1.34898,-2.12421,0.126384],[3.38435,4.69286,8.76416,0.909746,-2.58049,6.91236,4.52012,0.951426,-1.21416,-12.4575,124.445,1.21499,-0.479795,33.3014,8.87272,5.04746,0.515954],[0.0174345,0.0439497,0.0354943,-0.00706116,-0.0807122,-0.0376553,0.0359903,-0.00631611,0.0363935,0.0723634,1.21499,0.0703411,0.036647,0.403729,0.0913055,0.0602787,0.0166403],[-0.0940894,-0.0339063,-0.19921,-0.0623192,-0.132008,-0.27446,-0.0373802,-0.0190944,0.0937039,0.264439,-0.479795,0.036647,0.0732867,-0.541632,-0.122294,-0.00354577,0.00621417],[1.95911,0.971401,4.83243,1.57979,-0.957365,3.68427,1.74949,0.0807906,-2.41488,-6.096,33.3014,0.403729,-0.541632,21.4908,4.50897,1.78236,0.272772],[0.567797,0.266153,1.34023,0.536561,0.395759,1.70506,0.676585,0.139289,0.222159,-1.34898,8.87272,0.0913055,-0.122294,4.50897,2.55249,0.278942,0.0793964],[0.290373,0.333528,1.7032,0.386484,-0.779445,0.914018,1.1689,0.111239,-1.50214,-2.12421,5.04746,0.0602787,-0.00354577,1.78236,0.278942,1.31092,-0.00550933],[0.091567,0.121075,0.156416,0.00318332,0.165877,0.219619,-0.044675,-0.0122493,0.249732,0.126384,0.515954,0.0166403,0.00621417,0.272772,0.0793964,-0.00550933,0.0531178]],"n":17,"lags":3}