{"betahat":[[0.192039,-0.561296,1.75113,0.91606,-1.61582,-0.181828,-0.0989991,0.311509,0.612814,-3.60076,7.48394,-0.00131749,-0.400582,6.23376,1.81821,1.8897,-0.092276],[1.01214,0.141065,0.186245,-0.0523558,0.516888,0.47376,0.123671,-0.0566326,-0.0858473,0.431254,-0.672545,-0.00387142,0.0194396,-0.225425,-0.0410828,-0.00265984,-0.0125346],[0.0122164,0.755763,-0.0565389,0.028171,0.162816,-0.0276691,-0.0496686,-0.0164525,-0.193253,0.132165,0.460948,0.00202946,-0.0124621,0.201563,-0.000398118,-0.00551878,0.00308025],[0.0179676,0.0600541,1.12719,-0.00962023,-0.0976493,0.154665,0.000530548,-0.00720742,0.204387,0.00478006,0.202086,0.00244548,-0.00135273,0.101687,0.0119199,-0.0179899,-0.00280727],[0.0458576,0.0980433,0.223886,1.09933,-0.31997,0.366232,-0.173131,-0.106627,-0.0820673,0.948899,-0.0677653,0.0218114,0.0350392,-0.370736,-0.107527,-0.0471378,0.00120017],[-0.0191128,0.0264563,0.021239,-0.0207485,0.65214,0.0353704,-0.119297,0.00700265,-0.249429,0.372492,-0.198164,-0.00738705,0.00512595,-0.150238,-0.000788459,-0.0205319,-0.0051843],[0.00839169,-0.011141,0.00941584,-0.0249204,0.0842769,0.987213,0.0613548,0.0215867,0.139507,-0.135859,0.513899,0.00522659,0.0013727,-0.0219972,0.0028551,0.0122054,0.00103215],[0.0314609,0.0223666,-0.00873465,0.0175653,0.170397,0.0560532,1.05797,-0.00371297,-0.271898,0.0341495,0.0603418,0.00694337,0.00294005,0.0760447,0.0426338,-0.0217301,0.00537174],[-0.261745,-0.0570035,-0.721608,-0.0634502,-0.99645,-0.639495,-0.458246,0.643826,-0.0407797,0.980071,-0.878065,-0.0213708,0.0194177,-0.717547,-0.330907,-0.342983,-0.0396079],[-0.029191,-0.0704491,-0.170842,-0.0235363,0.0539256,-0.142172,0.329987,0.00307622,1.13807,-0.461886,0.0293202,0.00112314,-0.00122931,0.0125814,-0.0109922,-0.00082272,-0.00332256],[0.00911762,0.039035,0.059469,0.0277681,-0.063786,0.0272514,0.000520849,-0.0129497,0.113455,0.942013,-0.397096,-0.00216026,0.00493334,-0.097336,-0.00896379,0.00316304,0.000358813],[-0.00510067,-0.0163523,-0.0261913,-0.00787872,-0.00958925,-0.0361374,0.0235475,-0.00614246,0.0340599,-0.0223175,1.00042,0.000615634,0.00295572,-0.0524182,-0.0172686,-0.00528715,0.000522327],[0.204156,0.477484,0.227796,0.0831781,-0.141425,0.728252,1.39321,0.295641,2.45512,-2.57047,-2.41284,1.0636,-0.0171231,0.792588,0.988748,-0.589679,0.0978505],[-0.140263,0.325858,-1.19802,-0.359685,-1.50135,-0.91581,0.369519,0.135871,0.340101,-1.13877,-4.4266,-0.0201039,0.983937,-2.0031,-0.514968,-0.373279,-0.0449361],[0.0366152,0.0298333,0.114233,0.0383076,0.0841828,0.103318,-0.054987,-0.00536847,-0.174772,0.0184999,-0.0216476,0.00307672,-5.5771e-05,1.12566,0.0218281,0.0241741,0.00490244],[0.134376,0.454193,0.441353,0.0793923,-0.351999,0.472698,0.0225351,-0.0205733,-0.184076,-0.117515,0.382883,-0.00472458,-0.0388667,0.392322,0.726103,0.0124728,0.0442343],[0.0384667,0.0829032,0.159997,-0.0790127,-0.325298,0.159622,0.272304,0.105945,0.158703,-0.0269669,1.00649,-0.00672273,0.0161576,-0.0777791,0.122961,0.589653,0.0255045],[0.266748,0.695154,0.752288,-0.0475972,-1.30565,0.00499293,0.21573,-0.0600615,2.54098,-0.167951,-3.4923,-0.00755897,0.0272124,-0.0536278,-1.09129,0.679654,1.19053],[0.0217291,-0.0728552,-0.0502916,0.0926683,-0.375957,-0.346899,-0.0548732,0.0756479,-0.500134,-0.487881,0.528846,0.000966326,-0.0147377,0.256603,0.0572342,-0.00536879,0.01115],[-0.0271008,0.18179,0.0712642,-0.030264,-0.260859,0.0568595,0.0342203,0.002524,0.126372,-0.0627812,-0.322395,0.00443466,0.0123119,-0.178279,-0.0362069,0.0124312,-0.000570399],[-0.0318892,-0.0647767,-0.143798,0.00627392,0.0661034,-0.154689,-0.000253741,0.00289739,-0.148144,-0.0091643,-0.181912,-0.0033235,0.00342249,-0.0837999,-0.0014454,0.0173501,0.00216541],[0.0136981,-0.0601404,-0.088764,-0.0460011,0.14343,-0.284682,0.293962,0.0824574,0.45012,-0.830151,0.587046,-0.00324102,-0.0167593,0.332301,0.092402,0.0762421,0.00143037],[0.0186146,0.00787904,0.0311345,0.0344702,0.191272,-0.00313831,0.0713678,-0.00455339,0.115382,-0.254927,0.224789,0.00237718,-0.00711811,0.173177,-0.00627941,0.0261503,0.00430967],[-0.0143015,0.00776749,-0.0275445,0.0177614,-0.0407194,0.0216651,-0.0323521,-0.0249837,-0.0843917,0.0099419,-0.397365,-0.00300733,0.00259656,-0.0271386,-0.00790268,-0.000441405,0.00039528],[-0.010459,-0.00457033,0.0269728,-0.00348221,-0.104838,-0.0134295,-0.0445125,-0.00341087,0.215779,0.00474179,-0.0102743,-0.00470905,-0.00258754,-0.0368168,-0.0177171,0.0135717,-0.00215466],[0.283668,0.013213,0.131684,0.0321192,1.03149,0.156078,0.0838853,0.167027,0.684966,-0.936505,0.599062,0.00306385,-0.0397373,0.486332,0.23178,0.052424,0.0140892],[-0.00917321,0.0148663,0.0600891,0.00253878,-0.107357,0.0159907,0.0072336,-0.00161229,-0.13277,0.0837502,-0.0134165,-0.00157514,0.00380595,-0.0604963,-0.0113471,0.0208188,-0.00184993],[-0.0189753,-0.0302334,-0.0641827,-0.0214219,0.00307716,-0.0211353,-0.0048751,0.00814397,-0.133823,0.0562411,0.268346,0.0043803,-0.000746964,0.0493327,-0.000131051,0.00250248,-0.000167488],[-0.00414599,0.00566676,-0.00616501,0.00317829,0.000442878,0.00472465,-0.00708637,0.0053006,-0.0373709,0.0321948,-0.0794777,-0.00115017,-0.000598477,-0.0045699,0.00549406,-0.00291939,-0.00169404],[-0.422802,-0.525328,-0.157817,0.0122772,0.666783,-0.671905,-0.13298,-0.304226,-0.937202,-0.624281,-1.71962,-0.12929,-0.00972545,-1.3046,-0.804122,0.365762,-0.104689],[-0.149053,-0.492143,0.758572,0.341278,1.22987,0.515103,0.192761,-0.148883,0.537303,-1.06369,5.08586,0.0140953,0.0489772,1.74071,0.829558,0.254391,0.0602591],[-0.0175041,-0.00395901,-0.0649824,-0.0333162,-0.0508562,-0.0492981,0.034238,0.000934435,0.109382,0.0016461,-0.136132,-0.00867109,-0.000644698,-0.135348,-0.0382155,-0.0220482,-0.00214849],[0.046069,-0.180898,-0.041957,-0.0396986,0.337824,-0.102268,-0.00689384,-0.0117054,0.105032,-0.0517546,0.223425,0.00819938,0.0337436,-0.100439,-0.00558628,0.0651896,-0.00342376],[-0.0571977,0.0115486,-0.294306,0.0510427,0.64912,-0.249751,-0.266991,-0.112854,0.132991,0.788555,-0.463984,-0.000379569,0.0272109,-0.688673,-0.19248,-0.011568,0.016346],[-0.302415,-0.564853,-0.540849,0.0635358,0.483304,-0.165477,-0.269545,0.0596001,-0.801383,0.324553,0.801868,0.0255203,0.0262046,0.199409,0.826093,-0.739869,-0.0857647],[-0.0338871,-0.0682045,-0.135951,-0.0403213,-0.140958,-0.126824,-0.0688215,-0.0190053,0.585974,0.05667,0.143615,0.00290505,-0.00470022,-0.0311937,-0.0161561,0.00802222,0.00138694],[0.014856,0.0624304,-0.0147518,0.0020696,0.0980197,-0.029174,0.0154157,0.0139414,0.0669119,-0.0693505,-0.138687,-0.00646419,0.000152098,-0.023304,0.0365937,-0.00692478,-0.00250737],[0.0138644,0.00471332,0.0164798,0.00331609,0.0314657,-1.3736e-06,-0.000306502,0.00432767,-0.0561533,0.00440657,-0.0203101,0.000877078,-0.00206404,-0.0179871,-0.0104972,0.00061672,0.000645473],[-0.0595797,-0.0379055,-0.135097,-0.0533768,0.176526,-0.0814684,-0.120846,0.0241832,-0.367928,-0.118694,-0.519416,-0.018567,-0.018276,0.0384098,0.0151182,-0.0291094,-0.00262492],[0.000482681,-0.0343145,-0.0523369,-0.0137173,0.15645,-0.0322006,0.0478461,-0.00243966,0.133951,-0.117442,-0.026625,0.00500749,0.00199361,-0.0229378,0.00706038,-0.00562109,0.000875346],[0.00582359,0.00331886,0.0179707,0.00707983,-0.0436265,-0.00896026,-0.0290626,0.00342262,-0.054936,0.125925,-0.116704,-0.00221906,-0.00396284,0.0490419,0.00500188,-0.0117994,-0.0014237],[-0.0204706,-0.0165222,-0.0165735,-0.0141913,-0.0653734,-0.0399517,-0.0156908,0.0068412,0.0588622,-0.036902,-0.0513162,-0.00207849,-0.000255809,-0.0368519,-0.0245837,0.00839965,-0.00294622],[-0.00350409,0.0285643,0.614132,0.0430862,0.00738295,0.436119,0.383203,0.169131,-0.58848,-0.0422511,0.388258,0.0202452,0.0202473,0.284125,0.0978192,0.288115,0.0228412],[0.0161762,0.0307367,0.0908597,-0.00446633,-0.00492381,0.0789667,-0.0227706,-0.00489684,0.0194944,0.0548832,-0.0866464,-0.000135571,-0.000943464,0.00472821,-0.0119569,-0.00204777,0.000330681],[0.00979364,-0.00888821,0.00440892,-0.00625153,0.0606911,-0.00639434,0.00481531,0.0048738,0.019663,0.00107283,0.129062,-0.00223791,-0.00420387,0.0478177,0.00912387,-0.00573066,-0.000229749],[0.00884349,0.0104254,0.0308482,0.004789,0.00810679,0.0299761,-0.0173714,0.000869551,0.00252398,-0.00756206,0.0722996,0.00048838,-0.00227305,0.0548447,0.0112678,0.0077512,0.00122459],[0.335389,0.153832,-0.0424231,-0.0266047,-0.209384,0.00679538,-1.23853,-0.00825772,-1.50508,2.88709,3.87648,0.0398026,0.0127077,0.479899,-0.134838,0.174966,0.00130748],[0.326671,0.246757,0.406149,0.0611846,0.325226,0.500818,-0.563606,0.0230583,-0.988585,2.10366,-0.86569,-0.00437553,-0.0471203,0.201746,-0.281805,0.0694759,-0.0270415],[-0.0191373,-0.0259445,-0.0489683,-0.00514324,-0.0333106,-0.0540322,0.0203962,0.00436401,0.066015,-0.0194252,0.157218,0.00560327,0.000777189,0.0089637,0.0160917,-0.0019547,-0.00272353],[-0.0702742,-0.0919102,-0.297989,-0.0721875,0.284525,-0.298048,0.016756,-0.00664187,0.0581708,0.0827885,-0.329382,-0.004383,0.0100771,-0.274016,0.0574809,-0.0697203,-0.0177847],[0.00827495,0.040912,0.158613,0.155056,-0.441512,0.271489,-0.0498523,-0.0307517,0.0545892,0.277966,-0.639699,0.00146342,0.00322345,-0.179162,0.0693298,0.0919599,0.0154161],[-0.0904973,-0.183254,-0.541769,-0.0894961,0.751023,0.0331051,-0.0486809,0.0471537,-1.7031,-0.224424,1.23409,-0.0163257,-0.0154655,-0.596757,0.0972067,-0.0817024,-0.14058]],"sigmahat":[[1.39851,1.28985,2.43846,0.423998,2.25389,2.64232,-0.102852,-0.0955268,-0.719305,0.326327,3.47838,0.0187619,-0.096191,1.98266,0.566429,0.283783,0.0915678],[1.28985,3.53682,3.31837,0.510015,-0.21555,4.89298,-0.0893622,-0.0202296,0.0464006,0.762721,4.7508,0.0483044,-0.0345798,0.995198,0.271286,0.34188,0.12142],[2.43846,3.31837,12.4005,1.28353,-2.38984,9.6007,0.987428,0.230795,-0.578439,1.15631,8.70074,0.0416256,-0.198739,4.92481,1.34645,1.70583,0.155877],[0.423998,0.510015,1.28353,1.47078,-0.730894,1.27488,0.31331,-0.0395321,-2.104,-0.627594,0.955269,-0.0063305,-0.0639419,1.62564,0.551113,0.390186,0.0011123],[2.25389,-0.21555,-2.38984,-0.730894,23.5167,0.747805,-0.226289,-0.240323,-3.80633,-2.80609,-2.4182,-0.0834567,-0.130294,-1.23591,0.326578,-0.81811,0.166644],[2.64232,4.89298,9.6007,1.27488,0.747805,13.711,-0.537106,0.0657177,-1.98092,1.77784,6.90219,-0.0352581,-0.27671,3.71037,1.72297,0.918719,0.214863],[-0.102852,-0.0893622,0.987428,0.31331,-0.226289,-0.537106,7.35394,0.351759,1.96838,-10.012,4.619,0.0373358,-0.0341675,1.73788,0.632115,1.17038,-0.0493665],[-0.0955268,-0.0202296,0.230795,-0.0395321,-0.240323,0.0657177,0.351759,0.332448,-0.671591,-0.492096,0.995657,-0.00549146,-0.0178563,0.0807079,0.137634,0.114182,-0.0122326],[-0.719305,0.0464006,-0.578439,-2.104,-3.80633,-1.98092,1.96838,-0.671591,36.0863,-2.5231,-1.66182,0.0215492,0.0865359,-2.49542,0.177586,-1.52511,0.26722],[0.326327,0.762721,1.15631,-0.627594,-2.80609,1.77784,-10.012,-0.492096,-2.5231,33.3578,-12.9586,0.0685954,0.262339,-6.29756,-1.32667,-2.17395,0.135012],[3.47838,4.7508,8.70074,0.955269,-2.4182,6.90219,4.619,0.995657,-1.66182,-12.9586,128.366,1.2602,-0.475794,34.1737,8.97556,5.17147,0.547525],[0.0187619,0.0483044,0.0416256,-0.0063305,-0.0834567,-0.0352581,0.0373358,-0.00549146,0.0215492,0.0685954,1.2602,0.0713582,0.0368278,0.419769,0.0906571,0.0616583,0.0167582],[-0.096191,-0.0345798,-0.198739,-0.0639419,-0.130294,-0.27671,-0.0341675,-0.0178563,0.0865359,0.262339,-0.475794,0.0368278,0.0740276,-0.548104,-0.12255,-0.00489635,0.00612577],[1.98266,0.995198,4.92481,1.62564,-1.23591,3.71037,1.73788,0.0807079,-2.49542,-6.29756,34.1737,0.419769,-0.548104,22.0969,4.55926,1.80164,0.272773],[0.566429,0.271286,1.34645,0.551113,0.326578,1.72297,0.632115,0.137634,0.177586,-1.32667,8.97556,0.0906571,-0.12255,4.55926,2.56335,0.276164,0.0780305],[0.283783,0.34188,1.70583,0.390186,-0.81811,0.918719,1.17038,0.114182,-1.52511,-2.17395,5.17147,0.0616583,-0.00489635,1.80164,0.276164,1.32486,-0.00648119],[0.0915678,0.12142,0.155877,0.0011123,0.166644,0.214863,-0.0493665,-0.0122326,0.26722,0.135012,0.547525,0.0167582,0.00612577,0.272773,0.0780305,-0.00648119,0.0539519]],"n":17,"lags":3}