{"betahat":[[0.815929,0.559758,2.97324,1.1157,-0.791784,0.411185,0.809778,0.398629,-2.47449,-4.55689,-1.38204,11.4035,0.0810903,-0.390355,8.80664,3.27701,1.98761,-0.0187831],[1.02834,0.114305,0.227472,-0.0707826,0.540823,0.372883,0.174718,-0.051008,0.0430363,0.29634,-0.246431,-0.233115,-0.00282665,0.0167345,-0.101632,0.0456924,0.00503455,-0.00650588],[0.0323644,0.761022,0.05121,0.0154981,0.186283,0.00926819,0.0249948,-0.0209774,-0.0918866,0.0827739,-0.102192,0.622011,0.00485416,-0.00863813,0.248876,0.0817243,0.0174821,0.00552411],[0.0167451,0.0347165,1.07833,-0.0196893,0.00158287,0.0972963,-0.00322101,-0.00862778,0.137841,0.0137182,0.12944,0.338253,0.00383866,0.0006617,0.0936944,0.0150738,-0.013329,-0.00397285],[0.0911013,0.177039,0.416689,1.04483,-0.353443,0.501797,-0.217969,-0.106309,0.089838,0.940962,0.327906,-0.642477,0.0146477,0.0268311,-0.477891,-0.0996202,-0.0436242,0.00324144],[-0.0270306,0.0275562,0.00840505,-0.00975278,0.622614,0.0349442,-0.0867318,0.00685693,-0.213108,0.361983,-0.20911,-0.248437,-0.00774936,0.00387134,-0.141141,0.0023412,-0.027698,-0.00442207],[0.0166592,0.0173592,0.0491375,-0.0246147,0.0470336,1.02228,0.0466834,0.021784,0.114519,-0.147259,0.0838209,0.445674,0.00444851,-0.00101201,0.00345242,0.0248547,0.00921143,0.0023541],[0.0233314,-0.0125069,-0.0159284,0.0150489,0.17954,0.00351039,1.03655,-0.00220604,-0.300954,0.0431899,-0.266434,0.0698318,0.00710973,0.0041422,0.0540576,0.00350425,-0.00817987,0.00149785],[-0.144198,0.0957939,-0.39163,-0.179657,-0.800158,-0.483169,-0.506262,0.657235,-0.128192,0.676368,0.198554,-0.812387,-0.0266346,0.00033188,-0.564957,-0.0431878,-0.305589,-0.0279735],[-0.0188797,-0.0158214,-0.174166,0.014665,0.0382143,-0.111867,0.258284,0.0105297,0.697242,-0.391843,-0.23231,0.126991,0.00280061,-0.00385207,0.11502,0.0607852,-0.00157318,-0.00393142],[0.00568777,0.0380324,0.013564,0.0342883,-0.0460245,0.0287653,-0.0235406,-0.0133312,0.0950793,0.950597,0.0550825,-0.476309,-0.00301014,0.0036865,-0.0994204,-0.0230455,-0.0096707,-0.000176285],[-0.00462148,-0.0520331,-0.0095012,-0.0493322,0.0503931,-0.0452859,0.0840432,-0.00868304,0.514296,-0.116826,1.38114,-0.0563974,0.000512509,0.00125859,-0.057233,-0.019724,-0.00868396,0.00232759],[-0.00360827,-0.0111499,-0.0201802,-0.00640591,-0.00893991,-0.0285949,0.0199059,-0.00664938,0.0341946,-0.0163801,0.0215512,0.925791,0.00030206,0.00292405,-0.0574226,-0.01109,-0.00548442,0.000585792],[0.221696,0.715607,0.600365,0.253623,-0.792046,1.31282,1.25217,0.282747,1.93971,-2.10658,1.80389,-3.11692,1.05279,-0.0315191,0.603482,0.77394,-0.576756,0.108258],[-0.219984,0.066795,-1.45772,-0.700696,-0.698842,-1.49138,0.653295,0.120381,1.24805,-1.08687,1.98552,-4.43693,-0.0218819,1.01421,-2.43493,-0.239182,-0.531952,-0.0785027],[0.0459789,0.0526618,0.173771,0.0366016,0.0441432,0.124324,-0.0201916,-0.00704087,-0.129937,-0.00216257,-0.0936363,-0.00910483,0.00308291,-0.00110661,1.13078,0.0415628,0.033839,0.00753004],[0.0246269,0.169696,0.00710066,0.0346687,-0.0469842,0.20886,0.00148199,-0.0251926,0.00020617,0.0868161,0.0348233,0.3659,0.00549816,-0.0111724,0.184761,0.573793,-0.0472427,0.0179936],[-0.0212024,-0.0366855,-0.155006,-0.0395189,-0.334402,0.00440626,0.117778,0.121891,-0.0123704,0.140407,0.28738,1.19381,-0.0078738,0.020685,-0.205994,-0.149936,0.570076,0.0150655],[0.35298,0.867441,1.51012,-0.218678,-1.4244,0.168508,0.420722,-0.0856139,2.87683,-0.185238,2.97919,-5.13552,-0.0158494,0.0770285,-0.468473,-0.412732,0.661301,1.19548],[0.00191487,-0.0758784,-0.0881109,0.0911859,-0.400757,-0.284541,-0.0822613,0.060042,-0.433666,-0.349493,-0.0986363,0.056589,0.000102156,-0.00877259,0.0939037,-0.00781205,0.00289279,0.00528819],[-0.0474175,0.156463,-0.0129245,-0.0234358,-0.272977,-0.00724861,-0.00412412,0.00621392,0.071438,-0.0345904,0.126155,-0.42258,0.00237612,0.011128,-0.222623,-0.0774079,-0.00184286,-0.00480517],[-0.0303278,-0.0474197,-0.117597,0.0171886,0.0039577,-0.109999,0.00285567,0.00356974,-0.0908168,-0.00396278,-0.0929468,-0.274563,-0.0041861,0.00116829,-0.0834176,-0.0109589,0.00949746,0.00212347],[0.0194851,-0.0865799,-0.10142,-0.0591374,0.278723,-0.346735,0.277712,0.0797406,0.357632,-0.875711,0.00942737,1.53885,0.00654228,-0.00949428,0.499682,0.148668,0.088921,0.00503447],[0.0239886,0.007112,0.0531711,0.0249661,0.19198,-0.0063143,0.062184,-0.00421071,0.114693,-0.25478,0.172598,0.141142,0.00186449,-0.00595713,0.145325,0.00508538,0.0350879,0.00351412],[-0.0221468,-0.0149213,-0.050089,0.0222875,-0.0407902,0.000314789,-0.0199739,-0.0229668,-0.0647622,0.0255343,-0.110436,-0.299211,-0.00240211,0.00442631,-0.0352624,-0.0438465,0.00340551,-0.000126052],[0.00136113,0.0225299,0.0491758,-0.00391071,-0.099613,0.0256894,-0.0269739,-0.00469168,0.250564,-0.0205717,0.229295,0.0680184,-0.00404321,-0.00496459,0.0129315,0.0289016,0.00495319,0.00156655],[0.265716,-0.0387455,0.132887,0.0735483,0.986043,0.118635,0.148524,0.16725,0.599834,-0.852559,0.298,1.71079,0.0177851,-0.0278841,0.671492,0.18978,0.0881053,0.01355],[-0.00911121,-0.000676857,0.00932286,0.00414663,-0.0743964,-0.0224294,0.0330929,-0.00214461,-0.0588607,0.0190454,-0.0577029,0.0855165,0.00101751,0.00268992,-0.00356062,0.0187743,0.0125543,4.92241e-05],[-0.0176068,-0.0295797,-0.0449359,-0.020557,-0.00845433,-0.0173182,0.0060115,0.00824998,-0.120692,0.0560217,-0.0830529,0.3096,0.00425154,-0.000875671,0.0453326,0.000727572,0.0111491,0.00053009],[-0.00488641,0.0164909,0.0253853,0.0177966,-0.0530821,0.0518192,-0.0453952,0.00150066,-0.175263,0.137446,-0.142312,-0.123288,-0.00420688,0.00158201,-0.0857621,-0.0606612,0.0102869,-0.00141668],[-0.000812298,0.00177366,0.0126846,0.0011254,-0.000286057,0.00429727,0.0093748,0.00538878,-0.0276772,0.0220147,-0.0184823,0.0232909,-0.000524661,-0.000644769,0.0104533,0.0195089,0.00391572,-0.0015697],[-0.334194,-0.590743,-0.340604,-0.0719681,1.10434,-0.911822,-0.246929,-0.297495,-0.695029,-0.659284,-0.0231328,-0.849489,-0.131502,-0.0123802,-1.12954,-0.649411,0.365737,-0.1084],[-0.0801483,-0.270089,0.837243,0.511681,0.791289,0.937375,-0.288311,-0.14461,0.142822,-0.890162,-0.091032,4.62293,0.00612876,0.00868095,1.95828,0.53358,0.347503,0.0784003],[-0.0233928,-0.024628,-0.10002,-0.032681,-0.0194056,-0.0659674,0.0185503,0.00235438,0.0705985,0.00304414,0.022289,-0.114807,-0.00753529,0.000878818,-0.131426,-0.0456229,-0.026764,-0.00425168],[0.0125185,-0.0645498,-0.185787,0.0162537,0.166296,-0.0718088,-0.114111,-0.00103554,-0.019213,0.0717866,-0.0135303,-0.413545,-0.00782504,0.00446332,-0.176599,-0.0428609,0.00739261,-0.00439617],[-0.028694,0.125703,-0.14133,0.0272003,0.619925,-0.13242,-0.239221,-0.121027,0.0428009,0.753519,-0.153141,-0.388931,0.00276137,0.022389,-0.651294,-0.181778,0.00392762,0.0203354],[-0.398264,-0.902779,-1.11149,0.201962,0.788479,-0.507132,-0.374695,0.0568461,-0.933136,0.548199,-0.769561,2.19453,0.0242076,0.00547932,0.388631,0.458879,-0.648253,-0.113584],[-0.0302992,-0.0384754,-0.139429,-0.0204183,-0.140107,-0.088381,-0.0924856,-0.00903251,0.390691,0.0531695,0.345182,0.176287,0.00272054,-0.00796115,0.00763673,-0.0378888,-0.0079417,0.0012167],[0.0149913,0.0824357,-0.038393,0.00790804,0.0866527,-0.00208789,-0.0209143,0.0147687,0.0205439,-0.0481714,-0.0237937,-0.199736,-0.00723467,-0.00248903,-0.0263568,-0.00433544,-0.0156598,-0.000720691],[0.0134814,0.0126138,0.039057,0.00245561,-0.00565135,0.0125742,0.00032207,0.00506663,-0.046819,-0.00973415,-0.0362074,-0.0640386,0.000341311,-0.00182419,-0.0105073,-0.00415231,0.00380124,0.00184639],[-0.110641,-0.0905232,-0.315321,0.0142578,0.0746878,-0.155074,-0.0597743,0.0265737,-0.44733,-0.0652336,-0.337066,-0.896616,-0.0211904,-0.0173354,-0.0218679,-0.0490288,-0.0453063,-0.00827416],[0.00299199,-0.0347059,-0.0616373,-0.0152208,0.18525,-0.028679,0.0244685,-0.0026474,0.0984375,-0.10712,0.0365622,0.107067,0.00587766,0.00208628,-0.00428724,-0.00746161,-0.00740889,0.000905802],[0.00535265,-0.00257995,0.000691236,0.00223305,-0.00634442,-0.0227938,-0.0267912,0.00120249,-0.0494942,0.121713,0.0269861,-0.146863,-0.00205232,-0.00340816,0.031596,0.0189267,-0.0126614,-0.00223145],[-0.0239048,-0.00886308,-0.0315056,-0.0115027,-0.0785834,-0.0266898,-0.0117505,0.00648287,0.0560099,-0.0212973,0.0421281,-0.136871,-0.00288831,0.000887867,-0.0642145,-0.031369,0.00348963,-0.00273532],[-0.0931227,-0.0547309,0.285687,0.12448,-0.129785,0.325103,0.350969,0.153818,-0.504157,0.181121,-0.522243,-0.68167,0.0106259,0.0257862,-0.00777515,-0.142876,0.217649,0.012477],[0.0121831,0.019839,0.0508102,-0.0019181,0.00485596,0.0534521,-0.00728036,-0.00339714,0.032465,0.0135054,0.00907346,-0.0436221,0.000437102,-0.00216909,0.0311919,-0.00740341,-0.00729195,0.00149178],[0.0117572,-0.008637,0.0310074,-0.0136329,0.054203,-0.0118125,0.0179908,0.00514889,0.0248544,-0.0072208,0.0272289,0.166209,-0.00127181,-0.00282283,0.0535925,0.022194,-0.00156355,-0.000408809],[0.00214759,0.023098,0.0385003,-0.00371286,-0.0190401,0.0507408,-0.0196278,-0.000690387,-0.013788,0.0202086,-0.00647113,-0.118322,-0.00168826,0.00059374,-0.0348872,-0.030138,-0.000958249,-0.0021126],[0.0037266,0.00862799,0.00562178,0.00516424,0.00786865,0.0224553,-0.0302067,0.0012392,-0.00569208,-0.00276206,-0.00236083,0.0402578,0.000132598,-0.00215585,0.0431561,-0.0096151,0.00106257,0.00099457],[0.247312,0.0110338,-0.118459,-0.159027,0.00298781,-0.333097,-0.949998,-0.00473849,-1.13644,2.38855,-1.78208,3.57974,0.0481723,0.0358165,0.363877,-0.0878238,0.174147,-0.00624918],[0.343076,0.280446,0.67007,0.216489,-0.04777,0.686906,-0.35032,0.0304471,-1.30299,1.89621,-1.93069,-0.439947,0.00334412,-0.0355987,0.342125,-0.261849,0.145988,-0.00993216],[-0.0226345,-0.0281629,-0.073814,-0.0040023,-0.0246106,-0.0586011,0.00122562,0.00459619,0.0594417,-0.000508415,0.0721241,0.123459,0.00445249,0.000289244,0.000106671,0.00392245,-0.00691432,-0.00324712],[-0.0187142,-0.00376828,-0.118228,-0.0277054,0.101143,0.00158139,-0.0496796,6.3344e-05,0.000512201,-0.0285245,0.0484005,-0.0146742,-0.000109174,0.0028214,-0.101647,-0.0412349,-0.0131901,0.000984819],[0.0108753,0.0221439,0.252299,0.173384,-0.521593,0.26395,-0.00224791,-0.025434,0.140468,0.255536,0.0354523,-0.538252,0.00238179,0.00458543,-0.135773,0.081155,0.0984189,0.0205684],[-0.116374,-0.108667,-0.679614,-0.0542016,0.444504,0.148357,-0.122357,0.077,-1.81368,-0.339409,-2.09844,1.09229,-0.00851979,-0.036597,-0.492587,-0.142359,-0.130009,-0.127588]],"sigmahat":[[1.67797,1.57068,3.54647,0.325479,2.3651,2.90403,0.462969,-0.121164,-0.48433,-0.121906,-0.692911,5.59297,0.0435843,-0.100523,2.61061,1.67255,0.501148,0.117924],[1.57068,3.83601,4.52025,0.446377,-0.445355,5.16957,0.461032,-0.0433206,0.584612,0.142456,0.272496,6.83575,0.0609775,-0.066112,1.77468,1.15487,0.574585,0.161772],[3.54647,4.52025,15.8228,0.790371,-0.94981,10.7591,2.55421,0.0522305,0.78095,1.10037,1.38866,15.9546,0.167467,-0.183451,6.7123,6.28291,1.98556,0.3367],[0.325479,0.446377,0.790371,1.48973,-0.796939,1.32596,-0.0925427,-0.0553069,-1.25786,-0.154273,-1.50793,0.641598,-0.00497546,-0.0656989,1.32098,-0.124207,0.217763,0.0261266],[2.3651,-0.445355,-0.94981,-0.796939,23.3102,0.201646,1.01594,-0.169294,-4.98687,-4.72964,-6.47064,-0.57148,-0.0868882,-0.124839,-0.216164,1.22581,-0.0911343,0.0743342],[2.90403,5.16957,10.7591,1.32596,0.201646,14.0472,-0.161283,0.0615483,-1.62603,1.25179,-1.189,9.41932,-0.0100389,-0.312176,4.68367,2.55895,1.13192,0.29318],[0.462969,0.461032,2.55421,-0.0925427,1.01594,-0.161283,6.66607,0.18233,2.72155,-7.1269,2.08738,8.50306,0.13457,0.0340915,1.87509,3.70756,1.01362,0.0572672],[-0.121164,-0.0433206,0.0522305,-0.0553069,-0.169294,0.0615483,0.18233,0.324517,-0.475544,-0.311322,-0.293634,0.645522,-0.00831821,-0.0168458,-0.056374,0.0255013,0.024163,-0.0076328],[-0.48433,0.584612,0.78095,-1.25786,-4.98687,-1.62603,2.72155,-0.475544,28.2404,-2.8461,23.8993,3.78243,0.0768621,0.055414,0.017617,1.59117,-0.757734,0.197873],[-0.121906,0.142456,1.10037,-0.154273,-4.72964,1.25179,-7.1269,-0.311322,-2.8461,29.6575,-1.38534,-14.1605,0.0411123,0.235456,-6.0079,-2.3507,-1.54966,-0.0125203],[-0.692911,0.272496,1.38866,-1.50793,-6.47064,-1.189,2.08738,-0.293634,23.8993,-1.38534,28.9372,3.8024,0.0946643,0.0494924,-0.665877,2.10493,-0.540729,0.118948],[5.59297,6.83575,15.9546,0.641598,-0.57148,9.41932,8.50306,0.645522,3.78243,-14.1605,3.8024,155.192,1.47048,-0.596586,40.2406,16.3294,6.14399,0.861677],[0.0435843,0.0609775,0.167467,-0.00497546,-0.0868882,-0.0100389,0.13457,-0.00831821,0.0768621,0.0411123,0.0946643,1.47048,0.0719478,0.0374467,0.459384,0.211012,0.0929537,0.0169115],[-0.100523,-0.066112,-0.183451,-0.0656989,-0.124839,-0.312176,0.0340915,-0.0168458,0.055414,0.235456,0.0494924,-0.596586,0.0374467,0.0785849,-0.566999,-0.0803609,0.00718817,0.00022199],[2.61061,1.77468,6.7123,1.32098,-0.216164,4.68367,1.87509,-0.056374,0.017617,-6.0079,-0.665877,40.2406,0.459384,-0.566999,22.5769,5.92137,1.94645,0.409283],[1.67255,1.15487,6.28291,-0.124207,1.22581,2.55895,3.70756,0.0255013,1.59117,-2.3507,2.10493,16.3294,0.211012,-0.0803609,5.92137,7.8115,1.31958,0.134301],[0.501148,0.574585,1.98556,0.217763,-0.0911343,1.13192,1.01362,0.024163,-0.757734,-1.54966,-0.540729,6.14399,0.0929537,0.00718817,1.94645,1.31958,1.13377,0.0462375],[0.117924,0.161772,0.3367,0.0261266,0.0743342,0.29318,0.0572672,-0.0076328,0.197873,-0.0125203,0.118948,0.861677,0.0169115,0.00022199,0.409283,0.134301,0.0462375,0.0531398]],"n":18,"lags":3}