{"betahat":[[0.69025,0.433417,3.71587,0.632041,-1.49462,1.38412,0.838141,0.413344,-1.91246,-2.91191,0.406413,9.63518,0.0894851,-0.442406,8.98936,0.156792,-0.460067,4.27931,1.86787,-0.015365],[1.01895,0.106674,0.212693,-0.0874648,0.742849,0.365785,0.223583,-0.0591827,-0.0570141,0.31045,-0.411797,-0.332694,0.00146683,0.0240594,-0.115406,-0.0102833,0.0033189,0.0880871,0.0160431,-0.0102587],[0.0279785,0.71357,0.0679056,0.0175702,0.0934974,-0.00611524,-0.0150832,-0.0236421,-0.120135,0.232654,-0.0920397,0.790958,0.00565848,-0.0111269,0.286775,-0.0371843,0.12253,0.0912471,0.0174241,0.007938],[0.00726355,0.0234083,1.03514,-0.0231224,0.00908208,0.0806512,-0.0185564,-0.0102375,0.131223,-0.00401622,0.138945,0.331313,0.00337762,0.000349139,0.103031,0.0239956,0.0993191,-0.00746199,-0.0202734,-0.00647169],[0.0393523,0.114184,0.200251,1.02468,-0.246467,0.335172,-0.139779,-0.110332,0.185578,0.520645,0.361804,-0.936688,0.00886595,0.0299338,-0.55104,-0.042225,0.0314629,-0.159306,-0.0739398,-0.00453322],[-0.0328406,0.0237328,-0.0145086,-0.00853061,0.59637,0.00654187,-0.0523625,0.00961077,-0.174866,0.257589,-0.198641,-0.257565,-0.0093151,0.00395606,-0.141671,-0.0318804,-0.144102,0.0171008,-0.0295192,-0.00520791],[0.021876,0.0224913,0.0583522,-0.0339583,0.065203,1.02082,0.033175,0.0280594,0.101138,-0.138722,0.0937481,0.505993,0.00544942,-0.00148135,0.000568608,0.0185503,0.0157966,0.0224276,0.00529655,0.00284594],[0.0310549,-0.0223334,-0.0238734,0.0101603,0.254522,0.00031753,1.05158,-0.00240743,-0.327187,0.0127181,-0.293234,0.045718,0.00863908,0.00459637,0.0701692,-0.0862458,-0.258011,0.0151281,-0.00975472,0.0010843],[-0.131574,0.107866,-0.523935,-0.181569,-0.668623,-0.64829,-0.329816,0.609166,0.00582824,0.218211,0.286553,-0.74965,-0.0270136,0.00037023,-0.472779,0.340219,0.559261,0.0396306,-0.33857,-0.0332625],[0.000840594,0.0359576,-0.0972664,0.0281009,-0.0597928,-0.0320093,0.236254,0.0103085,0.692819,-0.280562,-0.22698,0.212955,0.00268098,-0.00674686,0.113649,0.0363799,-0.247556,0.0689762,0.000945177,-0.00201421],[0.00248806,0.0342336,-0.000453535,0.0432463,-0.0534726,0.0274353,-0.0413078,-0.01504,0.0264343,0.966757,-0.000967973,-0.553628,-0.00364632,0.00450367,-0.116978,0.00529877,-0.0769892,-0.0445675,-0.0134012,-0.000689272],[0.0126789,-0.0323592,0.0625745,-0.0335514,0.00594546,-0.00434805,0.0859931,-0.00738032,0.549683,-0.0454304,1.3683,0.0136039,0.00335774,0.00244655,-0.0550858,0.0265942,0.597487,0.00197184,0.00699983,0.00492638],[-0.00584528,-0.0151858,-0.024851,-0.00826512,-0.0131534,-0.0317614,0.0173107,-0.00713858,0.0306946,-0.0114727,0.025132,0.904614,0.000471564,0.00359752,-0.0679304,0.00663311,0.0335156,-0.0132357,-0.00527515,0.000340981],[0.13136,0.632568,0.239082,0.221529,-0.942268,1.21779,0.943725,0.331352,1.98884,-1.63877,1.97964,-3.69206,1.05938,-0.0279447,0.710587,0.604344,1.48875,0.491062,-0.734075,0.109433],[-0.172691,0.12444,-1.28433,-0.820673,-0.72232,-1.48774,0.589684,0.085654,1.36295,-0.965994,2.22165,-4.29499,-0.0210994,0.995678,-2.53412,0.616468,2.43338,-0.13384,-0.519743,-0.0933843],[0.057563,0.0664852,0.209495,0.048862,0.0528355,0.14433,-0.0119548,-0.00817329,-0.140464,-0.0301431,-0.110625,0.0257797,0.00364748,-0.00175896,1.14958,-0.00926152,-0.13258,0.0672224,0.0429042,0.00906564],[-0.137291,-0.237182,-0.758121,0.0253109,0.728274,-0.662575,0.515312,0.0365984,-0.0616907,-1.90713,-0.514972,-0.260078,-0.0110593,0.00583353,0.0508579,0.62671,0.121115,-0.0984651,0.0160027,-0.016086],[-0.0158675,-0.0432338,-0.0599935,-0.0378205,0.0729089,-0.0564164,-0.00912466,-0.00879559,0.031984,-0.0375353,0.125319,-0.128012,-0.00174324,-0.000453489,0.0194426,0.036245,0.884697,0.0108218,-0.0265953,-0.00347689],[0.0169132,0.1924,-0.00545896,0.0346695,-0.117747,0.211965,-0.014174,-0.0251697,0.0623184,0.0843234,0.0400026,0.322951,0.00428421,-0.0117103,0.158562,-0.0327103,0.224153,0.488494,-0.0500143,0.0207627],[-0.0377395,-0.0688561,-0.212344,-0.0320066,-0.433081,-0.0283457,0.0957578,0.13338,0.00779951,0.15244,0.355908,0.959342,-0.0202271,0.0157246,-0.289289,-0.096805,-0.237665,-0.175779,0.525734,0.00909124],[0.367409,0.921481,1.32571,-0.180534,-1.18228,-0.212885,0.881383,-0.0555924,2.51936,-1.42861,2.26049,-5.39952,-0.00839773,0.098134,-0.328362,-0.154052,3.14269,-0.56944,0.876933,1.19603],[0.0216681,-0.0621345,-0.0287248,0.118876,-0.537462,-0.258019,-0.100895,0.0737269,-0.449112,-0.411266,-0.0302814,0.100593,-0.00217872,-0.014223,0.139206,-0.119324,-0.337684,-0.0164664,-0.000363524,0.00901595],[-0.0492315,0.185524,-0.0176082,-0.0256458,-0.241138,-0.00121856,0.0365654,0.00692658,0.128413,-0.138945,0.146205,-0.516585,0.00156918,0.0122703,-0.251729,0.0714205,-0.04644,-0.0900302,0.00105237,-0.00649536],[-0.0287789,-0.0439674,-0.10233,0.0201112,-0.00571295,-0.110273,0.010958,0.00333985,-0.0789857,0.0112878,-0.0928424,-0.289011,-0.00524989,0.00115049,-0.0984338,0.00606021,-0.0457917,0.00154929,0.0144334,0.00389112],[0.045956,-0.0634187,-0.0321066,-0.0539473,0.235156,-0.289826,0.19138,0.0839939,0.279581,-0.644722,-0.0238301,1.89028,0.0118685,-0.0108521,0.59935,0.0254327,0.185733,0.137947,0.103724,0.010144],[0.0268976,0.00886626,0.067203,0.0290219,0.207844,0.00431915,0.0477562,-0.00506817,0.0698454,-0.207525,0.146751,0.141053,0.00294859,-0.00613599,0.157723,0.0285716,0.0837997,-0.00131897,0.0394238,0.00394182],[-0.0269878,-0.0178765,-0.0567778,0.0275421,-0.0514639,0.00886678,-0.00913835,-0.0313959,-0.035586,-0.00162692,-0.116955,-0.358729,-0.00353,0.00545383,-0.0439561,0.0145217,0.0568356,-0.0437252,0.00739318,-2.02525e-05],[-0.00338673,0.0283832,0.0521728,0.00342548,-0.142434,0.023583,-0.0245543,-0.00443709,0.272018,-0.0290885,0.251235,0.133068,-0.00480451,-0.00595277,0.0221628,0.0551487,0.224433,0.0339445,0.0093017,0.00192606],[0.27475,-0.0522062,0.185882,0.0625757,0.798357,0.180663,-0.109078,0.186129,0.456732,-0.413031,0.2782,1.94521,0.0217483,-0.0308647,0.723001,-0.117656,0.718226,0.135023,0.0742868,0.016443],[-0.0104008,-0.00574855,0.0185796,0.00314206,-0.0729207,-0.0361169,0.0688717,-0.00492435,-0.0409403,-0.0202149,-0.0406663,0.117266,0.00231144,0.00380942,0.0125506,-0.00492532,-0.0395363,0.0549711,0.0190118,0.00040992],[-0.0170694,-0.02323,-0.0367105,-0.0264574,-0.0179472,-0.0124361,0.0197613,0.00948158,-0.0825383,0.0507086,-0.048597,0.363349,0.00536387,-0.000869749,0.0551082,-0.000376098,0.0179977,0.0181808,0.01548,0.00102263],[0.00124268,0.0284687,0.036733,0.0279637,-0.029808,0.0674609,-0.0160871,0.000794867,-0.176903,0.100662,-0.153957,-0.148694,-0.0041318,0.00234333,-0.0924063,-0.0112665,-0.194612,-0.0452791,0.0178984,-0.00125573],[-0.000189502,0.00367539,0.0195068,0.00100912,-0.00566895,0.00373209,0.0157925,0.0056093,-0.0236668,0.0264557,-0.018334,0.0384513,-0.000525961,-0.00077216,0.0127098,-0.00456045,-0.0252426,0.0267454,0.00383043,-0.00165467],[-0.295517,-0.505107,0.221617,-0.0417954,0.873899,-0.539195,-0.180616,-0.338131,-0.585695,-0.746701,0.285687,-1.27451,-0.161981,-0.0332092,-1.51838,-0.62364,-0.0713825,-0.498882,0.455792,-0.12413],[-0.101416,-0.28941,0.809625,0.602316,0.865806,1.03439,-0.27708,-0.129471,0.149426,-1.14058,-0.0614192,4.66449,-0.00437813,0.0298225,2.01437,-0.46578,-0.594957,0.516399,0.350243,0.0986461],[-0.0264246,-0.0261264,-0.106647,-0.0396611,-0.0346598,-0.0628939,0.0102482,0.00115313,0.0741628,0.0523468,0.0248035,-0.160405,-0.00922994,0.00104988,-0.158668,0.0149996,0.0359683,-0.059478,-0.0334267,-0.00481086],[0.0440795,0.0725028,0.309589,0.0116039,-0.445817,0.399864,-0.621041,-0.010592,-0.768455,1.64121,-0.344516,0.087647,0.0126446,0.00189155,-0.0370867,0.261512,-0.725216,-0.211868,-0.0265983,0.00704902],[-0.0302291,-0.0318781,-0.0957002,0.00107478,-0.0314663,-0.0577065,-0.0728503,0.00804286,-0.0891318,0.0435609,-0.0934619,0.0281108,-0.00374772,-0.000316658,-0.0612601,-0.0378271,-0.126707,-0.0955961,-0.00768702,-0.00144407],[0.0232093,-0.0581196,-0.181888,0.030605,0.178697,-0.0487341,-0.0947446,0.000882023,0.00607863,0.0345445,-0.00156546,-0.408308,-0.00740627,0.00322242,-0.163932,0.00919516,-0.0464,-0.0125008,0.0147906,-0.00567526],[-0.0660623,0.12065,-0.312821,0.0224739,0.827187,-0.19966,-0.274997,-0.119878,-0.0595032,0.652018,-0.337143,-0.477832,0.00123735,0.0239886,-0.720263,-0.125953,-0.386046,-0.311782,-0.0193707,0.0226825],[-0.403569,-1.0012,-0.851764,0.216858,0.716695,-0.268928,-0.601912,0.0546316,-0.506794,1.37949,-0.118137,2.27569,0.0339626,0.00516269,0.480634,-0.00358712,-0.644588,0.760173,-0.795028,-0.110047],[-0.0406483,-0.0445622,-0.184,-0.0314247,-0.205418,-0.107798,-0.122724,-0.0145406,0.50619,0.100831,0.442169,0.232082,0.000710063,-0.00983452,-0.0238583,0.129638,0.334474,-0.071642,-0.0156726,0.00124441],[0.0212075,0.100854,-0.0503522,0.00804734,0.147597,0.00727978,-0.0215364,0.0167225,-0.00816512,-0.0936725,-0.0540007,-0.274439,-0.00722963,-0.00114149,-0.0351143,-0.0341875,-0.0759098,-0.00124345,-0.0184742,-0.0014413],[0.0214293,0.0205041,0.0670397,0.00295765,-0.00351433,0.0295033,0.0075245,0.00690731,-0.0519772,-0.00718959,-0.0457825,-0.0423581,0.00186821,-0.00149176,-0.00480119,-0.0299537,-0.0531852,0.00586065,0.00583289,0.00258107],[-0.0853406,-0.050791,-0.168132,0.0292218,0.0112941,-0.0453343,-0.0516332,0.0263453,-0.465007,0.124104,-0.337707,-0.953515,-0.0207312,-0.0190793,-0.0483309,0.0168543,-0.216926,0.0213787,-0.0297639,-0.00560487],[0.0059051,-0.0326086,-0.0527224,-0.0204917,0.195627,-0.0109117,0.00452352,-0.00454015,0.105045,-0.0500081,0.0518868,0.116542,0.00636165,0.00218213,-0.0161203,0.00333097,0.0603199,-0.0158339,-0.00989812,0.00126634],[0.00500149,-0.0047069,-0.0017187,0.00631551,-0.0139018,-0.0298449,-0.0241438,0.00335748,-0.0652016,0.14046,0.0236542,-0.147323,-0.00192167,-0.00396399,0.043204,-0.0329319,-0.072164,0.0212427,-0.0127079,-0.00282459],[-0.0263692,-0.00426665,-0.025345,-0.0133992,-0.110914,-0.0206138,-0.028678,0.0064207,0.0610807,0.0187341,0.0463679,-0.173706,-0.00356383,0.00143943,-0.0888935,0.0319897,0.0431401,-0.0468876,0.00129339,-0.00260706],[-0.115342,-0.0544799,0.346658,0.142964,-0.0657043,0.409109,0.468655,0.182191,-0.495495,0.124712,-0.607761,-0.952084,0.00920218,0.0299114,-0.135404,-0.256199,-1.30567,-0.159138,0.270498,0.0146804],[0.0115957,0.0133487,0.040797,0.00184842,0.0264761,0.0415014,0.0135848,-0.0040553,0.020291,-0.0193244,-0.00595426,-0.0364917,0.00124406,-0.00156639,0.036999,-0.00438539,0.0208791,0.00758576,-0.00546555,0.00107351],[0.014357,-0.011238,0.0366627,-0.0167738,0.0711793,-0.0154529,0.0219002,0.00563487,0.0552655,-0.0183062,0.048786,0.189492,-0.00175847,-0.00364605,0.0613452,-0.00504296,0.0575525,0.0260198,-0.00221985,-0.000393565],[0.00257153,0.0254948,0.047117,0.000329857,-0.00699019,0.0562055,0.00131543,-0.000997569,-0.0149605,-0.00259281,0.000150643,-0.122676,-0.00089335,0.00153661,-0.0367092,-0.00130682,-0.0190833,-0.0117978,0.00430476,-0.00290365],[0.00515247,0.0103709,0.0028668,0.00701799,0.0175117,0.0252769,-0.0343435,0.00151988,-0.00605371,-0.0119591,-0.0061816,0.0444338,-5.27335e-05,-0.00265673,0.0507561,-0.00202156,-0.00736618,-0.0151475,0.000865627,0.00132016],[0.295651,0.0187957,-0.319474,-0.131798,0.37941,-0.619654,-0.71906,-0.00642893,-1.34348,2.02405,-2.34112,4.2931,0.0652305,0.0539869,0.557554,-0.0590075,-1.40554,0.0391632,0.238773,0.00854178],[0.304172,0.235815,0.471142,0.249168,-0.095087,0.583179,-0.32746,0.0555322,-1.44734,1.98412,-2.22599,-0.825427,0.00899816,-0.039067,0.308325,-0.177175,-1.84809,-0.392339,0.117201,-0.0207327],[-0.0310882,-0.0403534,-0.102672,-0.00924865,-0.0180585,-0.0816855,0.00139532,0.00691923,0.0663938,-0.0218689,0.0866217,0.135569,0.00560027,0.000783477,0.00867023,-0.00561761,0.0972974,-0.00770804,-0.00915303,-0.00420973],[0.10628,0.165229,0.448711,-0.0229337,-0.235184,0.238346,0.13585,-0.0296249,0.799079,0.188705,0.808718,0.302407,-0.000786395,-0.00819759,0.0343277,0.0817236,0.568851,0.317362,0.0164764,0.00936778],[-0.00255081,0.00540627,-0.0133268,-0.0136787,-0.0111417,0.00578262,-0.0310431,0.0020533,0.0237843,-0.0170292,-0.0025193,-0.11005,-0.00148516,-0.00110941,0.00616081,0.00657389,0.0336526,-0.0533796,-0.0122596,0.000917786],[-0.00972132,0.0136825,-0.104846,-0.0275306,0.129986,0.0393437,-0.0543234,-0.00134024,-0.0209036,-0.00173018,0.0449659,0.0783855,0.00276335,0.00287046,-0.0756984,0.0310486,-0.102835,-0.0264158,-0.0123081,0.00206754],[-0.00910612,-0.0245961,0.152195,0.193132,-0.493542,0.204032,-0.0307246,-0.0303274,0.0759994,0.137265,-0.0532065,-0.693,0.00139699,0.00645408,-0.138108,-0.0163831,0.172745,-0.000806439,0.0882248,0.0211542],[-0.115289,-0.0628921,-0.692622,-0.0772176,0.25348,0.314662,-0.332512,0.0557862,-1.9618,0.184026,-2.12338,1.21502,-0.0214221,-0.0487426,-0.780292,0.272225,-2.3612,-0.253261,-0.179838,-0.137406]],"sigmahat":[[1.49285,1.36916,2.99124,0.276004,2.44245,2.52169,0.447815,-0.102538,-0.747246,-0.417303,-0.928635,4.9164,0.0318523,-0.0942622,2.3533,-0.283852,-0.446847,1.47256,0.45377,0.102693],[1.36916,3.37258,3.66981,0.364828,0.123199,4.43307,0.545735,-0.00966403,0.201236,-0.655915,-0.0987241,6.46532,0.0524697,-0.0630022,1.73763,0.129391,-0.0640505,1.01595,0.51736,0.140386],[2.99124,3.66981,13.4398,0.680399,0.317234,8.94415,3.03989,0.102057,-0.239791,-1.27127,0.165931,14.5758,0.140071,-0.169961,6.24655,-0.440945,-0.385936,5.73855,1.84479,0.272062],[0.276004,0.364828,0.680399,1.32354,-0.781106,1.18946,-0.157724,-0.0531414,-1.06949,-0.0570185,-1.27044,0.49206,-0.0075313,-0.0621877,1.21667,-0.445004,-1.21529,-0.160231,0.167719,0.0195532],[2.44245,0.123199,0.317234,-0.781106,20.404,1.29489,0.164661,-0.186075,-4.75024,-1.39899,-5.64502,-0.982045,-0.0886583,-0.124277,-0.715468,-1.79282,-2.92652,1.28097,-0.0890661,0.0984819],[2.52169,4.43307,8.94415,1.18946,1.29489,12.1873,0.409123,0.121346,-2.03495,-1.17226,-1.89698,8.67805,-0.0276562,-0.299219,4.54293,-0.386811,-2.43742,2.37246,1.06712,0.242622],[0.447815,0.545735,3.03989,-0.157724,0.164661,0.409123,5.46405,0.111095,2.04165,-4.1407,2.08116,8.03685,0.128894,0.0345882,1.42574,0.125252,2.52409,3.31599,0.915376,0.0672472],[-0.102538,-0.00966403,0.102057,-0.0531414,-0.186075,0.121346,0.111095,0.290026,-0.373484,-0.149943,-0.185929,0.535255,-0.00759428,-0.0161764,-0.0636358,-0.0937572,-0.403225,0.0181161,0.0122092,-0.00445692],[-0.747246,0.201236,-0.239791,-1.06949,-4.75024,-2.03495,2.04165,-0.373484,23.5232,-1.53765,20.0308,3.26598,0.0695593,0.0645716,-0.238055,3.11422,22.5449,0.753048,-0.788648,0.15115],[-0.417303,-0.655915,-1.27127,-0.0570185,-1.39899,-1.17226,-4.1407,-0.149943,-1.53765,19.6637,-1.87587,-13.543,0.00957263,0.207454,-4.65288,0.532618,-1.94426,-1.89895,-1.32403,-0.0659867],[-0.928635,-0.0987241,0.165931,-1.27044,-5.64502,-1.89698,2.08116,-0.185929,20.0308,-1.87587,24.8932,3.82521,0.0981907,0.0682732,-0.718268,3.2709,21.1781,1.37649,-0.479996,0.0830439],[4.9164,6.46532,14.5758,0.49206,-0.982045,8.67805,8.03685,0.535255,3.26598,-13.543,3.82521,140.673,1.32621,-0.538547,36.8384,-0.345261,5.79418,15.2754,5.74106,0.815782],[0.0318523,0.0524697,0.140071,-0.0075313,-0.0886583,-0.0276562,0.128894,-0.00759428,0.0695593,0.00957263,0.0981907,1.32621,0.0664748,0.0355544,0.415486,0.00593736,0.151945,0.192281,0.0869205,0.0151382],[-0.0942622,-0.0630022,-0.169961,-0.0621877,-0.124277,-0.299219,0.0345882,-0.0161764,0.0645716,0.207454,0.0682732,-0.538547,0.0355544,0.0732866,-0.520346,0.0333763,0.0302548,-0.0747428,0.0070239,-0.00010154],[2.3533,1.73763,6.24655,1.21667,-0.715468,4.54293,1.42574,-0.0636358,-0.238055,-4.65288,-0.718268,36.8384,0.415486,-0.520346,20.6948,-0.663688,1.314,5.42095,1.78991,0.395342],[-0.283852,0.129391,-0.440945,-0.445004,-1.79282,-0.386811,0.125252,-0.0937572,3.11422,0.532618,3.2709,-0.345261,0.00593736,0.0333763,-0.663688,1.78222,3.02055,-0.177764,-0.105505,-0.0342513],[-0.446847,-0.0640505,-0.385936,-1.21529,-2.92652,-2.43742,2.52409,-0.403225,22.5449,-1.94426,21.1781,5.79418,0.151945,0.0302548,1.314,3.02055,28.4806,2.30598,-0.357412,0.185436],[1.47256,1.01595,5.73855,-0.160231,1.28097,2.37246,3.31599,0.0181161,0.753048,-1.89895,1.37649,15.2754,0.192281,-0.0747428,5.42095,-0.177764,2.30598,7.06097,1.23222,0.126479],[0.45377,0.51736,1.84479,0.167719,-0.0890661,1.06712,0.915376,0.0122092,-0.788648,-1.32403,-0.479996,5.74106,0.0869205,0.0070239,1.78991,-0.105505,-0.357412,1.23222,1.01755,0.0414121],[0.102693,0.140386,0.272062,0.0195532,0.0984819,0.242622,0.0672472,-0.00445692,0.15115,-0.0659867,0.0830439,0.815782,0.0151382,-0.00010154,0.395342,-0.0342513,0.185436,0.126479,0.0414121,0.0479528]],"n":20,"lags":3}