{"betahat":[[-0.811936,-0.0768306,3.30496,6.73693,2.66016,3.345,1.47671,-0.386908,-0.356893,-0.0288992,-3.08385,15.9125,-0.0459162,-0.122564,3.11801,0.548399,2.06071,-0.194091],[0.846572,-0.223071,-0.0832442,0.939112,0.247643,-0.0522712,-0.0467376,0.00354772,0.033836,0.00632641,-0.0753187,0.593713,0.008849,-0.00207322,0.213731,0.165288,0.0244146,0.0014016],[-0.102369,0.715894,0.0497291,0.634738,0.0773191,-0.220643,-0.00469869,0.00995795,0.0130105,0.00904613,-0.064739,0.167964,0.0188932,0.0293301,-0.108008,0.0134936,0.0320651,0.0290966],[-0.0150121,-0.0157142,0.663489,-0.0126395,0.521583,-0.11134,-0.026987,0.0211882,0.0192049,0.00573285,-0.0994494,0.724665,0.0153475,0.0161298,-0.179776,0.0997367,-0.0328236,-0.000943972],[-0.013664,-0.0162989,-0.00776425,0.721339,-0.0661788,-0.0445896,0.0230358,0.000659872,0.000860751,-0.00222045,-0.0203978,-0.101529,0.00129963,0.00283024,-0.0285753,-0.0209598,-0.00198058,-0.00151657],[-0.0221882,-0.00960711,-0.0418067,-1.21835,0.601729,0.176542,-0.0103688,0.00857429,0.0162872,0.0163091,0.0527706,0.0837875,0.000634179,-0.00603966,-0.0182654,-0.0108169,0.0494291,-0.00366596],[-0.0110376,-0.0250204,0.0594892,-0.502982,-0.199065,0.551776,-0.031586,-0.0100682,-0.0173442,-0.00907607,0.0555219,-0.360016,-0.0124341,-0.0140804,0.138035,0.0596541,-0.0334344,0.000990014],[-0.0130051,-0.190472,-0.39233,-3.47163,-0.540084,-1.27067,0.969562,-0.0210115,-0.0179472,0.0216066,0.0940772,-0.892081,0.0088949,-0.0146179,0.185812,0.082612,-0.178045,0.0525453],[0.0978976,0.170242,0.55453,4.65444,1.4963,1.73564,0.613212,0.850216,-0.13854,-0.118757,0.621031,0.366167,0.0191566,0.0377621,0.475747,-0.196028,0.179254,0.038296],[0.430195,0.660407,-0.378797,-4.0447,-2.25275,-1.31539,-0.000465569,-0.142577,0.552197,-0.0572958,-0.268063,-4.89134,0.0241014,0.100963,-0.584874,-0.656697,-0.0949495,-0.0102517],[0.892264,0.969346,2.6051,9.65236,-0.536371,3.53226,-0.211877,-0.138539,-0.152961,0.96594,-0.0648088,-2.85128,-0.231751,-0.124172,-2.66275,-1.48393,0.256018,-0.167016],[0.161799,0.142183,0.00291084,0.200281,-0.718242,0.444699,-0.0713362,-0.00250044,-0.0189082,-0.0294801,1.13376,-1.07364,-0.00260277,0.00949713,-0.402872,-0.0726842,0.0397396,-0.0018987],[0.00944371,0.0119278,-0.0251233,0.097174,0.0632938,0.132165,0.00534069,0.00422961,0.000942521,-0.000122016,0.0258535,0.927991,0.00118959,-0.000853233,-0.0156343,-0.0192201,-0.00438759,0.00327854],[-0.259173,0.0669543,-0.837661,0.600772,-1.46036,0.251369,-1.21801,0.14656,0.237186,0.156432,-0.730468,2.70759,0.939901,-0.0932417,1.99351,1.18558,-1.11103,0.180844],[0.167292,0.350631,0.4062,-7.42681,1.96198,-1.99327,-0.0717056,0.0899319,0.0369057,0.119084,-1.1971,-11.4362,-0.00741256,1.17324,-2.30921,0.345786,0.17288,0.0497645],[-0.0820286,-0.0855709,-0.0598425,0.0117442,0.109928,-0.0544786,-0.0214842,0.0193812,0.0143926,0.0133882,-0.109374,-0.178459,0.0126831,0.0175193,0.988173,0.0929458,-0.00278952,-0.00614884],[0.652529,0.712641,0.413193,1.93767,0.478725,0.626872,0.0669409,-0.0288646,-0.00085292,-0.00741983,-0.0381946,0.873605,-0.0142161,-0.00867947,-0.134039,0.368873,0.0215751,0.031916],[-0.334844,-0.421276,-0.142113,2.76996,-0.258085,-0.227142,0.216021,-0.0456655,-0.0251535,-0.0266742,0.34115,0.496189,0.0167496,0.0409002,-0.194276,0.143461,0.652911,0.00235766],[0.518686,0.17034,0.220245,-0.0114382,-0.0398657,-2.72789,0.314218,0.153906,0.469214,0.183213,0.485779,4.35721,0.209084,0.0702832,1.09415,-0.799831,1.15711,1.09982],[0.0509549,-0.0127557,0.125268,-0.446438,-0.104766,0.0191653,-0.0265596,0.0115373,-0.00253726,-0.000390675,0.0156533,-0.234367,0.000288795,0.013646,-0.287588,-0.209308,0.0166746,0.0135971],[0.031312,0.0495962,0.00359089,-0.0467359,0.0879843,0.168012,-0.0109902,-0.00813056,-0.00953815,0.000985643,0.0388702,0.127193,-0.00907652,-0.0144613,0.0759127,-0.0845582,0.0154846,-0.01199],[0.0563753,0.142344,0.362038,-0.105086,-0.285675,0.405443,-0.0130407,-0.0101076,-0.00286036,-0.0210624,0.0397074,-0.738247,-0.020517,-0.0189117,0.0221868,-0.00129287,-0.0175698,0.00791419],[0.0135561,0.0170556,0.00990017,0.0183356,0.0979865,0.0483101,-0.0169112,0.00277216,0.00270239,0.00224642,-0.000791448,-0.0475183,0.000281375,0.000779448,-0.0237076,0.00652692,0.000358768,0.000837289],[0.0183041,-0.00401895,0.0423436,1.37812,0.277192,0.0789645,0.00985793,0.00499692,0.00202678,-0.0124251,-0.0447021,0.102741,0.00140823,0.00767304,0.0544222,0.00749036,-0.00148563,-0.000925633],[-0.0114325,0.00405017,-0.0374034,0.245577,0.0992658,0.294806,0.0156568,0.00519674,0.0047518,0.0107257,0.00178534,0.232379,0.00694416,0.00699346,0.000302771,-0.0312349,0.0316967,-0.00272338],[0.0618311,0.222904,0.0561699,0.341088,-0.0732711,0.184486,-0.212416,-0.0164282,-0.0333304,-0.0397696,0.146745,-0.429238,0.0073739,0.0320801,-0.452467,-0.0743951,0.294384,-0.0425039],[-0.368215,-0.185371,-1.43733,-0.779824,-1.00829,-0.281078,-0.305528,0.19409,0.0825298,-0.0331267,-1.15786,-4.89067,-0.125169,-0.111598,-0.508912,-0.272981,-0.237437,-0.02255],[-0.567037,-0.818683,0.260185,2.40447,1.12779,1.25101,-0.204654,0.0692049,0.278998,0.0215415,0.318983,4.10082,0.0387936,-0.0306529,0.136257,0.30308,0.0150898,0.0353519],[-0.804324,-1.55316,-2.15461,-5.83956,0.561051,-3.67476,0.177478,0.276443,0.176238,0.0644471,0.0223617,2.61518,0.221605,0.132797,0.969192,0.919047,-0.256866,0.234896],[-0.238466,-0.313702,-0.19224,0.19424,0.786014,-0.342181,0.0733349,0.0150026,0.0232202,0.0309666,-0.186991,0.0345877,-0.000500876,0.000716684,0.202479,0.045752,-0.0452087,-0.00503813],[-0.0196132,-0.0237588,-0.00706772,-0.0483944,0.0155105,-0.111912,-0.0119467,-0.00327506,0.00334486,-0.00151351,-0.0183837,0.163831,0.00124892,0.001737,0.0436768,0.0223428,0.00134209,-0.00147217],[-0.225927,-0.804851,0.239612,-1.71582,0.901002,0.0651943,0.708538,-0.0911029,-0.156914,-0.171333,1.25509,-6.94112,0.0226879,0.0368565,-0.804217,-0.284406,0.286025,-0.0723281],[-0.0452434,-0.269082,-0.70005,7.39408,-0.890867,1.57479,0.258675,0.010419,0.144683,-0.0891789,0.422528,4.50202,-0.0522221,-0.190971,1.45471,-0.199536,-0.398023,-0.135177],[0.0623547,0.0830417,-0.00451365,0.0467239,0.208431,-0.100767,0.0702963,-0.00729721,-0.00238553,-0.00820366,0.02536,0.363616,-0.0114729,-0.013185,0.0819,-0.0340734,-0.00630428,0.00380746],[-0.0178813,0.0796462,0.0803556,-0.941138,0.0749878,0.85691,0.0590677,-0.00716581,0.000606281,0.0413591,0.0705781,-0.0309316,0.0222804,0.0287347,-0.356717,0.0588928,0.195989,-0.0376773],[0.460325,0.506173,0.217029,-0.181665,0.667537,0.319438,0.12501,0.108864,0.127507,0.0377518,-0.150473,0.945221,0.0478239,0.0344053,0.055238,-0.0237253,-0.0103763,0.0177515],[-0.740789,-0.568945,0.095559,0.808203,1.07283,0.00277839,0.0514124,-0.0975108,-0.279968,-0.121025,-0.228261,3.86969,-0.172091,-0.134009,0.502273,1.5244,-1.00972,-0.0628016],[0.102455,0.23579,-0.0420127,-0.492754,-0.142845,0.0331035,0.073279,-0.0150878,-0.031304,-0.0059352,0.0596643,-0.359333,-0.00913726,-0.0115707,0.0738155,0.0439985,-0.0410792,-0.0149972],[0.0710377,0.234467,-0.0533062,-0.588082,-0.165268,0.0526263,0.0156705,-0.00183055,-0.00347829,-0.0100308,0.0258687,-0.29513,-0.00981589,-0.0148662,0.0320492,0.0710392,-0.0475361,-0.0171047],[-0.0413802,-0.126663,-0.0255232,0.117675,-0.235856,-0.294116,0.040014,-0.0110823,-0.0163482,0.01533,0.0597231,0.0136637,0.00517,0.00278423,0.157557,-0.0984679,0.05041,-0.00696948],[7.99736e-05,-0.000804788,-0.00213584,0.259919,-0.0318008,-0.00376329,-0.00614492,-0.00343317,-0.00356811,-2.50283e-05,0.0211688,0.148947,-0.00158104,-0.00360697,0.0522194,0.0144026,0.00162906,0.00068187],[0.00387753,0.0136014,-0.000529294,-0.159839,0.121085,-0.255497,0.000499063,-0.0135723,-0.0183186,-0.00388381,-0.00805552,-0.1866,-0.00204243,-0.00163115,-0.0361897,0.00330223,-0.0479265,0.00459334],[0.0224533,0.0209331,-0.0220823,0.25737,0.0998203,0.15335,0.0159337,0.00487483,0.0125978,-0.00164692,-0.057361,0.127729,0.00549195,0.00709106,-0.138339,-0.0284413,0.00175509,0.0017337],[-0.0489414,-0.0327419,0.336517,3.1292,0.613483,1.08642,0.242347,0.0373854,0.0511727,0.0181738,-0.240519,1.32134,-0.0162387,-0.0173891,0.265321,-0.00860153,-0.116075,-0.00997573],[0.32327,0.086591,0.852253,-3.76018,-0.655343,-1.55009,-0.25996,-0.0473169,0.0554646,0.143343,0.585609,3.93278,0.101574,0.0671034,0.106586,0.496408,0.011327,-0.020701],[0.176926,0.225125,-0.0107974,1.61815,0.916811,-0.118358,0.24437,0.0741146,0.157261,0.0285502,0.0464194,-0.0952268,-0.0724438,-0.0811515,0.512761,0.389246,-0.00709992,-0.0298244],[-0.0830101,0.62217,-0.571346,-3.74529,-0.102539,0.0678666,0.0304836,-0.13106,-0.021885,-0.0414987,0.115426,-0.439063,-0.00212202,-0.0155559,1.63268,0.598003,-0.0525494,-0.0670566],[0.0765341,0.171448,0.189245,-0.395221,-0.0681837,-0.10246,-0.00182691,-0.0124685,-0.00424193,-0.00147024,0.0528772,1.04037,0.0031245,-0.0102174,0.200827,0.0269634,0.0054442,0.0069211],[0.0100292,0.0114287,0.0313645,-0.0471051,-0.0776926,-0.0211543,0.00705898,-0.000658062,-0.00399418,0.00170005,-0.00835329,-0.0965051,-0.00244173,-0.000804323,-0.0274436,-0.00302772,0.00331311,-0.00181163],[0.455263,0.7393,0.179499,-0.82368,0.0251266,-0.57238,0.117611,-0.0751413,-0.15831,-0.0309824,-0.016333,0.430748,-0.0922413,-0.0380035,-1.14513,-0.857438,0.45832,-0.0593999],[-0.0123387,0.0700433,0.238894,0.079578,-1.1189,0.55797,-0.140725,-0.109164,-0.189752,-0.0497909,0.823533,6.87399,0.0413248,-0.0209434,1.05149,-0.11621,0.113943,0.0865453],[0.0195552,0.00220698,0.0649468,-0.0595224,-0.317663,0.155815,-0.0493226,-0.0121635,-0.012181,-0.0051483,0.0843019,-0.185716,-0.00115912,-0.00419996,-0.0712607,-0.05937,0.00973223,0.00237137],[-0.0164844,-0.126947,0.0526115,-0.195201,-0.281353,-0.405111,-0.0624667,0.0314106,0.0204313,0.0221206,0.103066,0.0664029,0.0367168,0.0351524,-0.322741,-0.0535966,-0.12302,0.000225182],[-0.0454496,-0.0135333,-0.0649904,-1.22277,-0.0842913,0.512409,-0.0870686,0.0496693,0.040324,-0.00277509,-0.112539,-0.653842,-0.0049569,-0.0190986,-0.17123,0.0494998,0.0682769,0.0320808],[0.435711,0.509013,0.120458,-0.0258377,-1.03209,2.81126,-0.337711,-0.0921875,-0.219038,-0.0584628,-0.314191,-7.15539,0.0273787,0.114914,-1.27108,-0.972604,0.0387482,-0.0993733]],"sigmahat":[[0.588945,0.711932,0.548341,0.594051,0.110855,0.910435,0.124756,-0.0345667,-0.0633889,-0.0185606,-0.0590512,-0.150528,-0.0121888,-0.0123678,-0.00255775,-0.162201,0.116392,-0.0210569],[0.711932,1.50309,0.393632,0.413362,0.027009,1.2347,0.104331,-0.0613836,-0.134689,-0.0667604,0.011149,-1.39025,-0.0906829,-0.0839807,0.10418,-0.04623,0.00449179,-0.0613115],[0.548341,0.393632,2.77334,2.28458,0.0180089,2.08665,0.50796,-0.107206,-0.0528839,0.0434182,-0.577864,4.37702,0.076113,0.0563735,1.07438,-0.19615,0.710535,-0.00626294],[0.594051,0.413362,2.28458,43.8357,5.35447,5.77402,1.61184,0.0104264,0.392264,0.0132518,-2.07234,18.9357,0.116189,0.0346597,3.61375,0.00252829,0.702378,-0.200704],[0.110855,0.027009,0.0180089,5.35447,7.44771,0.660832,0.34037,0.189986,0.261851,0.0479696,-1.49966,4.36858,0.0813321,0.0249418,1.1226,0.637523,0.427625,-0.068583],[0.910435,1.2347,2.08665,5.77402,0.660832,9.65783,0.313536,-0.0150671,-0.0582935,-0.0482621,-0.0442762,1.48551,-0.00275989,-0.0394701,0.719764,-0.442709,0.595765,0.0344134],[0.124756,0.104331,0.50796,1.61184,0.34037,0.313536,0.578468,-0.00339913,0.0247812,0.0249737,-0.661213,2.19303,0.00770316,-0.0160866,0.874964,-0.05061,0.156314,-0.0344649],[-0.0345667,-0.0613836,-0.107206,0.0104264,0.189986,-0.0150671,-0.00339913,0.048593,0.0602136,0.0138032,-0.104416,0.0635309,0.0150374,0.0133509,-0.0856456,0.0314602,-0.0347262,0.00580899],[-0.0633889,-0.134689,-0.0528839,0.392264,0.261851,-0.0582935,0.0247812,0.0602136,0.131812,0.0225651,-0.208532,0.868695,0.0317632,0.0203038,0.037034,0.0683996,-0.0424176,0.0078656],[-0.0185606,-0.0667604,0.0434182,0.0132518,0.0479696,-0.0482621,0.0249737,0.0138032,0.0225651,0.0250213,-0.0711507,0.667811,0.0191523,0.0142927,0.0466256,-0.00329557,0.0246179,0.00064272],[-0.0590512,0.011149,-0.577864,-2.07234,-1.49966,-0.0442762,-0.661213,-0.104416,-0.208532,-0.0711507,2.42039,-4.9134,-0.0741038,-0.048438,-0.97732,0.142206,-0.424797,0.0753089],[-0.150528,-1.39025,4.37702,18.9357,4.36858,1.48551,2.19303,0.0635309,0.868695,0.667811,-4.9134,67.2894,0.80518,0.262199,9.72098,1.06838,2.36084,-0.137858],[-0.0121888,-0.0906829,0.076113,0.116189,0.0813321,-0.00275989,0.00770316,0.0150374,0.0317632,0.0191523,-0.0741038,0.80518,0.0436142,0.0360663,-0.0578693,-0.0175942,0.0467822,0.00416209],[-0.0123678,-0.0839807,0.0563735,0.0346597,0.0249418,-0.0394701,-0.0160866,0.0133509,0.0203038,0.0142927,-0.048438,0.262199,0.0360663,0.0448776,-0.255731,-0.0503192,0.0416776,0.00547039],[-0.00255775,0.10418,1.07438,3.61375,1.1226,0.719764,0.874964,-0.0856456,0.037034,0.0466256,-0.97732,9.72098,-0.0578693,-0.255731,6.34315,0.697778,0.573609,-0.122645],[-0.162201,-0.04623,-0.19615,0.00252829,0.637523,-0.442709,-0.05061,0.0314602,0.0683996,-0.00329557,0.142206,1.06838,-0.0175942,-0.0503192,0.697778,0.802605,-0.16072,0.00655543],[0.116392,0.00449179,0.710535,0.702378,0.427625,0.595765,0.156314,-0.0347262,-0.0424176,0.0246179,-0.424797,2.36084,0.0467822,0.0416776,0.573609,-0.16072,0.671368,-0.0386246],[-0.0210569,-0.0613115,-0.00626294,-0.200704,-0.068583,0.0344134,-0.0344649,0.00580899,0.0078656,0.00064272,0.0753089,-0.137858,0.00416209,0.00547039,-0.122645,0.00655543,-0.0386246,0.023465]],"n":18,"lags":3}