{"betahat":[[-0.0341952,1.95104,5.13886,2.72923,5.26454,7.70285,0.214307,-0.474223,-0.425587,0.221743,0.131902,-0.0950357,-4.54926,37.3384,0.0964116,-0.212577,5.81059,1.57812,-3.07186,1.767,-0.0779708],[-1.87902,-2.88413,-1.75144,9.02009,-0.389673,2.15823,0.134869,-0.13898,0.0379532,-0.101715,-1.03653,-0.19204,1.02329,-4.85706,-0.0567743,0.064856,-3.76393,1.16932,-3.57074,-0.645324,0.040192],[0.996495,0.699544,-0.46461,13.5048,3.80429,4.83599,0.726816,0.0335529,0.264425,-0.145723,-0.754267,0.0393093,-0.328059,4.11402,-0.0729225,-0.259957,1.80812,2.65797,-2.24686,-1.79378,0.211608],[1.74952,1.27546,1.05607,5.32512,-1.38593,5.79416,-0.10587,-0.271272,-0.371502,0.0114911,2.31578,0.0171673,1.17146,8.3791,0.271001,0.0894688,1.27295,5.01115,0.289078,-0.445531,0.266517],[0.674468,-0.376444,-0.120716,1.50396,1.02372,0.553576,0.0780374,-0.001527,0.0633016,0.0156698,-0.23439,0.0171895,0.139254,1.12019,0.00880743,-0.0315856,0.75653,0.217888,0.351885,0.0774965,-0.0107447],[-0.0824193,0.709292,0.191692,0.773963,0.120151,-0.217378,0.0245488,0.00602306,-0.00255588,0.00318619,-0.249486,-0.0246333,-0.0487177,-0.716766,0.0107613,0.0438703,-0.406804,-0.0193676,0.119867,0.0431836,0.00471469],[0.0859787,0.0798286,0.67046,0.0904656,0.714951,-0.0536048,-0.0285755,0.0371195,0.0374083,0.00260171,-0.0939188,0.013799,-0.0403948,0.793882,0.0324924,0.0349464,-0.36715,-0.196741,0.308251,0.000105124,0.00112298],[-0.0366747,-0.0362813,-0.0049352,0.59931,-0.0982691,-0.0391655,0.0170181,-0.001497,-0.000786548,-0.00228422,-0.00580519,-0.00351582,-0.00616347,-0.141699,0.00247623,0.00542807,-0.057195,0.0198748,0.0333311,0.0302743,-0.0033354],[0.020033,0.0568042,-0.0422357,-0.824221,0.681412,0.194816,0.0264128,0.0153351,0.0245764,0.0180109,0.113783,0.0191764,0.100847,0.567434,0.00250164,-0.0128943,0.12488,0.133906,0.12083,0.0603094,-0.0023334],[-0.0761953,-0.0747473,-0.0946081,-0.500105,-0.197005,0.240585,-0.044607,-0.0085463,-0.018351,-0.0144261,-0.0265933,-0.00564692,-0.0296586,-0.767772,-0.0238495,-0.0209959,0.0297428,-0.108568,-0.12763,-0.0824549,-0.00383524],[-0.571378,-0.684975,-0.848185,-2.20097,-0.856094,-1.38266,0.898902,-0.0329785,-0.0606313,-0.02143,-0.387732,-0.0332653,0.0939439,-5.52783,-0.100875,-0.060488,-0.738401,-0.345818,-1.14204,-0.262289,-0.0759277],[-0.16144,-0.310792,0.669341,1.19525,4.09222,-1.36045,0.476396,0.768598,-0.18085,-0.0783394,1.00425,0.0298754,0.194761,2.36781,0.0723425,0.0622237,0.669083,0.739518,1.06896,0.271194,0.0529716],[0.229966,0.330672,-0.853915,-7.28081,-1.63077,-2.95623,-0.0160118,-0.165141,0.451012,-0.0853411,-0.575025,0.00215634,-1.78294,-6.21541,-0.0136076,0.133402,-1.53426,-2.61932,0.371207,-0.113761,0.0225602],[-0.804318,-0.863591,-0.486659,6.85269,-1.66164,0.917825,-0.586676,-0.0735893,-0.409046,0.901332,0.8553,0.234986,-0.72264,-3.44353,-0.38896,-0.227675,-2.16544,1.00632,-5.29909,-0.648455,-0.232328],[0.0229105,-0.0576965,-0.171432,-0.125607,-0.519062,-0.27703,-0.099307,-0.0177002,-0.053995,-0.0456938,1.25801,-0.00893751,0.00758244,-1.26078,-0.0113189,0.0114789,-0.661322,0.112463,0.0250645,-0.00383245,0.00133777],[0.220976,-0.294655,2.02828,5.13028,-3.92312,5.27604,-0.0812552,0.319367,0.895494,-0.272148,1.34794,1.12805,3.06771,-18.0478,0.121266,0.222359,-3.79374,1.27891,0.679965,-1.17783,0.116526],[-0.0319107,0.0227662,-0.048862,0.704891,-0.0183096,0.536544,-0.0478342,0.0188105,-0.0247692,-0.00595108,0.0459707,0.00201354,1.17581,-0.721983,0.0178906,0.00614529,0.265856,0.0401505,0.0371043,-0.038263,-0.0189012],[-0.00228148,-0.0124333,-0.00768974,0.0544268,0.0769486,0.113364,0.000718089,0.00494465,0.00273847,0.00157135,0.0182285,7.39068e-05,0.0184374,0.855914,0.00349504,0.00348632,-0.0112421,-0.0487789,-0.0216665,0.000780014,0.00350007],[-0.152434,0.723872,-2.01926,5.12872,-2.24613,-0.69263,-1.91809,-0.151682,-0.10382,-0.0530524,-1.69986,0.0434732,1.21443,5.13008,0.636814,-0.329973,2.11499,3.63602,-1.60905,-1.22382,0.143768],[0.5264,0.104104,3.26184,-5.4885,1.46679,1.24474,0.572011,0.127499,0.0842974,0.275425,-0.150476,-0.0142108,-0.5814,-12.4592,0.305997,1.47161,-4.08133,0.472481,3.91891,0.731299,0.0885636],[0.092443,0.11839,0.0932419,0.594796,0.274869,0.0519374,0.0453905,0.024698,0.0225718,0.0145539,-0.100737,0.00943726,-0.0213676,-0.0687061,0.0141518,0.0172324,0.936912,0.148922,0.37617,0.0354089,-0.00018528],[0.0117867,-0.0930539,0.14771,-0.677082,0.0215945,0.419717,-0.0437435,-0.0057387,0.00451739,0.0167998,0.0176255,-0.00261549,0.00915117,-0.0337151,0.014486,0.0105639,0.0601128,1.3682,-0.00304942,0.0240711,0.00262211],[-0.0894668,-0.1481,-0.00673866,-0.327045,0.049874,-0.429631,0.0304412,0.0038236,0.0319432,0.0118345,0.0855634,0.00740083,-0.106709,2.02598,0.0154954,-0.00557556,0.501493,-0.158775,0.27521,-0.0104046,0.015731],[-0.00558909,-0.00667805,0.054275,1.30662,-0.930869,0.0481155,0.236344,-0.0633252,-0.0616151,-0.0139643,0.817249,0.0151009,0.207606,-0.272493,0.0423886,0.02819,-0.0726174,0.360467,0.77494,0.568183,0.0362158],[-1.23013,-1.64342,-1.27117,-2.84102,-1.4201,-0.21297,1.66973,0.446062,0.732386,0.510533,-1.42883,0.154608,0.580545,9.95894,0.253445,-0.102538,5.10608,-0.252641,0.340689,0.875407,1.04637],[0.352209,0.244083,0.35981,-0.110793,-0.561411,-0.284692,-0.0943943,0.0256479,-0.0152323,-0.00476923,0.0793569,-0.00105479,-0.0325989,-0.361105,0.0110851,0.0492163,-0.782214,-0.22473,-0.344807,-0.0047677,0.0250716],[0.108532,0.103033,-0.0579241,0.249181,0.212125,0.318511,-0.0309116,-0.00498875,0.00959866,0.0080229,0.0857729,0.00801674,-0.0725695,0.789358,0.000704389,-0.0156855,0.145029,-0.00216826,-0.320595,-0.0293777,0.00114887],[-0.043819,0.0623349,0.399366,-0.308341,-0.371752,0.282288,-0.0277802,-0.0187025,-0.0233361,-0.0231448,0.0519222,-0.0149158,0.0663336,-0.321911,-0.0218802,-0.0255763,0.192036,-0.156631,0.234019,-0.00157097,-0.00232968],[0.00283413,-0.00203847,-0.0215737,0.0671316,0.148827,0.0140367,-0.0120989,0.00921929,0.00990549,0.00284916,-0.0343386,0.00423152,0.00397877,-0.074283,0.000723146,0.00105362,-0.0313217,-0.024516,-0.0633936,-0.035565,0.00427868],[0.00182644,-0.038918,0.109868,1.26828,0.219504,0.121347,0.0117613,-0.00251806,-0.00245139,-0.00301703,-0.0720656,-0.0123864,-0.0143029,0.432942,0.011727,0.0236467,-0.0206304,-0.0845605,0.0928304,0.0915764,-0.00296483],[-0.00548166,-0.0192036,-0.00723737,0.291914,0.0493517,0.419536,0.0229751,0.00199584,0.00137396,0.0103401,0.0952343,0.00683929,0.0175475,0.233122,0.00977727,0.00567799,0.0707584,0.246793,0.0508808,0.0174806,0.00103385],[0.405253,0.532086,-0.21464,-0.389341,0.956289,0.13579,-0.199214,0.0260145,0.0484126,-0.0486064,0.301193,-0.000685533,0.171428,2.9173,0.0607367,0.0121039,0.616045,0.139356,0.315246,0.0531671,0.0653746],[-0.119088,0.298664,-1.21425,0.765905,-4.879,2.70275,-0.17575,0.155336,-0.023202,-0.120521,-0.562067,-0.0722929,0.642265,-8.27435,-0.191155,-0.104846,-2.28236,0.0842358,1.05047,-0.150074,-0.022067],[-0.311542,-0.52189,0.175575,3.3286,1.78829,2.52811,-0.539055,0.0611705,0.273319,0.0776697,0.843694,0.0176443,1.23721,7.49494,0.130727,-0.037703,1.36151,1.71192,-0.329762,0.10767,0.0729758],[0.729201,0.283621,0.235728,-7.1566,3.02602,-3.01415,0.704952,0.203201,0.130706,0.256625,-1.65949,-0.0453545,-0.130577,8.85983,0.273769,0.074588,1.59781,-0.768354,3.95761,0.511076,0.178406],[0.0173505,0.0813931,-0.122199,1.23476,0.722856,0.493979,0.13496,0.0364337,0.0446902,0.0302959,-0.192472,0.0187692,0.0416536,-0.10005,-0.0238711,-0.031619,0.436304,0.0778612,0.198168,-0.017352,-0.0189606],[0.235037,1.7915,-1.6597,3.22308,4.33835,-3.11072,-0.133944,-0.395991,-1.06029,0.203592,1.2959,-0.13121,-3.81461,26.3734,-0.240466,-0.392207,6.171,-1.41664,0.125038,0.982437,-0.127015],[-0.0779622,-0.0539484,-0.1259,-0.809033,-0.0219241,-0.379257,0.0357899,0.0107247,0.0459328,0.00982404,-0.340827,-0.000810325,-0.294623,1.109,-0.0228146,-0.00978921,-0.0761673,-0.0578755,-0.38419,-0.0554319,0.00384248],[0.019913,0.0305758,0.0432458,0.0912551,-0.011637,0.0201395,0.00887413,-0.00400769,0.00553402,-0.00187468,-0.0110174,-0.000691954,0.0127611,0.290175,-0.000633316,-0.00276166,0.0477006,0.0535992,0.0835733,0.00954957,-0.00242144],[0.472144,0.00616207,0.965992,-5.6905,2.13827,1.41176,0.984958,-0.0356768,-0.261829,-0.203065,1.58459,-0.127184,-0.35704,-22.4317,-0.00780474,0.0695491,-2.41942,-1.64528,1.82616,0.140736,-0.197932],[-0.0324902,0.529562,-3.19809,7.69317,0.774529,-2.55335,-0.384665,-0.0245631,0.116292,-0.303439,-0.724194,-0.0110769,0.540802,5.26433,-0.360826,-0.526666,3.98933,-0.86006,-1.5613,-1.01096,-0.124484],[-0.0948908,-0.114301,-0.114526,-0.612997,-0.00329297,-0.210163,0.036238,-0.0157092,-0.0181037,-0.00630132,0.0608618,-0.0141317,-0.0116968,0.0803137,-0.00936906,-0.00596638,0.0260398,0.00351636,-0.110317,-0.00487144,-0.00683478],[0.134519,0.255499,0.278012,1.04017,-0.0571923,-0.140795,0.126435,0.00527773,0.016891,0.00193627,-0.0866287,-0.000346556,0.0757495,1.16091,0.00769656,0.00311107,0.128114,-0.289132,0.269561,0.0708396,0.00933893],[0.240568,0.37513,0.139024,-0.103407,-0.0739787,0.349353,-0.00803051,-0.0326484,-0.0353062,-0.00389726,-0.0469967,-0.0230335,-0.0158122,-1.92065,-0.0211357,0.00188898,-0.613943,0.0641428,0.0140043,-0.00151237,-0.0180565],[0.337335,0.207762,0.144831,0.23564,1.31374,-0.933845,0.177883,0.153128,0.191754,0.0758904,-0.677368,0.0789367,-0.406982,3.10033,0.0814055,0.0965246,0.339599,-0.641063,-0.238289,0.347135,0.0383531],[1.02621,0.837481,3.42497,4.54458,2.1264,-4.41169,-0.748149,-0.421752,-0.424015,-0.241784,2.45258,-0.0991534,-0.938803,8.64612,0.0331,0.107075,-2.22514,1.23147,1.48087,-0.582646,0.0321224],[-0.0266934,0.132362,-0.239083,-1.39314,-0.462385,-0.268814,0.0163128,-0.0241286,-0.0480866,-0.010906,0.155024,-0.0161409,-0.106707,-0.75949,-0.0198945,-0.0176262,0.0255224,0.0068715,-0.00718228,-0.0727403,-0.0143333],[-0.0261263,0.187676,-0.133759,-1.02314,-0.332332,-0.10109,0.00631967,-0.00104258,-0.00706024,-0.011215,0.163702,0.0166092,0.121225,-0.0730103,-0.0114676,-0.0281798,0.261606,0.0215578,0.200624,-0.0138148,-0.00586997],[-0.0421659,-0.142147,-0.0698395,0.217945,-0.34327,-0.228682,0.0563273,-0.0184212,-0.0140793,0.0205365,0.0419327,0.00110739,-0.0260137,-0.472185,-0.010614,-0.00936569,0.174975,0.353344,-0.542344,0.00146869,0.00119877],[0.033736,0.0382381,0.0263852,0.332724,-0.0507216,0.025158,-0.00497247,-0.00772274,-0.00912914,-0.000575146,0.0399958,-0.000726718,0.00211057,0.214863,-0.00321172,-0.00647882,0.0882392,0.00461136,0.0298351,0.00525324,-0.000953167],[-0.0218017,-0.0178055,-0.0675638,-0.443818,0.0989982,-0.316118,-0.0381819,-0.0128262,-0.0221395,-0.0150003,-0.0416609,-0.00679376,-0.0865453,-1.00048,-0.0142287,-0.0107497,-0.104307,-0.0492799,-0.213563,-0.151839,0.0052922],[0.0816713,0.0939476,0.10184,0.20848,0.147603,0.339611,0.0216497,0.00655822,0.0170032,0.00408584,-0.0688038,-0.0012042,0.0120511,0.53502,0.0140768,0.0153283,-0.100501,-0.138362,0.0767468,0.0649939,0.00279642],[0.166382,0.153355,1.0633,2.59054,-0.0994914,1.24934,0.299443,0.00679158,0.0117835,0.0699617,0.0878147,0.0339238,-0.265633,2.60593,0.0401971,0.0485174,0.120465,0.207691,0.825996,0.209232,0.0105354],[0.438097,0.158203,0.694003,-1.82947,0.659719,-1.64264,-0.190892,0.0679866,0.209248,0.195585,-0.262236,0.0526463,-0.656931,5.97595,0.132641,0.0460699,1.76011,-0.773952,-1.58799,-0.100007,-0.020803],[0.0763268,0.130487,0.471954,3.50454,-0.343767,-0.074307,0.592664,0.118201,0.261153,0.0185588,-0.132153,-0.00688165,0.671589,-2.36733,-0.11568,-0.0914147,0.089853,0.821477,0.0487782,-0.0417717,-0.0881514],[0.0896212,0.602062,0.158608,0.039039,-1.56939,1.81396,-0.105752,-0.119706,0.288514,-0.169431,0.925892,-0.184952,0.979708,-6.57434,0.0861506,0.144838,0.447898,-0.507615,1.41079,0.0985037,0.0559485],[-0.0406091,-0.024126,0.293146,-1.10876,-0.204136,-0.217117,-0.0353543,-0.0185986,0.00958895,0.0154462,-0.0668971,-0.00980215,-0.0494526,1.363,0.0352191,0.0201393,0.225383,-0.190884,-0.223889,0.0209306,0.0176176],[-0.394087,-1.46032,-0.354509,-8.15082,-0.615566,-2.4922,0.281609,0.0885945,0.196967,0.0632699,-2.5729,0.00476264,0.961016,-8.93458,0.133798,0.186486,-2.47515,0.101329,-0.526492,0.169054,0.0199159],[0.10932,0.0308217,0.17457,0.102135,0.0373687,-0.156969,0.0117957,-0.029571,-0.0212484,-0.00390046,0.294811,-0.00126663,0.118523,-0.394722,0.00477201,0.00360519,-0.191053,0.0172669,0.345369,0.0932481,0.0150165],[-0.0182559,-0.0195034,-0.0395243,-0.143293,-0.0601673,-0.14067,-0.00898668,-0.000349829,-0.0072877,0.00055998,-0.00979244,0.000668588,-0.0301543,-0.148492,-0.00279822,-0.000520574,-0.0349828,-0.00877715,-0.0623268,-0.00957113,-0.00112681],[-0.657735,-0.971611,-0.370886,-2.67869,-0.86796,-0.680504,0.181667,0.105948,0.128277,0.124949,-0.393154,0.00733759,-0.308383,3.62635,0.0363797,0.0794561,-1.25091,-1.9324,-0.801332,0.563173,-0.0119833],[-0.172249,-0.26263,0.326889,-2.43882,-2.54434,2.17569,-0.0349351,-0.175777,-0.299001,-0.0281979,1.10685,0.024416,0.176293,9.11762,0.0288182,-0.0390285,0.798304,1.07615,-1.24871,0.341872,0.0539683],[0.00289755,-0.00357347,0.0224949,0.0197492,-0.270439,0.160505,-0.0823175,-0.0090945,-0.00489949,-0.0082711,0.0408105,0.00462469,0.032707,-0.0255085,-0.0047274,-0.0109371,0.0322016,-0.152135,-0.2661,-0.0301079,0.0069418],[-0.146263,-0.162367,-0.425381,-0.363149,0.0352748,-0.278667,-0.0827015,0.000467295,-0.0214104,-0.0187345,0.0687947,0.00294132,-0.0850782,-1.12731,-0.0221668,-0.0136226,-0.18876,-0.0795163,-0.266446,-0.0948501,-0.0119635],[0.0206937,-0.0035613,-0.0417761,0.240553,-0.134899,0.147276,-0.0332015,0.0294843,0.031883,0.0104364,0.0757173,0.0184902,0.0432682,0.52329,0.020187,0.0219732,-0.190243,0.00691399,-0.0614596,0.0232479,0.0139038],[0.00163226,0.0248823,-0.185643,-1.19677,-0.29764,0.944198,-0.121274,0.0711514,0.0353896,-0.0247153,-0.258322,-0.00582538,-0.0549337,-1.35055,-0.0124805,-0.0104969,-0.529578,0.212187,-0.729734,0.0515054,0.0129178],[0.0137297,0.399348,-1.71461,-0.146363,-0.516217,3.46215,-0.653809,0.0296428,-0.173384,-0.188684,-0.878696,-0.0287287,-0.077258,-11.7698,-0.0907453,0.110665,-1.23895,-1.40445,-2.68674,-0.226512,-0.128854]],"sigmahat":[[0.440271,0.390714,0.560044,1.03147,-0.046928,0.449871,0.107594,-0.00854811,-0.00513338,0.00876036,0.178915,0.0091046,0.00196355,1.91069,0.0339761,0.021689,0.0445017,0.0277093,0.644921,0.160073,0.0182531],[0.390714,0.709232,0.490238,0.82717,-0.306092,0.565665,0.0870164,-0.0271053,-0.0395579,-0.0122012,0.287841,0.00603668,0.00307651,1.65084,-0.00282031,-0.0127866,0.171852,-0.00957019,0.724807,0.128309,0.00750253],[0.560044,0.490238,1.98321,1.95101,-0.285187,1.15912,0.436564,-0.01735,0.0324007,0.0678398,0.238524,0.0156897,-0.0364289,4.61571,0.0911574,0.0590618,0.325577,0.0953026,1.55607,0.469137,0.0330825],[1.03147,0.82717,1.95101,22.5604,1.66863,1.76104,0.543122,0.0551481,0.382435,0.132246,-0.0396297,0.00125466,0.321271,15.8758,0.262269,0.158733,2.01156,0.459061,1.83571,0.588061,0.0164338],[-0.046928,-0.306092,-0.285187,1.66863,4.00615,-0.0137645,-0.129548,0.0867566,0.164476,0.0607348,-0.530144,0.0357328,-0.0128402,3.67384,0.147384,0.0863292,0.330438,0.0517797,-0.0106016,0.141764,0.00718195],[0.449871,0.565665,1.15912,1.76104,-0.0137645,5.32362,0.162787,-0.000324469,-0.0556787,0.0210265,0.587572,0.0337143,0.248775,2.72507,0.034998,-0.00835793,0.144265,0.801955,1.35573,0.507207,0.0143407],[0.107594,0.0870164,0.436564,0.543122,-0.129548,0.162787,0.307573,0.00892447,0.0312306,0.03132,-0.103354,0.0032194,-0.11024,1.56235,0.0195931,0.00786303,0.250715,-0.02698,0.558038,0.13725,0.000806567],[-0.00854811,-0.0271053,-0.01735,0.0551481,0.0867566,-0.000324469,0.00892447,0.0189757,0.0215991,0.00803312,-0.0652449,0.004325,0.000608511,0.0905683,0.0111388,0.0116107,-0.0509077,-0.0437177,-0.0206849,0.00963715,0.00199304],[-0.00513338,-0.0395579,0.0324007,0.382435,0.164476,-0.0556787,0.0312306,0.0215991,0.063479,0.0124502,-0.128361,0.00381433,0.0391963,0.67909,0.0215483,0.0150632,0.095785,-0.0597006,0.0162636,0.0209114,0.0036145],[0.00876036,-0.0122012,0.0678398,0.132246,0.0607348,0.0210265,0.03132,0.00803312,0.0124502,0.0159807,-0.0425622,0.00400671,-0.023729,0.472084,0.0137706,0.00957435,0.0389736,-0.0103019,0.0427666,0.0356317,0.00167852],[0.178915,0.287841,0.238524,-0.0396297,-0.530144,0.587572,-0.103354,-0.0652449,-0.128361,-0.0425622,1.25895,0.0107798,0.268407,-1.23824,-0.0482603,-0.0435624,0.0478429,0.485146,0.384899,0.0240317,0.0116356],[0.0091046,0.00603668,0.0156897,0.00125466,0.0357328,0.0337143,0.0032194,0.004325,0.00381433,0.00400671,0.0107798,0.00750769,0.00297842,0.251804,0.00546648,0.00170277,0.0395612,0.0115157,0.0271659,0.0166705,0.00206444],[0.00196355,0.00307651,-0.0364289,0.321271,-0.0128402,0.248775,-0.11024,0.000608511,0.0391963,-0.023729,0.268407,0.00297842,0.57631,-1.23652,-0.0123811,-0.0137466,0.00816666,0.321778,0.172156,0.0128128,0.0045667],[1.91069,1.65084,4.61571,15.8758,3.67384,2.72507,1.56235,0.0905683,0.67909,0.472084,-1.23824,0.251804,-1.23652,69.6249,0.826315,0.124726,11.2866,0.289223,6.05689,2.80017,0.179724],[0.0339761,-0.00282031,0.0911574,0.262269,0.147384,0.034998,0.0195931,0.0111388,0.0215483,0.0137706,-0.0482603,0.00546648,-0.0123811,0.826315,0.0336982,0.0232527,0.0224295,-0.0107385,0.0761888,0.0477204,0.00597039],[0.021689,-0.0127866,0.0590618,0.158733,0.0863292,-0.00835793,0.00786303,0.0116107,0.0150632,0.00957435,-0.0435624,0.00170277,-0.0137466,0.124726,0.0232527,0.0277521,-0.149683,-0.048294,0.00907377,0.0219833,0.0041874],[0.0445017,0.171852,0.325577,2.01156,0.330438,0.144265,0.250715,-0.0509077,0.095785,0.0389736,0.0478429,0.0395612,0.00816666,11.2866,0.0224295,-0.149683,4.09252,0.39609,0.923917,0.34326,0.000120152],[0.0277093,-0.00957019,0.0953026,0.459061,0.0517797,0.801955,-0.02698,-0.0437177,-0.0597006,-0.0103019,0.485146,0.0115157,0.321778,0.289223,-0.0107385,-0.048294,0.39609,1.40131,0.282972,0.0668533,-0.00221821],[0.644921,0.724807,1.55607,1.83571,-0.0106016,1.35573,0.558038,-0.0206849,0.0162636,0.0427666,0.384899,0.0271659,0.172156,6.05689,0.0761888,0.00907377,0.923917,0.282972,3.27709,0.624494,0.0248744],[0.160073,0.128309,0.469137,0.588061,0.141764,0.507207,0.13725,0.00963715,0.0209114,0.0356317,0.0240317,0.0166705,0.0128128,2.80017,0.0477204,0.0219833,0.34326,0.0668533,0.624494,0.306522,0.00905871],[0.0182531,0.00750253,0.0330825,0.0164338,0.00718195,0.0143407,0.000806567,0.00199304,0.0036145,0.00167852,0.0116356,0.00206444,0.0045667,0.179724,0.00597039,0.0041874,0.000120152,-0.00221821,0.0248744,0.00905871,0.00547734]],"n":21,"lags":3,"seasonalRows":3}