{"betahat":[[-0.865505,-0.138597,3.39656,6.44454,3.05209,3.74375,1.47981,-0.448849,-0.37637,-0.0369948,-3.16067,15.5376,-0.0821644,-0.219059,3.96978,0.898721,1.86331,-0.179518],[0.861598,-0.209581,-0.0688447,0.922999,0.250819,-0.0147517,-0.0463969,0.00315784,0.0349156,0.0058701,-0.0674698,0.594174,0.01071,-0.00123299,0.190719,0.164685,0.0304587,0.00371829],[-0.109925,0.71728,0.0349687,0.682354,0.0671524,-0.248547,0.000212415,0.0096798,0.0118542,0.00802849,-0.0644247,0.136924,0.0156593,0.0258375,-0.0825613,0.0215867,0.0221827,0.0268816],[-0.0205012,-0.0237439,0.654112,-0.0379975,0.508937,-0.152014,-0.0236155,0.0218094,0.0216393,0.00751014,-0.100806,0.770428,0.0164416,0.0169786,-0.187154,0.102469,-0.0360739,-0.00131806],[-0.0143607,-0.0172574,-0.0105387,0.726093,-0.0637792,-0.0452945,0.0218542,0.000821204,0.00117123,-0.00210412,-0.0190152,-0.0912401,0.00137824,0.00267984,-0.0269992,-0.0197349,-0.00290676,-0.00136638],[-0.0210318,-0.00717684,-0.0404886,-1.21584,0.596212,0.16589,-0.0101797,0.00759522,0.0150786,0.0157898,0.0537279,0.0678456,0.000540777,-0.00563314,-0.0298927,-0.0110895,0.0497691,-0.00351542],[-0.00972776,-0.0241062,0.0635293,-0.490698,-0.192764,0.564176,-0.0320872,-0.010381,-0.0177647,-0.00902773,0.0518957,-0.342482,-0.0119505,-0.0136872,0.145165,0.057279,-0.0288627,0.000457723],[-0.00262429,-0.177139,-0.395044,-3.56106,-0.535717,-1.24584,0.948589,-0.0185042,-0.0170635,0.0242394,0.0887653,-0.942343,0.0105644,-0.0113181,0.139121,0.0615194,-0.161851,0.0526629],[0.133517,0.22509,0.663568,4.48388,1.49757,1.96404,0.651724,0.852208,-0.139862,-0.113375,0.499476,0.220399,0.0175877,0.0343473,0.526656,-0.256379,0.231753,0.0335132],[0.394692,0.59801,-0.447845,-4.09214,-2.24307,-1.4934,-0.0114839,-0.138369,0.565922,-0.0562463,-0.193071,-4.75659,0.0215186,0.0959761,-0.57904,-0.611492,-0.119805,-0.0105413],[0.822161,0.884315,2.44582,10.0248,-0.192346,3.34105,-0.205957,-0.142412,-0.15687,0.95669,-0.0916415,-2.10806,-0.215955,-0.111946,-2.62484,-1.37509,0.295701,-0.174842],[0.159331,0.139832,-0.0100136,0.146927,-0.704797,0.457922,-0.0800208,-0.0017513,-0.0193658,-0.0293231,1.13799,-1.06274,-0.0030249,0.00921986,-0.421175,-0.0730354,0.0451728,-0.00104891],[0.0109443,0.013171,-0.0195439,0.100808,0.058592,0.137813,0.00664193,0.00395087,0.000466991,-1.38658e-05,0.0233502,0.925689,0.00108644,-0.000785874,-0.0154233,-0.0211891,-0.0030433,0.00315569],[-0.323086,-0.0783004,-0.886573,0.63657,-1.45121,0.287449,-1.27033,0.153096,0.221249,0.161397,-0.713935,2.49501,0.933309,-0.0925481,1.9853,1.17658,-1.09245,0.201069],[0.226718,0.493539,0.452642,-7.36263,1.76135,-1.9914,-0.0816485,0.0784401,0.0426347,0.103994,-1.08836,-11.6445,-0.0208998,1.15571,-2.32956,0.323489,0.113097,0.0473857],[-0.0817216,-0.0798822,-0.0580027,-0.00354155,0.108492,-0.0553715,-0.0140354,0.0191868,0.0142363,0.0119314,-0.110458,-0.21504,0.0114059,0.0162071,0.993313,0.0944618,-0.00517649,-0.00584613],[0.657263,0.714753,0.413306,1.92328,0.507741,0.644749,0.0560999,-0.0264926,0.00294547,-0.00373241,-0.0471478,1.00489,-0.00973501,-0.00645471,-0.119314,0.368393,0.0327892,0.0314673],[-0.319831,-0.407427,-0.148074,2.72176,-0.240763,-0.196643,0.198951,-0.0435826,-0.0211061,-0.0249827,0.365836,0.499007,0.0172938,0.0393735,-0.206675,0.149301,0.646332,0.00500554],[0.500551,0.207398,0.217699,0.528542,0.096436,-2.75974,0.396289,0.154097,0.483341,0.188432,0.355093,4.65272,0.217636,0.0705638,1.26963,-0.792788,1.18008,1.07966],[0.0446165,-0.0161821,0.119025,-0.411847,-0.108403,-0.00788535,-0.0188888,0.0103927,-0.00470493,-0.000189487,0.0139679,-0.225393,-0.00208155,0.0116908,-0.242676,-0.205418,0.0111599,0.0101004],[0.0375649,0.0569001,0.0179605,-0.107036,0.0906931,0.199255,-0.0140485,-0.00847018,-0.0101071,0.00062619,0.0396708,0.118921,-0.00789591,-0.0126312,0.0538306,-0.0890252,0.0239852,-0.00977175],[0.0540931,0.138915,0.355941,-0.117204,-0.26535,0.405082,-0.018542,-0.010147,-0.00425544,-0.0211688,0.0447934,-0.757382,-0.0205901,-0.0188647,0.0273369,3.9491e-05,-0.0152038,0.00736503],[0.0138426,0.0184326,0.0112275,0.0167166,0.0982586,0.0488524,-0.0155301,0.00280168,0.00249302,0.00214492,-0.00301797,-0.0522963,0.000257377,0.00079097,-0.0230338,0.00678389,0.00123261,0.000620698],[0.0159873,-0.00634102,0.0385159,1.36343,0.278285,0.0738458,0.0102498,0.0050445,0.0028183,-0.0121835,-0.0445635,0.11015,0.00129282,0.00692744,0.0682847,0.00895511,-0.00283949,-0.00123922],[-0.0119524,0.00173647,-0.035897,0.251746,0.0917684,0.286328,0.0166996,0.00496807,0.00463123,0.010724,0.00425464,0.230818,0.006817,0.00685161,-0.0084244,-0.0311536,0.0285966,-0.00192933],[0.0488502,0.203075,0.0562829,0.4669,-0.0557894,0.178355,-0.200977,-0.0165673,-0.0304098,-0.0413022,0.147229,-0.316349,0.00580062,0.0283086,-0.413089,-0.053014,0.270608,-0.0408315],[-0.412896,-0.260817,-1.52015,-0.68159,-0.994287,-0.493244,-0.368413,0.188617,0.0788897,-0.0361692,-0.995873,-4.5487,-0.123076,-0.107374,-0.565172,-0.190449,-0.282987,-0.0140813],[-0.518863,-0.75324,0.276025,2.24538,1.14946,1.33639,-0.198375,0.0684983,0.269394,0.0188713,0.252904,3.87248,0.0392729,-0.0276565,0.0973379,0.273837,0.0306102,0.0347008],[-0.760585,-1.44472,-1.93308,-6.32229,0.183556,-3.51782,0.211329,0.267739,0.173097,0.0727613,0.0183163,2.03702,0.204679,0.110699,1.12399,0.833813,-0.258369,0.232218],[-0.239421,-0.316849,-0.176483,0.234533,0.758923,-0.369572,0.0820542,0.0135048,0.0230028,0.0300567,-0.189634,-0.000842279,-0.00113333,0.000798838,0.208373,0.0482646,-0.0523394,-0.00517545],[-0.0213935,-0.026419,-0.0108054,-0.0552532,0.0205105,-0.120212,-0.0122205,-0.00283929,0.00397332,-0.00149541,-0.0164358,0.162069,0.0014329,0.00182713,0.0422764,0.025092,-0.000513047,-0.00112456],[-0.153254,-0.634724,0.226154,-1.76538,0.904696,0.217586,0.703248,-0.0834701,-0.141019,-0.162556,1.20346,-6.67929,0.0302924,0.0467099,-0.992396,-0.381477,0.307588,-0.0815733],[-0.0556963,-0.362671,-0.69017,6.9951,-0.843543,1.66489,0.237365,0.0172065,0.129006,-0.0893804,0.464647,4.1941,-0.0503978,-0.190717,1.501,-0.141987,-0.351443,-0.123726],[0.0618373,0.0780208,-0.0148223,0.0567595,0.197643,-0.106432,0.0586301,-0.00803811,-0.00293646,-0.00789915,0.0397058,0.364879,-0.0109069,-0.0126672,0.0691789,-0.0337042,-0.00802687,0.00413223],[-0.0214667,0.0792166,0.0802961,-0.964295,0.0556775,0.863216,0.0622397,-0.00657311,-0.000593463,0.0418982,0.0776448,-0.0567756,0.0214012,0.0280993,-0.34267,0.0586573,0.188308,-0.0374426],[0.447828,0.500268,0.217228,-0.122126,0.616887,0.272334,0.149591,0.106508,0.125125,0.0337436,-0.167162,0.851359,0.0438812,0.0321835,0.0791536,-0.0279958,-0.0182029,0.0156114],[-0.72248,-0.641215,0.201256,0.255214,0.99311,0.255964,-0.0182041,-0.0915327,-0.281855,-0.115749,-0.222739,3.4412,-0.157293,-0.108595,0.270311,1.39999,-0.971954,-0.0487321],[0.0937701,0.225732,-0.0501616,-0.511155,-0.142407,0.0226663,0.0652601,-0.0135531,-0.0302187,-0.00568026,0.053502,-0.368655,-0.00862591,-0.0104512,0.0518912,0.0406798,-0.0415839,-0.0138176],[0.0723416,0.22578,-0.0529089,-0.575318,-0.157834,0.0493186,0.0138099,-0.00121247,-0.00175597,-0.00865385,0.0247551,-0.255701,-0.00776045,-0.0131989,0.0286579,0.06738,-0.0461286,-0.0171082],[-0.0336072,-0.115201,-0.0100469,0.15524,-0.243556,-0.25305,0.042136,-0.0116635,-0.0173902,0.0136588,0.0559923,-0.012834,0.00415113,0.00189326,0.159758,-0.102566,0.0513208,-0.00604672],[0.000491206,-0.001219,-0.000684061,0.256821,-0.0345024,-0.00356721,-0.00635161,-0.00362344,-0.00367208,-3.99284e-05,0.0220097,0.143555,-0.00163339,-0.00346296,0.0499426,0.0128842,0.00170913,0.000748026],[0.005042,0.0134998,0.00198949,-0.147561,0.125478,-0.239691,-8.94211e-05,-0.012641,-0.0179054,-0.00360639,-0.00915021,-0.177951,-0.00183151,-0.00128718,-0.0384493,0.00207565,-0.0468837,0.00475581],[0.0216656,0.0223375,-0.0276223,0.239009,0.100989,0.149449,0.0153867,0.00541659,0.0131365,-0.0016936,-0.0562104,0.111898,0.00513784,0.00684457,-0.13676,-0.0261798,0.000310796,0.00147117],[-0.0464755,-0.0264269,0.339101,3.09354,0.591684,1.06747,0.251915,0.0349819,0.0473272,0.0170706,-0.235497,1.26036,-0.0163091,-0.0168965,0.272954,-0.00880625,-0.108302,-0.0118017],[0.330626,0.100874,0.807679,-3.71315,-0.658308,-1.5849,-0.23749,-0.0424419,0.0617703,0.141772,0.55273,3.70871,0.102647,0.0682161,0.0918174,0.48116,-0.00341328,-0.0228774],[0.158938,0.209577,0.0413472,1.86406,0.863405,-0.0391988,0.245571,0.0715207,0.154182,0.0304643,0.0382937,0.00741796,-0.0697456,-0.0775851,0.522208,0.371535,-0.00409356,-0.0276022],[-0.0508642,0.601279,-0.61515,-3.63448,-0.0450213,0.118877,0.00338973,-0.116695,-0.0119327,-0.0397558,0.129746,-0.587451,-0.000549127,-0.00414134,1.43264,0.574953,-0.0813601,-0.0577054],[0.0801386,0.177139,0.186426,-0.381257,-0.0544299,-0.0883803,-0.00188267,-0.0117056,-0.00358559,-0.000737228,0.0512055,1.06353,0.00417906,-0.0100022,0.212782,0.0247072,0.00710502,0.00619051],[0.0102968,0.0127976,0.0294456,-0.0446211,-0.0778836,-0.0185954,0.00611024,-0.000784705,-0.00413364,0.00159114,-0.00789021,-0.0921234,-0.00249964,-0.000935376,-0.025916,-0.00400148,0.00409363,-0.00206495],[0.449987,0.756081,0.219825,-0.759585,-0.00171167,-0.70394,0.153856,-0.0881172,-0.161869,-0.0478189,0.03717,0.202113,-0.107098,-0.0551443,-1.03295,-0.72645,0.369408,-0.0598101],[-0.0710646,0.0200718,0.162272,0.306375,-1.04109,0.373936,-0.104183,-0.108585,-0.183107,-0.0378441,0.697526,7.38017,0.0473894,-0.0108274,1.06643,-0.137223,0.114611,0.0788425],[0.0197662,0.00154529,0.0732078,-0.0556961,-0.305456,0.161795,-0.0451721,-0.0111601,-0.0114172,-0.00399179,0.0710311,-0.152315,-0.000468181,-0.00340095,-0.0645276,-0.0612532,0.0136339,0.0017464],[-0.0147641,-0.117992,0.0532917,-0.126009,-0.294368,-0.385917,-0.0560081,0.0323809,0.0224226,0.0210405,0.0975244,-0.0103175,0.0339424,0.0334103,-0.333141,-0.0591074,-0.128679,-0.000536154],[-0.0499081,-0.0249947,-0.0602669,-1.21455,-0.0782362,0.494904,-0.0860792,0.0481689,0.0379659,-0.00188463,-0.0941678,-0.558118,-0.00140842,-0.0151262,-0.174981,0.0591842,0.0639398,0.0328353],[0.444778,0.528325,0.0694226,-0.0191276,-1.03607,2.63597,-0.342901,-0.0968132,-0.225944,-0.0637252,-0.220516,-6.89688,0.019286,0.100974,-1.19187,-0.888625,0.0195506,-0.0999951]],"sigmahat":[[0.60093,0.737342,0.562459,0.636688,0.112358,0.915105,0.130646,-0.0370783,-0.0657688,-0.0202544,-0.0676139,-0.0910993,-0.0129721,-0.013857,-0.00280141,-0.164149,0.123985,-0.022466],[0.737342,1.54526,0.440142,0.567062,0.0261071,1.27911,0.113943,-0.0691037,-0.142043,-0.0712352,0.00817218,-1.33715,-0.0916526,-0.0859084,0.110145,-0.051409,0.0262086,-0.0647674],[0.562459,0.440142,2.79456,2.23378,0.058195,2.12091,0.519158,-0.110301,-0.0606805,0.0421348,-0.570433,4.44883,0.0708987,0.0510187,1.10601,-0.183945,0.718906,-0.00851759],[0.636688,0.567062,2.23378,44.0884,5.31184,5.70691,1.59117,-0.0148519,0.331171,0.00722696,-1.93889,18.9807,0.0737559,-0.00859769,3.82068,-0.0128672,0.688922,-0.20898],[0.112358,0.0261071,0.058195,5.31184,7.41536,0.651399,0.336724,0.190683,0.263608,0.0497145,-1.46079,4.30877,0.0760544,0.0216568,1.15402,0.66101,0.439001,-0.0620058],[0.915105,1.27911,2.12091,5.70691,0.651399,9.71397,0.32144,-0.0174568,-0.0602637,-0.052395,-0.0393767,1.49213,-0.00764218,-0.0431945,0.738359,-0.420921,0.622287,0.0286668],[0.130646,0.113943,0.519158,1.59117,0.336724,0.32144,0.575824,-0.00547557,0.0204169,0.0255743,-0.648627,2.16157,0.00486022,-0.0178217,0.863659,-0.0525678,0.155788,-0.0349183],[-0.0370783,-0.0691037,-0.110301,-0.0148519,0.190683,-0.0174568,-0.00547557,0.0500295,0.0619213,0.014372,-0.108636,0.0509466,0.015802,0.0144418,-0.0921799,0.0289467,-0.0358699,0.00633059],[-0.0657688,-0.142043,-0.0606805,0.331171,0.263608,-0.0602637,0.0204169,0.0619213,0.132864,0.0235026,-0.209504,0.84553,0.0324357,0.0213297,0.0295187,0.0639271,-0.043787,0.00851313],[-0.0202544,-0.0712352,0.0421348,0.00722696,0.0497145,-0.052395,0.0255743,0.014372,0.0235026,0.0254462,-0.0740639,0.673227,0.0195391,0.0148447,0.0456009,-0.00324354,0.0240262,0.001012],[-0.0676139,0.00817218,-0.570433,-1.93889,-1.46079,-0.0393767,-0.648627,-0.108636,-0.209504,-0.0740639,2.3876,-4.72158,-0.0747944,-0.0522451,-0.909212,0.152034,-0.40805,0.0720544],[-0.0910993,-1.33715,4.44883,18.9807,4.30877,1.49213,2.16157,0.0509466,0.84553,0.673227,-4.72158,67.6686,0.7911,0.251921,9.82146,1.08197,2.3619,-0.122706],[-0.0129721,-0.0916526,0.0708987,0.0737559,0.0760544,-0.00764218,0.00486022,0.015802,0.0324357,0.0195391,-0.0747944,0.7911,0.0436105,0.0363183,-0.0638329,-0.0187561,0.0451999,0.00468615],[-0.013857,-0.0859084,0.0510187,-0.00859769,0.0216568,-0.0431945,-0.0178217,0.0144418,0.0213297,0.0148447,-0.0522451,0.251921,0.0363183,0.0454441,-0.262089,-0.0500818,0.0404867,0.00581315],[-0.00280141,0.110145,1.10601,3.82068,1.15402,0.738359,0.863659,-0.0921799,0.0295187,0.0456009,-0.909212,9.82146,-0.0638329,-0.262089,6.42347,0.714978,0.579442,-0.120582],[-0.164149,-0.051409,-0.183945,-0.0128672,0.66101,-0.420921,-0.0525678,0.0289467,0.0639271,-0.00324354,0.152034,1.08197,-0.0187561,-0.0500818,0.714978,0.795849,-0.149156,0.00727589],[0.123985,0.0262086,0.718906,0.688922,0.439001,0.622287,0.155788,-0.0358699,-0.043787,0.0240262,-0.40805,2.3619,0.0451999,0.0404867,0.579442,-0.149156,0.688208,-0.038766],[-0.022466,-0.0647674,-0.00851759,-0.20898,-0.0620058,0.0286668,-0.0349183,0.00633059,0.00851313,0.001012,0.0720544,-0.122706,0.00468615,0.00581315,-0.120582,0.00727589,-0.038766,0.0237051]],"n":18,"lags":3}