{"betahat":[[0.763698,1.50031,4.7472,8.52116,4.9337,7.64207,1.42314,-0.391313,-0.171199,0.147872,-1.98098,-0.174133,-3.28868,22.5631,0.145182,0.0248196,0.793649,-0.242631,1.50323,-0.0911823],[0.729932,-0.365177,-0.00514597,0.73713,0.427761,0.316601,0.01117,0.000673463,0.034083,0.0190169,-0.125388,0.00914406,0.196267,0.70949,0.0212486,0.00742387,0.312221,0.465948,0.20145,-0.009732],[-0.107891,0.737092,0.0630797,0.838198,0.21483,-0.106281,0.0117837,0.00808727,0.00508463,0.00258633,-0.101715,-0.0113961,0.00258007,-0.253096,0.0123107,0.0281527,-0.155023,0.137607,0.0291112,0.0279264],[0.0275528,0.0510048,0.757238,0.150412,0.532279,0.115654,-0.00659355,0.0176691,0.01185,0.00325298,-0.11765,0.00681261,-0.0306504,0.642736,0.0150075,0.0159708,-0.250161,0.195267,-0.00460775,-0.0100996],[-0.0261483,-0.0292612,-0.0194799,0.673807,-0.0584165,-0.0230088,0.0200734,0.000390763,0.000443594,-0.00217376,-0.00931954,-0.00109124,-0.0205833,-0.101331,0.00162476,0.00258968,-0.0360177,-0.00403463,0.00541787,-0.00170466],[0.0528216,0.0881277,0.0239794,-0.922306,0.697214,0.334927,-0.00175556,0.0109301,0.0153853,0.0168171,0.0809797,0.0157177,0.104358,0.419814,0.00275902,-0.00882875,0.0945201,0.0626377,0.0594999,-0.00142982],[-0.0215453,-0.036301,0.045333,-0.613407,-0.201628,0.472822,-0.0407774,-0.00941869,-0.0172421,-0.00663812,0.0690922,-0.00242692,-0.0041513,-0.177257,-0.00968931,-0.014297,0.164994,0.0644682,-0.0484749,0.0017535],[-0.243917,-0.368862,-0.649225,-3.49626,-0.660847,-1.38518,0.913276,-0.0130711,-0.0459044,-0.00259716,-0.0183736,0.00604846,0.0409978,-3.06969,-0.0344145,-0.0398454,0.0531611,-0.511932,-0.270489,0.00497006],[-0.415703,-0.643526,0.375376,1.13246,2.02123,-0.703686,0.507377,0.726836,-0.258551,-0.107249,0.849946,-0.0270433,0.62583,-2.02862,0.00816589,0.0735353,-0.524287,0.683115,0.328005,0.0392334],[0.396188,0.49736,-0.591186,-4.44171,-2.17801,-2.05385,0.0169851,-0.218268,0.467643,-0.0454621,-0.51507,-0.0254881,-1.14755,-6.33693,0.0116288,0.136658,-1.82388,-0.149077,-0.220739,0.0122787],[0.101352,-0.064854,1.31756,8.50001,0.729323,2.41813,-0.313266,-0.067703,-0.11785,1.04766,-0.152254,0.191688,-0.350895,-2.34419,-0.208647,-0.104329,-2.12777,-2.83194,-0.163672,-0.179219],[0.0297302,-0.0584404,-0.112147,-0.404029,-0.677175,-0.101459,-0.105241,-0.0252223,-0.0504895,-0.0314602,1.15589,-0.0145426,0.0791137,-1.85935,-0.0143921,0.0119428,-0.655972,0.0628447,-0.00113921,0.00194318],[-0.528507,-1.11637,0.634884,0.484606,-4.68795,2.90494,-0.299503,0.229712,0.533238,-0.141586,1.0088,1.16253,2.39159,-9.24835,0.136271,0.161299,-2.2929,0.312384,-0.593944,0.108513],[0.0276691,0.114229,-0.00459719,0.630483,0.344253,0.330442,0.00996608,0.037202,0.00982367,-0.00960454,0.0129098,0.0117293,1.02143,-0.232583,0.000799724,-0.0187963,0.62115,0.219965,-0.0365452,-0.0259494],[0.00712215,0.0117426,-0.0273447,0.0924164,0.0691749,0.0943042,0.00458739,0.004605,0.00123912,-0.000861462,0.023382,0.00233475,0.0065665,0.907721,0.00106551,-0.000815076,0.0208694,0.00202028,-0.0101313,0.00402589],[-0.108688,0.273363,-0.698073,-0.145466,-1.53958,-0.193002,-1.12928,0.107794,0.168604,0.169007,-1.15365,0.118385,0.77543,4.61324,0.893967,-0.126517,2.44392,0.397899,-0.875799,0.180261],[0.00217097,0.111178,1.19536,-7.01968,1.50424,-1.77718,0.0630911,0.132109,0.113856,0.135738,-0.491956,0.00191836,-0.761532,-11.4099,0.0606259,1.20975,-2.25284,2.64315,0.194937,0.0185055],[0.0545244,0.0629783,0.136473,0.277364,0.137375,0.0816376,0.0168166,0.0124059,0.00913496,0.0148188,-0.0836751,-0.00105216,0.0153109,-0.262035,0.0120267,0.0206598,0.89996,0.242835,0.0643843,-0.00674438],[-0.0958956,-0.174109,-0.0891209,-0.0961517,0.0578086,-0.518522,0.0172804,-0.00265736,0.0289553,0.00620418,0.0448026,-0.00157869,-0.097739,1.42183,0.00991399,-0.00395894,0.286397,0.354637,-0.0463339,0.0114026],[-0.534936,-0.640546,-0.391621,2.35849,-0.730878,-0.279515,0.131779,-0.0441301,-0.0313379,-0.036902,0.304455,-0.0157296,0.170325,-1.34434,-0.000446971,0.0478257,-0.964608,-0.503349,0.593179,-0.021148],[-0.152009,-0.703352,0.313511,-0.522046,0.863681,-3.0197,0.756899,0.201613,0.582139,0.305169,0.207386,0.0655151,0.707969,7.43169,0.363234,0.181722,2.30627,0.64785,1.54906,1.04471],[0.239321,0.190492,0.206603,0.069873,-0.214594,-0.131346,-0.050805,0.0142612,-0.00474768,-0.0098966,-0.00359604,-0.00353565,-0.110308,-0.539526,-0.0102144,0.0116979,-0.467716,-0.43733,-0.106839,0.0208976],[0.118082,0.117277,0.0598133,0.00138987,-0.00453332,0.204962,-0.0223232,-0.0100456,-0.00841358,0.00561529,0.0542368,0.00325878,-0.0639971,0.414951,-0.0051504,-0.0114353,0.0332017,-0.215649,0.0177645,-0.00758062],[0.0324224,0.0823563,0.343776,-0.176316,-0.207961,0.121638,-0.0267914,-0.00962441,-0.00251543,-0.0176584,0.0564757,-0.01008,0.0492371,-0.336915,-0.0105916,-0.015054,0.151053,0.172987,-0.0303984,0.0164807],[0.0160078,0.0175121,0.012468,0.0306513,0.102991,0.0311761,-0.0167883,0.00533566,0.00553033,0.00296951,-0.00416413,0.00303428,0.019661,-0.0208034,0.00201822,0.00215043,-0.00551491,-0.00467447,-0.00788549,0.0016443],[-0.0130473,-0.0437385,0.0283191,1.20217,0.238162,0.0123965,0.0173339,0.000629811,0.00089209,-0.00961372,-0.0568272,-0.00966502,-0.0485838,0.17686,0.00267761,0.0101092,0.00653008,0.0337734,0.0133665,-0.00178234],[-0.00970171,0.00122017,-0.0277953,0.319728,0.0766187,0.327233,0.0184151,0.00483662,0.00449175,0.00963105,0.00490574,0.00469083,0.00756514,0.0776117,0.0061459,0.00798823,-0.0288947,-0.0247214,0.0398603,-0.00288815],[0.125387,0.269764,0.0484565,0.0896288,0.0791777,0.0807691,-0.232971,-0.0267942,-0.0321469,-0.0304097,0.152776,-0.0340954,0.306573,0.952567,0.0289463,0.0470255,-0.381025,0.196436,0.352278,-0.0166812],[0.168915,0.537318,-0.859616,0.911983,-1.9036,1.90548,-0.18787,0.261859,0.169125,-0.021112,-0.985862,0.0132104,-0.199511,-2.64974,-0.106754,-0.124453,-0.557576,0.120904,-0.266007,0.0236678],[-0.30154,-0.29253,0.248116,2.57092,1.95132,1.86543,-0.305625,0.106099,0.277975,0.00685173,0.707309,0.0319152,0.651179,6.51002,0.0358716,-0.106026,1.65583,0.27708,0.104169,0.0204173],[0.256118,-0.0663859,-0.869113,-5.56682,0.625617,-3.65061,0.42736,0.100044,-0.0266998,0.0279182,-0.390818,-0.0803357,0.162294,6.21375,0.182207,0.0669649,0.929318,2.04483,0.108264,0.230453],[0.0664157,0.131304,0.0427247,1.15734,0.829151,0.483804,0.119121,0.027078,0.033287,0.0241749,-0.144509,0.0152479,-0.0482112,0.618521,-0.00769797,-0.0186096,0.387587,0.078284,0.00837638,-0.0050378],[0.379704,1.30995,-0.898106,4.13246,4.94905,-1.77739,0.146454,-0.187555,-0.559983,0.0891647,0.0895268,-0.146288,-2.99848,12.3209,-0.202774,-0.2302,2.63374,0.212584,0.345798,-0.0410455],[-0.0489414,-0.0741208,-0.0361141,-0.0742755,-0.369957,-0.0541435,0.0152796,-0.0201488,0.0103245,0.0129251,-0.178518,-0.0124828,0.00517871,0.83256,0.0114974,0.0299455,-0.500462,-0.366054,-0.0497175,0.0169827],[-0.000892997,0.000648224,0.0338943,0.00726895,-0.0166152,-0.0253207,0.00296719,-0.00373942,0.00248102,-0.000300384,-0.0103655,-0.0019543,0.0136512,0.194692,0.00071445,0.0012654,0.00331838,0.0490092,0.0175946,-0.00316402],[-0.160863,-0.49986,0.249362,-0.972954,0.920586,1.18932,0.641272,-0.133896,-0.286878,-0.24767,1.07258,-0.172219,-0.0859693,-14.1869,-0.0902395,-0.00747259,-2.30068,-0.439898,0.202607,-0.16539],[0.0903949,0.00780645,-1.57945,7.88388,-0.170891,1.08771,-0.0617355,-0.0522747,0.0155877,-0.172136,-0.0951936,-0.00729534,0.845618,3.342,-0.153679,-0.278744,1.64269,-1.55131,-0.710692,-0.0963424],[-0.0576624,-0.0659973,-0.104303,-0.157669,0.16742,-0.135104,0.0530089,-0.00599873,0.00141021,-0.00699114,0.00134176,-0.00512113,-0.0546511,0.397527,-0.00813089,-0.0123534,0.107507,-0.0695338,-0.0282488,0.00104177],[0.216376,0.369385,0.118964,-0.134344,-0.0184682,0.504684,0.00633919,-0.0157858,-0.0221178,-0.00445906,-0.019433,-0.0120072,-0.00474326,-1.29838,-0.0228624,-0.00406058,-0.450738,-0.00258188,0.0282073,-0.0158502],[0.67258,0.612756,0.451095,0.503228,1.11247,0.124303,0.205889,0.120808,0.15254,0.0594509,-0.230784,0.0646925,-0.245631,2.71917,0.0821117,0.0515749,0.741476,0.218965,0.146058,0.046258],[-0.062702,0.470536,0.726029,1.14598,0.40434,0.574132,-0.132244,-0.105858,-0.347551,-0.21064,0.182033,0.0522864,-0.854454,6.08695,-0.261843,-0.262286,0.693078,1.63306,-1.27183,-0.0146391],[0.0307194,0.174664,-0.201456,-0.807114,-0.213245,-0.18521,0.0395961,-0.0149418,-0.0293456,-0.00912308,0.129027,-0.00561235,-0.0859744,-0.170071,-0.0110365,-0.0191216,0.15549,-0.0287099,-0.0945988,-0.0111687],[-0.0102187,0.145606,-0.122892,-0.839695,-0.210375,-0.0986353,0.0104998,0.00195063,0.00331751,-0.00820426,0.0475246,0.00813303,0.0613963,-0.161955,-0.00716252,-0.0167169,0.121814,0.0779415,-0.0468616,-0.0203488],[-0.0600039,-0.133381,-0.101036,0.025831,-0.324385,-0.23727,0.0333495,-0.00805026,-0.00934175,0.0144015,0.0611976,0.0032622,-0.0186138,-0.305815,-0.00441847,-0.000917347,0.0991273,-0.368354,0.0350216,-0.00638453],[0.0100765,0.0116911,0.00698048,0.29492,-0.044733,-0.00817195,-0.00332946,-0.00573031,-0.00598388,-0.000798839,0.0134971,-0.0019483,0.000898584,0.121655,-0.00364797,-0.0047385,0.0414655,0.00856614,0.00247774,5.52453e-05],[-0.0397674,-0.0443775,-0.0522665,-0.27996,0.0645069,-0.347257,-0.0156069,-0.0115665,-0.016287,-0.00720499,-0.024072,-0.00605571,-0.0557619,-0.596672,-0.00543679,-0.00127942,-0.101006,-0.0964517,-0.0728338,0.00321219],[0.0312181,0.0350481,-0.0175427,0.293592,0.124902,0.199871,0.0223496,0.00458297,0.0127564,-0.00299253,-0.0740198,-0.00226935,-0.00342888,0.099778,0.00354465,0.00631218,-0.136037,-0.0398229,0.00863778,0.00113314],[0.118671,0.0994062,0.601283,3.40712,0.582152,1.30494,0.319261,0.0397275,0.0778122,0.0329547,-0.133728,0.0279984,-0.348035,2.11676,0.00544242,-0.00717593,0.327768,0.315232,-0.081664,0.0117145],[0.336163,0.192626,0.540583,-1.97134,-0.289568,-1.34091,-0.266213,0.00193939,0.0819592,0.123171,0.237294,0.0162915,-0.274389,4.36203,0.0981573,0.0467795,1.13522,-0.574599,-0.0782063,-0.0558637],[-0.0802004,-0.212556,0.217676,1.6814,0.00870293,-0.10658,0.322807,0.109641,0.236418,0.0394306,-0.0945241,-0.000530021,0.632288,-0.88665,-0.051886,-0.0353363,0.143631,-0.0296374,0.0699179,-0.028501],[-0.352969,0.152552,-0.542266,-2.94991,-1.45115,1.06618,-0.101527,-0.0276194,0.143532,-0.0853267,0.588586,-0.107141,0.265443,-4.52797,0.0122244,0.0305617,1.10302,0.835655,0.0278914,-0.0505332],[-0.096241,-0.0729853,0.0694398,-0.752135,-0.152125,-0.381969,-0.013696,-0.00177781,0.0173499,0.0073356,-0.011933,-0.00068668,-0.0307869,1.24357,0.022136,0.00668134,0.268732,-0.141247,-0.00723342,0.00309437],[0.175955,-0.176609,0.281219,-4.58605,-0.468825,-1.27254,0.187208,-0.0445845,0.0322961,0.0480462,-1.05032,-0.0166152,0.772421,-3.41232,0.0706759,0.0732197,-0.379439,-0.364833,0.226171,-0.0629425],[0.0208387,-0.0404488,0.0401692,-0.557599,0.0253352,-0.276891,-0.0255932,-0.0170803,-0.0202201,-0.00335626,0.165684,0.000732664,-0.0267839,-0.603549,-0.0123826,-0.0111747,-0.121444,0.145417,0.0860761,0.00891386],[-0.00632042,-0.0128388,-0.00850454,-0.101127,-0.0507723,-0.0710089,-0.00721956,-0.000514724,-0.0033005,0.00126511,-0.0139389,-0.000291827,-0.019813,-0.105944,-0.00175894,-0.000363944,-0.0232349,-0.0513233,-0.00702784,-0.000790063],[0.130242,0.205912,-0.252937,-1.04718,-0.0869822,-1.37059,0.0509432,0.0323514,0.0193474,0.018387,0.182376,0.0259227,-0.603099,3.26985,0.00924939,0.012979,-0.174963,-0.643623,0.261495,-0.00418199],[0.0061691,0.0143879,0.349997,-0.809918,-1.43573,0.771197,0.0639096,-0.0948383,-0.144643,0.00796009,0.680011,0.00822977,0.00779682,8.23152,0.0660438,0.013103,0.880526,-0.815209,0.406734,0.0835551],[0.00324959,0.0033015,-0.031879,-0.121055,-0.303673,0.0540629,-0.0704469,-0.00643749,-0.0107152,-0.00783365,0.0827794,0.00613191,0.0387534,-0.139338,-0.00388173,-0.00815225,-0.00920097,-0.173921,-0.0357517,0.00568968],[0.030346,-0.0203491,-0.018682,0.143413,-0.138346,0.0355198,-0.0201013,0.0173378,0.0198208,0.0115094,0.024587,0.0100356,0.0318318,0.0399955,0.0177498,0.0206248,-0.225975,-0.120829,-0.00602662,0.00193681],[0.133176,0.261636,0.00769735,-1.00103,-0.0111952,0.792532,-0.0437067,0.0523742,0.0313614,-0.00069785,-0.215257,0.0151737,-0.21015,0.220867,-0.0109218,-0.0394424,0.219792,-0.115348,0.071263,0.0275039],[0.230375,0.0793613,-0.701383,0.165163,-1.18086,2.35269,-0.609126,-0.128394,-0.241187,-0.0883294,-0.355273,-0.12485,0.163509,-11.5122,0.000472096,0.156797,-2.55275,-2.33,-0.161071,-0.0854083]],"sigmahat":[[0.899623,0.951755,0.965184,1.50182,0.151616,1.08382,0.126955,-0.00629624,9.20221e-05,0.0136019,0.233869,0.0208584,-0.0123052,3.02013,0.0431309,0.00987325,0.403667,0.820728,0.143549,0.0476342],[0.951755,1.51563,0.846947,1.18202,-0.03681,1.12585,0.0930156,-0.0241948,-0.0399772,-0.0201661,0.365709,0.0190686,-0.0425925,2.43673,-0.00842776,-0.0403207,0.575079,1.05667,0.0685852,0.0302874],[0.965184,0.846947,3.18662,2.37011,-0.229586,2.3195,0.481629,-0.0375235,0.0509401,0.104719,0.309611,0.00603597,0.0482157,7.12737,0.141501,0.0865682,0.818907,1.96928,0.60912,0.0660249],[1.50182,1.18202,2.37011,37.9876,4.08209,4.38033,1.0782,0.0750544,0.522343,0.105169,-0.63635,-0.0113186,0.041716,21.7998,0.213292,0.082645,2.51531,1.93516,0.295622,0.0327867],[0.151616,-0.03681,-0.229586,4.08209,6.40328,0.492406,0.0959908,0.190164,0.311322,0.054111,-1.08832,0.0597521,-0.531441,5.46388,0.128364,0.0501379,0.832442,0.58036,0.205245,0.0011818],[1.08382,1.12585,2.3195,4.38033,0.492406,8.93211,0.274946,0.0386212,0.0688208,0.0665859,0.832435,0.0532113,0.603088,6.51313,0.124685,0.0310919,0.71848,1.70595,0.636992,0.136698],[0.126955,0.0930156,0.481629,1.0782,0.0959908,0.274946,0.448219,0.0231182,0.0638105,0.0403931,-0.269928,0.00761014,-0.186303,2.14666,0.0211891,-0.00324218,0.457892,0.534835,0.0803222,-0.00588356],[-0.00629624,-0.0241948,-0.0375235,0.0750544,0.190164,0.0386212,0.0231182,0.0361685,0.0437649,0.0114272,-0.138972,0.0101029,-0.0204561,0.178222,0.0117711,0.0101028,-0.0121657,-0.0282254,0.00730222,0.00106182],[9.20221e-05,-0.0399772,0.0509401,0.522343,0.311322,0.0688208,0.0638105,0.0437649,0.0998533,0.0181151,-0.247926,0.0104444,0.0202065,0.963763,0.0239578,0.0126828,0.170441,0.0168887,0.0226319,-0.000143779],[0.0136019,-0.0201661,0.104719,0.105169,0.054111,0.0665859,0.0403931,0.0114272,0.0181151,0.0233075,-0.0593561,0.00619359,-0.0284637,0.766807,0.0193302,0.012529,0.0921489,0.060362,0.0510463,-0.000259575],[0.233869,0.365709,0.309611,-0.63635,-1.08832,0.832435,-0.269928,-0.138972,-0.247926,-0.0593561,1.87321,-0.0038211,0.508049,-1.87323,-0.0523787,-0.0538966,0.120478,0.455718,0.0271738,0.0322341],[0.0208584,0.0190686,0.00603597,-0.0113186,0.0597521,0.0532113,0.00761014,0.0101029,0.0104444,0.00619359,-0.0038211,0.012046,-0.0073096,0.361329,0.00635442,-0.000189606,0.090727,0.0216293,0.00795014,0.00307918],[-0.0123052,-0.0425925,0.0482157,0.041716,-0.531441,0.603088,-0.186303,-0.0204561,0.0202065,-0.0284637,0.508049,-0.0073096,0.962102,-1.60184,0.001478,0.00187443,-0.132793,0.339339,0.0906062,0.0154954],[3.02013,2.43673,7.12737,21.7998,5.46388,6.51313,2.14666,0.178222,0.963763,0.766807,-1.87323,0.361329,-1.60184,95.1633,1.16734,0.185802,16.1154,7.56819,2.93802,0.271851],[0.0431309,-0.00842776,0.141501,0.213292,0.128364,0.124685,0.0211891,0.0117711,0.0239578,0.0193302,-0.0523787,0.00635442,0.001478,1.16734,0.0435664,0.0303573,0.052472,0.0907437,0.0710516,0.00528126],[0.00987325,-0.0403207,0.0865682,0.082645,0.0501379,0.0310919,-0.00324218,0.0101028,0.0126828,0.012529,-0.0538966,-0.000189606,0.00187443,0.185802,0.0303573,0.0387881,-0.220674,-0.0146668,0.0533352,0.00147601],[0.403667,0.575079,0.818907,2.51531,0.832442,0.71848,0.457892,-0.0121657,0.170441,0.0921489,0.120478,0.090727,-0.132793,16.1154,0.052472,-0.220674,6.2851,1.69645,0.212899,0.0514378],[0.820728,1.05667,1.96928,1.93516,0.58036,1.70595,0.534835,-0.0282254,0.0168887,0.060362,0.455718,0.0216293,0.339339,7.56819,0.0907437,-0.0146668,1.69645,4.18215,0.68446,-0.000277464],[0.143549,0.0685852,0.60912,0.295622,0.205245,0.636992,0.0803222,0.00730222,0.0226319,0.0510463,0.0271738,0.00795014,0.0906062,2.93802,0.0710516,0.0533352,0.212899,0.68446,0.461349,-0.00360175],[0.0476342,0.0302874,0.0660249,0.0327867,0.0011818,0.136698,-0.00588356,0.00106182,-0.000143779,-0.000259575,0.0322341,0.00307918,0.0154954,0.271851,0.00528126,0.00147601,0.0514378,-0.000277464,-0.00360175,0.0188197]],"n":20,"lags":3}