{"betahat":[[-0.799345,-1.25761,6.479,0.760478,-1.54266,0.55122,-0.761922,0.1674,5.81967,2.77039,0.895343,-0.232989,0.508453,-0.347207,-0.914843,1.76563,-1.46354,18.5128,3.90135,0.452904,10.482,10.5261,-0.197369],[0.959229,-0.0853217,0.106308,0.0129529,-0.10084,-0.038335,0.0160349,-0.0213125,0.0432434,-0.0268492,7.02888e-05,0.00621718,0.0171408,-0.00468215,-0.0134111,-0.0839314,0.0468638,0.0497334,0.0937861,-0.0213208,0.43501,0.0401887,-0.0159073],[-0.0287153,0.779958,-0.0242658,-0.00947124,-0.131909,-0.412526,-0.101066,-0.00901568,-0.0721611,-0.0149977,0.0131737,0.00598548,-0.015039,0.00430495,0.00472126,-0.074646,-0.0440035,-0.0439824,-0.0141738,-0.00657259,-1.01345,0.105386,0.00591061],[-0.0679629,-0.0191915,0.772451,0.0662782,-0.0539833,0.0577876,0.0307392,-0.00197292,0.104992,0.0240981,0.0117966,0.00753488,0.0142254,0.00520219,0.0265635,-0.0263675,0.059782,0.0055237,-0.0991952,0.0162037,0.369721,0.064037,0.0162585],[0.208101,0.234773,0.310745,0.927021,0.0303299,0.00752915,0.0563308,-0.0898365,0.19881,0.25588,-0.0848653,0.00395055,0.062166,-0.00514054,0.0598241,0.04823,-0.0448895,0.029635,-0.0911717,-0.0172708,0.489642,-0.654961,-0.0104523],[-0.0757567,-0.0171375,-0.0407149,0.0694796,0.804894,0.0200433,0.0225567,0.00163403,0.0948577,0.018224,-0.0338625,0.00147514,0.000735899,0.00746659,0.00108434,-0.011551,0.0368365,0.0144228,0.0792012,0.0151557,0.852126,0.0923338,-0.0042158],[0.11385,0.079257,0.0704162,-0.012792,0.0179937,0.759835,0.0912457,-0.0320527,-0.0514403,0.0689457,-0.0462829,-0.0123108,-0.00241987,-0.0052907,0.0305492,0.024958,0.0419383,0.0120642,-0.0393544,0.0140789,0.592545,-0.265016,-0.00366197],[0.0333444,0.038491,-0.144599,-0.00555361,0.0556312,0.000154837,0.604896,0.0256467,0.166207,0.103816,0.0072317,0.0101345,0.0682917,0.0175282,0.00363254,-0.0207049,-0.1759,0.0116589,0.0707479,0.00485241,-1.53661,-0.158429,0.0132565],[-0.164442,0.141828,-0.703172,0.0877369,-0.487877,0.154942,-0.333296,0.942732,-0.357969,-0.134305,-0.0749337,0.00106149,-0.19836,0.0262364,-0.064773,-0.145411,-0.140184,0.0631351,0.74824,0.0118185,-2.63288,0.803293,0.0202979],[-0.00569821,-0.0376249,-0.0850464,0.0525158,-0.0231995,-0.0363604,-0.0233074,-0.0269966,0.820419,0.127993,-0.0208075,0.00364751,-0.0245811,0.0126447,-0.00857121,-0.0212509,-0.0422634,0.030723,-0.0552708,0.0305212,-0.483949,-0.110915,0.0135771],[0.00980938,0.213928,0.0422744,-0.142113,0.0595604,0.36705,-0.185958,-0.0205108,-0.179381,0.995108,-0.0393616,-0.0425179,-0.0347539,-0.045519,-0.0126798,0.037567,-0.173116,-0.0759873,0.0565854,-0.00756575,-1.45408,0.194566,-0.0191732],[0.0836144,-0.487834,-0.971414,-0.0654253,0.963276,-0.827781,0.291113,-0.0150949,-0.960263,0.177207,0.775737,-0.0237251,0.0663451,-0.00424954,0.171958,-0.0515949,0.0908471,-0.109268,-0.131295,0.131381,2.51175,-1.64616,-0.0591954],[1.57883,2.11348,3.95795,-0.148201,3.10999,3.70985,0.661569,-0.729499,2.20618,-0.741327,-0.278378,1.00422,-0.0943393,0.0166087,0.0200051,0.788663,-0.168749,-0.115716,-0.48806,-0.313147,9.11834,-2.60747,-0.0480752],[0.139017,0.0801722,-0.0486585,-0.221989,0.188132,-0.903272,-0.489376,0.130341,0.0678721,-0.410507,-0.0326753,-0.0573675,0.904625,0.000467228,-0.10073,-0.0542847,0.0572022,0.020316,-0.417415,0.0504955,-2.95,0.660156,0.0607676],[-1.36605,-2.27741,-3.30542,1.10334,-3.06984,-3.57171,-1.11685,0.500877,-1.82963,0.970461,0.251639,0.383811,0.059352,1.27142,0.174672,-0.59803,0.198014,-0.577622,-0.0980745,0.244798,-10.0667,2.71972,0.621848],[-0.260893,-0.474474,0.854666,0.511227,-0.00465912,0.585265,0.579715,-0.0470112,0.679118,0.620954,0.0167727,0.214994,0.156482,0.212267,1.0621,0.144381,0.1258,0.0348072,0.32881,-0.0831416,5.26066,-0.163588,0.174412],[0.220307,0.366291,0.00796824,-0.366479,0.558873,0.603865,0.0866664,-0.0634786,0.0120507,0.0509981,0.0431664,-0.0249181,-0.150422,-0.0562778,-0.0613801,1.01989,-0.0211413,-0.179878,-0.0648868,-0.00489906,-3.29369,0.17294,-0.0295206],[0.0609979,0.219899,0.170783,-0.182465,0.300271,0.272267,0.0240649,-0.0376074,-0.118716,-0.119515,0.0558081,-0.0034635,0.0327788,-0.0190639,0.0218155,0.0293147,0.944794,0.251591,0.225894,-0.0259741,-1.45336,-0.174551,-0.0194227],[-0.375003,-0.991171,-0.166116,0.268127,0.227194,0.159747,-0.719044,-0.0854032,0.0995671,0.190927,0.0373031,-0.0355704,-0.200835,-0.00266681,-0.148333,0.0127938,-0.569915,0.521757,0.999666,-0.088575,-1.37163,1.24204,0.000257011],[-0.268448,-0.3103,-0.304472,0.116621,-0.68474,-0.512615,0.00622762,0.0891104,0.0396674,0.130673,-0.0241896,0.00923502,-0.0767795,-0.015796,0.0165567,-0.206707,-0.0126909,0.113329,0.873356,-0.0162847,-0.114597,0.379006,-0.00760263],[-0.0478848,0.445183,1.66137,0.658641,-2.58135,-1.10688,-1.17251,0.0299585,0.774762,-0.0809964,0.0329039,0.00314979,-0.214005,0.00964142,-0.0864629,-0.182985,-0.81939,-0.427693,-1.45375,0.144857,-3.02183,-0.156201,0.0281715],[0.0360158,0.0291771,-0.0388193,-0.00888127,0.0595764,-0.00426776,-0.00245388,-0.0099436,-0.0141281,-0.0205211,-0.00444795,0.00175228,-0.00663266,0.00314438,-0.00193737,0.0180277,0.018345,-0.0134707,-0.0382506,0.00728139,-0.126516,-0.0144772,0.00187615],[-0.0260706,0.0314387,-0.050049,0.00918608,-0.120503,-0.0413508,0.0510054,0.000123279,0.0739933,0.0405245,0.0119715,0.000129209,-0.013693,-0.0092499,-0.00868502,0.0142088,0.0396162,-0.0878473,-0.0919571,0.0181187,-0.372324,0.983377,0.00257678],[0.0473264,-0.305255,-0.429807,-0.170392,0.490992,-0.489397,-0.157774,-0.154388,-0.0544229,0.691895,-0.181472,0.0356727,-0.407146,0.06563,-0.0478337,-0.356609,-0.161157,0.766454,0.373157,0.00970829,-4.18072,-0.0907206,0.668758],[0.0248849,0.0734573,-0.0759867,-0.019537,0.103498,0.0635612,0.0405594,0.0234135,-0.0765338,0.0273665,0.0166268,-0.00406533,0.00875826,0.00673404,0.0152572,0.0519194,-0.00776576,-0.0624358,-0.0940637,0.0152841,-0.150997,-0.0288526,0.00842784],[0.0430322,0.16495,0.0418066,-0.0351488,0.145998,0.308892,0.111906,-0.000568129,0.00373319,0.0240998,-0.00524868,-0.00103634,0.010827,-0.000262858,-0.00368598,0.0455229,0.0220154,0.021787,-0.0141602,-0.00188232,0.421332,-0.0847232,0.00141238],[0.0299934,0.0363453,0.166701,-0.0626149,-0.0259966,0.00450909,-0.018132,0.000452839,-0.0176291,-0.0239444,-0.00900298,-0.0133084,0.00633066,-0.0111652,-0.0101238,0.00555995,-0.0515119,0.0114945,0.0580819,-0.0171033,-0.499697,0.0344765,-0.0197914],[-0.0800392,-0.057594,-0.291334,0.0366599,0.107392,0.0476315,-0.0882449,0.0472086,-0.175257,-0.218044,0.0646547,-0.00765078,-0.0426416,-0.00490068,-0.0699608,0.00310328,-0.0397623,-0.0227358,0.024885,-0.0122216,-0.497725,0.396822,-0.00326688],[0.0450953,-0.00231374,-0.0032451,-0.0172203,0.081321,-0.0942664,-0.0365829,0.00753389,-0.0841431,-0.00458775,0.0183156,0.00865459,0.00708001,0.00650559,0.0179451,0.00575975,0.000235088,-0.0262173,-0.0656161,-0.00580132,-0.611029,-0.116626,0.010793],[-0.0525669,-0.0246755,-0.101752,-0.0106789,0.0213917,0.174706,-0.0852444,0.0138437,0.0674562,-0.0267639,0.00103165,0.0117786,0.0159445,0.00347345,0.00773885,-0.0186222,-0.0133211,-0.0104539,-0.00130428,-0.0024043,-0.796101,0.1753,0.00509638],[0.0236851,-0.00219153,0.0600197,-0.0653364,0.0469494,-0.0241668,0.449243,-0.00586942,-0.416984,-0.0952882,-0.0136427,-0.00846062,-0.0242409,-0.00815107,0.0135559,0.00420843,0.186993,-0.00772336,-0.0108969,0.0117914,1.978,0.0243926,-0.00841405],[0.169333,-0.0129433,0.812682,0.011101,0.234303,0.111218,0.192372,-0.0913918,0.669684,0.113987,0.0133152,0.0224526,0.0724442,-4.59864e-05,0.0578549,0.147535,0.0936949,-0.0271211,-0.204711,-0.0390532,0.890437,-0.516168,0.0099299],[-0.0358428,-0.0291319,0.037961,0.0331507,-0.0848286,-0.0168691,-0.0932257,0.00750868,0.228589,-0.0777252,-0.0102361,-0.00214459,-0.00602902,-0.00838986,-0.00236502,0.013023,-0.0204077,-0.0217351,-0.0280729,-0.0332382,0.115003,0.111757,-0.0110778],[-0.0708988,-0.285443,-0.277502,0.0975588,-0.171416,-0.560279,0.147397,0.0180005,0.178798,-0.147046,0.0184517,0.026896,0.0363371,0.0316227,-0.00744653,-0.0506926,0.11712,0.0753887,0.00837868,-0.00228512,1.60213,0.0348061,0.016749],[-0.109663,0.0866687,1.05949,-0.289412,-1.1559,-0.267341,0.142765,0.0768863,-0.0284398,0.784906,-0.13053,0.0879364,-0.0245341,0.0215627,-0.00816691,-0.15899,0.0605924,0.102409,0.0725759,-0.0351488,6.3457,-1.12045,0.155499],[0.120513,0.849974,-0.208327,-0.271179,-0.0517073,0.505711,0.181251,-0.0945227,0.813888,0.151484,-0.143163,-0.162303,0.0747503,-0.0644157,0.121112,0.225639,0.0898018,0.126711,0.138523,0.0835372,-1.39714,-0.592005,-0.110677],[0.618175,1.0048,0.487014,-0.508666,1.27674,1.31776,-0.0875104,-0.1703,0.532433,0.597075,-0.0470066,0.0800785,-0.246246,0.00556055,-0.0613415,0.229702,-0.172655,0.0862752,0.202363,-0.0566328,-2.34914,-1.26993,0.0133613],[0.0189565,0.122198,-0.440676,-0.486108,0.569851,-0.0813691,0.67699,0.132511,-1.36581,-0.155239,0.414704,-0.206047,0.115124,-0.224051,-0.0932915,0.0816632,0.110544,-0.274772,-0.165994,0.0886438,1.81939,0.624121,-0.188746],[-0.5487,-1.03571,-0.561799,0.136134,-1.36497,-1.4033,-0.517804,0.217407,-0.10023,0.093765,0.0959988,-0.0214858,0.0454021,0.0272025,-0.135777,-0.456304,-0.00333169,-0.11106,0.527616,0.111182,-1.6518,0.247525,-0.0430301],[0.00409843,0.0982599,0.279911,0.205077,-0.300583,0.0414599,0.0216553,-0.00398317,-0.181503,-0.0586732,-0.00574974,0.00680584,0.0366607,0.0173953,-0.0341456,0.0319434,0.0144271,0.0936869,-0.245292,0.000672267,1.66054,-0.332872,0.00734468],[0.00120328,-0.164535,-0.184129,0.167164,-0.119466,-0.336206,0.0166717,0.00134164,-0.120738,-0.0061373,-0.0324183,0.022121,0.00608939,0.0368026,0.00122315,0.0037016,0.0102969,-0.117627,-0.261663,0.0263643,0.997994,-0.109138,0.0253131],[0.441398,0.654118,-0.15426,-0.266395,0.763061,-0.156334,0.548415,0.176655,0.0595165,-0.463476,-0.0105514,0.0157448,0.202866,0.010886,0.179522,0.0826661,0.405792,-0.0280152,-0.525849,0.0576417,1.17228,-1.45058,0.0471584],[0.121412,0.131982,0.133734,-0.0272752,0.440776,0.296745,-0.0867711,-0.00980845,-0.129211,-0.072595,0.0145402,-0.011556,0.0679518,0.00817615,0.00525247,0.137157,0.0521383,-0.00173481,-0.199576,0.0325844,-0.358165,-0.164452,-0.000119826],[0.0869745,-0.221023,-0.0908107,-0.295037,1.27195,0.521504,0.368223,-0.140475,-0.813359,-0.779311,0.105702,-0.00921916,0.172865,-0.0403558,0.0675524,0.134982,0.139736,-0.236476,-0.442258,0.427234,-1.97154,0.134131,-0.0309089],[0.025276,0.0275515,-0.020099,0.00808781,0.0429778,0.0178401,0.013917,-0.0025839,0.0181621,-0.0107311,-0.000331848,0.00328281,0.000768036,0.00248469,-0.0022391,0.017459,0.00678417,-0.00829391,-0.0150225,-0.00167057,-0.213409,-0.0442001,0.00196563],[0.011952,-0.044392,-0.00724796,-0.0260259,0.12918,0.0101087,-0.0506416,0.0111217,-0.0536162,-0.0342248,-0.00765454,-0.00109357,0.00739522,0.00339907,0.00841414,-0.0105407,-0.0190968,0.0337088,0.0812191,-0.0136769,0.39981,0.0445705,-0.00388794],[0.0616313,0.528835,0.159598,-0.0406332,-1.39873,0.0777413,-0.0372585,0.10099,0.295516,-1.10426,-0.0914714,-0.0192714,0.171853,-0.0663388,-0.317905,0.0664019,0.0301826,0.268746,-0.00776875,0.067239,1.45152,-0.493379,0.00422807],[0.0157676,0.0117202,-0.030353,0.00663942,-0.00288524,-0.025417,-0.0565928,-0.00214953,0.0333156,-0.000284432,-0.0166534,-0.00214514,-0.0259584,-0.00204638,-0.001876,0.0319302,-0.039113,0.0127579,0.000258239,0.0060507,-0.284676,-0.0112479,0.00750042],[-0.014688,0.0547538,-0.0177,0.04484,-0.0148027,0.103271,-0.0110036,0.00961559,0.0683808,-0.00895846,-0.00791512,-0.00495506,0.00425492,-0.00404162,-0.00100764,0.0289639,0.021929,0.0222505,0.0283836,0.00843969,0.591309,-0.0204279,-0.00731336],[0.0378395,-0.0172696,0.0602183,-0.00351731,0.0795096,-0.0626574,-0.0128021,0.00153914,-0.0871062,0.000123363,-0.00283766,0.00574355,-0.020473,0.00594709,-0.0164155,0.0206718,-0.00838354,-0.0168789,0.0412714,0.000918483,0.129855,-0.0984865,0.00352408],[-0.127768,-0.176562,-0.0191748,0.0360056,-0.137362,-0.0545854,0.0322796,0.0425721,-0.0235221,-0.0378228,0.0202552,0.00369413,-0.0195603,0.0100156,0.0101262,-0.0512847,0.0848006,-0.00640634,0.0669515,0.0294515,0.00844992,0.257337,0.0137199],[0.0303771,0.0191596,0.044541,-0.0519013,0.112376,0.073635,0.0137835,-0.00916715,-0.0103131,-0.0136882,0.0155178,-0.0100892,-0.00784141,-0.0139228,-0.0190923,0.00562745,-0.0371987,0.0120967,-0.0143627,-0.00939129,-0.242739,0.0245407,-0.00656015],[-0.0613246,-0.0548565,0.0312782,0.0236157,-0.0400545,0.064602,-0.00625836,0.0181843,-0.0159275,-0.0420169,0.0451812,0.000537821,-0.0135817,0.00182117,-0.0383688,-0.00650079,-0.0287482,-0.00127702,0.0405137,-0.0116436,0.203344,0.0893229,-0.00145647],[-0.0563501,-0.0354292,0.0868669,0.0709441,-0.103205,0.0243346,-0.0545634,-0.020117,0.251937,-0.00830266,0.00634542,-0.00154704,-0.0441062,-0.00915009,-0.0170683,0.0163036,-0.0112614,-4.13988e-05,-0.0565551,-0.0167435,-0.444854,0.130479,-0.00474975],[0.0529333,-0.0386709,-0.159419,-0.0846061,0.453136,-0.0808136,0.0217321,0.073369,-0.124029,0.0716677,0.0673097,-0.0140273,0.0892286,-0.0181513,0.0131003,0.0517079,-0.0204405,-0.109481,-0.48151,0.0278778,0.691333,-0.292233,-0.0102238],[0.0414087,0.066726,0.0450342,-0.0866614,0.10944,0.0531776,0.118376,0.0196394,-0.0532625,-0.0493452,0.0313261,-0.00195122,0.030982,-0.00447406,0.0110765,0.00815499,0.063288,-0.00847787,0.0875452,0.00300263,0.371376,-0.0013002,-0.00266376],[0.0614393,0.071968,0.236251,0.0438902,0.11169,0.19405,0.0396998,0.00262187,-0.00062611,0.150559,0.0207459,0.0155696,-0.0015559,0.0137501,0.0199865,0.0130525,0.0565364,0.00212414,-0.0635742,0.00984506,-0.144196,-0.229486,0.00222519],[-0.439382,-0.235781,-0.166983,0.215154,-0.803362,0.0674725,0.262215,0.0968833,-0.220745,0.0748672,0.132875,-0.0515427,0.134894,-0.0353567,0.00755692,-0.165668,0.191777,-0.0214054,-0.233633,0.0234109,-2.06982,1.49208,-0.0104055],[-0.051386,-0.177863,-0.526291,0.0237781,0.553952,0.0265445,-0.247067,-0.0409077,0.371354,0.637049,-0.0234328,-0.0514202,-0.0187431,-0.0152444,0.109593,-0.0376656,-0.107289,0.258767,0.0806472,-0.0293622,-2.0934,0.149231,0.00402236],[-0.535785,-0.674907,-0.780217,0.404096,-0.799835,-0.516589,0.0364334,0.118535,-0.332442,-0.347578,-0.0440839,0.0216654,0.0813788,0.0253211,0.107916,-0.165742,-0.187415,-0.142352,0.291415,-0.0428947,2.05422,0.575222,0.00908591],[-0.265634,-0.486596,-0.385877,-0.156338,-0.0741107,-0.289535,-0.0117176,0.145822,-0.179637,-0.085465,0.104671,-0.0686269,-0.0563514,-0.123514,-0.069091,-0.18836,-0.0345346,-0.0743754,0.156848,-0.0693121,1.13899,0.586214,-0.120245],[0.534208,1.14815,0.539581,-0.427577,0.979643,1.25298,0.665359,-0.0692637,-0.708575,-0.770141,-0.0778,-0.145502,0.0242983,-0.128245,0.0430247,0.281424,0.214366,-0.0699006,-0.756292,0.0642509,1.91341,-0.489084,-0.100125],[-0.223957,-0.463904,-0.28698,0.161498,-0.258837,-0.645598,-0.10777,0.0673059,0.169081,0.00746413,-0.0375208,0.0181393,0.113861,0.0389051,0.0955584,-0.0521784,0.00699007,0.087998,0.310371,0.00423542,1.63092,0.158601,0.0220957],[-0.0612727,-0.054126,0.0154201,0.0152714,-0.180601,0.0645111,-0.0408555,0.0358523,0.240655,0.126063,-0.0235652,-0.018328,-0.0390895,-0.0174207,-0.022782,-0.0332137,0.044844,-0.129927,0.03865,-0.000557501,0.453447,0.279659,-0.00561879],[-0.0564414,0.339449,0.302947,0.024128,-1.01131,-0.0321128,0.181946,-0.0934587,-0.148594,0.242593,-0.0372552,0.0312211,-0.00479215,0.00269984,-0.0240986,-0.10999,0.195005,-0.250412,-0.193255,0.0256503,0.279823,0.0781482,-0.0413298],[0.0995958,0.121798,0.0422163,-0.0645737,0.233772,0.227622,0.16514,-0.0562894,-0.0168822,-0.100574,0.00846375,0.00598658,0.0195694,0.0136016,0.00188091,0.0547102,0.0427182,0.0787626,-0.191546,-0.010737,0.711994,-0.134056,0.0160282],[0.0994086,0.01505,-0.72568,-0.230157,1.0201,0.251156,0.0499476,-0.0118968,0.461017,0.574889,-0.00673744,-0.0314279,0.0311002,-0.011744,-0.00694251,0.103946,-0.00682429,-0.300534,0.162591,0.035135,1.77811,-0.168422,-0.030012],[0.00690262,0.00782573,0.0304881,0.00064659,0.0144223,0.0342134,-0.0440203,-0.00234231,0.0231828,-0.00588995,-0.00372127,0.000348826,0.00440428,-0.000120985,0.00358811,0.00674564,-0.0231995,-0.00307718,-0.00548384,-0.00238623,-0.198647,0.00558226,-0.00187302],[0.0209563,0.0200326,0.0251961,0.0026268,0.0429183,0.0493918,0.0165143,-0.00860713,-0.0561646,-0.00887191,0.000333417,-0.00366299,0.0108185,0.00194554,0.00197028,0.0062915,-0.0112082,0.0287606,0.0468189,-0.00124177,0.0519088,-0.0343662,-0.000451495],[0.122681,-0.156726,0.832105,0.0407566,0.16545,0.184623,-0.324083,0.0521011,0.0207149,-0.26024,-0.0375846,-0.0419673,-0.00198168,-0.046482,0.0433686,0.0235782,-0.143778,0.214889,0.209309,-0.0531699,1.08245,0.031863,-0.0147814]],"sigmahat":[[0.344238,0.414693,0.307059,-0.209662,0.586505,0.342174,0.0805654,-0.0735414,0.00988229,-0.0269515,0.00223017,-0.00691731,-0.0134692,-0.00872856,-0.00481934,0.115541,-0.00285571,0.0119452,-0.0878667,-0.00937278,-0.41384,-0.503356,-0.00692333],[0.414693,0.720759,0.467541,-0.318457,0.648275,0.599302,0.124453,-0.0937016,0.0655426,-0.0292061,0.00220352,-0.0180205,-0.0197377,-0.0205066,-0.0182869,0.153545,0.00227102,0.0178547,-0.113533,-0.0117566,-0.690978,-0.653322,-0.0161324],[0.307059,0.467541,0.934597,-0.226783,0.392083,0.556562,0.11229,-0.0804617,0.0954751,-0.122817,-0.00317482,-0.011783,-0.0396444,-0.0179469,-0.0236633,0.130323,-0.0121748,0.0162801,-0.166347,-0.0357439,-0.160161,-0.452151,-0.0242206],[-0.209662,-0.318457,-0.226783,0.23924,-0.387745,-0.25956,-0.0916653,0.0371547,0.0427749,0.00537063,-0.012341,0.0131192,0.0151952,0.0164191,0.0154885,-0.0595506,-0.00300903,0.00226717,0.0243544,0.00430528,0.268453,0.316731,0.0144761],[0.586505,0.648275,0.392083,-0.387745,1.58984,0.801166,0.194236,-0.126854,-0.0855761,-0.0620747,0.02824,-0.0202356,-0.0279143,-0.0218955,0.0194648,0.248198,0.0151111,-0.0168507,-0.13902,-0.0130061,-0.36051,-0.78694,-0.0125391],[0.342174,0.599302,0.556562,-0.25956,0.801166,1.03763,0.137411,-0.0817592,0.0780358,-0.0947586,0.00760135,-0.0255831,-0.0303378,-0.0333185,-0.000416437,0.189722,0.0100954,0.0149516,-0.0650959,-0.0121859,-0.119034,-0.403302,-0.0219777],[0.0805654,0.124453,0.11229,-0.0916653,0.194236,0.137411,0.285022,-0.010713,-0.126904,-0.0518848,0.0168508,-0.00870448,0.00684532,-0.00760093,0.00453607,0.0241941,0.114093,0.0191527,0.0170328,0.00801083,0.737436,-0.0741575,-0.00782999],[-0.0735414,-0.0937016,-0.0804617,0.0371547,-0.126854,-0.0817592,-0.010713,0.0378017,-0.0284854,-0.00395637,0.00183412,0.00221215,0.00710567,0.00306171,0.00246965,-0.0257086,0.00978245,-0.00622612,0.0261832,0.00366502,0.142879,0.121298,0.00218192],[0.00988229,0.0655426,0.0954751,0.0427749,-0.0855761,0.0780358,-0.126904,-0.0284854,0.515549,0.0797142,-0.0141686,0.00864718,-0.00808556,0.00508558,0.00338145,0.0139755,-0.0444774,-0.0096814,-0.065294,-0.0194018,-0.280953,-0.118395,0.0026297],[-0.0269515,-0.0292061,-0.122817,0.00537063,-0.0620747,-0.0947586,-0.0518848,-0.00395637,0.0797142,0.292237,0.00585743,0.00272598,0.00434603,0.00717123,0.0103727,-0.0403894,-0.0230915,-0.0223286,0.0337126,0.0123502,-0.160434,-0.0899431,0.00735892],[0.00223017,0.00220352,-0.00317482,-0.012341,0.02824,0.00760135,0.0168508,0.00183412,-0.0141686,0.00585743,0.0237417,-0.000621814,0.00159201,-0.00182431,-0.00548771,-0.000444603,0.000580625,-0.00739579,-0.00978601,3.49935e-05,-0.0618456,0.0169049,0.0016664],[-0.00691731,-0.0180205,-0.011783,0.0131192,-0.0202356,-0.0255831,-0.00870448,0.00221215,0.00864718,0.00272598,-0.000621814,0.00665175,-0.000410636,0.00510536,0.00191915,-0.00491003,1.21784e-05,0.00435754,0.00448898,-0.00162482,-0.0257405,0.000344995,0.00494201],[-0.0134692,-0.0197377,-0.0396444,0.0151952,-0.0279143,-0.0303378,0.00684532,0.00710567,-0.00808556,0.00434603,0.00159201,-0.000410636,0.0287797,0.00248961,0.0107783,-0.00512999,0.00932181,-0.000214301,0.0157963,0.00453534,0.0320973,0.0270013,0.00140348],[-0.00872856,-0.0205066,-0.0179469,0.0164191,-0.0218955,-0.0333185,-0.00760093,0.00306171,0.00508558,0.00717123,-0.00182431,0.00510536,0.00248961,0.00792334,0.00386383,-0.00523844,0.000633964,0.00366569,0.00659289,-0.000636542,-0.0207704,0.00457012,0.00504315],[-0.00481934,-0.0182869,-0.0236633,0.0154885,0.0194648,-0.000416437,0.00453607,0.00246965,0.00338145,0.0103727,-0.00548771,0.00191915,0.0107783,0.00386383,0.0215444,0.00275163,0.0124988,0.00157485,0.021309,0.000765545,0.0906693,0.00238484,0.00371817],[0.115541,0.153545,0.130323,-0.0595506,0.248198,0.189722,0.0241941,-0.0257086,0.0139755,-0.0403894,-0.000444603,-0.00491003,-0.00512999,-0.00523844,0.00275163,0.0753457,-0.000543682,-0.00868974,-0.0494134,-0.0020831,-0.132767,-0.153825,-0.00238664],[-0.00285571,0.00227102,-0.0121748,-0.00300903,0.0151111,0.0100954,0.114093,0.00978245,-0.0444774,-0.0230915,0.000580625,1.21784e-05,0.00932181,0.000633964,0.0124988,-0.000543682,0.0996332,0.0141153,0.0441599,0.00929566,0.408201,0.0241287,0.000353945],[0.0119452,0.0178547,0.0162801,0.00226717,-0.0168507,0.0149516,0.0191527,-0.00622612,-0.0096814,-0.0223286,-0.00739579,0.00435754,-0.000214301,0.00366569,0.00157485,-0.00868974,0.0141153,0.15499,0.205956,-0.00157024,0.0543414,-0.0829314,0.00224759],[-0.0878667,-0.113533,-0.166347,0.0243544,-0.13902,-0.0650959,0.0170328,0.0261832,-0.065294,0.0337126,-0.00978601,0.00448898,0.0157963,0.00659289,0.021309,-0.0494134,0.0441599,0.205956,0.667764,0.00597405,0.369779,0.0107364,0.00368886],[-0.00937278,-0.0117566,-0.0357439,0.00430528,-0.0130061,-0.0121859,0.00801083,0.00366502,-0.0194018,0.0123502,3.49935e-05,-0.00162482,0.00453534,-0.000636542,0.000765545,-0.0020831,0.00929566,-0.00157024,0.00597405,0.0123475,0.00947292,0.0195875,-0.000287233],[-0.41384,-0.690978,-0.160161,0.268453,-0.36051,-0.119034,0.737436,0.142879,-0.280953,-0.160434,-0.0618456,-0.0257405,0.0320973,-0.0207704,0.0906693,-0.132767,0.408201,0.0543414,0.369779,0.00947292,12.0116,0.0642432,-0.0462832],[-0.503356,-0.653322,-0.452151,0.316731,-0.78694,-0.403302,-0.0741575,0.121298,-0.118395,-0.0899431,0.0169049,0.000344995,0.0270013,0.00457012,0.00238484,-0.153825,0.0241287,-0.0829314,0.0107364,0.0195875,0.0642432,1.29887,0.00898416],[-0.00692333,-0.0161324,-0.0242206,0.0144761,-0.0125391,-0.0219777,-0.00782999,0.00218192,0.0026297,0.00735892,0.0016664,0.00494201,0.00140348,0.00504315,0.00371817,-0.00238664,0.000353945,0.00224759,0.00368886,-0.000287233,-0.0462832,0.00898416,0.0092492]],"n":23,"lags":3}