{"betahat":[[0.0131009,0.162646,6.44929,0.313633,-0.00666148,1.52084,-1.93129,0.10035,5.98036,2.41982,0.498501,-0.206073,-0.931167,-0.429921,-1.24097,1.85447,-2.27175,18.3371,3.08021,0.374389,-0.0533509,10.2959,-0.0549656],[0.982469,-0.0488495,0.143438,-0.0104939,-0.0511579,-0.0217445,-0.021766,-0.01788,0.0619973,-0.0434343,0.00393695,0.00366659,-0.021075,-0.00572986,-0.025117,-0.0714819,0.040321,0.0559879,0.0712212,-0.0192731,0.199761,0.057679,-0.0126712],[-0.006492,0.834692,-0.0249763,-0.0395925,-0.0608652,-0.378117,-0.128226,-0.00216739,-0.0725767,-0.040213,0.00640275,0.00597785,-0.0056065,0.00508392,0.00220772,-0.066748,-0.0598698,-0.0434669,-0.00930582,-0.0103316,-1.20578,0.11821,0.0087277],[-0.0599716,-0.00832879,0.769909,0.0591143,-0.0380328,0.0490349,0.0262012,-0.00357845,0.112818,0.0467813,0.0112467,0.00753924,0.0306487,0.00608536,0.0260491,-0.024924,0.0550362,0.00455084,-0.0898882,0.0147424,0.347966,0.0345947,0.0164566],[0.234974,0.278026,0.389577,0.915282,0.0892728,0.11147,0.0713773,-0.0911779,0.197141,0.234036,-0.0724223,0.00354768,0.00988405,-0.00928919,0.0523701,0.0767222,-0.0344416,0.0191723,-0.157012,-0.0161003,0.397332,-0.651864,-0.0115726],[-0.0546005,0.0196086,-0.0543827,0.0475419,0.875081,0.0608502,0.00957681,0.000739197,0.119724,0.0331791,-0.0406441,0.00692636,-0.0202205,0.00879907,0.00280621,-0.0027912,0.0174323,0.00939212,0.0873217,0.00958198,0.725868,0.0457702,-0.000314114],[0.0933413,0.061879,0.0389935,0.00408943,-0.0275076,0.77455,0.0986709,-0.0346135,-0.050566,0.0717992,-0.0467939,-0.00969577,4.98942e-05,-0.00412595,0.0321732,0.0206623,0.0340077,0.00953483,-0.00601451,0.0120512,0.651036,-0.269238,-0.00644802],[0.0169563,0.00879795,-0.121416,0.00782843,0.0355825,-0.00302162,0.638249,0.0255173,0.159045,0.080368,0.0120062,0.0112326,0.0360521,0.014728,0.0067897,-0.0198419,-0.163997,0.00622833,0.059661,0.00145667,-1.26343,-0.138847,0.00981959],[-0.231429,0.0480279,-0.750772,0.140377,-0.554169,0.0737168,-0.371458,0.963123,-0.301141,-0.141975,-0.0855494,0.0125313,-0.117238,0.0347093,-0.0558505,-0.149709,-0.179374,0.0293919,0.72532,-0.00198549,-2.38973,0.886526,0.0294185],[0.00296467,-0.0173297,-0.0689838,0.0335199,0.00138578,-0.0265287,-0.0373744,-0.0244538,0.851524,0.11762,-0.0249724,0.00276167,-0.0146515,0.0111199,-0.00859465,-0.0187588,-0.0405005,0.0323071,-0.0544975,0.0283335,-0.543882,-0.0981565,0.0135822],[-0.0642397,0.116419,-0.0163608,-0.0701142,-0.0854579,0.34133,-0.126988,-0.0159707,-0.213648,1.00889,-0.0311654,-0.0381098,-0.00956336,-0.0446928,-0.000778512,0.0182338,-0.168879,-0.0797869,0.0870884,-0.00960484,-0.948505,0.222247,-0.025508],[0.0343515,-0.679104,-1.20748,0.0380065,0.631003,-1.35638,0.294822,-0.00969432,-0.99421,0.292301,0.83486,-0.0362002,0.054082,0.00667839,0.13568,-0.168255,0.136599,-0.0481977,-0.108222,0.149601,2.6977,-1.76433,-0.066462],[1.27573,1.74153,3.51328,-0.0440773,2.74881,3.52731,0.563238,-0.623844,1.98469,-0.719402,-0.295739,1.01308,-0.0275631,0.0253785,0.0935668,0.756358,-0.2069,-0.177766,-0.326302,-0.285195,8.95407,-2.02113,-0.0361037],[0.196807,0.566733,1.1858,-0.396628,0.574786,0.946491,-0.0675418,0.0329268,-0.0724123,-0.454075,-0.0626588,-0.106158,0.900548,-0.0821315,-0.0231394,0.313584,0.272757,-0.0233289,-0.530101,0.064539,-1.60373,1.10185,-0.0237552],[-1.13128,-1.87798,-3.15551,0.94441,-2.79801,-3.50309,-0.909234,0.450374,-1.74145,0.936753,0.264769,0.356161,0.288384,1.25425,0.134247,-0.622439,0.221222,-0.511127,-0.103696,0.21254,-9.61411,2.21363,0.575436],[-0.389838,-0.920318,-0.145625,0.760923,-0.509359,-0.803681,0.37609,-0.0182698,0.69685,0.743075,0.0510205,0.240092,0.0738589,0.273298,1.03257,-0.149367,-0.0200865,0.0748163,0.5207,-0.0932117,5.01357,-0.538548,0.209061],[0.0673288,0.130599,-0.0253894,-0.19331,0.21396,0.492982,0.235558,-0.0597718,-0.0962383,0.0365234,0.0679286,-0.0358293,-0.00218142,-0.0608918,-0.0322504,0.989955,0.0564144,-0.170601,-0.0827042,0.00583058,-1.95759,0.318745,-0.0484612],[0.0558341,0.190265,0.137647,-0.14212,0.240445,0.244738,0.018364,-0.0346955,-0.107163,-0.084335,0.0569144,0.000790426,0.0413315,-0.0138086,0.0253109,0.0239572,0.946019,0.246195,0.197693,-0.0252592,-1.52451,-0.211419,-0.0166374],[-0.460277,-1.11397,-0.193708,0.356958,-0.0399187,0.0217615,-0.569821,-0.0785169,-0.0223799,0.16593,0.057762,-0.0582458,-0.140445,-0.0115277,-0.135138,-0.0255856,-0.495785,0.520437,0.970237,-0.0724236,-0.908563,1.31933,-0.0201085],[-0.282228,-0.30289,-0.381706,0.119916,-0.677716,-0.493665,-0.0451916,0.0990764,0.043179,0.107691,-0.036529,0.0166557,-0.0158816,-0.01105,0.0218937,-0.200989,-0.0621194,0.0919623,0.897955,-0.0244336,-0.228657,0.375172,-0.000226787],[-0.0913052,0.355867,1.31672,0.591483,-2.61331,-1.55076,-1.45008,0.0844963,0.905828,-0.0618021,0.00488114,-0.0152214,-0.17916,0.0136058,-0.111835,-0.234167,-0.835055,-0.420436,-1.42643,0.178733,-4.165,0.0530684,0.047597],[0.0337084,0.0279072,-0.0407728,-0.00723661,0.0531289,-0.00476477,-0.00209049,-0.00969229,-0.0141849,-0.0177681,-0.0034201,0.00120376,-0.00275538,0.0027454,-0.00171957,0.0169696,0.0192198,-0.0115728,-0.0352687,0.00763116,-0.118181,-0.0122385,0.00141573],[-0.015355,0.0538435,-0.0712803,-0.00278709,-0.0863864,-0.0288105,0.0414596,0.00237315,0.0673786,0.0420494,0.00870779,0.00110568,-0.00667711,-0.00858444,-0.00811818,0.0155352,0.0236258,-0.0832984,-0.06693,0.0137014,-0.430555,0.965722,0.00256659],[0.219272,-0.000312299,-0.464875,-0.32327,0.951862,-0.149495,-0.461617,-0.173611,0.236987,0.712771,-0.243321,0.0776598,-0.257436,0.0798684,-0.0908813,-0.259749,-0.37234,0.750922,0.52462,-0.0279699,-5.74584,-0.358456,0.72565],[0.0244869,0.070024,-0.0838932,-0.0123939,0.0738922,0.0427626,0.059414,0.0179915,-0.0770842,0.0414675,0.0119897,-0.00231426,0.0254624,0.00819019,0.0186018,0.0472631,-0.000435329,-0.0615856,-0.0907927,0.0135756,-0.0964094,-0.0596945,0.00746728],[0.0205816,0.126586,0.0306125,-0.00982087,0.0814414,0.292031,0.128542,-0.00322165,0.0119138,0.0467361,-0.00177074,0.000814078,0.00465999,-0.000348192,-0.000207865,0.039241,0.0334078,0.0217701,-0.00533939,0.00228489,0.595758,-0.0855483,-0.000128592],[0.0266351,0.0237875,0.163189,-0.0567042,-0.0348903,-0.0071502,-0.0105249,0.00162307,-0.0302023,-0.0398902,-0.00951616,-0.0119067,-0.0180618,-0.0102917,-0.00946082,0.00298125,-0.0486492,0.00892751,0.0511303,-0.015924,-0.439665,0.038352,-0.0183904],[-0.107732,-0.109407,-0.343501,0.0487579,0.0423647,-0.0594444,-0.116812,0.0536654,-0.169401,-0.208708,0.056145,-0.0093097,-0.0393378,-0.00139721,-0.0724291,-0.0222909,-0.0433128,-0.00711476,0.0817433,-0.00814855,-0.492092,0.43116,-8.62725e-05],[0.0341586,-0.0210667,0.0114578,-0.00710328,0.0397066,-0.119823,-0.0233537,0.00818113,-0.106831,-0.0199882,0.0215834,0.00333322,0.0292605,0.00500064,0.015511,0.00132642,0.0105195,-0.0244499,-0.082666,-0.00161362,-0.532416,-0.0791048,0.00827524],[-0.0494573,-0.0207625,-0.0818972,-0.0165409,0.0352412,0.168563,-0.0870529,0.0181205,0.0553713,-0.0347038,0.00243,0.0104672,0.00778904,0.00340731,0.00670127,-0.0184396,-0.0138589,-0.00796094,-0.00420275,-0.00358275,-0.76557,0.185011,0.00652032],[0.0279759,0.0033977,0.0331163,-0.0578909,0.0337085,-0.0621763,0.419141,-0.00533771,-0.399154,-0.0882175,-0.0135959,-0.00962247,0.00176756,-0.00529794,0.0101832,-0.000176861,0.184225,0.0015365,-0.0162665,0.0155207,1.75142,0.0164535,-0.00447362],[0.186439,0.0437463,0.789532,-0.0107895,0.260783,0.212792,0.270907,-0.108129,0.59475,0.177939,0.0274194,0.0177255,0.0569574,-0.00766927,0.0548716,0.152685,0.113852,-0.023118,-0.208806,-0.0260935,1.06782,-0.600342,-0.000989936],[-0.026244,-0.0153942,0.0446023,0.0290353,-0.0744104,0.000551572,-0.0816006,0.00477101,0.21071,-0.06173,-0.00527612,-0.000497056,-0.00872948,-0.00705014,-0.00215961,0.0157991,-0.0219314,-0.0220106,-0.0282436,-0.0324625,0.086423,0.0863646,-0.00939501],[-0.0285403,-0.227842,-0.19605,0.064112,-0.105996,-0.51901,0.133917,0.0177294,0.19839,-0.142871,0.021659,0.0192154,0.0135022,0.028002,-0.00977533,-0.0337056,0.132117,0.0691222,-0.0353249,0.00387913,1.40715,0.0249651,0.0155059],[0.0209142,0.400941,1.09202,-0.405266,-0.787076,0.0927598,0.11787,0.0395277,0.0586315,0.754557,-0.195096,0.08164,-0.059808,0.0230736,0.00906745,-0.0685709,0.0324551,0.0924286,0.143741,-0.0482483,5.44113,-1.08165,0.147798],[0.0612131,0.62355,-0.143362,-0.175477,-0.178898,0.271622,0.141299,-0.0703893,0.736528,0.0548651,-0.0886819,-0.164809,0.0426536,-0.0699271,0.0849253,0.178045,0.139173,0.130213,-0.111193,0.0904633,-0.937457,-0.42037,-0.100489],[0.137513,-0.17515,-0.0962686,-0.102181,0.205644,-0.328254,-0.26555,0.0229844,0.276819,0.367118,0.129748,0.119014,-0.116748,0.0331211,-0.087048,-0.108576,-0.166048,0.0780148,0.124261,-0.01993,-0.955777,-0.860127,0.0876584],[-0.0728003,0.0212334,-0.468695,-0.369994,0.328475,-0.0128638,0.724472,0.103008,-1.3151,-0.113997,0.3611,-0.184182,0.0483563,-0.202606,-0.0676472,0.0692299,0.119082,-0.262654,-0.0273109,0.0823459,2.22068,0.537721,-0.184892],[-0.210637,-0.333501,-0.298161,-0.172363,-0.59278,-0.641943,-0.571536,0.129049,0.0409721,0.120236,-0.036497,-0.0529273,-0.000292569,0.0183455,-0.138877,-0.245368,0.0163466,-0.117077,0.447655,0.115201,-3.5935,0.192533,-0.05735],[0.0971507,0.210872,0.337381,0.101092,-0.065792,0.120811,-0.0462385,-0.0121931,-0.1182,-0.00516332,-0.007686,0.00985491,-0.0299375,0.0186555,-0.0415703,0.0580583,-0.00382421,0.0861228,-0.238395,0.00154174,1.00438,-0.422643,0.0149371],[0.0238747,-0.114301,-0.141885,0.118621,-0.0587548,-0.297162,0.0167042,3.21392e-05,-0.124187,-0.0228028,-0.0341036,0.0164921,-0.00805475,0.0305121,-0.00348742,0.0092408,0.0123633,-0.117663,-0.241508,0.0265703,1.00901,-0.0901969,0.0217805],[0.512566,0.800456,-0.0129893,-0.342541,0.946437,0.0865553,0.448289,0.154079,0.159591,-0.366731,-0.00694092,0.0228669,0.169467,0.00868829,0.166253,0.140084,0.38874,-0.0203104,-0.534938,0.059848,0.835535,-1.46934,0.0497178],[0.133576,0.143252,0.201187,-0.0345581,0.454306,0.349654,-0.0273537,-0.0215277,-0.109926,-0.0458266,0.0171735,-0.0114956,0.0339741,0.00612026,0.00907233,0.139623,0.0837386,0.0220026,-0.172685,0.0323106,-0.104668,-0.198373,-0.00564379],[0.0849807,-0.150578,-0.20406,-0.309682,1.30683,0.677799,0.358109,-0.141639,-0.753276,-0.616033,0.0658952,0.0192034,0.102394,-0.0239944,0.0923118,0.148712,0.0740376,-0.212676,-0.220979,0.390904,-2.18117,0.00442651,-0.0246403],[0.0241531,0.0268368,-0.0167531,0.00834604,0.0379704,0.0199458,0.017463,-0.00294089,0.0144357,-0.00732511,0.000757915,0.00311962,-0.000781564,0.00239101,-0.0019367,0.0170715,0.00645492,-0.00793454,-0.0120039,-0.00173255,-0.194115,-0.0465336,0.00147626],[0.00642955,-0.0510118,0.00169363,-0.0182036,0.109566,0.0150995,-0.0441139,0.00837666,-0.0502799,-0.0315693,-0.00631495,-0.000849734,0.00817816,0.0036648,0.010694,-0.0084955,-0.0144946,0.0289839,0.0775072,-0.0118362,0.437879,0.0412024,-0.0033029],[-0.0348161,0.362396,0.198131,0.0491604,-1.58848,-0.0415647,0.0753125,0.0937743,0.157775,-1.03112,-0.051242,-0.035123,-0.247801,-0.0733641,-0.257936,0.0313288,0.0791739,0.238072,-0.0403326,0.0670516,2.10646,-0.288651,-0.019618],[-0.00718411,-0.0213606,-0.0594037,0.0229836,-0.023428,-0.0215165,-0.0377123,-7.01685e-05,0.015345,0.00216365,-0.015927,-0.00135519,-0.00439277,-0.00245935,0.00650285,0.0240836,-0.0399362,0.00565739,0.019549,0.00568095,-0.10377,0.00203427,0.00517865],[-0.0143843,0.0382893,-0.00578586,0.0495681,-0.0211773,0.08564,-0.000365259,0.00540507,0.060696,-0.00630398,-0.0046187,-0.00678931,0.00100099,-0.00469848,-0.0019796,0.0273766,0.0264046,0.0215594,0.0145048,0.00808062,0.609901,-0.0323065,-0.00857961],[0.0332572,-0.0155371,0.0662811,-0.00247074,0.0727879,-0.0424474,-0.01579,0.00195132,-0.0827052,-0.00664026,-0.0017846,0.00432922,-0.0126122,0.00422248,-0.0165791,0.0217592,-0.00650903,-0.0132295,0.0391471,0.00120853,0.0895443,-0.0727851,0.00193713],[-0.126948,-0.168247,-0.0458419,0.0355895,-0.130975,-0.0514748,0.0456121,0.0374626,-0.0281032,-0.0253899,0.0163083,0.00575667,0.0294952,0.0106633,0.0200923,-0.0543791,0.0778479,-0.0115815,0.0760955,0.0242443,0.0951519,0.220124,0.0116472],[0.0202862,0.00135271,0.043187,-0.0401661,0.0837962,0.0581765,0.0134543,-0.00894111,-0.0124308,-0.0130157,0.0190031,-0.0102112,-0.00908761,-0.0137154,-0.0183464,0.00127426,-0.0281018,0.0154531,-0.00536814,-0.00798698,-0.194498,0.0329082,-0.00793628],[-0.0439194,-0.04137,0.0427728,0.0126801,-0.00813391,0.0560104,-0.0115518,0.016435,-0.00480441,-0.0370827,0.0443962,-0.000741975,-0.00787547,0.000764902,-0.0389075,-0.0023203,-0.0200879,-0.00118647,0.0101658,-0.00845846,0.115194,0.0836853,-4.59677e-05],[-0.044194,-0.0113147,0.0901418,0.0500633,-0.0703008,0.0646151,-0.0584175,-0.0203738,0.241657,0.007782,0.00134116,-0.00133004,-0.0378821,-0.00914764,-0.0168133,0.0198092,-0.020465,-0.00378209,-0.0409027,-0.0172247,-0.494432,0.118835,-0.00509779],[0.0846827,-0.0324885,-0.0567967,-0.0829687,0.444278,-0.0814489,0.0347222,0.0650304,-0.133761,0.00918296,0.0745474,-0.022609,0.0677388,-0.0209429,0.00832644,0.0523801,0.0182122,-0.0825827,-0.492314,0.0337075,0.590154,-0.294624,-0.0142037],[0.023008,0.0327898,0.0218559,-0.063584,0.0743778,0.0267366,0.121125,0.0199336,-0.0664856,-0.0550797,0.0304923,-0.00268542,0.0240436,-0.00431197,0.0110545,0.00285029,0.0631292,-0.00995583,0.087726,0.00434683,0.461723,0.0119174,-0.00432435],[0.0930711,0.112137,0.213862,0.00558068,0.191844,0.179396,-0.00630621,-0.00182338,0.0147426,0.13251,0.0094391,0.0188142,-0.0041195,0.0165511,0.0103636,0.0156284,0.0372022,0.0122763,-0.0500463,0.00571848,-0.456517,-0.247241,0.00987359],[-0.371633,-0.197285,-0.0804295,0.130425,-0.629939,0.0450146,0.136661,0.0894124,-0.147807,0.0853285,0.10526,-0.0415609,0.0973601,-0.0284112,0.00843163,-0.139034,0.148696,-0.0234188,-0.201759,0.0145435,-2.59437,1.42401,0.00713588],[0.0390681,-0.0735378,-0.26747,-0.0203308,0.652732,0.226432,-0.169918,-0.0700904,0.398495,0.64243,-0.00251901,-0.0539534,0.0795189,-0.0306244,0.0833381,-0.00331102,-0.0832258,0.248193,-0.0018307,-0.0332576,-1.78068,-0.00744129,-0.0120072],[-0.146766,-0.0249125,-0.280026,0.208619,-0.1622,0.208289,0.413322,0.0347947,-0.292941,-0.418877,-0.0152806,-0.0153221,0.0418827,-0.00940781,0.0505273,-0.0553961,-0.0144499,-0.0754605,-0.106172,-0.0324746,2.51164,0.0475148,-0.0443152],[-0.284049,-0.478028,-0.45759,-0.114571,-0.0427925,-0.230846,0.00466932,0.114603,-0.15078,-0.025791,0.0835394,-0.0591084,-0.0197256,-0.106522,-0.0325782,-0.161273,-0.0936092,-0.0935179,0.292321,-0.0685894,1.27079,0.498472,-0.11183],[0.40494,0.91051,0.383217,-0.381718,0.76815,0.990224,0.412059,-0.0510366,-0.592885,-0.59751,-0.0985168,-0.115586,0.00732382,-0.107438,0.0640162,0.249492,0.0839211,-0.0852329,-0.486202,0.0428865,1.24166,-0.363292,-0.0760488],[-0.164175,-0.341208,-0.311258,0.0919925,-0.148815,-0.614736,-0.188914,0.0719057,0.214597,-0.0309689,-0.0602001,0.0260529,0.0320478,0.0422851,0.0737454,-0.0484495,-0.0522742,0.0861916,0.321375,-0.00730468,0.951515,0.102675,0.0334627],[-0.0789118,-0.0746959,0.00597984,0.0232889,-0.181624,0.0521629,-0.0352114,0.0341823,0.232901,0.107234,-0.0227626,-0.0170633,-0.033364,-0.0165124,-0.021813,-0.0333756,0.041397,-0.124708,0.0460827,-0.00155878,0.511854,0.297733,-0.00503187],[-0.0363762,0.319081,0.188035,0.00915646,-0.913398,-0.141528,0.132002,-0.077834,-0.125457,0.17439,-0.0619677,0.0453656,-0.032013,0.0140691,-0.0248677,-0.130409,0.144824,-0.247637,-0.153299,0.00938103,0.16367,0.0197498,-0.0237215],[0.101226,0.104235,0.0655127,-0.0603554,0.205779,0.161942,0.165078,-0.0546414,-0.0394774,-0.105258,0.0186152,-0.000995393,0.00747853,0.0110254,-0.00571827,0.0468195,0.0603664,0.0762994,-0.236188,-0.00299041,0.632349,-0.10764,0.0133179],[0.0254357,-0.040514,-0.747526,-0.187567,0.833609,0.183484,-0.00295953,0.0187459,0.408012,0.481898,-0.0285937,-0.015342,0.0322226,-0.00421341,0.00818545,0.053902,-0.089589,-0.306063,0.27799,0.00661662,1.71625,-0.0588804,-0.0233483],[0.00488442,0.00412106,0.0255974,0.00252913,0.00763767,0.0255904,-0.0429672,-0.00214724,0.022628,-0.00545098,-0.00347763,0.000212054,0.0018638,9.06395e-05,0.00346389,0.00466179,-0.0216961,-0.00225825,-0.00290415,-0.00214226,-0.1889,0.00562712,-0.0018519],[0.0119912,-0.00111167,0.033976,0.00967898,0.022939,0.0314386,0.0215681,-0.00782499,-0.0553642,-0.012772,0.0027035,-0.00470694,0.00601902,0.00102874,0.000493937,0.00210447,3.55762e-05,0.0273319,0.0284487,0.00100587,0.102772,-0.0118401,-0.00128808],[0.0896519,-0.210095,0.762322,0.0463871,0.0316963,0.0413083,-0.251581,0.0813731,-0.0577676,-0.286473,-0.0198172,-0.0674058,0.0729643,-0.0596044,0.0305865,0.00644299,-0.0321977,0.232107,0.147575,-0.0256449,1.21506,0.135494,-0.0276559]],"sigmahat":[[0.358501,0.435753,0.322829,-0.221822,0.601939,0.350521,0.0658469,-0.0744878,0.0285163,-0.0204934,0.000424307,-0.00674789,-0.0164317,-0.00935307,-0.0119657,0.118378,-0.00701539,0.016111,-0.0996218,-0.0097473,-0.523758,-0.512354,-0.00594073],[0.435753,0.762952,0.483507,-0.339377,0.670541,0.623769,0.102075,-0.0957449,0.102246,-0.0135778,-0.00062694,-0.0163548,-0.0347538,-0.0212074,-0.0294779,0.157095,-0.00569119,0.0226583,-0.126058,-0.0130495,-0.89201,-0.672271,-0.014114],[0.322829,0.483507,0.983406,-0.230495,0.381448,0.564437,0.111632,-0.0883296,0.116925,-0.104339,-0.00014312,-0.0128203,-0.0324749,-0.0192436,-0.0309171,0.130792,-0.0138932,0.0256941,-0.182137,-0.0371238,-0.178649,-0.490724,-0.0268525],[-0.221822,-0.339377,-0.230495,0.25547,-0.4058,-0.26335,-0.079928,0.0365861,0.0303786,0.00141709,-0.0107793,0.0125902,0.017349,0.0165314,0.0215039,-0.0588766,0.000369592,-0.0012022,0.0249923,0.00507845,0.376007,0.323131,0.0132471],[0.601939,0.670541,0.381448,-0.4058,1.63197,0.816857,0.162436,-0.125385,-0.062032,-0.0494953,0.0241957,-0.0186647,0.00446916,-0.0214832,0.00956219,0.252165,0.000108987,-0.00803688,-0.137118,-0.0130058,-0.54489,-0.79236,-0.0103586],[0.350521,0.623769,0.564437,-0.26335,0.816857,1.10445,0.136186,-0.0897845,0.108598,-0.0608646,0.00794819,-0.0223785,-0.0103952,-0.0331706,-0.00363258,0.195623,-0.00160056,0.020471,-0.0531732,-0.0141814,-0.162608,-0.44293,-0.0237901],[0.0658469,0.102075,0.111632,-0.079928,0.162436,0.136186,0.321766,-0.0110848,-0.154246,-0.0479554,0.0224343,-0.00992859,0.0193694,-0.0087052,0.00856012,0.0221873,0.129156,0.0181132,0.0237075,0.0103809,0.93814,-0.063901,-0.0104268],[-0.0744878,-0.0957449,-0.0883296,0.0365861,-0.125385,-0.0897845,-0.0110848,0.0396196,-0.0318158,-0.00769056,0.00160612,0.00222653,0.00570978,0.00341562,0.00358317,-0.0267067,0.010755,-0.0077714,0.0278982,0.00364178,0.144494,0.124166,0.00259439],[0.0285163,0.102246,0.116925,0.0303786,-0.062032,0.108598,-0.154246,-0.0318158,0.553166,0.0890758,-0.0179886,0.00973707,-0.0187992,0.00525385,-0.00176255,0.020781,-0.0581234,-0.00694646,-0.0684313,-0.0220214,-0.465084,-0.132628,0.00341334],[-0.0204934,-0.0135778,-0.104339,0.00141709,-0.0494953,-0.0608646,-0.0479554,-0.00769056,0.0890758,0.307082,0.00513767,0.00325517,0.0166204,0.00650241,0.00897065,-0.0366415,-0.0238858,-0.0221644,0.0302424,0.0118064,-0.184865,-0.100779,0.00640067],[0.000424307,-0.00062694,-0.00014312,-0.0107793,0.0241957,0.00794819,0.0224343,0.00160612,-0.0179886,0.00513767,0.0255049,-0.001465,0.00512114,-0.0022476,-0.00538125,-0.000556291,0.00425549,-0.00710301,-0.0112462,0.000668985,-0.0391225,0.0218344,0.000755093],[-0.00674789,-0.0163548,-0.0128203,0.0125902,-0.0186647,-0.0223785,-0.00992859,0.00222653,0.00973707,0.00325517,-0.001465,0.00702572,0.000530851,0.00532598,0.00227636,-0.00446083,-0.00106636,0.0036132,0.00574284,-0.00191969,-0.0302916,-0.000269247,0.00510426],[-0.0164317,-0.0347538,-0.0324749,0.017349,0.00446916,-0.0103952,0.0193694,0.00570978,-0.0187992,0.0166204,0.00512114,0.000530851,0.0253875,0.00334132,0.019229,-0.00198122,0.0162863,-0.00329775,0.0254816,0.00285089,0.142566,0.0139917,0.00280317],[-0.00935307,-0.0212074,-0.0192436,0.0165314,-0.0214832,-0.0331706,-0.0087052,0.00341562,0.00525385,0.00650241,-0.0022476,0.00532598,0.00334132,0.00813149,0.00401556,-0.00518741,0.000272433,0.00331617,0.00666092,-0.000665021,-0.0216418,0.00611221,0.00530944],[-0.0119657,-0.0294779,-0.0309171,0.0215039,0.00956219,-0.00363258,0.00856012,0.00358317,-0.00176255,0.00897065,-0.00538125,0.00227636,0.019229,0.00401556,0.0237734,0.00139593,0.012735,0.000481632,0.0238046,0.000715785,0.131703,0.00741834,0.00340237],[0.118378,0.157095,0.130792,-0.0588766,0.252165,0.195623,0.0221873,-0.0267067,0.020781,-0.0366415,-0.000556291,-0.00446083,-0.00198122,-0.00518741,0.00139593,0.0772196,-0.00281189,-0.00789011,-0.0536437,-0.00234061,-0.139916,-0.162361,-0.00226495],[-0.00701539,-0.00569119,-0.0138932,0.000369592,0.000108987,-0.00160056,0.129156,0.010755,-0.0581234,-0.0238858,0.00425549,-0.00106636,0.0162863,0.000272433,0.012735,-0.00281189,0.111811,0.0148453,0.0404018,0.0117032,0.480689,0.0296219,-0.000600332],[0.016111,0.0226583,0.0256941,-0.0012022,-0.00803688,0.020471,0.0181132,-0.0077714,-0.00694646,-0.0221644,-0.00710301,0.0036132,-0.00329775,0.00331617,0.000481632,-0.00789011,0.0148453,0.160419,0.205431,-0.00165056,0.0471105,-0.087781,0.00213758],[-0.0996218,-0.126058,-0.182137,0.0249923,-0.137118,-0.0531732,0.0237075,0.0278982,-0.0684313,0.0302424,-0.0112462,0.00574284,0.0254816,0.00666092,0.0238046,-0.0536437,0.0404018,0.205431,0.696911,0.00331166,0.449434,0.0198055,0.00323196],[-0.0097473,-0.0130495,-0.0371238,0.00507845,-0.0130058,-0.0141814,0.0103809,0.00364178,-0.0220214,0.0118064,0.000668985,-0.00191969,0.00285089,-0.000665021,0.000715785,-0.00234061,0.0117032,-0.00165056,0.00331166,0.0134352,0.0175645,0.0203053,-0.00031532],[-0.523758,-0.89201,-0.178649,0.376007,-0.54489,-0.162608,0.93814,0.144494,-0.465084,-0.184865,-0.0391225,-0.0302916,0.142566,-0.0216418,0.131703,-0.139916,0.480689,0.0471105,0.449434,0.0175645,13.7798,0.11831,-0.0623949],[-0.512354,-0.672271,-0.490724,0.323131,-0.79236,-0.44293,-0.063901,0.124166,-0.132628,-0.100779,0.0218344,-0.000269247,0.0139917,0.00611221,0.00741834,-0.162361,0.0296219,-0.087781,0.0198055,0.0203053,0.11831,1.31203,0.00998074],[-0.00594073,-0.014114,-0.0268525,0.0132471,-0.0103586,-0.0237901,-0.0104268,0.00259439,0.00341334,0.00640067,0.000755093,0.00510426,0.00280317,0.00530944,0.00340237,-0.00226495,-0.000600332,0.00213758,0.00323196,-0.00031532,-0.0623949,0.00998074,0.00983501]],"n":23,"lags":3}