{"betahat":[[-1.04363,-1.50043,-1.37422,0.87147,-1.44406,-1.07704,0.338689,0.189442,-0.0704862,0.02108,0.000140599,4.94153,-0.0211842,-0.0744764,2.76326,0.426102,2.44077,0.00256514],[1.07489,0.0715592,0.165722,-0.0359364,0.13899,0.137821,-0.0407002,-0.0355692,-0.00190334,0.0122916,-0.000119717,-0.791964,-0.0108209,0.00331375,-0.593335,-0.174914,0.00458733,-0.00770402],[0.0274073,0.948137,0.0689799,-0.0260954,0.0182188,-0.140055,-0.108038,-0.0211297,0.00491938,0.0311614,-7.5108e-05,-0.534858,0.00630875,0.00040335,-0.330747,-0.141885,-0.168388,-0.00380387],[7.5654e-05,0.0166133,0.897409,0.00487542,0.0532119,0.0536023,0.0762162,-0.0184172,0.00613727,0.024451,-9.98288e-05,0.527822,0.00941874,0.0171671,-0.138492,-0.0803329,0.212468,0.000268962],[0.173144,0.2707,0.330682,1.08915,0.044618,0.248668,-0.00213887,-0.0665853,0.0146016,0.024653,5.56102e-05,0.452498,0.0311919,0.02634,0.34883,0.155123,-0.114579,0.00473855],[-0.00336662,0.0495004,-0.0105552,-0.000815454,0.997408,0.0562777,0.047427,0.00801298,0.00762179,-0.0164982,1.74184e-05,0.227389,-0.00223002,-0.00787492,0.151289,-0.0509446,0.127304,0.00329927],[0.0334209,0.0117074,0.0135076,0.0549453,-0.0648229,0.892573,0.0451308,-0.0240986,0.00226522,-0.0151944,5.81583e-05,0.669598,0.00948687,0.00353081,0.510998,-0.0603313,0.122653,0.0009229],[0.00698904,-0.0732004,-0.0570713,0.0405029,0.0135351,-0.0979908,0.56374,0.0112713,0.0134633,-0.00208344,0.000243972,-1.13869,0.0173101,0.0360656,-0.240943,-0.165942,-0.656087,0.017983],[-0.287141,-0.247312,-0.705482,-0.0218199,-0.234927,-0.402298,-0.0216263,1.22447,0.0424543,0.0384662,-0.000158664,-1.85746,-0.100043,-0.0805192,0.339662,-0.112768,-0.0640493,-0.0268717],[-0.363956,-0.297904,-0.358613,0.410474,-0.899721,-0.494127,-0.470852,0.0181506,1.25785,0.000367201,0.000846922,-1.54502,-0.0330187,-0.011076,-0.0647872,-0.329261,-0.694837,0.237125],[-0.171028,-0.330889,-0.75622,-0.0865633,0.482556,-0.467914,0.386621,0.112251,0.0205655,1.18896,-0.000619502,2.08272,-0.0152485,-0.0462318,-0.548472,-0.241632,0.206312,0.0487423],[-18.9587,-15.5929,-131.453,15.2045,69.6192,62.1179,7.57722,27.6481,0.578245,28.6503,0.846143,975.459,25.761,19.5886,44.6801,72.1437,164.846,0.765601],[-0.00626035,-0.00195301,-0.0289119,-0.0101398,0.00019743,-0.00440829,0.0048548,0.00231158,-0.00256149,-0.000163073,1.30933e-05,1.02526,0.00166498,0.00123648,-0.0249123,-0.00532587,-0.000888687,-0.000219515],[0.0284083,0.0237913,0.890468,0.232079,-0.18528,0.172799,-0.124219,0.00434489,0.114162,-0.0989281,-0.000581533,-1.21971,0.954391,-0.0395555,0.520648,0.553884,-0.221991,0.100912],[0.0838146,-0.133482,0.41205,0.231477,0.239919,0.251433,-0.232755,-0.134141,-0.000283678,0.0395483,0.000685235,-8.70486,0.0309284,1.12463,-1.36787,-0.021838,-0.685183,0.0264584],[0.00628432,0.00696972,0.0190009,0.00387062,0.00963497,0.0292325,0.0314316,-0.0136867,0.00168127,0.0041916,3.17657e-06,-0.10679,0.0118789,0.00561444,0.978364,0.00195247,0.00273198,-0.000360711],[0.0938502,0.0573947,-0.102922,0.00309994,0.293681,0.113982,0.00430144,-0.0375412,0.00962901,0.0142112,-0.000272516,0.529372,-0.00036149,-0.00955651,-0.0763165,0.754756,0.000179858,0.0111091],[0.0673772,0.152783,0.0236769,-0.00148622,0.0665907,0.096326,0.0739639,-0.00194231,0.0131233,0.035423,-0.000144978,0.351467,0.00373522,0.00885705,-0.146288,0.0768206,0.600743,0.00298619],[0.230828,0.196932,0.345285,0.0786732,0.183501,0.190595,0.357747,-0.0279514,0.132936,-0.0779238,-0.000417,5.6819,0.093844,-0.064912,2.45142,0.105455,0.75597,1.1551],[-0.0506645,-0.0390903,-0.128626,0.0372711,-0.0962411,-0.0902208,0.0664128,0.0246641,0.00710685,0.0123752,4.5081e-05,0.469228,0.0115337,0.00768978,0.309228,0.141411,0.0266318,0.00814815],[-0.0197823,0.0305748,-0.0492575,0.0164328,0.00685016,0.119918,0.113266,0.00938138,0.000164476,-0.00844571,1.60127e-05,0.383779,0.000331678,0.00298898,0.204665,0.109242,0.121421,0.00625206],[0.00983708,0.0216692,0.108747,-0.00356516,-0.0729924,-0.0237271,-0.060456,-0.000376465,-0.00600334,-0.028273,1.50819e-05,-0.480666,0.00050851,-0.00789554,0.0870442,0.0768337,-0.241461,-0.00283219],[-0.0988822,-0.111575,-0.247826,-0.0374771,-0.0327436,-0.142,-0.0674527,0.0433348,-0.0127413,-0.0326424,-6.63593e-05,-0.756491,-0.064802,-0.0515224,-0.524018,-0.0900055,-0.0558967,-0.0108372],[-0.00924483,-0.0542814,-0.0367892,0.016735,-0.0420056,-0.110543,-0.0374272,0.00628313,0.00555892,0.0228386,2.83078e-05,-0.207535,0.00970858,0.0120097,-0.091468,0.0216768,-0.0435399,0.0042476],[-0.0141154,-0.00233792,-0.0568794,-0.0355826,0.0603731,0.069235,-0.0617216,0.0192262,0.00522141,0.0165581,-1.02875e-05,-0.628207,0.0126596,0.0146738,-0.381805,0.0327747,-0.0552766,0.005683],[0.0275886,0.0630201,-0.0122393,-0.0562416,0.0562148,0.047637,0.528819,0.00230001,-0.00306958,0.0196518,-0.000137766,1.31692,0.0123811,-0.00480375,0.153088,0.111578,0.750925,-0.0100513],[0.117914,0.0636949,0.487015,0.0327284,0.0777295,0.231106,0.0994411,-0.127235,-0.0179035,-0.00399959,0.000158957,3.08291,0.0869584,0.0660885,0.465694,0.0781262,0.263507,0.025649],[0.145909,0.133049,-0.0920357,-0.298137,0.387253,0.100476,0.515135,0.016436,-0.217589,0.0681955,-0.000413073,0.911457,0.0228346,0.0506207,-0.906822,0.0677526,0.735909,-0.143621],[-0.0300626,-0.0440239,0.421911,-0.0408282,-0.725748,-0.226602,-0.270895,0.001827,0.0204515,-0.158488,0.000711839,-0.332952,0.00990446,0.0217957,-0.137851,-0.13256,0.0550435,-0.0117986],[15.6147,25.1562,96.0818,-27.2929,-74.7254,-59.3896,49.4669,-26.519,-0.817534,-28.2879,-0.0416394,-144.065,-23.8027,-14.8498,-128.737,-82.5998,45.6381,-1.11061],[0.00547598,-0.000530696,0.0270751,0.00750993,-9.66876e-05,-0.0009378,-0.00311023,-6.59503e-05,0.00166936,0.00141035,-1.32735e-05,0.0316838,0.000156564,-0.000351384,0.0282782,0.00862227,0.000255694,0.000414803],[-0.0668902,-0.101261,-0.561388,-0.137421,0.16723,0.011172,-0.112277,-0.0197899,-0.0375518,0.00528421,0.000274133,-1.61572,-0.0600128,-0.0428256,-1.20219,-0.342818,0.0764761,-0.0342593],[-0.100908,-0.0433012,-0.185532,-0.183487,-0.360875,-0.324686,0.0539999,0.0291072,0.0263089,-0.103384,-0.000485376,3.74538,-0.111926,-0.156627,0.713029,-0.200212,0.169033,-0.0186116],[-0.0019393,0.00191645,-0.00487368,-0.00348077,0.00368747,0.0099972,-0.0199839,0.00725096,-0.0016182,-0.00261089,-9.34488e-06,0.193276,-0.0116524,-0.00478626,-0.035643,-0.00524264,-0.0187464,0.000577585],[0.0449231,0.103242,0.142411,-0.0488316,0.0600331,0.288447,0.0930589,-0.0159098,-0.0183952,0.000279376,0.000220346,0.109797,-0.0175358,-0.00482081,0.1094,0.0565313,0.106315,-0.0144633],[0.0385786,0.000353013,-0.0139349,-0.00354905,0.119129,-0.0160414,0.0920973,-0.00961472,0.0162523,0.0150522,8.85852e-05,-0.536986,0.0174978,0.024232,-0.215912,-0.0170633,0.10404,0.0106039],[-0.00300291,0.0592366,0.113997,-0.0439648,-0.0479182,-0.0784232,-0.13045,-0.0562751,-0.113707,-0.0034029,6.79123e-05,-3.65795,-0.103122,0.00759702,-0.965143,0.183356,-0.646114,-0.126599],[-0.0242275,-0.0324806,-0.0370931,-0.00133348,-0.0427667,-0.047616,-0.0257095,0.0109072,-0.00520393,-0.0246669,7.46414e-05,0.32282,-0.000712019,-0.0110028,0.284132,0.0335008,-0.0312146,-0.000444435],[-0.00763111,0.021274,-0.0197234,0.00966311,-0.0250837,0.0201179,-0.00522608,0.0117513,-0.00508425,-0.0227147,5.91006e-05,0.151152,-0.00663994,-0.00339154,0.126099,0.0326395,0.0469687,-0.00244849],[-0.009927,-0.0383068,-0.00616913,-0.00130069,0.0197505,-0.0299032,-0.0157529,0.0188009,-0.000133459,0.00382415,8.47589e-05,-0.0470257,-0.00992779,-0.00927132,0.0514775,0.0034951,0.0290146,0.00256324],[-0.0742652,-0.159136,-0.0828546,-0.0516704,-0.0118818,-0.106678,0.0696034,0.0232523,-0.00186084,0.00799025,1.07578e-05,0.30412,0.0336121,0.0251844,0.175212,-0.0651202,0.170497,0.00609881],[0.0126068,0.00477344,0.0473707,-0.0159144,0.0445476,0.0542421,-0.00999691,-0.0142988,-0.0131815,-0.00634584,-4.57217e-05,-0.0197499,-0.00747659,-0.00413517,-0.0597533,0.0292624,-0.0837649,-0.00754773],[-0.0193119,-0.00938403,0.0433785,-0.0193573,0.00441889,0.0381669,0.0165985,0.00487416,-0.00748678,-0.00136406,-4.78652e-05,-0.0412815,-0.0221457,-0.0182041,-0.129157,0.0275507,-0.0673638,-0.00660608],[-0.0345827,0.0101625,0.0693829,0.0157521,-0.0698339,0.0503427,-0.0925352,-0.013582,-0.0103925,-0.0175831,-0.000106162,-0.177991,-0.0296785,-0.0312553,0.0880527,0.0543619,-0.0948038,-0.00792954],[0.185695,0.201707,0.225043,-0.0292442,0.196312,0.188653,-0.0896399,-0.104675,-0.0257986,-0.0370595,-7.71347e-06,-1.40434,0.0140932,0.0155642,-0.836259,0.0374813,-0.239948,0.000668745],[0.145809,0.0490668,-0.0104696,-0.138964,0.598717,0.317421,0.0540488,0.0691557,-0.108035,0.0168033,-0.000334129,0.708419,0.0221343,0.0015165,0.664478,0.215535,0.259267,-0.0999186],[0.230799,0.411666,0.340432,0.00317716,0.4079,0.713855,-0.14478,-0.103672,-0.0372046,-0.048295,-4.62018e-05,-1.73013,0.00981242,0.0275471,0.576964,0.325676,-0.431049,-0.0319372],[3.34404,-9.56329,35.371,12.0884,5.10616,-2.72837,-57.0441,-1.12912,0.239286,-0.362347,0.195496,-831.393,-1.95828,-4.73876,84.0565,10.4561,-210.484,0.345009],[0.000809876,0.00238761,0.00177126,0.00250789,-1.37431e-05,0.00520927,-0.00173027,-0.00220224,0.000895238,-0.00129077,5.85342e-07,-0.0608507,-0.00183244,-0.000840535,-0.00420222,-0.0035463,0.000628641,-0.000184241],[0.0330401,0.0867512,-0.273358,-0.0546504,0.0251744,-0.155607,0.158608,0.0310954,-0.0605765,0.0871871,0.000314409,1.90754,0.0618223,0.0548449,0.528032,-0.180745,-0.060413,-0.0627245],[0.0198485,0.193984,-0.233867,-0.0501409,0.151869,0.0793452,0.142019,0.111302,-0.0201338,0.0668844,-0.000227367,4.7171,0.0706142,0.0217587,0.599902,0.236357,0.424526,-0.00666047],[-0.00435606,-0.00891448,-0.0138268,-0.000278164,-0.0137171,-0.0391931,-0.0112707,0.00637082,-6.80944e-05,-0.00164107,6.31739e-06,-0.0859833,-0.000203415,-0.000813445,0.0576772,0.00322959,0.0163516,-0.000214069],[-0.0110222,-0.0329478,0.0726121,-0.0167359,0.00638321,-0.119039,0.0450729,0.0220204,-0.00223027,0.0189201,4.40717e-06,0.393885,0.00449575,0.0133808,-0.238593,0.0499073,0.096581,0.00167975],[0.00228078,-0.0121626,0.0671516,-0.0184237,0.00411938,0.0135309,-0.0552704,-0.000225105,-0.000452365,-0.00222234,1.57126e-07,0.0408259,0.0149971,0.00335175,0.150283,-0.0233786,0.020612,0.00331804],[-0.089182,-0.0136176,0.0273142,0.014822,-0.252231,0.05993,-0.209348,0.0139324,-0.0388178,-0.0098496,0.000268131,-2.2527,-0.00403631,0.0141471,-0.533219,-0.225336,-0.296423,-0.0672232]],"sigmahat":[[0.474651,0.548219,0.439418,-0.244188,0.798205,0.464321,0.0915955,-0.124431,-0.00202273,-0.00336919,-0.000339672,-0.477507,0.0137802,0.0101193,-0.335405,0.034571,-0.332424,-0.00363388],[0.548219,0.941662,0.723921,-0.330609,0.748193,0.784496,0.0926103,-0.153668,-0.00829001,-0.0320232,-0.00048116,-0.68384,-0.00241931,-0.0160111,-0.407741,0.0504679,-0.5688,-0.0158081],[0.439418,0.723921,1.57291,-0.263878,0.372837,0.858837,-0.00485,-0.170272,-0.0152565,-0.0727219,-0.000291388,-0.175291,0.00426677,-0.0184602,0.137542,0.137866,-0.71109,-0.00732757],[-0.244188,-0.330609,-0.263878,0.318963,-0.508081,-0.257181,-0.112858,0.0417961,0.0167965,-0.00714678,0.000175144,-0.364654,-0.00952436,-0.0083004,0.517208,0.107378,0.119932,0.012937],[0.798205,0.748193,0.372837,-0.508081,2.53192,1.25125,0.327608,-0.19156,-0.00995829,0.111304,-0.000538079,1.5711,0.060893,0.0592659,-0.636221,0.239677,-0.222749,-0.00559324],[0.464321,0.784496,0.858837,-0.257181,1.25125,1.6957,0.153556,-0.170707,-0.0255945,0.00499379,-0.000314432,1.28893,0.0341156,0.00604532,0.260012,0.416914,-0.31692,-0.0157001],[0.0915955,0.0926103,-0.00485,-0.112858,0.327608,0.153556,0.715479,0.00390914,-0.00411586,0.0746741,-0.000239851,3.7462,0.0508422,0.0449482,-0.0606354,0.00843512,0.953731,0.00957791],[-0.124431,-0.153668,-0.170272,0.0417961,-0.19156,-0.170707,0.00390914,0.0761296,0.00234838,0.0153709,0.0001007,0.341364,-0.00110478,0.00228732,-0.017456,-0.0343766,0.160117,0.00353638],[-0.00202273,-0.00829001,-0.0152565,0.0167965,-0.00995829,-0.0255945,-0.00411586,0.00234838,0.0134598,0.00288265,7.36224e-06,-0.0425547,0.00145,0.000422001,0.00783452,0.000491494,-0.016547,0.00795991],[-0.00336919,-0.0320232,-0.0727219,-0.00714678,0.111304,0.00499379,0.0746741,0.0153709,0.00288265,0.0676826,-5.62685e-05,0.576807,0.0244801,0.0286153,-0.156249,-0.0168241,0.115469,0.00386457],[-0.000339672,-0.00048116,-0.000291388,0.000175144,-0.000538079,-0.000314432,-0.000239851,0.0001007,7.36224e-06,-5.62685e-05,1.36247e-06,-0.00169912,-2.03531e-05,1.07061e-05,0.000443896,-1.13433e-05,7.16309e-05,7.10455e-06],[-0.477507,-0.68384,-0.175291,-0.364654,1.5711,1.28893,3.7462,0.341364,-0.0425547,0.576807,-0.00169912,84.4185,1.00516,0.377174,13.112,0.273368,7.94552,0.0732134],[0.0137802,-0.00241931,0.00426677,-0.00952436,0.060893,0.0341156,0.0508422,-0.00110478,0.00145,0.0244801,-2.03531e-05,1.00516,0.0586447,0.0413494,0.155738,0.0217748,0.129638,0.00680185],[0.0101193,-0.0160111,-0.0184602,-0.0083004,0.0592659,0.00604532,0.0449482,0.00228732,0.000422001,0.0286153,1.07061e-05,0.377174,0.0413494,0.0484189,-0.143237,-0.000875262,0.113735,0.00720368],[-0.335405,-0.407741,0.137542,0.517208,-0.636221,0.260012,-0.0606354,-0.017456,0.00783452,-0.156249,0.000443896,13.112,0.155738,-0.143237,9.6797,0.92448,0.822774,-0.033355],[0.034571,0.0504679,0.137866,0.107378,0.239677,0.416914,0.00843512,-0.0343766,0.000491494,-0.0168241,-1.13433e-05,0.273368,0.0217748,-0.000875262,0.92448,0.6693,-0.0822348,0.00189294],[-0.332424,-0.5688,-0.71109,0.119932,-0.222749,-0.31692,0.953731,0.160117,-0.016547,0.115469,7.16309e-05,7.94552,0.129638,0.113735,0.822774,-0.0822348,2.94011,0.0341489],[-0.00363388,-0.0158081,-0.00732757,0.012937,-0.00559324,-0.0157001,0.00957791,0.00353638,0.00795991,0.00386457,7.10455e-06,0.0732134,0.00680185,0.00720368,-0.033355,0.00189294,0.0341489,0.0110889]],"n":18,"lags":3}