{"betahat":[[-1.10404,-1.41776,-0.861946,-1.9125,1.22058,0.295681,2.86398,0.19926,-0.986037,-3.97891,0.496436,-0.862526,0.652043,-0.000367825,-3.06612,2.45302,4.08798,-0.382517,-0.077305,0.0868667,14.948,0.894321,66.1756],[1.00795,0.0575468,0.244335,-0.0552042,0.125536,0.304962,0.122589,-0.0263774,-0.00838487,-0.0409146,-0.00946198,-0.0297825,-0.00552791,-0.000305261,0.576629,-0.152135,-0.681138,0.109133,0.0540144,0.00725384,-1.2534,-0.0622193,2.56871],[-0.0773436,0.752947,0.00560896,-0.0327949,-0.0752321,-0.344155,-0.0905525,-0.0244233,0.00903596,-0.0598224,0.01766,0.0076001,0.0381068,-0.000119356,0.233972,-0.0458992,-0.300393,0.00690841,0.032365,0.033643,-0.223172,-0.00570019,0.503222],[-0.0126127,0.0094114,0.739647,0.00483102,0.133568,0.107749,0.100047,0.00202656,-0.00170006,-0.00331559,0.0343174,-0.000373552,0.037319,-0.000112762,0.041112,-0.00618951,-0.0583871,0.0162901,0.0246906,0.0225101,-0.0159977,0.00474311,1.57012],[0.25134,0.336676,0.325195,0.88853,0.465398,0.428952,0.20773,-0.0850613,-0.00369387,0.145215,0.0910725,-0.00122972,0.0653343,-9.16209e-05,0.292676,-0.218572,-0.281948,0.121338,0.0701661,0.129322,0.162944,0.0833962,4.33087],[-0.0107413,0.0839614,-0.0126756,0.02544,0.937007,0.170803,0.0705083,-0.00164039,0.000454666,0.0989124,-0.0183319,0.000976087,-0.0344456,-1.45049e-05,0.0667713,0.00286033,-0.0607674,0.0116385,-0.0142023,0.00175681,0.344886,-0.0324814,0.598247],[0.119131,0.0737515,0.0482598,0.0339859,0.0111565,0.793054,0.056225,-0.0267388,-0.0122088,0.0591321,-0.00408314,-1.27656e-05,-0.0154635,-1.19945e-05,0.0475482,0.0145299,0.0272139,-0.00663742,0.0185434,0.0168429,0.858629,0.00892513,1.45818],[0.0612038,0.057842,-0.0815322,0.0622055,0.0833253,-0.000201766,0.428483,0.00939229,0.0160042,0.341336,0.0462062,0.0294998,0.0430866,6.65867e-05,-0.0325135,-0.0233364,0.0669621,-0.0181371,0.0201986,0.0161881,-0.508472,0.0213412,-1.60729],[0.0250437,0.370141,-0.552433,0.0417873,-0.13664,0.171426,-0.102838,1.01193,0.00642905,-0.311052,-0.0917693,0.0133758,-0.0884604,-0.000787188,0.83225,0.05086,-0.514713,-0.101705,-0.145683,-0.136697,1.14565,-0.27494,-2.80264],[0.928692,1.39089,1.63764,-0.251088,2.80065,3.49487,0.236474,-0.462593,0.981175,1.36905,0.0533342,0.0521471,-0.212826,-0.000288754,-0.13946,-0.0537008,0.0898123,0.198253,0.0524838,0.173204,-0.159822,0.104309,7.1051],[0.0332384,0.0238841,-0.0391745,0.0595161,0.0803298,0.143487,0.0156583,-0.0209467,0.00181995,0.82435,0.0048667,0.0105731,-0.00929413,6.07882e-05,0.00208959,0.011544,0.0433834,-0.0182084,-0.0166802,0.00070461,0.175515,0.0040218,-0.463413],[-0.68203,0.0959568,1.6815,-0.00593648,-2.25552,0.357367,-0.736263,0.0300214,0.0331469,0.231174,0.97446,0.0069703,-0.0501843,0.00136212,-0.402111,-0.0519766,0.472244,-0.103714,0.00800021,0.0519913,3.93027,0.14549,-8.14785],[-0.692026,-1.16154,-1.95463,0.714328,-2.29555,-2.90855,-0.492224,0.289509,0.369053,-1.32547,0.053419,1.30147,0.226295,0.00112371,0.175852,0.301822,-0.0288266,-0.17606,-0.0791352,-0.204929,1.97801,-0.208962,-5.60068],[-0.0297292,-0.558673,-1.0304,-0.127795,1.27119,-0.594371,0.493899,-0.038573,-0.03065,-1.16389,0.0929511,-0.0144475,1.10404,-0.000678536,-0.371676,-0.447821,-0.210546,0.0970643,0.0583266,0.0161308,-1.88485,-0.0631724,3.92299],[-65.0517,-71.3961,-89.1716,34.0378,1.92869,-0.361208,-76.4816,20.238,-1.32295,-11.4805,39.8196,6.44767,31.0489,0.756391,-77.6928,-33.103,16.1959,2.19014,22.9064,35.285,-71.7612,15.8576,540.794],[-0.0193943,-0.0483722,0.0664223,0.116926,-0.010501,0.0633975,-0.148673,0.0333568,-4.67553e-05,0.0244523,-0.0129517,-0.00236522,-0.00120978,5.84026e-05,0.805297,-0.00838794,-0.00806572,0.00229226,-0.00789425,-7.04295e-05,0.603526,0.00680262,-0.680289],[-0.0515931,0.10905,-0.107069,-0.0215103,-0.120176,-0.0702191,-0.0630359,0.0578688,0.0153195,0.0183476,-0.0432261,-0.00897372,-0.0320311,-0.00021039,-0.033924,0.889609,-0.011965,0.0198626,0.0156315,0.00764659,-1.15157,0.027132,-0.451191],[0.092003,0.0263412,0.073694,-0.00347182,0.327465,0.258923,0.00846762,-0.00791931,0.0187981,0.0702616,0.0047425,0.00747999,0.0010035,-6.8724e-05,0.632349,-0.182749,0.477413,0.0642403,0.0425633,0.0652755,1.27069,-0.0555916,3.54313],[0.543621,0.638637,0.311366,-0.426423,1.23296,0.536222,0.834522,-0.104709,0.0649143,-0.767734,0.0856457,0.0770723,0.119788,1.36545e-05,-0.360056,-0.287043,0.271208,1.24351,0.122202,-0.00540756,-4.12645,0.0941647,-3.76292],[0.205215,-0.357038,-0.100747,0.612672,0.229147,-0.640749,-0.112859,0.0731348,0.107444,0.428581,0.104413,0.102886,0.131167,-0.0011205,0.412801,0.480512,-0.143196,-0.138367,1.09226,0.253646,-2.09621,-0.194074,1.30065],[0.182328,0.219214,0.846759,0.223601,0.243936,0.645909,0.183275,-0.070265,0.111109,0.963213,-0.120344,0.114722,-0.129898,-0.000534067,0.195738,-0.114031,-0.124992,0.0852633,-0.134894,0.740025,0.555577,-0.32228,-2.67202],[-0.0061786,-0.0093807,0.00054565,0.0177249,-0.0684833,-0.0279582,0.00299458,-0.00576093,0.00665152,0.0114081,-0.000303126,0.0023359,0.000999828,-1.52652e-05,-0.0168247,-0.0129809,0.0066905,-0.006046,5.37447e-05,0.00262374,0.869176,0.00693466,-0.46057],[-0.0576656,-0.154895,-0.636385,0.11052,0.0984141,-0.483776,-0.0161879,0.0672941,-0.0618129,0.20274,0.0551807,0.00200473,0.145255,0.000462378,-0.439301,-0.0917427,0.19084,-0.11649,-0.0747847,-0.0614112,-3.20948,1.12573,-7.27769],[-0.00544401,0.00323155,-0.0307021,-0.0108841,0.00944604,0.00531807,0.00698112,-0.000278649,-0.00291797,-0.0188562,-0.000277594,-0.00295866,-0.00131847,4.08611e-06,0.00499439,-0.00380183,-0.00874329,0.001097,0.000951769,0.00179584,-0.00902347,0.000788024,1.04986],[0.0166287,0.00755415,-0.124453,0.0101004,-0.0361438,-0.147313,-0.0526408,0.0105439,0.00400164,-0.0307247,0.0360714,0.0242199,0.041357,0.000315971,-0.612579,0.14726,0.652488,-0.0895809,-0.0449373,-0.0102686,0.325318,0.0902093,-2.91713],[-0.0835139,-0.00862433,-0.0207311,-0.0112402,-0.0858512,0.154317,0.0677135,-0.00140579,-0.00262695,0.0269088,-0.00401549,0.00231963,-0.0114926,0.000153504,-0.268653,0.0797298,0.280698,-0.0055482,-0.0303645,-0.0356238,-0.0766324,0.0169614,-1.2753],[0.0471598,0.0843092,0.208641,-0.0194158,-0.111889,-0.0318509,-0.0435754,4.80123e-05,-0.00442185,0.0618254,-0.0290977,-0.00553442,-0.0251386,-4.69561e-05,0.0444187,0.0129325,-0.00598897,-0.0117126,-0.00167526,0.000796187,0.0686136,-0.0128596,-0.597076],[-0.0995931,-0.0909889,-0.287728,0.0549899,-0.216464,-0.207238,-0.252521,0.0389978,-0.00314606,-0.0584594,-0.100061,-0.00847422,-0.0800172,-1.65249e-05,-0.340001,0.162794,0.303512,-0.0970093,-0.0912276,-0.148046,-0.150988,-0.0807371,-3.75748],[0.0678763,0.0180682,0.01751,-0.000832342,0.0585906,-0.137501,-0.057902,0.00793689,0.00904916,-0.139471,0.0334268,0.0118021,0.0427976,0.000107361,-0.081524,-0.0106368,0.0930502,-0.0160441,0.0184788,0.0152784,-0.347078,0.0385138,-0.538039],[-0.115618,-0.0822623,-0.0979165,-0.0324999,-0.0554639,0.120531,-0.0908321,0.0168864,0.0115653,-0.0101959,0.00875195,0.00465072,0.00919716,9.11708e-05,-0.0257943,-0.00735819,-0.0226113,0.0181128,0.00590437,0.0136042,-0.527811,0.00665402,-1.04084],[0.0296057,0.019458,-0.00401333,-0.0692198,0.0738598,-0.0166862,0.629545,-0.00137396,-0.00416603,-0.505465,-0.00617155,-0.00947972,-0.012533,5.2673e-05,-0.0033018,0.0149524,-0.0107309,0.0147087,0.00386186,0.00700521,-0.0389198,0.00536284,1.00012],[-0.141872,-0.427944,0.466683,0.0814238,-0.038804,-0.0829162,0.0354815,-0.103123,0.0244273,0.587481,0.0685134,0.0210339,0.0815008,0.000544038,-0.816477,0.044135,0.510178,0.0654572,0.0560214,0.0915099,0.746669,0.216515,1.06597],[0.0682547,0.328378,0.0823983,-0.114473,0.0705027,0.44841,0.314299,-0.0496492,-0.134334,0.641735,-0.0479593,-0.096372,-0.0941334,-5.87505e-05,0.0779445,-0.290714,-0.0593157,0.0540718,0.0974669,0.153462,0.678661,0.0393193,4.59412],[-0.0397004,-0.0257159,0.0608875,0.0114798,-0.169524,-0.123718,-0.138878,0.00325825,-0.00146292,0.235423,-0.0276192,-0.00570157,-0.0308504,-8.59733e-06,0.0192886,0.00276899,-0.0456664,0.000417854,-0.00531163,-0.020246,0.236778,-0.0216206,-0.00466361],[0.544097,0.119242,-0.697829,-0.253076,1.70959,0.192148,0.427485,0.0495179,0.0190165,-0.0919562,-0.0116782,-0.00895093,0.159509,-0.000846282,0.282192,0.0418334,-0.166642,0.10038,0.070575,-0.00132535,-1.80756,-0.0992162,3.97849],[0.107994,0.141921,-0.17015,-0.379677,-0.0221399,-0.497887,0.518796,0.0916208,-0.20257,-1.0251,-0.0590774,-0.232522,0.103448,-0.000711416,0.0710525,0.244881,0.0233226,-0.0838866,-0.028993,-0.0787336,-0.625948,0.0434239,-1.5829],[-0.040786,0.0952203,0.772374,-0.100239,-1.10335,-0.256189,-0.326051,0.077655,0.0466801,0.367033,-0.105822,0.0346329,-0.238945,0.000782462,0.3984,-0.023972,-0.0978167,-0.0166408,0.000777393,0.0180854,-0.420907,-0.0122591,2.10258],[88.5865,120.74,82.367,-33.8924,48.3036,29.7316,118.968,-32.0083,-0.115063,55.2413,-36.2325,0.412139,-33.8555,-0.110165,50.6013,54.8482,7.48028,16.3139,-13.5237,-32.3208,-135.925,-16.9789,422.329],[-0.0401481,-0.0629511,-0.142911,-0.0169042,-0.0732081,-0.0521197,0.104764,-0.00156604,0.000702035,0.0266854,0.0157909,0.00184648,0.0171871,-5.54205e-05,0.10791,0.0360615,0.0441139,0.00496252,0.00410046,0.00881861,-0.369118,0.0124437,0.393613],[0.03289,-0.0699663,0.0751487,-0.0882586,0.156672,-0.0448491,-0.0340206,-0.0580852,-0.0075258,0.0223465,0.0238828,0.00574796,0.0383857,0.000294271,-0.122849,0.0778108,0.07012,-0.0618481,0.0118271,-0.0155999,0.0805424,0.00662577,-2.72921],[-0.0924606,-0.140235,-0.12159,0.0938564,-0.173382,-0.179606,-0.0935592,0.0395194,-0.00337123,-0.0400949,0.00411661,0.00796611,-0.00602557,0.000149272,-0.197942,0.0997712,0.0896292,-0.0428428,-0.0147727,0.00694844,-0.28352,0.0359312,-1.5385],[-0.200823,-0.351704,-0.409347,0.424617,-0.752963,-0.455419,-0.556311,0.0787559,-0.0235555,0.521812,-0.0435104,-0.023299,-0.111654,-7.31084e-05,0.466495,0.227863,-0.333387,-0.0972961,-0.0103652,0.0565339,2.4561,-0.0831537,3.31081],[-0.273462,-0.262239,-0.108154,0.171381,-0.851962,-0.536819,-0.307529,-0.03361,0.0282258,0.180663,-0.0837197,0.030652,-0.0849946,0.000634399,-0.168149,0.139543,0.0433924,-0.120162,-0.0571553,-0.0634286,2.3389,0.0255634,-5.71961],[0.0876567,0.147015,-0.174718,-0.365258,0.501653,0.312399,-0.296211,-0.160088,-0.10161,0.159877,-0.0505592,-0.0766892,-0.0559679,0.000135779,-0.506931,-0.0405426,0.361838,-0.164285,-0.0853915,-0.193803,-2.31284,0.0744235,-6.15467],[0.00883497,0.0154361,0.0241742,-0.0149642,0.0541088,0.0492746,-0.00468241,0.00692867,-0.00773043,0.00207489,-0.00214666,-0.00512724,-0.00281095,1.61693e-05,0.022637,0.0183191,-0.00451955,0.00862513,-0.00358006,-0.00577728,0.042037,-0.00448177,0.597517],[0.0773692,0.0736804,0.0958906,-0.0923699,-0.0284225,-0.0266944,-0.196892,0.00976557,0.0773108,-0.086082,-0.0490527,0.0581412,-0.109482,-0.000538919,0.15863,0.162051,0.0240341,-0.0183095,0.0219019,-0.0128719,0.352656,-0.1802,2.88384],[0.00146918,-0.00932502,0.0209668,0.0105082,-0.00824993,-0.00901644,-0.0054637,0.00206797,0.00148511,0.00420213,0.00079435,0.00198017,0.00132395,7.50311e-07,-0.0104449,0.00507577,0.0110713,-0.00134643,0.000431684,0.000225277,0.0256714,0.00111821,-0.0338669],[-0.0247027,-0.0653198,-0.119949,0.0451791,-0.0896127,-0.157898,-0.0699327,0.0158776,0.00439482,0.0715105,-0.0265968,0.00558601,-0.0358112,-1.05819e-05,0.036012,0.00482915,0.0285801,-0.0195496,-0.00908859,0.00301704,0.928959,-0.0279804,0.349495],[0.160881,0.255664,0.015353,0.0439405,0.161309,0.18983,0.0230038,0.0257818,-0.00642356,0.0327614,-0.0136273,-0.00992473,-0.0265727,-3.41165e-05,0.0347197,-0.0339362,0.0196709,-0.00134179,-0.00201111,0.00196903,0.300278,-0.0112345,0.773699],[-0.0347506,-0.0940086,0.0514021,0.014647,-0.0219269,-0.0763449,-0.0565141,-0.00198338,0.00614476,-0.0585218,-0.00517856,0.00591962,-0.0121261,0.000159924,-0.0856463,-0.00669453,0.0644611,-0.00453808,-0.0230066,-0.0232822,-0.0532361,0.00819725,-0.972786],[-0.1517,-0.245653,-0.037483,0.0564869,-0.248625,-0.221389,0.0447045,0.0460541,0.00685695,-0.0868396,0.00899715,0.00970147,0.0147064,0.000108101,0.0474242,0.0556869,-0.0215931,-0.0242342,0.0210508,0.0187553,-0.0115871,-0.0026307,-0.57095],[-0.0570184,-0.101602,-0.00444075,-0.0245819,0.00389305,-0.0331701,-0.0126546,-0.00625154,-0.00950148,0.0407173,-0.0151493,-0.0127963,-0.00843911,-9.32193e-05,0.0152596,0.00760198,-0.032651,0.00443167,-0.00425776,-0.0170707,0.00355529,-0.00619321,-0.0591134],[-0.00346,0.00847878,0.0496187,-0.00137741,0.0441685,0.0862028,0.0349048,0.00984255,0.000646294,-0.0490222,-0.00464868,-0.00462566,0.00628774,-7.94228e-05,-0.0215186,-0.00733598,-0.00483122,-0.0113701,-0.0244257,-0.0304313,-0.329892,-0.0156144,-0.41298],[-0.0912765,-0.0775429,0.0860299,0.00732966,-0.159214,0.0164301,-0.0586542,-0.00800521,-0.0116112,0.164991,-0.0401036,-0.019862,-0.0306723,-0.00011896,0.036568,0.00784411,-0.0568242,0.00374339,-0.0240498,-0.023115,0.548649,-0.0268134,0.601035],[0.197269,0.13918,0.174358,-0.101476,0.223753,-0.031891,-0.0720884,0.020205,-0.0242209,-0.135653,-0.0014027,-0.0308588,-0.0285764,0.000199936,0.00109126,-0.050361,-0.00591721,-0.0269668,0.0761099,0.0377936,-1.70105,0.0421157,-0.511883],[0.0705055,-0.0527558,0.158264,0.0972022,0.560226,0.404502,-0.270165,-0.0347216,-0.0220482,0.448153,0.0880423,-0.0289604,0.111652,-0.000126269,-0.173989,-0.212423,0.108244,0.0744822,-0.0164021,0.013128,0.113988,0.0285397,-0.407909],[0.0058754,0.000653692,-0.023457,-0.0712677,0.0912992,-0.0199644,0.125128,0.0176703,-0.000367882,-0.0617521,0.0233045,-0.00477753,0.0409793,-5.14676e-05,-0.0234503,-0.0146386,0.00381627,0.0180449,0.0218258,0.0195532,-0.418114,0.0183991,0.47384],[0.0672532,-0.0790971,-0.397575,0.0469133,0.484047,-0.00921195,0.3796,-0.00461136,-0.0439788,-0.292792,0.0090493,-0.0063005,-0.0253475,-0.000183311,-0.0378668,-0.034771,-0.0543337,0.0471594,-0.0146502,0.00254075,-0.835987,0.064221,2.20619],[-0.0675596,-0.155341,-0.243104,-0.0912675,-0.276213,-0.422441,-0.0966788,0.142038,-0.0775082,0.0123695,-0.00735187,-0.112248,-0.0198653,-0.000493305,-0.141828,0.0914142,0.0800036,-0.026546,0.020415,0.00982387,-1.26304,0.0416752,-2.62231],[-0.057688,0.245744,0.0891002,0.0282408,-0.13963,0.48465,-0.0726453,0.00118268,-0.0252054,0.066767,0.0286442,-0.0187442,0.0162575,7.78627e-05,0.120804,0.071916,-0.00977054,-0.00916073,-0.0263869,0.029864,1.33085,0.0981699,0.600141],[-23.5347,-49.3442,6.80456,-0.145236,-50.2328,-29.3705,-42.4862,11.7705,1.43803,-43.7604,-3.58707,-6.85979,2.8067,0.353774,27.0917,-21.7451,-23.6764,-18.504,-9.38263,-2.96418,207.686,1.12118,-963.124],[0.0595656,0.111416,0.076669,-0.100063,0.083468,-0.0113168,0.0439318,-0.0317897,-0.000651307,-0.0510249,-0.00287126,0.000510626,-0.0160275,-3.14597e-06,0.0869433,-0.0278111,-0.0361965,-0.00715106,0.0038212,-0.00874357,-0.233665,-0.0192936,0.287768],[0.0187397,-0.0390264,0.0314522,0.109919,-0.036301,0.11518,0.0971868,0.00017964,-0.00777578,-0.0405905,0.0193881,0.00326658,-0.0063295,-8.40529e-05,0.15671,0.032362,-0.0581683,0.0420478,-0.0274373,0.0079944,1.0711,-0.0337641,3.18097],[-0.077727,-0.123021,-0.253202,0.151971,-0.154212,-0.131249,0.0540005,0.059173,-0.000532071,0.00572205,-0.00121935,0.00317327,0.00688324,2.55302e-05,0.0178614,0.0421618,0.0154471,0.0123054,-0.0119628,-0.00885247,-0.452878,0.00440405,0.656712],[-0.343008,-0.286589,0.0990635,0.00236006,-0.481257,-0.0800364,-0.278239,0.025943,-0.0410959,0.247062,-0.0421645,-0.0535639,-0.00818755,5.92366e-05,-0.105849,0.0583582,0.0616339,-0.145672,-0.111683,-0.0509794,1.67357,-0.011208,0.446705],[-0.267862,-0.0585094,-0.321119,-0.122442,-0.431625,-0.266874,-0.0817547,0.103847,-0.0141026,-0.0754973,-0.00946678,0.0018749,-0.069547,0.000428449,-0.0515947,0.020877,-0.00291583,-0.0270233,-0.098149,-0.0680738,0.0900437,0.0477921,1.63977],[0.0920134,0.207569,0.111807,-0.0698211,-0.00687885,-0.0673337,0.0778034,0.0095972,-0.0683164,-0.455266,0.0467149,-0.053231,0.0861741,0.00032797,0.0364962,-0.047211,-0.00173075,0.00211535,0.0207591,0.0473735,-0.137236,0.131393,1.03824],[-0.00217857,-0.00452228,-0.0230771,-0.00214002,0.0123204,-0.020072,0.00151525,-0.00110277,0.0013567,-0.0117382,0.00202413,0.00287712,0.00130352,-2.30278e-06,-0.00252542,-0.00692305,-0.00496647,-0.00138132,0.00377412,0.00312319,0.0910814,-0.00325149,-0.132952],[0.0840339,0.263775,0.148854,0.0116769,0.323064,0.452999,0.191238,-0.0234621,0.0200439,0.0373529,0.0590963,-0.00794194,0.0550464,-0.000431692,0.0227106,0.00390409,0.0232419,0.0721058,0.0791393,0.0920964,0.795492,-0.0234701,3.96049],[0.00283354,0.00369055,0.00936629,-0.00049728,-0.0023194,0.0010872,-0.00291475,-0.00157042,0.00147183,0.0135275,-0.000817576,0.000879744,-0.000346047,3.46768e-06,0.00187845,0.000671061,-0.000754066,0.000655876,-0.00138978,-0.00231907,-0.0341653,-0.00112307,-0.116061]],"sigmahat":[[0.294717,0.324648,0.226318,-0.0825371,0.486832,0.347053,0.0487213,-0.0413226,-0.010711,-0.0523256,-0.00532553,-0.0141888,0.0051385,-0.00013696,0.0470547,-0.0354096,-0.00177217,0.010894,0.020976,0.00952099,-0.00811023,-0.00760385,0.379846],[0.324648,0.584816,0.397435,-0.122051,0.388688,0.58268,0.0856017,-0.049568,-0.0159514,0.0256428,-0.0168825,-0.0229673,-0.00532668,-0.00021926,0.0975789,-0.0575595,-0.0206447,0.0209774,0.0169139,-0.00233308,0.119724,-0.0293449,0.574934],[0.226318,0.397435,1.02186,-0.155267,0.184469,0.60326,0.0394095,-0.0673638,-0.0200285,0.070155,-0.019697,-0.0271524,-0.0141913,-7.14251e-05,0.0131868,-0.0960657,-0.0130057,0.0362737,0.0208437,0.00683458,0.573936,-0.00247513,0.371465],[-0.0825371,-0.122051,-0.155267,0.155879,-0.210632,-0.151892,-0.0549139,0.0228942,0.012784,0.0640599,0.00704512,0.0167711,-0.00188409,4.26853e-05,0.0201987,0.0384708,-0.0127463,-0.012109,-0.00528714,0.00672136,0.219876,-0.00366259,-0.227746],[0.486832,0.388688,0.184469,-0.210632,1.64519,0.884615,0.174195,-0.0919318,-0.0255479,-0.219536,0.0365853,-0.0270795,0.0865667,-0.00019583,-0.0444247,-0.109819,0.0269925,0.0554556,0.0342733,0.0426194,-0.523218,0.0314475,1.72224],[0.347053,0.58268,0.60326,-0.151892,0.884615,1.2968,0.119649,-0.0817205,-0.0235512,0.0574745,0.00583579,-0.0329513,0.0349356,-0.000195564,0.0577476,-0.097365,-0.0253432,0.0711299,0.0120943,0.0312188,0.476828,-0.00192166,1.52957],[0.0487213,0.0856017,0.0394095,-0.0549139,0.174195,0.119649,0.410475,0.000998467,-0.00418966,-0.165031,0.0268279,-0.00365944,0.0454472,-0.000185465,0.042098,-0.043782,-0.0326897,0.0580883,0.019937,0.0176263,-0.0768233,0.0115813,2.50367],[-0.0413226,-0.049568,-0.0673638,0.0228942,-0.0919318,-0.0817205,0.000998467,0.0420771,0.00300512,-0.0136543,0.00137188,0.00274425,0.000138359,2.70333e-05,0.0242897,0.0141366,-0.0181687,0.00468141,0.0068871,0.00508407,-0.0606563,-0.00436255,0.336372],[-0.010711,-0.0159514,-0.0200285,0.012784,-0.0255479,-0.0235512,-0.00418966,0.00300512,0.00725122,0.0103093,0.00173045,0.00625458,0.00213218,7.60884e-06,-0.000345828,0.00187631,0.00245509,-0.000180265,0.00135059,0.00133364,0.0181984,-0.00210804,-0.0770043],[-0.0523256,0.0256428,0.070155,0.0640599,-0.219536,0.0574745,-0.165031,-0.0136543,0.0103093,0.591518,-0.00744988,0.00855759,-0.00839075,-6.14634e-05,0.000512106,0.023348,0.000944823,-0.00604494,-0.00394699,-0.00738759,0.287787,-0.0269827,-0.822417],[-0.00532553,-0.0168825,-0.019697,0.00704512,0.0365853,0.00583579,0.0268279,0.00137188,0.00173045,-0.00744988,0.0273354,0.00411094,0.027398,-1.59617e-05,-0.0257156,-0.0076404,0.0139337,0.00619792,0.0109346,0.0206443,-0.0916499,0.0183683,0.376346],[-0.0141888,-0.0229673,-0.0271524,0.0167711,-0.0270795,-0.0329513,-0.00365944,0.00274425,0.00625458,0.00855759,0.00411094,0.0092049,0.00274373,1.68897e-05,-0.00858931,0.00145912,0.00978917,-0.00165849,0.000324009,0.0014639,0.0211437,-0.000265575,-0.0733288],[0.0051385,-0.00532668,-0.0141913,-0.00188409,0.0865667,0.0349356,0.0454472,0.000138359,0.00213218,-0.00839075,0.027398,0.00274373,0.0451291,-3.12206e-05,-0.022376,-0.00747375,0.0136768,0.00923167,0.0113295,0.0179778,-0.0853933,0.0173838,0.342921],[-0.00013696,-0.00021926,-7.14251e-05,4.26853e-05,-0.00019583,-0.000195564,-0.000185465,2.70333e-05,7.60884e-06,-6.14634e-05,-1.59617e-05,1.68897e-05,-3.12206e-05,8.78935e-07,-0.000165979,5.19246e-05,0.000138655,-4.42053e-05,-3.1587e-05,-1.79377e-05,-9.2122e-06,4.70938e-05,-0.00274078],[0.0470547,0.0975789,0.0131868,0.0201987,-0.0444247,0.0577476,0.042098,0.0242897,-0.000345828,0.000512106,-0.0257156,-0.00858931,-0.022376,-0.000165979,0.470097,-0.0430699,-0.330207,0.0343701,0.0261077,0.00891684,0.249713,-0.068032,1.928],[-0.0354096,-0.0575595,-0.0960657,0.0384708,-0.109819,-0.097365,-0.043782,0.0141366,0.00187631,0.023348,-0.0076404,0.00145912,-0.00747375,5.19246e-05,-0.0430699,0.143034,0.075543,-0.0294327,-0.00807391,-0.0070804,0.0704443,0.00564378,-0.78861],[-0.00177217,-0.0206447,-0.0130057,-0.0127463,0.0269925,-0.0253432,-0.0326897,-0.0181687,0.00245509,0.000944823,0.0139337,0.00978917,0.0136768,0.000138655,-0.330207,0.075543,0.330472,-0.0372115,-0.0246642,-0.0135782,-0.0759864,0.0505979,-1.6512],[0.010894,0.0209774,0.0362737,-0.012109,0.0554556,0.0711299,0.0580883,0.00468141,-0.000180265,-0.00604494,0.00619792,-0.00165849,0.00923167,-4.42053e-05,0.0343701,-0.0294327,-0.0372115,0.0348201,0.0113575,0.0113705,0.0632147,-0.00243674,1.03427],[0.020976,0.0169139,0.0208437,-0.00528714,0.0342733,0.0120943,0.019937,0.0068871,0.00135059,-0.00394699,0.0109346,0.000324009,0.0113295,-3.1587e-05,0.0261077,-0.00807391,-0.0246642,0.0113575,0.0291401,0.0243003,-0.0445275,0.00574495,0.484873],[0.00952099,-0.00233308,0.00683458,0.00672136,0.0426194,0.0312188,0.0176263,0.00508407,0.00133364,-0.00738759,0.0206443,0.0014639,0.0179778,-1.79377e-05,0.00891684,-0.0070804,-0.0135782,0.0113705,0.0243003,0.0394899,0.0654597,0.0180155,0.70065],[-0.00811023,0.119724,0.573936,0.219876,-0.523218,0.476828,-0.0768233,-0.0606563,0.0181984,0.287787,-0.0916499,0.0211437,-0.0853933,-9.2122e-06,0.249713,0.0704443,-0.0759864,0.0632147,-0.0445275,0.0654597,10.932,-0.126535,5.32859],[-0.00760385,-0.0293449,-0.00247513,-0.00366259,0.0314475,-0.00192166,0.0115813,-0.00436255,-0.00210804,-0.0269827,0.0183683,-0.000265575,0.0173838,4.70938e-05,-0.068032,0.00564378,0.0505979,-0.00243674,0.00574495,0.0180155,-0.126535,0.0404742,-0.0751824],[0.379846,0.574934,0.371465,-0.227746,1.72224,1.52957,2.50367,0.336372,-0.0770043,-0.822417,0.376346,-0.0733288,0.342921,-0.00274078,1.928,-0.78861,-1.6512,1.03427,0.484873,0.70065,5.32859,-0.0751824,68.6726]],"n":23,"lags":3}