{"betahat":[[-27.109,-34.3736,-33.1198,-2.17507,-44.4608,-46.5918,4.64795,3.52099,-1.10396,1.63218,0.00181626,-10.2734,5.1091,10.5702,-1.97773,-1.04954,-0.813891,6.01665,1.77915,62.7661],[1.05392,0.0645598,0.0737615,-0.00150272,0.143518,0.139247,-0.00600299,-0.0122595,-0.00101533,0.000573896,-8.54076e-06,0.0192503,-0.00118336,-0.0483353,0.00667646,0.00284423,0.00283807,-0.177035,-0.00283024,0.0265575],[0.0287016,1.00966,0.0357295,-0.000160373,0.0875637,0.0371787,-0.01889,-0.0109491,0.00101469,0.00478191,-9.21433e-07,0.00960291,0.00374569,-0.0339494,-0.000651897,0.0040567,0.00487326,-0.0764885,0.00149174,-0.0225621],[-0.0614655,-0.0855975,0.864841,-0.00222794,-0.0560394,-0.0832259,0.0209766,-0.00175855,0.000691171,0.0130911,-2.76257e-06,-0.0305456,0.0121087,0.0165778,-0.00192898,0.007403,0.00667583,-0.0860043,0.0086068,0.141058],[-0.207024,-0.275522,-0.0380264,1.02283,-0.649395,-0.403772,-0.159685,-0.0240848,0.0342636,-0.00907885,0.00042967,-0.102405,0.0115885,0.123629,0.00494961,-0.00718921,0.0596277,0.672141,0.096081,-0.350928],[-0.020875,-0.0159773,-0.0254541,0.00571758,0.960464,-0.0111245,0.00763319,-0.0036774,0.000358757,-0.0064149,7.12856e-06,-0.00663532,0.00569951,0.000597499,0.000933048,-0.0027449,0.00055368,0.015238,-0.00325123,-5.9225e-06],[-0.0194165,-0.0356576,-0.0421394,0.00916552,-0.0520518,0.928598,0.00846084,-0.00563604,0.000593666,-0.00328853,5.28586e-06,-0.00725777,0.00849484,0.00826459,-0.00193346,0.00196593,0.00472166,0.112833,0.00288081,0.182992],[0.261646,0.325051,0.259085,0.0543659,0.388687,0.352572,0.524098,-0.0139559,0.0153812,0.00714369,4.41369e-05,0.0914282,-0.0361699,-0.0912223,0.00441232,0.0263729,0.0170607,-0.153577,-0.00392486,-0.417821],[-0.17873,-0.152345,-0.319478,0.0508546,-0.500085,-0.349338,-0.49012,1.02363,0.0101244,-0.110115,-0.000291094,0.0906859,0.243527,0.010628,-0.179187,-0.161828,-0.168852,1.02776,-0.160086,-6.81686],[-0.415809,-0.413748,-0.754029,0.173539,-0.834226,-0.675906,-0.0309775,-0.0160316,1.21741,0.142282,0.000430657,-0.1447,0.154904,0.163983,0.0208379,0.0376159,-0.0282704,0.737062,-0.0691007,-0.587597],[-1.09168,-1.38485,-1.23771,-0.109703,-1.45381,-1.88972,0.193115,0.153117,0.0223225,1.03486,3.51529e-05,-0.637974,-0.299114,0.277523,0.00756893,-0.0200833,-0.0388171,-0.436205,-0.0372483,-2.11921],[-181.127,-201.449,-210.669,38.4173,-282.879,-227.787,-67.1101,34.5565,8.51299,22.6619,0.84233,-97.4953,-7.6191,60.7442,-8.47591,8.69931,19.2787,-40.6474,14.1974,8.04646],[-0.0855858,-0.113137,-0.022289,0.0182612,-0.067779,-0.0279138,-0.0844791,-0.00483384,-0.00263051,0.00608469,1.9135e-06,0.917638,-0.0176517,-0.00913131,0.00580734,-0.0116614,-0.0129181,0.201575,0.000160134,-0.572695],[-0.222331,-0.127209,-0.344359,0.0144143,-0.463658,-0.408156,-0.0343276,0.0975575,-0.00428493,-0.0115395,-0.000135529,-0.108042,0.940211,0.110163,-0.012244,-0.0195993,-0.00586463,-0.629872,0.0291687,-1.22321],[1.79055,2.11893,1.84715,0.122698,3.44145,3.08465,0.00548955,-0.0708625,0.00298481,-0.0293217,-0.000175138,0.797886,-0.167938,0.272915,0.0854364,0.0583273,0.0884592,1.2402,-0.0734368,5.71806],[0.360264,0.399581,-0.0841617,-0.114188,0.700742,0.239024,0.595916,-0.0734301,0.0769909,0.0643668,-0.000121754,0.0278552,-0.214684,0.00622789,1.16113,0.1182,0.0610864,-1.81535,0.0282053,0.31096],[2.10692,2.16997,2.32785,0.403728,4.00397,3.1617,-0.125851,-0.111085,0.125462,0.101788,-0.000993311,0.907252,0.42878,-0.760182,-0.0496262,1.18079,0.279069,-2.3645,-0.27307,3.60343],[0.432368,0.730631,1.51282,0.206343,0.48132,1.34838,-0.00196382,-0.223203,0.0587315,-0.148434,-0.000397669,0.199092,-0.313849,-0.101984,0.0717597,-0.141805,0.767653,1.90857,-0.201884,-2.71289],[-0.003366,-0.009257,-0.0132399,0.0101795,-0.0392352,-0.023826,0.0105863,-0.00418822,0.000920991,0.00232038,-1.78563e-05,-0.00919996,-0.0119824,0.00397289,-0.00153929,0.00348074,0.00580081,0.924369,0.00710495,-0.150329],[-0.7971,-0.998555,-1.14379,0.0730891,-1.21147,-1.44088,-0.134746,0.159757,-0.0121397,0.155737,0.000312566,-0.568341,-0.0354018,0.331626,-0.101789,-0.0127671,-0.00740159,-3.07389,1.1053,-6.69052],[-0.00672848,0.00118366,-0.0217758,-0.00699196,-0.00663288,-0.00371667,0.00186348,0.00113301,-0.0014109,-0.00068736,9.78596e-06,0.000642764,-0.00170011,-0.00156636,0.000778465,0.000817149,0.00134127,-0.0112825,0.00162946,0.908889],[-0.0520293,-0.0686354,-0.0793202,-0.00163784,-0.136451,-0.141411,0.00411752,0.00885408,0.000808453,0.000328887,6.04721e-06,-0.020016,0.0086049,0.0442887,-0.00459809,-0.00437261,-0.003602,0.118446,0.00269228,0.0179228],[-0.0320326,-0.0269471,-0.0362811,-0.00300699,-0.081954,-0.0473135,0.00897135,0.00642768,-0.000507868,-0.00315229,2.89277e-06,-0.00855599,0.0054233,0.0264392,0.00126573,-0.00457562,-0.00469661,0.0488609,-0.00123229,0.0178901],[0.0612284,0.0856495,0.10578,-0.00305689,0.0556153,0.0779604,-0.0169671,-0.000263583,-0.00156873,-0.00999126,-1.44213e-05,0.0320512,-0.00135777,-0.015564,0.00176235,-0.00365622,-0.00235347,0.0819494,-0.00702671,0.0385216],[0.245445,0.398447,0.082194,0.0120118,0.543813,0.475741,0.0635006,0.0127928,-0.0256699,-0.0304504,-0.000337545,0.140254,-0.0224189,-0.135716,-0.00958912,-0.031882,-0.0838087,-0.204884,-0.10165,0.376129],[0.015962,0.0105116,0.00617171,-0.00358465,0.0154916,-0.011621,-0.00535641,0.00340563,0.00082447,0.0055208,-1.03533e-06,0.00566641,-0.00304952,0.0044234,-0.000354084,0.00183883,0.000809761,-0.00954264,0.00280015,0.0413134],[0.0319201,0.047468,0.0419802,-0.0079197,0.0631886,0.0746963,-0.00946082,0.00232813,-0.000100314,0.00232322,-3.60144e-06,0.0159996,-0.00507855,-0.0122416,0.00387548,0.000219254,-0.000389659,-0.0707557,-0.00180832,-0.0385141],[-0.145372,-0.209312,-0.223973,-0.0445016,-0.203518,-0.261101,0.523847,0.0142621,-0.00270185,0.0109922,4.27215e-05,-0.0545301,0.016249,0.0663099,0.000793514,-0.000922504,0.00945994,-0.150831,0.0180255,0.334009],[0.220613,0.205066,0.525293,0.0756082,0.393268,0.486684,0.206607,-0.0986157,0.00853994,0.0261394,0.000191361,0.00417971,-0.0639908,-0.0772256,0.0737506,0.0800011,0.104117,0.338519,0.0813555,3.38601],[0.379657,0.396737,0.175653,-0.223812,0.679655,0.29994,0.328435,0.00304938,-0.200646,0.0291204,-0.000550185,0.122425,0.0213687,-0.0952455,0.00154107,0.0123899,0.0208373,-0.0667194,0.0772957,1.58369],[0.0850857,0.0979762,0.265024,-0.159631,-0.255072,-0.0929126,-0.0649684,0.0847497,0.0180434,-0.0831352,0.000527109,0.170459,-0.0542015,0.0321849,0.0135417,0.0324736,0.0477429,-0.588317,0.0346367,2.87631],[92.429,123.104,82.5709,-24.1557,101.734,76.5942,101.541,-23.2833,-2.91162,-21.6798,-0.0695923,63.6612,23.9979,-17.6248,13.5325,-8.26609,-20.03,-15.3948,-14.584,454.825],[0.0564664,0.0542878,0.0020718,-0.0347185,0.0611541,0.00402565,0.0780189,-0.00479951,-0.000594243,0.0045962,-3.25199e-05,0.0474247,0.0172169,0.00915046,0.000786049,0.00589069,0.00823932,-0.141441,0.00479808,0.414722],[0.0970398,0.0306767,0.139311,-0.0194045,0.271214,0.162092,0.0022872,-0.0589154,0.00107694,0.00670057,0.000124925,0.0229263,0.0338345,-0.0542742,-0.010504,0.0135337,-0.0089819,0.287787,-0.0140818,-0.272393],[-0.329917,-0.411786,-0.403317,0.0358842,-0.507328,-0.434244,-0.0133756,0.029364,0.00525643,0.00373096,0.000117048,-0.123023,0.0447306,0.110188,-0.0184234,-0.0192918,-0.00855523,-0.194819,0.017694,-0.933581],[0.250918,0.240139,0.495025,0.128491,0.289038,0.412817,-0.408006,0.0113935,-0.0252135,-0.0501904,5.55746e-05,0.185198,0.141298,-0.193629,-0.0548828,-0.0127807,0.0145972,1.12567,-0.0357233,1.00437],[-0.376343,-0.409459,-0.552791,0.08198,-0.906914,-0.80216,-0.183182,-0.0112531,0.0163949,-0.0931017,0.000267727,-0.169343,0.119192,0.181731,-0.134284,-0.0688693,-0.0477315,1.89749,-0.00312322,-3.02339],[-0.251828,-0.384462,-0.655177,-0.1603,-0.353952,-0.506896,-0.123765,-0.0458576,-0.0356828,-0.0301195,8.88645e-05,-0.158172,0.00309608,0.138703,-0.0960764,-0.0289024,-0.11217,-1.10726,0.040195,-2.8227],[0.00425645,0.00887646,0.0224274,-0.0104406,0.0351427,0.0338557,-0.010332,0.00246406,-0.00280163,-0.00333357,1.0911e-05,0.00794446,0.0122626,0.000583199,0.00396126,-0.00438231,-0.00625691,0.0163881,-0.00433835,0.230285],[0.231165,0.232795,0.0845963,-0.0477637,0.280667,0.0787852,0.027055,-0.00775193,0.0618471,-0.0264537,-0.000419592,0.210519,0.082049,-0.00973249,-0.00365454,0.0326304,-0.00996962,0.269387,-0.155615,2.05327],[-0.0115322,-0.0257026,-0.000992625,0.00480069,-0.0265956,-0.0338056,-0.00210503,0.00196399,0.00124278,0.000984264,2.58687e-06,-0.00824917,0.00458068,0.00693994,-0.000856582,-0.000133616,-0.00088537,0.00381117,0.00039986,-0.0382129],[-0.00219334,0.00376823,0.00537231,0.00310287,-0.00755838,0.00178601,0.00192574,0.00339833,0.000203581,-0.000840986,2.4845e-06,0.000614041,-0.00750733,0.00412106,-0.00206985,0.00151657,0.000762094,0.058344,0.000184769,-0.0452094],[0.00256305,0.0162937,-0.000208005,0.00312065,-0.00679055,0.00889243,0.00998067,0.00454299,-0.00051332,-0.00151765,-1.89433e-06,-0.00141791,-0.00921166,0.00775256,-0.000644788,0.000499314,-0.000183604,0.0271218,-0.000158648,0.00295226],[-0.0013058,-0.00196607,0.0271975,0.0053048,-0.00200051,0.00274544,-0.00384986,0.00214767,0.000895795,-0.00300148,1.74323e-05,-0.00214643,-0.010695,-0.000433764,0.000141717,-0.00384114,-0.00437497,0.003606,-0.00143516,-0.182451],[-0.0382143,-0.122587,-0.0439037,-0.0348352,0.106059,-0.0713923,0.0963181,0.0112538,-0.00856613,0.0395548,-9.22231e-05,-0.0377701,0.0106301,0.0120223,0.00476916,0.0390641,0.0241992,-0.467105,0.00557106,-0.0242822],[0.00567595,0.00669,0.0207863,-0.00219154,0.0247103,0.0239556,-0.00244525,0.000141534,-0.00119848,0.000867222,-6.33864e-06,0.00131738,-0.00293357,-0.00540737,-0.000549482,0.000931091,-0.00138469,-0.00477697,0.000346654,-0.0415355],[-0.0125441,-0.0118886,0.000136827,-0.00128713,-0.0114053,-0.00376548,0.00113007,0.00326316,-0.000490183,0.0010622,-1.82053e-06,-0.00881005,-0.00360311,0.00396019,-0.00189726,-0.00215727,-0.00433814,-0.0423461,-0.00103199,-0.14479],[-0.11237,-0.110267,-0.0288716,-0.00916126,-0.179571,-0.0837325,-0.0494985,-0.000892071,-0.0123964,-0.0183564,-8.65169e-05,-0.0353101,0.0186706,0.0235485,-0.00458895,-0.025142,-0.0261055,0.310529,-0.0143078,0.0802714],[0.441481,0.505283,0.351545,-0.0670333,0.846042,0.620172,0.0853584,-0.0537451,-0.0175548,0.0044907,-2.24362e-05,0.0973492,-0.125953,-0.107636,0.0378577,0.0742981,0.0649866,-0.940501,0.0358149,1.91691],[-0.0414416,-0.112004,-0.16389,-0.0937354,-0.00821999,-0.0618188,-0.0508237,0.0381274,-0.135738,-0.00953073,-0.000283234,-0.0978348,-0.0535453,0.094343,0.0143219,0.00254359,0.0459509,-0.501409,0.082671,-1.26356],[0.128399,0.330641,0.197304,-0.0443836,0.381958,0.634487,0.0637019,-0.00250514,-0.0303544,0.0166275,-9.20982e-05,0.113838,-0.013658,-0.0582736,0.0359062,-0.00740355,0.0420046,0.757322,0.0879487,3.09741],[88.6978,78.3448,128.098,-14.2616,181.145,151.193,-34.431,-11.2732,-5.60137,-0.98208,0.227263,33.8341,-16.3788,-43.1194,-5.05656,-0.433218,0.751372,56.0423,0.386561,-462.872],[0.029909,0.0599422,0.0214285,0.0165123,0.00790748,0.025491,0.0064128,0.00948573,0.00325172,-0.0107362,3.04241e-05,0.0352211,0.0001314,-0.000312794,-0.00641787,0.00579548,0.00470745,-0.05902,-0.00502998,0.158725],[0.124422,0.0955774,0.204054,0.00512963,0.191265,0.245194,0.0321913,-0.0386285,0.00327275,0.00488467,1.0863e-05,0.0847101,0.0257207,-0.0555284,0.0228561,0.00597163,0.0148578,0.342511,-0.0149912,1.49448],[-0.0726637,-0.101213,-0.169699,-0.00460717,-0.101418,-0.150006,0.0366664,0.0142805,0.000647117,0.0140686,-7.1421e-06,-0.0184117,0.00562245,0.0405341,0.0065898,-0.0180557,-0.0121784,-0.164953,0.00302231,0.0969894],[-0.606275,-0.632913,-0.403704,-0.0136772,-0.982179,-0.642129,-0.188056,0.0612893,-0.0514454,-0.0144158,6.54989e-05,-0.211041,0.0718568,0.185796,-0.105291,-0.105039,-0.0752037,0.696711,0.00718571,-1.31137],[-0.213323,-0.120678,-0.293044,0.00698528,-0.367347,-0.230001,-0.166327,0.0318873,-0.0127092,-0.0735809,0.000295227,-0.0618476,0.0269667,0.0389909,-0.0630401,-0.0791862,-0.0350644,0.560548,0.0443161,-0.12515],[0.0757698,0.147711,0.0896134,-0.0111844,0.0147379,0.00751635,-0.0654801,0.0168352,-0.0423653,0.0355464,0.000312706,0.0473764,0.0101547,-0.0912425,-0.0352636,0.00636494,0.00281852,-0.409117,0.0853704,-0.686707],[0.0156739,0.0216614,0.0113297,0.000664676,0.0315624,0.0194707,-0.000600214,-0.000185109,0.00191791,-0.000103206,3.25587e-06,0.00809128,-0.00395166,-0.0106457,2.70159e-05,0.00151123,0.000760183,0.0630069,-0.0040301,-0.055552],[0.307458,0.498428,0.40507,-0.0407009,0.536338,0.578446,0.0934226,-0.0364364,0.015852,0.0236977,-0.000254519,0.17003,0.034052,-0.134657,0.0500236,0.0564416,0.0543822,0.687993,-0.040534,2.93837],[0.00336299,0.00503466,0.00634447,0.00142567,0.00594923,0.00976406,0.000762869,-0.000308513,0.000583785,0.000743912,5.90919e-07,0.00123386,0.00034148,-0.00147507,0.00107758,-6.98953e-05,-0.000688391,-0.0305692,-9.04073e-05,-0.0358813]],"sigmahat":[[3.11168,3.70826,3.39851,-0.0744976,5.42771,4.87843,0.0937957,-0.219524,-0.0349417,-0.0426461,-0.000636031,1.30076,-0.273446,-1.257,0.169206,0.146371,0.101948,0.347987,-0.15412,8.42969],[3.70826,4.84351,4.27999,-0.105293,6.51596,6.18134,0.123674,-0.263912,-0.0483581,-0.0679912,-0.000820326,1.62606,-0.348463,-1.54936,0.213746,0.16835,0.113684,0.591495,-0.205723,10.3453],[3.39851,4.27999,4.69886,-0.10568,5.94282,5.84381,0.0242087,-0.267652,-0.04956,-0.0741917,-0.000625771,1.45817,-0.343488,-1.46672,0.211288,0.160072,0.108286,0.935488,-0.176208,9.36899],[-0.0744976,-0.105293,-0.10568,0.0838402,-0.173156,-0.146001,-0.0444799,0.000262468,0.0129607,-0.00119692,3.94717e-05,-0.0300424,0.0146095,0.0311224,-0.0130178,-0.00701326,0.000415877,0.206791,0.000371073,-0.419029],[5.42771,6.51596,5.94282,-0.173156,10.6423,9.06775,0.234237,-0.407195,-0.0672665,-0.0166778,-0.00114616,2.27899,-0.528092,-2.29929,0.338624,0.260562,0.199663,0.0657151,-0.248629,15.8599],[4.87843,6.18134,5.84381,-0.146001,9.06775,9.01566,0.153743,-0.38284,-0.0706745,-0.0630103,-0.00102508,2.11746,-0.490325,-2.10585,0.325746,0.21477,0.172893,0.862477,-0.250195,14.1565],[0.0937957,0.123674,0.0242087,-0.0444799,0.234237,0.153743,0.456539,-0.00140822,-0.00174919,0.0384963,-0.000160733,0.0359151,-0.0249816,-0.0158174,0.0489382,0.022451,0.0258064,-0.120433,0.0179701,2.25143],[-0.219524,-0.263912,-0.267652,0.000262468,-0.407195,-0.38284,-0.00140822,0.0436737,0.00297203,0.00686114,5.41851e-05,-0.0871026,0.0245346,0.094453,-0.0116431,-0.00615118,-0.00687465,-0.11167,0.00777067,-0.547296],[-0.0349417,-0.0483581,-0.04956,0.0129607,-0.0672665,-0.0706745,-0.00174919,0.00297203,0.0091165,0.00332327,1.99872e-05,-0.013189,0.00193624,0.0157965,-0.00179523,0.00057832,0.00135308,0.00424346,0.00022101,-0.113547],[-0.0426461,-0.0679912,-0.0741917,-0.00119692,-0.0166778,-0.0630103,0.0384963,0.00686114,0.00332327,0.0409035,-1.49506e-05,-0.0269803,-0.00391884,0.0190469,0.00522468,0.0112204,0.0159941,-0.143295,0.0177397,0.0989355],[-0.000636031,-0.000820326,-0.000625771,3.94717e-05,-0.00114616,-0.00102508,-0.000160733,5.41851e-05,1.99872e-05,-1.49506e-05,8.66285e-07,-0.000278324,6.02739e-05,0.000261722,-5.76821e-05,-3.2371e-05,-1.8524e-05,-9.58407e-05,5.97634e-05,-0.00330671],[1.30076,1.62606,1.45817,-0.0300424,2.27899,2.11746,0.0359151,-0.0871026,-0.013189,-0.0269803,-0.000278324,0.647204,-0.0863692,-0.553103,0.066254,0.0551903,0.0361809,0.304459,-0.0803359,3.59664],[-0.273446,-0.348463,-0.343488,0.0146095,-0.528092,-0.490325,-0.0249816,0.0245346,0.00193624,-0.00391884,6.02739e-05,-0.0863692,0.118968,0.113582,-0.0298597,-0.0128218,-0.0145214,0.0125054,0.00577472,-0.890674],[-1.257,-1.54936,-1.46672,0.0311224,-2.29929,-2.10585,-0.0158174,0.094453,0.0157965,0.0190469,0.000261722,-0.553103,0.113582,0.580948,-0.071438,-0.0558581,-0.0376384,-0.115087,0.068496,-3.35999],[0.169206,0.213746,0.211288,-0.0130178,0.338624,0.325746,0.0489382,-0.0116431,-0.00179523,0.00522468,-5.76821e-05,0.066254,-0.0298597,-0.071438,0.0331223,0.0144853,0.0140179,0.0457288,-0.0048138,1.06931],[0.146371,0.16835,0.160072,-0.00701326,0.260562,0.21477,0.022451,-0.00615118,0.00057832,0.0112204,-3.2371e-05,0.0551903,-0.0128218,-0.0558581,0.0144853,0.0319478,0.027596,-0.0513562,0.00498495,0.660299],[0.101948,0.113684,0.108286,0.000415877,0.199663,0.172893,0.0258064,-0.00687465,0.00135308,0.0159941,-1.8524e-05,0.0361809,-0.0145214,-0.0376384,0.0140179,0.027596,0.0391374,0.0392071,0.0155421,0.782339],[0.347987,0.591495,0.935488,0.206791,0.0657151,0.862477,-0.120433,-0.11167,0.00424346,-0.143295,-9.58407e-05,0.304459,0.0125054,-0.115087,0.0457288,-0.0513562,0.0392071,10.312,-0.140898,6.26208],[-0.15412,-0.205723,-0.176208,0.000371073,-0.248629,-0.250195,0.0179701,0.00777067,0.00022101,0.0177397,5.97634e-05,-0.0803359,0.00577472,0.068496,-0.0048138,0.00498495,0.0155421,-0.140898,0.0386795,-0.238886],[8.42969,10.3453,9.36899,-0.419029,15.8599,14.1565,2.25143,-0.547296,-0.113547,0.0989355,-0.00330671,3.59664,-0.890674,-3.35999,1.06931,0.660299,0.782339,6.26208,-0.238886,69.6344]],"n":20,"lags":3}