{"betahat":[[0.690212,-0.0148946,-0.0331081,0.854777,1.26334,0.388172,-0.600273,0.796696,-0.181709,-0.130623,1.06074,3.0883,-0.0156443,-0.255232,1.2367,1.84151,-0.408517,-0.890168],[0.959101,0.0516478,0.271897,-0.229514,-0.287384,0.0209806,0.0333422,-0.0598366,-0.00726138,-0.0276352,0.11711,1.59456,-0.003536,0.00193702,0.303848,0.0417095,0.107141,0.115357],[-0.0128737,0.952254,0.395079,-0.0522893,-0.0203715,0.167585,0.0129406,-0.0276748,-0.00075063,0.00126036,-0.0964085,-1.35571,-0.0073248,0.00155499,-0.416174,-0.0871659,-0.0337571,-0.0190813],[-0.0149775,-0.0493811,0.767936,0.0575771,0.0713774,-0.0163149,0.00623379,0.000512213,0.00732825,0.011125,-0.0363885,0.232568,0.00791884,-0.0050432,0.175997,0.0558825,-0.0226945,-0.0142428],[0.109355,0.131435,0.355632,0.871034,-0.117968,0.334907,0.0549166,-0.0312575,0.0161421,0.0219882,-0.126214,0.99261,-0.0115158,-0.0251922,0.283935,0.0805275,0.051738,0.0451418],[-0.00349408,-0.019861,-0.0926149,0.0540464,0.57577,-0.0154543,0.000956829,-0.00512871,0.000642693,0.000540888,0.0430765,0.105559,-0.00170002,-0.0057268,-0.0405604,-0.0100693,-0.0141886,0.143267],[0.0173721,-0.0182728,0.0490322,-0.0503074,0.228283,0.876532,0.0251385,-0.00143089,0.0112359,0.0117988,-0.0730687,0.460052,0.00137851,0.0107914,-0.234257,-0.0540608,0.0686338,-0.0239361],[-0.0709823,-0.0345138,-0.0962055,0.0579468,-0.581678,-0.174362,1.12954,0.152763,0.117752,0.140162,-0.299475,-1.72077,-0.0134184,0.0488907,-1.59939,-0.416338,-0.514255,-0.021753],[0.110139,0.114359,-0.102719,0.176341,-0.206336,-0.0372096,-0.23379,0.73997,-0.10489,-0.119655,-0.496806,-3.25925,0.00192414,0.0125148,0.596749,-0.0747639,0.47195,0.285142],[0.021154,0.00643845,-0.00841548,-0.211789,0.14179,-0.00715918,0.0805577,0.0346385,1.1027,0.212305,0.205798,0.322632,-0.0636779,-0.0173946,-0.751838,0.222635,0.0830516,0.14401],[-0.0109892,0.0253369,0.210447,-0.271293,-0.214359,-0.125011,-0.0896768,-0.0254858,0.00134263,0.998699,0.280815,-2.47353,-0.0742668,-0.0211691,-0.512675,-0.0306416,-0.0966984,0.0456747],[0.0282502,0.104521,0.165486,-0.0624725,-0.119216,0.0263597,-0.0193539,0.0132276,-0.0447301,-0.0465816,1.11476,-0.101965,0.00834454,0.0217319,-0.0759932,-0.021256,-0.0162787,0.00559248],[-0.00384471,-0.00749178,-0.00390263,-0.00127859,0.0272734,0.0112582,0.00337208,-0.000506543,5.41114e-05,0.00135523,0.034597,1.01002,-0.00111608,-0.000274936,-0.0155186,-0.00989923,-0.00216716,-0.00364347],[-0.337412,-0.482431,-1.1631,0.070607,0.342944,-1.00274,-0.0214487,-0.047146,0.16386,0.170489,-0.793816,-1.63864,1.07758,0.00862367,1.18254,0.466581,-0.584819,0.328143],[0.016585,-0.201977,-0.106126,0.24328,-0.916997,-1.65609,0.144179,0.0190205,0.0491808,0.0666779,-0.0764145,-3.65312,-0.060737,1.01267,-2.74904,-0.959019,-0.318881,0.0563615],[0.0204273,0.0042167,-0.0254679,0.020626,0.110575,0.056309,0.00210791,-0.00753411,0.011931,0.0102138,0.0141986,0.0726928,0.00822931,0.00368413,1.13731,0.0588072,-0.00663801,0.0202887],[0.0293816,0.117202,0.135588,0.0201524,0.268448,0.276131,0.00846399,-0.0169674,0.0217555,0.0245803,0.15581,0.575941,-0.00190364,-0.0239386,0.485266,0.531224,0.125938,-0.0770218],[-0.0368783,-0.01236,-0.027099,0.0606989,-0.0630214,0.018407,0.0739785,0.00436597,0.0293036,0.0167882,-0.12631,0.528376,0.0192169,0.00423571,0.0418039,0.0332285,0.609432,-0.022191],[-0.138575,-0.157825,-0.591657,0.375352,-0.544832,-0.417395,-0.11845,-0.0650181,-0.0364598,-0.00284769,-0.0261407,-1.36471,-0.0327081,-0.0156048,-0.0769023,-0.288852,-0.165124,0.71315],[0.0900208,0.0222723,-0.0914665,0.207032,0.129233,0.141912,-0.0172479,0.0488018,0.00539369,0.0201531,0.00222434,-0.14281,0.0178168,0.00698974,-0.145563,0.0753568,0.0493364,0.00290834],[0.0682535,0.125844,-0.0354213,-0.0275279,-0.0563875,-0.0174327,-0.00921876,-0.00180076,-0.00456291,-0.010489,0.0917175,0.936447,0.00624194,-0.00608612,0.401057,0.0647861,0.084062,0.00183594],[0.0191067,0.035639,0.168524,-0.031337,-0.000154891,0.0658051,-0.00561127,-0.00967141,-0.00592885,-0.00730868,0.046607,-0.16473,-0.00848741,0.00285398,-0.104825,-0.0137945,0.027325,0.00761081],[-0.0448095,-0.0520517,-0.311593,0.0870139,0.132315,-0.193826,-0.0178465,0.00513961,0.00459782,-0.00723634,0.137155,-0.264966,0.0140115,0.0178375,-0.108693,-0.032634,0.0663476,-0.00521763],[0.00392537,0.020582,0.0724511,-0.0507898,0.300301,0.0790461,-0.00525983,0.00154852,-0.00271965,-0.00122431,-0.0226278,-0.015422,-0.000401901,-0.000796138,0.0651756,0.00954254,0.0156017,-0.104447],[-0.0073193,0.0176981,0.00618676,0.0397235,-0.106566,0.0828763,-0.0228111,-0.00381403,-0.0110932,-0.00585614,0.0690498,-0.223261,-0.00834904,-0.0122483,0.181218,0.0261484,-0.0455529,-0.00619605],[-0.00645801,-0.0617458,-0.215338,0.0548839,0.539258,0.00208273,-0.128792,-0.215014,-0.0789818,-0.0945526,0.370973,1.35377,0.0482901,-0.0067104,1.00348,0.211477,0.630673,-0.00319555],[0.0876972,0.0519524,0.154823,-0.3908,0.510655,0.507433,0.065538,0.0747427,0.0585622,0.0405698,-0.0247604,2.17583,-0.00485674,-0.0342414,-0.131182,0.196006,-0.402966,-0.329],[-0.0609898,-0.121794,0.107613,0.272532,0.187679,-0.149976,-0.107953,-0.0604637,-0.109185,-0.204829,-0.349535,-0.0582783,0.062537,0.00145588,0.921681,-0.23356,-0.0257602,-0.0400268],[-0.0135993,-0.144852,-0.208526,0.288258,0.272312,-0.337598,-0.0197127,-0.0133211,-0.0511586,-0.0535237,-0.42864,1.50906,0.0635538,-0.00116214,0.533758,-0.180552,0.128469,-0.00484831],[0.00612723,-0.0494547,-0.0566241,-0.00162884,-0.00577817,0.00168088,0.00677146,-0.0174074,0.024048,0.0252291,-0.125976,-0.495715,-0.0179923,-0.0192608,-0.108629,-0.0524326,0.00801928,-0.012833],[0.00518391,0.00546541,0.000395737,-0.00481173,-0.0114447,-0.00902148,-0.00828106,0.00041973,-0.00403527,-0.00550429,-0.0194838,-0.080091,0.000139574,0.000785177,-0.00961368,0.00191919,-0.00612737,-0.00126839],[0.509312,0.557641,1.69231,-0.00295996,0.283054,1.58942,-0.106745,0.0921726,-0.144275,-0.190106,0.361755,-0.98037,-0.112602,-0.0334196,-0.98422,-0.176108,0.248103,-0.245539],[0.147093,0.252241,0.424054,-0.0191438,1.03848,1.81268,0.0827531,-0.0849082,0.0627407,0.0718141,0.0679074,4.5781,0.0342912,-0.00284622,2.05093,1.06919,0.375284,0.164721],[-0.0135739,-0.0038277,0.0272525,-0.0145253,-0.0823389,-0.0469578,-0.0106991,0.00367377,-0.0157868,-0.0148884,-0.00107799,-0.214055,-0.0104459,-0.00160286,-0.135679,-0.0543123,-0.00709813,-0.0200421],[0.038479,0.0250321,0.118219,-0.0135982,0.00775901,0.132872,-0.0228177,-0.027808,0.0134096,0.012367,-0.18899,0.148166,0.00727281,0.0308049,0.0018348,-0.045222,0.113092,0.0718891],[0.0445558,0.0598368,0.120677,-0.0246194,0.118706,0.0662567,0.0603974,-0.00819414,0.0294973,0.0314709,0.010006,-0.132229,0.0175929,0.0287473,-0.107673,0.0539838,0.238116,0.0143798],[-0.00803662,0.0122612,0.248752,-0.121303,-0.305728,-0.0421295,0.0959076,-0.0248152,-0.00900196,0.00746271,0.331005,0.182579,0.0383465,0.0225448,0.0813474,0.0247407,0.32538,0.147474],[-0.0491318,-0.0739265,-0.180446,0.0224926,0.158145,-0.162891,-0.016095,0.0110313,0.00186891,0.00748402,-0.119332,-1.45167,-0.0142782,-0.00892834,-0.158192,-0.117072,-0.156468,-0.11825],[-0.0553874,-0.0781061,-0.359668,0.0798238,0.0767644,-0.150148,-0.00372252,0.029472,0.00531524,0.00923104,0.0046891,0.419353,0.0010854,0.00452954,0.0152064,0.0223736,-0.050298,0.0172574],[-0.00415072,0.0137204,0.0634798,-0.026218,-0.0712524,-0.049511,-0.000621263,0.00915659,-0.0013974,-0.00381347,-0.0102247,-0.0677242,0.000571816,0.00218771,-0.0710868,-0.0420992,-0.00460995,0.00665205],[-0.0645486,-0.0793789,-0.0440317,0.041946,-0.0143357,-0.141058,-0.0370706,0.0261137,-0.0207372,-0.0147486,-0.0109442,-0.727539,-0.00249313,0.00735192,-0.175128,-0.0478923,-0.118078,-0.0399128],[-0.000440733,-0.000729586,0.0201455,-0.0032378,0.123888,-0.0636096,0.00430294,0.00357571,0.00207579,0.000683102,-0.0204353,-0.090108,0.00210408,0.00652229,-0.0245299,0.000510123,-0.00140283,-0.0387972],[-0.0100631,0.000560642,-0.0552362,0.0105939,-0.121737,0.0405634,-0.00232571,0.00524231,-0.000141245,-0.00594048,0.00401476,-0.236691,0.0069728,0.0014565,0.0531062,0.0278949,-0.0230645,0.030149],[0.0773667,0.0964523,0.311479,-0.112705,0.0429769,0.17278,-0.000761123,0.0621504,-0.0387483,-0.0456181,-0.0715494,0.368127,-0.0347993,-0.0422071,0.597764,0.20498,-0.116355,0.0250753],[-0.109005,-0.146373,0.00556058,0.112888,0.0119562,-0.407888,0.169647,0.155188,0.0538219,0.0870657,0.430019,1.30457,0.00915994,0.0257084,-0.535015,-0.0111523,-0.0607534,-0.0372749],[0.00860957,0.0952919,-0.21029,-0.0606568,-0.357854,0.0669969,0.0283569,0.0388323,-0.0302502,-0.0409896,0.121487,-0.0265516,-0.000672901,0.0134224,-0.0513139,0.0130408,-0.0592868,-0.0836194],[-0.0359053,0.10689,-0.13925,-0.0493018,-0.211728,0.349835,0.0759702,0.0596264,0.00101373,0.00189253,0.142263,0.711926,0.00452726,0.0167594,0.0447336,0.173555,-0.0379749,-0.0134361],[-0.0345673,-0.0551783,-0.109181,0.0643486,0.123799,-0.0282943,0.0126664,0.00420557,0.0207126,0.0213894,0.0104827,0.598361,0.00966051,-0.00249939,0.184559,0.0734538,0.00870682,0.00747839],[-0.00118639,0.0023111,0.00355698,0.00637023,-0.0150848,-0.00528412,0.00537456,-0.000345336,0.00333739,0.00353913,-0.0129622,0.0443885,0.000774759,-0.000206473,0.0244912,0.00574178,0.00748502,0.00522012],[-0.151925,-0.0374497,-0.397132,-0.00294372,-0.682216,-0.485415,0.18909,-0.068158,0.00953036,0.0475863,0.29951,2.67293,0.00612065,0.00834872,-0.219089,-0.163171,0.241436,-0.0122635],[-0.172483,-0.0541554,-0.296889,-0.203812,-0.26276,-0.170788,-0.175087,0.0520474,-0.0975287,-0.122012,-0.0594732,-0.817001,0.0134005,-0.0334289,0.533169,-0.130085,-0.0889144,-0.207502],[-0.00715354,-0.000330253,-0.00275518,-0.00528456,-0.0276855,-0.00906051,0.00843596,0.00359896,0.00388536,0.00466119,-0.0120744,0.141765,0.00226581,-0.00190631,-0.00145525,-0.00483317,0.0147312,0.000114172],[-0.0147148,0.000883936,-0.0133424,-0.0829937,-0.142347,-0.00705102,-0.0265029,-0.00701575,0.0103769,0.00247366,-0.00625085,-0.489939,0.0026701,0.0263136,-0.34655,0.00777041,-0.0578317,0.0374478],[0.0255218,-0.00654246,-0.0232108,-0.0292167,-0.00388307,-0.0568113,-0.0333449,0.0181277,-0.0120271,-0.0140119,-0.0421895,-0.00143226,0.00536498,0.00430029,0.0566843,0.00904491,0.00344667,0.00510113],[0.068847,0.121997,0.230468,-0.22374,0.577186,0.284147,0.0345783,0.0855629,0.0410134,-0.00582735,-0.23636,0.876085,-0.0175661,-0.00356552,-0.305677,0.187899,-0.133026,0.101458]],"sigmahat":[[0.829488,0.687298,1.88045,-0.608672,1.36879,1.22684,0.0843753,-0.0145677,0.0744788,0.0469622,-0.131116,2.65235,0.0163195,-0.0380789,0.995107,0.465068,0.0487551,0.0139826],[0.687298,1.32407,2.21882,-0.804385,0.861413,1.69054,0.0131273,-0.016144,0.0494149,0.00644681,0.131296,1.20009,0.0276375,-0.0424027,1.64788,0.476961,-0.00141861,0.0725596],[1.88045,2.21882,10.5279,-3.31337,2.21194,4.27393,0.266701,0.112677,0.304948,0.196361,-0.650225,4.62325,-0.121384,-0.140881,2.30811,0.292296,0.0477115,-0.026134],[-0.608672,-0.804385,-3.31337,2.57563,-0.827622,-1.40939,-0.0655756,0.0145166,-0.0989551,-0.0408583,0.463772,-0.733602,0.049292,0.0410133,-0.662869,0.111473,-0.204607,0.11004],[1.36879,0.861413,2.21194,-0.827622,10.4191,3.95674,0.223451,-0.321156,0.209805,0.142937,0.200029,13.819,0.119866,-0.0130489,4.52758,1.91345,0.709769,-0.657005],[1.22684,1.69054,4.27393,-1.40939,3.95674,7.19453,-0.00107377,-0.134188,0.216887,0.116103,0.468467,8.2598,0.0282408,-0.135102,5.39356,1.7312,0.171457,0.1692],[0.0843753,0.0131273,0.266701,-0.0655756,0.223451,-0.00107377,0.338889,-0.0274866,0.105975,0.107258,-0.327907,3.17269,0.0340802,0.027106,0.0963358,0.0891901,0.225051,0.0212251],[-0.0145677,-0.016144,0.112677,0.0145166,-0.321156,-0.134188,-0.0274866,0.201372,-0.00892298,0.00193901,-0.132384,-0.32307,-0.0246836,-0.016428,-0.256389,0.0273217,-0.208053,0.016761],[0.0744788,0.0494149,0.304948,-0.0989551,0.209805,0.216887,0.105975,-0.00892298,0.126128,0.122455,-0.156808,1.70344,0.0205778,-0.00433439,0.337143,0.141307,0.0266884,0.0358601],[0.0469622,0.00644681,0.196361,-0.0408583,0.142937,0.116103,0.107258,0.00193901,0.122455,0.145753,-0.144478,1.67228,0.0130221,-0.0123028,0.283222,0.141834,0.00539056,0.0245582],[-0.131116,0.131296,-0.650225,0.463772,0.200029,0.468467,-0.327907,-0.132384,-0.156808,-0.144478,3.44507,-0.633074,0.0028927,-0.0385282,1.65096,0.151315,0.388901,-0.0166092],[2.65235,1.20009,4.62325,-0.733602,13.819,8.2598,3.17269,-0.32307,1.70344,1.67228,-0.633074,127.645,1.22757,-0.375566,29.2325,6.68949,7.49978,0.662439],[0.0163195,0.0276375,-0.121384,0.049292,0.119866,0.0282408,0.0340802,-0.0246836,0.0205778,0.0130221,0.0028927,1.22757,0.076733,0.041069,0.447971,0.100588,0.122214,0.0207236],[-0.0380789,-0.0424027,-0.140881,0.0410133,-0.0130489,-0.135102,0.027106,-0.016428,-0.00433439,-0.0123028,-0.0385282,-0.375566,0.041069,0.079665,-0.532148,-0.0306922,0.0562902,0.00678203],[0.995107,1.64788,2.30811,-0.662869,4.52758,5.39356,0.0963358,-0.256389,0.337143,0.283222,1.65096,29.2325,0.447971,-0.532148,22.2177,3.21593,1.40051,0.287565],[0.465068,0.476961,0.292296,0.111473,1.91345,1.7312,0.0891901,0.0273217,0.141307,0.141834,0.151315,6.68949,0.100588,-0.0306922,3.21593,2.14964,-0.101734,0.160787],[0.0487551,-0.00141861,0.0477115,-0.204607,0.709769,0.171457,0.225051,-0.208053,0.0266884,0.00539056,0.388901,7.49978,0.122214,0.0562902,1.40051,-0.101734,2.08677,0.0671468],[0.0139826,0.0725596,-0.026134,0.11004,-0.657005,0.1692,0.0212251,0.016761,0.0358601,0.0245582,-0.0166092,0.662439,0.0207236,0.00678203,0.287565,0.160787,0.0671468,0.501089]],"n":18,"lags":3}