{"betahat":[[1.39646,-0.110956,3.69617,0.677433,1.57843,2.6357,-0.511798,1.55852,0.0763715,0.236983,0.549625,-0.568555,15.9516,-0.250814,-0.191623,-1.55748,2.24289,-0.413398,-0.812552],[0.9319,0.0228623,0.197833,-0.194338,-0.334516,-0.024019,0.0340865,-0.0413988,-0.00960479,-0.0311913,0.105768,-0.112062,1.5415,-0.000990425,0.00284914,0.255709,0.039057,0.129859,0.104863],[8.26567e-05,0.945307,0.341547,-0.01916,0.0380276,0.129581,0.00704608,0.00388554,-0.00793932,-0.00360123,-0.0880118,0.146472,-0.59962,-0.000973268,0.000214575,-0.151683,0.0526814,-0.0230983,-0.0129116],[-0.0105137,-0.0399664,0.785533,0.0506935,0.0609192,-0.0160791,0.00599332,0.00203311,0.00484547,0.00734223,-0.0400409,-0.0344096,0.290547,0.00867092,-0.00208905,0.155014,0.0675326,-0.0195258,-0.0103638],[0.116615,0.135695,0.33634,0.889919,-0.0765456,0.33016,0.046924,-0.00802706,0.00696769,0.0106723,-0.1263,0.090547,1.37136,-0.00423455,-0.0205346,0.370391,0.144233,0.0720821,0.0425429],[-0.000946287,-0.0107229,-0.0625302,0.0541305,0.605748,0.0106244,0.00236358,-0.00954305,0.00409801,0.00440531,0.0468704,-0.007776,0.207405,-0.00128553,-0.00441986,-0.0192781,-0.010495,0.00446659,0.136213],[0.0198199,-0.00531089,0.0607445,-0.04121,0.217243,0.911019,0.0157408,-0.000786488,0.00884322,0.00946266,-0.0635663,-0.00483643,0.464327,0.00047003,0.0100836,-0.196557,-0.0586184,0.0620903,-0.0184653],[-0.0662856,-0.0665116,-0.181415,0.107621,-0.408825,-0.15609,1.10018,0.155094,0.0975006,0.125778,-0.227305,0.264358,-0.988578,-0.0101289,0.03217,-1.26698,-0.347657,-0.417706,-0.0489678],[0.162608,0.171764,-0.0172427,0.169281,-0.0422539,0.0603728,-0.19572,0.727925,-0.0906192,-0.108398,-0.492669,0.0693001,-3.21827,0.0156142,0.0229622,0.467398,-0.106353,0.45777,0.237819],[0.000485413,-0.0522659,-0.0332993,-0.217707,0.19169,-0.0121126,0.057902,-0.0014682,1.09948,0.210345,0.239214,-0.564026,0.361137,-0.067056,-0.0143752,-0.666389,0.0612464,0.16614,0.147339],[0.0136799,0.0510901,0.35641,-0.364758,-0.1385,0.0779284,-0.0737729,-0.0414244,0.0319782,1.02215,0.274146,-0.285054,-1.7271,-0.065431,-0.0103964,-0.336656,-0.0607381,0.0330406,0.0794596],[0.0250757,0.087955,0.164754,-0.0713975,-0.108441,0.0410114,-0.0245899,0.00964714,-0.0435876,-0.0453869,1.09402,0.110554,0.00207167,0.00910187,0.0197461,-0.0338302,-0.0557609,0.0106598,0.0105744],[0.0633293,0.0373451,0.137594,-0.0983136,0.167893,0.140216,0.0981982,-0.0583351,0.045391,0.0376235,0.0467711,1.17287,0.506352,0.00649449,0.00954968,-0.059535,0.00529602,0.175579,-0.0236833],[-0.00316206,-0.00502638,-0.0060282,-0.000431681,0.0195632,0.00481266,0.00258136,-0.000795703,-0.000790471,0.000159731,0.0336913,-0.00868549,0.922698,-0.00144156,0.000526053,-0.0301887,-0.00981587,-0.0063343,-0.00378043],[-0.356734,-0.538107,-1.28145,0.253013,0.302976,-1.02967,-0.0826206,-0.0184777,0.112989,0.136144,-0.559693,-0.269886,-2.48533,1.03499,-0.0189578,1.03995,0.513466,-0.685723,0.270449],[0.0610974,-0.0162596,0.0152409,0.24174,-1.02831,-1.50814,0.16452,0.0587567,0.0520849,0.060745,-0.158354,-0.197878,-2.80936,-0.0543609,1.01394,-2.72526,-0.459098,-0.368492,0.076801],[0.0176123,0.00243865,-0.00352338,0.0158083,0.107879,0.0700262,0.0024133,-0.00917414,0.0140093,0.0123174,0.0164507,0.00794573,0.0479209,0.00669433,0.00260202,1.12567,0.0395319,0.00203652,0.0179636],[0.0579519,0.140978,-0.00457568,0.0683642,0.171722,0.121907,0.0261922,0.00877903,1.48361e-05,0.000996674,0.0904032,-0.00910855,0.755134,0.0143489,-0.00861025,0.44255,0.704934,0.0394322,-0.0589609],[-0.0382878,-0.00851448,-0.0263058,0.0389842,-0.0615572,0.0216394,0.0729609,0.0109482,0.0302356,0.0147129,-0.206906,0.157044,0.623273,0.0305001,0.0197386,-0.0177471,0.0126255,0.578787,-0.00203565],[-0.107968,-0.11049,-0.399866,0.313492,-0.536524,-0.267328,-0.101278,-0.0842396,-0.0101722,0.0210558,-0.0426513,-0.055128,-1.28894,-0.0321987,-0.0104919,-0.178586,-0.224571,-0.125361,0.691956],[0.09964,0.0284589,-0.0492103,0.176051,0.181527,0.153218,-0.0158845,0.0358859,0.00613514,0.0220143,-0.000941465,0.0569408,-0.143874,0.0140258,0.00549427,-0.0852717,0.0642317,0.0369181,-0.00273274],[0.0349601,0.09729,-0.0664999,-0.0262751,-0.122772,-0.0655369,-0.0253587,-0.0148518,-0.0125062,-0.0182419,0.0787558,-0.0963202,-0.12297,-0.00313222,-0.0015714,0.0867559,-0.0340165,0.0351953,-0.00118426],[0.0144099,0.0298039,0.15501,-0.0301339,-0.00773341,0.054656,-0.00443297,-0.00851392,-0.00435158,-0.00507517,0.0496671,0.030006,-0.224766,-0.00898354,0.000963177,-0.106171,-0.0211408,0.0246584,0.00415732],[-0.0581812,-0.0650903,-0.301268,0.0786803,0.0793819,-0.223399,-0.0217945,0.000309871,0.00445372,-0.00427282,0.116035,-0.089459,-0.776106,0.00592968,0.0137773,-0.231864,-0.069239,0.0102679,-0.0102645],[0.00691697,0.0237411,0.063575,-0.0435287,0.285152,0.0720614,-0.0047034,0.0051873,-0.00457063,-0.00360803,-0.0264731,0.0278465,-0.021773,-0.000635883,-0.000753566,0.061856,0.0215538,0.00805748,-0.0974581],[-0.0117461,0.00556063,-0.0169649,0.0343794,-0.108189,0.0541071,-0.0186443,-0.00285886,-0.0102084,-0.00572764,0.055623,-0.00909764,-0.279691,-0.00666529,-0.00982543,0.147436,0.0208371,-0.0445803,-0.00486864],[-0.00111414,-0.0166431,-0.131243,0.0563739,0.386071,0.00491829,-0.129675,-0.186408,-0.0825471,-0.100076,0.283099,-0.00786971,0.729484,0.0398757,0.00448168,0.710419,0.265291,0.499284,0.0215812],[0.0532037,-0.0150924,0.0451429,-0.358746,0.50022,0.369748,0.0418167,0.0704185,0.0515664,0.0372193,-0.0226324,0.230478,2.09977,-0.00997957,-0.04017,-0.0299454,0.191114,-0.36519,-0.319088],[0.0227471,-0.0192942,0.276482,0.24688,0.256101,-0.0346762,-0.0661842,-0.0460728,-0.096926,-0.187351,-0.367031,0.324269,0.410359,0.0719279,0.0127712,0.866447,-0.000718295,-0.0018623,-0.0382097],[0.00404765,-0.0942372,-0.264287,0.334037,0.220659,-0.3887,-0.0167092,-0.00100957,-0.0711603,-0.0767767,-0.381208,0.0491099,1.00427,0.0581232,-0.00371782,0.388812,-0.0546524,0.0515528,-0.0298272],[0.000392011,-0.0472254,-0.0701276,0.00266149,-0.0307474,-0.0172378,0.00197707,-0.0156821,0.0233564,0.025055,-0.115848,-0.0983163,-0.589628,-0.018045,-0.0155888,-0.129358,-0.0555151,-0.0134592,-0.00978767],[0.00135929,0.0326887,0.138455,0.0400489,-0.19795,-0.0048454,-0.0608043,0.0668198,-0.0238787,-0.0156368,-0.0488285,-0.107115,-0.391243,-0.0140465,-0.0191441,-0.00571963,0.0348298,-0.213189,0.0213165],[0.00474564,0.00370295,0.00201342,-0.00102826,-0.00450291,-0.00631692,-0.0047559,0.000313233,-0.0026843,-0.00378093,-0.0188201,0.0141503,0.0114347,0.000626599,0.000468057,0.00291824,0.0110076,0.00117023,0.000122046],[0.515546,0.644162,1.78128,-0.106307,0.35837,1.69081,-0.0564573,0.0489126,-0.101304,-0.153644,0.12125,0.0746215,-0.340301,-0.0937374,-0.0127922,-0.883817,-0.145075,0.34394,-0.164289],[0.117906,0.201082,0.311894,0.00271157,0.943892,1.65886,0.0471695,-0.061733,0.032773,0.0438807,0.0846538,0.133001,3.66559,0.0334653,-0.0216909,2.05401,0.85663,0.276698,0.154675],[-0.00734389,0.00328089,0.0241843,-0.0111302,-0.0674997,-0.0400733,-0.00913309,0.0041003,-0.0153677,-0.0145487,-0.00422313,-0.0111635,-0.132801,-0.00828824,-0.000588166,-0.109494,-0.0369899,-0.00299222,-0.0168139],[-0.0339574,-0.0340567,-0.0226446,-0.0616752,-0.0910989,-0.0590742,-0.0225182,-0.0152772,0.000331737,-0.000285891,-0.0865558,-0.00562822,-0.880319,-0.0124086,0.00841744,-0.285611,-0.130309,-0.0410254,0.0234599],[0.0318632,0.0369285,0.096821,-0.0160873,0.106774,0.0363802,0.0618766,0.00250893,0.0318224,0.0338348,-0.00359642,-0.0857132,-0.150927,0.0186591,0.0234041,-0.0935379,0.0836234,0.206553,0.00378023],[0.000256146,0.0332427,0.195904,-0.0692122,-0.306268,-0.0924947,0.0950271,-0.0113506,-0.0224443,-0.00486279,0.339239,-0.0926088,0.454343,0.0415751,0.027967,0.08606,0.0357283,0.345283,0.136615],[-0.0315451,-0.0513071,-0.148652,0.0182936,0.153043,-0.129168,-0.0182085,0.00549978,0.00346818,0.00917361,-0.104784,0.0551307,-1.39763,-0.0130303,-0.0083461,-0.170279,-0.103293,-0.166754,-0.102131],[-0.0350441,-0.0425875,-0.275067,0.0454325,0.0848203,-0.0640099,0.0183058,0.0109527,0.0204449,0.0218405,0.00929393,-0.0501436,0.722579,0.00411025,0.00135433,0.0650718,-0.0186758,-0.0120806,0.0140893],[-0.00391925,0.0101502,0.059338,-0.0205311,-0.0531666,-0.0385895,-0.00156089,0.00646756,-0.00049396,-0.00226885,-0.00959582,0.00440004,-0.0657215,0.000318909,0.0011228,-0.0487007,-0.0464051,-0.0050914,0.00621269],[-0.0584259,-0.070568,-0.0350547,0.0313727,-0.00274514,-0.106687,-0.0251368,0.00770292,-0.0114202,-0.00640072,0.0103007,-0.00107685,-0.595232,-0.0016905,0.00675236,-0.138333,-0.0749928,-0.0823311,-0.0322879],[-0.00597454,-0.0130066,-0.0010849,-0.0105795,0.109087,-0.0826897,0.00233307,0.00434005,0.000466425,-0.000805312,-0.0203332,-0.0200557,-0.185703,0.00192642,0.0051731,-0.0424324,-0.0110753,-0.0124992,-0.0387389],[-0.00807615,-0.000245851,-0.0438093,0.00683114,-0.109022,0.0348508,0.00290308,0.00363163,0.0013651,-0.00373717,0.00797581,0.0139311,-0.184607,0.00619993,-0.000258222,0.0492222,0.0377514,-0.0174754,0.0233363],[0.0671382,0.0834477,0.3117,-0.163695,0.0236311,0.151638,0.0293544,0.031094,-0.0149913,-0.0257456,-0.055742,-0.256086,0.260389,-0.0296391,-0.0367603,0.560162,0.0826724,-0.0816384,0.0274659],[-0.102167,-0.126697,0.0711609,0.0476814,0.0209203,-0.294932,0.134803,0.152279,0.0547117,0.0860315,0.375677,-0.214756,1.51297,0.0133777,0.029755,-0.40507,0.0414338,-0.0387272,-0.0276628],[-0.0189437,0.0720188,-0.270445,-0.0311323,-0.383711,0.0239621,0.0293652,0.0628546,-0.0361718,-0.0512374,0.110858,0.117021,-0.0407539,-0.00172871,0.00348137,0.0174458,0.00133946,-0.120547,-0.0764887],[-0.0588321,0.0719795,-0.187801,-0.031125,-0.22939,0.275103,0.0555401,0.0669915,-0.0164546,-0.0123243,0.127075,0.0967466,0.582076,0.00208772,0.00954116,0.104025,0.129909,-0.0590837,0.0054262],[-0.0256807,-0.0407697,-0.0953022,0.068883,0.137403,-0.024029,0.0227569,0.00595663,0.0202827,0.0203137,0.0207438,-0.0125071,0.587542,0.00897724,-0.00420816,0.163136,0.110672,0.00374025,-0.000517157],[-0.0653283,-0.0695108,-0.277323,0.0585581,0.0284869,-0.134875,-0.0376072,-0.00876479,-0.0213455,-0.0218611,0.000958567,-0.0666096,-0.11293,0.00777528,0.00938967,0.0713192,-0.0395897,0.0385783,0.00316429],[-0.0024303,0.00072512,0.000290286,0.00221348,-0.0165915,-0.00731577,0.00235079,-0.000129696,0.0019855,0.00215653,-0.0116012,-0.00255095,0.0123786,0.000535405,-0.000494424,0.0233414,-0.00472622,0.00198871,0.00387572],[-0.128795,-0.0773464,-0.195556,-0.136285,-0.734108,-0.377976,0.222174,-0.0990065,0.0614932,0.087318,0.184639,0.0547622,2.72762,0.0191456,0.020026,-0.157451,-0.255031,0.267441,0.0397685],[-0.250565,-0.250308,-0.471664,-0.172745,-0.242961,-0.353208,-0.1582,0.00520865,-0.0855614,-0.0992263,-0.00434057,0.168823,-1.08242,0.00303083,-0.0407742,0.398054,-0.421015,-0.0260315,-0.218543],[-0.0100892,-0.00500418,-0.0217501,-0.00380729,-0.0374812,-0.0283754,0.00661825,0.00417064,0.0014778,0.00226608,-0.00996895,0.00295697,0.0853664,0.00177903,-0.00160213,-0.0155976,-0.00360096,0.00320343,-0.000783955],[0.00250924,-0.0186731,-0.0221856,-0.0390743,-0.0442064,0.00388294,-0.0125466,-0.0211201,0.00984912,0.00715338,0.0447167,-0.013769,-0.20554,0.000911973,0.00730067,-0.184707,-0.0776251,-0.00248255,0.0136744],[0.0124701,-0.0333176,-0.0401768,-0.0466717,-0.026841,-0.100109,-0.0232788,0.00899603,-0.0059308,-0.00792158,-0.0408038,0.0301839,-0.166217,0.00414188,0.00316707,0.029725,-0.0770993,-0.00231537,-0.00369338],[0.00566268,0.0576684,0.0653529,-0.208957,0.430711,0.0943425,0.037148,0.0830786,0.0306265,-0.0144553,-0.156505,0.0754458,0.17775,-0.0289225,-0.00818272,-0.460598,0.047698,-0.175286,0.0828883]],"sigmahat":[[0.827561,0.748678,1.9171,-0.463886,1.35671,1.3143,0.0681488,0.00860432,0.0495887,0.0220477,-0.148663,-0.00255789,3.41137,0.025898,-0.0325206,1.21625,0.640867,0.186155,0.031858],[0.748678,1.45901,2.44922,-0.584972,1.00219,1.92959,0.0013237,0.022543,0.0235207,-0.0208459,0.129018,0.0806601,2.39559,0.0404143,-0.036875,1.93832,0.889485,0.252055,0.0770678],[1.9171,2.44922,10.4637,-2.85401,2.35928,4.5845,0.220336,0.107651,0.253011,0.148953,-0.615871,-0.0167432,6.1585,-0.0842273,-0.106969,2.74303,0.895194,0.409409,0.0339146],[-0.463886,-0.584972,-2.85401,2.61978,-0.431554,-0.966612,-0.00192052,0.0346318,-0.0828238,-0.0295431,0.416634,0.0896669,1.13948,0.0753562,0.0415789,-0.216287,0.721012,-0.0210469,0.102513],[1.35671,1.00219,2.35928,-0.431554,10.3876,4.13179,0.2545,-0.252678,0.184173,0.12736,0.206801,0.0735059,16.1058,0.137564,-0.0308779,5.10013,2.46037,0.973462,-0.662786],[1.3143,1.92959,4.5845,-0.966612,4.13179,7.7001,-0.0103373,-0.110705,0.187647,0.0967051,0.480411,0.275179,10.7598,0.061913,-0.11391,6.05719,2.54827,0.630912,0.232679],[0.0681488,0.0013237,0.220336,-0.00192052,0.2545,-0.0103373,0.303168,-0.00776628,0.0850922,0.0902932,-0.287739,-0.0882004,3.40567,0.0323792,0.0169077,0.233371,0.122556,0.249495,0.0219063],[0.00860432,0.022543,0.107651,0.0346318,-0.252678,-0.110705,-0.00776628,0.201647,-0.00779396,0.000229334,-0.119871,-0.042815,-0.120585,-0.0182708,-0.0118287,-0.252744,0.110482,-0.201619,0.00375251],[0.0495887,0.0235207,0.253011,-0.0828238,0.184173,0.187647,0.0850922,-0.00779396,0.11453,0.11283,-0.145894,-0.0294214,1.63388,0.0181425,-0.00488244,0.35304,0.100462,0.0454278,0.0453905],[0.0220477,-0.0208459,0.148953,-0.0295431,0.12736,0.0967051,0.0902932,0.000229334,0.11283,0.137204,-0.133447,-0.0491781,1.65694,0.0114256,-0.013129,0.315044,0.0919606,0.0328647,0.0331859],[-0.148663,0.129018,-0.615871,0.416634,0.206801,0.480411,-0.287739,-0.119871,-0.145894,-0.133447,3.30469,0.284621,-0.488292,-0.00363249,-0.0559836,1.61214,0.223382,0.245215,-0.0337021],[-0.00255789,0.0806601,-0.0167432,0.0896669,0.0735059,0.275179,-0.0882004,-0.042815,-0.0294214,-0.0491781,0.284621,1.07145,-1.06525,0.0326997,0.00676194,0.208438,-0.0164249,0.0121899,-0.00747475],[3.41137,2.39559,6.1585,1.13948,16.1058,10.7598,3.40567,-0.120585,1.63388,1.65694,-0.488292,-1.06525,156.475,1.46491,-0.458598,36.1831,11.2494,9.62058,0.954694],[0.025898,0.0404143,-0.0842273,0.0753562,0.137564,0.061913,0.0323792,-0.0182708,0.0181425,0.0114256,-0.00363249,0.0326997,1.46491,0.0758284,0.0399746,0.487267,0.181582,0.15089,0.0253775],[-0.0325206,-0.036875,-0.106969,0.0415789,-0.0308779,-0.11391,0.0169077,-0.0118287,-0.00488244,-0.013129,-0.0559836,0.00676194,-0.458598,0.0399746,0.0828143,-0.563485,-0.00291188,0.0603178,0.0155749],[1.21625,1.93832,2.74303,-0.216287,5.10013,6.05719,0.233371,-0.252744,0.35304,0.315044,1.61214,0.208438,36.1831,0.487267,-0.563485,23.4374,4.22934,1.96156,0.301539],[0.640867,0.889485,0.895194,0.721012,2.46037,2.54827,0.122556,0.110482,0.100462,0.0919606,0.223382,-0.0164249,11.2494,0.181582,-0.00291188,4.22934,4.19214,0.574912,0.227983],[0.186155,0.252055,0.409409,-0.0210469,0.973462,0.630912,0.249495,-0.201619,0.0454278,0.0328647,0.245215,0.0121899,9.62058,0.15089,0.0603178,1.96156,0.574912,2.13276,0.121782],[0.031858,0.0770678,0.0339146,0.102513,-0.662786,0.232679,0.0219063,0.00375251,0.0453905,0.0331859,-0.0337021,-0.00747475,0.954694,0.0253775,0.0155749,0.301539,0.227983,0.121782,0.512793]],"n":19,"lags":3}