{"betahat":[[-11.5432,-17.7248,-2.69903,9.1007,-64.0142,-23.4185,-6.81874,12.7157,-1.27094,0.262337,13.479,-8.14746,-126.576,-4.6022,0.680537,-72.8046,40.7886,20.3298,-8.60188,-21.7474,-6.56003,-2.83608,-6.12389,-31.3095,3.10702],[0.89082,-0.00928539,0.023004,-0.106645,-0.469384,-0.137213,0.0438986,-0.0538514,0.0123019,-0.00655967,0.160634,-0.135038,2.22332,-0.00765437,-0.024854,0.618037,0.0018364,-0.0170748,0.142562,-0.583815,0.119731,-0.0251339,0.011755,0.0944009,0.109457],[0.0216684,0.888506,0.322522,0.0858066,0.055421,0.144105,-0.00782598,0.0104848,0.00172381,0.00989699,-0.0832977,0.185503,-0.303053,-5.66559e-05,-0.0102114,0.0254146,0.0111598,0.0894484,0.0658352,0.00174229,0.0574801,0.0234381,0.20825,-0.0640075,0.0232159],[-0.0276817,-0.0642544,0.691344,0.0599259,0.0498967,-0.0401272,0.000342666,-0.00567763,0.00505265,0.0082337,-0.0341544,-0.0375836,0.205536,0.00712173,-0.00389048,0.127362,0.00865287,-0.00541719,-0.0135501,-0.0214226,0.0391594,0.0103798,0.0491974,-0.00861313,-0.0134731],[0.111525,0.124084,0.373263,0.8342,-0.115038,0.3501,0.014285,-0.0149017,-0.00766438,-0.00831653,-0.162098,0.10212,1.18064,-7.8217e-05,-0.0176064,0.319567,-0.0214861,0.0682026,0.0179342,0.351332,0.123157,-0.0065167,0.128102,0.0484808,0.0335638],[-0.0113533,-0.00597,-0.0578211,0.0438902,0.5225,-0.0161902,0.0057578,-0.0115508,-0.000555941,0.000382678,0.056512,-0.00563322,0.0301615,-0.00275086,0.00014051,-0.125436,-0.000925311,0.00265736,0.00626191,-0.0639182,-0.0292981,-0.0174563,-0.0326143,0.00440794,0.109678],[0.00859885,-0.0146319,-0.00384523,-0.0394061,0.22693,0.839219,0.0170052,-0.00434915,0.00480714,0.00602854,-0.0420055,-0.0195319,0.303471,-0.00267739,0.00730434,-0.220164,0.00569227,0.00955879,0.00142777,-0.00327318,-0.0305443,0.0191539,-0.0883305,0.042801,-0.0183748],[-0.139163,-0.217197,-0.446541,0.125831,-0.575437,-0.308494,1.03698,0.167564,0.182065,0.230723,-0.393234,0.0627741,-0.571825,-0.0176791,0.021437,-1.17831,-0.0530735,0.049466,-0.282018,0.0346759,-0.10342,0.000348819,-0.443041,-0.460392,0.0428828],[0.158565,0.252334,-0.190515,0.0670765,0.482224,0.0711253,-0.214664,0.560642,-0.0996061,-0.128681,-0.49683,0.182368,-4.19646,0.028232,0.0135768,1.00059,0.139527,-0.034481,-0.188752,0.162791,-0.0923501,0.0243419,-0.221314,0.45482,0.110745],[-0.0424496,-0.053532,-0.45289,0.023009,0.410421,-0.34694,0.0678692,0.047681,1.02597,0.20967,0.552469,-0.64959,0.91164,-0.0247223,0.0103809,-0.659253,0.0554564,-0.067141,0.306189,0.0740685,-0.102753,0.101962,0.14908,0.217323,0.0576924],[0.0556374,0.0951621,0.608946,-0.593606,-0.0973369,0.169835,-0.130126,-0.0524927,-0.000403141,0.926403,0.323651,-0.150625,-2.97309,-0.105486,-0.029545,-0.605493,0.0434288,0.00531809,-0.125642,0.120022,-0.360199,-0.0501312,-0.247598,-0.0633808,0.0739061],[0.0232757,0.0945192,0.20171,-0.107389,-0.0381373,0.0511496,-0.0190217,0.00420777,-0.0401483,-0.0438618,1.03418,0.107751,0.313445,0.0201487,0.019737,0.143783,0.0262992,-0.011941,0.0886582,0.1484,0.0400843,0.00589121,-0.0831253,0.0285784,0.0120675],[0.044753,0.00989693,0.0749945,-0.151455,0.084752,0.0445677,0.0873484,-0.0561711,0.0435965,0.0293966,0.0569803,1.05125,0.17954,0.0113899,0.0317022,-0.235328,-0.0459674,0.0210201,0.0592972,0.107016,-0.061184,-0.00236566,-0.000931538,0.21221,0.00463875],[-0.0057494,-0.00589064,-0.0142891,0.00415639,0.00345236,-0.00794641,0.00387685,-0.00271549,-0.000334917,0.000965637,0.0353187,-0.014617,0.853409,-0.00138072,0.00032716,-0.0335535,-0.00324078,0.0041663,0.0170774,0.0241456,-0.021316,0.00149461,-0.0045318,0.00193591,-9.60198e-05],[-0.225978,-0.387405,-0.659349,0.195565,0.429097,-0.378477,-0.0777945,-0.0317999,0.130133,0.151653,-0.558735,-0.496218,-2.41906,0.96549,0.0170226,1.79353,0.389145,0.227501,-0.0866287,-0.160353,-0.0607233,0.118301,0.710801,-0.46655,0.398538],[0.0595762,0.0974499,-0.108237,0.560673,-0.996285,-1.20836,0.349969,0.0780834,0.0817672,0.121082,-0.239463,0.18351,-0.262649,-0.0388729,0.869817,-2.48372,-0.101285,-0.0666886,0.753419,0.717603,0.49074,0.0461716,-0.0671353,-0.1722,0.0922815],[0.0203829,0.00242236,-0.0109912,0.0179387,0.122411,0.0742368,0.00459012,-0.0126594,0.0165065,0.0142985,0.0200616,0.0250723,0.106278,0.00963827,0.00199872,1.06999,-0.00910316,0.0101045,-0.00457172,-0.00811093,0.0124067,9.61412e-05,0.0327442,0.0187504,0.0147415],[0.271498,0.721082,1.51574,-0.369131,0.000323645,1.50145,-0.0823834,0.0594857,0.013124,-0.00229047,-0.566284,0.070531,2.5017,0.059061,-0.0186159,1.55225,0.470671,0.145297,-0.195701,-0.11744,0.6624,-0.192722,0.492923,0.262812,0.0680713],[0.349198,0.425602,0.586644,-0.125815,0.437546,0.307354,-0.00877082,0.029449,-0.000385833,-0.00563172,0.00253959,0.0114752,-2.00127,-0.00987234,0.0125354,-0.148756,-0.0245605,0.530465,0.0167949,0.742961,-0.058649,-0.00916528,-0.119869,-0.377989,-0.0593079],[0.125503,0.123266,0.220108,-0.068858,0.188112,0.328185,0.020144,0.0111026,-0.0422078,-0.0670819,-0.051137,0.0805006,0.568273,0.0196092,0.0243063,0.267647,-0.000741199,-0.0312318,0.160201,0.404985,-0.0331797,-0.00767353,-0.0016673,-0.0360514,0.00343078],[-0.011571,0.04523,0.158625,-0.136777,-0.0020451,0.0490704,-0.0162631,0.00424353,-0.0239382,-0.0297142,-0.0447544,-0.0220837,-0.635853,0.00353182,0.0161184,-0.229391,0.0110336,-0.0110193,-0.0452361,-0.152645,0.00514928,0.00421814,0.0259373,-0.027215,-0.0207295],[0.024958,-0.0349884,0.115818,0.0637505,0.150405,-0.0471859,0.113527,0.0163831,0.0348969,0.0441996,-0.137299,-0.0078382,1.62194,0.0285269,0.0250461,0.16509,0.0326813,0.00261923,0.126326,-0.229794,0.987101,0.00818757,0.0446158,0.232645,0.0392865],[-0.114937,-0.0504144,0.40611,-0.76596,0.494967,-0.420894,-0.0120723,-0.0698183,0.069585,0.0296176,-0.102317,0.29117,0.58637,-0.0119946,-0.0905627,0.476491,0.000651174,-0.125583,0.239178,-0.840197,-0.0578121,0.954582,-0.902983,0.356746,-0.172127],[-0.0121579,0.0710487,-0.100466,0.0855295,0.00986431,0.0125049,-0.00421204,0.0383029,-0.00271297,-0.00307184,0.131167,0.00215913,0.63178,0.00842796,-0.00963687,0.25927,0.0129299,-0.0268252,-0.0073938,-0.0734541,0.0275634,-0.0277354,0.657803,-0.00505332,-0.064692],[-0.0460413,-0.00892713,-0.0301743,0.0160235,-0.0087234,0.0297235,0.036225,0.0224923,0.0159054,0.000389691,-0.209166,0.19224,-0.227354,0.0183538,0.00684284,-0.10653,0.0501087,-0.0258551,0.0266881,-0.273944,0.0589405,0.0478907,0.0583792,0.307367,-0.0296385],[-0.178065,-0.0875578,-0.507337,0.299968,-0.687988,-0.535199,-0.137671,-0.124511,-0.0424542,-0.00731503,0.217663,0.029273,-2.13016,-0.0525192,-0.00487494,-0.704004,-0.0431337,-0.0303467,-0.13828,-0.177208,-0.0796824,-0.0937042,-0.219568,-0.156853,0.445239],[0.135484,0.092079,0.132283,0.022263,0.288158,0.294473,-0.0300005,0.0518947,-0.0124442,-0.00164942,-0.0539897,0.0660229,-0.756087,0.0148241,0.0242265,-0.430844,0.000167026,-0.00216654,-0.0474835,0.513227,0.0455038,0.0261253,0.0564558,0.0351023,-0.00579881],[0.0479223,0.166938,0.0557097,-0.114203,-0.105076,-0.0122199,-0.015415,-0.0107746,-0.017915,-0.0248275,0.0498702,-0.114743,-0.321166,-0.00695457,0.00216997,-0.0123836,0.0160525,-0.0434618,-0.100351,0.153253,0.0647037,-0.0151965,-0.0442166,0.0609374,-0.009816],[0.0243467,0.046604,0.199964,-0.0381394,0.0118622,0.0864765,-0.00100678,-0.00729112,-0.0059268,-0.00710995,0.0552751,0.0306083,-0.212015,-0.0099708,0.00047581,-0.0839497,-0.00245471,0.000476168,0.0244458,0.00941147,-0.0066669,-0.00614107,-0.0301249,0.00983067,0.00537785],[-0.0434321,-0.0633555,-0.333969,0.123905,0.16829,-0.230595,8.9284e-05,0.00466569,0.019524,0.012746,0.136666,-0.0858557,-0.446751,0.0082854,0.012447,-0.159954,0.000991612,-0.0283357,0.00250068,-0.124178,-0.0357187,0.0179085,-0.0345147,0.0469417,-0.000194367],[0.00372152,0.00919594,0.0535181,-0.0394958,0.30594,0.0668695,-0.00305363,0.00679749,-0.000991467,-0.000286151,-0.0398904,0.0275624,0.0059359,0.000513433,-0.00152584,0.0836341,-0.000725305,0.00393417,-0.00275205,0.0215919,0.0405391,0.00463005,0.0327197,0.0139473,-0.0745931],[-0.0048113,0.00997052,0.0275062,0.0324341,-0.104515,0.103205,-0.0184,-0.00152017,-0.00871953,-0.0035938,0.0395755,-0.00299072,-0.123869,-0.00617625,-0.00897353,0.168417,-0.00430498,0.000400439,0.000809567,-0.0251062,0.0141277,-0.00855764,0.0435815,-0.0275542,-0.00315711],[0.0749739,0.112448,0.141307,-0.0209134,0.36926,0.218997,-0.067571,-0.172306,-0.126661,-0.161059,0.362,0.0787672,0.618036,0.0455551,0.0155695,0.734363,0.0310968,-0.00308673,0.103416,-0.284281,0.0449208,-0.00179967,0.334372,0.529662,0.00237259],[0.0772933,0.00284909,-0.0419934,-0.364627,0.539205,0.429149,0.070431,0.0475402,0.0760532,0.0622208,-0.158081,0.23683,2.22566,0.0068916,-0.02978,0.143201,0.130081,-0.045703,0.0944064,-0.363766,0.170753,-0.00915411,0.136843,-0.246809,-0.26678],[-0.0428753,-0.155326,0.171712,0.398445,-0.067563,-0.0784702,-0.0269073,-0.0509641,-0.0507906,-0.138246,-0.473411,0.196054,0.717838,0.0805716,0.0321722,0.688574,0.0122133,0.0914952,-0.184503,-0.30376,0.125509,-0.0115894,0.0565501,0.120812,0.050486],[0.0618542,-0.0764717,-0.133814,0.3371,0.306962,-0.287805,0.0170556,0.0277892,-0.0389665,-0.0495184,-0.514806,-0.0111929,1.82066,0.0591034,-0.000847427,0.519573,-0.063368,0.0735824,-0.0294348,-0.00175572,0.107012,0.00768712,0.124085,0.192407,0.036587],[-0.00771578,-0.0734708,-0.16351,0.0531149,-0.104013,-0.0790102,-0.00842278,-0.0186527,0.0231675,0.0278032,-0.0799589,-0.0917417,-0.90613,-0.025759,-0.020778,-0.258947,-0.00886272,-0.00373516,-0.1169,-0.0505364,-0.0310454,-0.00860881,-0.0562431,-0.0375776,-0.0186342],[0.0173851,0.0432199,0.167816,0.0920155,-0.129739,0.0354516,-0.0572428,0.0605934,-0.0195759,-0.00851718,-0.0520564,-0.0446868,-0.0702649,-0.0112347,-0.026626,0.114006,0.0108732,-0.0177667,-0.0291887,0.0613168,0.0715578,-0.00744246,0.00300484,-0.222485,0.00744511],[0.00594222,0.00381179,-0.00200433,-0.00291872,-0.00556452,-0.00766828,-0.00428003,0.00184411,-0.00282633,-0.003757,-0.0215759,0.015603,0.0105468,0.000302104,0.000614868,-0.00316206,-0.00239945,0.00185399,-0.00980539,-0.0128285,0.00912231,-0.000214918,0.0142111,-0.000951401,0.000329814],[0.509619,0.536436,1.72369,-0.060538,0.422919,1.98678,-0.145862,0.0529838,-0.0973652,-0.16675,-0.172489,-0.0811081,-1.49365,-0.0972996,-0.0317245,-0.849008,0.117837,0.0179455,-0.274959,0.632617,0.767879,0.022086,0.0301441,0.122545,-0.017989],[0.127092,0.250301,0.340884,0.00895521,0.811137,1.58965,0.0229896,-0.0817183,0.0139048,0.0234908,0.131673,0.146081,2.52265,0.0205234,-0.0255549,1.79727,-0.205293,-0.117117,0.150437,0.517454,-0.491917,0.0489481,0.847925,0.141292,0.0994056],[-0.00958427,-0.00332275,0.012993,-0.000957745,-0.0632784,-0.0419536,-0.00863796,0.00254239,-0.0167334,-0.0156968,-0.0107471,-0.016948,-0.11217,-0.00965812,-0.000361389,-0.0812306,0.00668488,0.00281951,-0.016927,-0.0148529,0.0197213,0.00195857,-0.0252275,-0.00551275,-0.00970582],[-0.128652,-0.598232,-0.454057,-0.0226402,-0.106218,-1.3084,0.0197628,0.0306526,0.0200653,-0.00251925,-0.196962,-0.0601973,-2.2267,-0.0345635,0.0682006,-1.91415,-0.0213939,-0.150037,0.0486483,0.627842,-0.468915,0.129414,-0.549411,-0.183827,-0.0902268],[-0.146139,-0.163463,-0.291705,0.0182862,0.0632991,-0.0883593,0.0112706,0.0218916,-0.0239933,-0.0136784,0.135795,0.00322746,1.06315,-0.0389853,-0.05753,-0.0100999,-0.029241,-0.0547833,0.018864,-0.684899,0.0144414,-0.0281722,0.107641,0.0757944,-0.0734994],[-0.0036097,-0.0423176,-0.127883,0.1774,0.139945,-0.0414015,-0.0651286,-0.0380392,-0.0113598,-0.0107462,0.0830005,0.140514,0.222512,0.0212118,0.0319988,-0.291611,0.00186505,0.00234821,-0.162564,-0.363176,-0.0661928,-0.0192552,0.0738028,0.111394,-0.0165875],[-0.0107682,-0.0179359,0.0295617,-0.0101519,-0.0213364,-0.0911338,-0.0155039,-0.00249363,-0.0134864,-0.0170508,-0.0216571,-0.0250886,-0.371491,0.00971886,0.00975232,-0.0351704,-0.0128137,0.0105074,-0.0410476,-0.107305,-0.0268233,0.00512944,-0.0610802,-0.0617379,-0.013424],[0.00268987,0.0579235,-0.0658636,0.0180368,-0.181679,0.0577823,-0.0731289,-0.0175793,-0.0218066,-0.0332498,0.120582,0.0211984,-1.17442,-0.00559784,-0.0150034,0.0230296,-2.69344e-05,-0.0119025,-0.0877761,0.140673,0.0707602,-0.00837006,0.00935127,-0.126085,-0.0254692],[-0.166559,-0.175285,-0.818475,0.777077,-0.620777,-0.0670405,-0.0367187,0.0117545,-0.0218426,0.022628,0.273418,0.0438283,1.70872,-0.00227738,0.00199939,0.180671,0.00954344,0.0172173,-0.239212,-0.0595951,0.0196478,-0.204906,0.283263,-0.377844,0.0237039],[-0.0508176,-0.0584758,-0.0955945,-0.0694274,-0.0535111,-0.136801,-0.0101689,-0.0214224,-0.00385978,-0.00158405,-0.0360609,-0.00763288,-0.888051,-0.0154261,0.00662783,-0.317561,-0.012216,-0.0598272,-0.0521876,-0.0398759,-0.0569642,0.0224726,-0.179448,-0.0410153,0.00694267],[0.0421459,0.051706,0.151342,-0.0445301,0.0900704,0.0266976,0.0742913,0.0185546,0.0323098,0.0339964,-0.0143641,-0.082104,-0.60576,0.0182243,0.0230271,-0.191966,0.0387991,-0.0563527,0.11501,0.0328812,0.04921,0.00584559,0.147811,0.0801158,-0.00781396],[-0.128954,-0.0870751,0.00362761,-0.106927,-0.64468,-0.451507,0.115351,-0.043223,-0.0226761,0.00673225,0.442794,-0.105925,-0.286266,0.0297214,0.0315966,-0.228318,0.0213449,0.0348704,0.00048053,-0.221395,-0.107435,-0.0244279,-0.235632,0.344326,0.0966796],[-0.0263301,-0.0828789,-0.155926,0.0845713,0.181898,-0.156963,-0.0138411,0.00186572,0.000131574,0.0081985,-0.10667,0.0690704,-1.46465,-0.0071126,0.000577293,-0.185493,-0.00222547,0.019319,-0.0950478,0.0701408,-0.16519,-0.000995511,-0.0681478,-0.129115,-0.103699],[-0.0696676,-0.055491,-0.378613,0.0283215,0.050225,-0.131746,0.0232715,0.000171581,0.0162163,0.0149521,0.03335,-0.0707175,0.626537,0.00707297,0.00801004,-0.0112428,-0.0273631,-0.0459922,0.0345763,-0.155073,-0.122247,-0.00821362,-0.164049,0.00349854,-0.0134502],[0.00321796,0.0173948,0.107435,-0.021678,-0.061169,-0.0464931,0.00079394,0.0127755,0.000861646,-0.00115161,-0.0211946,0.00671051,0.0113358,0.00289642,0.00336414,-0.0416404,-0.00660134,0.00481095,-0.010701,0.0118607,-0.0323217,-0.00423216,-0.0192068,-0.000539805,0.00816608],[-0.0680047,-0.0605198,-0.0391946,0.041323,-0.0521476,-0.119231,-0.0143402,0.0100838,-0.0118075,-0.00439113,0.025365,-0.0161978,-0.730535,-0.00813446,0.00509695,-0.15759,0.0203158,-0.0396671,-0.0204083,-0.226888,-0.0877396,-0.0113552,-0.0936,-0.0951125,-0.0335009],[0.00767912,-0.00328607,0.00380653,-0.00432697,0.171203,-0.0507145,-0.00268598,0.00456071,0.00152252,-0.000140725,-0.0164236,-0.0218522,-0.032414,0.00234393,0.00137907,0.0432059,0.00142796,-0.00668131,-0.00349374,0.0425028,-0.0110154,0.0128547,2.26951e-05,-0.0178333,-0.0348573],[-0.00385919,0.00457894,-0.0242523,0.00671024,-0.122822,0.0563932,0.00146716,0.0057356,0.00390376,-0.00244896,0.00203669,0.0222791,-0.177851,0.00887864,0.00163743,0.052095,-0.00152751,-0.0101203,-0.00214351,0.0289624,0.0163637,-0.0105519,0.0443402,-0.0148752,0.0215755],[0.0634835,0.105194,0.302097,-0.102491,0.219582,0.0945413,0.0305604,0.00298459,-0.0545836,-0.0688553,0.0273027,-0.138825,-0.0176654,-0.0273055,-0.0378679,0.470291,0.0157258,-0.0445671,0.177029,0.248457,0.0541952,0.00122065,0.115418,-0.0704294,-0.0465735],[-0.119946,-0.105869,-0.0490078,0.0866247,0.129039,-0.30723,0.121163,0.108023,0.0409869,0.0718938,0.496458,-0.135156,1.31625,0.026306,0.0298509,-0.461347,0.0955971,-0.0784179,0.0518898,-0.110504,-0.161949,-0.043208,0.192924,-0.00848094,-0.09399],[-0.0385318,0.0182118,-0.449577,-0.00381515,-0.51645,0.031762,-0.00857849,0.0708501,-0.0359903,-0.0395867,0.037567,0.0211663,0.0674302,0.0137304,0.0127365,0.13522,0.039099,0.0363321,0.0633876,0.193849,0.0105209,0.0471552,-0.0236251,-0.0914714,0.0119168],[-0.0607,0.0783988,-0.270511,-0.0479647,-0.295438,0.388488,0.0133454,0.0823189,-0.0202807,-0.02156,0.0900903,0.0652673,0.531767,0.0125481,0.0134599,0.376002,0.00297086,-0.00485384,0.0593007,0.0898323,0.0624193,0.0156324,0.131607,-0.108839,0.107362],[-0.0177379,-0.0232877,-0.0442576,0.0514055,0.130767,0.0198569,0.0299765,0.0133674,0.0167859,0.0155967,0.0289412,-0.0155884,0.575859,0.00555155,0.000870672,0.105914,-0.0217477,0.0151413,0.029935,-0.0965834,-0.00125646,0.00358453,0.128526,0.0185296,0.00746471],[-0.0617748,-0.0466499,-0.241191,0.0604203,0.0458404,-0.0734864,-0.0272634,-0.00844779,-0.021262,-0.0184305,-0.0199529,-0.00945491,-0.0226648,0.00226455,-0.00694522,0.191795,0.0231465,-0.00340341,-0.0323579,-0.155195,-0.00180537,0.00928581,0.0112449,0.0217241,-0.0083854],[-0.00294382,0.00228524,0.00592983,-0.0019608,-0.0166562,-0.0114818,0.00195353,3.8166e-08,0.000932812,0.000963429,-0.0134599,-0.00192771,-0.0132098,0.000652521,0.000315733,0.0176864,-0.00313116,-0.00814592,0.00120143,-0.0106606,0.000177949,-0.00109049,-0.0125676,-0.0031834,0.00145129],[-0.0671071,0.0416463,-0.17483,-0.268358,-0.670626,0.0348688,0.164256,-0.152941,0.117443,0.128199,-0.118459,0.00973596,2.11461,0.0462437,0.022942,0.305027,0.0702793,-0.0718044,0.157395,-0.0770895,-0.000787617,0.00577805,-0.198305,0.077942,0.170617],[-0.186646,-0.182531,-0.468564,-0.205047,-0.403483,-0.428318,-0.135897,0.025931,-0.08037,-0.100743,-0.179465,0.199703,-1.68034,0.0177591,-0.0312692,0.180351,-0.155993,-0.0846562,-0.231765,-0.364103,0.0125714,-0.00713198,-0.4314,-0.0316446,-0.116341],[-0.00831921,0.00336427,-0.0126031,-0.00753136,-0.0338288,-0.0176002,0.00287665,0.00320873,0.000306842,0.000574564,-0.000785786,-0.00093875,0.0364236,0.00199456,0.000512135,0.00538387,0.00941856,-0.00326383,0.0143915,0.0140229,-0.0226,-0.00142931,-0.00787254,0.00140351,-0.000330719],[-0.0137752,-0.0433846,-0.82023,0.264499,0.252225,-0.215624,0.0782607,-0.0609808,-0.0210947,0.00396358,0.662321,-0.13125,0.19565,-0.000223393,-0.0138006,0.0610081,-0.145505,-0.0636467,0.204845,-0.0452514,-0.14745,0.0919006,0.0898988,-0.0484373,0.0253173],[-0.00820287,0.0361639,0.206032,-0.0651112,0.0524341,0.294477,-0.000539641,-0.0498281,-0.00168407,-0.0105564,0.0969347,0.0932292,0.576627,0.0177458,0.0220837,0.0199996,0.0524907,-0.134375,0.0366089,-0.0960209,0.108624,0.0476122,-0.0526951,0.354249,0.00620765],[-0.0291524,-0.0546566,-0.108307,-0.0234478,-0.00924679,-0.11654,-0.0195609,-0.012746,-0.00672567,-0.0132912,-0.00378868,-0.00369459,0.00373483,0.00319323,0.0159803,-0.221069,-0.00353576,-0.0122478,-0.0372893,-0.0397148,0.0201248,0.00390126,-0.0543383,0.0414729,-0.0215871],[0.00639682,0.00846139,-0.054331,0.0337802,0.104422,-0.00937717,-0.00743369,0.00229978,-1.4085e-05,0.000334377,0.015333,-0.0166948,0.0592069,0.00887264,-0.00402866,0.103427,-0.00381203,0.00152937,-0.0547475,-0.055202,0.00570392,-0.00598381,0.0628137,-0.0251296,-0.000648492],[-0.0257229,-0.0222221,-0.0547522,-0.0823654,0.0689002,0.000130229,-0.038628,-0.0032861,-0.0125759,-0.0105756,0.016355,-0.00915115,-0.355657,-0.0206999,-0.0101858,-0.141797,-0.0358288,0.0137109,-0.0332703,0.0887402,-0.0641171,0.00134144,-0.0488189,-0.0977981,-0.0180975],[0.322396,0.260791,1.16059,-0.138758,0.775363,0.743211,0.183678,0.045387,0.0191567,0.0123452,-0.102208,-0.0743124,1.88037,-0.0196954,-0.00416262,0.768351,-0.121817,0.31925,0.393131,0.884291,0.404004,0.0697183,0.434161,0.156988,-0.0225794],[0.0315284,0.00553965,0.04293,-0.0524016,0.0150336,0.0471775,0.000538729,-0.0248373,0.00997638,0.00710978,0.0408332,0.0041241,-0.059313,0.00287512,0.00439627,-0.0977212,0.0042442,-0.0442378,0.0184363,0.152773,-0.0782621,0.00589902,-0.108043,-0.0407114,0.0056318],[0.0361926,-0.018083,0.032682,-0.0489537,-0.0602582,-0.0908451,-0.0218397,0.0243762,-0.00614778,-0.00715005,-0.0564881,0.0343363,-0.379452,0.00135622,-0.00130772,0.00967151,0.0192171,-0.0239506,-0.0382153,0.0739762,0.0289818,-0.0113055,-0.113689,-0.0508819,-0.00789443],[-0.0734338,-0.00358435,-0.159406,-0.193809,0.326687,-0.207989,0.0654721,0.0828979,0.0253899,-0.0231659,-0.0528193,0.0509012,-0.185354,-0.0355487,0.00311355,-0.729421,0.0264719,0.00447098,0.0551632,-0.114615,-0.0309607,-0.00285136,-0.04753,-0.127113,0.0361646]],"sigmahat":[[0.601073,0.531054,1.37043,-0.296211,0.862274,0.822446,0.0445339,0.00678596,0.038487,0.0192066,-0.0655434,-0.0314544,2.59288,0.024295,-0.026984,0.834929,0.075951,0.0922019,0.118335,1.02793,0.266421,-0.00824412,0.562949,0.211778,0.0332578],[0.531054,1.08408,1.7528,-0.335762,0.661864,1.26783,0.00250368,0.00590947,0.0356667,0.00341149,0.173128,0.05372,2.41365,0.0495091,-0.0236907,1.5572,0.0897773,0.158988,0.0308034,0.911166,0.480247,-0.0446955,0.770128,0.319798,0.0872556],[1.37043,1.7528,7.9418,-2.02617,1.56396,3.02499,0.120755,0.0332813,0.223631,0.149886,-0.197556,-0.0518353,4.72771,-0.0494625,-0.101029,2.15247,0.30665,0.1527,0.483429,2.25607,0.556769,-0.0819529,0.919763,0.433807,0.0432293],[-0.296211,-0.335762,-2.02617,2.06949,-0.211347,-0.513486,-0.0234587,0.0629948,-0.0991299,-0.0691275,0.237226,0.0658722,0.655332,0.0625105,0.051623,-0.341056,-0.0859779,0.181788,-0.284693,-0.851598,0.441903,-0.044737,0.736408,0.00845834,0.0532445],[0.862274,0.661864,1.56396,-0.211347,7.15019,2.80585,0.191161,-0.136749,0.127876,0.0882496,0.192813,-0.186557,11.1359,0.0703857,-0.0240018,3.13281,-0.00517851,0.323982,0.480614,0.659995,0.145969,0.0132532,1.88785,0.733987,-0.374133],[0.822446,1.26783,3.02499,-0.513486,2.80585,5.41673,-0.0308683,-0.102169,0.137312,0.0689465,0.663579,0.171065,7.5878,0.0633735,-0.0641797,4.24553,0.101233,0.308506,0.186028,0.539871,0.973532,-0.0712282,1.79511,0.539694,0.153654],[0.0445339,0.00250368,0.120755,-0.0234587,0.191161,-0.0308683,0.209246,-0.0164064,0.054942,0.0566978,-0.238557,-0.0915715,2.2256,0.0261746,0.018808,0.0868288,-0.0143354,-0.0057124,0.302408,0.36769,0.022361,0.0269598,0.166557,0.173841,0.00746389],[0.00678596,0.00590947,0.0332813,0.0629948,-0.136749,-0.102169,-0.0164064,0.143796,-0.00492657,0.00176087,-0.0807247,-0.00756027,-0.0773094,-0.00993293,-0.00638976,-0.202059,0.00975622,0.0251212,-0.0333248,-0.0399045,0.0554104,-0.0153314,0.0964402,-0.103967,0.00100175],[0.038487,0.0356667,0.223631,-0.0991299,0.127876,0.137312,0.054942,-0.00492657,0.0788526,0.0754052,-0.0965245,-0.0254453,0.985648,0.0114487,-0.00237018,0.223247,0.00751205,-0.00666736,0.0509505,0.139851,0.0266431,0.000596377,0.0466223,0.00862658,0.0252616],[0.0192066,0.00341149,0.149886,-0.0691275,0.0882496,0.0689465,0.0566978,0.00176087,0.0754052,0.0934417,-0.0947477,-0.0418235,0.957015,0.00644296,-0.00812015,0.187231,-0.000742761,-0.0016112,0.0590038,0.112647,0.0135145,0.00318425,0.0400286,-0.00505963,0.0149083],[-0.0655434,0.173128,-0.197556,0.237226,0.192813,0.663579,-0.238557,-0.0807247,-0.0965245,-0.0947477,2.56,0.204605,0.250876,0.0201421,-0.0510306,1.84081,-0.00336634,0.140337,-0.243972,-1.16814,-0.14645,-0.105134,0.163074,0.240229,0.0569128],[-0.0314544,0.05372,-0.0518353,0.0658722,-0.186557,0.171065,-0.0915715,-0.00756027,-0.0254453,-0.0418235,0.204605,0.760275,-1.38431,0.0252533,0.0211076,0.0780491,-0.0167215,0.0801453,-0.139849,-0.452581,0.0652041,-0.0263546,-0.0188211,-0.0274674,0.0477356],[2.59288,2.41365,4.72771,0.655332,11.1359,7.5878,2.2256,-0.0773094,0.985648,0.957015,0.250876,-1.38431,118.344,1.16759,-0.297911,28.1571,0.0241892,0.932,3.81708,7.00423,2.50552,-0.109425,9.03075,7.05771,0.625902],[0.024295,0.0495091,-0.0494625,0.0625105,0.0703857,0.0633735,0.0261746,-0.00993293,0.0114487,0.00644296,0.0201421,0.0252533,1.16759,0.0596993,0.0317006,0.395629,0.0131939,0.0116698,0.0201361,0.0619618,0.0369189,0.00694758,0.17263,0.120387,0.0176785],[-0.026984,-0.0236907,-0.101029,0.051623,-0.0240018,-0.0641797,0.018808,-0.00638976,-0.00237018,-0.00812015,-0.0510306,0.0211076,-0.297911,0.0317006,0.0607705,-0.414249,0.0180393,-0.00461172,0.00500158,-0.0429536,-0.0310446,0.0161037,0.0371055,0.0415382,0.0135062],[0.834929,1.5572,2.15247,-0.341056,3.13281,4.24553,0.0868288,-0.202059,0.223247,0.187231,1.84081,0.0780491,28.1571,0.395629,-0.414249,18.2887,-0.128056,0.376898,0.420481,0.8042,1.06117,-0.159726,2.93671,1.64637,0.118409],[0.075951,0.0897773,0.30665,-0.0859779,-0.00517851,0.101233,-0.0143354,0.00975622,0.00751205,-0.000742761,-0.00336634,-0.0167215,0.0241892,0.0131939,0.0180393,-0.128056,0.22235,0.00138775,-0.00621079,0.182619,0.0542915,0.00358972,0.0878016,-0.00129942,-0.0185818],[0.0922019,0.158988,0.1527,0.181788,0.323982,0.308506,-0.0057124,0.0251212,-0.00666736,-0.0016112,0.140337,0.0801453,0.932,0.0116698,-0.00461172,0.376898,0.00138775,0.316222,-0.0177676,-0.0164084,0.16378,-0.0138036,0.498978,0.145847,-0.0135719],[0.118335,0.0308034,0.483429,-0.284693,0.480614,0.186028,0.302408,-0.0333248,0.0509505,0.0590038,-0.243972,-0.139849,3.81708,0.0201361,0.00500158,0.420481,-0.00621079,-0.0177676,0.995225,0.779464,-0.109191,0.0748049,0.248806,0.393726,-0.0571399],[1.02793,0.911166,2.25607,-0.851598,0.659995,0.539871,0.36769,-0.0399045,0.139851,0.112647,-1.16814,-0.452581,7.00423,0.0619618,-0.0429536,0.8042,0.182619,-0.0164084,0.779464,5.33285,0.209421,0.130193,0.414135,0.425496,0.0505679],[0.266421,0.480247,0.556769,0.441903,0.145969,0.973532,0.022361,0.0554104,0.0266431,0.0135145,-0.14645,0.0652041,2.50552,0.0369189,-0.0310446,1.06117,0.0542915,0.16378,-0.109191,0.209421,1.58102,0.0120139,0.811994,0.388673,0.191527],[-0.00824412,-0.0446955,-0.0819529,-0.044737,0.0132532,-0.0712282,0.0269598,-0.0153314,0.000596377,0.00318425,-0.105134,-0.0263546,-0.109425,0.00694758,0.0161037,-0.159726,0.00358972,-0.0138036,0.0748049,0.130193,0.0120139,0.0660923,-0.103157,0.0135455,-0.0114809],[0.562949,0.770128,0.919763,0.736408,1.88785,1.79511,0.166557,0.0964402,0.0466223,0.0400286,0.163074,-0.0188211,9.03075,0.17263,0.0371055,2.93671,0.0878016,0.498978,0.248806,0.414135,0.811994,-0.103157,3.72348,0.742168,0.130295],[0.211778,0.319798,0.433807,0.00845834,0.733987,0.539694,0.173841,-0.103967,0.00862658,-0.00505963,0.240229,-0.0274674,7.05771,0.120387,0.0415382,1.64637,-0.00129942,0.145847,0.393726,0.425496,0.388673,0.0135455,0.742168,1.48982,0.0836573],[0.0332578,0.0872556,0.0432293,0.0532445,-0.374133,0.153654,0.00746389,0.00100175,0.0252616,0.0149083,0.0569128,0.0477356,0.625902,0.0176785,0.0135062,0.118409,-0.0185818,-0.0135719,-0.0571399,0.0505679,0.191527,-0.0114809,0.130295,0.0836573,0.269593]],"n":25,"lags":3}