{"betahat":[[0.0246858,-0.0196988,0.0117338,-0.00882378,-0.161783,-0.0152001,-0.0233153,-0.0844301,-0.0132523,-0.0161506,0.28921,0.807742,-0.858622,-0.0232922,-0.0150439,1.12434,1.85171,-0.00882896,-0.210761,-0.0962752,-0.0411854],[0.0301559,0.00329232,0.0814117,-0.138097,-0.0226391,0.0159578,0.0180823,-0.057354,0.00611477,-0.00168221,0.215117,-0.117963,1.90575,-0.00389509,-0.00584638,0.510027,-0.0842583,-0.00257376,-0.0336168,0.120566,0.0321051],[0.0486946,0.143369,0.264075,-0.0818182,0.153103,0.201517,0.0012507,-0.0331709,-0.00262069,-0.00858351,-0.118861,0.0941504,0.160065,0.0220026,0.0149956,-0.358566,-0.0784481,0.0201087,-0.237098,0.0260187,-0.0282867],[-0.00529747,-0.0213373,0.00305017,0.000446194,0.0149483,-0.0161662,0.00422248,0.00438585,0.00479272,0.00532556,-0.0593353,-0.0650045,0.0969313,0.00411144,0.00133986,0.00335535,0.0223741,0.00504034,0.0288254,-0.00134119,-0.00757531],[0.021967,0.0656595,0.00556752,0.0949445,-0.0654415,0.123468,0.00277316,-0.012034,-0.00797909,-0.00350763,-0.0542361,0.0639565,0.928099,0.006981,-0.00251425,-0.0110151,0.0530951,-0.00618355,-0.0308969,0.0546625,-0.0276021],[0.0187677,0.00587763,-0.0268459,0.0216054,0.0336022,0.0698764,0.0048307,-0.0156181,0.007947,0.00748019,0.125479,0.00393873,0.505542,0.00221274,0.00307672,0.0414523,-0.0925803,-0.00282642,-0.0317769,0.0161151,0.109825],[0.0128543,0.0112262,0.0582161,-0.0327589,0.136544,0.105855,0.0153722,-0.00667858,0.0121289,0.0132478,-0.0427982,-0.0361624,0.499407,0.00175084,0.00580392,-0.214197,-0.0667665,0.00621619,-0.088337,0.0317458,-0.0260328],[-0.0303039,-0.0954052,-0.0302756,-0.0136853,-0.213848,-0.190572,0.225987,0.11735,0.159982,0.19274,-0.120268,-0.11208,-2.56884,-0.0165478,0.0279026,-2.26917,-0.31163,0.0185529,-0.361643,-0.434758,0.0520579],[-0.00681211,0.0420932,-0.0963057,0.100005,0.0424677,-0.157196,-0.0275583,0.361114,-0.0247081,-0.0268356,-0.645998,-0.189777,-1.48457,0.0104471,0.0127657,-0.788954,-0.564913,0.00986784,0.208296,0.407389,0.115361],[0.0117299,-0.037552,0.0634421,-0.0576217,0.0573307,-0.00930184,0.0246455,0.00320609,0.051503,0.069129,-0.0918226,-0.224064,-0.495394,-0.0188408,-0.00154429,-0.736703,-0.0998133,0.000637986,-0.052693,-0.0304602,0.034362],[0.0112328,-0.0169933,0.0869229,-0.0458877,0.077395,-0.00371336,-0.00498662,-0.0019665,0.0353709,0.0496182,-0.0808148,-0.177252,-0.633643,-0.0175539,-0.00616639,-0.256126,-0.0650374,-0.000377729,-0.0501928,-0.024676,0.0322759],[0.00533518,0.00687387,0.0131218,-0.00487711,-0.00599571,0.00767704,-0.0062268,-0.00350281,-0.00828914,-0.00876426,0.273997,0.109135,-0.304798,-0.00281343,-0.00053851,0.00690064,0.024603,-0.00423191,-0.0271381,0.0369843,0.00153159],[0.000919263,0.00430857,-0.00442065,-0.000197179,-0.000130934,0.00128564,0.0014375,-0.00647151,0.00131276,0.00088701,0.166443,0.590911,-0.629015,0.00092532,0.000339922,0.15541,0.0449985,-0.000285852,0.0216504,0.00532893,0.00094046],[0.000614416,0.00160968,0.000524521,0.000452304,0.00258988,0.00376435,2.50722e-05,-0.000721679,6.043e-05,9.32156e-05,-0.00563772,-0.00425601,0.184405,0.00051738,0.00018256,-0.000511727,0.0104364,0.000159322,-0.000743845,0.000943261,0.000475887],[-0.0310235,0.0187941,-0.12255,0.0177882,0.0886198,-0.0353654,0.0309659,-0.00273824,0.0337228,0.0297815,-0.493328,-0.189903,0.535786,0.0508118,0.0376155,-0.211527,-0.0934763,0.0392634,-0.00844424,-0.264825,0.0441455],[-0.0455785,0.0260312,-0.0695774,0.0332731,-0.330243,-0.36279,0.0474444,0.00957356,0.00854724,0.00221779,-0.383872,-0.0734121,-0.655944,0.0264322,0.051564,-1.295,0.0953026,0.0327023,-0.177823,-0.194917,0.0264467],[0.00236196,0.00100354,-0.000978758,-0.000265641,0.0122201,0.00995331,-0.00174791,-0.00458286,-0.000312138,-0.000538179,0.0183811,0.00408774,0.0126556,0.000288935,-0.00105977,0.27279,0.0313477,-0.00089387,0.0105511,0.00422542,0.00617827],[-0.00211077,-0.00207533,-0.00296998,0.00834388,0.0182981,-0.0076917,0.00475848,-0.0162555,0.00332527,0.00365588,-0.00941164,0.0588981,0.988157,0.00162405,0.000988912,0.316642,0.579841,0.00193797,-0.000597312,0.0295121,-0.00496457],[-0.0270697,-0.0186436,-0.037028,-0.117144,-0.0340942,-0.128046,0.0164639,-0.00719649,0.0216825,0.0161895,-0.441583,-0.0163431,-0.183609,-0.00220998,-0.00561241,-0.68322,0.077525,0.0474154,-0.00977414,-0.142545,0.0621449],[0.0118634,0.0330827,0.00706074,0.0627936,0.0972247,0.0836972,0.000477547,0.0183002,0.00704669,0.00773229,-0.0294794,0.023106,1.10976,0.0142752,-0.0123573,0.869255,0.101768,-0.020271,0.210693,0.0700262,0.0123192],[-0.0205947,0.00401044,-0.0175818,0.00511062,0.00606052,0.0292465,0.0116634,0.0455457,0.00029713,-0.00291252,0.188138,0.056177,1.10346,0.00754879,0.00205207,0.0714758,0.128031,0.00612425,0.0473025,0.124482,0.0141598],[0.027908,-0.00475367,-0.080569,0.0986035,0.0587023,0.129521,-0.0432506,-0.039921,0.0276011,0.0313886,0.216062,-0.206302,-0.500698,0.00499623,0.00555327,1.04149,0.0112541,0.0226536,-0.0878717,0.075877,0.559923],[-0.0191781,-0.022374,-0.0382757,0.0197442,0.0189013,0.0159879,-0.00427231,-0.00260954,-0.00220678,0.00151573,0.0968427,-0.0118158,0.581423,0.000595035,-0.00139651,0.120396,-0.045432,-0.000519208,0.000398041,0.0368124,-0.0204805],[0.00829591,0.0156686,0.0483664,-0.022839,0.00218841,0.0323034,-0.0016852,-0.0102905,-0.000698799,-0.000886601,-0.0563245,-0.00525097,-0.102692,0.00191062,0.0052663,-0.205358,-0.000564977,0.00862153,-0.0520372,0.00966876,-0.0163614],[-0.00137784,-0.00553708,-0.0121407,0.00756364,0.00628504,-0.000383967,-0.000236554,-0.000173009,0.000112565,0.000729185,0.0113628,-0.00473025,0.0665063,0.000207774,0.000263019,-0.0240438,-0.00765585,0.00154334,0.00410513,0.00845258,0.000140464],[0.00905811,0.0262628,0.00405865,-0.0253853,0.0156721,0.0235479,0.00912457,-0.00239242,0.00345542,0.00218408,0.00449123,0.00484657,0.122376,-4.60974e-06,0.00019729,-0.0212261,0.00234171,0.00424864,-0.00865552,0.00930656,-0.00617809],[2.31425e-05,0.00383322,0.00156782,-0.00274379,-0.00668412,0.0157459,-0.00355513,-0.00329845,-0.00166534,-0.000347674,0.00763273,0.00759619,0.0955412,-0.00160252,0.000607089,-0.0543627,-0.0307634,-0.00370949,-0.0256755,-0.00599855,-0.0173242],[0.00141164,-0.00122155,0.0204015,-0.00427421,0.00476739,-0.00325322,-0.000104182,-0.000256748,0.000100234,0.00165721,-0.00832321,-0.0188906,0.0202301,-0.0022359,0.0012101,-0.086301,-0.0178116,0.00121683,-0.0242469,0.00077438,-0.00868142],[-0.0194158,-0.026816,-0.0688095,0.00918163,-0.0692594,-0.160053,-0.0516858,-0.0391067,0.00108746,0.00870508,0.0795456,0.0389156,-0.437684,0.00268696,0.0110076,-0.291258,0.0193225,-0.00225585,-0.0645047,0.0739961,0.016693],[0.0124498,0.00130379,-0.030234,-0.020899,0.103174,0.0373222,-0.00249804,0.0588159,0.00585761,0.00205049,-0.282364,-0.0350116,-0.125887,0.00143511,-0.00846527,-0.0459153,-0.113271,0.00140354,0.105103,0.0628579,-0.0294593],[-0.00197013,-0.00430035,-0.000347354,0.00477929,-0.00782073,-0.0368418,-0.0189208,-0.000684486,-0.00185512,0.000238638,-0.0569208,-0.0295277,0.114037,-0.000548698,-0.000708728,-0.0218815,0.0230533,-0.000479917,-0.000648202,-0.00344688,0.0118205],[-0.000420122,-0.00615443,-0.0173215,0.00457377,-0.0324774,-0.0637121,-0.0185836,0.000111229,-0.00571725,-0.00415112,-0.0355727,-0.0277168,-0.0583741,-0.00184922,-0.00109245,-0.0700189,-0.0193082,-3.74469e-05,-0.0432114,-0.00675309,0.00249908],[0.00151633,0.000383362,0.00469129,-0.000531918,-0.0076191,-0.00097956,-0.000606835,-0.000107677,-0.00139282,-0.00159698,0.0495235,0.0221066,-0.0985284,-0.000796824,-0.000134924,-0.017718,0.00388688,-0.00093479,-0.0073735,0.00757946,0.000479024],[0.000561021,-0.000723653,0.00165731,-0.00102179,-0.00159005,-0.00132357,0.000620014,0.00036651,0.00123977,0.00160661,0.0236697,0.131664,-0.165479,-5.03371e-05,-0.000765756,0.072332,0.00806914,0.000561565,0.0091012,-0.0016014,0.00315507],[0.000325059,0.000632676,0.000562721,-0.00031717,0.000225717,0.000241281,-0.000359558,-0.000338662,-0.000182854,-0.000189503,-0.00122,-0.00014835,0.0363018,5.43977e-05,8.65996e-05,-0.000441175,0.00323948,6.28306e-05,-0.000921541,-5.93359e-05,-0.00014014],[0.0246913,0.0408815,0.0524647,-0.0067464,0.0640239,0.0822895,-0.00898408,-0.00957726,0.00190596,-0.000220896,-0.0892891,-0.0199552,0.13546,0.00196396,0.00186609,-0.0646574,0.0205973,0.00684878,-0.00502336,-0.0204481,0.021541],[0.0223753,0.0463525,0.0682317,-0.00512037,-0.00515434,0.0427575,0.014691,-0.000766451,0.00985357,0.0101625,-0.0669854,-0.0106296,0.194461,0.00496675,0.00403688,-0.269401,0.0146249,0.00830037,0.00171951,-0.0102746,0.0346392],[0.000487273,0.00017314,0.00150838,-0.000296441,0.000278446,-0.000178458,-0.000659135,-0.000980238,-0.000518807,-0.00055184,0.00513654,-0.00130645,-0.0304166,-0.000334877,4.04132e-05,0.0464759,0.0069159,-0.000244583,-0.00191377,0.000142537,0.00064961],[-0.0014315,-0.00154549,-0.00763717,0.00236202,0.00200472,-0.00350145,4.02784e-05,-0.00453894,0.000540034,0.000525702,0.0020927,0.016394,0.197147,0.000771241,0.000686078,0.0585647,0.128709,0.00094342,-0.00637697,0.00337539,-0.00231811],[-0.00642277,-3.86446e-05,0.0127498,-0.0165761,-0.0116427,0.00684061,-0.00562809,-0.00465012,0.00385212,0.00331933,-0.0407665,-0.00238291,0.0507127,-0.00204849,-0.00494009,-0.145451,-0.0369392,-0.00388892,-0.00596766,-0.0240884,0.0155108],[0.0099093,0.0138063,0.0165417,0.010305,0.038217,0.0412879,-0.00405531,-0.0011171,0.000670371,0.000949659,-0.0149124,0.0136861,0.167369,0.00221145,-0.000591365,0.195405,0.0176198,-0.00182539,0.0230491,0.0288674,0.0102121],[0.00351059,0.0163448,0.0245073,-0.0111407,0.0175572,0.0299129,0.00881695,0.0120406,0.0033922,0.00294259,0.0557573,-0.0173844,0.200719,0.00314151,0.0047813,-0.0305211,0.0299466,0.00357438,0.0125695,0.0424508,0.0125098],[-0.017543,-0.00298661,0.0460218,-0.0131083,-0.106421,-0.0677371,0.0149216,0.0141504,-0.00029227,0.00736154,0.197409,-0.177719,-1.006,0.011089,0.00764288,0.0907115,-0.1087,0.00349224,-0.0564535,0.0988159,0.137192],[-0.0134945,-0.0190258,-0.0531975,0.0258433,-0.00764212,-0.0377271,-0.00750765,0.00101248,-0.00383219,-0.00181712,0.0378783,-0.00566308,0.0909995,0.000341274,0.000304383,-0.0195318,-0.0155351,0.000532489,-0.0226743,0.0171834,-0.0247552],[-0.00349231,-0.00822068,-0.0175018,0.00164377,0.00787609,0.00308057,0.000764189,-0.0032414,0.00334281,0.00342245,-0.0184929,-0.0122544,0.0106249,0.0022603,0.00237477,-0.127733,-0.0230016,0.00258294,-0.0208554,0.00568799,-0.00201332],[-0.00355069,-0.0072962,-0.0193855,0.00924618,-0.0082158,-0.0179513,-0.000115532,0.00230469,-0.000462556,-0.000466809,-0.000239386,-0.00567369,-0.00325947,0.000924323,0.0008809,-0.0275728,-0.0095902,0.000694036,-0.00626738,0.000402696,0.00112778],[0.00646662,0.0145318,0.0276506,-0.0160427,0.0153559,0.0174943,0.00215623,-0.00175585,-9.88454e-05,0.000652193,0.0107273,-0.00611055,0.00560221,-0.00154621,-0.00072707,-0.0342155,-0.0100133,0.00106074,-0.0100819,-0.00553565,-0.00651413],[0.000323775,-0.000306128,-0.00362727,6.40274e-05,-0.00338588,-0.00622896,-0.00126001,-0.000574063,-0.00144435,-0.000797392,0.00366251,0.00141955,0.0400424,0.000377188,0.00160939,-0.0211533,-0.011193,-0.000660387,-0.0124707,0.00320815,-0.0092353],[0.00190825,-0.000470213,0.00808173,-0.00297916,-0.00938614,-0.00702276,0.0015275,0.0030744,0.000981418,0.00109749,-0.00629671,-0.000945648,-0.0185497,-0.0003073,0.000720098,-0.029841,-0.0101032,0.000216092,-0.0047984,-0.000711016,-0.000584167],[-0.00850034,-0.00800504,-0.0131247,-0.023975,-0.0744406,-0.0903245,-0.00465591,-0.00430011,0.00127941,0.0032645,0.00587574,-0.00795107,-0.0940428,-0.00179557,-0.00426346,-0.0417834,0.00831643,0.00257859,-0.0205641,-0.0172762,0.0107166],[-0.000183285,-0.00109909,0.00560534,-0.00662369,0.0864805,0.042631,0.0209642,0.034348,0.0116882,0.0118935,-0.131038,-0.0569789,0.313151,0.00263494,-0.0016183,0.0119572,-0.074698,-0.00270779,0.0724659,0.0560859,-0.00460682],[-0.00870685,-0.00864765,-0.0328272,0.00517145,-0.0381283,-0.0403047,-0.00668339,0.0011481,-0.0032209,-0.00232269,-0.0256303,-0.0356653,-0.0296005,0.000149723,-0.000445739,0.0518006,-0.00816006,6.56631e-05,-0.0059592,-0.00883423,0.00171897],[-0.00569998,-0.00412175,-0.0133442,-0.00172833,-0.0268968,-0.0274811,-0.0058329,0.000302956,-0.00297032,-0.00249363,0.00453623,0.00273799,-0.120717,0.000150449,-0.000535555,0.0230906,-0.0171053,9.27541e-05,-0.000504343,-0.00888439,0.00235374],[0.00110543,6.25573e-05,0.00364186,-8.13049e-05,-0.00446456,-0.00152462,0.000151206,0.00100947,-0.000394785,-0.000535217,0.0161888,0.00800451,-0.0512058,-0.000407359,3.38675e-05,-0.0184623,0.00169256,-0.000136018,-0.0012483,0.0027625,0.000938302],[-0.00102895,-0.00145187,0.000642287,-0.000204422,-0.000720917,-0.00135859,-7.93572e-05,0.000173561,0.000489462,0.000759834,0.00560506,0.0497232,-0.0943969,-9.75188e-05,-0.000255147,0.0404631,0.000380875,0.000460977,0.00233224,-0.000881923,0.0023319],[6.6615e-06,0.000216704,9.94207e-05,-0.000311911,-0.000605775,-0.000547209,-8.6933e-05,-7.4005e-05,-5.66762e-05,-6.67984e-05,-0.0014445,-0.000478367,0.01366,2.99049e-05,6.73919e-05,-0.00127187,0.000915219,1.75388e-05,-0.000575777,-0.00021903,0.000102045],[0.00503292,0.012406,0.0199063,-0.00543395,-0.00382129,0.0100731,-0.00235396,-0.00707211,-0.000404564,-0.000404341,-0.0671405,-0.0232228,0.128331,-0.00146139,-0.00222583,0.021842,0.0222591,-0.000653514,-0.015591,-0.00528314,0.00874745],[0.00542383,0.00680322,0.0193477,-0.0140045,-0.0219147,0.00759399,0.00336639,0.000341489,-0.00106207,-0.00234764,-0.016048,-0.0180975,0.0985611,-2.95971e-05,-0.00360784,-0.00799805,0.0143978,0.00217727,-0.0108736,-0.00475243,-0.00023946],[-0.000211165,-9.16039e-05,-0.000421935,3.78399e-05,-0.0011481,-0.000928268,-0.000139025,-0.000491833,-0.00017088,-0.000165288,0.00283743,0.000326595,-0.0134329,-0.000129497,9.7924e-05,0.0174439,0.0032411,-0.000118433,-0.00100602,0.000897986,0.000359631],[-0.00128743,-0.00135242,-0.00252769,-0.000387828,-0.00079159,-0.00343499,-0.000812725,-0.00167488,-9.18728e-05,-1.76144e-05,-0.00339845,0.00507739,0.0764312,4.69204e-05,0.000195345,0.0140388,0.0511854,0.000284497,-0.00401909,-0.00400531,-0.00140659],[0.00312208,-0.00195811,0.00308175,0.00696239,0.0156031,-0.00010485,0.000313975,0.00116625,0.00212319,0.0011756,-0.0507454,-0.0269243,0.11417,-0.000908395,-0.00108728,-0.0265046,0.0220026,-0.00499282,0.00913419,-0.00603535,0.00839723],[0.00545265,0.00523757,0.00363962,0.00361776,0.0162172,0.0163789,-0.00129632,-0.00383479,0.0014293,0.00141346,-0.00703725,-0.00118754,0.0726764,0.000966619,0.000565894,0.0625931,-3.53068e-05,-0.000271962,0.00405967,0.00923286,0.00301934],[0.00331888,0.00557162,0.0159334,-0.0105116,-0.0110928,-0.00101729,-0.00259148,0.00798787,0.000208874,0.000106101,0.011736,-0.00192895,0.0614434,-0.000112365,0.000960499,-0.0364405,0.0204796,-0.000207267,-0.00668461,0.00572167,0.00682805],[-0.0169778,0.0161675,0.0106521,-0.0237101,-0.0231168,-0.0498763,0.0114954,0.0387334,0.00204898,-0.00125216,0.0879762,-0.0723571,-0.887908,0.0019271,0.00356085,-0.18713,-0.082431,0.00233764,-0.043649,-0.0380123,0.0664618]],"sigmahat":[[0.866056,0.647601,1.71612,-0.419414,2.20334,1.8201,0.0348507,-0.215824,0.0656471,0.0263278,1.26244,1.73138,4.94895,-0.0215554,-0.0493517,4.71684,1.67445,-0.0535181,0.411869,0.528977,0.154416],[0.647601,1.22486,1.94105,-0.660523,1.41398,2.07563,-0.0653508,0.0253964,-0.0473562,-0.103988,0.156212,-0.885096,2.84541,0.00209836,-0.0440442,1.86647,-0.69811,-0.0271189,0.468899,0.526436,0.10935],[1.71612,1.94105,8.57366,-2.44463,2.67141,4.77106,0.242949,-0.121782,0.192574,0.130932,-0.0616372,-0.782583,6.91043,-0.122214,-0.0919245,2.05806,0.0219686,-0.0973277,0.37726,0.796006,-0.0582799],[-0.419414,-0.660523,-2.44463,2.25358,-0.633473,-0.924883,-0.0948899,-0.159029,-0.091005,-0.0455594,2.08111,4.15551,0.968839,0.0230921,-0.030211,5.5052,4.83052,-0.121411,1.0946,0.206808,-0.0160158],[2.20334,1.41398,2.67141,-0.633473,14.9466,6.94223,0.296894,-0.678067,0.462822,0.33652,4.79878,4.85828,32.7335,0.10085,-0.118656,19.4082,4.49458,-0.095285,2.22767,2.04733,0.137696],[1.8201,2.07563,4.77106,-0.924883,6.94223,9.61705,0.0888415,-0.770646,0.262519,0.159517,3.76091,2.9095,29.0032,0.0162767,-0.205566,16.6047,3.81443,-0.163007,1.82624,2.19098,0.653197],[0.0348507,-0.0653508,0.242949,-0.0948899,0.296894,0.0888415,0.438383,0.0227384,0.191908,0.199753,-0.545766,0.15192,3.21923,0.0255906,0.0371083,-1.56761,0.149892,0.0384748,0.00285757,-0.144819,-0.0448601],[-0.215824,0.0253964,-0.121782,-0.159029,-0.678067,-0.770646,0.0227384,5.81811,-0.00903153,-0.0182855,-26.7332,-61.2832,-61.5497,-0.0404482,0.0122729,-74.8493,-73.2206,0.029503,1.58432,-1.05746,2.10868],[0.0656471,-0.0473562,0.192574,-0.091005,0.462822,0.262519,0.191908,-0.00903153,0.183629,0.199717,-0.583546,-0.534317,2.41831,0.00911191,0.00428497,-0.51944,-0.222827,0.0198761,0.0355437,-0.110162,0.1932],[0.0263278,-0.103988,0.130932,-0.0455594,0.33652,0.159517,0.199753,-0.0182855,0.199717,0.235661,-0.527639,-0.519294,2.28745,0.000404698,0.000391585,-0.673145,-0.231534,0.0197587,-0.0132455,-0.133983,0.199552],[1.26244,0.156212,-0.0616372,2.08111,4.79878,3.76091,-0.545766,-26.7332,-0.583546,-0.527639,195.933,372.964,121.382,-0.0114957,-0.222897,407.101,343.154,-0.707448,-5.14191,13.2617,-2.3408],[1.73138,-0.885096,-0.782583,4.15551,4.85828,2.9095,0.15192,-61.2832,-0.534317,-0.519294,372.964,858.277,426.131,0.0925799,-0.641521,914.21,849.258,-0.957734,-7.00815,18.2265,-21.6154],[4.94895,2.84541,6.91043,0.968839,32.7335,29.0032,3.21923,-61.5497,2.41831,2.28745,121.382,426.131,1919.6,1.46348,-0.727415,769.075,956.803,-0.0312239,-9.25015,11.5675,-50.2509],[-0.0215554,0.00209836,-0.122214,0.0230921,0.10085,0.0162767,0.0255906,-0.0404482,0.00911191,0.000404698,-0.0114957,0.0925799,1.46348,0.0530894,0.0236897,1.00008,0.112757,0.0154933,0.176979,0.0382234,0.0649784],[-0.0493517,-0.0440442,-0.0919245,-0.030211,-0.118656,-0.205566,0.0371083,0.0122729,0.00428497,0.000391585,-0.222897,-0.641521,-0.727415,0.0236897,0.0651132,-1.72174,-0.439748,0.030746,-0.263939,-0.0725629,0.0799735],[4.71684,1.86647,2.05806,5.5052,19.4082,16.6047,-1.56761,-74.8493,-0.51944,-0.673145,407.101,914.21,769.075,1.00008,-1.72174,1263.2,1049.33,-1.63111,1.91478,27.5632,-18.8708],[1.67445,-0.69811,0.0219686,4.83052,4.49458,3.81443,0.149892,-73.2206,-0.222827,-0.231534,343.154,849.258,956.803,0.112757,-0.439748,1049.33,1119.1,-0.385993,-16.6325,16.1044,-36.748],[-0.0535181,-0.0271189,-0.0973277,-0.121411,-0.095285,-0.163007,0.0384748,0.029503,0.0198761,0.0197587,-0.707448,-0.957734,-0.0312239,0.0154933,0.030746,-1.63111,-0.385993,0.0878427,-0.32788,-0.118116,0.113861],[0.411869,0.468899,0.37726,1.0946,2.22767,1.82624,0.00285757,1.58432,0.0355437,-0.0132455,-5.14191,-7.00815,-9.25015,0.176979,-0.263939,1.91478,-16.6325,-0.32788,8.76266,0.993259,0.20294],[0.528977,0.526436,0.796006,0.206808,2.04733,2.19098,-0.144819,-1.05746,-0.110162,-0.133983,13.2617,18.2265,11.5675,0.0382234,-0.0725629,27.5632,16.1044,-0.118116,0.993259,4.96452,1.01456],[0.154416,0.10935,-0.0582799,-0.0160158,0.137696,0.653197,-0.0448601,2.10868,0.1932,0.199552,-2.3408,-21.6154,-50.2509,0.0649784,0.0799735,-18.8708,-36.748,0.113861,0.20294,1.01456,6.05464]],"n":21,"lags":3}