{"betahat":[[2.22873,0.895183,4.43032,3.5238,4.82583,0.058974,0.387595,1.20667,-4.48572,-0.155645,-0.96823,-0.472162,-0.0753855,-0.187621,2.88282,2.211,-0.315673,-0.190518],[0.859524,-0.0574973,-0.250082,0.0672436,0.320794,0.120382,0.0236402,0.0109756,0.23691,-0.0353275,-0.0473998,-0.0669535,-0.0135575,-0.0215558,0.141644,0.0443769,-0.0226727,0.00858641],[-0.026969,0.845967,0.252082,0.0184027,0.20804,0.196851,0.253327,-0.0311265,0.148544,-0.0625137,0.0214915,0.215508,-0.00441707,0.00292581,-0.0832421,-0.00618592,0.119076,0.0133671],[0.0644942,0.0808203,1.02244,-0.0353702,0.0190677,0.0580888,-0.116178,-0.00520772,0.263288,-0.00648448,-0.000914197,0.203864,0.00333818,0.00348742,-0.0316697,0.023099,0.0069149,0.0015487],[-0.0391684,-0.0128085,-0.0787762,0.650294,-0.105462,0.0602162,-0.038805,0.0428657,0.2845,-0.00424585,-0.00965248,-0.143975,0.014938,0.00476223,0.0469725,0.0392023,0.00647774,0.00564078],[-0.0501094,-0.0297282,-0.0692977,0.0182352,0.697544,-0.127929,0.100519,-0.00554961,0.0210495,0.0202833,-0.0204648,0.451096,0.00405617,0.000764167,0.0607282,0.0280963,0.0291151,0.0043094],[0.0415931,0.0368121,0.217412,0.0280351,-0.0900868,1.07177,-0.0542091,-0.0132631,-0.0565308,-0.0610668,0.0184639,0.17241,0.00064508,-0.00229055,0.115409,-0.0276737,0.0242227,-0.000513766],[-0.00681987,-0.00506298,-0.0405071,-0.0291219,-0.0227022,0.0465722,1.31055,-0.0289718,-0.138265,0.022346,0.132285,0.0353965,0.0123754,0.00833144,-0.0997564,-0.0419039,0.0429712,-0.0116319],[0.0489993,0.161684,-0.0581698,-0.171935,0.268227,0.258451,-0.0341264,0.692673,-1.18086,-0.146917,0.0953999,2.03367,0.0561866,0.0447753,0.302412,0.355551,0.723125,0.0428066],[-0.0135022,-0.0258414,-0.076414,-0.0172207,-0.00253779,-0.136261,0.00344243,0.000952487,0.476277,0.0138859,-0.0062581,-0.0664249,-0.00184011,-0.00184314,0.00734017,-0.00587474,-0.010144,-0.000931861],[0.00625387,-0.016015,-0.0536645,0.00589327,0.0662277,-0.150426,0.0551971,0.0023202,0.826415,1.32809,-0.243642,0.28108,0.00610875,-0.00132315,0.211389,0.131399,0.0146728,0.0129108],[0.0383485,0.0965874,0.0181998,-0.0136334,0.0149424,0.0733249,0.213397,-0.00707083,0.230849,0.083474,1.24029,0.130739,0.0173762,0.00801066,0.0896459,0.0605516,0.0275115,0.0335503],[-0.00987007,-0.00612934,-0.0359833,-0.0101782,0.0183044,-0.0165935,0.0226825,0.00652171,0.0134452,0.0175416,-0.00947272,0.951869,-0.00165031,0.00160587,-0.0596231,-0.0128199,-0.0064763,0.00158116],[0.161688,0.370535,1.69027,0.252216,-0.205682,-0.0139857,-0.236734,-0.108976,-2.25153,0.211223,0.024727,-2.96649,0.981438,-0.0420868,0.583442,0.551183,-0.859769,0.085473],[-0.920312,-0.568081,-2.58084,0.286625,-0.342989,-2.35469,-0.618865,0.214272,1.77967,0.283143,0.120203,-3.85633,-0.0398131,1.04313,-2.58112,-0.767345,-0.0584992,-0.0988285],[0.0461878,0.0384603,0.0918863,-0.0232632,0.0329477,0.0577189,-0.0272411,-0.0100981,0.122885,0.00620791,0.0101199,0.0222682,0.00849719,0.00608648,1.0947,0.0226104,0.0163254,0.00651338],[0.124226,0.142036,0.123994,0.139882,0.115672,0.288236,0.0604914,-0.0878058,-0.301714,0.0260865,-0.0700012,1.08784,0.0254299,-0.000338576,0.421223,0.812484,0.0700942,0.016185],[-0.0275389,0.0370691,0.0719737,-0.0220864,0.0148019,-0.193279,-0.244042,-0.02795,-0.18547,-0.0360934,0.388295,1.61101,0.00296854,0.00763042,0.0305578,0.193308,0.55631,0.000784901],[-0.0866285,-0.122603,-0.861716,-1.1268,0.440329,-1.0443,0.972849,0.170988,3.61103,1.06687,0.510749,-2.66015,-0.0579279,0.0685064,-1.28006,-0.524682,0.449897,0.955976],[0.125235,0.0856804,0.301399,-0.0299629,-0.219165,-0.045508,-0.0665382,-0.0425979,-0.236311,0.0132635,0.0502962,0.403656,0.00801414,0.0128998,0.000758949,0.0139355,0.00638878,0.00112235],[0.0797082,0.1036,-0.0795315,-0.00939066,-0.0217672,-0.0642345,-0.169657,0.00142614,-0.186082,0.0338555,0.0489497,0.294845,0.0122696,-0.00015187,0.108334,0.0365643,-0.0419109,-0.0137712],[-0.0288784,-0.0444166,0.0327946,0.0457797,0.00310646,-0.020112,0.0625602,0.00214188,-0.14578,0.0227206,-0.0207816,-0.0360002,-0.00179374,-0.00200966,0.0372654,-0.00263714,-0.00322592,-0.00175715],[0.030542,0.0351415,0.0464398,0.209802,0.0130277,-0.0984016,0.0468472,-0.0372117,0.144285,0.00188657,0.0345002,0.462777,-0.0106089,-0.0133699,0.0124404,-0.0199347,0.0194284,0.00125193],[0.0224272,-0.016984,0.0314726,-0.00106765,0.118801,0.0305069,-0.0666188,0.00283533,0.148363,-0.0227025,0.0172954,-0.197316,-0.000782142,-0.00328799,0.0590897,-0.030946,-0.00466836,-0.00285684],[-0.0433215,-0.0431139,-0.134352,-0.0273979,-0.00917729,-0.0592314,0.0337554,0.00586422,0.225926,0.0715308,-0.0335061,-0.0481664,0.00129938,0.000961427,-0.0634838,-0.00643625,-0.0162339,-0.000212522],[0.00928188,0.0338483,0.0631994,0.0150346,-0.0213527,0.0291076,-0.158339,0.00937703,0.193813,-0.0353045,-0.083931,-0.062373,-0.0107453,-0.00774996,0.0843499,0.0440449,-0.0391799,0.0111112],[-0.0309815,-0.0590628,-0.0612607,0.166231,-0.0653209,0.017362,-0.270808,0.128324,0.0332002,0.0851569,-0.00254996,-0.925971,-0.0438755,-0.0627288,-0.0649165,-0.302728,-0.68884,-0.04027],[-0.0263376,-0.0224809,-0.0449116,0.010674,0.0128452,-0.00460992,0.0448276,0.00129251,0.216562,-0.0115682,0.0104644,0.0368315,0.00363264,0.0024995,0.0117502,0.00473516,0.021037,0.000452374],[0.00733254,0.064659,0.0663991,-0.00624009,-0.104896,0.191948,-0.060163,0.0139359,-0.418202,-0.273971,0.146855,-0.0994113,-0.00898969,-0.00178878,-0.156821,-0.0652207,-0.0145031,-0.00557594],[-0.0341298,-0.0529922,-0.0166472,-0.0263626,-0.038686,-0.0764005,-0.0537586,0.00814842,-0.134212,0.011761,-0.146449,0.0499915,-0.00233245,-0.00201583,0.00777793,-0.00139455,-0.0219616,-0.0141206],[0.00786307,0.00812979,0.0282157,0.0101777,-0.00401263,0.00236035,-0.0148305,0.00102102,-0.0301138,-0.0163222,0.00797525,0.0117409,0.00115737,-0.000170779,0.0235172,0.00935448,0.00375343,-0.00118404],[0.0577909,-0.31352,-0.817262,0.344153,0.567793,0.359968,-0.305874,0.0842654,0.647788,-0.0434092,-0.0369949,0.175528,-0.0593013,-0.0161183,-0.587337,-0.176612,0.425913,-0.109277],[1.08801,0.624053,2.8354,0.553083,0.157446,2.74863,-0.0482138,-0.325742,3.30413,-0.19779,-0.0530669,3.66426,-0.00271091,-0.0442698,2.19435,0.856056,0.0647187,0.0659321],[-0.0384881,-0.0270638,-0.0697421,0.00211891,-0.0238319,-0.0955209,0.0236858,0.00770587,-0.0621045,-0.000849639,0.00292736,-0.123566,-0.00960262,-0.00174112,-0.110434,-0.0284614,-0.0123057,-0.00393442],[-0.101525,-0.108154,-0.149617,-0.0736487,-0.110541,-0.155312,0.0461523,0.041312,-0.0215813,-0.0559144,-0.0155169,-0.874598,-0.0187777,0.0035996,-0.290029,-0.142493,-0.0436414,0.00600556],[0.00475497,-0.0209778,-0.0845881,0.156646,-0.113783,-0.050759,-0.126072,-0.0798166,-0.840893,-0.212683,-0.0369094,-0.987237,0.00605321,0.0259047,-0.477458,-0.153008,0.0855487,0.00458481],[0.0947087,0.00439401,0.460964,1.04328,-0.615267,1.0103,-0.4298,-0.16685,-2.20464,-0.345585,-0.0480303,1.29885,0.0309847,-0.00989061,0.915053,0.507866,-0.292803,0.0301529],[0.0152385,-0.0281831,-0.0513357,-0.0372799,-0.101634,-0.0748825,0.0428956,0.031622,-0.000592569,0.0220642,-0.00288742,-0.336711,0.00554347,0.00865727,-0.142425,-0.0583201,0.0162833,-0.0097088],[-0.0527405,0.0504314,-0.172564,-0.009012,-0.186278,-0.132623,-0.0836691,0.0296997,0.0375558,0.0286598,-0.0704341,-0.510353,-0.00785219,-0.00277292,-0.0251074,-0.0303838,-0.0771656,0.000404193],[-0.035622,-0.0364137,-0.0552765,-0.0104001,-0.0221822,-0.0380008,0.0536001,0.00306621,-0.117473,-0.0162309,0.021706,-0.16788,-0.00154394,-0.00147557,-0.00562376,-0.0204731,-0.00368944,0.000208122],[0.00862461,-0.0223295,0.0323173,0.139898,0.0924286,0.0381824,-0.00804469,-0.00565443,-0.428775,0.0023599,-0.0248367,-0.318816,-0.00432935,0.00860858,-0.0594396,-0.0192772,-0.0259066,-0.00689292],[0.0276786,0.0467113,0.0378026,-0.0171652,0.183636,0.0974159,-0.0339064,0.00271537,-0.169411,0.00241878,0.00318142,-0.253808,-0.0032739,0.00252551,-0.119847,0.00283609,-0.0244487,-0.00145242],[0.00172459,0.00629562,-0.0830795,-0.000632587,0.099253,-0.0125597,0.0204379,0.00739815,-0.169384,-0.0104568,0.0150485,-0.124249,-0.00194386,0.00133105,-0.0519456,0.0340999,-0.00798897,0.00072618],[-0.00284546,-0.0259106,-0.0213597,0.00956054,0.0362676,-0.0748401,-0.145207,0.0197845,-0.0609609,0.015389,-0.0503386,0.0223257,-0.00133996,-0.000604665,0.0279975,-0.00476652,-0.00443561,0.00101853],[-0.0080996,-0.0369853,-0.0460881,-0.0214232,-0.268435,-0.205808,0.26501,0.10426,1.38861,0.0781581,0.0342328,-0.911878,-0.0161845,0.0163104,-0.342647,-0.110423,0.0458547,-0.0111884],[0.0362444,0.0469444,0.111082,0.00232489,-0.00889094,0.1319,-0.0377304,-0.00256027,0.261904,-0.00594954,-0.00627674,0.0294896,-0.00215004,-0.000901899,-0.0185654,0.00169391,-0.0109703,0.000431555],[-0.0156369,-0.0455037,-0.0154694,-0.00941132,0.0416371,-0.0358641,0.0284951,-0.0151939,-0.385647,-0.0737672,0.0928969,-0.187549,0.00173798,0.00254571,-0.0587683,-0.0636873,0.000458828,-0.00741318],[-0.00422315,-0.0436657,-0.00149091,0.0399358,0.0237118,0.0030065,-0.159257,-0.00110233,-0.0956011,-0.0948624,-0.0940301,-0.180064,-0.0150277,-0.0059993,-0.0972988,-0.0590221,-0.00560646,-0.0194072],[0.00157544,-0.00253704,0.00685709,-0.00058297,-0.0145865,0.0134735,-0.0093269,-0.00755962,0.0171316,-0.00111162,0.00190443,0.0271863,0.000450111,-0.0013508,0.0343091,0.00238511,0.00265596,-0.000417074],[-0.233972,-0.102175,-0.81357,-0.635794,-0.443,-0.282101,0.601012,0.0262165,1.90138,-0.11052,-0.130134,3.02269,0.0652938,0.0456507,0.0568758,-0.315358,0.413532,0.0367937],[-0.17979,-0.0683111,-0.252542,-0.870936,0.167924,-0.35381,0.680835,0.108684,-4.88069,-0.0718641,-0.120332,0.193264,0.0369146,-0.00885821,0.376492,-0.0671348,-0.0197453,0.0293361],[-0.00789613,-0.0116153,-0.023063,0.0212031,-0.00927575,0.0369488,0.0040094,0.00242191,-0.0592923,-0.00529228,-0.0128247,0.100827,0.00108465,-0.00426829,0.0144801,0.00547898,-0.00390644,-0.00253754],[-0.0107942,0.0147079,-0.0461833,-0.0854119,0.0828006,0.0690453,-0.00470313,0.00517169,0.0806674,-0.0527292,0.0213619,-0.24145,0.00171742,0.0109204,-0.213064,-0.0635205,0.00475411,0.0135061],[-0.0384617,0.0326492,-0.0969133,-0.0505401,0.0042787,0.0719438,0.128325,0.0990931,-0.183681,-0.0432493,0.00947007,-0.523267,-0.00578673,-0.00149246,-0.0469751,-0.045451,0.0151855,0.00655207],[-0.111107,-0.0793832,0.226316,0.069666,0.0407914,-0.116188,-0.448604,-0.0162414,-0.772645,-0.603853,-0.629694,1.20797,0.0283737,-0.0442447,0.199659,0.00543747,-0.124646,-0.00215376]],"sigmahat":[[2.22507,1.64637,4.46303,0.260265,1.65484,3.63616,-0.437888,-0.154814,2.97081,-0.0186711,0.236738,6.58281,0.0776165,0.00838844,1.96867,1.16289,0.289539,0.0441132],[1.64637,4.03426,3.39135,-0.636027,0.383184,4.05355,-0.682247,-0.124946,-0.870273,-0.830538,0.934861,4.34505,0.0231189,-0.0490876,1.54619,1.29301,0.186064,0.0502223],[4.46303,3.39135,16.7892,0.0441622,1.83205,9.19316,-1.08238,-0.140631,4.46244,0.0739112,-0.291357,11.0366,0.170582,0.0654836,5.33613,2.77044,0.192467,0.299012],[0.260265,-0.636027,0.0441622,5.51593,0.386103,-0.509159,-0.203667,0.0735181,1.23619,0.12434,0.136967,9.07191,0.122054,0.039919,1.49062,0.162282,0.00873246,-0.0313644],[1.65484,0.383184,1.83205,0.386103,17.5717,2.64514,0.979177,-0.320295,-3.05402,-0.278721,-0.228084,5.16126,-0.000168605,-0.153794,1.59682,2.30505,0.526516,-0.165418],[3.63616,4.05355,9.19316,-0.509159,2.64514,16.5421,-2.33093,-0.275496,7.69191,-1.9155,1.26308,7.45939,0.0238963,-0.265471,6.18306,3.02604,0.0148007,0.0902986],[-0.437888,-0.682247,-1.08238,-0.203667,0.979177,-2.33093,6.39823,-0.119861,2.68135,2.00883,-0.627848,6.14335,0.137925,0.118885,0.233401,-0.0484393,1.18734,0.159168],[-0.154814,-0.124946,-0.140631,0.0735181,-0.320295,-0.275496,-0.119861,0.647257,0.125251,-0.268532,-0.191216,-2.80048,-0.00597791,0.0159073,-0.475003,-0.121051,-0.286228,0.00937949],[2.97081,-0.870273,4.46244,1.23619,-3.05402,7.69191,2.68135,0.125251,178.023,5.72726,-0.464573,4.90109,-0.00529293,0.107815,-2.77525,-0.805937,1.60004,0.442603],[-0.0186711,-0.830538,0.0739112,0.12434,-0.278721,-1.9155,2.00883,-0.268532,5.72726,4.92311,-1.65288,3.5576,0.0582672,0.0533255,-0.366687,-0.451749,0.0567096,0.151327],[0.236738,0.934861,-0.291357,0.136967,-0.228084,1.26308,-0.627848,-0.191216,-0.464573,-1.65288,2.89751,-0.15216,-0.00916269,-0.00912375,0.0935774,0.126368,0.27694,-0.0905907],[6.58281,4.34505,11.0366,9.07191,5.16126,7.45939,6.14335,-2.80048,4.90109,3.5576,-0.15216,151.394,1.35908,-0.446249,32.6798,10.7857,6.31333,0.476944],[0.0776165,0.0231189,0.170582,0.122054,-0.000168605,0.0238963,0.137925,-0.00597791,-0.00529293,0.0582672,-0.00916269,1.35908,0.0693859,0.0376479,0.461887,0.117724,0.109813,-0.00508326],[0.00838844,-0.0490876,0.0654836,0.039919,-0.153794,-0.265471,0.118885,0.0159073,0.107815,0.0533255,-0.00912375,-0.446249,0.0376479,0.0810991,-0.571604,-0.105476,0.0548887,-0.000662898],[1.96867,1.54619,5.33613,1.49062,1.59682,6.18306,0.233401,-0.475003,-2.77525,-0.366687,0.0935774,32.6798,0.461887,-0.571604,23.8793,4.95223,1.46223,0.0879807],[1.16289,1.29301,2.77044,0.162282,2.30505,3.02604,-0.0484393,-0.121051,-0.805937,-0.451749,0.126368,10.7857,0.117724,-0.105476,4.95223,3.89012,0.296579,0.0278375],[0.289539,0.186064,0.192467,0.00873246,0.526516,0.0148007,1.18734,-0.286228,1.60004,0.0567096,0.27694,6.31333,0.109813,0.0548887,1.46223,0.296579,1.73176,-0.0304547],[0.0441132,0.0502223,0.299012,-0.0313644,-0.165418,0.0902986,0.159168,0.00937949,0.442603,0.151327,-0.0905907,0.476944,-0.00508326,-0.000662898,0.0879807,0.0278375,-0.0304547,0.0875173]],"n":18,"lags":3}