{"betahat":[[2.42961,0.905437,4.81773,3.8681,6.55043,1.08198,0.615207,1.33924,-10.0806,-4.85357,-0.10791,-0.258981,1.61811,1.17233,-0.808085,-0.371912],[0.875495,-0.0598721,-0.227593,0.1054,0.323816,0.103407,0.0233853,0.00812027,0.380083,0.149092,-0.0100826,-0.0208739,0.223221,0.120769,-0.0120879,0.0156199],[-0.0260601,0.853883,0.227407,0.0339414,0.19464,0.173103,0.311494,-0.0292701,0.154468,0.116315,-0.00171391,0.0063135,-0.11276,-0.0360027,0.108317,0.0229634],[0.0606734,0.0762144,1.01893,-0.041779,0.030836,0.0623657,-0.132977,-0.00677198,0.214265,0.127708,0.0014983,0.00241156,-0.0484778,0.0237748,0.00419004,-0.00215114],[-0.038166,-0.0101626,-0.0956818,0.660523,-0.114753,0.011813,-0.00104899,0.0403307,0.315446,-0.0495769,0.0179033,0.00720474,0.0745914,0.0349974,0.00553908,0.0113221],[-0.059221,-0.0418456,-0.0953451,0.0216221,0.681996,-0.156187,0.089466,-0.00245072,0.0151903,0.325532,0.00248432,0.00135828,0.032194,-0.00112709,0.0182254,0.00364686],[0.047202,0.0527196,0.240768,0.00685849,-0.0965665,1.1241,-0.0363171,-0.0154773,-0.193014,0.232167,0.00470298,-0.000829327,0.118979,-0.00827127,0.0270728,-0.000579128],[0.00211332,0.0150014,-0.0332186,-0.0319677,-0.0117765,0.0664827,1.34981,-0.0299284,0.0446153,0.18183,0.0154561,0.00827135,-0.0415308,0.0188343,0.0517597,-0.00640317],[0.0262175,0.152435,-0.072658,-0.163776,0.208385,0.334636,-0.161058,0.67533,-1.48799,2.0398,0.0479417,0.0424254,0.240378,0.303077,0.704875,0.0340071],[-0.0156908,-0.0274896,-0.0834698,-0.0171804,-0.00210696,-0.144204,0.00202417,0.00197118,0.505173,-0.0855008,-0.00280112,-0.00249763,0.00666969,-0.00910277,-0.0107372,-0.000472619],[-0.01125,-0.0109799,-0.0414226,-0.00891072,0.019594,-0.012957,0.0147734,0.00595172,0.0330664,0.988551,-0.00245372,0.000645547,-0.0650121,-0.0146988,-0.00724068,0.000537461],[0.177499,0.259422,1.81612,0.176522,-0.558613,-0.231487,0.00435492,-0.120718,-1.576,-2.47889,1.01705,-0.00123207,0.759615,0.526942,-0.888915,0.157599],[-0.995701,-0.539627,-2.84816,0.332066,0.0274329,-2.15553,-0.546533,0.260305,1.45331,-4.19706,-0.0671775,1.00078,-2.67766,-1.08988,-0.0465719,-0.125116],[0.0468162,0.0399061,0.0905767,-0.0082334,0.0395472,0.0457783,-0.0514831,-0.00936031,0.111294,0.0687465,0.00875815,0.00466761,1.11801,0.0498125,0.00586508,0.0046684],[0.10694,0.130371,0.113164,0.0729431,0.0897211,0.472722,0.0620673,-0.0830201,-0.376728,0.687964,0.00175571,-0.00784219,0.212217,0.583714,0.100881,0.0245855],[-0.00925526,0.0951375,0.0967808,-0.0106301,0.062777,-0.161956,-0.138583,-0.0458222,-0.463801,1.41728,0.00969172,0.00780235,0.0687844,0.214402,0.521342,0.0102761],[-0.097896,-0.131802,-1.04592,-1.01318,0.635769,-1.232,1.04358,0.180563,4.1237,-1.9664,-0.0234973,0.0471095,-0.699418,-0.608043,0.445411,0.941909],[0.115279,0.0849251,0.289498,-0.0563556,-0.222819,-0.0410518,-0.0764298,-0.0393774,-0.320315,0.175405,0.00509887,0.0126272,-0.0672706,-0.0462912,-0.0115068,-0.00385821],[0.0677369,0.0750057,-0.0809765,-0.0211886,-0.0180814,-0.0718176,-0.207486,0.00379628,-0.232196,0.156251,0.00850093,-6.02725e-05,0.0529111,0.0044738,-0.0444617,-0.0201041],[-0.0257519,-0.0370475,0.0313582,0.0504622,-0.00810309,-0.0209952,0.077249,0.00300097,-0.103863,0.034246,-0.000297101,-0.000984108,0.0450409,-0.00389391,0.0018641,4.21216e-05],[0.02582,0.0238977,0.0413134,0.200028,0.0234336,-0.0843361,0.0206275,-0.0324544,0.0923871,0.264045,-0.0128744,-0.0137437,-0.0352452,-0.0291062,0.0165912,-0.00403522],[0.0296638,-0.01255,0.0568976,-0.00353533,0.131414,0.0635519,-0.073074,0.00263587,0.136075,-0.138723,-5.49127e-06,-0.00406638,0.0731312,0.00248856,0.00114228,-0.00383685],[-0.0435087,-0.0472186,-0.138534,-0.0143181,-0.00259498,-0.0724942,0.0278863,0.00637686,0.295658,-0.0158301,0.0003227,-0.000171397,-0.0445273,-0.0116845,-0.015356,-0.000384552],[0.00536972,0.0268075,0.0644438,0.0102162,-0.0327594,0.0146381,-0.172143,0.0128108,0.136248,-0.153202,-0.0128307,-0.00709736,0.0453902,0.0100472,-0.0459536,0.00833026],[-0.0100077,-0.0661241,-0.0146456,0.148807,-0.0976623,-0.0246259,-0.287194,0.13304,0.257269,-0.568726,-0.0396104,-0.0600861,0.0122952,-0.139771,-0.666663,-0.0437342],[-0.0259819,-0.0209875,-0.0428531,0.00947379,0.0155236,0.00425028,0.0484238,0.000442972,0.203411,0.0380189,0.00358988,0.00235477,0.0122789,0.00784411,0.0192378,0.00051107],[0.00587435,0.00714844,0.0281541,0.0103248,-0.000888251,-0.00828179,-0.014939,0.00309633,-0.0493966,-0.04992,0.00156322,0.000678075,0.0222607,0.00417396,0.00255632,-0.000870298],[0.0596116,-0.276169,-0.975929,0.459629,0.804024,0.346752,-0.409605,0.0854524,0.602323,-0.0184988,-0.076879,-0.0350838,-0.677834,-0.119456,0.465432,-0.144681],[1.15747,0.673349,3.00515,0.516219,-0.01238,2.64088,0.0500656,-0.382308,3.69005,4.20349,0.0221222,-0.00951738,2.31169,1.14393,0.108411,0.102586],[-0.0414118,-0.0367295,-0.0784603,-0.00869821,-0.0240643,-0.0973137,0.0346146,0.0090247,-0.0351209,-0.191239,-0.0103765,-0.00122459,-0.133751,-0.050078,-0.00789981,-0.00403877],[-0.119449,-0.0515459,-0.104662,-0.0908189,-0.0939462,-0.243587,0.139519,0.0100995,0.0724912,-0.144964,-0.00779503,0.0149394,-0.13846,-0.0565531,0.029201,0.0127477],[0.000122456,0.0111002,-0.113452,0.151664,-0.152114,-0.098714,-0.0229033,-0.0860729,-0.784264,-0.857922,0.0175708,0.0350167,-0.442406,-0.174359,0.0956002,0.0245252],[0.0970488,0.0364841,0.471107,0.983266,-0.665867,1.14897,-0.592562,-0.182624,-2.03521,0.978415,0.013485,0.00234655,0.539586,0.568158,-0.281068,0.0287814],[0.00921125,-0.025058,-0.0619486,-0.049043,-0.101017,-0.0623951,0.0530586,0.0312566,-0.0596885,-0.324452,0.00498598,0.0082487,-0.155948,-0.0744836,0.0236001,-0.0117603],[-0.0416899,0.0711048,-0.146469,-0.0127523,-0.176578,-0.101323,-0.103987,0.0254724,0.0778221,-0.272511,-0.00678445,-0.00625144,0.0598579,0.0315244,-0.0638492,-0.00285748],[-0.0349417,-0.0391864,-0.0503666,-0.00866731,-0.0227528,-0.0414366,0.0557173,0.00377117,-0.110274,-0.1619,-0.00119812,-0.00142443,0.00344068,-0.0198861,-0.00604795,0.00211023],[0.0123316,-0.0137356,0.0543236,0.139441,0.0912982,0.0724886,-0.0195623,-0.00787682,-0.407741,-0.214425,-0.00502698,0.00654065,-0.0393486,-0.0058987,-0.0221238,-0.00728552],[0.0295404,0.054389,0.0383984,-0.0180834,0.186549,0.0925968,-0.0163832,-0.000183717,-0.151185,-0.186777,-0.00247634,0.00271073,-0.105328,-0.0013721,-0.0193637,0.000191767],[-0.00371028,-0.00551497,-0.102282,0.00746878,0.0991341,-0.0516681,0.00842458,0.0090988,-0.102555,-0.21627,-0.00502246,0.00100346,-0.0744374,0.0199496,-0.0117093,0.00096518],[-0.00779868,-0.0388539,-0.0292961,0.0164839,0.0359184,-0.0811699,-0.170598,0.0175539,-0.18028,-0.0310095,-0.00245616,-0.00124127,0.00985531,-0.0309063,-0.00618521,-0.00126257],[0.00243304,-0.0128111,-0.0660692,-0.0118362,-0.229735,-0.230941,0.372919,0.109383,1.63375,-1.05388,-0.00921941,0.0154659,-0.294784,-0.131729,0.0532803,-0.00138057],[0.0365303,0.047265,0.112698,0.00115472,-0.0117556,0.130728,-0.0360243,-0.00302744,0.217054,0.0415717,-0.00150451,-0.000309757,-0.0211642,0.00093646,-0.00912044,-0.00058957],[0.00487343,0.00334063,0.0120712,-0.0022144,-0.0193496,0.0199486,-0.00189172,-0.00915416,0.0183663,0.0524037,0.000852994,-0.00122094,0.0416629,0.00950276,0.00497543,0.000396153],[-0.252976,-0.0348153,-0.755779,-0.687406,-0.318534,-0.0394551,0.434009,0.040441,1.4386,2.68367,0.0396122,0.0164197,0.0166753,-0.33367,0.38538,-0.000276711],[-0.184965,-0.152839,-0.173364,-0.898582,-0.0387035,-0.446372,0.510886,0.118043,-4.94594,0.00257135,0.0364156,-0.00437133,0.344837,-0.0581581,-0.0849536,0.0195708],[-0.0056978,-0.00343605,-0.0135555,0.0169468,-0.0156037,0.0501755,0.0176663,0.00038279,-0.0730017,0.122513,0.00160695,-0.003349,0.0143189,3.0353e-05,0.00226099,-0.000570782],[0.0329426,-0.0355696,0.0461871,-0.0950858,-0.108823,0.0125916,-0.0378651,0.0240741,0.209759,-0.314861,0.00266469,0.0202567,-0.230575,0.0291204,-0.00338753,0.0162436],[-0.0159153,0.0607863,-0.0360637,-0.0726255,-0.0152273,0.183709,0.157104,0.105004,-0.217207,-0.426677,-0.000724164,0.00308286,-0.052848,0.0281684,0.0196183,0.0160159],[-0.138931,-0.175219,0.330813,0.0431663,-0.128461,-0.128216,-0.451071,-0.0117735,-1.31073,0.797585,0.00477534,-0.0333721,-0.118777,-0.0218988,-0.135284,-0.00289778]],"sigmahat":[[2.18652,1.60435,4.3746,0.280401,1.68493,3.47281,-0.438779,-0.14658,2.60127,5.23413,0.0695078,0.0184369,1.74538,0.80712,0.251941,0.0442994],[1.60435,4.10472,3.28888,-0.715391,0.316925,3.9441,-0.583412,-0.0894048,-1.22089,2.35317,0.0162554,-0.030599,1.09215,0.901187,0.12092,0.081063],[4.3746,3.28888,16.5429,0.187014,1.75408,8.88453,-1.22186,-0.156569,2.85922,7.89469,0.140539,0.0746144,4.73056,1.71564,-0.00732437,0.277539],[0.280401,-0.715391,0.187014,5.6694,0.39194,-0.556783,-0.362267,0.060172,1.53702,9.07551,0.12084,0.0438211,1.65811,0.519851,0.0636207,-0.0599564],[1.68493,0.316925,1.75408,0.39194,17.9534,2.53272,0.966615,-0.331732,-3.17116,4.24414,-0.00945654,-0.130149,1.14339,1.99709,0.565397,-0.148011],[3.47281,3.9441,8.88453,-0.556783,2.53272,16.5208,-2.33834,-0.229197,6.50684,4.23103,0.0125317,-0.213747,5.16043,1.85386,-0.201705,0.0844722],[-0.438779,-0.583412,-1.22186,-0.362267,0.966615,-2.33834,7.2109,-0.103068,2.44743,4.54357,0.175769,0.125291,0.195281,-0.443083,1.19603,0.239278],[-0.14658,-0.0894048,-0.156569,0.060172,-0.331732,-0.229197,-0.103068,0.660636,0.322342,-2.50454,-0.0115873,0.0071445,-0.436587,-0.196909,-0.248751,0.00960715],[2.60127,-1.22089,2.85922,1.53702,-3.17116,6.50684,2.44743,0.322342,187.467,-0.908673,-0.106393,0.0466959,-3.39353,-0.887927,1.24113,0.583064],[5.23413,2.35317,7.89469,9.07551,4.24414,4.23103,4.54357,-2.50454,-0.908673,124.851,1.21003,-0.297019,27.3406,7.28083,5.04953,0.353428],[0.0695078,0.0162554,0.140539,0.12084,-0.00945654,0.0125317,0.175769,-0.0115873,-0.106393,1.21003,0.0756678,0.0410452,0.463209,0.0742873,0.102712,0.00319609],[0.0184369,-0.030599,0.0746144,0.0438211,-0.130149,-0.213747,0.125291,0.0071445,0.0466959,-0.297019,0.0410452,0.0793434,-0.549653,-0.102802,0.0484767,0.00167105],[1.74538,1.09215,4.73056,1.65811,1.14339,5.16043,0.195281,-0.436587,-3.39353,27.3406,0.463209,-0.549653,24.1846,4.40255,1.36733,0.113775],[0.80712,0.901187,1.71564,0.519851,1.99709,1.85386,-0.443083,-0.196909,-0.887927,7.28083,0.0742873,-0.102802,4.40255,2.95713,-0.101566,0.0796175],[0.251941,0.12092,-0.00732437,0.0636207,0.565397,-0.201705,1.19603,-0.248751,1.24113,5.04953,0.102712,0.0484767,1.36733,-0.101566,1.79907,-0.0519407],[0.0442994,0.081063,0.277539,-0.0599564,-0.148011,0.0844722,0.239278,0.00960715,0.583064,0.353428,0.00319609,0.00167105,0.113775,0.0796175,-0.0519407,0.111799]],"n":16,"lags":3}