{"betahat":[[2.19116,0.979349,4.23458,3.41471,6.04799,1.1996,1.04616,1.11294,-8.73239,-3.28876,-0.0817808,-0.233477,1.60262,1.13104,-0.672003,-0.362793],[0.880944,-0.0463417,-0.227866,0.0815589,0.288386,0.0623719,0.0236306,0.012769,0.266188,0.0726063,-0.00990597,-0.0189257,0.17526,0.104825,-0.0237713,0.0137475],[-0.0232262,0.879265,0.226918,0.0365246,0.169558,0.170781,0.287387,-0.0310344,0.122893,0.0613306,-0.00164463,0.00551952,-0.0957996,-0.0332935,0.0998483,0.0210594],[0.0568502,0.0698638,1.02404,-0.0386445,0.0336368,0.0665361,-0.120485,-0.00521833,0.231409,0.121964,0.00139392,0.00191274,-0.0428695,0.0221482,0.00735142,-0.00117776],[-0.0367402,-0.0129268,-0.0886222,0.677453,-0.107448,0.0144297,-0.0040239,0.0397044,0.321199,-0.0932981,0.0166749,0.00671378,0.067057,0.0286573,0.0055193,0.0101207],[-0.0560869,-0.0393042,-0.0866389,0.0220187,0.711494,-0.140426,0.085537,-0.00298403,0.0195512,0.323085,0.00242949,0.000761055,0.0320979,-0.00158415,0.015482,0.00351482],[0.0452983,0.0438219,0.233321,0.00629096,-0.0849459,1.12405,-0.0357235,-0.0151444,-0.16947,0.227784,0.00452065,-0.000473479,0.114476,-0.00765572,0.0231957,0.000427804],[0.00156414,0.0181618,-0.0262519,-0.0371225,-0.0131767,0.0668126,1.34141,-0.0285807,0.0275673,0.181825,0.0143582,0.00695505,-0.0233129,0.0188812,0.0467892,-0.00478775],[0.0417901,0.142677,-0.0281447,-0.15333,0.239724,0.332242,-0.150818,0.689975,-1.38638,1.94515,0.0440972,0.0377362,0.233606,0.276445,0.681896,0.0353823],[-0.0149271,-0.0274572,-0.0842683,-0.0160639,-0.00178842,-0.143583,0.00417086,0.00150242,0.5202,-0.0717123,-0.00258021,-0.00230034,0.00562041,-0.00989243,-0.0101025,-0.00064137],[-0.010545,-0.00985399,-0.0374481,-0.00856734,0.0180602,-0.0119242,0.0139473,0.00530283,0.0254926,0.992651,-0.0021823,0.000559199,-0.0561582,-0.0133796,-0.00824333,0.000541823],[0.160243,0.296107,1.61196,0.161761,-0.457504,-0.246204,0.0195709,-0.0862522,-1.40114,-2.36738,1.01385,-0.0053548,0.642504,0.468517,-0.797234,0.136414],[-0.920498,-0.496325,-2.56451,0.386159,-0.0165596,-2.02319,-0.486134,0.213689,1.72771,-3.93479,-0.0496807,1.01862,-2.54507,-0.953615,-0.0435558,-0.10236],[0.0443441,0.0380059,0.0867142,-0.00700946,0.0403013,0.0422855,-0.0509431,-0.0105491,0.118571,0.0668095,0.00851344,0.00431508,1.12227,0.045892,0.00508036,0.00445664],[0.105379,0.121895,0.115764,0.0721501,0.0417099,0.464163,0.0691471,-0.0792179,-0.344466,0.759835,0.002771,-0.00631761,0.193018,0.589617,0.117058,0.0274608],[-0.0132932,0.0757925,0.0750239,-0.00313075,0.06138,-0.142461,-0.157913,-0.0436209,-0.568851,1.29402,0.00619836,0.00734693,-0.00589352,0.178063,0.555115,0.00967785],[-0.121813,-0.150491,-1.18724,-0.967795,0.74791,-1.20738,1.03563,0.182735,3.6448,-2.24537,-0.0294754,0.0438465,-0.828615,-0.601866,0.390302,0.943975],[0.104493,0.065954,0.277196,-0.0462617,-0.21143,-0.0305207,-0.0691918,-0.0380527,-0.266321,0.205317,0.00602561,0.0117981,-0.0401365,-0.0426381,0.00378475,-0.00415593],[0.0630841,0.0654989,-0.0865847,-0.0205961,-0.0216724,-0.0752047,-0.18537,0.00525929,-0.162426,0.230221,0.00899458,-0.000252594,0.0714611,0.0130602,-0.0387062,-0.0176148],[-0.0248193,-0.0361258,0.0233214,0.0475164,-0.0100462,-0.0277905,0.0675637,0.00143532,-0.10802,0.0314103,-0.000430466,-0.000918123,0.0444525,-0.00362385,-0.00147068,-0.000232353],[0.0198694,0.023031,0.0339006,0.190455,0.0228907,-0.0919214,0.023204,-0.0306764,0.0795212,0.262049,-0.0120057,-0.0124635,-0.0346438,-0.0257709,0.0146795,-0.00299719],[0.0277307,-0.0117635,0.0526779,-0.00758059,0.123574,0.0556244,-0.0656572,0.00228881,0.139845,-0.155105,5.65147e-05,-0.0032875,0.0704743,0.00308664,0.00177332,-0.00353571],[-0.0378588,-0.0372515,-0.129996,-0.0105206,0.00123985,-0.0742426,0.02426,0.00632584,0.249341,-0.0107968,-0.000349886,-0.000727512,-0.0449612,-0.00924678,-0.0132228,-0.000910748],[0.00278744,0.017982,0.0495137,0.0187221,-0.0194247,0.00524814,-0.169281,0.0119302,0.143376,-0.12941,-0.0115467,-0.0061735,0.0343231,0.00885187,-0.0383307,0.00735056],[-0.011499,-0.052001,-0.0115154,0.15539,-0.0899537,-0.0415939,-0.262309,0.134456,0.39441,-0.477577,-0.0342005,-0.0551329,0.0518576,-0.11331,-0.611905,-0.0417445],[-0.0249827,-0.0204324,-0.0377041,0.00891537,0.0167415,0.00650417,0.0462604,0.000642795,0.208528,0.0321548,0.00358708,0.00251046,0.0117402,0.00719756,0.0205364,0.000511088],[0.00592391,0.00724479,0.0257541,0.0099649,-1.87691e-05,-0.0055724,-0.0140475,0.0027735,-0.0373449,-0.0505138,0.00113687,0.000461891,0.0169458,0.00461998,0.00226852,-0.000771791],[0.0622384,-0.312419,-0.85398,0.420504,0.692542,0.383859,-0.398976,0.0394086,0.737582,-0.297303,-0.071982,-0.0311092,-0.668362,-0.145072,0.385301,-0.132376],[1.05419,0.632151,2.72917,0.414285,-0.0400551,2.49832,0.0149534,-0.330221,2.6903,3.81471,0.0107684,-0.0275062,2.17297,1.0116,0.0707472,0.0908987],[-0.0372959,-0.0321778,-0.066614,-0.00616208,-0.0264983,-0.0845805,0.0328586,0.0102173,-0.0680201,-0.183973,-0.00953222,-0.000958409,-0.134199,-0.0470408,-0.00850272,-0.00413093],[-0.110118,-0.0421385,-0.0859465,-0.0865293,-0.0599923,-0.235638,0.139246,0.0109767,0.169186,-0.125297,-0.00816692,0.0150207,-0.13044,-0.0439949,0.0293715,0.0109108],[0.0106156,0.0148775,-0.100731,0.150407,-0.116515,-0.104902,0.000436692,-0.0760949,-0.690285,-0.856559,0.0166902,0.0348596,-0.431562,-0.148939,0.0824252,0.0228551],[0.106488,0.0354421,0.618784,0.896883,-0.759107,1.11723,-0.565104,-0.168331,-1.77479,1.04738,0.0220307,0.00525283,0.681215,0.528142,-0.249915,0.0326464],[0.0145573,-0.0196178,-0.049363,-0.035292,-0.0769714,-0.0318857,0.0455562,0.0252871,0.000165131,-0.277938,0.00388017,0.00712784,-0.135124,-0.0621894,0.0199861,-0.00959098],[-0.0398629,0.055229,-0.140362,-0.0159243,-0.147899,-0.095609,-0.102016,0.0257778,0.0395749,-0.29156,-0.00734991,-0.0052668,0.0243434,0.0202311,-0.0611425,-0.0034438],[-0.0320406,-0.0337545,-0.0474139,-0.00885517,-0.0236057,-0.0388018,0.0528927,0.00378711,-0.123315,-0.153386,-0.000963136,-0.00099355,-0.00158256,-0.0185265,-0.0058813,0.00141066],[0.0168656,-0.0101062,0.0546882,0.13209,0.0845415,0.0774614,-0.0191846,-0.00902445,-0.40068,-0.168771,-0.00466967,0.00574968,-0.0324173,-0.00289053,-0.0201986,-0.00712293],[0.0283492,0.0510612,0.0339243,-0.0144313,0.1649,0.0847684,-0.0198903,0.000700268,-0.159365,-0.168007,-0.00248608,0.00252714,-0.102577,-0.00150887,-0.017257,2.18039e-05],[-0.00744657,-0.00658299,-0.10336,0.00424074,0.0836854,-0.0498585,0.0114389,0.00882126,-0.079828,-0.216989,-0.00417032,0.00120186,-0.0695063,0.0168994,-0.00997231,0.000483634],[-0.00456613,-0.0333618,-0.0212005,0.0134693,0.023859,-0.0720478,-0.164791,0.0169912,-0.167724,-0.0549218,-0.00262591,-0.000770891,0.00190177,-0.0296062,-0.00864145,-0.00196133],[-0.017734,-0.0302135,-0.108432,-0.0206876,-0.241123,-0.229599,0.327996,0.102373,1.35112,-1.10588,-0.00932596,0.0157835,-0.319099,-0.138099,0.0177547,-0.00217942],[0.0351349,0.0462482,0.109207,0.00114413,-0.0137057,0.127675,-0.0364166,-0.00256553,0.209646,0.0308519,-0.00163205,-0.000525275,-0.0219667,0.00163893,-0.0106683,-0.000324268],[0.00425776,0.00218046,0.0106938,-0.00195486,-0.0185244,0.0163418,-0.00181012,-0.00814005,0.0139548,0.0503898,0.00100412,-0.000932901,0.0381298,0.00792276,0.00615005,0.000276315],[-0.24297,-0.0436764,-0.707757,-0.62342,-0.289872,-0.0931614,0.416587,0.0500483,1.11194,2.80451,0.0399632,0.0192296,0.0847935,-0.268543,0.374569,0.00275366],[-0.153547,-0.156216,-0.165626,-0.828791,0.0345661,-0.435354,0.482593,0.114272,-4.26502,0.114118,0.0316406,-0.00131553,0.343885,-0.055477,-0.0472373,0.0082707],[-0.00728346,-0.00605443,-0.0212848,0.013254,-0.0139964,0.0411208,0.0186549,0.000402332,-0.0484211,0.116697,0.000997395,-0.00328334,0.0107055,0.000961342,0.00353569,-0.000279973],[0.0260015,-0.0384025,0.0414931,-0.0886608,-0.118248,0.00457245,-0.042762,0.0244711,0.217673,-0.319339,0.003148,0.0198451,-0.221286,0.0141528,-0.0008932,0.0146495],[-0.0206527,0.0577409,-0.032422,-0.0906791,-0.0262301,0.163651,0.146954,0.0966909,-0.164518,-0.341061,-0.000379152,0.000113299,-0.00548569,0.024093,0.0225248,0.0152339],[-0.108149,-0.116661,0.355989,0.0759464,-0.134581,-0.106217,-0.460461,-0.0224371,-1.22446,0.998102,0.00237539,-0.0379026,-0.0614757,0.0263672,-0.126439,-0.000401555]],"sigmahat":[[2.25572,1.66992,4.51907,0.310622,1.696,3.52671,-0.504333,-0.150539,2.76701,5.23887,0.0695479,0.0229417,1.69961,0.812784,0.242271,0.0492302],[1.66992,4.16753,3.37509,-0.650105,0.399029,3.97388,-0.650667,-0.0938368,-1.0453,2.45621,0.0205735,-0.0276786,1.13885,0.923945,0.11206,0.0777125],[4.51907,3.37509,16.9701,0.308412,1.7563,9.023,-1.33192,-0.157779,3.31981,8.03538,0.1376,0.0859834,4.6041,1.73262,0.0276644,0.277595],[0.310622,-0.650105,0.308412,5.79178,0.351805,-0.503769,-0.432259,0.048096,1.43967,9.16029,0.110777,0.0356847,1.65203,0.518557,0.0344396,-0.0434477],[1.696,0.399029,1.7563,0.351805,18.4246,2.68942,0.80999,-0.326957,-4.07434,3.83424,-0.00560853,-0.131487,1.15695,2.0988,0.464227,-0.132545],[3.52671,3.97388,9.023,-0.503769,2.68942,16.7258,-2.37143,-0.215332,7.07083,4.22319,0.0152644,-0.206884,5.08115,1.87243,-0.247474,0.0868895],[-0.504333,-0.650667,-1.33192,-0.432259,0.80999,-2.37143,7.57879,-0.0995382,2.68058,4.69835,0.179604,0.129023,0.137203,-0.582024,1.27279,0.222738],[-0.150539,-0.0938368,-0.157779,0.048096,-0.326957,-0.215332,-0.0995382,0.68081,0.292646,-2.55889,-0.0139938,0.00474562,-0.430968,-0.191191,-0.281129,0.00652061],[2.76701,-1.0453,3.31981,1.43967,-4.07434,7.07083,2.68058,0.292646,191.599,2.74953,-0.0486767,0.0509487,-2.40676,-0.852976,1.30547,0.566991],[5.23887,2.45621,8.03538,9.16029,3.83424,4.22319,4.69835,-2.55889,2.74953,127.647,1.23416,-0.289647,27.2483,7.16361,5.51219,0.422251],[0.0695479,0.0205735,0.1376,0.110777,-0.00560853,0.0152644,0.179604,-0.0139938,-0.0486767,1.23416,0.0775298,0.0424682,0.452281,0.0720856,0.111469,0.00370966],[0.0229417,-0.0276786,0.0859834,0.0356847,-0.131487,-0.206884,0.129023,0.00474562,0.0509487,-0.289647,0.0424682,0.0814847,-0.561222,-0.105398,0.0564662,0.00236179],[1.69961,1.13885,4.6041,1.65203,1.15695,5.08115,0.137203,-0.430968,-2.40676,27.2483,0.452281,-0.561222,24.1341,4.38101,1.36223,0.112031],[0.812784,0.923945,1.73262,0.518557,2.0988,1.87243,-0.582024,-0.191191,-0.852976,7.16361,0.0720856,-0.105398,4.38101,2.95735,-0.112185,0.0754212],[0.242271,0.11206,0.0276644,0.0344396,0.464227,-0.247474,1.27279,-0.281129,1.30547,5.51219,0.111469,0.0564662,1.36223,-0.112185,1.81417,-0.0411384],[0.0492302,0.0777125,0.277595,-0.0434477,-0.132545,0.0868895,0.222738,0.00652061,0.566991,0.422251,0.00370966,0.00236179,0.112031,0.0754212,-0.0411384,0.10325]],"n":16,"lags":3}