{"betahat":[[0.0795852,0.0940968,-0.0199619,0.0400333,0.0195358,0.150358,0.268272,0.0630421,0.657753,0.0534698,0.910917,0.612107,-0.0152017,-0.015881,1.11366,8.86628,-0.161574,-0.0274519,0.0130052],[0.00865805,-0.00294595,0.0170596,0.00379119,0.109263,0.0511076,-0.0314221,0.00223292,0.190171,0.0534331,-0.0940357,0.0539184,-0.0069364,-0.00491043,0.115185,-0.0580641,0.0299799,0.00836022,0.00397856],[-0.00186604,-0.0141322,0.143515,0.00159899,0.0442004,0.111748,-0.0270242,-0.0234452,0.109113,-0.0159868,0.0246057,0.168557,-0.00261438,0.00401047,-0.0309086,-0.04605,-0.0113361,0.064488,0.00441616],[0.0380083,0.0334551,0.0973278,-0.0239699,0.0344608,0.0179151,-0.0579194,-0.0028717,0.242307,0.0101239,-0.0504241,0.143572,0.000953993,0.00480005,-0.0733222,0.172344,-0.0103047,0.00506687,0.00033313],[-0.0252711,-0.0190038,-0.0611264,-0.019116,-0.110024,-0.0200268,-0.00792737,0.0468707,0.216481,0.011542,-0.00833808,0.240639,0.00688852,-0.00113246,0.169239,-0.0508713,0.0804284,-0.017965,0.0116354],[-0.023658,-0.0220516,-0.039974,0.00102928,-0.0116637,-0.0360344,0.0637412,-0.0112884,0.0559753,0.0129186,-0.042656,0.275915,0.00368169,0.00237303,-0.0567128,-0.0482488,-0.0233092,0.0219275,0.00212522],[0.0684372,0.0731109,0.202052,0.00898571,-0.0486807,0.271238,0.0162099,-0.0148592,-0.0288525,-0.0889489,0.0170888,0.207099,-0.00300717,-0.00560292,0.12061,0.0756585,-0.0408078,0.00208822,0.00301547],[-0.0139023,-0.0257904,-0.0350841,0.0121602,-0.102613,-0.0655555,0.135687,-0.00201823,-0.0699792,0.0697145,0.00255083,-0.614847,0.00305181,0.00501453,-0.0373337,-0.146457,0.0206117,-0.0132226,-0.01422],[3.23672e-06,0.043613,-0.132577,-0.0349341,-0.0455069,0.0194992,0.043517,0.399645,-0.0238971,-0.147324,-0.667004,0.954084,0.00503536,0.0067323,0.136958,1.17813,0.0858931,0.251316,0.00655034],[-0.00160636,-0.0130737,-0.0333534,-0.0118254,0.0144272,-0.0866655,-0.0206343,0.00200686,-0.185346,0.0265112,-0.0177361,-0.140304,-0.0012086,-0.00173681,0.0520309,0.0618616,0.00208545,-0.0106877,-0.00206714],[-0.00383568,-0.00431107,-0.0253287,-0.00781642,0.0180777,-0.0751638,0.0200398,-0.00256158,0.106278,0.105147,-0.139907,-0.0220499,0.00230316,0.000650425,0.013507,0.000103343,0.0073735,0.00832545,-0.0020508],[0.000602034,0.00438257,-0.000894987,0.00437958,-0.00446311,0.010817,-0.0106649,-0.0248818,0.0039743,-0.0250138,0.540891,-0.233304,0.00161702,0.0008948,0.0139276,0.254735,0.0276012,0.0183985,0.00912695],[-3.89496e-05,-0.000171737,0.0016441,-0.00033759,0.00197491,-0.000815862,-0.00203616,0.000880429,-0.00632071,-0.000251486,-0.0128353,0.288805,0.000593275,0.000253595,-0.0190257,0.0230507,-0.000383551,0.00332793,0.00147152],[-0.0613609,-0.0528713,0.152055,0.0154748,0.0925632,-0.221832,-0.301079,-0.0285507,0.0141246,0.1087,-0.404499,0.7355,0.0555013,0.0473081,-0.542265,-0.494223,-0.0724498,-0.214911,0.036379],[-0.177405,-0.112174,-0.253233,0.0867816,-0.0997041,-0.406709,-0.319797,0.0282814,0.149755,-0.02843,0.13208,-1.00593,0.0209899,0.0436246,-1.57508,-0.296172,-0.218465,-0.182054,-0.00989273],[0.00858916,0.00764539,0.0164482,0.000644919,0.00416449,0.0202593,-0.000721211,0.00105663,0.0311916,-0.00343742,0.0072255,-0.121802,0.000251394,-0.000953561,0.259826,0.129739,0.0104988,0.00659875,0.0037166],[-0.00324038,-0.00329239,-0.0072875,0.00072669,-0.00111571,-0.00925146,0.00559739,0.00428764,-0.0120461,0.0056495,0.036897,0.10136,-0.000227163,2.45171e-05,0.101423,0.629224,-0.00619,-0.00192339,-0.00184884],[0.0654461,0.0453367,0.156592,0.0496841,0.0634376,0.11128,-0.120088,-0.0576942,0.00524569,0.0901175,0.0214411,1.66701,0.0199123,-0.0110747,1.03386,0.083298,0.262436,0.0725252,0.0210443],[-0.00137413,0.019329,0.0563684,-0.0492934,0.133747,-0.0216425,-0.0618807,-0.0200228,-0.203451,-0.0467444,0.615819,2.48449,0.00720059,-0.000284266,0.22389,0.314545,0.0599445,0.142933,0.0131365],[-0.026293,-0.0251761,0.0134719,-0.296496,0.127236,-0.0989489,0.102647,0.0479247,0.847406,0.314593,0.991551,3.92181,-0.00157282,0.0198591,1.1377,-1.75603,-0.277077,0.181008,0.584982],[-0.008449,-0.0172477,0.00165135,-0.0026373,-0.0537126,-0.0539297,-0.024247,-0.00525172,0.0330683,0.0287356,-0.0146891,-0.0221414,-0.00257253,0.000394614,0.00971192,0.0304893,-0.00718383,-0.00172111,-0.0017504],[0.0110458,-0.0287247,0.0224923,0.00572835,-0.00748232,-0.00941133,-0.0165954,-0.00370945,0.0563716,0.0123306,-0.0103513,0.160423,0.000484754,0.000950962,0.00182255,0.00329108,-0.00900409,0.00528562,-0.00533549],[-0.00230793,-0.00752582,-0.00973912,0.00780402,-0.00050356,-0.0335566,-0.00338425,0.00110049,0.0332028,0.0172119,-0.0253138,0.0362138,-0.000234099,0.000932072,0.00704372,0.028197,0.0040976,-0.00133437,-0.000736366],[-0.00376481,-0.00263074,-0.00905572,-0.0156612,-0.00982491,-0.0498918,-0.000188856,0.00313913,0.101537,0.0127103,0.0341534,0.184277,-0.00126398,-0.00412181,0.0100383,-0.064751,0.00576462,0.0117845,0.00338089],[-0.0078845,-0.00797414,-0.00856459,-0.00338246,-0.0512273,-0.0092674,0.0109365,-0.000478189,0.0346725,-0.00752696,0.00894591,0.0060624,0.00130017,0.00140706,-0.0141409,-0.00390751,-0.0342789,0.00314944,0.00095414],[0.0025847,-0.00091934,0.0179597,-0.0033882,-0.0186265,-0.00825262,0.00970364,0.0010939,0.0188584,0.000910958,-0.0173348,0.00588155,-0.000195645,0.000109048,0.00643425,0.0188485,-0.010081,-0.0067331,-0.00035515],[0.0114015,0.00541365,0.036539,0.0205757,-0.0500815,0.0390747,-0.0396494,-0.00110921,0.0419009,-0.00620235,0.0135024,-0.158401,-0.00213582,-0.000664799,0.0183442,-0.110157,0.0181108,-0.0199069,-0.000412105],[0.0135069,0.00579808,0.00518861,0.017389,-0.016535,0.0576701,-0.0235499,0.0858538,0.00537448,-0.021344,-0.155595,0.138299,-0.00323476,-0.00773205,0.011371,0.304892,0.0139697,-0.0646737,-0.00823799],[-0.0147236,-0.0163305,-0.0431608,-0.000891503,0.0110237,-0.0425081,0.00307147,-0.000253583,-0.0909872,0.000667236,-0.00434669,-0.0593684,0.000691389,7.76104e-05,0.0236546,0.0156791,0.0011875,0.00456055,-0.0010731],[-0.00464004,-0.000684767,-0.00821527,-0.00561758,-0.00315804,-0.000995722,-0.0161626,-0.00131238,0.0087943,0.00246317,-0.0248596,-0.0461038,-0.000185033,-5.41603e-05,-0.00964799,0.0171989,-0.00560867,0.00155157,-0.000962799],[5.69442e-05,0.000674594,0.000745822,-0.00122485,-0.0052304,-0.00038031,-0.00110223,-0.00575972,0.00361631,0.00162768,0.103421,-0.0782494,0.000680992,0.000187502,0.0034985,0.0544966,0.00578102,-0.000581818,0.00242785],[-0.000196575,6.57596e-05,0.00060444,-0.000411224,0.000541393,-0.000768324,-0.000553919,0.000347411,-0.000589593,-0.000485762,-0.00268156,0.0624008,0.000104519,0.000136266,-0.00570928,0.00877401,-0.000754902,0.000982728,0.000337742],[-0.00681678,-0.00983482,0.012475,0.0143267,0.0720168,0.0560905,-0.132683,-0.00681739,-0.0335163,-0.0438927,-0.0327957,-0.0566088,0.00237902,0.0055945,-0.169552,-0.0603374,-0.0286106,-0.0316714,0.000880304],[-0.00631295,-0.0410631,-0.0298622,0.0788993,0.0760267,0.00732091,-0.0856089,-0.0109377,0.0715518,-0.0149279,0.0123794,0.21301,0.00171371,-0.00142051,-0.111563,-0.183405,0.0186083,-0.0365751,-0.00122579],[0.000816698,0.00154269,0.0013536,-0.00116236,0.00121874,-0.000777066,0.0010957,0.000670606,0.00239562,-0.00125435,0.00300164,-0.0555758,-0.000208909,0.000120685,0.0433508,0.029223,-0.00174347,0.00141011,0.000693975],[0.000896757,-0.000124449,0.00222505,0.000299472,0.00189831,0.00105343,-0.00139973,0.000799145,7.87129e-05,0.000963389,0.00604587,0.0228475,-8.37745e-07,5.18334e-05,0.0229855,0.150733,-0.00221238,-0.00128877,-0.000543649],[0.00700838,0.00443969,0.0421283,-0.0101666,-0.0031821,-0.00252864,-0.00865119,-0.00497215,0.0530111,0.0326737,-0.0431523,0.0686931,0.00321281,0.000581465,0.201306,-0.00880005,0.0217414,0.0212931,0.00442878],[-0.0020059,4.10596e-05,-0.0114314,0.0122948,0.0259277,-0.0246542,-0.0186851,-0.00506958,-0.144993,-0.0483618,0.162777,0.474567,0.00161614,0.00517862,-0.127577,0.037568,-0.0298033,0.0261444,0.00660169],[-0.0379549,-0.0588693,-0.123926,0.0952343,-0.0401502,-0.0276869,0.0196872,-0.0146569,0.112795,0.126587,-0.0521786,-0.103606,0.00303601,0.0101208,-0.178215,-0.33685,-0.0397023,-0.0605953,0.109234],[-0.0127165,-0.00487632,-0.0443679,-0.0118932,-0.00446021,-0.0501041,-0.0117098,0.000144769,-0.0227098,0.00663759,0.0026917,-0.0200359,-0.0014736,0.000636234,-0.0149383,0.0624879,-0.014641,0.00492312,-0.00168418],[-0.00416867,-0.00155901,-0.0290545,-0.00356937,-0.00315072,-0.025388,-0.0148944,-0.000353678,-0.00765713,0.0034632,-0.000128735,0.00606065,-0.000453499,-0.000516388,0.0109626,0.00545529,-0.00126541,-0.00335677,-0.000702119],[-0.00932089,-0.00608107,-0.0284385,0.000742748,-0.00566029,-0.0264011,-0.00189136,0.000573575,-0.010841,0.0049727,-0.00854116,0.0219433,-0.000153662,8.31414e-05,-0.00153383,0.00884299,-0.00143318,-0.00134233,-0.000363581],[-0.00195472,-0.00733611,-0.0108669,-0.000464709,0.0164793,-0.00269532,-0.00305124,0.000656792,-8.61343e-06,0.00869939,0.0123022,0.00817761,-0.00185769,-0.00176491,0.0122069,0.0135666,-0.000747596,-0.00376927,0.000678753],[-0.00175875,0.00411165,-0.00646812,-0.00532301,-0.0163582,0.0118806,-0.00459026,0.00020032,-0.025487,-0.0067096,0.00698685,-0.0826444,0.000305598,0.00143243,-0.0279806,-0.0038219,-0.0100359,-0.00651214,0.00040991],[-0.00245964,-0.00119108,-0.010034,-0.00395736,-0.0016779,-0.0277626,-0.000104266,0.000845878,-0.0185656,0.00578311,-0.00338268,-0.0261197,-0.000582377,0.000428135,-0.0147836,0.0145404,-0.000222105,-0.00368378,-0.000187321],[0.00730081,0.0123723,0.0201052,0.00390546,0.00173066,0.0336258,-0.0352426,0.00150521,0.00787918,-0.0122403,0.00566742,-0.0349043,-0.00136958,-0.000876008,7.08856e-05,0.00963381,0.00119095,-0.00377358,-7.46883e-05],[0.0269741,0.0193468,0.0450339,0.0163236,-0.0297138,0.0757954,0.00146918,0.0367468,0.0957278,-0.0150215,-0.0177245,0.154927,-0.00160079,-0.00218494,0.00460413,0.241711,0.00666179,0.00352198,-0.00232042],[-0.00167314,0.000795384,-0.0061819,-0.00448369,0.00188374,0.000565836,-0.00383357,-0.0013017,-0.029196,-0.00215048,-0.0064438,-0.0242995,-0.000326059,-0.000224795,0.00501372,0.0246636,-0.00116131,-0.00347971,-0.000240131],[-0.000772085,0.000492608,0.00103099,2.34314e-06,0.0044854,0.00737736,-0.00448404,-0.00232026,-0.0212246,-0.00759351,-0.00435111,-0.00436053,-0.000234106,-5.59714e-05,-0.00279684,0.0118929,-0.0047697,0.00160356,-0.000478974],[-0.000154154,-0.00094542,0.000661667,-0.000912561,-0.0022211,-0.00128863,-0.00243751,-0.00251252,0.00696483,0.00318828,0.0304553,-0.0346989,0.000269799,-8.08488e-06,0.000516361,0.0203935,0.0023514,-0.00210234,0.000842875],[-0.000341688,-0.000241838,-0.000371192,-0.000369557,-8.24789e-05,-0.000265231,-0.000706762,-4.25554e-05,-0.000853601,-0.000551457,-0.00136534,0.0232696,4.0266e-05,4.96832e-05,-0.00287455,0.00200182,-0.000391854,0.000157877,0.000151496],[-0.00136951,-0.00776486,0.0002044,-0.00628986,0.0247098,0.0533462,-0.0160518,0.00750816,0.0401543,-0.00642205,-0.0393383,0.106419,-0.000775076,-0.00254165,-0.0216372,-0.0428816,-0.0100557,-0.0165843,0.00618842],[-0.0143623,-0.0279137,-0.0382261,0.00864918,0.0032838,-0.018298,-0.00149159,0.00761198,-0.0179936,-0.0118689,-0.00149109,0.0257342,0.00170164,-0.000788238,-0.0973963,-0.111911,-0.00449815,-0.00948175,0.00318335],[0.000215996,0.000382601,-6.668e-05,-0.000660998,0.000128765,-0.00052086,0.00033289,0.000599508,0.00113773,-0.000443647,0.00174825,-0.0237051,-0.000129163,8.31258e-05,0.0139902,0.0129928,-0.00128349,0.000688658,0.00041872],[0.000550252,0.00114535,0.00214381,-0.000374714,0.000159985,0.00317853,-0.000555628,0.000825604,-0.00164841,-2.49542e-05,0.00118908,0.0112368,-0.000104779,-0.000145217,0.00873835,0.0624302,-0.000543083,-0.000800076,-0.000155371],[0.00402068,0.0114007,0.00782478,-0.0207531,-0.00313975,0.0103423,-0.00816769,-0.0037351,0.0145653,-0.00279267,0.000941947,0.0586494,0.000904077,0.000897781,0.0730569,0.0226735,4.34268e-05,0.0172706,0.00350041],[-0.00746204,0.00585354,-0.0151212,-0.00898022,-0.000643993,-0.00262536,0.00249054,0.0170032,-0.0889807,-0.0300541,0.0669509,0.0988631,-0.000139338,0.00180673,-0.0654451,0.00931573,-0.0230271,0.00421922,0.00377221],[-0.0283091,-0.0871226,-0.0642998,0.0610847,-0.0597811,-0.0575203,-0.0725272,-0.00845033,0.189687,0.0964692,-0.311739,-0.472611,0.00882756,0.00467639,-0.334303,-0.6033,-0.0520031,-0.0936357,0.0349221]],"sigmahat":[[3.20132,2.9231,7.45833,0.351932,1.41387,6.7832,0.0898825,-0.30484,4.84894,-0.205797,0.928478,12.1633,0.00698892,-0.0921355,10.1445,14.8979,1.39699,0.886434,0.00730645],[2.9231,4.57477,7.03049,-0.164017,0.367591,7.49633,0.399782,-0.120282,2.52818,-0.862501,2.84265,9.72871,-0.0230454,-0.100968,10.6775,22.3799,1.37073,0.95573,-0.0211013],[7.45833,7.03049,24.0075,0.556196,2.02832,19.0213,-1.78005,-1.63358,13.6603,-1.4591,2.84669,31.8753,0.0943244,-0.0902138,20.2101,10.7948,2.9879,1.7969,0.49617],[0.351932,-0.164017,0.556196,4.11407,-0.103087,0.634874,0.0452617,0.116709,0.80274,-0.2246,0.567456,4.79659,0.0508042,-0.0119303,2.64491,6.98865,0.7198,-0.257112,-0.27703],[1.41387,0.367591,2.02832,-0.103087,12.562,2.12382,0.12943,-0.460757,-1.02773,0.313248,-0.521031,13.6601,-0.0223826,-0.0824507,5.61895,9.478,1.67679,1.23934,0.0862309],[6.7832,7.49633,19.0213,0.634874,2.12382,27.6767,-2.54004,-1.66407,11.0112,-4.73529,5.52554,26.3287,0.0320758,-0.332208,19.2789,2.49426,2.77373,1.59021,0.270184],[0.0898825,0.399782,-1.78005,0.0452617,0.12943,-2.54004,9.48095,1.03576,-2.34895,2.11832,2.19335,-0.0431444,0.0520178,0.0612512,4.84155,43.469,-1.0397,1.39253,-0.250169],[-0.30484,-0.120282,-1.63358,0.116709,-0.460757,-1.66407,1.03576,5.04395,-0.472514,-0.101585,5.01489,39.0635,-0.0274135,0.00467723,32.8803,198.741,-1.42897,0.424361,-1.06405],[4.84894,2.52818,13.6603,0.80274,-1.02773,11.0112,-2.34895,-0.472514,106.441,5.88837,1.02911,6.49888,-0.0932907,0.0114155,9.12436,21.8076,-1.33584,1.13533,1.17331],[-0.205797,-0.862501,-1.4591,-0.2246,0.313248,-4.73529,2.11832,-0.101585,5.88837,6.04772,1.32823,-1.62635,0.0117663,0.0225369,9.97347,44.5744,0.104785,-0.398825,0.468939],[0.928478,2.84265,2.84669,0.567456,-0.521031,5.52554,2.19335,5.01489,1.02911,1.32823,844.709,347.794,0.7494,0.61449,891.893,4301.19,-8.45883,12.8374,11.4901],[12.1633,9.72871,31.8753,4.79659,13.6601,26.3287,-0.0431444,39.0635,6.49888,-1.62635,347.794,1815.52,1.52337,-0.802307,749.251,4054.04,-6.33476,36.0102,1.28375],[0.00698892,-0.0230454,0.0943244,0.0508042,-0.0223826,0.0320758,0.0520178,-0.0274135,-0.0932907,0.0117663,0.7494,1.52337,0.0510434,0.0245151,1.216,2.30981,0.158761,0.0501596,0.0443672],[-0.0921355,-0.100968,-0.0902138,-0.0119303,-0.0824507,-0.332208,0.0612512,0.00467723,0.0114155,0.0225369,0.61449,-0.802307,0.0245151,0.0662874,-1.22233,0.545711,-0.284303,-0.0401614,0.058849],[10.1445,10.6775,20.2101,2.64491,5.61895,19.2789,4.84155,32.8803,9.12436,9.97347,891.893,749.251,1.216,-1.22233,1449.46,6325.03,-1.53145,22.1616,3.47464],[14.8979,22.3799,10.7948,6.98865,9.478,2.49426,43.469,198.741,21.8076,44.5744,4301.19,4054.04,2.30981,0.545711,6325.03,32117.8,-108.513,80.7903,-13.0934],[1.39699,1.37073,2.9879,0.7198,1.67679,2.77373,-1.0397,-1.42897,-1.33584,0.104785,-8.45883,-6.33476,0.158761,-0.284303,-1.53145,-108.513,8.27848,0.769052,0.00950771],[0.886434,0.95573,1.7969,-0.257112,1.23934,1.59021,1.39253,0.424361,1.13533,-0.398825,12.8374,36.0102,0.0501596,-0.0401614,22.1616,80.7903,0.769052,3.89671,0.217934],[0.00730645,-0.0211013,0.49617,-0.27703,0.0862309,0.270184,-0.250169,-1.06405,1.17331,0.468939,11.4901,1.28375,0.0443672,0.058849,3.47464,-13.0934,0.00950771,0.217934,1.72828]],"n":19,"lags":3}