{"betahat":[[13.2577,12.1514,48.6961,9.7771,-0.910944,37.4273,-16.5966,4.16143,-222.092,-11.2782,0.0812162,26.2148,2.43976,-0.0720045,61.1808,16.2899,2.7918,18.8148,-12.2034,-47.621,12.4346,3.25637,-0.551519],[0.816033,-0.0589261,-0.29203,0.105384,0.387472,0.312501,-0.177872,-0.0281804,0.21276,-0.144547,-0.0263314,-0.460739,-0.0355789,-0.0418947,0.179612,0.104389,0.0760594,0.208411,-0.379001,-0.230631,0.0267956,-0.0674508,-0.0105083],[-0.0327803,0.767665,0.308483,0.0568061,0.238456,0.273662,0.221404,-0.0344856,-0.187122,-0.0424184,-0.00173914,0.243274,-0.00834951,0.00395511,-0.160872,-0.0886871,-0.0502187,-0.194261,0.0738557,-0.0500886,0.0321734,0.117489,0.0143876],[0.0330265,0.0503821,0.830854,-0.0800173,-0.0213285,-0.0878255,-0.0714462,-0.01808,0.207684,0.0239679,0.0145442,0.0161931,0.00092025,0.0097651,-0.192583,0.026868,0.0208661,0.0301494,0.0304471,0.233651,-0.0340719,-0.0141591,-0.00759686],[-0.0697705,-0.0377299,-0.118666,0.529357,-0.138033,-0.00614144,-0.0362326,0.033243,-0.0252197,-0.0190839,-0.0328518,-0.228708,0.0152373,0.00622983,0.0342222,0.0014724,-0.0216166,0.101064,-0.157131,0.110646,0.0311991,-0.0086056,0.00412219],[-0.0183179,0.0298528,0.0182199,0.00584754,0.644061,-0.044377,0.0234018,-0.0189755,0.0622625,0.00986533,-0.0339268,0.597181,-0.00157361,-0.00411145,0.0618863,-0.00413458,0.0137503,-0.0652146,-0.0271711,-0.00659749,0.0478044,0.028018,0.0011553],[0.0133211,0.0027952,0.151214,0.0415684,-0.126057,0.915792,0.0148031,-0.0109136,-0.441942,-0.0375087,0.0191628,0.193187,0.00334299,0.000752797,0.137089,-0.025706,-0.0195145,-0.0931661,-0.0237538,-0.0387265,-0.0503616,0.0270559,0.00400273],[0.0876745,0.0863187,0.184507,0.00749355,-0.0859143,0.120964,1.03066,-0.0394123,-0.551893,0.041024,0.176889,0.129848,0.00521486,0.00915742,-0.117203,-0.0404365,-0.010168,0.0337255,0.0347368,0.0822084,-0.0410242,0.0849397,-0.0188465],[0.110906,0.47975,-0.178887,-0.438137,0.111998,0.622457,-0.0853174,0.621588,-0.543406,-0.199666,0.0358647,1.71444,0.0312204,0.0274752,0.0940829,-0.033524,-0.000659438,-0.162662,0.353024,1.03167,0.372304,0.611946,-0.0138495],[-0.0295297,-0.0285854,-0.12235,-0.0207413,-0.00211075,-0.193481,0.00749311,-0.00311746,-0.114526,0.0121334,-0.0040405,-0.0247461,-0.00125433,-0.00313252,0.0472296,-0.00103297,0.0042793,-0.00354501,0.0139669,0.157588,0.010335,-0.00866477,-0.00154345],[-0.0112414,0.0517364,-0.15159,-0.0210967,0.132911,-0.0333444,0.130585,0.0375025,1.44173,1.00727,-0.118893,0.0185053,0.0135888,0.0017154,0.268979,0.0145326,0.017307,-0.00470832,-0.168583,-0.178673,0.170585,0.0529439,0.0144736],[0.110913,0.197486,0.203797,-0.124813,0.212096,0.257233,0.235457,-0.00114488,0.66448,0.0334111,1.1617,0.219129,0.0140955,0.00200764,0.13122,-0.114743,-0.134672,-0.12954,0.284064,0.435485,0.116982,0.119395,0.0188681],[-0.0116004,-0.00168923,-0.0570668,-0.0211569,0.0229135,-0.00480304,0.0324212,0.00509823,0.055246,0.0304842,-0.00271002,0.849303,-0.00273099,0.00227714,-0.0831081,-0.002319,0.00458298,-0.00786103,0.0328302,0.0557869,-0.0120599,0.00706466,0.00229533],[0.242269,-0.309748,2.46443,-0.163846,0.620024,-0.695347,0.359679,0.130853,-1.03375,0.706574,-1.09554,-3.86868,0.830703,-0.0245412,-0.255441,-0.300577,-0.169187,-0.0338044,2.45343,0.0433407,0.276581,-1.08233,0.241808],[-0.722347,0.456034,-2.453,0.0904978,0.373864,-1.24747,-0.958455,-0.0129202,0.726036,0.0732975,0.0562301,-1.52796,-0.0714193,0.839628,-2.55028,0.044246,0.213212,0.335815,-3.63598,0.680726,-0.218706,0.309659,-0.188723],[0.0577656,0.0636324,0.0763598,0.0157498,0.0189545,0.106583,-0.0155648,-0.0216395,0.378196,-0.00614759,0.0287612,0.138791,0.0115365,0.00293694,1.08088,0.0167266,0.0123,-0.00164196,-0.05236,0.127391,0.0348571,0.0348734,0.000854316],[0.0179243,0.236465,0.200064,0.075778,0.228313,-0.137809,-0.130777,-0.037982,-1.22055,0.380738,-0.246774,-1.52806,-0.044411,-0.013956,-0.695871,0.649385,0.456012,0.489667,0.434763,0.202853,0.0106697,-0.288239,0.0502768],[0.255538,0.0904582,0.477439,-0.326555,-0.145908,0.303418,0.246182,0.0271948,1.22777,0.176475,-0.366601,1.29345,0.000454041,-0.00172395,0.286113,0.13081,0.403609,0.0366009,0.423024,0.400436,-0.0631505,0.0644585,0.00885266],[-0.0217428,-0.0316664,0.0285883,-0.0506888,-0.014503,-0.313131,0.0469708,-0.0414772,0.153496,-0.00616059,0.0476824,-0.0556524,0.00194631,0.0233315,-0.173869,0.0794117,0.0403464,-0.169673,0.207219,-0.148379,-0.0770693,0.017315,-0.00509853],[-0.073614,-0.144765,-0.242064,0.0671075,0.140587,-0.143591,0.252443,0.0362299,0.0892599,0.0189964,-0.00301208,-0.102076,0.0213172,0.00991377,0.026155,-0.0793835,-0.0752158,-0.111239,0.206263,-0.146628,-0.0360782,0.0395822,0.00154839],[-0.0634733,-0.085768,-0.143771,0.0035207,-0.245844,-0.219426,0.0791333,-0.0236291,0.392999,0.107964,-0.013701,-0.143015,0.000887116,0.00319372,0.0138643,0.0102289,-0.00495141,0.00356952,-0.0498257,0.917259,-0.0200902,-0.0114833,0.00468129],[0.157631,0.172325,0.177341,0.156737,0.253662,0.256857,0.0735602,-0.0314921,-0.358741,-0.0402672,-0.0730442,1.27163,0.0552058,0.0170739,0.543001,-0.0249783,-0.0735404,0.095632,0.0490598,0.255414,0.809607,0.0597746,0.00841518],[0.00081923,0.150212,0.390684,-0.186811,0.23087,-0.318523,-0.238715,-0.00833203,-0.513821,-0.0359768,0.210691,2.07625,-0.0284966,-0.00582121,-0.304086,-0.0753786,-0.101702,0.109207,-0.213797,0.00115404,0.183141,0.234445,0.0414563],[-0.416036,0.0247428,-0.761517,-2.08387,1.1651,-0.883759,-0.362238,-0.080928,4.54298,-0.344818,0.750084,-5.01383,-0.0904102,0.0760526,-1.4357,-0.0960025,-0.219716,0.925085,-0.392741,1.55259,-0.561196,0.69888,0.715749],[0.123316,0.0758625,0.229415,-0.0588903,-0.283797,-0.166652,0.0686693,-0.00995382,0.0343031,0.0688359,0.04264,0.628943,0.0194564,0.0207812,-0.0175247,-0.0732753,-0.0493424,-0.255647,0.162235,0.169215,0.00450015,0.0186055,0.0213254],[0.09851,0.131928,-0.148315,-0.0253653,-0.0437083,-0.139081,-0.112631,0.00147624,0.143984,0.0598839,0.0345457,0.450721,0.0151016,0.000834848,0.129653,0.0611709,0.0455645,0.155278,0.00408881,0.217381,0.0408766,-0.0401286,-0.0147843],[-0.0129991,-0.0249095,0.109074,0.0771968,0.0515462,0.0765277,0.0293435,0.0180304,-0.0852593,0.0033879,-0.0287345,0.0271564,-0.000772801,-0.00453957,0.0863627,-0.0217575,-0.021465,-0.0194593,-0.0270083,-0.119489,0.0167532,0.0136368,0.00530096],[0.0444361,0.0452222,0.0392171,0.265782,0.0415939,-0.085607,0.0737842,-0.0334748,0.120116,0.00766887,0.0498386,0.693612,-0.00860163,-0.0176766,0.0580215,0.00230776,0.0258733,-0.025553,0.158339,-0.160123,-0.0245901,0.0281185,-0.00513552],[-0.0138767,-0.0737676,-0.0714515,0.00172019,0.126993,-0.0917398,-0.00342,0.0111488,0.0817759,-0.0195868,0.0157024,-0.236422,3.33201e-06,-0.0037015,0.0913981,-0.00314559,-0.0128879,0.0485059,-0.00665405,0.00850071,-0.0425978,0.0124048,-0.00130389],[-0.0357426,-0.0232816,-0.0952286,-0.0432739,-0.0156226,0.0217618,-0.0196131,-0.00210122,0.373712,0.0526649,-0.0420503,-0.0471459,0.00145509,0.000947408,-0.0801422,0.0247303,0.0195461,0.10469,-0.0486769,0.00935225,-0.00166429,-0.0193633,-0.00359926],[-0.0502267,-0.0110617,-0.0527304,0.0241093,0.0576869,-0.0182438,-0.00400161,0.0174559,0.0211431,-0.0554595,-0.110337,-0.00613049,-0.00181697,-0.0104856,0.209655,0.0103215,-0.0111118,-0.0162633,-0.0718549,-0.0968751,0.064344,-0.053717,0.0121812],[-0.0505261,-0.122402,-0.240665,0.121483,0.00703097,-0.0637017,-0.237927,0.0157008,-0.131902,-0.127453,0.27634,-0.89897,-0.040488,-0.0594604,0.0606319,0.0837776,0.110647,0.623103,-0.184766,-0.500876,-0.408261,-0.491753,-0.033519],[-0.0447161,-0.0326367,-0.100851,-0.00230563,0.0468186,-0.0586734,0.0578147,-0.00168953,-0.285602,-0.0138374,0.00972354,0.0231729,0.00197613,0.0010325,0.0115042,-0.00278389,0.00315782,-0.0129353,0.00654588,0.0503735,-0.00782281,0.0175402,-0.00175114],[0.0348681,0.0290208,0.184604,0.0152988,-0.211772,0.2146,-0.0266584,0.00162863,0.272165,-0.119172,0.0922682,-0.0991947,-0.0114843,0.00178512,-0.274908,-0.0356002,-0.051402,-0.0370071,0.214557,-0.0717839,-0.109705,-0.0373986,0.00199069],[-0.0478845,-0.0482909,-0.0424586,-0.0226803,-0.182088,-0.123436,-0.0462325,-0.0023693,-0.266868,0.0198466,-0.10744,-0.0105076,0.00150929,0.00597438,-0.00210717,0.0773572,0.0899086,0.0880339,-0.188617,-0.221367,-0.0168821,-0.0634749,-0.00378775],[0.00413525,-0.000574514,0.0276901,0.0141046,-0.00426959,-0.0172983,-0.00801885,0.00344468,-0.0303066,-0.0157447,-0.000670465,-0.0285149,0.00139592,0.000637211,0.00892757,-0.00215782,-0.00443473,0.0198543,-0.0152561,0.000137049,0.000849756,-0.00503508,-0.000713407],[0.246371,-0.255737,-0.32596,0.415557,0.920514,0.54009,-0.714046,-0.0437799,-0.24477,0.494074,-0.0452223,0.57327,-0.105865,-0.0575538,-0.475227,0.101593,-0.141112,0.0424624,-1.82472,-0.633405,0.244756,0.420476,-0.157174],[0.627012,0.043134,1.55796,0.961014,-0.0400741,1.85283,0.197814,-0.270526,2.70041,-0.306727,0.159653,2.58881,-0.00194185,-0.0359184,2.01895,-0.13583,-0.0656039,-0.429482,2.20958,-1.22397,0.517594,-0.0781785,0.0340558],[-0.0413418,-0.0288873,-0.0575964,-0.0132863,-0.0181605,-0.132518,0.015529,0.0191975,-0.101754,0.00269915,0.0171529,-0.127999,-0.012067,-0.000298376,-0.11408,-0.000773685,0.00191764,0.0184908,0.060175,-0.0343399,-0.0224379,-0.019942,-0.00121615],[-0.0547402,-0.0780448,-0.00898249,0.0989406,0.0545253,-0.0829959,0.063787,-0.0214423,-0.834819,-0.156773,0.114499,1.34604,0.0159742,-0.00858447,0.328336,-0.116268,-0.167126,-0.344034,-0.246069,-0.278278,-0.103124,0.185526,-0.0181668],[-0.0584764,-0.111744,0.0416764,-0.0842741,0.171667,-0.019306,-0.00216053,-0.0492477,0.19825,0.106507,-0.0234215,0.0321009,0.0118223,0.0124088,-0.298865,0.0422274,0.0581901,-0.173857,-0.684785,-0.369783,-0.104531,0.0562808,-0.0363363],[-0.0118438,0.0526709,-0.0305914,0.0118454,0.00234391,0.0193173,-0.0184807,0.0633467,0.133562,0.00316228,0.0493836,0.0501959,0.0033494,-0.00124022,0.0318741,0.0605074,0.0335811,0.195065,0.115428,-0.0080135,0.00684072,-0.0382196,-0.0051627],[-0.00216487,0.00906741,0.0940801,0.0216776,-0.0906973,0.0507064,0.00115777,-0.00920753,0.196179,0.0314595,0.0180623,-0.0619992,0.00684071,0.00692671,-0.00501924,-0.00660618,-0.0159132,-0.0272792,-0.15253,-0.0844999,0.0158533,-0.0224218,-0.00517955],[0.0733286,0.0282724,0.119503,0.0204804,0.238402,0.178016,-0.0361521,-0.00188417,-0.172065,-0.0473462,0.00636229,0.0982721,0.000120183,-0.00226239,-0.00748985,0.00753378,0.0181489,-0.0368714,0.0345746,0.0472586,0.0190093,-0.00822252,-0.00430644],[-0.109261,-0.0509402,-0.184602,-0.0732287,-0.209429,0.081661,0.0569428,0.0361086,-0.167428,-0.0785393,0.0210228,-1.26511,-0.0272417,-0.0119153,-0.24857,0.0254583,0.044058,-0.0741274,-0.0659793,-0.297611,-0.132801,-0.0138731,-0.0030236],[-0.011008,-0.0911472,-0.215769,0.175717,-0.0412407,-0.20496,-0.046103,-0.0462499,-1.24412,-0.225079,-0.142561,-0.529201,0.00415799,0.0210435,-0.740523,-0.109294,-0.12744,-0.459731,0.0934055,-0.36292,-0.250271,-0.0803381,0.0179984],[0.0635887,-0.519012,-0.615811,1.21588,-1.97052,1.09038,0.346159,0.014538,-1.34737,0.0402569,0.0471342,2.06542,0.0909524,0.019062,1.08946,0.123602,0.10892,-0.101954,-0.780557,0.205903,0.406567,-0.0833026,0.0135518],[0.0603076,-0.0174905,0.0615775,-0.0460822,-0.102947,-0.147111,0.109215,0.038185,-0.24255,0.0757289,-0.0163608,-0.168395,0.0160924,0.0210731,-0.162018,-0.0311547,-0.0267174,0.0468224,0.217898,0.0620252,-0.031523,0.0486535,-0.0108092],[-0.0658141,0.100054,-0.160923,-0.0309776,-0.194181,-0.135041,-0.108157,0.0328777,0.0500756,-0.0172439,-0.0325298,-0.690662,-0.0067496,-0.00484408,0.0318445,0.0273743,0.00472124,0.0388487,-0.0765335,-0.165484,-0.0733164,-0.0771664,0.000393661],[-0.0203273,-0.0261092,0.0577427,0.00376829,-0.03004,0.0102838,0.0417204,3.39714e-05,-0.11393,-0.0272837,0.0141134,-0.040149,-0.00018969,-0.00530658,0.106994,-0.00522005,0.000512634,-0.010884,-0.00316738,-0.112338,0.0171454,0.000476454,0.00237068],[0.0253568,-0.00766975,0.0789417,0.204415,0.096482,0.091833,-0.0375591,0.000392182,-0.0894577,0.0116017,-0.0171455,-0.463667,-0.00662683,0.0114313,-0.0917762,-0.00388155,-0.00410404,-0.0758685,-0.000633477,0.0494888,-0.00673797,-0.0194854,0.00102011],[0.031718,0.0431348,0.0517792,-0.00739511,0.226587,0.135722,-0.0202917,0.00817632,-0.141123,0.00950471,0.0181341,-0.364432,0.00145609,0.00779576,-0.154854,0.00712927,-0.000924222,0.0160883,0.0335673,-0.00274631,-0.00596508,-0.0408124,0.000127719],[0.0219299,0.0196062,-0.0576067,0.00218474,0.141499,0.0601427,0.00448293,0.0129706,0.0729722,-0.0151554,0.0224528,-0.14359,-0.00477588,-0.00171006,-0.0560038,0.00102581,-3.37599e-05,-0.0117884,0.0726029,0.030797,0.051742,-0.00771798,-0.000321105],[-0.0208581,-0.0339369,-0.0714437,-0.0309613,0.0129442,-0.0446596,-0.0524888,0.0214733,0.134008,-0.0196224,-0.053164,-0.00305024,5.32455e-05,-0.00270367,0.0474018,0.0277063,0.0159764,0.0345802,0.0267013,0.0519175,0.00398884,-0.0135463,0.00757634],[-0.0242284,0.0186282,0.0914595,0.0696363,-0.282773,-0.0128392,0.213293,0.147228,0.85357,-0.0316913,0.0767109,-0.815214,-0.00258516,0.0212361,-0.213974,-0.0673462,0.0151827,-0.179046,0.533039,0.495534,-0.0808489,0.0739327,0.00980347],[0.00167794,0.0279774,0.0112314,-0.0126641,-0.00809272,0.0665116,-0.0188916,-0.00810946,-0.150141,-0.00319535,-0.00950655,0.0119448,-0.00294319,-0.00168853,-0.0248631,0.00544735,0.00473798,0.00201817,-0.0163685,0.103869,-0.0115682,-0.0169818,-0.00239555],[0.0238276,-0.0176889,0.0856269,-0.0451666,0.0709329,0.0451688,-0.0150586,-0.0284429,0.178108,-0.00524892,0.050607,-0.381708,-0.00342394,0.00326906,-0.145435,0.0144149,0.0163177,0.114463,0.0959335,0.0413514,-0.100904,-0.0167518,-0.0055871],[-0.0546536,-0.139217,-0.13647,0.138109,-0.0119024,-0.121467,-0.169366,-0.00153718,-0.262804,-0.04082,-0.0512757,-0.163,-0.0140432,-0.0079463,-0.112524,0.0347147,0.0483563,0.0338479,-0.0774318,-0.163762,-0.0829475,-0.0554658,-0.0140195],[-0.00181645,-0.00295281,0.00375655,-0.00816728,-0.0183234,0.0145468,-0.014322,-0.00948661,0.00239165,-0.0135667,0.010011,0.00278159,0.000838916,-0.00114443,0.0424263,-0.000206897,0.000124778,0.00210946,-0.030496,-0.0297503,-0.00526049,-0.00154488,-8.01077e-05],[-0.0567646,0.0586278,-0.42397,-0.639354,-0.707656,0.516865,0.316264,0.0569524,3.35046,0.328756,-0.332346,5.53781,0.08875,0.00858695,0.986543,0.206445,0.0828013,-0.0749989,-1.53084,-0.00729753,-0.233649,0.328638,0.112888],[-0.428865,-0.482222,-0.721139,-0.979317,-0.537749,-0.937738,0.542157,0.104527,-2.14163,-0.180942,-0.0609821,-0.660111,-0.00840618,-0.00413887,-0.606753,0.0237487,0.219111,0.139396,-0.0512219,-0.361783,-0.0582522,-0.346246,0.0445329],[-0.0175436,-0.0309285,-0.0362884,0.00395138,-0.0178231,-0.00176407,0.0138234,0.00495514,-0.190961,0.0128291,-0.0336198,0.0575613,-0.000399369,-0.000817606,-0.0218009,-0.0131146,-0.0183682,-0.0159297,0.0177156,-0.0469799,-0.0214788,-0.00788419,0.00139604],[-0.0154613,-0.0342791,-0.234527,0.0615746,-0.0770728,0.0625777,-0.120869,0.045894,-0.584386,-0.37967,0.191042,-0.164252,0.00291694,-0.00179478,0.247076,-0.165225,-0.183487,-0.0561664,0.000273054,0.0301573,0.175164,0.0712415,-0.00696273],[-0.0486137,-0.00203178,-0.150222,0.024793,-0.0206669,-0.136143,-0.208236,0.016059,0.327547,-0.246014,0.137114,-0.881468,-0.00298841,0.00927047,0.00873154,-0.0552536,-0.0563005,0.0409172,-0.22691,0.149476,0.115669,-0.0478379,-0.0241385],[0.0429048,0.0480852,0.0556507,-0.0151131,0.0512299,0.0707492,0.0636301,-0.0195045,-0.0184483,0.00423132,0.012208,0.329879,0.00269514,-0.00243296,0.151225,-0.00600403,0.000804703,-0.135271,0.138828,0.0269125,0.0808923,0.0553614,0.00407736],[-0.00837706,0.021124,-0.0610453,-0.0293169,-0.127482,0.0539232,-0.0158836,-0.013646,0.203682,0.0566087,-0.0191075,-0.0533541,0.00108717,-0.000780008,0.0311525,-0.0325214,-0.0340126,-0.0452752,-0.10493,-0.0437687,-0.0339371,-0.0198183,0.00444963],[-0.023828,0.0310037,-0.0165965,-0.0231769,0.0163923,0.00365186,-0.0316569,0.026147,-0.0758472,-0.0408158,-0.0072327,-0.033805,-0.00384868,-0.000207768,-0.0761119,-0.0200244,-0.00491458,0.00160374,0.0134318,-0.00872941,-0.0128162,0.00494469,-0.000819942],[-0.00882149,0.0615361,-0.0609569,-0.0854586,0.136754,0.14051,-0.0076148,-0.0274488,-0.0167239,-0.11787,0.0564617,-0.0336568,0.00925189,0.0108762,-0.194863,-0.0491303,-0.0179803,-0.0811396,0.379213,0.314612,-0.0678562,0.0261112,0.0134025],[0.0312558,0.131079,0.0921613,-0.00257062,0.0386879,-0.0832567,0.289265,0.106381,-0.400351,-0.0752932,0.020459,-0.111961,-0.00562798,0.0178409,-0.233736,-0.0132787,-0.0160887,0.0372286,0.566556,0.0497945,-0.129311,-0.00570402,-0.000248329],[-0.146056,-0.534268,-0.0630061,1.24931,-0.15932,-0.642957,-0.112647,0.078229,-0.000522303,0.15386,-0.850054,0.672053,0.113565,0.0708381,-0.350234,-0.128793,-0.0677302,0.339505,-0.15415,-1.04384,-0.20557,-0.308252,0.047313]],"sigmahat":[[1.45571,0.885889,2.47883,0.134735,1.21173,2.02548,0.379256,-0.0863057,1.59837,0.166585,0.210057,4.69237,0.0719706,0.0304251,1.28124,-0.107187,-0.0735968,-0.258221,1.22443,1.12995,0.824556,0.346628,0.0142185],[0.885889,2.44476,1.42814,-0.318493,-0.0344048,1.82708,0.547856,-0.090709,0.212523,-0.0195513,0.607307,3.19279,0.0570283,0.0154501,0.928308,-0.0419093,-0.0296648,-0.11457,0.695812,1.7866,0.846161,0.376194,0.0352727],[2.47883,1.42814,9.86207,-0.131972,1.1545,4.81969,0.995185,-0.0329545,0.406528,0.316929,-0.117837,5.97548,0.159984,0.110588,3.12996,-0.180363,-0.19308,-0.752436,1.03533,-0.241741,1.79739,0.333836,0.149764],[0.134735,-0.318493,-0.131972,4.13406,0.425924,-0.532809,-0.016081,-0.0934726,0.73961,0.0176426,0.125651,7.02354,0.0650235,0.0347447,0.947339,0.0460432,0.00372512,0.145297,0.666728,0.741135,-0.0588883,0.148211,0.00989403],[1.21173,-0.0344048,1.1545,0.425924,13.2736,1.63976,0.93885,-0.445225,0.269856,0.461314,-0.395216,5.03444,0.00421899,-0.127151,1.75404,-0.0572009,0.166869,-0.601628,4.91837,4.50854,1.1873,0.412817,-0.115616],[2.02548,1.82708,4.81969,-0.532809,1.63976,10.0037,-0.124471,-0.350526,2.1739,-0.439829,0.778309,4.98833,0.0524974,-0.109048,4.4068,-0.125802,-0.0460391,-0.175783,-1.48144,-0.951748,1.95865,0.0253837,0.0538337],[0.379256,0.547856,0.995185,-0.016081,0.93885,-0.124471,2.90453,-0.0701142,1.39105,0.851852,-0.198554,6.18722,0.0660573,0.0448531,0.802956,-0.347578,-0.212204,-0.70273,2.9277,2.21299,0.628601,0.818528,0.0557175],[-0.0863057,-0.090709,-0.0329545,-0.0934726,-0.445225,-0.350526,-0.0701142,0.406198,-0.077473,-0.168534,-0.143807,-2.16067,-0.0100785,0.0152391,-0.3635,-0.0338604,-0.0324408,-0.0347701,0.258506,-0.319884,-0.147262,-0.14287,0.000861496],[1.59837,0.212523,0.406528,0.73961,0.269856,2.1739,1.39105,-0.077473,79.0577,2.09249,0.92492,10.1645,0.0569884,-0.0908957,3.42127,-0.464177,0.435353,-0.5128,3.74371,4.26618,0.0405027,0.721061,0.137856],[0.166585,-0.0195513,0.316929,0.0176426,0.461314,-0.439829,0.851852,-0.168534,2.09249,2.05897,-0.426589,2.35844,0.0334436,0.0318661,-0.208423,0.156504,0.215349,0.120585,0.571666,0.614209,0.00326912,0.14738,0.00574966],[0.210057,0.607307,-0.117837,0.125651,-0.395216,0.778309,-0.198554,-0.143807,0.92492,-0.426589,1.559,0.860756,-0.0347267,-0.0361759,0.14812,-0.00634744,0.0126902,0.161324,0.0637021,0.489361,0.0348903,0.122,-0.0278526],[4.69237,3.19279,5.97548,7.02354,5.03444,4.98833,6.18722,-2.16067,10.1645,2.35844,0.860756,120.174,1.05642,-0.228461,25.2225,-1.08498,-0.818088,-1.68559,9.48513,11.0165,6.26869,5.68346,0.213242],[0.0719706,0.0570283,0.159984,0.0650235,0.00421899,0.0524974,0.0660573,-0.0100785,0.0569884,0.0334436,-0.0347267,1.05642,0.0420787,0.0240638,0.29871,-0.0147352,-0.0105149,0.0256895,0.0794657,0.193056,0.0903101,0.0671038,3.99783e-05],[0.0304251,0.0154501,0.110588,0.0347447,-0.127151,-0.109048,0.0448531,0.0152391,-0.0908957,0.0318661,-0.0361759,-0.228461,0.0240638,0.0528042,-0.420039,-0.0137127,-0.0160219,0.0416769,0.0674135,0.181557,-0.0314725,0.00950503,-0.00426087],[1.28124,0.928308,3.12996,0.947339,1.75404,4.4068,0.802956,-0.3635,3.42127,-0.208423,0.14812,25.2225,0.29871,-0.420039,17.8963,-0.204017,-0.0991793,-0.899163,0.690813,-0.447699,2.82218,1.31931,0.185883],[-0.107187,-0.0419093,-0.180363,0.0460432,-0.0572009,-0.125802,-0.347578,-0.0338604,-0.464177,0.156504,-0.00634744,-1.08498,-0.0147352,-0.0137127,-0.204017,0.370155,0.278692,0.360805,-0.579742,-0.330643,-0.0470627,-0.191819,-0.0148432],[-0.0735968,-0.0296648,-0.19308,0.00372512,0.166869,-0.0460391,-0.212204,-0.0324408,0.435353,0.215349,0.0126902,-0.818088,-0.0105149,-0.0160219,-0.0991793,0.278692,0.381015,0.22634,-0.247459,-0.0879263,-0.0574658,-0.172366,-0.0240168],[-0.258221,-0.11457,-0.752436,0.145297,-0.601628,-0.175783,-0.70273,-0.0347701,-0.5128,0.120585,0.161324,-1.68559,0.0256895,0.0416769,-0.899163,0.360805,0.22634,3.94688,-1.0234,0.0113266,-0.123057,-0.107275,-0.0510558],[1.22443,0.695812,1.03533,0.666728,4.91837,-1.48144,2.9277,0.258506,3.74371,0.571666,0.0637021,9.48513,0.0794657,0.0674135,0.690813,-0.579742,-0.247459,-1.0234,12.5233,7.07679,0.428912,1.14314,0.048958],[1.12995,1.7866,-0.241741,0.741135,4.50854,-0.951748,2.21299,-0.319884,4.26618,0.614209,0.489361,11.0165,0.193056,0.181557,-0.447699,-0.330643,-0.0879263,0.0113266,7.07679,15.5136,1.0357,1.30199,-0.109446],[0.824556,0.846161,1.79739,-0.0588883,1.1873,1.95865,0.628601,-0.147262,0.0405027,0.00326912,0.0348903,6.26869,0.0903101,-0.0314725,2.82218,-0.0470627,-0.0574658,-0.123057,0.428912,1.0357,2.31484,0.43954,0.0510544],[0.346628,0.376194,0.333836,0.148211,0.412817,0.0253837,0.818528,-0.14287,0.721061,0.14738,0.122,5.68346,0.0671038,0.00950503,1.31931,-0.191819,-0.172366,-0.107275,1.14314,1.30199,0.43954,1.10979,0.00886705],[0.0142185,0.0352727,0.149764,0.00989403,-0.115616,0.0538337,0.0557175,0.000861496,0.137856,0.00574966,-0.0278526,0.213242,3.99783e-05,-0.00426087,0.185883,-0.0148432,-0.0240168,-0.0510558,0.048958,-0.109446,0.0510544,0.00886705,0.0494181]],"n":23,"lags":3}