{"betahat":[[3.36334,4.44773,-2.29869,2.01192,9.21543,6.06115,1.55657,-2.02411,8.05229,-0.579765,0.446964,-0.26958,0.51358,0.183777,-0.0644686,-0.0160783,1.52298,40.3851,40.7456,0.19288,10.6699],[0.696293,0.211669,0.377416,-0.083753,-0.242224,0.846078,-0.00842715,-0.0143764,0.10121,0.359023,-0.00888668,-0.0130211,-0.0289997,0.00795637,0.0207509,-0.00629729,0.00709713,-0.1215,-0.0353483,-0.0103723,-2.57416],[-0.110382,0.384658,-0.150932,-0.112602,-0.11303,0.0213566,0.0517672,0.0938456,-0.0730381,-0.10706,0.00765438,0.0286085,0.0250039,0.0316954,0.00946833,-0.136011,0.101373,0.0293597,0.0293839,0.013705,0.623582],[0.0174384,0.0447984,0.558318,0.0681317,0.0647496,-0.118194,0.0120394,-0.0121093,0.00041344,0.0362156,-0.00171605,0.0038447,0.02547,0.0100865,0.0278179,-0.00912028,0.0165655,-0.0574888,-0.0468763,-0.00422298,0.0118543],[0.0400706,-0.0767777,0.0154408,0.37341,0.276622,-0.203791,0.00112597,-0.0279967,-0.0257242,0.068237,0.001759,0.00938485,0.0246811,-0.00193977,0.0154443,0.052018,0.0387412,-0.0267528,-0.050572,0.0128424,0.289028],[-0.000701836,-0.0516791,-0.114887,0.0733917,0.312183,-0.106335,0.00520142,-0.00515995,0.0223997,0.0697477,-0.00272555,-0.00163214,-0.00533776,-0.0029144,-0.00134114,0.00477498,0.00261311,-0.00668593,-0.0074256,-0.00279826,0.0663753],[0.0387118,0.00308123,0.19627,0.0390582,0.434292,0.710792,0.0240778,0.00678119,0.00735937,-0.112298,-0.000602106,-0.00398646,-0.00362725,-0.00553472,-0.00554305,0.0162062,0.0161202,-0.0088377,0.0105332,-0.00157965,0.315586],[0.00742692,-0.0919604,-0.161174,-0.153168,-0.589801,0.109007,1.15657,-0.0481295,0.200471,-0.2563,0.00665288,-0.027316,0.0537962,-0.0163146,0.0282119,0.148201,0.447741,0.0181544,0.22719,0.0183247,0.0297714],[0.00106796,0.35172,-0.0513897,-1.02635,-0.780804,-0.104261,-0.0264738,0.856614,0.143714,-0.244985,0.000560191,0.0765851,0.0655312,0.0582449,0.107383,0.345714,0.288764,0.496159,0.683228,0.0291225,2.03874],[0.0907796,-0.0109983,0.295521,-0.285728,0.0445391,-0.155379,-0.0308907,-0.0940605,0.850624,0.00700264,0.0115715,-0.0145961,-0.00684426,-0.0172393,-0.0356523,0.0802891,0.0920714,-0.169215,-0.0820481,0.00182753,-0.706031],[-0.107076,0.017489,-0.078376,-0.135465,-0.589998,-0.0617026,-0.00974141,0.00812092,-0.0533078,0.92913,-0.00503549,-0.0194802,-0.011654,-0.0237157,0.00757473,-0.0252035,-0.118718,0.0271861,0.0645763,0.00368629,-0.886114],[-1.16433,0.119218,8.66997,-1.28268,3.16982,3.66627,0.023415,-0.0490198,-2.14962,-4.42052,0.528066,0.146736,-0.894812,0.0813034,-0.436314,0.244307,-1.32788,1.32125,0.070728,-0.161096,-3.10529],[1.37278,0.490234,0.677757,0.13467,4.56617,1.31281,-0.121506,-0.226523,-0.456843,0.937548,0.0427118,0.988414,0.157385,0.123669,0.198849,0.854913,0.308734,0.364869,-0.168198,0.00049047,3.30588],[-0.0745739,0.0362567,0.89724,-0.123343,1.8654,1.14696,0.50968,0.0100066,-0.266588,0.354504,0.0184774,-0.0609452,1.02332,-0.0536385,0.181927,-0.13135,0.314945,-0.199694,-0.496949,-0.0209321,0.959902],[-0.19561,-0.241151,-1.84456,1.1033,-3.03207,-2.90467,-0.244557,0.133285,0.0615242,0.289445,-0.0224564,0.363287,0.0341718,1.19494,-0.0697022,-0.721193,-0.515674,-0.517788,-0.0866187,0.119489,-4.00546],[0.292511,-0.00419858,-0.138336,-0.0439764,-1.35994,-2.23825,0.0917283,-0.140122,0.118512,-0.113612,0.0260974,0.181673,0.0692633,0.213159,0.925327,0.344229,-0.00651968,-0.381599,-0.455877,0.125669,4.21565],[0.139965,0.276786,-0.788895,-0.550139,0.410784,0.307447,0.0305938,-0.0985356,-0.154059,-0.569139,-0.0160689,0.00578585,0.0212732,-0.00711348,0.0685893,1.0348,0.0441713,0.114902,0.0872284,0.0195053,1.55327],[-0.239683,0.0287746,-0.826946,-0.192884,-0.935674,-0.190745,-0.120681,0.0244384,-0.367885,0.0392909,0.000408468,0.0401341,0.0512253,0.0333797,0.0486325,-0.0113945,0.703706,0.124254,-0.0816337,0.00942594,-1.54611],[0.0712395,-0.113694,-0.106528,0.523467,1.1677,1.25642,0.107317,-0.0904065,0.234365,0.202499,0.0507864,0.00919344,0.0764768,0.00785724,-0.0423635,0.22601,0.315846,0.40765,0.627864,-0.00975858,-1.44403],[-0.185664,-0.26525,-0.310512,0.277499,-1.09127,-0.0372147,-0.00164081,0.146984,0.209049,-0.138218,-0.0299145,0.0214531,-0.0637357,-0.0107218,0.00516948,-0.204311,-0.0727248,0.0962239,0.951796,0.00954553,0.629865],[0.139147,-0.96619,0.324639,0.0999593,6.12454,-0.715499,0.452162,-0.388896,0.988532,-4.52396,0.0692947,-0.123993,0.373554,-0.229881,-0.183489,0.333127,1.58253,0.17913,-2.02005,0.795846,9.29843],[0.0210282,-0.00337503,0.0231914,0.0257751,0.132359,0.096516,-0.00100383,0.00777796,-0.00154669,-0.00887265,0.00121901,-0.00181074,0.00318456,8.01521e-05,0.00321489,0.000523816,-0.0247902,-0.0109206,0.00173791,-0.00441704,-0.372963],[0.137368,-0.0599046,-0.203484,-0.238868,0.0822953,-0.739378,-0.00947121,0.00555228,-0.00721799,-0.108556,0.00378694,0.00793308,0.00652098,-0.0068025,-0.0311569,0.0223532,-0.0650853,0.0334675,-0.0259084,0.0273397,1.86468],[0.0125088,0.295975,0.0995937,-0.0379796,0.285019,-0.0126812,-0.014752,-0.0549174,-0.0723681,0.182334,-0.0102605,-0.00124497,0.0356382,0.00873001,0.0391432,0.0473386,-0.0212908,-0.0220361,-0.00290684,-0.0182511,-0.626185],[0.0445108,0.0111184,0.391595,0.00394399,0.203809,0.300344,-0.0103715,0.00869406,0.0443458,-0.0409614,0.0021021,-0.00455301,-0.0164315,-0.00290296,-0.0181473,0.00533389,0.0040818,0.00861512,0.0154564,0.00405749,0.196364],[-0.039073,-0.00974139,-0.216204,0.358927,-0.110875,0.162861,-0.0293248,0.0157974,0.0612487,0.00437184,-0.00228761,-0.00978177,-0.0228113,-0.00898783,-0.0195759,-0.0345869,-0.0164476,0.0165546,0.042608,-0.0103165,-0.220563],[0.020432,0.0336562,0.0834467,-0.00459478,0.450933,0.0429844,0.0139308,0.00521585,-0.0382262,-0.0542648,0.00130205,0.000832178,0.00750249,0.00120122,0.00996894,0.000645295,0.0125123,-0.00726117,-0.0151344,0.00230346,-0.0323898],[-0.0277613,-0.017262,-0.259695,-0.0809919,-0.387365,0.0944468,0.00748211,-0.00159288,-0.0089745,0.0761483,0.00228133,0.00375482,0.0180099,0.00353857,0.0131054,-0.000434806,0.0106887,0.0185992,-0.0169671,-0.000413772,-0.189717],[-0.0380308,0.12548,-0.078435,0.22931,0.652415,-0.407427,-0.205133,0.053506,-0.238367,0.244128,-0.000206472,0.0398332,-0.000494726,0.0525879,-0.00627006,-0.138587,-0.255931,0.0485678,-0.116391,-0.0301105,-0.169119],[0.116013,-0.111937,0.271744,1.10411,2.52899,0.416511,-0.140235,0.0502407,-0.073737,0.579738,-0.0167324,-0.0463025,-0.101117,-0.0632934,-0.109764,-0.158144,-0.187457,0.227309,0.288059,-0.0428511,-4.11533],[0.0279787,0.0180897,-0.312351,0.237421,-0.0332203,0.319633,0.0520525,0.0380055,0.0781441,-0.183249,-0.00842685,0.00367557,0.023435,0.00111135,0.0312123,-0.00147649,-0.100465,0.0331356,0.0594054,0.000316988,0.684205],[0.114013,0.0372318,-0.0565185,0.0202741,0.14035,-0.160045,-0.0280597,-0.00129737,0.131531,0.0185602,0.00516485,0.00956857,0.0163469,0.0174668,-0.00165138,0.00663446,0.0761412,0.0163104,-0.0677593,-0.00353144,0.0911105],[0.209432,-0.496124,-1.04684,-2.72136,3.09451,-9.09648,1.37871,-0.412744,-3.0073,1.93043,0.0519463,0.162105,0.0103259,-0.166623,0.103842,-0.149773,1.5368,0.981423,-0.373164,0.303046,17.7888],[-0.18706,-0.104734,-0.783432,-0.146528,0.249144,1.52138,0.0620929,0.0209544,0.0225703,-0.0244469,0.00218399,-0.156372,-0.0753408,-0.100786,0.0534928,0.155647,0.0459873,0.35134,0.411668,-0.0645952,-0.142183],[-0.134141,-0.250596,-1.30855,0.685244,-0.420252,0.885382,-0.262149,-0.0829628,0.0450545,1.02043,0.0044771,0.103727,-0.093221,0.0635311,-0.0750295,-0.027061,0.00530617,0.368838,0.366642,0.00556382,0.00642971],[-0.290514,0.0924935,-0.436258,-0.193453,-1.67801,0.608266,-0.00583687,-0.00850959,0.885098,-0.560118,0.0100045,-0.190517,-0.0854806,-0.233246,-0.155263,0.132243,0.0671741,-0.172583,0.224021,-0.00926086,-0.640063],[-0.00716827,0.230333,1.83823,0.143299,0.665678,1.64905,-0.322616,0.172135,0.0505153,0.468711,0.0121993,-0.0212441,-0.0746793,0.0336819,-0.140477,-0.208201,-0.125562,-0.157974,0.279817,-0.0492646,-2.26713],[-0.0317767,-0.172593,1.14409,0.0897759,0.122026,0.0990146,0.0889801,0.0662613,0.0993839,0.390328,0.0095289,-0.0075157,0.0173958,-0.00162002,-0.0191065,-0.00500316,0.131094,0.00535318,-0.12555,-0.00300379,-1.03204],[0.204781,-0.112958,0.686105,0.266322,0.39187,0.313134,0.216682,-0.0143576,-0.0551926,-0.138212,0.0136992,-0.0206757,0.0516029,-0.00749716,0.0246859,0.0495815,0.340207,-0.0944577,0.0292462,-0.00596227,2.42394],[0.18159,0.0531493,-0.587133,-1.31094,-1.80189,-1.17053,0.229256,0.087681,-0.341343,-1.02474,-0.0355208,-0.0612282,0.0406448,-0.0334559,0.0843019,-0.122523,0.122021,0.0968173,0.178825,0.0297501,3.58321],[0.240659,0.214908,0.165913,-0.0840483,1.00491,0.437444,0.0475716,-0.0727114,-0.0505459,-0.258222,0.0154292,-0.0239075,0.0740854,0.00506851,0.0150414,0.254222,0.0335528,-0.14895,-0.337676,-0.0124593,0.382544],[-0.195355,1.11876,-0.357566,-1.45852,-9.97013,-0.625306,-0.570725,0.1396,-0.367707,2.41372,-0.0511114,-0.0773125,-0.166841,-0.00483243,0.0900179,-0.583777,-1.59151,0.0760856,0.772733,0.0771265,-8.40549],[0.0254427,-0.0159645,-0.0203248,0.0228598,0.0554173,0.02043,-0.000147695,-0.000958813,0.0133847,-0.050378,-0.000195964,0.00375288,-0.00135706,0.00297353,-0.000745241,-0.00803575,0.0181566,-0.00933485,0.000983736,7.69561e-05,-0.241195],[0.166447,-0.151916,-0.173899,0.322381,0.16045,-0.106323,0.0178541,0.00874223,-0.0939698,-0.250447,0.00510304,0.00504992,0.0224738,-0.001211,0.0103695,-0.0160885,0.0580821,0.0876399,0.0605864,-0.0169732,0.70883],[0.0977777,0.31921,0.0512917,0.150447,-0.171727,-0.00796628,-0.0371667,-0.0390176,0.145476,-0.0752249,0.00260634,-0.0273401,-0.0607265,-0.0404255,-0.0487161,0.0885886,-0.0801847,-0.00742353,-0.0268566,0.00455193,0.00248673],[-0.0616718,-0.0557239,0.0492082,-0.071485,-0.267212,-0.18159,-0.0016984,0.00317428,-0.0446664,0.00431466,-0.000414859,0.000751778,-0.00904311,-0.00715858,-0.00967726,0.00394381,-0.0204816,0.0476041,0.0291861,0.000157234,-0.21024],[-0.00102892,0.0867022,0.201556,0.267188,-0.16542,0.0417442,0.0284083,0.0121736,-0.0356153,-0.0726676,0.00053731,0.000369828,-0.00175963,0.0108742,0.00422292,-0.0173719,-0.0221312,0.00973887,0.00775733,-0.00255297,-0.0686732],[-0.0200845,0.0175213,0.031795,-0.0685874,0.233037,0.0624886,-0.0193019,3.49238e-06,0.0151727,-0.0145631,0.0013899,0.000780632,-0.00207517,0.00171809,-0.00857601,-0.00592688,-0.0152774,0.0129379,0.0212847,0.000474548,-0.0385076],[-0.0110018,0.0142285,0.0638214,0.0419229,-0.0473903,0.193868,-0.031645,-0.0052139,0.00124488,0.0360664,-0.0016873,0.000269085,-0.0143822,0.00202957,-0.00758578,-0.0159282,-0.0266039,-0.0104816,0.00482275,0.0019882,-0.127278],[0.0291268,-0.0352097,0.23837,-0.0757351,-0.0632922,0.29586,0.0476018,-0.00472083,0.0355465,0.0146236,-0.00643351,-0.0123878,-0.0534215,-0.0361069,-0.0220114,-0.0106633,-0.192414,-0.06568,-0.110005,0.0116209,0.131051],[-0.0104868,-0.282988,0.723248,-0.0442577,-2.02033,0.319773,0.0693729,0.0473426,-0.145628,-0.345489,-0.00108946,-0.00297214,0.0157277,-0.00800962,-0.0231753,-0.0191523,-0.142738,-0.054074,-0.295472,0.0435608,2.12551],[-0.117757,-0.00611596,0.0158169,0.0487353,-0.0108372,-0.161408,-0.0196555,0.0553045,0.0714197,0.17516,-0.00316177,0.0107924,-0.0165739,0.0159704,0.00458165,-0.0778477,0.00937923,0.135915,0.0232536,-0.00201394,0.026701],[-0.00656538,-0.0546138,0.13598,0.115145,0.451749,0.224167,0.0376813,-0.00698735,-0.0777909,0.0494184,-0.000129196,0.00979851,-0.00480854,0.00606468,-0.00616815,0.0190844,0.0429043,-0.0452719,0.00105535,-0.000191342,0.792315],[-1.25347,-0.266127,-0.775821,-3.19953,-0.583696,-2.3429,-0.179429,0.599919,1.58591,-2.23834,-0.130687,0.194485,0.406415,0.158828,0.461048,-0.390029,0.312951,-0.921391,-1.41138,-0.141292,-3.58809],[-0.212261,-0.401775,0.554887,-0.117495,1.01073,-0.569865,-0.0222951,0.0962466,-0.478129,0.177489,-0.0111662,-0.0346654,0.0303104,-0.0174098,0.0143275,-0.21965,-0.0503666,0.0598172,0.0155783,-0.0331597,-0.575003],[-0.315871,0.0777578,-0.730708,-0.17246,-1.72559,-1.48192,-0.0167957,0.00866395,-0.434652,-0.261213,-0.0326061,-0.0259183,-0.0486616,-0.00760862,-0.0190606,-0.0721237,-0.14836,0.398774,0.411283,-0.01213,-2.38868],[-0.250237,-0.0467971,0.776198,-0.198891,-1.16902,-0.264984,0.13544,0.063539,0.250527,-0.471807,-0.00310311,-0.0807839,0.0193114,-0.102403,-0.0215556,-0.300702,0.0377758,-0.204781,-0.107585,0.00613832,1.56368],[-0.00223388,0.359511,0.186962,-0.584915,0.216107,1.08411,0.200285,-0.0287244,-0.252224,-0.959885,-0.0126893,-0.111873,-0.00728165,-0.0959569,0.0476138,0.225265,0.0908638,-0.0633986,0.0142635,0.00196335,0.113084],[-0.108737,-0.104694,-0.354433,0.460273,-0.535066,-0.406591,-0.11985,0.0322857,0.0540544,0.178778,0.00653799,0.00182144,-0.0385445,0.00879751,-0.0495936,-0.0306282,-0.174921,-0.122482,0.0353909,-0.0165722,-0.525167],[0.0333719,0.0835612,0.140344,-0.0733778,0.540591,-0.123346,-0.0964768,-0.00944317,0.421029,0.100722,-0.0141176,-0.0193107,-0.102698,-0.0256915,-0.0731404,-0.0392741,-0.0440565,-0.0299753,0.0526459,-0.00362137,-0.888273],[-0.288463,0.0109115,0.616068,0.777047,0.610801,-0.238979,-0.368145,0.02142,0.066848,0.860911,-0.0141553,0.0553975,-0.125755,0.0280041,-0.0481732,-0.10413,-0.462066,-0.389082,-0.725154,-0.0195615,-2.09304],[-0.0620188,0.0489494,0.130153,-0.156386,-0.00332026,-0.396053,-0.0180142,-0.0437349,-0.195086,0.399341,0.0125045,-0.00170315,-0.01121,0.00446674,-0.011986,-0.0422898,0.0366476,0.144442,-0.367655,-0.000504735,-1.06949],[0.615954,-0.118548,-0.421261,0.680991,6.14522,-0.00554156,-0.177745,0.231154,0.374895,1.29457,-0.0236354,0.070923,-0.0658291,0.0790396,0.130469,0.363283,-0.292134,-0.0135656,0.0685233,0.0304321,3.57143],[0.00469614,-0.0123425,0.0437316,-0.0353368,-0.0364377,-0.0349324,-0.00886048,0.0029191,-0.0154939,0.00291587,-0.00106108,0.000712164,-0.00493693,-6.57824e-05,-0.00511604,-0.00824819,-0.0314427,-0.00637644,0.0119869,-0.000531632,-0.124695]],"sigmahat":[[0.185666,0.0813169,0.00658969,0.110817,0.421827,0.133277,0.00793791,-0.00859291,0.0526035,-0.111728,-0.000229544,-0.003157,-0.00596233,-0.00221433,-0.00891566,0.0750207,0.02232,-0.0377366,-0.0459015,0.00265955,0.521759],[0.0813169,0.274778,-0.00780081,0.0833411,0.255178,0.253328,0.017406,-0.0320141,0.0950466,-0.0738889,-0.000874815,-0.00668966,-0.0166818,-0.00158652,-0.00701376,0.0635014,0.0157861,-0.0384352,-0.0244862,0.00129863,0.0155241],[0.00658969,-0.00780081,1.63015,-0.365377,0.126868,0.44474,0.0997306,-0.00307832,0.0207799,0.0824085,0.00375242,-0.0215298,0.00603654,-0.0158603,-0.0151377,-0.0712608,0.132372,-0.0877438,-0.0483968,0.00903914,0.299139],[0.110817,0.0833411,-0.365377,1.18151,-0.0473021,-0.126925,-0.0422735,0.0462343,0.0635216,-0.0693739,-0.00671556,0.0107269,-0.04462,0.0151024,-0.0286416,0.00899386,-0.0889698,-0.0509562,0.0513981,-0.00195102,0.081928],[0.421827,0.255178,0.126868,-0.0473021,5.60513,1.0999,-0.0972466,-0.0271945,0.250112,-0.250097,0.0117914,0.00873299,-0.0428267,0.00706659,-0.04233,0.219864,0.0698774,-0.0178945,-0.154671,-0.0245538,0.492425],[0.133277,0.253328,0.44474,-0.126925,1.0999,2.26021,0.138605,-0.139016,0.178164,-0.111036,0.00477213,-0.0166119,-0.0178807,-0.0201684,-0.00262352,0.107791,0.194371,-0.115437,-0.0561216,0.000196079,0.480658],[0.00793791,0.017406,0.0997306,-0.0422735,-0.0972466,0.138605,0.116725,-0.0123783,-0.0390927,-0.0681995,-0.000491365,-0.00589057,0.024905,-0.00491424,0.0294577,0.00355233,0.09267,-0.0196866,0.0142965,-0.000796185,0.297574],[-0.00859291,-0.0320141,-0.00307832,0.0462343,-0.0271945,-0.139016,-0.0123783,0.0486888,-0.0140313,0.00287661,-0.000913291,0.00249231,0.00522093,0.00528792,0.00715685,-0.0201531,-0.0253182,0.0216159,0.0429706,-0.00440037,-0.048067],[0.0526035,0.0950466,0.0207799,0.0635216,0.250112,0.178164,-0.0390927,-0.0140313,0.293217,-0.0317086,0.00029269,-0.00890569,-0.0219114,-0.0109432,-0.0249406,0.0140298,0.00217984,-0.0526176,-0.0221434,-0.000759272,0.116098],[-0.111728,-0.0738889,0.0824085,-0.0693739,-0.250097,-0.111036,-0.0681995,0.00287661,-0.0317086,0.533872,0.00279186,0.0070173,0.000230047,0.00921761,0.00195456,-0.088848,-0.0551795,0.0402871,0.0535747,0.000192355,-0.557194],[-0.000229544,-0.000874815,0.00375242,-0.00671556,0.0117914,0.00477213,-0.000491365,-0.000913291,0.00029269,0.00279186,0.00133925,-2.15103e-05,8.40786e-05,0.000119669,-0.00135804,-0.000881304,0.00248774,0.000695489,-0.00243488,0.000414157,0.0447849],[-0.003157,-0.00668966,-0.0215298,0.0107269,0.00873299,-0.0166119,-0.00589057,0.00249231,-0.00890569,0.0070173,-2.15103e-05,0.0058648,0.00118734,0.00469043,0.00150107,-0.00438516,-0.0044167,0.00200403,-0.00259167,0.000219828,-0.0337074],[-0.00596233,-0.0166818,0.00603654,-0.04462,-0.0428267,-0.0178807,0.024905,0.00522093,-0.0219114,0.000230047,8.40786e-05,0.00118734,0.0274104,0.00290969,0.0240521,-0.0097615,0.0252753,-0.00350657,-0.000841404,-0.00286884,0.00251851],[-0.00221433,-0.00158652,-0.0158603,0.0151024,0.00706659,-0.0201684,-0.00491424,0.00528792,-0.0109432,0.00921761,0.000119669,0.00469043,0.00290969,0.00731806,0.00353842,-0.00516522,-0.00296433,0.00246732,0.00160661,-0.000259565,-0.0429694],[-0.00891566,-0.00701376,-0.0151377,-0.0286416,-0.04233,-0.00262352,0.0294577,0.00715685,-0.0249406,0.00195456,-0.00135804,0.00150107,0.0240521,0.00353842,0.0295937,-0.00656166,0.0241918,0.00250828,0.0091359,-0.00396849,-0.0704264],[0.0750207,0.0635014,-0.0712608,0.00899386,0.219864,0.107791,0.00355233,-0.0201531,0.0140298,-0.088848,-0.000881304,-0.00438516,-0.0097615,-0.00516522,-0.00656166,0.113282,0.0105038,0.00259962,-0.0324035,0.00243878,0.128106],[0.02232,0.0157861,0.132372,-0.0889698,0.0698774,0.194371,0.09267,-0.0253182,0.00217984,-0.0551795,0.00248774,-0.0044167,0.0252753,-0.00296433,0.0241918,0.0105038,0.166374,-0.020465,-0.0331247,-0.0029572,0.388165],[-0.0377366,-0.0384352,-0.0877438,-0.0509562,-0.0178945,-0.115437,-0.0196866,0.0216159,-0.0526176,0.0402871,0.000695489,0.00200403,-0.00350657,0.00246732,0.00250828,0.00259962,-0.020465,0.149017,0.117417,-0.0004527,-0.0554287],[-0.0459015,-0.0244862,-0.0483968,0.0513981,-0.154671,-0.0561216,0.0142965,0.0429706,-0.0221434,0.0535747,-0.00243488,-0.00259167,-0.000841404,0.00160661,0.0091359,-0.0324035,-0.0331247,0.117417,0.371985,-0.00548876,-0.240301],[0.00265955,0.00129863,0.00903914,-0.00195102,-0.0245538,0.000196079,-0.000796185,-0.00440037,-0.000759272,0.000192355,0.000414157,0.000219828,-0.00286884,-0.000259565,-0.00396849,0.00243878,-0.0029572,-0.0004527,-0.00548876,0.00337872,0.0605432],[0.521759,0.0155241,0.299139,0.081928,0.492425,0.480658,0.297574,-0.048067,0.116098,-0.557194,0.0447849,-0.0337074,0.00251851,-0.0429694,-0.0704264,0.128106,0.388165,-0.0554287,-0.240301,0.0605432,10.5829]],"n":21,"lags":3}