{"betahat":[[-0.00916516,0.0269381,0.0136684,-0.0550564,0.154851,-0.0593242,0.0439074,0.0155053,-0.409211,0.115418,-0.00180893,0.00468126,-0.0284858,0.0122885,0.00606108,0.456042,0.567245,0.0414932,0.211353,-0.0103982,0.274479,0.676639,0.0159986],[0.0475401,0.0530838,0.133872,-0.133245,0.158997,0.342761,0.0271126,-0.011106,0.0159057,0.0542273,0.000322621,-0.01076,-0.0151555,0.0020512,0.0133479,-0.0066375,-0.0403844,0.0268933,-0.0611063,-0.00992949,-1.43202,-0.2762,0.00787876],[-0.0135902,-0.0726012,0.0376379,-0.0680162,0.0640063,0.129419,0.0287671,0.0102587,-0.00347904,-0.0754955,0.00482652,0.0020127,-0.0166626,0.00589301,-0.0156343,-0.0784677,0.00951995,0.0262639,0.0269651,0.000391224,0.241516,-0.181755,-0.00637241],[-0.00920253,0.0102162,-0.0394337,0.0299864,-0.0125417,-0.00878852,0.00562003,-0.00746177,0.0109304,-0.0145533,-0.000629216,-0.000941628,0.00212845,0.00268801,0.00520996,0.0145635,0.0262348,0.0099002,-0.0208083,-0.000431633,-0.112469,-0.0261835,0.0077112],[0.0202687,-0.0277434,0.0503381,-0.097091,0.00977292,-0.0709448,-0.0176272,-0.00805721,0.0190779,0.0417177,0.000458104,0.00654069,0.0127191,0.00431375,0.00427106,0.0349334,0.0481694,0.00612254,-0.0180248,0.0104606,-0.00480404,0.061514,0.00289947],[4.09813e-05,-0.0157954,-0.0532198,0.0116205,-0.13995,-0.029723,0.00812461,-0.00144347,-0.00749338,0.0253394,-0.00171168,0.000227794,-0.0109178,-8.60394e-05,-3.39073e-05,-0.00426715,0.0003808,-0.00289502,0.00712271,-0.00337252,-0.0843367,-0.0216059,0.00217609],[0.0157511,-0.00310233,0.0951827,0.00965913,0.120164,0.030585,0.0112199,-0.0020276,-0.0245011,-0.0574512,0.000248187,-0.00609869,2.02631e-06,-0.00355719,-0.00256404,0.00784168,0.0183263,0.00795217,-0.0230762,0.000450352,0.134303,-0.0532564,-0.00268288],[-0.105987,-0.107546,0.0529271,0.0601616,-0.15645,-0.399056,0.152463,0.0547341,0.0527653,0.0872662,0.0016646,0.02059,0.0107217,0.0355865,0.0276253,-0.117397,-0.0705864,-0.0208719,0.0575639,-0.0123289,-1.36469,0.231449,0.0332182],[-0.0240341,-0.0104138,-0.0248139,-0.0729708,-0.17851,-0.275178,-0.0828941,0.421215,-0.779267,0.416766,-0.00580467,-0.00552575,-0.000285603,-0.000422764,0.0317523,0.0766745,-0.170114,-0.0434373,-0.038093,0.00647002,-0.0413089,-0.336525,-0.0197059],[0.00347448,-0.00357115,0.0108546,-0.00541417,-0.0233998,0.00675167,-0.0048547,-0.0244313,0.173126,-0.0290746,0.000660269,-0.00282163,-0.00167408,-0.00268383,-0.002521,0.0115086,-0.0166245,0.00109736,-0.00633011,-0.0011637,-0.0896083,0.142843,-0.00400407],[-0.00827447,0.00142153,-0.00812148,-0.00158332,-0.0176154,-0.00782525,-0.00448056,0.00439093,-0.00978017,0.101195,-0.000325074,-0.00111023,-0.00297251,-0.00163912,0.000346585,0.0211218,-0.00941354,-0.00475729,0.0147761,-0.000291736,0.00398696,0.01659,-6.18401e-05],[0.0387932,0.139043,0.462058,-0.0460776,0.593736,0.719216,-0.0406823,-0.0741996,-0.0982932,-0.406387,0.0114666,0.0201434,0.0376217,0.0475286,-0.04487,-0.0597597,-0.357746,0.0440132,-0.0169142,-0.00279196,-1.5548,-0.229165,-7.57613e-05],[0.0234526,0.0147522,-0.203672,0.106656,-0.343305,-0.324417,-0.0697669,-0.0310228,-0.213878,0.0994771,0.000303977,0.110263,-0.0272611,0.0987015,-0.0129926,-0.0643925,-0.150479,0.000145025,0.0528287,0.0284152,-0.483048,-0.0213349,0.0971071],[0.0328181,0.045207,0.0134838,-0.00864252,0.10876,0.13643,-0.00117352,-0.0319582,-0.121228,-0.0875651,0.00667267,0.00780046,0.0435182,0.0157295,0.00189496,0.0173316,-0.018308,0.00591974,-0.0675298,0.00952615,0.0186096,-0.0980445,0.00132267],[0.0339517,0.0562624,-0.139015,0.184076,-0.343039,-0.237372,-0.0486516,-0.0341146,-0.287467,0.073312,0.00573113,0.126094,-0.0105888,0.126757,-0.00538081,-0.0827629,-0.184836,0.0263196,0.0132473,0.0322811,-0.376813,-0.00870082,0.114543],[0.0173447,-6.21206e-05,-0.0619449,0.0496305,-0.147912,-0.0838969,0.0109807,-0.0139981,-0.11598,0.227818,0.00575353,0.0240632,0.0466807,0.0331894,0.0346491,0.0187402,0.0339131,0.0124531,-0.0615412,0.0139537,0.250712,-0.0653934,0.0208761],[0.0621572,0.0201749,-0.0398768,-0.0694729,0.12434,0.130507,0.00223366,-0.0156268,0.138393,0.358438,-0.00127453,-0.0218885,-0.014275,-0.0180932,-0.00961452,0.580821,0.137491,-0.0676675,-0.137105,-0.00225191,-0.28696,1.12072,-0.0155534],[-0.00685937,-0.00994224,0.0152879,0.00067522,-0.0300252,0.0159736,-0.0148444,-0.0100049,-0.55331,-0.0466613,0.00108986,0.00706808,0.0239307,0.00902928,0.0133069,0.0657246,0.667074,0.044832,0.0255306,0.00441086,0.141359,-0.0453651,0.00304341],[-0.00538791,0.0294005,0.0605728,-0.0626894,0.0565978,0.314479,0.0243933,0.0484154,-0.0962326,-0.455691,0.0142362,-0.0151462,0.112044,0.000184094,0.00535619,-0.169916,0.202313,0.486748,0.0543545,0.0205186,0.11064,0.732294,0.00975222],[-0.0383222,-0.0611488,-0.116649,0.0778455,-0.24694,-0.209262,-0.0199904,0.0822568,0.253618,0.271494,-0.00949877,-0.0186297,-0.120977,-0.0337143,-0.0428593,-0.0968294,0.0343503,0.0551803,0.570881,-0.0216964,-0.466582,0.352559,-0.0195532],[0.0290123,0.0203445,-0.153516,0.0788343,0.2962,0.224696,-0.111259,-0.0568607,-0.20772,-0.460621,0.00822041,0.0175465,0.0505448,0.0137716,-0.0392414,0.0242054,-0.0147355,0.0556369,-0.176406,0.0278937,-0.188919,-0.409522,-0.00395983],[-0.00258222,-0.00286303,0.00223155,0.0010388,0.0367484,0.0252705,0.000277155,0.00266961,-0.005377,-0.00792773,8.77646e-05,-0.00173999,0.000292779,-0.00212267,-0.000283966,-0.000468068,0.00243302,-0.00368746,-0.00428778,-0.000922549,-0.125975,-0.0202674,-0.000795526],[-0.00595758,0.000783066,-0.00643865,0.0146577,-0.0035465,-0.00090203,-0.00319143,-0.0075775,0.078949,0.0349446,0.000478901,0.00241774,0.0022318,0.00183691,-0.00020064,0.0345819,-0.00452545,-0.000633716,-0.00197257,-0.000420978,-0.0856153,0.30759,0.000749867],[0.00259905,0.0372554,-0.244877,0.0650022,-0.31744,-0.11143,-0.0200342,-0.0373949,0.0432938,0.0680191,0.00196661,0.0571895,-0.00780334,0.0574278,0.00983169,-0.0620849,-0.038368,0.0157703,0.0528407,0.0139203,-0.281725,-0.0929956,0.0507932],[-0.017833,0.0101306,0.0452256,-0.0421748,-0.135712,-0.0506486,0.027888,0.00350112,-0.019207,0.014526,-1.80125e-05,-0.00359161,3.80773e-05,0.000178055,0.00549036,-0.0242157,0.00601528,0.0159618,-0.013189,0.00190136,0.227738,-0.0750972,-0.000218244],[-0.0197344,-0.0260124,-0.00656487,-0.03243,-0.0465261,-0.0153681,0.0117706,-0.0033565,-0.00335332,-0.00910268,-0.000265408,0.00265484,-0.00215051,0.00324339,0.00120133,-0.0240142,-0.0146941,0.00601534,0.0175987,-0.00304698,-0.105303,-0.0117928,0.00250437],[0.00544861,0.0032545,-0.00322624,0.0114649,0.00319325,0.00961633,0.0030755,-0.00111151,0.0148038,-0.0211155,-0.000269597,0.000530802,-0.000694767,0.00188445,0.0021591,0.0016392,0.00456113,0.00369294,-0.00591662,0.000382614,-0.0141576,-0.00582299,0.00241508],[-0.0020815,0.000915185,-0.0528957,-0.00916573,0.0099967,0.00489966,-0.0133431,-0.00486812,0.0220714,0.0100725,-0.000310378,-0.000302441,0.00253329,-0.00176852,-0.00050596,0.00570471,0.000857921,0.000882637,-0.00646419,0.00140819,-0.0957755,-0.0132737,-0.000972008],[0.0050292,0.00256134,-0.00227723,-0.00530105,-0.012607,-0.00975649,0.00573215,0.000864705,-0.00950521,-0.00150692,-0.000289944,-0.000156227,0.000662787,-0.00015724,0.00216,5.70302e-05,-0.00459088,-0.00206117,-0.00294671,6.81476e-05,-0.0332198,0.000513228,0.000862567],[0.00179137,-0.00311335,-0.0148264,-0.008205,-0.0184396,-0.0219958,0.00706105,-1.82526e-05,-0.0110385,-0.0137852,8.54307e-05,-0.000246809,0.00298862,0.000277091,0.00207274,0.00256651,0.00224922,0.000132169,-0.00941483,2.11e-06,0.0172886,-0.00233213,0.000666088],[-0.0188362,-0.00976829,-0.0358675,0.0658739,-0.0504787,-0.16432,-0.0122749,0.00600281,-0.019428,0.0773679,0.00166476,0.016216,4.18414e-05,0.0202641,-0.000663187,-0.0277461,-0.0333146,-0.0116866,0.0131814,-0.00153477,-0.124431,0.0634399,0.010862],[0.0176795,0.00202789,0.0564916,0.0764951,0.0987191,0.0515207,-0.0340454,0.0861796,-0.197927,0.0797695,-0.00118811,-0.00153577,-0.00754227,-0.00105389,-0.000646703,0.0181882,-0.0622564,0.0119342,-0.0408967,0.00413434,-0.313941,-0.124232,-0.00354374],[0.00239146,0.000114802,0.00413467,0.000187061,-0.00958666,0.00622733,0.000370024,-0.00641303,0.0399198,-0.0138129,0.000143075,-0.000610333,0.00076694,-0.000402235,0.000270884,0.00353945,-0.0017486,0.000687993,-0.00566418,-1.15637e-05,0.00285498,0.0376913,-0.000758705],[-0.00194511,-0.000749501,-0.00345192,0.000352732,-0.00643748,-0.00447566,-0.00124693,0.00177954,-0.00233306,0.0174454,-5.16629e-05,-0.000590314,-0.000383445,-0.000770962,-0.000310976,0.00501981,-0.00109527,-0.0016963,0.00362159,1.00595e-05,0.0144753,0.00162056,-0.000435046],[-0.0162843,-0.0044052,0.0772863,-0.0084457,0.138712,-0.112798,0.0374042,0.0115677,-0.194023,0.0215833,-0.00529892,0.00628174,-0.0375419,-0.00257826,-0.00772727,-0.0451093,0.00200089,0.0270264,0.032211,0.00270433,0.47445,-0.19058,0.0110189],[0.00767447,0.0151218,-0.0590163,-0.0119708,-0.052667,-0.00990964,-0.0204041,-0.00447037,-0.0196898,-0.0115514,0.000601186,0.0126176,-0.00487196,0.00955708,-0.00531617,-0.00726135,-0.0337762,-0.000845353,0.0160946,0.00394652,-0.0938272,-0.0898758,0.0150368],[-0.00295028,-0.00181999,0.0249627,0.00907135,0.0383097,-0.000687529,0.00543658,-0.00254468,-0.0488216,0.0117868,-3.95686e-05,0.00409839,-0.00275278,0.00334488,-0.00225956,-0.0150095,-0.00728432,0.00204217,0.00315986,0.00130162,0.0468279,-0.0480065,0.00208259],[0.00488693,0.00729019,-0.0817587,0.0299786,-0.0277426,-0.0490512,-0.0133188,0.000539359,-0.0172916,-0.00346601,0.000507238,0.0147383,-0.00891758,0.0113619,-0.0084893,-0.00821325,-0.0236909,0.00300956,0.020949,0.00493922,0.068958,-0.0716333,0.0158355],[-0.00460291,-0.00159586,0.0394665,0.0181881,-0.0267369,0.0282906,-0.0117305,-0.00469482,-0.0618287,0.0512943,0.00157837,0.00737873,0.00695152,0.00910136,-7.76026e-05,-0.0131907,0.00250012,-0.000542656,-0.00798731,0.00209286,-0.0776322,-0.066172,0.00458263],[0.00245151,-0.00022164,0.0530698,-0.0177327,-0.0267512,-0.00837424,0.0143911,0.00102131,0.0236297,0.0910152,2.93934e-05,-0.00340751,-0.00620811,-0.0025803,-0.00320631,0.0997219,0.0319508,-0.0138055,-0.0105372,-0.00132851,-0.0966351,0.248749,-0.00212549],[-0.000315862,-0.000147685,0.0067312,0.0203475,-0.00568288,-0.0139559,0.00621977,0.00561685,-0.176898,0.0149346,0.000508451,0.00405342,0.00135671,0.00387915,0.00194543,0.00855628,0.149546,0.0147515,0.0279388,0.00112109,0.288172,-0.0226521,0.00285132],[0.013349,-0.00293822,-0.0290028,-0.114137,0.0539584,0.00137098,0.0420485,0.0377297,-0.120903,-0.17491,0.00111544,5.60989e-05,0.0191115,0.00108214,0.0046957,-0.0306649,-0.0449354,0.10094,0.0138052,0.00288258,0.011368,0.354094,0.00200801],[0.0356048,0.0124926,0.00857215,0.016259,0.0424886,0.0749912,-0.017436,0.00848406,0.0989829,-0.0404412,-0.000254407,-0.00822868,-0.00693116,-0.00518912,-0.00536134,0.0390133,0.028896,0.0184184,0.0552453,-0.00193271,-0.221189,0.148297,-0.00617858],[0.00580732,0.0197635,-0.0145613,-0.0657942,-0.092764,0.09007,-0.00891877,-0.0188706,-0.0599701,-0.131273,0.00126154,0.00201648,0.0111776,0.00207106,-0.00710435,-0.0125473,-0.0177748,0.0228263,-0.0199058,0.00599525,-0.0181317,-0.0565362,-0.00132245],[0.00111646,-0.00117007,-0.00096574,0.00203671,-0.00201681,0.00382005,0.001483,-0.000155413,-0.00396797,-0.0117817,1.5148e-05,7.44717e-05,0.000367985,6.10736e-05,0.000152698,-0.00247304,0.00642607,-0.000693202,-0.000489087,0.00020856,-0.00159983,-0.00847633,-0.000268325],[-0.00296446,-2.96871e-05,-0.00385125,0.00358455,-0.00281599,-0.00822746,-0.000577802,-0.00126912,0.0139166,0.0204719,-5.52501e-06,0.000446867,0.000254543,1.94131e-05,7.11953e-05,0.00757831,-0.00259312,-0.000853887,0.00175182,-0.000459146,-0.027483,0.0562846,0.000356204],[-0.0119817,-0.00923072,-0.0441357,-0.00708902,-0.0349952,-0.0542297,-0.0208281,-0.00510613,0.0268195,0.0407592,0.000911138,0.0106938,-0.00522943,0.00825663,-0.00654877,-0.000120181,-0.0420873,-0.00286183,0.0139566,0.00281799,-0.170839,0.0291362,0.00684056],[-0.00628414,0.00282669,0.0297912,-0.0071621,-0.062277,-0.0253609,0.0132381,0.00436021,0.00069053,0.00873864,0.000592182,-0.00470474,0.00294363,-0.00287707,0.00305084,-0.00584651,-0.000682337,0.00465868,-0.00249308,-0.00195715,-0.0194484,-0.00955686,0.000665455],[-0.00350872,0.00410159,-0.00299388,0.00260081,-0.0293493,-0.00694584,0.00749656,1.15938e-05,0.0130363,-0.0113401,0.000556329,-0.00274112,-0.000114315,-0.00348013,-0.00176832,-0.00422245,-0.00453998,0.000332442,0.00225191,-0.00023892,0.0900028,-0.0285246,-0.000117754],[-0.00352246,-0.00420082,-0.00579213,0.00327668,-0.00782188,-0.0138969,0.000304488,-0.00105919,0.00207067,-0.0092874,-0.000327359,0.00160292,0.000378951,0.00120759,0.000448007,-0.00214394,0.000119976,0.00110647,-0.0026753,0.000173603,-0.00169668,0.010552,0.000397274],[0.00112133,0.00915945,0.010041,-0.00315441,-0.0135385,0.0155388,-0.00379949,-0.0027877,0.00260768,-0.00213851,0.000325982,-0.00111888,0.00180911,-0.00134885,-0.00130981,0.00295988,0.00100103,0.00271801,-0.0030834,0.000811383,0.0112357,-0.0191187,-0.001571],[-0.00274314,0.00116072,-0.00113538,-0.00697992,-0.0111107,-0.00648461,0.000968469,0.000959601,0.00219575,-0.000275153,2.22668e-05,0.000308471,0.000130081,0.000389343,0.000269315,-0.00180527,-0.00287132,0.000858771,0.000480128,1.71953e-05,0.0121557,0.00439481,0.000429646],[-0.00107992,0.00123056,-0.000135167,0.000448507,0.000120014,-0.00570142,0.00272126,0.00122226,0.000137029,-0.00826638,-0.000146905,7.56423e-05,0.000689361,0.000310098,0.000753623,-0.0028844,-0.00146682,0.000596446,-1.34118e-05,-0.000120086,-0.000149194,-0.00238854,0.000707691],[-0.00615471,-0.00121321,-0.0224081,0.0263333,-0.00882216,-0.0453916,-0.0165807,0.00129504,-0.000971187,0.0494615,-0.000652718,0.00999363,-0.00824202,0.00943657,-0.00220832,-0.0112999,-0.0378387,-0.00148573,0.0165411,0.000338639,-0.21825,0.0590755,0.0064372],[0.00341351,-0.00592403,0.0789063,0.0179542,-0.126701,0.0558242,-0.00524433,0.0383955,-0.0923998,-0.0022544,-0.000115369,-0.00248688,0.00342878,-0.000743498,0.00173945,0.0194858,-0.0258413,0.0125549,-0.0386081,0.00410675,0.0632834,-0.0575121,-0.00181927],[0.00109077,0.000909437,0.00467198,0.000834817,0.00155901,0.00668529,0.000948602,-0.00322303,0.0188653,-0.00697601,8.55142e-05,-0.000265812,0.000387035,-0.000162362,9.00969e-05,0.00247328,0.00190017,0.000894244,-0.00307165,-4.39205e-05,-0.00417655,0.0201594,-0.000200504],[-0.00100539,-0.000394851,-0.000400131,5.33485e-05,-0.000585938,0.000407228,-0.000512516,0.00056275,-0.00194761,0.00443852,-4.56365e-05,-0.000188089,-0.000198504,-0.000286593,-0.000330998,0.00210691,0.000855252,-0.000937959,0.000722325,2.42943e-05,0.0104854,0.000413549,-0.000407021],[-0.0328082,-0.0191026,-0.0149596,-0.0300411,-0.000545446,-0.0943052,0.0107029,0.0116395,0.00518565,0.0123281,-0.00218703,-0.00202861,-0.0123555,-0.00697785,-0.00837697,-0.010115,-0.0453101,-0.00748332,0.00696121,-0.0015209,0.0192543,0.00608202,0.000177693],[-0.00809126,0.00410165,-0.0328691,-0.0246264,0.0483975,-0.0214686,-0.0192792,0.00914646,-0.0228834,0.0332123,-0.000506292,-0.00201499,-0.00391889,-0.00394695,-0.00396565,0.00276586,-0.0119043,0.000916735,0.0164213,-0.00127762,0.00965864,-0.0586169,-0.00184567],[-0.00656978,-0.00420171,0.00169732,-0.00868153,-0.0163712,-0.0217153,0.00425642,0.00312476,-0.0280931,0.00567718,-0.000508642,0.0016327,-0.00225036,0.000623908,-0.000177081,-0.00977063,-0.00760203,-0.00110214,0.00550663,-0.000119386,-0.0125003,-0.0261434,0.00181879],[-0.0189652,-0.00861211,-0.0382176,-0.0193897,-0.0409475,-0.047968,-0.017295,0.0162344,-0.0222279,0.0118933,-0.000150639,-0.000564416,-0.00615645,-0.00287371,-0.0056475,-0.00437831,-0.0113611,0.0010611,0.0122462,0.000176628,0.0566309,-0.0716698,-0.00096671],[0.00181463,0.00844695,0.02293,-0.00166609,0.000590578,0.0144319,-0.00419131,-0.00365865,-0.0231733,0.010949,0.000724777,0.00291505,0.000653875,0.00413425,-0.00148385,-0.001094,-0.0154739,-0.000535309,-0.0024726,0.00118838,-0.0597313,-0.00656517,0.0042229],[-0.00676347,0.000855667,0.00283344,0.0064001,-0.0282966,-0.027669,0.00627306,-0.00164367,0.0272887,0.0213157,0.000503007,-0.00117372,-0.00415899,-0.000591941,-0.00362916,0.0317121,0.00421924,-0.00845157,0.00570442,-0.001219,-0.049648,0.0986685,0.00111543],[-0.00416952,-0.00371229,0.00713702,-0.00365497,0.00198347,-0.0166579,0.00267753,0.00562368,-0.070651,0.0365882,-0.00044699,0.0027789,-0.00349028,0.00176234,5.54603e-05,0.00435424,0.0346044,0.00476244,0.0213897,-6.54304e-05,-0.05032,0.00734351,0.0030469],[-0.0104463,-0.0174928,-0.00473025,0.0122504,0.0469558,-0.00868511,0.0234348,0.0323367,-0.0696563,-0.0232371,-0.000774639,0.00467488,-0.00075738,0.00232533,0.00262519,-0.02133,-0.0666351,0.030356,-0.00433793,0.000413939,-0.0793471,0.282838,0.000727216],[0.0339117,0.0165898,0.0281696,0.00940858,0.0289813,0.0832045,-0.00452671,8.64258e-05,0.0633513,-0.0661432,0.000911105,-0.0056389,0.00670469,-0.00122214,0.000524971,0.0305586,0.0192574,0.0167814,-0.00963499,0.000562681,-0.0639129,0.101045,-0.00371505],[-0.00370641,-0.0170703,0.0083521,-0.0265354,0.112742,0.018793,-0.00108548,0.00808135,-0.0680117,0.00350637,9.12954e-05,-0.00244545,0.000365702,-0.00361644,-0.00314902,0.0024201,-0.00628182,-0.00576361,-0.00144185,-0.00108871,0.0985696,-0.0720341,-0.00098669],[0.000889297,-0.000777882,0.0024782,-0.00156207,0.00278285,0.000140313,-0.000245913,-0.000146386,-0.000504859,-0.00499647,-2.39239e-06,0.000193929,9.28424e-05,0.000126872,-0.000261093,-0.000850977,-0.00136565,-0.000210511,-0.000663223,6.34558e-05,-0.0103003,-0.000980211,-0.000191473],[-0.00138518,-0.000498669,-0.000202953,0.000974623,-0.00222017,-0.00208497,0.000647906,-0.000729735,0.00595658,0.0087178,5.11611e-06,-4.50118e-05,-3.16864e-06,-0.000242532,-0.000127744,0.00330224,-0.000447848,0.000333283,0.0026431,-0.000242231,-0.00175759,0.0194943,4.06623e-05],[-0.000704441,0.00525239,-0.00489204,-0.0143572,0.00912328,0.00733584,-0.0132245,-0.0032421,-0.011877,-0.00510606,0.00010764,0.00196612,-0.000466937,0.000872647,-0.00474943,0.00325637,-0.00623236,0.00240753,-0.00235886,0.00186734,0.0558153,-0.0240587,-0.000414175]],"sigmahat":[[0.313783,0.141529,0.140509,0.00897687,0.62315,0.503685,-0.0366934,-0.0736233,0.167279,-0.207815,0.0082474,-0.0136049,0.0313486,0.000475003,-0.00355922,0.256921,0.0461938,0.0134996,-0.241171,0.0179864,0.0903462,0.0500436,-0.00538044],[0.141529,0.357148,0.0990706,-0.000579411,0.2691,0.486024,-0.0469675,-0.080301,0.0306345,-0.103661,0.00715614,-0.00594209,0.0465886,0.0111807,-0.00204104,0.166939,0.0229214,0.0343476,-0.217599,0.01952,-0.28269,0.0474939,0.0110526],[0.140509,0.0990706,2.77789,-0.316148,1.21788,1.57542,0.184724,-0.205989,0.267701,-0.244775,0.0278211,-0.0495537,0.0458889,-0.00842767,-0.0486627,0.286152,0.14039,-0.0328188,-0.62365,0.0234016,-0.948955,0.19183,-0.0265979],[0.00897687,-0.000579411,-0.316148,1.45883,-0.290865,-0.326606,0.013443,0.0407271,0.175495,0.467336,-0.00424267,0.046699,-0.108094,0.0471335,-0.0279131,-0.037876,-0.0970121,-0.129279,0.261508,-0.0275749,0.029649,0.606235,0.0546308],[0.62315,0.2691,1.21788,-0.290865,8.54444,2.65224,-0.12284,-0.115722,0.143551,-1.27975,0.0261622,-0.0634945,0.0482628,-0.0447672,-0.0473924,0.52456,0.286855,0.102647,-0.528984,0.0133923,-0.743595,-0.91314,-0.0710069],[0.503685,0.486024,1.57542,-0.326606,2.65224,4.37304,0.00268138,-0.419733,0.417025,-0.889744,0.0450123,-0.129852,0.193328,-0.0630011,-0.0402654,0.733458,0.424994,0.17375,-1.01739,0.0294175,-1.73525,0.641134,-0.0975147],[-0.0366934,-0.0469675,0.184724,0.013443,-0.12284,0.00268138,0.252826,-0.0874739,-0.316913,-0.059541,0.00316396,-0.00639354,0.0438686,0.00751874,0.0467825,0.139515,0.446357,-0.00664185,-0.201955,-0.0124408,0.318749,0.579541,0.0225846],[-0.0736233,-0.080301,-0.205989,0.0407271,-0.115722,-0.419733,-0.0874739,0.823548,-1.52906,-0.45238,-0.0158096,-0.0202522,-0.0638972,-0.0250871,0.0011079,-1.31532,-0.817424,0.430891,0.843926,-0.0118124,0.12988,-2.91811,-0.0172366],[0.167279,0.0306345,0.267701,0.175495,0.143551,0.417025,-0.316913,-1.52906,56.4507,-30.0806,-0.0427709,-0.494118,-0.557443,-0.59436,-0.370451,-35.5001,-67.3755,-2.41687,-4.46417,-0.189734,-2.99109,-77.2528,-0.515905],[-0.207815,-0.103661,-0.244775,0.467336,-1.27975,-0.889744,-0.059541,-0.45238,-30.0806,30.581,0.00643583,0.143684,-0.0596647,0.164895,0.147486,33.3235,48.74,-0.542343,1.97063,-0.0115864,-2.60757,77.3042,0.169114],[0.0082474,0.00715614,0.0278211,-0.00424267,0.0261622,0.0450123,0.00316396,-0.0158096,-0.0427709,0.00643583,0.00326377,0.00370567,0.0122329,0.00572483,-0.000327708,0.0178136,0.0431241,0.0046841,-0.0379678,0.00319458,-0.0253118,0.0594437,0.00342412],[-0.0136049,-0.00594209,-0.0495537,0.046699,-0.0634945,-0.129852,-0.00639354,-0.0202522,-0.494118,0.143684,0.00370567,0.0585889,0.0145805,0.0557535,0.00661527,0.0123345,0.24661,0.00902549,-0.024777,0.0170822,-0.0872703,0.0692007,0.0457014],[0.0313486,0.0465886,0.0458889,-0.108094,0.0482628,0.193328,0.0438686,-0.0638972,-0.557443,-0.0596647,0.0122329,0.0145805,0.113666,0.0298368,0.0333943,0.0887888,0.34256,0.0494273,-0.263532,0.0151868,-0.0160555,0.143954,0.0178804],[0.000475003,0.0111807,-0.00842767,0.0471335,-0.0447672,-0.0630011,0.00751874,-0.0250871,-0.59436,0.164895,0.00572483,0.0557535,0.0298368,0.0607402,0.0127612,0.109688,0.396348,0.0205306,-0.0617859,0.0163507,-0.197383,0.275371,0.0484835],[-0.00355922,-0.00204104,-0.0486627,-0.0279131,-0.0473924,-0.0402654,0.0467825,0.0011079,-0.370451,0.147486,-0.000327708,0.00661527,0.0333943,0.0127612,0.0374032,0.14367,0.329689,0.000885461,-0.0582478,-0.00215421,0.019436,0.22063,0.0156881],[0.256921,0.166939,0.286152,-0.037876,0.52456,0.733458,0.139515,-1.31532,-35.5001,33.3235,0.0178136,0.0123345,0.0887888,0.109688,0.14367,46.0408,67.0669,0.00607623,2.95383,0.00145661,-0.404639,107.749,0.0827816],[0.0461938,0.0229214,0.14039,-0.0970121,0.286855,0.424994,0.446357,-0.817424,-67.3755,48.74,0.0431241,0.24661,0.34256,0.396348,0.329689,67.0669,111.167,2.34071,7.68247,0.0525654,3.16916,157.212,0.34803],[0.0134996,0.0343476,-0.0328188,-0.129279,0.102647,0.17375,-0.00664185,0.430891,-2.41687,-0.542343,0.0046841,0.00902549,0.0494273,0.0205306,0.000885461,0.00607623,2.34071,1.02287,1.19787,0.0228349,0.0918269,1.81338,0.0232814],[-0.241171,-0.217599,-0.62365,0.261508,-0.528984,-1.01739,-0.201955,0.843926,-4.46417,1.97063,-0.0379678,-0.024777,-0.263532,-0.0617859,-0.0582478,2.95383,7.68247,1.19787,3.62584,-0.0435258,1.2138,9.69779,-0.0261013],[0.0179864,0.01952,0.0234016,-0.0275749,0.0133923,0.0294175,-0.0124408,-0.0118124,-0.189734,-0.0115864,0.00319458,0.0170822,0.0151868,0.0163507,-0.00215421,0.00145661,0.0525654,0.0228349,-0.0435258,0.0158483,0.145909,-0.0999667,0.0103404],[0.0903462,-0.28269,-0.948955,0.029649,-0.743595,-1.73525,0.318749,0.12988,-2.99109,-2.60757,-0.0253118,-0.0872703,-0.0160555,-0.197383,0.019436,-0.404639,3.16916,0.0918269,1.2138,0.145909,47.6799,-8.89107,-0.185522],[0.0500436,0.0474939,0.19183,0.606235,-0.91314,0.641134,0.579541,-2.91811,-77.2528,77.3042,0.0594437,0.0692007,0.143954,0.275371,0.22063,107.749,157.212,1.81338,9.69779,-0.0999667,-8.89107,274.088,0.191065],[-0.00538044,0.0110526,-0.0265979,0.0546308,-0.0710069,-0.0975147,0.0225846,-0.0172366,-0.515905,0.169114,0.00342412,0.0457014,0.0178804,0.0484835,0.0156881,0.0827816,0.34803,0.0232814,-0.0261013,0.0103404,-0.185522,0.191065,0.0533627]],"n":23,"lags":3}