{"betahat":[[4.80601,2.94746,2.28314,-0.478934,10.9625,6.13234,2.23221,-1.25626,6.53898,1.71753,0.298733,-0.486636,1.62876,-0.00465464,0.686871,-0.601768,1.41114,37.4939,39.8549,0.0412117,5.57389,8.36579,0.917447],[0.609859,0.245433,0.616726,0.123601,-0.360724,0.905706,0.0284623,-0.00670783,0.080356,0.392387,-0.00408448,-0.018863,-0.0334039,0.00219886,0.0115385,-0.0659842,0.0368486,-0.147737,-0.00800893,-0.0117947,-2.65922,0.152207,0.0210297],[-0.117229,0.344041,-0.0310983,-0.105979,-0.11138,0.0728569,0.0939163,0.0932002,-0.11629,-0.111592,0.0100034,0.0231815,0.0353468,0.0268437,0.0145814,-0.149455,0.122941,-0.00247884,0.0323049,0.0157352,0.845599,0.295734,-0.0132876],[-0.00274441,0.0275406,0.481062,0.094484,0.0398142,-0.193537,-0.00978173,-0.000364077,-0.0180445,0.0426638,-0.00191081,0.00967045,0.0207167,0.0162747,0.0241813,-0.0150505,0.00246234,-0.0258215,-0.0305282,-0.00428041,-0.0846825,0.0622168,0.0314793],[0.0412637,-0.0968416,-0.0115689,0.305299,0.28463,-0.203473,-0.000418158,-0.0332349,-0.0505849,0.0586789,0.000774672,0.010607,0.0225101,-0.00232216,0.0135041,0.0661552,0.0368514,-0.0174545,-0.0691987,0.0148765,0.232123,-0.0514574,-0.00300552],[-0.00225242,-0.0649469,-0.147847,0.086776,0.258173,-0.147749,-0.00126342,-0.00209382,0.0195085,0.0751605,-0.0028344,-0.000950009,-0.00718757,-0.00221254,-0.00186414,0.00681749,-0.00278954,0.0012816,-0.00512951,-0.0032628,0.0640369,-0.00122721,0.00294815],[0.0369446,-0.00250992,0.221715,0.0332139,0.448652,0.705446,0.029222,0.00463653,0.0129839,-0.142048,-0.0014961,-0.00591184,-0.00856206,-0.00871896,-0.0113921,0.0120409,0.0176699,-0.00248131,0.00871154,-0.00015408,0.368905,0.00299423,-0.00790068],[0.0302314,-0.158931,-0.131345,-0.202289,-0.600486,0.0086933,1.15622,-0.0551728,0.19247,-0.253365,0.00768408,-0.0400975,0.0402945,-0.0313045,0.0117666,0.152576,0.460992,0.0269143,0.26886,0.019178,0.0854646,-0.539043,0.0233447],[0.0501013,0.321054,0.599622,-1.53548,-0.731571,0.0883606,0.145799,0.813748,-0.0604383,-0.346257,0.0042746,0.0551216,0.108704,0.0393971,0.139593,0.339914,0.355262,0.348186,0.625895,0.0438504,2.97467,0.310427,-0.0576157],[0.142259,0.0519797,0.279241,-0.326822,0.0727369,0.0106021,-0.00918274,-0.130967,0.914628,-0.0407743,0.00896603,-0.0210537,-0.00538958,-0.0248365,-0.0307098,0.124662,0.150993,-0.184043,-0.113754,0.00259967,-0.699742,-0.420212,-0.0290717],[-0.13249,0.0157037,-0.0241908,-0.126203,-0.666369,-0.00478281,0.0043853,0.00794687,-0.0773895,0.895035,-0.00434203,-0.0211483,-0.0157046,-0.0276924,0.00393581,-0.026102,-0.106766,0.0337701,0.0856261,0.00538666,-0.897792,-0.124893,0.0289746],[-1.30816,0.456867,9.66814,-0.940957,2.8199,4.65354,0.223659,0.186754,-2.20369,-4.62725,0.492826,0.180026,-0.831267,0.159509,-0.300834,0.797024,-0.83478,1.10457,0.0755341,-0.211952,-3.6061,-4.68294,-0.514602],[1.69809,0.668865,1.56516,-0.334269,5.64473,1.96029,0.0116639,-0.272531,-0.545215,1.11068,0.0443865,0.96747,0.230873,0.128029,0.27292,1.06257,0.540903,0.281317,-0.394231,0.0192295,3.9399,-2.76124,0.395873],[-0.170769,-0.0903576,1.04691,-0.406146,2.18819,0.622676,0.503348,0.0631868,-0.314411,0.221217,0.0166756,-0.0857758,1.0035,-0.0798494,0.178861,-0.22484,0.290551,-0.137382,-0.500489,-0.0318359,0.782969,1.15371,0.0798994],[-0.0449936,-0.249145,-0.186317,1.2379,-2.86299,-2.09106,0.107835,0.056553,-0.169615,0.181872,-0.00020182,0.371981,0.144994,1.19179,-0.0663604,-0.965252,-0.380222,-1.1676,-0.169221,0.138149,-2.82834,0.815083,0.440101],[0.350123,0.0494268,-0.270038,0.435641,-1.75707,-2.26306,0.182423,-0.257165,0.13263,-0.158497,0.0292183,0.171853,0.0706784,0.1882,0.886207,0.449485,0.0382255,-0.501217,-0.503372,0.133751,5.08788,-0.623297,0.0155252],[0.0708767,0.224378,-0.916526,-0.71274,0.185371,0.270665,0.00809507,-0.0787733,-0.208801,-0.627537,-0.018169,0.0253756,0.0224683,0.0112148,0.0774352,0.98768,0.0267828,0.190546,0.175525,0.0259279,1.62018,0.769092,0.0471164],[-0.2754,0.0300335,-0.729149,-0.2747,-1.04456,0.0406983,-0.0696469,0.00703097,-0.457164,0.056248,0.00129729,0.0441623,0.0653081,0.0370362,0.0625322,-0.0444085,0.692135,0.10062,-0.120978,0.0199903,-1.47804,0.21425,0.0185111],[0.10347,0.0948286,-0.349823,0.811742,1.20922,1.83738,0.0844322,-0.124088,0.319209,0.212663,0.0574165,0.0374741,0.0656001,0.0385767,-0.0318353,0.335628,0.381783,0.472417,0.704875,-0.0106989,-1.83681,-0.225628,0.0700151],[-0.308674,-0.410985,-0.213403,0.362401,-1.12402,-0.280707,0.00991945,0.183965,0.0345079,0.0189878,-0.0201774,0.0284171,-0.0557729,-0.00890779,0.000756239,-0.383566,-0.138938,0.0990803,1.09243,0.00915407,0.990844,0.718213,-0.00499429],[0.253217,-1.19516,0.678472,-0.0925424,6.34979,-1.16584,0.801932,-0.601647,0.924869,-4.96641,0.0691817,-0.17564,0.465414,-0.300442,-0.0890691,0.265738,1.86435,-0.00114137,-2.36766,0.795499,12.0378,-0.371827,-0.457708],[0.0238387,-0.00211451,0.000262549,0.0456754,0.125258,0.0945295,-0.00615733,0.00920394,0.00204591,-0.0089696,0.00145911,-0.000905693,0.00188394,0.00100785,0.00146196,-0.000133467,-0.0293487,-0.00529401,0.00838057,-0.0041127,-0.386016,0.00893413,0.00401887],[-0.0325116,0.0475588,-0.011878,0.0924703,-0.200116,0.179317,0.00680807,-0.000157647,0.0285116,-0.0532179,-0.000239853,0.0055551,-0.0100048,0.00599654,-0.0007701,0.0364124,0.0531844,0.0269086,0.0071683,0.00147597,-0.0125891,1.15927,0.0055739],[-0.179215,0.155476,-3.8314,0.742756,-0.966304,-0.910901,-0.63958,0.0936499,1.05367,-0.0233922,-0.055074,0.0682306,-0.137098,0.0699797,0.0528182,-0.0198767,-0.196715,1.00893,0.32926,-0.0392502,-2.08787,0.984677,0.520523],[0.214079,-0.051338,-0.399892,-0.382486,0.226376,-0.864444,-0.0498153,-0.00459527,0.0319828,-0.0732623,0.00169769,0.0114698,0.0118847,-0.00256278,-0.0239088,0.0682403,-0.109036,0.021152,-0.0561202,0.0293633,1.98439,-0.524365,-0.0561342],[0.00146063,0.30547,-0.0614116,0.00898735,0.319156,-0.0464281,-0.0489812,-0.0472107,-0.0382272,0.212012,-0.0120706,0.00419158,0.0424019,0.0171242,0.0508135,0.027239,-0.0290566,0.00215649,0.0266876,-0.0265846,-0.865008,-0.0385647,0.0435059],[0.0588317,0.01354,0.475623,0.0140123,0.28286,0.364985,0.000850999,0.00523122,0.0556182,-0.0486915,0.0030352,-0.00824565,-0.0168567,-0.00705522,-0.0214133,0.00234751,0.0100156,-0.0140728,0.0125479,0.0044911,0.316928,-0.084625,-0.0160586],[-0.0316512,-0.000972108,-0.186373,0.380462,-0.0952869,0.203574,-0.0254584,0.0155149,0.0809883,0.00942462,-0.00181328,-0.0133443,-0.0235134,-0.0128068,-0.0225875,-0.0378472,-0.0152041,0.00037631,0.0495584,-0.0105681,-0.148407,-0.0270923,-0.0170392],[0.0191809,0.03365,0.110761,0.00397539,0.466068,0.0368441,0.0204612,0.00571715,-0.0444183,-0.060007,0.00142263,0.000254873,0.0086514,0.000536804,0.0102503,-0.00314596,0.0168787,-0.0129442,-0.0203468,0.00243691,0.00349208,0.0351979,-0.00111637],[-0.0326134,-0.0107866,-0.26836,-0.0973272,-0.40794,0.0870257,0.011935,-0.00183126,-0.0132198,0.0970513,0.00314019,0.00362152,0.0235216,0.00358895,0.0175783,0.00644412,0.0152516,0.0110427,-0.0205903,-0.00147093,-0.244042,0.057549,-0.000750738],[-0.0584568,0.196971,-0.0357539,0.28764,0.678086,-0.34424,-0.199432,0.0587788,-0.294527,0.22945,-0.000594405,0.0479291,0.0100834,0.0691603,-0.000638855,-0.143151,-0.252605,0.0367666,-0.126147,-0.0292274,-0.262672,0.0334697,0.000731005],[0.113754,-0.0507918,-0.318567,1.25313,2.73509,0.392654,-0.254685,0.0831865,0.0392767,0.741471,-0.0237418,-0.0304198,-0.108516,-0.0377552,-0.0975178,-0.118405,-0.202678,0.400747,0.372741,-0.0635653,-5.59814,-0.33715,-0.000820603],[0.0174264,-0.00932687,-0.408911,0.296696,-0.105335,0.22601,0.0204568,0.0623025,0.0629805,-0.196773,-0.00689909,0.012086,0.0204212,0.00973577,0.0290364,0.000906801,-0.13578,0.0479051,0.0751475,-0.000747873,0.680076,0.220538,0.00113019],[0.142097,0.0663977,-0.0127865,0.0528861,0.149941,-0.160565,-0.0242282,-0.00080024,0.148723,0.0298015,0.00668988,0.00987811,0.0254821,0.0216731,0.0028996,0.0142625,0.0935447,-0.0139006,-0.0998782,-0.00463172,0.0749379,0.138191,-0.0163057],[0.410828,0.345242,-3.42985,-1.92886,2.97174,-8.17381,1.24448,-0.594585,-2.10679,1.86784,0.0401444,0.118177,-0.0112229,-0.219504,0.217402,0.236306,1.9873,1.53774,0.0211507,0.284469,17.7908,-7.70269,0.8751],[-0.115269,0.0328197,-0.756243,-0.404382,0.420712,2.34976,0.240234,-0.0278878,-0.0683573,-0.0777073,0.00763474,-0.18007,-0.016644,-0.104248,0.140818,0.337959,0.162092,0.127545,0.427062,-0.0961975,0.0646017,-0.837112,-0.136922],[0.0370822,-0.169857,-0.968831,0.645483,-0.125192,1.88671,-0.15652,-0.192483,0.106362,1.13935,0.01312,0.111817,-0.0513999,0.068227,-0.0583163,0.0277277,0.110331,0.127854,0.224523,0.0212875,0.652002,-0.944045,-0.0961414],[-0.178728,0.213855,-0.0500036,-0.497808,-1.85585,1.12754,0.0644474,-0.0139179,1.01929,-0.572699,0.00768075,-0.225403,-0.0474172,-0.261322,-0.136836,0.199526,0.106331,-0.357748,0.295772,-0.0108228,-0.323309,0.427338,-0.196845],[-0.095635,0.275772,1.8267,-0.0373896,0.625528,1.65,-0.534473,0.302355,0.226732,0.693272,0.00561267,-0.00887857,-0.126284,0.0582282,-0.153586,-0.247676,-0.277501,-0.0020802,0.38072,-0.0610589,-3.48099,-0.779987,0.0274713],[0.0513022,-0.154629,1.33134,0.151118,0.626075,0.0775191,0.0941045,0.078147,0.116942,0.452148,0.0135158,-0.0234537,0.0215162,-0.0158497,-0.0264292,0.0329838,0.159356,-0.0169327,-0.14072,-0.0127573,-1.24201,-0.556243,-0.0369169],[0.224915,-0.149389,0.581738,0.330343,0.341964,0.145526,0.195223,0.00210111,-0.074597,-0.172493,0.0158389,-0.0192393,0.0533205,-0.00389013,0.0227961,0.074885,0.354183,-0.0488737,0.0654013,-0.0123385,2.50037,-0.228179,-0.00811716],[0.214097,-0.0727879,-0.358881,-1.43349,-1.66408,-1.98402,0.26527,0.167293,-0.394912,-1.01958,-0.0249222,-0.088508,0.0869991,-0.0592184,0.0927087,-0.241263,0.0909445,-0.0071582,0.233682,0.0213691,4.72996,0.253203,-0.00619111],[0.375845,0.324043,0.145011,-0.160675,1.0793,0.599555,0.0575799,-0.0892737,0.116071,-0.476788,0.00352324,-0.0325678,0.0787692,0.0058605,0.027311,0.398634,0.0939834,-0.159201,-0.428041,-0.00999295,0.280155,-0.595004,0.00815326],[-0.404146,1.46417,-0.39108,-1.28546,-10.7498,-0.213256,-0.755173,0.247714,-0.449954,2.90863,-0.0418096,-0.0500005,-0.165392,0.0308709,0.0689821,-0.614045,-1.69757,0.141733,1.15347,0.0494949,-10.6914,-1.77252,0.157411],[0.0259428,-0.0191285,-0.0224391,0.0386223,0.0796626,0.012335,-0.00289715,0.000602112,0.0148664,-0.0484528,0.000348406,0.00460581,-0.0014555,0.00331419,-0.00175407,-0.0143726,0.0131585,-0.0104421,0.00557294,-0.000159404,-0.264833,0.0504106,-0.000274364],[0.0276509,-0.0249616,-0.106434,0.0526955,0.258943,-0.315857,-0.0343448,0.0164652,0.00599512,0.0912208,0.00417822,-0.0026497,0.0154744,-0.00424424,0.00848156,-0.0495963,-0.0553039,-0.0316728,0.0265694,-0.0104583,0.136243,-0.247788,0.00505936],[-0.64212,-0.989544,0.18904,-0.0175335,-0.100189,-3.2237,-0.394167,0.30701,-1.26579,0.140276,0.0341591,0.0503641,-0.240396,0.015644,-0.332744,-0.0582665,-0.69595,0.464584,0.037099,0.0349546,-1.84286,1.18496,0.0798812],[0.175903,-0.194085,-0.216748,0.258507,0.133735,-0.0410833,0.0215058,0.0111741,-0.112417,-0.319406,0.00237593,0.00738809,0.0215682,0.000351563,0.0124075,-0.0022904,0.0723646,0.126214,0.0635673,-0.0175755,0.673429,0.372138,0.0351047],[0.115606,0.350326,0.0918673,0.0968671,-0.207899,-0.0263791,-0.0450156,-0.0459937,0.154436,-0.100464,0.00207661,-0.0273797,-0.0777113,-0.0439696,-0.0653695,0.122302,-0.0938934,0.000300432,-0.0592423,0.0108273,0.0187247,-0.257891,-0.0302304],[-0.0557306,-0.0409031,0.0428108,-0.107781,-0.320738,-0.170139,0.00899916,-0.00506051,-0.0374603,0.00538165,-0.00114378,-0.00136741,-0.00387302,-0.00921441,-0.00276683,0.0127814,-0.0121521,0.0387846,0.0161266,-0.000234826,-0.23427,0.0226636,-0.0154238],[-0.009568,0.0978482,0.198195,0.314116,-0.188839,0.000760025,0.0258631,0.0177612,-0.0302251,-0.0680894,0.00103238,0.00270918,0.000973615,0.0150966,0.00907235,-0.02822,-0.0214991,0.0168697,0.0196747,-0.00434115,-0.0846927,0.0779616,0.020007],[-0.0171078,0.0310795,0.0370827,-0.0899983,0.273125,0.109728,-0.0193026,-0.00356121,0.0247212,-0.0148093,0.0013689,0.000698473,-0.00142217,0.00168051,-0.00837063,-0.00409493,-0.0141944,0.0107522,0.0243361,0.000780045,-0.0716472,-0.0334406,-0.0018343],[-0.00453594,0.0130838,0.0468798,0.0645181,-0.0415095,0.206521,-0.0412849,-0.00281404,-0.00022071,0.0450753,-0.0016579,0.0023226,-0.0149632,0.00516875,-0.00620541,-0.0186963,-0.0329397,-0.00920089,0.0106592,0.00161957,-0.127328,-0.0597369,0.00863574],[0.0268929,-0.0389974,0.16674,-0.0862875,-0.0781458,0.334078,0.0422106,-0.00323606,0.100481,0.0258548,-0.00711363,-0.0076753,-0.0504155,-0.0377054,-0.01121,-0.0100468,-0.208857,-0.0630166,-0.142474,0.0099256,0.165281,0.507165,-0.0240385],[-0.0470956,-0.338109,0.566106,0.314509,-2.28821,0.0721269,0.0143746,0.0908547,-0.0738348,-0.41015,-0.00195817,0.00218099,-0.00551833,-0.0124259,-0.0509909,-0.0476087,-0.195032,-0.085904,-0.289942,0.0444435,2.59444,-0.0659513,0.0227359],[-0.159218,-0.0416207,0.129045,0.0302841,0.0324536,-0.233696,-0.00978101,0.0679482,0.0231083,0.236514,-0.00206277,0.00882024,-0.0149514,0.0150087,0.00187437,-0.125086,-0.0141356,0.136078,0.0397487,-0.00175079,0.0246744,0.199266,0.0278424],[-0.009119,-0.0812449,0.0384022,0.0737069,0.517537,0.16828,0.0198091,-0.00728803,-0.0708293,0.0727499,-0.00237936,0.0111448,-0.0100181,0.00588468,-0.00715673,0.0123623,0.0137362,-0.0215813,0.0118641,-0.000777357,0.821809,-0.0142931,-0.0128149],[-1.75629,-0.300777,-0.186856,-2.88368,-1.07061,-2.98703,-0.303034,0.779889,1.52046,-2.94272,-0.112858,0.240163,0.319962,0.173352,0.343516,-0.250813,0.424673,-1.16104,-1.83902,-0.203505,-5.40864,6.76328,-0.0839768],[-0.176624,-0.313174,0.382136,-0.32868,0.887376,-0.623848,-0.0858167,0.131002,-0.418057,0.297847,-0.0158476,0.0101036,0.110222,0.0393334,0.11791,-0.225538,0.0274975,0.0252543,-0.0786986,-0.0499642,-1.17312,-0.719521,-0.00284039],[-0.329319,0.124793,-0.77231,-0.166188,-2.18273,-1.84831,-0.0159164,0.0122271,-0.460981,-0.255533,-0.038406,-0.0226623,-0.0355709,0.0049024,-0.00479659,-0.103259,-0.157392,0.421038,0.437188,-0.0138585,-2.46161,0.592206,0.0460635],[-0.251424,0.0427513,0.862982,-0.313538,-1.76229,-0.500652,0.100777,0.122081,0.436697,-0.462699,-0.00359958,-0.0679275,0.060728,-0.0827303,0.030555,-0.384762,0.0417913,-0.234549,-0.213118,0.00397229,1.88159,0.383994,-0.129683],[-0.0438217,0.342102,-0.240295,-0.745487,0.390614,1.0277,0.197577,-0.0555031,-0.358093,-1.14396,-0.0109614,-0.119395,-0.0321291,-0.106105,0.0464197,0.31388,0.107914,0.0557909,-0.034079,0.00318861,0.037033,0.883027,-0.0110591],[-0.122601,-0.0698089,-0.413894,0.561572,-0.812665,-0.347471,-0.102375,0.000620315,0.0913951,0.17518,0.00464469,-0.00185761,-0.0438862,0.00468378,-0.0510369,-0.0214154,-0.185642,-0.175736,-0.0382423,-0.0132317,-0.38127,-0.211981,-0.0101808],[0.0492164,0.118289,0.146904,-0.0557913,0.70196,-0.187284,-0.126372,-0.00838936,0.529628,0.118145,-0.0171212,-0.0248056,-0.118559,-0.0329752,-0.0852909,-0.0314915,-0.046764,-0.0518747,0.0555511,-0.00780105,-1.03004,0.0153172,-0.0102606],[-0.33381,-0.0565329,0.686366,0.590896,0.467994,0.0544748,-0.367424,-0.0293167,0.044716,0.84134,-0.0308568,0.0529157,-0.154793,0.0226003,-0.0628503,-0.092686,-0.485341,-0.378851,-0.864945,-0.0105774,-2.78461,0.0195826,-0.0599611],[-0.0769422,0.0812904,0.0704226,-0.168643,-0.0423647,-0.31875,-0.0377603,-0.0635765,-0.192313,0.469103,0.0143931,0.000690263,-0.0229715,0.00241892,-0.017913,-0.015126,0.0400574,0.143856,-0.434191,-0.00256741,-1.34771,-0.133938,7.07983e-05],[0.648545,-0.250159,-0.901895,0.786604,6.80872,0.0967211,-0.363767,0.333576,0.362804,1.25886,-0.0258808,0.126213,-0.174526,0.145634,0.0607718,0.556727,-0.426414,0.322606,0.0827857,0.0688332,3.2029,-0.0310192,0.248422],[0.00710133,-0.0123999,0.042545,-0.0382598,-0.0416692,-0.037377,-0.0107862,0.00245862,-0.01298,0.00106196,-0.000994347,0.000362384,-0.00552917,-0.000601473,-0.00612417,-0.00940643,-0.0349042,-0.00485757,0.0179222,-0.000568064,-0.125247,0.0125523,-0.0034957],[0.000376524,-0.00930751,0.11083,-0.145196,-0.0857877,0.153524,0.0253771,-0.0260461,-0.0307109,-0.0460193,-0.00186941,-0.00161047,-0.0112189,-0.000858607,-0.0122833,0.0193523,0.00499575,0.0158121,-0.0338166,0.0108478,-0.041182,-0.0182079,-0.0112005],[0.057166,0.0443258,0.289127,0.819097,0.486368,1.14839,0.27817,-0.279916,0.267577,-0.231499,-0.00470382,-0.0907045,-0.0798803,-0.127397,-0.119394,-0.17752,0.147456,-0.0610938,0.191687,0.0306443,1.6654,0.92248,-0.123409]],"sigmahat":[[0.156234,0.0715063,-0.0178259,0.0990299,0.359184,0.107918,-0.00107733,-0.00544682,0.0428965,-0.103358,-0.000877294,-0.00231453,-0.010145,-0.00192697,-0.0116903,0.0738528,0.0131171,-0.0224647,-0.0420074,0.00271297,0.427926,-0.0982269,-0.00266954],[0.0715063,0.228527,-0.0194966,0.061035,0.243914,0.204231,0.0147305,-0.0271311,0.0683011,-0.0720071,-0.0011114,-0.00529888,-0.0183554,-0.00161551,-0.0105115,0.0632174,0.0100402,-0.0273529,-0.0286551,0.00210149,0.00815203,-0.151564,-0.00819591],[-0.0178259,-0.0194966,1.22428,-0.293746,0.00230529,0.28856,0.0475996,0.00588447,0.0655767,0.101571,0.00240437,-0.0142002,0.000677336,-0.0110502,-0.0136682,-0.0817352,0.100744,-0.0322495,-0.0141174,0.00615044,0.198821,-0.118356,0.00201511],[0.0990299,0.061035,-0.293746,0.96981,-0.0949864,-0.157414,-0.0221985,0.0407826,0.0224298,-0.074649,-0.00710155,0.00977378,-0.0376295,0.013859,-0.0239252,0.00398084,-0.0849378,-0.0499165,0.0373525,0.00244406,0.0588754,0.102542,0.00388894],[0.359184,0.243914,0.00230529,-0.0949864,4.63813,1.0191,-0.106288,-0.027775,0.250139,-0.24222,0.0087985,0.00939557,-0.0482282,0.0060479,-0.041347,0.22909,0.0481121,0.00747293,-0.141775,-0.0206236,0.326341,-0.25059,-0.00731381],[0.107918,0.204231,0.28856,-0.157414,1.0191,1.79989,0.0886948,-0.116323,0.12119,-0.0691266,0.00419547,-0.0100487,-0.023889,-0.016392,-0.0107608,0.100511,0.138272,-0.0709899,-0.0636601,-0.00102584,0.343986,-0.344922,-0.0308108],[-0.00107733,0.0147305,0.0475996,-0.0221985,-0.106288,0.0886948,0.096521,-0.00733931,-0.0340399,-0.056207,-0.000885552,-0.00376272,0.0190965,-0.00321081,0.025135,-0.0022419,0.0748004,-0.00788643,0.0179118,-0.00143827,0.206015,0.027683,0.000290968],[-0.00544682,-0.0271311,0.00588447,0.0407826,-0.027775,-0.116323,-0.00733931,0.0417976,-0.0104884,0.000798699,-0.000713915,0.00139952,0.00477424,0.00394326,0.00627686,-0.0200056,-0.0212902,0.0174448,0.0428844,-0.00355672,-0.0302142,0.0480539,0.0083399],[0.0428965,0.0683011,0.0655767,0.0224298,0.250139,0.12119,-0.0340399,-0.0104884,0.228895,-0.0325245,0.00110544,-0.00785688,-0.0194909,-0.00985533,-0.0256551,0.0150229,-0.00770005,-0.0453053,-0.0300887,0.000500448,0.113025,-0.0829643,-0.0164846],[-0.103358,-0.0720071,0.101571,-0.074649,-0.24222,-0.0691266,-0.056207,0.000798699,-0.0325245,0.454499,0.00301018,0.00565364,-0.000171342,0.00699744,-0.000789344,-0.0818853,-0.0466123,0.0381225,0.0579058,0.00186306,-0.436773,0.0272053,0.00806302],[-0.000877294,-0.0011114,0.00240437,-0.00710155,0.0087985,0.00419547,-0.000885552,-0.000713915,0.00110544,0.00301018,0.00116502,8.23669e-07,-8.02168e-05,0.000122272,-0.00130923,-0.00149009,0.00168594,0.00117006,-0.00192517,0.000400882,0.0386519,-0.00153506,0.000118702],[-0.00231453,-0.00529888,-0.0142002,0.00977378,0.00939557,-0.0100487,-0.00376272,0.00139952,-0.00785688,0.00565364,8.23669e-07,0.00474854,0.00109581,0.00359258,0.00119522,-0.00417788,-0.00345936,0.000275857,-0.00156979,0.000253264,-0.0287265,0.0117082,0.00254001],[-0.010145,-0.0183554,0.000677336,-0.0376295,-0.0482282,-0.023889,0.0190965,0.00477424,-0.0194909,-0.000171342,-8.02168e-05,0.00109581,0.0222922,0.00215812,0.0194537,-0.00977309,0.0182299,0.00227183,0.00143672,-0.00229178,-0.026369,0.0224523,0.00396234],[-0.00192697,-0.00161551,-0.0110502,0.013859,0.0060479,-0.016392,-0.00321081,0.00394326,-0.00985533,0.00699744,0.000122272,0.00359258,0.00215812,0.00583043,0.00251172,-0.00489184,-0.00281787,0.00120454,0.00269057,-9.73937e-05,-0.0375122,0.00961818,0.00402846],[-0.0116903,-0.0105115,-0.0136682,-0.0239252,-0.041347,-0.0107608,0.025135,0.00627686,-0.0256551,-0.000789344,-0.00130923,0.00119522,0.0194537,0.00251172,0.0242436,-0.00641144,0.0179232,0.00585919,0.00974539,-0.00324509,-0.0867963,0.0164115,0.00497512],[0.0738528,0.0632174,-0.0817352,0.00398084,0.22909,0.100511,-0.0022419,-0.0200056,0.0150229,-0.0818853,-0.00149009,-0.00417788,-0.00977309,-0.00489184,-0.00641144,0.109364,0.00454285,0.00226924,-0.0329147,0.00191916,0.0922967,-0.105541,-0.00886412],[0.0131171,0.0100402,0.100744,-0.0849378,0.0481121,0.138272,0.0748004,-0.0212902,-0.00770005,-0.0466123,0.00168594,-0.00345936,0.0182299,-0.00281787,0.0179232,0.00454285,0.133994,-0.0118749,-0.0310344,-0.00265884,0.289789,-0.0205798,0.00021081],[-0.0224647,-0.0273529,-0.0322495,-0.0499165,0.00747293,-0.0709899,-0.00788643,0.0174448,-0.0453053,0.0381225,0.00117006,0.000275857,0.00227183,0.00120454,0.00585919,0.00226924,-0.0118749,0.111883,0.10485,-0.000910874,0.00202157,0.00672754,0.00462707],[-0.0420074,-0.0286551,-0.0141174,0.0373525,-0.141775,-0.0636601,0.0179118,0.0428844,-0.0300887,0.0579058,-0.00192517,-0.00156979,0.00143672,0.00269057,0.00974539,-0.0329147,-0.0310344,0.10485,0.338064,-0.00448321,-0.22928,0.0730075,0.00771754],[0.00271297,0.00210149,0.00615044,0.00244406,-0.0206236,-0.00102584,-0.00143827,-0.00355672,0.000500448,0.00186306,0.000400882,0.000253264,-0.00229178,-9.73937e-05,-0.00324509,0.00191916,-0.00265884,-0.000910874,-0.00448321,0.0028301,0.0550318,0.00478287,-0.00077859],[0.427926,0.00815203,0.198821,0.0588754,0.326341,0.343986,0.206015,-0.0302142,0.113025,-0.436773,0.0386519,-0.0287265,-0.026369,-0.0375122,-0.0867963,0.0922967,0.289789,0.00202157,-0.22928,0.0550318,8.95524,0.0190703,-0.037849],[-0.0982269,-0.151564,-0.118356,0.102542,-0.25059,-0.344922,0.027683,0.0480539,-0.0829643,0.0272053,-0.00153506,0.0117082,0.0224523,0.00961818,0.0164115,-0.105541,-0.0205798,0.00672754,0.0730075,0.00478287,0.0190703,1.26239,0.00169059],[-0.00266954,-0.00819591,0.00201511,0.00388894,-0.00731381,-0.0308108,0.000290968,0.0083399,-0.0164846,0.00806302,0.000118702,0.00254001,0.00396234,0.00402846,0.00497512,-0.00886412,0.00021081,0.00462707,0.00771754,-0.00077859,-0.037849,0.00169059,0.0101514]],"n":23,"lags":3}