{"betahat":[[8.02038,4.17968,45.1324,3.57115,1.80786,5.84115,10.8361,4.35827,6.5208,0.640228,-1.39929,0.15842,-1.56625,0.690268,4.86878,4.10383,15.4288,23.7529,43.1735,69.4449,-1.10577,1.83824],[0.831854,-0.0558336,0.332578,-0.11222,0.0668502,0.341343,0.043624,-0.0177382,0.00462226,-0.0882681,-0.00374079,0.0265245,-0.0131153,0.0280211,-0.0132543,0.00576357,0.0540531,0.0158157,0.029417,0.097001,-0.146715,-0.0226114],[-0.0186802,0.896791,-0.334679,0.0399418,0.0337012,-0.236671,0.103751,-0.014136,0.0503944,-0.00948233,-0.0161182,-0.00447625,-0.0131392,-0.0205758,-0.0444824,0.0570142,0.00951388,0.0192452,0.0668904,-0.147039,-0.110732,-0.00936221],[-0.0157768,0.0192985,0.701336,0.0697785,0.0297407,0.0618632,0.000177322,0.00368442,0.00714244,0.0137827,0.000100313,0.00422024,0.00301134,0.00291355,0.00745334,0.0051096,0.00130012,-0.00373183,-0.00797498,-0.0918553,-0.0017003,0.00243957],[0.0183072,0.0186399,0.128484,0.523845,-0.0195994,0.001276,0.00618191,0.00549727,-0.0117833,-0.0488748,0.00198826,0.000289492,0.00313793,-0.0048384,0.0264522,-0.00701909,-0.0185404,0.00268919,-0.0118567,0.544075,-0.0841795,0.00543779],[-0.046827,0.0336489,-0.043084,0.00811002,1.05975,0.00953303,0.00428654,0.00531774,-0.060798,-0.019405,-0.00438867,-0.0142882,-0.00944644,-0.00625911,0.0185374,-0.00304948,-0.00532535,-0.0536928,0.0304669,-0.128329,0.0740923,-0.0117341],[0.0326082,0.0145978,0.0634273,-0.0577812,0.00252216,0.700363,-0.0241136,-0.0120715,-0.014311,-0.00574633,0.00354187,0.000140816,0.00063557,-0.00321015,-0.000329345,0.000109192,-0.015289,-0.0128109,0.00640896,-0.113077,0.00405435,-0.00256328],[-0.0579793,-0.0699741,-0.00981801,-0.0261848,-0.237365,-0.115787,0.647121,0.0275139,0.0396098,-0.0055695,-0.00675501,0.00486817,-0.00517366,-0.0130654,-0.0259828,-0.0834847,-0.035171,-0.0345192,-0.0544414,-1.35742,-0.00507525,0.0170773],[-0.3361,-0.126664,-0.80521,-0.225999,0.11008,0.0849749,-0.0134915,0.934597,-0.47128,0.419928,0.00222382,0.0714328,0.0240764,0.0697444,-0.0879033,0.102475,0.0732957,0.379653,0.239185,-1.63195,0.180757,-0.00335108],[-0.00427002,0.0524175,0.0389555,-0.166393,-0.0147057,0.491781,-0.0154653,0.0306869,0.991283,-0.0454027,-0.00513202,0.00509929,-0.00102314,0.00757799,-0.0256443,-0.020191,0.0339119,0.0709204,-0.0275807,1.16587,0.220488,0.023062],[-0.037148,-0.135496,-0.249798,0.323551,0.157316,0.095065,0.0132606,0.0952482,0.0207184,1.05302,0.0013616,0.00274103,-0.0106402,-0.013177,0.0325031,0.0139566,0.098797,-0.241145,0.114977,-1.77786,0.0255323,0.00299191],[-0.688552,-0.860124,-1.2573,0.138804,0.562897,-0.827031,0.0778307,0.0827201,0.0197732,0.110525,1.06079,0.0152611,0.034312,-0.10093,0.278764,-0.223131,0.690499,0.229393,-0.0615324,4.80827,-0.274549,0.126254],[-0.183994,-0.0809318,0.0878022,0.826831,0.68356,-0.626074,-0.0509127,0.00221935,0.114159,0.576065,0.0141864,0.935573,0.0876606,0.0635729,0.0293128,0.046947,0.144382,0.416576,-0.136938,-17.8487,-1.3636,0.0526479],[-0.25069,0.295321,-0.449486,-0.207441,-0.0489481,1.80859,-0.463592,-0.0553677,0.183942,0.0512768,0.281242,0.00530242,1.18706,0.0152047,-0.282802,0.0229698,-0.294364,0.163089,-0.135885,-8.46391,0.461216,0.163885],[1.20143,0.487896,3.07403,0.575457,1.31808,-0.29129,0.334958,-0.13046,0.619938,-0.790364,0.240893,0.106509,0.234068,1.03398,0.484754,0.0917913,-0.0457441,0.19814,0.278887,17.296,0.968689,0.0743853],[0.255876,0.199601,-0.0473208,-0.0485109,0.669364,1.90724,0.225546,-0.0882412,-0.0810266,0.113662,0.0550396,0.0357492,0.106399,0.0797547,1.22098,0.124034,0.0437006,-0.285545,0.195186,0.872733,-0.121431,0.0708829],[0.096785,0.0753613,0.827542,0.0731656,0.0427954,0.30534,-0.146459,-0.0688252,-0.0423617,-0.000447899,0.0480732,0.0376305,0.0654392,0.0352666,-0.00436775,0.936623,0.258556,0.259833,-0.214155,-0.961649,-0.238265,0.0830222],[-0.0172701,-0.162501,0.639158,-0.393485,-0.0560834,-0.297547,0.0187102,-0.02383,-0.252878,0.0891735,0.00720534,-0.00623462,0.0153651,-0.0119145,-0.0426802,0.0365305,0.68698,-0.160608,-0.164507,1.88315,0.254866,-0.0349591],[0.0301202,-0.0213718,0.334875,0.555352,-0.100618,-0.0843429,-0.100761,0.00866732,0.152674,-0.0638181,0.00789927,0.0138717,0.0018646,0.0253703,-0.0426323,0.00627604,0.067715,0.943461,0.00489384,-0.399169,0.12842,0.00730941],[-0.0233089,-0.058342,-0.121962,-0.115263,0.023689,0.161975,-0.120783,0.0275374,-0.0587556,0.0223877,0.00321626,-0.00102619,0.00216387,-0.00142369,-0.0202745,0.00596264,-0.0441021,-0.0467719,-0.146791,-0.257107,0.0181566,0.00192322],[0.00435631,0.0074807,-0.0268721,0.0135723,0.0119451,0.00810413,-0.0108465,0.00115096,0.0022711,-0.00746666,-0.00106061,-0.000212363,-0.000674548,0.000980721,0.00384188,-0.00597046,0.000797943,-0.0139907,0.00565149,-0.343059,-0.0077255,-0.00248181],[-0.135916,-0.020584,-0.151446,-0.380558,-0.00692621,0.049492,-0.00487453,0.0382174,-0.00967113,0.0659139,-0.0164204,0.016471,-0.00667176,-0.0157966,0.0286706,-0.00851001,-0.0683566,0.102661,0.0278792,2.41277,1.02886,-0.00376814],[0.0658209,-0.0589882,0.610726,0.927815,-0.800448,-1.16584,0.110283,0.0625461,-0.138483,0.767428,-0.0973852,-0.00331037,-0.0650468,-0.0306529,-0.14207,-0.0601911,0.00488201,-0.217176,0.108572,-6.90157,0.3989,0.864027],[0.120046,0.0728193,-0.193217,0.146911,-0.179484,-0.390404,-4.68943e-05,0.00297238,-0.0171292,0.0645404,-0.00263198,-0.0187857,0.00636284,-0.0140667,-0.00986292,0.00890143,-0.0209585,0.00411921,-0.0617605,-0.302646,0.0455109,0.01094],[0.0240075,0.104692,0.0360206,-0.0923709,-0.0590944,0.0283464,-0.01761,0.00624051,-0.0844369,-0.0395211,0.0128038,0.0188412,0.0182159,0.0248127,0.0209079,0.00281895,0.0272275,-0.0135285,-0.00190932,0.462472,0.0451456,0.0129447],[0.0130932,-0.012554,0.0661991,-0.0412107,0.00292992,-0.0457171,-0.00381686,-0.00353512,-0.00895395,-0.0185273,0.000757541,-0.00257188,-0.00128714,-4.10484e-05,-0.00456513,-0.00544885,0.000717433,0.00471512,-0.00791483,-0.0773291,0.00215706,-0.00161024],[0.000307854,0.00463435,-0.244394,0.252164,0.0583501,-0.0686018,-0.0224777,-0.0159654,0.0313909,0.0288947,-0.000695347,0.000914967,-0.00181737,0.00498188,-0.0135272,-0.00188939,-0.00448273,0.0185352,0.0142991,-0.712426,0.0198366,-0.0106328],[0.0442251,-0.00455536,0.0128814,-0.093733,-0.00382243,0.0606022,0.0276723,-0.00557422,0.0481097,0.0150374,0.00130318,0.0148954,0.0107453,0.0136086,-0.0174893,0.0267906,0.0164231,0.0685928,-0.00378857,0.233457,-0.0566985,0.0107089],[0.00238062,-0.00980496,0.151577,0.028726,0.0197274,0.151926,0.0242706,0.00833315,-0.00522884,0.00221755,-0.00469827,-0.00186898,-0.00308219,0.000384139,-0.00149619,0.000709196,-0.00469084,0.0328723,-0.0246691,0.0700165,-0.00919409,0.000229321],[0.000903491,0.0346488,-0.15289,-0.113164,0.17197,0.125356,0.373996,-0.00718089,-0.0714672,0.000156108,0.00944948,0.0182778,0.014961,0.0281219,0.015832,0.105408,0.0450615,0.0207534,0.14427,2.05893,0.0233979,-0.00782328],[0.0565342,-0.116866,0.0804582,0.000209152,0.0319922,-0.0919425,-0.0639749,-0.0136045,0.355443,-0.242203,-0.00242066,-0.0886036,-0.00918924,-0.0854584,0.00969126,-0.135013,0.0585567,-0.0197351,-0.142856,0.33053,0.00152914,0.00634106],[-0.029313,0.0390882,-0.23483,-0.0205021,0.00885218,-0.311382,-0.00956945,0.010788,-0.061032,0.117318,0.00642323,-0.00897535,0.00406113,-0.0104652,0.012605,0.00390816,-0.0274895,-0.0768169,0.0751379,-1.26162,-0.108317,-0.0115835],[0.0407563,0.111146,-0.0500773,-0.385949,-0.0980351,-0.0944002,0.0492772,-0.0214268,0.0511125,-0.317329,0.00638588,0.00221857,0.00841331,0.0217961,-0.016211,0.0220596,0.0174557,0.112522,-0.00300164,1.19389,-0.113464,0.0172826],[0.127032,0.234447,-0.0380594,0.126381,-0.17557,-0.512413,0.364817,-0.0358024,-0.0397305,0.0477347,-0.171603,0.031594,-0.102934,0.0647917,0.0864522,0.203858,0.362545,-0.196971,-0.147321,0.158755,0.00897805,-0.0909176],[0.0275935,-0.246671,0.694786,-1.26353,0.348746,1.23706,-0.477418,0.0810193,0.289621,-0.216431,0.0442812,-0.115547,-0.0129446,-0.101079,-0.204464,-0.196019,0.106896,0.13954,-0.512186,4.30988,0.17792,0.027013],[0.0464898,-0.112755,0.336864,0.202815,-1.00025,-1.79405,0.19594,-0.0327427,-0.0639536,-0.0088747,-0.171795,-0.0259994,-0.145606,-0.0101342,-0.219688,0.01001,-0.11598,0.1276,0.536291,1.5535,0.0519957,-0.177816],[-0.627536,-0.221069,-2.35365,-0.305787,-1.40449,-0.355892,0.12702,0.0868341,0.0280488,0.376298,-0.116631,-0.0529565,-0.128059,-0.169899,-0.266925,0.00532917,-0.127512,-0.578404,0.695251,3.14943,-0.83809,0.0477185],[-0.203955,-0.106732,0.667142,0.0806581,-0.625951,-1.65901,-0.0910996,0.102644,0.185287,-0.0633709,-0.0457329,0.000234655,-0.0647429,-0.0401257,-0.173273,-0.0406069,0.0186887,0.188261,-0.0635501,-1.47989,0.122012,-0.0587521],[0.00855292,0.0808917,-1.10564,-0.135045,-0.0222547,-0.16244,0.133721,0.0596901,-0.0706342,-0.0198261,-0.0326642,0.00709804,-0.0326245,-0.00810984,-0.0104846,0.101106,-0.109236,-0.124092,0.109567,1.58323,0.14554,-0.0471251],[-0.00462777,0.16625,-0.691998,0.267894,0.0384325,0.405945,0.0635444,-0.0170824,0.275638,-0.116425,0.00825771,0.0194286,-0.00203054,0.0100054,0.0142415,0.0489106,-0.0337161,-0.11795,0.241111,-0.580602,-0.198545,0.038988],[0.0564524,0.10162,-0.137464,-0.253922,0.0185589,0.0046583,0.130144,-0.0367567,-0.123078,-0.0853214,-0.00791974,-0.013433,-0.00841745,-0.00770104,0.0384735,0.0300773,-0.00482066,-0.106065,0.00515852,-0.0462609,-0.110041,-0.00606556],[-0.0341351,0.000135032,-0.171615,0.0377027,0.0099323,-0.172034,-0.0100888,0.00772883,-0.022709,0.0118374,-0.0112734,-0.0227231,-0.00810711,-0.0247597,-0.0118738,-0.0371323,-0.0178296,-0.00392128,-0.450615,-0.32617,0.0107553,-0.00378126],[0.00629363,0.00375346,0.0145966,0.0196671,0.00414253,0.01598,-0.00148964,-0.000708099,0.0035153,-0.00445584,5.73437e-06,-0.000536294,-0.000105485,-0.000360279,0.00185106,-0.00143741,0.00113538,-0.0115094,0.00495497,-0.102248,-0.0103145,0.000551898],[0.0483823,-0.012484,0.202292,0.394612,0.0299076,-0.124338,0.0264808,-0.0517891,0.000830327,0.0500529,-0.00528023,-0.0134714,-0.014984,-0.00293275,-0.0437806,0.00934927,0.00630378,0.0211271,-0.0403865,-2.10801,-0.0886023,-0.00253638],[0.410157,0.590534,0.0818964,-0.535577,0.0157888,0.742687,-0.216571,-0.05441,0.307161,-0.489456,0.00760377,0.0717691,0.00580178,0.0909845,0.150307,0.149362,-0.300315,-0.52594,-0.318423,5.52011,-1.0426,-0.00972559],[0.0466633,-0.0182091,-0.141134,-0.0343625,0.113244,0.0498429,-0.0441271,0.0144958,0.0121887,0.0228771,0.00635214,-0.00778005,0.00679295,-0.0140593,0.0228292,-0.0152063,-0.0347305,-0.0206209,0.0306241,0.214008,0.10265,0.011573],[-0.00670656,-0.00364434,0.295837,0.0525142,0.0258522,0.208582,-0.0864875,0.00767495,0.0338533,0.0483887,0.00333902,-0.0143573,-0.00499447,-0.00429044,0.0231938,-0.0603058,-0.0376404,-0.00677706,-0.0669004,-0.314078,0.0673048,-0.00361571],[0.00287543,-0.00485683,0.210199,-0.0304857,-0.0280791,-0.0085289,0.00424047,-0.00149111,0.000869332,0.00109433,-0.000449188,-0.00102349,-0.00108311,-0.00190763,-0.00221753,0.000896307,-0.00545538,-0.00251101,0.0143792,0.186808,0.00105376,-0.000690086],[-0.0197953,-0.0243779,0.111859,0.219466,-0.0368646,0.0717233,0.0156864,0.0103263,-0.0200536,0.0190438,-0.00110703,-0.00112848,-0.000976329,2.46589e-05,-0.0125313,0.00836061,0.0204742,-0.0230248,-0.00432872,0.175998,0.0662467,0.00511685],[0.00034148,-0.0290911,0.0157556,0.0851726,-0.0606393,-0.076624,-0.0325633,-7.13449e-05,0.0112618,0.00403349,0.00326249,-0.00101092,-0.00106877,-0.00766292,-0.00193132,-0.0239558,-0.00842355,-0.0148413,-0.0297581,-0.109496,-0.0180013,0.000846926],[-0.0361534,-0.00477008,-0.223593,0.0289833,-0.0229404,0.140516,-0.000559803,0.00310947,0.018463,0.00195529,0.00132877,0.00163303,0.00267112,0.00274662,0.00126826,-0.000954475,0.0209856,-0.0207785,0.0148155,0.0560051,0.0046181,0.00233115],[0.0481701,0.0248238,0.138384,0.1361,0.061698,-0.0185956,-0.0283415,-0.01979,0.031865,0.00783665,-0.00226537,-0.0231324,-0.00900744,-0.0154597,0.00835371,-0.0262021,-0.00306252,0.0128411,-0.103394,-0.757936,-0.0124192,-0.00956068],[0.193943,0.14387,0.224916,0.23671,-0.031323,0.0508351,-0.102026,0.00574602,0.123345,-0.150114,0.00635432,-0.0126219,0.00307578,-0.0040741,0.0693773,-0.0719185,0.0638763,-0.261238,-0.11887,0.588025,-0.105957,0.0173242],[0.0329736,-0.0948144,0.19193,0.187278,0.0151842,-0.173033,0.0221314,-0.042061,0.0642045,-0.0683882,-0.00110255,0.00285543,-0.00291406,0.00135592,0.0125739,0.0142856,0.00154147,0.00823945,-0.0580506,0.0407553,-0.110125,-0.0116017],[0.0316047,0.0258292,0.196055,-0.128609,-0.0344829,0.0280141,0.0305441,0.0177858,0.012137,-0.0555867,0.000250982,0.00228354,0.00280191,-0.000922172,0.00988867,0.0143686,-0.0318989,0.124338,-0.00183539,0.864042,0.0258926,-0.00344727],[0.197748,0.263896,-0.0982151,-0.556278,0.00115262,0.371019,-0.116263,-0.0190145,0.114981,-0.032503,-0.0611436,-0.00454286,-0.0439453,0.04119,0.0257543,-0.0103618,0.365157,0.0310956,-0.109652,-1.69726,0.237732,-0.017414],[-0.520063,-0.579493,-3.45816,-0.494005,-0.162815,-1.19359,-0.0517825,0.183546,-0.443154,-0.166834,-0.022576,-0.000231414,-0.0206993,-0.0257294,0.00788453,-0.142219,-0.477022,-0.115871,0.275406,3.37413,0.601849,-0.0208315],[0.220409,0.209276,0.669283,-0.0476763,-0.116622,0.482783,-0.0801829,-0.0227333,-0.122663,-0.199455,-0.0518509,-0.0283823,-0.063716,0.0181526,-0.0437241,-0.0541073,-0.135534,-0.0278584,-0.0789919,0.852357,0.188544,-0.0639234],[0.039965,0.144616,0.211853,0.283169,0.108322,0.36444,0.165504,-0.0718153,-0.384877,0.196441,-0.0409565,0.0247351,-0.0222002,0.0822392,0.0944666,0.107029,-0.20011,-0.390668,0.436644,-10.2916,-0.19346,0.0103888],[-0.0542687,-0.0944057,-0.624612,-0.0345437,-0.042435,-0.24711,-0.13582,-0.0153197,-0.10489,-0.0497486,-0.00889454,-0.0361855,-0.0409215,-0.0400135,-0.048882,-0.0834549,-0.0572993,0.0958388,-0.137481,0.591943,-0.000187999,-0.0121687],[-0.108074,-0.161671,0.27025,0.0632673,-0.021959,-0.14821,0.00726626,0.00865906,0.113156,0.0228317,-0.0147467,-0.0449734,-0.0319851,-0.0276673,0.0138585,-0.0407397,-0.13841,-0.133851,0.0930315,-0.688382,0.0937358,-0.0359665],[0.167361,0.0953403,0.608458,0.0931294,-0.00614299,-0.0894896,-0.108605,0.0178122,0.0191667,-0.00525908,-0.00355612,-0.0168488,-0.0121233,-0.000307757,-0.0016155,-0.0611015,-0.207644,0.150716,-0.153847,-1.0401,-0.182268,-0.0164904],[-0.00383198,-0.00142475,0.0613379,-0.18588,0.134901,0.336651,0.0132537,0.0157373,-0.0269256,0.0490885,0.00577089,0.00191635,0.0108782,0.00041205,0.0237321,0.0143313,-0.0142622,-0.154245,-0.0343377,-0.059061,0.0437727,0.00491578],[-0.0417059,-0.0107786,-0.0109638,-0.0125233,-0.145985,-0.0588129,-0.074439,0.00933761,0.00820697,0.0146178,-0.0168542,-0.00209254,-0.0262297,-0.00748017,-0.0244337,-0.0385034,-0.00787826,0.00483225,-0.161258,-0.130622,-0.0023522,-0.0115759],[0.00105388,0.00507017,-0.00132223,-0.00910879,0.00338917,-0.0192338,-0.00928037,0.00192219,-0.00229642,0.0123608,-0.000217947,0.000552393,-0.000145245,-0.000164584,0.000565833,-0.00264467,0.00456613,0.000121889,-0.00236585,-0.140187,-0.00374727,-6.24573e-05],[-0.0130217,0.0253118,-0.275583,-0.0773129,-0.177014,-0.20523,0.027091,0.0363593,-0.0133893,0.0271345,0.00463081,0.0131786,-0.00126878,0.0146701,0.00182553,0.0106633,0.018996,-0.0727919,-0.00704897,0.0263522,-0.0210143,-0.00729298],[0.274269,0.177258,2.23351,1.01757,0.739613,1.04079,-0.0336754,-0.084346,-0.242783,-0.0484247,0.0243647,-0.0144925,-0.0149744,-0.0266256,0.0433277,-0.102139,-0.0697711,0.181585,-0.149883,-0.169846,0.426635,-0.0620818]],"sigmahat":[[0.908445,0.48329,2.0116,0.128495,0.804952,1.24215,0.0513511,-0.102421,-0.0944006,-0.103207,0.0512639,-0.00079907,0.0527438,0.0275432,0.198807,0.0572583,0.104587,0.0137916,0.0150235,0.621093,-0.181819,0.0146768],[0.48329,0.946727,0.744032,-0.00468267,0.279229,0.875311,0.0766687,-0.0574833,-0.0389653,0.0313009,0.0417669,0.0103318,0.038307,0.0414457,0.189294,0.11387,0.0470447,-0.0461021,0.00225059,-0.726389,-0.366091,0.00249177],[2.0116,0.744032,31.7005,1.56471,2.12594,4.49733,-0.29791,-0.277068,-0.309572,0.112458,0.0468421,-0.0908999,0.0392058,0.0314743,0.194195,0.00394343,0.242049,0.330989,0.309045,-4.47027,0.347174,-0.0699433],[0.128495,-0.00468267,1.56471,3.40847,-0.298378,-0.644054,-0.124927,-0.079866,-0.137857,0.0858446,-0.033505,-0.0380811,-0.0506417,-0.0352172,-0.0395993,-0.0994779,-0.00537415,0.119984,0.0083779,-3.74002,0.22051,-0.0149163],[0.804952,0.279229,2.12594,-0.298378,3.29645,3.62124,0.300505,-0.141108,-0.2709,-0.0151779,0.0841234,0.0226034,0.124008,0.0338253,0.410674,0.138462,0.0842682,-0.162877,0.0188952,0.510056,0.0372661,0.0910764],[1.24215,0.875311,4.49733,-0.644054,3.62124,10.2968,0.261779,-0.278701,-0.604701,0.151629,0.188117,-0.0156811,0.239038,0.091219,0.577805,0.258922,0.0756054,-0.21929,-0.0844572,-5.36316,0.285166,0.109005],[0.0513511,0.0766687,-0.29791,-0.124927,0.300505,0.261779,0.736066,-0.0382147,-0.0749235,0.0348788,0.00686397,0.03237,0.0268037,0.0233551,0.0890294,0.301492,0.0598162,-0.0425526,0.312043,3.95132,-0.0739884,0.00983776],[-0.102421,-0.0574833,-0.277068,-0.079866,-0.141108,-0.278701,-0.0382147,0.101775,0.0251599,0.0742782,-0.0128231,-0.00157105,-0.0163913,-0.010822,-0.0286941,-0.0311636,-0.0238912,0.0114221,0.0169372,-0.481628,0.0115228,-0.00508141],[-0.0944006,-0.0389653,-0.309572,-0.137857,-0.2709,-0.604701,-0.0749235,0.0251599,0.805793,-0.107461,-0.0319587,0.0260012,-0.0393808,-0.00163514,-0.0861008,-0.021054,0.00548946,0.00589534,0.0657785,2.13119,-0.0332781,-0.0127349],[-0.103207,0.0313009,0.112458,0.0858446,-0.0151779,0.151629,0.0348788,0.0742782,-0.107461,0.627704,-0.0107087,-0.0107973,-0.0142846,-0.028674,0.0231949,0.0239384,0.0166635,0.0546241,0.114875,-5.52467,8.24149e-05,-0.0127474],[0.0512639,0.0417669,0.0468421,-0.033505,0.0841234,0.188117,0.00686397,-0.0128231,-0.0319587,-0.0107087,0.026211,0.00351823,0.027585,0.0108043,0.0262668,0.0129633,0.000625841,-0.00310058,-0.000437508,-0.0278403,-0.0133121,0.0135645],[-0.00079907,0.0103318,-0.0908999,-0.0380811,0.0226034,-0.0156811,0.03237,-0.00157105,0.0260012,-0.0107973,0.00351823,0.0294036,0.00834731,0.0255387,0.00883395,0.0296707,-0.000731265,-0.0304017,0.03685,0.568648,-0.000219791,0.00497749],[0.0527438,0.038307,0.0392058,-0.0506417,0.124008,0.239038,0.0268037,-0.0163913,-0.0393808,-0.0142846,0.027585,0.00834731,0.0382409,0.016936,0.0328933,0.0253063,0.00428591,-0.00522483,0.00806896,0.0495023,-0.0183333,0.0186097],[0.0275432,0.0414457,0.0314743,-0.0352172,0.0338253,0.091219,0.0233551,-0.010822,-0.00163514,-0.028674,0.0108043,0.0255387,0.016936,0.0378928,0.0184245,0.0306074,0.00218804,-0.0204418,0.0430064,0.0805412,-0.00708839,0.00763936],[0.198807,0.189294,0.194195,-0.0395993,0.410674,0.577805,0.0890294,-0.0286941,-0.0861008,0.0231949,0.0262668,0.00883395,0.0328933,0.0184245,0.181715,0.0486297,-0.00656667,-0.0883032,0.0355228,-0.0923,-0.090697,0.0161902],[0.0572583,0.11387,0.00394343,-0.0994779,0.138462,0.258922,0.301492,-0.0311636,-0.021054,0.0239384,0.0129633,0.0296707,0.0253063,0.0306074,0.0486297,0.217678,0.0496851,-0.00935883,0.156279,1.68839,-0.0308409,0.0140746],[0.104587,0.0470447,0.242049,-0.00537415,0.0842682,0.0756054,0.0598162,-0.0238912,0.00548946,0.0166635,0.000625841,-0.000731265,0.00428591,0.00218804,-0.00656667,0.0496851,0.449425,0.0828309,-0.0111907,0.63913,-0.0359103,-0.00192719],[0.0137916,-0.0461021,0.330989,0.119984,-0.162877,-0.21929,-0.0425526,0.0114221,0.00589534,0.0546241,-0.00310058,-0.0304017,-0.00522483,-0.0204418,-0.0883032,-0.00935883,0.0828309,1.20512,0.0907812,-1.23679,0.175986,-0.0157142],[0.0150235,0.00225059,0.309045,0.0083779,0.0188952,-0.0844572,0.312043,0.0169372,0.0657785,0.114875,-0.000437508,0.03685,0.00806896,0.0430064,0.0355228,0.156279,-0.0111907,0.0907812,1.9179,0.175662,0.0216437,0.0200297],[0.621093,-0.726389,-4.47027,-3.74002,0.510056,-5.36316,3.95132,-0.481628,2.13119,-5.52467,-0.0278403,0.568648,0.0495023,0.0805412,-0.0923,1.68839,0.63913,-1.23679,0.175662,208.941,0.452378,0.379974],[-0.181819,-0.366091,0.347174,0.22051,0.0372661,0.285166,-0.0739884,0.0115228,-0.0332781,8.24149e-05,-0.0133121,-0.000219791,-0.0183333,-0.00708839,-0.090697,-0.0308409,-0.0359103,0.175986,0.0216437,0.452378,0.993376,-0.0332356],[0.0146768,0.00249177,-0.0699433,-0.0149163,0.0910764,0.109005,0.00983776,-0.00508141,-0.0127349,-0.0127474,0.0135645,0.00497749,0.0186097,0.00763936,0.0161902,0.0140746,-0.00192719,-0.0157142,0.0200297,0.379974,-0.0332356,0.0304053]],"n":22,"lags":3}