{"betahat":[[-2.77564,-5.75894,-20.0949,0.254312,-9.29489,-11.1958,0.603557,0.510849,1.82472,-6.30196,0.332988,-0.769724,0.0868248,-0.295965,0.806682,-2.51063,28.6892,26.6665,0.939635,90.5365],[0.812183,-0.0549916,-0.0528561,-0.355242,0.0725813,-0.20698,0.118238,-0.0047276,-0.0129569,-0.0969176,-0.00135416,0.0246587,-0.0148876,0.0144256,0.0250652,0.0284344,0.01669,-0.096625,0.00216552,0.926535],[0.0612692,0.868263,0.0224218,0.301947,0.0965683,-0.104359,0.110777,-6.3935e-05,0.0685155,0.03911,-0.00268918,0.00250164,-0.00623447,-0.010411,-0.0253716,0.0486784,0.0276241,-0.033378,-0.000988599,-0.902021],[-0.0257681,0.0115276,0.596658,0.0646263,-0.00553139,-0.00516677,0.00213519,0.0047967,-0.00561198,0.0313357,0.000462215,0.00370731,0.00169055,0.000542449,0.00883497,0.00746532,-0.00188818,0.00114145,0.00240505,-0.110457],[-0.019432,-0.00979863,-0.0854875,0.457632,-0.0697632,-0.152691,0.00375498,0.0223016,0.00113406,-0.0320838,-0.00180968,-0.00076369,0.000744494,-0.0107185,0.0207281,-0.0171094,-0.00912498,0.0420269,-0.00304877,0.517391],[-0.0381618,-0.049359,-0.27275,0.130271,0.950069,-0.063758,-0.0283511,0.0101306,-0.00328336,-0.0556871,-0.00923539,-0.00555979,-0.0112298,-0.00504061,0.000707187,-0.00215422,0.00372688,-0.173842,0.00289951,0.375863],[-0.0134118,0.0145885,-0.161497,-0.0974844,-0.0665627,0.680794,-0.0447355,-0.00416706,-0.0199273,0.00508783,0.00335212,0.00246331,0.00306821,-0.000865826,-0.00507215,-0.0129628,-0.0284185,0.0288857,-0.00341646,-0.0348656],[-0.0558719,-0.125774,0.0170982,-0.0504218,-0.313566,-0.199421,0.670388,0.0749897,-0.056289,-0.00669078,0.0114149,0.00956363,0.0186354,0.0072916,-0.0506065,-0.106485,-0.045863,-0.0192234,-0.0142797,-2.07203],[-0.22213,0.00914549,-0.880991,0.337443,-0.146138,-0.378327,-0.0814407,0.890343,-0.160433,0.205641,0.00364096,0.107268,0.0232424,0.084685,-0.149415,0.095529,0.0704085,0.426719,0.0213331,1.55062],[0.0822456,-0.000436097,0.203705,-0.00327313,-0.0603588,0.0900297,-0.0892809,0.0435384,1.00581,-0.0969877,-0.0203759,-8.11597e-05,-0.0260763,0.00294459,-0.0696337,-0.0791154,0.19314,0.194531,0.00237796,1.85559],[0.020104,-0.0392978,-0.169841,0.308891,0.180739,0.194338,0.103577,0.0385992,-0.0543887,0.99305,0.00120766,0.00408657,-0.00787455,-0.0119898,0.0395191,0.0504351,0.14248,-0.212189,-0.0207819,-0.271436],[-0.16642,-0.206839,-5.7537,0.669432,1.28862,-2.75637,0.788351,-0.340496,0.0564607,-1.99934,0.919051,0.078022,-0.027555,-0.0354109,0.345536,-0.102156,0.199664,0.0874122,-0.00847321,40.3233],[0.114304,0.0422256,-2.75113,0.5185,0.351327,-1.83079,-0.0977445,0.231085,-0.107495,1.04269,-0.0602884,0.887716,-0.00701384,0.0178564,0.0790398,0.100222,0.801056,1.13212,-0.10167,-28.8599],[-0.0814117,0.219415,3.70452,0.370195,-1.50218,1.45112,-1.511,0.206459,0.70733,1.43907,0.411285,-0.0276729,1.26323,0.075878,-0.445253,-0.210958,-0.409165,-0.736475,0.129605,-37.6983],[0.0870825,0.159082,0.891649,0.742931,-0.370356,-0.456528,0.491886,-0.310304,0.570063,-1.16868,0.215497,0.171228,0.219777,1.07646,0.381311,0.110614,-0.714182,0.174048,0.253005,33.38],[0.258391,0.338608,-0.323897,0.470459,0.247353,0.512341,0.118789,-0.158523,0.143495,0.0619061,-0.0136396,0.0189912,0.0137578,0.0583745,1.00027,0.0517674,0.0367556,-0.115462,0.0329907,2.34837],[-0.00604988,0.0712742,1.1049,0.23433,0.0557287,-0.0300663,-0.161884,-0.0280959,0.0199529,0.1214,0.015801,0.0532444,0.0151861,0.0234955,0.0169613,0.919462,0.234753,0.293224,-0.0169857,0.282437],[-0.0691501,-0.142582,0.955282,-0.421838,-0.0921633,-0.202957,-0.104376,-0.00535011,-0.144577,0.0921052,-0.00479723,0.00488291,0.00951428,0.00599692,-0.0985821,0.0475189,0.566276,-0.418481,0.0153166,1.71027],[-0.0910651,-0.116566,0.0118632,0.498445,-0.212058,-0.232983,-0.106541,0.0215651,0.137457,-0.00485958,0.00952233,0.0192394,0.00532976,0.0253383,-0.0551387,0.00833756,-0.00644017,0.903515,-0.00129718,-0.369409],[-1.77699,-1.21655,-6.86407,-1.22138,-0.163171,-2.52475,0.584141,0.388809,-0.0712356,1.63219,-0.0837697,0.163187,-0.0400862,-0.139592,-0.278122,0.365826,-1.17159,-1.92364,0.687749,-15.1564],[0.00660124,0.013174,-0.0068328,0.0117687,0.020009,0.0290707,-0.0067259,-0.00225154,0.00200348,-0.00456908,-0.00116873,-0.000773964,-0.000404724,-0.000151957,0.00704517,-0.00485486,-0.000274735,-0.0116093,0.000473477,-0.32896],[0.111012,0.0734787,-0.294455,0.340625,-0.248112,-0.0716457,-0.0363033,0.00840695,0.00477545,0.0682329,-0.00119448,-0.0282653,0.0087422,-0.0149721,-0.0509157,-0.0107691,-0.0204696,0.0511735,-0.00337049,-1.18549],[-0.0362894,0.136234,-0.197506,-0.286614,-0.0997032,0.0434327,0.00317634,-0.00681876,-0.0987099,-0.0674861,0.00111633,0.0189564,0.00601794,0.0222744,0.00439877,0.0103459,0.00834032,0.00075348,0.0063009,0.907044],[0.0169563,-0.0214392,0.132336,-0.0329786,0.00898284,-0.0207438,-0.00901688,-0.00421352,-0.00501328,-0.0245979,8.50346e-05,-0.00220572,-0.000949562,0.000785086,-0.00861218,-0.00979303,0.00457503,0.00303249,-5.15733e-05,-0.120415],[0.00916063,0.00359484,-0.274851,0.276655,0.0547483,0.01943,-0.022875,-0.0196953,0.0106719,0.0294505,-0.00070933,0.0019408,-0.00219287,0.00888339,-0.0149457,0.00273056,-0.00843282,0.00323407,0.00315675,-0.979664],[0.0300104,0.0477052,0.0591255,-0.230949,0.00464996,0.070442,0.0572581,0.000298201,0.0386549,0.0774113,0.00616881,0.0158353,0.00750629,0.0186166,-0.00815545,0.04931,-0.0214395,0.111578,0.00294799,0.303404],[0.00981355,0.0052009,0.249447,0.0343186,0.077402,0.158672,0.0524108,0.00782981,-0.00158751,-0.0041403,-0.000709467,-0.000213405,-0.000549323,0.00260428,0.00750807,0.026048,-0.00933039,0.0234298,0.00457426,0.14763],[-0.000564908,0.0945777,-0.194745,-0.0751294,0.217093,0.18825,0.299256,-0.0417215,0.0182999,0.000178285,-0.00161243,0.0199999,-0.00356556,0.0134347,0.0292308,0.105515,0.0375862,-0.0200416,0.0110907,2.20307],[0.0417054,-0.138266,0.174324,-0.209732,0.129383,0.298726,-0.0643376,0.0367511,0.152141,-0.0877251,-0.00884229,-0.102247,-0.0167896,-0.0918691,0.0518734,-0.138662,0.0146103,-0.0835814,-0.0135208,-1.02942],[-0.105442,0.0656947,-0.313941,-0.135548,0.0448672,-0.0327035,0.0925182,0.0205822,-0.111937,0.191669,0.00654055,-0.00443927,0.0116133,-0.0126106,0.0314998,0.0461408,-0.0913637,-0.119235,-0.00701437,-1.35457],[-0.0325942,0.0212347,-0.129288,-0.35373,-0.133897,-0.232706,0.0418698,-0.00285107,0.0342195,-0.248581,0.00612588,0.00335595,0.00701241,0.0160283,-0.027173,0.0106849,-0.0161642,0.0869943,0.00621858,0.598409],[-0.119289,0.00282766,-1.01161,0.546883,-0.0142391,0.0771579,0.627462,0.0410519,-0.222841,0.295696,-0.181568,0.0526024,-0.101026,0.0267058,0.206865,0.317462,0.395481,-0.127063,-0.0040623,0.915125],[0.55842,0.0835076,3.82361,-0.419094,0.459319,2.27155,-0.198839,-0.12625,0.359582,-0.57924,0.083077,-0.116402,0.0431971,-0.0527491,-0.210665,-0.0220956,0.232925,0.0999094,-0.031124,3.85966],[0.106743,0.188753,0.14107,-0.513701,-0.662609,0.315516,0.164841,0.0781438,-0.133954,0.687045,-0.118904,-0.0570994,-0.133178,-0.0424415,-0.049784,0.0310112,-0.077712,0.15828,-0.0512062,-8.05121],[-0.0406593,-0.369274,-0.479784,-1.01202,0.566488,1.1192,-0.152122,0.109563,-0.0515098,0.162446,0.0159783,-0.0353845,0.0311357,-0.130126,-0.161118,-0.117746,0.187719,-0.529563,-0.0224302,7.71372],[-0.229906,-0.0805811,0.836182,-0.140422,-0.45365,-0.788823,-0.0276128,0.158986,0.102505,-0.0294857,0.0144194,0.00995574,-0.000630959,-0.0177709,-0.035616,0.00224237,0.0462564,0.0175318,-0.0118091,-4.04228],[0.101347,0.126795,-1.33048,-0.261152,-0.00515757,0.183811,0.207,0.0232847,-0.144157,-0.0349776,-0.00555528,-0.000904842,0.00255392,0.00309253,-0.00344697,0.112972,-0.126833,-0.214528,0.0128105,0.162829],[-0.0580312,0.139258,-1.026,0.229001,0.156147,0.186792,0.0992234,0.00912275,0.273632,-0.117835,0.00506148,0.0250689,-0.00556934,-0.00138526,0.0520706,0.0150864,-0.0411255,-0.0428176,-0.0137367,0.181714],[0.133657,0.1614,0.159717,-0.239372,0.178939,0.1792,0.155094,-0.042159,-0.106581,-0.0601483,-0.00980391,-0.0119853,-0.0111321,-0.0114255,0.070416,0.0345745,0.0185909,-0.0943398,-0.00595366,-0.0763122],[-0.0890799,0.206748,3.2172,0.70771,-0.474301,-1.73231,0.537666,0.0499662,-0.168027,0.281357,-0.117856,-0.0588664,-0.13577,-0.153517,0.422805,0.0714385,-0.360472,1.03453,0.231735,21.6014],[0.00750346,0.00949935,0.0107464,0.0141399,0.00737643,0.0293333,-0.000708031,-0.0016429,-0.000856486,-0.00507517,0.00018931,-0.00113581,9.56368e-05,-0.000668913,0.00344461,-0.000443605,-0.0012699,-0.00868267,0.00137842,-0.112747],[0.0765121,-0.0187858,0.345907,0.0146621,0.174969,0.277741,-0.0821469,-0.00370417,0.00798134,0.0280609,0.00256063,0.00367579,0.00615928,0.000645021,0.0258055,-0.0178183,0.00333988,0.0448933,0.00121125,0.260968],[-0.0253496,-0.00525383,0.173343,-0.0152655,0.0028545,0.0593412,-0.113673,0.00693259,0.0304049,0.027996,0.00156918,-0.0214677,0.00020107,-0.0118268,0.0208209,-0.0589393,-0.0362714,0.0330995,-0.00530762,-0.0058514],[0.00931339,0.0103741,0.254798,-0.0341874,-0.00112943,0.0290084,0.00832515,-0.00101163,0.00992278,-0.00754253,-0.000486258,-0.000808114,-0.000680526,-0.000604992,0.000579781,0.00299324,-0.00407413,-0.00438951,-0.00216925,0.234106],[0.0106199,0.00637835,0.362006,0.261872,0.0160898,0.134519,0.0197119,-0.00276967,-0.0117023,0.00195491,0.00251493,-0.00102052,0.00142945,0.00199979,-0.00542791,0.0146114,0.0171312,-0.0456519,-8.63853e-05,0.473703],[0.0080431,0.00178431,0.211332,0.101901,0.0433721,-0.0081524,-0.0293858,-0.0103285,-0.0349892,-0.0213267,0.0030544,-0.0104956,0.00377573,-0.0137752,0.00684923,-0.0471766,0.0189846,0.0611985,-0.00595535,-0.686848],[0.00373539,-0.0195694,-0.0892945,0.0650873,-0.0109874,0.158376,-0.00705645,-0.00388657,0.0210567,-0.0007439,-0.00260565,-0.00215002,-0.00246897,-0.00167586,-0.00232226,-0.0126623,0.0384851,-0.0528768,-0.00116433,-0.114283],[0.0555053,0.0315448,0.176699,0.125156,0.0940922,0.00780143,0.0286394,-0.0325692,0.038181,0.00835893,-0.00973384,-0.0292945,-0.0148087,-0.0205177,0.0205657,0.000777709,0.011984,0.0400339,0.00314648,-0.164512],[0.161054,0.127161,0.421043,0.106973,0.00437003,0.0536278,-0.0612845,0.0195725,0.0291883,0.000150808,-0.00358415,-0.0138703,-0.0124877,-0.00335429,0.10248,-0.0671064,0.00792067,-0.296728,-0.00526003,-1.04118],[0.0238888,-0.0642384,0.113991,0.14168,0.017773,-0.051735,-0.0031281,-0.0644273,0.103589,-0.0923865,0.0137126,0.00418127,0.0143334,0.00919149,0.0378161,0.0335981,-0.0982283,-0.0741558,0.00450887,-0.516215],[0.0289678,0.034468,0.131978,-0.16055,-0.0356663,-0.0153649,0.0251465,0.0297231,0.0354599,-0.0213049,-0.000569445,0.00396303,-0.000540924,-0.000657465,0.00982426,0.00960614,-0.039844,0.0840633,0.00139536,0.537577],[0.179718,0.235042,1.16724,-0.469346,0.0590052,0.121604,-0.172787,-0.0371563,0.193765,-0.0645134,-0.0859316,0.0392968,-0.0636275,0.0460998,0.0296137,-0.0172109,0.477565,0.156048,-0.0512863,1.6171],[-0.426043,-0.277132,-1.97737,-0.257424,-0.553679,-1.23378,-0.0716512,0.0752982,-0.307581,-0.523919,-0.0214866,-0.013046,-0.0187948,-0.00514885,-0.145087,-0.101238,-0.401445,-0.218026,0.0073797,4.59881],[0.271924,0.0349276,2.64169,-0.0153654,0.238918,1.12285,-0.290563,-0.0355583,-0.339027,-0.0327025,-0.0705787,-0.0689335,-0.109699,-0.054303,-0.0945433,-0.155635,-0.151356,0.184295,-0.0416069,-3.84564],[-0.152086,-0.0621618,-0.177715,0.41357,0.234356,-0.286178,0.0439393,-0.0183187,-0.539791,0.444386,-0.065154,-0.00841678,-0.0632555,0.0625805,0.0805126,-0.0892883,-0.101917,-0.730478,-0.036829,-18.051],[-0.0290958,-0.257899,-0.509994,-0.330263,0.204614,0.272799,-0.0913312,-0.000375047,-0.244545,-0.0314571,-0.000826759,-0.0290173,-0.0130653,-0.0408393,0.0344027,-0.0536484,-0.0795757,0.0967399,-0.0213469,1.69668],[-0.0953958,-0.197629,0.227069,0.0284,-0.0523545,-0.156261,-0.0466215,0.00491457,0.124627,-0.0852724,-0.0101413,-0.0522614,-0.0175547,-0.0266145,-0.0146605,-0.0328436,-0.103603,-0.0759968,0.00406042,-0.477399],[0.182248,0.0598553,0.742616,0.120361,0.0878133,0.179406,-0.0254262,-0.014385,-0.118982,0.0636141,0.00297669,-0.0335399,-0.00104029,-0.0125603,0.0247266,-0.050499,-0.239202,0.246804,-0.0112956,-2.26365],[0.00777381,0.0264396,0.199075,-0.219273,0.117114,0.328489,0.0358004,0.0135348,-0.0579699,0.0629919,-0.00182482,0.00206637,0.00380601,-0.00154176,0.0139773,0.0237102,-0.00341361,-0.122939,0.00306145,-0.0531014],[0.779629,0.485402,-0.0660539,-0.211888,0.730716,2.41493,-0.89928,0.0320729,0.137135,-0.591771,-0.0206259,-0.0206918,-0.0433572,0.150786,0.0729202,-0.499684,-0.331686,0.181016,0.0273899,-2.18518],[0.00602497,0.0101879,0.0142773,-0.00495128,0.00345903,-0.00739859,-0.00834597,0.000179713,-0.00373261,0.0104423,7.7226e-05,0.000171841,-6.14174e-05,0.000178826,0.00119126,-0.00214314,0.00675524,0.00241708,-0.00153214,-0.131812]],"sigmahat":[[0.520987,0.39469,0.983851,0.0561836,0.326783,0.802592,0.0170047,-0.067489,-0.0543222,0.00910768,0.00534474,-0.0136729,-0.00452794,0.00395701,0.10088,0.0133975,0.0450306,-0.0125601,-0.00775548,-0.937538],[0.39469,0.805004,0.853062,-0.126638,0.208224,0.586079,0.108019,-0.0274664,-0.0978382,0.205705,0.00538126,0.0261902,0.00612136,0.0282151,0.163621,0.0734169,0.0535906,-0.0354286,0.00638202,-0.93335],[0.983851,0.853062,29.5549,1.42375,0.929232,2.95169,-0.339694,-0.203371,-0.162767,0.492214,0.0138624,-0.201884,-0.0469,-0.104275,0.0876062,-0.0501184,0.201642,0.27712,-0.0686477,-5.54908],[0.0561836,-0.126638,1.42375,4.03451,0.0853277,-0.536506,-0.113736,-0.116142,-0.300495,0.232585,-0.00711478,-0.0758958,-0.0265116,-0.0473478,-0.0391313,-0.135186,0.0364173,0.20252,-2.84475e-05,-8.74733],[0.326783,0.208224,0.929232,0.0853277,1.3488,1.47453,0.195439,-0.133244,-0.153528,0.0428064,-0.0036723,-0.00615905,-0.0249934,-0.00649334,0.179894,0.0448207,0.0560648,-0.168113,-0.00942107,-0.129501],[0.802592,0.586079,2.95169,-0.536506,1.47453,5.65848,0.0891184,-0.19854,-0.432729,0.350281,0.0319915,-0.0651511,-0.01165,-0.0341328,0.214195,0.111793,0.069461,-0.117246,0.00191197,-4.6168],[0.0170047,0.108019,-0.339694,-0.113736,0.195439,0.0891184,0.709527,-0.0596049,-0.0490996,0.0718566,-0.0141654,0.0389653,-0.00160921,0.0165322,0.086272,0.312701,0.0560883,-0.0496093,0.0146248,3.89877],[-0.067489,-0.0274664,-0.203371,-0.116142,-0.133244,-0.19854,-0.0596049,0.0814242,0.0267998,0.0272624,-0.0025139,-0.00552836,-0.000364815,-0.00852416,-0.0168767,-0.0299529,-0.0116358,0.0265166,-0.00241494,-0.311342],[-0.0543222,-0.0978382,-0.162767,-0.300495,-0.153528,-0.432729,-0.0490996,0.0267998,0.624198,-0.181539,0.00365502,0.0205473,0.00816334,0.0205425,-0.0489883,-0.0538849,-0.0218489,0.00843767,0.00301507,2.74206],[0.00910768,0.205705,0.492214,0.232585,0.0428064,0.350281,0.0718566,0.0272624,-0.181539,0.755793,-0.0103824,-0.0069288,-0.00997015,-0.0219463,0.0398686,0.0571593,0.0660548,0.123051,-0.0077342,-6.02017],[0.00534474,0.00538126,0.0138624,-0.00711478,-0.0036723,0.0319915,-0.0141654,-0.0025139,0.00365502,-0.0103824,0.00787232,0.000609717,0.00606365,0.00164241,-0.00368293,-0.00132741,-0.00166555,-0.00313903,0.00162764,0.0156824],[-0.0136729,0.0261902,-0.201884,-0.0758958,-0.00615905,-0.0651511,0.0389653,-0.00552836,0.0205473,-0.0069288,0.000609717,0.0351167,0.00467463,0.0269258,0.0106263,0.0331388,-0.00260357,-0.0345588,0.00621216,0.857845],[-0.00452794,0.00612136,-0.0469,-0.0265116,-0.0249934,-0.01165,-0.00160921,-0.000364815,0.00816334,-0.00997015,0.00606365,0.00467463,0.00921827,0.00413795,-0.00404945,0.00671113,0.00190494,-0.00467727,0.0025823,0.235285],[0.00395701,0.0282151,-0.104275,-0.0473478,-0.00649334,-0.0341328,0.0165322,-0.00852416,0.0205425,-0.0219463,0.00164241,0.0269258,0.00413795,0.030956,0.00852314,0.0241901,-0.000735494,-0.0311485,0.0049187,0.161642],[0.10088,0.163621,0.0876062,-0.0391313,0.179894,0.214195,0.086272,-0.0168767,-0.0489883,0.0398686,-0.00368293,0.0106263,-0.00404945,0.00852314,0.117963,0.0257715,-0.0153194,-0.0787699,0.00489674,-0.15892],[0.0133975,0.0734169,-0.0501184,-0.135186,0.0448207,0.111793,0.312701,-0.0299529,-0.0538849,0.0571593,-0.00132741,0.0331388,0.00671113,0.0241901,0.0257715,0.228354,0.0565152,-0.00751147,0.00913223,2.19242],[0.0450306,0.0535906,0.201642,0.0364173,0.0560648,0.069461,0.0560883,-0.0116358,-0.0218489,0.0660548,-0.00166555,-0.00260357,0.00190494,-0.000735494,-0.0153194,0.0565152,0.34988,-0.0280596,-0.00884729,0.499758],[-0.0125601,-0.0354286,0.27712,0.20252,-0.168113,-0.117246,-0.0496093,0.0265166,0.00843767,0.123051,-0.00313903,-0.0345588,-0.00467727,-0.0311485,-0.0787699,-0.00751147,-0.0280596,1.62482,-0.0142444,-1.6829],[-0.00775548,0.00638202,-0.0686477,-2.84475e-05,-0.00942107,0.00191197,0.0146248,-0.00241494,0.00301507,-0.0077342,0.00162764,0.00621216,0.0025823,0.0049187,0.00489674,0.00913223,-0.00884729,-0.0142444,0.0083236,0.290971],[-0.937538,-0.93335,-5.54908,-8.74733,-0.129501,-4.6168,3.89877,-0.311342,2.74206,-6.02017,0.0156824,0.857845,0.235285,0.161642,-0.15892,2.19242,0.499758,-1.6829,0.290971,247.991]],"n":20,"lags":3}