{"betahat":[[-4.18309,-9.49645,-29.9712,0.437306,-6.90877,-17.5063,-1.91494,0.224906,3.05395,-10.7171,0.427659,-1.17234,0.0237748,-0.739489,-0.39627,-4.68862,29.6327,24.0397,0.649519,120.429,0.546143,0.892438],[0.776415,-0.041809,0.215004,-0.513601,0.128283,-0.227325,0.153864,-0.00302318,-0.0507625,-0.0736663,-0.00351697,0.028666,-0.0175662,0.0111617,0.0591344,0.0283532,0.00403264,-0.0723287,0.000390462,1.46994,-0.271602,-0.0208249],[0.0690789,0.845105,-0.0248012,0.205339,0.0769588,-0.19276,0.113525,0.0155691,0.109417,-0.0126747,-0.00117469,0.0142148,-0.00172788,-0.0105184,-0.0183095,0.052715,0.0190065,-0.0290621,0.00336037,1.07795,-0.0952037,-0.0153095],[-0.030336,0.00642802,0.534566,0.0790505,-0.00960929,-0.0118508,0.001152,0.0051247,-0.00848026,0.0304368,0.000895632,0.00276601,0.00228356,0.000272571,0.00751461,0.00694493,-0.000566089,-0.00730678,0.00263542,-0.199134,-0.00642062,0.00488977],[-0.0227698,-0.0152539,-0.0679233,0.435401,-0.0717138,-0.170903,0.00267523,0.0241738,0.0132334,-0.0297413,-0.00285239,-0.0033288,-0.000567556,-0.0121021,0.0156451,-0.0199369,-0.0142639,0.0545062,-0.00372883,0.113886,-0.0886576,0.00760177],[-0.0666311,-0.0687635,-0.27347,0.119383,0.924292,-0.0680924,-0.0771635,0.022422,0.00538093,-0.0708191,-0.00885759,-0.00648392,-0.011795,-0.00912983,-0.0172366,-0.00905435,0.00278827,-0.161429,0.0040972,0.725651,0.113523,-0.0151166],[-0.0171657,-0.00573335,-0.279837,-0.0846706,-0.0884981,0.633875,-0.0451397,-0.00933742,-0.0153875,0.00158706,0.00386362,0.00153201,0.00344488,0.001698,-0.0147927,-0.0126927,-0.0286298,0.0319876,-0.00435313,-0.426186,0.00248111,-0.00931934],[-0.0667188,-0.13363,0.443385,-0.0623161,-0.340444,-0.250102,0.591269,0.0928451,-0.0855506,-0.0162445,0.0159083,0.0104373,0.024265,0.00364786,-0.0601303,-0.124468,-0.102476,0.0643523,-0.0140652,-1.67031,0.0441793,0.0324961],[-0.366153,-0.127653,-1.08475,0.404203,-0.163914,-0.472665,-0.166588,0.844789,-0.2119,0.240484,0.0139797,0.136699,0.0343433,0.107897,-0.211668,0.0913175,0.0397035,0.684886,0.0236086,1.48138,0.199809,0.0398005],[0.0893104,0.0236167,0.299759,-0.13661,-0.0428814,0.139889,-0.111344,0.0516313,1.02874,-0.128813,-0.0226523,0.00679971,-0.026707,0.00526858,-0.0603065,-0.0804474,0.194223,0.223083,0.00545028,3.20157,0.326778,0.00609839],[0.0189141,-0.0988151,-0.370895,0.44654,0.231529,0.168581,0.0582592,0.0383002,-0.0379902,0.934268,-2.97427e-05,-0.0140473,-0.0135467,-0.0277308,0.0272375,0.00344973,0.156927,-0.328823,-0.0291451,-0.468633,0.0324246,0.000500605],[-0.0560176,0.0426773,-5.54402,1.16694,2.51717,-2.36737,0.960989,-0.464681,0.0935213,-2.36988,0.88534,0.119462,-0.0575678,-0.0597768,0.529229,-0.106194,0.245015,0.250439,0.00131934,52.6209,-1.22879,0.430829],[-0.0462392,0.0673919,-3.42287,-0.0860553,0.237426,-2.33917,-0.190977,0.361186,-0.0829475,1.18606,-0.0945531,0.89426,-0.0285424,0.00824965,0.12618,0.0575407,0.81199,0.979443,-0.113836,-30.0644,-2.4996,-0.0032352],[-0.327057,-0.0116479,4.61421,0.615778,-1.63634,1.81008,-2.3422,0.207496,1.09519,1.24078,0.474042,-0.029958,1.27423,0.100632,-0.691255,-0.495488,-0.744174,-0.123461,0.164053,-44.695,-0.305492,0.296658],[0.19933,-0.0354671,0.603532,1.72154,-0.449969,-0.55517,0.453546,-0.426376,0.539936,-1.3987,0.249961,0.113274,0.237814,1.08761,0.287393,0.0791442,-0.782399,0.143457,0.260671,30.534,2.38832,0.0167254],[0.170971,0.33752,-0.914413,0.342673,0.0281539,0.319986,0.0269699,-0.144003,0.232305,-0.115279,-0.00678976,0.0364564,0.0220638,0.076828,0.950493,-0.00607992,-0.00720997,-0.135453,0.0463737,6.50542,-0.415185,0.0531043],[-0.0245299,0.0560258,1.15966,0.219392,0.0856654,-0.0597442,-0.1284,-0.0543242,0.0563748,0.0936047,0.0153737,0.0602587,0.015928,0.0252469,0.0189988,0.917802,0.303972,0.321925,-0.0160828,1.92544,-0.25442,0.0518864],[-0.0874356,-0.180987,1.22743,-0.449752,-0.0101613,-0.087198,-0.145611,-0.0200054,-0.150052,0.113739,-0.00620555,0.0090019,0.00641796,0.00508889,-0.118652,0.0557034,0.556254,-0.350293,0.023096,2.28808,0.353387,-0.0113464],[-0.143812,-0.160778,-0.0670802,0.544564,-0.341429,-0.385448,-0.142087,0.0371732,0.157238,0.00556182,0.0116823,0.0215004,0.00818904,0.0314851,-0.0807586,0.00985266,-0.0122786,0.893172,-0.000367751,-0.481697,0.250611,0.006327],[-2.3536,-1.91394,-9.77849,-2.0352,-0.387444,-2.96201,0.694591,0.436522,-0.0954006,1.31768,-0.0783591,0.185443,-0.0328617,-0.135335,-0.416293,0.421987,-1.29297,-2.42863,0.642594,-14.9646,1.36505,0.00536745],[0.00732046,0.0102928,-0.0391583,0.0183649,0.0175446,0.0301343,-0.00711569,-0.00280017,0.00317791,-0.00637967,-0.00110135,-0.00146944,-0.0006062,-5.48222e-05,0.00585798,-0.00587415,0.000858891,-0.0172741,0.000277596,-0.445803,-0.00950638,-0.00251575],[0.0123935,0.165817,0.425418,-0.327071,0.0271547,0.0438918,-0.0206775,0.0242701,0.0262534,-0.0274066,-0.000237839,0.0369117,0.0058938,0.00981343,0.0713712,0.0102697,-0.0507793,0.0456019,0.0144334,3.94891,0.880747,0.00107327],[0.467523,0.468774,3.89453,-0.101248,-0.413194,-0.301371,0.705356,0.0363639,-0.735246,0.865505,-0.00546943,0.0184542,0.0458795,-0.00675724,0.272931,0.278297,0.354885,-0.165648,-0.0312748,3.30116,1.14682,0.618982],[0.126822,0.0765296,-0.327107,0.456945,-0.328576,-0.0842445,-0.0637605,0.00733527,0.0328834,0.0708095,8.08327e-05,-0.0370518,0.0116159,-0.0195657,-0.0755943,-0.0115621,-0.0259784,0.0799502,-0.00334089,-1.29738,0.153988,0.0154253],[-0.0342333,0.174873,-0.162486,-0.253136,-0.053657,0.14463,0.0305859,-0.025421,-0.155435,-0.0398054,-0.000453631,0.0174774,0.00502209,0.0274284,0.00683868,0.0254288,0.0178631,-0.00138415,0.00716756,-0.186307,0.0197846,0.00729662],[0.0176338,-0.0212718,0.134557,-0.0516805,0.0111699,-0.0185113,-0.0115114,-0.00342727,-0.00220403,-0.0263416,9.48608e-05,-0.00137791,-0.00122263,0.00113841,-0.00850567,-0.0100015,0.00571306,0.00804033,0.000267429,-0.0848716,0.00928096,-0.00320398],[0.00799164,0.00972663,-0.381994,0.254646,0.0561599,0.0138624,-0.0349682,-0.0194884,0.0170694,0.0165224,-0.000180606,0.00514205,-0.00160923,0.011189,-0.012089,-0.0015007,-0.0133895,-0.00582575,0.00416447,-0.794268,0.00492233,-0.0148344],[0.0411966,0.0342503,0.099348,-0.232494,0.0063765,0.0671413,0.0974192,-0.0103203,0.0446402,0.102115,0.00582967,0.0163802,0.00758362,0.0222049,-0.00476834,0.0662348,-0.0157173,0.0989141,0.00312556,0.508712,-0.0398544,0.0247651],[0.010919,0.0130737,0.36541,0.0314147,0.0925867,0.16223,0.0506965,0.013683,-0.0164179,-0.00287484,0.000262193,-0.00106292,0.000392117,0.000711112,0.0120181,0.0247126,-0.0130298,0.0281807,0.00442498,0.322356,-0.0130009,0.00441193],[-0.0162312,0.0910729,-0.538091,-0.172307,0.238702,0.251724,0.34639,-0.0475496,0.0616243,-0.0170681,-0.00147003,0.0250159,-0.00490097,0.0195222,0.0339897,0.118383,0.0589284,-0.0751159,0.0121734,2.46091,0.0269589,-0.0198542],[0.0509539,-0.209803,-0.0687372,-0.250233,0.198133,0.376645,-0.0196218,0.0420955,0.191287,-0.124758,-0.0132051,-0.132336,-0.023395,-0.120163,0.0483253,-0.157798,0.00927023,-0.0489025,-0.0151617,-1.03102,-0.059074,0.0026504],[-0.121173,0.0471929,-0.371057,0.0453075,0.083726,-0.0552885,0.121799,0.0152623,-0.151929,0.226246,0.00615994,-0.0178145,0.00804766,-0.0204034,0.00959458,0.039328,-0.0810049,-0.12349,-0.012589,-2.81368,-0.195776,-0.0216042],[-0.0641442,0.00554405,-0.276475,-0.448277,-0.209153,-0.328827,0.0481172,-0.00369675,0.0263518,-0.300994,0.0103669,0.00730941,0.0139595,0.0233367,-0.0343748,0.0218625,-0.0227322,0.0899376,0.010935,1.13607,-0.112055,0.0170309],[-0.233473,-0.279041,-2.56016,0.928786,-0.0456054,-0.4123,0.976354,0.0102861,-0.370803,0.416967,-0.19683,0.0691528,-0.0994202,0.0384267,0.219804,0.431622,0.507342,-0.0896255,-0.00509887,-2.30591,0.336535,-0.17657],[0.838653,0.327311,5.35206,-0.306111,0.940443,3.26554,-0.0432761,-0.267301,0.48672,-0.687232,0.107994,-0.109311,0.0588693,-0.0450941,-0.0996863,0.0512778,0.28497,0.383349,-0.0178809,6.34092,0.0780161,0.0464421],[0.084713,-0.115464,-0.229002,0.0183037,-0.681472,0.326442,0.276268,0.0191063,-0.251393,1.06339,-0.140339,-0.114941,-0.170253,-0.0800502,-0.0837722,-0.0466935,-0.160093,0.468057,-0.0868108,-15.7582,0.616032,-0.263099],[-0.0819257,-0.510204,-1.62076,-1.50142,0.362253,0.950054,-0.158556,0.202046,-0.0487093,0.244437,0.00181333,-0.0619507,0.0321131,-0.181521,-0.237821,-0.135064,0.394284,-0.793431,-0.0389902,9.43344,-1.32351,0.187749],[-0.196747,-0.0431536,1.55332,0.0492644,-0.238603,-0.813553,-0.0408902,0.161923,0.148813,-0.0065545,0.0114881,-0.0122943,-0.00596449,-0.0459199,0.00527958,-0.0119697,0.0360176,0.133582,-0.0145699,-6.79836,0.243147,-0.0481737],[0.148011,0.19288,-1.694,-0.272423,-0.0289947,0.19121,0.162241,0.0453632,-0.214932,-0.0210741,-0.0072688,0.00803697,0.00255459,0.00902756,-0.00729916,0.111302,-0.185275,-0.23656,0.00892473,-0.782024,0.159436,-0.0406005],[-0.0905121,0.116222,-1.15241,0.385959,0.0773908,0.043518,0.171123,0.0185031,0.298056,-0.0980059,0.00504966,0.0276177,-0.00630188,-0.00180806,0.0460129,0.026812,-0.00371973,-0.0534941,-0.0202756,0.0843004,-0.148399,0.0438953],[0.183184,0.182297,0.0486165,-0.248831,0.209617,0.205895,0.18154,-0.0529473,-0.112962,-0.112182,-0.00969175,-0.0190443,-0.0128534,-0.0155858,0.0775946,0.0262117,0.031723,-0.135524,-0.00917035,-0.193478,-0.219899,-0.0105092],[-0.140975,-0.059932,3.67734,1.87091,-0.590097,-2.81689,0.605747,-0.0356079,-0.0565332,0.252614,-0.130544,-0.136017,-0.166645,-0.230911,0.355318,0.00609319,-0.208061,1.46033,0.254359,23.4993,-0.0558362,-0.0391297],[0.00838417,0.00827811,0.00918048,0.0225734,0.00764624,0.029076,-0.00326453,-0.00219257,-0.0020623,-0.00701632,0.000336339,-0.00171531,9.89244e-05,-0.000841152,0.00311958,-0.00244948,-0.000193448,-0.0137087,0.00123296,-0.166555,-0.0153486,0.00128993],[0.0302604,-0.0644284,0.416286,0.369549,0.152261,0.143668,0.0752567,-0.0455129,-0.0446074,0.116056,-0.0034039,-0.0306694,-0.00712273,-0.0144439,-0.036479,0.0335452,0.0206788,0.127141,-0.0100549,-3.54616,0.0150273,0.0040044],[-0.0703968,0.537287,-3.59749,-2.14624,-0.768645,0.429543,-0.241263,0.17648,0.632196,-0.508102,0.0135463,0.0737684,0.0347958,0.11845,0.0193724,0.234295,-0.178124,-0.670553,0.0756363,2.08675,-1.28471,0.0675128],[0.0965543,-0.0350085,0.11298,0.0565364,0.200079,0.31088,-0.0899212,-0.00431224,0.017962,0.00251105,0.003437,0.00837345,0.00594479,0.00843412,0.0164416,-0.0168303,0.0216215,-0.00719178,0.00296881,-0.172876,0.118052,0.00537545],[-0.0351223,-0.0203964,0.184117,0.0471064,-0.0231108,0.0481023,-0.144038,0.00987308,0.0455342,0.0521522,0.0016261,-0.0316081,-0.0032948,-0.0167944,0.011527,-0.0780121,-0.0371277,0.0298475,-0.0104989,-0.89375,0.0756459,0.0080378],[0.0132033,0.0156045,0.317162,-0.0303658,0.000956397,0.0337495,0.0115141,-0.00205276,0.0102358,-0.00453529,-0.000885904,-0.000874916,-0.000966399,-0.00088532,0.00164966,0.00364418,-0.00610751,-0.0011006,-0.00273338,0.284796,-0.00312402,-0.00173747],[0.0151385,0.00564161,0.450661,0.307332,0.0158817,0.158596,0.0325042,-0.00466671,-0.0302672,0.0129698,0.00301529,-0.00175197,0.00216132,0.00104288,-0.00335765,0.0216417,0.0272253,-0.0485053,-0.00040584,0.683072,0.0839246,0.00717783],[0.0251606,0.0345466,0.171758,0.114138,0.0673633,-0.000625224,-0.0203879,-0.0120915,-0.0502198,-0.0308321,0.0030001,-0.0100453,0.00429324,-0.0132994,0.0216421,-0.0569276,0.0142973,0.061304,-0.00726703,-1.23557,-0.0742071,-0.00960939],[0.00628188,-0.00676736,-0.0886964,0.0542175,-0.00429351,0.201769,-0.00483429,-0.00441859,0.0312518,0.00140246,-0.00409019,-0.00031048,-0.00374824,-0.00231157,0.00287491,-0.011442,0.0424477,-0.0610572,-3.25528e-05,0.110446,0.00967348,0.00495568],[0.0819967,0.0423054,0.0942675,0.234207,0.0975389,-0.00679162,0.0599018,-0.0444154,0.0252057,0.0339783,-0.0144697,-0.0354697,-0.0192584,-0.0232536,0.0252232,0.00532647,0.0462901,0.0125785,0.00177265,-0.824803,-0.0704512,-0.0128359],[0.232438,0.146422,0.613347,0.24831,0.0461584,0.0669413,-0.117509,0.0232423,0.0390205,-0.060201,-0.00200057,-0.0248414,-0.0158205,-0.00712383,0.136152,-0.111954,0.0217834,-0.441687,-0.0107531,-1.18676,-0.0940836,-0.00527599],[0.0322053,-0.0701508,0.0743195,0.0915177,-0.0401914,-0.0800185,-0.0103504,-0.066955,0.121793,-0.0955099,0.0164433,0.0106253,0.0186393,0.0145918,0.0501956,0.0417664,-0.110081,-0.0984122,0.00692453,-0.393404,-0.130242,0.0153973],[0.0296256,0.0267667,0.13548,-0.180211,0.000717388,0.00503553,0.0161121,0.0363773,0.0494749,-0.0147647,-0.00298657,0.000957637,-0.00435562,-0.00709121,0.0100201,-0.00372811,-0.0522716,0.0975297,-0.000152776,0.384415,-0.00816411,-0.00335644],[0.202008,0.271713,0.625504,-0.834078,-0.180541,-0.147809,-0.240569,-0.0220263,0.211774,-0.11173,-0.0667841,0.0449816,-0.034677,0.0711697,0.0635599,-0.033387,0.643201,0.0163678,-0.0668747,2.62994,0.2667,-0.078893],[-0.552613,-0.344979,-2.00634,-0.0761134,-0.548003,-1.42822,-0.0677317,0.0810269,-0.434217,-0.525716,-0.0270715,0.0166484,-0.0235095,-0.0122421,-0.158047,-0.0894989,-0.557009,-0.086157,0.0165739,7.21703,1.01082,-0.0449341],[0.366796,-0.134849,3.46976,-0.19049,0.0117234,1.72122,-0.319871,-0.0553963,-0.600281,0.105637,-0.0536971,-0.105277,-0.0996516,-0.0673264,-0.133909,-0.132983,-0.143196,0.103119,-0.0586464,-5.87004,0.957828,-0.144591],[-0.276881,0.0453719,-0.096467,0.0610791,0.160504,-0.596682,-0.0857045,0.0391194,-0.47524,0.357073,-0.0780327,0.0226548,-0.0706739,0.091384,0.116723,-0.147369,-0.220806,-0.947667,-0.0356379,-17.8227,-0.560521,-0.0183028],[0.0253868,-0.293458,-0.639217,-0.391248,0.208826,0.490673,0.0138079,-0.0177621,-0.380388,0.123053,-0.00474832,-0.0241903,-0.0160243,-0.0310733,0.0435605,0.0183614,-0.0260694,0.000773669,-0.0318885,0.299562,0.170312,-0.00483218],[-0.123151,-0.248036,0.538589,0.0535448,-0.059029,-0.13184,-0.0351041,0.00922911,0.158864,-0.0707453,-0.00808068,-0.0683089,-0.018275,-0.0343239,-0.0126023,-0.0290628,-0.11473,-0.0839377,0.00700996,-1.17665,0.0943311,-0.0114091],[0.228622,0.102698,0.616442,0.0166338,0.0690847,0.201309,-0.0521762,-0.0125851,-0.136744,0.0194161,0.00583507,-0.0384505,0.00348395,-0.00683345,0.0464305,-0.0707003,-0.287221,0.212045,-0.0100791,-2.84956,-0.186189,-0.043248],[-0.0185818,-0.0202162,0.114035,-0.213987,0.163154,0.36652,0.0112032,0.0141328,-0.0576261,0.056106,-0.00292322,-0.00365598,0.00185787,-0.00762845,0.00326173,0.00740624,-0.00145832,-0.145562,0.00193938,-0.200285,0.0866764,0.00500227],[1.27137,0.880012,0.67088,-0.0772287,1.23389,3.5005,-1.0801,-3.25212e-05,0.121721,-0.607804,0.00235942,-0.00067398,-0.0220342,0.221415,0.190637,-0.611153,-0.354276,0.48637,0.0468578,-4.49219,-0.679255,0.0429293],[0.00699154,0.0119487,0.012449,-0.004301,0.00484211,-0.0077091,-0.0120845,0.000291566,-0.00415958,0.00999696,0.000143672,0.000144477,-3.59984e-05,5.1193e-05,0.00152603,-0.00348988,0.0075623,0.00020577,-0.00166673,-0.123874,-0.0063134,0.000310852],[0.00954585,0.0191013,-0.460891,-0.0420825,-0.116907,-0.00603741,0.018091,0.0104859,-0.0136009,0.0272451,-0.000197676,0.0125187,-0.000851068,0.0168884,0.0110028,0.00500272,0.0258556,-0.0749664,-0.000733484,-0.871136,0.00455289,-0.0020653],[-0.0466786,0.0951199,1.49192,1.11924,0.311637,-0.455734,-0.0037936,0.032672,0.0829686,0.02265,-0.0321578,-0.0221402,-0.0535804,-0.0499907,-0.162932,-0.100316,0.0419803,-0.0578637,-0.0136985,-1.9864,0.126541,-0.0177063]],"sigmahat":[[0.449615,0.345352,0.632044,0.0392362,0.280124,0.630579,0.0151312,-0.0525539,-0.024612,-0.0247048,0.00564785,-0.0113221,-0.00361312,0.00354628,0.0842271,0.00560435,0.0289414,-0.0434366,-0.00717229,-0.629793,-0.212988,-0.0235274],[0.345352,0.64179,0.443442,0.0312958,0.214887,0.423032,0.0828088,-0.0261076,-0.0650407,0.150223,0.0064418,0.00807663,0.00421081,0.01524,0.121253,0.032307,0.047549,-0.0626678,0.00051236,-1.6147,-0.469756,-0.0133752],[0.632044,0.443442,25.1998,1.14706,0.435702,2.11518,-0.463013,-0.166759,-0.110696,0.220207,0.0152102,-0.175073,-0.0360544,-0.0696836,-0.0526715,-0.083848,0.160109,-0.0426497,-0.0601487,-4.54402,0.466153,-0.0849658],[0.0392362,0.0312958,1.14706,2.92423,-0.0831876,-0.544113,-0.118027,-0.0629057,-0.273902,0.157786,-0.00490383,-0.0386108,-0.0150155,-0.0255243,0.0103126,-0.0892771,-0.000127579,0.100359,0.0108789,-5.1536,0.353246,0.0126944],[0.280124,0.214887,0.435702,-0.0831876,1.0844,1.19586,0.172359,-0.0935041,-0.108187,0.00523597,-0.000351643,-0.000675272,-0.0185357,0.00235303,0.162508,0.0416733,0.0590097,-0.215238,-0.00649129,0.156598,-0.186102,-0.00514508],[0.630579,0.423032,2.11518,-0.544113,1.19586,4.76757,0.0411802,-0.172323,-0.39326,0.251147,0.0338544,-0.0640542,-0.00672312,-0.0334455,0.142997,0.0813575,0.0642282,-0.137607,-0.00236321,-4.19064,0.104285,-0.00909735],[0.0151312,0.0828088,-0.463013,-0.118027,0.172359,0.0411802,0.601827,-0.0475542,-0.0117344,0.0317104,-0.010837,0.030367,-0.00110003,0.0119499,0.0737283,0.260916,0.0439028,-0.0609307,0.0123722,3.5455,-0.192289,-0.00508926],[-0.0525539,-0.0261076,-0.166759,-0.0629057,-0.0935041,-0.172323,-0.0475542,0.068091,0.020596,0.0282552,-0.00264136,-0.00734124,-0.000974347,-0.00927228,-0.0137361,-0.0297446,-0.0111151,0.0405972,-0.00274529,-0.537418,-0.0113706,-0.000691242],[-0.024612,-0.0650407,-0.110696,-0.273902,-0.108187,-0.39326,-0.0117344,0.020596,0.539771,-0.13715,0.000840653,0.0203162,0.0062852,0.0198556,-0.032371,-0.0437137,-0.0152116,0.00923833,-0.000765706,2.19257,-0.0632041,0.00180763],[-0.0247048,0.150223,0.220207,0.157786,0.00523597,0.251147,0.0317104,0.0282552,-0.13715,0.58932,-0.00689119,-0.0102862,-0.00752619,-0.0233304,0.0183497,0.0310402,0.0421575,0.0673403,-0.00333787,-4.5881,-0.100513,-0.00714692],[0.00564785,0.0064418,0.0152102,-0.00490383,-0.000351643,0.0338544,-0.010837,-0.00264136,0.000840653,-0.00689119,0.00635504,0.00035,0.00478241,0.00128196,-0.00246986,-0.000943519,-0.000138168,-0.00255801,0.00133066,-0.0120613,-0.00596749,0.00232094],[-0.0113221,0.00807663,-0.175073,-0.0386108,-0.000675272,-0.0640542,0.030367,-0.00734124,0.0203162,-0.0102862,0.00035,0.0275633,0.00340935,0.0218287,0.00507031,0.0238211,-0.00249155,-0.0369856,0.00447617,0.575674,-0.0014279,0.0019041],[-0.00361312,0.00421081,-0.0360544,-0.0150155,-0.0185357,-0.00672312,-0.00110003,-0.000974347,0.0062852,-0.00752619,0.00478241,0.00340935,0.00759365,0.00310036,-0.00404795,0.00482721,0.00302506,-0.00308522,0.00198307,0.142442,-0.016752,0.00388924],[0.00354628,0.01524,-0.0696836,-0.0255243,0.00235303,-0.0334455,0.0119499,-0.00927228,0.0198556,-0.0233304,0.00128196,0.0218287,0.00310036,0.0259978,0.00581099,0.017891,-0.00152731,-0.0313363,0.00366071,0.0796881,0.0020547,0.000997378],[0.0842271,0.121253,-0.0526715,0.0103126,0.162508,0.142997,0.0737283,-0.0137361,-0.032371,0.0183497,-0.00246986,0.00507031,-0.00404795,0.00581099,0.090703,0.0137459,-0.0127164,-0.080482,0.00299819,-0.457225,-0.15005,-0.00233888],[0.00560435,0.032307,-0.083848,-0.0892771,0.0416733,0.0813575,0.260916,-0.0297446,-0.0437137,0.0310402,-0.000943519,0.0238211,0.00482721,0.017891,0.0137459,0.191434,0.0514601,-0.0132625,0.0062957,1.92575,-0.0316463,0.00226668],[0.0289414,0.047549,0.160109,-0.000127579,0.0590097,0.0642282,0.0439028,-0.0111151,-0.0152116,0.0421575,-0.000138168,-0.00249155,0.00302506,-0.00152731,-0.0127164,0.0514601,0.292941,-0.0134252,-0.00642398,0.806222,-0.0211489,0.00340176],[-0.0434366,-0.0626678,-0.0426497,0.100359,-0.215238,-0.137607,-0.0609307,0.0405972,0.00923833,0.0673403,-0.00255801,-0.0369856,-0.00308522,-0.0313363,-0.080482,-0.0132625,-0.0134252,1.37462,-0.0141824,-1.36721,0.229276,-0.00884785],[-0.00717229,0.00051236,-0.0601487,0.0108789,-0.00649129,-0.00236321,0.0123722,-0.00274529,-0.000765706,-0.00333787,0.00133066,0.00447617,0.00198307,0.00366071,0.00299819,0.0062957,-0.00642398,-0.0141824,0.00654674,0.131862,-0.00742926,0.00208065],[-0.629793,-1.6147,-4.54402,-5.1536,0.156598,-4.19064,3.5455,-0.537418,2.19257,-4.5881,-0.0120613,0.575674,0.142442,0.0796881,-0.457225,1.92575,0.806222,-1.36721,0.131862,193.719,1.38161,0.430103],[-0.212988,-0.469756,0.466153,0.353246,-0.186102,0.104285,-0.192289,-0.0113706,-0.0632041,-0.100513,-0.00596749,-0.0014279,-0.016752,0.0020547,-0.15005,-0.0316463,-0.0211489,0.229276,-0.00742926,1.38161,1.18664,-0.0255915],[-0.0235274,-0.0133752,-0.0849658,0.0126944,-0.00514508,-0.00909735,-0.00508926,-0.000691242,0.00180763,-0.00714692,0.00232094,0.0019041,0.00388924,0.000997378,-0.00233888,0.00226668,0.00340176,-0.00884785,0.00208065,0.430103,-0.0255915,0.0176799]],"n":22,"lags":3}