{"betahat":[[0.454628,0.550512,-1.00849,0.256552,0.0994297,-0.404589,5.69693,-0.00633805,-0.214688,4.70531,1.25808,1.47655,0.0410196],[1.08599,0.0102866,0.957836,-0.12476,0.0398583,0.0697025,1.90543,0.0127165,0.0172322,0.219426,-0.130442,-0.0354014,0.0640152],[-0.0975436,1.12547,0.60839,-0.0272824,-0.0691585,1.0527,0.151848,-0.00710247,0.0370089,-0.620619,0.0207198,-0.0264439,-0.0265467],[0.00272953,0.01466,0.76277,0.0126049,0.00588892,0.0188766,-0.0507695,-0.00156244,0.00121094,-0.0407817,0.00109986,0.00240022,-0.00492824],[0.186584,0.111543,0.108803,0.769073,-0.0269647,-0.329729,2.05567,0.0675296,0.0550617,0.348768,1.07929,-0.341399,-0.00414384],[-0.197789,0.291295,-0.991793,0.015501,0.744419,0.133827,-0.890967,0.0113607,0.00610433,-0.115056,-0.0608514,0.0776307,-0.0110451],[0.0060558,-0.0228805,-0.269047,-0.00248026,0.0037251,0.971264,-0.277959,-0.00464477,-0.00567377,0.00583635,-0.0228004,-0.0261968,-0.0136331],[-0.00496002,-0.0147414,0.325067,-0.00648767,-0.00845045,0.0583527,1.05135,0.000985046,0.00349142,-0.0561411,-0.0161639,-0.00171541,0.00590198],[-0.334457,-0.381733,-3.93999,-0.192184,0.130013,1.2498,-3.5897,1.04926,0.0137731,0.607356,0.90679,-0.733425,0.289893],[-0.31258,0.728914,-7.57905,0.292843,-0.244137,-4.304,-6.93341,-0.0342789,1.01785,-2.37795,-1.3389,-0.36351,-0.0537252],[0.0326046,0.00203376,0.18991,-0.000182396,-0.0251491,-0.0563638,-0.0588361,0.00741769,0.000919277,1.17762,0.0923736,-0.0061246,0.00294238],[0.0883595,0.0552765,0.338674,-0.0234245,0.0772691,-0.229216,0.198415,-0.00376629,-0.0159925,0.105414,0.53189,0.100725,0.00759835],[0.154154,0.16206,0.0228336,-0.00198583,-0.0298976,0.477429,1.76905,0.0397844,0.00981583,0.408751,0.0354047,0.698089,0.0198718],[0.513265,-0.30887,-0.159406,0.0499262,0.246678,0.79362,-0.528885,-0.0560751,-0.0538874,0.574787,-0.327594,0.161407,1.10654],[-0.112637,-0.0566412,-1.33101,0.0655654,0.0124981,-0.0601935,-1.85644,-0.0472722,-0.0129763,-0.672787,-0.0972413,-0.129485,-0.0512719],[0.00790573,-0.0982168,-0.373506,0.0169612,0.0919067,-0.79635,-0.976234,0.0113204,-0.00100565,-0.0280918,-0.157031,-0.0761585,0.017086],[-0.00557963,-0.00419568,0.212818,-0.00641408,-0.00310887,0.0330791,0.0543312,0.0011052,0.00104838,-0.00952729,-0.00629763,0.0163118,0.00181071],[-0.145321,-0.248338,0.815843,0.0572231,-0.336753,0.333062,1.70125,-0.0719276,-0.171566,0.335886,-0.50892,-0.491778,-0.00543731],[0.154682,-0.219171,0.813922,-0.00580988,0.0475092,0.516793,1.05847,0.00195117,-0.00456097,0.367145,0.15147,-0.0138797,-0.00282252],[-0.00126208,0.0201999,0.321889,0.0013821,-0.0232836,0.0851248,0.285397,0.00497712,0.00593357,0.0365343,0.0298534,0.0108913,0.00892392],[0.000200187,0.0149538,-0.233665,0.00893321,0.00990095,-0.0293331,-0.111052,-0.000683292,-0.00104702,-0.00130552,0.00908235,-0.00781551,-0.00577285],[0.285084,0.0993165,1.4134,0.151764,-0.53429,-1.26333,0.637412,-0.0981643,-0.0506405,-1.02621,-0.908677,0.431809,-0.164557],[0.359103,-0.600984,7.60997,-0.261718,-0.0129731,3.6324,5.97579,0.00630465,-0.00309553,1.80357,1.68904,0.176832,0.0726843],[-0.0242085,0.000137013,-0.183699,-0.000526326,0.0142669,0.00115437,-0.0782625,-0.00967577,0.00044005,-0.170719,-0.0952399,-0.00588444,-0.00321719],[-0.0171304,-0.00514302,0.331839,-0.00173081,0.0148446,-0.102795,0.547004,0.0116788,0.0109226,0.20483,0.0834964,0.0840647,0.00385356],[-0.0650369,-0.131162,0.865348,-0.0627108,-0.0582964,0.109864,-0.178662,-0.00655411,0.00278933,-0.118472,0.120347,0.00792657,0.0143219],[-0.251899,0.209753,-1.18346,-0.0151667,0.0585479,-1.19671,-1.79459,-0.0173089,0.0578624,-0.678797,0.245219,-0.472684,-0.0711482],[0.0266299,0.046337,0.373121,0.0591866,-0.0523116,-0.00963825,-0.0490964,0.0345532,-0.00425444,0.45329,0.227688,0.164869,-0.0127397],[0.0890783,-0.0280807,-0.232336,0.00997539,-0.0219557,-0.256732,0.826246,-0.00424224,-0.0360976,0.649695,0.135685,0.103009,0.00950999],[0.00282596,-0.0104618,0.0241387,-0.00619417,-0.00274889,-0.0521216,-0.00387207,0.000454277,-0.00225565,0.0502121,0.00517508,-0.018733,0.00311703],[-0.0234381,0.16576,-0.857295,0.159603,0.237845,0.22974,-3.57396,-0.000136742,0.10756,-0.724927,-0.434498,0.797894,0.00348962],[0.0338497,-0.0478256,0.159077,7.07149e-05,0.0478475,-0.357452,-0.221833,0.00358436,0.00904772,-0.161246,-0.0655306,-0.0467377,0.0116667],[-0.00468196,0.00311852,-0.0562831,0.00120988,0.0191161,-0.0585735,-0.00993935,-0.000325526,-0.000210328,-0.0426872,-0.00707621,0.0148772,0.004695],[0.00413064,0.000340571,-0.0986527,-0.00244391,-0.000459567,-0.0340993,0.0458351,-0.000307776,-0.00231071,0.0552066,0.00594716,0.00853784,-0.000171537],[0.217045,0.314124,2.58205,0.0455414,0.402705,-0.349489,2.84812,0.0268468,0.0108288,0.713937,0.185717,0.306145,-0.0983288],[-0.0316503,-0.101953,-0.317036,-0.0182967,0.235756,0.511702,0.795479,0.0130014,-0.0450643,0.540471,-0.346044,0.112678,-0.0208164],[-0.00861775,-0.00233825,-0.0045385,0.000611435,0.0118372,0.053542,0.137154,0.00223203,-0.00129026,-0.00775802,0.00231821,0.0127465,0.00029434],[-0.0132219,0.00397243,-0.161189,0.0137481,-0.0387756,0.178919,-0.356365,-1.46955e-05,0.0164322,-0.316086,0.133995,-0.0737227,0.00318796],[-0.0327532,0.0233077,-0.690238,0.020964,0.0579582,-0.387619,-0.618848,0.007874,0.0198281,-0.327257,-0.103413,0.0994634,0.00830701],[-0.260068,0.114528,1.69156,-0.00240547,-0.0417391,0.260199,1.63271,0.0412297,-0.00658594,-0.079653,-0.0620002,0.217442,-0.103315]],"sigmahat":[[0.86992,0.0591536,2.36683,-0.00689347,0.142671,-0.389917,3.87447,0.00484043,-0.1061,2.73925,0.924978,0.318207,0.0942945],[0.0591536,0.706035,-1.86931,0.11096,0.235806,-1.64971,-0.464534,0.0032338,0.0217079,-0.15653,-0.0487359,0.337008,-0.0173456],[2.36683,-1.86931,69.598,-1.15479,0.203325,18.0309,58.3878,0.760595,-0.254102,18.8243,3.99878,3.90814,0.58553],[-0.00689347,0.11096,-1.15479,0.137187,-0.0200534,-0.236783,-0.911097,-0.00343643,0.0152102,-0.444518,-0.157438,0.0799315,-0.0245402],[0.142671,0.235806,0.203325,-0.0200534,3.89457,-5.96492,-1.99284,-0.0286919,0.029295,-1.09642,-0.506565,0.451314,0.0874651],[-0.389917,-1.64971,18.0309,-0.236783,-5.96492,31.2152,26.3143,0.329172,0.0427088,5.11095,2.65384,0.639173,-0.224634],[3.87447,-0.464534,58.3878,-0.911097,-1.99284,26.3143,130.23,1.2787,-0.550994,34.574,8.09475,9.20383,0.631785],[0.00484043,0.0032338,0.760595,-0.00343643,-0.0286919,0.329172,1.2787,0.0725252,0.0392942,0.373315,0.0544618,0.117357,0.0227102],[-0.1061,0.0217079,-0.254102,0.0152102,0.029295,0.0427088,-0.550994,0.0392942,0.0835694,-0.692104,-0.12928,0.0227246,0.00654306],[2.73925,-0.15653,18.8243,-0.444518,-1.09642,5.11095,34.574,0.373315,-0.692104,23.6097,4.52548,2.24408,0.339765],[0.924978,-0.0487359,3.99878,-0.157438,-0.506565,2.65384,8.09475,0.0544618,-0.12928,4.52548,4.34813,0.0627074,0.0942242],[0.318207,0.337008,3.90814,0.0799315,0.451314,0.639173,9.20383,0.117357,0.0227246,2.24408,0.0627074,2.50872,0.023123],[0.0942945,-0.0173456,0.58553,-0.0245402,0.0874651,-0.224634,0.631785,0.0227102,0.00654306,0.339765,0.0942242,0.023123,0.0777283]],"n":13,"lags":3}