{"betahat":[[0.165627,0.557767,-1.44851,0.133569,0.206572,-1.82109,3.7216,-0.0512325,-0.22555,3.87003,1.12311,1.32846,0.00269291],[1.10517,0.0255687,0.988088,-0.124788,0.0542327,0.026346,1.87389,0.0129602,0.0153389,0.239764,-0.114593,-0.0466261,0.0644192],[-0.100063,1.12762,0.677115,-0.0270867,-0.0895455,1.09327,0.117617,-0.0054695,0.0386129,-0.641507,0.0109047,-0.023276,-0.0247819],[0.00305041,0.0164456,0.763999,0.0126721,0.00865361,0.0194467,-0.039567,-0.00181266,0.00113424,-0.0436155,0.00115663,0.00504846,-0.00485783],[0.210951,0.120561,0.0323204,0.776177,0.0348464,-0.418297,2.05934,0.0694198,0.0559389,0.346801,1.08127,-0.278774,0.0069002],[-0.196511,0.291672,-1.01409,0.0153705,0.756394,0.116306,-0.941881,0.0112909,0.00584812,-0.103817,-0.0591201,0.0763144,-0.0118858],[0.00509992,-0.0231447,-0.266067,-0.00299156,0.00251144,0.973029,-0.291437,-0.00434087,-0.00573776,0.0158866,-0.0243228,-0.0257373,-0.0140601],[-0.0043974,-0.0159598,0.339328,-0.00693529,-0.0099082,0.0648285,1.06932,0.00103776,0.00355895,-0.0545938,-0.014976,-0.0022549,0.00580416],[-0.369503,-0.359747,-4.34322,-0.18286,0.168104,0.945491,-4.01236,1.06616,0.0192568,0.586437,0.934948,-0.706885,0.290014],[-0.301883,0.729708,-7.4207,0.291984,-0.274483,-3.92582,-6.59358,-0.033037,1.02471,-2.33823,-1.30714,-0.39348,-0.0690381],[0.0314197,0.000657817,0.186429,-0.000341315,-0.0277834,-0.0508987,-0.0626289,0.0074805,0.0016453,1.1695,0.0901898,-0.00768266,0.00316152],[0.0823927,0.0544372,0.265272,-0.0203276,0.0661665,-0.21346,0.16122,-0.00355836,-0.0168956,0.105247,0.551781,0.0971476,0.00516076],[0.140859,0.159751,-0.0522052,-0.00232927,-0.0439659,0.482129,1.64484,0.037165,0.00958647,0.377038,0.00163789,0.688741,0.0183045],[0.539636,-0.314565,-0.0617159,0.0487841,0.24639,0.706457,-0.606863,-0.0564446,-0.0536502,0.638521,-0.363003,0.209505,1.10486],[-0.130591,-0.0756324,-1.35365,0.0644835,0.0106885,-0.0407133,-1.86943,-0.0493144,-0.0109012,-0.711065,-0.111965,-0.107093,-0.0521206],[0.00196355,-0.0969252,-0.434194,0.0149583,0.112733,-0.821836,-0.971023,0.0107521,-0.000779208,-0.0379837,-0.14389,-0.079904,0.0165379],[-0.00683491,-0.00549837,0.211472,-0.00628925,-0.00542987,0.0374298,0.0466458,0.00130658,0.00132037,-0.0100531,-0.00773539,0.0145412,0.00165547],[-0.170303,-0.27445,0.96549,0.0447281,-0.362805,0.40738,1.78091,-0.0743188,-0.17739,0.39139,-0.535013,-0.521884,-0.0128805],[0.158413,-0.215857,0.83706,-0.00473145,0.0454685,0.528527,1.12351,0.00172966,-0.00519553,0.364083,0.15068,-0.00547718,-0.00233071],[-0.00115878,0.0199621,0.33,0.0014094,-0.026207,0.0894966,0.301119,0.00471117,0.00607463,0.0288833,0.0317034,0.0115772,0.00925133],[-0.000369264,0.0157313,-0.243719,0.00943084,0.0109085,-0.0362806,-0.12363,-0.000573274,-0.00114236,-0.00310886,0.00788909,-0.00859834,-0.00570476],[0.308095,0.110636,1.72453,0.143555,-0.51074,-1.08293,0.706644,-0.113671,-0.0542251,-1.16713,-0.94293,0.342903,-0.172865],[0.345558,-0.614796,7.49207,-0.269029,-0.0248351,3.31764,5.81772,0.000433172,-0.00789249,1.8086,1.72625,0.194879,0.0921706],[-0.0224756,0.000422,-0.171887,-0.00040476,0.0171546,0.00472567,-0.0588003,-0.00981684,-0.000217167,-0.164422,-0.0925581,-0.00540762,-0.00392908],[-0.0164853,-0.00640166,0.335991,-0.00234177,0.0114763,-0.10283,0.600792,0.0133111,0.0110468,0.232381,0.0956039,0.0863924,0.00586765],[-0.0529574,-0.131771,0.885872,-0.0639261,-0.0316692,0.046635,-0.0909843,-0.00578311,0.00246115,-0.0785411,0.137716,0.0296409,0.0179662],[-0.279142,0.197552,-1.38781,-0.0196587,0.0306817,-1.12594,-1.7686,-0.0124119,0.0613731,-0.717189,0.294512,-0.519375,-0.0638742],[0.0254124,0.0500592,0.365511,0.0603017,-0.0649078,0.0143226,-0.00448106,0.0363569,-0.00443383,0.471302,0.226542,0.153718,-0.0122955],[0.0976353,-0.0314024,-0.2409,0.0119075,-0.0225469,-0.271012,0.854463,-0.00528088,-0.0378781,0.680241,0.13245,0.103398,0.00827449],[0.00376996,-0.0109409,0.0243289,-0.00638354,-0.00321123,-0.056965,-0.00724969,0.000506725,-0.00245052,0.0536311,0.00655011,-0.0195984,0.00320235],[-0.0159107,0.182316,-0.946821,0.169108,0.232999,0.171096,-3.69274,0.000357095,0.111554,-0.750793,-0.43937,0.771071,0.00371195],[0.0330371,-0.0541351,0.163656,-3.5415e-05,0.0578259,-0.382638,-0.218351,0.00122038,0.00858859,-0.185059,-0.0780531,-0.0496464,0.0117899],[-0.00376574,0.00352399,-0.0672097,0.00167479,0.0235318,-0.0645327,-0.0122404,-0.00037546,-0.00031322,-0.0451224,-0.00737393,0.0137235,0.00480862],[0.00441089,0.000641148,-0.10136,-0.00246672,-0.000261204,-0.0323472,0.0449838,-0.000499191,-0.00234412,0.0560394,0.00626777,0.0100929,-0.000129876],[0.197055,0.27698,2.68698,0.0452054,0.321093,-0.146094,3.1414,0.0273443,0.0113953,0.778041,0.125437,0.346221,-0.100937],[-0.0192034,-0.0886398,-0.240164,-0.0138713,0.270891,0.516947,0.698714,0.0217611,-0.0411836,0.54123,-0.382043,0.137286,-0.0249503],[-0.00909214,-0.00123748,-0.0126336,0.000695363,0.0112903,0.0454005,0.122289,0.00234294,-0.00136,-0.00516078,0.00202015,0.0136532,0.000777543],[-0.0102285,0.00490709,-0.183962,0.0128564,-0.0439853,0.18359,-0.382325,-0.00118847,0.0159924,-0.315765,0.144638,-0.0773628,0.00515305],[-0.0287985,0.0245521,-0.68078,0.0239327,0.067574,-0.372068,-0.608515,0.00883601,0.0196112,-0.33446,-0.107258,0.106287,0.00780243],[-0.25879,0.142261,1.6626,0.00306893,-0.024651,0.199964,1.58448,0.0397378,-0.010549,-0.0681979,-0.0542099,0.226808,-0.0991285]],"sigmahat":[[0.880409,0.0720922,2.32156,-0.00655704,0.153063,-0.432552,3.7673,0.00360885,-0.106821,2.74044,0.916489,0.311019,0.0935165],[0.0720922,0.698872,-1.76334,0.107033,0.22566,-1.62274,-0.443843,0.00551477,0.02143,-0.119123,-0.0444425,0.346111,-0.0155506],[2.32156,-1.76334,68.7828,-1.1256,0.392695,17.7991,58.1161,0.75045,-0.260628,18.5306,3.89224,3.79045,0.605571],[-0.00655704,0.107033,-1.1256,0.138259,-0.0221951,-0.23504,-0.905134,-0.00248975,0.0154365,-0.435155,-0.160335,0.0751569,-0.025296],[0.153063,0.22566,0.392695,-0.0221951,3.9055,-6.05908,-1.94347,-0.0320529,0.0280843,-1.08444,-0.51253,0.423999,0.0842027],[-0.432552,-1.62274,17.7991,-0.23504,-6.05908,31.6109,26.5594,0.361036,0.0564998,5.19423,2.55059,0.677522,-0.195013],[3.7673,-0.443843,58.1161,-0.905134,-1.94347,26.5594,130.661,1.28847,-0.563736,34.6599,7.79627,9.42546,0.674083],[0.00360885,0.00551477,0.75045,-0.00248975,-0.0320529,0.361036,1.28847,0.0722637,0.0392091,0.374889,0.0527289,0.1223,0.0229684],[-0.106821,0.02143,-0.260628,0.0154365,0.0280843,0.0564998,-0.563736,0.0392091,0.0837043,-0.689813,-0.132475,0.0232673,0.00682133],[2.74044,-0.119123,18.5306,-0.435155,-1.08444,5.19423,34.6599,0.374889,-0.689813,23.6298,4.52931,2.30277,0.341789],[0.916489,-0.0444425,3.89224,-0.160335,-0.51253,2.55059,7.79627,0.0527289,-0.132475,4.52931,4.19578,0.0855544,0.0973015],[0.311019,0.346111,3.79045,0.0751569,0.423999,0.677522,9.42546,0.1223,0.0232673,2.30277,0.0855544,2.49269,0.0319656],[0.0935165,-0.0155506,0.605571,-0.025296,0.0842027,-0.195013,0.674083,0.0229684,0.00682133,0.341789,0.0973015,0.0319656,0.0752153]],"n":13,"lags":3}