{"betahat":[[0.908297,0.237186,0.404084,0.517433,-0.193073,1.07971,9.77003,0.0463152,-0.157803,5.20829,2.18299,1.45291,0.103648],[1.06994,0.00625318,0.784294,-0.118044,-0.00341937,0.0948085,1.76803,0.0129638,0.0135376,0.245644,-0.06566,-0.0462135,0.0595719],[-0.0996102,1.10638,0.703513,-0.026612,-0.0305872,0.975894,0.137665,-0.0105672,0.0351294,-0.644738,0.00910887,-0.011618,-0.0238481],[0.00377526,0.015294,0.760167,0.0128684,0.00788451,0.0223462,-0.0377358,-0.00176797,0.000931072,-0.0413684,0.00232639,0.00518783,-0.00464934],[0.216114,0.143316,0.156618,0.769074,-0.0199011,-0.108595,2.24884,0.0718706,0.0625738,0.275292,1.0856,-0.244677,0.00124661],[-0.190821,0.292646,-0.99656,0.0168188,0.71271,0.200558,-0.893168,0.0147704,0.00640261,-0.0799981,-0.0294208,0.0709805,-0.0085588],[0.00581501,-0.022867,-0.255093,-0.00286494,0.00248,0.966446,-0.272821,-0.00493122,-0.00605123,0.0130138,-0.0174175,-0.0238497,-0.0132174],[-0.00463924,-0.0146883,0.316126,-0.00626173,-0.00924839,0.0547086,1.03534,0.00104583,0.00336921,-0.0497467,-0.014668,-0.00301697,0.00573374],[-0.30091,-0.396063,-3.60152,-0.191288,0.205442,1.11744,-3.33188,1.04447,0.0149929,0.700587,0.913657,-0.588781,0.278063],[-0.349704,0.717249,-7.95115,0.284405,-0.257795,-4.24772,-6.8751,-0.0450106,0.989878,-2.27489,-1.24342,-0.455965,-0.0694369],[0.0326067,0.00247559,0.170778,-0.00165393,-0.0281856,-0.0517319,-0.0549906,0.00676147,0.000175087,1.17009,0.095476,-0.0117665,0.00306793],[0.0879068,0.0585831,0.418374,-0.0251974,0.11313,-0.258385,0.231169,-0.00204379,-0.0121298,0.0733896,0.47684,0.110294,0.00760354],[0.144268,0.165708,-0.0278125,-0.00343389,-0.0514443,0.480878,1.72202,0.0389487,0.0100394,0.372164,0.0152479,0.682925,0.016914],[0.49083,-0.312005,0.0414049,0.0545417,0.224815,0.935937,-0.702203,-0.0652871,-0.047521,0.344445,-0.42133,0.129871,1.07895],[-0.105669,-0.0574526,-1.20482,0.0638244,0.0295083,-0.0415792,-1.74949,-0.0449263,-0.0096142,-0.666382,-0.120834,-0.110701,-0.0481745],[0.00394966,-0.0849752,-0.434869,0.0155858,0.063937,-0.749949,-0.957041,0.0114569,-0.00121439,-0.0120865,-0.153096,-0.0846428,0.0151354],[-0.006504,-0.0058464,0.218948,-0.0066682,-0.00606832,0.0374503,0.0468242,0.00123132,0.00106831,-0.00503925,-0.0064015,0.0125798,0.00160255],[-0.179882,-0.276377,0.82629,0.0452584,-0.36497,0.33702,1.47445,-0.0748524,-0.173448,0.289004,-0.525818,-0.546336,-0.0125924],[0.14661,-0.210599,0.69333,-0.00464056,0.021938,0.53116,1.0085,0.00400642,-0.00258833,0.356444,0.145422,-0.00647413,-0.00264047],[-0.000920425,0.0194756,0.30917,0.00212662,-0.0186554,0.0758439,0.270865,0.00476683,0.006043,0.0280874,0.0252023,0.0104078,0.00874196],[-0.00128446,0.0146328,-0.22606,0.00857188,0.0120242,-0.0332262,-0.105063,-0.00059713,-0.000732881,-0.00941075,0.00602743,-0.00679692,-0.00570092],[0.33656,0.114888,0.985529,0.161616,-0.442813,-1.56367,-0.241755,-0.11298,-0.0631019,-1.07155,-0.786075,0.255115,-0.149534],[0.347214,-0.618612,7.83024,-0.259522,-0.0742873,3.61001,6.27628,0.0097406,-0.00533716,1.74832,1.58262,0.219269,0.084264],[-0.0244793,-0.000862601,-0.177077,0.00108834,0.0128519,-0.000405999,-0.0789068,-0.00930602,0.000488067,-0.168381,-0.0939105,-0.00351823,-0.00402496],[-0.0157225,5.12302e-05,0.355985,-0.0044078,0.0300614,-0.115095,0.607914,0.0125628,0.0133372,0.190721,0.0544538,0.0962317,0.0060369],[-0.0493962,-0.124312,0.91326,-0.063783,-0.0567511,0.132577,-0.123666,-0.00327503,0.0055652,-0.127672,0.130818,0.0079225,0.0184798],[-0.270231,0.216575,-1.32539,-0.0224464,0.11563,-1.21074,-1.59657,-0.00905501,0.0586014,-0.614856,0.257745,-0.435056,-0.0685375],[0.0357132,0.0512119,0.420494,0.0542129,-0.0261028,-0.0532002,-0.0185015,0.0319607,-0.00392436,0.420744,0.186513,0.156929,-0.0113982],[0.0946447,-0.0229452,-0.262078,0.0102784,-0.032018,-0.22558,0.823505,-0.00103646,-0.0342371,0.658634,0.142833,0.0968074,0.00876402],[0.00269763,-0.00941234,0.020344,-0.00619995,-0.00183074,-0.0599119,-0.00955781,0.000532819,-0.00199441,0.0463125,0.00403455,-0.0177677,0.00303921],[-0.0265524,0.168589,-0.691098,0.154299,0.195335,0.263613,-3.37344,-0.00225278,0.0996933,-0.621487,-0.349939,0.732867,-0.00542827],[0.0252883,-0.0487567,0.168451,0.00272537,0.0354878,-0.314674,-0.235747,0.00591202,0.0126494,-0.17468,-0.0738373,-0.0492957,0.00901064],[-0.00487921,0.00414025,-0.0615003,0.000999913,0.0157228,-0.0467055,-0.00444988,0.000247573,0.000173545,-0.0416485,-0.00817375,0.0129262,0.00445423],[0.00473688,0.00121047,-0.105604,-0.00228646,-0.00120749,-0.0308152,0.0416253,-0.000478451,-0.00236205,0.0549454,0.00614973,0.00814012,-8.87615e-05],[0.228194,0.290014,2.86088,0.0264675,0.271117,-0.1624,3.45995,0.0348463,0.011445,0.881382,0.194726,0.371428,-0.0778089],[0.00177315,-0.0791246,-0.260339,-0.0102986,0.325504,0.406102,0.644636,0.0172032,-0.0323958,0.481595,-0.376904,0.1276,-0.017334],[-0.00822404,-0.00172937,0.0103034,0.000366181,0.0169439,0.048542,0.135573,0.00245953,-0.0006279,-0.00205262,-0.00189372,0.0167811,0.00101559],[-0.0106331,0.00479545,-0.140416,0.0121404,-0.034395,0.165754,-0.335067,7.38089e-05,0.0164285,-0.312101,0.108675,-0.0666054,0.0055757],[-0.0277729,0.028584,-0.685075,0.0217452,0.0412585,-0.320621,-0.495919,0.0120008,0.0211616,-0.298391,-0.0946777,0.111757,0.00923413],[-0.243596,0.12484,1.82117,-0.00423,0.0276881,0.123354,1.54116,0.0344344,-0.00995579,-0.0868304,-0.0686082,0.191416,-0.100619]],"sigmahat":[[0.860444,0.0525818,2.27386,-0.00618311,0.152326,-0.397895,3.73965,0.0058683,-0.10337,2.72875,0.914781,0.308997,0.0914441],[0.0525818,0.678515,-1.80865,0.106254,0.255137,-1.61511,-0.400391,0.00286943,0.0201003,-0.136979,-0.0633167,0.344688,-0.0178924],[2.27386,-1.80865,68.8479,-1.09223,0.158163,18.1077,57.5037,0.755442,-0.250035,18.5151,4.06622,3.6734,0.623633],[-0.00618311,0.106254,-1.09223,0.135536,-0.0152962,-0.22883,-0.846791,-0.00331622,0.0146822,-0.435537,-0.157924,0.0767207,-0.0247356],[0.152326,0.255137,0.158163,-0.0152962,3.71268,-5.7047,-1.9186,-0.0172673,0.0320907,-0.993736,-0.431608,0.43044,0.0850689],[-0.397895,-1.61511,18.1077,-0.22883,-5.7047,30.6777,26.2329,0.309451,0.037882,5.01921,2.46217,0.71025,-0.187469],[3.73965,-0.400391,57.5037,-0.846791,-1.9186,26.2329,129.2,1.27264,-0.551352,34.8116,7.84154,9.30946,0.667726],[0.0058683,0.00286943,0.755442,-0.00331622,-0.0172673,0.309451,1.27264,0.0707462,0.0376289,0.376437,0.0590429,0.117755,0.0237758],[-0.10337,0.0201003,-0.250035,0.0146822,0.0320907,0.037882,-0.551352,0.0376289,0.0808123,-0.675685,-0.117263,0.018162,0.00698394],[2.72875,-0.136979,18.5151,-0.435537,-0.993736,5.01921,34.8116,0.376437,-0.675685,23.6025,4.41662,2.32598,0.345678],[0.914781,-0.0633167,4.06622,-0.157924,-0.431608,2.46217,7.84154,0.0590429,-0.117263,4.41662,4.02272,0.132447,0.104994],[0.308997,0.344688,3.6734,0.0767207,0.43044,0.71025,9.30946,0.117755,0.018162,2.32598,0.132447,2.44922,0.0281663],[0.0914441,-0.0178924,0.623633,-0.0247356,0.0850689,-0.187469,0.667726,0.0237758,0.00698394,0.345678,0.104994,0.0281663,0.0736708]],"n":13,"lags":3}