{"betahat":[[0.159876,0.592063,-1.21294,0.171226,0.142085,-1.12936,4.30808,-0.0047417,-0.174037,3.84912,0.970937,1.3573,0.0338215],[1.0882,0.0189311,1.01042,-0.12542,0.0503378,0.034781,1.90126,0.0109309,0.0171902,0.190968,-0.149251,-0.0433548,0.0632212],[-0.106803,1.1306,0.66601,-0.0263249,-0.076201,1.08518,0.202274,-0.00451458,0.040106,-0.667847,0.00695904,-0.0178272,-0.0265595],[0.00363779,0.0163575,0.754444,0.0131823,0.00848614,0.019005,-0.0454892,-0.00159306,0.00119273,-0.0428997,-0.000190955,0.00635511,-0.00493782],[0.222855,0.128632,-0.178479,0.779178,-0.00733381,-0.384012,1.8536,0.0693464,0.0541486,0.386295,1.12341,-0.285726,0.00516798],[-0.192665,0.291114,-1.00258,0.0148535,0.762779,0.0998255,-0.938144,0.0116952,0.00555784,-0.0939527,-0.0518639,0.0701319,-0.00972269],[0.00487652,-0.0221514,-0.264547,-0.00323267,0.0044586,0.969687,-0.275074,-0.00428317,-0.00522565,0.00859484,-0.0234187,-0.0258072,-0.0136457],[-0.00441192,-0.0151921,0.339484,-0.00649899,-0.00991957,0.0609439,1.05625,0.00095933,0.00322137,-0.0510301,-0.0136033,-0.00384718,0.00581552],[-0.371528,-0.362459,-3.9235,-0.187796,0.179784,1.12526,-3.48663,1.06282,0.0192585,0.513036,0.901394,-0.662028,0.295966],[-0.297246,0.746318,-7.40892,0.287822,-0.293543,-4.1995,-6.81156,-0.0334033,1.02375,-2.20884,-1.29901,-0.407197,-0.0716],[0.0316965,0.000903777,0.184795,-0.000968839,-0.0299172,-0.0474528,-0.0733087,0.00833724,0.00200857,1.17995,0.0947944,-0.00754088,0.00256555],[0.0868812,0.0492344,0.286026,-0.023251,0.0793825,-0.225991,0.181426,-0.0054551,-0.0189185,0.117219,0.556082,0.0980985,0.00602776],[0.144322,0.156016,-0.0535815,-0.00252351,-0.052222,0.480907,1.70698,0.0384299,0.0100473,0.397925,0.00623799,0.698497,0.0178609],[0.56404,-0.287992,-0.257175,0.0579604,0.240073,0.633396,-0.568005,-0.0650914,-0.0603072,0.593405,-0.377851,0.212206,1.10648],[-0.114916,-0.0640001,-1.38565,0.0655759,0.0123451,-0.0332406,-1.86157,-0.0455887,-0.0113179,-0.641121,-0.0728399,-0.106903,-0.0500947],[0.0138958,-0.0919449,-0.474796,0.018719,0.087337,-0.825306,-1.10271,0.00952771,-0.00206535,-0.0133055,-0.140724,-0.0778164,0.0178093],[-0.00615384,-0.00564517,0.227235,-0.00698494,-0.00463383,0.0375058,0.0562312,0.00118272,0.00102847,-0.00707384,-0.00547377,0.0148239,0.00205573],[-0.18013,-0.281634,1.12897,0.0421988,-0.354697,0.375681,1.97526,-0.0707095,-0.171977,0.310592,-0.535578,-0.508689,-0.00968559],[0.155483,-0.218382,0.805272,-0.00498846,0.0467507,0.511563,1.09238,0.000116937,-0.00542518,0.347227,0.139676,-0.00695434,-0.00308493],[-0.00196005,0.0204667,0.307977,0.00234272,-0.0244497,0.0820018,0.269802,0.00443634,0.0058215,0.023553,0.0259226,0.0102334,0.00874021],[-5.52511e-05,0.0144063,-0.235727,0.00877278,0.0111016,-0.0319862,-0.107718,-0.000444793,-0.000907601,-0.00279417,0.00859761,-0.00728623,-0.00576209],[0.289877,0.0954804,1.31356,0.146901,-0.532136,-1.13478,0.418607,-0.112679,-0.0549921,-1.11751,-0.921094,0.297105,-0.177606],[0.362668,-0.636939,7.90335,-0.272425,-0.0569013,3.81501,6.64618,0.0128999,-0.00849201,1.98933,1.73142,0.252088,0.097344],[-0.023996,-0.000136495,-0.179542,9.30386e-05,0.0148302,0.000863799,-0.0608596,-0.0106645,-0.000429311,-0.177237,-0.0972689,-0.00665709,-0.00337284],[-0.0178009,-0.00460427,0.306826,-0.00108876,0.00227562,-0.084591,0.572166,0.012976,0.0124098,0.22307,0.0913143,0.0831622,0.00473337],[-0.0568991,-0.135979,0.906706,-0.0643945,-0.0399788,0.100005,-0.168566,-0.00628614,0.00270606,-0.111122,0.138179,0.0187751,0.01651],[-0.290179,0.179344,-1.23359,-0.0252848,0.093308,-1.09448,-1.94947,-0.00809839,0.0650368,-0.692408,0.32701,-0.533884,-0.0690243],[0.0267126,0.0450587,0.375208,0.0598418,-0.0626496,-0.00161233,-0.0397469,0.034654,-0.00587357,0.450143,0.22209,0.15026,-0.0131252],[0.0924313,-0.0393346,-0.189175,0.00736351,-0.0104748,-0.259728,0.901612,-0.00503981,-0.0381127,0.68197,0.133244,0.0958747,0.008776],[0.0025042,-0.010709,0.0181287,-0.00619725,-0.00382628,-0.0566206,-0.0109579,0.000406189,-0.00222067,0.0499263,0.00564564,-0.0211858,0.00288074],[-0.0214175,0.182686,-0.92963,0.166563,0.256353,0.140126,-3.68818,-0.00191205,0.107967,-0.696869,-0.4665,0.766236,0.00215835],[0.03545,-0.0504925,0.189243,0.000637239,0.0502018,-0.353837,-0.175036,0.00222575,0.00826986,-0.167907,-0.0663131,-0.0434464,0.0108374],[-0.00271045,0.00208192,-0.0464805,0.000987335,0.0197613,-0.0535902,0.00295488,-0.000163873,-0.00058936,-0.0322537,-0.00244382,0.0152071,0.00490453],[0.00406722,0.00116061,-0.10976,-0.00227039,-0.000388867,-0.0330571,0.0414008,-0.000546623,-0.00224648,0.0520771,0.00409508,0.0103075,-8.54078e-05],[0.22366,0.296454,2.75244,0.0452071,0.339287,-0.229974,2.97442,0.0308839,0.0114867,0.84556,0.16295,0.353488,-0.10058],[-0.0390419,-0.0835527,-0.702879,-0.0065587,0.321033,0.262233,0.0403591,0.00875913,-0.0390164,0.206191,-0.414873,0.0846594,-0.0281562],[-0.00785277,-0.000945933,-0.00344395,0.00080876,0.0159735,0.0456137,0.134672,0.00232076,-0.00150918,-0.00299336,0.00215004,0.014838,0.000804643],[-0.0138557,0.00327685,-0.164023,0.0132538,-0.0413834,0.182196,-0.397599,-0.000472953,0.0159877,-0.331437,0.138984,-0.0827096,0.00445365],[-0.0311293,0.0254407,-0.711477,0.0237051,0.0641652,-0.399744,-0.624961,0.0105564,0.0201413,-0.318769,-0.100176,0.107791,0.00861818],[-0.276043,0.129962,1.68568,0.000234977,-0.086403,0.203944,1.72194,0.0413003,-0.0103941,-0.0568413,-0.0789932,0.225751,-0.0975682]],"sigmahat":[[0.877363,0.0657737,2.30142,-0.00814071,0.158482,-0.402701,3.84214,0.0039175,-0.107369,2.72061,0.922672,0.308805,0.0953216],[0.0657737,0.698281,-1.79632,0.108666,0.229629,-1.61066,-0.394824,0.00287321,0.0210431,-0.134243,-0.0763712,0.341782,-0.0158002],[2.30142,-1.79632,68.954,-1.14313,0.176693,18.3636,58.5114,0.757487,-0.259536,18.6554,4.04384,3.79461,0.618192],[-0.00814071,0.108666,-1.14313,0.137267,-0.0215968,-0.243882,-0.906417,-0.00299435,0.0157465,-0.445958,-0.163376,0.0721274,-0.0262549],[0.158482,0.229629,0.176693,-0.0215968,3.86657,-5.99712,-2.00465,-0.029307,0.0294258,-1.04628,-0.52521,0.422831,0.0826328],[-0.402701,-1.61066,18.3636,-0.243882,-5.99712,31.5877,26.9749,0.354056,0.0491692,5.33766,2.71957,0.74064,-0.181732],[3.84214,-0.394824,58.5114,-0.906417,-2.00465,26.9749,130.876,1.28603,-0.57475,34.9266,7.88805,9.37929,0.710584],[0.0039175,0.00287321,0.757487,-0.00299435,-0.029307,0.354056,1.28603,0.0723363,0.0390786,0.373176,0.0565429,0.119054,0.0235262],[-0.107369,0.0210431,-0.259536,0.0157465,0.0294258,0.0491692,-0.57475,0.0390786,0.0841579,-0.695931,-0.137181,0.0229982,0.00677207],[2.72061,-0.134243,18.6554,-0.445958,-1.04628,5.33766,34.9266,0.373176,-0.695931,23.6196,4.60219,2.31015,0.345582],[0.922672,-0.0763712,4.04384,-0.163376,-0.52521,2.71957,7.88805,0.0565429,-0.137181,4.60219,4.17858,0.100958,0.101902],[0.308805,0.341782,3.79461,0.0721274,0.422831,0.74064,9.37929,0.119054,0.0229982,2.31015,0.100958,2.45575,0.0333915],[0.0953216,-0.0158002,0.618192,-0.0262549,0.0826328,-0.181732,0.710584,0.0235262,0.00677207,0.345582,0.101902,0.0333915,0.0757508]],"n":13,"lags":3}