{"betahat":[[3.32139,2.0441,8.65355,5.15511,5.55283,1.41247,-1.39905,1.68702,-17.4923,-0.94985,-0.432732,3.34198,0.165684,-0.11731,6.80167,3.23696,-0.888245,-0.216448],[0.837942,-0.0819075,-0.29418,0.0865239,0.327501,0.0935058,0.0226174,0.0103384,0.197149,-0.0288993,-0.0649215,-0.0823165,-0.0149279,-0.0224745,0.122548,0.0461109,-0.024101,0.00572244],[-0.0311619,0.833225,0.281336,0.0170384,0.198302,0.193297,0.271967,-0.0331103,0.0874955,-0.0471447,0.00507739,0.27857,-0.00308328,0.00351673,-0.0544753,0.00599381,0.120475,0.0151739],[0.065661,0.0884281,1.00793,-0.0420286,0.0230354,0.0662857,-0.120741,-0.00696824,0.288601,-0.0128482,0.00838674,0.177288,0.00274785,0.00351096,-0.0510044,0.0164273,0.00849475,0.00143127],[-0.0478713,-0.0148542,-0.10136,0.625153,-0.10585,0.0390278,-0.0241422,0.0425905,0.234352,-0.0153873,-0.00587119,-0.167303,0.0142766,0.00367356,0.0459144,0.0441414,0.00526316,0.00572048],[-0.0539239,-0.033441,-0.0743003,0.0118318,0.677824,-0.131072,0.106196,-0.004502,0.0407298,0.0218019,-0.0259733,0.431956,0.00341384,0.000808172,0.0472263,0.0275621,0.0298869,0.00422568],[0.0418755,0.0392636,0.216826,0.0254761,-0.0910942,1.06215,-0.0528803,-0.0130958,-0.111358,-0.0710025,0.0254675,0.159952,0.000673194,-0.00163479,0.112706,-0.0272536,0.0225609,-0.000522829],[0.00226267,-0.0125437,-0.0174792,-0.00338183,-0.0300395,0.0665165,1.26792,-0.0302723,-0.0768021,0.0609541,0.145931,0.0349842,0.0151194,0.00978357,-0.0925842,-0.0509018,0.0553332,-0.0126042],[0.055749,0.21749,-0.106727,-0.231183,0.25534,0.361465,0.00569109,0.663128,-1.08402,-0.200188,0.127579,2.22212,0.0521329,0.0433147,0.233481,0.360214,0.753435,0.0432519],[-0.0150875,-0.0275542,-0.0835809,-0.0186145,-0.00447896,-0.145693,0.0061205,0.000318056,0.428062,0.0154076,-0.00568695,-0.070202,-0.00186297,-0.0017556,0.00677778,-0.00754361,-0.0112862,-0.00072023],[0.0113932,0.0102266,-0.0448508,-0.0143377,0.0942347,-0.119578,0.0926245,0.000468337,0.811989,1.28012,-0.240473,0.296259,0.00509617,-0.00306684,0.219234,0.150055,0.00917188,0.0135783],[0.0379725,0.0961126,0.0232549,-0.035334,0.0204794,0.100912,0.250265,-0.00563694,0.388019,0.0930102,1.20508,0.0862751,0.0160629,0.00510846,0.117537,0.0689425,0.0491524,0.0331962],[-0.0111935,-0.00944936,-0.0396396,-0.0121088,0.0142097,-0.0195534,0.0275113,0.00750825,0.0421528,0.0228775,-0.0131208,0.935427,-0.00157201,0.00186592,-0.0633064,-0.015312,-0.00274752,0.00139559],[0.15887,0.280344,1.72535,0.184483,-0.156608,-0.0919907,-0.0303625,-0.104906,-1.78395,0.215373,-0.112252,-2.87396,0.965087,-0.0409853,0.598823,0.575492,-0.835648,0.107932],[-0.965425,-0.567414,-2.70302,0.234539,-0.314994,-2.37247,-0.516867,0.21136,1.98069,0.360049,-0.00744556,-4.1597,-0.0535644,1.01174,-2.5368,-0.775493,0.042349,-0.115422],[0.047658,0.0431364,0.0916608,-0.0218628,0.0354381,0.0644299,-0.027714,-0.0111497,0.12099,0.00353051,0.0107537,0.0455102,0.00877724,0.00582735,1.09809,0.0340541,0.0146314,0.00592876],[0.134767,0.160223,0.12991,0.149435,0.149504,0.331659,0.03684,-0.0957646,-0.334643,0.0176227,-0.0593241,1.09086,0.027053,-0.000585956,0.449167,0.776511,0.0817618,0.0154424],[-0.0352937,0.0579757,0.0710148,-0.0257652,0.0380147,-0.224752,-0.299664,-0.0257218,-0.570795,-0.128978,0.45145,1.65434,-0.00104011,0.00698418,-0.0330044,0.216599,0.45081,0.0042494],[-0.166332,-0.158603,-1.03425,-1.22339,0.315781,-1.21185,1.1088,0.144143,3.78378,1.09379,0.481117,-2.61173,-0.0644259,0.0631257,-1.23145,-0.470703,0.538715,0.932215],[0.140439,0.107837,0.339507,-0.0450876,-0.237923,-0.0259409,-0.0655819,-0.0472435,-0.183642,0.0129184,0.0578746,0.417866,0.00929858,0.0141924,0.0230667,0.0137098,0.00599357,0.00397179],[0.0867741,0.105361,-0.0928783,-0.00608305,0.0105862,-0.0520461,-0.168409,0.00314071,-0.0754303,0.0186386,0.0571968,0.307742,0.0120807,0.000126922,0.0939707,0.0387682,-0.036624,-0.0149829],[-0.0285725,-0.0496788,0.0391554,0.0498647,-0.00511599,-0.0254655,0.063955,0.00338519,-0.153173,0.0279231,-0.0263454,-0.0190152,-0.00150608,-0.00196918,0.0453011,0.000842845,-0.00324473,-0.00216844],[0.0285534,0.0309961,0.0397078,0.224651,0.0143248,-0.0995953,0.0370245,-0.037609,0.185907,0.00279805,0.0367851,0.483399,-0.0101261,-0.0128542,0.00350992,-0.0273156,0.0173363,2.72281e-05],[0.0224569,-0.0208638,0.0265198,0.0084126,0.124053,0.0297701,-0.0636764,0.00291161,0.164388,-0.0248208,0.0171872,-0.168638,-0.000120925,-0.00354021,0.0729996,-0.0297717,-0.00285274,-0.00313967],[-0.0442593,-0.0454149,-0.133804,-0.0276486,-0.0116071,-0.0509007,0.031084,0.00468687,0.250157,0.0794464,-0.0379481,-0.0390439,0.00134389,0.000493024,-0.062282,-0.00831095,-0.0146591,-0.000609924],[0.0049527,0.0401883,0.0526817,-0.00410238,-0.0239317,0.0162265,-0.141559,0.00753167,0.184891,-0.0527909,-0.0934847,-0.0446955,-0.0120607,-0.0087539,0.0895693,0.0480711,-0.0439294,0.0116831],[-0.0362435,-0.0653267,-0.140988,0.173187,-0.0929408,-0.00609444,-0.255141,0.117528,0.124448,0.0908153,-0.00561639,-0.933937,-0.0443999,-0.0660086,-0.0678854,-0.332615,-0.655484,-0.0461998],[-0.029167,-0.0231879,-0.0546048,0.00823785,0.0188186,-0.0103803,0.0502024,0.00061658,0.178131,-0.0136304,0.0113226,0.0331653,0.00333977,0.00211047,0.0144318,0.00564285,0.0220637,0.000150646],[0.00618321,0.0565496,0.0705971,0.00121652,-0.126147,0.196726,-0.0849423,0.0171074,-0.331287,-0.265673,0.15052,-0.116303,-0.0100244,-0.00143879,-0.182324,-0.0792798,-0.0117462,-0.00599032],[-0.0338526,-0.052045,-0.0220771,-0.0123943,-0.0394282,-0.0902507,-0.0630804,0.00638951,-0.20311,0.0164806,-0.13397,0.124172,-0.000933023,0.000138743,-0.017386,-0.00796754,-0.0347098,-0.0133423],[0.00805065,0.00963031,0.0299757,0.0107737,-0.00033097,0.00126921,-0.0184066,0.000808358,-0.0603889,-0.0195128,0.0085678,0.0111674,0.00103143,-0.000252296,0.0251171,0.0109213,0.00246126,-0.00116755],[0.0504818,-0.329935,-0.911839,0.372914,0.581835,0.406631,-0.457119,0.093981,0.552063,0.072177,-0.00207216,0.0774632,-0.063015,-0.0331103,-0.558808,-0.0682969,0.382592,-0.123448],[1.15004,0.707938,2.98214,0.621557,0.156147,2.88278,-0.188336,-0.346037,3.23164,-0.276656,0.0323622,3.89536,-0.000442091,-0.0389516,2.21008,0.872787,-0.0360223,0.0697858],[-0.041143,-0.0331752,-0.070692,0.0023572,-0.0275811,-0.107046,0.0234003,0.00855818,-0.0303288,0.00567176,0.00417495,-0.139893,-0.00994539,-0.00161784,-0.117048,-0.0372849,-0.0126059,-0.00357807],[-0.0971342,-0.102749,-0.135568,-0.0787793,-0.128518,-0.1393,0.0583401,0.0381502,0.0253975,-0.0536658,-0.0200335,-0.881601,-0.0193258,0.00296838,-0.294729,-0.14939,-0.0343762,0.00737364],[0.00639183,0.00115859,-0.0935427,0.180098,-0.124108,-0.0698543,-0.16661,-0.0833058,-1.10634,-0.282158,0.0215099,-0.899599,0.00660573,0.0294143,-0.542377,-0.159755,0.0393166,0.00811327],[0.113686,-0.0270006,0.449119,1.13902,-0.616022,1.06159,-0.424173,-0.160304,-1.89595,-0.361218,-0.0171722,1.50371,0.0438361,0.00927328,0.759588,0.440412,-0.25599,0.0188773],[0.0216125,-0.0259591,-0.0453776,-0.0414304,-0.0895783,-0.0676102,0.0430005,0.0369068,-0.0132851,0.0160167,0.0070392,-0.335489,0.00563026,0.00828593,-0.14567,-0.0598323,0.0181105,-0.0096916],[-0.0556108,0.0613829,-0.18849,-0.0109508,-0.208881,-0.141289,-0.103511,0.0299685,-0.0117963,0.0285465,-0.0622835,-0.586212,-0.00899551,-0.00364039,-0.0395267,-0.0447662,-0.0838453,-0.000188127],[-0.0371122,-0.0388205,-0.047214,-0.00780498,-0.0179205,-0.0409294,0.0567886,0.00358851,-0.135078,-0.0150285,0.0179453,-0.158219,-0.00124066,-0.00153613,0.00562987,-0.0172866,-0.00524706,0.000739132],[0.0193146,-0.0161614,0.0616051,0.150174,0.0915299,0.0605398,-0.0128405,-0.00497926,-0.420009,0.0126301,-0.0309215,-0.316056,-0.00415111,0.00918323,-0.0494987,-0.0168433,-0.0225964,-0.00574537],[0.0314544,0.054266,0.0477157,-0.0202355,0.198066,0.101263,-0.0424908,0.00159848,-0.204897,0.00305447,0.00877915,-0.263333,-0.00329261,0.00273706,-0.120311,0.00217638,-0.0270374,-0.00108239],[0.00237189,0.00609983,-0.0830763,0.00218622,0.102687,-0.0113599,0.0218016,0.00840806,-0.138565,-0.00838941,0.012459,-0.120807,-0.00201487,0.00114719,-0.0504633,0.0355467,-0.00789363,0.00113541],[-0.00740206,-0.0244874,-0.0319745,0.00240526,0.046215,-0.0809135,-0.119493,0.0232959,-0.120431,-0.00532931,-0.0564411,0.00697575,-0.00283619,-0.00137566,0.0190578,0.000982482,-0.0128915,0.00155643],[-0.0182784,-0.0336134,-0.0684365,-0.0207743,-0.287164,-0.197097,0.257071,0.0962744,1.47467,0.0893283,0.0570265,-0.928719,-0.0191964,0.0162524,-0.355309,-0.109277,0.054144,-0.0146095],[0.0329417,0.0459301,0.101931,-0.00124897,-0.013038,0.124719,-0.0331538,-0.00276649,0.218837,-0.00796895,-0.00767182,0.0276569,-0.00235534,-0.000907083,-0.0226796,0.000748595,-0.0119574,0.000208499],[-0.0171726,-0.0491938,-0.026039,-0.00631049,0.0420685,-0.0537537,0.0347654,-0.0165821,-0.357869,-0.0656921,0.0950399,-0.205657,0.00295263,0.00405932,-0.0556925,-0.0693047,0.00687565,-0.00824763],[-0.00414699,-0.0445467,-0.00124176,0.0475751,0.0192585,-0.0111171,-0.185808,-0.000886923,-0.179305,-0.108071,-0.0716745,-0.207807,-0.0150576,-0.00526071,-0.0999403,-0.0604751,-0.0147094,-0.0197773],[0.00166361,-0.00165348,0.00620511,-0.00167231,-0.0137915,0.0158495,-0.0111746,-0.00832219,0.0199202,-0.00406091,0.00543551,0.0223216,0.000330213,-0.00144422,0.0334605,0.00123676,0.000884694,-0.000307682],[-0.198398,-0.0216291,-0.585449,-0.653889,-0.534576,-0.0898258,0.493142,0.0305254,2.05167,-0.0860132,-0.181343,3.28933,0.0659946,0.0397817,0.209943,-0.344105,0.393839,0.0638347],[-0.201418,-0.127851,-0.28084,-0.920759,0.143023,-0.385097,0.702945,0.119569,-4.84361,-0.0538691,-0.134651,0.375695,0.039455,-0.00749924,0.324115,-0.0442131,-0.0589115,0.0347566],[-0.00730021,-0.0113531,-0.024226,0.0200826,-0.00795337,0.0390149,0.00601951,0.00284394,-0.0810886,-0.0084836,-0.0146064,0.0930146,0.00105709,-0.00396858,0.0142242,0.00198334,-0.00166219,-0.00218431],[-0.00539188,0.0301641,-0.0550986,-0.0931259,0.0943513,0.0853433,0.00627633,0.00268069,0.0833486,-0.0640382,0.0244257,-0.191915,0.00279362,0.0107995,-0.207783,-0.0672896,0.0105705,0.013672],[-0.0379612,0.0558627,-0.09782,-0.0434549,0.000374446,0.0648426,0.146789,0.103775,-0.331874,-0.0816025,0.0502512,-0.453323,-0.00438117,0.00197155,-0.0762032,-0.0481209,-0.00987945,0.00755865],[-0.124135,-0.167953,0.262214,0.152133,-0.00156649,-0.174437,-0.56307,-0.0221681,-0.832433,-0.474697,-0.701196,0.892768,0.0351014,-0.0297373,0.12496,-0.0287568,-0.143874,0.00550484]],"sigmahat":[[2.15011,1.5894,4.29084,0.240456,1.57556,3.4717,-0.327725,-0.143803,2.52698,-0.0194016,0.213736,6.36739,0.0798296,0.0199467,1.86807,1.14063,0.288566,0.0354565],[1.5894,3.91541,3.36311,-0.572189,0.293516,3.83096,-0.609821,-0.0948314,-1.12819,-0.721248,0.822215,4.21859,0.0275535,-0.0360022,1.53905,1.24622,0.200247,0.0456197],[4.29084,3.36311,16.1172,-0.0269892,1.65737,8.74972,-0.855279,-0.17204,2.77688,0.0200157,-0.210329,10.6681,0.174785,0.0939913,4.95892,2.63552,0.223198,0.26876],[0.240456,-0.572189,-0.0269892,5.32295,0.368587,-0.512918,-0.0913949,0.0543472,1.19765,0.0617409,0.161348,8.83479,0.110983,0.03268,1.48482,0.176764,0.0415095,-0.0354716],[1.57556,0.293516,1.65737,0.368587,17.2851,2.47724,1.06141,-0.322294,-2.66212,-0.156464,-0.254298,4.99769,0.000801691,-0.152469,1.50832,2.23638,0.560151,-0.175241],[3.4717,3.83096,8.74972,-0.512918,2.47724,15.7885,-2.16829,-0.226264,6.65852,-1.79762,1.24104,7.17483,0.0368479,-0.23465,5.97916,2.92936,-0.0153181,0.0635739],[-0.327725,-0.609821,-0.855279,-0.0913949,1.06141,-2.16829,5.88722,-0.121691,2.65039,2.06811,-0.538258,5.90156,0.142215,0.117607,0.25723,-0.045119,1.1158,0.15593],[-0.143803,-0.0948314,-0.17204,0.0543472,-0.322294,-0.226264,-0.121691,0.616759,0.221095,-0.286156,-0.16366,-2.71593,-0.00706581,0.0126192,-0.476132,-0.123456,-0.263383,0.00622299],[2.52698,-1.12819,2.77688,1.19765,-2.66212,6.65852,2.65039,0.221095,168.477,5.07347,-0.0112367,2.17192,-0.00691115,0.13718,-3.32996,-1.03982,1.13849,0.446945],[-0.0194016,-0.721248,0.0200157,0.0617409,-0.156464,-1.79762,2.06811,-0.286156,5.07347,4.58372,-1.48022,3.42356,0.0498594,0.0521655,-0.495406,-0.412955,8.48316e-05,0.154896],[0.213736,0.822215,-0.210329,0.161348,-0.254298,1.24104,-0.538258,-0.16366,-0.0112367,-1.48022,2.57597,-0.00718916,-0.0147847,-0.0197003,0.279984,0.142821,0.327216,-0.0866431],[6.36739,4.21859,10.6681,8.83479,4.99769,7.17483,5.90156,-2.71593,2.17192,3.42356,-0.00718916,147.336,1.32874,-0.389082,31.7193,10.4843,6.29106,0.418865],[0.0798296,0.0275535,0.174785,0.110983,0.000801691,0.0368479,0.142215,-0.00706581,-0.00691115,0.0498594,-0.0147847,1.32874,0.0670248,0.0361719,0.454983,0.119526,0.107571,-0.00532006],[0.0199467,-0.0360022,0.0939913,0.03268,-0.152469,-0.23465,0.117607,0.0126192,0.13718,0.0521655,-0.0197003,-0.389082,0.0361719,0.077226,-0.539326,-0.0919352,0.0543162,0.000145544],[1.86807,1.53905,4.95892,1.48482,1.50832,5.97916,0.25723,-0.476132,-3.32996,-0.495406,0.279984,31.7193,0.454983,-0.539326,23.3148,4.74594,1.44745,0.0544448],[1.14063,1.24622,2.63552,0.176764,2.23638,2.92936,-0.045119,-0.123456,-1.03982,-0.412955,0.142821,10.4843,0.119526,-0.0919352,4.74594,3.70866,0.335023,0.0196954],[0.288566,0.200247,0.223198,0.0415095,0.560151,-0.0153181,1.1158,-0.263383,1.13849,8.48316e-05,0.327216,6.29106,0.107571,0.0543162,1.44745,0.335023,1.59172,-0.0283838],[0.0354565,0.0456197,0.26876,-0.0354716,-0.175241,0.0635739,0.15593,0.00622299,0.446945,0.154896,-0.0866431,0.418865,-0.00532006,0.000145544,0.0544448,0.0196954,-0.0283838,0.0834563]],"n":18,"lags":3}