{"betahat":[[3.79921,3.22803,10.6846,4.13581,4.9284,3.48839,-1.49378,1.55798,-16.7508,-1.29786,-0.881847,8.35186,0.125542,-0.294516,10.2053,1.06604,4.24585,-0.316803,-0.0888866],[0.839413,-0.0654564,-0.287197,0.0999455,0.370806,0.158607,-0.00600245,0.0126784,0.158587,-0.0645776,-0.0489788,-0.0826297,-0.0166481,-0.0261409,0.157717,-0.089986,0.0621627,-0.031991,0.0060328],[0.000620056,0.86356,0.335866,0.0299507,0.274629,0.317017,0.213315,-0.0301238,0.178523,-0.102073,0.0421551,0.256304,-0.00607972,-0.000477089,-0.0537181,-0.0972872,0.0170193,0.113047,0.0107375],[0.0580519,0.074826,0.976157,-0.0492192,0.0108285,0.0221657,-0.108322,-0.00691819,0.343599,0.00263645,0.00460319,0.131986,0.00301773,0.00604542,-0.102138,0.0328282,0.00209789,0.00611584,0.00175837],[-0.0443544,-0.0293491,-0.0822392,0.623328,-0.111183,0.0350796,-0.00784974,0.042262,0.273803,0.00332195,-0.0138999,-0.138631,0.0175107,0.00684922,0.0599745,-0.000384428,0.0511683,0.0150824,0.00651279],[-0.03755,0.00125259,-0.0482405,0.0168698,0.694451,-0.0600529,0.0649921,-0.00297479,0.0484355,-0.00748145,-0.00965679,0.489247,0.00127495,-0.00356252,0.0816905,-0.0583494,0.0379401,0.0245835,0.00441365],[0.0306454,0.00378176,0.203142,0.0292877,-0.109481,0.998868,-0.0168408,-0.0133092,-0.0974004,-0.0413195,0.0111431,0.13435,0.00363325,0.00299563,0.0932937,-0.022434,-0.0358064,0.0308936,-0.00121519],[-0.0105702,-0.0265196,-0.0344901,-0.0207296,-0.0437159,0.0161454,1.3173,-0.0335533,-0.145807,0.0568714,0.136154,0.028523,0.0172498,0.0115774,-0.0788573,-0.135492,-0.052596,0.0656992,-0.0121693],[0.0467828,0.181262,-0.0781658,-0.206402,0.215346,0.306276,0.0102055,0.661456,-1.13167,-0.151519,0.105688,2.22585,0.0587034,0.048382,0.274783,0.0316471,0.356628,0.76836,0.0494667],[-0.0134468,-0.0260175,-0.0759062,-0.0191745,-0.00588665,-0.142658,0.00578068,0.000503211,0.436507,0.0153632,-0.00655589,-0.0674112,-0.00170734,-0.00189904,0.0114408,0.0139532,-0.00528707,-0.0108314,-0.000627377],[0.0109401,0.00868949,-0.0386153,-0.00727922,0.0823772,-0.121478,0.0866901,-0.00106021,0.836465,1.31317,-0.26352,0.375812,0.00665385,-0.00367035,0.265338,-0.0598612,0.156229,0.0162056,0.0159759],[0.0478538,0.0966077,0.0544797,-0.029209,0.0153642,0.0818449,0.247784,-0.00688834,0.290702,0.108657,1.21251,0.121532,0.0188804,0.00751652,0.135811,0.046911,0.0795289,0.0506303,0.035015],[-0.00827373,-0.0031767,-0.0362991,-0.00994124,0.0209132,-0.0082397,0.0231877,0.00696384,0.0334193,0.0186607,-0.00932318,0.956067,-0.00213815,0.00118043,-0.0632016,0.0036691,-0.0131944,-0.00342743,0.00160424],[0.0412385,0.106101,1.40693,0.157823,-0.291876,-0.468999,0.140306,-0.116785,-1.97324,0.357843,-0.15878,-3.13531,0.974492,-0.0346857,0.457885,-0.343238,0.568584,-0.889383,0.107458],[-0.836632,-0.20387,-2.39967,0.329976,-0.226597,-1.73211,-0.897461,0.206563,1.8824,0.0707233,0.155231,-3.29157,-0.064289,0.98626,-2.14801,-0.0365734,-0.696633,0.024619,-0.112439],[0.0492552,0.0464205,0.0861685,-0.0148888,0.041459,0.069063,-0.0322659,-0.0111242,0.139009,3.0862e-06,0.017909,0.0253974,0.0088514,0.00600728,1.09633,0.0322436,0.0295198,0.0161976,0.00581315],[-0.14784,-0.28494,-0.293191,-0.0264557,-0.164451,-0.630672,0.356378,-0.00676028,0.0130937,0.258789,-0.135276,-0.365183,0.0175052,0.0306435,-0.207089,0.919852,-0.0882086,0.0451905,0.00398144],[0.121278,0.13432,0.109704,0.136307,0.133507,0.239567,0.0739055,-0.0941726,-0.389803,0.0490899,-0.0762528,1.01589,0.0286311,0.00370457,0.40929,0.109364,0.764957,0.0783578,0.0152721],[-0.0306965,0.0793162,0.0675867,-0.0288439,0.0262214,-0.179804,-0.332784,-0.0187005,-0.324049,-0.129919,0.448073,1.69168,-0.00458544,0.00518359,-0.0527338,-0.041591,0.210498,0.464029,0.00350434],[-0.163057,-0.164449,-1.09627,-1.13543,0.440268,-1.16242,1.07895,0.172294,4.03709,1.09945,0.492429,-2.63234,-0.0696927,0.0640864,-1.27098,0.0715965,-0.465165,0.492773,0.944492],[0.126321,0.0778113,0.307174,-0.0573825,-0.281052,-0.108682,-0.0361821,-0.0483505,-0.13434,0.0451687,0.0354669,0.420483,0.0094709,0.0159575,-0.0206052,0.0913605,-0.00237126,0.00679763,0.00485722],[0.0588431,0.0813949,-0.152591,-0.0128199,-0.0622171,-0.164722,-0.118272,-0.000822017,-0.174494,0.0680764,0.0250309,0.348693,0.0138891,0.00178379,0.0901152,0.0818685,0.0214888,-0.0326196,-0.0106673],[-0.0236926,-0.0385904,0.0578731,0.0577782,0.0145165,0.0080364,0.0561046,0.00378227,-0.189147,0.0182358,-0.0242538,0.00658438,-0.00175881,-0.0032427,0.070191,-0.0273781,0.00905402,-0.00113497,-0.00297112],[0.0361553,0.0469353,0.0543249,0.222053,0.0277496,-0.0819008,0.0177354,-0.0370359,0.139032,-0.0145215,0.0447424,0.49724,-0.0123671,-0.0162955,0.0113048,-0.0288648,-0.02049,0.0131796,-0.000473207],[0.00688307,-0.0447456,-0.000406711,0.000269576,0.103144,-0.0290776,-0.0317467,0.000518576,0.155657,-0.00116987,0.00456965,-0.206405,0.00113754,-0.000648299,0.0543923,0.0294437,-0.0387894,0.00136781,-0.00217194],[-0.0361031,-0.0183945,-0.119844,-0.02809,-0.00232837,-0.00339515,0.00488803,0.00540336,0.277283,0.0611857,-0.0276066,-0.0197227,-0.0010098,-0.0030424,-0.0507596,0.0146426,-0.00419951,-0.0220288,0.000434247],[0.010044,0.0338701,0.068391,0.0101581,-0.0241206,0.0214266,-0.155667,0.00991012,0.198276,-0.0399809,-0.0956316,-0.075846,-0.0125674,-0.00803868,0.0690842,0.0252839,0.0501495,-0.0505023,0.0109506],[-0.0156464,-0.0388827,-0.05973,0.167557,-0.0687194,0.0534217,-0.282537,0.112732,-0.0458463,0.0903003,-0.00467477,-0.804795,-0.0413621,-0.0708237,0.0435412,-0.0272569,-0.304804,-0.680229,-0.045668],[-0.0273241,-0.0230391,-0.0479623,0.00897169,0.0178415,-0.00312554,0.044111,0.00130697,0.195251,-0.0160325,0.0133254,0.027557,0.0033585,0.00226717,0.012728,-0.0167307,0.0047606,0.0213961,-0.000109009],[0.000281728,0.0345701,0.0627737,-0.00359237,-0.141679,0.1418,-0.0592474,0.0185646,-0.440565,-0.26316,0.153052,-0.161624,-0.00768991,0.0023735,-0.206344,0.0204075,-0.0785831,-0.0113676,-0.00793815],[-0.0393494,-0.0435228,-0.0355567,-0.0201486,-0.0366523,-0.065613,-0.0701562,0.00688354,-0.178727,0.000134861,-0.1346,0.107501,-0.00298491,-0.00308368,-0.00519767,-0.0634601,-0.00605577,-0.0429216,-0.014106],[0.00714379,0.00705092,0.0285946,0.00939837,-0.00274117,-0.00315026,-0.0154348,0.00157081,-0.0426482,-0.017478,0.00688007,0.0014817,0.00149183,0.000261736,0.0233062,-0.000615114,0.0105833,0.00192399,-0.00130221],[0.10618,-0.296379,-0.808398,0.40052,0.719774,0.498904,-0.519522,0.114951,0.797273,0.00831393,0.0670059,-0.354979,-0.0729357,-0.0256621,-0.789304,0.0248581,-0.160801,0.408748,-0.135945],[1.08668,0.351828,2.81568,0.603746,-0.00854383,2.35069,0.188473,-0.349664,3.74997,0.0356815,-0.0988464,3.37052,0.0183198,-0.00238162,1.977,-0.387857,0.809206,0.0373478,0.0694837],[-0.0401025,-0.0310615,-0.0619477,-0.00495533,-0.0342238,-0.103455,0.0234402,0.00904349,-0.0502602,0.00403324,0.00088837,-0.115799,-0.0103408,-0.00206881,-0.106275,0.00718346,-0.0332565,-0.012541,-0.00309812],[0.147451,0.170048,0.299356,0.036198,0.213411,0.469118,-0.302327,0.00863305,-0.0643306,-0.193117,0.154182,0.0414466,-0.00895082,-0.0143852,0.0583644,0.0373694,0.0772614,-0.0409161,-0.0166571],[-0.0816702,-0.0827329,-0.0872137,-0.0774635,-0.126252,-0.0748702,0.0260908,0.043144,-0.0178389,-0.0726786,-0.0130855,-0.853221,-0.0207975,-0.000463144,-0.259592,-0.0663039,-0.131806,-0.0394813,0.00657053],[-0.0358318,-0.0757115,-0.203501,0.180701,-0.138707,-0.185701,-0.103153,-0.0865153,-0.970034,-0.224335,-0.0174751,-1.05182,0.0108622,0.0348858,-0.599912,-0.129911,-0.194972,0.0499414,0.00715577],[0.0642474,-0.10969,0.28295,1.06616,-0.710763,0.868166,-0.311088,-0.173374,-1.9349,-0.242711,0.0361435,0.991334,0.0416783,0.0195418,0.493308,0.424904,0.372982,-0.274337,0.0213087],[0.034264,-0.0123666,-0.0200074,-0.0425526,-0.0897397,-0.0499412,0.0421951,0.0356652,-0.0241783,0.0194183,0.0135103,-0.337788,0.00717783,0.0101835,-0.137114,-0.00136151,-0.0597917,0.025198,-0.0108903],[-0.0594623,0.0550298,-0.183302,-0.0171214,-0.212391,-0.152309,-0.0950231,0.0309375,-0.00392315,0.0340097,-0.0671894,-0.604918,-0.00780833,-0.00130694,-0.0363922,0.0154306,-0.0385059,-0.0804231,-7.04814e-05],[-0.0343657,-0.0362634,-0.0340925,-0.0085304,-0.0253329,-0.0302379,0.0521923,0.00312968,-0.154325,-0.0208622,0.019649,-0.138491,-0.00125776,-0.00280183,0.031952,-0.00542163,-0.0111519,-0.00497474,0.00121191],[0.00819929,-0.0175921,0.0278864,0.154614,0.0834507,0.0468147,-0.0098715,-0.00523386,-0.412756,0.0112123,-0.0308438,-0.358549,-0.00514351,0.00944561,-0.0712875,0.0292605,-0.0306807,-0.0282564,-0.00604024],[0.0306631,0.0434777,0.0486158,-0.017127,0.202386,0.0891205,-0.0332424,0.00245193,-0.204042,0.00865959,0.00508681,-0.282812,-0.00241172,0.00421165,-0.136091,0.0289084,0.000838782,-0.0259492,-0.00224154],[0.005454,0.0145894,-0.083332,-0.00117915,0.111817,0.00448344,0.0119359,0.00789711,-0.179795,-0.0198471,0.0164558,-0.114545,-0.00262216,4.77772e-05,-0.0425292,0.00781626,0.0400005,-0.00885812,0.000780371],[0.000939027,-0.00440464,-0.0263817,0.00490228,0.0589222,-0.0362946,-0.15451,0.0238392,-0.0712105,-0.0137576,-0.0446758,0.0486065,-0.0041761,-0.00370052,0.0300897,0.108093,0.00201172,-0.0155461,0.00181358],[0.00218018,0.0117772,0.027104,-0.0337285,-0.293156,-0.131371,0.209511,0.106621,1.34371,0.0252755,0.0529773,-0.928049,-0.0229813,0.0118522,-0.286623,0.0492052,-0.0823301,0.0532775,-0.0155133],[0.0335613,0.046374,0.100959,0.00251606,-0.00931097,0.127307,-0.0331451,-0.00311239,0.258682,-0.00525345,-0.0081702,0.0367105,-0.00231981,-0.000690153,-0.0269206,0.00976091,-4.82869e-05,-0.0113477,0.000520368],[-0.0149876,-0.0388274,-0.0355701,-0.0054835,0.0652103,-0.0170575,0.0137869,-0.016551,-0.322171,-0.0812577,0.108304,-0.242616,-0.0004379,0.00137903,-0.0807868,0.0321348,-0.0775297,-0.00319062,-0.0084973],[-0.00847833,-0.053317,-0.0189031,0.0492947,0.021456,-0.0164352,-0.176738,-0.000111788,-0.109036,-0.107855,-0.0783058,-0.227254,-0.0158547,-0.00444776,-0.130367,0.0166639,-0.0731633,-0.00781763,-0.020868],[0.000137576,-0.00492743,0.00493739,-0.00111813,-0.018143,0.0101516,-0.0100778,-0.00860117,0.0121369,-0.00141839,0.00322342,0.0208607,0.000465516,-0.00132765,0.0354643,-0.00203677,0.000100148,0.00162077,-0.000379035],[-0.207103,0.0206626,-0.680111,-0.613067,-0.535303,-0.0625761,0.482217,0.0265368,2.26224,-0.182442,-0.11932,3.38242,0.0700735,0.0459302,0.151229,0.195837,-0.380532,0.413843,0.0561275],[-0.299171,-0.205391,-0.541876,-0.984188,0.21625,-0.635558,0.75926,0.139404,-5.15876,-0.0525926,-0.141289,-0.264237,0.0340076,-0.00122651,0.0187014,0.357543,-0.10931,-0.104413,0.0334739],[-0.00931479,-0.0155626,-0.0252157,0.0200235,-0.00752998,0.0332423,0.00940755,0.00210747,-0.0857877,-0.00410057,-0.0184543,0.0914966,0.00145051,-0.00382313,0.0085223,-0.0385423,0.00337145,-0.0033226,-0.00260053],[-0.019047,0.0858791,-0.0970354,-0.00289057,-0.0351857,0.109356,-0.0317595,0.00314572,0.202308,-0.0510697,-0.0121915,0.183981,-0.0109991,-0.0133602,0.0275802,0.037039,-0.0230922,-0.0144605,0.0114675],[-0.00540661,0.0344109,-0.0480387,-0.0970514,0.106358,0.107083,-0.01066,0.000303471,0.0795583,-0.0722789,0.0214082,-0.174279,0.00260835,0.0100502,-0.199488,0.0901059,-0.0615734,0.00820712,0.0148476],[-0.0565834,-0.00596715,-0.157233,-0.0422534,-0.00536297,-0.0456714,0.200518,0.108432,-0.264251,-0.0286723,0.0270182,-0.648269,-0.00204804,0.00785953,-0.140733,-0.0209695,-0.0705749,0.00954512,0.00619088],[-0.086264,-0.0573111,0.330709,0.141945,0.133048,-0.0163489,-0.656393,-0.00794843,-0.698162,-0.648848,-0.698165,1.15791,0.0234939,-0.0522811,0.167427,-0.329204,-0.0238339,-0.169643,-0.00127034]],"sigmahat":[[1.99928,1.36591,3.91378,0.206725,1.47984,2.9797,-0.0325913,-0.141631,2.83938,0.185329,0.125808,5.89538,0.0837473,0.0359454,1.59786,0.11454,1.03153,0.303191,0.0436103],[1.36591,3.37471,2.81967,-0.606925,0.143698,2.82787,-0.0399259,-0.110585,-0.808407,-0.33054,0.649184,3.50885,0.050898,0.00987531,1.11204,0.625932,1.12043,0.259515,0.0497107],[3.91378,2.81967,14.8435,-0.0579013,1.56302,7.63666,-0.226928,-0.134279,4.7705,0.477732,-0.361021,8.92552,0.169351,0.129034,3.93391,-1.06296,2.29747,0.210465,0.281168],[0.206725,-0.606925,-0.0579013,5.26216,0.318734,-0.632546,-0.0704564,0.0699175,1.35745,0.123074,0.128644,8.67662,0.121249,0.0455864,1.35785,-0.149291,0.111105,0.056082,-0.0293884],[1.47984,0.143698,1.56302,0.318734,16.9485,2.00596,1.37611,-0.301981,-2.99421,0.0356492,-0.466131,5.20538,0.0198332,-0.133494,1.52683,2.51762,2.24611,0.572427,-0.156876],[2.9797,2.82787,7.63666,-0.632546,2.00596,13.7094,-0.998989,-0.251916,7.20813,-0.932391,0.831441,5.27587,0.0794237,-0.139785,5.09932,-1.81222,2.61838,0.0811318,0.080486],[-0.0325913,-0.0399259,-0.226928,-0.0704564,1.37611,-0.998989,5.28,-0.121386,2.33973,1.49473,-0.350366,6.85084,0.11281,0.0614892,0.704737,0.280665,0.265839,1.04996,0.139199],[-0.141631,-0.110585,-0.134279,0.0699175,-0.301981,-0.251916,-0.121386,0.604335,0.150488,-0.284267,-0.166715,-2.57838,-0.00375665,0.0145123,-0.428292,-0.159466,-0.117496,-0.248077,0.00573189],[2.83938,-0.808407,4.7705,1.35745,-2.99421,7.20813,2.33973,0.150488,165.442,4.77263,0.0421182,4.03199,0.0604013,0.148171,-2.11194,-2.43309,-0.497751,1.21526,0.407691],[0.185329,-0.33054,0.477732,0.123074,0.0356492,-0.932391,1.49473,-0.284267,4.77263,4.22374,-1.32866,3.87277,0.0263202,0.00604916,-0.229107,0.234783,-0.326631,-0.0598905,0.141003],[0.125808,0.649184,-0.361021,0.128644,-0.466131,0.831441,-0.350366,-0.166715,0.0421182,-1.32866,2.45839,-0.0518837,-0.00435141,-0.000731845,0.218396,0.0545131,0.0962139,0.334206,-0.0717151],[5.89538,3.50885,8.92552,8.67662,5.20538,5.27587,6.85084,-2.57838,4.03199,3.87277,-0.0518837,143.106,1.33192,-0.291526,29.4897,2.47887,9.95965,6.16389,0.413609],[0.0837473,0.050898,0.169351,0.121249,0.0198332,0.0794237,0.11281,-0.00375665,0.0604013,0.0263202,-0.00435141,1.33192,0.0637857,0.0332261,0.4451,0.000922634,0.118509,0.0984429,-0.00531192],[0.0359454,0.00987531,0.129034,0.0455864,-0.133494,-0.139785,0.0614892,0.0145123,0.148171,0.00604916,-0.000731845,-0.291526,0.0332261,0.0713194,-0.486032,0.0438107,-0.0802656,0.0483888,-0.000670439],[1.59786,1.11204,3.93391,1.35785,1.52683,5.09932,0.704737,-0.428292,-2.11194,-0.229107,0.218396,29.4897,0.4451,-0.486032,21.9689,-0.402846,4.44119,1.36833,0.0633001],[0.11454,0.625932,-1.06296,-0.149291,2.51762,-1.81222,0.280665,-0.159466,-2.43309,0.234783,0.0545131,2.47887,0.000922634,0.0438107,-0.402846,4.01676,0.0028786,0.485658,-0.0354469],[1.03153,1.12043,2.29747,0.111105,2.24611,2.61838,0.265839,-0.117496,-0.497751,-0.326631,0.0962139,9.95965,0.118509,-0.0802656,4.44119,0.0028786,3.66256,0.352982,0.0272097],[0.303191,0.259515,0.210465,0.056082,0.572427,0.0811318,1.04996,-0.248077,1.21526,-0.0598905,0.334206,6.16389,0.0984429,0.0483888,1.36833,0.485658,0.352982,1.57072,-0.0308727],[0.0436103,0.0497107,0.281168,-0.0293884,-0.156876,0.080486,0.139199,0.00573189,0.407691,0.141003,-0.0717151,0.413609,-0.00531192,-0.000670439,0.0633001,-0.0354469,0.0272097,-0.0308727,0.0805664]],"n":19,"lags":3}