{"betahat":[[1.97669,0.886474,3.36567,3.23999,5.83869,0.197363,0.72799,1.21196,-7.79694,-4.5987,-0.116594,-0.268833,1.54031,0.980747,-0.598806,-0.390213],[0.877606,-0.0502586,-0.2318,0.0867447,0.276103,0.0759653,0.0111821,0.0117617,0.30626,0.087418,-0.0104007,-0.019275,0.190131,0.103057,-0.0278056,0.0138446],[-0.0236096,0.866716,0.218627,0.0307301,0.183199,0.165477,0.295114,-0.0329536,0.130513,0.0956101,-0.00107918,0.00622468,-0.101403,-0.0415672,0.106479,0.0206723],[0.0573308,0.0715439,1.02667,-0.0406831,0.0294156,0.0655897,-0.119837,-0.00512849,0.238144,0.116516,0.00181368,0.00248241,-0.047379,0.0209334,0.00551119,-0.000376194],[-0.0379805,-0.016869,-0.0922822,0.674964,-0.105942,0.0158333,-0.0154484,0.0409265,0.321217,-0.0910689,0.016103,0.00637259,0.0621428,0.0293053,0.00297389,0.0102885],[-0.0565208,-0.0416014,-0.0841634,0.0229098,0.711126,-0.145864,0.0837325,-0.00345584,0.0104447,0.319319,0.00257221,0.00110683,0.029361,-0.00582123,0.0159752,0.00313278],[0.0470676,0.0496147,0.239804,0.00610485,-0.0850939,1.12364,-0.0357707,-0.0152995,-0.179973,0.220353,0.0039967,-0.00119618,0.11523,-0.00397606,0.024039,0.000191135],[0.00172133,0.0182204,-0.0258247,-0.0359856,-0.00925683,0.0636126,1.35255,-0.027293,0.0466336,0.188056,0.0142114,0.00710684,-0.0289885,0.0197029,0.0465685,-0.00439779],[0.037629,0.146495,-0.0302901,-0.145894,0.240286,0.332776,-0.171248,0.691084,-1.4671,1.84281,0.0444778,0.0394733,0.219217,0.291959,0.67363,0.0344388],[-0.0141068,-0.0270066,-0.0818114,-0.0156167,-0.00174843,-0.141142,0.00279863,0.00127352,0.512953,-0.0772146,-0.0024173,-0.00222127,0.00774141,-0.00946391,-0.0104801,-0.00076627],[-0.0113037,-0.0103972,-0.0393195,-0.00800367,0.0189757,-0.0115965,0.0131887,0.00577943,0.0250385,0.995797,-0.00229403,0.000207674,-0.0555528,-0.0128666,-0.00915215,0.000671584],[0.13958,0.308185,1.61703,0.187169,-0.532145,-0.185316,-0.00817813,-0.118808,-1.81999,-2.59881,1.0217,-0.00484286,0.751293,0.472155,-0.798341,0.138446],[-0.954853,-0.566876,-2.70874,0.294835,-0.00367526,-2.16773,-0.504314,0.238712,1.66493,-4.20437,-0.0600123,1.01213,-2.62434,-1.00636,-0.0664277,-0.110346],[0.0444341,0.0356053,0.0886695,-0.0086492,0.0445383,0.0383605,-0.0486962,-0.0102445,0.0958187,0.0619605,0.00845909,0.00442149,1.11732,0.044157,0.00601247,0.00415057],[0.105182,0.129878,0.105688,0.069101,0.0338479,0.459509,0.0597102,-0.0777783,-0.247068,0.719845,0.00148871,-0.00672243,0.188126,0.596771,0.108645,0.0265451],[-0.0161294,0.0707024,0.0624682,0.00375377,0.0475365,-0.16251,-0.160828,-0.0483339,-0.497759,1.31013,0.00739856,0.0104402,-0.0209537,0.165432,0.564743,0.00856643],[-0.100653,-0.162026,-1.11489,-0.991877,0.770266,-1.16669,1.00746,0.174076,3.62149,-2.25453,-0.0256787,0.0484745,-0.793344,-0.622596,0.394688,0.948422],[0.110277,0.0691374,0.277118,-0.0437047,-0.195916,-0.036276,-0.0610027,-0.0374067,-0.263928,0.242724,0.00643279,0.0128259,-0.0507058,-0.0337612,0.0080484,-0.0035674],[0.062599,0.0754383,-0.0875293,-0.0137597,-0.0224382,-0.0652052,-0.198382,0.00734732,-0.198397,0.1799,0.0084162,-0.000190039,0.0572411,0.0142378,-0.0475389,-0.0178494],[-0.0252718,-0.0387957,0.0247615,0.0516358,-0.00825145,-0.0265807,0.0710113,0.00227111,-0.122778,0.0321416,-0.000651466,-0.00142145,0.05097,-0.00367286,-0.000918441,-0.00062371],[0.0232126,0.0281548,0.043951,0.195424,0.0142141,-0.0852576,0.028626,-0.0321406,0.0876823,0.295067,-0.0109708,-0.0121508,-0.0183555,-0.0244888,0.0154372,-0.00288995],[0.0277732,-0.00828948,0.0480663,-0.0124455,0.115517,0.0569946,-0.0641263,0.00333832,0.139238,-0.153208,0.000257192,-0.00328257,0.0689641,0.0055167,0.00317455,-0.00299811],[-0.0407867,-0.0440318,-0.136909,-0.0110806,-0.00408499,-0.0724823,0.0281139,0.00601483,0.284389,-0.00918941,0.000294939,0.000412876,-0.0514273,-0.0128368,-0.012741,-0.000866337],[0.0037664,0.0217046,0.0484864,0.0152921,-0.0228237,0.0118562,-0.174027,0.00999946,0.111207,-0.144221,-0.0113085,-0.00596872,0.0384309,0.0103732,-0.0402164,0.00695563],[-0.00237262,-0.0592709,0.0147777,0.164079,-0.0939031,-0.0541856,-0.235107,0.137252,0.367156,-0.410462,-0.0340025,-0.0548285,0.0503544,-0.11392,-0.618858,-0.0388631],[-0.0258483,-0.0209522,-0.0400266,0.00926776,0.0147793,0.00382505,0.0450308,0.000457171,0.21274,0.0364349,0.00345224,0.00224088,0.0115455,0.00740908,0.020775,0.000544156],[0.00639006,0.00683966,0.0272413,0.00972341,-0.00273209,-0.00768529,-0.0131888,0.00254551,-0.0438444,-0.0500413,0.00135749,0.000871525,0.0156136,0.00378799,0.00297487,-0.000931412],[0.052883,-0.338246,-0.876461,0.443938,0.763526,0.2686,-0.358978,0.0782935,0.701641,-0.158056,-0.0789935,-0.0297995,-0.778552,-0.14201,0.385409,-0.12994],[1.08364,0.649297,2.82752,0.499694,-0.0253299,2.55089,0.0292162,-0.360021,3.11224,4.09664,0.0259937,-0.0146886,2.29803,1.05235,0.100692,0.0920713],[-0.0392771,-0.032415,-0.0755398,-0.00578309,-0.0289175,-0.0873338,0.0301061,0.010306,-0.0417149,-0.184654,-0.00970426,-0.0011265,-0.13004,-0.0440974,-0.00925844,-0.00424729],[-0.0981967,-0.0346809,-0.0651862,-0.0843319,-0.0352107,-0.231543,0.150203,0.0135009,0.136892,-0.0882691,-0.00702648,0.0152176,-0.110745,-0.0328334,0.0329499,0.0114801],[0.0158034,0.0204992,-0.0769363,0.138629,-0.105873,-0.0669678,0.00282052,-0.0793327,-0.675012,-0.884907,0.015747,0.0328262,-0.445214,-0.15846,0.0848466,0.0236308],[0.110538,0.0633572,0.589862,0.974639,-0.717671,1.14684,-0.577386,-0.167709,-1.62981,1.10901,0.0142555,-0.000570926,0.59289,0.584778,-0.268637,0.027175],[0.0121142,-0.018886,-0.0453266,-0.0430342,-0.0801947,-0.0396903,0.0498269,0.025642,-0.0423027,-0.330116,0.00396877,0.00645049,-0.13943,-0.0692962,0.0197587,-0.0102757],[-0.0389908,0.0578369,-0.131103,-0.0169653,-0.160767,-0.10027,-0.0967207,0.0256027,0.0679236,-0.275479,-0.00733605,-0.00603344,0.0441617,0.02733,-0.0589382,-0.00282123],[-0.032064,-0.0327643,-0.051463,-0.0109368,-0.0211722,-0.0390256,0.0488142,0.00285443,-0.115299,-0.148625,-0.00116076,-0.00105871,-0.00359548,-0.0172605,-0.00459105,0.00100158],[0.0147665,-0.0112902,0.0483238,0.129611,0.09172,0.0694293,-0.0131703,-0.00878925,-0.408863,-0.203973,-0.00513165,0.00577939,-0.0437949,-0.00481732,-0.018409,-0.00739696],[0.0287449,0.0498831,0.0360869,-0.0104569,0.173335,0.0888714,-0.0196038,0.000115512,-0.149654,-0.166093,-0.00282838,0.00217756,-0.098333,0.000301578,-0.0191492,-0.000132744],[-0.00628378,-0.00559587,-0.102904,0.00498698,0.0891668,-0.0511752,0.0076481,0.00928057,-0.104374,-0.211123,-0.00429016,0.000785309,-0.0638007,0.0168126,-0.0112955,0.000676938],[-0.00576466,-0.0371083,-0.0209268,0.0156781,0.0229162,-0.0757971,-0.171596,0.017678,-0.154682,-0.0460029,-0.00270235,-0.00111997,0.00361973,-0.0319079,-0.00655242,-0.00195143],[-0.0160959,-0.026968,-0.110843,-0.0219977,-0.231127,-0.212798,0.327389,0.102617,1.43374,-1.08974,-0.0106136,0.0139244,-0.304925,-0.147021,0.0250984,-0.00360768],[0.0357865,0.0463009,0.112057,0.00203906,-0.0134461,0.129928,-0.0365286,-0.00225263,0.218996,0.0346482,-0.00156251,-0.000282864,-0.0228073,0.00129746,-0.0112138,-0.000197097],[0.00462383,0.00320481,0.0114081,-0.00213301,-0.0167648,0.0184661,-0.00155297,-0.00841545,0.020806,0.0483177,0.000920212,-0.000984849,0.0389972,0.00839079,0.00629976,0.000316294],[-0.223889,-0.0357735,-0.721862,-0.673546,-0.285345,-0.0513168,0.408835,0.0489466,1.38796,2.81075,0.0400304,0.0203241,0.0474403,-0.294398,0.375274,-0.00189155],[-0.148485,-0.10672,-0.131066,-0.824095,0.00610571,-0.352162,0.489399,0.115967,-4.6353,0.128499,0.0276542,-0.00691196,0.309833,-0.0459219,-0.049558,0.0141921],[-0.00534543,-0.00338579,-0.0140138,0.0144985,-0.0157773,0.0481523,0.0191361,-3.94779e-05,-0.0524103,0.122517,0.00123459,-0.0032267,0.011676,-0.000222911,0.00336581,0.000141192],[0.023185,-0.0391095,0.0312094,-0.0946715,-0.127456,-0.000630717,-0.0460317,0.0235228,0.179273,-0.322539,0.00280255,0.0195537,-0.21995,0.0206249,-0.00717258,0.0157654],[-0.0240673,0.0561689,-0.0450616,-0.0894172,-0.0161308,0.168841,0.142937,0.097419,-0.193157,-0.365808,-0.000534145,-0.000541793,-0.000233526,0.0327202,0.0249048,0.0141119],[-0.118566,-0.109816,0.36702,0.0215734,-0.170974,-0.12975,-0.422713,-0.0136056,-1.40319,0.979034,0.0055623,-0.0386361,0.0244421,-0.00425885,-0.11762,0.00250271]],"sigmahat":[[2.23531,1.63343,4.51154,0.332821,1.68339,3.56081,-0.515217,-0.144332,2.85762,5.22478,0.0723862,0.0223268,1.72531,0.811999,0.256278,0.0512393],[1.63343,4.11323,3.36711,-0.65663,0.31775,3.99711,-0.628137,-0.0925377,-1.32678,2.47333,0.0247675,-0.0257802,1.15619,0.917346,0.124471,0.0813389],[4.51154,3.36711,17.1012,0.309166,1.82,9.30406,-1.45589,-0.161294,3.50484,7.89201,0.141245,0.077966,4.68103,1.78417,0.0023842,0.290972],[0.332821,-0.65663,0.309166,5.72661,0.384305,-0.57316,-0.37844,0.0477286,1.56684,9.32521,0.115503,0.0409387,1.69026,0.503252,0.0818493,-0.0449342],[1.68339,0.31775,1.82,0.384305,18.3573,2.78299,0.940598,-0.328813,-3.46523,4.019,-0.00513055,-0.130649,1.12151,2.07037,0.464605,-0.126383],[3.56081,3.99711,9.30406,-0.57316,2.78299,17.0286,-2.46085,-0.243434,7.3569,4.41566,0.0156316,-0.215852,5.33027,1.95009,-0.193459,0.0943052],[-0.515217,-0.628137,-1.45589,-0.37844,0.940598,-2.46085,7.5812,-0.0736139,2.30129,4.51473,0.180106,0.131693,0.0593454,-0.578286,1.26404,0.218786],[-0.144332,-0.0925377,-0.161294,0.0477286,-0.328813,-0.243434,-0.0736139,0.667535,0.289211,-2.47982,-0.0108396,0.00824395,-0.420726,-0.18266,-0.266241,0.00453259],[2.85762,-1.32678,3.50484,1.56684,-3.46523,7.3569,2.30129,0.289211,193.692,1.86766,-0.051807,0.0902756,-3.32305,-0.865395,1.39163,0.557842],[5.22478,2.47333,7.89201,9.32521,4.019,4.41566,4.51473,-2.47982,1.86766,126.537,1.22532,-0.323381,27.6294,7.33603,5.49067,0.422869],[0.0723862,0.0247675,0.141245,0.115503,-0.00513055,0.0156316,0.180106,-0.0108396,-0.051807,1.22532,0.0769626,0.0423952,0.455367,0.0700524,0.112007,0.00429317],[0.0223268,-0.0257802,0.077966,0.0409387,-0.130649,-0.215852,0.131693,0.00824395,0.0902756,-0.323381,0.0423952,0.0820494,-0.568805,-0.108564,0.0534055,0.00334493],[1.72531,1.15619,4.68103,1.69026,1.12151,5.33027,0.0593454,-0.420726,-3.32305,27.6294,0.455367,-0.568805,24.2877,4.39793,1.41701,0.103807],[0.811999,0.917346,1.78417,0.503252,2.07037,1.95009,-0.578286,-0.18266,-0.865395,7.33603,0.0700524,-0.108564,4.39793,2.95124,-0.0990815,0.0768422],[0.256278,0.124471,0.0023842,0.0818493,0.464605,-0.193459,1.26404,-0.266241,1.39163,5.49067,0.112007,0.0534055,1.41701,-0.0990815,1.83104,-0.0408469],[0.0512393,0.0813389,0.290972,-0.0449342,-0.126383,0.0943052,0.218786,0.00453259,0.557842,0.422869,0.00429317,0.00334493,0.103807,0.0768422,-0.0408469,0.103338]],"n":16,"lags":3}