{"betahat":[[3.01373,1.48854,6.99555,4.25801,5.27456,1.25096,-0.535756,1.43044,-11.3645,-0.316397,-1.03427,2.8148,0.10021,-0.131375,5.34635,3.02525,-0.525432,-0.228963],[0.841362,-0.0774858,-0.275485,0.0854734,0.35461,0.101344,0.0267079,0.00993204,0.235962,-0.0368956,-0.0591677,-0.136902,-0.0151567,-0.0223663,0.130951,0.041246,-0.0263063,0.00810765],[-0.0226062,0.844362,0.281258,0.0170164,0.209804,0.214507,0.266347,-0.0338648,0.0894126,-0.0588651,0.0163468,0.255052,-0.00236792,0.00348318,-0.0622855,0.000990452,0.121516,0.0136937],[0.0672576,0.0880693,1.0175,-0.0453211,0.0194262,0.0625085,-0.122851,-0.00613766,0.283919,-0.0129856,0.00317354,0.183089,0.00309929,0.00402171,-0.0512738,0.0198638,0.0076316,0.00139196],[-0.0474051,-0.0216047,-0.0974844,0.63318,-0.102255,0.0322192,-0.0276281,0.0404838,0.279862,-0.00157466,-0.00954542,-0.129395,0.0147772,0.00429139,0.0490121,0.0423749,0.00883633,0.006354],[-0.0559388,-0.0351746,-0.0808594,0.0141603,0.685417,-0.134661,0.105812,-0.00555295,0.00534121,0.0221083,-0.0242773,0.437113,0.00344441,0.000375159,0.0587434,0.0279766,0.0304072,0.00428334],[0.0419368,0.0401482,0.214797,0.0253595,-0.0992225,1.06477,-0.053014,-0.0135486,-0.0831654,-0.0630397,0.0189217,0.191112,0.000538336,-0.00221438,0.115325,-0.0296906,0.0249077,-0.000397161],[0.00059826,-0.00572961,-0.0251875,-0.0223647,-0.0244098,0.0619463,1.29819,-0.031191,-0.100382,0.0333434,0.140583,0.0331326,0.0145584,0.00946343,-0.0903044,-0.0425747,0.0528454,-0.0129178],[0.0504915,0.194623,-0.090031,-0.194614,0.252738,0.324875,-0.0217543,0.671247,-1.08466,-0.167754,0.115282,2.18435,0.0555065,0.0438308,0.294487,0.367107,0.74463,0.0450758],[-0.0145047,-0.0273375,-0.0808703,-0.0201735,-0.0031673,-0.141012,0.00404386,0.00116152,0.448645,0.0128198,-0.00574075,-0.0774383,-0.00190477,-0.00190154,0.00698491,-0.00582817,-0.0111609,-0.000714249],[0.00714525,-0.00557705,-0.0526221,0.00170164,0.0673425,-0.135788,0.0726351,-0.000631646,0.843927,1.32046,-0.247782,0.322195,0.00617875,-0.00224857,0.227094,0.138767,0.0152517,0.0141016],[0.0391539,0.0996726,0.00904833,-0.0270087,0.0144274,0.0890133,0.226642,-0.00587056,0.319768,0.0867449,1.23291,0.114872,0.0169483,0.00646349,0.102356,0.0667525,0.0378089,0.0335408],[-0.0105877,-0.00743268,-0.039525,-0.00991764,0.0158711,-0.017775,0.0248399,0.00685011,0.0353173,0.0204681,-0.0104028,0.944457,-0.0018423,0.00151493,-0.062283,-0.0142787,-0.00552592,0.00153508],[0.191721,0.328969,1.78944,0.243477,-0.182951,0.0167091,-0.190769,-0.0976552,-2.03957,0.207864,-0.0257373,-2.97469,0.975307,-0.0382661,0.598211,0.617859,-0.864366,0.0911713],[-0.989278,-0.550396,-2.79019,0.24106,-0.291859,-2.50959,-0.543084,0.199146,1.56092,0.310771,0.125538,-4.05987,-0.0469975,1.0316,-2.70688,-0.856418,0.0188278,-0.111441],[0.0457229,0.0409133,0.0891885,-0.0255965,0.0385295,0.0586426,-0.0249359,-0.0114817,0.0943787,0.00609246,0.0106534,0.0129889,0.00914354,0.00629993,1.09932,0.0269118,0.0187619,0.0061565],[0.132621,0.155032,0.121098,0.14616,0.126548,0.309015,0.0473671,-0.092147,-0.303805,0.0184052,-0.0594933,1.10107,0.0264651,0.000601257,0.425453,0.794021,0.0755024,0.0145755],[-0.0337391,0.047397,0.0789265,-0.0180509,0.0197176,-0.215694,-0.262991,-0.0248372,-0.433217,-0.0638296,0.410022,1.68241,0.00109176,0.00712542,0.0103438,0.206466,0.508512,0.00269383],[-0.147005,-0.202186,-0.995848,-1.1495,0.379356,-1.20706,1.05405,0.164097,3.30383,1.1262,0.507955,-2.56669,-0.0609522,0.0628625,-1.21479,-0.484075,0.497822,0.943921],[0.136838,0.100882,0.3317,-0.0453591,-0.252507,-0.033867,-0.078372,-0.0447084,-0.261993,0.0158424,0.0569537,0.478308,0.00842012,0.0125377,0.0237738,0.0195036,0.00444142,0.00299901],[0.0855909,0.101485,-0.0893126,-0.00235682,0.00365847,-0.0547562,-0.17407,0.00279274,-0.129815,0.0257355,0.0536824,0.307252,0.011469,-0.000105032,0.0962097,0.040032,-0.0411739,-0.0146269],[-0.0312056,-0.0472267,0.0300925,0.052917,-0.00308818,-0.0200508,0.0654334,0.00351831,-0.155819,0.026201,-0.0252515,-0.0443171,-0.00182628,-0.0021824,0.0411998,-0.00164948,-0.00320077,-0.00267198],[0.0308232,0.0355777,0.0470077,0.216505,0.0118752,-0.0892893,0.0344472,-0.0372626,0.135144,-0.00854098,0.0398114,0.475082,-0.0101662,-0.0139523,0.0203574,-0.0246614,0.016515,-0.000162314],[0.0253092,-0.0163073,0.0329422,0.00462814,0.123681,0.0338888,-0.069806,0.00391121,0.163035,-0.0260254,0.0168249,-0.178814,-0.000505546,-0.00333293,0.0594094,-0.0316043,-0.00451983,-0.00304567],[-0.0439732,-0.0445356,-0.12632,-0.02458,-0.00782109,-0.0570945,0.0318599,0.00544399,0.247047,0.0753759,-0.0350023,-0.0455598,0.00152365,0.000841544,-0.0612998,-0.00866877,-0.01544,-0.000330522],[0.00128107,0.0351136,0.0497263,0.010962,-0.0256674,0.0113701,-0.156671,0.0100724,0.16297,-0.0433934,-0.0923894,-0.0702244,-0.0126457,-0.00836079,0.0714624,0.040568,-0.0463206,0.0120632],[-0.0341609,-0.0589923,-0.11621,0.167945,-0.0890874,-0.0055183,-0.26401,0.128177,0.0576087,0.0710777,0.00352976,-0.890459,-0.0440183,-0.0645559,-0.087959,-0.323223,-0.677586,-0.0430854],[-0.0282683,-0.0233082,-0.0505317,0.0110703,0.0148004,-0.00720742,0.0473148,0.00109563,0.198049,-0.01223,0.0113679,0.0321171,0.00345335,0.00242191,0.00973168,0.00409193,0.0201258,0.000224747],[0.00910483,0.0647363,0.0721095,-0.00966875,-0.108603,0.194755,-0.0734402,0.0170168,-0.395193,-0.281798,0.15221,-0.111817,-0.00984899,-0.00121718,-0.192895,-0.0710335,-0.0157495,-0.00667538],[-0.0389568,-0.0528732,-0.0145378,-0.0214075,-0.0480015,-0.0892512,-0.0488763,0.00707341,-0.16722,0.0220505,-0.149684,0.0858325,-0.00180247,-0.000592491,-0.00916435,-0.00780994,-0.030067,-0.0127259],[0.00809403,0.00889764,0.029505,0.0104099,0.000370552,0.000978931,-0.0160715,0.00105976,-0.0523088,-0.0189728,0.00784481,0.010314,0.00126099,-6.06865e-05,0.0241756,0.00919698,0.00355897,-0.00120739],[0.066526,-0.30374,-0.859605,0.361333,0.693061,0.355398,-0.366749,0.0912702,0.653617,0.0823482,-0.0498584,0.0446736,-0.0686613,-0.0322908,-0.577991,-0.118716,0.384669,-0.110139],[1.18524,0.640258,3.05509,0.592218,0.174252,2.95468,-0.131918,-0.340951,3.60085,-0.203766,-0.0473677,3.90183,0.000425545,-0.0432536,2.38896,0.931363,0.0286198,0.0665678],[-0.0369399,-0.0279352,-0.0645677,0.00356397,-0.0288417,-0.0960547,0.0214782,0.00951464,-0.0316662,0.00241462,0.00378437,-0.102029,-0.00995795,-0.00203589,-0.103993,-0.0285607,-0.0149405,-0.00318118],[-0.101948,-0.107644,-0.142866,-0.079567,-0.113184,-0.150974,0.0654132,0.0379517,0.0188868,-0.0545042,-0.0176922,-0.881686,-0.0194384,0.00309655,-0.304733,-0.146148,-0.0343877,0.00633651],[0.00391439,-0.0229223,-0.0840849,0.168991,-0.148091,-0.0488696,-0.150535,-0.0828846,-0.90756,-0.243323,-0.014054,-0.954438,0.00752739,0.0276551,-0.492459,-0.162073,0.0662474,0.00766479],[0.139542,0.0541183,0.55533,1.07215,-0.651182,1.1586,-0.43741,-0.185436,-1.57567,-0.375718,-0.00366139,1.45516,0.0365112,0.00331885,0.868387,0.461636,-0.259066,0.0284595],[0.0217854,-0.0234127,-0.0562633,-0.0400969,-0.102114,-0.0675154,0.0516861,0.0347774,0.026226,0.0210682,0.00222961,-0.341413,0.00673404,0.00983041,-0.154772,-0.0607722,0.0218659,-0.0111037],[-0.0629952,0.0541355,-0.191982,-0.014643,-0.213469,-0.159783,-0.0922479,0.0310708,0.0406339,0.0331477,-0.0700144,-0.562285,-0.009103,-0.00337675,-0.0339567,-0.04104,-0.0803403,0.000936302],[-0.0360769,-0.0408834,-0.0476987,-0.00756263,-0.0163493,-0.0425372,0.0574131,0.00262297,-0.127838,-0.0131972,0.0220909,-0.138798,-0.0012753,-0.00183611,0.0100157,-0.0182416,-0.00443013,0.00128217],[0.0165682,-0.0139828,0.0504288,0.150317,0.0903707,0.0570415,-0.0067926,-0.00321992,-0.41479,0.0101345,-0.0302483,-0.345709,-0.00461452,0.0096621,-0.0694297,-0.0177419,-0.0253501,-0.00618874],[0.0306101,0.0514597,0.0478574,-0.018768,0.190854,0.100737,-0.0359887,0.00164697,-0.168187,0.00393163,0.00746975,-0.258361,-0.00294178,0.00296049,-0.11822,0.00358952,-0.0258906,-0.00123401],[0.0020188,0.00435879,-0.0885284,-0.000757537,0.107024,-0.0077484,0.0211531,0.00810377,-0.163685,-0.0123122,0.0160889,-0.145541,-0.0020636,0.00137589,-0.054062,0.038332,-0.00946349,0.000730412],[-0.00223841,-0.0264478,-0.0225264,0.00661647,0.0425598,-0.0723055,-0.134601,0.0214932,-0.0713554,0.0127973,-0.0511842,0.0343541,-0.00164421,-0.0012719,0.0330671,-0.000202116,-0.00760972,0.00143003],[-0.0141664,-0.0449713,-0.0284614,-0.0305345,-0.272476,-0.216658,0.261779,0.103986,1.40143,0.0820001,0.0369925,-1.08097,-0.019059,0.0175279,-0.371199,-0.118083,0.04416,-0.0155942],[0.0349122,0.0472444,0.108366,0.00172102,-0.00938344,0.127759,-0.0359834,-0.00325109,0.242128,-0.005698,-0.00772272,0.0413745,-0.00208695,-0.000862348,-0.0180678,0.00168442,-0.00981505,0.000322756],[-0.0156124,-0.0484531,-0.0204382,-0.00637654,0.0452926,-0.0429372,0.0314673,-0.0156568,-0.375301,-0.0708625,0.096785,-0.227956,0.00215089,0.00288392,-0.0458813,-0.0672192,0.00275911,-0.00777676],[-0.000252157,-0.0471125,0.00533237,0.0483189,0.0338099,4.04699e-05,-0.176821,-0.00125184,-0.149424,-0.108039,-0.0835818,-0.200242,-0.0151383,-0.0059015,-0.0930801,-0.0587781,-0.00794018,-0.0207579],[0.00151782,-0.00237,0.00741244,-0.00220488,-0.0162839,0.0149298,-0.0105956,-0.00796141,0.0178376,-0.00185594,0.00330078,0.0255597,0.000433421,-0.00134946,0.0343473,0.00284627,0.00216438,-0.000377426],[-0.265387,-0.092314,-0.800319,-0.677963,-0.596146,-0.266135,0.598971,0.0147219,1.88856,-0.168237,-0.135355,3.27666,0.0718944,0.0484619,0.128186,-0.387638,0.436527,0.0507501],[-0.212806,-0.0844704,-0.274411,-0.893458,0.106601,-0.36261,0.684867,0.134853,-4.91167,-0.0829219,-0.154791,0.225668,0.0378497,-0.00960318,0.302587,-0.0282351,-0.0741067,0.036651],[-0.00925593,-0.0137918,-0.0266991,0.0222389,-0.00967242,0.0351719,0.00448903,0.00207591,-0.0567147,-0.00794229,-0.0141775,0.0885978,0.000750665,-0.00411972,0.00158543,0.000948571,-0.00364353,-0.002877],[-0.00797418,0.0237028,-0.0487479,-0.0910777,0.0891608,0.0751733,-0.0027075,0.00517223,0.0636405,-0.055438,0.017488,-0.214987,0.0029659,0.0119235,-0.217451,-0.0646912,0.00466245,0.0146672],[-0.034937,0.0450187,-0.0935441,-0.0459745,0.0165455,0.0808477,0.133587,0.10546,-0.29013,-0.0742044,0.0290896,-0.545607,-0.00634446,-0.00100706,-0.0575098,-0.041765,0.0060362,0.00596967],[-0.129507,-0.119822,0.215763,0.111031,0.0430742,-0.188333,-0.50826,-0.000616979,-0.96195,-0.580055,-0.702609,0.894706,0.0315038,-0.0403069,0.131357,-0.0191019,-0.15896,-0.000456028]],"sigmahat":[[2.17448,1.60303,4.36927,0.236631,1.63679,3.55225,-0.400032,-0.135073,2.59071,-0.0320664,0.240319,6.47303,0.0767184,0.010292,1.93809,1.14972,0.28244,0.04109],[1.60303,3.91935,3.35109,-0.584426,0.382644,3.91098,-0.665476,-0.100533,-1.08881,-0.798834,0.88982,4.20976,0.0239053,-0.0421072,1.51118,1.26815,0.184383,0.050045],[4.36927,3.35109,16.4105,-0.0438975,1.89733,8.97926,-0.987726,-0.138803,3.23943,0.00669137,-0.206601,10.7108,0.167091,0.0664153,5.29132,2.70595,0.217529,0.287512],[0.236631,-0.584426,-0.0438975,5.41546,0.3645,-0.559231,-0.118805,0.0598783,1.35001,0.123383,0.137924,8.97816,0.118855,0.0383363,1.51095,0.156775,0.0301827,-0.0304368],[1.63679,0.382644,1.89733,0.3645,17.3001,2.6714,0.926522,-0.28918,-2.90831,-0.287542,-0.220241,5.2286,0.00148005,-0.155192,1.62676,2.23975,0.541316,-0.176459],[3.55225,3.91098,8.97926,-0.559231,2.6714,16.2201,-2.27538,-0.235407,6.91461,-1.8806,1.2865,7.51868,0.0302258,-0.260345,6.30965,2.99849,-0.0244858,0.0858725],[-0.400032,-0.665476,-0.987726,-0.118805,0.926522,-2.27538,6.07788,-0.109664,2.91434,1.99524,-0.629824,5.91009,0.140942,0.118067,0.228758,-0.0977884,1.14083,0.15101],[-0.135073,-0.100533,-0.138803,0.0598783,-0.28918,-0.235407,-0.109664,0.62967,0.189514,-0.278829,-0.170911,-2.67467,-0.00615536,0.0131575,-0.472825,-0.11342,-0.268037,0.00874996],[2.59071,-1.08881,3.23943,1.35001,-2.90831,6.91461,2.91434,0.189514,172.605,5.3409,-0.0566341,2.49912,-0.00562282,0.128791,-3.17291,-0.964698,1.32137,0.429863],[-0.0320664,-0.798834,0.00669137,0.123383,-0.287542,-1.8806,1.99524,-0.278829,5.3409,4.74923,-1.59704,3.44924,0.049547,0.0474222,-0.508609,-0.470877,0.0150792,0.149452],[0.240319,0.88982,-0.206601,0.137924,-0.220241,1.2865,-0.629824,-0.170911,-0.0566341,-1.59704,2.73668,-0.137854,-0.0114891,-0.011482,0.190261,0.138489,0.294683,-0.0846213],[6.47303,4.20976,10.7108,8.97816,5.2286,7.51868,5.91009,-2.67467,2.49912,3.44924,-0.137854,149.113,1.35116,-0.420805,32.3834,10.6654,6.25376,0.438609],[0.0767184,0.0239053,0.167091,0.118855,0.00148005,0.0302258,0.140942,-0.00615536,-0.00562282,0.049547,-0.0114891,1.35116,0.0681405,0.0359767,0.47224,0.119736,0.10846,-0.00559845],[0.010292,-0.0421072,0.0664153,0.0383363,-0.155192,-0.260345,0.118067,0.0131575,0.128791,0.0474222,-0.011482,-0.420805,0.0359767,0.0780391,-0.557519,-0.103396,0.0523798,-0.00088343],[1.93809,1.51118,5.29132,1.51095,1.62676,6.30965,0.228758,-0.472825,-3.17291,-0.508609,0.190261,32.3834,0.47224,-0.557519,23.9605,4.94478,1.49494,0.0724395],[1.14972,1.26815,2.70595,0.156775,2.23975,2.99849,-0.0977884,-0.11342,-0.964698,-0.470877,0.138489,10.6654,0.119736,-0.103396,4.94478,3.76441,0.320172,0.0214415],[0.28244,0.184383,0.217529,0.0301827,0.541316,-0.0244858,1.14083,-0.268037,1.32137,0.0150792,0.294683,6.25376,0.10846,0.0523798,1.49494,0.320172,1.6447,-0.0324149],[0.04109,0.050045,0.287512,-0.0304368,-0.176459,0.0858725,0.15101,0.00874996,0.429863,0.149452,-0.0846213,0.438609,-0.00559845,-0.00088343,0.0724395,0.0214415,-0.0324149,0.0845342]],"n":18,"lags":3}