{"betahat":[[1.5736,1.07045,0.628891,8.5828,-1.19751,-0.688588,0.262921,-0.00318305,0.277292,0.154959,0.0859834,39.3382,0.335407,-0.229611,14.6396,3.49114,0.0299565,2.22095,4.5011,0.780791,0.120821],[0.878483,-0.158141,-0.13071,0.518139,0.374865,0.703408,-0.0173938,-0.00966294,0.0146106,0.00173434,-0.00105517,1.37903,-0.00806101,-0.0288556,0.410957,0.0116027,-0.00038876,0.0911013,-0.0214575,0.136228,-0.0182908],[0.0532723,0.849606,0.0171828,0.274338,0.124394,0.01309,0.06812,-0.019983,0.00461601,-0.00350454,0.00526356,0.294651,0.014387,0.0128551,0.189505,-0.057329,-0.00194996,-0.139206,-0.154132,0.120973,0.00924328],[-0.00593123,-0.0268336,0.634034,0.385414,0.0414404,0.0607471,0.0166866,0.00297705,0.00234564,0.00406395,-0.00504639,0.412645,-0.00695158,-0.0227396,0.130905,0.0392979,0.00178457,-0.101635,0.00349295,-4.24433e-05,0.00676556],[-0.0337884,0.0059068,0.0291309,0.707437,-0.0166684,-0.0571037,-0.00662404,-0.000446134,-0.00251334,-0.00349533,-0.00308252,-0.317186,-0.00518613,-0.00531179,-0.0603739,-0.0106406,-0.00106183,0.0125705,-0.0900297,-0.0144086,-0.0058936],[0.0365837,-0.0197771,-0.0137551,0.321085,1.0394,0.107152,0.00907409,-0.00489511,0.00645918,0.00414918,0.00487257,0.341193,0.000449341,0.00130615,0.114665,0.038561,0.00219539,0.0361189,0.0389805,0.00650862,0.0048638],[0.052663,0.00459079,0.0514478,-0.00530293,0.0263982,0.946624,0.0170517,-0.00626769,0.00257427,0.00104686,0.00212071,-0.145716,0.000530326,0.00293573,0.0377782,0.0315434,0.00220709,0.0119297,-0.032052,-0.00168835,0.00334462],[0.300686,0.0434696,-0.0533697,-0.499343,0.277141,-0.425708,0.767586,0.000518368,-0.0154426,-0.0350161,-0.0251121,-1.29728,-0.0201513,0.0307567,-0.92561,-0.106199,-0.0172645,-0.124927,-0.0362409,0.276989,0.0109942],[0.665636,-0.474465,1.00244,3.39303,-0.0428588,0.0870309,0.491547,0.887085,-0.0970897,-0.160411,-0.117301,-4.69726,-0.109843,-0.0842259,0.336918,-0.348605,-0.0850757,-0.957534,-0.0953107,0.978271,-0.0409958],[0.152733,0.195708,-0.530081,0.682487,0.259559,-0.38732,0.468654,-0.135436,1.16994,0.121656,-0.213449,-1.15529,-0.0992398,-0.0275113,2.67858,0.641858,0.111366,-0.265639,0.905206,0.545932,0.185216],[-0.32189,0.29111,-0.367542,0.724835,0.497355,2.01305,-0.163312,0.0312998,0.0316507,0.983831,-0.0408224,3.01034,-0.00483177,-0.0491634,-1.73331,0.0312281,0.128741,-1.5428,0.147013,-0.0613192,0.249011],[0.212272,0.27175,-0.282772,6.22496,0.184383,2.47134,0.0734665,-0.0434404,0.10496,0.190567,1.19411,6.7036,-0.0189883,0.0188162,-0.516148,0.304704,0.0746705,0.345958,0.331,0.720697,0.0921578],[-0.00462028,-0.020516,-0.004994,0.0546409,0.000653136,0.00978026,0.00799708,0.00101545,0.000568977,0.00123351,-0.001558,1.01642,0.000579402,0.0015328,-0.0367079,0.0148799,-0.000492889,0.00692013,0.00632241,0.00495174,0.00149153],[0.400097,0.677023,-0.163581,1.99667,0.762841,1.38219,0.0776443,0.0062908,0.00802347,0.0135456,-0.00599403,-5.0143,1.05579,0.0335901,0.379871,0.141359,0.004381,-0.508394,0.883956,-0.760818,0.0812137],[-0.4876,-0.497657,-0.131661,-3.67331,-0.65848,-1.56474,-0.202216,0.0904892,-0.0657733,-0.0899272,-0.0146279,-1.49514,0.0110613,1.01802,-1.85164,-0.331992,-0.0710729,-0.329078,-0.0437488,0.160858,0.00415019],[0.0574322,0.0413189,0.00276182,0.0921819,0.109593,0.0901275,0.00442201,-0.00203376,0.00249635,0.00315285,0.00964323,0.0845712,0.0105176,0.00346783,1.13105,0.0210038,0.00308482,0.00644272,0.0778171,0.00678573,0.00276841],[0.0302878,-0.011317,0.00744048,-0.236312,-0.0960575,-0.243481,-0.0377689,-0.0196284,0.00151594,-0.0054281,0.0271618,-0.873217,0.0170702,0.01133,0.141214,1.08845,-0.00190693,-0.0448734,-0.134149,0.0632058,0.00691143],[-0.00899536,-0.0331516,-0.536817,-0.501424,-2.40453,-2.4659,0.333482,0.136758,0.0534448,0.0243913,-0.150392,-4.45378,-0.141945,-0.272367,1.16195,0.606176,0.958552,-0.0669404,0.432859,0.616129,-0.138653],[-0.0431008,-0.0436752,-0.00996264,-0.114274,-0.131209,-0.206632,0.015619,0.00340195,-0.000192913,0.00617301,-0.00361677,-0.19132,-0.00573425,0.00782757,-0.27633,0.00462936,-0.00607996,1.00495,-0.254349,-0.0460671,0.00937625],[-0.0832074,-0.0472364,-0.0692068,-0.250581,-0.0839113,-0.109432,0.0080991,0.0124795,-0.00238208,-0.00035546,0.00223644,0.466487,0.00911452,0.00300078,0.0699518,-0.0029958,0.00132279,-0.020967,0.521726,-0.0656194,0.00542206],[-0.263387,-0.131076,-0.000140132,-0.433351,-0.394901,-0.405927,0.0113319,-0.00886463,0.0137041,0.0166195,0.000621375,1.33341,0.0182297,0.0348987,-0.349549,-0.0132264,0.0235029,0.121988,-0.50049,0.364278,0.0382557],[0.0285508,0.555738,1.96574,-0.422489,-1.43256,-0.835064,-0.236909,-0.125608,0.018501,-0.00274567,0.0195593,-1.03886,-0.0832565,-0.0371131,-0.117181,-0.374724,0.0368122,0.158877,0.562821,0.348097,0.952256],[0.0813527,0.0494316,0.0967102,-0.25861,-0.2194,-0.423204,0.0132106,0.000484582,-0.0071215,0.000633003,0.000455837,-0.869628,0.00518332,0.0217385,-0.226243,-0.00730936,0.00177418,-0.0731302,0.0505091,-0.0869579,0.0163053],[-0.0894625,-0.0476109,0.0365648,-0.219471,-0.0212726,0.0259236,-0.0428428,0.0141741,-0.00199897,0.00156028,-0.00750673,-0.227393,-0.0110374,-0.0124623,-0.103324,0.0345737,0.00285315,0.10018,0.123184,-0.0804384,-0.00817037],[-0.0101105,0.0237363,0.198104,-0.321353,-0.127809,-0.145691,0.00191565,0.00495799,-0.00103711,0.00214651,0.00209888,-0.274968,-0.00312786,0.00906844,-0.0458897,-0.0308189,-0.000421893,0.0289304,-0.0493845,-0.0261699,-0.00168],[0.0383117,-0.00332724,-0.0440406,0.248866,0.0258902,0.0432656,-0.00138724,-0.000440989,0.00194973,0.00231195,0.00184205,0.227933,0.00440389,0.00626071,0.00638841,0.0059037,0.00047702,0.0080464,0.0444451,0.00986357,0.00520508],[-0.00880276,0.0161448,0.0356943,-0.235378,-0.0244064,-0.088017,-0.00709542,0.00266871,-0.00559817,-0.00317666,-0.00235836,-0.228995,-0.00145423,-0.00100672,-0.0713263,-0.0319661,-0.00131279,-0.0463888,-0.011075,0.00710643,-0.00369229],[-0.0083772,0.00492006,-0.0255973,-0.00985751,0.0176285,0.0363225,-0.015057,0.00468532,-0.00322966,-0.00180449,-0.00228017,0.0550547,-0.00246164,-0.0022471,-0.0668444,-0.0290564,-0.00217563,-0.0109313,0.0107418,0.00647031,-0.00330231],[-0.168161,-0.00162131,0.04476,0.576718,-0.31908,0.25192,0.0245905,-0.0262658,-0.00112483,0.016548,0.0423922,0.03223,0.041998,0.0239805,0.576737,0.0549837,0.0129292,0.265775,0.142224,-0.164535,-0.0224005],[-0.371077,0.918165,-0.511585,-2.79288,-0.117791,-0.219142,-0.773293,0.0420436,0.0285235,0.0584234,0.0143497,-0.505332,-0.0122784,-0.114531,-0.105793,-0.391956,0.0127455,0.424263,0.0640712,-0.415942,0.0911963],[-0.19392,-0.1354,0.490017,-1.72109,-1.48511,-1.47639,-0.424972,0.12869,-0.167216,-0.12854,0.106868,-1.22723,0.00480566,0.108934,-2.98611,-0.399889,-0.119943,0.163117,-0.639236,-0.201684,-0.229964],[-0.0730745,-0.709731,0.221623,0.735022,-1.18234,-1.46662,0.232182,-0.0325877,-0.0596608,-0.00821439,0.00584487,-7.4016,-0.0312743,0.0219243,0.615718,0.684683,-0.0692472,0.816655,-0.50365,-0.444959,-0.065431],[-0.330727,-0.125741,0.0912014,-3.8857,-0.754793,-1.96057,0.0707906,0.0402076,-0.0890433,-0.14978,-0.261,-5.56982,-0.00493932,-0.0145014,-0.946931,-0.305921,-0.0746727,-0.248467,-0.418961,-0.374423,-0.0862498],[0.00469071,0.0165245,0.00901472,-0.0539933,0.00242583,-0.00733322,-0.00622241,-0.000310304,-0.000836242,-0.000810457,0.00133958,0.000520585,0.000268609,-4.58999e-05,0.014468,-0.0117087,0.000285587,0.000670416,0.0131895,-0.00191907,-0.00178835],[0.140188,0.0164164,0.297174,-1.45718,0.122089,-0.486489,-0.106557,-0.00910908,-0.00190919,0.00166595,0.00632191,1.66735,-0.075051,-0.0338262,-0.239798,-0.1064,0.000371154,0.254062,-0.145928,0.244506,-0.0387025],[0.495731,0.600839,0.0711503,3.08537,0.560757,1.24082,0.237392,-0.0994454,0.0958796,0.105967,0.00515359,2.63815,-0.00975817,-0.04486,1.94712,0.382391,0.0724613,0.0797439,0.459607,-0.162722,0.0464261],[-0.0336579,-0.0353601,-0.017569,-0.1043,-0.0810165,-0.10013,0.000986961,0.00262942,-0.00484206,-0.00326924,-0.00531335,-0.105422,-0.0109029,-0.000757181,-0.126907,-0.014777,-0.00329004,-0.0123999,-0.0484189,-0.00726501,-0.00459011],[-0.0447271,-0.0268224,-0.0808185,0.165016,0.0725736,0.171038,0.00204966,0.0071957,0.00375018,0.0116597,-0.0181645,0.72371,-0.0153354,-0.0129254,0.0446292,-0.105302,0.0027978,0.0653552,0.0416229,-0.0425533,0.0040443],[0.297856,0.13556,0.910604,1.02774,2.4394,2.49541,-0.0555906,-0.0709416,-0.0191424,0.00663158,0.0424626,2.69618,0.0838435,0.247104,0.26891,-0.284044,0.0642627,0.119534,0.0581802,-0.704015,0.0533044],[0.0111562,0.000593963,-0.0462846,-0.062639,0.0183818,0.0217971,-0.0213329,0.00260604,-0.00269614,-0.00537541,-0.0122011,-0.118767,-0.0208053,-0.00935056,-0.034166,0.0189662,0.00658928,-0.0673616,0.0567484,-0.0323007,-0.00154753],[-0.00811358,0.0210983,0.0374792,0.13705,-0.079741,0.00660805,0.000758739,-0.00478045,0.00224903,0.00148711,0.00181087,-0.25469,-0.00514638,-0.000107028,-0.111149,0.0102546,0.000369795,0.0203179,-0.0879479,0.0336314,-0.00116929],[-0.245626,-0.0536957,0.169446,-0.451198,-0.230486,0.0675124,0.116742,0.0174505,-0.00570592,-0.0176838,0.0188386,-0.33472,-0.0210529,0.0116078,-0.529435,0.154564,-0.00497065,-0.115236,-0.193152,-0.0690052,-0.0426891],[0.186049,-0.570982,-1.37998,-0.435214,1.26234,0.0821552,0.0555371,0.100864,-0.0253922,-0.00814485,-0.0495648,-0.844771,0.0563039,0.0187663,0.476836,0.184011,-0.0280745,-0.0671273,-0.308122,-0.327151,0.0364192],[0.0401781,0.108744,0.0340055,-0.259553,-0.155371,-0.280049,0.00419347,0.00917936,-0.00749405,-0.00236731,0.000598528,-0.509821,0.00288036,0.00712036,-0.184771,-0.00431875,-0.00138228,-0.0179335,-0.0291491,-0.049258,0.00198046],[0.0361933,0.198002,-0.0537591,-0.054884,-0.103099,-0.0389669,-0.0252714,0.00581095,-0.00262114,0.0019448,0.00224103,-0.0676801,-0.00335139,-0.000390144,-0.0862648,0.0227302,-0.000902298,0.0390446,0.0308137,-0.0405397,-0.00107663],[0.0160542,0.00315677,0.167797,-0.0640399,0.0864129,0.0850599,-0.0185967,-0.00793534,-0.00131151,-0.00621128,0.00294674,-0.137986,0.0100854,0.013673,-0.0850225,-0.00848954,-0.00136175,0.0727101,0.045809,0.0262114,-0.00508523],[-0.00448406,-0.00248628,0.0149093,0.043327,-0.00896585,0.0140523,0.00804076,0.000889278,0.000561828,0.00118406,0.0012397,0.0893186,0.000801472,-0.00093823,0.0540949,0.00472384,0.000586077,-0.0205569,0.0455036,0.00459966,0.000688118],[-0.0277523,0.00366206,-0.0219071,-0.085825,-0.0149048,-0.019024,-0.00196817,0.00222789,-0.000869685,-0.000972506,-0.00251778,-0.113088,0.0010006,-0.000295976,-0.0434707,-0.00664394,-0.000876269,0.0103432,-0.0279499,-0.0136,-0.00118333],[-0.0442506,-0.00947984,-0.0258497,0.0149367,-0.0439536,0.0170678,-0.00198627,0.00158353,0.000649944,0.000757535,0.000154282,0.0899776,0.00192967,-0.000684511,0.0290081,-0.00252091,-2.85626e-05,-0.000940614,0.0212801,-0.00476943,-4.94587e-05],[-0.132436,-0.041607,0.00843671,-0.0776962,0.0424879,0.174488,0.207828,0.0257454,0.0165358,0.018455,-0.0172901,1.26321,-0.0218299,-0.0547472,0.3488,0.0511319,0.00433617,-0.140854,-0.106294,-0.112504,0.0113806],[-0.134095,-0.309842,-0.469793,-0.0785677,0.198212,0.240512,0.2312,0.0155565,0.0474597,0.0569103,0.0724946,3.74004,0.0644105,0.150849,-1.05222,0.661857,0.0268981,0.0262016,0.486719,-0.402354,-0.0132261],[-0.0400418,-0.159712,0.1166,0.58167,0.977763,1.46958,-0.0659891,0.0276892,-0.0257199,-0.0116847,0.106949,1.66818,0.0830401,-0.0484382,-0.26597,-0.287609,0.00796624,0.150412,-0.285493,-0.35318,0.0120424],[0.387832,0.466991,0.188867,-1.49819,0.632467,-0.546981,-0.0701762,0.00389038,0.023001,0.00446304,0.0364121,4.31504,0.0459768,0.0459933,0.910234,-0.648047,-0.0624226,0.655348,0.380342,0.501316,-0.190855],[0.0267862,-0.090762,0.152659,-2.2406,0.405583,-0.517706,-0.152813,0.00338327,-0.0134155,-0.0427597,0.0406163,-1.14341,0.0189625,-0.00834495,1.32591,-0.0426863,-0.00386396,-0.0468472,0.204896,-0.353081,-0.00744237],[-0.00143723,0.00129769,-0.00285929,-0.00654934,-0.00183132,-0.00245752,-0.00229341,-0.000471377,0.000120228,-0.000333872,0.000237706,-0.0682534,-0.000918441,-0.00111992,0.0167363,-0.00590453,0.000409887,-0.00640703,-0.0193779,-0.00266702,-0.000139171],[-0.372688,-0.636462,-0.213524,-0.872642,-0.324249,-0.641801,0.0530776,0.0123898,0.0024722,0.00236796,-0.0128018,3.00405,-0.0115366,-0.00700321,-0.236903,-0.060072,-0.00922776,0.0770924,-0.700519,0.447226,-0.0284031],[-0.030822,-0.129134,-0.046724,0.262969,0.129837,0.252783,-0.0524225,0.0269671,-0.0374369,-0.0124989,-0.00335739,-1.19485,-0.0224611,-0.0101273,-0.175534,-0.133284,-0.0042267,0.170397,-0.428147,-0.0570653,-0.0469071],[-0.0233738,-0.00568891,0.0155511,0.0101078,-0.0262758,0.0120482,-0.00500632,-0.00055649,0.00223885,0.000125264,-0.0042926,0.0140903,0.00053791,-0.00233186,-0.009334,-0.0069893,0.000255815,0.00661523,-0.0317374,0.000835746,0.0017077],[0.014466,0.0382027,0.0733857,0.0712499,0.0236312,0.0726567,0.0357327,0.0124347,-0.00527358,-0.00623138,-0.00899849,0.149046,-0.00172679,0.00159991,-0.185886,0.016796,-0.000887409,-0.0204204,0.0923757,-0.0206385,-0.01096],[-0.312463,-0.0352096,-0.384462,-0.571865,-0.158266,-0.101991,-0.298708,-0.0649112,-0.0421427,-0.043796,0.104175,1.49548,0.060829,0.0319954,-1.58619,-0.318485,-0.0320971,-0.0605352,-0.538731,0.0837703,0.0842906],[0.0318871,0.0433155,0.056269,0.176722,0.112835,0.185186,0.00574287,-0.00598451,0.00288349,-0.000788051,0.015818,0.310005,0.0266193,0.0015872,0.310175,-0.0237082,-0.00052235,0.0621273,0.196901,0.0784443,-0.00776696],[0.00302923,0.0602817,-0.0370549,-0.066387,0.00147884,-0.0093286,0.00867674,-0.00661837,0.00234308,0.00149672,0.00160637,-0.0262575,0.000788434,0.00293152,-0.0626803,-0.00100153,0.000291124,0.0196977,0.000292187,0.0219468,0.00132335],[-0.0037722,0.0431652,-0.142278,-0.157387,-0.140121,-0.260868,0.0333713,-0.00229454,0.00213582,0.00810983,0.0162669,-0.244006,0.00391287,0.0139274,-0.332419,0.0267844,0.00638597,-0.0177399,-0.0606969,0.00524575,0.0359878],[-0.208088,-0.0132855,-0.470537,1.06027,0.18947,0.889663,0.18648,0.0200393,0.00347656,-0.00745569,0.0310554,0.93825,0.00850316,0.0154706,-0.480595,0.241304,-0.00789343,-0.213116,-0.318175,-0.11005,-0.0314759]],"sigmahat":[[1.63307,0.867155,0.474085,0.527504,2.43013,1.07926,0.0216275,-0.0653186,0.0344817,0.0204379,0.077575,3.59643,0.0512116,0.00310353,1.86801,0.267302,0.0141435,0.046823,1.59989,0.226254,0.0543418],[0.867155,1.58333,0.11261,-0.190101,1.28493,1.26117,-0.00844661,-0.0562851,0.0316392,0.0181597,0.0728039,3.68487,0.0784645,-0.0146811,1.93243,0.241476,0.0100948,0.188236,1.77845,0.163431,0.0768874],[0.474085,0.11261,3.50172,-0.542524,0.510381,0.572449,0.0743926,-0.00912053,-0.0340815,-0.0569633,0.0170704,-1.56334,-0.0270273,0.0735423,-0.977782,0.131478,-0.00365638,0.0588728,0.46398,0.136507,-0.148172],[0.527504,-0.190101,-0.542524,22.0602,0.214918,7.12722,0.266357,-0.180513,0.203445,0.147403,0.0427378,6.59136,0.0427822,0.0473916,2.95982,1.33168,0.103902,-0.20561,1.5835,0.240111,0.0836897],[2.43013,1.28493,0.510381,0.214918,9.2662,7.46946,0.204338,-0.15546,0.154118,0.103333,0.169948,13.0171,0.174699,-0.0849488,5.91606,0.623168,0.0789409,0.395953,3.9,0.608616,0.150066],[1.07926,1.26117,0.572449,7.12722,7.46946,10.9244,0.30687,-0.169367,0.201486,0.122474,0.153618,13.8951,0.177039,-0.0884367,5.92374,1.00688,0.106924,0.363069,3.94543,0.479176,0.113368],[0.0216275,-0.00844661,0.0743926,0.266357,0.204338,0.30687,0.315031,-0.00247945,0.0152156,0.0101605,0.00759566,2.44569,0.0182244,0.0105178,0.232377,0.0999156,0.0101529,-0.05966,0.179191,0.0334037,-0.000648431],[-0.0653186,-0.0562851,-0.00912053,-0.180513,-0.15546,-0.169367,-0.00247945,0.0214464,-0.0079733,-0.00378391,-0.00798846,-0.200443,-0.00599856,0.00142451,-0.218258,-0.0401128,-0.00384323,-0.0177703,-0.114778,-0.028569,-0.00770651],[0.0344817,0.0316392,-0.0340815,0.203445,0.154118,0.201486,0.0152156,-0.0079733,0.0147618,0.0106708,0.00755356,0.707898,0.00902405,-0.00646359,0.305007,0.0290858,0.00642328,0.000505263,0.11231,0.0302038,0.0135785],[0.0204379,0.0181597,-0.0569633,0.147403,0.103333,0.122474,0.0101605,-0.00378391,0.0106708,0.0160612,0.0090288,0.449685,0.00920778,-0.00340952,0.222875,0.00817859,0.0074123,-0.000804272,0.0605409,0.00708602,0.0159517],[0.077575,0.0728039,0.0170704,0.0427378,0.169948,0.153618,0.00759566,-0.00798846,0.00755356,0.0090288,0.0365076,0.748433,0.0300686,0.0135223,0.264543,0.0373294,0.0083558,0.012961,0.0874847,0.0308561,0.0163451],[3.59643,3.68487,-1.56334,6.59136,13.0171,13.8951,2.44569,-0.200443,0.707898,0.449685,0.748433,144.721,1.41445,-0.314969,29.8994,1.57514,0.342731,0.429936,12.1915,3.952,0.812182],[0.0512116,0.0784645,-0.0270273,0.0427822,0.174699,0.177039,0.0182244,-0.00599856,0.00902405,0.00920778,0.0300686,1.41445,0.0754602,0.039343,0.399012,0.0360703,0.00906273,0.0536193,0.186303,0.0750496,0.0268318],[0.00310353,-0.0146811,0.0735423,0.0473916,-0.0849488,-0.0884367,0.0105178,0.00142451,-0.00646359,-0.00340952,0.0135223,-0.314969,0.039343,0.0721168,-0.49442,0.0145921,0.00134848,0.0256785,0.0163587,0.0185884,-0.00169753],[1.86801,1.93243,-0.977782,2.95982,5.91606,5.92374,0.232377,-0.218258,0.305007,0.222875,0.264543,29.8994,0.399012,-0.49442,21.2118,0.746896,0.111699,0.938379,4.30857,1.25079,0.348183],[0.267302,0.241476,0.131478,1.33168,0.623168,1.00688,0.0999156,-0.0401128,0.0290858,0.00817859,0.0373294,1.57514,0.0360703,0.0145921,0.746896,0.988134,0.0172102,-0.0410496,0.711503,-0.00891905,0.03859],[0.0141435,0.0100948,-0.00365638,0.103902,0.0789409,0.106924,0.0101529,-0.00384323,0.00642328,0.0074123,0.0083558,0.342731,0.00906273,0.00134848,0.111699,0.0172102,0.00964923,0.0130804,0.0407055,-0.00309539,0.00847607],[0.046823,0.188236,0.0588728,-0.20561,0.395953,0.363069,-0.05966,-0.0177703,0.000505263,-0.000804272,0.012961,0.429936,0.0536193,0.0256785,0.938379,-0.0410496,0.0130804,1.47197,0.0318382,0.103008,-0.0209841],[1.59989,1.77845,0.46398,1.5835,3.9,3.94543,0.179191,-0.114778,0.11231,0.0605409,0.0874847,12.1915,0.186303,0.0163587,4.30857,0.711503,0.0407055,0.0318382,9.01836,0.619389,0.118966],[0.226254,0.163431,0.136507,0.240111,0.608616,0.479176,0.0334037,-0.028569,0.0302038,0.00708602,0.0308561,3.952,0.0750496,0.0185884,1.25079,-0.00891905,-0.00309539,0.103008,0.619389,0.890567,0.0183026],[0.0543418,0.0768874,-0.148172,0.0836897,0.150066,0.113368,-0.000648431,-0.00770651,0.0135785,0.0159517,0.0163451,0.812182,0.0268318,-0.00169753,0.348183,0.03859,0.00847607,-0.0209841,0.118966,0.0183026,0.0552747]],"n":21,"lags":3,"seasonalRows":0}