{"betahat":[[1.49667,1.53041,1.13372,5.45198,-2.58424,-2.30437,-0.381617,-0.0511602,0.145656,0.0431592,0.173111,18.2886,0.346025,-0.135493,13.0469,5.47732,0.37015,0.0487545],[0.880883,-0.148439,-0.16905,0.541093,0.484336,0.826353,-0.00593233,-0.0124743,0.0190504,0.00348664,0.00183859,1.7835,-0.000924719,-0.0316533,0.616288,0.375119,0.234141,-0.0111119],[0.0462383,0.872335,0.0540273,0.126211,0.148337,0.0187319,0.0703772,-0.0181608,0.0022494,-0.00670956,0.00719561,0.162123,0.0199923,0.0207928,0.163918,-0.126039,0.0473489,0.017058],[-0.0212783,-0.056292,0.573216,0.437932,0.013565,0.0238753,0.0179762,0.00394523,0.00339182,0.00458198,-0.00656919,0.522044,-0.00734107,-0.0241414,0.13057,-0.00505691,-0.0242344,0.00699413],[-0.0335426,0.0169621,0.0313683,0.684171,-0.00364294,-0.040539,-0.00718727,-0.00124877,-0.00244339,-0.00396727,-0.00242082,-0.271433,-0.00385337,-0.00609061,-0.045152,-0.0286263,-0.0113703,-0.00759372],[0.0334555,-0.0296087,-0.0269717,0.322564,1.01067,0.0750498,0.00827817,-0.0020795,0.00477186,0.00356257,0.00553415,0.247996,0.000431717,0.00453405,0.0533689,0.0619436,-0.0160879,0.00940034],[0.0651104,0.0164971,0.0619401,-0.0258165,0.0468868,0.950468,0.0144922,-0.00717521,0.00229471,0.000372162,0.00270809,-0.285273,0.00184747,0.00362344,0.0338959,-0.0732769,-0.0184237,0.00612685],[0.334902,0.0616239,-0.0346788,-0.514633,0.20379,-0.513917,0.724517,-0.00968901,-0.0136937,-0.0367176,-0.0152646,-2.39852,-0.0243669,0.0204887,-0.815472,-1.29488,0.491655,0.00909936],[0.84542,-0.476253,1.50215,4.08346,0.716062,1.18764,0.503454,0.90862,-0.118606,-0.187881,-0.145602,-4.04755,-0.0942468,-0.0865018,1.54528,0.294022,1.07683,-0.0100957],[0.052178,0.226257,-0.701404,0.180081,-0.173939,-0.927911,0.619822,-0.123137,1.21511,0.144801,-0.265252,-2.989,-0.112085,-0.0337411,3.82368,1.22431,0.334718,0.17875],[-0.275585,0.344478,-0.410312,0.332651,0.129406,1.54775,-0.0600476,0.0504966,0.0471901,0.991615,-0.0736926,1.87922,-0.0291682,-0.0708143,-2.37074,0.697534,0.521122,0.20617],[0.252435,0.377459,-0.115291,6.63427,0.0603287,2.667,0.0220307,-0.0552995,0.126589,0.216773,1.23147,6.53954,-0.00319507,0.0133924,-0.10576,0.169117,0.705803,-0.0322752],[-0.0080811,-0.02442,-0.00671651,0.0708828,-0.00722124,0.00766833,0.0102105,0.00105098,0.000690085,0.00131502,-0.0024206,1.08465,-0.000369726,0.000805631,-0.0459398,0.0178655,-0.00377067,0.00205444],[0.30554,0.793217,-0.258888,2.36785,0.430297,1.3279,0.0480155,-0.00722697,0.0128966,0.0220895,-0.0272912,-5.26648,1.04031,0.0163917,0.113467,0.922965,-1.06912,0.115383],[-0.715356,-0.679954,-0.221507,-4.81401,-1.27276,-2.50222,-0.185552,0.0869061,-0.0664635,-0.0944281,0.0115397,-2.24443,0.0319222,1.05279,-2.09725,-0.213207,0.534634,0.0344693],[0.0566218,0.0322621,-0.00751439,0.0623852,0.0941063,0.0517365,0.00362334,-0.000919722,0.00202809,0.00326628,0.0102581,0.0996256,0.0128512,0.00583948,1.14673,0.0974323,-0.00193946,0.00342494],[-0.0545955,-0.0245367,-0.0911977,0.032009,0.00581476,0.0434047,0.0112657,-0.00228026,0.00609052,0.00731067,0.0076222,0.394093,0.00470926,-0.00353385,-0.0995976,-0.0235842,0.138904,0.0113324],[-0.188083,-0.103874,0.0826404,-0.22555,-0.158793,-0.0976804,0.0456144,-0.0154543,0.0117798,0.0120709,0.00862252,1.1639,0.022931,0.0227602,-0.0149233,-0.254582,0.31183,0.0320028],[-0.118449,0.360233,2.12265,-0.664933,-1.87651,-1.25005,-0.352995,-0.12616,-0.00259818,-0.0312336,0.0233245,-1.81758,-0.149425,-0.124962,0.550411,-1.21568,0.635083,0.92318],[0.0855624,0.0369432,0.125966,-0.283332,-0.309883,-0.533485,0.00163333,0.000184607,-0.0105112,-0.00110731,-0.00157471,-1.19995,-0.00216825,0.0264432,-0.369025,-0.168532,-0.161401,0.0119013],[-0.111069,-0.102079,-0.00906258,-0.0845202,0.00103373,0.0900827,-0.0445608,0.0183644,5.59801e-05,0.00385389,-0.012004,0.288957,-0.0132348,-0.0186105,-0.0574069,0.115108,-0.0250961,-0.0105136],[0.00308277,0.0427939,0.225211,-0.357451,-0.13183,-0.153922,0.00219918,0.00415553,-0.000912455,0.00337626,0.00476461,-0.415608,-0.00324544,0.0109675,-0.0449293,0.0649824,-0.0270703,-0.00125523],[0.0447329,-0.00536406,-0.0426122,0.283505,0.0282709,0.047204,-0.000809375,-0.00115225,0.00242646,0.00268293,0.00173389,0.278777,0.00428339,0.00656095,0.0158933,0.0143273,0.0172088,0.00806349],[-0.00520372,0.0179075,0.0448716,-0.249613,-0.0160509,-0.0895984,-0.00802085,0.000520256,-0.00505712,-0.00306502,-0.00369492,-0.217048,-0.00276825,-0.00231669,-0.0554157,-0.0286999,0.0194175,-0.00797585],[-0.0110818,-0.00366124,-0.0369436,0.00727325,0.0124824,0.0309003,-0.0126879,0.00528407,-0.00279541,-0.000739523,-0.00314722,0.206052,-0.00393227,-0.0042571,-0.0485651,0.0310713,0.0216553,-0.00333442],[-0.221821,-0.00885528,-0.0326062,0.661087,-0.2857,0.369155,0.0206048,-0.0242827,2.5821e-06,0.0208589,0.046958,0.557973,0.0547134,0.0370257,0.398517,0.806137,-0.348047,-0.00980328],[-0.356541,1.19621,-1.05144,-3.76467,-0.198538,-0.758873,-0.840665,0.0617465,0.0310181,0.0760611,0.0102271,0.768742,0.00107767,-0.114733,-0.569993,0.723433,0.168472,0.0941677],[-0.229759,-0.075926,0.723243,-1.34275,-1.53127,-1.18348,-0.512164,0.113276,-0.181364,-0.14091,0.137572,-1.18118,0.00487266,0.112742,-3.60595,-0.979109,0.0230422,-0.279114],[-0.0218256,-0.740643,0.421316,1.77614,-1.04507,-0.885925,0.20679,-0.0323729,-0.0564792,-0.00846168,0.0154005,-8.28582,-0.0437549,-0.00523213,1.65997,-1.93641,-0.581701,-0.00862221],[-0.485654,-0.302667,0.127685,-4.39893,-1.06815,-2.47515,0.0952881,0.0745599,-0.11788,-0.181979,-0.327331,-6.07697,-0.0349691,-0.0089082,-1.52617,-0.230267,-0.251134,-0.0681238],[0.00131864,0.0170663,0.0086277,-0.0862019,-0.00178571,-0.0179579,-0.00890149,-0.000341845,-0.00104748,-0.000949334,0.00233779,-0.0650047,0.00148877,0.00108374,0.0193739,-0.00845969,0.00026542,-0.0023566],[0.285408,-0.00877223,0.500661,-1.63965,0.423514,-0.388142,-0.084878,-0.000912834,-0.0133512,-0.0149867,0.0169687,1.86818,-0.0659783,-0.0123183,0.129681,-0.26329,0.400906,-0.0705482],[0.748304,0.839885,0.108054,4.12459,1.17125,2.04981,0.263755,-0.117293,0.109237,0.118226,-0.00842172,3.44083,-0.0294882,-0.0525761,2.03913,0.420079,-0.448446,0.0118848],[-0.0370707,-0.0320889,-0.0138952,-0.0978249,-0.0873809,-0.092834,0.00130255,0.00261138,-0.00552765,-0.0041205,-0.0069919,-0.166581,-0.0155085,-0.00324588,-0.149342,-0.073469,-0.015005,-0.00690935],[0.0178715,0.0254044,0.00800066,-0.0949336,-0.0116004,-0.0677407,0.0178272,-0.0035712,0.00133797,0.00117332,0.00761157,0.242561,0.00463192,0.00955277,-0.0175172,0.0917386,0.051054,0.00553988],[-0.191576,0.00306754,0.136834,-0.254043,-0.0991653,0.235488,0.0857965,0.0267286,-0.0012247,-0.00969126,0.0132173,0.147197,-0.00568506,0.00850125,-0.336961,0.129613,-0.123657,-0.0173986],[0.219115,-0.384886,-1.98594,-1.01872,1.04649,-0.533931,0.168924,0.117982,-0.0188808,0.0358026,-0.0244526,-1.21819,0.143316,0.0892173,-0.00398484,0.934239,-0.23288,0.0998177],[0.0335467,0.111503,0.0430616,-0.257709,-0.174364,-0.292708,0.00432597,0.0122897,-0.00854109,-0.00237621,-0.00026651,-0.583563,0.00309425,0.005212,-0.247353,-0.206789,-0.0727201,-0.000791315],[0.0648137,0.229719,-0.0449879,-0.0416291,-0.149328,-0.108724,-0.0257964,-0.000201841,-0.00230742,0.0028582,0.00480425,-0.451077,-0.00675963,-0.00218157,-0.106613,0.010786,-0.0222683,-0.00654666],[0.0181838,0.013532,0.201493,-0.0804131,0.118317,0.130181,-0.0201592,-0.00810308,-0.00247982,-0.00795689,0.00180412,-0.106321,0.0105931,0.013175,-0.0856762,-0.060076,0.051306,-0.00573962],[-0.0111668,-0.0115623,0.0112229,0.032029,-0.0243913,-0.00649526,0.0080292,0.00239986,1.67969e-05,0.00128607,0.00068479,-0.00710312,-0.000415397,-0.000461212,0.0293018,0.014127,-0.00574572,-0.000470388],[-0.0282577,0.0117051,-0.0179257,-0.0729627,0.00543807,0.0146627,-0.000217903,0.00156102,0.000281335,-0.000491887,-0.00184733,-0.0313887,0.0023288,-0.0022176,0.00189828,-0.0334788,-0.00331419,-0.00142901],[-0.0540232,-0.0128309,-0.0250305,0.0183967,-0.0593006,0.0186664,-0.00177711,0.00189214,0.000498511,0.000370866,0.000430469,0.0789109,0.00207989,0.000633751,0.0146001,0.0420784,-0.00322555,-0.00279589],[-0.112983,-0.0525985,0.0673112,-0.146541,0.0823281,0.145271,0.254983,0.033964,0.0136798,0.0158715,-0.031708,1.84079,-0.030327,-0.0574989,0.416128,0.48785,-0.143473,0.00071174],[-0.340472,-0.572541,-0.392795,0.266512,-0.404161,-0.155762,0.274846,-0.0107657,0.0617122,0.0693442,0.0973169,2.13681,0.0426206,0.160731,-1.62836,-0.436674,-1.08918,-0.0711236],[0.0853732,-0.207155,-0.0119307,0.674596,1.44382,1.72219,-0.124785,0.0276692,-0.0543665,-0.0220359,0.126747,3.50205,0.0939481,-0.0490867,-0.773306,-0.181487,-0.412874,0.0825131],[0.297947,0.442846,0.0326006,-2.09891,0.86699,-0.658729,-0.15945,-0.0189229,0.00413468,-0.00292538,0.0628028,6.268,0.085333,0.0956382,0.539419,1.21587,0.0795091,-0.206964],[0.13615,-0.00787431,-0.00841616,-2.18388,0.82442,-0.200267,-0.133179,-0.0173706,-0.00965928,-0.0406451,0.0679302,-0.732099,0.0301816,-0.00642452,1.40494,0.151285,-0.488276,0.0959594],[0.0051423,0.00423519,-0.00163206,0.010192,0.010111,0.00984393,-0.00101808,-0.000476306,0.000404349,-0.000113365,0.000106328,-0.051773,-0.00122364,-0.00167424,0.0227667,-0.0136112,0.00392954,0.000150365],[-0.437816,-0.699376,-0.264644,-0.835671,-0.3053,-0.533598,0.0480547,0.0197175,0.00461646,2.40997e-05,-0.00367691,3.30459,-0.000598992,-0.0183593,-0.16741,-0.338873,0.599323,-0.0406068],[-0.0744645,-0.159745,0.0236621,0.410148,0.102204,0.417304,-0.085517,0.0473399,-0.0504307,-0.0229484,-0.0155569,-1.20813,-0.0186598,-0.0323444,-0.0161397,-0.123798,-0.171075,-0.0441997],[-0.0190919,-0.000361338,0.0219872,0.0340638,-0.00423547,0.0429584,-0.00445141,-0.00161318,0.00339825,0.000866762,-0.0033267,0.0637173,0.00269311,-0.0022611,-0.00397986,-0.0280851,0.0176259,0.00338619],[0.0262885,-0.00211265,-0.0329762,-0.10241,0.0117143,-0.0869443,-0.020533,0.000709272,-0.00082519,0.000321645,-0.00419937,-0.107199,-0.000938661,0.00633748,-0.0839262,0.0412102,-0.0416905,-0.00261995],[0.0266139,0.0558772,-0.116607,-0.310344,-0.107729,-0.303069,0.0472717,-0.00873036,0.000470479,0.0038898,0.0114038,-0.257487,-0.000848373,0.0222953,-0.380214,0.319908,0.0113243,0.0228165],[-0.103431,0.0194866,-0.0685408,1.77969,0.760735,1.80318,0.196626,0.00152328,0.018926,-0.0229686,0.00731089,2.31288,-0.00483869,0.0323755,-0.617997,0.0809229,-0.459331,-0.0718915]],"sigmahat":[[1.47993,0.728392,0.586391,0.360097,2.1731,0.884149,-0.00590571,-0.0570333,0.027854,0.0140477,0.0693338,2.71287,0.0292645,-0.0209248,1.84124,0.311381,0.200053,0.0559649],[0.728392,1.5559,0.0648672,-0.328138,0.941535,0.955213,-0.0244558,-0.0658287,0.0299913,0.017007,0.0699407,2.8269,0.0664604,-0.0186936,1.60683,0.65198,0.120463,0.0701201],[0.586391,0.0648672,3.46396,-0.297782,0.693158,0.63958,0.0962972,-0.00914697,-0.0337127,-0.0556349,0.0147508,-1.03494,-0.0310743,0.062772,-0.990813,-0.327173,0.239717,-0.108157],[0.360097,-0.328138,-0.297782,21.3414,-0.51672,6.2668,0.165069,-0.159803,0.178305,0.12716,0.0277332,4.78868,0.0317505,0.0652405,2.92957,-1.07501,0.103026,0.0344831],[2.1731,0.941535,0.693158,-0.51672,8.55422,6.50779,0.11808,-0.144259,0.129573,0.0931716,0.153326,9.30264,0.11154,-0.0995872,5.35318,1.20531,0.608625,0.19546],[0.884149,0.955213,0.63958,6.2668,6.50779,9.48661,0.206175,-0.174377,0.174633,0.112982,0.14145,9.63993,0.123129,-0.069733,5.05347,0.748083,0.462696,0.152149],[-0.00590571,-0.0244558,0.0962972,0.165069,0.11808,0.206175,0.298034,-0.0017029,0.0131789,0.00864698,0.00578286,1.83149,0.0109933,0.0108227,0.105147,0.072941,0.00448683,-0.0097117],[-0.0570333,-0.0658287,-0.00914697,-0.159803,-0.144259,-0.174377,-0.0017029,0.0211739,-0.00784656,-0.0031077,-0.00900766,-0.189352,-0.00684972,0.00137847,-0.216907,-0.0264057,-0.0201265,-0.00738342],[0.027854,0.0299913,-0.0337127,0.178305,0.129573,0.174633,0.0131789,-0.00784656,0.0146284,0.0106763,0.00789298,0.593188,0.00887353,-0.00564006,0.295387,0.0706804,0.0232705,0.0134646],[0.0140477,0.017007,-0.0556349,0.12716,0.0931716,0.112982,0.00864698,-0.0031077,0.0106763,0.0168184,0.00878806,0.382806,0.00895869,-0.00310079,0.22023,0.0694218,-0.0125725,0.015865],[0.0693338,0.0699407,0.0147508,0.0277332,0.153326,0.14145,0.00578286,-0.00900766,0.00789298,0.00878806,0.0395854,0.676901,0.0327752,0.0141525,0.286478,0.022655,0.0181451,0.0152452],[2.71287,2.8269,-1.03494,4.78868,9.30264,9.63993,1.83149,-0.189352,0.593188,0.382806,0.676901,113.332,1.17242,-0.143292,22.7597,7.69242,2.85368,0.526016],[0.0292645,0.0664604,-0.0310743,0.0317505,0.11154,0.123129,0.0109933,-0.00684972,0.00887353,0.00895869,0.0327752,1.17242,0.0776965,0.0417791,0.373112,0.0356349,0.0683506,0.0192444],[-0.0209248,-0.0186936,0.062772,0.0652405,-0.0995872,-0.069733,0.0108227,0.00137847,-0.00564006,-0.00310079,0.0141525,-0.143292,0.0417791,0.0716149,-0.47344,-0.0447798,0.0098631,-0.00397492],[1.84124,1.60683,-0.990813,2.92957,5.35318,5.05347,0.105147,-0.216907,0.295387,0.22023,0.286478,22.7597,0.373112,-0.47344,20.7252,3.45777,1.18877,0.361628],[0.311381,0.65198,-0.327173,-1.07501,1.20531,0.748083,0.072941,-0.0264057,0.0706804,0.0694218,0.022655,7.69242,0.0356349,-0.0447798,3.45777,7.18125,-0.146653,0.158297],[0.200053,0.120463,0.239717,0.103026,0.608625,0.462696,0.00448683,-0.0201265,0.0232705,-0.0125725,0.0181451,2.85368,0.0683506,0.0098631,1.18877,-0.146653,1.47289,-0.00907597],[0.0559649,0.0701201,-0.108157,0.0344831,0.19546,0.152149,-0.0097117,-0.00738342,0.0134646,0.015865,0.0152452,0.526016,0.0192444,-0.00397492,0.361628,0.158297,-0.00907597,0.0637781]],"n":18,"lags":3}