{"betahat":[[4.38334,1.67393,1.14278,-2.31051,-0.565311,0.428538,-2.8651,6.35112,18.2117,5.77241,23.1082,0.335259,-0.217169,9.02706,8.69727,2.24289,0.211546],[-0.170288,14.6683,14.9202,-0.409675,0.140222,-0.0915277,0.721394,-0.342911,0.789155,-0.0825391,5.38436,-0.0424745,0.0429387,-1.23576,-1.26595,-2.83212,-0.100323],[0.028329,20.1899,15.7066,-0.762301,0.325256,-0.0872786,0.384226,-1.56474,-1.58386,-0.646024,9.63296,-0.133322,-0.12707,-0.0859957,-0.777709,-0.928504,0.124315],[0.250921,12.2429,11.3661,0.754995,0.307522,0.0842056,0.882205,-3.30074,2.61756,-1.25698,-2.20682,0.137238,0.165505,0.177039,-0.072745,-0.402763,0.289119],[0.990535,0.131212,0.0641698,0.0511509,-0.00424494,-0.0147061,-0.092579,0.166131,0.119787,0.00443887,0.979173,-0.0060002,-0.0260824,0.502961,0.255697,0.0156182,0.0177492],[-0.0146916,0.949602,-0.0488826,-0.00843469,-0.00457796,-0.00184637,-0.00756767,-0.00579592,-0.0243757,0.00899697,0.00197083,-0.00477283,-0.00181287,-0.028859,-0.0617345,-0.000510382,-0.00113119],[-0.0195397,-0.0400538,0.932481,-0.00889234,-0.00413102,-0.00280932,0.00363382,-0.0213369,-0.0671357,-0.00881485,-0.134115,-0.00603435,-0.00261755,-0.054876,-0.0511453,-0.000960978,-0.00176524],[0.00667247,0.206528,0.144409,0.91059,0.0105346,0.0111789,0.205261,0.0838488,-0.167425,0.282015,-0.688345,-0.0065176,-0.00455843,-0.0719552,0.0701764,-0.00586549,0.0167139],[0.229642,0.192558,0.13792,0.0557578,1.14749,-0.000809873,0.0736696,-0.781347,0.93662,-0.207059,-0.464633,-0.012894,0.0166289,-0.103907,-0.337962,0.00526448,0.0265465],[0.151844,0.0726967,0.0121653,-0.160299,0.0318907,0.986703,-0.099329,-0.538628,-0.272933,0.146948,-1.12414,0.156834,0.073489,0.670676,-0.323208,-0.113742,0.014973],[-0.07663,-0.301691,-0.31573,-0.0354854,-0.00123489,-0.00527306,1.08484,-0.0556896,-0.0817,-0.00363658,-0.878143,-0.00747588,0.00263569,-0.0911999,-0.117129,-0.0404245,-0.00956592],[0.0138234,0.0400962,0.0387613,0.0306887,0.0057461,0.00020892,-0.00388365,1.14598,0.0395297,0.0116694,0.048002,0.00274668,0.00502999,-4.78719e-05,0.0210957,0.0209089,0.00208198],[0.0389964,0.0405533,0.0652686,0.00718534,-0.00420186,-0.000734032,-0.0493745,0.164638,1.14591,0.00656193,0.278901,0.00212121,-0.006135,0.177448,0.0570739,0.0207557,0.00349354],[-0.00734884,-0.231034,-0.168743,-0.00991675,-0.0011521,0.00159108,-0.0279687,0.0909412,0.0237645,1.06211,-0.40987,-0.00597736,-0.000776358,-0.0690926,-0.169473,0.0400471,0.00737915],[-0.00827988,0.00282147,-0.00408165,0.00339957,0.00145071,0.00171405,0.00614303,-0.0186962,-0.0862382,-0.0204393,0.94768,-0.000365458,0.00147569,-0.0459995,0.0120579,0.00481019,0.000240026],[0.0845074,1.00642,0.939655,0.0483161,0.118476,-0.0081098,-0.0742698,-0.8844,-0.333812,0.136651,-3.70026,0.968317,0.02945,-0.8222,0.517289,-0.608854,0.0607128],[-0.171614,-1.50214,-1.0812,0.246227,-0.0914247,0.0553872,0.0360501,0.128234,-2.07501,-0.384672,-1.62433,-0.00692196,1.03072,-2.2359,0.486607,0.170236,-0.00804062],[0.0297093,0.090395,0.0844476,-0.00138988,0.00510267,0.000824932,0.0157536,0.00640801,-0.0342362,-0.00630754,-0.111515,0.00737279,0.00607464,1.03551,0.0130012,0.00103368,0.00328738],[-0.038858,-0.0450259,0.0286362,0.00653677,0.0150964,0.0115302,0.0134517,0.0120798,0.119603,0.0366361,0.457535,0.0137658,0.0078444,0.104654,0.501614,-0.00627015,0.00296361],[-0.15912,-0.360639,-0.203836,0.0521159,0.0449711,-0.0142727,-0.0886253,-0.0645849,-0.990583,0.290255,1.47483,-0.0127932,-0.00272956,0.0174538,-0.592195,0.453153,0.0326961],[0.150642,-0.0762943,-0.0527283,0.240973,-0.0501556,0.0301078,-0.296788,-0.667965,0.787713,0.158725,1.1121,-0.0794793,0.00825717,-0.355104,0.799307,0.363849,1.00052],[0.075262,0.0254791,0.0515788,-0.028233,0.0142199,0.0122366,0.0512121,-0.0768916,0.13357,-0.0325844,-0.483966,0.00496395,0.0184673,-0.202739,-0.0308685,-0.0334448,-0.0120397],[0.012528,0.0298646,0.0288637,0.0052963,0.00193375,0.000991342,0.00414329,0.00620516,0.00543497,-0.0136882,0.00603711,0.0026268,0.00196068,0.0177845,0.0387875,0.00631928,0.000676276],[0.0191774,0.0253279,0.0491166,0.00459097,0.00215333,0.00165766,-0.00437265,0.0178067,0.0342913,-0.00259577,0.134617,0.00341806,0.00272979,0.0278647,0.0296644,0.00370402,0.00101251],[-0.0394113,-0.339104,-0.262714,0.0388073,-0.020842,-0.0286009,-0.146441,-0.0619067,-0.0347742,-0.28132,0.0408713,-0.0153695,-0.0138832,-0.0360896,-0.0571882,-0.0161301,-0.0201711],[-0.170156,-0.316991,-0.259795,-0.027759,-0.141895,-0.00499339,-0.0877904,0.550357,-0.0607212,0.0658756,0.634697,-0.000353238,-0.00488181,0.4773,-0.199546,0.125001,0.0144876],[0.0621251,-0.741267,-0.710328,-0.0398345,0.0984394,0.0133868,0.0343272,0.216845,0.568664,-0.254809,-0.00283301,-0.0597861,-0.0676889,-0.188011,0.336401,0.0795394,-0.0233438],[0.0460799,0.108022,0.0853173,0.0138335,-0.0095881,-0.000649074,-0.133625,0.117935,0.163808,0.0213681,0.358765,-0.00113905,-0.00654548,0.0673905,0.0137129,0.0225403,0.00554211],[-0.0029159,-0.0058982,-0.0172856,-0.0159153,-0.00299316,0.00179117,0.00404994,-0.125072,-0.0275881,0.00710378,0.0260682,0.000626954,-0.0020952,-0.00851362,0.0123767,-0.0192067,-0.00148446],[-0.0276812,-0.0310369,-0.0530915,-0.0076789,0.00155942,0.000147906,0.0346295,-0.0979008,-0.122289,-0.00474728,-0.267893,-0.00350532,0.00432237,-0.142198,-0.0531096,-0.0140312,-0.0037489],[0.0194988,0.209896,0.172671,0.0154978,0.00143515,-0.000521148,0.0203821,-0.0326099,-0.151285,-0.0462554,0.276518,-0.000290563,0.000242528,0.00282667,0.199658,-0.0126766,0.00014446],[0.00665787,0.00193797,0.00737337,-0.00163786,-0.000387829,-0.000949127,0.00444151,0.0101823,0.0347415,0.00942535,0.0140605,0.000503362,-0.000118112,0.0182748,0.0119215,-0.00890835,-0.001151],[0.0875696,-1.02945,-1.16614,-0.176343,-0.0642136,-0.0118827,0.0481239,0.771878,-0.206294,-0.275632,0.516304,-0.0446694,-0.0269843,-0.327142,-0.0359238,0.301733,-0.0868163],[0.281399,1.45289,0.936838,-0.205887,0.105578,-0.0403294,-0.326148,0.139397,1.98916,0.2209,2.39522,-0.0192475,-0.0556765,1.81468,0.165918,-0.149414,0.00703409],[-0.0245177,-0.0669474,-0.0660557,0.00134177,-0.00675963,-0.00160118,-3.59842e-05,-0.0136708,-0.0185608,-0.00407161,-0.00519827,-0.00775247,-0.003206,-0.0431271,-0.00739585,-0.000185006,-0.0035747],[-0.00885385,-0.0506105,-0.0536529,0.00146931,-0.00528263,-0.00433959,0.0119549,0.0380508,-0.0911941,-0.0252853,-0.243445,-0.00643294,-0.00217016,-0.0791379,-0.0931172,0.0292585,0.000106889],[-0.00993792,-0.0825922,-0.204479,-0.00436979,-0.0145106,-0.000315571,-0.00083033,0.011485,0.117749,-0.0172963,-0.85788,0.00418289,0.0252064,-0.310279,-0.212255,0.0019523,0.00793497],[-0.205057,-0.388414,-0.555318,-0.106322,0.00574613,-0.0228559,0.419754,0.236871,-2.20275,-0.585544,-3.24853,0.0278769,0.0353489,-0.418405,-0.165719,-0.222507,-0.0736377],[-0.0658763,-0.156921,-0.115942,-0.0228561,-0.00996569,0.00245754,0.0413624,-0.0892526,-0.253331,0.028094,-0.495385,0.00103078,0.00761102,-0.300175,-0.225016,0.0178377,-0.00571176],[0.00206595,0.0201238,0.0196668,0.00323975,0.00265505,0.000840282,0.00341147,-0.000338937,0.0192713,0.0046823,-0.00834697,0.00214163,-0.000148306,0.011159,0.022718,-0.00576028,0.000451582],[0.000257413,0.0143298,0.0180386,0.00439629,0.00198659,0.00113625,0.000739691,0.00357156,0.0330462,0.011388,-0.000938471,0.00260997,-0.000114225,0.0270739,0.0212462,-0.00270252,0.000749709],[0.0318831,0.130333,0.116357,0.0505581,0.0104524,0.0174296,-0.058177,-0.0234091,0.198749,-0.00177983,0.645695,0.0219253,0.0184234,0.108285,-0.0144571,0.0219135,0.00348518],[-0.130355,0.00990197,0.0582453,-0.0511059,-0.0738875,0.0200858,0.000216921,-0.197633,-0.938404,0.00682509,0.0229221,0.0184836,0.00852431,-0.18733,0.279806,-0.0631769,-0.0260168],[-0.0624945,0.505418,0.546718,0.222601,-0.0633573,-0.0602773,0.0162479,0.184929,0.155058,-0.250129,-0.634845,-0.0895554,-0.0230935,-0.263831,0.081326,-0.0538786,-0.0159855],[0.0304361,0.193426,0.23009,0.0213244,0.0108633,0.00594757,0.0486483,-0.0626647,-0.0829046,-0.0179147,0.519891,0.00861883,0.00392442,0.0235241,0.102476,0.0178064,0.00401916],[-0.0131324,-0.0394086,-0.0261674,-0.0133804,-0.00251695,-0.00218378,0.000542673,-0.0246308,-0.020415,-0.0200413,-0.0777095,-0.00346523,-0.00307366,0.00909884,-0.0368822,-0.00174075,-0.000585237],[-0.0115261,-0.010078,-0.0126973,0.000709022,0.00258656,0.000542482,0.0147551,-0.0664667,-0.0250618,-0.00175127,-0.0113722,0.00132516,0.00181134,-0.0360476,-0.00426765,-0.00657292,0.000234897],[-0.0130233,0.0187268,-0.00585734,-0.00535035,-0.000130366,-0.00106616,0.0078833,-0.0596976,0.124182,-0.0174912,0.134717,0.00631197,0.000497353,0.0673536,-0.031608,-0.027216,-0.00752914],[0.000641805,-0.0101922,-0.00722901,0.00150122,-0.000763059,-0.000742095,-0.00863328,0.00961591,0.0543198,0.0105176,0.0139129,6.03344e-05,-0.00103621,0.0284831,-0.0221405,0.00486403,0.000913096],[-0.0901201,0.108173,0.209865,0.0504311,-0.0356605,0.00524694,0.018329,0.0374829,0.211482,0.131973,2.54577,0.0377586,0.00108022,0.449328,-0.305,0.274742,0.0269365],[-0.0827727,0.158209,0.286675,-0.053732,-0.0556016,-0.0225665,0.221898,-0.21179,-0.23283,0.19669,-0.973697,0.00285144,-0.00545605,0.0720303,-0.495174,-0.0784803,-0.00332623],[-0.00640034,-0.0271621,-0.0218575,0.000347452,0.00210461,0.00090562,-0.0145131,0.00430376,0.0461451,0.00755882,0.118718,0.000566273,-0.00250907,0.00617917,-0.00775899,-0.000397335,0.000251475],[-0.0101105,-0.0446401,-0.0502852,0.00296903,0.00121274,0.000147998,0.00469709,0.0199243,-0.0466219,0.0119869,-0.011054,-0.000113494,0.000971243,-0.0419838,-0.0314254,0.017215,0.00214895],[0.0158382,0.0749606,0.0577204,0.0176047,-0.00751046,-0.00362539,-0.0142594,0.0524458,-0.266275,-0.0417693,-0.0747257,-0.0061879,0.0116856,-0.229527,0.0383046,-0.0238089,-0.00419413],[-0.0759204,0.140809,0.280707,-0.0107287,-0.0209773,-0.0335072,0.198303,0.352675,0.131835,0.12785,-0.81137,-0.0100755,-0.0218763,-0.430838,-0.681056,-0.337776,-0.0515557]],"sigmahat":[[1.37028,3.07286,2.9808,0.0595895,0.0203998,0.0498556,-0.312269,0.80707,3.06955,0.0519669,5.6636,0.109693,0.0525146,1.58885,2.72289,0.149749,0.0716247],[3.07286,14.1902,11.7937,0.250681,-0.045572,0.0964508,-0.894792,0.437503,5.55601,0.647347,16.2125,0.189192,0.0698265,3.93121,9.02333,-0.481386,0.185147],[2.9808,11.7937,12.398,0.286345,-0.0360376,0.114658,-0.938557,0.726398,5.91628,0.672114,18.5815,0.213287,0.0360383,4.37773,7.2366,-0.386649,0.193165],[0.0595895,0.250681,0.286345,0.504343,-0.0215642,-0.017844,-0.155242,-0.271652,0.259338,-0.111864,1.01519,-0.00543817,-0.0246642,0.564827,0.53788,0.0819657,0.0162842],[0.0203998,-0.045572,-0.0360376,-0.0215642,0.158426,0.028177,0.224935,-0.280244,0.014994,-0.0692755,0.105205,0.0420452,0.0391264,-0.0260014,0.142935,-0.04106,0.0178727],[0.0498556,0.0964508,0.114658,-0.017844,0.028177,0.0604442,0.0611549,-0.0119993,0.0147681,-0.0462005,1.15909,0.0528298,0.0385004,0.134964,0.148002,0.0625721,0.0100498],[-0.312269,-0.894792,-0.938557,-0.155242,0.224935,0.0611549,2.03333,-0.6799,-3.86698,-0.646241,-7.14644,0.0712601,0.184563,-2.62194,-0.69801,-0.230003,-0.0573082],[0.80707,0.437503,0.726398,-0.271652,-0.280244,-0.0119993,-0.6799,7.38571,5.16179,0.541959,6.13845,0.00214753,-0.177486,3.50956,-0.176961,0.840725,-0.0414872],[3.06955,5.55601,5.91628,0.259338,0.014994,0.0147681,-3.86698,5.16179,51.3961,4.17027,22.6459,0.354376,-0.421418,20.9867,5.17323,1.75866,0.35866],[0.0519669,0.647347,0.672114,-0.111864,-0.0692755,-0.0462005,-0.646241,0.541959,4.17027,3.31595,0.39499,-0.0369171,-0.0700784,1.43248,-0.880174,-0.107988,0.113825],[5.6636,16.2125,18.5815,1.01519,0.105205,1.15909,-7.14644,6.13845,22.6459,0.39499,152.701,1.5474,-0.188731,31.0351,12.9003,4.05758,0.901465],[0.109693,0.189192,0.213287,-0.00543817,0.0420452,0.0528298,0.0712601,0.00214753,0.354376,-0.0369171,1.5474,0.0809014,0.0462139,0.449909,0.239751,0.0608141,0.0203562],[0.0525146,0.0698265,0.0360383,-0.0246642,0.0391264,0.0385004,0.184563,-0.177486,-0.421418,-0.0700784,-0.188731,0.0462139,0.0857722,-0.559527,0.0543427,0.0226552,-0.00148097],[1.58885,3.93121,4.37773,0.564827,-0.0260014,0.134964,-2.62194,3.50956,20.9867,1.43248,31.0351,0.449909,-0.559527,23.3063,4.33506,1.04341,0.405882],[2.72289,9.02333,7.2366,0.53788,0.142935,0.148002,-0.69801,-0.176961,5.17323,-0.880174,12.9003,0.239751,0.0543427,4.33506,17.2821,0.402804,0.156908],[0.149749,-0.481386,-0.386649,0.0819657,-0.04106,0.0625721,-0.230003,0.840725,1.75866,-0.107988,4.05758,0.0608141,0.0226552,1.04341,0.402804,1.6427,0.0141305],[0.0716247,0.185147,0.193165,0.0162842,0.0178727,0.0100498,-0.0573082,-0.0414872,0.35866,0.113825,0.901465,0.0203562,-0.00148097,0.405882,0.156908,0.0141305,0.0662949]],"n":17,"lags":3,"seasonalRows":3}