{"betahat":[[-0.0859728,-0.651362,-0.369216,1.4708,0.855654,0.840151,0.211785,0.201585,-0.122447,0.476098,-0.00861619,17.7814,0.212487,0.0223855,3.71004,1.4377,2.15098,0.173948],[0.882673,0.187661,0.0537629,-0.12923,-0.0155274,0.153134,0.00777654,-0.139137,0.00833895,-0.167741,-0.00361686,1.80892,0.0328828,-0.0147542,0.337709,-0.012693,-0.0838688,0.00436034],[-0.0686154,0.679184,0.175115,0.0382712,0.299236,0.0521242,0.132115,-0.0110596,-0.00140208,0.00455674,-0.00272759,-0.151603,-0.0132003,-0.00921952,-0.274819,-0.112472,0.23004,-0.00786988],[0.017729,0.0494606,0.95024,0.0110139,-0.0618355,0.0233491,-0.00894861,0.000655248,-0.00220122,0.0377332,0.00054907,-0.0414091,0.0113079,0.0194906,-0.0905068,-0.00857554,-0.0250678,0.00544129],[0.0602783,0.194962,-0.0878252,0.99968,-0.0253206,0.0125408,-0.190625,0.0175154,0.00573925,-0.0432063,0.000144696,-0.84471,-0.0594391,-0.0595434,0.618628,0.154896,-0.331123,-0.0121608],[-0.030542,-0.076205,-0.0758279,-0.0882145,0.741968,0.0299667,0.0305877,-0.0152055,0.00746061,-0.00450915,0.00158228,-0.566425,-0.0080718,-0.0037451,0.0769965,0.0103734,0.106347,0.00802876],[0.00565625,0.0791111,0.00533218,0.0259218,-0.0216216,0.779569,0.00188589,0.0152322,0.00611551,0.0479347,-0.000531836,1.52518,0.0179083,0.00941335,0.265553,-0.0827411,0.176001,0.00391843],[-0.0467814,0.0570116,-0.0288814,-0.173747,-0.292943,-0.173783,0.741407,0.0351137,0.0373761,0.018676,-2.18226e-05,-0.991278,-0.0140359,-0.0249418,0.0222274,-0.354963,-0.839338,0.0200388],[-0.0425658,-0.1965,-0.77139,0.0175184,0.190303,0.103481,0.241097,0.692794,0.0410062,-0.0186117,0.00031371,0.813109,0.0677548,0.035883,1.07229,0.273394,0.523061,0.0708448],[0.162119,-0.234639,-0.32478,-0.041473,-1.33018,-1.99999,-0.243006,0.035118,1.29367,0.339805,0.0122343,0.692186,0.0033444,0.0116211,-0.388079,-0.380036,-0.359075,0.30816],[-0.272726,0.0390743,-0.481543,-0.35459,-0.0679982,-0.203259,0.139229,-0.0185646,-0.0217414,1.0097,0.0117494,2.13038,-0.0350183,-0.038348,0.362221,-0.282747,0.184664,0.00453286],[-1.21839,-0.638639,-0.552048,-1.06505,0.219128,0.667311,1.81917,0.661165,-0.156235,0.959656,0.907934,35.1328,0.42038,-0.098826,12.6243,7.71659,1.38481,-0.342314],[-2.73455e-05,-5.22302e-06,-0.0190463,-0.000768556,0.0187299,0.00968628,-0.000805107,-0.0025116,-0.00224472,0.00128692,0.000415986,0.961624,-0.000520757,-0.000408474,-0.0227992,-0.0101523,-0.00936065,0.000633432],[0.398314,0.216119,0.224184,0.00569883,1.07078,0.669076,0.105018,-0.196638,0.126408,-0.278047,-0.0256453,-1.30455,0.974886,-0.0442997,0.925118,0.164242,0.223273,0.0848934],[0.136364,-0.000465084,0.814148,0.20691,0.275748,0.495789,-0.240549,-0.0386835,0.0210051,0.14122,0.00969816,-7.01872,0.0600722,1.14261,-1.62168,0.200587,-0.124281,0.0719648],[-0.0177544,-0.034997,0.023384,0.0131035,-0.0203806,0.048071,0.0036847,0.00551448,0.00377119,-0.00436664,0.000123934,-0.00457181,0.0132072,0.00589352,1.04853,0.0371689,0.0121953,0.00115731],[0.1548,0.298053,-0.238237,0.211674,0.232768,0.247866,0.0471486,-0.0485843,-0.0035205,-0.0157452,-0.00256997,-0.340447,-0.0316326,-0.0223712,-0.220374,0.684728,-0.136156,0.00455704],[-0.0331428,-0.0522405,0.148571,-0.0159082,0.0369504,0.0150984,0.134352,0.0156076,0.00890218,0.0244289,-0.00222257,-0.0536805,0.0146011,0.0263686,-0.290621,0.0876397,0.526958,-0.00556763],[0.598924,0.496922,2.02896,0.636194,0.381445,1.58801,0.365892,-0.0660249,0.00332905,-0.170904,-0.00478329,4.68506,0.0426309,-0.0718521,2.03356,0.767489,1.04265,1.09758],[0.127902,-0.100931,0.116722,0.14632,-0.0162068,0.0354237,-0.0133683,0.0617194,-0.000146451,0.080693,0.00490332,-1.90739,-0.0107569,0.0498867,-0.568199,-0.0569483,0.0455238,0.018659],[0.0551421,0.200025,-0.199763,-0.105729,-0.270758,-0.0345271,-0.0892011,-0.000734827,-0.00710821,0.0276005,0.000878314,0.746789,0.0032224,0.0105424,0.164905,0.0637079,-0.0367736,0.00621691],[-0.0194252,-0.0389579,0.0845946,-0.021388,0.0156582,-0.0581139,0.0101809,-0.0100261,-0.00054157,-0.0321226,7.64673e-05,0.103198,0.00350886,-0.00354536,0.0267475,-0.015287,0.0273742,-0.00183682],[0.0174962,0.0367549,0.0466718,-0.0160944,0.0575655,0.052518,0.100613,-0.0119653,-0.0191429,0.0311693,-0.000133681,0.819978,0.0593922,0.0555988,-0.369759,-0.10139,0.223884,0.00806569],[-0.00740742,0.0159795,-0.134683,0.0581315,0.171576,-0.0557237,0.00114688,0.0159592,-0.00326486,0.0240907,-0.00190006,0.31075,0.0107506,0.00760871,-0.240082,0.000651408,-0.069077,-0.00712293],[0.0129859,-0.0488191,-0.0304505,0.018065,0.0797526,0.121378,0.0247672,-0.0165793,-0.00183411,-0.0272835,0.000848839,-0.927485,0.00288973,-0.00153437,-0.0358422,0.0678126,-0.071004,-0.00785761],[0.00846085,-0.144466,-0.0708609,0.129468,0.193957,0.13097,0.256567,-0.0475062,-0.0141368,0.0234909,0.000615047,0.704085,0.0372971,0.0355054,0.0685898,0.23969,0.890175,-0.0102159],[-0.0769275,0.1502,0.582402,-0.334804,-0.36866,-0.0652998,-0.309182,0.138103,-0.0221248,0.0980889,0.000452899,0.201057,0.0202353,0.0645002,-0.838373,-0.171883,-0.428793,-0.0712334],[-0.342687,-0.223151,-0.889648,0.0828558,0.693397,0.96547,0.218668,-0.017839,-0.222019,-0.121413,-0.00554336,0.671849,0.040873,0.0681784,-0.78502,-0.0499911,0.463873,-0.112166],[0.148765,-0.141455,0.605882,0.164306,-0.299859,-0.150101,-0.0601636,0.139838,0.0322728,-0.161088,-0.00327081,-0.538862,0.00382509,0.00657819,0.0415705,-0.0590114,-0.0751637,0.01504],[0.792317,3.31287,0.409156,-0.447283,-4.84247,-3.51846,2.33112,-2.01796,0.0761283,0.56538,-0.118833,6.14824,-1.35586,-0.862692,-13.4261,-7.13481,3.15686,-0.0239159],[-0.00361247,-0.00540482,0.00451185,-0.00410464,-0.00668675,-0.0129767,-0.00449146,0.0042105,0.00104555,-0.000806577,-0.000261702,0.0264059,0.00140064,0.00066721,0.0235648,0.0146126,0.00113369,-0.000102938],[-0.16521,-0.266022,-0.356546,0.274354,-0.411494,-0.601904,-0.16,0.0890642,-0.0407334,0.186752,0.0131432,-2.17194,-0.0690944,-0.0182944,-1.68752,-0.0789188,-0.698915,-0.0155996],[-0.0623064,-0.135097,-0.369088,0.252853,-0.0739863,0.0299207,0.13397,-0.0669356,0.0316605,-0.143425,-0.0108225,3.1985,-0.102432,-0.160748,1.00712,-0.295136,-0.266498,-0.052736],[0.0292726,0.0382753,0.0311325,-0.0336128,0.00575109,-0.0520571,-0.00296547,0.00371218,-0.00486703,0.0118411,-0.00039542,0.111477,-0.0112422,-0.00370307,-0.0952917,-0.0223452,-0.0471399,-0.000972175],[0.0219004,0.0233412,0.237451,-0.110992,0.103455,0.155331,-0.00195807,0.0626876,-0.0060256,0.00754206,0.0052382,0.647762,0.0137903,0.0164658,0.182982,0.0489446,0.256839,0.000340589],[-0.0190431,-0.00191258,-0.00995461,-0.0237801,-0.0434135,-0.0513173,0.14176,-0.0132298,0.0223835,0.0246522,0.00049077,-0.106475,0.00936999,0.0152212,-0.23328,-0.00485777,0.276256,0.00584454],[-0.308106,0.167626,-1.48832,-0.20529,0.595555,-0.286448,-0.182041,-0.0272924,-0.0515587,-0.0323012,0.00209462,-4.9809,-0.0790327,0.0125094,-0.848324,-0.352885,-0.944379,-0.160482],[-0.0105285,-0.086663,-0.17021,-0.0171434,0.0316935,-0.188531,0.00566736,0.0774115,-0.00820256,0.087028,-0.00128692,0.0997165,-0.0221245,-0.035138,0.230678,0.0696485,0.0385558,-0.0230153],[0.0134329,0.120732,0.024665,0.0675153,-0.0285317,-0.017592,-0.0428243,0.011788,0.00850457,-0.0321643,0.00184851,-0.595009,0.00996296,-0.00133613,0.109924,0.048742,-0.193114,0.00164634],[0.00173421,-0.0104452,-0.0350978,0.0104397,0.0461655,0.0346965,-0.00124473,0.00938848,0.00274468,-0.00561334,-0.000621787,-0.0623957,-0.0148276,-0.0159461,0.0638883,0.0238399,-0.00217584,-0.00360387],[-0.0777602,-0.231721,0.0413051,0.0164457,-0.0322639,-0.0648991,0.0900309,-0.00552754,0.0134015,0.0120427,-9.57965e-06,0.0248336,4.01896e-05,0.00395169,-0.248675,-0.0533552,0.107439,0.00409769],[0.0379807,0.0602662,0.210926,0.0300313,0.0862511,0.0257257,-0.0316742,-0.000794399,-0.00419834,-0.0196291,0.000318081,0.256311,-0.00267573,-0.0038744,0.163318,-0.011072,-0.037088,-0.000909169],[-0.0186325,-0.0303033,0.0254367,-0.0439858,-0.0584056,0.0988609,-0.0265415,0.00132118,-0.00428264,-0.020662,-0.000317679,-0.596786,-0.0207909,-0.00787442,-0.229529,0.014868,-0.104707,0.00393545],[0.0383669,0.0874802,0.1005,0.0443458,0.0983408,0.0424105,0.00200471,0.0123761,-0.0232263,-0.0422484,-0.000589633,0.285959,-0.0232356,-0.0105355,-0.0906429,0.115095,-0.050878,-0.00980495],[0.142405,0.0516748,0.159506,0.239572,0.298559,0.0741761,-0.00634581,0.11773,-0.0232711,-0.079505,-0.00153737,-2.40383,-0.081532,-0.0867122,-0.541884,-0.0998147,-0.339672,-0.00491782],[-0.156811,0.186988,0.150027,0.161055,0.269457,0.823949,-0.109034,0.00937712,-0.125577,-0.0104538,-0.00487486,-0.675638,0.0155071,0.0100316,0.185883,0.231333,0.00828556,-0.106587],[0.0426606,0.0046903,-0.171517,0.047712,0.367835,0.185691,-0.0463438,-0.0452507,-0.00846865,0.0764575,-0.0060297,-0.60171,0.0158523,0.0041245,0.0562122,0.27127,-0.054599,-0.0208837],[0.426016,-2.67439,0.142867,1.51231,4.62327,2.85107,-4.15031,1.3568,0.0800966,-1.52502,0.210899,-41.281,0.935439,0.961504,0.801741,-0.581873,-4.54173,0.366212],[0.00288062,0.00502187,0.0123436,0.00496581,-0.0123232,0.00221927,0.00510665,-0.00158101,0.00118043,-0.000577422,-0.000122288,-0.0035485,-0.00106192,-0.000155723,-0.00404663,-0.00559195,0.00849415,-0.000536286],[-0.120954,0.166073,0.138117,-0.231308,-0.547487,-0.0771734,-0.0392304,0.108176,-0.0540644,0.0534637,0.0130618,1.53242,0.0142176,0.015399,0.512219,-0.0693184,0.0935903,-0.0728878],[-0.0482033,0.191577,-0.673523,-0.468526,-0.103938,-0.524297,0.0742184,0.117456,-0.0371965,0.0162075,-0.000829653,3.59411,0.021178,-0.00822199,0.58032,0.126434,0.20997,-0.0228185],[-0.0112608,-0.00306505,-0.052201,0.0209193,0.0134589,0.00376773,-0.000544541,-0.00929747,0.00110038,-0.00782668,0.000283848,-0.107374,-0.00185466,-0.00211221,0.0475165,-0.0150725,0.0359032,-0.000119213],[-0.0335255,-0.097285,-0.143699,-0.126439,-0.020945,-0.0462914,-5.8805e-05,-0.00831282,0.00206638,0.0204823,-0.00055897,0.0649186,0.00698608,0.0169966,-0.390799,-0.00812154,0.0128245,0.00331027],[0.00195671,0.0154276,-0.12164,-0.0133624,0.0293099,-0.00815662,-0.0683357,0.00613638,0.00419118,0.0051242,0.000154237,-0.186687,0.01356,0.00107647,0.163816,-0.0151205,-0.0232815,0.00721038],[-0.089713,-0.45449,0.276476,-0.540605,-0.936229,-1.19672,-0.0490586,0.0355298,0.00956506,0.0850921,0.000970739,-0.789153,0.0292381,0.0310588,-0.373973,-0.401,-0.103228,-0.0387387]],"sigmahat":[[0.291399,0.207637,0.443093,-0.0089108,0.163707,0.180101,-0.000655845,-0.0154386,-0.00440753,0.0126662,-0.00042985,0.493187,0.00824245,-0.00595543,0.473656,0.112002,-0.0849706,-0.00699923],[0.207637,0.864639,-0.0756137,-0.0223399,-0.0650899,0.190767,-0.123299,-0.012155,-0.0140932,-0.0767115,0.00183939,-0.789719,-0.0168215,-0.0190724,0.0251327,-0.0255726,-0.283216,-0.00629858],[0.443093,-0.0756137,5.10233,0.176443,-0.302969,0.348127,0.207541,0.0241927,0.00766471,0.0152227,0.00322986,6.34805,0.0540978,-0.00800216,2.53268,0.604728,0.189459,0.0279209],[-0.0089108,-0.0223399,0.176443,0.640684,0.0725268,0.192467,-0.0374096,0.0440588,0.016884,-0.0122011,0.0045435,-0.717706,-0.011289,-0.00948257,-0.00858634,0.0176763,0.07862,0.0285269],[0.163707,-0.0650899,-0.302969,0.0725268,1.78281,1.12883,-0.0517582,0.0640874,-0.0104412,0.0287152,0.000106981,-0.700028,-0.0403277,-0.0356911,0.157593,0.273788,-0.243494,-0.0280386],[0.180101,0.190767,0.348127,0.192467,1.12883,2.02362,-0.08384,0.0259727,-0.0136041,-0.0201256,0.00397606,-0.869734,-0.037266,-0.0247684,-0.355399,0.459602,-0.314826,-0.00106985],[-0.000655845,-0.123299,0.207541,-0.0374096,-0.0517582,-0.08384,0.442761,-0.00722692,0.0054326,0.0370734,-0.00651388,2.80736,0.0413889,0.0362607,-0.0668452,0.0608074,0.643639,0.01004],[-0.0154386,-0.012155,0.0241927,0.0440588,0.0640874,0.0259727,-0.00722692,0.10038,0.0058245,-0.00321198,0.00163234,0.232567,-0.0124869,-0.00889911,0.0698786,0.0122576,0.0559688,0.00702059],[-0.00440753,-0.0140932,0.00766471,0.016884,-0.0104412,-0.0136041,0.0054326,0.0058245,0.0117076,0.00417992,8.30071e-05,0.0227265,0.00328661,0.00199722,0.00670698,-0.0073086,0.0052204,0.00615441],[0.0126662,-0.0767115,0.0152227,-0.0122011,0.0287152,-0.0201256,0.0370734,-0.00321198,0.00417992,0.124786,-0.00197485,0.747834,0.025569,0.0301933,-0.15601,0.0511439,0.0676605,0.00528164],[-0.00042985,0.00183939,0.00322986,0.0045435,0.000106981,0.00397606,-0.00651388,0.00163234,8.30071e-05,-0.00197485,0.000518683,-0.0461613,-0.000592194,-1.45177e-05,0.0087205,-0.00163481,-0.00194466,0.00036061],[0.493187,-0.789719,6.34805,-0.717706,-0.700028,-0.869734,2.80736,0.232567,0.0227265,0.747834,-0.0461613,76.4682,0.899081,0.32469,12.1532,1.85801,6.78007,0.177485],[0.00824245,-0.0168215,0.0540978,-0.011289,-0.0403277,-0.037266,0.0413889,-0.0124869,0.00328661,0.025569,-0.000592194,0.899081,0.0548183,0.0392874,0.154504,0.0388183,0.122246,0.0100493],[-0.00595543,-0.0190724,-0.00800216,-0.00948257,-0.0356911,-0.0247684,0.0362607,-0.00889911,0.00199722,0.0301933,-1.45177e-05,0.32469,0.0392874,0.0454388,-0.118399,0.0145836,0.0937084,0.0103147],[0.473656,0.0251327,2.53268,-0.00858634,0.157593,-0.355399,-0.0668452,0.0698786,0.00670698,-0.15601,0.0087205,12.1532,0.154504,-0.118399,9.08425,0.872983,0.940831,-0.0421253],[0.112002,-0.0255726,0.604728,0.0176763,0.273788,0.459602,0.0608074,0.0122576,-0.0073086,0.0511439,-0.00163481,1.85801,0.0388183,0.0145836,0.872983,0.862089,0.0570404,-0.00179905],[-0.0849706,-0.283216,0.189459,0.07862,-0.243494,-0.314826,0.643639,0.0559688,0.0052204,0.0676605,-0.00194466,6.78007,0.122246,0.0937084,0.940831,0.0570404,2.24544,0.0597126],[-0.00699923,-0.00629858,0.0279209,0.0285269,-0.0280386,-0.00106985,0.01004,0.00702059,0.00615441,0.00528164,0.00036061,0.177485,0.0100493,0.0103147,-0.0421253,-0.00179905,0.0597126,0.0169637]],"n":18,"lags":3}