{"betahat":[[1.28056,2.25568,-5.21831,7.16469,6.61421,6.61794,-1.22239,-2.15186,5.46807,0.52599,-1.19749,0.166395,-1.82689,-0.269958,-1.29535,-0.327819,-1.37331,37.6064,14.6085,0.470926,-3.68376,3.56224,1.14814],[0.705085,0.0938492,0.15907,-0.229821,0.00723328,0.207687,-0.0140657,-0.129655,0.0410478,0.0741152,-0.211492,-0.0218621,-0.00773073,-0.0129506,0.0258169,0.0829428,-0.0313244,-0.016409,-0.160067,0.00898261,1.1275,-0.277287,-0.0311804],[-0.0377693,0.611031,0.46069,-0.00427401,0.377146,0.0665407,0.087269,-0.00364752,0.108912,-0.0304751,0.0369119,0.0065113,-0.00143886,-0.0107842,-0.0277857,0.0111517,0.0347275,-0.0133456,-0.0538544,0.00696837,-0.328069,0.152766,0.0226777],[0.0212113,0.0725574,0.78121,0.0306834,-0.0334319,0.0971991,-0.0443407,0.0116003,0.023224,0.0543328,0.0276705,-0.000504994,0.00907826,-0.000117075,0.0129771,0.0348125,-0.0293131,0.00119055,-0.0348463,0.0127186,0.34107,-0.00163978,-0.00132203],[0.147404,0.305549,0.215677,1.12398,0.0495999,0.205962,-0.0987578,0.0435572,0.267206,-0.0234892,0.00615754,0.0153461,-0.0653703,0.005319,-0.0527651,0.0212291,-0.0549995,0.0194799,0.16112,-0.0201162,-1.95915,-0.0231823,0.00684381],[-0.0724522,-0.106269,-0.160376,-0.114251,0.560536,-0.134543,0.00903487,0.00580616,0.056235,0.0680165,-0.0214315,0.00998457,-0.0272973,0.00945526,-0.0155241,-0.00187357,0.0219124,-0.00346258,-0.0621699,0.0221587,-0.110113,-0.00746692,0.00276483],[0.042545,0.108467,0.0125906,0.0530138,0.0382669,0.814569,0.0326249,-0.0122986,0.105165,-0.0314008,0.00291104,-0.00305835,0.0305694,0.00624672,0.0282412,0.0262738,0.0728247,-0.0331025,-0.0385511,-0.00623131,1.32455,-0.0498242,-0.0157555],[-0.0379185,0.15162,0.161344,0.0621318,-0.267192,0.136284,0.690348,0.0246774,-0.185477,-0.00858072,0.0230256,0.0336961,-0.0445458,0.0368991,-0.0274179,-0.0700458,-0.193685,0.0143911,0.0124106,-0.0278171,-1.85118,-0.0666418,0.0116733],[-0.0996192,-0.153416,-1.10859,0.19932,-0.162474,0.145971,0.291019,0.511748,0.15844,0.154318,0.0406936,0.0246828,0.035615,0.0156768,0.0388419,0.111594,0.167793,0.34929,0.129517,0.0366455,1.28671,0.349812,0.0379946],[0.00301812,0.0468806,0.189498,-0.0255176,0.0969451,0.21591,0.0963352,-0.0122968,0.622346,-0.0676447,0.0398949,0.00753492,0.0262629,0.00481955,0.0204732,0.0259687,0.0687689,-0.00752131,-0.117157,-0.018932,-0.0993127,0.0829588,0.0373494],[0.0848386,0.0827496,0.888488,0.089165,-0.162329,0.198166,-0.17987,0.0754745,0.609286,0.873914,-0.00254427,-0.0310937,-0.02739,-0.0319252,-0.0048645,-0.0395159,-0.134516,0.0908946,0.283845,0.0218727,0.0672244,0.00323138,-0.0358043],[-0.23277,0.274302,-1.67193,-0.227075,-0.569405,-0.702732,0.0589662,-0.19573,-2.01049,0.0241689,0.77741,-0.0175312,-0.125251,-0.0367541,-0.0271107,-0.15831,0.0718421,0.182974,0.368945,0.0118047,3.10403,-0.476084,0.0147575],[1.84737,0.328957,3.15821,-0.24964,2.39538,2.99464,-0.0324126,0.198052,0.433325,-0.462168,-0.0126367,0.887547,0.0502504,0.00450999,0.00476227,0.722174,-0.295062,-0.275288,-0.68674,-0.0473591,10.1543,-0.157199,0.0345908],[0.725821,0.799835,2.84647,-0.672295,2.07572,1.04174,0.554262,-0.428392,-0.157118,-0.625909,0.402553,-0.134945,0.921954,-0.0885323,-0.0775725,0.349904,0.198617,-0.0594687,-0.171458,-0.284541,-0.631025,0.600181,-0.0454944],[-1.59842,-0.451703,-4.25741,0.401439,-4.35696,-4.04388,-0.98175,-0.149096,0.358444,1.43799,0.283396,0.505425,0.0928073,1.374,0.188891,-0.860587,-0.0818503,-0.126151,0.683173,0.217996,-2.93034,-0.560612,0.447884],[-0.121868,-0.303022,-0.278117,0.46518,0.285513,0.738711,0.666798,0.109967,0.812368,0.24195,-0.616193,0.285162,0.0646823,0.254948,1.06462,0.13221,0.469169,0.26258,1.08558,0.0836949,12.3575,-0.723499,0.219655],[0.275204,0.703696,-0.982756,0.141117,0.0269004,-0.170159,-0.0664201,0.0157345,-0.162855,0.0193424,-0.0780768,-0.00658118,-0.0678683,-0.00504774,0.0277743,0.828811,-0.073814,0.152164,0.460232,0.00590548,0.825112,0.131519,-0.0296733],[-0.11606,-0.201872,0.162732,-0.244582,0.22523,0.135025,-0.0830442,0.0794074,0.0501238,-0.0277417,0.0324992,-0.0194787,0.0937102,-0.0132481,0.0371759,0.0637166,0.840699,-0.00669437,-0.194018,0.0527641,0.906152,0.0562237,0.0111873],[-0.260795,-0.044594,-1.61838,-0.264657,-0.321946,0.510781,-0.512192,-0.134404,0.671211,0.581199,-0.141988,0.00263387,-0.0359359,-0.0159694,0.0613035,0.26326,-0.344708,0.534006,0.16093,0.0988104,-0.559563,-0.434423,-0.0415548],[-0.0995126,-0.0617927,-0.106158,0.119231,-0.138507,-0.206801,-0.10841,0.0757404,-0.174799,0.0722591,-0.0159719,-0.00438986,-0.00665247,-0.00961495,-0.0195361,-0.160279,-0.0243933,0.0619277,0.637888,-0.00949488,0.617989,-0.197644,-0.00473339],[-0.10931,-0.303811,-2.39466,-2.27356,0.836488,-1.64266,-0.697888,0.203176,0.497027,0.23547,-0.28133,-0.0227691,0.00146487,0.023709,0.0291775,-0.0236931,-0.653089,-0.0812944,-1.70512,0.285815,-3.30337,-0.268792,-0.277049],[0.00975638,0.0136258,-0.00474796,0.0234248,-0.0170465,-0.0042074,0.0199103,-0.0126685,-0.0470482,-0.00340667,-0.00683619,0.000235838,-0.000212431,0.00208996,0.00415659,0.0113501,0.00988168,-0.00584537,-0.0112537,0.00305464,-0.493841,-0.00169914,-0.0008753],[0.0403426,-0.178091,0.0894254,-0.0361154,0.240923,0.217685,0.082723,0.0168514,0.184413,0.0826553,0.121074,-0.00127061,0.0620039,-0.00789529,0.073068,0.0078987,0.0693385,0.00400283,0.0591169,0.0416508,-0.263469,1.17193,0.00819453],[0.188127,0.153831,1.49643,-0.116007,0.466002,-0.171899,-0.0558688,-0.144726,-0.261725,-0.0700193,-0.247602,-4.15845e-05,-0.016348,-0.0903413,0.0676195,0.152363,-0.186869,-0.386983,0.481772,-0.0518401,-8.37164,0.424901,0.701434],[0.262317,-0.00284926,0.0952105,0.235955,0.0604006,0.155791,0.0357596,0.0525669,0.162828,-0.00599933,0.168613,0.0138605,0.0235162,0.00447084,-0.0166041,-0.0238877,0.0573985,0.0162814,0.00933126,-0.0224367,-2.11933,0.148043,0.0193324],[0.0220666,0.212001,-0.458632,-0.155201,-0.325899,-0.0327188,-0.0451656,-0.0128267,-0.0855151,-0.0575812,0.0133927,-0.0169672,0.00973619,-0.00664793,0.0200387,0.00171118,0.00931381,0.0152955,0.0830342,-0.0145408,-0.108301,-0.0848378,-0.019699],[-0.0399258,-0.0556263,0.137617,-0.048726,0.0146048,-0.0774043,0.0249684,-0.00710441,-0.0430664,0.00676442,-0.0139626,-0.00361646,0.00364772,-0.00349466,-0.00507826,-0.0307988,0.0102021,-0.0052114,-0.0194342,-0.0170706,-0.516979,0.0091832,-0.0110033],[-0.0102201,0.0234423,-0.305617,-0.110353,0.0723976,-0.103326,0.0931532,-0.0349795,-0.15321,-0.0264534,-0.00923916,-0.0178473,0.0365421,-0.0195019,0.0298083,0.036739,0.0642044,-0.0111039,-0.123223,0.0188832,0.899602,-0.0119462,-0.0194257],[0.00293746,0.000464298,-0.156866,0.0522998,0.241156,0.00272122,0.0473204,-0.00325171,-0.0950234,-0.0547148,0.0240452,-0.00224369,0.0391031,-0.00593498,0.0205808,0.0103249,0.0163533,0.000224873,0.0698627,-0.00163666,0.268456,-0.00816625,-0.00203256],[-0.0282487,-0.0872951,-0.0533007,-0.0100481,0.0426221,0.0357238,0.00919675,0.0133376,-0.121776,0.00199542,-0.0237011,1.37465e-05,-0.018299,-0.00472749,-0.00240662,-0.0225149,-0.0208272,0.0116962,-0.0322235,0.0226081,-0.615005,0.0435129,0.0133157],[-0.0235001,-0.243404,-0.114256,-0.0984397,0.176322,0.0145487,0.321587,-0.0482031,0.178428,-0.0150056,-0.020604,-0.00707363,0.0656557,-0.00935234,0.0465923,0.0382098,0.272324,-0.0225689,-0.0615589,0.0153731,0.905605,0.0309217,0.021064],[-0.037077,0.168716,1.17564,-0.397708,-0.496503,-0.21611,-0.283714,0.190193,-0.486879,-0.0291086,0.109732,0.0210628,0.0578008,0.0154999,0.046168,-0.0949797,-0.114404,0.0888105,0.0524221,-0.0502574,-0.491723,-0.0123506,-0.0579925],[-0.00990969,-0.0498449,0.109072,0.014107,-0.110964,-0.0898316,-0.0149669,0.0117762,0.152022,-0.0103979,-0.0178015,-0.00579751,-0.0270391,-0.00609822,-0.0359226,-0.0193876,-0.018952,-0.00343855,0.112393,0.0165427,-0.593324,-0.00472621,-0.0321796],[-0.0442248,-0.00995252,-1.00009,-0.0779053,0.211887,0.085946,0.225302,-0.098728,-0.216088,-0.057451,0.0472404,0.012875,0.0434215,0.0194038,0.00184557,-0.0236372,0.140112,-0.091888,-0.0900529,-0.0651922,0.507334,0.00242145,-0.0135533],[0.161489,-0.122402,1.77039,-0.174483,0.00369696,0.605364,0.247696,0.28993,1.16914,-0.167632,-0.192719,0.0670026,0.117894,0.0485036,0.112477,0.146555,0.148114,-0.125035,0.416142,0.0103387,1.11638,-0.163808,0.0865457],[0.441906,0.439315,1.35705,0.46808,1.23502,1.25512,0.443787,-0.0571999,-0.0615655,-0.403099,-0.0663079,-0.20057,0.036049,-0.0836239,-0.00799315,0.290934,0.2354,0.134272,-0.268628,0.0709765,1.10755,-0.0702004,-0.0810327],[-0.621657,-0.734093,-1.68905,0.240617,-0.196014,-0.331028,-0.154658,0.230269,0.0524637,0.426787,-0.179741,0.122449,-0.11534,0.0590101,-0.0774952,-0.233941,-0.0270498,0.00387251,-1.38192,0.0528423,-7.84068,0.308717,0.0868452],[-0.562077,-0.30535,-2.30418,-0.41632,0.325353,-0.130683,0.721325,-0.0997272,-0.931314,-0.116584,0.0196078,-0.164655,-0.0619634,-0.236911,-0.152223,0.141434,0.327262,-0.1824,-0.756085,-0.049604,-2.75145,0.218833,-0.139032],[0.390013,-0.240535,0.184174,-0.200083,-0.898259,-1.60781,-0.141655,0.0748926,-1.18078,0.0589175,0.502082,-0.0699223,0.063567,-0.0144532,-0.113737,-0.213961,-0.00614639,0.200676,0.247085,-0.0297937,-5.95421,0.0539673,-0.0322684],[-0.229645,-0.812063,0.506984,-0.303924,0.28742,0.502681,-0.0251916,-0.0234383,-0.147882,0.106874,0.0443368,0.00329033,0.0694298,0.00670818,0.00690714,0.0339844,0.0883855,-0.0500181,-0.179919,-0.0389249,-0.380073,-0.111723,0.050476],[0.033203,0.0601458,-0.00359325,0.147797,-0.153269,-0.0768844,0.259066,-0.0629827,-0.223377,-0.173015,-0.00123975,0.0261376,-0.0229104,0.0291076,-0.00958753,-0.0314382,0.274859,0.00042213,0.11161,-0.021045,-1.4627,-0.0384276,0.00899859],[-0.0300737,0.325681,1.82205,0.0353558,0.0472293,-0.803468,0.65767,0.256352,-1.24892,-0.309946,0.151292,-0.0290917,0.0466076,0.0382998,-0.0163598,-0.249492,0.410065,-0.135814,0.0147812,-0.0430322,-1.0981,0.20974,-0.00719767],[0.116224,0.00978117,-0.0207782,-0.0869951,0.176889,0.210821,0.039308,-0.0846874,-0.0372782,0.0386369,0.0132822,-0.00148776,-0.00285997,0.00240708,0.0185456,0.117736,-0.0315657,-0.000507736,0.0387837,-0.00705284,-0.21477,0.185308,0.0161894],[0.301018,0.191994,1.60676,0.508138,-0.585475,1.41827,-0.268036,-0.362399,0.0900974,-0.481271,-0.121674,-0.0264746,-0.0624702,-0.0853193,0.00380273,0.149299,-0.248739,-0.0831521,-0.151637,0.202769,0.456638,-0.058289,0.01675],[0.0108967,0.0335616,-0.0549379,0.00381223,0.0045966,0.00963328,-0.00510257,-0.0151902,-0.0298133,0.00334407,0.00281997,0.000576501,-0.00161287,0.00022517,-0.00302147,0.00887929,-0.00608779,-0.00636207,0.00700531,0.00262234,-0.153423,0.00202687,0.00730687],[-0.0043263,0.260804,-0.0726971,0.0659699,-0.303007,-0.0542424,-0.180566,0.0212622,0.129478,0.0362853,-0.0794069,0.00296981,-0.0421567,0.00576982,-0.0555449,0.0396742,-0.157405,-0.0494849,-0.205017,-0.023026,0.978064,-0.202092,-0.00383276],[-0.457462,-0.259716,-2.50126,0.578836,0.512715,0.448241,-0.0443868,0.164794,-0.35724,0.288644,0.0285853,-0.0214739,-0.0860654,0.0449574,-0.0974099,-0.302333,-0.113539,-0.165592,0.292944,0.0910557,4.69088,-0.456344,0.0339506],[0.0325444,-0.0912484,-0.254008,-0.00657283,-0.0679398,-0.364141,-0.0215428,0.0770023,-0.203503,-0.0679052,0.0430937,0.00796854,-0.0157145,0.00847302,-0.00920022,-0.0589367,-0.0260566,0.000134891,0.15068,0.013468,0.993446,0.129122,0.0118206],[0.0156054,0.176312,-0.00190283,0.158781,-0.0518715,-0.0349159,-0.041941,0.0165453,-0.0234915,0.0881737,-0.0501112,0.0104581,-0.00817859,0.017457,0.00782457,-0.0128736,-0.0439054,-0.0017985,-0.028415,0.00756705,0.436676,-0.0676861,-0.00295284],[0.0183139,-0.0161779,0.0748986,0.0171981,0.0188423,-0.0210169,0.0194947,-0.00464075,0.0187836,-0.06156,-0.0138232,0.00414781,-0.0127714,0.00361317,-0.00776623,-0.00365334,0.0191117,0.00411022,0.0552966,0.00427788,0.182071,-0.00775161,0.0120933],[-0.137029,-0.329208,0.0906828,-0.0149279,-0.122775,-0.103782,0.00612433,-0.00834639,-0.114335,0.0499266,0.00318103,0.00246675,0.0290764,0.0142138,0.0231479,-0.0577915,-0.00882888,-0.00791048,-0.0367568,0.00118588,1.06113,0.0352773,0.0125924],[0.0696252,0.105668,0.319787,0.06157,0.196153,0.129751,-0.0563854,-0.00260835,0.0382367,-0.0128452,-0.00233166,-0.00776972,-0.0118033,-0.00345779,-0.0051824,-0.00863859,-0.0382482,0.00324624,-0.00797226,-0.0206171,-0.15717,0.0147253,-0.000865136],[-0.0143051,-0.0217211,0.0424487,-0.0438263,-0.0825696,0.146794,-0.0415444,-0.00113997,0.0159007,0.0294629,0.0211147,0.00300757,-0.0120831,-0.00150827,-0.0257289,-0.00395889,-0.05169,0.0214815,0.070507,-0.0164749,-0.705867,0.00606059,0.00234624],[0.0609293,0.0903047,-0.0446366,0.0362071,0.0873145,-0.155052,-0.0126796,0.0237249,0.00645179,0.0245993,-0.00254274,-0.0263185,-0.0207862,-0.0270959,-0.0186292,0.0311764,-0.079145,0.00960431,0.0523627,0.0126418,0.944419,0.0354336,-0.0325699],[0.26422,-0.0554131,0.722992,0.462166,0.586921,0.283382,0.0155354,0.151167,0.336658,0.169436,0.0691167,-0.0359055,-0.0173794,-0.0137369,-0.0673894,-0.00711706,-0.030977,0.020862,0.00955409,0.0804575,-1.00163,-0.435379,0.0227279],[0.0067045,0.00189879,-0.29552,0.00838463,0.0104458,-0.129279,-0.0791085,0.00083249,0.223413,0.0775257,-0.0210821,-0.00190121,0.00175972,0.0012704,0.0159649,-0.00637669,-0.0481296,0.0117204,0.0109719,0.00225303,0.695039,-0.0772613,-0.00518536],[-0.0404887,-0.0715614,0.11141,-0.0112896,-0.0498851,-0.283747,-0.0456441,0.0232656,-0.392715,0.182748,-0.0447947,0.0182296,-0.0160551,0.0125037,0.00304523,0.0632231,-0.0056354,0.00109429,-0.192499,0.0431386,-0.576782,-0.0058038,0.0491962],[-0.180484,-0.439506,-0.263814,-0.159444,-0.0188878,-0.593286,0.0506736,-0.022791,-0.255388,0.0350538,0.146864,0.0099473,-0.0535769,-0.0066088,-0.0132635,-0.086805,0.0598589,-0.0411956,-0.218135,0.02899,1.04154,0.220085,0.0327609],[0.0281642,-0.331906,1.67365,-0.363393,0.115269,0.313666,-0.32384,-0.0304456,0.646972,0.231536,0.0674545,-0.0740477,0.0632977,-0.043618,0.056875,-0.0488041,-0.190076,0.333962,0.596017,-0.0279472,-2.88479,0.153611,-0.0517023],[0.0128594,-0.0989037,1.19336,0.475723,-1.27131,-0.564793,-0.123422,0.141603,0.0627621,-0.00809985,0.00976307,-0.0203698,-0.020075,-0.0158514,-0.00710908,-0.23035,-0.149407,-0.00219578,-0.716886,0.147804,4.27551,-0.254977,-0.0443529],[-0.506939,-0.0476564,-0.89136,-0.0012873,-0.332425,-0.281948,-0.217387,0.0873972,-0.12332,-0.182275,-0.0735936,-0.0657026,-0.0273303,-0.142299,-0.00981952,-0.261767,-0.167938,0.189663,-0.00256678,-0.0861091,-2.83924,0.494396,-0.141862],[0.132094,0.776049,-0.0234328,-0.28191,-0.195827,0.211288,0.0423301,-0.0603513,-0.26103,-0.57244,-0.158998,-0.0632087,-0.0354971,-0.0547121,0.0958177,0.181851,-0.0657346,0.092573,0.0566201,0.0615597,-0.331019,0.196337,-0.0567577],[-0.0456486,0.107296,0.477564,0.16313,-0.315698,-0.334772,0.0913342,0.00766883,0.310464,-0.125949,0.0339484,0.00331095,-0.0015379,-0.00151035,-0.0347663,0.136497,-0.014521,-0.102025,-0.280222,0.0331031,-0.441879,-0.0200871,-0.0208076],[0.0818368,0.140114,-0.158006,0.0961772,-0.0758648,-0.0624744,-0.17599,-0.0164376,0.172481,0.201727,-0.0310586,-0.00636982,-0.0704693,-0.0155079,-0.027238,-0.0327866,-0.115547,0.00738981,0.0852065,-0.0315002,0.555012,-0.0179866,-0.0200583],[0.284106,-0.276407,-0.178675,0.190558,0.227404,0.267973,-0.125717,-0.104073,0.554889,-0.269759,-0.0105056,0.0280846,-0.00459157,-0.0190309,-0.0397199,-0.00989037,-0.0550676,-0.352413,-0.113245,-0.0504043,1.61146,0.226735,0.0495739],[-0.00452271,0.0776925,0.103179,-0.0033047,0.0403094,0.110567,0.0985318,0.0372778,0.235808,-0.149366,-0.0171623,0.00384057,0.0142476,0.00420041,0.00738753,0.053066,0.0903389,-0.00421116,-0.248634,0.00550949,-0.514009,-0.0288767,-0.0223481],[-0.19763,0.1419,-0.695511,0.874187,0.507378,0.595034,0.112605,0.214318,-0.619025,0.106576,0.0764301,0.00420286,-0.0948167,-0.0259588,-0.11934,-0.00127038,0.150768,-0.11128,0.175162,0.27639,1.7489,0.184565,0.188259],[0.00835196,0.0077233,-0.0117168,0.00434469,0.0276747,0.0334309,-0.00910537,0.000372802,0.0021242,0.00357827,0.00716487,0.000124159,0.00132288,0.00059663,-0.000256662,0.00886915,-0.0139346,0.000426115,0.00680028,0.000804434,-0.0926593,-0.0087566,-0.00211727],[-0.0256394,-0.0966518,0.0051635,-0.038952,0.10992,-0.0709634,0.110494,-0.0210378,-0.269596,-0.119576,-0.00843084,-0.0110859,-9.48643e-05,0.000151628,-0.0128963,-0.0330867,0.106361,0.0214806,0.264178,-0.00955545,-0.620681,0.0503459,0.00257996],[0.102068,0.261915,0.540469,-0.0478861,-0.329926,-0.0217693,-0.275999,-0.00892856,0.536131,-0.266809,0.0723033,-0.000994697,0.0405708,0.0059807,0.0191588,0.166157,0.0847473,0.183698,0.384469,-0.0935069,3.0157,-0.255023,0.0311779]],"sigmahat":[[0.182223,0.14697,0.215249,0.018539,0.102474,0.117181,0.00466054,-0.00263239,0.0850587,-0.0301467,0.00554001,-0.0100489,-0.00307755,-0.00827304,-0.00298209,0.0438124,0.00904318,-0.000748946,0.0469219,-0.00689233,0.397036,-0.0452496,-0.00272962],[0.14697,0.582676,-0.0783027,0.0060469,0.0106364,0.22988,-0.0479282,-0.0115115,0.0529254,-0.0559093,-0.0252523,-0.00985492,-0.0387249,-0.0142013,-0.0245292,0.0916438,-0.0471725,-0.00253566,-0.0419509,-0.0119237,0.129514,-0.111213,-0.0326742],[0.215249,-0.0783027,2.835,0.128823,-0.262777,0.0364995,0.0074215,0.0577513,0.258755,0.000573147,0.0316839,-0.0157242,0.0270764,0.00423906,-0.00339342,-0.0785762,0.0468714,-0.00952646,0.190544,-0.00865341,-0.0091295,-0.117473,0.00910602],[0.018539,0.0060469,0.128823,0.532744,0.166206,0.194517,-0.0894819,0.0165519,0.129785,-0.0218049,-0.0127675,0.0185273,-0.0114636,0.0196335,-0.00916971,-0.111572,-0.0303344,0.0197693,0.0395678,0.0297883,0.424925,-0.0289666,0.00604901],[0.102474,0.0106364,-0.262777,0.166206,1.22515,0.895359,-0.0507863,0.00833595,0.263352,-0.156215,-0.0406359,-0.0141181,-0.0329573,-0.0102163,-0.0217433,0.0765354,-0.0433224,-0.0425199,-0.0518361,-0.018084,-0.792164,0.0747965,0.00278302],[0.117181,0.22988,0.0364995,0.194517,0.895359,1.42826,-0.0745127,0.020996,0.300846,-0.131427,-0.047252,-0.00999985,-0.0603572,-0.00980402,-0.0590415,0.110057,-0.0833579,-0.038602,0.00194225,-0.01731,-1.49576,-0.00348305,0.0014097],[0.00466054,-0.0479282,0.0074215,-0.0894819,-0.0507863,-0.0745127,0.260542,-0.00686075,-0.17705,-0.0413454,0.019116,-0.00692321,0.018543,-0.0054888,0.00515833,0.0442337,0.160235,0.00106726,-0.0313439,0.0099185,0.11019,0.0431975,0.00334467],[-0.00263239,-0.0115115,0.0577513,0.0165519,0.00833595,0.020996,-0.00686075,0.0496575,0.0060324,-0.0117155,-0.00805429,0.00148749,0.00480785,0.00399687,0.00359883,-0.015607,1.88094e-06,0.00952487,0.0479819,0.00438124,0.116244,-0.00331487,0.000976363],[0.0850587,0.0529254,0.258755,0.129785,0.263352,0.300846,-0.17705,0.0060324,0.853713,-0.0411891,-0.0216182,-0.00251645,-0.013325,-0.00363253,-0.0103835,0.00245492,-0.0954966,-0.0271385,0.0410811,-0.000960541,0.391083,-0.0807295,-0.00691805],[-0.0301467,-0.0559093,0.000573147,-0.0218049,-0.156215,-0.131427,-0.0413454,-0.0117155,-0.0411891,0.207431,0.0101882,0.00348996,-0.00158822,0.0042372,-0.00131085,-0.0266631,-0.0246527,0.00343644,0.00655012,0.00863501,-0.0834172,-0.025798,0.0177183],[0.00554001,-0.0252523,0.0316839,-0.0127675,-0.0406359,-0.047252,0.019116,-0.00805429,-0.0216182,0.0101882,0.0435657,-0.00293496,0.00625853,-0.00111635,-0.0047909,-0.00270251,0.0112749,0.000544088,0.00258894,0.00266786,-0.0818423,0.0127528,-0.00069601],[-0.0100489,-0.00985492,-0.0157242,0.0185273,-0.0141181,-0.00999985,-0.00692321,0.00148749,-0.00251645,0.00348996,-0.00293496,0.00619881,0.00175365,0.0047333,0.00337273,-0.00705054,-0.00131945,0.00310164,0.00607274,0.00280069,-0.0210888,0.00235369,0.00438547],[-0.00307755,-0.0387249,0.0270764,-0.0114636,-0.0329573,-0.0603572,0.018543,0.00480785,-0.013325,-0.00158822,0.00625853,0.00175365,0.025154,0.00414717,0.0192599,-0.00453762,0.0207139,0.00799204,0.0332612,0.00416874,0.154444,0.0108658,0.00539045],[-0.00827304,-0.0142013,0.00423906,0.0196335,-0.0102163,-0.00980402,-0.0054888,0.00399687,-0.00363253,0.0042372,-0.00111635,0.0047333,0.00414717,0.00730096,0.0045442,-0.00763052,3.57039e-05,0.00451153,0.0146747,0.00389409,-0.000873848,-0.00178337,0.00493041],[-0.00298209,-0.0245292,-0.00339342,-0.00916971,-0.0217433,-0.0590415,0.00515833,0.00359883,-0.0103835,-0.00131085,-0.0047909,0.00337273,0.0192599,0.0045442,0.0242077,-0.00471,0.0116778,0.010838,0.0342063,0.00263991,0.19256,0.0156979,0.00592319],[0.0438124,0.0916438,-0.0785762,-0.111572,0.0765354,0.110057,0.0442337,-0.015607,0.00245492,-0.0266631,-0.00270251,-0.00705054,-0.00453762,-0.00763052,-0.00471,0.104761,0.00429471,-0.0138454,-0.0505304,-0.00352862,-0.266434,-0.0160426,-0.00409967],[0.00904318,-0.0471725,0.0468714,-0.0303344,-0.0433224,-0.0833579,0.160235,1.88094e-06,-0.0954966,-0.0246527,0.0112749,-0.00131945,0.0207139,3.57039e-05,0.0116778,0.00429471,0.142255,0.00462588,0.0245117,0.00751698,0.272531,0.0235486,0.00799472],[-0.000748946,-0.00253566,-0.00952646,0.0197693,-0.0425199,-0.038602,0.00106726,0.00952487,-0.0271385,0.00343644,0.000544088,0.00310164,0.00799204,0.00451153,0.010838,-0.0138454,0.00462588,0.0571758,0.0887632,0.00282003,0.170655,0.00330083,-0.000366273],[0.0469219,-0.0419509,0.190544,0.0395678,-0.0518361,0.00194225,-0.0313439,0.0479819,0.0410811,0.00655012,0.00258894,0.00607274,0.0332612,0.0146747,0.0342063,-0.0505304,0.0245117,0.0887632,0.852758,0.00601758,0.565061,-0.0404932,0.0166538],[-0.00689233,-0.0119237,-0.00865341,0.0297883,-0.018084,-0.01731,0.0099185,0.00438124,-0.000960541,0.00863501,0.00266786,0.00280069,0.00416874,0.00389409,0.00263991,-0.00352862,0.00751698,0.00282003,0.00601758,0.0171738,0.0537116,0.00303274,0.0077202],[0.397036,0.129514,-0.0091295,0.424925,-0.792164,-1.49576,0.11019,0.116244,0.391083,-0.0834172,-0.0818423,-0.0210888,0.154444,-0.000873848,0.19256,-0.266434,0.272531,0.170655,0.565061,0.0537116,24.0597,-0.4858,-0.0191179],[-0.0452496,-0.111213,-0.117473,-0.0289666,0.0747965,-0.00348305,0.0431975,-0.00331487,-0.0807295,-0.025798,0.0127528,0.00235369,0.0108658,-0.00178337,0.0156979,-0.0160426,0.0235486,0.00330083,-0.0404932,0.00303274,-0.4858,0.185541,0.0134916],[-0.00272962,-0.0326742,0.00910602,0.00604901,0.00278302,0.0014097,0.00334467,0.000976363,-0.00691805,0.0177183,-0.00069601,0.00438547,0.00539045,0.00493041,0.00592319,-0.00409967,0.00799472,-0.000366273,0.0166538,0.0077202,-0.0191179,0.0134916,0.0174562]],"n":23,"lags":3}