{"betahat":[[0.161015,-0.647983,0.413213,1.01452,0.647949,-0.558274,-0.288212,0.251045,-0.320493,0.499394,-0.0559493,-0.0977639,1.24823,-0.42989,0.352312,-0.0891206],[1.03318,0.122446,-0.148061,-0.139865,0.56071,0.977994,0.0287592,-0.0927652,0.860649,-0.312274,-0.0576891,-0.0396667,-0.322219,0.126869,-0.024536,-0.00372232],[-0.0250227,1.01924,0.128802,-0.0643969,0.570731,0.566867,-0.0154846,-0.00971261,0.0794325,-0.168289,0.0364682,0.0278355,0.0591475,-0.173962,0.0176527,-0.0147193],[0.0330573,0.00281563,0.897774,-0.00689121,0.322582,-0.345757,0.0448165,-0.0109404,-0.0911664,-0.354595,-0.0172726,-0.0165641,0.0739495,-0.116268,0.0240129,0.0386474],[0.129659,0.243683,0.174599,1.00658,0.634368,0.221386,-0.0934453,-0.0303058,0.00884755,-0.849493,0.0281581,-0.020799,1.01386,0.654101,-0.398153,0.0109629],[0.00638087,-0.00202193,-0.0106675,0.000963427,0.646875,-0.0633268,-0.00108866,0.00564015,-0.00933506,-0.00517138,0.0123558,0.00999933,0.0223998,0.0202744,-0.00444394,0.00166196],[-0.000740853,0.0126875,-0.00445335,0.000487673,-0.0184309,0.812207,0.00789505,-0.00334454,0.0237494,0.132086,0.000191373,0.0016265,-0.0165168,-0.0263405,0.0546442,0.00255438],[-0.18527,-0.164693,-0.222312,0.141171,-0.370878,-0.189149,0.710101,0.0258189,0.926154,-5.05025,0.0139429,0.0122574,-0.215177,-0.261284,-1.48623,0.0618905],[0.554663,0.523245,0.831062,-0.00519006,1.63683,1.40304,0.0816472,0.835347,-1.65481,5.55323,0.0107312,-0.0105492,2.05153,1.96788,-0.145923,0.00954838],[-0.00526931,0.0165631,-0.00135378,-0.00816797,-0.0390273,0.145695,-0.0108283,0.00666187,1.08836,-0.070354,0.00417247,0.0189591,-0.257151,-0.0241192,0.0789535,0.00271927],[0.00192806,-0.00475739,-0.00527715,-0.000878728,-0.0196192,-0.0181118,0.00331538,-0.000737595,-0.0286402,1.07395,0.0016175,0.0016081,-0.0172277,-0.0143298,0.00506285,0.00029112],[-0.0243169,-0.199116,-0.16715,-0.0421608,-0.318249,0.677986,0.104539,0.0621272,0.232462,-2.59583,0.98303,-0.0122191,-0.286469,0.0202253,-0.24375,0.0830662],[0.0735472,-0.1162,-0.358559,0.0730489,0.930439,0.991807,0.129514,-0.00608521,0.0123632,-5.87911,0.0599942,1.12171,-0.958187,0.139145,-0.216476,0.0454405],[0.01688,0.00394064,-0.00901201,0.00371596,0.115397,0.0498199,0.0121641,0.00311542,0.0200305,0.0477107,0.0107283,0.00738997,1.00341,0.0360249,0.0555676,-0.00264401],[0.0561699,0.0616252,0.0358694,0.00560581,0.0673645,-0.262633,-0.00484546,-0.0204469,-0.153278,0.611047,-0.0225296,-0.0263162,0.0234225,0.715133,-0.0559941,-0.00676376],[0.0581464,0.117677,-0.00190513,-0.030917,0.108918,0.101752,0.0549415,-0.00383219,0.165876,0.499321,0.004395,0.0127818,-0.213352,0.133847,0.571804,0.0105022],[-0.163786,-0.0196541,-0.149811,0.13607,-2.74552,-1.89045,0.327666,-0.0507268,-0.222386,5.11597,0.0649993,-0.0386551,1.45838,-0.154568,0.424435,1.26692],[-0.0251189,-0.0556395,-0.0133751,0.0304441,-0.216518,-0.327087,0.0225444,0.0409273,-0.752387,2.11523,0.0877092,0.057048,0.549359,-0.19612,0.327382,0.00935524],[0.00395622,-0.0287814,-0.0503761,0.035344,0.103436,0.0187911,-0.0012188,0.00175832,-0.0942535,-0.103235,-0.0176519,-0.0128988,-0.0971614,0.09097,0.0058163,0.00535846],[-0.0198469,-0.0493046,0.0942534,0.0115321,-0.228128,0.403996,-0.0376229,0.00444007,0.0684002,0.398173,0.0152812,0.00712426,0.129855,0.0367583,-0.0510038,-0.0308736],[-0.0241978,-0.0914997,-0.108131,-0.0313525,-0.852503,-0.706811,0.0978531,0.0268048,-0.129009,1.37277,-0.00314344,0.028295,-0.735509,-0.45501,0.407576,-0.00543628],[-0.00909206,0.00632257,0.0106714,0.00155362,0.187559,-0.00748367,0.00489932,-0.00665747,0.032053,0.0401119,-0.0118009,-0.00904615,-0.0179397,-0.0117051,0.0170165,-0.00161719],[-0.00162174,-0.00623944,0.0191513,-0.00256496,-0.175235,-0.0398059,-0.00338925,0.00212904,-0.00763918,0.0137624,0.00101692,0.000621969,0.047377,0.0237871,-0.0318228,-0.00217414],[0.156444,0.0887148,0.263588,-0.0454411,0.839502,0.397803,0.184947,-0.0244973,-0.740809,3.00686,-0.00727473,-0.0186933,0.137034,0.126478,1.08282,-0.0195503],[-0.308611,-0.197345,-0.665963,-0.0941231,0.438473,1.61029,-0.0934337,0.0962493,1.39232,-6.07694,-0.0484135,-0.00186069,-2.03698,-1.13096,-0.0585266,-0.00217807],[-0.000257668,0.000157564,0.0266473,-0.0039203,0.201603,0.0313401,-0.00652543,-0.00976315,-0.0852409,-0.247338,-0.00857437,-0.0149834,0.218726,0.0133994,-0.128798,-0.00077834],[-0.00237489,0.00313517,0.00531589,-4.51545e-05,0.0418119,0.045307,-0.00349807,-0.000807611,0.027947,-0.0241116,-0.00062729,-0.000975491,0.0241381,0.014206,-0.0058043,-0.000352793],[-0.00130842,0.032546,0.0440368,0.0157787,-0.626349,-0.570209,-0.0854551,0.0170167,0.0414914,-0.504563,-0.0523452,-0.0293364,-0.647096,-0.179001,0.201278,-0.0255306],[-0.0593191,-0.0298113,0.0702508,0.0685732,-1.68282,-1.25734,-0.125657,-0.00145412,-0.184151,3.22355,-0.12303,-0.155234,0.578018,-0.174497,0.220926,-0.0284098],[-0.00937941,0.00215565,0.0037568,-0.0017806,-0.169962,-0.0207508,-0.00846728,-0.00178002,0.015202,0.0267527,-0.0113164,-0.00589657,-0.0592165,-0.0283847,-0.0559256,0.00149454],[0.00873954,-0.00138727,0.0577678,-0.0374737,-0.132824,0.264758,0.0250541,-0.000907351,0.0164917,-0.0670514,0.0199571,0.0228418,-0.0263296,0.14786,0.138899,0.00517185],[0.0129464,0.0296701,0.0310377,0.000208109,0.24038,-0.0828587,0.02282,-0.00578616,-0.142506,0.0106099,0.0223015,0.0247232,-0.137686,0.0151384,0.317079,0.0167095],[0.160695,0.0973461,0.180521,-0.0895012,1.94663,0.74859,-0.127514,0.0128148,-0.237671,-1.71313,-0.0357613,0.0402991,-0.685504,0.222102,-0.092213,-0.17311],[-0.00806465,-0.066814,0.161436,0.109418,-0.344176,-0.650901,-0.051294,0.0518347,-0.108299,-1.80269,-0.0300171,-0.0173787,-0.227103,0.0692336,-0.302784,-0.00563263],[0.0210663,0.00953528,-0.0784197,0.02905,-0.674149,-0.585647,0.0167086,0.00795207,0.0147692,0.271711,-0.0188134,-0.0149346,0.0380485,0.0829727,-0.0234288,0.00936056],[-0.0132091,0.0464748,0.00796403,-0.00464144,-0.0944466,-0.0582496,-0.00717935,0.00649709,0.0226921,-0.0431957,0.00199673,0.00944502,-0.203767,0.0794823,0.0270743,-0.00777385],[-0.105457,-0.152188,-0.0664624,0.0247655,0.218169,0.485435,-0.0043973,0.00349806,0.120123,-0.522962,-0.0250108,-0.0074931,-0.278303,-0.199103,-0.00934557,-0.00552637],[0.00270779,-0.00430924,-9.84291e-06,-0.00251818,0.165385,0.0706941,-0.00379505,0.00101436,-0.0227987,-0.0344762,-0.000545687,-0.000945678,-0.00441986,-0.00859489,-0.0124865,-4.26304e-05],[0.00235883,-0.00645452,-0.014696,0.00207669,0.193544,0.227461,-0.00449617,0.00121327,-0.0161994,-0.14545,-0.00120211,-0.00224421,-0.0308048,0.00252568,-0.0227578,-0.000379316],[0.0287973,0.0758977,-0.0412531,-0.0957185,-0.468685,-0.208431,0.104943,-0.00133562,-0.185363,2.04268,-0.00667858,0.00642959,0.0780862,0.134704,0.40342,-0.0423386],[-0.22172,-0.277361,-0.133214,0.0863677,-1.89129,-2.85703,0.0249664,0.0479754,0.239575,0.616763,0.0438111,0.0159615,0.0844085,-0.714552,0.181023,-0.00672014],[0.00547006,-0.0167617,-0.0253533,0.0120812,-0.163272,-0.177358,0.017369,0.00311272,-0.00360944,0.318253,0.00444897,-0.00391541,0.0379098,0.0105853,0.0499986,-0.00193625],[0.000432821,0.00186232,-0.000156175,0.000962921,-0.023403,-0.0284152,9.05034e-05,0.00152982,0.00198297,-0.0571579,-0.0010664,-0.000637386,-0.00660341,3.04112e-05,0.000416758,6.97482e-05],[0.0267786,0.130635,0.125097,-0.00702868,0.84687,0.0840322,-0.0234685,-0.0802762,0.0975265,2.00511,0.0109976,-0.00242831,0.860985,0.184278,-0.0912778,-0.0469987],[-0.0172826,0.158098,0.329622,-0.16115,0.856268,0.418523,-0.0264153,0.0116992,0.295898,2.23993,0.0456821,0.00888208,0.403567,0.0796338,-0.13343,-0.0107915],[-0.00751174,-0.00630665,0.00495734,-0.00187484,0.0537101,-0.0298472,-0.00341997,-0.00136948,-0.035868,-0.0712993,0.000704929,-0.00135159,0.0553161,-0.00802193,0.00171042,0.00114959],[-0.0168234,0.0356418,0.00139512,-0.0449237,-0.102928,-0.15702,-0.00221145,-0.00193032,0.0402551,0.217763,0.0168963,0.0178167,-0.158041,0.0285907,-0.0348179,0.00307537],[-0.0122662,-0.0078597,0.0369261,-0.0208066,-0.0620607,0.164716,-0.0173874,-0.0035308,-0.018008,0.0263925,0.00552212,-0.000445283,0.0978134,-0.0105434,-0.0592502,0.00959384],[-0.0684834,-0.0231228,-0.253159,-0.0793517,0.468957,0.878362,-0.177894,0.061009,0.179968,-3.56915,-0.0113949,0.0128067,-0.215156,-0.192766,-0.308326,-0.145278]],"sigmahat":[[0.119655,0.0636037,0.0882051,-0.0255579,0.185123,-0.0958263,0.0458416,-0.00788701,-0.179832,0.782338,0.0187379,0.0161308,-0.0171659,0.114399,0.116915,-9.64335e-05],[0.0636037,0.431596,0.12978,-0.23418,-0.0551758,-0.0336917,0.0664949,-0.0761686,0.10755,-0.00847172,0.0212329,0.0271932,-0.438785,0.446927,-0.114118,0.0215226],[0.0882051,0.12978,0.560814,-0.110524,0.0703783,0.0268199,0.0100279,-0.0420459,-0.18059,0.0866003,0.0150825,-0.0183876,0.185496,0.246985,-0.154309,-0.0061427],[-0.0255579,-0.23418,-0.110524,0.226627,-0.0555239,-0.160399,-0.0240138,0.0408845,-0.045866,0.14133,-0.0225053,-0.0225231,0.502131,-0.229799,0.121538,-0.013496],[0.185123,-0.0551758,0.0703783,-0.0555239,20.9924,11.6836,0.0878446,-0.185462,-0.291895,1.58239,0.0953629,0.0140312,2.78996,0.735939,0.104059,0.023597],[-0.0958263,-0.0336917,0.0268199,-0.160399,11.6836,13.8669,-0.127844,-0.165145,0.29533,-4.70363,-0.0807131,-0.0591889,-0.123726,0.770827,-0.963242,0.0158687],[0.0458416,0.0664949,0.0100279,-0.0240138,0.0878446,-0.127844,0.140513,-0.024076,-0.15416,1.60555,0.025752,0.0135927,0.237705,0.121097,0.371456,0.00509954],[-0.00788701,-0.0761686,-0.0420459,0.0408845,-0.185462,-0.165145,-0.024076,0.0461827,-0.0698526,-0.207485,-0.00188963,-0.00292223,-0.0205798,-0.101215,0.00523269,-0.00408535],[-0.179832,0.10755,-0.18059,-0.045866,-0.291895,0.29533,-0.15416,-0.0698526,3.81362,-4.959,-0.139027,-0.104003,-0.232056,0.419519,-0.335273,0.0200877],[0.782338,-0.00847172,0.0866003,0.14133,1.58239,-4.70363,1.60555,-0.207485,-4.959,90.7148,1.02351,0.349468,14.0666,0.532511,8.3725,0.0862165],[0.0187379,0.0212329,0.0150825,-0.0225053,0.0953629,-0.0807131,0.025752,-0.00188963,-0.139027,1.02351,0.0652004,0.0470423,0.140885,0.0475652,0.118239,0.00885847],[0.0161308,0.0271932,-0.0183876,-0.0225231,0.0140312,-0.0591889,0.0135927,-0.00292223,-0.104003,0.349468,0.0470423,0.0529492,-0.15469,0.0277422,0.0716458,0.00810349],[-0.0171659,-0.438785,0.185496,0.502131,2.78996,-0.123726,0.237705,-0.0205798,-0.232056,14.0666,0.140885,-0.15469,10.3169,0.245446,1.34778,-0.0382651],[0.114399,0.446927,0.246985,-0.229799,0.735939,0.770827,0.121097,-0.101215,0.419519,0.532511,0.0475652,0.0277422,0.245446,1.25474,-0.0493117,0.0269322],[0.116915,-0.114118,-0.154309,0.121538,0.104059,-0.963242,0.371456,0.00523269,-0.335273,8.3725,0.118239,0.0716458,1.34778,-0.0493117,2.4018,-0.000892963],[-9.64335e-05,0.0215226,-0.0061427,-0.013496,0.023597,0.0158687,0.00509954,-0.00408535,0.0200877,0.0862165,0.00885847,0.00810349,-0.0382651,0.0269322,-0.000892963,0.0124926]],"n":16,"lags":3}