{"betahat":[[0.594515,0.562201,1.03008,0.341302,1.21722,0.153836,-0.205742,0.0854055,1.18109,-0.0688082,1.44794,1.54106,0.132065,-0.0202071,3.08028,2.8407,-0.208351,0.0923137],[1.06858,0.0436245,-0.128099,-0.0947577,0.717455,0.894179,0.0452447,-0.0745755,0.605793,-0.0187402,0.144806,1.92097,-0.0378522,-0.0534657,0.286884,0.249112,0.16778,0.00511963],[0.047258,1.01331,0.17394,0.00386465,1.13378,0.791504,-0.014793,-0.0101511,-0.066645,0.0033955,0.0833591,1.94564,0.0567845,0.0087386,0.880276,0.430565,0.131018,-0.00644636],[-0.0263802,-0.137775,0.771539,0.101959,-0.212942,-0.815324,0.0133094,0.0134706,0.0163086,0.0194178,-0.0574566,-1.61936,-0.0497119,-0.0134411,-0.313968,-0.776098,-0.00914773,0.019125],[-0.0177906,0.145353,0.155336,1.02189,0.626832,0.530312,-0.208334,-0.0453353,0.154086,-0.0468916,0.16089,-6.17722,-0.043333,-0.0474221,0.187707,-1.14027,-0.957706,-0.0498754],[0.0078659,0.00217273,-0.0109856,-0.0029278,0.612996,-0.0440552,-0.00100846,0.00546246,-0.0101608,-0.00167,0.00274981,0.0206779,0.0132227,0.0104406,0.0234982,0.0251151,-0.0081671,0.000502939],[5.81424e-05,0.0132812,0.000323092,-0.000828329,0.038181,0.797991,0.00898625,-0.00452703,0.00727131,0.000263201,-0.0116008,0.15532,-0.00110352,-0.000734538,-0.00501404,-0.00245947,0.0560124,0.00263781],[-0.103062,-0.0530719,-0.238708,0.0586963,0.331182,0.130028,0.684944,-0.00280121,0.997679,0.01674,0.670404,-1.59941,-0.0128501,-0.046503,0.665907,0.426709,-1.52016,0.0686447],[0.553679,0.606297,1.08361,-0.200753,1.88376,1.69258,-0.00616814,0.821937,-2.15666,0.1052,0.0384448,5.46383,-0.030888,-0.0506526,1.74969,1.60131,-0.36532,-0.0267447],[-0.0101134,0.00383879,-0.000433576,-0.00734425,-0.0756162,0.153238,-0.0067863,0.0036042,1.03515,0.00812969,0.00675708,-0.317887,-4.37985e-05,0.0165992,-0.390557,-0.122253,0.0581838,0.00417906],[-0.0963278,-0.155405,0.00813601,0.0299329,2.65975,2.22735,0.0923322,-0.107597,-0.989122,1.17988,-0.222539,-4.39575,-0.0350966,-0.231507,1.04773,-1.20446,-1.27251,0.258106],[-0.0135565,-0.0883084,-0.120771,0.0599308,0.892358,0.698311,-0.00323295,0.00213326,0.00580756,-0.0055643,0.886673,1.91498,-0.0558391,-0.0646201,0.507926,0.139689,0.100555,-0.0075288],[0.00188647,-0.00319012,-0.00385623,0.000137192,-0.0199735,-0.0106397,0.00240087,-0.00108071,-0.0220589,0.000134953,0.00888644,0.995139,0.000927819,0.00219356,-0.0227614,-0.00879005,0.00507546,0.000460817],[-0.00745861,-0.211944,-0.195163,-0.00362243,-0.107103,0.916342,0.0647771,0.0845113,0.312075,0.0383489,-0.623792,-3.26887,0.984564,-0.000462175,-0.0942375,0.437838,-0.26266,0.087847],[0.133617,-0.0504175,-0.35988,0.0427292,0.501078,0.331762,0.179241,-0.0188057,0.111176,0.0143815,0.166465,-6.68444,0.0781091,1.15804,-1.66604,-0.0605799,-0.173197,0.0422545],[0.0111527,-0.0218156,-0.0138551,0.0167324,0.146905,0.0534073,0.00717193,0.00716125,-0.00509162,0.000416559,0.00702496,-0.0843651,0.00913246,0.00815538,0.958936,0.0574714,0.0565837,-0.00382265],[0.0463275,0.112095,0.0931939,-0.00259184,0.145259,-0.0696661,0.00509436,-0.0149245,-0.0365823,-0.000914981,-0.0271312,0.86099,0.0109067,-0.00302009,0.282278,0.827254,0.0330057,0.00207586],[0.0291785,0.116088,-0.0107348,-0.0477141,0.0240671,0.0706649,0.0589972,-0.00402454,0.178002,0.0117205,-0.0406013,0.517721,0.0028889,0.0103435,-0.297097,-0.194265,0.52486,0.00468895],[-0.0731233,-0.161135,-0.228328,0.269999,-2.32713,-2.34996,0.282272,0.0928323,-0.701487,0.0685935,-1.0467,9.64844,0.136009,0.0756335,1.53266,2.44691,1.53275,1.18756],[-0.0367776,-0.00144702,-0.0574053,0.00639583,-0.442933,-0.322623,0.00981528,0.0339568,-0.56638,0.00802853,-0.192076,-0.405223,0.074249,0.0810911,0.0238662,-0.291813,0.205767,0.000897908],[-0.0406419,-0.0445028,-0.0450823,-0.00349459,-0.141,0.0572513,-0.00302169,0.00558756,0.0349703,0.000490991,-0.0618891,-2.74101,-0.0324597,0.015533,-0.870592,-0.248731,-0.00160478,-0.00122543],[0.0334657,0.0465562,0.184755,-0.0555824,0.18905,0.774874,-0.00153955,-0.0137764,-0.00600965,-0.00965939,0.0918441,0.469885,0.0251549,0.00511653,0.244114,0.442463,0.0148628,-0.0278724],[0.119251,0.0519921,-0.112898,-0.106466,-1.15776,-1.47151,0.227853,0.0215949,-0.409512,0.0360983,-0.183082,7.12037,0.0502285,0.0266458,0.011638,0.246697,0.842592,0.0361237],[-0.0140856,-0.000754215,0.00518243,0.00734586,0.193718,-0.0256607,0.00367075,-0.00631198,0.0344352,0.00112478,-0.0146578,-0.00626393,-0.0136741,-0.00997109,-0.0292083,-0.0419789,0.0140762,-0.00127163],[-0.00431549,-0.0129977,0.0182994,0.00136546,-0.247674,-0.0480595,-0.00489569,0.0034164,0.000924936,-0.00049089,0.0159426,0.0333101,0.00191081,0.00181381,0.0542216,-0.00244036,-0.0285537,-0.0019638],[0.08032,-0.0410128,0.28977,0.0269909,-0.272244,-0.116282,0.140458,0.0150905,-0.773866,-0.0153347,-0.618061,0.496988,0.0341122,0.0526872,-0.60567,-0.644499,1.05267,-0.0257458],[-0.384009,-0.29886,-0.96997,-0.00150404,0.474186,1.99037,-0.0797294,0.0997278,1.64416,-0.0679532,0.0134465,-5.01495,-0.0692333,-0.0262641,-2.19767,-1.32787,-0.202126,0.00105166],[-0.000682792,-0.00474813,0.0240098,0.0063985,0.244528,0.0628022,-0.00921054,-0.00751989,-0.0447583,-0.00719709,0.0216766,0.0182677,-0.00581295,-0.0139506,0.374286,0.0867111,-0.105696,-0.000639268],[0.077913,0.388971,0.10763,-0.0640267,-3.13176,-1.16562,0.0437715,-0.0250083,2.5309,-0.146563,0.367255,5.69572,-0.0545938,0.0715082,-0.0628395,0.366669,0.986536,-0.118643],[0.0232948,0.0741584,0.0787724,-0.066294,-1.04152,-0.699581,-0.0362042,0.0112947,-0.0715634,0.0110429,0.212659,-1.29366,0.0387048,0.0640745,-0.675032,-0.183465,-0.0146189,0.000566297],[-0.00156441,-0.00141535,0.00329257,0.00279112,0.0347922,0.025782,-0.00344905,0.00104626,0.0178527,-0.000488974,-0.00441287,0.0459447,0.000139188,-0.000779187,0.0190831,0.0268393,0.000467135,-0.000931331],[0.00791315,0.0515695,0.0472408,-0.00182074,-0.527194,-0.674113,-0.0390247,0.000345315,-0.073114,-0.0186898,0.554718,0.284333,-0.0799011,-0.060702,-0.788626,-0.386511,0.290078,-0.0435694],[-0.0751819,0.0597335,0.0827718,0.0136975,-1.69393,-0.908629,-0.136221,-0.0339997,-0.323229,0.00314515,0.097435,3.36391,-0.148685,-0.199562,1.25981,-0.0989699,0.026041,-0.0192236],[-0.00356486,0.00779339,0.00382194,-0.00138698,-0.208499,-0.0396718,-0.00322204,-0.00214649,0.0109495,-0.00203378,-0.00606119,0.227851,-0.0100113,-0.00523605,-0.041816,-0.0250932,-0.0292142,0.00137913],[-0.0119014,-0.00557431,-0.0187507,-0.022225,-0.220324,-0.0423011,-0.0130426,-0.00294703,0.0220421,-0.00453808,0.0141463,-1.61221,-0.0267255,-0.00413818,-0.441869,-0.0916025,-0.150275,-0.00707],[0.00417002,0.0319759,0.0310514,-0.00366192,0.227171,-0.145653,0.0144005,-0.00290302,-0.138345,0.0171853,0.0630046,-0.492119,0.0213236,0.0323254,-0.25073,-0.0567501,0.324384,0.00988993],[0.171176,0.154231,0.228821,-0.164487,1.76579,0.856651,-0.0476754,-0.0812612,-0.521285,-0.0271075,0.351083,-2.30064,-0.122063,-0.0584745,-1.04568,-1.03501,-0.478687,-0.156054],[-0.0317993,-0.0421769,0.185503,0.0883592,-0.2745,-0.571564,-0.0550512,0.040616,-0.0394102,0.0107121,0.0472577,-1.51551,-0.0363926,-0.0276224,-0.31072,0.0427095,-0.373494,-0.00601698],[-0.00661688,0.0311946,-0.128856,-0.000371884,-0.992753,-0.848761,0.017821,0.00456166,0.0316675,-0.00388588,-0.0214825,0.795586,-0.0243203,-0.0242689,-0.00965157,-0.181821,-0.129371,0.00767218],[-0.00708429,0.0912189,0.0437005,-0.0463782,0.0239194,0.0404362,-0.011758,0.000302603,-0.0103073,-0.00975816,-0.0344048,1.1498,0.024563,0.00832932,0.0698916,0.333642,-0.00564922,0.00874792],[-0.101458,-0.197343,-0.0424365,0.0845744,0.53096,0.941182,-0.0195082,0.0237376,0.25543,0.0107938,0.0221803,-0.942852,-0.00689013,0.0207798,-0.19931,0.893592,0.115179,0.0137524],[0.00621674,-0.00142083,0.0057949,-0.00441711,0.193218,0.0696537,-0.00265075,0.000847341,-0.0242877,0.000546015,0.0118843,-0.014038,0.000458873,-0.000464255,0.0057551,0.0168661,-0.00584109,0.00077013],[0.00425405,-0.000285275,-0.0186252,-0.000535588,0.209449,0.249985,-0.00408255,0.00110915,-0.0082202,0.00022901,-0.00436097,-0.188288,-0.000801074,-0.00107569,-0.0491539,0.00490804,-0.0274044,-0.000673015],[0.0227389,0.0940838,-0.0510529,-0.0856961,-0.0588903,-0.0137544,0.174606,-0.012293,-0.223795,-0.00140329,-0.0523451,1.10278,-0.0212565,-0.00618143,-0.0601808,0.217818,0.467561,-0.0428979],[-0.161434,-0.296621,-0.105124,0.199666,-2.29492,-3.62934,0.0899789,0.0687811,0.512365,-0.0389542,-0.0515717,-0.320938,0.100265,0.075379,0.525937,-0.221118,0.575345,0.0258227],[0.0107889,0.000911723,-0.0236055,0.000956717,-0.168799,-0.216007,0.0160277,0.00391991,0.00934224,-0.000931155,-0.0285588,0.300869,0.00589136,-0.00262365,0.0163524,0.0356448,0.04774,-0.0035354],[0.0769486,0.124215,-0.0619223,-0.125707,1.12358,-0.732978,-0.213181,0.116465,-0.114562,-0.115476,0.489247,-2.82375,0.117089,0.137242,0.345234,1.24627,-0.181206,-0.0890757],[-0.00973703,0.0141505,0.0419405,0.00638053,0.149231,0.00117353,0.0395025,-0.0134367,0.0656988,-0.00547748,-0.0994896,-0.620143,0.0171699,0.00057726,0.167256,0.0438172,-0.0855862,0.00696744],[-0.000387606,0.00464533,0.00058168,-0.00289443,-0.0159826,-0.0161956,0.00101834,2.13412e-05,0.0044179,0.000363891,-0.00421244,-0.0471506,-0.00110315,-0.00138619,0.00298713,-0.018329,-0.00583777,0.000457698],[-0.0106672,0.106429,0.157268,-0.0226731,0.488257,-0.127387,-0.0353569,-0.0836,-0.00841308,-0.0188005,0.122601,1.72449,0.0494364,0.0302602,0.722714,-0.153999,-0.177078,-0.0403915],[-0.0658536,-0.0238701,0.302382,-0.0663891,1.19824,0.625052,-0.0576878,0.0566167,0.259721,-0.01422,-0.24729,3.01305,0.054849,0.0218727,0.407572,0.154621,0.0596359,-0.0222265],[-0.00756214,0.0139998,0.00983299,-0.0153091,0.0613164,-0.0140284,-0.00378477,-0.00504797,-0.00574751,0.00160308,-0.00121253,-0.141852,0.000942256,-0.00283097,0.0828208,-0.0324615,-0.0265383,0.00245583],[-0.0300352,-0.024936,-0.00372424,-0.0287613,-0.0923744,0.0533985,0.00942722,-0.00554534,0.00916614,0.00179511,-0.0242381,0.232227,0.00727354,0.00514902,-0.128983,-0.156508,0.0248053,-7.98526e-05],[-0.0242187,-0.0420009,0.0305691,-0.000506745,-0.171264,0.135205,-0.0255092,-4.95151e-06,0.00403725,0.00260467,0.011038,-0.211169,0.00549147,0.00381809,0.0743105,-0.0768727,-0.0771738,0.00707985],[-0.212664,-0.162865,-0.318842,-0.00723385,-0.0448025,1.17432,-0.171497,0.027464,0.394532,-0.0599675,0.302018,-7.18342,-0.0307537,-0.0150883,-0.458121,-1.80214,-0.796306,-0.0948376]],"sigmahat":[[0.11884,0.0360509,0.0869858,-0.0169402,0.331951,-0.0213057,0.0413227,0.000133314,-0.228874,0.00210517,0.00761226,1.15438,0.0184863,0.00848579,0.13932,0.200931,0.161541,-0.0019969],[0.0360509,0.192734,0.0232669,-0.0855646,0.211556,0.0339249,0.03999,-0.0229468,0.0186769,-0.00615034,0.0341265,0.283781,-0.00387208,-0.00484184,0.107087,0.0227055,0.0657973,0.00145861],[0.0869858,0.0232669,0.476281,-0.0351462,0.294547,0.123491,0.00100226,-0.0119388,-0.191353,0.0132676,0.0409899,0.597945,0.00747285,-0.0310565,0.529799,0.267573,0.00900285,-0.0112058],[-0.0169402,-0.0855646,-0.0351462,0.112759,-0.230971,-0.189807,-0.01709,0.00816692,-0.0227378,0.00416491,-0.0293164,-0.115372,-0.00520775,0.000186006,0.0562972,0.0533661,-0.0196737,-0.00225742],[0.331951,0.211556,0.294547,-0.230971,18.5805,10.041,0.124619,-0.174566,-0.646686,0.0247258,-0.456543,3.48903,0.17441,0.0723265,2.72439,2.01676,0.25057,0.0372889],[-0.0213057,0.0339249,0.123491,-0.189807,10.041,12.1766,-0.0879793,-0.145502,0.183902,-0.0454022,-0.0643493,-3.95537,-0.0215143,-0.0057385,-0.0308125,1.03449,-0.718703,0.0261002],[0.0413227,0.03999,0.00100226,-0.01709,0.124619,-0.0879793,0.122292,-0.0167843,-0.156732,0.00725793,-0.105211,1.6278,0.0227241,0.00858786,0.301104,0.0206383,0.356044,0.000944841],[0.000133314,-0.0229468,-0.0119388,0.00816692,-0.174566,-0.145502,-0.0167843,0.0326209,-0.0641023,0.00164451,-0.00196139,-0.175865,0.00410728,0.00260985,-0.0998267,0.0549215,-0.0255816,0.000838184],[-0.228874,0.0186769,-0.191353,-0.0227378,-0.646686,0.183902,-0.156732,-0.0641023,3.38934,-0.0659268,0.242775,-6.79355,-0.154684,-0.087355,-0.913078,-0.250622,-0.447197,0.0129244],[0.00210517,-0.00615034,0.0132676,0.00416491,0.0247258,-0.0454022,0.00725793,0.00164451,-0.0659268,0.00869104,-0.0163279,0.297702,0.00515528,0.00205156,0.0583122,-0.0130614,0.0187746,0.00189132],[0.00761226,0.0341265,0.0409899,-0.0293164,-0.456543,-0.0643493,-0.105211,-0.00196139,0.242775,-0.0163279,0.595078,-2.81545,-0.0263756,0.00323757,-0.493793,-0.0349316,-0.296732,-0.00262334],[1.15438,0.283781,0.597945,-0.115372,3.48903,-3.95537,1.6278,-0.175865,-6.79355,0.297702,-2.81545,115.328,1.42306,0.294101,20.552,4.31433,8.92508,0.201511],[0.0184863,-0.00387208,0.00747285,-0.00520775,0.17441,-0.0215143,0.0227241,0.00410728,-0.154684,0.00515528,-0.0263756,1.42306,0.0622089,0.0396638,0.286549,0.0925532,0.154226,0.00750852],[0.00848579,-0.00484184,-0.0310565,0.000186006,0.0723265,-0.0057385,0.00858786,0.00260985,-0.087355,0.00205156,0.00323757,0.294101,0.0396638,0.045906,-0.0929743,0.00680877,0.0815471,0.00599102],[0.13932,0.107087,0.529799,0.0562972,2.72439,-0.0308125,0.301104,-0.0998267,-0.913078,0.0583122,-0.493793,20.552,0.286549,-0.0929743,10.3584,1.90477,1.35416,0.0250502],[0.200931,0.0227055,0.267573,0.0533661,2.01676,1.03449,0.0206383,0.0549215,-0.250622,-0.0130614,-0.0349316,4.31433,0.0925532,0.00680877,1.90477,3.29428,0.581855,0.017863],[0.161541,0.0657973,0.00900285,-0.0196737,0.25057,-0.718703,0.356044,-0.0255816,-0.447197,0.0187746,-0.296732,8.92508,0.154226,0.0815471,1.35416,0.581855,2.1381,0.0160717],[-0.0019969,0.00145861,-0.0112058,-0.00225742,0.0372889,0.0261002,0.000944841,0.000838184,0.0129244,0.00189132,-0.00262334,0.201511,0.00750852,0.00599102,0.0250502,0.017863,0.0160717,0.00862221]],"n":18,"lags":3}