{"betahat":[[1.70413,0.322881,3.2595,0.618079,9.34636,3.61104,-0.596767,0.0515218,-4.44774,0.259517,-1.20726,36.4899,0.620448,0.262303,5.10709,1.66795,0.0742907,3.08731,1.42522,-0.0854801],[1.10935,0.0570305,0.097584,-0.0991245,0.546364,0.0883662,0.0616635,-0.03507,0.16837,0.014407,0.0376023,1.62444,-0.0110171,0.0161115,-0.11396,-0.0216804,-0.0103171,0.353123,0.0327649,0.0106065],[0.0744448,1.04867,0.057311,-0.0396407,0.935909,0.623615,0.0307266,-0.00950958,0.0297055,0.0146448,0.125529,2.03922,0.0454509,0.00301636,0.902201,0.130108,0.0034487,0.610966,0.272133,-0.00387633],[-0.0205546,-0.04534,0.91111,-0.000103085,0.435943,-0.104124,-0.0382118,0.00857841,0.00586392,0.0151179,-0.0226408,-0.0646347,-0.0300232,0.0020674,-0.073297,-0.0694247,0.00457025,-0.267628,-0.0775144,0.0318825],[0.0743232,0.0962422,0.213726,0.926332,0.878782,0.818357,-0.0709803,-0.029712,-0.194448,-0.00681608,0.109611,-0.485185,-0.0173307,-0.0730731,0.886967,0.147385,-0.0092245,-0.412979,-0.284899,-0.0225777],[0.0022835,-0.00343883,0.00207417,-0.00246359,0.67838,-0.0160323,0.000695319,0.00408015,-0.0278361,-0.000580064,-0.00243656,-0.0362042,0.0109078,0.00854724,-0.014868,0.0147343,0.000739684,-0.0026667,-0.00583197,0.00286094],[0.0050924,0.0235064,-0.0185518,-0.00451991,-0.0180616,0.759919,0.00733588,-0.00342866,0.0207726,0.000988305,-0.00911827,0.460191,0.0016926,0.00337047,0.0517051,0.0310886,0.000661047,0.0489014,0.0573412,0.00139234],[-0.0720966,-0.0700909,-0.327322,-0.00205956,0.135389,0.281086,0.74051,0.0102722,0.380719,-0.00244025,0.339062,-0.689019,0.000616109,0.00181791,-0.657804,-0.00222627,0.00224817,-0.271272,-0.851156,0.0233813],[0.570475,0.717226,0.94491,-0.237057,3.01745,2.04353,-0.0602049,0.851232,-2.17884,0.0903877,0.0330305,6.5446,-0.0228783,-0.00648651,2.17683,0.867218,-0.0397151,1.65963,-0.317234,-0.0428973],[0.00304401,0.0119333,0.0245837,-0.0115174,0.0272815,-0.0214928,0.000948201,0.00637862,1.03216,0.0100631,0.00881637,0.306253,0.0010579,0.00384186,-0.143811,-0.10936,-4.70437e-05,-0.0765125,0.106949,0.0127052],[0.368838,-0.0512942,0.542296,-0.226244,2.11438,0.601885,0.213296,-0.0133565,-0.864167,1.20896,-0.158483,2.94193,-0.0304708,-0.112793,2.86209,0.185304,0.0410034,-0.618624,0.232336,0.362203],[-0.0226656,-0.0811546,-0.118497,0.0308549,0.766993,0.55216,-0.0204126,0.000125299,0.116357,-0.0139541,0.947566,1.71548,-0.0531306,-0.0656673,0.556628,0.0793232,-0.00466715,-0.0368556,0.135769,0.00393523],[0.000607335,-0.00209714,-0.00949163,-0.00143982,0.00228889,-0.0072392,0.00609267,2.34472e-05,-0.00268852,-0.000258752,5.91697e-06,1.01767,-0.00129493,0.000881342,-0.0387685,0.00170388,-0.000716546,-0.0041299,0.0118273,0.000415111],[0.0119193,-0.177784,-0.0509477,-0.0324264,-0.676093,0.270927,0.10894,0.0342521,0.00660734,0.0251273,-0.406472,-2.91802,0.982125,-0.00683867,0.174015,-0.754364,0.0241567,0.422243,-0.108167,0.08222],[0.103986,0.0295827,-0.144677,0.108019,0.248227,0.83069,0.0152813,-0.00648968,0.265871,-0.00397134,0.00648496,-2.09318,-0.0285914,0.969302,-2.02289,-0.237018,0.00215963,-0.75468,-0.193411,-0.020962],[0.0215255,-0.00247146,0.0317114,0.00717123,0.110025,0.0507154,0.00475355,0.004048,-0.012691,0.00432732,0.0139201,0.108492,0.0110233,0.00678755,1.09231,0.00365561,-0.00116527,0.0541027,0.0317875,0.00593642],[0.0274098,-0.00877573,-0.0126868,0.0250429,-0.345656,-0.203874,0.0247268,0.00323954,0.0658764,-0.000534529,0.0142892,0.346218,-0.0154664,-0.0116505,-0.279025,0.919882,-0.000374028,-0.209298,0.114093,-0.00690036],[-0.224071,-0.219564,-0.308025,0.547354,-3.64018,-7.38112,0.658921,-0.0783419,1.57581,0.19317,-1.44988,9.51219,0.235369,-0.0639837,2.58719,-0.315944,1.28267,1.48713,1.46799,0.389705],[0.0523442,0.103173,0.128242,-0.00284852,0.0646446,-0.0769203,0.00970268,-0.0144535,-0.0356304,0.000450005,-0.0350871,0.726741,0.0166427,-0.0151787,0.4905,-0.0149029,0.00197374,0.723552,0.0810046,0.00670652],[0.019815,0.0861414,0.026073,-0.0251697,0.164641,0.0082261,-0.00190344,-0.00558366,0.100812,0.0126327,0.0490758,0.650632,0.00652238,0.0053696,-0.167964,0.0197339,0.00455077,0.0591884,0.316915,0.0232876],[-0.198692,0.00756802,-0.108034,0.227113,-1.0659,1.19485,-0.10781,0.0347264,0.174032,0.0165028,-0.0297112,-3.29205,-0.141412,0.00398039,-1.86624,-0.262261,0.0143025,0.388539,-0.344994,0.913108],[-0.103743,-0.0246975,-0.184272,0.0221343,-0.438486,0.352095,-0.0474904,0.0193306,-0.142579,-0.0172767,-0.0749377,-1.10301,0.0247057,0.0224035,-0.313205,0.0178928,0.00718717,-0.539164,0.148278,-0.0337288],[-0.0695464,-0.08739,-0.0213894,0.0284985,-0.0829999,0.254831,-0.048327,0.00426617,-0.0187389,-0.00383095,-0.100109,-2.35441,-0.0205177,0.00872758,-0.839083,0.0542959,-0.0051479,-0.519028,-0.125457,-0.011674],[0.00636331,0.00846845,0.0518286,0.00472918,-0.30731,0.160294,0.0273968,-0.00393621,0.0417208,-0.0206647,0.0597791,-0.481249,0.0167538,0.010555,-0.225019,0.0110118,-0.00216253,0.102819,0.0508252,-0.0189086],[-0.0215573,0.0107949,-0.22188,0.0445144,-1.15823,-1.24334,0.0542977,0.0162731,-0.0503382,0.0088307,-0.131427,2.93909,0.00968289,0.0232882,-1.01129,-0.204893,0.00517141,0.0934564,0.276336,0.0278073],[-0.0132865,0.00343748,-0.00894373,0.0025026,0.131738,-0.00213844,-0.00084121,-0.00444333,0.0494159,-0.00120729,-0.00633551,-0.0450583,-0.011508,-0.00489264,-0.0600343,0.00763879,-0.000782633,-0.0209808,0.0146535,-0.0023744],[0.00111661,-0.0129016,0.028336,-0.00151353,-0.10543,0.0313566,0.000191605,0.00236157,-0.0173889,0.000819092,0.0123298,-0.15934,0.00110802,-0.00376805,0.0630012,-0.0311338,-0.000101396,-0.0147337,-0.0348723,-0.00213489],[0.00543845,0.00163464,0.331739,-0.0087549,-0.262407,-0.0451411,0.207805,-0.00506578,-0.238514,-0.016749,-0.3198,0.435198,0.023295,0.0634086,-0.0757105,0.0859603,-0.002164,0.0439899,0.748577,0.00621264],[-0.400105,-0.344246,-1.04194,0.119013,-0.459883,1.06466,-0.0437695,0.0500655,1.81401,-0.111133,0.174449,-7.85241,-0.0878538,-0.0646694,-2.71874,-1.09621,0.0283833,-1.06254,-0.382744,-0.022607],[-0.00535144,-0.00906801,0.0124792,0.00765287,0.0516941,0.155437,0.000119326,-0.00850562,-0.0336846,-0.00717687,0.00752235,-0.502876,-0.00262505,0.00232257,0.0594275,0.100658,0.00153377,0.0489989,-0.104938,-0.00234307],[-0.151596,0.146377,-0.270656,0.187065,-1.47385,0.173407,-0.166183,-0.0221574,0.802351,-0.19157,0.0688466,-4.35453,-0.0410728,0.0502802,-1.86191,-0.115754,-0.033221,-0.131559,-0.268698,-0.227752],[0.0111438,0.0728074,0.0754643,-0.0497389,-0.927802,-0.502998,-0.0206507,0.00994129,-0.0652828,0.00184888,0.169429,-1.82281,0.0272796,0.0572025,-0.682167,0.0297987,0.00128429,-0.0726596,-0.125815,-0.00988074],[-0.00259279,0.000502519,0.00289284,0.00302901,-0.00359873,0.0218828,-0.00506112,0.000103326,0.00776684,-0.000416415,0.000701275,-0.0509154,0.000511257,0.000147006,0.00736038,0.00389894,0.000288662,0.00264561,-0.0126466,-0.00168312],[-0.0192487,0.0784752,-0.0677947,0.0102037,-0.11555,-0.0442714,-0.122372,0.00479329,0.287126,-0.0148088,0.378269,0.43708,-0.0788579,-0.0594709,-0.142089,0.214185,-0.0128347,-0.00564586,-0.0861267,-0.0532519],[-0.00759326,-0.000304322,-0.120751,-0.0774699,-0.260625,-1.27456,0.0339375,-0.0188627,-0.232293,0.0417309,0.00620713,2.97206,-0.0126054,-0.0255803,1.90142,0.0447423,0.00495383,1.11505,0.264646,0.0801722],[-0.0160366,0.000213848,-0.0154121,-0.0028472,-0.115638,-0.0232732,-0.00541789,-0.00127619,0.0255638,-0.00586256,-0.00312303,-0.173126,-0.0117668,-0.00371961,-0.103781,-0.00507614,-7.22894e-05,-0.0508193,-0.0327093,-0.00540837],[-0.0363402,-0.0123416,-0.0198295,0.00436841,0.196993,0.193065,-0.0201602,-0.0136579,0.0426646,0.0015159,-0.0012251,-0.614484,-0.000346049,-7.61622e-05,0.166457,0.0147263,-0.00312155,0.0931509,-0.115476,-0.000385366],[0.174213,0.292552,-0.147611,-0.396725,2.0612,4.8336,-0.523887,0.085584,-0.999951,-0.189443,0.792562,1.90522,-0.122684,-0.0890698,-1.13313,0.483658,-0.238404,-0.515368,-1.17433,-0.256277],[-0.0023817,-0.00530504,-0.027913,-0.0187694,-0.0945118,-0.0566296,-0.00535834,-0.00352138,0.00265422,-0.000312673,-0.00391135,-0.852411,-0.0170617,0.00238631,-0.280408,0.0455518,-0.00342049,-0.0706131,-0.0861791,-0.000768718],[-0.000998221,0.0178165,0.035421,-0.00329047,0.154312,-0.0368721,0.0297451,-0.00547189,-0.107727,0.00513309,0.0213808,-0.857899,0.0208941,0.0291506,-0.184649,-0.0320324,0.00670945,-0.0232144,0.280123,0.0131332],[0.137953,0.0107881,-0.110027,-0.224645,0.766846,-0.580428,0.120815,-0.0163341,-0.706392,0.000843564,-0.0808758,1.86678,0.118416,0.0819083,0.754963,0.197752,-0.0102979,-0.258475,0.72189,0.00919453],[-0.00563543,-0.0323593,0.0866522,0.0769898,-0.108001,-0.440487,-0.01414,0.0157409,-0.0257138,0.00287029,0.0373451,-0.521955,-0.0136995,-0.0385167,0.427034,0.00391592,0.00313275,0.18595,-0.180986,0.0231241],[-0.00493217,0.0386827,-0.0359358,0.0111484,-0.853054,-0.878466,0.0176168,0.00524961,-0.0109428,-0.0108137,-0.0254093,0.314434,-0.0249446,-0.01175,-0.0632208,-0.1843,0.00170198,-0.0920229,-0.14669,0.0155511],[0.0141646,0.0368311,0.0369793,-0.00461876,-0.128715,-0.0562448,0.0108606,-0.0046388,-0.0475538,0.00554914,-0.0371494,0.545572,0.0132598,-0.0126153,0.298102,0.0585672,-0.00240542,0.164683,0.0267643,-0.0129726],[-0.0527621,-0.107044,0.00815281,0.0291457,0.279406,0.42501,0.016726,0.0134393,0.244832,-0.00200858,0.0218144,-2.45389,0.00765084,0.0497833,0.124471,0.0576065,0.00405546,0.319504,0.00868446,-0.00522807],[0.0109026,-6.75822e-05,0.00670898,-3.28283e-05,0.188935,0.0177234,0.000188661,0.000378877,-0.0214416,0.00177588,0.00880661,0.0800489,0.000576578,-0.00364781,0.0743147,-0.022181,4.7204e-05,0.0234478,-0.00878967,-0.000483459],[-0.006279,-0.0106648,-0.00987568,0.00603418,0.122781,0.207988,-0.00749818,0.0010828,-0.00336934,-0.00180694,-0.00317158,-0.301576,-0.00281952,0.000390899,-0.114892,0.000191505,-0.000554571,-0.0343186,-0.0224699,0.000748722],[0.0665952,0.0684857,-0.00444034,0.0107853,0.127248,-0.235892,0.051689,-0.00520923,-0.142076,0.0191704,-0.0192129,0.252862,-0.0239121,-0.065233,0.73305,-0.083652,-8.75448e-05,0.227086,0.102604,-0.0295916],[-0.152308,-0.317935,-0.0164625,0.132828,-2.28431,-2.79943,0.0909751,0.0518788,0.509063,-0.0191282,-0.147706,0.866102,0.0878444,0.0679786,0.281565,0.189226,0.00816589,-0.24817,0.536137,0.0395809],[0.00169611,-0.00310445,-0.0375077,0.00388383,-0.0822898,-0.135331,-0.00109594,0.00222488,0.001315,-0.00302182,-0.0159931,0.183317,0.00142504,-0.00619087,0.0830123,0.00902283,-0.00146096,0.0271558,-0.00228704,-0.0103299],[-0.166449,-0.0223686,-0.414394,0.045684,-0.721329,-1.01783,0.00221326,0.0240708,0.502588,-0.107004,0.111023,0.738952,0.0626762,0.13682,-2.3425,-0.219607,-0.0146445,0.672842,0.180922,-0.160012],[0.0111933,0.00810244,0.0423668,0.0189515,0.158692,-0.0503579,0.0412033,-0.0100178,-0.0508363,0.012029,-0.117112,0.0996257,0.0257774,0.00844911,0.124839,-0.108927,0.00341151,0.109122,-0.00897066,0.00600998],[0.00154199,0.00275204,0.00549751,-0.00207749,-0.00604011,-0.0184887,-0.000834935,-5.99223e-05,-0.00137873,0.000715134,0.00222534,-0.0209848,0.000392075,-0.000795861,0.0252924,-0.00893777,0.00036246,-0.00245995,-0.00230948,0.00100029],[0.0523243,0.0295657,0.275785,0.000834291,0.667467,-0.0479449,0.0224752,-0.0416401,-0.144442,0.0317647,0.0284983,3.26305,0.0535435,0.0120104,0.496062,0.338248,-0.00696472,-0.274453,0.142105,0.0330031],[-0.153701,-0.0366987,0.232038,-0.0412705,-0.0167991,0.660632,-0.0904199,0.0290935,0.119756,-0.0398609,-0.0116935,-1.2505,0.00468959,-0.0119291,-0.0456365,0.228242,-0.00116864,-0.420208,-0.256601,-0.0777152],[-0.00565589,0.00177446,-0.017402,-0.00419911,0.00153564,-0.0303249,0.00144907,-0.00272194,-0.010999,0.00149642,-0.0109074,0.0557116,0.000717686,-0.0026176,0.0069745,0.00256238,0.00125121,-0.00454502,0.00337474,-0.000289934],[0.00878578,0.0210397,0.0320622,-0.0293902,0.14762,0.0100414,-0.00433279,0.0104017,-0.108128,-0.000979828,-0.0129873,0.268032,0.0158964,0.0117901,0.113069,0.0654179,0.00351377,0.115888,0.00258417,0.00736461],[0.0287414,-0.060871,0.363647,-0.184873,1.73637,2.23421,-0.114636,0.0178093,-0.353546,-0.061485,0.73643,-7.59586,-0.0520463,0.049911,1.75548,-0.31564,-0.124724,-0.667269,-0.328615,-0.117164],[-0.0236913,-0.0204572,0.0152876,-0.0241251,-0.0925409,0.0119142,0.00457381,-0.00637034,-0.016192,0.000308447,-0.0171041,0.0077553,0.00266521,0.00908316,-0.192125,-0.0634254,-0.00149633,-0.0855511,-0.000122113,0.0025031],[-0.023373,-0.0189505,0.00234831,0.00335924,-0.147625,0.114318,-0.016575,-0.000861072,-0.00749877,0.00153077,-0.00470524,-0.177736,0.0087213,0.00374196,0.049901,-0.0124075,0.00409446,-0.0853572,-0.0697687,0.0027206],[-0.0121402,-0.0500546,-0.000331774,0.042234,0.0605018,-0.759177,-0.00411705,0.00627776,0.201419,-0.0303899,-0.0588383,0.211192,-0.00180986,-0.0663359,0.589236,-0.114305,-0.00892254,-0.387308,-0.329681,0.0112445]],"sigmahat":[[0.187841,0.0445219,0.192678,-0.0138735,0.674133,0.038582,0.0655299,-0.00148063,-0.294305,0.0360574,-0.00619753,2.54574,0.0412424,-0.00530707,0.897804,0.0393116,-0.000771254,0.367265,0.238109,0.0341641],[0.0445219,0.175327,0.00382035,-0.057634,0.188713,0.0416383,0.0164948,-0.0171062,0.0155797,-0.00260076,0.0288587,0.317554,-0.00312727,-0.0132267,0.207184,-0.0095059,-0.00209624,0.0807195,0.0326643,-0.00887158],[0.192678,0.00382035,0.905239,-0.00833239,0.662389,0.289442,0.0623252,-0.010078,-0.393669,0.0587476,0.0177542,3.22358,0.0417848,-0.0237234,1.4123,0.336409,0.000852113,0.429594,0.152219,0.0820238],[-0.0138735,-0.057634,-0.00833239,0.13788,-0.021188,-0.0470592,-0.0233893,0.00110261,-0.00333765,-0.00480011,-0.0203113,-0.476555,-0.00735059,-0.0036234,-0.0904828,-0.0466785,0.000289347,0.0177022,-0.085808,-0.00770707],[0.674133,0.188713,0.662389,-0.021188,16.709,7.61757,0.23388,-0.133084,-0.716853,0.169609,-0.387929,9.10104,0.210553,-0.0430299,5.04216,0.669573,0.0129187,1.95306,0.717051,0.110988],[0.038582,0.0416383,0.289442,-0.0470592,7.61757,11.584,-0.111836,-0.0922292,0.306498,-0.0361633,-0.0497906,-5.68004,-0.0209659,0.0131624,-1.37417,0.274015,-0.0088867,0.349781,-0.465016,-0.0393221],[0.0655299,0.0164948,0.0623252,-0.0233893,0.23388,-0.111836,0.163175,-0.010109,-0.120701,0.0237032,-0.094568,2.5718,0.0321968,0.0112474,0.559803,-0.0302695,0.00422585,0.173171,0.45709,0.0209686],[-0.00148063,-0.0171062,-0.010078,0.00110261,-0.133084,-0.0922292,-0.010109,0.0228361,-0.0425718,0.00204916,-0.00134856,-0.143821,0.00274397,0.00254118,-0.0672992,0.00827111,0.00075854,0.0197199,-0.013296,0.00139986],[-0.294305,0.0155797,-0.393669,-0.00333765,-0.716853,0.306498,-0.120701,-0.0425718,3.17726,-0.112665,0.29058,-5.80591,-0.148135,-0.046178,-1.7485,-0.143213,-0.0117671,-0.262312,-0.481056,-0.0357461],[0.0360574,-0.00260076,0.0587476,-0.00480011,0.169609,-0.0361633,0.0237032,0.00204916,-0.112665,0.0306008,-0.0177833,1.22768,0.0173019,-0.00784679,0.500393,-0.0219933,0.00209635,0.0816753,0.0941864,0.0157704],[-0.00619753,0.0288587,0.0177542,-0.0203113,-0.387929,-0.0497906,-0.094568,-0.00134856,0.29058,-0.0177833,0.510668,-2.61255,-0.0198851,-0.00252673,-0.293197,-0.0174097,-0.00582924,0.0565506,-0.287808,0.00459996],[2.54574,0.317554,3.22358,-0.476555,9.10104,-5.68004,2.5718,-0.143821,-5.80591,1.22768,-2.61255,163.049,1.58498,-0.254902,34.3223,-0.129226,0.0536341,8.49671,11.3587,1.0846],[0.0412424,-0.00312727,0.0417848,-0.00735059,0.210553,-0.0209659,0.0321968,0.00274397,-0.148135,0.0173019,-0.0198851,1.58498,0.0685684,0.0368564,0.473798,-0.0241781,0.00166917,0.126394,0.199673,0.0200034],[-0.00530707,-0.0132267,-0.0237234,-0.0036234,-0.0430299,0.0131624,0.0112474,0.00254118,-0.046178,-0.00784679,-0.00252673,-0.254902,0.0368564,0.0715658,-0.482083,-0.0404371,0.000163093,-0.00662594,0.0809398,0.00905264],[0.897804,0.207184,1.4123,-0.0904828,5.04216,-1.37417,0.559803,-0.0672992,-1.7485,0.500393,-0.293197,34.3223,0.473798,-0.482083,22.2939,0.0443357,0.0388789,3.18609,2.35729,0.265969],[0.0393116,-0.0095059,0.336409,-0.0466785,0.669573,0.274015,-0.0302695,0.00827111,-0.143213,-0.0219933,-0.0174097,-0.129226,-0.0241781,-0.0404371,0.0443357,2.42382,-0.00780073,0.439279,0.0392065,-0.0540729],[-0.000771254,-0.00209624,0.000852113,0.000289347,0.0129187,-0.0088867,0.00422585,0.00075854,-0.0117671,0.00209635,-0.00582924,0.0536341,0.00166917,0.000163093,0.0388789,-0.00780073,0.00236207,0.00392417,0.012871,0.0018937],[0.367265,0.0807195,0.429594,0.0177022,1.95306,0.349781,0.173171,0.0197199,-0.262312,0.0816753,0.0565506,8.49671,0.126394,-0.00662594,3.18609,0.439279,0.00392417,2.95203,0.817808,0.108293],[0.238109,0.0326643,0.152219,-0.085808,0.717051,-0.465016,0.45709,-0.013296,-0.481056,0.0941864,-0.287808,11.3587,0.199673,0.0809398,2.35729,0.0392065,0.012871,0.817808,2.55184,0.100734],[0.0341641,-0.00887158,0.0820238,-0.00770707,0.110988,-0.0393221,0.0209686,0.00139986,-0.0357461,0.0157704,0.00459996,1.0846,0.0200034,0.00905264,0.265969,-0.0540729,0.0018937,0.108293,0.100734,0.0480762]],"n":20,"lags":3,"seasonalRows":0}