{"betahat":[[0.0233626,-0.00986341,0.060477,0.0518049,-0.0351435,0.0154876,0.00279726,-0.0106761,1.33265,-0.00465899,1.11035,-1.77325,-0.0154905,-0.0223538,2.04817,1.06431,-0.00215858,-0.135193,-0.121747,0.0435902],[0.124635,0.0959126,-0.149642,-0.184357,0.597181,0.661742,0.0321492,-0.0598265,0.128497,-0.0193909,-0.0525315,3.62224,0.034254,0.0208997,0.120855,-0.114842,-0.0164547,-0.299649,0.235535,0.00834458],[0.0355774,0.128228,0.0412175,-0.0760571,0.343153,0.232536,0.0120036,-0.0313657,0.108179,-0.0089197,-0.02701,0.406695,0.00827379,0.00676639,-0.137981,-0.0525894,-0.00546598,-0.299569,0.0715619,-0.00978104],[0.00800193,-0.111728,0.0709244,0.0953833,0.0931158,-0.225457,-0.00575117,-0.0015228,-0.119475,0.0126484,-0.0527865,-1.19247,-0.0343459,-0.0276079,0.10402,0.103672,0.0077487,-0.344106,-0.0782764,-0.000780439],[-0.0456637,-0.110234,0.0429988,0.107596,-0.0103599,0.0689169,-0.0468098,0.021007,-0.0693537,-0.00608914,0.0879854,-0.192071,-0.00854274,-0.0161957,0.775096,0.510353,-0.00293051,0.245729,-0.0401827,-0.0334686],[0.00329431,0.00326902,-0.00962656,-0.00507397,-0.0327275,0.0154735,0.00150299,0.00248625,-0.0133213,-0.000253389,-0.00725332,0.172366,0.00762144,0.00562805,0.0422825,-0.00324668,0.000637573,0.00570091,0.012009,0.00267044],[-0.00295219,0.00468783,-0.00498175,0.00121592,-0.00828566,0.00803342,0.00133099,-0.00149559,-0.00338786,-0.000397021,-0.00846924,0.0214333,0.00190191,0.00248407,-0.00578145,0.0206978,0.000471672,-0.0128264,0.0190065,0.00299562],[-0.0185987,0.0458597,-0.127576,0.0131929,0.0150392,0.0995981,0.00524747,-0.0216188,0.570113,0.0236956,0.38651,-3.80716,0.0237266,0.0105176,0.677754,-0.721439,0.0135733,-0.160126,-1.13796,0.0554469],[0.136543,0.203726,0.075235,-0.187322,0.901604,0.420135,-0.0280536,0.23559,-1.15278,-0.0205538,0.089297,-3.34098,0.0438285,0.0134622,3.41462,-1.9972,-0.0208798,1.2206,-0.581203,-0.10422],[-0.00517331,0.00122344,-0.00122305,-0.000560112,-0.014134,0.00393165,-0.00287845,0.000169849,0.152073,-0.000992265,0.0604151,-0.438631,-0.0019025,0.00120724,0.0120332,-0.0142402,-0.000207255,-0.00757609,-0.00434058,0.000989139],[-0.0309246,-0.133417,0.0484192,0.111429,-0.0461867,-0.149743,0.0230893,-0.0523334,-0.857981,0.0924509,-0.271087,-0.572162,0.000227482,-0.0386052,-0.276033,0.262005,0.0580492,0.0189803,-0.451661,0.118081],[-0.00122524,-0.00469056,-0.00263545,0.00478686,0.0160782,0.0115082,-0.00223233,0.00172623,0.302207,-0.00058163,0.425018,-0.457312,-0.00158064,-0.000695846,0.790765,0.3395,0.000254025,-0.0101796,-0.0111052,-0.00011402],[0.000493197,0.000622291,-0.000642405,-0.000387642,0.00174705,-0.000898334,0.000309634,-0.00027091,-0.00842011,3.65237e-05,-0.000933876,0.154134,0.000478845,0.000277204,-0.00467594,-0.000812238,-9.93268e-05,0.000457125,0.00438539,0.000677878],[0.0214544,0.0278196,-0.0471886,-0.0507749,0.0252859,0.0955367,0.0247282,0.00438129,-0.0094331,0.00510441,-0.103346,-0.985727,0.0331897,0.034325,-0.10634,-0.27563,0.00434063,-0.072672,-0.091267,0.0244307],[0.00931822,0.0225329,-0.0560588,-0.0476353,-0.00425357,0.0773059,0.0251568,-0.00778632,0.0731141,0.0113893,0.0392331,-1.62996,0.0130383,0.031921,-0.466147,-0.3169,0.00570773,-0.0806219,-0.229517,0.0283971],[0.00135389,-0.000256559,-0.000937362,0.00176449,0.00407528,-0.00402749,0.00051741,0.00146661,0.0147146,-0.000840202,0.0393601,-0.0834874,0.00138706,0.000263951,0.17785,0.0551155,-0.000503343,0.00400922,-0.000465427,-0.00101445],[0.00273057,0.000482193,0.00882086,0.00297688,-0.00287456,-0.00546988,-0.000584164,-0.00502952,-0.00035525,0.000379665,0.0762203,0.265652,-0.00218273,-0.00262816,0.22413,0.370832,-0.000466447,-0.00683568,0.045784,0.00357744],[-0.0384835,0.0395904,-0.0277304,0.0398679,-0.966983,-1.178,0.0687414,-0.0832811,0.067873,0.128952,-0.402106,-5.86978,0.0252365,0.00734728,-1.9027,-0.24199,0.111707,-0.0533323,-0.283371,0.152897],[0.0180914,0.0206126,-0.00554863,-0.00893085,0.144353,0.00768304,0.00302287,0.00646199,-0.0426151,-0.000531368,-0.0152065,1.34384,0.0163973,-0.000810644,0.447106,0.0280374,0.00114251,0.127036,0.104529,0.0132436],[0.00803541,0.0264776,-0.0150667,-0.0275601,0.0176422,0.0156982,0.0102418,-0.00785981,0.0312072,-0.00172572,-0.0121064,1.56829,0.007979,0.00763521,-0.107771,0.245028,-0.00132908,0.0420002,0.0751969,0.0129926],[-0.00831091,0.00348144,-0.0611767,-0.0980328,0.229247,0.0965331,0.0544194,-0.0343058,0.850028,0.0602787,-0.169506,8.97908,0.0977339,0.0622784,1.16318,0.260317,0.0485138,0.340345,0.113296,0.726334],[0.00418685,0.0394352,-0.0825306,-0.0591708,-0.0862969,-0.0340615,0.00716241,-0.0133531,0.136832,-0.0085606,0.00782632,0.700617,0.0157295,0.0192218,-0.0100321,-0.0982062,-0.00395114,-0.131334,0.0943919,0.00216266],[-0.00736192,-0.00344703,0.0161504,-0.0162674,0.0507229,0.0934387,0.00222879,-0.00418956,0.00828189,-3.08504e-06,-0.0320277,-0.317094,0.00442863,0.00835445,-0.17439,0.0069641,-0.00128291,-0.107231,0.0199937,0.00269501],[0.00688345,-0.0402082,-0.00378714,0.0310612,0.0108936,0.0318367,-0.0052996,0.00555652,-0.0292746,-0.000352076,0.00930945,-0.0366943,-0.00350163,-0.00375002,0.106748,0.0408494,0.000461119,0.04712,-0.0114636,-0.000920365],[0.0197967,-0.000841656,-0.00419393,0.0216097,-0.0769808,-0.165545,-0.00728629,0.00749923,-0.0783897,-0.00236241,0.0321514,0.519831,-0.0065595,-0.0111448,0.27519,0.149094,-0.000700992,0.0957131,0.023378,-0.00998002],[-0.000915206,-4.83342e-05,-0.00209382,0.000969637,-0.0370896,-0.0222504,0.00139703,-0.000494349,0.00260116,0.000151094,-0.00460222,0.0593988,4.02153e-05,0.000480804,-0.00398419,0.00684013,9.65128e-05,-0.0090069,0.00582623,0.00052617],[-0.00324714,-0.00158065,0.000916893,0.00119946,-0.0602995,-0.0492778,0.000592842,0.000696952,0.00674241,3.42333e-05,-0.00108197,-0.0104289,0.000355061,0.000934866,0.00724854,-0.00501327,0.000298403,-0.0107141,-0.00292782,0.00055778],[-0.0152143,-0.0150423,0.0342982,0.0190196,0.081025,0.218238,-0.0243888,-0.016127,0.0588822,0.00345704,-0.101249,-1.27441,0.00842073,0.00858803,-0.204491,-0.215339,0.00175102,-0.227153,-0.0828983,0.00971639],[0.0429821,0.065997,-0.0396651,-0.038964,0.393738,0.279121,0.00263095,0.0251132,-0.106302,-0.00980099,0.0721345,-0.711048,-0.00302146,-0.0140985,1.0645,-0.520893,-0.0046508,0.227524,-0.0982814,-0.0398074],[-0.00081769,-0.000486129,0.000595188,0.000293016,0.00400472,0.00395784,-0.000613213,0.000188355,0.0316718,-3.21693e-05,0.0188846,-0.0840716,-0.00048372,0.000108591,0.0133407,0.00437462,5.63677e-05,-0.00233619,-0.0042422,0.000451564],[-0.00650985,0.00625859,0.00605646,0.0176995,-0.164601,-0.0630539,0.00426629,-0.0138409,-0.0713361,0.00787698,-0.0637511,0.0215705,-0.00424976,-0.0176452,0.112219,-0.0587125,0.00860768,0.0233304,-0.0560907,0.00222782],[-0.000800083,-3.98103e-05,-0.00142295,-0.00131367,-0.0102586,-0.00522917,0.000157365,0.000764844,0.0834918,0.000521496,0.11187,-0.193227,0.000507334,0.000986181,0.182008,0.092416,0.000452796,-0.00157936,-0.00517419,0.000178027],[5.35645e-05,0.000152305,-2.30392e-05,-0.000158877,0.000276774,0.000210366,4.20703e-05,-0.000132453,-0.00153325,2.3204e-05,-0.000189559,0.0320611,8.63388e-05,9.37843e-05,-0.00355735,-0.00112516,5.89328e-07,-1.58891e-05,0.000895159,0.000217621],[-0.000549244,0.0112748,-0.0102143,-0.0095898,-0.061015,0.00565451,0.00211924,-0.00343198,0.0349594,0.00065415,-0.00804161,-0.477161,-0.00282157,-1.67031e-06,-0.0911424,-0.0641232,0.000787236,-0.0189266,-0.0166415,0.00509453],[0.000949798,0.00566985,-0.01104,-0.0156401,-0.0559032,-0.042322,0.00255217,-0.00210942,-0.0186114,0.00415964,-0.0142374,-0.524758,-0.00206611,0.000499732,-0.181773,-0.112864,0.00207058,-0.0291342,-0.0470983,0.00624408],[0.000480368,0.000475098,-0.000743215,3.48453e-05,-0.00291802,0.000290338,0.000178118,0.000189052,0.00572201,-0.000281607,0.010243,-0.0347524,0.000109211,0.000224193,0.032742,0.0104417,-0.000194992,0.000651504,-0.000627284,-0.000263015],[0.000124987,-0.000417019,0.00044094,0.00101201,-0.0010985,0.00336339,-0.000310098,-0.00163721,0.00460708,0.000208148,0.0214483,0.0733366,-0.000611191,-0.000560123,0.0575235,0.0829283,-0.000135161,0.00314795,0.00821299,0.00161687],[-0.000482851,0.042175,-0.00203452,0.00847484,-0.313779,-0.0758285,-0.000370386,-0.022286,-0.124842,0.0111748,-0.146152,-0.573228,-0.00889065,-0.016817,-0.224023,0.263381,0.0111734,0.0216468,-0.0259247,0.00104872],[0.00652293,0.00695565,-0.00393196,-0.0028234,0.0225506,0.00173708,0.000163124,0.00206951,0.00181569,-0.00115382,0.00193516,0.0832192,0.00344192,0.00203108,0.0666431,0.0180117,-2.99084e-05,0.0244702,0.0270555,0.000546245],[0.00261779,0.00622909,-0.00180847,-0.00502183,0.0368744,0.00870214,0.00122346,-0.00382016,-0.000433819,0.00106664,0.000785371,0.370957,0.00165035,0.00245118,-0.0818693,0.0551634,4.07903e-05,0.014061,0.0365841,0.00546078],[0.00187989,0.0335139,0.0123442,-0.023696,-0.0870937,-0.112439,-0.00386488,0.0187189,0.229484,-0.0118765,0.0617637,-0.230111,-0.0079703,-0.00452323,0.811042,-0.0992442,-0.00586883,-0.122183,-0.223729,0.0924675],[-0.00731546,0.0121187,-0.0139033,-0.0196601,-0.0397295,-0.0147802,0.00989844,-0.0110854,0.126433,-0.00161815,-0.0194858,-0.127813,0.00531354,0.00860667,-0.109039,-0.137907,-0.0003581,-0.0402564,0.00615713,0.0021192],[-0.00204921,-0.000254967,0.0014929,-0.00904278,-0.030893,-0.0198734,0.00387464,-0.00232061,-0.0115357,0.00129579,-0.0186124,-0.0802984,0.00408675,0.00571225,-0.105385,-0.0302791,-0.000294739,-0.0436116,-0.0120932,0.00241157],[0.000625609,-0.00788161,-0.0091377,0.00262785,0.0526581,0.0467047,-0.00304058,0.00132325,-0.00780615,-0.00128908,-0.00852181,0.121721,0.00243746,0.00180317,0.0109595,-0.0208594,-0.000635146,0.0158617,-0.00821667,0.0010085],[0.00831486,-0.00809368,-0.00192131,0.00962821,-0.0101033,0.00424841,-0.00338885,0.00210278,0.0183305,-0.00218897,0.0341796,0.301901,-0.00449544,-0.00578568,0.066354,0.0444912,-0.00131568,0.0505692,0.0278049,-0.00416056],[-0.00059029,-0.000446226,-0.000503305,2.99868e-05,-0.00115427,0.00118278,-0.000453232,0.000212646,0.00136552,0.000143986,0.00145075,0.0213422,7.50476e-05,0.000138029,0.00219249,-0.0055428,2.75675e-06,-0.00203496,-0.000948892,0.000383982],[-0.00027798,-0.000751848,-0.000377906,0.000266752,0.00238558,-0.00349737,-0.000451304,0.000146696,-0.00139081,0.000287201,0.00124374,0.00972501,-0.000260644,-2.55868e-05,0.00276773,0.00439154,4.73362e-05,-0.0043785,-4.13002e-05,0.000141575],[-0.00372278,0.00706089,0.0240496,-0.00915523,-0.0630379,-0.000499622,-0.00993225,-0.00630577,0.0305837,-0.000302252,-0.0217211,-0.869112,-0.00211762,0.0026902,-0.0957654,-0.106963,0.000343477,-0.0792485,-0.0884673,-0.00120244],[0.0113337,0.00615088,-0.0147938,-0.00470514,0.0846687,0.0120444,0.00804676,-0.001956,0.0369909,-0.00696167,-0.0128126,0.0875449,0.00447447,-0.00139573,0.377823,-0.226703,-0.00267839,0.0790155,0.0703567,-0.0174421],[-0.000489037,-0.000270873,-0.0001762,-2.04509e-05,-0.000638727,0.000299297,-0.000285916,0.000368686,0.0126621,-3.75432e-05,0.00738134,-0.0437759,-0.000169612,3.13369e-05,0.00267998,0.0022554,4.529e-05,0.000479809,-0.00136572,0.000163538],[-0.00856781,0.0123342,0.00257501,0.000359787,-0.041685,-0.0210277,0.00311876,-0.00129054,-0.0189003,-0.000465699,-0.054328,-0.120537,0.00124607,-0.00211795,0.0874355,-0.139435,0.000607296,-0.0431892,-0.0362409,0.000184189],[-0.000563046,0.00146031,-0.000776617,-0.00119014,5.73081e-05,-0.00417826,0.00118587,0.000213091,0.0273584,0.000451382,0.0436403,-0.0717153,6.41337e-05,-2.22268e-05,0.0858934,0.0329403,0.000343331,-0.00111613,-0.00303544,0.000572612],[4.64244e-06,0.000162292,3.21519e-05,-0.000165915,-0.000497101,-0.000208659,3.18287e-05,-7.85016e-05,-0.000226464,-4.65459e-06,0.000167785,0.0113194,-1.49584e-05,2.53701e-06,-0.00140782,-0.00114418,-8.47231e-06,-0.000269535,0.000137021,7.03305e-05],[0.00262072,0.00795393,0.00563323,-0.0059251,-0.0257205,-0.0296701,0.00266924,-0.0030251,-0.0288498,0.000336988,-0.0132239,-0.0517262,-0.0013796,-0.00146608,0.0256035,0.013673,0.00030845,-0.00887202,-0.00203442,0.0012272],[2.98445e-05,-0.00533533,0.00769498,0.00177514,0.0213676,-0.00971444,-0.000108942,0.00281109,-0.0470392,0.00233965,-0.0203696,-0.187927,0.000760887,-0.000848965,-0.0248473,-0.0263031,0.00139911,-0.0228477,-0.00701232,0.000642359],[4.48153e-05,0.000228568,-0.000237609,-0.000308597,-0.00299393,-0.000505884,7.11043e-05,-4.08345e-05,0.00433196,-0.000117437,0.00439256,-0.0128882,2.16261e-06,0.000105795,0.0105523,0.0031407,-6.8514e-05,0.000157003,0.000149916,7.98309e-05],[7.9514e-06,-0.000170423,1.14225e-05,0.00014429,0.00495353,0.00531028,-0.000114554,-0.000787451,0.000262996,4.31001e-05,0.00950409,0.0462584,8.92885e-05,2.32573e-05,0.0258897,0.0331461,-5.65804e-05,0.00184184,0.00476481,0.000901642],[0.00698643,0.0273359,-0.0242211,-0.00698702,-0.102529,-0.0679038,0.00384809,-0.000671876,0.0262842,-0.00396602,-0.0625464,-0.402887,0.00361701,-0.00205913,0.136603,-0.251488,-0.00232225,-0.0121785,-0.0328796,-0.00902615],[0.00146004,0.0031891,0.00168053,-0.00259726,0.00576284,-0.00125504,0.000350872,0.000607173,0.00542299,-0.000833868,-0.00596156,0.052032,0.00145045,0.00101955,0.019159,0.00643043,-0.000185423,0.001849,0.0176884,-0.000668225],[-0.0006184,-0.000632686,0.00364512,-0.00211018,-0.000969149,0.0187352,-0.00283024,-0.00156556,0.0104171,0.000384976,0.00341916,0.0802817,-7.01987e-05,0.000528336,-0.0386748,0.0151999,0.00021066,-0.00360454,-0.00449628,0.00362549],[0.00159851,0.0117479,-0.00750515,-0.00602091,-0.05276,-0.0821629,-0.0125385,0.023695,0.148594,-0.0196541,0.0949292,-0.671591,-0.0159877,-0.0114677,0.536087,-0.12305,-0.0132985,-0.134305,-0.138679,0.00667696]],"sigmahat":[[0.148002,0.036874,0.0277283,-0.0183423,0.474382,0.116532,0.0223161,0.00219055,-0.181686,-0.0110999,0.510087,1.85045,0.00667076,-0.00650212,1.55086,1.05111,-0.0147116,0.267674,0.276835,-0.0821276],[0.036874,0.538778,-0.0234454,-0.417669,0.0945226,0.16055,0.0697452,-0.0909167,0.207354,-0.0219787,-0.0246166,2.04975,0.0199674,0.0334353,-0.525392,-0.171647,-0.00869075,-0.131923,0.0392688,0.0144895],[0.0277283,-0.0234454,0.5143,0.0486209,0.0857183,-0.195174,-0.0417762,0.000372252,-0.207827,0.0139084,0.242075,-0.597319,-0.0217926,-0.0540796,1.29054,1.38074,0.0054094,-0.0508207,0.035214,-0.0364232],[-0.0183423,-0.417669,0.0486209,0.456377,0.0226103,-0.182947,-0.076163,0.0794812,0.020115,0.00761791,0.633114,-2.00918,-0.0401008,-0.0688191,2.59847,1.3784,0.00178481,0.254211,0.0763194,-0.0931631],[0.474382,0.0945226,0.0857183,0.0226103,18.0618,11.1721,-0.0418773,-0.0541897,-1.2792,-0.0188593,1.03713,2.43613,0.0776088,-0.0160014,6.18427,3.12777,-0.0567661,2.40407,0.723274,-0.353052],[0.116532,0.16055,-0.195174,-0.182947,11.1721,12.5304,-0.0999965,-0.149944,0.635821,-0.050211,0.597304,-4.30829,0.0201732,0.0568496,-0.366067,1.07962,-0.0528667,0.811009,-0.291068,-0.146162],[0.0223161,0.0697452,-0.0417762,-0.076163,-0.0418773,-0.0999965,0.104929,-0.0387513,-0.0530485,0.0110824,-0.155098,2.04105,0.0265772,0.0224193,-0.034182,-0.165372,0.00598913,-0.0210625,0.173197,0.0616022],[0.00219055,-0.0909167,0.000372252,0.0794812,-0.0541897,-0.149944,-0.0387513,0.121783,-1.00425,-0.0149719,-0.938431,-3.32311,-0.00934598,-0.0203051,-1.46534,-2.26455,-0.00967913,0.306598,-0.257684,-0.181525],[-0.181686,0.207354,-0.207827,0.020115,-1.2792,0.635821,-0.0530485,-1.00425,154.787,-0.118522,169.084,-72.2581,0.00466579,0.104627,366.333,225.829,0.0577109,-4.6994,8.73722,9.69475],[-0.0110999,-0.0219787,0.0139084,0.00761791,-0.0188593,-0.050211,0.0110824,-0.0149719,-0.118522,0.0235258,-0.151085,0.707086,0.00773571,0.00564364,-0.399403,-0.0431516,0.0135286,-0.0340137,-0.0733576,0.0843196],[0.510087,-0.0246166,0.242075,0.633114,1.03713,0.597304,-0.155098,-0.938431,169.084,-0.151085,208.452,-62.8857,0.122524,0.0378753,462.323,290.422,-0.0274936,-3.1381,12.6134,10.0839],[1.85045,2.04975,-0.597319,-2.00918,2.43613,-4.30829,2.04105,-3.32311,-72.2581,0.707086,-62.8857,753.086,1.28801,0.0440643,-123.316,-13.2292,-0.114445,4.26735,26.3214,6.57362],[0.00667076,0.0199674,-0.0217926,-0.0401008,0.0776088,0.0201732,0.0265772,-0.00934598,0.00466579,0.00773571,0.122524,1.28801,0.0514774,0.0392652,0.681818,0.215986,0.0033701,0.0408433,0.0494679,0.0728306],[-0.00650212,0.0334353,-0.0540796,-0.0688191,-0.0160014,0.0568496,0.0224193,-0.0203051,0.104627,0.00564364,0.0378753,0.0440643,0.0392652,0.0649335,-0.483579,-0.164254,0.00284978,-0.0837098,-0.0263101,0.0749456],[1.55086,-0.525392,1.29054,2.59847,6.18427,-0.366067,-0.034182,-1.46534,366.333,-0.399403,462.323,-123.316,0.681818,-0.483579,1087.5,660.795,-0.102734,-1.24108,28.8515,23.5625],[1.05111,-0.171647,1.38074,1.3784,3.12777,1.07962,-0.165372,-2.26455,225.829,-0.0431516,290.422,-13.2292,0.215986,-0.164254,660.795,454.613,0.00587205,-3.64095,25.6013,15.6515],[-0.0147116,-0.00869075,0.0054094,0.00178481,-0.0567661,-0.0528667,0.00598913,-0.00967913,0.0577109,0.0135286,-0.0274936,-0.114445,0.0033701,0.00284978,-0.102734,0.00587205,0.0109258,-0.0294262,-0.0616542,0.0629718],[0.267674,-0.131923,-0.0508207,0.254211,2.40407,0.811009,-0.0210625,0.306598,-4.6994,-0.0340137,-3.1381,4.26735,0.0408433,-0.0837098,-1.24108,-3.64095,-0.0294262,5.91198,0.956923,-0.467608],[0.276835,0.0392688,0.035214,0.0763194,0.723274,-0.291068,0.173197,-0.257684,8.73722,-0.0733576,12.6134,26.3214,0.0494679,-0.0263101,28.8515,25.6013,-0.0616542,0.956923,5.7445,0.239181],[-0.0821276,0.0144895,-0.0364232,-0.0931631,-0.353052,-0.146162,0.0616022,-0.181525,9.69475,0.0843196,10.0839,6.57362,0.0728306,0.0749456,23.5625,15.6515,0.0629718,-0.467608,0.239181,1.64852]],"n":20,"lags":3}