{"betahat":[[0.574544,0.523072,1.06541,0.304015,1.50576,-0.339826,-0.170496,0.068627,1.18793,-0.0549556,1.44379,4.22855,0.148428,-0.0233726,3.31226,2.70189,0.15843,0.10105],[1.06753,0.0408704,-0.142669,-0.0872383,0.666637,0.871452,0.0471837,-0.0766846,0.591047,-0.0204067,0.144685,1.91385,-0.0320725,-0.0479924,0.228046,0.257393,0.21154,0.00567806],[0.0483826,1.01928,0.17098,-0.000740345,1.06843,0.734335,-0.0116183,-0.0124148,-0.0638758,0.00311504,0.0866473,1.85639,0.0538973,0.00767981,0.826868,0.422146,0.118205,-0.00653111],[-0.0298304,-0.138738,0.782072,0.102063,-0.136934,-0.755893,0.011031,0.0118014,0.0278284,0.0198109,-0.0630627,-1.51912,-0.0470886,-0.012984,-0.249455,-0.744683,-0.00836543,0.0190778],[-0.0136104,0.142381,0.177799,1.02261,0.612942,0.44315,-0.206999,-0.0406273,0.129196,-0.0458269,0.169201,-5.92356,-0.0335808,-0.0404663,0.178238,-1.06488,-0.914256,-0.0502571],[0.00709165,0.000806931,-0.00916888,-0.00257413,0.621008,-0.0456829,-0.00122091,0.00567019,-0.00976563,-0.00144496,0.00212525,0.0248688,0.0126548,0.00995983,0.0302576,0.0264335,-0.0102541,0.000516815],[-0.000230581,0.0152719,-0.00118708,-0.00131789,0.0288685,0.79361,0.00906265,-0.00443202,0.00397091,0.000459603,-0.0112915,0.168113,-7.40277e-05,0.000124183,-0.00721035,-0.00802054,0.0581533,0.00257984],[-0.10759,-0.0552853,-0.245347,0.0636257,0.193594,0.103906,0.692674,0.00271766,0.925954,0.0177969,0.616775,-1.28855,-0.00605067,-0.0402307,0.66959,0.410797,-1.47819,0.0708105],[0.54969,0.594446,1.05745,-0.162291,2.01616,1.91398,0.0118576,0.831417,-2.24239,0.108694,-0.0116104,6.21943,-0.0206629,-0.0427116,1.90864,1.70954,-0.270574,-0.0276739],[-0.00907001,0.00379037,-0.00142514,-0.00792924,-0.073033,0.146664,-0.00582971,0.0042796,1.03104,0.00788387,0.00735498,-0.304532,-5.58208e-05,0.0168125,-0.404038,-0.115084,0.062579,0.00413593],[-0.0739598,-0.144397,-0.00730308,0.0140948,2.59671,2.25161,0.0981714,-0.0939223,-0.968521,1.16997,-0.19749,-4.66549,-0.0475102,-0.229784,0.647616,-1.08921,-1.2348,0.257429],[-0.0136405,-0.0866974,-0.108062,0.0638572,0.889015,0.647033,-0.00328415,0.00228874,-0.0190015,-0.00469559,0.887492,1.92018,-0.0551892,-0.0642502,0.552894,0.141107,0.106055,-0.00862611],[0.00238689,-0.00249977,-0.00275061,-0.000124001,-0.0107754,-0.00667277,0.00261649,-0.00111369,-0.0216486,0.00018329,0.00860227,0.990225,0.000979318,0.00226611,-0.0229776,-0.0062243,0.00462061,0.000415103],[0.00956521,-0.199043,-0.225967,0.0010237,-0.0218686,0.846683,0.0856546,0.0836729,0.255947,0.036911,-0.622419,-2.9436,0.995268,0.0127563,-0.251727,0.430148,-0.138361,0.0854184],[0.113672,-0.0239105,-0.34011,0.0242639,0.486095,0.485664,0.174026,-0.0268549,0.139801,0.0105373,0.16987,-6.62191,0.06623,1.14216,-1.56485,-0.0762155,-0.234337,0.0448884],[0.0110633,-0.0224253,-0.0153838,0.0169999,0.129053,0.0476557,0.00739288,0.00717305,-0.0063503,0.000403541,0.00459298,-0.0472098,0.00907455,0.00772793,0.970729,0.0515833,0.0569723,-0.00377695],[0.0456624,0.109032,0.0932258,-0.00255531,0.130717,-0.0712356,0.00229932,-0.0133961,-0.0279053,-0.00151052,-0.0237325,0.825716,0.00936201,-0.00442233,0.268672,0.840674,0.0308351,0.002173],[0.0280348,0.107557,-0.00720036,-0.0437165,-0.000230159,0.0459927,0.0544786,-0.00174491,0.157288,0.0128186,-0.0292604,0.403755,0.00117784,0.00939788,-0.298006,-0.190424,0.519357,0.00393696],[-0.0762844,-0.178299,-0.234895,0.295574,-2.61323,-2.51871,0.261127,0.0912295,-0.637077,0.0717593,-1.01684,9.00901,0.122005,0.0769735,1.49993,2.27591,1.46207,1.1829],[-0.0321185,0.00500377,-0.0330682,0.00119912,-0.348721,-0.296548,0.00815826,0.0346468,-0.50829,0.00851257,-0.191994,-0.377844,0.0699609,0.0754118,0.100181,-0.285126,0.163037,-0.00104366],[-0.0470062,-0.0492825,-0.0554262,0.00203774,-0.158035,0.104361,-0.00615843,0.006261,0.0400265,-0.0004407,-0.0773984,-2.71877,-0.0311825,0.0148626,-0.845094,-0.247801,0.00188473,-0.000490004],[0.0403302,0.0522198,0.178675,-0.0574423,0.131855,0.731111,-0.000928636,-0.0135732,-0.0126702,-0.0101575,0.102395,0.341698,0.0220095,0.00476656,0.170841,0.416732,0.00159438,-0.0268997],[0.111427,0.048497,-0.12641,-0.104161,-1.12603,-1.29367,0.219218,0.0192892,-0.355876,0.0356889,-0.182778,6.67146,0.0378654,0.0181019,-0.0306204,0.234648,0.765082,0.0380743],[-0.0134848,-0.000245638,0.00444385,0.00644716,0.190815,-0.0212998,0.00328851,-0.00624876,0.0341769,0.000985115,-0.0129167,-0.0226818,-0.0132956,-0.00968655,-0.0337758,-0.0411419,0.0134166,-0.00125632],[-0.00371509,-0.0140467,0.0182526,0.00193837,-0.233839,-0.0442461,-0.00493878,0.00354627,0.00657942,-0.000706712,0.0154713,0.0379124,0.00160117,0.00167232,0.0548103,0.000611199,-0.0275445,-0.00178813],[0.0838361,-0.0314062,0.292809,0.0208354,-0.0845938,-0.0521311,0.14875,0.0071372,-0.724893,-0.013445,-0.582129,0.46524,0.0281377,0.0440384,-0.468399,-0.557407,1.06907,-0.024902],[-0.367324,-0.277532,-0.940679,-0.018596,0.322798,1.70682,-0.0820112,0.0964816,1.651,-0.0701253,0.0446838,-5.53161,-0.0715717,-0.026365,-2.32809,-1.34953,-0.212906,0.00164364],[-0.00120416,-0.00402737,0.0255295,0.00627642,0.230941,0.0592899,-0.00907188,-0.00811909,-0.0408783,-0.00687367,0.0176922,0.0414302,-0.00470433,-0.0133342,0.38239,0.0753072,-0.105552,-0.000316487],[0.0305501,0.373071,0.0900345,-0.0739972,-2.99599,-1.0348,0.0422553,-0.041626,2.4923,-0.145964,0.306312,6.09459,-0.0318503,0.0712806,0.451906,0.333477,0.99297,-0.115725],[0.024181,0.0732991,0.0678264,-0.0669425,-0.99248,-0.597276,-0.0365625,0.00872837,-0.0285104,0.00889738,0.211392,-1.4878,0.0335934,0.0611894,-0.705312,-0.178644,-0.0380401,0.00132775],[-0.00166901,-0.00174042,0.00270287,0.00280186,0.0279225,0.0229831,-0.00340503,0.000982751,0.0182787,-0.000538442,-0.00424647,0.050115,4.78158e-05,-0.000900549,0.0207248,0.0241677,0.000956267,-0.0009389],[-0.0103097,0.038881,0.071346,0.00330084,-0.598892,-0.694747,-0.0581136,-0.00163279,-0.0582215,-0.013181,0.546909,-0.108586,-0.0843376,-0.0626346,-0.7506,-0.388966,0.154044,-0.0400183],[-0.0536611,0.0555487,0.0910664,0.00899634,-1.4987,-0.939813,-0.135806,-0.028852,-0.273316,0.00453896,0.0867751,3.37941,-0.137377,-0.1884,1.18667,-0.0701553,0.0273196,-0.024058],[-0.00345755,0.00931999,0.00596455,-0.00212227,-0.186539,-0.0326812,-0.00382912,-0.00245931,0.0149846,-0.00194761,-0.00416143,0.168902,-0.0101341,-0.00516882,-0.0501004,-0.0191208,-0.0321261,0.00130369],[-0.0119124,-0.00590964,-0.0210531,-0.0219052,-0.20084,-0.0326982,-0.0108957,-0.00267012,0.0150766,-0.00428845,0.00738483,-1.52786,-0.0245475,-0.00275823,-0.426226,-0.100721,-0.141364,-0.00719523],[0.00394026,0.0298027,0.0329225,-0.00250336,0.207752,-0.123697,0.0136482,-0.00343065,-0.133173,0.0169899,0.0628169,-0.518821,0.0213292,0.031992,-0.256687,-0.0729459,0.306588,0.00976071],[0.176946,0.188389,0.255844,-0.189755,2.33669,1.11347,-0.0164171,-0.0858883,-0.51775,-0.0257816,0.287365,-1.60906,-0.0965569,-0.0535521,-0.84379,-0.916867,-0.364041,-0.14996],[-0.035407,-0.0458724,0.175735,0.0860391,-0.317945,-0.574901,-0.0553353,0.0420365,-0.0827494,0.0118936,0.047297,-1.53598,-0.0378865,-0.0274169,-0.328224,0.0277344,-0.37455,-0.00463487],[-0.0013765,0.0300014,-0.115553,-0.00129651,-0.910423,-0.83869,0.017781,0.00615334,0.0238467,-0.00267482,-0.00926133,0.862366,-0.0227128,-0.0225401,0.0182277,-0.174342,-0.120076,0.00702038],[-0.0104979,0.0865194,0.0392456,-0.0446198,0.00504992,0.0247806,-0.0100928,0.00177016,-0.0151624,-0.00965435,-0.0393499,1.1775,0.0250825,0.00822163,0.0786222,0.327949,0.00680738,0.00782132],[-0.0978138,-0.190874,-0.0513886,0.0815445,0.513053,0.850521,-0.0122114,0.0213369,0.22669,0.0101372,0.013566,-0.747861,-0.00428204,0.0223673,-0.147616,0.830236,0.149207,0.0121823],[0.00639073,-0.000562716,0.00471592,-0.00386905,0.188054,0.0669322,-0.00205831,0.000577743,-0.0244211,0.000459616,0.0107676,-0.00203161,0.000645747,-0.000268454,0.00353821,0.0147035,-0.00312192,0.000739874],[0.00394305,-0.00122564,-0.0170694,-0.000616015,0.204871,0.250563,-0.00411795,0.000885681,-0.0105708,0.000247376,-0.00419914,-0.205911,-0.00152337,-0.00179333,-0.0475746,0.00740932,-0.0305814,-0.000791808],[0.0237528,0.0866938,-0.0474552,-0.0844637,-0.109088,-0.0517544,0.158578,-0.00985489,-0.20103,-0.0043526,-0.0346493,0.82311,-0.0220872,-0.00380597,-0.201207,0.146614,0.409119,-0.0459101],[-0.173301,-0.304471,-0.114159,0.177624,-2.22985,-3.51609,0.0750072,0.0626298,0.577258,-0.0401012,-0.0421628,-0.524542,0.0925876,0.0672627,0.516749,-0.304946,0.479588,0.026872],[0.0102703,0.000239861,-0.0241337,0.00167413,-0.157942,-0.205901,0.0149269,0.00384733,0.00957718,-0.00101109,-0.0251747,0.263814,0.00478904,-0.00345486,0.0216906,0.0398782,0.0431362,-0.00381798],[0.095284,0.115541,-0.0321402,-0.0958172,1.019,-0.880921,-0.218404,0.119137,-0.141812,-0.104523,0.518989,-2.88687,0.104155,0.135101,0.175722,1.14674,-0.24854,-0.0927949],[-0.0105366,0.0133996,0.040178,0.00311222,0.103411,-0.0498249,0.0399056,-0.0110228,0.0474572,-0.00420283,-0.0990433,-0.431656,0.0216261,0.00309076,0.152545,0.0375785,-0.0677302,0.0073007],[-0.000778054,0.00428527,6.06046e-05,-0.00264321,-0.0184116,-0.017289,0.000755172,0.00012309,0.00361635,0.000361575,-0.00411021,-0.0467634,-0.00106478,-0.0013361,0.00149852,-0.0182435,-0.00590366,0.000510074],[-0.0117583,0.105709,0.158623,-0.0312916,0.437384,-0.0414598,-0.0370403,-0.0830478,0.0215988,-0.023221,0.135626,1.8149,0.0436228,0.0192388,0.830913,-0.120777,-0.150516,-0.0409848],[-0.0673355,-0.041652,0.269888,-0.0457347,1.04613,0.522979,-0.0524573,0.0596606,0.179001,-0.0117654,-0.237196,2.9726,0.0573481,0.0286789,0.362304,0.153047,0.118278,-0.0199099],[-0.0075763,0.0130807,0.00922351,-0.0148271,0.057091,-0.0152259,-0.00340749,-0.00474415,-0.00853015,0.00152824,-0.000687983,-0.12034,0.00111948,-0.00247245,0.0793597,-0.0325161,-0.0240775,0.00248288],[-0.0289246,-0.024941,0.000871758,-0.0270956,-0.0878738,0.0457771,0.00919907,-0.00532845,0.00373454,0.00221954,-0.0214429,0.236232,0.00714562,0.00457184,-0.101229,-0.141693,0.0262417,-0.0001064],[-0.0223411,-0.0373077,0.0277366,-0.00272216,-0.155561,0.129136,-0.0236096,-0.000332653,0.00653474,0.00243284,0.0123255,-0.179794,0.00569932,0.00394026,0.0675347,-0.0679151,-0.0698351,0.00705755],[-0.211737,-0.171347,-0.333788,-0.0134925,-0.225838,1.11342,-0.18336,0.0333955,0.368749,-0.0658475,0.341134,-7.39425,-0.0433466,-0.0212986,-0.632598,-1.75358,-0.84625,-0.0955453]],"sigmahat":[[0.120484,0.0391217,0.0870992,-0.0174871,0.332083,-0.0216396,0.0406991,0.000164998,-0.226106,0.00200671,0.01065,1.13744,0.0176022,0.00855348,0.124082,0.205205,0.160325,-0.00188586],[0.0391217,0.197697,0.0256337,-0.0872935,0.212179,0.0282359,0.0410759,-0.0234083,0.0200134,-0.00599621,0.0367784,0.277176,-0.00383437,-0.00415479,0.0826973,0.0182284,0.0634292,0.00144996],[0.0870992,0.0256337,0.476018,-0.0345622,0.288757,0.129047,0.00087133,-0.0120934,-0.184526,0.0132372,0.043985,0.575274,0.00680234,-0.0301706,0.506131,0.265368,0.0162023,-0.0108948],[-0.0174871,-0.0872935,-0.0345622,0.113645,-0.232605,-0.188501,-0.0170704,0.00827205,-0.0226356,0.00379694,-0.029529,-0.130053,-0.005426,-0.000315071,0.0655063,0.0564758,-0.0185417,-0.00243239],[0.332083,0.212179,0.288757,-0.232605,18.7561,10.0685,0.12835,-0.174955,-0.603967,0.0265487,-0.466463,3.75,0.176541,0.0751078,2.61711,2.01782,0.255459,0.0427836],[-0.0216396,0.0282359,0.129047,-0.188501,10.0685,12.2503,-0.0791722,-0.141488,0.183949,-0.0432063,-0.0694285,-3.78895,-0.0166557,-0.0014922,-0.111888,1.05335,-0.668733,0.0290226],[0.0406991,0.0410759,0.00087133,-0.0170704,0.12835,-0.0791722,0.12182,-0.0167615,-0.152064,0.00722326,-0.10329,1.59489,0.0224012,0.00899177,0.291861,0.0226425,0.353844,0.00103095],[0.000164998,-0.0234083,-0.0120934,0.00827205,-0.174955,-0.141488,-0.0167615,0.0330148,-0.0650755,0.00165889,-0.0029289,-0.161091,0.00405034,0.00236418,-0.0967409,0.0602436,-0.0231705,0.000702679],[-0.226106,0.0200134,-0.184526,-0.0226356,-0.603967,0.183949,-0.152064,-0.0650755,3.4115,-0.0671155,0.240794,-6.71362,-0.149974,-0.0858683,-0.870535,-0.21543,-0.432415,0.0139956],[0.00200671,-0.00599621,0.0132372,0.00379694,0.0265487,-0.0432063,0.00722326,0.00165889,-0.0671155,0.00878873,-0.0160143,0.294996,0.00499492,0.00200944,0.0579457,-0.0138355,0.0186039,0.0019579],[0.01065,0.0367784,0.043985,-0.029529,-0.466463,-0.0694285,-0.10329,-0.0029289,0.240794,-0.0160143,0.603224,-2.69542,-0.0255029,0.0032779,-0.478126,-0.0108003,-0.286828,-0.0025804],[1.13744,0.277176,0.575274,-0.130053,3.75,-3.78895,1.59489,-0.161091,-6.71362,0.294996,-2.69542,115.388,1.39919,0.27287,20.6404,4.24592,8.85381,0.202295],[0.0176022,-0.00383437,0.00680234,-0.005426,0.176541,-0.0166557,0.0224012,0.00405034,-0.149974,0.00499492,-0.0255029,1.39919,0.0616295,0.0393003,0.288468,0.0897243,0.153237,0.00742636],[0.00855348,-0.00415479,-0.0301706,-0.000315071,0.0751078,-0.0014922,0.00899177,0.00236418,-0.0858683,0.00200944,0.0032779,0.27287,0.0393003,0.0458187,-0.0920418,0.00795182,0.0821573,0.00590543],[0.124082,0.0826973,0.506131,0.0655063,2.61711,-0.111888,0.291861,-0.0967409,-0.870535,0.0579457,-0.478126,20.6404,0.288468,-0.0920418,10.4036,1.81895,1.32446,0.0264798],[0.205205,0.0182284,0.265368,0.0564758,2.01782,1.05335,0.0226425,0.0602436,-0.21543,-0.0138355,-0.0108003,4.24592,0.0897243,0.00795182,1.81895,3.32885,0.598911,0.0194687],[0.160325,0.0634292,0.0162023,-0.0185417,0.255459,-0.668733,0.353844,-0.0231705,-0.432415,0.0186039,-0.286828,8.85381,0.153237,0.0821573,1.32446,0.598911,2.17017,0.0160647],[-0.00188586,0.00144996,-0.0108948,-0.00243239,0.0427836,0.0290226,0.00103095,0.000702679,0.0139956,0.0019579,-0.0025804,0.202295,0.00742636,0.00590543,0.0264798,0.0194687,0.0160647,0.00874047]],"n":18,"lags":3}