{"betahat":[[0.42198738320489743,0.24476242625707723,0.70182531113921676,0.65268170482844112,0.38014683965301738,0.64129801389100283,0.59837289804080085,-0.035333613720675706,0.58187884378082477,0.043138577056756319,0.058566963155222772,-0.64966795050869786,1.6920253180461913,0.85776149167604177,0.0093617530490932126],[0.95665409908457677,-0.053075621460237532,-0.037851792469952211,-0.047797219288886583,0.0027783448608972396,-0.031568210162151333,-0.045742192637043044,-0.003025741000006443,0.0011060996150480593,0.0011463377983989503,0.00016228237698629104,0.0026777375705413211,-0.21006294003344503,0.0068203908085281073,-1.4740816720824069E-5],[-0.040013932360262031,0.94951101111675573,-0.029589528267922341,-0.047433952448469541,0.0036404044868616056,-0.023113825091686621,-0.040010079232119626,-0.0023810374041287716,0.0011059225357823777,0.0011919448678468603,-3.3975030305359987E-5,0.0092501902281864543,-0.173503567094376,0.002865742777997816,0.00017646988848462166],[-0.013940789989880022,-0.018598069828075346,0.96321923885899152,-0.01608132295266811,0.023855127882426937,-0.010776207276213381,-0.018832519751969184,-0.0026730259828089786,0.0023994705311092051,0.0020322083213793374,0.0013736737031840507,0.011844468046189403,-0.10545250260788154,0.022343791044346466,0.00033597816683471771],[-0.04389269234746683,-0.055014005347325694,-0.043855238152770856,0.95430297300301925,-0.028723925017087863,-0.041342494648298228,-0.050366128543752019,-0.0018346594327212583,-0.0032444837035035881,-0.0023788518641168904,-0.00022607385776427554,0.0088817490834412,-0.20192816291374582,0.0012707242436453894,-0.0030033372126459412],[-0.0029516742835141393,0.00060387232761404666,-0.0053185360315676795,-0.011678167717710375,0.97757167207729689,-0.0024022541429131578,-0.00491108835841123,-0.00096868585738321916,0.001188313953874056,0.001962932289616423,0.00087509566368721857,0.0017029652949383377,-0.064422364476677735,-0.0040298500394127107,0.0019790861704111181],[-0.0194974822003253,-0.026104620939554946,-0.0063742828719956087,-0.021572775826383551,0.01101534513554526,0.96272256433168635,-0.015566365904440329,-0.0013163483240921346,0.0020126857419589302,0.0011589731473960856,0.00092343559019374046,0.0023530380299013318,-0.0742577493425446,0.011671618072509169,0.00084442479012669571],[-0.070059843383662321,-0.093046026594302861,-0.06175105493763109,-0.045851357131963567,-0.04067991283092167,-0.091153298287952864,0.96798640592428642,-0.0020285218362129025,-0.011048497754008806,0.00037488513916638917,-0.00010964061395767748,0.0080053611460507209,-0.25860135484978625,-0.010768033285601459,-0.00068292518661394047],[-0.3257802677410217,-0.52996896141358163,-0.56294181383782871,0.05329764407710167,-0.494615460622398,-0.34561668840265297,-0.21861797877545963,1.0811283982756996,-0.017925509138252381,-0.081352457983528081,-0.009888073490251479,-0.27317674219049515,-0.42282616944098372,-0.054148542001982138,-0.024640173003736828],[-0.035526980826132031,-0.050036525367444115,-0.047852860308718985,-0.027282240252395555,-0.011985061491495646,-0.051110561771353695,-0.064681551255835634,0.0066783328530786038,1.0399541900424716,0.019661899358104754,0.012098854929835126,0.1795761094363906,-0.12544860398275545,-0.18634073957523734,0.017423608089944222],[0.00868294866658876,0.0050309397100240022,0.16323227601533138,0.034313092849615763,-0.010254285483233662,-0.041285203347394286,0.007949336175243512,-0.014540914000703882,0.0041332529416630362,1.0639996309575315,0.00070913704294188441,0.088529796206686009,-0.049181601805818334,-0.061687259305448917,0.04891925463302859],[0.018579516386386705,0.059693380809785868,0.094901710747382823,-0.046702265021662207,-0.22854231742664732,0.096917440319965228,-0.10867389571844238,-0.019308390911783897,0.062897626456850889,0.06772883954703339,1.0298096636807181,-0.41524221196218392,-0.02430387754810636,-0.1465998360484019,0.062063705028472055],[-0.0067452037895419318,-0.005271896364418098,-0.016859112236548238,-0.0069711246712928932,0.010774781101077414,-0.0043757515720511276,-0.0073786600549231819,0.0030182106836222958,0.0017490897276646257,-0.0048648871667915441,-0.00051910403322859657,1.040165000738495,0.0037087013596215097,0.0021162425501539727,-0.0023787944699254857],[0.041733919602582895,0.035460083722350641,0.064174961509875936,0.041110704362864958,0.089197633383818239,0.12414844219650736,0.0096923057616424921,-0.0025296675956544864,0.002778874487896005,0.0049104869029819994,0.0026096607218311866,-0.02436760532250587,0.72306410093724882,0.0098462957939896879,0.0038105337058939133],[0.056639670777429429,0.089600085933581083,0.014860986076784653,0.019269166282665492,0.072039516830036954,0.05085429243474951,-0.013507325219351728,-0.0020050680211394548,0.035803873113092528,0.023572362213060968,0.0084079201028186626,0.084337850613762852,0.048238546023768439,0.68760158047228814,0.014928590465355988],[-0.00969852654117718,-0.11106286298301035,0.098713795031247789,0.068698553797293879,-0.15987418681385221,-0.15986382823515208,0.036355948659782963,-0.0017006515781888294,0.00073572843384799675,0.068355872750882937,-0.0021575628245696903,-0.093793340438918432,-0.19673140945713846,-0.039896007625407279,1.0726769675732888],[0.027780588881515661,0.034793822469855719,0.018703489985944715,0.027281545440851155,-0.0014762406388761948,0.0033284641441425266,0.026377318236326764,0.0010928392851866755,0.00014357790276408144,-0.00032958218789772096,0.00034220791919091986,-0.00397696437541386,0.16748820059689198,-8.6671222237922778E-5,0.00011655162098071107],[0.025213847398225613,0.032024829997046526,0.014889952621663618,0.02772945027611922,-0.0017860743468082318,0.0028680479778328866,0.023508699108331907,0.00079489883285693884,-3.6834730865934776E-5,-0.00040834241257431761,0.0004409577799178572,-0.0070536493066112316,0.13879989442426088,0.0027103069919899858,6.2350725029081434E-5],[0.012698801049516671,0.01532060630237287,0.0265947349645355,0.010328478172133197,-0.012139843936267882,-0.0035107565123718952,0.012045631355080331,0.00083806692934761974,-0.0010219025862693476,-0.00057928350400517092,-0.00053154028878602618,-0.0082416929636409016,0.092227151616039088,-0.013838933983263678,8.0191477250632384E-5],[0.028467633531624178,0.036800733200264155,0.019718678227833606,0.027755709424648611,0.020524642774697004,0.0063308430443583764,0.027649327040551213,0.00049609988637945471,0.0024080460555586077,0.0011446467734205895,0.00014918871826070891,-0.00807355021488935,0.16164268927222974,0.0032511310742288665,0.0014983687329496941],[-0.0076999327972657071,-0.0098482593315770851,-0.0069386976484231994,-0.0049512767126662638,0.010325795713683715,-0.020760370798084467,-0.00313499239937407,0.00072255856704378843,0.0014430858030564178,-0.0013300181007141086,-0.00063876468231821516,0.0042314283738096427,0.029710786466050059,0.0029306606462803438,-0.0010712773439165485],[0.01585748606647653,0.022992734762893537,0.0024472231236911976,0.017408283572379231,-0.0086624850506572242,0.014672043611318719,0.0096673907117778256,0.00054886941227608893,-0.0001646795546093324,-0.00048841826706272741,-0.00026327082658153094,0.00097471018575724351,0.063413997214148435,-0.0054823880800500295,-0.00040882669486314396],[0.044448169903389893,0.059883500642463713,0.030636806350362169,0.027445777495137408,0.015732450101532069,0.032071564347024288,0.018617550333980968,0.00054440472918133637,0.0053161326739320806,-0.00034374725221932663,0.00047586795435588581,-0.0067893274853034315,0.20551928294805941,0.007543289596342294,0.00013522244065850383],[0.28401797017751029,0.42823888601480353,0.3807831694549576,0.067224100089397124,0.28874989454864952,0.22398542888074746,0.11683781561601449,-0.047538568276959056,0.011245839992688257,0.031299940947117195,0.0032170250994877246,-0.04204490760144116,0.42508268459931731,0.043203677373049081,0.0058013625784707175],[0.012666807864995024,0.022091446249076187,0.015940204960347169,0.0042585154546247051,0.028451332938382735,0.049161568703637706,0.027409550739444937,-0.0023883571121071836,-0.0004812852125608118,-0.010047621004142394,-0.0038478400092630976,-0.083808680261277468,0.040215778217285073,0.19065302051348607,-0.0077193938275402522],[-0.024675459990381239,-0.025433895775960721,-0.14475088970786273,-0.0095508188620704263,-0.049280828362133607,-0.037848929563854619,-0.027663781026907034,0.018281561499254511,-0.0064346298203285151,-0.043100266758989765,-0.0017129243657584023,-0.012606319240087595,0.00608662332663304,0.040919304719308283,-0.032031409786428884],[-0.0173002910645081,-0.033233485352326925,-0.031568796793250281,0.0072448591658168865,0.19010422818394412,-0.053270110108326163,0.0052033355156376358,0.016504228070999036,-0.028807431933054278,-0.041675882929373236,-0.027180829658207534,0.25235170700796644,0.025845723652250088,0.098784245662849948,-0.03403564209845418],[0.0052258965497110482,0.0031286287422186408,0.0099768627553329312,0.0080769722052133359,-0.013212210976609996,0.0079087377048271471,0.00786862101716105,-0.0012002960743370148,0.0014362773889045643,0.0034324570450551253,0.0012438690036468917,-0.050015848150975692,-0.00414559134679096,3.745018427252749E-5,0.0020933149859267372],[-0.00998110707003297,-0.010707713530184161,-0.016017380400354515,-0.015384831094178753,-0.005347283268774118,-0.037820122139248742,-0.015387041661592386,-0.0016304272453228615,0.0004743170750151906,0.00078847778237962668,8.5217096605506764E-5,-0.0011696734177800263,0.0049792099911420244,0.00728380848698896,0.00023823316399319272],[-0.022702738741048705,-0.024957603479750946,-0.029414289875948588,-0.020080386926081672,0.026148834885239662,-0.011065607341944768,-0.020795456361675423,0.0016716248513374736,0.026872716771996371,0.0060782393366914994,0.0048682532963767958,0.041485688076690681,-0.043800376092087867,0.066648152293516519,0.00598213570553616],[-0.035996695704511077,0.014492630177188126,-0.16243434685498195,-0.040961644488661179,-0.076790608618341638,-0.0632590358413166,-0.062396648002564961,0.0098863977058067428,-0.0042567011118353907,-0.05613531658861267,-0.0069483847397508736,0.0859370327030415,0.016894381104774776,0.0358058260194717,-0.05790896935163594],[0.015555415738339504,0.018270446041319152,0.019141177472423714,0.020505756246401063,-0.0013083848218945018,0.028226390368006005,0.019359046603234387,0.0019327600834805002,-0.0012474937056704074,-0.000816500677702658,-0.00050406087112687817,0.0013085398001086098,0.042550199092608057,-0.0067324664469677192,-0.00010201430497901774],[0.014786628503838214,0.01844794460079285,0.01468982354981405,0.019690803415155354,-0.0018610999966753969,0.020229417193189759,0.016494894583867135,0.0015859373704108137,-0.0010674277098290522,-0.000783221731522345,-0.00040669443893533966,-0.0021850724226201079,0.034673232692706078,-0.00557582856237471,-0.00023883103712721843],[0.0012311819704256416,0.0032644699311615106,0.010172910950082563,0.0057437413195721172,-0.01172254166104947,0.014266232565429185,0.0067812493316925715,0.0018349298887077507,-0.0013727266802374214,-0.0014524109734089319,-0.00084061004889085576,-0.003583769557568629,0.013195096988289195,-0.008499980189095287,-0.00041646648591632567],[0.015416085152162473,0.018203574051862764,0.024132336397893493,0.017929543128757761,0.0081943610270223226,0.035001068324130337,0.022706633311303574,0.0013384070785736348,0.000840859306622457,0.0012341574726555274,7.7700887952441235E-5,-0.00079749069359909492,0.040258680165282654,-0.0045172703219386341,0.0015043689558849956],[0.010634757894624463,0.0092247802031060391,0.012245561847227677,0.016614813043526112,0.01206948624326505,0.023130499835775715,0.0080400671056396183,0.0002464999595550427,-0.0026276097213919548,-0.00063274663006205321,-0.00023598320146631094,-0.0059207604824363536,0.034675026254866737,0.0010969981612962301,-0.00090794582525069456],[0.0036234609409987045,0.0030926443081372456,0.0039178261421503029,0.004148433023769044,-0.0023693453469545247,0.022565705367214025,0.0058917461671031107,0.00076717086284544306,-0.0018438535759757652,-0.00067001032200493223,-0.00065956992222929286,-0.0033080206458564235,0.01080354181771727,-0.00618777339818841,-0.0004356102890702093],[0.025582295356652095,0.0331327293291904,0.031058933223045058,0.018394553461560447,0.024926214272537311,0.059015345724355787,0.013356429057971205,0.0014867521088294886,0.0057353236284649785,-3.1025833500223121E-5,-0.00036317145771656693,-0.0011959772461492932,0.053013404526060265,0.003241143014152458,0.000548289625267302],[0.058647609465212,0.13168947862122315,0.19629146989547394,-0.12896626482338416,0.19568072891720537,0.14369756425724767,0.071880429616498209,-0.037750348935079218,0.00307239288616638,0.040026625546868581,-0.0011756548344576928,0.288729092574696,-0.0060627744082223049,-0.0028395723934777381,0.013549739419802623],[0.022844312551843431,0.027915486588072771,0.031961457290483192,0.0230163964892616,-0.016540278342431221,0.0019135619688374959,0.037255739738567058,-0.00429195441023787,-0.039437626665031748,-0.0096109311899680045,-0.0082404029884860421,-0.095726526934230685,0.085140198573932818,-0.0042948413625915009,-0.0097094295829758849],[-0.0067834276905650165,-0.0120735120297448,-0.061188347161051884,-0.004928807872452823,0.038824259375422977,0.044494953573902568,0.0085161628170699923,0.010797282645338906,-4.1619659838193052E-5,-0.030092245759072923,0.0037012970116236943,-0.091275837453341363,0.032677654183605069,0.012136456940150739,-0.020984469541098175],[0.0048813304986164855,-0.013471971094084238,-0.059869226933270271,0.033165286767345974,0.069957216533882913,0.016689225342001665,0.072486132129589348,0.0068181624910137843,-0.03678765160767971,-0.025590534523916787,-0.0078490622584633189,0.091220762052114379,0.023782659565611011,0.030615514709853617,-0.025476750945090425],[-0.000504911162527734,-0.0020968757532761895,0.0030105606305315634,-0.00078698568167097219,-0.003878420945946866,-0.0084019207755199089,-0.0011631552656499726,-0.0016094088197454049,-0.0011140898864958923,0.0020320515411366624,0.00051147584016303317,-0.00578285858343382,-0.001534405168437077,-0.0003529536708393097,0.00049716000972661368],[0.004135915752945995,0.010707002589840649,0.0019920368411126383,0.0033914773165643281,0.0062178413359245685,-0.00032096347600289287,-0.0026504449226405638,-0.00020985443300056679,0.0015102523447885815,0.00024975732592591828,-2.9620626889183848E-5,0.005216930465869434,0.0020510610687422622,0.00067688554447000186,8.9847726953247686E-7],[-0.0041280410894716521,-0.0073799464080492091,0.0039140158539770738,0.0013263185864743469,-0.018016109421915033,-0.0078025191448967421,-0.0005762049908799474,0.0017362370372960567,-0.0021276619704430877,0.00070034030822113951,0.00077865454451297176,0.0053990759368364085,-0.011238558231724014,-0.020233146307158962,0.0006850814359799682],[-0.024974168459617384,0.0099205076334483566,-0.084003269081934909,-0.030914854076548742,0.054938099338978377,0.047786685566972228,-0.026861417753373182,0.0079086440814737976,-0.0075409263889506068,-0.040360926648226957,-0.0007552847963830326,0.01321661792929253,0.0015746749651058215,-0.03121195896362788,-0.039458927730380761]],"sigmahat":[[5.5298953786269358,6.386547471328603,5.1473956522195721,5.03626949132177,3.3051936623630747,6.5611049991632449,3.5371484963406647,-0.018109915978076485,0.11826241028463141,0.077214750046107172,0.082316453975191051,-1.3497138948174594,8.3887937492885722,0.16317900362797011,0.074175941425792077],[6.386547471328603,7.9864017253628239,5.760019616140224,5.8828690895936253,3.4107819347872956,7.34467671449575,3.9178043350119229,-0.029322287935316993,0.15457338891341013,0.062054859229206491,0.077864500614642118,-1.3070092716038333,9.7857020197056084,0.091513554207684936,0.05639863049969876],[5.1473956522195721,5.760019616140224,8.1241650960415779,4.49257003463288,3.0581497507193403,6.8978022551248648,3.6367484432973254,-0.028489491168891139,-0.023983694435446418,0.12588553801748412,0.004848208718335763,-1.4434931642972928,7.6012068833604438,-0.093638201535190008,0.13676085479686931],[5.03626949132177,5.8828690895936253,4.49257003463288,5.5051281098071954,2.810817893744944,5.5867371785022577,3.2437846612465457,0.011154934199086379,0.042686377981626965,0.034016401962905139,0.065851672759461882,-1.2912704837298155,7.44113625787931,0.029097204952272322,0.044421878241775965],[3.3051936623630747,3.4107819347872956,3.0581497507193403,2.810817893744944,9.8304369866402137,5.8886426925022626,2.2387609006381717,-0.037086090766756084,0.41533084764353495,0.17794184335100693,0.18959674346816985,-0.23497106636357823,4.289253479046514,1.2510532505357703,0.14267922735607247],[6.5611049991632449,7.34467671449575,6.8978022551248648,5.5867371785022577,5.8886426925022626,14.786002532577442,4.78344085934137,-0.033059035450341993,0.079662182612007179,0.16883855801360723,0.068186497743556534,-1.5972971693741018,8.4030492778405144,0.21035823082450633,0.11623426174541848],[3.5371484963406647,3.9178043350119229,3.6367484432973254,3.2437846612465457,2.2387609006381717,4.78344085934137,3.3385291717919658,0.020303486719990421,-0.016439745627464721,0.10861387881731041,0.066427239128176149,-1.476923516613466,6.142720103885928,0.060763883064084007,0.091521613243740474],[-0.018109915978076489,-0.029322287935316993,-0.028489491168891139,0.011154934199086379,-0.037086090766756091,-0.033059035450341993,0.020303486719990421,0.022023718235422169,0.0079509172966020711,-0.010238974662079943,-0.0026688559757903937,0.077568128974143863,0.02203976236103149,-0.011794172955192549,-0.0029230691229992396],[0.11826241028463144,0.15457338891341013,-0.023983694435446418,0.042686377981626965,0.41533084764353495,0.079662182612007179,-0.016439745627464718,0.0079509172966020711,0.29697896878698443,0.044266672001810163,0.0601456484407306,-0.079497814249242779,0.1868438110534105,0.558356171861641,0.034904507000214496],[0.077214750046107172,0.062054859229206491,0.12588553801748412,0.034016401962905139,0.17794184335100691,0.16883855801360723,0.10861387881731041,-0.010238974662079943,0.044266672001810163,0.076287311086508824,0.033265722479405853,-0.3159767419820062,0.15620772045087639,0.082080953571002022,0.049142084403106669],[0.082316453975191051,0.077864500614642118,0.0048482087183357638,0.065851672759461882,0.18959674346816985,0.068186497743556534,0.066427239128176149,-0.0026688559757903937,0.0601456484407306,0.033265722479405853,0.061390059133546823,-0.20748351926207922,0.14401099243937196,0.14677806258762088,0.020444566775907645],[-1.3497138948174594,-1.3070092716038333,-1.4434931642972928,-1.2912704837298155,-0.23497106636357823,-1.5972971693741018,-1.476923516613466,0.077568128974143863,-0.079497814249242779,-0.3159767419820062,-0.20748351926207922,9.3941766213251015,-3.0501732322754669,-1.0467548196118059,-0.22840403479281848],[8.3887937492885722,9.7857020197056084,7.6012068833604438,7.44113625787931,4.289253479046514,8.4030492778405144,6.142720103885928,0.02203976236103149,0.1868438110534105,0.15620772045087639,0.14401099243937196,-3.0501732322754669,25.970133098121572,0.4317156995157832,0.18562049705710384],[0.16317900362797011,0.091513554207684936,-0.09363820153519,0.029097204952272322,1.25105325053577,0.21035823082450633,0.060763883064084014,-0.011794172955192547,0.558356171861641,0.082080953571002022,0.14677806258762088,-1.0467548196118059,0.4317156995157832,3.5083444894475928,0.035111650277969308],[0.074175941425792077,0.05639863049969876,0.13676085479686931,0.044421878241775965,0.14267922735607247,0.11623426174541848,0.091521613243740474,-0.0029230691229992396,0.034904507000214496,0.049142084403106669,0.020444566775907645,-0.22840403479281848,0.18562049705710384,0.035111650277969322,0.047678939704329452]],"n":15,"lags":3}