{"betahat":[[5.46482,3.49547,8.11465,14.9024,17.0588,26.9919,18.9875,-1.15048,-5.44017,0.296422,0.037444,-2.41084,12.5775,-10.6539,-147.506,-0.165888,0.382593,-19.5838,15.1404,-7.17639,3.29146,28.9249,5.83022,-0.451623,-5.93087,-18.703,-4.17612],[0.969009,-0.0322173,0.192166,0.0390041,-0.0900139,0.409591,0.117963,-0.0179707,0.031309,0.0196417,0.0399405,-0.0145872,0.240429,-0.469577,1.99129,-0.00805574,-0.0668011,0.980601,-0.0267508,0.116185,-0.21459,-4.41756,0.0882048,0.0225779,0.300873,0.156848,0.0437376],[-0.0326905,0.83888,0.118228,-0.0530087,0.0796862,0.0526119,-0.0397089,-0.00715999,-0.000636487,0.00254958,0.00477275,-0.00830276,-0.004323,0.040232,0.125574,-0.0190712,-0.023233,0.310938,0.00988078,0.0193748,-0.0497466,-0.0462644,0.053223,0.00455085,0.19092,-0.0877986,-0.00417657],[0.0319907,0.0389141,0.72985,0.0535908,0.159725,0.0667973,0.0112047,-0.00346375,0.0172976,0.00114196,0.00557227,0.0133247,-0.0150378,0.0530694,0.791409,0.00852366,0.00282956,0.162252,-0.0170871,0.0171947,-0.0169832,-1.15182,-0.0440162,0.011753,0.122002,0.100771,-0.00943368],[0.000242112,-0.0368907,-0.0547729,0.768911,-0.238556,0.0755845,-0.0712987,-0.0133217,-0.0190951,0.00678862,-0.0117879,0.0224074,0.0141478,0.176476,-0.426687,0.0237943,0.0309135,-0.255613,-0.0104617,0.0570942,0.136409,0.982299,-0.025379,-0.00824991,0.0565963,0.0416863,-0.0106385],[-0.0405028,-0.0555856,-0.0698543,-0.0499851,0.723976,-0.000840298,-0.0032746,0.00732062,-0.00648793,0.00209064,-0.000971133,0.00233922,0.0161558,-0.030511,-0.042953,-0.00236291,0.00289741,-0.0325392,0.000907783,0.0177689,0.00968018,0.0464812,0.119389,0.00476331,-0.142513,0.0307167,-0.00265161],[0.00678582,0.0191557,0.138424,-0.000508236,0.0928781,0.777036,0.0493083,0.00125806,0.0165729,-0.000422272,-0.000766634,0.00598292,0.0137251,0.0420522,0.769501,0.0102552,0.0117523,-0.12881,0.00681422,0.0115105,0.0109171,0.784309,-0.00740966,-0.00175233,0.11085,0.0796912,-0.00148219],[-0.0211786,0.0584522,-0.0527826,0.123307,-0.256572,-0.417913,0.947191,-0.0137603,-0.00858406,0.024068,0.018045,0.0257578,0.20472,-0.00667556,-1.5525,0.0204676,0.0150578,-0.119563,-0.0399996,-0.0938856,0.0418323,0.564217,-0.0290617,-0.00935676,-0.253088,-0.0333482,-0.0044363],[-0.265653,-0.356583,-1.11291,0.579562,-0.663129,-0.258485,0.195748,1.06408,-0.175728,-0.0946324,-0.145561,-0.109927,-0.762549,0.885195,-8.75313,-0.101267,0.143324,-3.39321,0.516138,0.7276,1.07082,-6.07888,1.65241,-0.0400617,0.174738,-0.964915,-0.0154794],[-0.0546026,-0.0716229,-0.164521,0.0948429,-0.450791,-0.910744,0.103447,0.0372373,0.786916,0.0558315,0.0365798,0.0157691,0.185997,0.121738,-1.78486,-0.0334713,0.00693996,-0.980376,0.133701,-0.0223979,0.0570612,9.01787,0.00559419,0.0578461,0.052638,-0.438355,-0.00829691],[-0.0680828,0.0566043,-0.100527,-0.303764,-0.143616,-0.834187,-0.37428,-0.0260631,0.00713202,0.994758,0.121857,-0.124855,-0.591348,0.338735,-0.876851,-0.100288,-0.0127898,-2.41999,0.401946,-0.274916,0.495101,-1.79086,0.344266,-0.0340695,-1.19484,0.55818,0.192548],[0.0259209,-0.178272,1.24011,-0.0379966,-0.0570159,0.147444,-0.0104264,-0.0139328,0.0881095,0.0953752,1.06524,0.0533742,-0.0662889,-0.150069,-1.80088,0.0223701,0.0533898,0.855877,0.0254952,-0.159724,0.407489,-14.6549,-0.171531,0.0972191,0.220969,-0.123856,0.295084],[0.00662365,-0.241774,0.105412,-0.280514,-0.620458,0.611223,0.0503029,-0.011486,0.151641,0.226476,0.152349,0.99608,-0.378721,-1.82258,7.34315,0.114877,0.0712684,-0.341782,-0.331027,0.369678,0.0215952,14.2723,-1.49847,0.183374,-0.252918,0.478147,0.0620406],[0.047516,0.099015,0.13632,0.00706596,-0.0408677,-0.0127666,0.0467048,-0.0116059,-0.0325662,0.00992688,0.0204622,-0.0031458,1.12767,-0.331448,-0.248492,-0.0064229,-0.0206885,0.146176,-0.0455426,0.0174873,-0.148889,0.611717,-0.0832523,0.0096038,0.0926353,-0.158197,0.00250424],[0.0291027,0.0202262,-0.020278,0.0412387,0.19522,0.0627568,-0.00846718,-0.000164717,0.000974711,0.00281214,-0.00106647,0.00541528,-0.0585173,1.01196,-0.269075,0.00802895,0.0104313,-0.0556675,0.03161,0.00358729,0.0305332,-0.107778,-0.0546915,-0.00936975,0.080737,-0.0259094,0.00627488],[-0.00613641,-0.0108625,-0.014805,0.00390957,-0.00527273,-0.012993,-0.00353583,0.000170314,0.00134004,-0.00384693,-0.0038956,-0.005947,-0.0367855,0.0444577,0.727926,-0.0040349,0.00022158,-0.0837216,0.00829528,0.00178349,0.010693,-0.119301,0.0184424,-0.00506201,-0.0221016,-0.012743,0.000840424],[0.406527,0.583119,0.546503,0.416649,0.404634,0.807798,-0.146067,-0.0658292,-0.136564,0.0886732,0.113255,-0.0107946,1.73517,-0.155165,-3.41625,0.85141,-0.0714018,2.01678,0.0659229,-0.349728,-0.0303484,-20.8617,0.181435,0.0201223,1.93253,-0.197575,0.140252],[-0.42416,-0.4844,0.0115332,-0.138194,-0.925306,-0.78164,-0.344396,0.00423889,0.063604,-0.1243,-0.0944141,0.0258613,-0.314145,0.319012,-1.88956,-0.025765,0.942265,-2.04801,0.14906,0.210991,0.0562902,-10.7046,0.717541,-0.0273111,-0.0279393,0.287542,0.0876616],[-0.00929382,-0.017345,-0.0348874,0.00394939,0.0175036,0.0221833,0.0236193,0.00137443,0.000189188,0.00516553,0.00554368,0.0151979,0.00106827,-0.0355999,0.0562722,0.0133839,0.00498821,1.04518,0.00503774,0.0336469,-0.0301523,-0.0741159,-0.0065324,0.00826594,0.0553812,-0.00567328,0.000980852],[0.241452,0.20577,0.623424,0.465159,0.630431,-0.589581,-0.246648,-0.0492177,0.215082,0.118444,0.129963,0.0515057,0.203957,-2.13662,7.2206,0.0657697,-0.137899,3.35361,0.463633,0.0727334,-0.710301,0.775223,-0.450695,0.0604421,0.0945247,0.738993,0.167558],[0.282608,0.470959,0.365451,0.446113,0.166582,0.00573511,-0.112869,-0.00703591,0.00454182,-0.00160477,0.00466568,-0.0122041,-0.0275139,-0.0801933,-0.409189,-0.0303562,-0.0417374,0.54782,0.0136177,0.492361,-0.0134649,-2.44723,-0.0622565,-0.0267235,0.0866645,-0.0609888,-0.0266249],[-0.0454199,0.0315963,-0.217569,-0.0798945,-0.0438886,-0.0671243,-0.0382482,0.0105206,-0.104268,-0.0623755,-0.0352389,0.00040236,-0.0343579,0.133418,-0.895394,0.00720223,-0.042549,0.0439674,0.0306256,0.0175704,0.0520484,0.372268,-0.0516402,-0.0748674,-0.13653,-0.253313,-0.0922215],[3.86313e-05,-0.00407101,0.0222239,-0.00239723,-0.000535127,-0.00145653,0.00391869,0.000486224,-0.00194937,-0.000237709,-0.000450834,-0.000314885,0.000289877,0.00389366,-0.0511436,0.000483736,0.00152074,-0.026074,0.0022561,0.00192004,0.00130214,0.152722,0.00560121,0.000432193,0.0131134,-0.00787502,-0.00337655],[0.0402357,0.0544887,0.260621,-0.0826498,-0.0258178,0.0544416,0.029025,0.000299816,0.000969405,-0.0111563,-0.0122745,-0.0174931,0.0382537,0.152686,1.13602,-0.0212395,-0.00876898,-0.126447,-0.026373,0.00861951,0.0140357,-0.605543,0.895224,-0.0172369,0.0417342,0.0608344,0.0129592],[0.143589,0.112377,0.160057,0.277489,0.25069,0.606302,0.0932286,-0.0176896,-0.0751793,0.135477,0.0935769,0.107404,0.521537,-0.486742,4.74909,0.0620636,-0.00705935,1.33438,-0.0414185,0.224461,0.0695397,11.5028,0.311867,1.05848,0.597513,0.172275,0.029132],[0.11956,0.193944,0.0377148,0.0169731,0.173559,0.109907,0.03445,-0.00723617,0.0263755,-0.00738012,-0.00431994,0.0103791,-0.0868667,-0.0536824,0.674031,0.0219744,0.00829027,0.0634456,0.0117138,-0.0874968,0.00939365,3.05121,-0.124973,0.00604063,0.554698,0.0640987,-0.0104363],[0.100462,0.190545,0.018654,0.000768144,0.430786,0.278932,-0.0423502,-0.0164707,0.102644,0.0489285,0.0431211,0.0290344,0.248911,0.135062,1.26904,0.0270614,0.0139612,0.219309,-0.0452464,-0.024854,-0.103615,-2.69096,-0.0475717,0.0281483,0.221289,0.174682,0.0271871],[-0.0790798,-0.38918,-0.251131,0.498715,-0.216714,-0.331079,0.177925,-0.0157927,-0.199486,-0.034875,-0.044621,-0.126253,-0.55803,-0.368698,-1.05384,-0.11489,-0.0563846,-0.736215,0.0630146,0.130502,0.0154304,8.15368,0.83398,0.0214818,0.197358,-0.381674,0.516123],[-0.00488627,-0.0705323,-0.140722,0.0578749,0.321733,-0.257714,-0.0608752,0.0127797,-0.0258193,-0.00831192,-0.0302284,0.0232416,-0.177702,0.272534,-1.43539,0.00926513,0.061939,-0.648143,-0.00928526,-0.0414138,0.14129,1.11534,-0.0179538,-0.0177772,-0.161817,-0.0849248,-0.0274683],[0.019798,0.0719019,-0.0721909,0.0706938,0.0423724,0.0279055,0.0208259,0.001481,-0.00480987,-0.00169348,-0.00251455,0.00851248,-0.0366158,0.0107479,-0.378349,0.0144885,0.0153103,-0.105845,-0.0134484,0.00118866,0.0148424,0.128076,-0.0358186,-0.00666349,-0.0855584,0.089046,0.00650695],[-0.00156855,-0.0337098,0.211649,-0.0537272,-0.0768509,-0.12356,-0.000184015,0.00063283,-0.00860078,0.00204673,-0.00617324,-0.00951339,0.0577182,-0.0421356,-0.19243,-0.00286116,-0.00553212,0.00592463,0.0148662,-0.00532787,0.0293792,1.08599,0.0973786,-0.00291538,-0.0298812,-0.0219392,0.012662],[0.0210465,0.0220692,-0.137415,0.161399,0.248551,-0.141693,0.045556,0.0119378,-0.0037733,-0.00626705,0.0123686,-0.0351412,0.0617329,-0.00880579,-0.286308,-0.0223478,-0.0277079,-0.0207345,0.00050587,-0.0152888,-0.117641,0.274722,0.0738459,-0.00490816,0.0338387,-0.0404298,0.0272649],[0.015405,0.0173925,0.0485512,-0.0067166,0.109725,-0.0694228,0.0273162,0.000594005,0.0187585,-0.00321478,-0.000781751,0.000535752,-0.0283309,0.00685218,0.0153331,0.00425981,0.00352228,-0.0258007,-0.00156809,-0.00190276,0.00180448,0.430872,-0.060472,-0.0031702,0.0858314,-0.0334492,-0.000185487],[-0.0226934,-0.0365029,-0.12566,0.0101396,-0.18282,0.0342529,-0.0367745,0.00175462,0.00187229,-0.00183384,-0.00344208,-0.00232928,-0.0425712,0.0355968,-0.448986,-0.00713824,-0.00604163,0.0213668,-0.00227275,0.00737568,0.0248123,-0.0743567,0.0674589,0.00379787,-0.101204,-0.03766,0.000278905],[0.000839057,-0.0468494,-0.12272,-0.109483,0.288699,0.241321,0.0710637,0.0204208,-0.0215604,-0.0199625,-0.0177672,-0.00742307,-0.116685,0.0423699,0.666585,-0.00910059,0.00303384,-0.228549,-0.0061528,0.0475592,-0.0865936,0.849202,-0.0840645,-0.00334689,0.0163021,-0.0538434,-0.0112354],[0.0959579,-0.0687463,0.75802,-0.35913,-0.0748228,0.175316,-0.0110137,-0.0758025,0.0423548,0.0135711,0.0793078,0.0314909,0.680548,-2.47839,11.199,0.0207471,-0.153809,4.90633,0.0125398,-0.119884,-1.06365,1.69446,-0.37969,0.0604976,-0.0344673,-0.279276,0.0146782],[-0.0172586,-0.0111967,0.0427994,-0.159977,0.433817,0.854607,-0.0815072,-0.0145186,0.316359,-0.0503454,-0.0557945,0.00793263,-0.592234,0.284271,0.386483,0.0524245,0.0428369,0.433578,-0.0432785,0.00197858,0.30547,-5.42282,-0.0303186,-0.0487827,-0.142647,0.55305,0.0154407],[-0.0200114,0.241741,-0.433537,0.137885,-1.12358,-0.190667,-0.0815738,0.00513944,0.121055,-0.0805464,-0.120907,0.0244658,-0.0454237,0.296765,-2.73632,0.0122441,0.061734,0.489361,0.0154739,-0.0234424,0.222953,-8.06876,-0.0930959,0.0016964,0.143339,-0.153277,-0.0213955],[-0.101515,0.0428491,-0.894798,0.0204178,-0.872213,-0.10004,0.000754839,0.0296061,0.0427975,-0.113539,-0.117171,0.00259819,-0.167545,0.245798,-0.325827,0.0484922,0.00694207,0.769192,-0.0721434,0.125288,-0.411646,3.77535,-0.0574738,-0.0293502,-0.241583,0.225632,-0.0322895],[-0.0689681,-0.157964,0.286804,-0.0867112,0.683128,0.0450592,-0.255754,0.0615181,-0.0780754,-0.15105,-0.135684,-0.121376,-0.223522,0.861618,-7.99009,-0.12382,-0.0471543,-2.00503,0.0569578,0.330293,0.482217,6.62057,0.579696,-0.17536,-0.301915,-0.511569,-0.130009],[-0.0155183,-0.0636182,-0.0152034,-0.0474447,0.088204,0.0310479,-0.0302843,0.0063211,-0.00100995,-0.00892834,-0.0139667,0.00439478,-0.211205,0.213369,-0.203996,0.0100809,0.0094428,0.228288,0.0275191,0.022487,0.0703738,-0.240214,0.0222655,-0.00357873,-0.0416406,0.170224,-0.00057045],[-0.0164498,-0.0217564,0.00948759,-0.0298008,-0.166303,0.00452264,0.0219688,0.00145146,0.00336803,-0.00122209,0.00600717,-0.00277851,0.0178132,-0.251848,0.209263,-0.00138341,-0.0114594,0.231125,0.00242971,0.00395566,-0.0512775,0.329861,-0.0116863,0.00709101,-0.0580547,0.0240441,0.00112927],[-0.00475463,-0.0133374,0.000186797,-0.00799079,0.00783925,0.00841147,0.00596289,0.000776016,-0.00164601,0.00125858,0.00135023,0.00292348,-0.00462732,-0.00763185,0.0351712,0.00277871,0.000310094,0.0404051,-0.00101815,0.0137442,-0.00572449,0.0280442,-0.00929637,0.00187984,0.0237504,0.00629701,-0.000312634],[0.101344,0.0306506,0.130925,-0.137245,0.429502,0.0433778,0.156881,0.0628088,0.0317988,0.000458365,-0.0222133,-0.0228595,-0.0706157,-0.404567,0.407084,-0.047395,-0.000152611,-0.28933,0.0517755,-0.166525,-0.111926,1.21528,0.151632,-0.0258929,-0.131162,0.06921,0.0616911],[0.239016,0.51913,-0.542479,0.310868,0.619538,-0.429808,-0.0132325,0.0190036,0.0171092,0.038526,0.0665247,-0.0179126,0.209118,0.886317,-0.333764,-0.0402209,-0.033829,0.149328,-0.0251105,-0.33362,0.596207,-0.778242,-0.261519,0.041425,0.151173,-0.336041,0.0443394],[-0.00167348,-0.0076978,0.0243644,-0.00618662,-0.00514215,-0.0274173,-0.0105464,-0.00116268,-0.00189605,-0.00439191,-0.00601299,-0.00822617,0.0160873,0.0198331,0.00932531,-0.0131767,-0.00214092,-0.0811732,0.00581988,-0.00426196,0.0223352,0.0359751,0.0197488,-0.0088556,-0.0524445,-0.00229749,-0.00150352],[-0.167914,-0.418597,-0.289753,-0.30241,-0.495994,0.474703,0.250277,0.0541478,-0.234736,0.025092,0.00368198,0.00287992,0.000774656,0.976334,-0.938869,0.0115151,0.1005,-1.04489,0.0245257,0.143558,0.406457,-0.978298,0.51072,0.059887,0.706915,-0.483103,-0.145284],[-0.112847,-0.109043,-0.131684,-0.244526,-0.301426,0.0424034,-0.0955588,0.00686594,0.00614972,-0.0195007,-0.0160045,-0.0143266,0.0194918,0.259451,-0.45156,-0.00921461,0.00392793,-0.456762,0.0567173,0.0238852,0.0087094,1.08298,0.0186792,-0.00791803,-0.103781,0.0398735,-0.00310355],[0.012006,0.0110642,-0.030193,-0.0812968,0.0428131,0.141114,0.0944449,-0.0025077,0.0427178,0.0392457,0.0408916,0.0314924,0.0442087,-0.289315,1.30801,0.0433505,0.0199868,0.421897,0.0550705,0.0285888,0.132075,2.40799,-0.174045,0.0387941,0.216869,0.172746,0.00756309],[-0.00133453,-0.00118788,-0.0120047,0.00116312,-0.00687509,-0.0115191,-0.00197768,-8.54081e-06,0.000289741,-0.000851922,-0.00126595,-0.000136764,-0.00707419,0.00395458,-0.0488586,0.000176042,0.000486158,-0.00558562,0.00309991,8.44253e-05,-0.000876737,-0.00280864,0.00156196,-0.000763925,-0.0042657,-0.00453712,-0.0106147],[-0.0372443,-0.0875202,-0.222784,0.0436919,-0.0479912,-0.158526,-0.00272026,0.00972008,0.036412,0.0150921,0.0149977,0.018935,-0.0944189,-0.349302,0.120926,0.0181047,0.00935288,-0.0512759,0.000422819,0.0307856,0.0450955,0.485899,0.0107605,0.0172086,-0.0563793,0.0821368,0.0243793],[-0.0215637,-0.0935024,-0.315147,0.0358386,0.14414,-0.760681,0.160551,0.0224676,-0.152012,-0.00982905,0.0177692,0.00564579,0.395636,-0.657446,5.45807,0.0122409,-0.00269302,0.484468,-0.172433,0.0423411,-0.50791,-4.73583,-0.147239,-0.0136619,0.355556,-0.00594636,-0.0151446],[0.00132001,0.0718832,0.0274528,-0.0181722,0.00072128,0.0246736,-0.0283979,-0.00967458,-0.006513,-0.00689934,-0.01179,-0.0141789,-0.11056,0.114229,-1.16769,-0.0132176,0.00645701,-0.281057,-0.0190258,-0.107361,0.023999,-0.748622,-0.110526,-0.0198693,-0.217069,-0.0809483,-0.00694944],[-0.000288783,0.0420488,-0.0790588,0.0700468,0.143885,-0.024581,-0.0185316,0.00251539,0.0569676,0.0196936,0.0136779,0.0284241,-0.0126721,0.164003,-0.470289,0.0203214,0.0192608,-0.13292,-0.0434919,-0.0156762,0.051536,-0.965933,-0.0317622,0.0191761,0.0123267,0.144985,0.00995382],[0.0367944,0.173664,0.463186,-0.287687,-0.478895,0.0118842,-0.0249156,-0.0208587,0.0890241,-0.043964,-0.0512413,0.0240707,0.257398,0.427321,-1.5765,0.0122253,0.0389564,-0.778828,-0.0758788,-0.067943,0.037798,1.21867,-0.26714,-0.007388,0.191816,0.209042,0.053235],[0.0355153,0.102341,-0.0517397,-0.0973212,-0.231741,-0.152738,-0.0572002,0.00524544,-0.00549253,-0.0113664,-0.00972017,-0.00866902,-0.0627173,0.196774,-0.552479,-0.0012817,0.00475906,-0.331378,0.0361736,-0.0741927,0.0727934,3.30088,-0.070106,-0.00475546,-0.13863,-0.0718775,-0.0162353],[0.0126143,0.088786,-0.0465649,-0.0181694,-0.121865,-0.0813121,0.0184279,0.00570441,0.00535926,-0.000922712,-0.00231609,-0.000272707,0.0403766,-0.0506315,0.253886,0.00454006,0.00784656,-0.204655,0.00384228,-0.0203181,0.034599,-0.0695989,-0.0166081,0.00213375,-0.105211,-0.00192833,-0.0023107],[-0.0306149,-0.0053974,0.0556391,-0.000512387,-0.0825552,0.0555693,-0.0114227,0.0028616,-0.00857138,-0.00331181,0.000486894,-0.00380314,-0.0437023,-0.00976812,-0.59636,-0.00557387,0.00274846,-0.166809,0.00278146,-0.0116474,-0.0125803,0.0748658,-0.0535693,-0.00888068,-0.0904745,-0.0788837,-0.00317689],[-0.0217086,0.0143763,0.191236,0.068677,-0.00983408,0.066037,0.0253657,0.00141851,0.0230029,-0.000594885,-0.00061586,0.0126919,-0.0757766,-0.167458,0.714292,-0.0014937,-0.00331148,0.277727,0.0102906,-0.0406465,-0.0190671,-1.25074,-0.0484673,0.0131997,-0.090306,-0.000544482,-0.0166732],[0.0241045,0.0370031,0.0194713,0.0557327,0.160893,0.0670373,-0.0243336,-0.00779067,-0.0122138,0.00110557,0.00179487,-0.0029386,0.0112131,0.0217181,0.031534,-0.00204734,-0.00670058,0.0601143,0.00111787,-0.0151615,-0.0126242,-0.462007,-0.0579902,-0.00146735,0.0569125,0.0015594,0.00298336],[0.0149459,0.0161545,-0.0142464,-0.0109615,0.0874541,0.183496,-0.0131918,-0.00286276,-0.0183515,0.00213859,0.00414698,-0.0037396,0.0281937,-0.0787695,-0.317084,-0.0032233,-0.00597205,0.110471,-0.00419408,-0.0179889,-0.0369542,-0.694715,-0.0591186,-0.00191527,-0.0075306,-0.0426496,0.00134648],[0.0191684,-0.0124071,0.1692,-0.0130746,-0.0391847,0.168908,-0.0222305,-0.00670077,0.0300425,-0.00377911,-0.000251579,-0.0178635,-0.0877027,-0.0373235,0.873771,-0.0115146,-0.0180699,0.349077,0.0453681,0.0492011,0.0463567,-1.37972,0.113855,0.0125572,0.230976,0.0871158,0.0151029],[0.363598,0.566421,0.677395,-0.13415,0.525308,-0.169846,-0.0945032,-0.0431679,0.0973698,0.11061,0.0885085,0.122384,0.394639,0.301634,0.755118,0.101739,0.018256,0.382741,0.116149,-0.490012,-0.0891971,1.05181,-1.17602,-0.00308149,0.180494,0.899772,0.0848649],[0.0704606,0.0824552,0.122241,0.0616411,0.0103892,0.0548446,-0.0237359,-0.0226906,-0.103636,-0.00605089,0.0188454,-0.0233597,0.407013,-0.397316,1.43544,-0.0186428,-0.0497092,0.555607,-0.0854716,0.0267568,-0.366102,-3.60175,0.0191269,-0.0087428,0.0923856,-0.112322,-0.00733649],[-0.0356239,-0.209816,-0.11397,-0.0423442,0.75295,0.471229,0.204985,0.0224496,0.115969,0.00896339,0.0041693,0.0882088,-0.0631192,-0.270386,3.42567,0.0941947,-0.00765608,1.01539,0.123176,0.18532,-0.102285,8.52279,-0.105237,0.00716901,0.274322,0.13315,-0.0778571],[0.0320546,0.00301094,-0.276109,0.03568,0.762855,-0.0579947,-0.0661064,0.00655513,0.0252561,-0.0597264,-0.0641824,0.0171219,-0.138591,-0.00592763,0.198577,0.0267929,0.0256231,0.0384021,0.0581069,-0.0305617,0.196867,6.18623,0.0421825,-0.0557092,-0.0170444,0.0761896,-0.125078],[-0.157143,-0.181309,-0.501606,0.193692,0.571581,0.334413,0.101503,0.000782974,0.0750395,0.0180011,0.030882,0.014375,0.25631,-0.0483734,0.336269,0.0125447,-0.016668,1.07867,-0.0661252,0.250876,-0.324008,-5.83083,-0.00672979,0.00233452,0.574085,0.252236,0.0652685],[-0.0364112,-0.0432939,-0.135894,0.0317574,-0.0533348,-0.0360749,-0.0242434,0.00598084,0.035039,-0.00131545,-0.00649709,-0.00173767,0.0669129,0.0985595,0.494526,-0.00488732,0.0087015,-0.328432,0.0198823,-0.0270665,0.072239,-0.179024,0.0681947,-0.00474613,-0.038363,-0.0157457,-0.00210487],[-0.00695171,-0.0046612,-0.00381235,-0.0141793,-0.0193968,-0.0698725,-0.00666125,-0.00203157,0.00720193,-0.00267381,-0.000943924,0.00234711,0.0311301,0.0193481,0.211346,-0.000936541,-0.00748969,0.0494665,-0.00260033,0.00164496,-0.0191003,-0.197976,-0.00882409,0.000803289,-0.043108,0.0258334,-1.89572e-05],[0.00507122,0.017513,0.00702011,0.00143611,-0.0138024,-0.00776946,0.00108103,-0.000791899,-0.00135509,0.000431579,0.00145227,0.000309269,0.0149172,-0.0263734,-0.0436436,-0.00103639,-0.00231606,0.0322355,-0.0039695,-0.0104054,-0.00708406,0.019029,-0.0155378,0.00128782,-0.012932,-0.00935193,0.000910753],[-0.0590503,-0.124352,0.315629,-0.0943569,-0.186423,-0.226057,0.032138,-0.00551581,-0.0476876,0.0855919,0.0609526,0.0327461,-0.279371,-0.542613,5.61436,0.048642,-0.00937841,0.954553,-0.0495088,-0.117301,-0.499496,-0.257878,-0.454093,0.0845794,-0.490106,0.187456,0.0326635],[-0.117888,-0.226349,0.216295,-0.10804,-0.533706,-0.205053,0.0144999,-0.00649942,-0.046461,-0.0225412,-0.0475609,0.0116895,0.0319931,1.39182,-1.22456,0.0110969,0.0302216,-0.482247,-0.0779738,0.0788788,0.186716,-4.12132,0.404084,-0.0196624,-0.45124,-0.0182771,-0.0163459],[0.00831925,0.0219299,0.0229245,-0.00204036,-0.0204804,0.00526361,-0.0126708,2.75191e-05,0.00336089,0.000392301,0.000828143,-0.00387964,-0.00966963,0.0308952,0.0506995,0.00164689,0.000505718,-0.0102829,0.000189614,-0.0197848,0.0033983,-0.0884355,-0.0138619,-4.8735e-05,-0.00979616,0.0222473,0.00271961],[-0.0462619,0.248714,-0.356638,-0.231441,0.142243,0.252912,-0.0287711,-0.00535448,0.0527213,-0.124764,-0.113052,-0.0380129,-0.26862,1.37347,-4.40851,-0.0459137,0.0498864,-2.0483,-0.244586,-0.185077,0.279419,0.0843159,-0.123954,-0.105636,-0.758376,-0.116885,0.00637653],[-0.0724312,-0.14617,-0.0262155,-0.153021,0.115725,0.0416878,-0.0211427,0.00370934,0.0342033,0.00138604,-0.00143905,0.0152212,0.0540145,0.0149215,0.384996,0.0198463,0.0193272,-0.0372021,0.0314103,-0.00462306,0.0643992,0.990819,-0.00399376,0.0172978,-0.0215288,0.220749,0.00630052],[-0.00567911,-0.0157735,0.0719344,-0.0407761,0.0137525,0.064099,0.026128,-0.00087109,-0.0244336,0.00058568,0.0101831,-0.000752597,0.0138185,-0.0492799,0.320997,0.000517942,-0.0186559,0.168209,0.0202679,-0.0111656,-0.105329,-0.0920789,0.0721183,0.0100288,-0.0659584,-0.0456317,0.00479125],[-0.00243231,-0.00394827,-0.0034641,0.000815028,-0.0107619,-0.0076925,0.00145558,0.000118067,-0.000768383,-7.84013e-05,-0.000480306,-0.000958975,-0.00471182,-0.00032564,-0.00193782,-0.000560115,0.000108225,-0.0139506,0.00186341,0.000874479,0.000475048,0.0100838,0.00256242,-0.00031787,0.00376828,-0.011509,0.00425241],[0.000245898,0.02287,-0.0446324,0.0364691,0.07983,0.109234,-0.0523417,-0.00809471,0.00894779,0.00147783,-0.00263196,0.0183608,0.0689718,0.023509,-0.135049,0.014028,0.0171165,0.142208,-0.0188557,-0.00484315,0.0523474,-0.0144889,-0.00617584,0.00390283,0.00136255,0.0511357,-0.0128249],[0.201314,0.211538,0.765038,-0.148704,0.629028,0.600069,0.15895,-0.024148,-0.0399345,0.00125202,0.0122148,0.0182629,0.212301,-0.262821,-1.16484,0.0247552,-0.0383126,0.673478,-0.184982,-0.337804,-0.203027,-5.6992,-0.313383,-0.0713045,-0.408402,-0.481044,-0.015431],[0.0270465,0.0599788,-0.0215796,-0.00720406,0.0517865,0.0349171,-0.00979641,-0.00464889,0.00574345,0.00740848,0.00515665,0.00268227,0.0108561,0.0276394,0.0295196,0.00192246,3.20306e-05,-0.190557,0.00662505,-0.0971003,0.0228051,0.0146621,-0.0308742,-0.00210345,-0.100029,-0.0357121,-0.00833646],[0.01269,-0.0105803,0.0886327,0.0416321,-0.0692465,-0.0158795,0.0363849,0.00438054,0.000253979,0.00869896,0.00770154,0.0129709,-0.0900114,0.0199722,-0.229077,0.00535133,0.00869268,-0.0194602,-0.00616942,-0.0187405,-0.0369823,0.150351,-0.0668699,0.0177846,-0.1247,-0.0474443,-0.00138891],[-0.0184796,0.154535,-0.311053,0.0853481,-0.276668,-0.187092,-0.148986,0.0187978,-0.048608,-0.0284223,-0.0449888,-0.0319455,-0.105299,0.00697292,-2.61465,-0.0639181,0.00278258,-1.19832,-0.0593129,-0.124732,0.149653,2.85658,0.0409943,-0.0451797,-0.398836,-0.122278,-0.0144077]],"sigmahat":[[0.269917,0.372307,0.183862,0.0815551,0.47481,0.282215,0.0272166,-0.0316646,-0.00103493,0.0134787,0.0169415,0.0107635,0.0986086,-0.0285517,0.30188,0.00848704,-0.0112153,0.356623,-0.0171,-0.22491,-0.0459213,0.341442,-0.193154,-0.0105749,-0.0940937,-0.0217873,0.00024322],[0.372307,0.877489,0.115886,0.100375,0.308361,0.363946,-0.0817604,-0.0574017,-0.0186875,0.00100654,0.0148585,-0.00554437,0.214124,0.168521,-1.28628,-0.0118037,-0.0250169,-0.0715034,-0.0489829,-0.456767,-0.041063,0.0524373,-0.328484,-0.0300393,-0.601331,-0.137086,-0.00892074],[0.183862,0.115886,2.62744,0.0462907,0.0902347,0.521407,0.315982,-0.0194024,0.00309041,0.00509692,0.00889486,-0.030656,0.325531,-0.0692262,1.68152,-0.0258184,-0.0353198,0.299314,-0.032618,-0.0375602,-0.0323138,-7.38063,-0.042877,-0.0166425,0.381585,-0.0182368,0.0388651],[0.0815551,0.100375,0.0462907,0.574393,0.104896,-0.0995277,-0.0227044,-0.0188025,-0.023679,0.00120284,-0.00430226,0.00767448,-0.00170518,-0.157893,0.244007,-0.0127154,0.00273371,0.10239,-0.0522335,0.0256735,0.0380079,-3.38462,0.0406803,-0.0114266,0.237183,-0.156457,-0.0122237],[0.47481,0.308361,0.0902347,0.104896,6.11088,1.66106,0.430427,-0.0306236,0.0917469,0.0627749,0.0557914,0.0998238,0.163544,0.151297,5.58734,0.119448,0.0561587,1.41663,-0.0168223,-0.449355,0.00715639,1.01033,-0.404155,-0.00702043,0.202022,0.471079,0.0467472],[0.282215,0.363946,0.521407,-0.0995277,1.66106,4.66457,0.32522,-0.0520041,-0.0786811,0.0366469,0.0377506,-0.00844681,0.435675,0.357568,0.651965,0.0452049,0.045532,0.0222141,-0.0204605,-0.267654,-0.22106,-1.23801,-0.310672,-0.015118,-0.273647,0.0330816,0.0453155],[0.0272166,-0.0817604,0.315982,-0.0227044,0.430427,0.32522,0.575318,0.0105892,-0.0028885,0.0363443,0.0379906,0.0038752,0.170787,-0.574458,1.7443,-0.0026951,-0.0161817,0.230054,-0.0268627,0.000538698,-0.198844,-1.51378,-0.000333772,0.0266253,0.275372,0.0942525,0.0320601],[-0.0316646,-0.0574017,-0.0194024,-0.0188025,-0.0306236,-0.0520041,0.0105892,0.0122402,0.0051416,-0.000142453,-0.00106443,-0.00113402,-0.0305751,0.0203001,0.00487203,0.000286757,0.00224593,-0.0569718,0.00792349,0.0430769,0.00927446,0.171437,0.0311451,0.0023112,0.035353,0.0155187,0.00120684],[-0.00103493,-0.0186875,0.00309041,-0.023679,0.0917469,-0.0786811,-0.0028885,0.0051416,0.144694,0.0182382,0.0154584,0.0276598,-0.0418921,-0.0823929,1.1526,0.024661,0.00638291,0.215856,0.00545812,0.0316957,0.0753688,0.29088,-0.0608113,0.00926906,0.123998,0.269485,0.0131636],[0.0134787,0.00100654,0.00509692,0.00120284,0.0627749,0.0366469,0.0363443,-0.000142453,0.0182382,0.0399088,0.0312017,0.0233257,0.0756277,-0.147519,0.777969,0.0182341,0.000434711,0.248292,0.00548216,-0.00298086,-0.0437033,0.253478,-0.0580808,0.0172922,0.048961,0.0702958,0.0149712],[0.0169415,0.0148585,0.00889486,-0.00430226,0.0557914,0.0377506,0.0379906,-0.00106443,0.0154584,0.0312017,0.0339903,0.018757,0.0804919,-0.17651,0.872994,0.0151456,-0.0085843,0.312421,0.00397361,-0.000581801,-0.0777457,0.45231,-0.0571839,0.0181282,0.0550822,0.0695613,0.0132965],[0.0107635,-0.00554437,-0.030656,0.00767448,0.0998238,-0.00844681,0.0038752,-0.00113402,0.0276598,0.0233257,0.018757,0.0439371,0.0423585,-0.0786395,0.853048,0.0405435,0.0204341,0.273273,0.00261036,0.00664807,-0.0111874,0.167057,-0.083683,0.0126301,0.0693903,0.0921663,0.00776909],[0.0986086,0.214124,0.325531,-0.00170518,0.163544,0.435675,0.170787,-0.0305751,-0.0418921,0.0756277,0.0804919,0.0423585,1.52255,-0.206116,1.52691,0.011298,-0.0210055,0.119741,-0.0886174,-0.0627601,-0.269912,-2.56561,-0.0238731,0.050056,0.130232,0.122613,0.0781609],[-0.0285517,0.168521,-0.0692262,-0.157893,0.151297,0.357568,-0.574458,0.0203001,-0.0823929,-0.147519,-0.17651,-0.0786395,-0.206116,5.01317,-9.76603,0.01974,0.200426,-3.6894,0.126264,-0.194912,0.949954,-5.47622,0.551857,-0.131967,-0.728278,-0.379757,-0.0112732],[0.30188,-1.28628,1.68152,0.244007,5.58734,0.651965,1.7443,0.00487203,1.1526,0.777969,0.872994,0.853048,1.52691,-9.76603,99.6818,1.00616,-0.15811,19.6726,0.544404,1.03138,-2.44694,9.90593,-2.55213,0.798268,6.01234,5.55125,0.393573],[0.00848704,-0.0118037,-0.0258184,-0.0127154,0.119448,0.0452049,-0.0026951,0.000286757,0.024661,0.0182341,0.0151456,0.0405435,0.011298,0.01974,1.00616,0.0583701,0.0294633,0.323508,0.0105817,0.0168539,-0.00708822,0.162279,-0.0863916,0.015976,0.137705,0.0989257,0.0108388],[-0.0112153,-0.0250169,-0.0353198,0.00273371,0.0561587,0.045532,-0.0161817,0.00224593,0.00638291,0.000434711,-0.0085843,0.0204341,-0.0210055,0.200426,-0.15811,0.0294633,0.0509733,-0.329241,0.0063711,0.00240168,0.112227,-0.666848,-0.0197901,-0.00236209,0.0337442,0.0374314,0.00357225],[0.356623,-0.0715034,0.299314,0.10239,1.41663,0.0222141,0.230054,-0.0569718,0.215856,0.248292,0.312421,0.273273,0.119741,-3.6894,19.6726,0.323508,-0.329241,15.6435,-0.0378496,0.251827,-1.72458,-3.76771,-1.1143,0.280131,2.68046,0.914605,0.134374],[-0.0171,-0.0489829,-0.032618,-0.0522335,-0.0168223,-0.0204605,-0.0268627,0.00792349,0.00545812,0.00548216,0.00397361,0.00261036,-0.0886174,0.126264,0.544404,0.0105817,0.0063711,-0.0378496,0.140627,0.073923,0.0423818,1.56546,0.031327,0.00379263,0.0498306,0.0401213,-0.00441377],[-0.22491,-0.456767,-0.0375602,0.0256735,-0.449355,-0.267654,0.000538698,0.0430769,0.0316957,-0.00298086,-0.000581801,0.00664807,-0.0627601,-0.194912,1.03138,0.0168539,0.00240168,0.251827,0.073923,0.660601,-0.00275047,0.0455292,0.219486,0.0327111,0.765005,0.198214,-0.0116455],[-0.0459213,-0.041063,-0.0323138,0.0380079,0.00715639,-0.22106,-0.198844,0.00927446,0.0753688,-0.0437033,-0.0777457,-0.0111874,-0.269912,0.949954,-2.44694,-0.00708822,0.112227,-1.72458,0.0423818,-0.00275047,1.06489,-1.10615,0.237831,-0.0461994,-0.261753,0.141006,-0.0229476],[0.341442,0.0524373,-7.38063,-3.38462,1.01033,-1.23801,-1.51378,0.171437,0.29088,0.253478,0.45231,0.167057,-2.56561,-5.47622,9.90593,0.162279,-0.666848,-3.76771,1.56546,0.0455292,-1.10615,323.113,-1.74412,0.181478,-7.51528,0.944277,-1.51228],[-0.193154,-0.328484,-0.042877,0.0406803,-0.404155,-0.310672,-0.000333772,0.0311451,-0.0608113,-0.0580808,-0.0571839,-0.083683,-0.0238731,0.551857,-2.55213,-0.0863916,-0.0197901,-1.1143,0.031327,0.219486,0.237831,-1.74412,1.29525,-0.017698,0.000737501,-0.256576,-0.00598134],[-0.0105749,-0.0300393,-0.0166425,-0.0114266,-0.00702043,-0.015118,0.0266253,0.0023112,0.00926906,0.0172922,0.0181282,0.0126301,0.050056,-0.131967,0.798268,0.015976,-0.00236209,0.280131,0.00379263,0.0327111,-0.0461994,0.181478,-0.017698,0.0282619,0.104999,0.0623294,0.0112485],[-0.0940937,-0.601331,0.381585,0.237183,0.202022,-0.273647,0.275372,0.035353,0.123998,0.048961,0.0550822,0.0693903,0.130232,-0.728278,6.01234,0.137705,0.0337442,2.68046,0.0498306,0.765005,-0.261753,-7.51528,0.000737501,0.104999,3.74855,0.381222,0.0865885],[-0.0217873,-0.137086,-0.0182368,-0.156457,0.471079,0.0330816,0.0942525,0.0155187,0.269485,0.0702958,0.0695613,0.0921663,0.122613,-0.379757,5.55125,0.0989257,0.0374314,0.914605,0.0401213,0.198214,0.141006,0.944277,-0.256576,0.0623294,0.381222,1.59482,0.0437975],[0.00024322,-0.00892074,0.0388651,-0.0122237,0.0467472,0.0453155,0.0320601,0.00120684,0.0131636,0.0149712,0.0132965,0.00776909,0.0781609,-0.0112732,0.393573,0.0108388,0.00357225,0.134374,-0.00441377,-0.0116455,-0.0229476,-1.51228,-0.00598134,0.0112485,0.0865885,0.0437975,0.0641465]],"n":27,"lags":3}