{"betahat":[[1.27673,0.484069,0.201491,4.4644,5.77331,8.73682,4.46872,-0.319054,0.205648,-0.054121,-0.186053,-0.613097,3.64131,-2.78669,-30.8647,0.230594,0.546503,-10.7228,30.797,20.604,4.76621,2.45084,-2.7527,0.908346,-0.525037],[0.999286,0.000281422,0.186692,0.0511136,-0.0406439,0.376421,0.0572745,-0.0163629,0.0529302,0.026822,0.042376,-0.00125675,0.274394,-0.584633,2.35729,0.00396183,-0.053749,1.05017,-0.0335756,0.104676,-0.172752,-4.87163,0.271383,0.244496,0.0582106],[-0.0390392,0.845481,0.0770948,-0.0477088,0.0901039,0.0356664,-0.0310191,-0.00587113,0.00239905,0.00749312,0.0110142,-0.00125113,0.00739113,0.0064207,0.284567,-0.0109374,-0.0186705,0.330547,0.0130526,0.00817448,-0.0654486,-0.29614,0.192109,-0.0773332,0.00140074],[0.0383028,0.0491794,0.761301,0.0545843,0.145972,0.0764508,0.000929125,-0.00309681,0.0189909,0.000627593,0.00398255,0.00826233,-0.0399968,0.0507793,0.568934,0.00584953,0.00330705,0.106945,0.0066053,0.079436,-0.0146617,-0.833065,0.105735,0.0984889,-0.0124783],[0.0090067,-0.0146075,-0.0430148,0.797003,-0.245275,0.115612,-0.0698269,-0.0145355,-0.0188929,-0.00495157,-0.0237272,0.0162507,0.0119261,0.209242,-0.612364,0.0220849,0.0331568,-0.342614,-0.0338538,0.0296845,0.154166,1.91796,-0.0220397,0.0478263,-0.0370841],[-0.0422769,-0.0598175,-0.0645469,-0.0589867,0.760786,0.0214327,0.00199942,0.00754676,-0.00992385,0.00383239,0.00127463,0.000751575,0.0197369,-0.00917161,-0.135647,-0.00254993,0.00148187,-0.0304074,-0.0122175,0.004127,-0.00568474,-0.0739609,-0.139269,0.0128376,-9.81161e-05],[0.00988564,0.0243363,0.130088,0.00291984,0.104206,0.799702,0.0355155,0.00147996,0.0198649,0.00145998,0.00123528,0.00739986,0.0316573,0.0261671,0.785761,0.0106526,0.0110168,-0.0978193,0.0119226,0.0338016,0.0105143,0.73749,0.109931,0.0928177,0.000762557],[-0.0311322,0.0266547,-0.0693313,0.144351,-0.31984,-0.465601,1.06936,-0.0172625,-0.0280928,0.0140098,0.00532987,0.0177468,0.18068,0.0625102,-1.52523,0.0159656,0.0248982,-0.301202,-0.109734,-0.419142,0.113018,0.737871,-0.280177,-0.115216,-0.0174101],[-0.150144,-0.209041,-0.657337,0.447641,-0.0940335,-0.0512727,-0.174432,1.12629,-0.0349771,-0.0527234,-0.0766996,-0.0149785,-0.385427,0.194389,-3.13856,-0.0713029,0.0570857,-1.49508,0.0441877,1.54595,0.807713,-12.2187,0.448883,-0.135248,0.149906],[-0.074046,-0.0605747,-0.224214,0.0384516,-0.474884,-0.840668,0.0150211,0.0310594,0.849998,0.0375638,0.0286447,0.00350064,-0.0247385,0.286384,-2.95952,-0.0197637,0.0144606,-0.879839,0.468068,0.13333,-0.029962,8.27923,-0.0657673,-0.424994,0.00388496],[-0.060572,-0.108385,0.165914,-0.139423,0.197241,-0.468389,-0.188868,-0.0175049,-0.100785,1.07595,0.139269,-0.13047,-0.305314,0.0786186,-1.26919,-0.107225,-0.0147974,-1.8903,0.021885,-0.261832,0.36836,2.25542,-0.672223,0.22757,0.171272],[-0.00564735,-0.162812,0.878917,0.00534999,0.108275,0.268085,0.0200055,-0.0309156,0.010352,0.136353,1.12972,0.00117503,-0.0611475,0.070936,-2.44594,-0.0134092,0.017867,0.410468,0.295566,-0.22059,0.364207,-10.6473,0.2781,-0.317054,0.260004],[-0.0197696,-0.207925,-0.02362,-0.170013,-0.811303,-0.222883,-0.0901385,-0.00600749,0.0768295,0.241979,0.187935,1.13224,0.120251,-1.97228,8.34178,0.0923823,0.0225009,0.317023,-0.61791,0.395401,-0.138122,4.04981,0.0175971,0.67546,0.164549],[0.0666233,0.110779,0.197133,0.022495,-0.00322353,0.0559129,0.0648462,-0.0113343,-0.0396446,0.0164525,0.0223431,-0.00482071,1.23405,-0.312117,0.231839,-0.00773833,-0.0192034,0.109355,-0.109929,-0.0850933,-0.123278,0.28162,0.12713,-0.157494,0.00313806],[0.0271593,0.0277666,0.00331701,0.0227656,0.164962,0.044837,0.00604067,0.000466955,-0.00798562,-0.000944219,-0.00405774,-0.00122116,-0.0639706,1.15725,-0.294605,0.00265836,0.00935346,-0.170775,0.0345303,-0.0299013,0.0233191,-0.352558,0.0695749,-0.0489439,0.00454555],[-0.00202491,-0.00649352,-0.00748173,0.0026643,0.00275662,-0.00956845,-0.00299496,0.000144222,0.00292236,-0.00208049,-0.00256561,-0.00328584,-0.0220757,0.0348285,0.945648,-0.002171,0.0012785,-0.0694926,0.00260648,0.000638614,0.0148379,-0.157257,-0.0167297,-0.000165443,0.00294808],[0.191174,0.34178,-0.0209128,0.407136,0.276216,0.935233,-0.119872,-0.069824,-0.0503921,0.0285329,0.0755058,-0.00766047,1.26796,0.196932,-5.08465,0.964274,-0.0400957,1.35232,0.242646,-0.495985,0.183798,-14.4654,1.3877,-0.319265,0.0478744],[-0.188731,-0.226388,0.270719,-0.127822,-0.356929,-0.0282276,-0.152583,-0.00779533,0.0434189,-0.0634268,-0.0616342,0.0192597,-0.294161,-0.386076,-0.564966,0.0271186,1.03868,-0.925763,0.393572,0.00338177,-0.255058,-4.70422,0.000660905,0.184345,0.0622581],[0.00140815,-0.00617332,-0.0189822,0.00571733,0.0320176,0.0461285,0.0263619,0.00090437,0.000213935,0.00642375,0.00560156,0.0136272,0.00125658,-0.047559,0.110915,0.0140169,0.0068195,1.12907,0.0121719,0.0349324,-0.0254942,0.129622,0.0606672,-0.00878936,0.00231777],[0.168941,0.259626,0.390806,0.307044,0.583706,-0.348302,-0.317814,-0.0344981,0.224481,0.0699927,0.0961939,0.0515926,0.289218,-1.18257,6.80332,0.0953252,-0.100035,2.68594,0.0801099,-0.213854,-0.645957,2.20529,-0.0621478,0.769734,0.120543],[0.236373,0.368987,0.307427,0.390899,0.137343,-0.0602703,-0.0392248,-0.00191774,0.00190035,0.00720377,0.00759857,-0.0117033,-0.0221641,-0.128091,0.344123,-0.0248426,-0.031823,0.376209,-0.0368266,0.339028,-0.0111878,-1.87159,0.149862,-0.0557479,-0.00857429],[-0.0300259,0.0171296,-0.142371,-0.0279916,-0.069426,-0.116234,-0.0548939,0.00962044,-0.0735327,-0.0531008,-0.0400113,-0.0062984,0.000526778,0.145345,-0.287285,-0.0111436,-0.0293464,-0.189683,-0.0593965,-0.0100953,0.38556,-0.593673,-0.096157,-0.160571,-0.0568526],[0.00133475,-0.0032063,0.0245329,-0.000865775,0.00178669,0.00175331,0.0041194,0.000342562,-0.00232321,5.35217e-05,-0.000486844,-0.000666236,-0.00228534,-0.00313323,-0.0525707,0.000493025,0.00174107,-0.0215022,0.0033934,0.00781674,0.00166515,0.255595,0.011291,-0.00921133,-0.00437378],[0.136909,0.215573,0.0881266,0.0382477,0.176058,0.11281,0.0190353,-0.00857435,0.0178573,-0.00161847,-5.82832e-05,0.00830639,-0.0459162,-0.0630477,0.631136,0.0129631,6.99643e-05,0.111684,0.022207,-0.0358041,0.000225397,2.65991,0.613531,0.05227,-0.0071768],[0.0898447,0.187157,-0.0116512,0.0160943,0.339496,0.256831,-0.0640442,-0.0133951,0.113282,0.0390193,0.0314337,0.0293443,0.188783,0.107326,0.985172,0.0226919,0.0189641,0.00812336,-0.0845706,0.0145799,-0.0663935,-1.33904,0.168322,0.262414,0.00188393],[-0.0393148,-0.333246,-0.171732,0.359787,0.126142,-0.0503218,0.114947,-0.00811987,-0.0933372,0.00141074,0.00436658,-0.0719343,-0.517638,-0.435744,0.832427,-0.0469246,-0.0286011,0.367813,0.165556,0.222682,0.0702794,3.46926,0.115196,-0.134638,0.725044],[-0.011635,-0.0675579,-0.106302,0.043136,0.292342,-0.200111,-0.0323373,0.0101669,-0.0341285,-0.0183142,-0.0377687,0.0129972,-0.208697,0.393114,-1.77544,0.00163046,0.0577404,-0.732456,-0.0101591,-0.0390004,0.141166,1.64763,-0.167779,-0.129724,-0.0418804],[0.0230596,0.0749777,-0.0429368,0.070617,0.0295096,0.05388,0.0130606,-9.0605e-05,-0.00263175,-0.00628676,-0.00812708,0.00574567,-0.0305464,0.0467014,-0.445129,0.0111822,0.0145242,-0.134254,-0.0207419,-0.00945277,0.0328324,0.323361,-0.106352,0.0878999,-0.00167536],[-0.00789831,-0.0435276,0.193093,-0.0495449,-0.0635969,-0.109128,0.00118189,0.000664972,-0.00789792,0.00332688,-0.00510885,-0.00624057,0.0668523,-0.0469841,-0.136053,-0.00092619,-0.00413951,0.0491605,-0.00400093,-0.024849,0.0416713,1.01835,-0.029348,-0.0220072,0.0148024],[0.014182,0.0118107,-0.134047,0.142665,0.241138,-0.164611,0.0298494,0.0148497,0.00243123,-0.00169294,0.0189035,-0.029953,0.0454239,-0.0462993,-0.0872305,-0.0201434,-0.0307545,0.046728,0.0201667,0.0432893,-0.126824,-0.292002,0.0635256,-0.0149236,0.0429617],[0.0167392,0.020912,0.0573131,-0.00439074,0.087884,-0.0806505,0.0253099,0.000269632,0.0189679,-0.00401344,-0.00219778,-0.000144633,-0.0314104,0.00808951,0.0619466,0.00297535,0.00288072,-0.0240837,0.00920592,0.00325405,0.00713302,0.409246,0.0851871,-0.0326882,-0.000621881],[-0.0219865,-0.0356498,-0.110018,0.00771378,-0.177304,0.0328014,-0.0303928,0.00114477,-0.000478245,-0.00305229,-0.00446241,-0.00370012,-0.0480675,0.0507026,-0.514113,-0.00786435,-0.00638167,0.022945,-0.00181175,-0.000563236,0.0192869,-0.271225,-0.0893369,-0.0464482,9.2376e-05],[0.015359,-0.0199818,-0.0895823,-0.120508,0.309944,0.246629,0.00385406,0.0210231,-0.0126573,-0.0146043,-0.0120966,-0.0054592,-0.0886621,0.0304742,0.671021,-0.0091504,-2.88357e-05,-0.154449,0.0279331,0.191668,-0.108338,0.285312,0.0575967,-0.00419795,0.00188923],[0.0214741,-0.0868229,0.520836,-0.392881,-0.398781,0.0227166,0.046684,-0.0919146,0.00192168,-0.0326395,0.0301109,-0.035421,0.226868,-1.79718,7.71003,-0.0202995,-0.147592,3.30697,0.255419,-0.21395,-1.05741,6.0623,-0.263478,-0.43671,-0.102633],[-0.00262328,0.00289886,0.0416779,-0.138273,0.399902,0.811913,-0.0545864,-0.0135222,0.298991,-0.036848,-0.0454187,0.0179681,-0.492836,0.140288,0.938441,0.0494836,0.0411585,0.386018,-0.118231,-0.0227037,0.355723,-4.48473,-0.119929,0.580476,0.0165641],[0.0351051,0.259462,-0.271314,0.123478,-1.03757,-0.168321,-0.0266141,0.0102063,0.0715961,-0.0872279,-0.123117,0.0423301,0.106819,0.138945,-1.15537,0.0278393,0.043789,0.946295,0.00438994,0.0211038,-0.0123288,-8.25724,0.269086,-0.164436,-0.0440205],[-0.0319708,0.125937,-0.698368,-0.000914781,-0.853788,-0.182528,0.0319891,0.033268,-0.0116592,-0.100693,-0.0995519,0.00991143,0.0260248,-0.102057,1.79904,0.038595,-0.0121631,0.743439,-0.192604,0.238041,-0.565602,5.54846,-0.164178,0.261678,-0.088394],[0.00321871,0.0315376,0.346492,-0.06336,0.521098,0.161896,-0.144768,0.0420329,-0.131736,-0.188606,-0.157901,-0.148971,-0.247076,1.39828,-9.12441,-0.11799,-0.0474286,-1.64121,0.33433,0.018109,0.307349,4.99829,-0.364146,-0.778624,-0.191323],[-0.0265109,-0.0710738,-0.0637868,-0.0440114,0.0737659,-0.000878999,-0.0438176,0.00735025,0.0137593,-0.01025,-0.0147722,0.00888765,-0.244571,0.209368,-0.250449,0.01349,0.0138347,0.189144,0.0292581,0.0530773,0.0913088,-0.221266,-0.0630595,0.204019,0.00363955],[-0.0185152,-0.0261622,-0.00697231,-0.0177645,-0.153024,0.00236273,0.015864,0.000751888,0.0040818,-0.000354019,0.00647989,-0.000528699,0.0179225,-0.276672,0.0883304,0.000627767,-0.00980769,0.23367,-0.000349327,0.00451692,-0.0509615,0.428629,-0.0560283,0.01932,-0.00233163],[-0.00333899,-0.00980789,0.00264212,-0.00668405,0.00963579,0.0129111,0.00360938,0.000621029,-0.00212962,0.00103484,0.00101281,0.0026655,-0.000187056,-0.00715242,0.0433211,0.00228232,0.00035136,0.0369878,-0.00204788,0.0130937,-0.00757611,0.0560912,0.0230318,0.00617735,-0.00144114],[0.0604952,-0.0186661,0.143668,-0.239718,0.261744,-0.267814,0.121343,0.0702017,0.0422977,-0.0225444,-0.0475027,-0.0283757,-0.280432,-0.185913,1.05613,-0.0606982,-0.0015513,-0.682844,0.0203913,0.178958,-0.0296624,4.26467,-0.27445,0.164776,0.0600928],[0.240388,0.439787,-0.375382,0.279758,0.718418,-0.246388,0.0601755,0.0177436,-0.0173802,0.0573233,0.0795467,-0.0256536,0.336665,0.442933,0.783523,-0.055691,-0.0580475,0.452928,-0.171519,-0.321668,0.456508,-0.910419,0.335412,-0.269265,0.0371986],[-0.00194578,-0.00588644,0.0225839,-0.00373711,-0.00494858,-0.0320183,-0.0145988,-0.00127039,-0.00253852,-0.00516104,-0.00654866,-0.00906023,0.0103731,0.0309285,-0.0525794,-0.0145215,-0.0031266,-0.112989,0.00011764,-0.000461103,0.0252156,0.00362111,-0.0505926,-0.00255576,-0.00335675],[-0.156309,-0.439052,-0.277543,-0.222444,-0.565198,0.180597,0.321816,0.0493452,-0.243654,0.0312793,0.0129944,-0.0117235,-0.149722,0.573334,-1.60841,-0.0206918,0.0684588,-1.08393,0.151123,0.111132,0.338861,-2.31191,0.605015,-0.584085,-0.112289],[-0.132411,-0.152404,-0.198774,-0.23716,-0.281393,0.0176624,-0.047197,0.00539929,-0.00223148,-0.0160065,-0.0119574,-0.00874177,-0.0131982,0.159855,-0.44898,-0.00358029,0.00713725,-0.424727,0.0342616,-0.0696246,0.00052673,0.88987,-0.14076,-0.00399513,0.00108243],[0.0237108,0.00321975,-0.00410638,-0.0275463,0.0445283,0.108176,0.0597003,-0.00337007,0.0766725,0.0434107,0.0358853,0.0241379,0.0267339,-0.312777,1.25765,0.0336682,0.0334806,0.2872,0.0288856,0.0262358,0.356756,1.49834,0.201134,0.230395,0.0318473],[-0.000500502,-0.00039056,-0.0105418,0.000718986,-0.00314413,-0.00823508,-0.00246933,-7.64557e-06,0.000674625,-0.000459749,-0.000984148,0.000327867,-0.00499985,0.00162318,-0.0160207,0.000689581,0.000751447,0.00397509,0.00250533,0.00372961,0.000206053,0.0151032,-0.00274152,-0.00197191,-0.00971956],[-0.00453509,0.0523845,0.0331121,-0.0208723,0.00345988,0.0219107,-0.0199595,-0.0074611,-0.0131271,-0.00339411,-0.00834833,-0.0150123,-0.0742218,0.114337,-1.01962,-0.016179,0.00297454,-0.25577,-0.0246696,-0.105532,0.0104171,-1.16915,-0.151508,-0.0877776,-0.000642797],[-0.0163834,0.0205873,-0.112338,0.0691234,0.0692371,-0.0674065,-0.0272397,0.00564869,0.0644082,0.00907393,0.00243463,0.0263084,-0.0862793,0.130409,-0.640148,0.0147667,0.0193349,-0.255702,-0.0843273,0.0360072,0.0995561,0.128569,-0.0167234,0.201629,-0.00574784],[0.0462959,0.193571,0.487045,-0.32947,-0.404366,-0.0056235,-0.0224704,-0.0173994,0.110391,-0.0335418,-0.0338277,0.0511605,0.359581,0.399516,-0.0864591,0.0339909,0.0346603,-0.330181,-0.0332278,-0.0958145,-0.0305732,-1.3338,0.229174,0.320004,0.121665],[0.0122308,0.0670414,-0.0805395,-0.0944341,-0.251637,-0.176163,-0.0249604,0.00620665,-0.0187899,-0.00850662,-0.00459421,-0.0117339,-0.065758,0.191243,-0.580397,-0.00560707,-0.00404825,-0.31671,0.0437423,-0.0655322,0.0313782,3.22538,-0.103507,-0.114922,-0.0163356],[0.0158826,0.0794434,-0.0342639,-0.0228525,-0.119606,-0.0895077,0.0179158,0.00595603,0.000104365,-0.00123774,-0.00289664,-0.00451337,0.0230138,-0.053172,0.161782,-0.000287996,0.00410895,-0.195926,0.00772595,0.00129492,0.0323736,-0.0241101,-0.0856149,-0.0110705,0.000207545],[-0.0304675,-0.00572962,0.0451117,-0.00525739,-0.0822166,0.0321572,-0.0019669,0.00243663,-0.0110762,-0.00396145,0.00113372,-0.00200627,-0.0269207,-0.00392524,-0.431632,-0.00491312,0.000797623,-0.154694,-0.00250764,-0.0545496,-0.0273752,-0.18506,-0.0758498,-0.0766118,-0.00229781],[-0.0232203,0.00283031,0.177287,0.0600645,0.00379091,0.0490178,0.0400034,-0.000316615,0.0163449,0.00663348,0.00483518,0.0137334,-0.0568938,-0.163231,0.700906,-0.00197219,-0.00245302,0.296702,0.0136531,-0.0727248,-0.0276869,-1.62267,-0.041638,-0.0328655,-0.00595345],[0.025326,0.0385441,0.00701223,0.0630832,0.149715,0.0582911,-0.027359,-0.00777776,-0.00908508,0.00021243,0.000950664,-0.000613241,0.0114668,0.000721872,0.0746327,-0.000441841,-0.00443391,0.0556073,0.00317316,-0.0071384,-0.00195984,-0.335058,0.054517,0.0193905,0.000790977],[0.0120077,0.0111427,-0.0202564,-0.0109211,0.0724043,0.165922,-0.0050337,-0.00259022,-0.019504,0.00158424,0.00324572,-0.00371538,0.0164469,-0.0774257,-0.26984,-0.00283719,-0.00475782,0.0764324,-0.0101371,-0.0330364,-0.0305303,-0.462019,-0.0197932,-0.0469648,-0.000832853],[0.0150225,-0.00779646,0.156881,-0.0237994,0.00753278,0.215618,-0.0748101,-0.00369906,0.0414617,0.000715979,0.00670009,-0.0119486,-0.0926416,-0.09546,0.859622,-0.00677925,-0.0245639,0.454109,0.0810019,0.228903,-0.00259175,-1.01894,0.220757,0.121839,0.0156083],[0.190976,0.357402,0.271745,-0.0541725,0.321385,-0.0634704,0.125719,-0.0552537,0.0361552,0.0798908,0.0435581,0.0430415,0.174351,1.289,-4.20307,0.0847599,0.087294,-1.36114,0.0386012,-1.17851,0.229954,4.97052,-0.0814026,0.437269,-0.0235876],[0.0765579,0.0583327,0.18283,0.0989901,0.0739651,0.0287924,0.0397855,-0.0176186,-0.150411,-0.000843321,0.0168524,-0.0214264,0.519708,-0.42296,2.02152,-0.0296263,-0.0559337,0.502204,-0.347838,-0.109263,-0.328993,-3.78669,0.187102,-0.158464,-0.0210114],[-0.00696835,-0.145647,-0.0051488,-0.0306426,0.760602,0.479038,0.195523,0.0138071,0.0733681,-0.0128562,-0.013437,0.0828131,0.0226111,-0.148374,2.67826,0.0840174,-0.0217932,0.828797,0.116549,0.102474,-0.225328,5.49528,0.20137,0.00307576,-0.102888],[0.0650824,0.0229464,-0.0842028,0.0199789,0.813622,-0.0182386,0.0131649,0.00540165,-0.00983394,-0.0497236,-0.05454,0.018967,0.0693278,-0.0364809,1.14411,0.015173,0.0152577,-0.345732,-0.140569,-0.153768,0.149095,3.95004,-0.0236603,0.00786987,-0.141487],[-0.0400514,0.0235666,-0.360978,0.225799,0.526676,0.391825,0.212378,-0.0250468,0.0382375,-0.0207314,-0.00528279,-0.0252819,0.113986,0.276651,-0.354096,0.0245723,0.0070797,1.17662,0.203243,-0.199,-0.27033,-4.74692,0.389286,-0.0739174,-0.00288482],[-0.040791,-0.0421552,-0.136135,0.0192518,-0.0712244,-0.060117,-0.0226313,0.00426423,0.0263029,-0.00596514,-0.007371,-0.00362369,0.00852019,0.0893471,0.0775806,-0.00584132,0.00474107,-0.280624,0.0789124,0.0375093,0.0307525,0.00661486,-0.0595708,-0.0450584,-0.00637351],[-0.00584383,-0.00339887,9.23136e-05,-0.00394741,-0.00807663,-0.0479388,-0.0161555,-0.00182027,0.00597225,0.00082083,-0.000384708,0.00289871,0.0465164,0.0398859,0.224166,-0.0014953,-0.00435346,0.0257953,-0.0100656,0.01858,0.00139828,-0.111239,-0.0239793,0.0301432,-0.00140837],[0.00414298,0.0147302,0.00331368,0.00325182,-0.0131936,-0.00608633,0.000207841,-0.000756493,-0.00137736,0.000702406,0.00149177,0.000371907,0.0153086,-0.0292672,-0.056385,-0.000501583,-0.0020556,0.0330666,-0.000444882,-0.00795227,-0.00826985,0.0840962,-0.0100313,-0.00961266,-0.000800224],[-0.146258,-0.225764,0.126999,-0.116589,-0.401074,-0.470124,0.00365761,0.00421705,-0.0254585,0.0424249,0.0113662,0.0329052,-0.581854,-0.342556,4.84191,0.0452266,0.0224758,0.0213703,-0.25159,0.042321,-0.277941,3.40501,-0.701569,0.24812,-0.0266966],[-0.121496,-0.250116,0.024408,-0.116621,-0.500637,-0.108135,-0.0046795,-0.0052817,-0.0339103,-0.0203198,-0.0357316,0.0165275,0.0314273,0.654587,-0.879344,0.0128279,-0.00151937,-0.195701,-0.241839,0.238249,0.0132014,0.557039,-0.382279,0.0530859,-0.0647867],[-0.000282665,0.0112317,0.0014627,-0.00365525,-0.0302589,-0.0144031,-0.0111789,0.000435605,0.00221931,-0.00117224,0.000884113,-0.00424552,-0.0109769,0.0255962,-0.0488863,0.000675036,-0.0030477,-0.0294003,-0.0076849,-0.0317206,-0.00287974,-0.17838,-0.012068,0.0120211,0.00120266],[-0.012164,0.187091,-0.135986,-0.105534,0.0249467,0.192848,-0.0189837,-0.0154767,0.0296213,-0.0974937,-0.10476,-0.0395742,-0.182791,0.713435,-4.94235,-0.0682496,0.0336605,-1.56382,-0.137508,0.116698,0.298827,0.126022,-0.538398,-0.158472,-0.00318492],[-0.0720259,-0.15417,-0.0374168,-0.14082,0.15731,0.0629167,0.0155676,-0.00162483,0.0210265,0.00485377,0.00126419,0.0210995,0.0464937,-0.0200561,0.263498,0.024704,0.0214341,0.0879637,0.030785,-0.0833738,0.039571,0.902159,-0.0194835,0.154318,0.00492293],[-0.0121649,-0.0267525,0.0534546,-0.019445,0.00041883,0.0387537,0.00724625,-0.00222013,-0.0117927,0.00114018,0.00857156,-0.00358085,-0.0114451,-0.00866413,-0.232676,-0.00489262,-0.0172732,0.0675766,0.0403933,-0.00901524,-0.0149319,-0.404361,-0.0855833,-0.0447094,0.00902779],[-0.00096016,-0.00254916,-0.000696663,-0.000941688,-0.00239396,-0.00194105,0.00156492,0.000153811,4.76917e-05,0.000622792,0.000315128,-0.000525366,-0.00279066,-0.00306886,0.0371487,0.000281914,0.000288565,-0.000466682,0.00264946,0.00226763,-0.000226622,-0.0204443,0.00321517,-0.010061,0.00608643],[0.0223638,0.0426199,-0.0277381,0.000895572,0.0811875,0.045883,-0.000606469,-0.00269754,-0.000265568,0.0120199,0.00855494,0.00454077,0.0429488,0.000226389,0.145735,0.00288112,0.00081266,-0.148591,-0.0254522,-0.127634,0.0117441,-0.214992,-0.0651423,-0.0345688,-0.00434245],[0.00427758,-0.0255466,0.0607999,0.0381468,-0.0968831,-0.049867,0.0353685,0.00680806,0.00498598,0.00634868,0.00682864,0.0152349,-0.117523,-0.0594419,-0.060888,0.00636424,0.00580022,0.00274327,-0.0241964,0.00715583,-0.0402057,0.636356,-0.119655,-0.00299867,-0.00038457],[-0.0339655,0.0945747,-0.35096,0.0743032,-0.101776,-0.138085,-0.0898521,0.023085,-0.050252,-0.00877496,-0.0238726,-0.012593,0.0385073,-0.103323,-1.80259,-0.0373615,-0.00142794,-0.920766,-0.147471,-0.209589,0.0817902,1.93777,-0.336834,-0.172851,0.0139981]],"sigmahat":[[0.312998,0.422763,0.279995,0.0988992,0.543854,0.353323,0.0303377,-0.0352945,0.00133319,0.0188091,0.021993,0.0134793,0.163804,-0.0775016,0.887195,0.0132678,-0.0113625,0.558488,0.0268544,-0.177722,-0.0567905,-0.0387074,-0.0320204,0.00656961,0.00517691],[0.422763,0.967013,0.222602,0.118011,0.344615,0.427244,-0.0992316,-0.0629721,-0.0104605,0.00202579,0.0174346,-0.00313428,0.281041,0.218653,-0.779755,-0.00521412,-0.0234133,0.101983,0.0360136,-0.353926,-0.0493013,-0.456081,-0.527979,-0.092,-0.00668363],[0.279995,0.222602,3.07596,0.0310973,0.226268,0.697338,0.329563,-0.0244109,-0.00700479,0.0105699,0.0120448,-0.0412908,0.4318,0.0118327,2.5635,-0.0331856,-0.0400362,0.609152,0.086195,0.147156,-0.0598341,-8.8509,0.486845,-0.00523289,0.0546679],[0.0988992,0.118011,0.0310973,0.653574,0.107818,-0.0897542,-0.0218165,-0.0228322,-0.0293417,0.00483222,-0.00489391,0.0068878,0.0474636,-0.215964,0.175235,-0.0154189,0.00510115,0.109935,-0.0892101,-0.0501492,0.0902182,-3.35075,0.268611,-0.168774,-0.0232475],[0.543854,0.344615,0.226268,0.107818,6.68227,1.9968,0.469911,-0.0325621,0.0907745,0.10045,0.0923512,0.119424,0.385244,0.00619192,7.26228,0.148913,0.052832,2.08866,-0.0785331,-0.476237,-0.0670296,0.0661026,0.367512,0.519331,0.0827172],[0.353323,0.427244,0.697338,-0.0897542,1.9968,5.1467,0.327436,-0.0582069,-0.0782153,0.0626549,0.0615053,-0.00387859,0.630662,0.282882,1.47355,0.0682784,0.0502855,0.567923,-0.0187533,-0.253862,-0.2803,-1.5802,-0.11663,0.0441101,0.0595136],[0.0303377,-0.0992316,0.329563,-0.0218165,0.469911,0.327436,0.673462,0.00919918,-0.0326854,0.0386284,0.0415905,0.0043742,0.219087,-0.633366,2.02715,-0.000177197,-0.0171068,0.286959,-0.0679729,-0.214754,-0.253867,-1.76127,0.292162,0.00829485,0.0312738],[-0.0352945,-0.0629721,-0.0244109,-0.0228322,-0.0325621,-0.0582069,0.00919918,0.0140432,0.00606127,-0.000314588,-0.00120598,-0.00104975,-0.0360145,0.0174703,0.0096924,-0.000314313,0.00200609,-0.0678299,-0.00510512,0.0433088,0.0108651,0.217702,0.0303501,0.02074,0.00233784],[0.00133319,-0.0104605,-0.00700479,-0.0293417,0.0907745,-0.0782153,-0.0326854,0.00606127,0.177183,0.0178239,0.0145852,0.0324306,-0.0798786,-0.102573,1.38571,0.0300307,0.0130078,0.20466,0.0312195,0.0785331,0.128025,0.42985,0.0912329,0.354781,0.0219003],[0.0188091,0.00202579,0.0105699,0.00483222,0.10045,0.0626549,0.0386284,-0.000314588,0.0178239,0.047692,0.0377059,0.026794,0.110264,-0.18036,0.985291,0.0207004,0.000505985,0.3089,-0.00666842,-0.00871492,-0.0478509,0.170795,0.0728904,0.0751631,0.0216198],[0.021993,0.0174346,0.0120448,-0.00489391,0.0923512,0.0615053,0.0415905,-0.00120598,0.0145852,0.0377059,0.0413132,0.0222446,0.111369,-0.219093,1.07496,0.0182858,-0.0112844,0.40443,0.00307099,-0.00293149,-0.101232,0.277448,0.0766971,0.070595,0.0205519],[0.0134793,-0.00313428,-0.0412908,0.0068878,0.119424,-0.00387859,0.0043742,-0.00104975,0.0324306,0.026794,0.0222446,0.0534628,0.0624609,-0.11952,1.18782,0.0480248,0.0230468,0.353823,-0.00753884,-0.000977367,-0.0142482,0.162391,0.0706361,0.122367,0.0122451],[0.163804,0.281041,0.4318,0.0474636,0.385244,0.630662,0.219087,-0.0360145,-0.0798786,0.110264,0.111369,0.0624609,1.9601,-0.37409,3.35827,0.0235227,-0.0328187,0.540259,-0.220409,-0.296819,-0.365772,-4.40786,0.365974,0.109506,0.0981998],[-0.0775016,0.218653,0.0118327,-0.215964,0.00619192,0.282882,-0.633366,0.0174703,-0.102573,-0.18036,-0.219093,-0.11952,-0.37409,6.58704,-12.5864,-0.0068968,0.236672,-4.88604,0.222764,-0.308731,1.2007,-7.78649,-0.909743,-0.520263,-0.0186758],[0.887195,-0.779755,2.5635,0.175235,7.26228,1.47355,2.02715,0.0096924,1.38571,0.985291,1.07496,1.18782,3.35827,-12.5864,130.795,1.28924,-0.115588,24.4275,0.125215,0.50027,-2.83801,9.03015,7.19182,7.40352,0.678885],[0.0132678,-0.00521412,-0.0331856,-0.0154189,0.148913,0.0682784,-0.000177197,-0.000314313,0.0300307,0.0207004,0.0182858,0.0480248,0.0235227,-0.0068968,1.28924,0.06845,0.0330135,0.416967,0.0162814,0.00247541,-0.0161666,0.241731,0.130008,0.119189,0.0141657],[-0.0113625,-0.0234133,-0.0400362,0.00510115,0.052832,0.0502855,-0.0171068,0.00200609,0.0130078,0.000505985,-0.0112844,0.0230468,-0.0328187,0.236672,-0.115588,0.0330135,0.0605538,-0.382503,0.00379575,-0.0162701,0.153015,-0.556574,0.0151211,0.058967,0.00452595],[0.558488,0.101983,0.609152,0.109935,2.08866,0.567923,0.286959,-0.0678299,0.20466,0.3089,0.40443,0.353823,0.540259,-4.88604,24.4275,0.416967,-0.382503,18.814,0.20314,0.443386,-2.34177,-5.30632,3.12895,0.996239,0.222841],[0.0268544,0.0360136,0.086195,-0.0892101,-0.0785331,-0.0187533,-0.0679729,-0.00510512,0.0312195,-0.00666842,0.00307099,-0.00753884,-0.220409,0.222764,0.125215,0.0162814,0.00379575,0.20314,0.68636,0.295017,-0.057394,0.478825,-0.0159818,0.0168018,0.00324952],[-0.177722,-0.353926,0.147156,-0.0501492,-0.476237,-0.253862,-0.214754,0.0433088,0.0785331,-0.00871492,-0.00293149,-0.000977367,-0.296819,-0.308731,0.50027,0.00247541,-0.0162701,0.443386,0.295017,1.69357,-0.0279437,2.64043,0.656449,0.326284,-0.0100775],[-0.0567905,-0.0493013,-0.0598341,0.0902182,-0.0670296,-0.2803,-0.253867,0.0108651,0.128025,-0.0478509,-0.101232,-0.0142482,-0.365772,1.2007,-2.83801,-0.0161666,0.153015,-2.34177,-0.057394,-0.0279437,1.4805,-0.360894,-0.341911,0.298168,-0.0184822],[-0.0387074,-0.456081,-8.8509,-3.35075,0.0661026,-1.5802,-1.76127,0.217702,0.42985,0.170795,0.277448,0.162391,-4.40786,-7.78649,9.03015,0.241731,-0.556574,-5.30632,0.478825,2.64043,-0.360894,394.341,-8.70717,1.40674,-2.34609],[-0.0320204,-0.527979,0.486845,0.268611,0.367512,-0.11663,0.292162,0.0303501,0.0912329,0.0728904,0.0766971,0.0706361,0.365974,-0.909743,7.19182,0.130008,0.0151211,3.12895,-0.0159818,0.656449,-0.341911,-8.70717,3.93035,0.341758,0.106252],[0.00656961,-0.092,-0.00523289,-0.168774,0.519331,0.0441101,0.00829485,0.02074,0.354781,0.0751631,0.070595,0.122367,0.109506,-0.520263,7.40352,0.119189,0.058967,0.996239,0.0168018,0.326284,0.298168,1.40674,0.341758,1.99514,0.0729282],[0.00517691,-0.00668363,0.0546679,-0.0232475,0.0827172,0.0595136,0.0312738,0.00233784,0.0219003,0.0216198,0.0205519,0.0122451,0.0981998,-0.0186758,0.678885,0.0141657,0.00452595,0.222841,0.00324952,-0.0100775,-0.0184822,-2.34609,0.106252,0.0729282,0.091944]],"n":25,"lags":3}