{"betahat":[[-0.375942,-0.913212,-0.928397,0.972829,-0.389429,0.496955,1.73697,-0.036944,-0.224385,-0.110331,-0.123375,-2.01383,8.41564,0.0420308,-0.242771,3.4458,0.255372,1.73067,0.0250266,1.75044,1.01087,-0.273083],[0.986729,-0.0058214,0.138946,-0.0560436,0.0194352,0.252931,0.037994,-0.0151211,0.0190224,0.0135665,-0.00956547,-0.245245,0.304624,-0.00868417,-0.0292894,0.369693,-0.0278551,-0.0119581,0.00651538,-0.0310929,0.0658471,0.00298226],[-0.0329368,0.891038,0.111714,-0.0506941,0.0974739,0.0708514,-0.00660088,-0.00491151,-0.00632396,0.0104912,-0.00331992,-0.0219303,0.11797,-0.00875299,-0.0130599,0.213812,0.000464651,0.0270139,-0.0215528,0.059845,-0.0700493,0.00493344],[0.0404957,0.0718316,0.782428,0.044197,0.105439,0.0627097,-0.00530787,-0.00657354,0.0209715,0.00176404,0.00472102,0.0409079,0.322551,0.00103179,-8.95195e-05,0.120255,-0.0131424,-0.0330148,0.00249782,0.0222609,0.0809468,-0.0171543],[0.0229796,0.0207762,-0.0756545,0.813548,-0.198087,0.175142,-0.0748928,-0.0153451,-0.00970991,-0.00968815,0.0129806,0.193105,-0.229223,0.0155633,0.0228887,-0.29666,0.0160797,-0.0385321,-0.043592,-0.052095,0.0970071,-0.00392283],[-0.0410526,-0.0611615,-0.0470009,-0.0499268,0.81844,-0.00147025,0.00590846,0.00627966,-0.00914491,0.00205627,0.0012583,-0.015725,-0.133521,-0.000834083,0.000421517,-0.0181981,-4.48735e-05,0.0372789,-0.00592823,-0.101954,0.00494543,-0.00416913],[0.00689906,0.0279044,0.116651,-0.0018789,0.0574886,0.840815,0.0284703,0.000566534,0.0195354,0.00224106,0.00546409,0.0188735,0.577132,0.00636013,0.00789101,-0.0886696,0.00176695,-0.0104719,-0.00103127,0.0554895,0.0848964,0.00209037],[0.04317,0.12429,0.0401826,0.186282,-0.188062,-0.349702,1.09917,-0.0246059,-0.0356839,0.0165698,0.0161235,0.0524921,-1.30432,0.0209522,0.0299401,-0.266968,-0.0234722,-0.0303947,0.0609488,-0.0235206,-0.129481,-0.0149274],[-0.244544,-0.38407,-0.845362,0.302152,-0.141592,-0.228256,-0.320309,1.16138,0.129692,-0.0631607,0.0394151,0.114284,1.26249,0.00872118,0.0762411,-0.503831,0.189831,-0.0128777,0.490491,0.242705,0.368102,0.0733919],[-0.0561775,-0.0143951,-0.212002,-0.00273428,-0.23997,-0.571199,-0.0411624,0.0269149,0.913027,0.0280904,0.00719209,0.397458,-2.67164,-0.00786817,0.0208831,-1.05014,0.0804184,-0.107296,-0.139482,-0.256675,-0.338643,0.0265539],[-0.153072,-0.327205,0.668954,-0.12715,-0.359083,-0.436654,-0.083318,-0.025571,-0.155561,1.15641,-0.138106,-0.0387864,-3.5859,-0.103961,-0.0125659,-1.14672,0.0250594,0.200089,0.224182,-0.404742,-0.364099,0.318652],[0.000697821,-0.072718,0.229491,-0.138438,-1.02841,-0.250335,-0.0356431,-0.0057315,0.017476,0.209542,1.12044,-1.64341,5.28059,0.053038,0.0129167,0.248192,-0.0647853,0.162034,0.00282375,0.409557,0.477142,0.129157],[0.0114298,0.0196062,-0.0479729,0.0116281,0.112769,0.0294657,-0.00154507,0.00190136,-0.0047061,-0.00577642,-0.000511116,1.16431,-0.218734,-0.00109222,0.00636708,-0.193828,0.00241942,-0.00660696,-0.0188649,0.00815969,-0.0250274,0.00566312],[-0.0023683,-0.00629187,-0.00708833,0.00081682,0.00207861,-0.00941709,-0.00211621,9.32484e-05,0.00241512,-0.00158333,-0.00302794,0.0293228,1.01859,-0.00229696,0.000161397,-0.0550016,-0.000666185,0.00236057,0.00576019,-0.00920965,0.000731895,0.00306741],[0.121666,0.108622,0.0242196,0.220969,0.556096,0.923731,-0.0394193,-0.06212,-0.00723947,0.0774703,0.0129647,-0.242077,-3.59537,1.01594,-0.00448693,0.928233,0.0180652,-0.0114551,0.372989,0.640977,-0.456567,0.0487148],[-0.271787,-0.218402,-0.365866,-0.215348,-0.453063,-0.252511,-0.176273,0.0087602,-0.012593,-0.15148,-0.0141771,-0.0142638,-1.52759,-0.0166693,1.01397,-1.39376,0.109327,0.0227732,-0.306555,-0.781804,0.0792965,0.0112936],[0.0166578,0.0236331,-0.0152721,0.0156874,0.0529967,0.0462774,0.0156165,-0.00140024,0.00539352,0.00586591,0.0112925,-0.0269,0.168266,0.0119973,0.00604665,1.16361,-0.00444889,-0.0135252,-0.00352526,0.0553497,-0.00101705,0.00452637],[0.15874,0.237265,0.587368,0.198768,0.393156,-0.199422,-0.28377,-0.0109016,0.203886,0.0263979,0.0290083,-0.900953,4.78784,0.0896753,-0.0615959,1.5698,1.06874,-0.144897,0.339708,0.0389958,0.578614,-0.0305416],[0.235895,0.32604,0.284446,0.253187,0.124382,0.0610919,0.0211849,-0.0113488,-0.0209527,0.0180657,-0.00517824,-0.26654,0.407518,-0.0211223,-0.0312088,0.385735,-0.00575617,0.913774,-0.0288032,0.272253,-0.0330438,0.0134382],[-0.0210622,0.00484692,-0.19498,-0.0149558,-0.0290628,-0.226945,-0.0918694,0.00752417,-0.0700965,-0.0364508,-0.0115646,0.319808,-0.486731,-0.00579208,-0.0158918,0.106401,-0.00240404,0.00769393,0.698799,-0.0602547,-0.265383,-0.0867841],[0.115996,0.112837,0.0962492,-0.0204399,0.150929,0.237589,0.0445181,-0.00693864,0.0132753,0.0182981,0.0127691,-0.244569,0.898211,0.00321827,-0.00911871,0.136097,0.0307385,-0.0703813,-0.0787591,0.572991,0.0715748,0.0286963],[0.110113,0.212687,0.00822474,0.0323183,0.301961,0.23566,-0.0690761,-0.0144143,0.110071,0.0365737,0.0260345,0.0996653,0.917832,0.0149862,0.0140274,-0.111963,-0.00857373,-0.103109,-0.0570735,0.18977,0.307688,0.0255799],[-0.0463003,-0.142973,-0.446907,0.268798,0.140453,-0.0598521,-0.00574136,-0.00983407,-0.0794623,-0.0190243,-0.0535151,-0.0838766,-0.219247,-0.0703461,-0.0695652,0.569652,0.0360935,0.0276199,-0.355429,-0.286936,0.0502491,0.835725],[0.0226835,-0.00997683,-0.1121,0.084703,0.21443,-0.125455,-0.0157428,0.00649155,-0.00583547,-0.00441325,0.0208988,0.124654,0.0816425,0.0157253,0.0288466,-0.162295,0.0122784,-0.0141055,-0.0111339,0.0522441,-0.00670399,-0.0149653],[0.0264066,0.063045,-0.0843673,0.0651598,0.0221689,0.0102656,0.00640616,0.000274367,0.0021655,-0.00611418,0.00852194,0.0217838,-0.110476,0.0112757,0.00931581,-0.0712567,-0.000863269,-0.0224736,0.00763657,-0.0310813,0.0707901,-0.0119713],[-0.00909865,-0.0483176,0.164096,-0.0436422,-0.0357093,-0.0694431,0.00346269,0.00183898,-0.00636382,0.00394349,-0.0033954,-0.0266798,-0.0149106,0.00238217,-0.00124498,0.040154,0.0141392,0.0113643,-0.0078442,-0.00310846,-0.0166047,0.0312234],[-0.00295406,-0.0157616,-0.0869633,0.128619,0.21596,-0.180641,0.0355248,0.0160716,-0.00229845,0.000546905,-0.0187501,-0.0523345,-0.024959,-0.0118579,-0.0214607,0.0569936,-0.00722169,0.00449719,0.00753895,0.0387723,-0.0246787,0.00865377],[0.0228076,0.0301107,0.0355674,0.00562669,0.100581,-0.0332358,0.0149653,-0.00107923,0.0155421,-0.00169498,0.000712394,-0.00237183,0.208365,0.00279308,0.00110962,0.0184531,-0.00266431,-0.0160526,0.0012192,0.0715708,-0.0163507,0.00388098],[-0.00582506,-0.0171783,-0.0799958,0.00923627,-0.101869,0.0379983,-0.0218103,0.000356798,-0.00509515,-0.00273709,-0.00310914,0.0416347,-0.420132,-0.00512206,-0.00463487,0.0225423,-0.00206851,0.0036183,0.0174243,-0.0484452,-0.0535979,-0.00117419],[-0.0360176,-0.0903113,-0.0880384,-0.136986,0.156551,0.158958,-0.0199691,0.0224856,-0.010019,-0.0178788,-0.00820492,0.0157396,0.583623,-0.0158224,-0.00982917,-0.0993749,0.00038903,0.0334788,-0.0577499,-0.015573,0.00924591,0.00162529],[0.0388166,0.05009,0.39377,-0.291283,-0.351608,0.0805408,0.0580528,-0.0954138,-0.0919683,-0.0177209,-0.0637294,-1.00188,2.01981,-0.0533874,-0.131147,1.55365,-0.211071,0.164193,-0.542826,-0.0831774,-0.647977,-0.0471979],[0.0213074,0.00206836,0.10273,-0.0802678,0.245096,0.552358,-0.0211183,-0.0158851,0.209147,-0.0217433,0.00999084,-0.0413927,0.673094,0.0312358,0.0280136,0.460306,-0.0519743,0.033017,0.334887,0.0589899,0.411527,-0.0327069],[0.0487754,0.200454,-0.541396,0.110602,-0.420487,0.0431113,-0.0137161,0.0261788,0.0936867,-0.117598,0.0580448,0.129091,0.868927,0.0395257,0.042267,0.752983,-0.0304491,-0.0871104,-0.0897913,0.270065,0.279015,-0.134979],[0.0152122,0.0191098,0.141465,0.00124444,0.589373,0.0443676,-0.122095,0.0316256,-0.0527844,-0.162163,-0.11598,1.12076,-5.81817,-0.0847415,-0.0307829,-1.10261,0.0886404,-0.0653026,0.111392,-0.487629,-0.486357,-0.143171],[0.00316855,-0.00751288,0.0404534,-0.00270784,-0.0780669,0.0197907,0.0185111,-0.00137947,0.005155,0.00533776,0.00123576,-0.234986,0.188002,0.00460808,-0.00587734,0.238282,0.0014164,0.0020595,0.001737,0.022301,0.0234541,-0.000471691],[0.000950608,-0.000125222,0.00217489,-0.0055379,0.0132077,0.0137794,-0.000214781,0.000155124,-0.0023893,0.000306931,0.00251512,0.00355623,-0.0339872,0.00180439,0.000855061,0.0233054,-0.000143115,-0.00107804,-0.00380086,0.00124785,0.00351324,-0.00284341],[0.0311703,0.115033,0.0065207,-0.0966535,-0.0407796,-0.404727,0.0426307,0.0592766,0.00550363,-0.0631421,-0.0353562,0.221391,0.226778,-0.066827,-0.0172357,-0.821976,-0.0468051,-0.0455715,-0.181009,-0.189694,0.163768,0.0223719],[0.241165,0.267814,-0.0336596,0.21443,0.606057,0.070185,0.163161,0.0137893,0.0501055,0.143068,0.00710089,-0.349704,1.88686,-0.0105523,-0.0201342,1.08417,-0.0629717,-0.0506618,0.202776,0.805841,-0.0439617,0.0624808],[-0.0113112,-0.0183672,0.0158758,-0.0112085,-0.0304113,-0.0342947,-0.0111488,0.000335052,-0.00569399,-0.00570335,-0.00828689,0.029532,-0.167372,-0.0123631,-0.0027837,-0.142695,0.00305564,0.00614941,0.00306842,-0.0462647,-0.00913301,-0.00452214],[-0.105412,-0.29094,-0.531074,-0.126398,-0.362815,0.125125,0.264635,0.0190398,-0.150791,0.0640759,0.00902015,0.258741,-0.654951,-0.0160328,0.0646932,-0.444521,-0.0120712,0.107689,-0.151014,0.259422,-0.379983,-0.0882751],[-0.149049,-0.178766,-0.160847,-0.163394,-0.200598,-0.0507488,-0.0476241,0.00958417,0.0101412,-0.0187816,-0.0111322,0.239502,-0.321025,0.0028141,0.0148769,-0.326782,0.00942796,0.0466948,0.030293,-0.166625,-0.01206,-0.00298443],[0.0329609,0.0528965,0.0271149,-0.00145433,0.039037,0.218524,0.0675935,-0.00735002,0.114115,0.0442854,0.0185106,-0.211458,1.26208,0.026592,0.03543,0.014323,-0.00679764,-0.0270928,0.260173,0.135106,0.264106,0.144888],[0.0146257,0.0177518,0.196116,0.0243622,0.163912,0.0468219,0.00520611,-0.0042656,0.000613497,0.00857082,-0.00518533,0.0120811,0.265136,0.00341865,0.0180888,0.0275424,-0.0302357,-0.0379875,0.0767309,-0.00258993,0.0156125,0.0147591],[0.0130255,0.0536791,-0.0624606,0.0757904,0.101268,-0.0397303,-0.0281328,0.00137364,0.0698511,0.0139559,0.0246691,0.0991279,-0.420882,0.015944,0.0230844,-0.149882,-0.0126678,-0.039557,0.0732806,0.0111031,0.216534,-0.014538],[0.00467734,0.0469724,0.476365,-0.333885,-0.374615,0.0296346,0.0265373,-0.0041922,0.0965948,-0.0248266,0.0429964,0.316014,-0.295693,0.0439542,0.0548845,-0.401213,-0.0370429,-0.000628829,0.168717,0.110675,0.178346,0.106941],[-0.00942006,0.0157834,-0.0268313,-0.0286706,-0.23386,-0.127518,-0.0222651,0.00863034,-0.0131853,-0.00915416,-0.0113294,0.120591,-0.3863,-0.00703907,0.000444704,-0.207354,0.0155771,0.026059,0.00461789,-0.0211599,-0.059144,0.011977],[0.00652028,0.0458954,-0.0273362,-0.014479,-0.119631,-0.081165,0.00018079,0.00463816,0.00415852,-0.00437767,-0.00519759,0.000147754,-0.00750094,-0.00252058,0.00374558,-0.142505,0.000399157,-0.00454356,0.0139135,-0.0287725,-0.000748144,0.00703184],[-0.0314071,-0.0235345,0.0534661,-0.000573148,-0.0697194,0.00666491,0.00182481,0.00473695,-0.0146012,-0.0057092,-0.00131958,-0.0141861,-0.307708,-0.00340983,0.00133911,-0.160343,-0.000995352,0.0216414,0.00534972,-0.0191678,-0.0643356,-0.0140743],[-0.0200305,-0.00502709,0.162652,0.0578091,-0.0178584,0.00546313,0.0393409,-0.00072496,0.0120137,0.00914034,0.00577504,-0.140775,0.254151,-0.00370185,-0.00142673,0.239757,-0.00885703,0.0340246,0.0360534,0.0133119,-0.0723138,-0.00473892],[0.0182152,0.0310002,0.0114374,0.0442682,0.0808918,0.0345984,-0.0208911,-0.00519621,-0.00639352,-0.000362113,-0.00196784,0.0180856,-0.0749466,-0.00196078,-0.00153173,-0.000194346,0.00270814,-0.0212185,0.00470271,0.0303415,0.0113931,0.000284935],[-0.00108764,-0.0107532,-0.0366293,-0.00738773,0.0443724,0.12106,-0.00668056,-0.000920426,-0.014437,0.000495953,-0.00235048,-0.0604936,-0.157079,-0.00123879,-0.00325693,0.0662174,0.000299113,0.00684115,-0.016398,-0.00706441,-0.0313116,-0.000920189],[-0.00726628,-0.0341046,0.0477023,-0.0493627,0.0311482,0.190424,-0.0793174,0.00213528,0.0456941,0.00129514,-0.00790673,-0.0681104,0.720192,-0.00514197,-0.0201063,0.366135,0.0231129,-0.00297711,-0.0031669,0.039014,0.120328,0.0133028],[0.248264,0.406946,0.49831,-0.0203163,0.455321,0.174648,0.226627,-0.079511,-0.0319587,0.0764091,0.0122234,0.767037,-3.44843,0.0362656,0.0458797,-1.04154,0.00749547,-0.198486,0.055872,-0.149801,0.217952,-0.034237],[0.0348697,0.0122764,0.109659,0.0828979,-0.00509077,0.01876,0.0621949,-0.0110323,-0.122135,-0.00635856,-0.0171792,-0.356117,1.99818,-0.0233521,-0.0489053,0.590856,-0.0284834,0.0741949,-0.195404,0.197574,-0.0728275,0.00613069],[0.0727624,0.0734434,-0.154439,0.0176433,0.733732,0.360591,0.117297,0.00987848,0.0610705,-0.0526083,0.0805025,-0.0763965,2.81729,0.0722742,-0.0164547,0.454205,0.0105464,-0.0767428,-0.115349,0.113871,0.0889025,-0.178634],[-0.0109823,0.0564124,-0.350815,0.147457,0.495681,0.297134,0.141423,-0.0204275,0.0209923,-0.0454148,-0.0202664,0.407836,0.204545,0.0253058,0.00776209,0.821646,-0.020918,-0.0845711,-0.122335,0.0940742,-0.0857915,0.0176049],[-0.0144664,-0.0165415,0.00942792,-0.00674907,-0.0368004,-0.0501424,-0.0122345,-0.00068848,0.000870871,0.000954984,0.000241335,0.0321247,0.0655475,-0.00281119,-0.00302953,0.000131426,-0.00664747,0.00667971,0.010826,-0.0323053,0.0069187,-0.0056553],[0.000484367,0.00491457,0.00433841,0.00353707,-0.0165108,-0.00626212,0.00135236,-0.000118574,0.000304112,0.00120727,0.000514724,-0.0313653,-0.00287222,0.00030617,-0.000986846,0.0301672,0.000582222,-0.00138445,-0.00193567,0.0051999,-0.00417531,2.56302e-05],[-0.126714,-0.181042,0.00763121,-0.0878514,-0.468818,-0.482865,0.0028805,0.00727609,-0.0185249,-0.00549846,0.0177291,-0.0921504,3.49812,0.032356,0.00202502,0.0557942,0.00231485,0.0654619,-0.263693,-0.336021,0.277343,-0.035916],[0.0329541,-0.0268975,0.339217,0.0128553,-0.1227,0.155821,-0.00158128,-0.021826,-0.0501105,0.0042468,0.00755973,0.370878,-0.28999,0.0192704,-0.0132691,0.205,-0.0565719,0.0397934,0.0553646,-0.0381638,-0.0659828,-0.0647958],[-0.00539118,-0.00545459,0.000404055,-0.00463869,-0.0227176,-0.0121588,-0.00452367,0.00109898,0.000407706,-0.000171465,-0.00298392,-0.00120637,-0.00229585,0.00036021,-0.00312105,-0.0213091,0.00134119,0.00716325,0.000617024,-0.00946577,0.0105341,3.15625e-05],[-0.0516576,0.0554306,-0.0531835,-0.0751977,-0.0261295,0.0781201,0.0183818,-0.00834729,-0.0516725,-0.0902483,-0.0379119,0.64489,-4.11659,-0.0730588,-0.00281373,-1.11579,-0.0583906,0.0343641,-0.188688,-0.297871,-0.196558,0.119359],[-0.0808787,-0.138298,-0.105044,-0.0907783,0.0741477,-0.00411291,0.0109325,0.00185895,0.0166526,0.000265575,0.0160731,0.0218668,-0.0645333,0.0180865,0.0160303,-0.0351254,-0.0024478,0.0308424,0.00399231,-0.101898,0.0638486,-0.0108201],[0.00309466,-0.0314116,0.170967,0.0206626,-0.00606873,0.0403657,0.0286423,-0.00452236,-0.0376244,-0.00671989,-0.0067578,-0.0199471,-0.590311,-0.0115345,-0.0154955,-0.00292694,-0.00332767,0.00448615,0.0019515,-0.0442837,-0.0230541,-0.0368603],[0.0238948,0.0311328,-0.0224162,0.0180743,0.0257894,0.0841859,0.00822453,0.00104579,0.00858263,0.0207418,0.00899639,0.00722529,0.250646,0.0112835,0.0155736,-0.146991,0.0209274,-0.0330682,0.0219809,0.0870691,0.0178141,-0.0114641],[0.0107566,-0.0210057,0.0776868,0.0289057,-0.0699452,-0.0154673,0.0262833,0.00568586,0.00369141,0.00615372,0.0135449,-0.0441853,-0.0786803,0.00948096,0.00599065,0.0274255,0.00249028,-0.00028513,-0.0259292,-0.0282839,0.00654457,0.00986811],[0.020208,0.0718367,-0.0918603,0.101618,0.0865624,-0.0648371,-0.0109274,0.017921,-0.0326459,0.00772827,0.000653937,-0.279355,-0.132053,0.00735712,0.0194602,-0.514488,-0.00230064,-0.0115144,0.196001,0.0473167,-0.22903,-0.025622]],"sigmahat":[[0.703252,1.05807,0.630769,0.263999,1.21083,0.705294,-0.0168298,-0.0781239,0.00951103,0.0589282,0.0193076,-0.0293031,1.29607,0.0329738,0.00228011,0.446102,-0.060287,-0.683818,0.00954619,0.661492,-0.0716187,0.0172917],[1.05807,2.01094,0.774147,0.414092,1.47486,1.01883,-0.185605,-0.131475,0.0126655,0.0675113,0.0132686,0.310009,0.56632,0.0382151,0.00198091,-0.111638,-0.111136,-1.15776,0.0162823,0.860977,-0.172765,0.0232184],[0.630769,0.774147,4.00191,0.0699979,0.541699,1.05327,0.359669,-0.0701424,-0.0567352,0.0548718,-0.0679678,-0.095963,1.32306,-0.0543985,-0.0471565,0.45685,-0.0678885,-0.571474,0.106985,0.806196,-0.256493,0.0883012],[0.263999,0.414092,0.0699979,0.77249,0.402167,0.0481246,-0.0479953,-0.0449957,-0.0411953,0.0168105,0.00344223,-0.185029,-0.236689,-0.0271594,0.00206692,-0.103832,-0.0395145,-0.249541,0.0487813,0.266439,-0.269042,-0.0313074],[1.21083,1.47486,0.541699,0.402167,8.59097,2.80055,0.351553,-0.10602,0.101758,0.176226,0.144829,0.466709,7.1933,0.200306,0.0948129,1.46415,-0.168965,-1.28792,0.0353391,1.47696,0.25584,0.0870382],[0.705294,1.01883,1.05327,0.0481246,2.80055,5.88012,0.296625,-0.0987378,-0.0775419,0.0986738,-0.00229575,0.340719,1.76389,0.0957177,0.0597862,0.698257,-0.0997093,-0.669269,-0.109043,0.603574,-0.014951,0.0696719],[-0.0168298,-0.185605,0.359669,-0.0479953,0.351553,0.296625,0.779069,0.0139193,-0.0589551,0.0412909,0.000806962,-0.796773,1.87797,-0.00523168,-0.0230472,0.421479,-0.0284501,0.138277,-0.142042,0.135775,-0.0599951,0.0304544],[-0.0781239,-0.131475,-0.0701424,-0.0449957,-0.10602,-0.0987378,0.0139193,0.0201063,0.00449946,-0.00640363,-0.00202143,0.0202345,-0.0812063,-0.00331085,0.000230699,-0.0649781,0.012748,0.0819569,0.00493515,-0.0713317,0.0287479,0.000359957],[0.00951103,0.0126655,-0.0567352,-0.0411953,0.101758,-0.0775419,-0.0589551,0.00449946,0.214148,0.0196074,0.038347,-0.0453952,1.30575,0.0350559,0.0213828,0.225654,-0.00633417,-0.038453,0.158459,0.0384229,0.413606,0.0150902],[0.0589282,0.0675113,0.0548718,0.0168105,0.176226,0.0986738,0.0412909,-0.00640363,0.0196074,0.0607054,0.0279901,-0.210492,1.03386,0.0228528,0.000199751,0.360421,-0.0098437,-0.0448512,-0.0175791,0.113102,0.0536568,0.0314556],[0.0193076,0.0132686,-0.0679678,0.00344223,0.144829,-0.00229575,0.000806962,-0.00202143,0.038347,0.0279901,0.0609862,-0.113526,1.23094,0.0533258,0.0255501,0.390679,-0.00765657,-0.0107444,-0.00544045,0.0442855,0.141632,0.00743253],[-0.0293031,0.310009,-0.095963,-0.185029,0.466709,0.340719,-0.796773,0.0202345,-0.0453952,-0.210492,-0.113526,7.86269,-12.6124,0.0120317,0.298392,-6.04396,0.0744389,-0.380838,0.702336,-0.686354,-0.372355,0.00472651],[1.29607,0.56632,1.32306,-0.236689,7.1933,1.76389,1.87797,-0.0812063,1.30575,1.03386,1.23094,-12.6124,124.021,1.15645,-0.215479,23.5532,-0.500079,-0.327932,-2.00938,4.46145,6.92186,0.670399],[0.0329738,0.0382151,-0.0543985,-0.0271594,0.200306,0.0957177,-0.00523168,-0.00331085,0.0350559,0.0228528,0.0533258,0.0120317,1.15645,0.0742771,0.0379271,0.400816,-0.00467984,-0.0337121,0.0122531,0.0592159,0.114951,0.0084875],[0.00228011,0.00198091,-0.0471565,0.00206692,0.0948129,0.0597862,-0.0230472,0.000230699,0.0213828,0.000199751,0.0255501,0.298392,-0.215479,0.0379271,0.0721569,-0.469154,0.00713818,-0.034674,0.126615,-0.00908563,0.0595512,-0.00440947],[0.446102,-0.111638,0.45685,-0.103832,1.46415,0.698257,0.421479,-0.0649781,0.225654,0.360421,0.390679,-6.04396,23.5532,0.400816,-0.469154,21.463,-0.256673,0.242866,-1.66621,2.61656,1.2954,0.31544],[-0.060287,-0.111136,-0.0678885,-0.0395145,-0.168965,-0.0997093,-0.0284501,0.012748,-0.00633417,-0.0098437,-0.00765657,0.0744389,-0.500079,-0.00467984,0.00713818,-0.256673,0.0710138,0.0666105,0.0542929,-0.0959809,-0.00160661,-0.0389102],[-0.683818,-1.15776,-0.571474,-0.249541,-1.28792,-0.669269,0.138277,0.0819569,-0.038453,-0.0448512,-0.0107444,-0.380838,-0.327932,-0.0337121,-0.034674,0.242866,0.0666105,0.884467,-0.091992,-0.55957,0.0969831,-0.0261244],[0.00954619,0.0162823,0.106985,0.0487813,0.0353391,-0.109043,-0.142042,0.00493515,0.158459,-0.0175791,-0.00544045,0.702336,-2.00938,0.0122531,0.126615,-1.66621,0.0542929,-0.091992,0.846267,-0.125948,0.284517,-0.0883723],[0.661492,0.860977,0.806196,0.266439,1.47696,0.603574,0.135775,-0.0713317,0.0384229,0.113102,0.0442855,-0.686354,4.46145,0.0592159,-0.00908563,2.61656,-0.0959809,-0.55957,-0.125948,2.17725,-0.146025,0.142273],[-0.0716187,-0.172765,-0.256493,-0.269042,0.25584,-0.014951,-0.0599951,0.0287479,0.413606,0.0536568,0.141632,-0.372355,6.92186,0.114951,0.0595512,1.2954,-0.00160661,0.0969831,0.284517,-0.146025,2.5065,0.0187382],[0.0172917,0.0232184,0.0883012,-0.0313074,0.0870382,0.0696719,0.0304544,0.000359957,0.0150902,0.0314556,0.00743253,0.00472651,0.670399,0.0084875,-0.00440947,0.31544,-0.0389102,-0.0261244,-0.0883723,0.142273,0.0187382,0.184683]],"n":22,"lags":3}