{"betahat":[[-0.405949,-1.05593,-0.651779,1.05452,-0.450833,0.279683,1.83438,-0.0754344,-0.269827,-0.108401,-0.15226,-2.14401,9.35102,0.0500621,-0.1799,4.06828,0.233633,1.74822,0.24074,-4.57498,1.95172,0.843815,-0.22999],[0.993422,0.0357596,0.109433,-0.0161367,0.0131731,0.298638,0.026442,-0.0173564,0.0329425,0.0145249,-0.0102489,-0.273184,0.608577,-0.0113652,-0.0392121,0.526102,-0.0393394,-0.0192966,-0.137341,-4.74577,-0.00812032,0.0964602,0.0335026],[-0.0357534,0.877815,0.10413,-0.0440332,0.111527,0.0492546,-0.0128305,-0.00537952,-0.00616935,0.01117,-0.00263506,-0.0107283,0.118567,-0.00882248,-0.015078,0.294429,0.000194868,0.0319863,-0.0484222,-1.12639,0.0782745,-0.0876011,0.00538356],[0.0393261,0.0662228,0.786893,0.0353511,0.114565,0.0716272,-0.00281479,-0.00555109,0.0139224,0.000707857,0.00368791,0.0533527,0.247694,-0.000660617,-0.00164749,0.0913803,-0.013171,-0.028643,-0.032151,-0.586497,0.0111989,0.0751677,-0.0108729],[0.0308755,0.0121268,-0.0400044,0.799962,-0.155243,0.177154,-0.0678487,-0.016728,-0.00588443,-0.00436036,0.0153402,0.195254,-0.348783,0.0223539,0.0341005,-0.367345,0.0223966,-0.0476559,0.165336,2.18272,-0.0305297,0.0981982,-0.0289606],[-0.0456003,-0.0657938,-0.0597504,-0.0547807,0.8041,0.00429901,0.0057632,0.00691023,-0.0108856,0.002591,0.000814391,-0.00735741,-0.17475,-0.00163501,0.000111524,-0.0178176,-0.000594312,0.0418152,-0.010174,-0.207252,-0.110804,0.00071856,-0.000432046],[0.00692533,0.0290775,0.12847,-0.0024941,0.0464216,0.815896,0.0298944,0.0011277,0.0175397,0.00109567,0.00428121,0.0238755,0.548938,0.00511387,0.00771668,-0.127237,0.00227242,-0.0103303,0.000880854,0.575621,0.0554422,0.0768152,0.000645533],[0.0351022,0.118414,0.00892001,0.192108,-0.191254,-0.386167,1.09869,-0.0256713,-0.0376355,0.014901,0.0188892,0.0378176,-1.24574,0.0254102,0.0313317,-0.247411,-0.0261869,-0.0253782,0.120657,0.305638,-0.0274943,-0.148008,-0.0151667],[-0.296643,-0.470007,-0.951127,0.328082,0.043657,-0.316511,-0.338455,1.17892,0.0908861,-0.0731846,0.0264511,0.415637,0.139885,-0.0257319,0.0874304,-1.23103,0.210944,-0.00961642,0.97384,-9.94038,0.124567,0.436161,0.139724],[-0.0317462,0.0382425,-0.308711,0.0225743,-0.207198,-0.648037,-0.0452888,0.024074,0.91078,0.0345341,0.0106149,0.504815,-2.74772,-0.00064027,0.0328129,-0.986997,0.0829815,-0.150489,0.0124012,6.85768,-0.216008,-0.334767,0.0064819],[-0.150391,-0.312479,0.560112,-0.124213,-0.195261,-0.387115,-0.0943135,-0.0287545,-0.160171,1.15687,-0.143185,-0.110209,-3.63199,-0.121775,-0.0258063,-1.2268,0.0374324,0.209122,0.314183,-3.50555,-0.397363,-0.187106,0.301134],[-0.0346103,-0.15395,0.197519,-0.158285,-1.25436,-0.400264,-0.0302205,0.000114071,-0.00259296,0.236696,1.1225,-1.90792,6.08053,0.0428528,-0.0107643,0.264058,-0.0726153,0.229255,-0.230591,-0.941947,0.36813,0.471081,0.172782],[0.0165964,0.0188758,-0.0237223,0.0150523,0.129874,0.0406395,0.00514302,0.00118508,-0.00346278,-0.00246288,-0.000484404,1.17199,-0.234488,0.00260064,0.0112082,-0.214679,0.00252028,-0.00867317,0.0240039,-0.129021,0.0210214,-0.0411432,0.0023456],[-0.00355367,-0.00792,-0.00799793,0.00116853,-0.000301254,-0.0128843,-0.00211384,0.000196683,0.00243733,-0.00219856,-0.0031471,0.0314233,1.02211,-0.00226081,0.000433539,-0.0601654,-0.000906494,0.00316283,0.0134008,-0.163624,-0.0117331,0.0018027,0.00286352],[0.140595,0.210315,-0.103029,0.262777,0.583965,0.965978,-0.072528,-0.0716404,-0.0212159,0.0472333,0.0131122,0.0519068,-3.88293,0.998659,-0.0383647,1.13822,0.00494908,-0.02455,0.235294,-10.6548,0.637327,-0.394468,0.0735424],[-0.242756,-0.230192,-0.169329,-0.239922,-0.299374,-0.115586,-0.159403,0.00334867,0.0310488,-0.126357,-0.00724978,-0.0633985,-1.56242,0.0154983,1.06353,-1.04956,0.123606,-0.0346429,-0.300221,-0.238877,-0.661141,0.168761,0.00111264],[0.0165777,0.0237729,-0.0183049,0.0160563,0.0602145,0.0513558,0.0173152,-0.00105585,0.00557886,0.00452537,0.0118806,-0.0267367,0.158946,0.0135114,0.00699641,1.15583,-0.00487137,-0.0137658,-0.00884709,0.101847,0.0558757,-0.00332531,0.00331528],[0.15797,0.308954,0.188796,0.27143,0.467066,-0.250155,-0.349264,-0.0277838,0.278778,0.0528144,0.0504371,-0.922636,7.23903,0.0978112,-0.093383,2.47612,1.04228,-0.149674,-0.67636,-0.864368,0.0826557,0.807206,0.115388],[0.283974,0.400285,0.340776,0.291792,0.166194,0.131421,0.00606918,-0.0160756,-0.0237887,0.0187326,-0.0114055,-0.271514,0.148296,-0.0278744,-0.0383409,0.421585,-0.00919792,0.876911,-0.0721433,0.0956848,0.310728,-0.062193,0.00591844],[-0.0452865,-0.0126093,-0.170807,-0.0248216,-0.0974593,-0.147858,-0.0623381,0.0101358,-0.0730922,-0.0556069,-0.011925,0.185085,-0.514784,-0.0196663,-0.0314624,-0.228778,-0.00477325,0.0403049,0.477417,-0.474436,-0.158036,-0.158289,-0.0558344],[0.000805518,-0.00332318,0.0218424,-0.00250748,-5.98494e-05,0.00122961,0.00314392,0.000337041,-0.00219087,-0.000116343,-0.000886123,-0.00349352,-0.0764605,9.97912e-05,0.00149465,-0.025506,0.00131158,-0.000342986,0.00190066,0.396389,0.000775324,-0.00932385,-0.00449858],[0.13599,0.133594,0.136255,-0.028771,0.154684,0.26294,0.0442415,-0.00655671,0.0109412,0.0163977,0.0128497,-0.2551,0.742405,0.00427603,-0.00380367,0.0321817,0.0389566,-0.0874399,-0.0204479,4.22922,0.555735,0.0759531,0.00402833],[0.111878,0.203556,0.0223176,0.0236976,0.3123,0.259371,-0.0697826,-0.0151578,0.117196,0.0393882,0.0275379,0.0787721,0.945455,0.0166232,0.0166626,-0.0843658,-0.00343332,-0.09983,-0.0718907,-0.732313,0.206261,0.289447,0.00163202],[-0.0630659,-0.272056,-0.180142,0.276909,0.0544741,-0.0648315,0.0766588,-0.0104865,-0.0798978,-0.00063858,-0.075433,-0.259517,-0.263625,-0.0538385,-0.0430976,0.566468,0.0417882,0.0556828,0.0347505,1.5537,-0.222789,-0.228709,0.811799],[0.0205298,-0.0470414,-0.062593,0.0645583,0.246739,-0.133481,0.00491302,0.00881736,-0.0207103,-0.00416981,0.0215676,0.129185,-0.18187,0.0148719,0.036126,-0.308089,0.020074,-0.0114,0.0949045,2.72612,0.0347464,-0.0438095,-0.0262286],[0.0312986,0.0735547,-0.0667737,0.0620818,0.0150886,0.0364656,0.00844081,-0.000334384,0.00190839,-0.00505151,0.00905498,0.0183626,-0.118723,0.0118682,0.0110544,-0.113215,-0.00018431,-0.0282062,0.0210357,1.12782,-0.0349303,0.0848388,-0.00802686],[-0.00414422,-0.0407461,0.172136,-0.0388658,-0.0313981,-0.0795579,0.000336927,0.00138131,-0.00392599,0.00274572,-0.00261479,-0.0317082,0.000443018,0.00352305,-0.000112326,0.0465283,0.0167545,0.00577168,0.0530153,0.857736,0.000920973,-0.00899153,0.0170641],[-0.00401381,-0.0115721,-0.127673,0.138646,0.204603,-0.169784,0.0347973,0.017454,0.00254096,0.000546036,-0.0216272,-0.0635639,0.102554,-0.0135167,-0.0265577,0.101397,-0.0102244,0.00445245,-0.134193,-0.578501,0.0377821,-0.025229,0.0323085],[0.0255583,0.0307396,0.0518997,0.00308165,0.0995527,-0.0477749,0.0211808,-0.000761414,0.0173331,-0.00192106,0.000975297,-0.0146487,0.248308,0.00371828,0.00224913,0.00855257,-0.00184278,-0.0178082,0.0117342,0.528684,0.0794231,-0.0188239,0.00178218],[-0.00740712,-0.0176605,-0.0926784,0.0133626,-0.104386,0.0521647,-0.0238342,-0.000288899,-0.0010759,-0.00209766,-0.00197873,0.0413151,-0.402144,-0.00424955,-0.00478513,0.0503504,-0.00314187,0.00465649,0.0203331,-0.20079,-0.0496363,-0.0371327,-0.000798566],[-0.0304197,-0.0843087,-0.112256,-0.14354,0.182945,0.178632,-0.0236119,0.0247857,-0.00677526,-0.0135274,-0.00906157,0.0228273,0.541791,-0.0166148,-0.0120148,-0.0984695,0.00125792,0.0301447,-0.122986,0.317253,-0.0138343,0.0110229,0.00440818],[0.0729089,0.084493,0.565023,-0.273718,-0.527698,0.125125,0.0636503,-0.107399,-0.0459419,-0.00861143,-0.0548221,-1.40893,3.19138,-0.0414967,-0.130674,2.15625,-0.229149,0.15279,-1.03663,3.82239,0.0678053,-0.683118,-0.113689],[0.0113819,-0.00682061,0.133449,-0.102036,0.260455,0.675049,-0.0188366,-0.0158249,0.247191,-0.0285386,0.013857,-0.0444186,0.904317,0.033219,0.0257568,0.36951,-0.0620073,0.0432365,0.299612,-3.84293,0.0143992,0.46217,0.0188449],[0.049254,0.213026,-0.480889,0.115434,-0.66619,-0.0530805,-0.0264736,0.0281844,0.0992889,-0.120276,0.0638558,0.170432,0.943227,0.0540383,0.0545066,0.851928,-0.0459428,-0.104326,-0.0425574,-3.52251,0.287186,0.202619,-0.109616],[0.0369367,0.0910529,0.218604,0.00683728,0.779784,0.150342,-0.161327,0.0310786,-0.0650411,-0.193086,-0.121792,1.39929,-6.77026,-0.0875749,-0.0210846,-1.27014,0.107113,-0.108428,0.37251,3.26535,-0.532793,-0.491961,-0.162494],[0.000151978,-0.00672529,0.0256694,-0.00477099,-0.093008,0.0195815,0.0127568,-0.000945121,0.00422559,0.00175431,0.000819445,-0.250352,0.180953,0.00264237,-0.00932166,0.256636,0.00126416,0.00208508,-0.0375276,0.239779,0.0120129,0.0289981,-0.0012398],[0.00186823,0.000236526,0.00372247,-0.00691177,0.016183,0.0181195,0.00017701,6.90404e-05,-0.00251555,0.00107026,0.00266775,0.00159339,-0.0325427,0.00190495,0.000890453,0.0273786,0.000108624,-0.00136749,-0.0068735,0.0902159,0.00379253,0.00270461,-0.00208277],[0.0709909,0.0879758,0.197047,-0.140125,0.0376547,-0.332482,0.0941078,0.0647767,0.00395074,-0.0329322,-0.033266,0.00804739,0.0245387,-0.0455157,0.0105266,-0.765331,-0.0472288,-0.0713287,-0.0675609,4.25528,-0.0774192,0.0468045,0.023359],[0.201474,0.267165,-0.163542,0.252377,0.49405,-0.0685927,0.126875,0.0206957,0.012643,0.113937,-0.0104887,-0.15895,1.26792,-0.0453495,-0.0582631,0.513487,-0.082374,-0.0133682,0.376343,-0.198953,0.648917,-0.20806,0.057546],[-0.0115374,-0.0195538,0.0124025,-0.0104951,-0.0325385,-0.0397238,-0.0133738,-1.96502e-05,-0.00597292,-0.00445798,-0.00883207,0.0284194,-0.155907,-0.0137598,-0.00321158,-0.134593,0.00392783,0.00630787,0.0140749,0.0106658,-0.0450865,-0.0125166,-0.00438007],[-0.131326,-0.375917,-0.210462,-0.217047,-0.562778,0.0668709,0.312755,0.0354674,-0.28756,0.0278619,-0.0213972,0.450709,-2.94193,-0.0412327,0.0583877,-1.13291,-0.007264,0.147234,0.400923,0.522698,0.151979,-0.689655,-0.115598],[-0.184357,-0.231107,-0.211169,-0.18717,-0.25967,-0.10541,-0.0399754,0.0139511,0.0141361,-0.0190623,-0.00640857,0.226132,-0.0611858,0.00705612,0.0182586,-0.302658,0.0135755,0.0764714,0.045691,-0.660971,-0.189298,0.0129236,0.00294891],[0.0363798,0.0269212,-0.00543608,-0.010092,0.0854441,0.12546,0.0442976,-0.00492859,0.0750701,0.0419664,0.0187604,-0.260646,0.963377,0.0267519,0.0318605,0.177557,0.0123188,-0.0207131,0.388963,1.44999,0.147034,0.190534,0.0353294],[-0.000557624,-0.000879312,-0.00957537,0.00180572,-0.00125703,-0.00669037,-0.00247353,5.33503e-05,0.00106152,-0.00034385,0.00045952,0.000879568,0.00477948,0.000912947,0.00078901,0.00514297,0.000763173,-8.64728e-05,0.000524004,-0.000705702,-0.00106537,-0.00156256,-0.00901551],[0.0110491,0.0261018,0.16148,0.0349548,0.170667,0.0642838,-0.0100939,-0.00607628,0.00684655,0.00863122,-0.00345126,0.0207219,0.382673,0.00484441,0.0163241,0.0964047,-0.0352187,-0.0386879,0.0592703,-1.96859,-0.00775115,0.0416039,0.0146085],[0.00719043,0.0526358,-0.0516291,0.0796911,0.0799464,-0.0470411,-0.0297943,0.00250291,0.0660112,0.010716,0.0224924,0.0921745,-0.579021,0.0126073,0.0192108,-0.216716,-0.0157737,-0.0337124,0.11873,0.350657,-0.000774933,0.197724,-0.00298888],[0.0110541,0.10187,0.349315,-0.359335,-0.35905,0.0273248,-0.0154771,-0.00773102,0.10761,-0.0303912,0.0602047,0.432411,-0.136493,0.0424174,0.0427925,-0.290925,-0.0428868,-0.013747,-0.0237645,-1.54555,0.0710206,0.333107,0.116521],[-0.0139613,0.0112607,-0.0468263,-0.0484261,-0.259915,-0.165207,-0.0313523,0.00854211,-0.0122316,-0.010354,-0.0113167,0.14401,-0.426645,-0.00350812,0.0030844,-0.218014,0.0192648,0.0306968,0.0424054,2.01978,-0.0266523,-0.0526517,-0.00727215],[0.00444236,0.0486009,-0.0373478,-0.018055,-0.12661,-0.085778,0.00439272,0.00571741,0.00425922,-0.00611716,-0.00641753,-0.00762571,0.000245813,-0.00304753,0.00402115,-0.181212,-1.05336e-05,-0.00377769,0.0273525,-0.00119159,-0.043371,0.0027532,0.00264519],[-0.035194,-0.0255014,0.0409473,0.00349961,-0.0831571,0.00785608,0.00247439,0.0041749,-0.00999226,-0.00345413,-0.00106812,-0.0215917,-0.248099,-0.00286136,0.00175985,-0.137897,-0.0035828,0.0228678,-0.0209025,-0.270919,-0.0121521,-0.0661709,-0.00618756],[-0.0268684,-0.00057254,0.167712,0.0613727,-0.049352,-0.00741487,0.0330406,-0.000721778,0.00334702,0.0038155,0.00629079,-0.131691,0.246323,-0.00883751,-0.00754646,0.266001,-0.012172,0.043199,-0.0311871,-1.60386,-0.00728257,-0.0729506,-0.00334673],[0.0200066,0.034994,0.00784437,0.0516685,0.0962322,0.0433542,-0.0269449,-0.00614159,-0.00644625,-0.000669158,-0.00178824,0.0219934,-0.0735491,-0.00208901,-0.00236705,0.00929127,0.00243536,-0.023989,-0.00161687,-0.321176,0.0313216,0.018091,-0.0013445],[0.000465133,-0.011448,-0.0357803,-0.0108978,0.0579505,0.131791,-0.00606705,-0.000832904,-0.0164643,0.00100327,-0.00229875,-0.0651897,-0.14675,-0.000869374,-0.00293959,0.076941,0.000866797,0.00566818,-0.0212742,-0.374337,-0.00584041,-0.0397002,0.000157382],[-0.00484565,-0.0342936,0.103239,-0.0486295,0.00796826,0.207141,-0.07518,0.000914143,0.0444664,-0.00137966,-0.00980875,-0.0605214,0.703453,-0.00880947,-0.0193113,0.345545,0.0249823,-0.00463385,0.00261686,-0.622453,0.0411953,0.137345,0.0107626],[0.282244,0.480895,0.45807,-0.0506829,0.444675,0.240695,0.244,-0.0895838,-0.0360506,0.0798299,0.0144751,0.961201,-3.59983,0.0614944,0.0411505,-0.908428,-0.00398606,-0.21032,0.0559847,5.60716,-0.166273,0.170486,-0.020733],[0.02034,-0.0315253,0.175415,0.0792802,-0.0531572,-0.0269786,0.0640439,-0.00823969,-0.157915,-0.00598635,-0.024445,-0.460172,1.84419,-0.0325446,-0.0585966,0.618639,-0.0210521,0.107181,-0.312343,-3.01481,0.20145,-0.127348,-0.0252753],[0.0766168,0.0556402,-0.0955655,0.0138966,0.814946,0.414024,0.14262,0.0110778,0.0660931,-0.0494971,0.0804067,-0.0288277,2.87932,0.0788741,-0.0130862,0.483266,0.0124389,-0.076681,-0.227345,6.64812,0.105062,-0.00431313,-0.183574],[0.0155778,0.0817216,-0.366608,0.172062,0.566977,0.367893,0.17413,-0.0277725,0.0543394,-0.039423,-0.0153303,0.428248,0.327419,0.0409297,0.0247616,1.01559,-0.0327368,-0.120688,-0.169336,-2.2206,0.196249,-0.0616419,-0.0103528],[-0.0166816,-0.0165494,-0.00192568,-0.00887205,-0.039315,-0.0597993,-0.0135142,-0.000510773,0.000282889,0.00113722,0.00072682,0.0377962,0.107297,-0.00391673,-0.00474693,0.00903848,-0.00728061,0.00901352,-0.00514478,-0.194089,-0.0348517,0.0158077,-0.00125158],[0.000682504,0.00611205,0.00333636,0.00454155,-0.0171134,-0.00727614,0.000876666,-0.000101836,0.000341144,0.00103001,0.00047933,-0.0324941,-0.00911961,9.26016e-05,-0.00140492,0.0313675,0.000584279,-0.00181991,-0.00661679,0.083668,0.00496094,-0.00438528,-0.000551944],[-0.176523,-0.253808,-0.00668751,-0.0865693,-0.562536,-0.587967,0.00458975,0.0104343,-0.00561338,-0.00222863,0.0141347,-0.155028,3.83608,0.0289753,0.0114895,-0.198997,0.0128177,0.098358,-0.233548,3.83045,-0.415363,0.293454,-0.064706],[0.0474399,-0.0177162,0.318693,0.00454151,-0.182017,0.148638,0.0207373,-0.0241645,-0.0538312,0.0114332,0.0158475,0.258155,0.17572,0.0209873,-0.018825,0.40441,-0.0513789,0.0541188,-0.0711038,-0.631868,0.00857015,0.00252686,-0.0529471],[-0.00507338,-0.00422884,0.00676511,-0.00585948,-0.0278543,-0.0118283,-0.0040756,0.00109931,0.000484489,-8.62232e-05,-0.00297487,-0.000450968,-0.00280909,0.000295454,-0.00366659,-0.0214058,0.000866142,0.00727479,-0.00559855,-0.116979,-0.0111577,0.0163964,0.00112282],[-0.0259913,0.0679645,0.022601,-0.057386,0.099262,0.187817,0.0350776,-0.00785849,0.0103571,-0.0810364,-0.0290966,0.489565,-4.28021,-0.0557235,0.0357575,-1.33594,-0.037115,0.000431636,0.272234,0.25047,-0.23549,-0.115947,0.00162274],[-0.0928241,-0.157343,-0.111133,-0.106895,0.0919875,-0.0146229,0.0152307,0.00230945,0.0161871,-0.000344017,0.0175499,0.0391786,-0.0756136,0.020399,0.0189891,-0.0889881,-0.00270778,0.0360577,0.0272845,0.661278,-0.117322,0.0724321,-0.00920007],[-0.00292132,-0.0180675,0.0933583,0.00951464,0.0224154,0.0279522,0.00532288,-0.00284063,-0.00770231,0.00708028,-0.00178913,-0.0111437,-0.144922,-0.00139949,-0.0113864,0.0837643,-0.0072867,0.00227545,0.0140547,-0.903884,-0.00143249,-0.0424229,0.0117852],[-0.00081649,-0.00165092,-0.000242513,-0.00135297,-0.0020994,-0.00137386,0.00117978,0.000122259,4.91251e-05,0.000601548,-0.000648195,-0.00157552,0.0248977,0.000268082,0.000114387,0.00298761,-0.000809641,0.00092144,-0.000860662,-0.025217,0.00273104,-0.0106511,0.00606495],[0.0290243,0.0349926,-0.0152413,0.0190745,0.0315231,0.0813288,0.00667752,0.00133109,0.007557,0.0242526,0.0104747,-0.00491719,0.310679,0.01262,0.0149664,-0.143914,0.0230228,-0.039442,0.033476,-0.589023,0.0986639,0.0102152,-0.00315075],[0.0163849,-0.0160499,0.0685569,0.0416048,-0.0587006,-0.0241464,0.0270449,0.00590296,0.00667858,0.00704783,0.0159194,-0.0543124,-0.0636961,0.0105418,0.00674761,0.0515973,0.00391348,-0.000497828,-0.0344326,0.439756,-0.0284397,0.0217144,0.0028744],[0.0180724,0.12426,-0.238051,0.120042,0.104298,-0.0663447,-0.0472113,0.0207882,-0.0454912,-0.00550113,-0.000444571,-0.224639,-0.375278,-0.0109213,0.00615168,-0.660698,-0.00461461,-0.0190071,0.0479174,1.60091,-0.00285358,-0.140219,0.00182382]],"sigmahat":[[0.684641,1.04429,0.596476,0.241052,1.21373,0.67956,-0.0373549,-0.0780701,0.00125784,0.0530322,0.0173339,0.0164092,1.26988,0.0323576,0.00118229,0.340635,-0.0611537,-0.684662,-0.050536,0.214127,0.623831,-0.104,0.0172637],[1.04429,1.9866,0.778657,0.378261,1.53349,0.993617,-0.210551,-0.131639,0.00712855,0.0657515,0.0119697,0.358487,0.532247,0.0421764,0.00820859,-0.265051,-0.107781,-1.17162,-0.00658584,0.254596,0.82072,-0.21463,0.0186959],[0.596476,0.778657,3.60113,0.0802369,0.560671,1.00806,0.311095,-0.0694241,-0.0405178,0.0435506,-0.0597756,-0.0363209,1.9034,-0.0553026,-0.0632828,0.551162,-0.0714018,-0.561392,-0.140712,-10.0538,0.746147,-0.18263,0.0848947],[0.241052,0.378261,0.0802369,0.71187,0.361559,0.047453,-0.0498459,-0.0420198,-0.040456,0.0141137,0.00434078,-0.187347,-0.178554,-0.0252151,0.00211205,-0.146528,-0.0371705,-0.229194,0.093957,-2.65205,0.231656,-0.266254,-0.0272422],[1.21373,1.53349,0.560671,0.361559,8.38942,2.72369,0.286677,-0.110247,0.0760103,0.161402,0.135606,0.58693,6.86097,0.193984,0.0971473,1.0462,-0.160679,-1.33654,-0.0189945,1.19452,1.41715,0.165804,0.0799715],[0.67956,0.993617,1.00806,0.047453,2.72369,5.66026,0.273204,-0.0982285,-0.0767974,0.0896059,-0.00794436,0.43437,1.63901,0.0940845,0.0623244,0.460285,-0.0971776,-0.664689,-0.307399,-2.00072,0.556131,-0.0411032,0.0700398],[-0.0373549,-0.210551,0.311095,-0.0498459,0.286677,0.273204,0.760098,0.015616,-0.0547976,0.0354465,0.00144857,-0.779831,1.85827,-0.00753234,-0.0269264,0.429221,-0.0275335,0.159751,-0.324207,-1.79971,0.10918,-0.0411982,0.0262438],[-0.0780701,-0.131639,-0.0694241,-0.0420198,-0.110247,-0.0982285,0.015616,0.0197144,0.00529462,-0.00567649,-0.00191143,0.0125688,-0.0767483,-0.00367762,3.89444e-05,-0.0498549,0.0124679,0.0836629,0.00814765,0.22826,-0.0684884,0.0319744,0.000503255],[0.00125784,0.00712855,-0.0405178,-0.040456,0.0760103,-0.0767974,-0.0547976,0.00529462,0.197413,0.0134028,0.0328689,-0.0291886,1.1862,0.029743,0.0167887,0.145324,-0.00911458,-0.0322147,0.154356,0.456795,0.0139628,0.375123,0.0215144],[0.0530322,0.0657515,0.0435506,0.0141137,0.161402,0.0896059,0.0354465,-0.00567649,0.0134028,0.0543194,0.0263118,-0.187923,0.934304,0.0199814,-0.00221314,0.301408,-0.010893,-0.0420047,-0.0569852,0.113766,0.0923875,0.0455814,0.0270714],[0.0173339,0.0119697,-0.0597756,0.00434078,0.135606,-0.00794436,0.00144857,-0.00191143,0.0328689,0.0263118,0.0567222,-0.108443,1.15296,0.0497913,0.0239909,0.347544,-0.00855277,-0.0104685,-0.0216663,0.251856,0.0380693,0.120575,0.0114481],[0.0164092,0.358487,-0.0363209,-0.187347,0.58693,0.43437,-0.779831,0.0125688,-0.0291886,-0.187923,-0.108443,7.57237,-11.7718,0.0296032,0.303049,-5.62423,0.0739371,-0.419917,1.56058,-8.34944,-0.592904,-0.33572,0.000743004],[1.26988,0.532247,1.9034,-0.178554,6.86097,1.63901,1.85827,-0.0767483,1.1862,0.934304,1.15296,-11.7718,116.046,1.08963,-0.176008,21.1737,-0.479012,-0.383464,-3.87479,17.1815,4.15067,6.38904,0.499089],[0.0323576,0.0421764,-0.0553026,-0.0252151,0.193984,0.0940845,-0.00753234,-0.00367762,0.029743,0.0199814,0.0497913,0.0296032,1.08963,0.069972,0.0351303,0.363501,-0.00694763,-0.034499,-0.0226087,0.472371,0.0491486,0.102189,0.0134587],[0.00118229,0.00820859,-0.0632828,0.00211205,0.0971473,0.0623244,-0.0269264,3.89444e-05,0.0167887,-0.00221314,0.0239909,0.303049,-0.176008,0.0351303,0.0664628,-0.462434,0.00371366,-0.0345852,0.179788,-0.447711,-0.0182532,0.0535215,0.00451869],[0.340635,-0.265051,0.551162,-0.146528,1.0462,0.460285,0.429221,-0.0498549,0.145324,0.301408,0.347544,-5.62423,21.1737,0.363501,-0.462434,20.3454,-0.237555,0.350099,-2.87673,-5.73497,2.37661,1.00081,0.228645],[-0.0611537,-0.107781,-0.0714018,-0.0371705,-0.160679,-0.0971776,-0.0275335,0.0124679,-0.00911458,-0.010893,-0.00855277,0.0739371,-0.479012,-0.00694763,0.00371366,-0.237555,0.0659101,0.0681065,0.0960743,2.34533,-0.0937889,-0.00912977,-0.0300283],[-0.684662,-1.17162,-0.561392,-0.229194,-1.33654,-0.664689,0.159751,0.0836629,-0.0322147,-0.0420047,-0.0104685,-0.419917,-0.383464,-0.034499,-0.0345852,0.350099,0.0681065,0.90316,-0.116929,0.545288,-0.534803,0.123652,-0.0276065],[-0.050536,-0.00658584,-0.140712,0.093957,-0.0189945,-0.307399,-0.324207,0.00814765,0.154356,-0.0569852,-0.0216663,1.56058,-3.87479,-0.0226087,0.179788,-2.87673,0.0960743,-0.116929,1.74971,-0.371725,-0.385869,0.311907,-0.0181673],[0.214127,0.254596,-10.0538,-2.65205,1.19452,-2.00072,-1.79971,0.22826,0.456795,0.113766,0.251856,-8.34944,17.1815,0.472371,-0.447711,-5.73497,2.34533,0.545288,-0.371725,440.021,-6.91109,1.86654,-2.74482],[0.623831,0.82072,0.746147,0.231656,1.41715,0.556131,0.10918,-0.0684884,0.0139628,0.0923875,0.0380693,-0.592904,4.15067,0.0491486,-0.0182532,2.37661,-0.0937889,-0.534803,-0.385869,-6.91109,2.01373,-0.182611,0.123258],[-0.104,-0.21463,-0.18263,-0.266254,0.165804,-0.0411032,-0.0411982,0.0319744,0.375123,0.0455814,0.120575,-0.33572,6.38904,0.102189,0.0535215,1.00081,-0.00912977,0.123652,0.311907,1.86654,-0.182611,2.23895,0.0594939],[0.0172637,0.0186959,0.0848947,-0.0272422,0.0799715,0.0700398,0.0262438,0.000503255,0.0215144,0.0270714,0.0114481,0.000743004,0.499089,0.0134587,0.00451869,0.228645,-0.0300283,-0.0276065,-0.0181673,-2.74482,0.123258,0.0594939,0.114732]],"n":23,"lags":3}