{"betahat":[[1.58218,2.22758,1.77881,1.21981,-2.01838,-0.37096,0.663213,0.425856,5.56798,0.222293,0.599954,2.99112,41.958,0.773298,-0.22932,13.6683,6.78408,3.1736,0.36808],[0.830898,-0.0187231,0.117108,0.501383,-0.135278,0.447619,-0.0590957,0.0106643,-0.363691,-0.0568716,-0.0105877,-0.097847,-0.825481,-0.0163942,0.0693923,-0.599896,-1.03449,0.105333,-0.0363836],[-0.0139904,0.904241,-0.107222,-0.0426032,0.415519,0.495102,0.06925,-0.0231779,0.549421,0.0355205,0.0474662,-0.136082,1.65333,0.0277876,0.00226661,0.451848,0.163371,0.0795386,0.0249639],[0.0373855,0.0376199,0.876793,0.14937,-0.275069,-0.199057,-0.0644271,-0.0593403,-0.352833,-0.0377022,-0.0431806,0.0814085,-1.5281,-0.0699456,-0.0166843,-0.771319,-0.0234967,-0.355207,-0.023416],[0.0159927,-0.0305069,-0.00124253,0.994064,-0.0347509,0.0256544,0.0210926,0.00141937,0.129492,0.00254722,0.00351658,0.00275722,0.8794,0.000534574,-0.0154274,0.116759,0.0148163,0.0127326,-0.00641252],[-0.0129741,0.0283382,-0.0762388,-0.151528,0.821404,-0.00758199,0.00369771,-0.000351969,-0.0370386,0.0281237,0.00524553,-0.056868,1.07732,0.00396803,-0.014358,0.241696,0.246472,-0.00234952,0.0213952],[0.00448911,-0.00325661,0.0152025,0.110969,0.0332451,0.832311,0.0101163,-0.0145365,-0.16972,0.00477929,0.00644505,-0.0516723,0.229864,0.020883,0.0361828,-0.427344,-0.00482901,-0.00963671,-0.00011389],[-0.00308408,0.0427057,-0.14139,-0.970406,-0.106357,-0.459198,1.08173,-0.0855846,-0.473738,0.00806377,0.0925925,0.510734,-2.87448,0.01915,0.0562181,-1.85114,-1.5232,0.0870172,0.0433182],[-0.0813905,-0.173676,0.0471852,0.193631,0.261463,0.290604,-0.0798129,0.505715,0.132015,-0.02786,0.014216,1.03905,3.11759,0.0391153,0.00912493,0.762912,1.29777,-1.16308,-0.0230968],[-0.00559992,0.00196065,0.00906792,0.0477643,-0.0320783,0.0995973,-0.0311326,-0.0110029,1.01704,0.0109744,-0.0128004,0.00570698,-0.232211,-0.0110768,-0.0182471,0.0891496,0.195729,-0.0270358,0.00695093],[-0.107527,-0.0575259,0.0270917,0.0237297,0.0156651,0.706249,0.207489,-0.114169,-0.508505,1.20412,-0.0627849,-0.725605,-1.75992,-0.00891518,0.0604267,0.792521,0.874918,0.0251844,0.142223],[0.119139,0.0954832,-0.257212,1.00416,-0.388222,1.29394,-0.115955,0.014534,0.523585,0.23364,1.06863,-0.206369,4.13302,0.0399305,0.00094522,0.6526,0.421689,0.1608,0.146188],[0.0150286,0.0404298,0.011725,0.0760265,-0.0852281,0.0959285,0.0354672,0.00934208,0.174726,0.0145436,0.0316325,1.35588,0.171082,0.00509161,0.000975818,0.105083,0.0555858,0.0651998,-0.0150075],[-0.0018206,-0.00466984,0.0043117,0.00315905,0.00276435,0.00699006,0.00140371,-0.00429421,-0.0154336,-0.00107792,-0.00120191,-0.000716587,1.01282,-0.00110973,0.0011777,-0.031126,0.0090944,0.00266094,0.00127891],[0.0818102,0.336221,-0.0371577,0.361418,-0.11508,-0.0493794,-0.027208,-0.0197857,-0.230526,0.0451629,-0.0267023,0.652843,-4.79019,1.01846,0.033635,0.545701,2.56294,-1.19267,-0.00869989],[-0.161239,-0.277039,0.184964,-1.20744,0.594211,-1.67101,0.221872,0.0587987,-1.34311,-0.0236689,-0.0242918,-1.24824,-2.33017,-0.00300205,0.982754,-1.92783,0.400476,0.305163,-0.00344046],[-0.00372445,-0.0106966,0.012306,-0.0285079,0.0285531,-0.0323104,0.00726939,-0.00456418,-0.0451491,0.00249196,0.0102438,0.0120654,0.122283,0.0100559,0.00538035,1.12675,0.0657736,0.0172549,0.0058446],[0.0081344,0.0201966,0.00364813,-0.0329923,0.0318557,0.0679106,0.0219361,-0.0168043,0.00955394,0.00331591,0.00302904,0.0088479,0.354218,0.00626758,-0.0069554,0.0567634,0.27845,0.0364273,-0.000164376],[-0.0250337,0.0138882,0.0567781,0.0366058,-0.170652,0.235549,0.0523441,0.0487486,0.237585,0.0274748,0.00656429,-0.224344,1.14176,0.00585975,0.00794885,0.112417,-0.67555,0.408487,-0.00417697],[-0.0277633,0.0293696,-0.144049,-0.16139,-0.242974,-0.0885112,0.0796088,0.230582,-0.120585,-0.0243462,-0.203074,0.146367,2.83416,-0.230396,-0.181584,1.66801,-1.12456,0.664906,0.993076],[0.115196,0.0404423,-0.300558,-0.439984,0.303473,-0.430047,0.0321685,-0.0150396,0.287467,0.0475775,0.0155306,0.00953097,0.313065,0.0206364,-0.0517465,0.43994,0.584078,0.107389,0.00537107],[0.0670515,0.132309,0.0084015,0.166232,-0.14704,-0.203119,-0.0517559,0.0079694,0.0238744,0.00274785,0.00839832,0.101825,-0.963899,0.00186552,0.00120587,-0.150513,0.190952,0.120771,-0.0167042],[-0.0179704,-0.0350583,0.0896959,-0.018788,0.272933,0.466177,0.0999215,-0.0183281,0.343493,0.0460212,0.0216949,-0.129701,1.6266,0.0426275,0.00862672,0.670748,0.259192,0.310913,0.0315151],[-0.0318187,0.00966589,0.00371177,0.00673431,-0.0512034,0.040109,-0.024658,0.00404425,-0.140774,0.00442257,-0.00860091,0.0151935,-0.339967,-0.000674413,0.0128532,-0.0785851,-0.0680886,-0.0278542,0.0124338],[-0.00928552,-0.042114,0.0622628,-0.0130765,0.114913,-0.105765,-0.0257481,-0.00170864,-0.148508,-0.0210837,-0.0165133,0.0742589,-1.52731,-0.0109216,0.0103741,-0.275386,-0.2764,-0.0528329,-0.0201298],[-0.000116413,0.00651059,-0.0120413,-0.092141,-0.000976275,0.158077,-0.0191234,0.00171086,0.185117,0.000362548,-0.00799961,0.0449493,-0.605444,-0.0239611,-0.0264029,0.288732,-0.054516,-0.0174145,-0.00391095],[0.0222305,-0.0667187,0.0884495,0.998713,-0.00823513,0.254195,-0.0484507,0.118837,0.327615,0.00632496,-0.076707,-0.362778,1.22469,-0.0171687,-0.0553527,0.921474,1.24233,-0.168977,-0.0813116],[-0.0720017,-0.152642,-0.12918,-0.337136,-0.131347,-0.515701,0.137492,0.299498,-0.0392467,0.0213258,-0.0885342,-0.95624,-0.620786,-0.0965827,-0.0987505,-0.429124,-0.971471,0.462636,-0.00248767],[0.003534,-0.0108264,0.00374695,-0.011807,0.0416754,-0.050717,0.0145092,0.00805599,-0.0329298,-0.0108821,0.00361938,-0.00498345,-0.103068,0.00133839,0.0102784,-0.126042,-0.160134,0.0182955,-0.00870482],[0.0224469,0.00260022,0.126686,0.0494938,0.0220808,-0.427381,-0.243444,0.103743,0.120065,-0.180833,0.0201828,0.757482,1.66178,-0.0107178,-0.0267174,-0.63185,-0.356468,-0.0624573,-0.0870093],[-0.0504727,0.0103474,0.0139271,-0.618798,0.722833,-0.439346,0.144119,-0.0447476,-0.315331,-0.156622,-0.058044,-0.131277,-2.29987,-0.00484783,0.0155543,-0.546913,-0.759845,-0.0744584,-0.143126],[-0.0133396,-0.00263462,-0.0294235,-0.1461,0.0771682,-0.0341717,-0.024799,-0.0272196,-0.0794957,-0.00649623,-0.0160964,-0.257302,-0.166219,-0.00608423,0.00313856,-0.0962486,-0.0643792,-0.0409053,0.0151794],[0.000580244,-0.00128807,-0.00297357,-0.000902241,0.00167362,-0.0125057,0.000449992,0.0042851,-0.00211982,9.14039e-05,0.000849564,-0.00686559,-0.0288088,0.00163821,0.000677827,0.00696623,0.0181512,-0.00436545,-0.00156706],[-0.0101157,-0.128015,-0.0698205,-0.0803661,0.696001,0.280959,-0.0057119,-0.0479015,-0.160386,0.00772103,-0.0450715,-0.474909,0.433492,-0.0983094,-0.0515608,-0.632802,-1.79387,0.512642,-0.0306806],[0.0853558,0.224624,-0.0380028,0.759655,-0.486602,1.04826,-0.114327,-0.151049,1.05172,0.0733722,0.0200754,0.749204,2.79299,-0.015612,0.011139,1.57602,0.344026,-0.28818,0.0129484],[0.00586234,0.00939855,-0.0159985,0.0256472,-0.0173445,0.0231618,-0.0118709,0.000556978,-0.00461381,-0.00426068,-0.00998882,0.000492216,-0.132784,-0.0123564,-0.00290097,-0.118144,-0.0618864,-0.00828892,-0.00464209],[-0.0121408,-0.0363972,0.0213058,0.0166179,0.0106688,-0.0242443,-0.0203943,0.00300124,-0.0537634,-0.00594609,-0.00951105,0.0249879,-0.279216,-0.00527503,-0.000513875,-0.0523943,0.0504713,-0.00271815,0.00311227],[0.0169599,-0.0446152,0.00672791,0.0660954,0.0460486,-0.216557,0.0362811,-0.0366061,-0.238269,-0.00325336,-0.00673171,-0.135192,-0.535886,0.0021789,0.019682,-0.542453,-0.0248044,-0.202934,-0.00572795],[0.100797,0.0148938,0.0538359,0.011613,0.327699,-0.136088,-0.130941,-0.127111,-0.15962,-0.030118,0.157444,0.00935533,-3.41547,0.163579,0.169206,-1.25325,2.78415,-0.326873,-0.0308931],[0.0538717,-0.0217744,0.183473,-0.0613872,-0.168145,-0.0174991,0.0269301,0.00437432,0.0762036,0.00929166,-0.00494492,0.0882722,0.511915,-0.00424906,-0.0176467,0.159865,0.450166,-0.212719,0.031006],[-0.053103,-0.036628,0.0988419,-0.123619,-0.268402,-0.291899,-0.0175029,0.01521,-0.573291,-0.0382716,-0.0558707,0.0341874,-0.69013,-0.029667,-0.00347803,-0.301453,-0.35461,-0.200305,-0.00826649],[-0.0194625,-0.00261931,0.033549,-0.130495,0.00213301,-0.266962,-0.0354546,0.0776616,0.00942556,-0.00831745,0.021505,0.048271,-0.0986415,0.0273297,0.00806015,0.100814,-0.236036,0.0443208,-0.00810829],[0.0157794,0.0207782,-0.00249228,-0.000946409,0.0861424,-0.0656787,0.00355508,-0.00546494,0.0112638,-0.00697645,0.005072,-0.0180627,-0.539982,0.000123306,0.00256345,-0.0381381,0.053081,0.0151383,-0.00602265],[0.0221759,0.0136334,0.0140331,0.164567,0.0636496,0.113339,0.0220272,0.0020634,0.18545,-0.00705073,0.0112498,-0.0174981,0.448735,0.00692948,0.00398059,0.0333748,0.0293837,0.0551392,-0.00128068],[-0.0044693,-0.00342797,-0.00315595,-0.0189394,-0.0320747,0.00963988,0.00896428,0.0128298,-0.0154027,-0.0051583,0.00153146,0.0064934,0.374114,0.00304256,-0.00979423,0.138535,0.0587674,0.0270563,0.00401522],[-0.0194755,0.0235797,0.053074,-0.0280507,0.114864,0.206065,-0.0333052,-0.0332359,0.147043,-0.0144162,-0.0158842,-0.148185,1.64535,-0.00203729,-0.000959564,0.930832,0.279174,0.0818136,0.0379051],[0.171908,0.300779,0.0787692,0.0622688,-0.125098,0.0168109,-0.100558,0.121825,-0.429676,0.0010442,0.0221707,-0.00722514,-3.00655,0.0260706,0.08687,-0.79501,-0.0646801,0.458781,0.0346941],[0.00211462,0.00881342,-0.0129569,-0.0362829,-0.00862159,-0.0487587,0.0164602,0.00300406,0.0147268,-0.000112239,0.00913496,-0.00126725,0.334054,0.00971774,0.00799267,0.0369714,-0.035218,0.00898698,0.00186287],[0.0911123,0.0679898,-0.189266,0.0285765,-0.158895,-0.313906,-0.0080161,0.0228662,0.337279,-0.0784825,0.0454441,0.0253333,-0.170207,0.0195316,-0.00740646,-0.107948,-0.267865,0.0203432,-0.0560324],[-0.038887,-0.0214775,0.164922,-0.289506,-0.298606,-0.606165,-0.0181194,0.0435981,-0.0535118,-0.0610053,-0.0407064,0.261546,-1.59322,-0.0604288,-0.0421607,-0.104974,0.903029,-0.143369,0.00207355],[-0.00190142,-0.0377599,0.0179224,0.0699434,0.00805081,-0.0599484,-0.0107219,0.0178375,-0.0929124,-0.0080577,-0.0154573,-0.0997158,-0.00207908,0.00101199,-0.00419336,-0.00675203,0.00890673,-0.0239196,-0.000334006],[0.000738613,0.00557941,-0.00332453,-0.00482062,-0.00157623,0.00484745,-0.00197136,0.000311824,0.0139259,0.000818633,-8.32411e-05,0.00418885,-0.0338809,-0.000837621,-0.00169814,0.0200947,-0.0292089,0.00210909,0.00025052],[-0.0851415,-0.194506,0.14753,-0.203655,-0.63151,-0.0767801,0.0697212,0.0502589,0.517528,-0.00993476,0.0769695,-0.127244,4.56561,0.0596455,0.0019421,0.405583,-0.773865,0.635276,0.0465229],[0.0505819,0.0220149,-0.165521,0.444487,-0.055939,0.592377,-0.0656138,0.10816,0.413427,-0.0465865,-0.00490452,0.503108,-0.550239,0.00387774,-0.0266944,0.21192,-0.67828,-0.0702506,-0.0179396],[-0.00249395,0.000701499,0.00482951,0.0030263,-0.0110685,0.0103839,0.0047952,0.00381476,0.0477399,0.00173761,-7.69257e-05,-0.0119982,0.00870004,0.00238965,-0.0020951,-0.00936938,-0.00603587,-0.0086202,-0.00126236],[0.0246411,0.0562118,-0.00465827,0.00119912,0.0522926,0.0399662,0.00808829,-0.003333,5.48806e-06,0.00206753,0.00550486,-0.0420565,-0.0567682,0.00218139,0.00400293,-0.0804086,0.00293494,-0.00688872,0.000507752],[0.00176123,0.00805775,-0.0273034,0.103681,-0.120099,0.0318308,-0.0146397,-0.0415521,-0.0936232,0.00324774,-0.00519692,0.043558,-0.344302,-0.0113626,0.0184844,-0.371541,0.135105,0.0216546,0.0112122],[-0.0721569,-0.24346,0.0688628,0.157578,0.226686,-0.304491,-0.00870487,-0.0647082,-0.834902,-0.0190427,-0.023769,-0.0730488,-2.94645,0.00916294,0.0630714,-2.11002,-2.14411,-0.432979,-0.0530414]],"sigmahat":[[0.213754,0.238594,-0.0179709,0.330483,0.190455,0.355252,-0.00273261,-0.00216964,0.360953,0.0166101,0.034119,0.0714174,0.863174,0.0218393,0.00866554,0.283558,0.706816,0.106183,0.0105369],[0.238594,0.539949,-0.0998571,0.191523,0.0846031,0.615732,0.0534036,-0.0161392,0.425442,0.0182072,0.0534759,0.0280422,1.91024,0.0393499,0.0280931,0.364039,1.05572,0.157721,0.0155478],[-0.0179709,-0.0998571,0.492063,0.0124913,-0.0813165,-0.0605123,-0.0327356,0.0201064,-0.354666,-0.0192154,-0.0011356,0.133749,0.165553,0.00856542,0.0341025,-0.521627,-0.00268809,0.0822614,-0.00576801],[0.330483,0.191523,0.0124913,3.06038,0.0843563,1.21802,-0.00918852,-0.000945378,1.10526,0.0466478,0.0666443,0.563951,1.08029,0.0250516,0.0180594,0.441254,1.05518,0.124125,0.0158736],[0.190455,0.0846031,-0.0813165,0.0843563,2.55103,0.905511,0.0462196,0.0450381,-0.0681616,0.0445636,-0.0105618,-0.323719,-1.57447,-0.0336359,-0.0332951,-0.658808,-0.439548,0.0725765,0.0260214],[0.355252,0.615732,-0.0605123,1.21802,0.905511,4.02268,0.155691,0.0071653,2.3895,0.154782,0.11187,0.117077,7.25772,0.0551149,-0.083238,3.10805,2.29287,0.511189,0.107844],[-0.00273261,0.0534036,-0.0327356,-0.00918852,0.0462196,0.155691,0.155065,-0.00995584,0.249651,0.0175663,0.033661,-0.109725,1.88432,0.0349239,0.00611175,0.462751,0.304902,0.0994615,0.0146585],[-0.00216964,-0.0161392,0.0201064,-0.000945378,0.0450381,0.0071653,-0.00995584,0.101864,-0.0438042,-0.00931564,-0.00438471,-0.0924885,-0.687494,-0.00201804,-0.00669627,-0.106325,-0.120708,0.0855921,-0.00863245],[0.360953,0.425442,-0.354666,1.10526,-0.0681616,2.3895,0.249651,-0.0438042,7.0135,0.278181,0.248979,0.141972,15.916,0.0821152,-0.330407,8.07448,2.56927,0.962666,0.103948],[0.0166101,0.0182072,-0.0192154,0.0466478,0.0445636,0.154782,0.0175663,-0.00931564,0.278181,0.039662,0.0134704,-0.00169898,0.988508,0.00565336,-0.0158427,0.480608,0.197792,0.0397088,0.0177767],[0.034119,0.0534759,-0.0011356,0.0666443,-0.0105618,0.11187,0.033661,-0.00438471,0.248979,0.0134704,0.069456,0.058019,1.50846,0.0585267,0.0291155,0.479945,0.246167,0.103329,0.0169138],[0.0714174,0.0280422,0.133749,0.563951,-0.323719,0.117077,-0.109725,-0.0924885,0.141972,-0.00169898,0.058019,1.57571,1.7769,0.0354042,0.0185598,0.699444,0.839765,-0.141736,0.0392631],[0.863174,1.91024,0.165553,1.08029,-1.57447,7.25772,1.88432,-0.687494,15.916,0.988508,1.50846,1.7769,148.67,1.23814,-0.455397,31.9736,20.1585,4.52089,0.772296],[0.0218393,0.0393499,0.00856542,0.0250516,-0.0336359,0.0551149,0.0349239,-0.00201804,0.0821152,0.00565336,0.0585267,0.0354042,1.23814,0.0726769,0.0412251,0.440374,0.245321,0.0522166,0.015957],[0.00866554,0.0280931,0.0341025,0.0180594,-0.0332951,-0.083238,0.00611175,-0.00669627,-0.330407,-0.0158427,0.0291155,0.0185598,-0.455397,0.0412251,0.0772593,-0.489066,0.00113346,-0.00863889,-0.000536076],[0.283558,0.364039,-0.521627,0.441254,-0.658808,3.10805,0.462751,-0.106325,8.07448,0.480608,0.479945,0.699444,31.9736,0.440374,-0.489066,22.3911,6.65589,1.12423,0.432502],[0.706816,1.05572,-0.00268809,1.05518,-0.439548,2.29287,0.304902,-0.120708,2.56927,0.197792,0.246167,0.839765,20.1585,0.245321,0.00113346,6.65589,17.3701,0.0812352,0.172372],[0.106183,0.157721,0.0822614,0.124125,0.0725765,0.511189,0.0994615,0.0855921,0.962666,0.0397088,0.103329,-0.141736,4.52089,0.0522166,-0.00863889,1.12423,0.0812352,1.16575,0.0321936],[0.0105369,0.0155478,-0.00576801,0.0158736,0.0260214,0.107844,0.0146585,-0.00863245,0.103948,0.0177767,0.0169138,0.0392631,0.772296,0.015957,-0.000536076,0.432502,0.172372,0.0321936,0.0412612]],"n":19,"lags":3}