{"betahat":[[0.746629,0.850191,1.4876,0.371642,-0.607539,-0.0516095,0.547257,0.208858,3.29937,0.099104,0.159296,12.4576,0.205238,-0.291112,8.23073,4.03184,1.67347,0.0829913],[0.85405,-0.0138882,0.1076,0.44764,-0.154519,0.5005,-0.0510729,-0.0127283,-0.439497,-0.0467246,-0.0117598,0.397079,-0.000477594,0.0742149,-0.411327,-0.508787,0.0546174,-0.0270008],[-0.013479,0.929866,-0.102264,0.00376805,0.381875,0.538722,0.0633312,-0.02237,0.604458,0.0372374,0.0432142,1.56873,0.0248626,-0.00242979,0.458925,0.0287798,0.0894389,0.0278185],[0.0476393,0.0799756,0.925482,0.125381,-0.246282,-0.0592362,-0.0126846,-0.0689544,-0.236834,-0.0150658,-0.0145635,-0.135446,-0.0444439,-0.0139632,-0.452221,0.250468,-0.287163,-0.0147506],[0.016731,-0.0192166,-0.00300065,1.00158,-0.0451651,0.039859,0.0257893,0.00171408,0.139184,0.00320326,0.00757094,0.873602,0.000693845,-0.0131688,0.102185,0.0349068,0.0189398,-0.00750911],[-0.0122605,0.017941,-0.0710881,-0.149016,0.887813,-0.0232535,-0.000873611,-0.000364322,-0.0745853,0.0223555,-0.00273686,0.641768,-0.00146282,-0.0147633,0.109147,0.0993703,-0.0186705,0.0187471],[0.00536107,0.00816179,0.00567394,0.108953,0.0542327,0.89246,0.0115961,-0.0140735,-0.122537,0.00593289,0.00828353,-0.0160703,0.0180196,0.0323746,-0.422626,-0.0943277,-0.00682151,-0.00117265],[-0.031346,-0.0136363,-0.0984814,-0.933034,-0.057978,-0.447481,1.09584,-0.110831,-0.564696,0.0215788,0.0823204,-1.78745,0.0297114,0.0622662,-1.70319,-0.741987,-0.0724254,0.0483952],[-0.0708796,-0.154107,-0.00624742,0.181506,0.144062,0.210877,-0.0547859,0.553367,0.0273052,-0.0269892,0.00963582,3.23928,0.0349305,0.00948186,0.725501,1.17933,-1.12409,-0.0177029],[-0.00153669,0.00405895,0.0111435,0.0646509,-0.060543,0.0822573,-0.027067,-0.00677543,1.04604,0.0105165,-0.00929586,-0.216086,-0.00914703,-0.0159122,0.0778069,0.21586,-0.0243199,0.00684741],[-0.133285,-0.133498,0.15607,0.00915204,-0.099403,0.480357,0.20621,-0.114799,-0.599179,1.23488,-0.0756018,-0.519193,-0.00185789,0.048009,1.06111,0.942019,-0.0711793,0.15306],[0.140044,0.10648,-0.0476332,1.16184,-0.857153,1.16469,-0.0113543,0.0174411,0.812749,0.265687,1.16279,4.35994,0.072615,0.0363498,1.19851,1.73557,0.20407,0.0946864],[-0.00230276,-0.00511653,0.00292227,-0.00019691,0.0049647,0.0065515,0.00132541,-0.00472492,-0.0134362,-0.000762307,-0.00197507,1.03521,-0.00205406,0.000160641,-0.0405982,-0.0101861,0.00153986,0.00191567],[0.0305582,0.286688,-0.173834,0.117557,0.425361,0.103559,-0.0634132,-0.0293374,-0.218678,0.0382528,-0.0594549,-4.62982,1.00404,-0.013255,0.215602,0.966862,-0.969738,0.0326647],[-0.123569,-0.278702,0.139754,-1.1037,0.507621,-1.74734,0.137646,0.109058,-1.6293,-0.0638932,-0.0602909,-4.13951,-0.0258149,1.0121,-2.35513,-0.422836,0.370223,-0.00232201],[-0.0010034,-0.000444667,0.00664462,-0.031082,0.0289554,-0.0134289,0.00578192,-0.00602527,-0.0492478,0.00293536,0.0100462,0.140529,0.0103814,0.00633392,1.15386,0.0512689,0.0178333,0.00671786],[0.00296545,0.0107829,-0.00356488,-0.0503651,0.0806182,0.0898921,0.0291429,-0.0139432,0.0393337,0.00362152,0.0027948,0.284429,-0.001262,-0.0130761,-0.0656893,0.223737,0.097059,-0.000215723],[-0.0246197,0.0150899,0.0482187,-0.0142438,-0.0758641,0.257067,0.0501747,0.0450251,0.205314,0.018579,0.00895438,0.883248,0.0124966,0.0075272,0.122411,-0.599317,0.503061,-0.00645704],[-0.0266153,0.0841038,-0.149091,-0.0380237,-0.416226,0.0754961,0.0806787,0.2559,0.356069,-0.0167195,-0.182643,3.12706,-0.210609,-0.197241,2.12348,-1.28704,0.620197,1.01692],[0.117064,0.0462951,-0.283329,-0.382258,0.326282,-0.50084,0.00950259,-0.00310835,0.248443,0.0391367,0.0135443,-0.633967,0.0138091,-0.0412279,0.194685,0.299399,0.0902488,0.0014121],[0.057604,0.116439,0.0078336,0.0710732,-0.11116,-0.23594,-0.0397404,-0.00075907,-0.0367398,0.00230038,0.00567403,-0.602221,0.000699652,-0.00246149,-0.122549,0.14943,0.0863981,-0.0158981],[-0.0216777,-0.0560511,0.0688687,-0.0188714,0.217833,0.306566,0.0493644,-0.00106351,0.258773,0.027815,0.00980042,0.489463,0.0305242,0.0132097,0.425064,0.0298776,0.237408,0.0205745],[-0.0286751,0.0112688,0.00232289,0.00218327,-0.0395182,0.0421154,-0.0282265,0.00142415,-0.124972,0.00426451,-0.0103133,-0.32852,-0.0013778,0.0107862,-0.0513574,-0.036187,-0.0219877,0.0130702],[-0.00579503,-0.0305791,0.0517156,-0.00814478,0.0856451,-0.0750592,-0.0208734,-0.00215001,-0.125155,-0.0189872,-0.0130154,-1.04324,-0.00555307,0.00913899,-0.156108,-0.157121,-0.0440694,-0.0163613],[0.0030724,0.0090171,-0.00993934,-0.0927421,-0.0159082,0.130536,-0.0156797,8.11771e-05,0.163042,0.0012061,-0.008244,-0.261928,-0.0200471,-0.0251468,0.317023,0.0194873,-0.0160757,-0.000703355],[0.0499138,0.00974327,0.0358095,0.990614,0.0211637,0.346616,-0.0463285,0.150065,0.345414,-0.00633457,-0.0690049,0.298228,-0.0287974,-0.0568119,0.688945,0.42939,-0.0131734,-0.0851594],[-0.0774259,-0.178925,-0.0494008,-0.157584,-0.183307,-0.434572,0.118649,0.321954,0.0951177,0.0162474,-0.055378,-1.24674,-0.0728746,-0.075819,-0.376589,-0.715909,0.58742,-0.0260448],[-0.00322503,-0.0191208,0.00129581,-0.0235725,0.0521383,-0.0514481,0.0100414,0.0036847,-0.048883,-0.0102079,0.000523747,-0.078601,0.000794861,0.00841979,-0.0899293,-0.164327,0.00689824,-0.00755736],[0.0413343,0.0233143,0.0328854,0.0154507,0.20418,-0.340814,-0.207514,0.118259,0.0744398,-0.185914,0.00677428,-0.581901,-0.035676,-0.0271181,-1.25306,-0.997854,-0.016435,-0.110204],[-0.0850936,-0.0395348,-0.033372,-0.767809,0.926657,-0.585852,0.0723953,-0.0597494,-0.681753,-0.17294,-0.10555,-3.01451,-0.0315112,0.00482697,-1.11491,-1.59621,-0.0998071,-0.11935],[0.000699746,-2.07645e-05,-0.00462349,-0.00126875,0.0023029,-0.0120223,8.6972e-05,0.0040069,-0.00927584,-0.000273601,0.000902053,-0.0573212,0.00208567,0.00137426,0.00975638,0.000617532,-0.00620603,-0.00198869],[0.0760431,0.00726993,-0.0448593,0.0318339,0.383228,0.21939,0.0214638,-0.0462472,-0.250621,-0.000539268,-0.012323,0.434771,-0.0613513,-0.00363131,-0.460317,-0.776046,0.409222,-0.0585382],[0.0996869,0.27523,-0.00897613,0.74056,-0.442274,1.15541,-0.0811518,-0.164285,1.16453,0.0884728,0.0373733,3.484,0.00320957,0.0113839,1.76007,0.701962,-0.303943,0.0193888],[0.0011423,-0.00215061,-0.00971721,0.0219247,-0.01907,0.00124629,-0.0107407,0.00160886,-0.0108898,-0.0047686,-0.00946504,-0.180188,-0.0117791,-0.00268476,-0.140773,-0.0602308,-0.0133557,-0.00636222],[0.0162002,0.0125039,0.004051,0.0665555,-0.0367981,0.0179017,-0.0305637,0.00929144,-0.0201304,-0.00766232,-0.00610986,0.0123635,-0.00107474,0.00575349,0.04774,0.235499,0.00547034,0.0077377],[0.0122441,-0.0593766,-0.00360702,0.0593197,0.0732325,-0.210851,0.0234206,-0.0317251,-0.256125,-0.00950837,-0.0156263,-0.426214,-0.000264071,0.0173926,-0.466973,0.0513869,-0.159501,-0.00218406],[0.0394082,-0.0244109,0.0153053,-0.183109,0.46326,-0.0845606,-0.0916998,-0.164496,-0.2135,-0.0161152,0.158997,-3.20239,0.146449,0.158362,-1.4062,2.08121,-0.240592,-0.0212235],[0.0288759,-0.0324268,0.175738,-0.0653844,-0.171746,0.000350665,0.0415655,0.0158398,0.191042,0.00758604,-0.00178433,0.236677,-0.0133302,-0.0329847,0.216668,0.209314,-0.144859,0.0255875],[-0.0441379,-0.0463306,0.0944385,-0.0748453,-0.27069,-0.302769,-0.0235987,0.0231329,-0.56773,-0.0395403,-0.0488891,-0.966771,-0.0255618,0.00489325,-0.336353,-0.178297,-0.175829,-0.0119214],[-0.0259774,-0.023949,0.00566352,-0.106498,0.0284609,-0.247295,-0.0366777,0.0700223,-0.0219261,-0.0127502,0.00476888,-0.3542,0.0139254,0.000757432,0.0272599,-0.280465,0.0497764,-0.00582576],[0.0119292,0.00792464,0.00067615,-0.00380743,0.0847349,-0.0819577,0.00242873,-0.0031334,-0.0142351,-0.0074717,0.00274091,-0.545381,0.000685187,0.00238513,-0.0507736,0.0011937,0.00306543,-0.00556058],[0.018034,0.012596,0.0193906,0.157144,0.026548,0.0983041,0.021735,0.00251777,0.199703,-0.00337205,0.0157494,0.401114,0.0070149,0.00562753,0.0469397,0.0576179,0.0627386,-0.00238862],[-0.00846254,-0.0172334,0.00427132,-0.0162485,-0.0382577,-0.0229903,0.00406531,0.0139999,-0.0405495,-0.00714652,-4.36929e-05,0.277478,0.00202734,-0.00722303,0.105626,0.0746582,0.0229178,0.00187576],[-0.0186859,0.0037143,0.0627409,-0.0576189,0.0369439,0.101055,-0.0495378,-0.0392098,0.219298,-0.0152565,-0.0132999,1.48788,-0.000891737,-0.00544214,1.01465,0.311914,0.0856533,0.036756],[0.156744,0.337,0.0560212,-0.0611861,0.0484573,0.174955,-0.0669922,0.102259,-0.210061,0.0129414,0.0324566,-2.09612,0.0282198,0.0627003,-0.496676,-0.391071,0.471768,0.043992],[0.00477578,0.0150354,-0.0124718,-0.0411656,0.00869968,-0.0308748,0.016969,0.00310103,0.00244423,-0.00032529,0.008746,0.293891,0.00834627,0.00750209,0.0121051,-0.0515027,0.0174569,0.000734892],[0.0981446,0.126399,-0.220992,0.0425386,-0.111071,-0.128456,-0.00769581,0.01151,0.463354,-0.0731059,0.05761,0.737996,0.0260013,-0.0181407,0.127174,0.156138,0.0495088,-0.0488267],[-0.0445513,-0.0385252,0.0543146,-0.356836,-0.0469701,-0.504245,-0.0545268,0.0464627,-0.0979883,-0.0917126,-0.0693574,-1.39851,-0.0539792,-0.0520659,-0.0804611,-0.0151938,-0.128943,0.0250695],[0.00141066,0.00489627,0.00129256,0.000845531,-0.00642398,0.00531689,-0.0015264,0.000871481,0.021653,0.000937498,0.000966977,0.0100622,-5.90931e-05,-0.00143494,0.030226,0.00833284,0.0050107,8.40007e-05],[-0.108503,-0.288158,0.220245,-0.108732,-0.822662,-0.264529,0.0553057,0.0734542,0.505628,-0.0285231,0.0699351,4.33494,0.0471783,0.00878963,0.320632,-0.123775,0.539629,0.0254081],[0.0233255,0.00853053,-0.141049,0.382313,-0.0536372,0.602078,-0.0461523,0.0589894,0.500524,-0.0244508,0.0176337,0.636225,0.0147053,-0.0339807,0.55549,-0.231755,-0.0874406,-0.0199263],[-0.000279709,0.0023346,0.00337778,0.00915795,-0.00978954,0.0123942,0.00498616,0.00442533,0.0595504,0.00182326,-0.000516839,0.0380016,0.0014365,-0.00353043,-0.0133536,0.00783482,-0.00420534,-0.000385176],[0.0126615,0.0255772,0.0179949,0.0176103,0.0149788,-0.0164356,0.00365645,-0.00469958,-0.0194924,0.00281442,0.00632476,0.00208756,0.00320161,0.0075526,-0.0635232,0.157609,-0.0469185,-0.00182011],[0.0133081,0.0268675,-0.0387736,0.0899144,-0.0903514,0.0273052,-0.0246972,-0.0310985,-0.124667,-0.00437636,-0.00541367,-0.564956,-0.00695083,0.0229214,-0.362505,0.239533,0.0433657,0.0118676],[-0.00873505,-0.116565,0.121894,0.256112,0.048781,-0.138031,-0.00322437,-0.0803569,-0.511578,0.00497148,-0.000163827,-1.07112,0.0386464,0.0570831,-1.32125,-0.973603,-0.419608,-0.0285611]],"sigmahat":[[0.223606,0.272149,-0.0354116,0.299684,0.234849,0.366401,0.0127579,-0.00750813,0.346278,0.0191711,0.0365386,0.61458,0.0183074,0.00444304,0.220545,0.316636,0.0952103,0.00869954],[0.272149,0.654762,-0.124294,0.149223,0.133632,0.701069,0.0962223,-0.0312269,0.432449,0.0293579,0.0690689,1.75733,0.0421447,0.0275991,0.262696,0.693649,0.129357,0.0128317],[-0.0354116,-0.124294,0.49066,-0.0134851,-0.0376528,-0.0460819,-0.0421012,0.0239517,-0.322486,-0.0201057,-0.00378859,-0.0131679,0.00423131,0.0267096,-0.429652,-0.483157,0.14241,-0.00140997],[0.299684,0.149223,-0.0134851,3.19582,0.0922785,1.24079,0.00865888,0.0107102,1.1973,0.0505031,0.0651523,0.823735,0.0104525,0.00208449,0.548054,0.138395,0.131521,0.0144306],[0.234849,0.133632,-0.0376528,0.0922785,2.61882,0.898783,0.0420285,0.0316941,-0.276415,0.0397614,-0.0152385,-1.23442,-0.0140274,-0.0190946,-0.565731,-0.055622,-0.0222664,0.0217316],[0.366401,0.701069,-0.0460819,1.24079,0.898783,4.18743,0.207158,-0.011765,2.43929,0.188139,0.138868,6.74027,0.0599905,-0.0843121,3.27484,1.34818,0.441984,0.104244],[0.0127579,0.0962223,-0.0421012,0.00865888,0.0420285,0.207158,0.168797,-0.00966162,0.287822,0.0228827,0.0418688,1.84908,0.0381536,0.00822638,0.490178,0.21187,0.0979617,0.013948],[-0.00750813,-0.0312269,0.0239517,0.0107102,0.0316941,-0.011765,-0.00966162,0.121228,0.00755655,-0.0125747,-0.00405791,-0.56915,-0.00224202,-0.0118829,-0.0026536,-0.158552,0.120638,-0.00967631],[0.346278,0.432449,-0.322486,1.1973,-0.276415,2.43929,0.287822,0.00755655,7.64992,0.313693,0.299039,15.5986,0.0822118,-0.360993,8.82949,1.38728,1.07395,0.104678],[0.0191711,0.0293579,-0.0201057,0.0505031,0.0397614,0.188139,0.0228827,-0.0125747,0.313693,0.0467737,0.0178482,1.03391,0.00765129,-0.015982,0.514208,0.203995,0.0433363,0.0199939],[0.0365386,0.0690689,-0.00378859,0.0651523,-0.0152385,0.138868,0.0418688,-0.00405791,0.299039,0.0178482,0.0808001,1.5699,0.0632061,0.0309698,0.526844,0.0981667,0.129476,0.0177275],[0.61458,1.75733,-0.0131679,0.823735,-1.23442,6.74027,1.84908,-0.56915,15.5986,1.03391,1.5699,126.897,1.07879,-0.423126,26.8859,9.08883,4.69399,0.674127],[0.0183074,0.0421447,0.00423131,0.0104525,-0.0140274,0.0599905,0.0381536,-0.00224202,0.0822118,0.00765129,0.0632061,1.07879,0.0748948,0.04323,0.392494,0.0350131,0.0699687,0.0173044],[0.00444304,0.0275991,0.0267096,0.00208449,-0.0190946,-0.0843121,0.00822638,-0.0118829,-0.360993,-0.015982,0.0309698,-0.423126,0.04323,0.0818227,-0.539898,-0.085755,-0.00385122,0.000334501],[0.220545,0.262696,-0.429652,0.548054,-0.565731,3.27484,0.490178,-0.0026536,8.82949,0.514208,0.526844,26.8859,0.392494,-0.539898,22.35,4.25968,1.58252,0.426158],[0.316636,0.693649,-0.483157,0.138395,-0.055622,1.34818,0.21187,-0.158552,1.38728,0.203995,0.0981667,9.08883,0.0350131,-0.085755,4.25968,8.84286,-0.0628899,0.15641],[0.0952103,0.129357,0.14241,0.131521,-0.0222664,0.441984,0.0979617,0.120638,1.07395,0.0433363,0.129476,4.69399,0.0699687,-0.00385122,1.58252,-0.0628899,1.29434,0.0296267],[0.00869954,0.0128317,-0.00140997,0.0144306,0.0217316,0.104244,0.013948,-0.00967631,0.104678,0.0199939,0.0177275,0.674127,0.0173044,0.000334501,0.426158,0.15641,0.0296267,0.0441897]],"n":18,"lags":3}