{"betahat":[[0.94521,1.23173,1.59283,0.85589,-1.5159,-0.192495,0.630461,0.336067,4.19992,0.136499,0.333622,19.0529,0.372385,-0.24701,9.33511,5.48151,2.08087,0.111837],[0.845607,-0.0240538,0.116091,0.450615,-0.135455,0.527564,-0.0510913,-0.00752804,-0.484461,-0.0523989,-0.0185427,0.154946,-0.00274091,0.0721985,-0.429268,-0.507931,0.047888,-0.0247768],[-0.0178573,0.917164,-0.115452,-0.0187312,0.384464,0.5067,0.0596154,-0.0264154,0.599134,0.0366484,0.0445942,1.56,0.0251243,-0.00050571,0.496526,0.0805489,0.0781387,0.025654],[0.0497448,0.0774247,0.919233,0.116545,-0.219638,-0.0836211,-0.0180389,-0.0667588,-0.261337,-0.0193343,-0.0196425,-0.23547,-0.0482325,-0.0148329,-0.518956,0.222381,-0.286005,-0.0172904],[0.0193274,-0.0167742,-0.00468078,0.996742,-0.0379088,0.0410293,0.0267431,0.000736796,0.146257,0.00424993,0.00796078,0.89408,0.000511735,-0.0137543,0.116096,0.0452879,0.0188599,-0.00773359],[-0.011993,0.0193693,-0.0709755,-0.151247,0.885015,-0.0111651,-0.000137264,0.00147081,-0.0635546,0.0224943,-0.00151524,0.724363,1.93319e-05,-0.0159292,0.129604,0.105162,-0.0173379,0.018448],[0.00335111,0.00267015,0.00800433,0.111586,0.0448774,0.868893,0.0112799,-0.014341,-0.13365,0.00547243,0.00778104,-0.0394633,0.0178667,0.0333715,-0.459544,-0.0917017,-0.00694082,-0.00265603],[-0.0377507,-0.0165534,-0.0936789,-0.983717,-0.0300266,-0.456326,1.09471,-0.113413,-0.509233,0.0224184,0.0841258,-1.48918,0.0317411,0.0546713,-1.60261,-0.763607,-0.0578869,0.0521717],[-0.0755351,-0.171492,0.021203,0.166984,0.161818,0.189315,-0.0619434,0.53403,-0.0640358,-0.0335839,0.00451246,3.34348,0.037998,0.012516,0.660061,1.17598,-1.14679,-0.0160257],[-0.00211081,0.00151286,0.0131799,0.0629636,-0.0582575,0.0846719,-0.0288569,-0.00629616,1.03437,0.0107583,-0.0103488,-0.268643,-0.0102662,-0.0164968,0.0653058,0.201334,-0.0218458,0.00674534],[-0.139654,-0.160482,0.115083,-0.00108928,-0.0979459,0.454621,0.189855,-0.112224,-0.658347,1.21676,-0.0814941,-0.747363,-0.00272335,0.0491316,1.14331,1.04082,-0.0807972,0.154468],[0.123295,0.0910417,-0.0505575,1.19393,-0.989856,1.04164,-0.0100759,0.0158155,0.832398,0.261555,1.17034,4.33527,0.0735488,0.0405286,1.16348,1.65523,0.228725,0.0890236],[-0.00227521,-0.00436465,0.00295633,-0.00202823,0.00515814,0.00671247,0.00135223,-0.00482917,-0.0157964,-0.000928602,-0.00200006,1.03355,-0.00207041,0.000460422,-0.0387386,-0.00584501,0.00241513,0.00201379],[0.025537,0.292838,-0.191504,0.100964,0.459946,0.208577,-0.0573672,-0.0135944,-0.197834,0.0413215,-0.0680131,-4.528,0.996168,-0.01735,0.226556,0.952323,-0.980046,0.0343103],[-0.130836,-0.300558,0.155816,-1.12444,0.592017,-1.76539,0.138516,0.106856,-1.70602,-0.0571121,-0.0646085,-4.1817,-0.023702,1.01117,-2.33332,-0.349255,0.361253,0.00393557],[-0.0010193,-0.00147707,0.00616416,-0.0309922,0.0345827,-0.0156693,0.00600136,-0.00639976,-0.049559,0.00292766,0.0100331,0.142164,0.0105956,0.0060409,1.15517,0.0599707,0.0142051,0.00661245],[0.00648441,0.0160041,0.00348359,-0.0404461,0.0894312,0.107902,0.0302535,-0.0137473,0.0441515,0.00358175,0.00400389,0.321397,-0.000251813,-0.0122655,-0.0863109,0.164033,0.106926,7.90983e-05],[-0.0223423,0.0274739,0.0413852,-0.0119991,-0.0798106,0.269731,0.055494,0.0434001,0.211872,0.0218457,0.0073056,0.93219,0.00994489,0.00601836,0.0965235,-0.578241,0.476313,-0.00705253],[-0.041507,0.0400662,-0.155969,-0.124448,-0.42843,-0.0491342,0.080365,0.258126,0.234568,-0.0181753,-0.185386,2.8666,-0.215261,-0.199269,1.98626,-1.3133,0.642858,1.01148],[0.114991,0.0516054,-0.291704,-0.38731,0.311871,-0.483101,0.0142573,-0.00602089,0.332099,0.0445222,0.0181108,-0.398283,0.013917,-0.0472916,0.342897,0.318647,0.0967415,0.00366082],[0.0643721,0.128025,0.0116337,0.0884858,-0.106044,-0.216566,-0.03759,0.00143826,-0.0276145,0.00347293,0.00868255,-0.555385,0.00443951,-0.000927292,-0.155111,0.109343,0.104439,-0.0142508],[-0.0211016,-0.0529848,0.0716889,-0.00182979,0.208722,0.335209,0.0526248,-0.00381105,0.264836,0.0297483,0.0128058,0.523531,0.0335919,0.0141001,0.457978,0.0490438,0.236416,0.0209338],[-0.0310573,0.00603382,0.00233189,0.00807969,-0.0472888,0.039389,-0.0303231,0.00329621,-0.131508,0.00323696,-0.010037,-0.368065,-0.000330541,0.011811,-0.0581117,-0.0519553,-0.0217073,0.0134201],[-0.00350674,-0.0286631,0.0514897,-0.00124231,0.0915644,-0.0829225,-0.0220885,-0.00442064,-0.132114,-0.0183971,-0.0143607,-1.10217,-0.00741963,0.00974097,-0.168946,-0.150777,-0.0493611,-0.016273],[0.00268992,0.0117426,-0.0117335,-0.0968154,-0.0116709,0.145907,-0.0154129,-0.000284215,0.165776,0.000653326,-0.00870342,-0.278423,-0.0204098,-0.0256187,0.333284,0.0132184,-0.0190778,-0.000605246],[0.0639072,0.0130614,0.0353559,1.02885,0.0109292,0.34672,-0.0534648,0.151388,0.307851,-0.00603522,-0.0733432,0.12867,-0.0299634,-0.0531823,0.670775,0.472874,-0.0256854,-0.0870797],[-0.0785001,-0.177786,-0.0887872,-0.165778,-0.183488,-0.460805,0.120527,0.319942,0.112439,0.0220615,-0.0643364,-1.51415,-0.085887,-0.0860064,-0.325986,-0.683765,0.536134,-0.0248541],[-0.00283124,-0.0169673,5.55339e-05,-0.0255523,0.0520988,-0.0529328,0.0111233,0.00453277,-0.0428685,-0.010503,0.00122317,-0.0536488,0.00152224,0.00872627,-0.0811794,-0.149712,0.0069597,-0.00782404],[0.046365,0.0502062,0.0664046,0.0603405,0.18897,-0.36756,-0.207187,0.113895,0.0549072,-0.186234,0.011574,-0.577187,-0.0330705,-0.0195976,-1.3359,-1.06303,-0.0440691,-0.109302],[-0.0606327,-0.00149911,-0.0404581,-0.802803,1.04171,-0.414745,0.0728404,-0.0487013,-0.617083,-0.16952,-0.116811,-3.15558,-0.0307153,-0.000828082,-1.02969,-1.48521,-0.117608,-0.112683],[0.00030098,-0.00137946,-0.00541515,-0.000136351,0.00391592,-0.012848,-1.49948e-05,0.00412749,-0.00855477,-7.80166e-05,0.000837258,-0.0643743,0.0021319,0.00111729,0.00984363,-0.00182393,-0.0076203,-0.00202008],[0.0829938,0.0213347,-0.0287335,0.0869772,0.37421,0.179395,0.0272831,-0.055984,-0.264803,0.00111031,-0.0039963,0.282352,-0.0569379,-0.0018907,-0.467187,-0.752526,0.380734,-0.0631123],[0.10562,0.287425,-0.0174591,0.752544,-0.519503,1.12354,-0.0812564,-0.173125,1.23005,0.0852574,0.0383421,3.51446,-0.00140795,0.00717524,1.71459,0.643282,-0.324353,0.0136139],[0.00129603,-0.00153884,-0.00942337,0.0235798,-0.0248093,0.00276627,-0.0112374,0.00109419,-0.00907704,-0.00455993,-0.00956675,-0.181442,-0.0123868,-0.00250387,-0.143562,-0.0669402,-0.0113023,-0.00625277],[0.0166767,0.0109155,0.00756256,0.0698482,-0.0315668,0.0169189,-0.0314798,0.00850049,-0.0248446,-0.00783275,-0.00574233,0.00762107,-0.00111882,0.00631215,0.0328752,0.187826,0.00969968,0.0081681],[0.0120463,-0.0591142,0.00338136,0.0665336,0.0647041,-0.201496,0.0241223,-0.0334825,-0.260716,-0.0092504,-0.0157775,-0.364345,-0.00162626,0.0176495,-0.519946,0.0240659,-0.165575,-0.00187204],[0.0576772,-0.00271815,0.0371729,-0.134478,0.516748,-0.0640142,-0.104663,-0.155797,-0.22147,-0.0172529,0.153021,-3.35535,0.143077,0.161434,-1.46165,2.11317,-0.215545,-0.0245769],[0.0393806,-0.0275882,0.17563,-0.0633202,-0.176397,-0.0444283,0.0368252,0.0135512,0.152398,0.00787522,0.000433195,0.243165,-0.0111759,-0.0249083,0.0864695,0.189139,-0.144621,0.0211138],[-0.0465413,-0.0452399,0.103835,-0.069774,-0.278384,-0.290095,-0.0220419,0.0249807,-0.571476,-0.0401237,-0.0532784,-1.00487,-0.0295665,0.00142928,-0.341322,-0.19006,-0.182572,-0.0114049],[-0.028671,-0.02448,0.00910266,-0.114692,0.010921,-0.251505,-0.0345805,0.0705707,-0.00340328,-0.0104132,0.00684903,-0.288112,0.0146488,0.000732367,0.0612296,-0.271658,0.049621,-0.00364667],[0.0117005,0.0106984,0.00234642,-0.00492786,0.0852916,-0.0803805,0.00356256,-0.00403009,-0.0147229,-0.0074909,0.00207255,-0.526248,-0.000184027,0.00193808,-0.0578206,0.00651161,0.00286709,-0.00568607],[0.0154522,0.00920897,0.0195174,0.152447,0.0234093,0.0940789,0.0221997,0.00295376,0.195667,-0.00410284,0.0158684,0.377354,0.00739303,0.00618495,0.0393459,0.045348,0.0666809,-0.00217978],[-0.00609885,-0.0145228,0.00373753,-0.014863,-0.0330808,-0.0148038,0.00408976,0.0146311,-0.0321319,-0.00613682,0.000908002,0.317247,0.00253159,-0.00775997,0.126338,0.0781367,0.0260235,0.0032604],[-0.0263048,0.00333039,0.0583815,-0.0449738,0.0193071,0.110235,-0.0412908,-0.037988,0.201595,-0.016403,-0.0107684,1.35915,-0.00175238,-0.00148808,0.9327,0.28949,0.0835564,0.0349108],[0.169413,0.353773,0.0620466,-0.0569782,0.0340251,0.178608,-0.0714947,0.103555,-0.228104,0.0126661,0.0348345,-2.23342,0.0294674,0.0703574,-0.61482,-0.327007,0.483819,0.0411057],[0.00493324,0.0153554,-0.0133459,-0.0377066,0.00672336,-0.0319139,0.0176849,0.00176298,0.0076905,-0.000273604,0.0090984,0.322364,0.00876257,0.00779397,0.016235,-0.0514359,0.0148768,0.0011477],[0.0932536,0.117642,-0.218725,0.00526219,-0.124542,-0.108809,-0.00748127,0.0128902,0.501572,-0.0665747,0.0590293,0.840011,0.0260777,-0.0201366,0.142119,0.127034,0.0788461,-0.0498141],[-0.0439476,-0.0374902,0.0480985,-0.350745,-0.0189009,-0.509922,-0.0499597,0.0368454,-0.148783,-0.0840023,-0.0685805,-1.13906,-0.0575731,-0.055085,-0.114908,0.0603347,-0.135482,0.026103],[0.00172997,0.00540041,0.00166274,0.00111389,-0.00735307,0.0058251,-0.00146502,0.000913045,0.0225136,0.000876382,0.000908748,0.00858112,-0.000180184,-0.00147907,0.0277427,0.00605759,0.0056751,1.75422e-05],[-0.110758,-0.302101,0.233044,-0.117519,-0.868721,-0.287826,0.0554884,0.0641135,0.540205,-0.0220898,0.0714571,4.46492,0.0467801,0.00758972,0.392487,-0.0862872,0.565654,0.0296726],[0.0154501,0.00819983,-0.151363,0.378124,-0.0368078,0.650992,-0.0377969,0.074117,0.539661,-0.0274284,0.0200444,0.665255,0.0153355,-0.0352484,0.539634,-0.278839,-0.0694489,-0.0217998],[-0.000502995,0.00266904,0.00382035,0.00735126,-0.00971733,0.0135578,0.00527921,0.00523525,0.0575907,0.00160995,-0.000382318,0.0369289,0.00180648,-0.0033396,-0.0124568,0.00488548,-0.00251799,-0.000413944],[0.0139123,0.0282261,0.0174663,0.0182092,0.0198585,-0.00761269,0.00411308,-0.00513537,-0.0106167,0.00334515,0.00680903,0.02337,0.00384101,0.00689739,-0.0469718,0.135921,-0.0412091,-0.00117696],[0.0150823,0.0296859,-0.0324931,0.102883,-0.0967194,0.0402753,-0.0203891,-0.0355127,-0.120876,-0.0026052,-0.00523219,-0.496849,-0.00686016,0.0237449,-0.372706,0.240263,0.035312,0.0129835],[-0.0154202,-0.143875,0.0971563,0.272868,0.0577909,-0.173148,-0.00383818,-0.0794779,-0.573667,-0.00633136,-0.00395485,-1.3778,0.0350081,0.0626123,-1.44146,-1.08905,-0.459036,-0.0386073]],"sigmahat":[[0.218645,0.262721,-0.0335786,0.294468,0.233263,0.360103,0.0135531,-0.00700375,0.356664,0.019742,0.0365471,0.65653,0.0179283,0.00270951,0.24955,0.322416,0.0953984,0.00893498],[0.262721,0.629266,-0.117464,0.143334,0.126384,0.680094,0.0933092,-0.0287591,0.444465,0.0297302,0.0683505,1.76622,0.0402131,0.0256089,0.300278,0.693861,0.131171,0.0125322],[-0.0335786,-0.117464,0.487191,-0.0151896,-0.0426919,-0.05754,-0.0434625,0.0263091,-0.329599,-0.0223477,-0.00846717,-0.0965958,-6.16226e-05,0.023348,-0.45417,-0.459423,0.139676,-0.00268063],[0.294468,0.143334,-0.0151896,3.11508,0.128073,1.19404,0.00903327,0.00616639,1.13316,0.0473028,0.0609956,0.842614,0.00856049,-0.000749715,0.480327,0.144807,0.139558,0.01119],[0.233263,0.126384,-0.0426919,0.128073,2.61275,0.890079,0.0435622,0.0259265,-0.232974,0.0438871,-0.0152932,-1.052,-0.014269,-0.0210783,-0.533632,-0.0344729,-0.0418659,0.0219377],[0.360103,0.680094,-0.05754,1.19404,0.890079,4.10504,0.198907,-0.0132735,2.39949,0.183325,0.1309,6.62332,0.0536874,-0.0873184,3.24648,1.38465,0.422919,0.0994081],[0.0135531,0.0933092,-0.0434625,0.00903327,0.0435622,0.198907,0.167535,-0.00967875,0.293821,0.0218385,0.0419263,1.83853,0.037769,0.00848404,0.491845,0.211662,0.101683,0.0133007],[-0.00700375,-0.0287591,0.0263091,0.00616639,0.0259265,-0.0132735,-0.00967875,0.116385,0.00263397,-0.0122652,-0.00452962,-0.561065,-0.00300486,-0.0117839,-0.0164957,-0.160522,0.116568,-0.009657],[0.356664,0.444465,-0.329599,1.13316,-0.232974,2.39949,0.293821,0.00263397,7.59717,0.308141,0.294298,15.6559,0.0784721,-0.358248,8.78536,1.41686,1.07577,0.102277],[0.019742,0.0297302,-0.0223477,0.0473028,0.0438871,0.183325,0.0218385,-0.0122652,0.308141,0.0451765,0.0172352,1.00809,0.00698123,-0.0159871,0.508417,0.200717,0.041985,0.0192789],[0.0365471,0.0683505,-0.00846717,0.0609956,-0.0152932,0.1309,0.0419263,-0.00452962,0.294298,0.0172352,0.0794982,1.52247,0.061993,0.030119,0.523676,0.103538,0.122909,0.0173927],[0.65653,1.76622,-0.0965958,0.842614,-1.052,6.62332,1.83853,-0.561065,15.6559,1.00809,1.52247,125.177,1.03696,-0.449214,26.8596,9.16296,4.59321,0.651637],[0.0179283,0.0402131,-6.16226e-05,0.00856049,-0.014269,0.0536874,0.037769,-0.00300486,0.0784721,0.00698123,0.061993,1.03696,0.0735917,0.0421526,0.390275,0.0360633,0.0640356,0.0166459],[0.00270951,0.0256089,0.023348,-0.000749715,-0.0210783,-0.0873184,0.00848404,-0.0117839,-0.358248,-0.0159871,0.030119,-0.449214,0.0421526,0.0801325,-0.53584,-0.088505,-0.00607503,0.000432963],[0.24955,0.300278,-0.45417,0.480327,-0.533632,3.24648,0.491845,-0.0164957,8.78536,0.508417,0.523676,26.8596,0.390275,-0.53584,22.1212,4.30333,1.54359,0.416726],[0.322416,0.693861,-0.459423,0.144807,-0.0344729,1.38465,0.211662,-0.160522,1.41686,0.200717,0.103538,9.16296,0.0360633,-0.088505,4.30333,8.41533,-0.00437638,0.158589],[0.0953984,0.131171,0.139676,0.139558,-0.0418659,0.422919,0.101683,0.116568,1.07577,0.041985,0.122909,4.59321,0.0640356,-0.00607503,1.54359,-0.00437638,1.24444,0.0256089],[0.00893498,0.0125322,-0.00268063,0.01119,0.0219377,0.0994081,0.0133007,-0.009657,0.102277,0.0192789,0.0173927,0.651637,0.0166459,0.000432963,0.416726,0.158589,0.0256089,0.0432343]],"n":18,"lags":3}