{"betahat":[[0.699814,0.846513,1.59881,0.185089,-0.341991,0.0550078,0.576817,0.207805,3.00016,0.0776616,0.140384,10.997,0.189461,-0.274557,7.82421,4.05094,1.90461,0.0754005],[0.859995,-0.0104838,0.119343,0.479751,-0.132002,0.528238,-0.0382458,-0.0097914,-0.46028,-0.0490972,-0.0166261,0.314822,-0.00291714,0.0738979,-0.53544,-0.49873,0.0491439,-0.0316222],[-0.0200396,0.915613,-0.111684,-0.023541,0.373877,0.530493,0.0535264,-0.0196958,0.635127,0.0361579,0.0394593,1.57244,0.0198648,-0.00897873,0.513962,0.0277254,0.117923,0.0251556],[0.0503871,0.0796142,0.92072,0.124701,-0.243394,-0.0708453,-0.0159886,-0.0701602,-0.236254,-0.0164917,-0.0151637,-0.260174,-0.046223,-0.0138907,-0.497356,0.31817,-0.323167,-0.0165518],[0.0168346,-0.0186742,-0.00256394,0.997237,-0.0410802,0.045519,0.0282574,0.00143922,0.15408,0.00396296,0.00830463,0.94333,0.00142353,-0.0141816,0.125871,0.0286155,0.0234665,-0.00775435],[-0.0127792,0.0223047,-0.0753001,-0.146187,0.882632,-0.0165182,-0.000107388,3.95213e-06,-0.0770493,0.0226566,-0.00103038,0.679292,-7.9256e-05,-0.0145706,0.112106,0.12826,-0.0385048,0.0198284],[0.00585268,0.00585103,0.00704104,0.111335,0.048984,0.873108,0.0102024,-0.0152513,-0.13146,0.00503692,0.0087338,-0.0195403,0.018848,0.0342438,-0.443088,-0.0839151,-0.0119639,-0.00212797],[-0.0410316,-0.0219328,-0.102371,-0.974055,-0.0441515,-0.452434,1.10166,-0.103415,-0.532551,0.0221153,0.085452,-1.8055,0.0307009,0.060557,-1.66329,-0.725504,-0.139252,0.0557794],[-0.0766664,-0.17834,0.0138283,0.180962,0.120099,0.104832,-0.0832139,0.552407,-0.151554,-0.0411803,-0.00479672,2.63749,0.0267727,0.0196364,0.513721,1.4468,-1.37079,-0.0171842],[-0.00133354,0.00580206,0.012278,0.0660541,-0.063176,0.0876056,-0.0270987,-0.00643057,1.04737,0.0109378,-0.00980217,-0.24916,-0.0105253,-0.0172481,0.071504,0.222718,-0.0239152,0.00746273],[-0.139724,-0.134573,0.13703,-0.019591,-0.0872237,0.521415,0.220781,-0.117997,-0.65746,1.2416,-0.0871641,-0.556606,-0.0115283,0.045433,1.15418,1.19007,-0.17191,0.155872],[0.129487,0.0884762,-0.0389516,1.1541,-0.905798,1.16355,-0.00873103,0.0210391,0.821999,0.266428,1.16917,4.05611,0.0724116,0.0392969,1.15162,1.50923,0.185024,0.0945609],[-0.00209538,-0.00452103,0.00358199,-0.000405693,0.00471432,0.00814132,0.00152358,-0.0044584,-0.0133113,-0.000816437,-0.00204953,1.04858,-0.00217587,0.000130123,-0.0376907,-0.0110999,0.00127399,0.00190734],[0.0234627,0.298446,-0.198617,0.0730216,0.429034,0.156969,-0.0656824,-0.0298639,-0.15413,0.0375121,-0.0557511,-4.2802,1.01301,-0.0133194,0.313234,0.947856,-1.0786,0.0276685],[-0.135075,-0.289099,0.157742,-1.10734,0.542511,-1.83526,0.148811,0.107981,-1.8475,-0.0631692,-0.0682676,-4.32493,-0.0299563,1.02507,-2.56628,-0.187244,0.477898,0.00920143],[-0.00130606,-0.000384818,0.00637935,-0.0330461,0.0321542,-0.0167196,0.00562155,-0.00622642,-0.0538846,0.0029514,0.00977902,0.162141,0.0103318,0.00638913,1.15465,0.0569731,0.0176444,0.00705051],[0.00318772,0.0112285,0.000202275,-0.0415952,0.0794503,0.0921726,0.025655,-0.0139913,0.033548,0.00278711,0.00242149,0.245167,-0.000793489,-0.0112157,-0.0829104,0.223613,0.0880497,0.00167157],[-0.0234695,0.018546,0.0412276,-0.0163573,-0.071046,0.245921,0.0437197,0.035269,0.20495,0.0196272,0.0115133,0.934463,0.01479,0.00845244,0.155273,-0.478927,0.483038,-0.00657804],[-0.0367405,0.0300981,-0.141093,0.0129075,-0.462981,-0.0487489,0.0673842,0.261466,0.304016,-0.0279354,-0.178339,2.44553,-0.206413,-0.192374,1.85738,-1.50523,0.849421,0.999126],[0.108143,0.0426435,-0.301309,-0.397487,0.293213,-0.497576,0.00101972,-0.00613922,0.296036,0.0416181,0.0155893,-0.574051,0.0141011,-0.0451097,0.37144,0.33087,0.0881933,0.00275384],[0.065167,0.124711,0.00891405,0.102363,-0.0985102,-0.241649,-0.0349724,-0.000879791,-0.0399767,0.00477196,0.0104948,-0.565333,0.00602546,0.0013958,-0.124338,0.160633,0.0841811,-0.0151794],[-0.0203634,-0.0497379,0.0702062,-0.00478865,0.214642,0.32376,0.0490912,-0.00183415,0.254022,0.0289214,0.0105256,0.536779,0.0335613,0.0140123,0.468585,-0.00378968,0.245193,0.0210624],[-0.0291212,0.00884091,-0.00114295,0.00617187,-0.0483946,0.039968,-0.0318559,0.0045067,-0.136418,0.00266861,-0.0105786,-0.386617,-0.00131094,0.0119733,-0.0572928,-0.0352115,-0.0251131,0.0134767],[-0.00258733,-0.0299261,0.0548599,-0.00828143,0.0901092,-0.0770434,-0.021927,-0.00271346,-0.114994,-0.0196337,-0.0145701,-1.05971,-0.00737203,0.00838581,-0.146416,-0.172121,-0.0334044,-0.0178995],[0.00217293,0.011116,-0.0110061,-0.0941932,-0.0094338,0.148045,-0.0155914,0.000668129,0.163765,0.00161603,-0.010009,-0.294099,-0.0219176,-0.0271579,0.325022,0.00416008,-0.0159918,-0.000166478],[0.0552041,0.0100585,0.0436178,1.02508,0.00628329,0.354246,-0.053346,0.146684,0.334337,-0.00389002,-0.0714433,0.358174,-0.0276444,-0.0527388,0.678765,0.403851,0.0722101,-0.0922553],[-0.0796839,-0.162752,-0.0665552,-0.168025,-0.178553,-0.354385,0.124583,0.330865,0.22212,0.0273078,-0.0459938,-1.15382,-0.0695254,-0.0847392,-0.0802564,-0.79268,0.722155,-0.0305483],[-0.0034854,-0.0200291,0.0027291,-0.0268991,0.0514686,-0.0590417,0.0102286,0.00432566,-0.055115,-0.0107968,0.00110891,-0.0595106,0.00191171,0.00978838,-0.0884321,-0.17356,0.0112019,-0.00786985],[0.0412864,0.0208966,0.0707781,0.0562127,0.179192,-0.387732,-0.219928,0.123206,0.0470085,-0.195045,0.0127804,-0.627088,-0.0272906,-0.0183245,-1.38862,-1.20403,0.0638908,-0.109905],[-0.0744959,-0.0151242,-0.0381805,-0.797471,0.956135,-0.543372,0.0769441,-0.0503794,-0.644666,-0.175795,-0.113302,-3.04343,-0.0309752,-0.0011195,-1.00339,-1.42203,-0.0980555,-0.125384],[0.000257859,-0.00147738,-0.00482744,-0.000584952,0.00298727,-0.013754,-0.000153297,0.00391632,-0.0101353,-0.000222168,0.000865648,-0.0684174,0.00212315,0.0013988,0.00722307,0.00256458,-0.00501751,-0.00198884],[0.0842103,0.0128496,-0.0243742,0.123695,0.406552,0.23488,0.0333711,-0.0481467,-0.182364,0.00638972,-0.0108831,0.415761,-0.0682989,-0.013198,-0.370762,-0.873431,0.506178,-0.063771],[0.118731,0.291631,-0.0276408,0.758659,-0.481068,1.14179,-0.0997413,-0.17234,1.26986,0.0881054,0.0422923,3.61019,0.00475972,0.00475803,1.90535,0.553941,-0.444897,0.0122584],[0.00138002,-0.0018758,-0.0103849,0.020525,-0.0201179,0.00215156,-0.0105125,0.00144822,-0.00493466,-0.00440564,-0.00928576,-0.187512,-0.0121104,-0.00286317,-0.138075,-0.0661623,-0.0145506,-0.00644288],[0.0175036,0.0138834,0.00382756,0.0669137,-0.037027,0.0107226,-0.0290181,0.00805198,-0.0328062,-0.00809021,-0.00597524,-0.0143686,-0.000415768,0.00653564,0.027616,0.18769,0.00427819,0.00744213],[0.0160583,-0.0444645,-0.00406656,0.0684294,0.0543349,-0.172809,0.0260514,-0.0344237,-0.230126,-0.00938876,-0.0158709,-0.179149,-0.0016376,0.0142386,-0.465913,0.060188,-0.199496,6.03798e-05],[0.0741319,0.0356926,0.00641545,-0.178441,0.548915,0.0950081,-0.0863852,-0.170715,-0.0775627,-0.00889977,0.160873,-2.80799,0.145155,0.148177,-1.08208,2.50577,-0.439271,0.000343971],[0.0318527,-0.0321801,0.181975,-0.0822618,-0.16121,-0.0306537,0.0372223,0.0159339,0.164251,0.00748013,0.00103883,0.259156,-0.0111807,-0.0287871,0.164056,0.167782,-0.137329,0.0288687],[-0.0451388,-0.0403516,0.102779,-0.0788227,-0.275357,-0.288834,-0.018561,0.0205799,-0.595142,-0.0409293,-0.0499529,-1.00722,-0.0258875,0.00758377,-0.389568,-0.188452,-0.202094,-0.00997562],[-0.0300374,-0.0299017,0.00908905,-0.119893,0.0287466,-0.252882,-0.0330998,0.071999,-0.0177338,-0.0124275,0.00464607,-0.276625,0.0126698,-0.000118708,0.0289056,-0.314515,0.0779978,-0.00451092],[0.0122734,0.00980836,0.00370602,-0.00344414,0.0895125,-0.085476,0.00359058,-0.0059402,-0.017666,-0.00663249,0.00227433,-0.556876,-0.000108959,0.00220981,-0.0684904,0.00649843,0.00166654,-0.00572036],[0.0153462,0.00757822,0.0204591,0.154457,0.0272486,0.09355,0.0220237,0.00271334,0.19203,-0.00302311,0.0156002,0.380241,0.0074529,0.0061866,0.0343347,0.0437187,0.07191,-0.0019298],[-0.00805321,-0.0170256,0.00397248,-0.0171755,-0.0394971,-0.0211578,0.00537093,0.0145924,-0.0323282,-0.00665738,0.0012735,0.31328,0.00307235,-0.00708195,0.118135,0.0795409,0.0279823,0.00229593],[-0.0142653,0.0116993,0.0588104,-0.0509878,0.0379484,0.0983955,-0.0483433,-0.0432389,0.198412,-0.0182322,-0.0139926,1.44612,-0.00304152,-0.00781207,0.985028,0.320705,0.0671377,0.0364633],[0.168258,0.348449,0.0500324,-0.0426132,0.0612253,0.200022,-0.0468151,0.0933433,-0.152683,0.0168673,0.0380067,-1.59866,0.0323804,0.0609686,-0.564751,-0.547663,0.577254,0.0480917],[0.00482182,0.0141834,-0.0150555,-0.039307,0.0118845,-0.0286705,0.0168274,0.00211671,0.00743565,-0.000151556,0.00867505,0.3081,0.00861532,0.00747106,0.0170112,-0.049116,0.0127713,0.000436539],[0.100045,0.125119,-0.241012,0.0225198,-0.0986909,-0.129211,-0.0086599,0.00901369,0.551957,-0.0690323,0.0624186,0.836444,0.0260203,-0.0253257,0.186227,0.119111,0.0655161,-0.0510498],[-0.0441134,-0.0435689,0.0462482,-0.323738,-0.0279176,-0.544851,-0.0612503,0.0331495,-0.141717,-0.0890162,-0.066574,-1.02259,-0.0532345,-0.0490684,-0.138811,0.0710807,-0.107253,0.0311252],[0.00166702,0.00576059,0.000809188,0.000433124,-0.00685163,0.00545061,-0.00146233,0.000733542,0.0224091,0.000942314,0.00108335,0.00791739,3.8695e-05,-0.00142629,0.0298077,0.00709269,0.0041956,8.74035e-05],[-0.108205,-0.303706,0.225675,-0.144084,-0.851172,-0.335723,0.0457555,0.0755915,0.369968,-0.0359138,0.0631131,3.98195,0.043276,0.0181384,0.105578,0.000412985,0.545817,0.0340858],[0.015886,0.00158235,-0.142908,0.371069,-0.0492157,0.699487,-0.0399876,0.0663026,0.59966,-0.0253282,0.0214944,0.728965,0.0182062,-0.0395382,0.615793,-0.314026,-0.0580839,-0.0234443],[-0.000210164,0.00200548,0.00427684,0.012539,-0.0120161,0.0147506,0.00492218,0.0047836,0.0582766,0.00144887,-0.000429196,0.02411,0.00181481,-0.0034129,-0.0168269,0.00778818,-0.00282614,-0.000632875],[0.0124441,0.0256455,0.0155355,0.0163755,0.0192457,-0.0159679,0.00446503,-0.00321219,-0.0134831,0.00244773,0.00627372,-0.0291233,0.00302113,0.00716004,-0.058678,0.151842,-0.0402672,-0.00293381],[0.0106768,0.021935,-0.0306393,0.0886836,-0.102617,0.0161349,-0.0276289,-0.0305451,-0.127387,-0.00554871,-0.00662725,-0.64593,-0.00857803,0.0229979,-0.341451,0.183867,0.0325363,0.012486],[-0.034087,-0.130186,0.116432,0.205465,0.0124972,-0.200309,-0.000899494,-0.0745143,-0.605951,0.00700337,-0.00825579,-0.904234,0.0350372,0.0618094,-1.37597,-1.1918,-0.450506,-0.0354397]],"sigmahat":[[0.219882,0.271157,-0.0346648,0.284977,0.230874,0.366172,0.0150832,-0.00856615,0.351928,0.0206002,0.0372985,0.682996,0.018623,0.00316359,0.243887,0.292953,0.105422,0.00697292],[0.271157,0.659111,-0.121228,0.132931,0.123578,0.706098,0.0992835,-0.0323511,0.454718,0.0301262,0.0705057,1.9163,0.0424862,0.0260368,0.283673,0.679993,0.132397,0.0102014],[-0.0346648,-0.121228,0.487713,-0.00399287,-0.0457267,-0.0516114,-0.0412048,0.0238561,-0.340158,-0.0206687,-0.00637184,-0.12362,0.00263271,0.0275045,-0.461132,-0.540298,0.147229,0.000774853],[0.284977,0.132931,-0.00399287,3.10409,0.103378,1.2156,0.010617,0.0062589,1.13792,0.0513559,0.0628031,0.745944,0.00793804,0.00104047,0.48379,-0.0621114,0.144838,0.00906021],[0.230874,0.123578,-0.0457267,0.103378,2.62821,0.899438,0.0408767,0.0297043,-0.265979,0.0425854,-0.0189083,-1.17582,-0.0176356,-0.0224013,-0.564032,-0.0992162,0.0234643,0.0167253],[0.366172,0.706098,-0.0516114,1.2156,0.899438,4.14024,0.207182,-0.0150133,2.40053,0.183194,0.133674,6.6235,0.0557557,-0.0844244,3.16539,1.26333,0.464515,0.0992291],[0.0150832,0.0992835,-0.0412048,0.010617,0.0408767,0.207182,0.169386,-0.0102324,0.2923,0.0223269,0.0415914,1.8757,0.0377395,0.00871953,0.490294,0.210644,0.104879,0.0125785],[-0.00856615,-0.0323511,0.0238561,0.0062589,0.0297043,-0.0150133,-0.0102324,0.11614,-0.0127911,-0.0130034,-0.00582116,-0.638332,-0.00370377,-0.0108088,-0.0511155,-0.163394,0.148316,-0.00900329],[0.351928,0.454718,-0.340158,1.13792,-0.265979,2.40053,0.2923,-0.0127911,7.55435,0.309728,0.289277,15.575,0.0760948,-0.358598,8.67996,1.30067,1.10794,0.0902855],[0.0206002,0.0301262,-0.0206687,0.0513559,0.0425854,0.183194,0.0223269,-0.0130034,0.309728,0.046186,0.0169486,1.0153,0.00683487,-0.0161034,0.501938,0.202948,0.0420793,0.0184851],[0.0372985,0.0705057,-0.00637184,0.0628031,-0.0189083,0.133674,0.0415914,-0.00582116,0.289277,0.0169486,0.0793341,1.54667,0.0621409,0.0310001,0.50432,0.0837917,0.12505,0.0171677],[0.682996,1.9163,-0.12362,0.745944,-1.17582,6.6235,1.8757,-0.638332,15.575,1.0153,1.54667,126.461,1.05083,-0.425801,26.5022,9.69336,4.31169,0.615002],[0.018623,0.0424862,0.00263271,0.00793804,-0.0176356,0.0557557,0.0377395,-0.00370377,0.0760948,0.00683487,0.0621409,1.05083,0.0741124,0.0432371,0.375522,0.0218357,0.0644281,0.0173495],[0.00316359,0.0260368,0.0275045,0.00104047,-0.0224013,-0.0844244,0.00871953,-0.0108088,-0.358598,-0.0161034,0.0310001,-0.425801,0.0432371,0.0819022,-0.537438,-0.112408,-0.00962461,0.00109591],[0.243887,0.283673,-0.461132,0.48379,-0.564032,3.16539,0.490294,-0.0511155,8.67996,0.501938,0.50432,26.5022,0.375522,-0.537438,21.8858,4.39156,1.51321,0.411109],[0.292953,0.679993,-0.540298,-0.0621114,-0.0992162,1.26333,0.210644,-0.163394,1.30067,0.202948,0.0837917,9.69336,0.0218357,-0.112408,4.39156,10.2292,-0.198917,0.147796],[0.105422,0.132397,0.147229,0.144838,0.0234643,0.464515,0.104879,0.148316,1.10794,0.0420793,0.12505,4.31169,0.0644281,-0.00962461,1.51321,-0.198917,1.45877,0.0228691],[0.00697292,0.0102014,0.000774853,0.00906021,0.0167253,0.0992291,0.0125785,-0.00900329,0.0902855,0.0184851,0.0171677,0.615002,0.0173495,0.00109591,0.411109,0.147796,0.0228691,0.047586]],"n":18,"lags":3}