{"betahat":[[0.834062,0.259577,0.839359,0.991358,1.89499,0.823568,-0.347751,0.359499,-0.131459,-0.0691093,0.666793,0.511113,-0.584499,-0.119347,-0.134144,0.520771,1.0776,-0.0801763,-0.448203],[0.950404,0.0227559,0.187158,-0.167971,-0.222943,0.0196881,0.0253196,-0.0416596,-0.00743438,-0.0247872,0.119412,-0.0803872,1.47178,0.00137513,0.00173483,0.32485,0.05022,0.123381,0.0979119],[-0.0133373,0.947268,0.274949,-0.0135827,-0.0347783,0.0844448,0.0149343,0.00240692,-0.00619684,-0.00314476,-0.086623,0.125369,-0.588899,-0.000783118,0.00192103,-0.200966,0.0333605,-0.0189416,-0.0143868],[-0.0110197,-0.0386727,0.80465,0.0513915,0.0581741,-0.0213373,0.00583004,0.00184985,0.00595698,0.00839439,-0.0383465,-0.0284239,0.22801,0.00888325,-0.000512464,0.127854,0.0573504,-0.0209281,-0.00965753],[0.0965995,0.127373,0.302684,0.918179,-0.147296,0.284423,0.047247,-0.00741712,0.00766557,0.0113457,-0.10407,0.0920571,1.15744,-0.00496022,-0.018877,0.30782,0.0963159,0.0614761,0.042494],[0.00577225,-0.00626451,-0.0454988,0.0427053,0.64212,0.025545,-0.000553646,-0.00944804,0.00272982,0.00245844,0.0384723,-0.00860783,0.24715,-0.000749383,-0.00483158,0.0125135,-0.0102243,0.00584422,0.136158],[0.0212065,-0.00742605,0.0573423,-0.0365498,0.223024,0.935498,0.0155362,-0.00131619,0.0121918,0.0128168,-0.0587375,-0.00230889,0.522183,0.00271639,0.010439,-0.159285,-0.0484058,0.0642721,-0.0174504],[-0.111819,-0.0915281,-0.247834,0.121788,-0.573422,-0.320386,1.1406,0.143295,0.0967505,0.123077,-0.235002,0.243979,-1.61473,-0.0183654,0.0358029,-1.53007,-0.396385,-0.482819,-0.034414],[0.110874,0.139227,-0.112191,0.216676,-0.162558,0.0196167,-0.201482,0.768211,-0.10402,-0.120838,-0.393137,0.0252299,-2.80178,0.00665376,0.0032953,0.604127,-0.1068,0.462232,0.256468],[-0.0148323,-0.0329219,0.0534228,-0.203274,0.114105,0.0302015,0.0542639,-0.010249,1.12769,0.220281,0.217095,-0.492165,0.334451,-0.0533448,-0.01492,-0.560535,0.0467909,0.135166,0.136448],[0.0397182,0.030328,0.313411,-0.274593,-0.015658,0.071681,-0.0626548,-0.034394,0.0437963,1.04826,0.264473,-0.239084,-1.71608,-0.0585304,-0.00397581,-0.413284,-0.0633479,0.017738,0.06456],[0.0163994,0.0801481,0.158027,-0.0599334,-0.115414,0.0230845,-0.026346,0.00943964,-0.0433368,-0.0453848,1.11759,0.106429,-0.0958043,0.00800533,0.020536,-0.0378846,-0.0686573,0.00533176,0.0110964],[0.0800994,0.0312484,0.156403,-0.0995199,0.233468,0.129764,0.0912071,-0.0576403,0.0485662,0.0427941,0.0296232,1.22977,0.459319,0.0101821,0.00813336,-0.0523058,-0.00338501,0.146328,-0.0355292],[-0.00119791,-0.00380091,-0.00258356,-0.00240562,0.0238282,0.0115984,0.00327357,-0.000537,0.000673605,0.00147348,0.0286414,-0.00908713,0.976919,-0.000528221,0.000687591,-0.0226837,-0.00683894,-0.00386114,-0.00397899],[-0.287627,-0.47717,-1.13067,0.216375,0.494816,-0.911384,-0.0464665,0.028888,0.13536,0.152047,-0.601572,-0.138728,-2.09238,1.06748,-0.00390577,1.10323,0.531079,-0.742539,0.241023],[0.0535698,-0.016846,-0.0155581,0.22127,-0.941344,-1.51328,0.162154,0.0614922,0.0514391,0.0532003,-0.187446,-0.199747,-3.19765,-0.0239398,1.06622,-2.58688,-0.512819,-0.449876,0.0799187],[0.0148785,0.00230631,-0.011969,0.0153873,0.101674,0.0623041,-0.000303382,-0.00795823,0.0112201,0.00941695,0.01968,0.00464641,0.0026394,0.00634737,0.00340711,1.12103,0.0298709,0.000221013,0.0185771],[0.0645401,0.134035,0.0208968,0.053267,0.197636,0.122731,0.02709,0.00298107,0.00166603,0.00294046,0.0582046,-0.00292252,0.789535,0.0127064,-0.0097709,0.432205,0.754146,0.0362149,-0.061048],[-0.0596121,-0.0213304,-0.090927,0.0622446,-0.122723,-0.0186441,0.0484923,0.0102563,0.0132258,0.00159583,-0.12141,0.11218,0.466123,0.0172833,0.00994029,-0.0380351,-0.0133463,0.643232,-0.00967743],[-0.0880807,-0.091906,-0.349622,0.307794,-0.416696,-0.190692,-0.100623,-0.0881897,-0.0157827,0.0138072,-0.0648728,-0.0509717,-1.07041,-0.0287442,-0.0128003,0.0167931,-0.194986,-0.112368,0.752713],[0.0849657,0.0213062,-0.0438545,0.148259,0.101364,0.111138,-0.0150943,0.0353906,0.00351914,0.0158252,-0.0183795,0.0443092,-0.308338,0.00902328,0.00515136,-0.174658,0.0263461,0.0189653,-0.00722334],[0.0429913,0.101138,-0.0253965,-0.0283058,-0.0770495,-0.0231869,-0.0260286,-0.0125861,-0.00970125,-0.0145495,0.0886811,-0.084791,-0.0934057,-0.004032,-0.00279269,0.114711,-0.0224148,0.0347469,0.0012465],[0.0159076,0.0276064,0.143457,-0.0308935,-0.00195243,0.0551283,-0.00463816,-0.00826702,-0.0047845,-0.00508967,0.0460387,0.0288541,-0.201058,-0.00860877,0.000598876,-0.0886386,-0.0196565,0.0227898,0.00332167],[-0.0526816,-0.06255,-0.271695,0.0571872,0.104867,-0.198098,-0.0217762,0.000810368,0.00385565,-0.00447772,0.107219,-0.0942067,-0.693333,0.00490195,0.0121981,-0.185986,-0.0524821,0.0129474,-0.0119738],[0.00619514,0.0206927,0.0574524,-0.0405768,0.270024,0.0622015,-0.0047177,0.00701539,-0.00436829,-0.00285856,-0.0269131,0.0279928,-0.0354463,-0.000397366,-0.000186425,0.0472007,0.0237646,0.00338626,-0.0979847],[-0.0110986,0.008702,-0.00785467,0.0270778,-0.120593,0.0392806,-0.0180567,-0.00271791,-0.0122385,-0.00811632,0.0527984,-0.00923091,-0.338646,-0.00818146,-0.00971436,0.107791,0.014932,-0.0448325,-0.00474098],[0.0407969,0.013772,-0.0590848,0.0176655,0.49614,0.100539,-0.146219,-0.172133,-0.0848246,-0.102255,0.253789,-0.00631463,1.08528,0.0411393,-0.000840214,0.881184,0.311577,0.517625,0.0178337],[0.0346715,-0.0129851,0.0689369,-0.335846,0.354164,0.343206,0.0541612,0.0717293,0.0544705,0.0424115,-0.034147,0.198544,1.75666,-0.0117441,-0.0343795,-0.165758,0.151229,-0.368322,-0.28473],[0.0106823,-0.0431431,0.15588,0.229369,0.148385,-0.090593,-0.0636642,-0.0379817,-0.104317,-0.183651,-0.357144,0.316,-0.0417126,0.058526,0.0116593,0.642441,-0.073821,-0.0365514,-0.0410044],[0.014101,-0.0741317,-0.152723,0.26391,0.240432,-0.318091,0.0066996,-0.00799486,-0.058268,-0.0695673,-0.380809,0.0634226,1.30323,0.0537648,-0.00315476,0.409185,-0.0457906,0.0348091,-0.0272514],[0.00191639,-0.0470638,-0.0724588,0.004463,-0.0376538,-0.0180697,0.00609236,-0.0138102,0.0228316,0.0246591,-0.1277,-0.0940453,-0.538021,-0.0168386,-0.0146775,-0.144709,-0.0500181,-0.00995149,-0.00750178],[-0.00854595,0.0311634,0.115444,0.0478242,-0.22288,-0.000903347,-0.0549112,0.0662448,-0.0243148,-0.0184478,-0.0379901,-0.133972,-0.329,-0.0149385,-0.0167748,-0.00743375,0.0481588,-0.190029,0.0306349],[0.00398898,0.00263642,0.00103487,-0.000532748,-0.00533616,-0.00594675,-0.00521642,0.000406695,-0.00286065,-0.00379489,-0.017843,0.0129522,0.00428456,0.00024161,0.00016806,0.00241013,0.00958527,0.00123894,-0.000323449],[0.420846,0.551662,1.38584,-0.0393117,0.165775,1.42188,-0.0904767,0.0321734,-0.131122,-0.170091,0.291002,0.0599272,-0.0827319,-0.0846573,-0.0125847,-0.837706,-0.173435,0.450685,-0.194032],[0.133294,0.203569,0.381188,-0.0088283,0.97392,1.65726,0.0455798,-0.0626349,0.0322738,0.044836,0.118668,0.059896,3.76262,0.021687,-0.0275739,1.99113,0.864747,0.360811,0.138394],[-0.0074965,0.00114018,0.0263731,-0.0107073,-0.0683615,-0.0390448,-0.0076604,0.00329016,-0.013496,-0.0124892,-0.00449968,-0.00989556,-0.120361,-0.00845373,-0.00138182,-0.111413,-0.0336275,-0.00287162,-0.0173534],[-0.0250383,-0.0268682,-0.013952,-0.0603464,-0.0615192,-0.0410702,-0.0228881,-0.0185337,-0.00130657,-0.0023241,-0.0762715,-0.00501123,-0.826382,-0.0118232,0.00881093,-0.276869,-0.117237,-0.0335271,0.0229641],[0.0291362,0.0472605,0.102054,-0.0121883,0.0783591,0.0513642,0.0411931,9.91832e-05,0.0203018,0.0241404,0.0451758,-0.104124,-0.227599,0.00968269,0.0167583,-0.0752722,0.0846861,0.230939,0.0114833],[0.0122908,0.0260483,0.194984,-0.0897674,-0.251476,-0.0691273,0.0888891,-0.00126676,-0.0221966,-0.00859093,0.287132,-0.0928177,0.467653,0.0444221,0.0264109,0.189993,0.0594855,0.307086,0.152443],[-0.0353715,-0.0440589,-0.143318,0.0197256,0.121589,-0.130817,-0.0102246,0.00626599,0.00391618,0.00896251,-0.101024,0.0360789,-1.16338,-0.0103958,-0.00688688,-0.150123,-0.0765603,-0.14234,-0.0906857],[-0.0296548,-0.0484037,-0.249567,0.0419005,0.111842,-0.0612481,0.0110949,0.0101759,0.0158993,0.017695,-0.0020507,-0.0405773,0.682365,0.00481765,0.000870929,0.0863226,-0.0109408,-0.0158,0.013142],[-0.00489375,0.0110645,0.051859,-0.0204784,-0.0562201,-0.0337916,-0.00118963,0.00641434,-0.00117105,-0.00330373,-0.00768554,-0.000432079,-0.0268772,-0.000271246,-8.68555e-05,-0.0391486,-0.0376898,-0.00185196,0.00634045],[-0.0439173,-0.0648159,-0.0309966,0.0246414,0.0424442,-0.0863073,-0.0254701,0.00660342,-0.0115197,-0.00686703,-0.00314287,0.00215015,-0.464036,6.07999e-05,0.00667776,-0.121758,-0.0438264,-0.0744173,-0.030519],[-0.0119689,-0.0144253,-0.0119722,-0.00210986,0.0878539,-0.0877457,0.00527213,0.00242901,0.00163836,0.000399642,-0.0115457,-0.0193823,-0.211664,0.00114937,0.0050177,-0.0596445,-0.013537,-0.00922472,-0.0381665],[-0.0101093,-0.00127469,-0.0495043,0.00948572,-0.102425,0.0252192,0.00252278,0.0040309,4.81129e-05,-0.00469965,0.005946,0.0115386,-0.183468,0.00546784,-0.000724687,0.0515537,0.0334749,-0.0194311,0.0221952],[0.0709777,0.0778233,0.306627,-0.13932,0.0773273,0.219886,0.00560431,0.0287824,-0.0119359,-0.0208264,-0.0187021,-0.237604,0.529076,-0.0227386,-0.0349755,0.649715,0.0848504,-0.0347679,0.0166046],[-0.110417,-0.116965,0.080274,0.0614273,-0.049684,-0.314183,0.143197,0.147673,0.050562,0.0796136,0.36819,-0.217095,1.29172,0.00719511,0.0298521,-0.422973,0.0113091,-0.0699539,-0.00330496],[-0.00420629,0.0769407,-0.233362,-0.0420289,-0.291136,0.0352591,0.0244446,0.0507392,-0.0376111,-0.0506006,0.108817,0.10708,-0.0415865,-0.00753365,0.00163949,-0.049316,0.0579515,-0.0939564,-0.0871093],[-0.0663893,0.0504771,-0.18816,-0.0204469,-0.289586,0.210998,0.0591442,0.047224,-0.00426929,-5.30212e-05,0.0909038,0.102065,0.452172,0.00146479,0.00640439,-0.0055218,0.127237,-0.048843,-0.0264685],[-0.0183666,-0.0330014,-0.0855145,0.0554596,0.152644,-0.00508262,0.0202992,0.00437434,0.0205426,0.0207585,0.0099355,-0.0123741,0.634057,0.008852,-0.00586429,0.182813,0.118515,0.00481288,-0.00351692],[-0.0717537,-0.0624081,-0.272297,0.0519055,-0.0109748,-0.128808,-0.0362999,-0.00864301,-0.0241967,-0.0242986,0.00832769,-0.0959404,-0.129121,0.00481647,0.00862076,0.0611598,-0.0448344,0.0438882,0.00505625],[-0.00296397,0.000959319,0.000568018,0.00327041,-0.0187733,-0.0077363,0.00198838,1.5194e-05,0.00183038,0.00196816,-0.00981812,-0.00302815,0.00585717,0.000247802,-0.000707672,0.0195547,-0.00373871,0.00183917,0.00441663],[-0.139003,-0.0671148,-0.206064,-0.173544,-0.749708,-0.485694,0.165186,-0.0785896,0.00904945,0.0311111,0.23869,0.0114604,2.09525,0.00105207,0.00934875,-0.342093,-0.325011,0.264892,-0.0131319],[-0.202198,-0.197567,-0.376855,-0.206363,-0.108566,-0.179673,-0.188476,-0.000461903,-0.0847047,-0.0973997,0.0376979,0.14436,-0.536866,-0.00376124,-0.0500918,0.533434,-0.352895,0.0683853,-0.214668],[-0.00733486,-0.00316552,-0.0143576,-0.0044008,-0.0329067,-0.0228283,0.00804361,0.00452596,0.00235893,0.00311859,-0.0147002,0.0052137,0.118867,0.00216622,-0.00193464,-0.00914355,0.00361524,0.00307292,-0.00102954],[-0.000763291,-0.0188872,-0.0221853,-0.0413719,-0.052814,-0.00811805,-0.0063991,-0.0193098,0.00992369,0.00694906,0.0276388,-0.015604,-0.217712,0.00104486,0.00812341,-0.177284,-0.0718976,-0.00939555,0.0157698],[0.0134336,-0.0299118,-0.0335578,-0.0455993,-0.0150208,-0.0827656,-0.0313516,0.00466044,-0.0101159,-0.0112956,-0.033078,0.0128932,-0.177255,-0.00119948,-0.00141397,0.0579553,-0.0765427,0.0171201,0.00448991],[0.0464787,0.0587163,0.124214,-0.214255,0.552684,0.193269,0.0241884,0.0860701,0.0369957,-0.0056959,-0.204612,0.108993,0.490767,-0.0211073,-0.0119684,-0.337401,0.103493,-0.181499,0.0780447]],"sigmahat":[[0.873597,0.766453,2.00653,-0.497549,1.51909,1.41063,0.0530385,0.00549593,0.0516302,0.0241522,-0.176842,0.0373952,3.6176,0.0314221,-0.0329329,1.35206,0.687443,0.207312,0.0209613],[0.766453,1.49762,2.51391,-0.605702,1.0195,2.00242,-0.00805781,0.0206716,0.0220118,-0.0230303,0.140721,0.0799761,2.50034,0.0435338,-0.0376435,2.05546,0.906207,0.280933,0.0769327],[2.00653,2.51391,10.8833,-2.95999,2.65354,4.84983,0.214268,0.113909,0.274123,0.170274,-0.669902,0.0293034,6.7251,-0.0816828,-0.108291,2.92068,0.987196,0.457516,0.00067032],[-0.497549,-0.605702,-2.95999,2.70061,-0.600977,-1.05885,-0.00333819,0.0416237,-0.0863011,-0.0334434,0.451988,0.0939474,0.711378,0.0702467,0.0374187,-0.314967,0.657203,-0.0640958,0.123794],[1.51909,1.0195,2.65354,-0.600977,11.2043,4.40616,0.194541,-0.259431,0.203502,0.145768,0.118538,0.188696,16.7401,0.158204,-0.028306,5.52068,2.61344,1.00715,-0.747457],[1.41063,2.00242,4.84983,-1.05885,4.40616,8.03032,-0.0508089,-0.125585,0.207589,0.113506,0.45226,0.324541,11.5498,0.0672886,-0.131039,6.45663,2.67415,0.727516,0.225358],[0.0530385,-0.00805781,0.214268,-0.00333819,0.194541,-0.0508089,0.334094,-0.00268269,0.0948697,0.0989872,-0.323264,-0.100121,3.42063,0.0328402,0.0210507,0.149021,0.122988,0.224116,0.0249126],[0.00549593,0.0206716,0.113909,0.0416237,-0.259431,-0.125585,-0.00268269,0.21296,-0.00879167,-0.000343075,-0.116909,-0.0415222,-0.0642511,-0.0165616,-0.011699,-0.242656,0.111577,-0.209383,0.00365406],[0.0516302,0.0220118,0.274123,-0.0863011,0.203502,0.207589,0.0948697,-0.00879167,0.128784,0.126731,-0.163068,-0.0234179,1.72165,0.0198849,-0.00369521,0.34057,0.103753,0.0399081,0.0426194],[0.0241522,-0.0230303,0.170274,-0.0334434,0.145768,0.113506,0.0989872,-0.000343075,0.126731,0.151727,-0.145126,-0.0432367,1.74777,0.0120664,-0.0128898,0.297566,0.0943872,0.0300794,0.0303327],[-0.176842,0.140721,-0.669902,0.451988,0.118538,0.45226,-0.323264,-0.116909,-0.163068,-0.145126,3.51291,0.273581,-0.863777,-0.00801544,-0.0562152,1.59974,0.1217,0.305188,-0.0280126],[0.0373952,0.0799761,0.0293034,0.0939474,0.188696,0.324541,-0.100121,-0.0415222,-0.0234179,-0.0432367,0.273581,1.21868,-1.18303,0.0460788,0.0121348,0.27075,-0.0194761,-0.0205294,-0.0228284],[3.6176,2.50034,6.7251,0.711378,16.7401,11.5498,3.42063,-0.0642511,1.72165,1.74777,-0.863777,-1.18303,161.685,1.50687,-0.496698,37.1216,11.9735,9.86763,0.87041],[0.0314221,0.0435338,-0.0816828,0.0702467,0.158204,0.0672886,0.0328402,-0.0165616,0.0198849,0.0120664,-0.00801544,0.0460788,1.50687,0.081798,0.0436345,0.521186,0.192028,0.147962,0.0246861],[-0.0329329,-0.0376435,-0.108291,0.0374187,-0.028306,-0.131039,0.0210507,-0.011699,-0.00369521,-0.0128898,-0.0562152,0.0121348,-0.496698,0.0436345,0.0882279,-0.572338,-0.00890946,0.0568947,0.0142423],[1.35206,2.05546,2.92068,-0.314967,5.52068,6.45663,0.149021,-0.242656,0.34057,0.297566,1.59974,0.27075,37.1216,0.521186,-0.572338,24.4084,4.44821,2.02757,0.351207],[0.687443,0.906207,0.987196,0.657203,2.61344,2.67415,0.122988,0.111577,0.103753,0.0943872,0.1217,-0.0194761,11.9735,0.192028,-0.00890946,4.44821,4.38224,0.621956,0.223627],[0.207312,0.280933,0.457516,-0.0640958,1.00715,0.727516,0.224116,-0.209383,0.0399081,0.0300794,0.305188,-0.0205294,9.86763,0.147962,0.0568947,2.02757,0.621956,2.29006,0.119592],[0.0209613,0.0769327,0.00067032,0.123794,-0.747457,0.225358,0.0249126,0.00365406,0.0426194,0.0303327,-0.0280126,-0.0228284,0.87041,0.0246861,0.0142423,0.351207,0.223627,0.119592,0.56068]],"n":19,"lags":3}