{"betahat":[[0.0818962,0.0187158,1.84436,0.329585,-6.82164,0.407004,-1.5109,2.10487,-0.0563835,0.110929,0.870288,-1.88006,4.71967,-0.362892,-0.527177,-2.2598,2.4979,-0.434889,1.51476,-1.11006,-0.0388144],[0.922584,0.0219975,0.187052,-0.186152,-0.326782,-0.0348466,0.0364691,-0.0393129,-0.00592305,-0.0250437,0.100831,-0.126447,1.64757,-0.00227606,-0.0014732,0.292123,0.0113993,-0.00781643,0.0355202,0.131411,0.102117],[0.0123125,0.954699,0.350085,-0.0188134,0.0247512,0.128181,0.0013791,0.00311125,-0.0122859,-0.00910744,-0.0739724,0.165667,-0.617081,0.000399184,-0.00229044,-0.125962,0.00834811,0.016135,0.0894672,-0.0345925,-0.0111474],[-0.0132226,-0.0380957,0.77692,0.0457874,0.0426505,-0.0240844,-9.18224e-05,0.00188078,0.00334903,0.00521656,-0.0363158,-0.034479,0.199154,0.00901997,-0.00257153,0.139459,0.0287921,0.00591747,0.0652625,-0.0218824,-0.00760741],[0.103544,0.13794,0.304698,0.869778,-0.155294,0.297327,0.0225192,-0.00965512,-4.18242e-05,0.00228114,-0.0980096,0.10358,1.12066,-0.00497697,-0.0265098,0.361245,0.0304598,-0.0127302,0.138352,0.0515049,0.0471054],[0.000762742,-0.0101685,-0.0523783,0.0548839,0.599589,0.00999682,0.00553004,-0.00846086,0.00422329,0.00527693,0.0417255,-0.0122022,0.204425,-0.00257251,-0.00339583,-0.0383273,-0.0190308,-0.0112906,-0.0141541,0.00533815,0.134046],[0.0106909,-0.00538544,0.0338869,-0.0413929,0.197165,0.901915,0.00833011,-0.00313905,0.00450665,0.00479045,-0.0401249,-0.00381444,0.400914,-0.00073646,0.00837144,-0.187518,-0.0147001,0.0120728,-0.0514879,0.0573632,-0.0161641],[-0.0812558,-0.056977,-0.235882,0.120184,-0.493286,-0.137712,1.06694,0.160791,0.0968349,0.127392,-0.217167,0.225313,-1.12911,-0.00779678,0.0347514,-1.27352,-0.207819,-0.00584634,-0.333799,-0.40546,-0.0267041],[0.131198,0.165906,-0.0902214,0.0998422,-0.0234048,0.0208478,-0.227469,0.714754,-0.106484,-0.126824,-0.444031,0.121394,-3.63458,0.00857017,0.0127033,0.513409,-0.099011,0.0396483,-0.128004,0.426342,0.227703],[-0.0250352,-0.0716143,-0.129281,-0.197276,0.206668,-0.064839,0.0592575,-0.0132864,1.09464,0.205758,0.308536,-0.574053,0.355926,-0.0649849,-0.0170985,-0.587036,-0.0348004,0.0487953,0.0639383,0.182588,0.153626],[0.0304903,0.0508245,0.457332,-0.407434,-0.120762,0.0542596,-0.0699906,-0.0194048,0.0288448,1.01986,0.174633,-0.269269,-1.8084,-0.0686139,-0.00692331,-0.413906,-0.213857,-0.00679608,-0.100436,0.0194779,0.0688923],[0.0308796,0.0879391,0.199776,-0.0758425,-0.0698367,0.0626281,-0.0162209,0.00967504,-0.0342962,-0.0374324,1.06008,0.110511,0.1733,0.012668,0.0215858,0.00264951,0.0449911,0.00199386,-0.0601667,0.0285654,0.0121676],[0.0543023,0.0353524,0.116938,-0.118488,0.132951,0.129728,0.0924486,-0.0600802,0.0475204,0.0379596,0.0226962,1.14922,0.475407,0.00909527,0.0107551,-0.0700433,-0.0492779,-0.0142661,-0.0230358,0.207978,-0.0139557],[-0.00421292,-0.00636869,-0.00744111,-0.000717238,0.0135285,0.00198557,0.00255947,-0.0011482,-7.54631e-05,0.000810839,0.0303338,-0.0110325,0.9059,-0.00100725,0.000894877,-0.0327269,-0.0155501,0.000633984,-0.0130264,-0.00390138,-0.00207767],[-0.298079,-0.475686,-1.0919,0.302576,0.390768,-0.854889,-0.030069,-0.00756234,0.128739,0.154275,-0.598255,-0.347905,-1.9953,1.02522,0.000717802,1.06106,0.137426,0.101028,0.669626,-0.642216,0.29636],[0.0260509,-0.0905559,-0.153199,0.395498,-1.21244,-1.60997,0.160358,0.0981805,0.0466294,0.0706568,-0.24223,-0.238084,-2.70133,-0.0620465,0.999951,-2.82042,0.177334,0.0202936,-0.376352,-0.44919,0.111512],[0.0159893,-0.000785352,-0.0173303,0.0139952,0.108071,0.0661089,-0.00035447,-0.00985935,0.0133448,0.0115683,0.0192134,0.0108174,0.0199392,0.00673555,0.00250361,1.10938,0.00225529,-0.00145627,0.0385882,-0.000791829,0.0159975],[0.0707386,-0.0439268,0.271926,0.0518098,0.362849,0.0899215,0.126411,0.0238872,0.0625637,0.0703508,-0.308376,-0.0260575,1.49173,0.0154022,0.03389,-0.0384893,1.02546,-0.00935013,-0.0235104,0.16254,0.00204494],[-0.0455859,-0.0168475,0.340029,-0.575806,0.507999,-0.189621,-0.0110002,-0.0737301,0.0389035,-0.00924732,-0.14235,0.252435,0.209821,0.0266542,-0.0583452,0.367178,-0.0764292,1.076,-0.606871,0.216391,-0.0302298],[0.0478341,0.141324,-0.0224532,0.0716368,0.128217,0.0844376,0.0179493,0.00746993,-0.00346401,-0.00427705,0.112398,0.000543764,0.648762,0.0129407,-0.0131853,0.432007,-0.00397726,-0.0128495,0.67956,0.0173987,-0.0621071],[-0.0397715,-0.00620274,-0.0407785,0.0322376,-0.0705621,0.0269484,0.062998,0.0119482,0.0222527,0.00707984,-0.175302,0.181121,0.46045,0.0261581,0.0149087,-0.0165107,0.00265232,0.0455964,0.0288326,0.529703,-0.00919841],[-0.111905,-0.118021,-0.427373,0.325506,-0.47539,-0.305085,-0.0987902,-0.0930744,-0.0171649,0.0161933,0.0404242,-0.0278864,-1.16401,-0.0371081,-0.0119378,-0.228861,-0.0644379,-0.0191286,-0.235039,-0.113865,0.651709],[0.109532,0.0266786,-0.0214723,0.162417,0.154919,0.15725,-0.014154,0.0354055,0.006597,0.020072,-0.0151845,0.063802,-0.168553,0.0129074,0.00719144,-0.120028,0.0463841,0.0161738,0.0534505,0.040675,0.00667823],[0.0350668,0.0920189,-0.0509502,-0.0176245,-0.0715476,-0.0346343,-0.0170772,-0.012491,-0.00883646,-0.0128304,0.0802293,-0.105462,-0.0191003,-0.0046388,-0.000376259,0.0958218,0.0375744,-0.0093685,-0.0413594,0.0436395,-0.00123171],[0.0142355,0.0266994,0.150846,-0.0247063,0.00128299,0.0550934,-0.0022883,-0.00940462,-0.00411693,-0.00442209,0.0533166,0.0300347,-0.191582,-0.00962977,0.00103868,-0.101647,-0.00939132,-0.00379646,-0.0195089,0.0247102,0.0022725],[-0.0506446,-0.0743902,-0.277359,0.0885672,0.156268,-0.200514,-0.00121035,-6.24437e-05,0.0109962,0.00336135,0.0911393,-0.0899813,-0.557896,0.00776909,0.0192929,-0.223803,0.0111716,0.021073,-0.072134,0.0356443,-0.0141166],[0.00905713,0.0274473,0.0701737,-0.0479496,0.292621,0.0835091,-0.00458547,0.00512298,-0.00361106,-0.00337358,-0.0312778,0.0300707,-0.0102694,0.000920334,-0.000576073,0.0788848,0.0355528,-0.00153831,0.0255231,0.012442,-0.0957059],[-0.0060737,0.00670796,0.000957033,0.0337955,-0.0982774,0.0617926,-0.0147293,-0.0024945,-0.00855136,-0.00346936,0.0425232,-0.0104643,-0.253014,-0.00612372,-0.00864622,0.13615,0.0166725,-0.00680766,0.0146874,-0.0390214,-0.00537964],[0.0136857,-0.0250367,-0.10469,0.0573239,0.418444,-0.0033391,-0.095699,-0.19179,-0.0744147,-0.0930365,0.241305,0.0105086,0.893636,0.0424424,0.0087424,0.690051,0.0581236,-0.00323479,0.246079,0.513502,0.0145293],[0.0706677,-0.00339173,0.108125,-0.332913,0.487348,0.429651,0.0527095,0.0703642,0.0730331,0.060768,-0.0905585,0.195357,2.30189,0.00351553,-0.0249727,-0.0519065,0.197592,-0.0224844,0.213442,-0.305947,-0.301353],[0.0271844,-0.0263353,0.249445,0.293981,0.214536,-0.00986365,-0.0487078,-0.0343459,-0.083136,-0.17434,-0.46542,0.267667,0.567219,0.0774829,0.0255309,0.738989,-0.00808228,-0.0432591,0.0285045,0.0226472,-0.0290683],[0.0183713,-0.0861997,-0.221754,0.340194,0.253746,-0.325482,-0.00232377,-0.00699535,-0.0558544,-0.0624047,-0.413363,0.0171073,1.24611,0.0604886,0.00135413,0.374739,0.106008,-0.00446615,-0.0558646,0.108775,-0.0191329],[-0.00703126,-0.0519631,-0.110957,0.00983663,-0.0713713,-0.0428589,-0.00698361,-0.0160849,0.016575,0.0190655,-0.0884994,-0.0939383,-0.710919,-0.0199531,-0.0175,-0.158753,-0.013885,-0.00687076,-0.0583289,-0.0280936,-0.0120925],[0.00411809,0.0267381,0.143872,0.0591532,-0.161091,-0.00903915,-0.0548262,0.0676139,-0.0223712,-0.0142227,-0.0390175,-0.0900182,-0.330768,-0.014198,-0.0190563,-0.00101628,0.035715,-0.0004277,0.0474847,-0.229892,0.0152526],[0.00510422,0.00385199,0.000675945,0.000480829,-0.00423693,-0.00681114,-0.00430739,0.000932022,-0.00279828,-0.00378663,-0.0199847,0.0148021,0.0114824,0.000521984,0.000679127,0.000332012,0.00808306,-0.000401568,0.0122043,0.000924473,-0.000716356],[0.485752,0.63163,1.63397,-0.128197,0.201997,1.71383,-0.13103,0.0355891,-0.120681,-0.175359,0.167026,0.0428593,-1.31738,-0.0928927,-0.0201925,-0.989804,0.363611,-0.0321164,-0.0862347,0.309655,-0.129979],[0.141774,0.234294,0.414954,-0.0929135,0.943214,1.71255,0.0626526,-0.0830117,0.0274048,0.0283284,0.116201,0.13507,3.32539,0.029175,-0.0215108,2.01386,-0.378882,0.0440653,0.803189,0.296596,0.12064],[-0.00647686,0.00377584,0.0311045,-0.00960234,-0.0643558,-0.0378553,-0.00682008,0.00379591,-0.0148809,-0.0139408,-0.00588465,-0.0111055,-0.110648,-0.00831683,-0.000789546,-0.0980531,0.0168756,3.08425e-05,-0.0362658,-0.00233924,-0.0152962],[-0.0180246,0.0576056,-0.175022,-0.010657,-0.249073,-0.00371933,-0.0660864,-0.020232,-0.0326678,-0.0448601,0.191959,0.0179756,-0.939025,-0.00317637,-0.0164087,0.0554898,0.0209055,0.00473188,0.0304116,-0.106618,-0.0227723],[-0.0799871,-0.145902,-0.759014,0.790532,-0.462493,-0.140454,-0.0565924,0.0110889,-0.0108967,0.0373419,0.303766,0.0250387,1.16067,-0.00559507,0.0147474,-0.0396089,0.0738885,-0.188584,0.417022,-0.220029,0.027633],[-0.0328493,-0.0441896,-0.0262393,-0.0598951,-0.0398854,-0.0532751,-0.015685,-0.0150088,8.80961e-05,0.000929733,-0.0738993,0.000670125,-0.689845,-0.0131561,0.00641746,-0.247098,-0.0223622,0.0183704,-0.129654,-0.0341819,0.0236923],[0.0379231,0.043496,0.122026,-0.0115245,0.121996,0.0526851,0.0714524,0.00675824,0.0339674,0.0366455,0.00190201,-0.0803642,-0.0738363,0.0199258,0.0255537,-0.084105,0.0652192,0.00671366,0.107525,0.191563,0.000541966],[-0.0113199,0.038844,0.196343,-0.0880572,-0.347096,-0.120667,0.0877416,-0.0118891,-0.0255877,-0.00965834,0.347893,-0.0932354,0.217671,0.0391713,0.0277737,0.0611897,-0.050701,-0.0114285,0.0238224,0.330909,0.132995],[-0.0321149,-0.0486709,-0.165607,0.023757,0.171986,-0.12234,-0.0223223,0.0038905,-0.000675102,0.00496863,-0.0856108,0.0626596,-1.4789,-0.0106266,-0.00571843,-0.171924,-0.0578029,-0.00835347,-0.0889707,-0.172062,-0.108792],[-0.0473754,-0.0467208,-0.299155,0.0364484,0.0469426,-0.0934817,0.0156889,0.00936244,0.0211216,0.021935,-0.00622735,-0.0601943,0.63626,0.00424365,0.00266683,0.0302864,-0.0459457,-0.00676084,-0.048117,-0.00903564,0.012376],[-0.00103354,0.0113622,0.0720872,-0.0210279,-0.0438331,-0.0310056,0.0023847,0.0075053,0.00076911,-0.000794529,-0.0169807,0.00444674,-0.00729675,0.000616132,0.00153149,-0.0376518,-0.0194154,-0.00211624,-0.0457626,-0.00277842,0.00534697],[-0.0528807,-0.0635141,-0.0273,0.0416287,-0.000791421,-0.0966879,-0.0213175,0.00969911,-0.0109523,-0.0056431,0.00689691,-0.0135778,-0.562621,-0.00278847,0.00721342,-0.137225,-0.0416545,-0.00833989,-0.0662118,-0.0871353,-0.0329971],[-0.00981752,-0.0172764,-0.0178324,-0.00689018,0.107806,-0.093487,-0.000951746,0.0033182,-0.000618628,-0.00191169,-0.0103928,-0.0178515,-0.194119,0.0016575,0.00397633,-0.0404167,-0.0165518,0.0128331,-0.011383,-0.0177484,-0.0383099],[-0.00461377,-0.00133217,-0.0348755,0.00761075,-0.098803,0.0362763,0.00639886,0.00561554,0.00404444,-0.00132338,-0.00237519,0.0142744,-0.147747,0.006864,0.000278212,0.0514528,-0.00199465,-0.0052574,0.0367674,-0.0183033,0.0215534],[0.0675002,0.0822459,0.340235,-0.177193,0.0768823,0.141976,0.0288968,0.0307299,-0.0223361,-0.034276,-0.0249267,-0.235587,0.237583,-0.0345479,-0.0435791,0.587551,0.149102,0.00915058,0.0881693,-0.108309,0.0122801],[-0.11695,-0.128269,0.0100835,0.0523641,-0.0927279,-0.339905,0.118421,0.149209,0.0497336,0.0798196,0.379092,-0.223499,1.26353,0.0124312,0.025785,-0.457043,-0.0764251,-0.027001,0.0338625,-0.0624225,-0.029091],[-0.0337677,0.0717403,-0.289351,-0.0751972,-0.490909,-0.00105306,0.00123952,0.0670809,-0.0439824,-0.0573922,0.114732,0.107703,-0.372113,-0.000598773,0.00449052,-0.0173933,0.0407454,0.0135347,-0.0312186,-0.124064,-0.0551378],[-0.0661653,0.078626,-0.269182,-0.0273607,-0.249177,0.270529,0.0382086,0.0599657,-0.0259561,-0.0258161,0.196445,0.0921069,0.402331,0.00782208,0.00907911,0.190894,0.0563635,0.0112122,0.149057,-0.0720332,0.0158242],[-0.0239107,-0.03581,-0.0886682,0.0660692,0.140476,-0.0192399,0.0233319,0.00620758,0.0177088,0.01832,0.0274744,-0.0163699,0.53747,0.00729773,-0.00416621,0.156828,-0.0305204,0.00495953,0.117668,0.0006552,-7.19056e-05],[-0.0585359,-0.0614944,-0.261248,0.060132,0.0300364,-0.118681,-0.0374039,-0.0080179,-0.0248789,-0.0234934,0.0149407,-0.0595231,-0.129289,0.00542426,0.00804573,0.0813239,0.0141164,0.0146877,-0.0230228,0.023322,-0.000794121],[-0.0026361,0.00130796,0.000796348,0.0017099,-0.0151879,-0.00702491,0.0022319,-0.000445878,0.00166304,0.00181458,-0.00986562,-0.00173553,0.0108043,0.000418412,-0.000596771,0.0249776,0.00145615,-0.000378393,-0.00444926,0.000465661,0.00367594],[-0.186774,-0.0972983,-0.308083,-0.201262,-0.968159,-0.501893,0.178028,-0.10987,0.0636841,0.0858691,0.157353,0.0607831,1.97331,0.0244034,0.0141873,-0.203946,-0.147841,-0.00499029,-0.411646,0.194685,0.0604606],[-0.264542,-0.238844,-0.502231,-0.163403,-0.245284,-0.359318,-0.147662,0.00913829,-0.0722297,-0.0867178,-0.0360483,0.199381,-1.02888,0.0147554,-0.0310997,0.350867,0.164292,-0.0370688,-0.43423,-0.0137569,-0.205895],[-0.00870845,-0.00168325,-0.0139842,-0.00354967,-0.0380399,-0.0250618,0.00717015,0.00482756,0.00164483,0.00231973,-0.0102012,0.000162551,0.0971604,0.00180017,-0.00128347,-0.00904435,-0.0185033,0.00164971,-0.00251147,0.00611872,-0.000217319],[-0.0383472,-0.0156888,-0.0769941,-0.0485045,-0.0308964,-0.0707618,-0.0525041,-0.00496808,-0.0302327,-0.0260622,0.128734,0.0178747,-0.435605,-0.0117151,-0.0134205,-0.0493189,-0.0679387,0.00724211,-0.00335018,-0.0495994,0.00731095],[0.198948,0.197828,0.723871,-0.176514,0.38365,0.434352,0.131406,0.0553899,-0.023819,-0.0211454,-0.079984,-0.112508,0.234328,-0.0357437,0.00153651,0.340927,0.0750956,0.0382505,0.234106,-0.0256936,-0.0474388],[0.00632053,-0.0175915,-0.0128934,-0.0312854,-0.0299656,0.00296454,-0.00678403,-0.0188002,0.0100333,0.00790725,0.0354983,-0.0120568,-0.157685,0.000528628,0.00784021,-0.171469,-0.0483461,0.00475844,-0.0759772,-0.00425464,0.0104978],[0.0197888,-0.0293664,-0.0244331,-0.04827,-0.0160207,-0.0811987,-0.0198754,0.00905349,-0.0054638,-0.00789708,-0.0502364,0.0291332,-0.13857,0.00418361,0.00382349,0.0408154,0.0197795,-0.00789572,-0.066526,0.00247686,-0.00591013],[-0.00675076,0.0466984,0.0233294,-0.201052,0.393746,0.0505677,0.0318681,0.0811869,0.0267229,-0.0181878,-0.13316,0.064112,0.0250524,-0.0302869,-0.00740573,-0.541453,0.109385,0.00585663,0.0251248,-0.170149,0.0774836]],"sigmahat":[[0.766757,0.723171,1.79169,-0.43577,1.17325,1.21995,0.0426249,0.00799167,0.0414548,0.0146127,-0.0983787,-0.0145978,3.0528,0.0240234,-0.0383591,1.16235,0.11058,-0.0179955,0.638298,0.181491,0.0470511],[0.723171,1.42533,2.39363,-0.54775,1.00024,1.91245,0.00370056,0.0235753,0.029368,-0.0121655,0.122519,0.0884921,2.72025,0.0459501,-0.036208,1.97848,0.312916,-0.0672564,0.901028,0.285634,0.0851959],[1.79169,2.39363,9.96856,-2.73592,2.02351,4.37496,0.125985,0.101423,0.217665,0.117955,-0.445708,-0.0377672,5.63091,-0.0780833,-0.123698,2.78046,0.305217,-0.123175,0.930595,0.408076,0.048726],[-0.43577,-0.54775,-2.73592,2.48733,-0.394321,-0.926166,-0.015096,0.0298593,-0.0858182,-0.0383568,0.401968,0.108361,0.771862,0.0724445,0.0389691,-0.286401,0.332458,-0.0443242,0.708188,-0.0249965,0.105491],[1.17325,1.00024,2.02351,-0.394321,9.1981,3.82563,0.152547,-0.238902,0.148839,0.0911892,0.389404,-0.0377315,13.6138,0.113067,-0.0614486,4.7215,-0.0363559,0.00571121,2.39592,0.840165,-0.580829],[1.21995,1.91245,4.37496,-0.926166,3.82563,7.43976,-0.0609136,-0.109515,0.163618,0.0739578,0.60872,0.295265,10.0034,0.0593736,-0.125817,5.97634,0.801055,-0.0997375,2.50759,0.631978,0.244235],[0.0426249,0.00370056,0.125985,-0.015096,0.152547,-0.0609136,0.255702,-0.0126004,0.0663686,0.0703482,-0.229344,-0.0929558,2.82151,0.0285265,0.0103765,0.188767,-0.0163391,0.0311814,0.122203,0.220069,0.0249929],[0.00799167,0.0235753,0.101423,0.0298593,-0.238902,-0.109515,-0.0126004,0.191116,-0.00889706,-0.000691752,-0.103916,-0.0346405,-0.139388,-0.0177201,-0.0135385,-0.234674,0.0452162,-0.0207651,0.113459,-0.189564,0.00174883],[0.0414548,0.029368,0.217665,-0.0858182,0.148839,0.163618,0.0663686,-0.00889706,0.101132,0.099253,-0.101384,-0.0280778,1.37422,0.0144495,-0.00836636,0.344941,0.0112131,0.00313267,0.100665,0.0266496,0.044197],[0.0146127,-0.0121655,0.117955,-0.0383568,0.0911892,0.0739578,0.0703482,-0.000691752,0.099253,0.122103,-0.0901314,-0.0477926,1.37035,0.00825638,-0.0165778,0.308807,0.00905424,0.00482854,0.0897358,0.0131812,0.0318565],[-0.0983787,0.122519,-0.445708,0.401968,0.389404,0.60872,-0.229344,-0.103916,-0.101384,-0.0901314,3.02957,0.254584,0.318931,0.0142538,-0.0399284,1.6705,-0.184084,-0.123659,0.228299,0.326933,-0.0162454],[-0.0145978,0.0884921,-0.0377672,0.108361,-0.0377315,0.295265,-0.0929558,-0.0346405,-0.0280778,-0.0477926,0.254584,0.998542,-1.15488,0.0329302,0.0141404,0.152288,0.00447203,-0.0466687,0.0129299,0.0262379,0.0117008],[3.0528,2.72025,5.63091,0.771862,13.6138,10.0034,2.82151,-0.139388,1.37422,1.37035,0.318931,-1.15488,144.048,1.38131,-0.511129,34.8321,1.22813,-0.19349,11.3772,9.05003,1.09486],[0.0240234,0.0459501,-0.0780833,0.0724445,0.113067,0.0593736,0.0285265,-0.0177201,0.0144495,0.00825638,0.0142538,0.0329302,1.38131,0.0728832,0.037844,0.481897,0.00580197,0.0103631,0.190475,0.143576,0.0261802],[-0.0383591,-0.036208,-0.123698,0.0389691,-0.0614486,-0.125817,0.0103765,-0.0135385,-0.00836636,-0.0165778,-0.0399284,0.0141404,-0.511129,0.037844,0.0773749,-0.54314,-0.0388107,0.0223181,-0.0023008,0.0533315,0.0170425],[1.16235,1.97848,2.78046,-0.286401,4.7215,5.97634,0.188767,-0.234674,0.344941,0.308807,1.6705,0.152288,34.8321,0.481897,-0.54314,22.7565,0.783301,-0.221492,4.2218,1.95482,0.295633],[0.11058,0.312916,0.305217,0.332458,-0.0363559,0.801055,-0.0163391,0.0452162,0.0112131,0.00905424,-0.184084,0.00447203,1.22813,0.00580197,-0.0388107,0.783301,1.09549,0.00641386,0.58738,0.212714,0.159954],[-0.0179955,-0.0672564,-0.123175,-0.0443242,0.00571121,-0.0997375,0.0311814,-0.0207651,0.00313267,0.00482854,-0.123659,-0.0466687,-0.19349,0.0103631,0.0223181,-0.221492,0.00641386,0.0872501,-0.137494,0.0150101,0.00470573],[0.638298,0.901028,0.930595,0.708188,2.39592,2.50759,0.122203,0.113459,0.100665,0.0897358,0.228299,0.0129299,11.3772,0.190475,-0.0023008,4.2218,0.58738,-0.137494,4.31038,0.656626,0.252844],[0.181491,0.285634,0.408076,-0.0249965,0.840165,0.631978,0.220069,-0.189564,0.0266496,0.0131812,0.326933,0.0262379,9.05003,0.143576,0.0533315,1.95482,0.212714,0.0150101,0.656626,2.04762,0.134268],[0.0470511,0.0851959,0.048726,0.105491,-0.580829,0.244235,0.0249929,0.00174883,0.044197,0.0318565,-0.0162454,0.0117008,1.09486,0.0261802,0.0170425,0.295633,0.159954,0.00470573,0.252844,0.134268,0.488516]],"n":21,"lags":3}