{"betahat":[[0.661517,-0.0832874,0.700824,0.983877,1.31801,0.368719,-0.567635,0.835648,-0.158727,-0.0775644,0.80723,2.64714,-0.0808392,-0.284055,0.840042,1.88142,-0.861155,-0.848248],[0.968598,0.0603896,0.282454,-0.226364,-0.230936,0.0453258,0.0343705,-0.0589193,-0.00868344,-0.0284829,0.119673,1.60012,-0.00548351,0.000327967,0.293359,0.0415766,0.1157,0.103116],[-0.0144892,0.956261,0.369397,-0.0470753,-0.0339079,0.169567,0.011783,-0.0229763,0.00161179,0.0040743,-0.0990489,-1.29881,-0.00521312,0.00172294,-0.384264,-0.0797674,-0.0351832,-0.00903758],[-0.0148626,-0.0462217,0.774145,0.0548585,0.0694954,-0.0193046,0.006617,6.95433e-06,0.0071615,0.0102633,-0.0367497,0.20935,0.00803276,-0.00475766,0.169668,0.057313,-0.0241811,-0.0141893],[0.104058,0.133105,0.333887,0.872972,-0.119702,0.328558,0.0563974,-0.0315875,0.0158677,0.0215477,-0.123611,0.982725,-0.00992773,-0.0243391,0.28264,0.0793928,0.0563273,0.0430083],[-0.0057406,-0.0212732,-0.0907443,0.0533483,0.576855,-0.0177594,-0.00039179,-0.00449442,0.000180591,0.00030885,0.0453881,0.10241,-0.00144133,-0.00499372,-0.0411417,-0.00879034,-0.0123637,0.141539],[0.0196226,-0.0176332,0.0526296,-0.0511529,0.231511,0.87851,0.0254114,-0.00430052,0.0120428,0.0122781,-0.0675249,0.456688,0.00153426,0.0107714,-0.23965,-0.0594136,0.0687593,-0.0273403],[-0.0634601,-0.0349426,-0.0615883,0.0466049,-0.558406,-0.16631,1.1351,0.150166,0.11574,0.138588,-0.288367,-1.61705,-0.0160531,0.0505824,-1.66739,-0.422955,-0.511116,-0.027541],[0.0966049,0.0997012,-0.124079,0.173449,-0.217291,-0.039798,-0.236553,0.731272,-0.111481,-0.125337,-0.45742,-3.33942,-7.54973e-05,0.0106798,0.588043,-0.0905473,0.488417,0.271503],[-0.00258741,-0.0126213,-0.0898039,-0.169499,0.108648,-0.0467751,0.06287,0.0224155,1.09529,0.205199,0.253424,0.0267707,-0.0572491,-0.0112971,-0.724591,0.233693,0.0273409,0.131178],[0.0112911,0.0452021,0.310794,-0.296596,-0.174202,-0.0259684,-0.0845253,-0.0100923,0.0105106,1.00516,0.227926,-2.09494,-0.0732285,-0.0268628,-0.414681,-0.0256834,-0.0822042,0.0571063],[0.0311212,0.104633,0.175017,-0.0642887,-0.105939,0.0364999,-0.0194192,0.0141353,-0.0441546,-0.0458218,1.11287,-0.0991858,0.00810898,0.0216126,-0.0734632,-0.0183829,-0.0229715,0.00652507],[-0.00393182,-0.00705363,-0.00492513,-0.00162525,0.0255854,0.00990628,0.0032605,-0.000391407,0.000121811,0.00137714,0.0350131,1.00694,-0.000899852,-0.000324014,-0.0119751,-0.00964555,-0.00202456,-0.00359548],[-0.319076,-0.469117,-1.1542,0.0841878,0.428463,-0.912869,-0.0204573,-0.0384789,0.166085,0.173178,-0.751225,-1.38186,1.08504,0.00888813,1.32492,0.508408,-0.579822,0.306007],[0.00399958,-0.196685,-0.120414,0.243562,-0.913874,-1.64039,0.137909,0.00472621,0.0457146,0.058541,-0.0841092,-3.89096,-0.0680703,1.00901,-2.81732,-1.01014,-0.364778,0.0578145],[0.0179558,0.00255554,-0.029279,0.0206493,0.102973,0.0563838,0.00115498,-0.00677361,0.0114862,0.00996574,0.0116265,0.0548921,0.00747461,0.00342206,1.12841,0.0551033,-0.0114596,0.0214254],[0.0365261,0.120253,0.135241,0.0191565,0.292152,0.276082,0.0107094,-0.0224018,0.0209324,0.0231328,0.156333,0.615371,-0.00273815,-0.023832,0.493488,0.537592,0.140186,-0.0733324],[-0.0419309,-0.0205438,-0.038974,0.0651715,-0.0705529,0.0115501,0.0763369,0.00248784,0.0269325,0.0150491,-0.129877,0.535923,0.0179097,0.00512913,0.0167018,0.0302877,0.617341,-0.0194204],[-0.134727,-0.1657,-0.563578,0.373961,-0.548457,-0.414267,-0.119609,-0.062561,-0.0336816,-0.000461459,-0.0289929,-1.33154,-0.0336781,-0.0179807,-0.0605471,-0.270883,-0.161534,0.715778],[0.0821948,0.0205663,-0.100511,0.209718,0.0848056,0.119453,-0.019154,0.0449185,0.00523318,0.0185983,-0.0063601,-0.176101,0.0187991,0.00754032,-0.130558,0.0585031,0.0447538,0.00886711],[0.0666615,0.119688,-0.00929802,-0.0421092,-0.0513219,-0.0223972,-0.00657573,-0.00545896,-0.0049602,-0.0107645,0.100471,0.885332,0.00453601,-0.00576872,0.392597,0.0616231,0.0847209,-0.00307469],[0.0179429,0.0327778,0.16018,-0.0283601,-0.00246432,0.0604185,-0.00530733,-0.00850866,-0.00599235,-0.00668554,0.0470545,-0.14873,-0.00819539,0.00297614,-0.106414,-0.0177817,0.0290462,0.00657612],[-0.0426396,-0.0524248,-0.287275,0.0860031,0.122689,-0.19471,-0.0193535,0.00625289,0.00525906,-0.00658419,0.133713,-0.260691,0.0128155,0.0178847,-0.119452,-0.0311517,0.0568093,-0.00289998],[0.00512634,0.023162,0.0772897,-0.0511818,0.297529,0.0834526,-0.00438104,0.00167764,-0.00255796,-0.00122332,-0.0272393,-0.0487345,-0.00125518,-0.000988525,0.0545749,0.00711841,0.00898996,-0.10307],[-0.0105116,0.0169583,-0.00160587,0.040249,-0.112166,0.0801648,-0.0228302,-0.000630811,-0.0116768,-0.00627462,0.0613274,-0.216448,-0.00776917,-0.0116042,0.182637,0.0315506,-0.0445064,-0.00288615],[-0.0166082,-0.0658512,-0.244886,0.0574983,0.494833,-0.00907956,-0.132715,-0.208567,-0.0780707,-0.0927111,0.345769,1.28246,0.0463835,-0.00820757,1.01134,0.220618,0.620516,0.00626112],[0.0975224,0.0626547,0.189375,-0.395309,0.504447,0.500359,0.06839,0.0805046,0.0663232,0.0468821,-0.0285013,2.18279,-0.00674757,-0.0347218,-0.170766,0.191582,-0.41509,-0.312279],[-0.0612554,-0.124062,0.151384,0.23251,0.139731,-0.170226,-0.098486,-0.0523008,-0.0999376,-0.191954,-0.406269,0.00789808,0.0598093,-0.00074425,0.851317,-0.259402,0.00510321,-0.0267408],[-0.0292299,-0.146147,-0.307158,0.311482,0.280339,-0.382112,-0.0184118,-0.0232085,-0.0606805,-0.064997,-0.33497,1.35124,0.0611826,0.0032653,0.495624,-0.179928,0.137503,-0.0204489],[0.00206964,-0.0518942,-0.0646799,0.0033051,-0.0234138,-0.00994119,0.00709958,-0.0179201,0.0238889,0.0252249,-0.123352,-0.46403,-0.0174215,-0.0187686,-0.107289,-0.0527528,0.0145584,-0.0130239],[0.00493674,0.00431985,-0.00107003,-0.00351214,-0.0101249,-0.00929414,-0.00770266,2.15981e-05,-0.00378649,-0.00525906,-0.0200514,-0.0708013,0.000192338,0.000957991,-0.0113636,0.00178567,-0.00537049,-0.00127551],[0.505726,0.569771,1.75241,-0.0460116,0.287772,1.55331,-0.0856313,0.0758893,-0.137882,-0.180197,0.301323,-1.02357,-0.116517,-0.0323865,-1.09895,-0.192862,0.235364,-0.257149],[0.157103,0.258482,0.428462,-0.0448755,0.96046,1.8139,0.0896043,-0.0676727,0.0712058,0.0840544,0.0774269,4.67783,0.0395499,-0.000426195,2.15525,1.11103,0.416479,0.188897],[-0.0122367,-0.00161939,0.0334487,-0.0160817,-0.0812016,-0.046037,-0.0101563,0.0027768,-0.0154507,-0.0149172,0.00123669,-0.208687,-0.010141,-0.0016171,-0.126697,-0.0534287,-0.00247425,-0.0199617],[0.0383828,0.0222052,0.103988,-0.00457064,0.00460921,0.124934,-0.025404,-0.0261852,0.0114278,0.0112943,-0.185514,0.107485,0.00595716,0.0286938,-0.0104993,-0.0469981,0.0989704,0.0681651],[0.0494258,0.0630673,0.131546,-0.0263269,0.133627,0.0718244,0.056017,-0.00595,0.0303489,0.0334776,0.0163926,-0.144719,0.0150013,0.025274,-0.100356,0.0547973,0.241286,0.0153739],[-0.0127778,0.0208083,0.235728,-0.125327,-0.282421,-0.0304558,0.0960121,-0.0272397,-0.0150046,0.000124394,0.336529,0.0918737,0.0378403,0.0245255,0.0830411,0.00661805,0.327584,0.139871],[-0.0508046,-0.080962,-0.181994,0.0166608,0.146123,-0.16478,-0.015217,0.0139976,0.00345181,0.00988571,-0.113303,-1.4239,-0.0133112,-0.00786969,-0.162703,-0.100083,-0.160434,-0.111971],[-0.0521825,-0.0759569,-0.360147,0.0891961,0.0852331,-0.147168,-0.00520772,0.0284323,0.00335042,0.00669182,-0.0014163,0.413608,0.000681428,0.00404438,-0.0082388,0.0181405,-0.0495213,0.0121221],[-0.00310327,0.0134235,0.0655782,-0.0264719,-0.0670592,-0.0411354,-0.00130856,0.00849908,-0.00116675,-0.00357558,-0.010301,-0.0604655,0.000168003,0.00178031,-0.0631605,-0.0395401,-0.0048347,0.00763077],[-0.061425,-0.080676,-0.046644,0.0410245,-0.00297854,-0.133828,-0.0370441,0.0253313,-0.0211236,-0.0149609,-0.010097,-0.721889,-0.00288339,0.00645188,-0.163071,-0.0482377,-0.11312,-0.0400995],[0.000602507,-0.00189655,0.0133977,-0.00214344,0.125576,-0.0657121,0.00477258,0.00281212,0.00237647,0.000913176,-0.0181251,-0.0536073,0.00270049,0.00598176,-0.0133408,0.00165811,0.0033946,-0.0384483],[-0.00912348,0.00066174,-0.0510795,0.0109184,-0.119365,0.0412958,-0.00257973,0.00492878,-0.000364182,-0.00600212,0.00620386,-0.240104,0.00623914,0.000832561,0.0570878,0.027848,-0.0242269,0.0302408],[0.0800623,0.101128,0.306541,-0.104164,0.063902,0.175917,-0.00238323,0.0582754,-0.0376462,-0.0458665,-0.057401,0.334805,-0.0302801,-0.0424075,0.657958,0.202494,-0.109336,0.0213621],[-0.1048,-0.142781,0.00169483,0.118399,0.0154608,-0.395667,0.169775,0.159901,0.0528423,0.0865552,0.399008,1.39939,0.0124422,0.028007,-0.48196,0.00579786,-0.0583865,-0.0348258],[0.0285021,0.117165,-0.181585,-0.0608429,-0.264477,0.112565,0.0318667,0.0405618,-0.0312352,-0.0453466,0.133435,0.138196,-0.00364633,0.0091091,-0.0193275,0.0282127,-0.0369014,-0.0895028],[-0.032959,0.0922652,-0.128563,-0.0486155,-0.253247,0.320618,0.0748531,0.0535822,0.00273728,0.00702168,0.0972203,0.590951,0.00586212,0.017889,-0.0075776,0.173272,-0.064033,-0.00558762],[-0.0334485,-0.0528443,-0.110844,0.0611246,0.128079,-0.0267253,0.0123727,0.00376005,0.0203018,0.0206248,0.00999704,0.563425,0.00931289,-0.00287941,0.18054,0.070767,0.00904763,0.00672971],[-0.000850994,0.00295635,0.00557975,0.00546841,-0.0146562,-0.00375155,0.00478909,-4.54106e-05,0.00302233,0.00327228,-0.0128061,0.0382397,0.000575136,-0.000314522,0.0229438,0.00558092,0.00668206,0.00513209],[-0.164152,-0.0611013,-0.44745,0.0175619,-0.772932,-0.535238,0.16749,-0.062589,0.000677737,0.0337879,0.301401,2.4702,0.00545177,0.011581,-0.256848,-0.19213,0.25457,0.0246482],[-0.173013,-0.061416,-0.290855,-0.180257,-0.19854,-0.18285,-0.176965,0.0501507,-0.104273,-0.127771,-0.0529729,-0.717059,0.0176942,-0.0314604,0.53325,-0.126598,-0.0829654,-0.235314],[-0.00588132,-0.000886291,-0.00502186,-0.00390615,-0.0210073,-0.0100192,0.00890754,0.0036979,0.00396096,0.00487034,-0.0118794,0.155294,0.00276321,-0.00158564,-0.00127676,-0.0019048,0.0151223,-0.00106792],[-0.015812,-6.17595e-05,-0.0136688,-0.0875617,-0.144438,-0.00518762,-0.0219922,-0.00616632,0.0122188,0.00522782,-0.00892552,-0.398371,0.0040654,0.0258012,-0.32623,0.0129017,-0.0552267,0.0379299],[0.0227946,-0.00524668,-0.024075,-0.028965,-0.0221133,-0.0663694,-0.0336125,0.0183578,-0.0127678,-0.0152368,-0.0497804,-0.0522666,0.00504629,0.00420923,0.0547865,0.00353641,0.0015712,0.00569353],[0.0674852,0.115848,0.201785,-0.214051,0.570322,0.264552,0.0326499,0.0855758,0.0432919,-0.00217741,-0.240967,0.882073,-0.0160541,-0.00259886,-0.319368,0.188027,-0.13878,0.101531]],"sigmahat":[[0.832298,0.683301,1.86414,-0.600642,1.38694,1.22939,0.0865022,-0.0166852,0.0737013,0.046608,-0.134806,2.63021,0.0144887,-0.0383528,0.992026,0.460634,0.0566308,0.0061875],[0.683301,1.31861,2.20627,-0.793811,0.846849,1.67036,0.0115226,-0.0167496,0.0490476,0.00708507,0.135236,1.1379,0.0250179,-0.0423348,1.61128,0.466587,0.0117737,0.0730425],[1.86414,2.20627,10.4776,-3.25736,2.15392,4.23553,0.263698,0.118905,0.294661,0.190689,-0.629499,4.34955,-0.124606,-0.137087,2.16044,0.245407,0.0667023,-0.0627769],[-0.600642,-0.793811,-3.25736,2.57735,-0.782289,-1.37894,-0.0559288,0.0102088,-0.0928986,-0.0361086,0.471943,-0.607093,0.048256,0.0410931,-0.656148,0.130792,-0.200578,0.124445],[1.38694,0.846849,2.15392,-0.782289,10.3989,3.88065,0.233872,-0.315179,0.213804,0.151782,0.142988,13.7295,0.120534,-0.0155113,4.4585,1.91797,0.708479,-0.678665],[1.22939,1.67036,4.23553,-1.37894,3.88065,7.16354,-0.0126851,-0.139413,0.212094,0.115975,0.477964,8.26256,0.0234846,-0.145152,5.44496,1.72375,0.2155,0.17904],[0.0865022,0.0115226,0.263698,-0.0559288,0.233872,-0.0126851,0.344925,-0.0261622,0.106881,0.109895,-0.342357,3.20397,0.0346775,0.0276585,0.0904547,0.0939968,0.223362,0.0188752],[-0.0166852,-0.0167496,0.118905,0.0102088,-0.315179,-0.139413,-0.0261622,0.204123,-0.00815078,0.00225588,-0.135942,-0.343685,-0.0243831,-0.0149085,-0.271154,0.0261961,-0.214796,0.0129686],[0.0737013,0.0490476,0.294661,-0.0928986,0.213804,0.212094,0.106881,-0.00815078,0.12505,0.122073,-0.159813,1.70009,0.0211434,-0.00446992,0.342217,0.140379,0.0249367,0.0342239],[0.046608,0.00708507,0.190689,-0.0361086,0.151782,0.115975,0.109895,0.00225588,0.122073,0.146277,-0.147523,1.68292,0.01372,-0.0123027,0.292234,0.142531,0.00391942,0.0224294],[-0.134806,0.135236,-0.629499,0.471943,0.142988,0.477964,-0.342357,-0.135942,-0.159813,-0.147523,3.5013,-0.680287,-0.000994272,-0.0398699,1.62845,0.153502,0.398353,-0.00691263],[2.63021,1.1379,4.34955,-0.607093,13.7295,8.26256,3.20397,-0.343685,1.70009,1.68292,-0.680287,127.993,1.21873,-0.383094,29.3221,6.73751,7.4903,0.647753],[0.0144887,0.0250179,-0.124606,0.048256,0.120534,0.0234846,0.0346775,-0.0243831,0.0211434,0.01372,-0.000994272,1.21873,0.0763766,0.0409264,0.445728,0.0979518,0.121283,0.0207874],[-0.0383528,-0.0423348,-0.137087,0.0410931,-0.0155113,-0.145152,0.0276585,-0.0149085,-0.00446992,-0.0123027,-0.0398699,-0.383094,0.0409264,0.0797986,-0.540442,-0.033817,0.0570631,0.00522939],[0.992026,1.61128,2.16044,-0.656148,4.4585,5.44496,0.0904547,-0.271154,0.342217,0.292234,1.62845,29.3221,0.445728,-0.540442,22.4114,3.24714,1.37877,0.318151],[0.460634,0.466587,0.245407,0.130792,1.91797,1.72375,0.0939968,0.0261961,0.140379,0.142531,0.153502,6.73751,0.0979518,-0.033817,3.24714,2.17173,-0.0897561,0.162384],[0.0566308,0.0117737,0.0667023,-0.200578,0.708479,0.2155,0.223362,-0.214796,0.0249367,0.00391942,0.398353,7.4903,0.121283,0.0570631,1.37877,-0.0897561,2.09795,0.0696586],[0.0061875,0.0730425,-0.0627769,0.124445,-0.678665,0.17904,0.0188752,0.0129686,0.0342239,0.0224294,-0.00691263,0.647753,0.0207874,0.00522939,0.318151,0.162384,0.0696586,0.51601]],"n":18,"lags":3}