{"betahat":[[0.589709,0.0143521,0.70455,0.693726,1.51711,0.327735,-0.427162,0.644086,-0.149895,-0.106814,1.20365,3.01964,-0.0901049,-0.266168,1.97305,1.7441,-0.449174,-0.602829],[0.966985,0.0538583,0.27362,-0.215517,-0.252282,0.041264,0.0260046,-0.058523,-0.00737257,-0.0269191,0.138352,1.49371,-0.00437256,0.00059785,0.29891,0.0387669,0.113575,0.108502],[-0.014777,0.959098,0.365781,-0.0484195,-0.0353377,0.150662,0.0122504,-0.0250073,0.000602137,0.00206259,-0.10362,-1.28224,-0.00580417,0.00417617,-0.421361,-0.0931636,-0.0316647,-0.0123575],[-0.0132641,-0.0475893,0.784808,0.0533889,0.0697195,-0.0154558,0.0075247,0.000239144,0.00788459,0.0113859,-0.0374628,0.22371,0.00748025,-0.00508542,0.17168,0.0521586,-0.0240834,-0.0142931],[0.10775,0.130807,0.341478,0.878514,-0.125369,0.329141,0.0539977,-0.0318394,0.0172029,0.0225612,-0.118102,0.98578,-0.00918933,-0.0242759,0.301129,0.0781232,0.0576075,0.0492773],[-0.00410936,-0.0207995,-0.087575,0.0549024,0.58769,-0.0146499,-0.000951822,-0.00451486,-0.000485779,-0.0002691,0.0454373,0.102215,-0.00140222,-0.00566282,-0.0329616,-0.0104012,-0.0138567,0.140475],[0.0199211,-0.0160233,0.0481929,-0.0507738,0.230947,0.889571,0.0244481,-0.00459061,0.0128397,0.0133354,-0.0722577,0.449584,0.00218065,0.0111562,-0.234219,-0.0508793,0.0658817,-0.0274435],[-0.0681239,-0.0409758,-0.067028,0.0421137,-0.595119,-0.179348,1.13811,0.155929,0.115582,0.137824,-0.312446,-1.63836,-0.0151774,0.0481733,-1.62052,-0.408655,-0.50876,-0.0216711],[0.0981049,0.112747,-0.0951408,0.168469,-0.221557,-0.0193865,-0.230991,0.753285,-0.103221,-0.119504,-0.464132,-3.26012,2.65234e-05,0.0101119,0.556817,-0.0895799,0.46811,0.279741],[0.00934179,-0.020459,-0.0480696,-0.163864,0.111872,-0.0383199,0.0856646,0.0289267,1.10497,0.209185,0.214985,0.410949,-0.0645045,-0.0192098,-0.697592,0.220921,0.0536473,0.131221],[-0.009428,0.0384626,0.23011,-0.266695,-0.17707,-0.0719312,-0.0929318,-0.023225,0.0124027,1.01071,0.278016,-2.39682,-0.0680215,-0.0160003,-0.478683,-0.0367026,-0.072924,0.0558222],[0.0267473,0.101337,0.166723,-0.0598569,-0.111542,0.0267042,-0.019164,0.0142855,-0.0447963,-0.0471507,1.11626,-0.115814,0.00762544,0.0210165,-0.0708468,-0.0243892,-0.0191866,0.00482319],[-0.00344882,-0.00625968,-0.00658298,-0.00130972,0.0249313,0.0103333,0.00269698,-0.000557126,-5.76495e-05,0.00120208,0.0330098,0.999273,-0.00109663,-0.00030222,-0.0164763,-0.00896133,-0.00412739,-0.00369121],[-0.31866,-0.475426,-1.11858,0.0843934,0.477943,-0.885975,-0.000943865,-0.028088,0.179763,0.18688,-0.752332,-1.04285,1.08457,0.00886184,1.27587,0.49004,-0.588652,0.288776],[0.0170898,-0.157377,-0.119063,0.233771,-0.908467,-1.68677,0.132364,0.0131108,0.033615,0.0467959,-0.0526042,-4.01108,-0.0571746,1.01911,-2.67536,-0.970702,-0.338333,0.0544149],[0.0180955,0.00289989,-0.0289321,0.0205207,0.104788,0.0547182,0.000100252,-0.00662322,0.011078,0.00919938,0.0171029,0.0403225,0.00750102,0.00335406,1.1366,0.0537511,-0.00850767,0.0205639],[0.0360093,0.115219,0.137231,0.0157262,0.287979,0.268703,0.0145489,-0.0188052,0.0207272,0.0233153,0.13981,0.701338,-0.00251152,-0.0242576,0.480603,0.552671,0.142514,-0.0739434],[-0.0450902,-0.0197449,-0.0220407,0.0537582,-0.0863675,-0.0011566,0.0738696,0.00593751,0.0287842,0.0170872,-0.113653,0.562165,0.016011,0.0025752,0.017914,0.0181421,0.628013,-0.0195969],[-0.137512,-0.161668,-0.548525,0.369107,-0.528764,-0.387608,-0.120205,-0.0647281,-0.0373402,-0.00548929,-0.034736,-1.29063,-0.0343,-0.0200922,-0.0247441,-0.280198,-0.159863,0.72586],[0.0805502,0.0171805,-0.105474,0.200889,0.100859,0.112472,-0.0107461,0.0465098,0.00502832,0.0192417,-0.0189535,-0.143519,0.0174027,0.0083878,-0.133768,0.0658267,0.0456341,0.00370636],[0.0651293,0.116647,-0.0227923,-0.0278613,-0.0360645,-0.00770517,-0.00761535,-0.00379283,-0.00467049,-0.00930809,0.103251,0.867501,0.00346174,-0.00781939,0.395511,0.0766655,0.0728001,0.000235494],[0.0173199,0.0344795,0.157159,-0.0288566,-0.00474381,0.0595183,-0.00704374,-0.00846995,-0.00609052,-0.0072487,0.047454,-0.155253,-0.00747503,0.00352733,-0.107492,-0.0161025,0.0291589,0.00706434],[-0.0476094,-0.0524251,-0.287831,0.0778353,0.125397,-0.193915,-0.0174446,0.0081329,0.00314622,-0.00802286,0.126074,-0.30939,0.0120897,0.0186979,-0.140479,-0.0387681,0.053312,-0.00899048],[0.0063932,0.0239271,0.0746428,-0.0519925,0.297732,0.083488,-0.00336732,0.00144456,-0.00161255,-0.000427048,-0.0243516,0.00171177,-9.88024e-05,-0.000128569,0.0620717,0.0104095,0.0157989,-0.102454],[-0.00960903,0.0171844,0.00452594,0.0385821,-0.113727,0.0747171,-0.0229897,-0.00103546,-0.0121882,-0.00719725,0.068477,-0.229586,-0.00845844,-0.012345,0.186813,0.0249091,-0.0450425,-0.00218139],[-0.00568943,-0.0618535,-0.23736,0.0608085,0.537458,0.0231539,-0.133487,-0.214084,-0.0806424,-0.0955224,0.361308,1.33525,0.0442868,-0.00945578,0.985792,0.21495,0.605897,0.00204656],[0.0778121,0.0456616,0.106318,-0.355782,0.470498,0.449286,0.0652984,0.0691318,0.0569964,0.0411849,-0.0258086,2.15738,-0.00308233,-0.0339209,-0.109605,0.199535,-0.385047,-0.316003],[-0.046126,-0.099602,0.136713,0.239597,0.175193,-0.16289,-0.111233,-0.0590685,-0.105776,-0.193579,-0.35116,-0.294064,0.06289,0.00663158,0.773707,-0.235724,-0.0081106,-0.0277852],[0.00524788,-0.124442,-0.204636,0.27119,0.301255,-0.300987,-0.0130213,-0.0151023,-0.0575218,-0.0632469,-0.397849,1.56961,0.0616546,-0.000853085,0.538359,-0.151434,0.130513,-0.0139871],[0.00568948,-0.0495638,-0.0623227,0.000596378,-0.00880784,-0.000750102,0.00598349,-0.0174813,0.0238474,0.0254455,-0.122973,-0.436218,-0.0165651,-0.0177938,-0.0928124,-0.0431064,0.0166617,-0.0104319],[0.00465749,0.00375074,0.000233811,-0.00409148,-0.0101146,-0.00967545,-0.00722978,0.000377654,-0.00361724,-0.00505439,-0.0191456,-0.0637591,0.000297593,0.000911186,-0.00914911,0.00071671,-0.00369567,-0.00139351],[0.469651,0.549076,1.57088,-0.0294678,0.217128,1.48254,-0.117411,0.0642368,-0.148028,-0.189652,0.333464,-1.37735,-0.106668,-0.0201854,-1.11353,-0.186999,0.252946,-0.220946],[0.164979,0.253096,0.494998,-0.0626359,0.986518,1.87983,0.0814208,-0.0686233,0.0709365,0.0800423,0.073423,4.48504,0.0292767,-0.00860211,2.0272,1.0753,0.372521,0.170647],[-0.0119792,-0.000933349,0.0332315,-0.0156366,-0.0815953,-0.0441193,-0.00893744,0.00268549,-0.015194,-0.0142406,-0.00366915,-0.199426,-0.00995265,-0.00138384,-0.13324,-0.0525346,-0.00431066,-0.0195578],[0.0346909,0.0253453,0.121971,-0.0170615,-0.00322899,0.133784,-0.0243249,-0.0266787,0.0118858,0.0108735,-0.183254,0.132105,0.00766725,0.029642,-0.00434188,-0.0448238,0.100263,0.0699357],[0.043035,0.0521511,0.0999233,-0.015553,0.128085,0.0681857,0.0505532,-0.00914116,0.026021,0.0299521,0.0211254,-0.144983,0.0153789,0.025497,-0.10101,0.0524435,0.240938,0.010454],[0.00790696,0.0307195,0.249212,-0.11654,-0.243954,-0.0195535,0.101593,-0.0210779,-0.00884306,0.00566488,0.327167,0.27017,0.0412692,0.0251874,0.0978817,0.0414622,0.32235,0.145121],[-0.0475362,-0.0710407,-0.168173,0.0146431,0.151419,-0.153736,-0.0152581,0.0120121,0.00234427,0.00767784,-0.119399,-1.35016,-0.0130271,-0.00898725,-0.165086,-0.104598,-0.1592,-0.112205],[-0.0503516,-0.0757488,-0.343011,0.0762927,0.071406,-0.142955,-0.00463461,0.0287992,0.0040687,0.00724634,0.000366665,0.414778,0.0023453,0.00364155,0.0259027,0.016493,-0.0411282,0.0121234],[-0.00406526,0.0130971,0.0579714,-0.024508,-0.064998,-0.0440793,-0.00047931,0.00823031,-0.00179354,-0.004136,-0.00999735,-0.0683986,-1.42979e-06,0.00155666,-0.064136,-0.0360653,-0.00505865,0.00723581],[-0.060136,-0.0783751,-0.0536563,0.043653,-2.01321e-05,-0.13521,-0.0365526,0.0237054,-0.0203481,-0.014537,-0.00797632,-0.676339,-0.00289754,0.00557528,-0.160579,-0.0393549,-0.110912,-0.0402864],[-0.00228452,-0.00313054,0.0129022,-0.00288823,0.114548,-0.0688515,0.00432022,0.00306802,0.00209682,0.000695247,-0.0210765,-0.103928,0.00150394,0.00579067,-0.0290602,-2.10331e-05,-0.00193236,-0.0380112],[-0.0103134,-0.00116821,-0.0527477,0.0122065,-0.117235,0.0356896,-0.00145608,0.00562547,-0.000651233,-0.00613736,0.00377611,-0.21995,0.00628075,0.00118818,0.0474426,0.0259566,-0.0208253,0.0296296],[0.0737831,0.102862,0.303932,-0.102579,0.0577588,0.156165,-0.00461541,0.058115,-0.0349395,-0.042296,-0.0488881,0.302577,-0.0290667,-0.0387213,0.635242,0.193657,-0.0970525,0.0197052],[-0.103657,-0.141263,0.0276954,0.103336,0.00237754,-0.376875,0.165566,0.152926,0.0530615,0.0860907,0.414586,1.36452,0.00919615,0.0255927,-0.479435,-0.0163601,-0.0739409,-0.0264592],[-0.00556196,0.0901056,-0.20901,-0.0740642,-0.361082,0.0978912,0.0243785,0.0409631,-0.0322993,-0.0463837,0.120843,-0.0584122,-0.00102752,0.0115615,-0.0358152,0.00652212,-0.0537351,-0.0891589],[-0.0349778,0.0812497,-0.136613,-0.0321574,-0.223214,0.293677,0.0857231,0.0521636,0.00578866,0.00942153,0.107003,0.738823,0.000557786,0.0120901,0.000295308,0.172461,-0.0584586,-0.0177517],[-0.0326727,-0.0518283,-0.104721,0.0593716,0.119458,-0.0260392,0.0132663,0.0031796,0.0209959,0.0217389,0.00617824,0.552191,0.00897529,-0.00319875,0.163225,0.0672372,0.00295981,0.00572102],[-0.00103623,0.00263984,0.00612572,0.00574506,-0.0142542,-0.00295784,0.00486396,-0.000171373,0.00319836,0.0034039,-0.0123442,0.0443106,0.000675944,-0.000390752,0.0254162,0.00651041,0.0071709,0.00524534],[-0.14902,-0.0519425,-0.381265,0.00348426,-0.76947,-0.553517,0.165729,-0.0499405,-0.0126781,0.0219325,0.284298,2.43468,-0.00284344,-0.00220658,-0.185263,-0.217484,0.248737,-0.0169543],[-0.189897,-0.0902935,-0.35946,-0.156556,-0.191127,-0.211862,-0.176417,0.0430804,-0.0971259,-0.117879,-0.0762788,-0.493516,0.0186573,-0.02801,0.507733,-0.120113,-0.0631324,-0.215849],[-0.00627622,-0.00181925,-0.00531938,-0.00416083,-0.0227355,-0.0102784,0.00868814,0.00371049,0.00412308,0.0050081,-0.0126682,0.158991,0.00254672,-0.00178933,-0.00312675,-0.00141924,0.0135713,-0.000670285],[-0.0138047,-0.00031137,-0.0181222,-0.0846852,-0.13301,-0.00468194,-0.0248851,-0.00506334,0.00919269,0.00185597,-0.0108168,-0.440193,0.00337755,0.0254517,-0.327626,0.0142716,-0.0540816,0.0374592],[0.0222572,-0.00450205,-0.0217678,-0.0255063,-0.0168067,-0.0562468,-0.036358,0.0173662,-0.0140274,-0.0167525,-0.0393356,-0.0887607,0.00351517,0.00378603,0.0607038,0.00737009,0.00295994,0.0101457],[0.069871,0.116562,0.214167,-0.224496,0.561884,0.285996,0.028428,0.0825012,0.0425903,-0.0019938,-0.24104,0.81081,-0.0166023,-0.00357524,-0.29136,0.18484,-0.144786,0.0983766]],"sigmahat":[[0.842659,0.687354,1.88351,-0.608717,1.39392,1.2369,0.0855136,-0.0177477,0.0753233,0.0477511,-0.146192,2.63885,0.013826,-0.038355,0.978839,0.47271,0.0544382,0.00928429],[0.687354,1.33541,2.23206,-0.803823,0.81844,1.69687,0.0147276,-0.0159405,0.0485426,0.00625365,0.116483,1.11092,0.0246999,-0.0405682,1.59035,0.481307,0.00611395,0.0736561],[1.88351,2.23206,10.5368,-3.25269,2.14868,4.29881,0.272947,0.116933,0.298657,0.19496,-0.660043,4.32814,-0.130407,-0.135779,2.09978,0.318044,0.0428871,-0.0408616],[-0.608717,-0.803823,-3.25269,2.58432,-0.818777,-1.41654,-0.0627949,0.0145005,-0.0929135,-0.036924,0.476732,-0.651073,0.0487928,0.0400781,-0.658854,0.0990706,-0.215205,0.121295],[1.39392,0.81844,2.14868,-0.818777,10.555,3.88568,0.224247,-0.342015,0.215414,0.148516,0.131389,13.8611,0.127322,-0.00164573,4.49944,1.92412,0.719561,-0.700437],[1.2369,1.69687,4.29881,-1.41654,3.88568,7.21492,-0.0176325,-0.142467,0.214753,0.114334,0.443496,8.00949,0.0249899,-0.135917,5.34513,1.75695,0.165966,0.174699],[0.0855136,0.0147276,0.272947,-0.0627949,0.224247,-0.0176325,0.349709,-0.0236347,0.109229,0.112105,-0.34098,3.22655,0.0346099,0.0287885,0.0748438,0.094639,0.219343,0.0173645],[-0.0177477,-0.0159405,0.116933,0.0145005,-0.342015,-0.142467,-0.0236347,0.207149,-0.00865243,0.00177988,-0.134151,-0.345716,-0.0243453,-0.0155873,-0.268557,0.0257245,-0.212269,0.0192665],[0.0753233,0.0485426,0.298657,-0.0929135,0.215414,0.214753,0.109229,-0.00865243,0.128731,0.125906,-0.165799,1.72623,0.0219903,-0.00341866,0.333165,0.144823,0.0243207,0.0330571],[0.0477511,0.00625365,0.19496,-0.036924,0.148516,0.114334,0.112105,0.00177988,0.125906,0.150474,-0.151784,1.70326,0.013964,-0.0120959,0.281232,0.144187,0.00360298,0.0206167],[-0.146192,0.116483,-0.660043,0.476732,0.131389,0.443496,-0.34098,-0.134151,-0.165799,-0.151784,3.5393,-0.700746,-0.000809321,-0.0397175,1.61795,0.114361,0.410749,-0.0170931],[2.63885,1.11092,4.32814,-0.651073,13.8611,8.00949,3.22655,-0.345716,1.72623,1.70326,-0.700746,130.115,1.27134,-0.356977,29.518,6.79288,7.64816,0.605807],[0.013826,0.0246999,-0.130407,0.0487928,0.127322,0.0249899,0.0346099,-0.0243453,0.0219903,0.013964,-0.000809321,1.27134,0.0791669,0.0430487,0.46188,0.0993582,0.123699,0.0206056],[-0.038355,-0.0405682,-0.135779,0.0400781,-0.00164573,-0.135917,0.0287885,-0.0155873,-0.00341866,-0.0120959,-0.0397175,-0.356977,0.0430487,0.0829207,-0.538157,-0.0302013,0.0570674,0.00678978],[0.978839,1.59035,2.09978,-0.658854,4.49944,5.34513,0.0748438,-0.268557,0.333165,0.281232,1.61795,29.518,0.46188,-0.538157,22.6369,3.24194,1.40522,0.280761],[0.47271,0.481307,0.318044,0.0990706,1.92412,1.75695,0.094639,0.0257245,0.144823,0.144187,0.114361,6.79288,0.0993582,-0.0302013,3.24194,2.19239,-0.115178,0.162696],[0.0544382,0.00611395,0.0428871,-0.215205,0.719561,0.165966,0.219343,-0.212269,0.0243207,0.00360298,0.410749,7.64816,0.123699,0.0570674,1.40522,-0.115178,2.12132,0.0592215],[0.00928429,0.0736561,-0.0408616,0.121295,-0.700437,0.174699,0.0173645,0.0192665,0.0330571,0.0206167,-0.0170931,0.605807,0.0206056,0.00678978,0.280761,0.162696,0.0592215,0.524513]],"n":18,"lags":3}