{"betahat":[[0.804247,-0.0739641,-0.0330299,1.14081,1.71809,-0.0958085,-0.242694,0.515465,-0.118942,-0.0541256,0.699,1.95732,-0.0263514,-0.240027,1.59019,1.74879,-0.357811,-0.540746],[0.973431,0.0627391,0.293545,-0.236322,-0.229375,0.0266084,0.0383737,-0.0662297,-0.00592142,-0.0270205,0.127238,1.5613,-0.00316736,0.00446986,0.267832,0.0425932,0.13001,0.111348],[-0.0196998,0.949565,0.372012,-0.0410254,-0.0509958,0.177233,0.0147164,-0.0272853,0.0024409,0.00497662,-0.0969153,-1.2805,-0.00616956,0.003016,-0.418227,-0.0946577,-0.0348007,-0.0086417],[-0.0131679,-0.0492104,0.770568,0.0600054,0.0767993,-0.0187687,0.00771673,-7.91495e-05,0.00738391,0.0105736,-0.0373182,0.2504,0.00868045,-0.00476843,0.18123,0.0579493,-0.0230834,-0.0167452],[0.109188,0.13657,0.352225,0.874268,-0.135067,0.339142,0.0575796,-0.0329993,0.0192485,0.024534,-0.125473,1.00582,-0.0107481,-0.0247173,0.281983,0.0758454,0.0572276,0.0492349],[-0.00546017,-0.0227931,-0.0976913,0.0567375,0.578198,-0.0214242,-0.00114743,-0.00436434,-0.000393523,-0.00026411,0.0435319,0.105167,-0.000931143,-0.00492056,-0.0357732,-0.011513,-0.0136093,0.143369],[0.022933,-0.0136306,0.0623698,-0.0520938,0.247594,0.892115,0.0270505,-0.00339058,0.013765,0.0141922,-0.0721007,0.483812,0.00267781,0.0117557,-0.230299,-0.0529908,0.0672366,-0.0268119],[-0.0771645,-0.0439254,-0.105796,0.079297,-0.602007,-0.218812,1.14991,0.154178,0.11629,0.139564,-0.320327,-1.64419,-0.0133101,0.0510061,-1.68959,-0.421139,-0.517227,-0.0254078],[0.0758765,0.0996797,-0.132183,0.1803,-0.284967,-0.0446451,-0.239649,0.748383,-0.109888,-0.124897,-0.461824,-3.22711,0.000210919,0.0102855,0.629197,-0.0919949,0.493455,0.292289],[0.0105485,-0.00966701,-0.00448629,-0.180296,0.00561777,-0.0717745,0.0930292,0.0338928,1.11657,0.224003,0.190073,0.15203,-0.0667733,-0.016574,-0.895874,0.214354,0.0188372,0.142249],[0.0245758,0.0742511,0.344559,-0.298389,-0.14776,0.0327194,-0.0944356,-0.0143112,0.0126655,1.00938,0.298511,-2.26535,-0.0745505,-0.0238252,-0.363367,-0.000242491,-0.0969193,0.0604344],[0.0260094,0.101199,0.163669,-0.0577191,-0.135775,0.0152882,-0.0186772,0.0150981,-0.0454571,-0.0475364,1.11865,-0.131452,0.0080477,0.0220779,-0.0800217,-0.0269792,-0.0188674,0.00835976],[-0.00358419,-0.00698236,-0.00451997,-0.00205543,0.0269507,0.0121982,0.00295296,-0.000779513,0.000192194,0.00133093,0.0352616,1.00795,-0.000840098,-0.000228693,-0.0139146,-0.00949564,-0.00251683,-0.0035522],[-0.357866,-0.540755,-1.28544,0.0809219,0.497648,-1.00001,0.0107305,-0.0364264,0.18303,0.193968,-0.850121,-0.789733,1.09788,0.0199552,1.35099,0.530822,-0.548535,0.280316],[0.0537299,-0.116775,0.00779641,0.19603,-0.885421,-1.58503,0.141211,0.0155886,0.0518656,0.0637794,-0.0605396,-4.10556,-0.0567624,1.01944,-2.68426,-0.956548,-0.360663,0.0736497],[0.0201868,0.00544541,-0.0229696,0.0211713,0.105484,0.0567798,0.00068717,-0.00626098,0.0111475,0.00946261,0.015256,0.0409214,0.00770621,0.00367808,1.13798,0.0564549,-0.00966248,0.0221957],[0.0359983,0.119991,0.133479,0.00975919,0.29885,0.279924,0.0087837,-0.0212651,0.0210822,0.023723,0.14527,0.669789,-0.00354846,-0.0269633,0.485424,0.553945,0.138046,-0.0838194],[-0.0481221,-0.0160827,-0.0353486,0.0603875,-0.086293,0.0175893,0.0667972,0.00442775,0.0258649,0.0146593,-0.11168,0.539612,0.0152064,0.000543079,0.0492861,0.0186743,0.624598,-0.0204533],[-0.141637,-0.164307,-0.553413,0.36891,-0.55483,-0.415381,-0.117206,-0.0606755,-0.0402872,-0.0085668,-0.0355219,-1.38285,-0.0331159,-0.0168351,-0.0212186,-0.29796,-0.158629,0.730736],[0.0861761,0.0290701,-0.0897375,0.205032,0.114004,0.157463,-0.0208168,0.0512797,0.00629665,0.0202282,-0.0119391,-0.0639453,0.0178465,0.00437689,-0.0757813,0.0792661,0.0340829,0.00461388],[0.0684964,0.127273,-0.0196053,-0.0334863,-0.0527194,-0.026726,-0.0128599,-0.00261971,-0.00783987,-0.0138336,0.107239,0.841745,0.00388569,-0.00757565,0.415127,0.0683668,0.0889755,-0.00272827],[0.0180676,0.0342954,0.166525,-0.0325874,0.000343862,0.0651279,-0.00607772,-0.00875505,-0.00630479,-0.00711628,0.0488232,-0.166048,-0.00930059,0.00278532,-0.112772,-0.017824,0.0295379,0.00781096],[-0.0480453,-0.0565153,-0.313699,0.085448,0.121847,-0.206486,-0.0193346,0.00831745,0.00225562,-0.00887163,0.136203,-0.276213,0.0125711,0.0177447,-0.106056,-0.0337111,0.061663,-0.00446968],[0.00767143,0.0245346,0.0797139,-0.0540973,0.305796,0.0899522,-0.00384835,0.000806013,-0.00175906,-0.000229404,-0.0248204,-0.0248354,-0.000904323,-0.00115817,0.0577236,0.0110415,0.0144058,-0.104807],[-0.0119479,0.0141762,-0.00820049,0.0408513,-0.122796,0.0720809,-0.0246168,-0.00177957,-0.0127955,-0.00736584,0.0667303,-0.267276,-0.00903914,-0.0122642,0.170314,0.0256612,-0.0458049,-0.0031404],[-0.00384677,-0.0576789,-0.213886,0.0330855,0.583505,0.0467622,-0.147502,-0.219833,-0.0804493,-0.0955247,0.393925,1.25634,0.0461447,-0.00784627,1.06449,0.226503,0.628551,0.00238988],[0.0966215,0.052149,0.163214,-0.36461,0.472901,0.467012,0.0701221,0.0752992,0.0596734,0.0429357,-0.0299494,2.15368,-0.00842025,-0.0380983,-0.168206,0.18791,-0.41066,-0.322316],[-0.0526777,-0.116466,0.0923074,0.263197,0.272757,-0.14035,-0.112366,-0.0693912,-0.108663,-0.201598,-0.375609,-0.0474841,0.069156,0.00219335,0.984767,-0.244541,0.0250729,-0.0358219],[-0.0161219,-0.163775,-0.28886,0.30237,0.31555,-0.412215,-0.00213119,-0.0255592,-0.0581712,-0.0607554,-0.412789,1.61555,0.0651543,0.00369415,0.472092,-0.176541,0.143968,-0.0301837],[0.0102366,-0.0472617,-0.0487675,-0.00650205,0.012488,0.011778,0.00742801,-0.0190885,0.0258726,0.0272244,-0.127196,-0.452327,-0.0182583,-0.020184,-0.100345,-0.0488989,0.0118826,-0.0149371],[0.00487451,0.00425273,-0.00146416,-0.00401393,-0.0108883,-0.0112124,-0.00764485,0.000539992,-0.00377806,-0.00512801,-0.0223772,-0.0660876,0.000274551,0.000905154,-0.00967145,0.0017985,-0.004689,-0.001444],[0.511171,0.590562,1.72064,-0.00971224,0.231459,1.56475,-0.124747,0.0775135,-0.158742,-0.204748,0.379898,-1.54244,-0.118313,-0.0307437,-1.20255,-0.258383,0.235881,-0.246811],[0.14619,0.236265,0.481486,-0.0427825,1.07577,1.88419,0.0810292,-0.0722022,0.0690775,0.0802463,0.0770862,4.79902,0.0377006,0.000909576,2.16946,1.11499,0.365816,0.156976],[-0.0140709,-0.00377585,0.0276842,-0.015018,-0.0826602,-0.0474182,-0.0106177,0.00284776,-0.0157642,-0.0150048,0.00183882,-0.213184,-0.0102392,-0.00176185,-0.134103,-0.0545186,-0.00530265,-0.0209647],[0.0356328,0.0234881,0.119541,-0.0176595,-4.13012e-05,0.134794,-0.0256439,-0.0255043,0.0102105,0.00841798,-0.191333,0.116974,0.00568565,0.0289797,0.00038872,-0.0408356,0.0986076,0.0692687],[0.0429685,0.0548983,0.105488,-0.0158747,0.111291,0.0547807,0.0521978,-0.00876589,0.0256871,0.0294243,0.0301211,-0.161731,0.0138872,0.0251376,-0.100856,0.0487793,0.253124,0.0176788],[0.00826331,0.0255421,0.255001,-0.119906,-0.245261,-0.00657583,0.0935033,-0.0250948,-0.0108857,0.00523662,0.322592,0.191719,0.0404634,0.022624,0.114576,0.0404516,0.313645,0.144526],[-0.0596179,-0.0918097,-0.20383,0.0312987,0.115368,-0.184067,-0.0175586,0.0149476,-0.00037553,0.00679163,-0.115286,-1.49736,-0.014678,-0.00884649,-0.192014,-0.121871,-0.164083,-0.11596],[-0.0488065,-0.0768388,-0.352427,0.0745192,0.103719,-0.1505,-0.00185832,0.0299026,0.00539895,0.00885665,-0.0103121,0.438752,0.00228491,0.00455986,0.00313472,0.0262795,-0.0541666,0.0113704],[-0.00491719,0.0149072,0.0628595,-0.0274025,-0.0771589,-0.046366,-0.00163989,0.00883232,-0.00107915,-0.00345769,-0.011495,-0.0843456,0.000621924,0.00198367,-0.0684241,-0.0401401,-0.00643936,0.00893858],[-0.0611513,-0.0800498,-0.0385397,0.0402849,0.0132255,-0.132641,-0.0382466,0.0246793,-0.0215037,-0.0156624,-0.0107201,-0.729603,-0.00182188,0.00697233,-0.17588,-0.042142,-0.118881,-0.0447654],[-0.00222196,-0.00174245,0.0179529,-0.00262651,0.115988,-0.0685317,0.00499422,0.00355512,0.00215099,0.000491672,-0.018691,-0.0803761,0.00183636,0.00607959,-0.0219171,0.000453865,-0.000787166,-0.0385559],[-0.0109966,-0.000549535,-0.0541946,0.0112517,-0.124807,0.0357942,-0.00243424,0.0051681,-0.000969776,-0.00682697,0.00538138,-0.21654,0.00636249,0.000509641,0.0600095,0.0273121,-0.0214189,0.0299551],[0.0809759,0.101703,0.319652,-0.112232,0.0188182,0.172236,-0.00246748,0.0656316,-0.0358487,-0.0440561,-0.0734295,0.387849,-0.0328113,-0.0431682,0.625975,0.194627,-0.111383,0.0230266],[-0.109742,-0.133673,0.0173082,0.103669,0.0100489,-0.382349,0.168163,0.158912,0.0507196,0.0829701,0.420092,1.26952,0.0112844,0.0274874,-0.481709,-0.0207072,-0.0804605,-0.0212921],[0.0119137,0.105758,-0.187942,-0.0805063,-0.327255,0.127305,0.0243708,0.0409109,-0.0335181,-0.0459254,0.157525,0.00188932,-0.00568148,0.0117956,-0.0728356,0.0293059,-0.0538142,-0.0946392],[-0.0475588,0.0860384,-0.152693,-0.0303782,-0.264991,0.301847,0.0818189,0.0528197,0.0101838,0.0130709,0.101974,0.57883,0.00234876,0.0146787,-0.0559948,0.168082,-0.0557168,-0.015238],[-0.0364267,-0.0539598,-0.115123,0.0643494,0.122623,-0.02704,0.0112865,0.00399597,0.0196034,0.0203213,0.00833879,0.583993,0.0102285,-0.00188398,0.180111,0.0756468,0.00727311,0.00664242],[-0.00121528,0.00287488,0.006089,0.00629149,-0.0156443,-0.00258562,0.0048891,-4.23218e-06,0.00320991,0.0034249,-0.0115591,0.0422734,0.000468561,-0.000500548,0.0237186,0.00629217,0.00673348,0.00520221],[-0.162358,-0.0389283,-0.388017,-0.0355581,-0.830855,-0.544549,0.152396,-0.0568458,-0.0114029,0.0231375,0.368995,2.3245,0.00136389,0.00099901,-0.212983,-0.214313,0.25745,0.00509565],[-0.204224,-0.112141,-0.466379,-0.149129,-0.290808,-0.309074,-0.19144,0.0498696,-0.115081,-0.135962,-0.0623842,-0.684672,0.0107783,-0.0352421,0.422226,-0.158265,-0.0294304,-0.219592],[-0.00630074,-0.00154863,-0.00527208,-0.00570269,-0.0228481,-0.00927119,0.00986476,0.00328526,0.00463287,0.00553635,-0.0163881,0.171796,0.00258589,-0.00178924,-0.00374656,-0.00218364,0.0154534,-0.0009707],[-0.0206948,-0.00637418,-0.0312196,-0.0765163,-0.149334,-0.0212839,-0.0246363,-0.00411953,0.0103112,0.00336222,-0.00850933,-0.406354,0.00372475,0.0266571,-0.335147,0.0187442,-0.0549047,0.0366253],[0.0208182,-0.013554,-0.0260385,-0.0284905,-0.012257,-0.0661976,-0.0392714,0.0184207,-0.0160484,-0.0186179,-0.0366318,-0.0851687,0.00298616,0.00301822,0.0559585,-0.00048954,0.00604247,0.00764165],[0.0833514,0.125522,0.23243,-0.229325,0.621957,0.315508,0.0305495,0.0842717,0.0461226,-0.00048301,-0.250281,0.985322,-0.0159308,-0.00445783,-0.271266,0.209013,-0.145293,0.103943]],"sigmahat":[[0.843021,0.687154,1.90776,-0.603764,1.40422,1.23964,0.0868914,-0.0172078,0.0758371,0.0494166,-0.146807,2.65695,0.0144133,-0.0409666,1.00557,0.46524,0.0436107,0.00622477],[0.687154,1.32292,2.22225,-0.787439,0.844061,1.66365,0.014761,-0.0167605,0.0470599,0.00529278,0.102967,1.07997,0.025114,-0.04386,1.62096,0.466376,-0.0117827,0.0665408],[1.90776,2.22225,10.5705,-3.23978,2.20761,4.28043,0.270076,0.107984,0.302517,0.196192,-0.679515,4.45436,-0.128429,-0.145604,2.19602,0.271131,0.0404345,-0.0501709],[-0.603764,-0.787439,-3.23978,2.55921,-0.812518,-1.39109,-0.058991,0.0166075,-0.0926612,-0.0366894,0.490415,-0.689877,0.0464046,0.0413286,-0.670104,0.111043,-0.207246,0.123181],[1.40422,0.844061,2.20761,-0.812518,10.4158,3.9078,0.231037,-0.33781,0.217448,0.156221,0.139526,13.5914,0.128321,-0.00565309,4.53695,1.92312,0.677515,-0.679088],[1.23964,1.66365,4.28043,-1.39109,3.9078,7.24616,-0.0051489,-0.132382,0.222581,0.128872,0.419201,8.20791,0.025477,-0.145179,5.4096,1.74748,0.148443,0.171864],[0.0868914,0.014761,0.270076,-0.058991,0.231037,-0.0051489,0.347155,-0.0297454,0.107893,0.108957,-0.345243,3.2155,0.0349327,0.027458,0.0985566,0.0931212,0.218513,0.0198919],[-0.0172078,-0.0167605,0.107984,0.0166075,-0.33781,-0.132382,-0.0297454,0.205787,-0.0100187,0.000194844,-0.132442,-0.375298,-0.0248302,-0.0160157,-0.26296,0.0239239,-0.216826,0.0184124],[0.0758371,0.0470599,0.302517,-0.0926612,0.217448,0.222581,0.107893,-0.0100187,0.129015,0.125624,-0.171676,1.71216,0.0215468,-0.00389931,0.330271,0.138759,0.0231334,0.0310362],[0.0494166,0.00529278,0.196192,-0.0366894,0.156221,0.128872,0.108957,0.000194844,0.125624,0.14927,-0.156114,1.68982,0.0140651,-0.0121851,0.285963,0.142927,0.00438409,0.0195297],[-0.146807,0.102967,-0.679515,0.490415,0.139526,0.419201,-0.345243,-0.132442,-0.171676,-0.156114,3.49779,-0.957788,-0.00479659,-0.0376083,1.57092,0.115473,0.393687,-0.00833212],[2.65695,1.07997,4.45436,-0.689877,13.5914,8.20791,3.2155,-0.375298,1.71216,1.68982,-0.957788,128.411,1.2492,-0.362687,29.0917,6.68179,7.50399,0.614881],[0.0144133,0.025114,-0.128429,0.0464046,0.128321,0.025477,0.0349327,-0.0248302,0.0215468,0.0140651,-0.00479659,1.2492,0.0784174,0.0425769,0.454957,0.0983326,0.119543,0.0188781],[-0.0409666,-0.04386,-0.145604,0.0413286,-0.00565309,-0.145179,0.027458,-0.0160157,-0.00389931,-0.0121851,-0.0376083,-0.362687,0.0425769,0.0819668,-0.537236,-0.033221,0.0562943,0.00567014],[1.00557,1.62096,2.19602,-0.670104,4.53695,5.4096,0.0985566,-0.26296,0.330271,0.285963,1.57092,29.0917,0.454957,-0.537236,22.596,3.22974,1.35046,0.293844],[0.46524,0.466376,0.271131,0.111043,1.92312,1.74748,0.0931212,0.0239239,0.138759,0.142927,0.115473,6.68179,0.0983326,-0.033221,3.22974,2.1833,-0.124862,0.15298],[0.0436107,-0.0117827,0.0404345,-0.207246,0.677515,0.148443,0.218513,-0.216826,0.0231334,0.00438409,0.393687,7.50399,0.119543,0.0562943,1.35046,-0.124862,2.12892,0.0676404],[0.00622477,0.0665408,-0.0501709,0.123181,-0.679088,0.171864,0.0198919,0.0184124,0.0310362,0.0195297,-0.00833212,0.614881,0.0188781,0.00567014,0.293844,0.15298,0.0676404,0.513841]],"n":18,"lags":3}