{"betahat":[[1.09681,1.42837,0.471491,2.68879,2.53395,1.73082,1.48093,-0.208493,-0.643069,1.08865,27.8421,-0.0821127,-0.324629,4.15515,4.2604,1.17411,0.154694],[1.00826,0.156597,0.927057,0.162245,-0.361444,0.202518,-0.00161417,0.0700748,0.0274955,0.00593647,-0.45881,-0.00319588,0.00326436,-0.20887,0.159448,0.036378,0.000888249],[0.130703,0.927794,0.291979,-0.0605026,0.240619,0.139811,0.00101699,-0.0654032,0.0550309,-0.0437651,0.0219868,0.0411423,0.0272516,0.0216729,0.258308,0.0674812,0.00877324],[-0.00965396,-0.0137378,0.834495,-0.0401772,0.00788581,0.0461369,0.00172443,0.0142737,-0.0298058,0.00543424,-0.18485,-0.00479755,-0.00120575,-0.124209,-0.0415965,-0.030948,-0.00249533],[-0.023615,-0.0140758,-0.00828869,0.805886,-0.152623,-0.0569056,-0.0122931,-0.00386091,0.0129984,-0.0107718,-0.357051,-0.00640834,-0.00184974,-0.0957496,-0.0489263,-0.0178731,-0.00579953],[0.00720077,0.00231835,0.0839299,0.0531351,0.74754,0.0430497,0.00555453,0.00561499,0.0283396,-0.0336432,0.160317,0.000577272,0.00410119,-0.0470759,0.016281,0.00722998,0.000547329],[-0.00167632,-0.014977,-0.012462,-0.0425464,0.0880798,0.728863,-0.00152333,0.00298037,-0.0258135,0.032295,-0.181023,0.00078368,0.00446684,-0.0842506,-0.0592571,-0.00724242,-0.00156688],[0.033352,-0.120454,0.582779,0.125139,-0.166088,0.157006,1.04907,0.046153,-0.212983,0.0144773,-1.16686,0.0415492,0.0741126,-0.948442,-0.409179,-0.0800728,-0.00136345],[0.0013591,0.196563,-0.476589,-0.0454534,0.598928,-0.162972,0.0259143,0.884138,0.327531,0.171753,-2.96432,-0.0263331,-0.0229316,0.190949,0.280319,-0.199829,0.0159262],[0.0238499,0.00884633,0.0302816,-0.0547883,0.0733971,0.010165,-0.00531731,-0.0299613,1.15191,0.0534921,0.451488,0.00178634,0.00560204,0.141249,0.0891549,0.0265745,0.00969355],[0.0383982,0.0678722,-0.0130378,0.111328,-0.00306655,-0.0880888,-0.00404314,-0.000430717,-0.110582,0.965608,-0.068846,-0.000776887,-0.00770722,0.0665484,-0.108043,-0.0334263,0.000269327],[0.000896376,0.00352582,-0.0121042,0.0192423,0.00892744,0.0506438,0.00557064,0.000491915,-0.0135964,-0.0118413,1.00539,-0.000254064,0.000103687,-0.0104944,0.017397,0.00452475,0.000637148],[0.233192,0.314684,-0.448646,0.41545,-0.0131312,0.552637,0.0300526,0.117544,-0.121294,-0.227989,-2.14505,1.05728,-0.0146694,1.06652,0.925837,-0.158218,0.111624],[-0.147628,0.0573058,-0.554422,-0.140938,0.725293,-0.580593,0.175614,0.0449788,-0.217228,-0.10641,-2.30617,0.000585606,1.03137,-2.09537,-0.495971,-0.127677,-0.0268169],[-0.00404817,-0.0100458,-0.0357373,0.0542535,-0.00010718,-0.0119343,-0.000561172,0.000361687,-0.00327521,0.000249571,-0.00739247,0.00818657,0.00378006,1.1046,0.0419781,0.00729844,0.0029077],[0.107877,0.0472493,0.242161,-0.0861297,0.333726,0.146895,-0.0168059,0.00460287,-0.00541338,0.0311629,1.04344,0.0120096,-0.00579943,0.367193,0.530297,0.00543726,0.00833517],[-0.0690309,-0.080519,-0.296171,-0.812962,-0.151644,-0.511001,0.163034,0.0103646,0.0279124,0.0397259,0.838186,-0.0261459,0.0247702,-0.770314,-0.591253,0.526308,0.0261492],[-0.121207,-0.341097,0.420414,1.21399,0.0540473,-1.20887,-0.00712286,0.400495,0.257697,-0.0667197,2.99049,-0.0892467,-0.0113448,1.17659,0.369163,0.285804,1.17821],[-0.0340599,-0.137999,-0.836816,-0.302921,0.0815114,-0.17582,0.0147235,-0.0771853,0.0700905,0.0539752,0.113781,0.00562306,0.0103091,0.139733,-0.141564,-0.0295686,-0.00609638],[-0.0848246,0.0341574,-0.103362,0.187978,-0.155105,0.023335,0.00203877,0.0694895,-0.0233455,0.150119,-0.263854,-0.0322173,-0.0231377,-0.0588413,-0.156312,-0.0607954,-0.00812084],[0.00578254,0.00803369,0.131878,0.0513793,0.0329563,-0.0219533,-0.0106797,-0.0161502,0.0349229,0.0182589,0.0548799,0.0067609,0.00691915,0.0645209,0.0455996,0.0200117,0.00233932],[0.0153134,0.00657916,-0.00288945,0.139545,0.103311,0.0243395,0.00664554,-0.00108539,-0.0124974,0.0301002,0.179838,0.00387357,0.00205714,0.0465781,-0.0126316,0.0052053,0.00264189],[-0.0171442,-0.0124765,-0.105835,-0.0958063,0.145997,-0.0905796,-0.00451797,-0.00214375,-0.0408529,0.0114968,-0.251605,-0.00633532,-0.00749258,-0.00977558,-0.0247134,-0.0177505,-0.000653824],[-0.00676395,0.00869592,-0.00988236,0.0174684,-0.0830139,0.237342,0.00068084,-0.00717437,0.0187582,-0.0333321,-0.0458062,-0.00480557,-0.00551763,0.0283414,0.0319026,0.00113648,-0.000465039],[-0.0175063,0.14271,-0.667242,-0.176698,-0.0246933,-0.294017,-0.0332982,-0.0387155,0.195347,-0.0734058,0.123532,-0.0461481,-0.0571418,0.199271,0.185647,-0.0619968,-0.00378548],[-0.0148359,-0.243624,-0.0273983,0.0653348,-0.629799,0.347017,-0.0661175,0.0342317,-0.118009,-0.0714546,2.34832,0.0592038,0.0213434,0.40754,-0.186768,0.271688,-0.000807652],[-0.0312639,-0.00891479,-0.0889314,0.0829487,-0.1476,-0.104304,-0.00106181,0.0370726,-0.13855,0.00226811,-0.155593,-0.00411479,-0.0103039,0.00505746,-0.0687538,0.0170358,0.00292849],[-0.00698013,-0.0174691,0.124581,-0.116367,-0.0137374,0.12151,-0.0101517,-0.00111508,0.0385241,-0.00599172,-0.603354,-0.00053046,0.0123099,-0.15678,0.0152263,-0.0118198,-0.000108951],[-0.000763575,-0.00394072,0.00268854,-0.00666391,-0.00144379,-0.0343147,-0.00121595,-0.000260934,0.0124317,0.00363997,-0.0190556,0.000118059,0.000217436,0.00383804,-0.000165745,-0.00543043,-0.000698151],[-0.163792,-0.184923,-0.149765,-0.639334,0.450859,-1.16764,-0.145652,-0.0600262,0.00753409,0.066841,-0.0213736,-0.0945571,-0.0234441,-0.946569,-0.212164,-0.029176,-0.0784216],[0.184846,0.161236,0.388427,0.0548103,-1.46094,0.171816,-0.141219,0.0979807,-0.322697,0.0633593,2.80846,-0.00839403,-0.0463284,1.88828,0.751049,0.082636,0.0446456],[-0.00244935,0.00406598,0.00013438,-0.0451584,-0.0306476,0.00689085,-0.00194612,-0.00181678,0.0184913,0.014443,-0.0486282,-0.00915725,-0.00146577,-0.100721,-0.0360132,-0.00259537,-0.00347839],[0.0267956,0.0806189,0.0454219,0.0237191,-0.0150248,0.0851788,0.00366231,0.00208675,-0.0103476,0.0169287,-0.21145,-0.00899348,0.000914481,-0.119939,-0.0490101,0.0215938,0.000546039],[-0.0306732,-0.034189,-0.0699299,0.417314,-0.363051,-0.238974,0.0149601,0.0122019,0.112287,-0.0288898,-1.58818,0.00513073,0.045189,-0.553493,-0.145793,0.0595108,-0.0119302],[0.000482131,0.0348569,-0.515794,-0.969254,-0.0853561,0.276478,0.00554917,-0.351518,0.0329805,0.206718,-0.524912,0.0585818,0.0169778,-0.142891,-0.132798,-0.0935826,-0.145287],[0.0257877,-0.0186178,-0.0902611,0.14071,0.280039,-0.0266476,-0.0131503,0.00711651,-0.0976085,-0.0599094,0.344657,-0.00241748,-0.0135735,0.0693457,-0.0179575,-0.0068098,0.00520893],[-0.0458853,0.0380252,-0.188628,-0.127433,-0.0853858,-0.163107,-0.00309454,-0.00408035,-0.0317062,-0.106354,0.241545,-0.00891345,-0.00411342,0.0373951,-0.102059,-0.00668549,-0.000650748],[0.00381882,0.00565651,0.0333755,-0.011239,-0.0407404,-0.0241273,0.00887634,0.00189526,-0.00523399,-0.0236845,0.12912,-0.00196059,-0.00571969,0.0599182,-0.00431165,0.0109026,0.00015454],[0.00827233,0.00745764,0.0110874,0.0543633,0.0494067,0.032698,0.00557448,0.00496186,-0.000574297,-0.0193055,0.177027,0.00256446,-0.000202013,0.0496054,0.0614435,0.0127229,0.00316028],[0.00991538,0.0101164,0.0218411,0.0427583,0.106357,0.0474407,-0.00107848,-0.00346581,0.0125105,0.0220887,0.091034,0.00576951,0.00339107,0.0571607,0.00828842,0.0105356,0.000110874],[0.00840491,0.00624096,0.0221796,0.0250798,-0.0049835,0.0335902,0.000783087,0.00420962,0.00697668,0.00101251,0.226428,0.00403775,0.00105032,0.0562101,0.0271175,0.00609627,0.00203759],[-0.0158153,-0.0224142,0.0845383,0.0519741,0.191943,0.137327,-0.0162919,-0.00742115,0.0175142,0.0591058,1.04015,0.00467499,-0.0170443,0.752038,0.223264,0.142083,0.00516219],[-0.00301967,0.0387511,0.336804,-0.129795,-0.111773,-0.342566,0.0380434,0.0374759,-0.138913,-0.0781807,0.226176,-0.0363664,0.00400498,-0.635558,-0.161746,-0.107714,-0.0223033],[0.00754658,0.000301364,0.0592755,-0.0284207,0.0742893,0.09566,0.00632656,-0.00711303,-0.0139756,-0.0553838,-0.295432,0.00232656,0.00475661,-0.147537,-0.0202496,-0.0435545,-0.0126508],[-0.0315478,-0.0505381,-0.11195,0.00462417,0.0175124,-0.0332362,0.0141078,0.00165175,0.0714745,0.0400624,0.672214,0.00145644,-0.00452173,0.0910456,0.0922202,0.0452895,-0.000135468],[0.000508961,0.000315537,0.0121393,-0.00853058,-0.00695878,-0.0150283,-0.00479254,-0.000169815,0.00559574,0.00850149,-0.0129878,9.62971e-05,-0.000360589,0.00919154,-0.0154234,0.000771122,-7.23597e-05],[-0.112296,-0.126742,0.344916,-0.0527585,-0.321258,0.385189,0.14955,-0.0241509,0.0832563,-0.0596092,1.91008,0.0106958,0.022113,-0.201303,-0.591399,0.161887,-0.0224613],[-0.0336539,-0.206653,0.200857,0.0793624,0.702668,0.3161,-0.0156417,-0.140773,0.420138,-0.075958,-0.445517,-0.00821165,-0.0144171,0.088681,-0.169187,0.0180373,-0.0245356],[0.00624775,0.00577429,0.0348901,-0.00927165,0.0316528,0.00657107,0.0020962,0.00145108,-0.0152153,-0.0142483,0.053137,0.00113139,-0.00201205,-0.00463771,-0.00657966,-0.00429993,0.000576915],[0.0158509,0.0202123,0.0188556,-0.111275,0.0818936,0.118039,-0.00380115,0.00180508,-0.00111741,0.0203055,-0.106587,-0.00114283,0.00247335,-0.0947782,-0.0451046,0.0138626,0.00212243],[0.0158208,0.0894255,-0.00960043,-0.175046,-0.130041,0.0128793,0.030149,0.0423587,-0.0280877,0.0254853,-0.26335,0.00598844,-0.000793761,-0.0700422,0.0616958,0.0140548,0.00499285],[0.0944529,0.239473,0.165905,0.0455578,-0.540987,0.856361,-0.0164761,-0.106064,-0.251126,-0.127244,-3.62006,0.00645627,0.0280994,-1.47306,-0.407373,-0.22239,-0.0943089]],"sigmahat":[[0.61589,0.336627,1.20281,0.868321,1.04292,0.780696,0.0141676,-0.0122846,-0.109738,0.0394941,2.17925,0.0528917,-0.000893193,0.97233,0.766565,0.069788,0.0284406],[0.336627,0.738951,0.561064,0.659504,0.291401,0.978635,0.0195248,0.0157512,-0.306139,0.105126,1.60128,0.00217418,-0.00881361,0.168566,0.629799,0.0197487,0.0254306],[1.20281,0.561064,12.5266,2.78483,1.48089,4.10349,-0.0281446,0.128553,0.749702,0.0716901,4.64775,0.140293,0.000470919,0.975734,1.38998,0.476278,0.0559136],[0.868321,0.659504,2.78483,11.4367,2.53861,0.521564,0.186771,0.206396,-0.105919,-0.212222,5.64618,0.0923837,-0.0293437,1.45744,2.64403,0.1339,0.0248235],[1.04292,0.291401,1.48089,2.53861,17.2212,4.52105,0.111911,0.311241,-0.599059,-0.0714292,0.687075,0.243646,0.0168914,3.11599,0.875294,-0.214415,0.14882],[0.780696,0.978635,4.10349,0.521564,4.52105,17.4758,0.230381,0.508605,-1.07233,0.952422,0.257341,0.150371,0.286363,-1.68498,2.26925,0.526628,0.116102],[0.0141676,0.0195248,-0.0281446,0.186771,0.111911,0.230381,0.333055,0.0481372,-0.173332,-0.365384,4.35004,0.0620064,-0.0101033,1.13468,0.439348,0.212061,0.0271764],[-0.0122846,0.0157512,0.128553,0.206396,0.311241,0.508605,0.0481372,0.304318,-0.324361,-0.0175554,0.264625,0.023954,0.0138489,0.122325,0.121027,0.0354392,0.0378042],[-0.109738,-0.306139,0.749702,-0.105919,-0.599059,-1.07233,-0.173332,-0.324361,3.56094,0.227756,-5.89394,-0.0536277,-0.0163229,-0.0767104,-0.211633,-0.098966,-0.0198693],[0.0394941,0.105126,0.0716901,-0.212222,-0.0714292,0.952422,-0.365384,-0.0175554,0.227756,2.37209,-2.96707,-0.0588543,0.0420944,-1.04,-0.194715,-0.00488211,-0.0241271],[2.17925,1.60128,4.64775,5.64618,0.687075,0.257341,4.35004,0.264625,-5.89394,-2.96707,163.877,1.56528,-0.358087,33.0006,11.3581,6.71517,0.737651],[0.0528917,0.00217418,0.140293,0.0923837,0.243646,0.150371,0.0620064,0.023954,-0.0536277,-0.0588543,1.56528,0.0826344,0.0451582,0.492817,0.227977,0.105768,0.0203646],[-0.000893193,-0.00881361,0.000470919,-0.0293437,0.0168914,0.286363,-0.0101033,0.0138489,-0.0163229,0.0420944,-0.358087,0.0451582,0.085787,-0.568748,0.0331516,0.0237203,0.00145047],[0.97233,0.168566,0.975734,1.45744,3.11599,-1.68498,1.13468,0.122325,-0.0767104,-1.04,33.0006,0.492817,-0.568748,24.4155,4.67205,1.71059,0.313363],[0.766565,0.629799,1.38998,2.64403,0.875294,2.26925,0.439348,0.121027,-0.211633,-0.194715,11.3581,0.227977,0.0331516,4.67205,7.54951,0.809877,0.133645],[0.069788,0.0197487,0.476278,0.1339,-0.214415,0.526628,0.212061,0.0354392,-0.098966,-0.00488211,6.71517,0.105768,0.0237203,1.71059,0.809877,0.8113,0.0388253],[0.0284406,0.0254306,0.0559136,0.0248235,0.14882,0.116102,0.0271764,0.0378042,-0.0198693,-0.0241271,0.737651,0.0203646,0.00145047,0.313363,0.133645,0.0388253,0.0261951]],"n":17,"lags":3,"seasonalRows":0}