{"betahat":[[0.0529475,0.0937641,0.772028,0.191393,-0.46478,-0.308507,0.0492828,0.22911,-0.120297,-0.0719821,-0.971352,1.06276,-0.121392,-0.0866497,-0.556059,-0.500361,0.35005,-0.173369],[0.71266,-0.0702687,0.0945541,-0.0650411,0.0909393,0.0446343,-0.0303375,0.0160768,0.0474026,-0.0218824,-0.0566343,-0.406147,-0.00957194,0.0114622,-0.581408,0.040099,-0.167543,0.0399318],[0.339043,0.998076,0.50119,0.0119379,0.258693,0.163095,0.0381779,-0.104919,0.0275963,-0.0102641,0.0789202,0.859002,-0.0267875,-0.026393,0.213471,0.320451,0.0745439,0.0160805],[-0.0224679,0.0121487,0.561784,0.0337449,-0.00716869,-0.00614452,0.00420835,-0.00188713,8.64063e-05,0.00879746,-0.0150193,-0.2291,0.00849761,0.00673491,-0.00366538,0.0115324,-0.0398281,0.0068159],[0.0486108,0.247864,0.221888,0.790675,-0.255955,-0.285002,-0.0933953,-0.0608097,0.0202697,-0.0297489,-0.186095,-0.502357,0.0394951,0.0637172,-0.35409,0.810477,-0.277538,0.076094],[0.00385989,0.00903414,0.0937711,0.00725135,0.82206,0.139621,-0.012062,0.00296437,0.0115026,0.000818996,0.153455,-0.598833,-0.0108187,0.000525054,-0.0416566,0.0470884,-0.1209,-0.00364312],[0.0464313,0.00195698,0.0780764,0.0367054,0.147424,0.972286,0.0386424,-0.00931823,0.0100383,0.00186113,-0.0561906,0.456452,-5.65424e-05,0.00663481,0.118273,0.0781296,0.0954583,0.00605251],[-0.130515,-0.229317,-0.980704,-0.0260623,-0.0650909,-0.219987,1.15127,0.0182047,0.0911182,0.0780503,0.286528,-0.380431,0.0811116,0.0483365,-0.424298,-0.0803285,-0.383167,0.0651559],[0.173209,-0.0225962,0.386421,0.149335,-0.285048,-0.152927,-0.117586,0.887432,-0.0397329,-0.0687822,0.425968,0.771314,-0.0973681,-0.145036,1.15422,2.00381,-0.315405,-0.033418],[-0.205747,-0.277997,0.212789,-0.101789,-0.134721,-0.75302,-0.0745328,0.00223353,1.08178,-0.120446,-0.559083,-0.789666,-0.116411,-0.0262282,-1.64254,-0.8523,-0.0475484,0.032831],[0.131922,-0.0496645,1.25989,0.2024,-0.111488,0.500774,0.233748,-0.135903,0.353933,1.24426,0.947977,13.5364,0.146234,0.00789762,3.24262,1.06379,1.40378,0.207046],[0.0139681,-0.064532,0.21784,0.00218701,0.0937518,0.0752254,-0.014655,-0.00883768,0.00247374,-0.0140461,1.06568,-0.704166,-0.0253015,-0.0185778,0.0694367,-0.0307091,0.0531998,-0.0130245],[-0.0153711,-0.00542732,-0.025675,-0.00345022,-0.000844888,0.0211685,0.00548956,-0.00014904,0.00265333,-0.00149901,-0.00843545,1.0195,0.00021569,0.00359033,-0.0712692,-0.00237552,0.00153145,0.000277893],[0.158096,-0.0733275,0.450013,0.139249,0.0194709,0.162722,-0.245256,0.0927531,-0.0549975,-0.114448,-0.0448786,-8.74184,0.96801,0.0276888,-0.58099,-0.355952,-0.863082,0.0541925],[0.0493888,0.13231,-0.471837,0.242003,-0.0871208,0.135737,-0.0404486,0.0103572,-0.206544,0.0066819,-0.664448,-8.07861,-0.0387306,1.01303,-2.72794,-0.637641,-0.488107,-0.166102],[0.0371006,0.0250345,0.029708,-0.00927851,0.07056,0.0526004,-0.00818749,-0.000204363,0.00440186,0.0115654,0.0240278,0.182181,0.0139951,0.00301129,1.21247,0.0768335,0.0146574,0.00826285],[-0.000830123,0.0726678,0.0475299,-0.0103677,-0.0223828,0.220486,0.0110224,-0.0284311,-0.00462922,-0.00903155,0.0461335,0.262048,-0.0129555,-0.0262692,0.215876,0.412398,0.0188065,-0.00174181],[0.0571879,0.0619665,0.110601,-0.00439489,0.177036,0.154288,0.00362721,-0.0203514,0.00629768,-0.0135208,-0.0247261,0.166582,-0.01256,-0.00865258,-0.0402589,0.136395,0.339823,0.00789111],[0.175195,-0.194319,0.564397,-0.0366142,1.0284,0.644152,-0.193966,-0.0639943,0.173388,-0.0719982,-0.24882,-3.02272,-0.0670811,-0.0440487,0.503624,0.29182,-0.651071,1.13746],[0.296021,0.0787992,0.205903,0.058043,-0.00713257,0.061847,0.00933672,-0.0155112,-0.0128292,0.03543,0.245417,0.61572,0.011228,-0.0105138,0.822945,0.000990074,0.0961195,-0.0140703],[-0.307115,-0.0381927,-0.565687,-0.00262238,-0.0829076,0.0651786,-0.00107815,0.047429,-0.0176715,0.0214476,0.166582,0.859223,0.0374576,0.0340373,-0.0387184,-0.319034,0.20994,-0.0052061],[-0.00181356,-0.0217073,0.284435,-0.0186162,-0.0115425,0.00837237,-0.010996,-0.000667476,0.00881333,-0.00742647,0.0594703,0.345092,-0.00803406,-0.0128215,0.240114,0.0233077,0.0181584,0.00126542],[-0.164362,-0.0889681,-0.621833,0.235915,0.294691,0.417043,0.0804085,0.0190792,-0.0332231,0.0118533,-0.0574518,-0.452894,-0.00791177,-0.0555183,-0.1221,-0.401661,0.182949,-0.058408],[0.0443487,0.0310581,-0.029725,-0.00535807,0.136,-0.0971324,0.00501008,-0.0114436,0.000963393,0.00678633,-0.0342105,0.689079,0.0111056,-0.00260999,0.20557,0.00364743,0.106889,0.00763942],[-0.0276384,0.00550281,-0.0764304,-0.0453638,-0.081303,0.0194554,-0.00927291,-0.00289476,-0.0114947,-0.000131632,0.0269705,-0.442629,0.00397834,0.0139216,-0.333784,-0.0921825,0.0299318,-0.00898007],[0.0659832,0.168404,0.878303,0.0129656,-0.0390099,0.191497,0.00589089,-0.01844,-0.0219792,-0.0356481,-0.377294,0.0850507,-0.0396792,-0.00984787,0.219538,-0.0135481,0.642171,-0.00616745],[-0.236008,0.274346,-1.52649,-0.20304,0.457194,0.289349,0.0801377,0.10911,-0.0233056,-0.00899427,-0.356707,0.283926,0.0440601,0.0921897,-0.759777,-1.35745,0.402259,0.000709957],[-0.0072893,0.179945,-0.388926,0.0270282,-0.460521,0.0836683,0.00254779,0.0254016,-0.0779576,0.0478109,0.23546,0.832213,0.0293951,0.0393836,0.308464,0.202461,0.0110968,-0.0133743],[-0.172186,0.137283,-0.785207,-0.202337,-0.230228,-0.451326,-0.129203,0.161175,-0.279319,-0.243151,-1.22883,-7.75132,-0.151824,-0.106385,-2.50056,-0.953086,-1.27262,-0.160508],[-0.00768199,0.0534922,-0.159635,0.0108794,-0.0995192,-0.0964347,-0.00874498,0.00602621,-0.00874714,0.0135727,-0.00232552,0.52172,0.00960611,0.0164364,-0.138561,-0.0422042,-0.0974203,-0.000514592],[0.0046024,-0.00085234,0.0116287,0.00174142,-0.0081359,-0.0234095,-0.00724131,0.000940923,-0.00354065,-0.000818717,0.00362336,-0.102233,-0.00056998,-0.000838929,0.0043731,-0.00187975,-0.0112947,-0.00210092],[0.0279757,0.0189916,-0.166242,-0.133429,0.495161,0.111805,0.199619,-0.0614199,-0.00964783,-0.00503577,-0.0920603,1.93264,-0.0584488,-0.0767035,-0.0539643,0.151274,0.447777,-0.062311],[-0.0206749,-0.238433,0.659929,-0.161972,0.334699,-0.134195,0.0873025,0.00457993,0.228412,0.000234975,0.498741,6.36489,-0.00570549,-0.0168523,2.36384,0.7406,0.560302,0.182031],[-0.0236816,-0.0109008,-0.0164311,0.00788079,-0.0630074,-0.0415226,-0.00108116,-0.000291655,-0.00744554,-0.0121011,-0.0215664,-0.268808,-0.0127865,0.000982815,-0.236996,-0.0696805,-0.0343237,-0.00866792],[0.0524952,-0.0381068,-0.00377043,-0.0032213,0.0798368,-0.0494412,-0.00612297,-0.00514414,-0.00779956,0.0112968,-0.0602075,0.101022,0.0159927,0.0199095,-0.0109958,0.097647,0.0611105,0.00441132],[-0.0420868,0.0056157,-0.0582015,0.0210189,-0.0760463,-0.0484723,0.091341,-0.00129107,0.00668065,0.0185267,-0.0690171,-0.0627105,0.0233617,0.0260944,-0.113281,-0.0193937,0.374867,0.0186295],[-0.0914627,0.187715,-0.253861,0.0213967,-0.861107,-0.450585,0.23746,-0.0125212,-0.118332,0.0711081,-0.134721,2.70805,0.0649111,0.125886,-0.352092,0.043226,0.86902,-0.0861774],[-0.00869371,-0.00853641,-0.300475,0.00699577,-0.0837955,-0.106478,0.0210091,-0.000562428,-0.034576,-0.013546,-0.18879,-0.209521,-0.00165437,-0.000945742,-0.241505,-0.0410977,0.0714622,-0.025864],[-0.0319379,0.0401072,0.0644743,-0.00931721,-0.175763,-0.228272,-0.0370901,0.0574937,-0.0099285,-0.0111831,-0.245509,-1.71816,-0.0106683,-0.00764233,-0.174702,-0.0014311,-0.284442,-0.0108774],[0.0242549,0.00955248,0.153707,-0.015133,0.0187272,-0.00222823,0.0068072,0.00256195,-0.00890563,-0.00136976,-0.0444801,-0.115836,-0.000461822,0.00609097,-0.236421,-0.034854,0.0217401,-0.00808642],[0.115743,-0.1589,0.399924,-0.026593,-0.0387196,-0.132037,0.0129919,0.0417324,0.0129503,0.0178967,0.24354,0.955299,-0.0315806,-0.00819648,0.476235,-0.408822,0.0946196,-0.0176886],[-0.0482207,-0.0401016,-0.0640587,-0.00189354,0.0419572,-0.0424971,0.00707132,0.00848665,-0.012472,-0.00760226,-0.119256,-0.090169,-0.000283955,0.00208743,-0.163807,-0.0507516,0.0140774,-0.00400023],[-0.0188064,-0.0074749,-0.00167677,0.00865812,-0.0660898,0.00823797,-0.0293471,0.0122212,0.00144859,-0.0017296,0.0291927,-0.0137179,-0.00391956,-0.0205542,0.21561,0.0140289,-0.125318,0.00292228],[0.0645622,0.0608608,0.102328,0.0131196,0.104284,0.028469,-0.157126,0.000262281,-0.0691636,-0.0424038,0.0908919,0.29555,-0.041417,-0.0385065,0.205601,0.0937653,-0.258909,-0.0589993],[0.097612,-0.219802,1.15574,0.0696057,-0.120362,-0.079069,0.0502418,-0.00300472,0.059212,0.0842706,0.0186376,-0.874146,0.0647328,0.0499193,-0.13544,-0.589958,-0.0234685,0.0343606],[-0.011675,0.0304359,-0.184263,0.0790761,0.218255,0.434819,0.04476,-0.000567433,-0.0552269,0.0543085,0.318678,-0.950893,0.0718151,0.0203953,0.739304,0.325646,-0.00779556,-0.0443873],[0.118675,-0.0155525,-0.349195,0.0236314,0.379608,0.0662689,-0.132615,-0.0455448,-0.0435786,-0.0097867,0.348481,-5.18624,0.000205554,0.0791681,-0.710071,0.00261704,-0.175881,-0.0283316],[-0.00641248,0.0110406,-0.05824,-0.0130419,0.00551812,0.0211853,0.0233464,0.00277146,0.00627881,0.000470688,-0.0636377,0.181879,0.0156922,0.0021729,0.0685449,0.0729316,0.0441367,0.0135457],[0.0105625,0.00612942,0.0137057,0.00162861,0.00896735,0.00224043,0.00169244,-0.000824088,0.000868426,0.00219084,0.00456996,0.0745372,0.000313438,-0.00264854,0.0648966,0.0038355,0.00954963,0.00181972],[-0.0946883,0.0751042,-0.179925,0.00174582,-0.347695,-0.194423,0.0357012,-0.0286437,0.0780867,0.116968,0.211214,6.86474,0.0781096,0.0244778,0.985212,0.273484,0.363416,0.0144227],[-0.00155701,0.106504,-0.168631,-0.0643586,-0.227239,-0.000695631,-0.0616648,-0.0127815,-0.0190811,-0.0138213,0.203596,1.69676,0.0339503,-0.0198897,0.415339,-0.106392,-0.142477,-0.0190736],[-0.0135089,-0.0141794,-0.0131719,0.00139406,-0.00727497,-0.0110003,0.00947374,0.000562276,0.00296355,0.000532497,-0.00290066,0.0851785,-0.00120474,-0.00392387,0.0246162,-0.00725788,0.0202126,0.000366305],[-0.0179413,0.0119415,0.133266,-0.00558882,-0.0515283,-0.0291991,0.00595427,-0.00602926,0.00938962,0.00243265,-0.0372261,0.148658,-0.00214578,0.0108327,-0.196964,0.140795,0.0290675,0.00288116],[-0.0309756,-0.0471711,-0.0935869,-0.0176207,-0.0407045,-0.0586922,-0.0214301,0.000327509,0.00952077,0.0145055,0.032931,-0.0663975,0.00979218,-0.000180153,0.138226,-0.00120335,-0.0486521,0.00502455],[-0.0664848,0.0129996,-0.25791,0.00921437,-0.133821,-0.199653,-0.0173069,0.086245,-0.0689076,0.0120085,0.353316,0.248626,0.00211786,-0.0611078,-0.200065,-0.306129,-0.203293,-0.0723514]],"sigmahat":[[0.610854,0.113207,0.616518,-0.010765,0.579914,0.172156,0.0189622,-0.0316178,0.0520619,0.0387002,0.547185,3.34018,0.0285834,-0.0517761,1.67448,0.32275,0.17467,0.0363816],[0.113207,0.336291,-0.132557,-0.0197584,-0.00675121,0.174624,0.0293207,-0.0271695,-0.00242232,0.0298352,0.131696,1.00911,0.0329677,0.00028671,0.382946,0.32904,0.0721034,0.0056356],[0.616518,-0.132557,4.54435,0.0105702,0.00280284,0.0149887,-0.00240103,-0.00898189,0.0740991,0.0436801,0.320374,1.02609,-0.0246784,-0.0396814,1.01278,-0.101374,-0.04117,0.0407726],[-0.010765,-0.0197584,0.0105702,0.174145,-0.0698459,0.0256906,-0.0278725,0.00847581,-0.0168066,-0.00613262,0.0816681,-0.841729,-0.0186808,-0.0270554,0.0830349,-0.0978375,-0.124881,-0.00827378],[0.579914,-0.00675121,0.00280284,-0.0698459,2.00309,0.711925,0.0783062,-0.000124608,0.10293,0.0310464,0.807211,4.5359,0.0154996,-0.0693157,2.3697,0.577921,0.362318,0.070527],[0.172156,0.174624,0.0149887,0.0256906,0.711925,1.32998,-0.00360833,-0.0284766,0.0512135,0.0192236,0.785559,0.171636,-0.0125394,-0.0464846,0.843822,0.306223,-0.0232657,0.0308915],[0.0189622,0.0293207,-0.00240103,-0.0278725,0.0783062,-0.00360833,0.196065,-0.0039055,0.0149025,0.0449881,-0.0160556,2.35013,0.0476644,0.0255069,0.40544,0.0917106,0.628863,0.0101175],[-0.0316178,-0.0271695,-0.00898189,0.00847581,-0.000124608,-0.0284766,-0.0039055,0.0499214,-0.00636167,-0.000677994,0.0548705,-0.284908,-0.013125,-0.0117813,-0.000995333,-0.131089,-0.00686396,-0.00652803],[0.0520619,-0.00242232,0.0740991,-0.0168066,0.10293,0.0512135,0.0149025,-0.00636167,0.0467841,0.0152169,0.148252,1.12306,0.0113449,-0.00224919,0.427103,0.140646,0.074653,0.0297456],[0.0387002,0.0298352,0.0436801,-0.00613262,0.0310464,0.0192236,0.0449881,-0.000677994,0.0152169,0.0570378,0.102744,1.56206,0.0498486,0.0218542,0.504382,0.0726282,0.165933,0.0146957],[0.547185,0.131696,0.320374,0.0816681,0.807211,0.785559,-0.0160556,0.0548705,0.148252,0.102744,2.72403,5.32901,0.0441291,-0.105008,3.11463,0.424595,0.197283,0.077195],[3.34018,1.00911,1.02609,-0.841729,4.5359,0.171636,2.35013,-0.284908,1.12306,1.56206,5.32901,144.028,1.45073,-0.496902,35.4601,5.16073,11.9153,0.880207],[0.0285834,0.0329677,-0.0246784,-0.0186808,0.0154996,-0.0125394,0.0476644,-0.013125,0.0113449,0.0498486,0.0441291,1.45073,0.0695458,0.0374843,0.419549,0.109449,0.17927,0.0178612],[-0.0517761,0.00028671,-0.0396814,-0.0270554,-0.0693157,-0.0464846,0.0255069,-0.0117813,-0.00224919,0.0218542,-0.105008,-0.496902,0.0374843,0.081734,-0.63508,0.000253272,0.0884554,0.000117328],[1.67448,0.382946,1.01278,0.0830349,2.3697,0.843822,0.40544,-0.000995333,0.427103,0.504382,3.11463,35.4601,0.419549,-0.63508,22.531,2.41226,1.96522,0.392976],[0.32275,0.32904,-0.101374,-0.0978375,0.577921,0.306223,0.0917106,-0.131089,0.140646,0.0726282,0.424595,5.16073,0.109449,0.000253272,2.41226,2.4213,0.284033,0.0983191],[0.17467,0.0721034,-0.04117,-0.124881,0.362318,-0.0232657,0.628863,-0.00686396,0.074653,0.165933,0.197283,11.9153,0.17927,0.0884554,1.96522,0.284033,3.21488,0.0524802],[0.0363816,0.0056356,0.0407726,-0.00827378,0.070527,0.0308915,0.0101175,-0.00652803,0.0297456,0.0146957,0.077195,0.880207,0.0178612,0.000117328,0.392976,0.0983191,0.0524802,0.0310357]],"n":18,"lags":3}