{"betahat":[[2.75044,0.395579,9.82096,0.578623,2.25042,-1.81381,-3.64198,0.845842,1.61786,0.722099,13.6079,2.22953,9.55795,-27.6499,-0.892153,0.71148,5.75475,64.1337,52.0986,9.53266,22.4736,10.085,0.787835,-3.13434,-9.3262,-1.80764],[0.670013,-0.105119,0.239486,-0.0749868,0.01925,-0.0828693,-0.0192549,0.0141309,0.0364945,-0.0115895,-0.121365,0.0286822,-0.0397346,-0.160595,-0.0106983,0.0239591,-0.872672,-0.0494723,0.00968443,0.0613716,-0.263406,-0.424162,0.0263285,-0.160546,-0.0563528,0.0300658],[0.29655,0.783023,0.339879,0.0453536,0.326082,0.102068,0.0487314,-0.0439447,0.0303156,0.00220527,0.176347,0.0361299,0.134582,0.342279,-0.00242752,-0.0135326,0.274,0.00964583,-0.0619291,0.108613,-0.0114775,0.37902,0.015897,0.202725,0.0494678,0.0214783],[-0.0295468,0.0174549,0.542243,0.0236179,-0.0321932,-0.0365451,-0.010178,-0.00244182,-0.00410729,0.00488644,-0.0156153,0.00299068,0.0116096,-0.816745,0.000697221,0.00250059,-0.0707166,-0.0123699,-0.0152691,-0.0541771,0.0863166,-0.01337,0.000981718,-0.172554,-0.038542,-0.0019565],[0.0344261,0.0973051,0.374098,0.855017,-0.228478,-0.256612,0.00701985,-0.0319413,0.0805,-0.00641881,0.0193639,0.0672739,0.112775,0.833523,-0.00105508,0.0564963,-0.740419,-4.79214e-06,-0.0434683,0.0268543,-0.248771,0.397015,0.0212742,0.337886,0.105782,0.0912106],[-0.00965288,-0.0152193,0.0822567,-0.00326746,0.830918,0.177066,-0.0066624,-0.00264569,0.00437092,0.00200598,0.142297,-0.00403484,-0.0469213,-0.3605,-0.00504612,0.00528126,-0.0681051,-0.0128832,0.0108758,-0.00994044,-0.241147,-0.138287,0.00294952,0.157671,-0.0766335,0.00329747],[0.0271683,-0.0354078,0.0291706,0.0279142,0.0736778,0.797451,0.0408619,-0.0126939,0.00692575,-0.000678741,-0.0638213,0.0129056,-0.0605036,0.74508,-0.00170241,-0.00838044,0.307244,0.0201205,0.0115039,-0.0204766,0.0453052,0.040812,0.0035283,0.0119673,0.0600742,0.0308614],[-0.0183993,-0.101225,-0.78454,0.0349719,-0.113856,-0.179835,0.927534,0.0462511,0.0419913,0.0699894,0.540343,0.0387755,-0.0370954,0.408081,0.0673819,-0.000521698,0.962045,-0.0614248,-0.0567711,-0.299173,0.663322,-0.16059,0.0654729,0.238241,-0.374482,0.0150851],[0.237059,-0.128272,1.1769,-0.00363832,-0.267921,-0.168856,0.0550957,0.781045,-0.00756062,-0.0191167,0.522234,-0.0323903,-0.105535,-1.12167,-0.124557,-0.140346,0.276374,-0.0881732,0.174682,-0.202044,1.93754,-0.43788,0.00984393,-0.218148,0.298326,-0.0561767],[-0.135387,-0.0297981,0.00773244,0.09281,0.0560374,-0.69906,-0.0998901,-0.0896854,0.963748,-0.10243,-0.296174,0.0828749,0.129869,-6.16746,-0.240875,-0.0601018,-3.50074,-0.0817133,-0.507738,0.57822,-0.830113,0.597883,0.0543716,-1.6128,-0.223891,0.0168276],[0.0560305,-0.0431415,1.53274,0.0258743,-0.0277422,0.859729,0.185921,-0.191923,0.348071,1.15707,0.527179,0.260202,-1.08908,14.0852,0.118796,0.0724941,2.07044,0.133315,-0.246567,0.577475,1.13565,0.0191944,0.256634,0.0141101,1.35046,0.170065],[0.00440737,-0.0304915,0.0857915,0.00282175,0.0491439,0.0897951,-0.0182217,-0.00114017,0.00429827,-0.0186291,1.03735,0.00653086,-0.0904487,-0.692577,-0.0278416,-0.0164274,-0.0400261,-0.0590607,-0.0412263,0.000438404,-0.0619961,0.00402569,0.00555699,-0.0504867,-0.00724666,-0.0180392],[0.22991,-0.346692,0.484558,-0.0821842,0.90925,0.671769,0.224033,-0.119499,0.20457,0.147383,0.421301,1.01884,0.00407297,6.60868,0.20881,0.189105,1.21023,-0.176351,0.335672,0.152875,1.30585,-0.781915,0.160105,1.27479,0.472504,0.161042],[0.0277828,0.0854128,-0.0228408,0.0151392,0.0388224,0.188616,-0.0100049,-0.0014503,0.0175607,0.0166613,0.116132,0.00598123,1.10531,-0.27421,0.0115906,0.019553,-0.10483,0.00513389,-0.0200891,0.0092308,0.215095,0.150313,0.00997951,0.159225,-0.0474837,0.0105542],[-0.00639693,-0.00494843,0.00189027,-0.000904579,-0.000935552,0.0213018,0.0071562,-0.000869475,0.00201854,-0.00143754,0.00659297,-0.00014871,-0.0176479,0.91347,-0.000888136,0.0032067,-0.0630555,0.00339547,-0.00559984,0.00663849,0.0526387,0.030331,0.00138022,-0.00353951,0.0116284,-0.000247061],[0.17222,0.0239016,0.303144,-0.0111238,0.361424,0.0304962,-0.243393,0.0585393,0.0551904,-0.11599,-0.0929459,0.0220053,0.0992883,-9.27469,0.864416,-0.00417731,-0.404302,0.180492,0.25899,-0.25924,1.3041,-0.0905459,-0.0270762,0.0568501,-0.835926,0.141839],[-0.0412039,-0.0554021,-0.560284,0.420849,-0.567366,-0.226703,0.00705045,0.0872368,-0.206203,0.00547993,-0.395096,-0.128719,0.302285,-8.00684,-0.0813646,0.897284,-3.62233,-0.107922,0.0332135,0.0971266,-3.52321,-0.855277,-0.148305,-0.448925,-0.507999,-0.0956309],[0.0145897,0.00977768,-0.0075243,-0.00739752,0.0483885,0.0275602,-0.00297563,0.00488459,0.00269647,0.0102106,-0.0318228,0.00356928,0.0263322,0.0320498,0.0117143,0.00173036,1.08665,-0.000172604,0.0139618,-0.0129895,-0.0135856,-0.058049,0.00333866,0.029352,0.0122313,0.00986516],[-0.0243561,-0.057614,-0.0828093,-0.040379,0.471928,0.0945852,-0.141678,-0.0789709,-0.0831543,0.0142431,-0.626898,-0.095558,-0.103078,4.87991,0.0903717,0.0537098,1.48035,0.709847,-0.287098,0.0185939,0.745531,-1.10687,-0.020626,-0.0256661,-0.351355,0.0401001],[0.226981,0.00163261,-0.473011,0.0467799,0.165756,-0.484896,-0.0931564,0.0437276,-0.0222268,0.0490386,0.175875,-0.0163434,0.301195,1.42616,0.0708908,0.00165992,0.815604,0.062787,0.313155,0.126432,-1.30676,-0.926537,-0.0296308,0.915683,-0.137931,-0.031448],[0.00235403,-0.0217937,0.185407,-0.0643195,-0.325153,-0.168296,-0.00317541,-0.0155876,-0.0148598,-0.033276,0.20433,0.00341598,-0.0318526,1.64854,-0.0297098,-0.0678361,-0.220409,0.102489,-0.031311,-0.119045,0.446952,-0.0606883,-0.0147027,-0.0843954,0.152744,0.0216074],[-0.0320555,-0.0151468,-0.0178115,0.00773192,0.00574461,0.0266436,-0.0228424,0.000735768,-0.0072653,-0.00705251,-0.0287823,-0.00938675,0.00854999,-1.45695,-0.00391515,0.00811668,-0.130116,-0.0104637,0.013202,-0.00894731,-0.338813,-0.00454752,-0.00248901,-0.0376201,-0.118961,-0.0115093],[-0.0304747,0.00381925,0.0221521,-0.0344984,-0.00597431,-0.0245763,0.021525,-0.00345665,-0.00872694,0.000507418,-0.131856,-0.00528889,0.0517867,0.528236,0.00142001,-0.00249348,-0.0127042,0.0503817,-0.0326217,0.00117612,-0.149939,0.93061,-0.00669241,-0.0634384,0.0765412,-0.00373795],[-0.175744,-0.0137675,-0.0445075,-0.0571737,-0.00706511,-0.147839,-0.449746,0.000410324,0.0274802,-0.0979075,0.0452779,0.0370448,-0.424848,-0.425159,0.0514304,-0.0622164,2.09527,-0.361772,-0.421407,-0.432035,-3.95047,0.803698,1.0582,-0.344394,-1.40392,0.0996646],[0.00466431,0.0692829,-0.018706,0.0254479,-0.0327213,0.0243341,0.0362754,-0.0221018,-0.0119905,-0.00252712,-0.0337472,-0.00695102,0.0464721,1.15437,0.0155446,-0.00941831,0.460297,-0.0227192,0.0299921,0.0305742,-0.244785,0.25415,-0.00334994,0.675731,0.178727,-0.0129311],[0.0396676,0.0142927,0.00531818,-0.0124323,0.198769,0.0561249,0.0466912,-0.00893318,0.0256836,0.00566383,-0.175729,0.0284377,0.0117937,0.723922,0.0119367,0.0101677,-0.219617,0.017647,-0.0407943,0.0286935,-0.493013,0.00153146,0.0123727,0.120327,0.275356,0.0231968],[0.139009,-0.116652,1.24551,-0.0534511,-0.323604,0.40286,-0.00120916,0.14642,0.078303,-0.0905742,-0.167627,0.158153,0.23929,-1.1773,-0.123769,-0.088204,0.567561,0.433222,0.0180588,0.160495,1.68995,0.0682432,0.0499018,0.832199,0.469967,0.807694],[0.300042,0.0898654,0.040224,0.0501111,0.0352983,0.0920314,-0.016668,-0.0191142,-0.0108177,0.0253404,0.187866,-0.00598409,0.0627404,0.131433,0.011533,-0.0132547,0.881041,0.0386435,0.00468145,-0.059108,0.0341783,0.354587,-0.00255092,0.0988878,-0.071071,0.00779248],[-0.225691,0.117126,-0.477388,-0.0480256,-0.105095,-0.0270845,-0.0355279,0.0175036,-0.00723316,0.0149225,0.0838146,-0.00636591,0.0314409,1.7874,0.0108984,0.0188873,-0.0662324,0.00492173,0.000710855,-0.129447,-0.108736,-0.0159689,-0.00435808,-0.35862,0.132482,0.00651953],[-0.000183893,-0.0240627,0.26522,-0.0100511,-0.00734841,0.0195402,0.00862923,-0.00251151,0.0107205,-0.0018887,0.0604618,0.00357946,-0.0222567,0.729696,0.00187731,-0.00815403,0.289643,0.00327235,0.00363998,0.0579282,-0.0904441,0.0030885,0.00419126,0.138751,0.0369583,0.00367833],[-0.122002,0.0179395,-0.711911,0.212073,0.27317,0.433135,-0.0321087,0.0103855,-0.058321,-0.0133944,0.0311194,-0.0562246,-0.156772,-2.03025,-0.0138147,-0.0683865,0.25598,-0.0167797,0.0838633,-0.0664479,0.201832,-0.827348,-0.0216208,0.0225686,-0.257423,-0.0709364],[0.0304298,0.0273943,-0.0458965,-0.00659128,0.101564,-0.159324,-0.0019091,0.00047234,0.00572438,0.00827448,-0.0325928,0.00704211,0.0401795,0.810255,0.0097947,-0.00326393,0.287885,0.00820284,-0.0138081,0.0195288,0.0899281,0.137362,0.00208814,-0.0921022,0.0810388,-0.000738797],[-0.030422,0.0265534,-0.0761921,-0.033546,-0.0904761,0.0919324,-0.0257189,0.00913946,-0.0117849,-8.28276e-05,0.0393325,-0.0194546,-0.00287254,-0.74368,0.000947297,0.0166119,-0.454443,-0.019291,-0.00709356,-0.00361951,-0.211918,-0.104632,-0.00956406,0.0371195,-0.0108414,-0.0263903],[-0.055176,0.0644671,0.752472,-0.0115014,0.0261488,0.203988,0.10948,-0.039255,-0.0236301,-0.0341257,-0.446699,-0.0196261,-0.113468,-1.89908,-0.0281144,0.0245974,-0.714331,0.0642079,-0.0100702,0.277982,-0.806634,0.237254,-0.029294,-0.245119,0.508566,0.028181],[0.00984173,0.506356,-1.30663,-0.139878,0.675917,0.564059,-0.0353999,0.100981,-0.0204993,-0.0241736,0.0924495,0.0232658,0.518309,6.89692,0.061612,-0.00853404,1.50426,0.0750126,0.0230754,0.139002,-1.59968,0.465827,-0.0416009,-0.350773,0.219538,0.0226867],[0.0080674,0.118821,-0.238133,0.0102615,-0.416753,0.032749,-0.0236998,0.0596321,-0.0437592,0.0264748,0.123933,-0.0647748,-0.0543362,-0.811684,0.0156075,0.0543061,-0.0127867,-0.0668669,0.073114,0.0166654,-0.543218,0.121394,-0.0561629,-0.0758684,0.150518,-0.0194067],[-0.118917,0.198914,-1.31151,-0.0327216,-0.0367968,0.027756,0.0369737,0.213565,-0.231683,-0.161539,-0.591611,-0.167418,-0.0624636,-4.04876,-0.0185318,-0.0352465,-1.73421,0.0534596,0.330033,-0.146079,-0.67215,0.131442,-0.15821,0.0403249,-0.352168,-0.191654],[-0.00857384,0.00558499,-0.0394926,0.00797631,-0.0525624,-0.0995539,0.00773354,0.00571253,-0.0114877,0.0180409,-0.0308084,-0.0129564,0.0948569,0.337483,0.0155107,0.0207942,-0.121569,0.0312286,0.0269828,0.00754631,0.0271215,0.0424349,-0.0115014,0.0152723,-0.0221104,0.00941615],[-0.0267441,0.208411,-0.433718,0.0792709,-0.0268942,0.490447,0.0428014,0.0168909,-0.18245,-0.0071658,-0.373479,-0.135448,0.414657,-2.1203,-0.0547844,-0.0960068,-0.321913,-0.00443782,0.22314,-0.220185,-0.66722,0.15396,-0.124383,-0.434833,0.199389,-0.0800454],[-0.0280246,-0.0481377,0.0536339,0.00243322,-0.0380492,-0.0646121,-0.0141006,-0.00660793,-0.0284835,-0.0172136,-0.0717812,-0.0141431,-0.0903271,-0.196394,-0.0152674,-0.0165743,-0.148123,-0.00591511,0.00516998,-0.00616537,-0.179185,-0.0492877,-0.0156856,-0.15656,-0.0954171,-0.0172262],[0.0011987,0.000480669,-0.00841181,0.00156782,-0.00266719,-0.0120371,-0.00607731,0.00205218,-0.00105646,-0.000748375,-0.0056208,-0.000491207,0.0102323,-0.0228451,-0.000443783,-0.00044552,0.000890179,0.000460013,0.00527296,-0.00551192,-0.0079768,0.00717717,-0.000934982,0.00677688,-0.0113507,-0.000935885],[0.27023,0.0934922,0.128214,-0.107754,0.899515,0.432662,0.0468884,-0.0572965,-0.0555556,-0.021158,0.22517,-0.0215981,0.281893,2.96172,-0.0337639,-0.0714365,1.0449,0.0974619,-0.196375,0.183869,-0.827325,0.49517,-0.00611459,0.57222,-0.0141569,-0.0258996],[-0.147583,-0.192386,0.472752,-0.166613,0.0803168,-0.337314,-0.0115867,-0.0491387,0.0979512,-0.0395766,-0.0526136,0.0506505,-0.351176,1.65172,-0.0073488,-0.0251603,2.1959,-0.115981,-0.10082,-0.0340353,1.56972,0.262552,0.109285,0.621095,-0.0765878,0.0792459],[-0.0122653,-0.00865271,0.0222138,0.00608074,-0.0529194,-0.0353814,-0.00416317,-0.00137348,-0.00534226,-0.0120307,0.00108402,-0.00598282,-0.0140259,-0.165643,-0.0152183,0.000452229,-0.199426,-0.00126505,-0.00924835,0.00571141,-0.0248834,0.0434714,-0.00693966,-0.0453069,-0.0247705,-0.00790532],[-0.16125,-0.103728,-0.392373,-0.0186679,-0.336081,0.115019,0.249554,0.0853192,0.102227,0.0556986,-0.0818058,0.0734238,0.286807,-1.95652,0.018525,0.0589625,-1.282,-0.00054907,0.344128,0.00945292,-1.58856,2.0927,0.0333022,0.172184,0.773351,0.0393482],[-0.26224,0.181806,0.233921,-0.11255,-0.277568,0.362093,0.00401649,-0.024225,-0.0165535,-0.0673687,-0.122635,-0.014156,-0.0390701,-1.6702,-0.0828631,-0.0434556,-0.57598,-0.0309067,-0.0888473,-0.133656,-0.0250089,0.385696,0.00466441,-0.664379,-0.27616,0.00674636],[0.0202023,-0.00515105,-0.00717594,0.00594145,0.0318074,-0.081026,-0.00768754,-0.0203643,-0.00729765,0.0174435,0.0857986,0.00206414,0.102951,0.220991,0.0119338,-0.0124054,0.555844,0.096056,0.0374911,0.0261281,-0.265066,0.0550154,-0.00178853,0.0459605,0.0702192,0.0522213],[0.0321635,-0.00650753,0.09061,0.00706622,0.0491618,0.0308049,0.0237019,-0.00364382,0.000742083,0.0106196,-0.0104038,0.000274093,0.0187649,0.00050925,0.0156611,0.0171436,-0.0239213,-0.00674526,-0.00277869,0.0158694,-0.139532,-0.0224561,0.000498393,0.0111964,0.093529,-0.01047],[0.00225733,0.00377861,-0.062931,0.0446674,-0.042242,0.0544053,-0.00608997,0.00401797,0.00843936,-0.00217267,0.189673,0.000751666,-0.0409234,-0.115315,-0.0107616,-0.0016538,-0.0356987,-0.0293021,0.0081543,0.0202071,0.114902,0.0848173,0.00372365,0.0398747,-0.026769,-0.00017456],[-0.00800983,0.0959496,-0.355581,0.0671726,-0.570077,-0.493434,-0.101288,0.0834538,-0.0979313,-0.0330942,-0.186285,-0.0518137,0.268038,2.63296,-0.0232281,-0.0180889,-0.457224,-0.064776,0.0838502,-0.110914,0.972542,-0.312979,-0.11498,0.503523,-0.290731,-0.0406791],[0.0167164,0.0419369,-0.0632557,-0.0325468,-0.00118158,0.0103133,-0.0468647,-0.016109,-0.00682742,-0.0016431,-0.0533986,-0.00819193,-0.0112707,-1.698,-0.0228966,0.00736454,-0.499385,-0.0187724,-0.00824556,-0.0249092,-0.0527042,-0.192369,-0.00734641,-0.128537,-0.160765,-0.0139835],[-0.0653424,-0.0284251,-0.052214,0.0166966,-0.0909652,-0.0765613,0.062611,0.00703528,0.0101331,0.0117359,-0.0752499,0.0169881,-0.30354,-0.891044,0.0132984,0.014347,-0.242739,0.0163106,-0.00571731,0.0202883,0.563154,-0.152696,0.0102173,-0.0263981,0.0710733,0.0163165],[-0.228986,0.143359,-1.28354,0.0550708,-0.656161,-0.794642,0.314286,-0.115283,-0.0135655,0.144581,-0.256496,-0.0756033,0.000215369,0.629002,0.145261,0.152924,-0.132233,0.135905,-0.18246,-0.300748,-0.493091,-0.143169,-0.0497475,-0.269693,0.629608,-0.00658256],[0.0295785,0.0151863,-0.279486,0.0248153,-0.0547554,-0.0088915,0.0360749,0.00503588,-0.0256753,-0.0137599,-0.0665839,-0.022748,-0.023316,0.0320089,-0.000865157,-0.0107283,-0.00851028,0.0101991,-0.0146495,-0.00259101,0.227122,0.0701202,-0.0237344,0.0612605,0.127625,-0.0378717],[-0.0705961,0.0998133,0.136785,0.00269834,-0.220109,-0.0748385,-0.013018,0.0264952,-0.0230532,-0.0171022,-0.259213,-0.0297582,-0.166675,-2.12475,-0.00839448,-0.00532345,-0.206943,-0.0154921,0.0609843,0.0208195,0.120802,-0.363042,-0.011476,0.156213,-0.181391,-0.0279505],[0.029137,0.00713183,0.188358,-0.0133289,0.0386648,0.0181979,0.00188079,0.00497044,-0.00663285,-0.0029472,-0.0440851,-0.00667368,0.0101023,0.0955471,-0.00245028,0.00558227,-0.21669,0.00856133,0.0108588,-0.00422881,-0.000489186,0.0134253,-0.0051373,0.0341118,0.00263486,-0.00178854],[0.0878189,-0.115236,0.338042,-0.0672284,-0.0444038,-0.176762,0.0250501,0.0216476,-0.0221998,0.0197806,-0.0499908,-0.0110563,0.0431193,1.19903,0.0149191,0.0118341,0.485368,0.0158873,-0.0401889,0.0393672,0.0480935,0.429233,0.000366378,-0.360643,0.151553,-0.0202943],[-0.020908,-0.0119193,-0.0348827,0.00998939,0.0662923,-0.017648,0.00883866,0.00237318,-0.010066,-0.0101609,-0.108635,-0.00305587,0.00670275,-0.439834,-0.00465032,-0.00210759,-0.216502,0.0037855,0.00199576,-0.00994053,0.147285,0.00288641,-0.00494724,-0.0657012,-0.00336364,-0.00261304],[0.00315856,0.0086947,0.0466004,0.0056968,0.0164648,0.109696,-0.0147707,0.00370718,0.00494522,0.000766068,0.0245508,0.00655707,0.0617295,0.00760957,0.000846181,-0.00831653,0.149283,-0.00233457,-0.00520162,0.0235037,0.165584,0.0641599,0.00618376,-0.0484508,-0.0481804,-0.00442683],[0.0746592,0.0369833,0.0310123,-0.0230442,0.0909078,-0.0237113,-0.0364393,-0.00640286,-0.0181572,-0.0352782,-0.0873052,-0.0189257,0.144179,1.51359,-0.0383571,-0.0245018,-0.228966,-0.00971204,0.0661897,0.0200668,0.150894,-0.0846223,-0.0355487,0.00664265,-0.13428,-0.0431115],[0.109767,-0.0995423,0.749146,0.265798,-0.138554,0.132101,0.0973884,0.0071426,0.00622493,0.126625,0.217169,-0.0070249,0.275333,-1.54999,0.130609,0.0821674,0.76146,-0.205165,-0.0800447,0.12229,-0.242921,-0.93382,0.00846364,0.9803,0.241604,-0.0077866],[-0.0222382,0.0295889,-0.25722,-0.0520205,0.0701912,0.145382,0.0853881,0.0223103,-0.000900134,0.0323557,0.404258,-0.00474681,-0.0908136,0.152201,0.0351583,-0.0287418,1.09066,-0.0669544,0.100272,0.0017308,-0.0883828,-0.00538037,-0.00112609,0.189699,0.234506,-0.0202789],[-0.0195499,0.00245249,-0.27707,-0.00759093,0.306855,-0.249275,-0.0439829,0.0136247,-0.0295449,-0.0634132,-0.363043,-0.0714032,0.426906,-3.14135,-0.029378,0.0817122,-1.58096,-0.0334764,0.170764,-0.00078567,0.641342,-0.229322,-0.039012,0.492756,-0.0920141,0.036467],[0.0017644,0.0233247,-0.0378301,-0.00866773,-0.00216684,0.00688897,0.00880904,-0.00531696,0.00678311,1.54818e-05,-0.0209542,0.00617553,0.0020507,0.331104,0.0110997,-0.00539013,0.167653,0.0295415,0.0145355,-0.00852756,0.0431956,-0.0514162,0.00569046,0.0431605,0.0229495,0.00888407],[-0.0435617,0.0226995,-0.0018597,-0.152261,0.0262819,-0.155412,0.0530211,0.0452085,-0.0328088,0.00323169,0.224796,-0.0175758,-0.249202,-2.35929,0.02023,0.030276,0.515342,-0.093729,0.129382,-0.0187345,0.227125,0.0920715,-0.0132881,-0.0239222,0.0853645,-0.0793433],[-0.000601202,-0.0367663,-0.0395522,-0.0188718,0.00403282,-0.115214,0.0273074,0.00712721,0.0107464,-0.000261905,-0.0419247,0.00751573,-0.0293442,0.520514,0.00381992,-0.00301624,0.243342,-0.00628069,0.0120921,-0.00724432,-0.0469924,-0.0922752,0.00602671,0.00651619,0.152625,0.00712035],[0.00278662,0.00140087,0.00277079,-0.00163084,0.00054322,-0.0111129,3.36981e-05,-0.00201714,0.000557389,0.00171459,-0.0113733,0.00095668,0.00530964,-0.0141806,0.000236216,-0.000685897,0.0311817,-0.00247241,-0.00320422,-0.0011402,-0.00858629,-0.0189334,0.000318685,-0.0103399,0.000709503,0.00157694],[0.104145,0.028883,0.117323,0.0216823,0.248817,0.23306,-0.00192046,-0.0176541,0.105302,0.100281,0.479675,0.0836087,-0.00784957,5.58481,0.0817421,-0.0271612,1.79171,-0.000159178,-0.276855,0.226324,-0.47793,-0.292574,0.0826274,-0.3921,0.130504,0.0616929],[-0.0185586,0.0293217,-0.365009,-0.0415395,-0.133072,0.146903,-0.0421792,0.0267557,0.0100347,0.0157166,0.257194,0.00858384,0.136596,2.92085,0.0292292,-0.0284293,0.44255,-0.0762653,-0.0635801,0.000107475,0.0356814,-0.421182,0.000512099,-0.479737,-0.111643,-0.0213267],[-0.00570162,-0.00184012,-0.00688225,0.00449308,-0.00290717,0.00918851,0.00824705,-0.00333653,0.00170767,0.000828549,0.013273,0.000930462,-0.0108305,0.11157,0.00274155,-0.000884405,0.0537799,-0.00572913,-0.00706128,0.00362233,0.0182969,0.0127414,0.00227967,0.00770368,0.0173899,-0.00105817],[0.170762,0.164132,0.415332,0.0357934,-0.160511,-0.253141,-0.0921457,-0.0152329,-0.0223736,-0.0555571,0.591247,0.0201222,-0.137512,-2.35203,-0.0874646,-0.0978996,-0.122678,-0.559094,-0.0383296,-0.0103008,0.70541,-0.850362,-0.0187102,-0.148225,-0.342055,-0.0697534],[0.0508539,-0.169379,0.187776,0.0310945,0.154549,0.100431,0.0788099,-0.0192086,0.0164254,0.0044781,-0.145636,0.0156379,-0.212463,-0.605897,0.0131002,0.0343065,-0.238499,-0.0129118,-0.115329,-0.0255665,1.26531,0.439392,0.011116,-0.250223,0.363652,0.0264353],[0.0282631,-0.0164346,0.126367,0.0208646,0.00753488,0.0212191,-0.0499915,0.00213884,0.00244981,-0.00862096,0.00380385,-0.0121505,-0.0625759,-0.667512,-0.00522337,0.0154164,-0.594949,-0.00891606,0.00050651,0.0148374,-0.0686992,-0.0179965,0.00497929,-0.0110866,-0.249877,-0.0222079],[0.0202862,0.00367402,0.0254731,2.35026e-05,0.0319085,0.0289532,-0.00826748,-0.00203134,0.00382196,8.53137e-05,0.0599469,0.00363931,0.032384,-0.114796,-0.00123628,-0.00263514,0.0774676,-0.00699336,0.00119074,-0.0170432,-0.111129,0.042586,0.00303038,0.0132301,-0.0504912,-0.00303124],[0.0281721,-0.00820529,0.0361724,-0.0112822,0.0508033,-0.0293467,-0.0144938,-0.000301953,0.000137783,0.0013817,-0.0558382,0.00432539,-0.0188527,-0.400148,0.00920384,0.00389633,0.0438847,-0.0267801,0.0243311,-0.0228001,0.0373527,-0.0262456,0.00299111,0.0214302,-0.0473771,0.00402145],[-0.120448,-0.193788,0.0732008,0.0356107,-0.0240902,0.106928,0.071806,0.0259571,-0.0160954,0.0284633,0.0223502,-0.011566,0.0204212,1.63237,0.0371942,0.0297049,-0.190189,-0.0808016,0.0787111,0.101727,1.46604,-0.296439,-0.0233691,0.195191,0.19467,0.0201619],[0.020579,-0.00633198,0.130338,-0.0185081,0.00544109,-0.0191641,0.0094123,-0.0150587,0.00190671,0.00634807,0.0349749,-0.00426368,-0.0906942,0.285143,0.0111575,0.00583465,-0.127317,-0.00555802,-0.0332192,0.00643872,0.113738,-0.0353806,0.00376809,-0.0561888,0.063882,-0.00314423],[-0.0152752,9.78391e-05,-0.0978255,-0.0175913,-0.00481467,-0.0240909,-0.00803623,0.000908341,0.0175271,0.0237243,0.0607975,0.0151371,-0.0306959,0.119742,0.0161086,0.00727121,0.0955364,0.0229424,-0.00617049,0.0338051,-0.16936,-0.0721553,0.0128053,-0.053868,-0.00291987,0.0173011],[0.0356866,-0.035138,0.223667,0.0649864,0.176953,-0.230818,-0.183834,-0.046236,-0.0341353,-0.00375963,-0.0188708,-0.038962,-0.194023,-0.691292,-0.0226957,-0.00384491,-0.651071,0.0329849,-0.20515,0.0786776,0.717264,0.190483,-0.0415676,-0.265633,-0.728187,0.00610546]],"sigmahat":[[0.368962,0.0452501,0.407346,-0.00835545,0.38135,0.115865,-0.00779864,-0.0137814,0.020166,0.00922387,0.287355,0.0258025,0.126013,1.57196,0.00558005,-0.0316963,0.929461,-0.0145709,0.0115357,-0.00856329,0.195136,0.115731,0.021264,0.109924,0.00796778,0.0140102],[0.0452501,0.227615,-0.157175,-0.02863,-0.0580283,0.0418388,-0.0228953,-0.00152685,-0.00187105,0.0118138,0.122055,0.00360414,0.0234474,0.169223,0.00932949,-0.00995077,0.322959,0.00489848,-0.0348937,-0.0421484,-0.272627,0.098184,-0.0032808,-0.0343424,-0.0697884,-0.00565218],[0.407346,-0.157175,3.89804,-0.0402431,-0.0281136,-0.071446,-0.0504739,-0.0105786,0.00900354,-0.0190692,-0.0229849,-0.00726928,0.509276,-0.770934,-0.0761101,-0.0448484,0.173057,-0.0536841,-0.0219624,0.0241566,0.167272,-0.116343,0.0234563,-0.17824,-0.335495,0.0323125],[-0.00835545,-0.02863,-0.0402431,0.143602,-0.0416284,0.0422301,-0.00834556,0.00148676,-0.0064378,0.00195963,0.0266677,-0.00255729,0.0702942,-0.213548,0.000123201,-0.00850414,0.0514699,-0.0171442,0.00633786,0.00885601,0.0311528,-0.0455511,-0.00377528,0.107807,-0.0540315,-0.00657815],[0.38135,-0.0580283,-0.0281136,-0.0416284,1.68529,0.729405,0.0956993,-0.0174145,0.0439842,0.00375393,0.417218,0.049357,-0.0261592,2.93953,0.0288065,-0.0269204,1.52041,-0.0108108,0.0585165,0.087517,0.388724,0.0457926,0.0587272,0.435527,0.317252,0.0559956],[0.115865,0.0418388,-0.071446,0.0422301,0.729405,1.34185,0.0599997,-0.0276711,0.0412681,0.00719469,0.648673,0.033981,0.164737,1.24877,0.0181226,-0.0359182,0.907943,-0.036119,-0.00471623,0.0909123,-0.109389,0.213604,0.0391355,0.408036,0.159426,0.0250426],[-0.00779864,-0.0228953,-0.0504739,-0.00834556,0.0956993,0.0599997,0.150777,-0.00076532,0.011908,0.0289704,0.000479506,0.00770557,-0.0873123,1.57127,0.0419614,0.0204209,0.317053,0.0306925,0.00539254,0.0833213,0.0809291,-0.0142795,0.00835634,0.175725,0.414386,0.0182481],[-0.0137814,-0.00152685,-0.0105786,0.00148676,-0.0174145,-0.0276711,-0.00076532,0.0298217,-0.00358365,0.000223687,0.00240675,-0.00310746,0.0032947,-0.103859,-0.00361877,-0.00248168,-0.0297728,-0.00539023,0.0157004,0.00203882,-0.0372372,-0.0232376,-0.00293147,0.00139241,0.00256004,-0.0116658],[0.020166,-0.00187105,0.00900354,-0.0064378,0.0439842,0.0412681,0.011908,-0.00358365,0.0341775,0.0131974,0.113741,0.0264137,-0.0317237,0.745574,0.00722009,-0.00097721,0.265609,-0.00785162,-0.0188974,0.0212114,0.0362713,0.0361952,0.0200731,0.0712914,0.0562637,0.0134208],[0.00922387,0.0118138,-0.0190692,0.00195963,0.00375393,0.00719469,0.0289704,0.000223687,0.0131974,0.0412197,0.0645387,0.010664,0.00193683,0.920487,0.0361395,0.0179543,0.313611,0.0144513,-0.00560465,0.0263324,-0.0398711,-0.0168138,0.00921106,0.0581671,0.0880321,0.00928647],[0.287355,0.122055,-0.0229849,0.0266677,0.417218,0.648673,0.000479506,0.00240675,0.113741,0.0645387,1.82312,0.101399,-0.000600047,3.33665,0.0303135,-0.0546719,1.88667,-0.146057,-0.10275,0.0614631,0.151025,0.189479,0.080119,0.25341,0.136669,0.0101924],[0.0258025,0.00360414,-0.00726928,-0.00255729,0.049357,0.033981,0.00770557,-0.00310746,0.0264137,0.010664,0.101399,0.0308431,-0.00627076,0.706011,0.00583155,-0.0103424,0.332204,-0.00393244,-0.0121693,0.0216153,0.059146,0.0346645,0.0181884,0.0424608,0.0362565,0.013516],[0.126013,0.0234474,0.509276,0.0702942,-0.0261592,0.164737,-0.0873123,0.0032947,-0.0317237,0.00193683,-0.000600047,-0.00627076,1.14177,0.231714,-0.0238963,-0.0643108,0.834387,0.0456527,0.0507647,-0.0240059,-0.700857,0.194129,-0.0219777,-0.042865,-0.291982,0.00202495],[1.57196,0.169223,-0.770934,-0.213548,2.93953,1.24877,1.57127,-0.103859,0.745574,0.920487,3.33665,0.706011,0.231714,97.0276,1.05024,-0.229263,24.0796,0.822361,-0.108013,0.99853,1.25163,0.266963,0.496632,5.00898,6.27966,0.530554],[0.00558005,0.00932949,-0.0761101,0.000123201,0.0288065,0.0181226,0.0419614,-0.00361877,0.00722009,0.0361395,0.0303135,0.00583155,-0.0238963,1.05024,0.0550269,0.0289293,0.303171,0.0276798,0.0128824,0.0270901,-0.00686826,0.0177615,0.00639774,0.0892538,0.124783,0.0145828],[-0.0316963,-0.00995077,-0.0448484,-0.00850414,-0.0269204,-0.0359182,0.0204209,-0.00248168,-0.00097721,0.0179543,-0.0546719,-0.0103424,-0.0643108,-0.229263,0.0289293,0.0573298,-0.46749,0.015024,-0.00118087,0.0269781,-0.00233687,0.0517852,-0.00402453,-0.00225498,0.0650819,0.00358926],[0.929461,0.322959,0.173057,0.0514699,1.52041,0.907943,0.317053,-0.0297728,0.265609,0.313611,1.88667,0.332204,0.834387,24.0796,0.303171,-0.46749,17.3075,0.136525,0.141576,0.114068,0.91418,0.298549,0.256759,2.03962,1.16811,0.179128],[-0.0145709,0.00489848,-0.0536841,-0.0171442,-0.0108108,-0.036119,0.0306925,-0.00539023,-0.00785162,0.0144513,-0.146057,-0.00393244,0.0456527,0.822361,0.0276798,0.015024,0.136525,0.165348,0.0264447,0.0116243,-0.114336,0.147595,-0.00764805,0.0202449,0.120455,0.0151265],[0.0115357,-0.0348937,-0.0219624,0.00633786,0.0585165,-0.00471623,0.00539254,0.0157004,-0.0188974,-0.00560465,-0.10275,-0.0121693,0.0507647,-0.108013,0.0128824,-0.00118087,0.141576,0.0264447,0.147476,-0.0331482,0.0857515,-0.0867812,-0.0112902,0.12086,-0.00276891,0.00031364],[-0.00856329,-0.0421484,0.0241566,0.00885601,0.087517,0.0909123,0.0833213,0.00203882,0.0212114,0.0263324,0.0614631,0.0216153,-0.0240059,0.99853,0.0270901,0.0269781,0.114068,0.0116243,-0.0331482,0.376965,0.177135,-0.0073728,0.0121552,0.0237711,0.2106,0.0213893],[0.195136,-0.272627,0.167272,0.0311528,0.388724,-0.109389,0.0809291,-0.0372372,0.0362713,-0.0398711,0.151025,0.059146,-0.700857,1.25163,-0.00686826,-0.00233687,0.91418,-0.114336,0.0857515,0.177135,9.47822,-0.424989,0.062452,-0.257834,0.0913218,0.0428796],[0.115731,0.098184,-0.116343,-0.0455511,0.0457926,0.213604,-0.0142795,-0.0232376,0.0361952,-0.0168138,0.189479,0.0346645,0.194129,0.266963,0.0177615,0.0517852,0.298549,0.147595,-0.0867812,-0.0073728,-0.424989,3.07461,0.0205145,-0.0369752,0.267288,0.0115593],[0.021264,-0.0032808,0.0234563,-0.00377528,0.0587272,0.0391355,0.00835634,-0.00293147,0.0200731,0.00921106,0.080119,0.0181884,-0.0219777,0.496632,0.00639774,-0.00402453,0.256759,-0.00764805,-0.0112902,0.0121552,0.062452,0.0205145,0.0174711,0.0475971,0.0370556,0.0101214],[0.109924,-0.0343424,-0.17824,0.107807,0.435527,0.408036,0.175725,0.00139241,0.0712914,0.0581671,0.25341,0.0424608,-0.042865,5.00898,0.0892538,-0.00225498,2.03962,0.0202449,0.12086,0.0237711,-0.257834,-0.0369752,0.0475971,2.11292,0.51804,0.0371883],[0.00796778,-0.0697884,-0.335495,-0.0540315,0.317252,0.159426,0.414386,0.00256004,0.0562637,0.0880321,0.136669,0.0362565,-0.291982,6.27966,0.124783,0.0650819,1.16811,0.120455,-0.00276891,0.2106,0.0913218,0.267288,0.0370556,0.51804,1.8604,0.0500334],[0.0140102,-0.00565218,0.0323125,-0.00657815,0.0559956,0.0250426,0.0182481,-0.0116658,0.0134208,0.00928647,0.0101924,0.013516,0.00202495,0.530554,0.0145828,0.00358926,0.179128,0.0151265,0.00031364,0.0213893,0.0428796,0.0115593,0.0101214,0.0371883,0.0500334,0.035613]],"n":26,"lags":3}