{"betahat":[[0.317803,1.29405,-8.44981,0.380471,0.165296,-0.259962,-0.19975,-0.212753,-0.122895,1.01058,-0.0962661,-0.172279,-0.0514932,0.000111841,-0.180642,0.692348,0.970897,0.219273,-0.110079,0.0544066,10.7092,0.0639559,8.40567],[1.20091,0.614081,1.29418,0.0430429,0.058456,0.355812,-0.0470003,-0.125116,-0.024935,0.347502,0.00231436,-0.0220428,-0.0303414,-0.00151944,0.867801,-0.240831,-0.801194,0.111087,0.0805933,0.00860747,0.635021,-0.0813541,3.60427],[-0.0599486,0.82627,-0.427304,-0.124216,0.0636992,-0.131401,0.0771429,-0.0172843,-0.00528068,0.254913,-0.00334133,-0.0172434,0.0280157,-0.000551463,-0.0198727,0.0394057,0.00876527,0.0247657,0.0375354,0.0118967,0.313052,-0.0322901,0.620916],[-0.00138523,-0.0157948,0.61812,0.00316769,-0.0664677,-0.0755362,0.0145031,0.00503122,0.0024108,-0.0360353,0.000356136,0.00221173,-0.00155979,0.000113462,0.013007,0.0210818,-0.0104053,0.00241757,0.00735643,0.00486967,0.00679695,0.00433236,-0.0207983],[0.00700794,0.400676,1.29462,1.32944,-0.347273,0.17151,-0.110699,0.0411616,-0.00304356,0.52386,-0.046556,-0.0187711,-0.0740095,-7.26555e-05,0.159957,0.0747789,-0.107484,-0.0445325,-0.00936079,-0.0124087,-1.11681,-0.0184279,-2.28567],[-0.0497762,0.112285,0.303091,-0.0158579,0.692135,0.0503518,0.0776128,-0.00270599,-0.00443837,-0.0710594,0.0201199,-0.00351676,0.0386187,-0.000258172,0.0211953,-0.0202307,-0.0507511,0.0208743,0.0184098,0.0250318,-0.121491,-0.00128653,1.36969],[0.0290878,-0.0232267,-0.13819,-0.0367673,0.0565208,0.766078,-0.0287539,-0.00478435,0.00398995,0.0569671,0.0113232,0.00531106,-0.000209694,9.51285e-05,-0.0607063,0.0147266,0.0834986,-0.00363,-0.0104972,-0.000827655,-0.226084,0.00705659,-0.143926],[-0.0232579,0.0229127,0.320639,-0.185966,0.151426,0.104082,1.15188,-0.0109364,0.0105396,-0.0723342,0.0514831,0.00511144,0.0287843,-0.00049164,0.0305987,0.025452,0.00509388,0.0691124,0.0313907,0.0108091,-0.628367,0.0274282,0.369396],[0.0982721,-0.397787,-2.51885,0.0261472,-0.0231777,-0.746645,0.22514,1.23585,0.0140658,-0.63863,-0.0163708,0.0146187,0.0482068,0.00115832,-0.705316,0.178322,1.03454,0.0111913,-0.179919,-0.0531515,3.1976,0.128364,-0.401119],[0.0322736,-0.215426,-1.83185,0.0373064,-0.877335,-2.34073,0.0796676,-0.0575158,1.0021,-0.360312,0.100017,-0.0108671,-0.0678559,-0.00159085,0.198131,0.0633632,-0.271001,0.227984,0.107919,0.20173,1.95709,0.0911779,11.7887],[0.00242716,0.0394114,0.257197,0.0144589,0.0838942,0.0286459,0.0441607,0.0140585,0.00132643,0.703556,0.00851389,0.00635969,-0.00705774,0.000100894,-0.0400173,0.00122142,0.0325636,0.00975307,-0.0108388,-0.00504033,0.0176695,0.0113111,0.148727],[0.100004,-0.0384243,2.3102,-0.112694,0.769826,0.766153,0.264722,0.157675,0.0062695,-0.352825,1.01404,0.0377385,0.191208,0.00137854,-0.363948,-0.261531,0.186866,-0.0725047,-0.0259448,0.0203615,0.201598,-0.0096359,-5.20189],[-0.0742948,-0.575581,0.451658,-0.211078,-0.677365,-1.32509,0.0614355,0.0141498,0.319732,-1.39433,0.0396605,1.30466,0.221896,0.00329751,-0.310225,-0.0704053,0.371533,-0.113572,-0.214902,-0.15531,0.468817,-0.0516355,-9.40053],[-0.13934,0.164034,-3.01986,-0.17304,-0.195761,-1.11774,0.206991,0.037774,0.00504815,-0.37482,-0.0534777,-0.0374387,0.777462,-0.000230592,-0.121853,0.0624488,0.200329,0.0166749,-0.111299,-0.245312,1.50587,-0.181449,-0.490595],[-14.788,-0.96078,141.174,-32.7241,-3.93446,-20.8636,58.1135,-2.03621,-1.51684,14.5897,13.6118,0.475926,-3.38731,0.801347,-25.5423,-0.0144643,10.0221,1.50898,11.3403,11.5675,-79.0993,6.45091,44.4276],[0.0140695,-0.103715,0.151277,-0.00605706,0.210804,-0.100609,0.0664066,0.0154878,0.00595742,-0.0389354,-0.00835316,-0.00107731,-0.032691,0.000136253,0.901315,0.0254912,-0.0849052,0.0222901,-0.00806395,-0.000252613,0.667601,0.00165338,-0.566977],[-0.00466388,0.192845,-0.402341,0.0741622,-0.384658,-0.0888619,0.017376,-0.0081374,0.0246913,-0.270695,-0.0156029,0.000807182,-0.00935069,-0.00016695,-0.302615,1.08663,0.329748,-0.0283306,0.0252659,0.0100084,-0.686056,0.0582008,-3.61481],[0.0202658,-0.0251055,0.0943783,-0.0505775,-0.122989,-0.222999,-0.00167413,-0.00604294,0.00740086,0.0617813,-0.0292916,-0.00478367,-0.0705995,-0.000455194,0.667304,-0.199356,0.440457,0.0602617,0.0341963,0.0270613,1.18102,-0.0833857,4.01436],[-0.118412,0.216914,2.83063,-0.200551,-0.953402,-0.188656,0.645497,0.00977617,0.0314804,0.0571959,0.126314,0.0733355,0.143562,0.000809138,-0.0645575,-0.426209,-0.0395412,1.3547,0.196722,0.0914523,-3.7031,0.112093,-0.52986],[0.192008,-0.749044,-0.878843,0.0553734,1.61081,1.2318,0.240651,0.0642905,0.0809446,-0.421922,0.0791377,0.0826588,0.107461,-0.0016182,0.218953,0.431455,-0.226091,-0.0926488,1.15224,0.182822,-4.42018,-0.130289,-3.42737],[0.137025,-0.255575,0.345076,0.286062,-0.663597,-0.249401,0.0882436,-0.109583,0.12998,-0.887895,-0.075562,0.126399,-0.191225,-0.00165306,0.325536,-0.207707,-0.335305,0.0106236,-0.0222523,1.0059,2.12286,-0.261144,2.09305],[0.0133838,-0.00610917,0.266813,0.00648899,0.0838185,0.154748,-0.0178449,0.00480199,0.0050197,0.00426792,0.0049439,0.00136031,0.00134747,2.05028e-06,-0.0197177,-0.0124595,0.0138655,0.000489843,0.00160951,0.00896613,0.977328,0.0143557,-0.150454],[-0.294049,0.264832,3.12087,0.174844,0.759658,1.38193,-0.378624,-0.0587964,-0.118079,0.28167,0.0312256,-0.0764698,0.0392118,0.00114407,-0.655403,-0.142642,0.322989,-0.0659476,-0.0946183,-0.0666428,-1.24728,1.24521,-8.95643],[-0.00564217,0.0218992,-0.0818708,-0.00391791,-0.0210976,-0.0239914,-0.00723999,0.00121263,-0.00251862,0.00992688,-0.000697936,-0.00210897,-0.000104401,2.18871e-05,0.00759693,-0.00204508,-0.0060727,-0.000430343,0.00109106,0.00169011,-0.00152913,0.000761203,1.05618],[-0.123226,-0.387495,-0.102312,-0.0641942,0.239399,0.377091,0.0141734,0.0379873,-0.00204773,-0.349818,0.0256696,0.0121525,0.0530673,0.00133285,-1.15479,0.256918,1.05327,-0.147684,-0.0841577,-0.0511073,-1.40867,0.155653,-4.79891],[0.0287187,0.100069,0.197899,0.0444597,0.117649,0.072324,-0.0142084,0.010378,-0.00122568,-0.270892,0.00570225,0.00500184,-0.0214986,0.000488243,0.00658468,0.00337061,0.0141988,-0.0203534,-0.0398683,-0.0185779,-0.407833,0.0267678,-0.975625],[0.000319224,0.00422568,0.222711,-0.0114773,0.00384766,0.00961317,-0.0141378,-0.00331371,-0.000871194,0.0479555,-0.00564441,-0.000482878,-0.00012044,-6.53136e-05,-0.0150977,-0.0217331,0.0150159,-0.00366092,-0.0125205,-0.014742,-0.0665764,-0.0082778,-0.0602281],[-0.0549377,-0.29647,-1.82117,-0.230302,0.0815881,-0.50074,0.0667902,-0.0516079,-0.0135419,-0.277804,-0.0028819,0.00207876,0.00136616,-0.000197984,-0.0736368,0.00280594,0.0203007,0.0253658,-0.0514816,-0.036195,1.24,-0.027507,1.94692],[0.0213568,-0.102887,-0.253708,-0.0135098,0.0396939,-0.201779,-0.0339425,-0.00142025,0.00366296,0.0527851,-0.00837164,0.00282034,-0.0180618,0.000183071,-0.0475092,-0.000922041,0.051805,-0.00245371,-0.0103974,-0.0116281,-0.00385839,0.00696204,-0.957715],[-0.012815,-0.0338353,0.266261,0.0118273,-0.118481,0.0268525,0.0375987,0.00205678,-0.00297503,-0.0457798,-0.0066679,-0.00260892,-0.00165533,-0.000134901,0.079002,-0.0258582,-0.108173,0.00306196,0.00295162,0.00378399,0.253513,-0.00934861,0.11516],[-0.0130279,-0.0036471,0.586519,0.133062,0.00311713,0.121759,-0.189898,0.00905968,0.0124897,0.273281,-0.0311893,0.0131699,-0.0370503,0.000290007,0.0890021,-0.00401525,-0.111531,-0.0503643,-0.00495983,-0.00193756,0.117107,-0.0382074,-0.780098],[-0.12227,0.224139,1.10017,-0.146485,0.716703,1.59685,-0.118765,0.0336204,0.0438222,-0.258153,0.0433675,0.0442357,-0.0602946,-0.00110628,0.653003,-0.111147,-0.971997,0.0483659,0.133803,0.0210059,-2.98098,-0.190261,0.20144],[-0.0246859,1.11998,1.15247,0.0120744,0.537963,2.6354,-0.140576,-0.175346,-0.108308,0.788469,-0.0717648,-0.0733678,0.0308081,0.000335779,0.281498,-0.0372602,-0.135021,0.0272557,0.132807,0.13532,1.35544,0.0188484,3.66941],[0.00763801,-0.0368704,-0.229958,-0.0288655,-0.171291,-0.109673,0.0206458,0.00214155,-0.00192616,0.132538,0.00871465,-0.00547235,0.0311987,0.000134863,0.0196397,-0.015811,-0.0304577,0.00881486,0.0255386,0.0256383,0.0329995,0.0117783,0.456522],[0.0126415,0.214719,-1.00706,0.0112641,-0.319608,-0.278166,-0.209814,-0.103965,0.0396774,0.0585885,0.00227349,0.0030035,-0.0395238,-0.000185567,0.295913,0.117898,-0.0580093,0.0563045,0.0718112,0.0331232,-0.537962,-0.0151124,5.61487],[0.0586265,0.425504,-0.116803,0.371995,0.792203,0.974421,0.110163,0.0521835,-0.186936,-0.584559,-0.0459859,-0.21678,-0.0259352,-0.0013593,0.00212417,0.215956,-0.0650575,-0.0352975,0.0453585,-0.00998503,-0.933522,0.0322579,2.57328],[0.0451679,0.111297,2.34027,0.184782,-0.52417,0.0501281,-0.146886,-0.0394346,0.00286428,0.0106763,0.0237571,0.00912791,0.0906137,-0.00021549,-0.199941,-0.105553,-0.0497689,-0.0850393,0.0669588,0.162086,-1.8292,0.108621,-1.54171],[22.6339,37.6194,-166.911,26.4895,-43.4906,4.04346,-38.6848,-5.71303,-1.16155,24.6242,-18.8806,-1.06095,1.00531,-0.150219,24.3035,14.0657,4.12793,2.44908,-14.2725,-19.2253,81.3116,-12.0738,236.697],[0.0461279,-0.042897,-0.397565,0.0349548,0.178673,0.149191,-0.03871,0.0170457,-0.00384212,-0.0302613,0.0073571,-0.000574553,0.0346686,-0.000262326,0.0750183,0.00284991,0.0657816,-0.00602559,-0.00209172,-0.00175866,-0.349573,0.00147333,0.656547],[-0.0333633,-0.124324,0.323796,-0.124275,0.243278,-0.00390696,-0.0366857,0.00102877,-0.0103832,0.121689,0.00399919,0.00556258,-0.00796687,0.000506839,0.0995958,-0.0712911,-0.171943,-0.0318667,-0.0240429,-0.0348673,0.0398484,-0.0348273,0.156554],[-0.0162149,-0.0404099,0.207205,0.0372341,0.149909,0.241593,0.0106688,0.0164639,-0.00225738,-0.146687,0.0221197,0.00681577,0.0365631,0.000325247,-0.367751,0.138386,0.255668,-0.0467418,-0.00884991,-0.00104582,-0.65371,0.0420363,-2.65836],[0.0359048,0.045495,-1.81203,0.143113,0.271606,0.215003,-0.248932,-0.0261452,-0.00370353,0.0744559,-0.0706064,-0.0249536,-0.0539785,-0.000275282,0.377089,0.23474,-0.300354,-0.12034,-0.0546711,0.0164634,1.96413,-0.0825747,1.76737],[0.0470014,0.684185,2.78027,0.369387,-0.722174,-0.17226,-0.338132,-0.0088887,-0.0141479,0.226076,-0.103472,-0.0108569,-0.1268,0.0011289,-0.338334,0.106944,0.412279,-0.0743779,-0.120118,-0.150151,3.42336,0.0157226,-2.94723],[0.0170719,0.639739,-0.0887398,-0.14322,0.225307,0.236799,-0.398396,0.0573329,-0.074351,0.963414,0.0493705,-0.0482402,0.0677409,0.00118442,-0.568097,0.146301,0.574764,-0.0619708,0.0106382,-0.0772157,-2.0036,0.152914,-4.44503],[0.00674834,-0.0100294,-0.161028,0.00395001,-0.0519074,-0.134473,0.00984137,0.0012836,-0.006811,-0.0181385,-0.00543264,-0.00445983,-0.00281247,1.51819e-05,0.0262986,0.0133688,-0.0138581,0.00516674,-0.00439297,-0.0114594,-0.00862694,-0.00904513,0.299297],[0.146729,-0.0872582,-4.32081,-0.0669087,-0.510059,-0.991551,0.00435304,-0.0190465,0.102626,0.0664345,-0.0351794,0.0927474,0.0243688,-0.000773571,0.539931,0.0590233,-0.241157,0.0287043,0.056942,0.0102737,0.357527,-0.213473,5.43119],[0.00742357,-0.00961459,0.0764399,0.00407849,0.0214741,0.0327449,0.00566206,-0.0011844,0.00136821,-0.0093456,0.00143027,0.00170777,0.00104222,-5.10959e-06,-0.00814566,0.00251966,0.00732257,-0.000173178,-0.000124165,-0.000153473,0.0135358,0.00073019,0.021386],[-0.0776998,-0.226566,-1.19218,0.0211572,-0.297891,-0.732971,0.0328253,0.0871293,0.0269784,0.00232609,-0.0279902,0.00988411,-0.0227252,0.000186488,0.287037,-0.0160994,-0.252122,0.0366079,0.00356488,0.0425026,0.773734,-0.074309,1.19493],[0.0312181,0.0736338,0.229496,0.0797515,-0.181381,0.059006,-0.0628704,0.00691328,0.00650605,0.0160207,-0.00235343,0.0122409,-0.0065134,6.3198e-05,0.0133047,-0.0427755,-0.022996,-0.00439408,0.00233463,0.00668014,0.0946056,0.00552029,0.354936],[0.00106891,0.0115392,0.15847,0.00829889,0.0626609,0.0658156,-0.000368686,-0.00171273,-0.00154106,-0.0119026,0.00527841,-0.00173624,0.00167786,-4.81845e-05,0.00212779,0.000652215,-0.00463697,0.00125025,0.0051578,0.00984705,0.0595,0.00393218,0.0809914],[0.0479109,-0.104214,0.526326,-0.0991454,0.265544,0.329035,0.0439388,0.010449,0.0165835,-0.246044,0.0494356,0.0166909,0.0726413,0.000270425,-0.0862553,-0.0775978,0.0871252,0.0191862,0.0608337,0.0485954,-0.12309,0.0459173,0.339396],[0.028425,-0.00938058,-0.0496896,0.029381,0.267954,0.151089,-0.043669,0.00412186,0.00077352,0.0183348,-0.0117535,0.000686191,-0.0205582,7.48286e-05,0.0264101,0.0211586,-0.00112238,-0.0184019,-0.00801145,-0.0133953,0.125522,-0.0056871,-0.411624],[-0.0162833,0.0570943,-0.128176,0.0249542,0.0618401,0.206941,-0.00882195,0.00272644,-0.00101495,-0.0111761,-0.00466029,-0.00270594,0.0018604,3.97005e-05,-0.0182679,0.0111069,0.0246477,0.000586395,0.00754351,-0.00295945,-0.0274386,0.00228213,0.0288936],[0.0362848,-0.0193289,-0.907265,0.0528847,-0.154908,-0.226397,0.038026,0.0019016,-0.0230104,-0.200781,-0.0202864,-0.0182725,0.00827812,0.000201362,-0.119483,-0.0214914,0.106297,-0.0187063,-0.0264277,-0.00885225,0.511641,0.0107583,0.41023],[0.01926,0.186315,1.47363,0.116511,-0.69766,-0.801015,-0.124396,-0.279977,-0.0558179,0.893406,-0.0264141,-0.0550588,0.0104184,6.51223e-07,0.0182719,-0.0674886,-0.0340586,-0.0732914,0.0469028,0.032329,-0.255337,0.0680725,-0.226481],[0.00692213,-0.462831,-1.85669,-0.305325,-0.367331,-0.892184,0.0385704,-0.00761442,-0.0168555,0.930809,0.0499375,-0.00522175,0.000557351,7.93298e-07,0.15124,-0.215833,-0.027632,0.0357919,-0.0251397,-0.0379449,-0.0797649,0.0186009,-3.52566],[-0.0100261,-0.00270029,-0.0270947,0.0144113,0.0877981,0.0813555,-0.0646786,-0.0161462,0.000602736,0.163768,-0.0171943,-0.000874879,-0.0241129,-0.000235819,0.0204776,0.0145772,-0.00219697,-0.0184799,-0.0146897,-0.0205789,-0.050532,-0.0230961,-0.602775],[-0.132109,-0.22551,-1.13838,0.0937967,-0.393518,-0.469591,-0.0799207,-0.0475389,-0.0465922,0.144661,-0.0446957,-0.0419749,-0.176439,-0.000939829,0.0347585,0.0689598,-0.123155,-0.0109114,-0.0522514,-0.0712547,0.206133,0.014105,-1.12433],[0.0206963,-0.13148,0.534884,0.0426027,0.458424,0.519229,-0.0437901,0.147689,-0.0779043,0.402571,-0.0178473,-0.0952929,-0.0897465,-0.00123621,-0.0896444,-0.0809801,-0.0459632,-0.0173201,0.023163,-0.0308537,-1.89636,-0.0269747,-2.03282],[0.060712,-0.352466,0.998113,-0.0177374,0.756368,1.03085,-0.0602446,0.0176006,-0.00390534,0.189919,0.00389108,0.0267852,0.0821428,0.000750658,0.273442,-0.0214161,-0.134745,0.0371529,0.0394951,0.0731175,0.259762,0.0707883,0.931587],[-7.84589,-36.6586,25.7365,6.23458,47.4251,16.8202,-19.4287,7.74922,2.6784,-39.214,5.26874,0.585025,2.38198,0.348872,1.2388,-14.0512,-14.1501,-3.95808,2.93217,7.65784,-2.21218,5.62288,-281.125],[-0.0601991,0.146614,0.246312,-0.0289047,-0.389484,-0.0486149,-0.0276855,-0.0325247,-0.00211327,0.0692212,0.00100124,0.00165257,-0.00197068,0.000126049,0.0236853,-0.0283562,0.0190993,-0.0162506,0.0101539,0.0020133,-0.317948,-0.00312787,-0.0894636],[0.0380286,-0.0685722,0.0784558,0.0501275,0.141392,0.0926173,0.0193377,0.00712236,-0.0143126,0.148986,0.0116081,-0.00637462,0.0173232,-0.000339906,0.203061,-0.0153541,-0.157838,0.0602112,-0.00122892,0.0248593,0.646209,-0.0233787,3.4585],[0.0308275,-0.0200665,-0.246989,0.0223413,0.150583,0.0574309,0.00299888,0.00418259,-0.00242837,0.0118401,0.00280619,0.000770566,0.0256947,0.000141365,-0.199216,0.0478459,0.217213,-0.00501511,-0.0282696,-0.024406,-0.37559,0.0240225,-0.701456],[0.0825178,-0.262497,-1.01892,0.0574349,0.681775,-0.0265866,-0.396467,0.01637,-0.0277669,-0.131611,-0.0557136,-0.048383,-0.0895735,-0.0005341,-0.312406,0.191445,0.33981,-0.234295,-0.142039,-0.107902,1.73934,-0.0295369,-1.23648],[-0.267124,-0.254426,-0.687142,-0.306828,-0.658212,-0.634435,0.0852118,0.0025372,-0.0464532,0.518443,0.0241241,-0.0178758,0.0330052,0.000504535,0.0399279,-0.235331,-0.0884193,0.0676723,-0.134477,-0.0898714,0.921956,0.0530436,5.2153],[-0.116415,-0.390077,0.0493285,-0.170824,0.531811,0.189814,0.280626,0.0332119,-0.0563196,-0.0371236,0.0216374,-0.0631591,0.120922,0.000641917,0.158087,0.0494221,-0.155973,0.0298536,-0.0012694,0.0271463,-0.465736,0.101605,1.05219],[-0.0200834,0.0159854,-0.106269,-0.0104346,-0.0322579,-0.0211336,0.00808848,-0.00606032,0.00179764,0.0141176,0.000477171,0.00308599,0.00146184,-1.76548e-05,-0.00631566,-0.000989041,-0.000222293,-0.00552908,0.00279641,0.0025085,0.0318226,-0.00533568,-0.147752],[0.178739,-0.205647,1.38158,-0.105199,0.0228801,-0.114289,0.355116,0.085613,0.0209901,-0.407434,0.0122663,-0.005316,-0.0571507,-0.00043648,0.112249,0.0778798,-0.0780084,0.0284791,0.0487485,0.0584454,0.620073,-0.0463958,3.45901],[-0.00206466,-0.0122349,0.00565,-8.54395e-06,-0.00153545,-0.00942688,0.00177446,-2.96536e-05,0.00115288,-0.000927187,-0.00080015,0.000390723,-0.000969095,-1.41391e-05,0.000184678,-0.000471803,-0.00109256,0.000558841,-0.000970002,-0.00158,-0.0136028,-0.00137106,-0.0895096]],"sigmahat":[[0.168956,-0.0407965,0.484005,0.0726425,0.368044,0.131761,-0.0449833,0.0123323,-0.0007267,-0.0809346,-0.00455006,0.00240871,-0.0101673,-0.000148241,0.0967268,0.033388,-0.0177494,-0.0107817,0.0113087,0.0116549,0.462054,-0.0173122,0.483214],[-0.0407965,0.558088,0.403063,0.0303764,-0.460067,0.234703,-0.098866,-0.0474605,-0.00347346,0.157895,0.00935486,0.00431904,0.0263682,-3.3135e-05,-0.114442,-0.0158114,0.1221,-0.0207287,0.0161272,-8.93816e-05,-0.232703,0.0124862,-1.03312],[0.484005,0.403063,22.4836,0.517319,1.4322,4.19038,-0.225842,0.100504,0.0571981,0.191659,0.169387,0.107986,0.0782289,-0.000372541,-0.421346,-0.138027,0.380788,-0.159417,0.099884,0.265767,0.752059,0.197253,-2.25067],[0.0726425,0.0303764,0.517319,0.178696,0.122122,0.160155,-0.0383349,0.0160709,-0.00142367,-0.115546,-0.0136673,-0.00474962,-0.00478232,-0.00013902,0.0377802,0.0333587,-0.0094063,-0.00517402,0.00223808,0.00826498,0.269343,-0.00421598,0.0447354],[0.368044,-0.460067,1.4322,0.122122,3.39264,2.34657,-0.0405997,0.0970649,0.00608433,-0.442619,0.0301167,0.01754,-0.00945785,0.000204435,0.262955,0.0959448,-0.203141,-0.00416575,0.0927723,0.0803629,-0.353676,-0.0227796,2.30369],[0.131761,0.234703,4.19038,0.160155,2.34657,4.40918,-0.0993691,0.0200937,0.0344119,-0.105733,0.077298,0.0713826,0.0839851,0.00034735,-0.119218,0.105819,0.0921131,-0.0400587,0.125775,0.11432,-1.33494,0.0625837,0.730339],[-0.0449833,-0.098866,-0.225842,-0.0383349,-0.0405997,-0.0993691,0.201587,0.0100798,-0.00423896,-0.17082,0.0111692,-0.0104023,0.0184849,-6.19083e-05,0.0260627,-0.0409327,-0.0815354,0.0521404,0.0158607,0.016984,-0.190012,0.00634521,1.49507],[0.0123323,-0.0474605,0.100504,0.0160709,0.0970649,0.0200937,0.0100798,0.0321983,0.00135835,-0.0464344,0.000100889,-0.000549625,-0.000895048,9.4496e-06,0.0220068,0.00632819,-0.0247158,0.00194624,-0.00255718,0.000932012,-0.0363946,-0.00726188,-0.0172721],[-0.0007267,-0.00347346,0.0571981,-0.00142367,0.00608433,0.0344119,-0.00423896,0.00135835,0.00769636,-0.00732406,0.00240328,0.00654735,0.00226337,2.09127e-05,-8.35575e-05,-1.534e-05,0.0012789,-0.000760433,0.000607184,0.00153066,-0.00104808,-0.0026769,-0.111039],[-0.0809346,0.157895,0.191659,-0.115546,-0.442619,-0.105733,-0.17082,-0.0464344,-0.00732406,1.20142,-0.0123056,0.00438238,-0.03365,-8.9217e-05,-0.0167717,-0.00218523,0.0416835,-0.0186322,-0.0243519,-0.0286871,0.120113,0.0144435,-1.87995],[-0.00455006,0.00935486,0.169387,-0.0136673,0.0301167,0.077298,0.0111692,0.000100889,0.00240328,-0.0123056,0.0318044,0.00556683,0.0286502,-5.0745e-06,-0.0337183,-0.00276801,0.0254683,0.00432658,0.0129469,0.0211201,-0.169702,0.0229053,0.247217],[0.00240871,0.00431904,0.107986,-0.00474962,0.01754,0.0713826,-0.0104023,-0.000549625,0.00654735,0.00438238,0.00556683,0.0101869,0.0050968,4.27737e-05,-0.00831641,0.00125344,0.0119211,-0.00285954,0.000826794,0.00196977,0.00453346,-0.00101933,-0.104471],[-0.0101673,0.0263682,0.0782289,-0.00478232,-0.00945785,0.0839851,0.0184849,-0.000895048,0.00226337,-0.03365,0.0286502,0.0050968,0.0486799,3.1567e-05,-0.040475,-0.00688149,0.0348621,0.0077125,0.0109169,0.018972,-0.231929,0.0223609,0.22217],[-0.000148241,-3.3135e-05,-0.000372541,-0.00013902,0.000204435,0.00034735,-6.19083e-05,9.4496e-06,2.09127e-05,-8.9217e-05,-5.0745e-06,4.27737e-05,3.1567e-05,5.19961e-06,-0.000585417,5.18499e-05,0.000506273,-0.000107875,-5.72741e-05,-3.65628e-05,-0.000699058,0.000153066,-0.008714],[0.0967268,-0.114442,-0.421346,0.0377802,0.262955,-0.119218,0.0260627,0.0220068,-8.35575e-05,-0.0167717,-0.0337183,-0.00831641,-0.040475,-0.000585417,0.71559,-0.070999,-0.572601,0.0707966,0.032587,0.0324294,0.657226,-0.0992568,4.32303],[0.033388,-0.0158114,-0.138027,0.0333587,0.0959448,0.105819,-0.0409327,0.00632819,-1.534e-05,-0.00218523,-0.00276801,0.00125344,-0.00688149,5.18499e-05,-0.070999,0.148782,0.0986284,-0.0387554,-0.0084554,-0.0074832,0.0964987,0.00794466,-1.0147],[-0.0177494,0.1221,0.380788,-0.0094063,-0.203141,0.0921131,-0.0815354,-0.0247158,0.0012789,0.0416835,0.0254683,0.0119211,0.0348621,0.000506273,-0.572601,0.0986284,0.59055,-0.0774049,-0.034533,-0.0307432,-0.287568,0.0816766,-3.83125],[-0.0107817,-0.0207287,-0.159417,-0.00517402,-0.00416575,-0.0400587,0.0521404,0.00194624,-0.000760433,-0.0186322,0.00432658,-0.00285954,0.0077125,-0.000107875,0.0707966,-0.0387554,-0.0774049,0.045665,0.0123739,0.0126678,0.0746056,-0.00523323,1.40241],[0.0113087,0.0161272,0.099884,0.00223808,0.0927723,0.125775,0.0158607,-0.00255718,0.000607184,-0.0243519,0.0129469,0.000826794,0.0109169,-5.72741e-05,0.032587,-0.0084554,-0.034533,0.0123739,0.0320773,0.0278135,-0.0975006,0.00915986,0.599673],[0.0116549,-8.93816e-05,0.265767,0.00826498,0.0803629,0.11432,0.016984,0.000932012,0.00153066,-0.0286871,0.0211201,0.00196977,0.018972,-3.65628e-05,0.0324294,-0.0074832,-0.0307432,0.0126678,0.0278135,0.0436668,0.0759987,0.0192617,0.869177],[0.462054,-0.232703,0.752059,0.269343,-0.353676,-1.33494,-0.190012,-0.0363946,-0.00104808,0.120113,-0.169702,0.00453346,-0.231929,-0.000699058,0.657226,0.0964987,-0.287568,0.0746056,-0.0975006,0.0759987,14.0554,-0.195834,10.577],[-0.0173122,0.0124862,0.197253,-0.00421598,-0.0227796,0.0625837,0.00634521,-0.00726188,-0.0026769,0.0144435,0.0229053,-0.00101933,0.0223609,0.000153066,-0.0992568,0.00794466,0.0816766,-0.00523323,0.00915986,0.0192617,-0.195834,0.0501767,-0.329169],[0.483214,-1.03312,-2.25067,0.0447354,2.30369,0.730339,1.49507,-0.0172721,-0.111039,-1.87995,0.247217,-0.104471,0.22217,-0.008714,4.32303,-1.0147,-3.83125,1.40241,0.599673,0.869177,10.577,-0.329169,96.7253]],"n":23,"lags":3}