{"betahat":[[1.44287,7.21995,19.842,1.39511,6.92762,11.1959,-1.11473,0.318546,-1.74053,4.48109,0.564836,-1.55511,1.33012,-1.2905,-0.659508,-0.225283,0.686982,24.0314,20.7572,2.95418,21.2906,3.50061,0.331906],[1.52896,0.41936,4.07897,0.400958,0.609282,0.786898,-0.296301,-0.122152,-0.224954,-0.331881,-0.185065,0.0485929,0.00506581,-0.0161674,-0.00387089,0.239743,-0.240712,-0.0597482,-0.854408,0.229634,2.70382,-0.110561,0.00458291],[0.0401041,0.816598,-0.669253,-0.122587,0.0360221,-0.359201,-0.0162634,-0.00280581,0.358432,-0.089205,0.0428278,0.0134115,-0.0238573,0.00323237,-0.0135686,0.0016221,-0.0143564,0.0337716,-0.0289673,-0.000738095,0.0848577,0.00317813,0.0384851],[-0.00682946,-0.0264656,0.510151,-0.00391654,-0.0740518,-0.0945269,-0.000120171,0.00267682,-0.0330775,0.00895064,0.00123232,0.000415515,0.00937665,0.00323904,0.00708843,-0.00850131,0.0109946,0.0238488,0.0243238,0.0117174,-0.00775749,-0.00217816,-7.85373e-05],[-0.011561,0.582087,1.98312,1.33949,-0.459579,0.797656,-0.0916792,-0.0157585,0.668509,-0.187316,-0.039171,0.0215669,0.0105324,0.0125069,-0.00527532,0.232681,0.0225951,0.226108,0.0399521,0.0225841,-2.79563,-0.00363088,-0.00167617],[-0.0154785,0.139023,0.577335,-0.0134792,0.798344,0.304955,0.0736968,-0.0110314,-0.0703646,-0.0576766,0.018178,0.00618732,0.0380619,0.0103057,0.0460019,0.0193034,0.0262314,0.0170298,-0.0250363,0.0495458,0.136916,-0.0139107,0.0104682],[0.00314675,-0.0605398,-0.446514,-0.0322179,-0.00846272,0.537289,0.00859059,0.00669563,0.010568,0.0157965,-0.0108599,-0.00396407,-0.0284058,-0.00977623,-0.0178772,-0.0150499,0.0414627,-0.0429314,0.0206326,-0.0413447,0.0950698,-0.00097935,0.00193507],[0.129573,0.443964,0.64851,-0.0833902,-0.166456,-0.250005,1.21881,0.000630574,0.00362802,-0.297532,0.00342411,-0.000109779,0.0216586,0.00187546,0.00265301,0.207106,0.414442,0.120809,-0.0333802,0.0980371,1.84831,-0.0131392,0.0780658],[0.0389415,0.487415,-3.47026,-0.0826941,-1.1807,-1.13291,0.2198,1.05404,-0.185804,-0.285591,0.135216,-0.0907271,-0.134537,-0.0555625,0.0130692,0.221252,0.255012,-0.368992,1.49092,-0.12876,0.0713025,0.00190644,-0.0923756],[0.0233657,0.0543843,0.48292,0.0566262,0.030194,0.115628,0.0248106,-0.00650842,0.629753,-0.00079085,-0.0261361,0.00460195,-0.00531748,0.00518732,0.00229358,0.0576516,0.015594,0.0541969,-0.0210363,0.0240986,0.45754,0.00793445,-0.00883139],[0.0399689,-0.184525,-1.17917,-0.0668734,0.450032,-0.115661,-0.0156859,0.00910196,0.2626,0.655818,-0.074209,-0.0481688,-0.0831016,-0.0723332,-0.039321,0.123951,-0.159164,0.154211,0.0287074,0.135096,-0.300965,0.042229,-0.0295355],[-0.132614,0.230734,-1.11964,-0.190023,0.629194,-0.500481,0.368937,0.0724561,-0.820573,-0.0873628,0.499292,-0.0836635,-0.394946,-0.130121,-0.0157573,-0.0821777,0.378079,-0.28894,-0.561536,-0.0306527,7.4351,0.0499756,0.0725639],[0.286439,-0.45577,-5.04251,-0.0299367,-0.549759,-2.55675,0.645449,-0.034756,-0.887772,0.946219,-0.351859,0.936509,0.0225327,0.0323331,0.155217,0.29241,0.112438,1.95608,-0.326484,0.276681,8.67288,-0.151533,0.463586],[-0.0989834,-0.486728,0.432505,0.418277,0.439707,1.47523,-0.0254669,-0.0149934,-0.49168,-0.334522,0.240369,-0.0290836,1.01466,0.0336489,-0.0591517,-0.177582,-0.227215,0.46301,-0.47254,0.473522,-1.64314,-0.0294883,-0.0989379],[-0.0448515,-0.962665,0.197465,-0.0173112,-2.04001,-3.05088,0.471973,0.214805,-1.91672,0.0350578,0.428136,0.44076,-0.0731115,1.14464,0.0300114,-0.553167,-0.236375,-0.781391,0.972645,-0.597247,-5.34746,-0.0832698,0.293619],[0.0998145,-0.401665,2.52606,-0.459648,2.24914,1.41027,0.139075,-0.0331635,-1.73841,0.512216,-0.462124,0.227567,-0.0300379,0.228547,0.99653,0.469357,-0.0912993,-0.0187671,0.517322,-0.0395348,3.16636,0.218877,0.240626],[-0.128644,-0.187896,2.82387,-0.0299069,0.716743,1.29774,0.330243,0.0137859,-0.228515,-0.195041,-0.0399817,-0.0423711,0.0123919,-0.0302671,0.0954188,0.930117,0.115264,-0.211638,0.258419,0.0104228,-0.687258,0.155233,-0.0744638],[0.0405349,-0.114344,-1.45678,0.0871667,0.18532,0.446152,0.0958291,0.0549709,-0.40211,-0.0176424,8.69927e-05,0.0258191,0.107454,0.034006,0.0271498,-0.0247798,0.486531,0.148903,0.150299,-0.0243192,-1.36085,0.087278,-0.0381263],[-0.0911011,0.284157,-2.62797,-0.302233,-0.393904,-1.66077,-0.124893,-0.0635501,1.16592,0.246983,0.0114202,-0.0438002,0.122848,-0.0262946,0.00275651,0.0796852,-0.115765,0.409781,-0.165555,-0.11413,-0.312257,-0.143364,-0.0679524],[0.0848589,-0.228016,2.2759,0.325462,0.450542,0.947694,0.0633229,0.125526,-0.568858,0.0847542,-0.0739307,0.0138682,-0.160951,-0.00853881,-0.0612276,-0.177533,0.0103743,0.19972,0.84313,-0.0287672,-0.440138,0.0192017,0.0800418],[0.00564102,0.209025,-1.79432,0.0716931,0.19515,0.147904,-0.268063,-0.0762083,0.161814,-0.0516318,0.0708343,0.00184481,-0.0255184,-0.015192,-0.0632045,0.000806486,-0.0777763,0.0441473,-0.248593,0.210772,0.00580149,-0.0352154,0.0166154],[-0.00889603,-0.0450114,-0.207769,0.00747701,-0.0366224,-0.0742748,-0.00126143,0.00309131,-0.0132121,0.033193,0.00544883,-0.00418345,0.00425322,-0.00664326,4.93676e-05,-0.0180284,0.0417233,0.0201566,0.00440323,-0.00639328,-0.524853,0.00291876,-0.0108067],[0.228073,0.719535,4.18679,0.183686,0.788429,-0.359214,-0.263373,0.208466,0.124025,0.395774,0.0931195,-0.0271102,0.266473,-0.0231601,0.106989,0.143232,-0.201689,-0.0377724,-0.655945,0.45603,-1.37767,0.790144,-0.0487122],[-0.241719,1.03271,3.62434,-0.168452,-1.54553,-0.187681,-0.337327,-0.45129,1.4025,-0.629899,-0.076628,-0.00902508,0.0889239,0.130781,0.10073,0.588692,0.0340816,-0.318061,0.146602,-0.519852,-0.288612,-0.281191,0.281908],[-0.355407,-0.518401,-3.4545,-0.357993,0.637348,0.0458254,0.310876,0.137763,-0.123942,0.51693,0.148258,-0.0704916,0.05162,-0.0246616,-0.0135927,-0.0976598,0.0652466,0.0360526,0.751003,0.0810842,-1.15367,-0.0629977,0.0716623],[-0.00649471,0.0922808,-0.233567,0.0372907,-0.0165565,0.0726521,0.0580299,0.00238609,-0.381,-0.00712098,-0.0193597,-0.00610084,-0.00298681,-0.00384807,-0.00200141,0.00363425,0.0365104,0.0116787,0.0821533,-0.0135087,0.183443,-0.0374592,-0.0362673],[0.000224206,0.0108682,0.393953,-0.0046377,-0.00543465,0.0232087,-0.0045933,-0.000150626,0.0406595,-0.000860882,0.00298775,0.00156614,-0.0109669,0.000215661,-0.00688529,-0.00931088,-0.0117445,-0.0103947,-0.00189987,0.000325614,-0.159843,-0.00088001,0.0033177],[-0.0165494,-0.411169,-3.21487,-0.218472,-0.208048,-1.77229,0.0985044,0.00194704,-0.457074,0.084492,0.00225332,-0.0560594,-0.0222657,-0.0497416,-0.0420675,-0.129674,-0.0042497,-0.151883,-0.173158,-0.00221707,2.32451,0.00594883,-0.0527376],[0.00251301,-0.114765,-0.522337,-0.0156059,-0.0525255,-0.379509,-0.0218701,0.0067065,0.0636893,0.0415388,-0.0116739,-0.00563234,-0.0146335,-0.00900019,-0.0182299,-0.0105418,-0.0134599,-0.0303326,-0.0206298,-0.055781,-0.320627,0.0156667,-0.0129909],[-0.00303853,-0.00132378,0.578608,0.01928,-0.0991677,0.120627,-0.00151464,-0.00762048,0.00305439,-0.0338896,0.00717959,-0.00175922,0.0164905,0.00325752,0.0097512,0.0131227,-0.0403508,0.00849408,-0.0175451,0.0343954,-5.04786e-05,0.00300487,-0.00991899],[-0.0981305,-0.25859,1.27971,0.0781872,0.275766,0.563088,-0.240074,-0.0149132,0.328773,0.173197,-0.01116,0.0205691,-0.025379,0.0179857,-0.0270439,-0.149249,-0.273639,0.0207703,0.0800874,-0.108745,-1.75143,0.00930691,-0.0639417],[-0.176455,0.291925,2.29064,-0.350875,1.18469,1.64945,-0.15634,0.0675008,-0.317692,0.141168,-0.0425689,0.0665956,0.107669,0.0337346,0.066203,0.109412,-0.0570084,0.205317,-0.352186,0.284257,1.50369,-0.11489,0.130635],[-0.00107077,0.0131122,-0.665926,-0.0544531,-0.317902,-0.397639,-0.0324659,0.00673248,0.14575,-0.00407396,0.0141615,-0.00177529,-0.00419498,-0.00660465,0.00987594,-0.0251918,-0.0240598,-0.0221198,-0.0414207,0.0498505,0.0908665,-0.0124627,0.000224215],[-0.0302992,0.195922,-0.584394,0.127161,-0.589276,-0.2011,-0.0464933,-0.00107606,-0.272696,0.0838903,0.0656373,0.0281465,0.0751719,0.0395462,-0.000422133,-0.131149,0.0667309,-0.0338723,-0.142547,0.0652036,0.185487,-0.0391913,0.0178716],[-0.175198,-0.146838,1.73823,0.100401,-0.588315,0.465719,0.137399,-0.0742532,-0.231834,0.0161954,0.0347324,0.0785653,0.15602,0.0339467,0.0919894,0.293978,-0.475231,-0.0591768,-0.123544,0.655418,0.408329,-0.239648,-0.190381],[-0.155452,1.71269,5.11849,0.116526,1.56007,3.88964,-0.987958,-0.200758,1.35791,-0.00435137,-0.0612986,-0.219252,-0.0155289,-0.142875,-0.0257622,0.218565,0.0366179,0.0344941,-0.250679,0.133995,-3.06649,0.0948219,-0.140889],[-0.110811,0.335142,-3.09276,-0.178829,-1.40651,-2.55946,-0.412648,-0.152785,0.599565,0.620028,-0.226511,0.117052,-0.247025,0.0365229,-0.0482111,0.281025,0.0210524,0.0217475,0.00912471,-0.444476,2.15361,0.0290515,0.134614],[0.0188698,0.320454,-0.503628,0.279725,1.26117,1.32764,0.152056,0.0802852,-1.56496,-0.170729,0.315182,-0.22168,0.0854175,-0.223516,-0.181965,-0.0484367,0.00695,-0.322585,0.112029,0.178814,2.2905,0.239254,-0.116392],[0.22427,0.82259,-2.83111,0.367735,-2.38422,0.073113,-0.276586,0.135333,1.27653,0.0996759,0.270926,-0.0314707,0.00641322,0.0248333,-0.0222544,-0.493488,0.276572,-0.524533,-0.701663,0.0359737,-1.46258,-0.053509,0.0404888],[-0.00113882,0.0215473,-1.40811,-0.0467076,0.20286,-0.335509,-0.0023314,0.0148818,0.240673,0.05251,0.000292409,0.0321227,0.00645092,0.0126681,-0.0329154,0.0606848,0.113544,0.144416,-0.095635,-0.108113,0.889947,-0.127551,0.0616063],[-0.0232055,0.0620363,0.930199,-0.122178,0.0267511,-0.334959,0.00666158,-0.0677529,0.169197,-0.155059,-0.00244821,0.0140261,0.0377265,0.0231208,0.0420235,-0.0100254,0.604697,0.0151573,0.034041,-0.067155,-0.0978873,-0.0589928,0.0955629],[-0.0051353,-0.471343,2.01995,0.120601,1.00594,1.63417,0.185134,0.0553718,-1.2898,-0.13175,0.101229,0.0711321,-0.00551046,0.052531,0.0380501,-0.231992,0.298697,0.145368,0.275532,0.0710488,1.40425,0.0924725,0.112549],[-0.0710103,0.135088,-2.08309,-0.241488,-0.120777,-0.166955,0.0498149,-0.0613071,0.184169,-0.115701,0.0157852,0.0148099,0.177792,0.0268385,0.0956874,0.151646,0.113669,-0.0709476,-0.294842,0.120488,0.269564,-0.0580026,-0.0880317],[0.0505097,-0.0324254,-1.0198,-0.00391191,0.285769,-0.0995303,-0.0941819,0.0538457,-0.21411,0.078007,0.0170295,-0.00830438,0.00164003,-0.00925201,-0.0353963,0.00288234,-0.0787507,0.0175397,0.00501905,-0.565473,-0.701336,0.0190086,0.0206535],[-0.0106846,0.0180888,0.0275889,0.00517921,-0.13479,-0.100861,-0.0368186,-0.00377414,0.0388185,0.0197594,0.00451751,-0.0012845,0.00749087,-0.00286544,0.00385409,-2.89905e-05,0.00491545,0.00392723,-0.000765595,0.0039843,-0.417931,0.00219873,-0.00687858],[-0.00706074,-0.600824,-2.22781,-0.215153,-1.43176,-0.747218,0.738906,-0.139493,-0.893037,-0.331453,-0.0616754,0.00278038,-0.20596,-0.0125748,-0.157076,-0.113844,0.208619,0.296733,0.376986,-0.0505244,1.67183,0.137192,-0.0338172],[0.18909,0.530045,-1.52269,0.140613,0.677531,0.630139,-0.21857,0.235138,-0.172147,0.176148,0.062087,0.0615646,-0.0353498,0.0317411,-0.045888,-0.0328939,0.344149,-0.369479,-0.246835,0.859505,-1.42774,-0.010906,0.14832],[-0.173704,0.0986986,-0.623728,-0.0429701,-1.24752,-0.833942,-0.0144789,-0.0156671,0.349181,-0.184958,0.0368402,0.0219302,-0.0566863,0.0408359,0.0174404,-0.141944,0.175346,0.0240597,0.103872,-0.31097,-1.55114,0.173404,-0.0762178],[-0.0337335,0.0905834,0.90333,0.0851805,-0.0192069,0.28628,-0.0415175,0.00038275,0.0227925,0.0960121,-0.0234866,-0.00731191,0.026901,0.000617871,0.0156416,-0.0051913,-0.0219427,-0.045371,-0.0528752,0.0138267,-0.268123,0.034202,-0.00220519],[0.00632036,0.0152048,0.0882224,0.00819269,0.0780554,0.068178,0.00444562,-0.00247354,-0.00790274,-0.00770001,-0.00409074,-0.00193039,0.00158134,-0.00343082,-0.000255417,0.0173804,0.000588681,-0.0125036,-0.0218179,-0.0120081,0.167567,0.00296977,-0.00315174],[0.0278698,-0.171548,1.23208,-0.121473,0.667182,0.973938,-0.00685206,0.0137502,-0.210573,0.103062,0.0367989,0.0344814,0.0115832,0.0372216,0.047348,-0.103034,-0.0186817,-0.0739726,0.133832,-0.0203701,0.468013,-0.00241603,0.0544059],[0.0129947,-0.0241883,-0.0547916,0.0293931,0.251638,0.0722811,-0.0519392,0.0042518,0.00677566,0.0163859,-0.00647369,-0.000499931,-0.0235778,-0.00125185,-0.0278609,-0.00889754,-0.0130551,0.0143404,0.0460754,0.0058337,0.181965,-0.00189057,0.00247014],[-0.000152627,0.0616895,-0.130805,0.0130394,0.105265,0.339656,-0.00714081,0.000822662,-0.013137,0.0182624,0.00367725,0.00576761,0.0118731,0.00652977,0.00806897,0.00184335,-0.00131003,0.0351671,-0.002733,0.00651115,-0.0966489,-0.00215485,0.00792636],[-0.0314098,-0.187047,-1.91181,0.00626631,-0.111984,-0.31451,0.021482,0.014224,-0.33073,0.123915,0.00759965,-0.0200732,0.00370676,-0.0195044,0.0248317,-0.0581477,-0.140844,-0.136555,-0.0413247,0.00941285,-0.104415,0.00329279,-0.0140292],[0.147407,-0.538679,1.5137,0.441378,-0.229022,-0.432329,-0.127682,-0.186417,0.505258,0.149634,-0.0940386,0.00870618,0.0280653,0.0151876,-0.0664961,-0.217291,-0.145979,0.233718,-0.887001,-0.0118266,-1.96687,0.131652,-0.0476606],[-0.0236328,-0.0724422,0.184787,-0.00365404,0.291498,0.28077,0.0102496,0.000165126,0.222779,0.00442231,0.012057,-0.00283807,0.00999129,0.00139388,-0.0116575,-0.0325061,0.00878188,-0.032523,0.0671868,-0.0754619,-0.544122,0.00436464,0.00891656],[-0.00955672,-0.0114696,1.7646,-0.059626,0.13931,0.317804,0.0624921,-0.00797783,0.0101391,0.259501,0.00852293,0.0200113,0.00796364,0.0327541,0.0397488,0.0071187,0.0926076,-0.120055,0.114385,-0.200586,0.113731,-0.00306401,0.011563],[0.259252,-0.770288,1.481,0.170468,0.950942,0.331478,0.046381,0.166292,-0.105787,-0.0558161,0.0100905,0.0732379,0.152888,0.0821419,0.0492574,-0.353196,-0.0157839,-0.267485,-0.748674,-0.44373,0.622891,-0.0910533,0.116709],[-0.0574371,-0.419064,0.32234,-0.0948926,-0.727192,-0.816833,-0.0719483,-0.121838,1.28888,0.105707,-0.161207,-0.0253912,-0.0147731,0.00645891,0.123336,0.0304267,-0.179085,0.54712,0.661313,-0.440411,-1.54203,0.00157321,-0.072852],[0.208412,-0.652539,2.90169,-0.175628,1.6482,0.977343,-0.0526567,0.194372,0.00776021,-0.431055,-0.1044,-0.0302012,0.00348705,-0.00584347,0.0529852,-0.322296,-0.282184,-0.214031,0.0302979,0.414114,-1.38102,0.00867146,0.004394],[0.0779325,-0.223166,-0.135773,0.203002,0.908397,0.755193,-0.0952914,0.18108,0.102223,-0.381409,0.0763897,-0.0530849,0.0588121,-0.0762116,-0.0845915,-0.403797,-0.00560079,0.358231,0.580752,0.0534253,0.350993,0.0987572,-0.12677],[-0.142364,-0.781291,0.109042,-0.0771518,0.438901,-1.29134,0.456667,-0.0212599,0.29341,-0.535004,0.128506,-0.171305,0.0366487,-0.168562,-0.0682961,0.0834228,0.10673,-0.180744,-0.156283,-0.108977,-2.34596,-0.186192,-0.196071],[0.129505,0.165535,-1.41084,0.0761905,-0.920581,-0.963326,-0.327562,-0.0286784,-0.0114505,0.142601,0.0397572,0.0102954,-0.0188521,0.0176415,-0.0624638,0.00896668,-0.228664,0.0679368,-0.162111,0.0971302,-0.203227,-0.0277493,0.0129828],[-0.0174647,0.0500657,0.533114,0.0353343,-0.21386,-0.114462,-0.102064,0.0127218,0.234116,0.172551,0.00217306,-0.0396379,-0.145352,-0.0569276,-0.0689671,0.0344089,-0.0916462,-0.161079,-0.181074,0.0905096,1.45378,-0.0286505,-0.0573806],[0.116526,0.192318,0.210696,0.194997,-0.688114,-0.0483843,-0.070465,0.0043461,0.144924,-0.13583,-0.121811,-0.0102445,-0.135706,-0.0138202,-0.0359738,0.134546,-0.187345,-0.324559,0.0266479,0.0593269,-1.20229,0.0252881,-0.0370308],[-0.0375179,0.00234589,-0.465672,-0.105516,-0.273866,-0.800149,-0.0579466,-0.0534475,0.368425,0.0106684,0.0555871,-0.018977,-0.0294689,-0.012182,-0.0261132,0.0272579,-0.104461,-0.0278091,-0.2825,-0.0938245,0.0839042,0.0181404,0.0125392],[0.0131451,0.0555706,-1.01568,0.0234413,0.126481,0.0404475,-0.0552006,0.000385334,-0.0696897,0.0915523,0.0505029,0.00283294,0.00736224,0.00459622,0.0200234,-0.0615757,0.0047181,0.0453459,-0.0784786,0.106757,0.0919886,0.0275631,-0.0100266],[-0.00820204,0.0292787,0.0422137,0.0136162,-0.0625286,-0.0512117,-0.00529531,-0.00251617,0.0309939,-0.00278459,0.00566502,-0.0029136,0.00411105,-0.00459768,-0.00298408,0.00537756,0.000798441,0.0100264,0.00396018,-0.00517941,-0.248186,-0.00366977,-0.0043055],[-0.202812,-0.0848845,-2.15764,0.0188454,0.755063,1.25743,-0.442775,-0.0551281,0.666061,-0.0899526,-0.0133056,0.0192502,-0.0472669,0.0326793,0.0399253,-0.0309115,0.00873999,-0.420264,0.145148,-0.417783,-0.2688,0.074816,0.0817266],[-0.153106,-0.605471,-1.41932,-0.329749,-0.504839,-0.259312,0.337457,-0.00881379,0.430589,0.0170399,-0.0308019,-0.0437826,0.0325743,-0.0638839,-0.0164259,0.10747,-0.102763,-0.434353,-0.299355,0.0623116,0.47281,0.0949215,0.0602519]],"sigmahat":[[0.0400439,0.0166092,0.017465,0.0358728,0.0548461,0.0740766,-0.00779011,0.00630507,-0.0123577,-0.0163132,-0.0046777,0.0028135,-0.00878843,0.00314252,-0.00214489,-0.011283,-0.0021541,0.00175332,-0.0275708,0.00301244,0.0209184,0.000140925,-0.00208376],[0.0166092,0.427218,0.316793,0.0245901,-0.351556,0.14522,-0.109162,-0.033543,0.0807987,0.00367888,0.0132522,0.00320464,0.000522738,0.00510453,-0.0075856,0.0880753,0.0384574,-0.0175626,-0.146346,0.0241171,-0.11879,-0.0150129,-0.00230974],[0.017465,0.316793,12.8844,0.109799,0.122885,1.9751,-0.319046,-0.0299869,0.884534,-0.0474987,-0.042219,0.0143998,0.0556556,0.0299821,0.072317,0.089779,0.0205225,0.171452,0.15978,0.202638,-1.26005,0.0024619,-0.068433],[0.0358728,0.0245901,0.109799,0.136899,0.0591888,0.139253,0.00700238,0.0150386,-0.105291,-0.042422,0.00975604,0.0023627,0.00295676,0.00165831,-0.0042368,-0.0228576,-0.000199217,0.00263216,-0.00558148,-0.0178475,0.0736097,0.0107931,-0.00991226],[0.0548461,-0.351556,0.122885,0.0591888,2.07918,1.60059,0.0479352,0.0887115,-0.250897,-0.0703666,-0.0234505,0.00388618,0.0232974,0.00551593,0.021884,-0.153216,-0.0176729,-0.0402088,0.120456,-0.0259369,0.555672,0.0423277,0.0448993],[0.0740766,0.14522,1.9751,0.139253,1.60059,2.84891,-0.0529193,0.0563923,-0.0594227,-0.106161,-0.00547139,0.0270046,0.0514836,0.0363544,0.053792,-0.100461,0.0118681,-0.0048613,0.061348,0.0162792,-0.549912,0.0381049,0.0334879],[-0.00779011,-0.109162,-0.319046,0.00700238,0.0479352,-0.0529193,0.176638,0.011138,-0.178419,-0.0525664,0.0018547,-0.00163623,0.0230998,-0.00394808,0.0140287,-0.00379251,0.0359697,-0.00767915,0.0336734,-0.00822863,0.464327,0.0110982,0.000781403],[0.00630507,-0.033543,-0.0299869,0.0150386,0.0887115,0.0563923,0.011138,0.0158435,-0.0315066,-0.0075117,0.00178596,0.000358783,0.00267961,-0.000298183,0.000518266,-0.0209617,0.00131365,0.00204355,0.018471,0.00450148,0.0234518,0.00296417,-5.59214e-05],[-0.0123577,0.0807987,0.884534,-0.105291,-0.250897,-0.0594227,-0.178419,-0.0315066,0.845133,0.0308455,-0.0238311,-0.00133714,-0.0358439,0.00444247,-0.0121019,0.05095,-0.000424898,0.0269864,-3.91004e-06,0.0302892,-1.35457,-0.0399422,-0.0285983],[-0.0163132,0.00367888,-0.0474987,-0.042422,-0.0703666,-0.106161,-0.0525664,-0.0075117,0.0308455,0.126721,-0.00436779,-0.000802147,-0.0155225,-0.000603373,-0.00458698,0.00184189,-0.0416346,0.00584823,-0.00251799,-0.00526272,-0.119727,-0.00790824,0.00763807],[-0.0046777,0.0132522,-0.042219,0.00975604,-0.0234505,-0.00547139,0.0018547,0.00178596,-0.0238311,-0.00436779,0.0201454,-0.000502229,0.00692529,-0.00033658,-0.00387715,-0.00330444,0.00867941,-0.00383666,-0.000476592,-0.0149859,-0.0104511,0.00230424,0.0020751],[0.0028135,0.00320464,0.0143998,0.0023627,0.00388618,0.0270046,-0.00163623,0.000358783,-0.00133714,-0.000802147,-0.000502229,0.00490675,-0.000228855,0.0036977,0.00192167,-0.00229993,0.000924956,0.00896927,0.00698259,-0.00032446,-0.0109352,-0.00125819,0.00305797],[-0.00878843,0.000522738,0.0556556,0.00295676,0.0232974,0.0514836,0.0230998,0.00267961,-0.0358439,-0.0155225,0.00692529,-0.000228855,0.027727,0.000719605,0.00888295,0.000157227,0.0134908,0.00192215,-0.00324193,0.00195509,0.0784127,0.00313891,0.0021044],[0.00314252,0.00510453,0.0299821,0.00165831,0.00551593,0.0363544,-0.00394808,-0.000298183,0.00444247,-0.000603373,-0.00033658,0.0036977,0.000719605,0.00558067,0.00270057,-0.00221487,0.0017268,0.00749493,0.00466149,0.000289441,-0.019494,-0.00104774,0.0030175],[-0.00214489,-0.0075856,0.072317,-0.0042368,0.021884,0.053792,0.0140287,0.000518266,-0.0121019,-0.00458698,-0.00387715,0.00192167,0.00888295,0.00270057,0.0146811,-0.00119342,0.00445573,0.00824831,0.0109377,0.00595787,0.0554228,0.000758247,0.00279658],[-0.011283,0.0880753,0.089779,-0.0228576,-0.153216,-0.100461,-0.00379251,-0.0209617,0.05095,0.00184189,-0.00330444,-0.00229993,0.000157227,-0.00221487,-0.00119342,0.0836602,0.0104197,-0.0240925,-0.0388086,0.0116952,0.149752,-0.0120605,-0.00207789],[-0.0021541,0.0384574,0.0205225,-0.000199217,-0.0176729,0.0118681,0.0359697,0.00131365,-0.000424898,-0.0416346,0.00867941,0.000924956,0.0134908,0.0017268,0.00445573,0.0104197,0.102079,-0.000550858,-0.00374542,0.016262,0.14106,0.00440741,0.00335451],[0.00175332,-0.0175626,0.171452,0.00263216,-0.0402088,-0.0048613,-0.00767915,0.00204355,0.0269864,0.00584823,-0.00383666,0.00896927,0.00192215,0.00749493,0.00824831,-0.0240925,-0.000550858,0.163816,0.1227,0.00764837,-0.19701,-0.011538,0.00374906],[-0.0275708,-0.146346,0.15978,-0.00558148,0.120456,0.061348,0.0336734,0.018471,-3.91004e-06,-0.00251799,-0.000476592,0.00698259,-0.00324193,0.00466149,0.0109377,-0.0388086,-0.00374542,0.1227,0.320988,-0.016533,-0.405858,-0.00933001,0.00166837],[0.00301244,0.0241171,0.202638,-0.0178475,-0.0259369,0.0162792,-0.00822863,0.00450148,0.0302892,-0.00526272,-0.0149859,-0.00032446,0.00195509,0.000289441,0.00595787,0.0116952,0.016262,0.00764837,-0.016533,0.179658,0.192808,-0.00474419,-0.00195858],[0.0209184,-0.11879,-1.26005,0.0736097,0.555672,-0.549912,0.464327,0.0234518,-1.35457,-0.119727,-0.0104511,-0.0109352,0.0784127,-0.019494,0.0554228,0.149752,0.14106,-0.19701,-0.405858,0.192808,8.27854,0.0817556,0.0900542],[0.000140925,-0.0150129,0.0024619,0.0107931,0.0423277,0.0381049,0.0110982,0.00296417,-0.0399422,-0.00790824,0.00230424,-0.00125819,0.00313891,-0.00104774,0.000758247,-0.0120605,0.00440741,-0.011538,-0.00933001,-0.00474419,0.0817556,0.0167757,0.00252055],[-0.00208376,-0.00230974,-0.068433,-0.00991226,0.0448993,0.0334879,0.000781403,-5.59214e-05,-0.0285983,0.00763807,0.0020751,0.00305797,0.0021044,0.0030175,0.00279658,-0.00207789,0.00335451,0.00374906,0.00166837,-0.00195858,0.0900542,0.00252055,0.0203452]],"n":23,"lags":3}