{"betahat":[[2.41329,10.1589,30.3916,1.16341,12.1209,19.5104,-3.62482,0.711465,1.96017,1.43653,0.898811,-1.7435,0.8068,-1.12569,-0.772635,1.27314,-0.313893,14.3428,12.7398,7.06617,6.07278],[1.46587,0.58574,3.18601,0.340987,0.19708,0.628126,-0.120477,-0.138317,-0.265551,-0.250006,-0.137705,0.0277302,-0.0384707,-0.0341562,-0.00691746,0.304626,-0.11951,-0.0864366,-0.610226,0.0538845,2.84981],[0.0451287,0.850889,-0.36276,-0.114617,0.0225355,-0.326051,0.0224446,-0.00600115,0.259069,-0.0927295,0.0372946,0.00721046,-0.016648,0.000278474,-0.0137222,0.00429183,-0.00951398,0.0276488,-0.0239722,0.0123331,0.00303968],[-0.00406076,-0.0251279,0.573031,-0.00367172,-0.0647596,-0.0931301,0.00350887,0.00361935,-0.0305347,0.0115181,0.000139075,-4.23923e-05,0.00644488,0.00211895,0.00635105,-0.00866717,0.010974,0.0218544,0.0209315,0.013306,0.00253698],[0.0234804,0.404396,1.86499,1.35418,-0.304755,0.498602,-0.134546,0.0257089,0.504374,-0.098033,-0.0319722,0.0171736,-0.0341813,0.00276025,-0.0189246,0.156124,-0.0748121,0.351328,-0.045832,0.161333,-2.74947],[-0.00723485,0.100807,0.588086,-0.0117956,0.803431,0.212712,0.0775612,-0.0135705,-0.0944767,-0.063378,0.0134803,0.00435102,0.0319244,0.00878793,0.0362997,0.00758961,0.0235957,0.0252657,-0.0366436,0.0630383,0.148617],[-0.00913154,-0.0169884,-0.451165,-0.0263213,-0.0472001,0.624714,0.00110243,0.000967866,0.0461593,0.010753,-0.00381447,-0.00202674,-0.00225532,-0.00519379,-0.00907839,0.00276545,0.0421801,-0.0480228,0.0233003,-0.0576057,0.0401776],[0.101319,0.433677,0.73358,-0.0373943,-0.128377,-0.113991,1.21832,-0.00551573,-0.0823078,-0.247018,0.0155895,-0.00478213,0.0164242,0.00068468,0.00717651,0.175622,0.367347,0.133566,0.01026,0.0333919,1.57955],[0.143722,0.400223,-3.12451,-0.161713,-0.834144,-1.16136,0.359465,1.10506,-0.388968,-0.348538,0.0884799,-0.0932717,0.0503732,-0.0789841,0.0167344,0.143022,0.241922,-0.39502,1.30462,-0.0992901,0.98143],[0.0266936,0.0206904,0.250716,0.0482819,0.0469018,0.0205388,0.0252879,0.0021956,0.624925,0.0209961,-0.0262478,0.00708176,-0.00642779,0.00318467,-8.30518e-05,0.0397403,0.00125706,0.0663986,-0.00680228,0.0225083,0.487428],[0.0305571,-0.117897,-0.709955,-0.116751,0.190271,-0.390022,0.0221177,-0.00709419,0.336897,0.731311,-0.0786648,-0.0526809,-0.0407038,-0.0750417,-0.0231582,0.134546,-0.158853,0.161363,0.0822042,0.0722108,-0.292984],[-0.290946,0.0045573,-2.27435,-0.276042,-0.0531544,-1.29952,0.367694,-0.0572853,-0.44671,-0.104152,0.581224,-0.0548684,-0.01398,-0.0991447,-0.0506624,0.00523548,0.34221,-0.0476048,-0.548789,-0.0820698,7.56119],[0.00401104,0.276952,-3.48651,0.0790753,-1.59092,-1.50391,0.371574,-0.414554,-0.201548,0.408323,-0.281124,0.947824,0.0659633,0.105838,0.148427,0.577363,0.201989,1.59739,0.182834,-0.670405,7.35151],[0.0610073,0.549869,1.25094,0.608977,0.311855,1.72816,0.214372,0.0544725,-1.2567,-0.261573,0.233257,-0.0569054,0.827601,-0.0104366,-0.0360208,0.0742391,-0.113908,0.265027,0.0186046,0.0719826,-1.44642],[0.0522457,-1.09715,0.359899,-0.153697,-1.19362,-3.05551,0.0985799,0.222404,-1.7507,-0.0545056,0.252367,0.458716,0.0731368,1.20544,0.00895255,-0.546297,-0.403062,-0.795099,0.517686,-0.0530915,-4.00879],[0.0763134,-1.16554,1.59431,-0.660449,1.5461,-0.482449,0.0809752,-0.030552,-0.976759,0.626417,-0.463456,0.245698,0.0309323,0.2409,0.97996,0.266929,-0.133561,0.284574,0.104063,0.401784,2.57486],[-0.121597,-0.174101,1.79141,-0.101739,0.424202,0.941711,0.295206,-0.014275,-0.105026,-0.256855,-0.0426697,-0.0323104,0.0348557,-0.0177728,0.0604205,0.955733,0.172306,-0.227517,0.180309,0.0447858,-0.361821],[0.00248659,-0.0543169,-0.930276,0.0157274,0.00742582,0.367411,0.0816801,0.0366451,-0.148182,-0.0156864,0.00180744,0.0147237,0.0384621,0.0246961,0.0341248,0.0246618,0.555648,0.0508403,0.1046,-0.0356306,-1.29114],[-0.124806,0.214462,-3.05668,-0.183098,-0.606419,-1.54794,-0.0156677,-0.0974578,0.945388,0.272679,0.0703369,-0.0335898,-0.0187326,-0.0180825,-0.0170045,0.0509691,-0.00887872,0.671138,-0.106459,-0.160501,0.00901804],[0.0712479,-0.115983,2.07508,0.263078,0.414671,0.80252,-0.0857153,0.117471,-0.433314,0.0470896,-0.104424,0.0219739,-0.115919,0.00580759,-0.0545735,-0.139202,-0.0533512,0.0693407,0.766151,-0.00249704,-0.517182],[-0.0290458,0.0280784,-2.05178,0.044342,0.0986561,0.0126822,-0.242874,-0.0835983,0.199151,-0.059415,0.0559809,0.00302181,-0.050156,-0.0177466,-0.0822301,-0.015187,-0.110002,0.0322446,-0.243238,0.18521,0.0830394],[-0.00751,-0.0287903,-0.139339,0.00305418,-0.0196228,-0.0556247,-0.0128359,0.00138555,0.0018664,0.0314512,0.0012885,-0.0020062,0.00358251,-0.003951,0.00404011,-0.0120847,0.0377437,0.0151112,0.0125375,-0.0129984,-0.475958],[-0.339798,-0.665276,-3.08871,-0.311629,0.888099,0.33595,0.16885,0.121752,-0.0389681,0.31723,0.11054,-0.0520084,0.0480883,-0.00581812,-0.00926111,-0.192065,0.0412148,-0.0267242,0.56403,0.0845891,-1.37359],[-0.0173194,0.0860074,-0.269636,0.0497887,0.0728429,0.128407,0.0110027,0.00685272,-0.276283,0.00514612,-0.0180773,-0.0036387,0.00722084,-0.000467144,0.00522574,0.00237486,0.0371041,-0.0153279,0.0597727,-0.0232558,0.22864],[-0.000492178,0.0040209,0.353501,-0.00353033,0.00611346,0.0360241,-0.00214051,0.000126761,0.0285754,-0.00751913,0.00387135,0.000824724,-0.00557432,-0.000131245,-0.00640616,-0.00923858,-0.0131129,-0.0113627,-0.00142824,0.000165735,-0.141745],[-0.0507049,-0.338722,-2.67563,-0.229395,-0.133008,-1.19362,0.0722335,-0.0401596,-0.298331,0.0168544,-0.0166879,-0.0357679,-0.0227767,-0.02418,-0.0180628,-0.0801119,0.0179107,-0.23465,-0.04089,-0.142092,2.23847],[-0.00215229,-0.0938074,-0.56508,-0.0213025,-0.0376438,-0.324981,-0.0335231,0.0069271,0.0788379,0.0451223,-0.0133744,-0.00324469,-0.0201617,-0.00786535,-0.015553,-0.00244511,-0.00824224,-0.0352037,0.00292002,-0.055697,-0.243408],[0.00317598,-0.015506,0.498543,0.00863902,-0.114526,0.0482329,0.00930412,-0.00806599,-0.0128701,-0.0267266,0.00104843,-0.00192033,0.000411443,0.00132824,0.00434144,0.00784094,-0.0365284,0.0144424,-0.0212239,0.0409224,0.0336311],[-0.0742167,-0.239831,0.964625,0.0626444,0.202664,0.381364,-0.225729,-0.0179521,0.310648,0.13821,-0.0127525,0.0202507,-0.0213126,0.0196761,-0.0175949,-0.119924,-0.259494,0.0233665,0.0401804,-0.0746977,-1.54672],[-0.175834,0.266072,2.28924,-0.160693,1.00953,1.70363,-0.35989,0.029439,-0.0649082,0.173763,-0.0386429,0.0732414,0.0661893,0.0614277,0.0548069,0.068454,-0.0906829,0.142093,-0.260759,0.216522,0.279441],[-0.00159758,-0.0136216,-0.363541,-0.0493564,-0.234033,-0.24591,-0.0119934,0.0110522,0.161434,-0.016312,0.0190779,-0.0056932,0.0123712,-0.00726233,0.0116683,-0.0299541,-0.0216415,-0.03236,-0.0472054,0.0616984,-0.0505344],[-0.000495609,0.232211,-0.293512,0.170943,-0.250562,0.108226,-0.0708619,0.0292729,-0.351449,0.0912946,0.0746428,0.0258931,0.0362298,0.0355274,0.000114676,-0.117661,0.0808275,-0.0484475,-0.140539,0.10921,0.121933],[-0.0898797,-0.28358,1.30338,-0.0447843,-0.247573,-0.212574,0.0461448,-0.011095,-0.107414,0.0250667,-0.118999,0.091548,-0.078569,0.0351503,0.0934047,0.232672,-0.428289,-0.105447,0.0105858,0.635454,0.699224],[-0.208693,1.64647,2.80074,0.0920098,0.738836,3.20881,-0.686662,-0.221369,1.40703,-0.0493258,-0.0184251,-0.20219,-0.0971342,-0.119916,-0.00790698,0.273378,0.293197,-0.0623954,-0.0836615,0.213467,-2.09219],[-0.116165,0.0852064,-3.1111,-0.212855,-0.972556,-0.707855,-0.258916,-0.0522027,0.36201,0.572028,0.0223221,0.0925688,-0.0269569,0.0355431,-0.0327501,-0.0802988,0.077271,-0.395987,-0.516023,-0.201688,1.88051],[0.0932508,0.165061,0.288454,0.142533,1.39185,1.17385,0.144749,0.200819,-0.900242,-0.167841,0.228897,-0.19851,0.00256614,-0.22078,-0.127465,-0.125227,0.0631085,-0.387345,0.181476,0.450675,0.371255],[0.18789,0.780786,-0.487834,0.365324,-1.44185,0.0593545,-0.315808,0.113407,1.0983,-0.0478503,0.152131,-0.0375703,0.0888488,0.0131146,0.00849205,-0.213141,0.123678,-0.183189,-0.23188,-0.0577687,-1.73051],[0.0381846,0.044545,-0.725834,0.0294196,0.439075,-0.224106,-0.0514452,0.0527212,0.14035,0.16774,0.00495064,0.0264828,0.0101473,0.00259094,-0.00390454,0.0307287,0.011067,0.139935,-0.0855336,-0.106371,0.564472],[0.0138506,0.108296,0.753447,-0.0431969,0.112718,-0.339667,-0.0346457,-0.037953,0.0345373,-0.0841113,0.00774718,0.0162217,0.0403427,0.0174559,0.0234675,-0.0187733,0.532039,0.0571783,-0.0104231,-0.00204218,-0.141137],[0.00562087,-0.453407,1.72031,0.0969347,0.955474,1.55957,0.0803459,0.0486175,-1.07967,-0.196077,0.0397706,0.0679701,0.0707477,0.0515753,0.0331853,-0.190743,0.180943,0.0416505,0.236085,0.105785,0.957545],[-0.0894001,0.0344543,-2.16392,-0.238404,-0.114296,-0.0751633,0.154513,-0.0715937,0.195497,-0.143854,0.0424562,0.00748242,0.118495,0.0215088,0.0787384,0.126519,0.178437,-0.0608065,-0.177382,0.0195628,0.364803],[0.0352689,-0.0148743,-0.787699,-0.0133129,0.191546,-0.186187,-0.11628,0.028097,-0.115185,0.0692725,0.00174292,-0.00808225,-0.0116493,-0.00392723,-0.0313434,0.00201694,-0.0767004,0.0260958,0.0279724,-0.596761,-0.624184],[-0.00327303,0.00724671,0.0413522,0.00785652,-0.0614598,-0.0393508,-0.0338568,0.00347587,0.0193309,0.0128109,0.00360164,-0.000263675,0.00532415,-0.00190497,0.00385723,-0.00902524,0.00305132,-0.00137275,0.00461497,0.0106022,-0.398273],[-0.126267,0.0792488,-0.096869,-0.0293158,-1.08562,-0.964567,-0.0482504,0.0164966,0.304689,-0.0671776,0.0272237,0.0243089,-0.00964114,0.0399976,0.0161754,-0.112599,0.0783299,0.113472,0.0467289,-0.138902,-1.47722],[-0.0279824,0.0622433,0.631658,0.0645945,-0.0952952,0.196775,-0.0332501,-0.000840133,0.0171136,0.0876709,-0.019207,-0.00355301,0.00941343,0.00018715,0.0085258,-0.00678267,-0.0276609,-0.0121609,-0.0351646,0.0104226,-0.231179],[0.00396646,0.020239,0.0632875,0.00645898,0.0573574,0.0538864,-0.00150571,-0.00380545,0.00194552,-0.00369534,-0.00392442,-0.000744919,-0.000831821,-0.00194002,6.42264e-05,0.0174025,0.00209439,-0.00938719,-0.0183866,-0.0134668,0.140367],[0.026916,-0.0661631,0.808951,-0.125434,0.437066,0.693591,0.062265,0.0144242,-0.205646,0.0813059,0.0485737,0.0186176,0.056883,0.0214327,0.0369719,-0.076053,0.0568023,-0.116311,0.0876518,-0.0193108,0.509191],[0.00938028,-0.00658166,-0.0190055,0.0335478,0.230578,0.110101,-0.0439751,0.00642398,0.0163681,0.0183609,-4.82031e-05,-0.00104735,-0.0118264,-0.000847024,-0.020757,-0.0051043,-0.0152728,0.0115572,0.0342925,-0.00812344,0.092467],[0.00583955,0.032553,-0.0476302,0.0178098,0.158605,0.323747,-0.010115,0.00689511,-0.033323,0.0163193,0.00280917,0.00399981,0.00173639,0.00388388,0.00469265,-0.0105054,-0.00557877,0.0347884,-0.00163693,0.0161288,-0.0736164],[-0.0272306,-0.19665,-1.68149,-0.0239091,-0.077733,-0.271438,0.00780866,0.0231928,-0.225637,0.10854,-0.0030793,-0.0150644,0.00501329,-0.0199724,0.0107991,-0.0562153,-0.108017,-0.150166,-0.0446774,0.039054,-0.0405956],[0.0515895,-0.366829,1.32336,0.337908,-0.284116,-0.322426,-0.0540185,-0.195363,0.44214,0.177841,-0.0515802,0.00137849,-0.0819721,0.00725394,-0.0421098,-0.102076,-0.0795479,0.303473,-0.721772,-0.0303918,-1.58875],[-0.0265871,-0.0121174,0.109931,-0.000846472,0.191759,0.226391,-0.00992813,-0.0128031,0.210518,-0.0052234,0.00718799,-0.00128035,-0.00542582,0.00413339,-0.0111172,-0.0100232,0.0212026,-0.0356277,0.0597475,-0.0863331,-0.431396],[-0.0299968,-0.114003,1.00284,-0.0536337,0.0582946,0.280446,0.0499615,-0.0222119,0.0135499,0.17656,0.00399336,0.0267559,0.00433824,0.0394732,0.0229929,-0.0165613,0.0784469,-0.112735,0.0591493,-0.181882,0.173581],[0.214395,-0.867743,1.4208,0.152888,1.12749,1.12826,0.112753,0.191169,-0.31592,-0.0636146,0.00738598,0.0566769,0.0230107,0.0583735,0.0550224,-0.379994,-0.0172089,-0.152799,-0.365437,-0.330868,-0.0629681],[-0.0914248,-0.124681,0.044899,-0.106794,-0.554214,-0.466304,-0.0199169,-0.0674825,1.23779,0.17231,-0.109738,-0.0663146,0.0806992,-0.0488756,0.0922251,0.132467,-0.0936472,0.2707,0.462827,-0.323594,-0.978796],[0.070823,-0.517481,0.744464,-0.0689145,0.245039,-0.70061,0.046394,0.0101368,0.339108,-0.318996,-0.0879601,-0.0500079,-0.0113945,-0.0263543,-0.0375881,-0.107831,-0.0881446,-0.135663,-0.392626,0.0929323,-0.318747],[0.0995987,-0.0328556,0.64537,0.0923477,0.745734,0.797308,-0.0484964,0.199054,0.219863,-0.231855,0.0756092,-0.0828647,0.0369842,-0.101398,-0.0359751,-0.229851,-0.0358182,0.0508986,0.347259,0.213949,-0.402633],[-0.122384,-0.677437,0.021146,-0.12045,0.83091,-0.0246633,0.176151,-0.00677037,0.269536,-0.566112,0.0734224,-0.112129,-0.115498,-0.100731,-0.039376,-0.00875846,-0.00254758,-0.307134,0.0868949,0.0446306,-2.46713],[0.082978,0.129119,-1.06277,0.0719933,-0.864177,-0.718805,-0.243639,-0.0386492,-0.0347887,0.0891997,0.0376219,0.00582542,-0.0450158,0.0152072,-0.056441,0.0135149,-0.183249,0.0882795,-0.0941305,0.0610972,-0.202664],[-0.0165089,-0.0557516,0.185361,0.0280013,-0.121934,-0.0291984,-0.0467352,0.0011971,0.115159,0.100183,-0.00967878,-0.0307035,-0.0788433,-0.0419284,-0.0573591,-0.00632938,-0.0879517,-0.103762,-0.0904358,0.0361249,1.42515],[0.143685,0.197574,0.864928,0.120357,-0.441649,-0.172096,-0.0911309,0.0441499,0.116992,-0.0814942,-0.123081,-0.0107983,-0.0740053,-0.0176028,-0.0167972,0.103237,-0.202843,-0.390969,-0.0213939,0.0902328,-1.01376],[-0.0106295,0.00292882,-0.260536,-0.0760653,-0.268298,-0.732902,0.0122721,-0.0336194,0.236856,0.0764738,0.0570281,-0.0223003,0.00359488,-0.0240999,-0.0142297,0.0253049,-0.0811937,0.0600427,-0.27626,-0.0378487,0.144966],[-0.003321,-0.00949556,-0.791736,0.0238558,0.104513,-0.0336048,-0.0933917,-0.000251937,-0.00687981,0.0761365,0.0313045,0.00538793,-0.000877062,0.00654016,0.0142662,-0.0543307,-0.0311831,0.0256673,-0.0895438,0.110367,-0.0165003],[-0.00668448,0.0225532,0.0613521,0.0156659,-0.0260381,-0.0042342,-0.00312294,-0.00113712,0.0204254,-0.00484585,0.00631826,-0.00245951,0.00335949,-0.00340238,-0.000454531,0.00252878,-0.000469296,0.0081929,0.00372628,-0.00673413,-0.208323]],"sigmahat":[[0.0522585,0.0254369,0.0802755,0.0379745,0.0597675,0.0609824,-0.00701461,0.0113284,-0.0283837,-0.0145353,-0.00460387,0.00312315,-0.00620199,0.00256512,-0.00290843,-0.0105243,-0.00310172,0.00499702,-0.0358758,0.0161681,0.0311108],[0.0254369,0.597764,0.523285,0.0381667,-0.456238,0.149316,-0.111152,-0.043978,0.117164,0.00954709,0.0154507,0.00041709,-0.00362916,0.00384749,-0.00225199,0.132752,0.0719462,-0.0242154,-0.158615,0.0205316,-0.0521036],[0.0802755,0.523285,16.5861,0.17227,0.443579,2.65892,-0.329434,-0.0141828,0.966755,-0.102514,-0.0389002,0.0146784,0.149816,0.0411704,0.105052,0.105623,-0.0360969,0.20724,0.118275,0.316777,-1.82548],[0.0379745,0.0381667,0.17227,0.154717,0.0451309,0.14078,-0.0078907,0.0144194,-0.102775,-0.0371236,0.0105799,0.003337,-0.0101926,0.00202023,-0.00610285,-0.0214676,-0.00395199,0.0201001,-0.0209136,-0.00769244,0.0266711],[0.0597675,-0.456238,0.443579,0.0451309,2.55245,1.96624,-0.00922183,0.116036,-0.247365,-0.0708358,-0.0242671,0.00625571,0.0379311,0.00802557,0.0200756,-0.186479,-0.0377282,-0.0630542,0.120523,0.0130814,0.445823],[0.0609824,0.149316,2.65892,0.14078,1.96624,3.54217,-0.0954384,0.0625389,0.007052,-0.14538,-0.00247838,0.0282077,0.0516691,0.0442178,0.0602855,-0.111828,0.0188347,-0.0467787,0.069909,0.0693484,-0.743267],[-0.00701461,-0.111152,-0.329434,-0.0078907,-0.00922183,-0.0954384,0.222226,0.0107913,-0.215126,-0.0557658,0.00553867,-0.00430396,0.0184006,-0.00718128,0.0153179,0.00557191,0.0532461,-0.00911155,0.039923,-0.00459336,0.549143],[0.0113284,-0.043978,-0.0141828,0.0144194,0.116036,0.0625389,0.0107913,0.024104,-0.0447961,-0.00331938,0.00249429,0.000304034,0.00334379,-0.00146322,0.000302082,-0.0274624,-0.000976641,0.00037836,0.0177568,0.0184216,-0.00988354],[-0.0283837,0.117164,0.966755,-0.102775,-0.247365,0.007052,-0.215126,-0.0447961,1.02998,0.0173392,-0.0271744,-0.00362899,-0.0170771,0.00590841,-0.0108741,0.0644833,-0.00953125,-0.00338909,0.00822422,-0.00642575,-1.5858],[-0.0145353,0.00954709,-0.102514,-0.0371236,-0.0708358,-0.14538,-0.0557658,-0.00331938,0.0173392,0.165019,-0.00519214,-0.00023105,-0.000442723,-0.00211198,-0.00566584,-0.000663761,-0.0438995,0.0161767,-0.00396566,-0.0101935,-0.0883791],[-0.00460387,0.0154507,-0.0389002,0.0105799,-0.0242671,-0.00247838,0.00553867,0.00249429,-0.0271744,-0.00519214,0.0258736,-0.0014614,0.00429696,-0.000900392,-0.00377822,-0.00592374,0.0137043,-0.00145542,-0.00453588,-0.0111167,-0.0286582],[0.00312315,0.00041709,0.0146784,0.003337,0.00625571,0.0282077,-0.00430396,0.000304034,-0.00362899,-0.00023105,-0.0014614,0.00664084,0.000568835,0.00515362,0.00201585,-0.00344899,0.000655493,0.0114586,0.00750524,0.00019427,-0.0120693],[-0.00620199,-0.00362916,0.149816,-0.0101926,0.0379311,0.0516691,0.0184006,0.00334379,-0.0170771,-0.000442723,0.00429696,0.000568835,0.0251723,0.0026875,0.0157764,0.000442132,0.0141882,0.00362078,0.00909244,0.00815029,0.0765035],[0.00256512,0.00384749,0.0411704,0.00202023,0.00802557,0.0442178,-0.00718128,-0.00146322,0.00590841,-0.00211198,-0.000900392,0.00515362,0.0026875,0.00760135,0.00329305,-0.00273152,0.00202082,0.0096167,0.00522248,0.000308704,-0.0237757],[-0.00290843,-0.00225199,0.105052,-0.00610285,0.0200756,0.0602855,0.0153179,0.000302082,-0.0108741,-0.00566584,-0.00377822,0.00201585,0.0157764,0.00329305,0.0176235,0.000925507,0.00564753,0.00636823,0.0105881,0.0068825,0.0548995],[-0.0105243,0.132752,0.105623,-0.0214676,-0.186479,-0.111828,0.00557191,-0.0274624,0.0644833,-0.000663761,-0.00592374,-0.00344899,0.000442132,-0.00273152,0.000925507,0.104558,0.0179412,-0.0332434,-0.0414443,-0.000157176,0.238483],[-0.00310172,0.0719462,-0.0360969,-0.00395199,-0.0377282,0.0188347,0.0532461,-0.000976641,-0.00953125,-0.0438995,0.0137043,0.000655493,0.0141882,0.00202082,0.00564753,0.0179412,0.143003,-0.00876669,0.00660365,0.0104453,0.185284],[0.00499702,-0.0242154,0.20724,0.0201001,-0.0630542,-0.0467787,-0.00911155,0.00037836,-0.00338909,0.0161767,-0.00145542,0.0114586,0.00362078,0.0096167,0.00636823,-0.0332434,-0.00876669,0.233771,0.118181,0.0127635,-0.201413],[-0.0358758,-0.158615,0.118275,-0.0209136,0.120523,0.069909,0.039923,0.0177568,0.00822422,-0.00396566,-0.00453588,0.00750524,0.00909244,0.00522248,0.0105881,-0.0414443,0.00660365,0.118181,0.370815,-0.0397488,-0.428771],[0.0161681,0.0205316,0.316777,-0.00769244,0.0130814,0.0693484,-0.00459336,0.0184216,-0.00642575,-0.0101935,-0.0111167,0.00019427,0.00815029,0.000308704,0.0068825,-0.000157176,0.0104453,0.0127635,-0.0397488,0.269784,0.134932],[0.0311108,-0.0521036,-1.82548,0.0266711,0.445823,-0.743267,0.549143,-0.00988354,-1.5858,-0.0883791,-0.0286582,-0.0120693,0.0765035,-0.0237757,0.0548995,0.238483,0.185284,-0.201413,-0.428771,0.134932,10.3047]],"n":21,"lags":3}