{"betahat":[[-1.01853,-0.372218,-7.68968,1.37498,1.05978,-0.304701,-0.0800178,0.717503,-0.495712,-0.965944,5.70333,-0.304278,-0.390129,3.80983,-0.610368,2.08022,-0.257081],[0.798738,0.220794,0.28168,-0.0538456,-0.0404999,0.451371,0.0104422,0.0345445,-0.0121747,-0.214087,1.22539,0.0146243,0.00981882,-0.0935189,-0.355992,0.0876249,0.0154148],[0.214296,1.02518,0.307974,-0.20173,0.0563237,-0.130758,-0.0361413,-0.0234609,0.0345072,0.169848,-0.778831,-0.00391406,0.0301144,-0.946451,-0.0745921,0.0388464,-0.00840531],[-0.101168,-0.0965371,0.674274,0.103299,-0.13719,-0.247928,-0.00535847,0.0122837,-0.0119529,-0.0258074,-0.974005,-0.0216282,-0.0271809,-0.00429229,-0.0846178,-0.064754,-0.0152045],[-0.0143547,-0.0780493,-0.491948,0.572074,-0.172397,-0.334842,-0.0743674,-0.00241587,0.00181777,0.00199694,-1.1801,0.0221743,0.0394282,-0.503443,-0.128268,-0.00428185,-0.0104675],[0.0887863,-0.0457287,-0.112314,-0.169475,1.07068,0.175062,0.0398961,0.0132796,-0.0194008,0.0611238,0.106453,0.00811231,0.00182509,0.365839,-0.0158441,0.0797476,0.000263582],[0.0426707,0.0459124,0.224236,0.178704,0.241551,1.01809,0.00950497,-0.00864994,0.0025302,0.0531595,1.19903,0.0214849,0.00855559,0.234772,0.0350775,0.0404617,-0.00354718],[0.393747,0.553963,0.0225731,-1.1269,-0.472331,-1.17706,0.935401,-0.0918651,0.0894263,0.0980286,-0.0396123,0.0594116,0.103879,-1.21355,0.284545,-0.41639,0.0287589],[-1.12389,-2.72161,-1.11706,-0.262723,-2.68309,-4.96422,-0.259647,0.983977,0.103778,0.137662,6.14554,0.168433,-0.108807,1.6488,2.49283,-1.55261,0.0819549],[-0.91748,-1.0671,-1.84747,0.695263,-5.32062,-4.79761,-0.478423,-0.048685,0.997863,2.03518,-1.53206,0.536052,0.528619,-4.23318,-0.924881,-0.519912,0.223809],[0.103626,0.144957,-0.0140152,-0.217394,0.0945548,-0.276471,-0.0765022,-0.00758091,0.00247149,1.38532,2.09561,0.0165151,-0.00197885,0.35314,0.221405,0.0358587,-0.0138708],[0.0174028,0.0271917,0.0292752,-0.0371996,0.0766109,0.0879504,-0.000638753,-0.000643107,0.000611784,-0.0181798,0.862871,5.89817e-05,-0.000576216,-0.0557031,0.0276044,0.001403,0.000283324],[-0.136334,-0.676877,1.93482,0.93077,0.94767,1.66111,0.156626,-0.00324337,0.0525846,-0.0690588,-4.09056,0.868248,-0.0299901,-0.193038,0.547366,-0.351659,0.136059],[0.229811,0.784991,-0.190606,0.927751,-0.258622,0.0572751,-0.441195,0.0616048,-0.0391948,0.53413,-3.00593,-0.155946,1.03029,-2.21736,0.407612,0.0911444,-0.0434929],[-0.0863856,-0.0268036,-0.0571501,0.0132883,-0.168389,-0.0178387,-0.0187859,0.00219236,0.00241589,0.0619832,-0.448607,0.00740147,0.0206973,0.711631,-0.085381,-0.0076635,0.00426755],[0.0750109,0.163643,0.313806,0.20213,-0.0158624,0.121611,0.000871993,-0.0325441,0.0147627,-0.0585135,0.780539,-0.00242007,-0.00961271,0.0692792,0.520398,-0.115124,0.0118165],[-0.102344,-0.623596,-0.229538,1.00934,0.00498994,0.198242,0.110046,-0.0361565,0.0292729,0.0599049,0.313075,0.0296718,0.0396265,0.0288864,-0.0114983,0.324325,0.0323266],[0.167475,0.0521918,-0.89493,-0.609576,0.658373,-1.34515,0.332053,0.112137,-0.0298475,0.188259,13.5379,0.0985026,-0.313127,8.83957,0.555078,1.13614,1.06768],[0.163703,-0.152841,-0.247863,-0.127529,0.0890303,-0.419782,0.0504084,-0.0265398,0.0207658,0.212035,-1.25291,-0.00759037,-0.0272862,0.240082,0.440298,-0.0126084,-0.0145425],[-0.358292,-0.230593,-0.227203,0.154269,-0.393161,-0.0710603,0.0108238,0.00532511,-0.0114307,-0.150523,0.38802,0.0230817,0.00190815,0.440135,-0.246215,-0.119389,0.0186923],[0.0736431,-0.0277259,0.203991,-0.0856813,0.164051,0.239337,0.0143843,-0.00396825,0.00834606,-0.0126458,0.485917,0.0235312,0.026427,0.0065892,0.0991057,0.0358985,0.010587],[0.0273064,0.131752,0.38387,0.129659,0.238612,0.233658,0.041673,-0.00911185,0.00984718,-0.0564036,1.52734,0.00930447,-0.00692959,-0.0022812,0.103115,0.027422,0.0148906],[-0.105369,0.00122708,0.0172202,0.044329,-0.202999,-0.296052,-0.0340098,-0.00848384,0.0159038,0.087134,-0.770922,-0.0270747,-0.0171859,-0.264401,0.0406066,-0.0405387,-0.00420666],[-0.0350029,-0.0549674,-0.198783,-0.171578,-0.172687,-0.0611462,-0.00452994,-0.000328294,0.00308707,0.0100841,-1.18392,-0.0244715,-0.0143972,-0.176537,0.0199154,-0.0427821,-0.00330808],[-0.296349,-0.281191,0.951471,1.52563,0.586696,1.77031,0.0231799,0.0782373,-0.0580548,-0.453546,0.760452,-0.0336951,-0.113561,1.44093,0.137583,0.189868,-0.0323158],[-0.0239563,1.965,-1.06682,-0.214213,0.142105,1.39645,-0.0762177,0.000474384,-0.0686318,-0.427488,-10.3314,-0.343718,-0.0926697,-2.75034,-1.8532,0.495342,-0.106928],[0.664796,-0.262021,1.37908,-0.994541,2.61162,2.24204,0.0825483,0.0624007,-0.000969632,-1.00881,-1.38155,-0.360611,-0.330814,2.40884,0.364302,-0.143381,-0.130292],[-0.130818,-0.106984,-0.202579,0.261112,-0.148176,0.110463,0.103203,0.00743569,-0.000536993,-0.692702,-1.91168,0.00624554,0.0297206,-0.373936,-0.340127,-0.0252919,0.0130993],[-0.0184868,-0.0253495,-0.0279586,0.0564552,-0.0263024,-0.049613,-0.000678544,-0.000388083,-0.0008505,-0.0310976,0.0831763,0.00346617,0.00351555,0.0532443,-0.00936587,-0.0221933,0.00127285],[0.398,0.688769,-0.369704,-1.0345,-0.0746815,-1.16716,-0.116465,-0.00265604,0.00667123,-0.281495,-1.106,0.106865,0.108254,-0.241843,-0.585081,0.291974,-0.0712425],[-0.219962,-0.238922,-0.615342,-0.952775,-0.202683,-1.54689,0.159072,-0.0442855,0.0474177,-0.515681,-3.48641,-0.00267407,-0.0525185,0.0214703,-0.144657,-0.318599,-0.00766273],[0.0477721,-0.00273,0.0454341,0.0641597,0.149568,0.0591501,-0.000476813,9.64784e-05,0.00197106,0.0101475,0.399182,-0.00931457,-0.013543,0.211463,0.00374589,0.0122543,-0.00901065],[0.268989,0.344062,0.162407,0.0430814,0.0658432,0.0767593,0.0636203,-0.0277125,-0.00577411,0.0214673,1.91487,0.0358821,0.030242,0.0449173,0.171914,0.243101,-0.00126984],[-0.155924,0.124617,0.10429,-0.38211,-0.325362,-0.376404,-0.0566486,-0.00758477,0.028185,-0.129179,-0.309232,0.0278638,0.0351516,-0.368146,-0.164141,0.163355,0.0278594],[0.0248457,-0.0762925,-0.0435186,1.77733,0.610098,1.29441,-0.258958,-0.0368645,-0.0659955,-1.07823,-7.3147,-0.264066,0.0557629,-4.44836,-0.176375,-1.1593,-0.0864212],[0.0375615,-0.0679503,-0.0337526,0.181398,-0.0484936,-0.0314931,-0.0608545,-0.00800532,-0.00859076,0.00206896,0.0276247,-0.00703211,0.0174713,-0.146555,-0.0843412,-0.0749869,-0.000873576],[0.143989,0.205393,-0.0807111,0.0474758,0.336889,0.201942,0.025314,0.0181378,-0.0230786,-0.0193108,0.390815,-0.0191659,-0.0320182,0.506319,0.320753,0.08059,-0.010288],[0.0275048,0.124233,0.121734,-0.0175749,-0.0268909,0.00860682,-0.00903275,-0.00831397,0.00360562,0.0384788,0.48803,-0.00190768,0.000750477,-0.00224402,-0.0145315,0.0288551,0.00461561],[-0.0129165,-0.0536883,0.108206,0.298287,-0.0660725,0.101383,0.0327042,0.0115267,-0.0116656,0.0544058,-0.346966,-0.0314705,-0.0324894,0.505721,0.025134,-0.0230854,-0.00442342],[0.016601,0.0445172,0.095164,0.125134,0.132361,0.121081,-0.00588186,-0.00479667,0.00349776,-0.148247,0.664506,0.0189684,0.0153683,-0.10147,-0.0247751,-0.0391773,0.00394422],[-0.00764367,0.00906133,-0.025362,-0.00711594,-0.0687879,0.043172,-0.00496838,0.0089762,-0.00561676,-0.0632206,-0.0150428,0.00299191,0.00584784,-0.0582441,-0.055017,0.00236118,0.00685513],[-0.0974646,-0.272831,-0.973866,-0.398611,-0.114076,-0.592657,0.0414508,0.0136411,-0.031387,0.35552,-0.719667,-0.0256928,0.00969487,-0.226748,-0.422066,0.226775,0.00356279],[1.35843,0.960962,2.36272,0.443299,2.82092,3.73733,0.396051,-0.00521824,-0.0345509,0.28868,4.93729,0.19221,0.213048,1.07734,-0.449023,1.12799,0.0347296],[0.0620849,1.1679,0.151763,0.255009,2.24998,2.04058,0.326691,-0.00560156,0.00286558,-1.09208,1.61252,-0.209806,-0.221636,1.66483,0.51886,0.424468,-0.0994203],[0.0271298,-0.0379212,0.216594,-0.0437472,0.0531958,0.165686,-0.0267855,0.000119885,-0.00194569,0.30727,-0.184332,-0.0227813,-0.0277419,0.0203461,0.118542,-0.0106928,0.000769895],[0.00093948,-0.0016494,-0.00144963,-0.0194724,-0.0506967,-0.0382008,0.0012855,0.000994001,0.000258657,0.0490681,0.0499377,-0.00351776,-0.00278241,0.000442012,-0.0194761,0.0209274,-0.00157053],[0.00521067,0.00955879,-0.805811,0.282337,-0.792553,-0.275195,-0.0715865,-0.0349378,-0.0615465,0.728948,2.68295,-0.0469417,-0.130398,1.18835,0.479341,-0.0743339,-0.0657916],[0.0719849,-0.52007,1.03245,-0.0417429,0.534329,1.53029,0.305892,-0.0246401,-0.00537621,-0.0500335,6.28163,0.151458,0.000388668,2.34925,-0.0639936,0.173303,0.0597359],[0.0388855,0.0297044,0.0123836,-0.0766782,0.019666,-0.0399758,0.0193256,-0.00229243,-0.00441541,-0.0719258,0.05089,0.00200289,-0.00704159,0.0769672,0.081694,-0.00411644,0.00472621],[-0.0224514,-0.0184666,-0.0986205,-0.101008,-0.140926,-0.25753,0.0212403,-0.00194096,0.0230243,0.12887,-1.06069,-0.00370535,-0.00742727,-0.0429149,0.215941,-0.201108,0.0129109],[0.113901,0.248599,0.470198,-0.482388,-0.280258,-0.0142319,0.0664447,-0.0384261,0.0223473,-0.0535377,-0.648417,0.0452227,0.0232943,-0.504266,0.0753916,0.0844577,0.0279664],[-0.159014,0.0394172,1.76383,-1.2014,-0.791571,0.47647,-0.0519607,-0.100232,0.122525,0.959886,-5.16382,0.196818,0.274296,-3.90162,-0.392817,-0.0715873,-0.00087481]],"sigmahat":[[0.429784,0.279071,0.508936,-0.133419,0.464426,0.299028,0.0579563,-0.0330413,0.0109206,0.0697958,0.987338,0.0220363,0.0127239,0.0296477,0.261619,0.0644918,0.0138772],[0.279071,0.585845,0.454436,-0.190364,0.28394,0.254118,0.0195121,-0.0345053,0.0149289,-0.0277999,0.942188,0.00736017,0.012481,-0.284499,0.0566238,0.0764521,0.00324855],[0.508936,0.454436,2.70619,-0.382804,0.480092,0.593546,0.148912,-0.158524,0.119038,-0.0159798,2.80501,0.128153,0.0884367,-0.6294,0.108028,-0.135873,0.0870778],[-0.133419,-0.190364,-0.382804,1.76722,0.692658,1.0041,0.0450289,0.0924819,-0.0981708,-0.30975,1.22571,-0.0157669,-0.0119081,1.07527,0.0463843,0.104569,-0.0262322],[0.464426,0.28394,0.480092,0.692658,2.19167,1.89687,0.186837,0.0735904,-0.0706499,-0.360746,3.12634,0.0545473,0.0330876,1.04725,0.429697,0.45483,-0.0205707],[0.299028,0.254118,0.593546,1.0041,1.89687,2.85412,0.210143,0.111583,-0.10044,-0.44088,2.7915,0.0761274,0.0608723,1.08931,0.194638,0.546637,-0.0118301],[0.0579563,0.0195121,0.148912,0.0450289,0.186837,0.210143,0.0818594,-0.0014023,-0.00106051,-0.0997887,0.153546,0.0221767,0.00944673,0.169288,0.108815,0.0235213,0.00974324],[-0.0330413,-0.0345053,-0.158524,0.0924819,0.0735904,0.111583,-0.0014023,0.0248769,-0.0163554,-0.012504,-0.013233,-0.00568735,-0.00423752,0.14175,0.00171097,0.0563867,-0.00771526],[0.0109206,0.0149289,0.119038,-0.0981708,-0.0706499,-0.10044,-0.00106051,-0.0163554,0.0162007,0.0202821,-0.0134323,0.00565392,0.00516196,-0.135798,-0.0210208,-0.0401688,0.00544335],[0.0697958,-0.0277999,-0.0159798,-0.30975,-0.360746,-0.44088,-0.0997887,-0.012504,0.0202821,0.794965,0.423011,-0.0333591,-0.0334571,0.14063,0.040884,0.044194,-0.00904241],[0.987338,0.942188,2.80501,1.22571,3.12634,2.7915,0.153546,-0.013233,-0.0134323,0.423011,27.0149,0.40198,0.166268,3.84344,0.0249805,1.2811,0.0381231],[0.0220363,0.00736017,0.128153,-0.0157669,0.0545473,0.0761274,0.0221767,-0.00568735,0.00565392,-0.0333591,0.40198,0.0340552,0.0255422,-0.0803533,-0.00201988,0.0129773,0.00896399],[0.0127239,0.012481,0.0884367,-0.0119081,0.0330876,0.0608723,0.00944673,-0.00423752,0.00516196,-0.0334571,0.166268,0.0255422,0.0301671,-0.200007,-0.0470998,0.00809643,0.00606904],[0.0296477,-0.284499,-0.6294,1.07527,1.04725,1.08931,0.169288,0.14175,-0.135798,0.14063,3.84344,-0.0803533,-0.200007,4.708,0.856679,0.440433,-0.0460097],[0.261619,0.0566238,0.108028,0.0463843,0.429697,0.194638,0.108815,0.00171097,-0.0210208,0.040884,0.0249805,-0.00201988,-0.0470998,0.856679,0.920386,-0.00320801,0.0155841],[0.0644918,0.0764521,-0.135873,0.104569,0.45483,0.546637,0.0235213,0.0563867,-0.0401688,0.044194,1.2811,0.0129773,0.00809643,0.440433,-0.00320801,0.385894,-0.0178124],[0.0138772,0.00324855,0.0870778,-0.0262322,-0.0205707,-0.0118301,0.00974324,-0.00771526,0.00544335,-0.00904241,0.0381231,0.00896399,0.00606904,-0.0460097,0.0155841,-0.0178124,0.00857867]],"n":17,"lags":3}