{"betahat":[[2.91749,3.12655,-4.8675,2.36028,5.95782,3.48617,-0.20275,0.932125,0.0780447,5.50702,0.0233273,-0.923898,68.8502,0.116684,-0.459034,16.6884,18.329,4.58065,-0.139631],[0.922498,0.174927,0.480556,-0.235827,0.248981,0.802283,0.0673191,0.0407503,0.033414,0.0174084,0.0258119,-0.139794,2.51155,0.0597187,0.0249226,0.289868,1.41415,0.0488766,0.0375524],[0.185729,0.912993,0.413555,-0.128221,0.156358,0.00382668,-0.0239589,-0.0203133,0.028622,0.0916416,0.0204674,0.18186,-1.55591,0.0104885,0.0567829,-1.28041,0.0902696,0.113957,-0.0148855],[-0.0045058,-0.0147181,0.709302,0.0837732,-0.0563351,-0.177056,-0.0343127,0.00622058,0.0011206,0.065595,-0.00454012,8.70825e-05,1.02616,-0.00887447,-0.0334671,0.395902,0.402634,-0.0144376,-0.00502146],[-0.0294618,-0.0788105,-0.668683,0.587065,-0.155423,-0.329793,-0.0684106,0.0128504,-0.0120423,0.0190844,-0.0082825,0.0364765,-1.58115,0.0187138,0.0414208,-0.654791,-0.305603,-0.0195612,-0.0194455],[0.0804082,-0.041874,0.00288639,-0.224218,0.997187,0.107749,0.0202061,-0.00339282,-0.0132018,0.0586102,-0.0104112,0.0757457,-0.438341,-0.00918749,-0.0117337,0.164985,-0.136228,0.00423977,-0.00288959],[-0.00612851,0.0447551,0.0604082,0.137932,0.0702717,0.846671,0.00823124,-0.00240337,-0.0101248,0.010584,-0.00972692,0.01751,0.525688,0.0127466,0.00596115,0.148628,-0.395175,0.0327209,-0.00584088],[0.21713,0.370538,0.262819,-0.73553,-0.570981,-1.27057,0.923224,-0.116931,0.0588268,0.0226752,0.0566744,-0.0145957,-0.277808,0.11223,0.15551,-1.50176,-0.764721,-0.566116,0.0578416],[-0.0369709,-3.38714,2.52907,-0.911533,-0.0608976,-1.91199,0.343262,0.684196,0.114758,0.0577415,0.0653674,1.31908,-3.32195,0.224308,0.00978567,-1.51864,5.16281,-0.447347,-0.040276],[-0.509411,-1.5273,-3.02546,1.92941,-3.62123,-5.22498,-0.483248,0.178466,1.10406,2.25508,0.290961,-0.269864,9.91015,0.649385,0.544723,1.18018,2.64877,-0.423925,0.283581],[0.0867265,0.1472,0.0589215,-0.322315,0.0523256,-0.282857,-0.072131,-0.0172258,-0.00425289,1.38864,-0.00449741,0.182883,1.05611,0.00481051,-0.0100885,0.146309,-0.200383,-0.0389296,-0.0169435],[-0.981891,-1.42123,-4.59448,-0.609183,-2.46487,-1.8416,0.050088,0.380865,-0.207283,0.552769,0.811663,0.764745,-17.1853,0.014024,0.248651,-8.53426,6.53105,0.0458746,-0.155035],[-0.0979642,-0.269816,0.654232,0.772177,0.453364,0.327418,0.141978,-0.0164616,0.0190527,-0.212519,0.0132907,0.70812,3.37788,0.0987145,0.0314141,0.656601,0.377516,-0.209571,0.0621745],[0.0165652,0.0168881,0.0518674,-0.00449298,0.0607825,0.0627856,-0.00114888,-0.00308743,0.00195016,-0.0337166,0.00210582,0.0163656,0.921439,0.00326385,0.00278253,-0.0195484,0.0286455,-0.00803935,0.00244552],[-0.199695,-0.81915,2.10826,2.04051,1.24376,2.59979,0.149436,0.00654086,0.00369286,0.109207,0.00370819,0.0919929,-8.41442,0.77392,-0.0816778,-0.56739,0.888568,-0.457318,0.134094],[0.921235,0.851672,1.29331,0.520383,1.96734,1.61634,0.0271641,0.0637767,0.0667709,0.530552,0.0306017,0.00870761,4.62039,-0.011968,1.02472,-0.427224,4.22482,-0.041887,0.00912928],[-0.069114,-0.033701,-0.0752231,0.071188,-0.0323557,0.111447,0.00721581,0.0158293,0.00312712,0.0594614,0.00300292,-0.0496987,-0.53047,0.0103434,0.0230249,0.707757,0.208213,-0.00466427,0.00236046],[0.019414,0.0692721,0.074669,0.063993,0.00661524,0.0502193,0.00355421,-0.0141211,0.00780839,-0.0885325,0.00748267,-0.084835,1.24223,-0.00147894,-0.0108403,0.27479,0.241311,-0.0227945,0.00679236],[-0.558858,-0.797998,-1.14369,0.79487,-0.791809,-0.837095,0.0713666,-0.00627417,-0.00207244,-0.128983,-0.00276588,-0.0565113,-5.49503,-0.074432,-0.010924,-0.913602,-2.50771,-0.0882244,-0.00146001],[0.636206,0.181615,1.83803,0.524934,2.45351,-0.601222,0.550319,-0.0754025,0.107308,-0.696683,0.117218,-0.116556,20.3457,0.323953,-0.20609,10.2262,1.1268,0.324037,1.08543],[0.0670534,-0.099888,-0.541277,-0.116961,-0.0827684,-0.718132,-0.0147862,-0.0170543,-0.0021999,0.182769,-0.00146053,-0.063521,-0.738089,-0.0374784,-0.0438137,0.0434727,-0.530252,0.151725,-0.0343989],[-0.319166,-0.119307,-0.346092,0.160496,-0.423915,-0.0519063,0.00854691,0.00864221,-0.0216121,-0.0694078,-0.0126414,-0.219638,1.10541,0.0164724,-0.0124858,0.730225,-0.557639,-0.0456526,0.0205229],[-0.00101894,-0.0801964,0.117714,-0.0531898,0.0715008,0.0898394,0.0249085,-0.000782179,0.00358504,-0.121458,0.00641198,0.0181839,-1.0152,0.0110589,0.0334433,-0.329428,-0.156735,0.0171189,0.000896002],[0.0471052,0.120411,0.411168,0.120671,0.192299,0.142712,0.0218269,-0.018605,0.0155882,-0.0703339,0.0110458,-0.0380983,1.97036,0.0201136,-0.0011669,0.153607,0.0760415,-0.0118577,0.0251386],[-0.0892769,0.00810634,-0.0585993,0.0876357,-0.136471,-0.243407,-0.0225377,0.00223975,0.0125786,0.0763521,0.0108122,-0.0808348,0.000868778,-0.00847314,-0.00258668,-0.0762596,0.110465,0.0219096,-0.000772444],[-0.0254329,-0.0761399,-0.116035,-0.140686,-0.0596273,0.0512804,0.000232515,0.000630845,0.00900739,0.0351656,0.00978739,0.00712011,-0.916043,-0.0226898,-0.0169008,-0.0914723,0.348231,-0.0339373,-0.00404145],[-0.0110311,-0.0424369,0.990456,1.29546,0.503221,1.87383,0.130381,0.0578245,-0.0548512,-0.57792,-0.0500642,0.398358,-0.890459,-0.0535917,-0.121091,1.75098,-0.539243,0.297343,-0.0485324],[-0.972833,2.2285,-3.01102,-0.750909,-1.8231,-0.359796,-0.794937,0.114576,0.0541619,0.752289,0.0101899,-0.725299,8.4545,-0.285938,-0.258832,1.3099,-2.58349,-0.427137,0.0964095],[-0.489456,0.315201,-0.276333,-2.85452,-0.312353,0.919863,-0.109244,0.0181368,-0.269697,-1.70502,-0.357377,1.49116,-29.6041,-0.85983,-0.508613,-5.65702,-5.53194,-0.349722,-0.421087],[-0.069048,-0.019639,-0.275262,0.369316,-0.0774918,0.145332,0.0912095,0.0101266,-1.21037e-05,-0.74177,-0.00172986,-0.279315,-0.38527,0.0245574,0.0400138,-0.145988,-0.0764411,0.0481878,0.0145656],[0.0360155,0.888317,1.42105,-1.74006,-2.35927,-2.88371,-0.913931,-0.289756,0.0667053,0.595474,0.033496,0.941253,1.67001,-0.554372,-0.517271,4.19973,-9.94964,-0.354691,-0.0382324],[0.192136,0.12419,-0.380624,-1.24599,-0.612001,-0.616028,0.0531971,-0.0312956,0.0243905,0.1733,0.0245893,0.170731,-4.10726,-0.00907613,0.0283103,-0.534962,-0.606888,0.0896019,-0.0116432],[-0.0123231,-0.01622,-0.0470464,0.00651145,0.00592833,-0.00758826,0.00482204,0.00408424,-0.000278455,-0.00105924,-0.000194916,-0.027837,0.0413973,0.000861729,0.000601504,0.0267247,0.091173,0.00163424,-0.00139068],[0.471014,0.507337,-0.259948,-1.64252,-0.416722,-1.68543,0.0029244,-0.0461839,0.0764281,-0.283592,0.0571569,-0.348301,1.00269,0.222311,0.182666,0.0170848,0.47474,0.260811,-0.00426634],[-0.74182,-0.43328,-0.954927,-0.996769,-1.51709,-2.57717,-0.145437,-0.0861364,0.0521314,-0.869838,0.0494581,0.171978,-10.783,-0.054639,-0.0200613,-1.35485,-1.8325,-0.581355,-0.00577553],[0.0448063,-0.0253197,0.0504557,-0.00669271,0.0742565,-0.00598145,-0.00928001,-0.0061243,0.00412325,0.0150457,0.0023997,0.0366172,0.497998,-0.00776217,-0.0153043,0.241774,-0.00137317,0.00715046,-0.00513657],[0.0102582,0.141235,0.0567985,-0.00980794,-0.10966,-0.0354661,0.0214652,-0.014516,-0.00586281,-0.0253419,-0.00448631,0.0540685,-0.604836,-0.00348916,0.00633092,-0.322694,-0.186636,0.0610704,-0.00634372],[-0.277537,-0.093317,0.304941,-0.307309,-0.462935,-0.316915,-0.0801331,-0.0272056,0.0090925,-0.296145,0.00774789,0.19204,-2.8879,0.00597822,0.0312943,-0.662211,-1.0771,0.0116908,0.034175],[0.0478404,0.503348,-1.09642,-0.831928,0.277068,1.57309,-0.322378,-0.00662112,-0.0799367,0.0376053,-0.13194,0.269535,-5.38286,-0.445519,-0.104437,-5.235,0.401159,0.296673,-0.140838],[0.0103016,-0.0751372,0.0606657,0.352768,-0.166522,-0.0843288,-0.0525238,-0.0237119,-0.0312186,-0.200277,-0.0243602,0.203306,-1.77417,-0.0222755,0.0188521,-0.333044,-0.884411,-0.200604,-0.00316007],[0.133284,0.206157,-0.0674656,-0.0322596,0.267357,0.0479731,0.0154207,0.0116536,-0.00701511,-0.0223272,-0.00783183,0.0376242,0.45051,-0.0269738,-0.0443193,0.550475,0.467235,-0.068209,-0.00563628],[0.00534275,0.0947334,0.172562,-0.0304938,-0.0155675,0.0868771,0.00937968,-0.00543112,-0.00471821,0.0559845,-0.00187851,-0.0182864,-0.0126252,-0.00222292,-1.15285e-05,-0.0663785,-0.246177,-0.00277981,0.00412352],[-0.0175148,-0.041567,0.257982,0.292323,-0.0365569,0.187658,0.046685,0.00574994,-0.0035481,0.051184,-0.00275942,0.00142325,-0.388007,-0.0387683,-0.0402026,0.501229,0.22982,0.0317004,-0.00567992],[0.00883102,0.0336216,0.0559202,0.13671,0.139052,0.135782,0.00236598,0.00113715,0.000624743,-0.135064,-0.000397688,0.00498975,0.437288,0.0176928,0.0143505,-0.0885895,0.0260925,-0.0260809,0.00368598],[0.0316194,0.0313329,0.0556616,0.00278315,-0.0107436,0.102099,-0.00845176,0.00177674,0.00111964,-0.04556,-5.55942e-05,-0.0246426,0.391773,0.00998052,0.0109563,-0.0568499,0.0467629,0.00134955,0.00989213],[-0.206245,-0.328299,-1.25358,-0.559115,0.0678718,-0.603047,-0.0535481,0.0590924,-0.00400506,0.554916,-0.00663773,-0.384164,1.17192,-0.0585112,-0.0343546,-0.24869,1.30425,0.269076,-0.00928883],[1.81691,1.78226,1.73863,1.50043,3.06265,3.151,0.572315,0.0730689,-0.154547,-0.90807,-0.0745597,-0.625079,-0.0737498,0.157886,0.307241,0.253697,-1.49119,1.25065,-0.0236667],[0.375719,0.974744,2.00077,0.689446,2.38038,2.59756,0.42585,-0.172863,0.111442,-0.928924,0.0282867,-0.790233,10.9969,0.0510499,-0.115513,3.21119,0.471438,-0.0188008,0.113406],[-0.0180309,-0.127995,0.215365,-0.045938,0.025168,0.137351,-0.0189517,0.00708476,0.00419101,0.351568,0.00617649,0.0964987,-0.680015,-0.029369,-0.0298444,-0.00270193,0.276725,-0.00974164,0.00236766],[0.339645,0.308677,1.8232,2.08299,3.26943,3.00735,0.650353,-0.0752586,0.08985,-1.5115,0.114249,-1.25455,7.39945,0.367877,0.182865,2.97044,0.863006,-0.497047,0.156344],[-0.094287,0.145219,-0.274066,0.474452,0.158226,0.288008,-0.195204,0.0477183,-0.0435107,0.0392683,-0.037925,0.120913,0.732559,-0.089664,-0.0597816,-0.120703,0.228968,0.120169,-0.0505349],[-0.00528575,0.000783065,-0.00566212,-0.00322205,-0.0694864,-0.056948,-0.00346733,-0.00133046,-0.00164394,0.03159,-0.00186903,0.0103461,0.00168899,-0.00437608,-0.00297977,-0.0179494,-0.12573,0.00640884,-0.00120087],[0.0494522,-0.0984404,-1.05975,0.436503,-1.21515,-1.07098,-0.115653,-0.04792,-0.0762737,0.78986,-0.0518176,-0.11513,4.09041,-0.0559204,-0.150817,1.94177,-0.176605,-0.0474707,-0.0456216],[0.0712799,-0.456045,0.141415,0.178006,0.416053,1.82645,0.241932,0.0822563,-0.133739,0.120877,-0.089935,0.0728011,4.70549,0.0568574,-0.0475403,1.76417,-0.864241,0.660944,-0.00190252],[0.024653,0.0589262,0.0269533,-0.0616569,-0.0406782,-0.101844,0.00236823,-0.00979933,-0.00726489,-0.0748119,-0.00542548,0.0118353,0.0375066,-0.00224065,-0.0073642,0.0498761,-0.204922,-0.00145446,0.00280779],[0.0765563,0.03833,0.0457184,-0.0220122,0.070844,0.0549736,0.0178124,-0.00509333,-0.00036785,0.0704503,-0.00135084,0.0158648,-0.168665,0.00546084,0.000623221,-0.0257021,0.172457,-0.00980935,0.00306156],[-0.0316341,0.239469,0.323243,-0.617725,-0.581902,-0.0108149,0.00709938,-0.0229626,0.0127953,-0.0229278,0.0168825,-0.0143375,0.344029,0.0622813,0.0294014,-0.341315,-0.387173,0.167862,0.0376422],[-0.877295,-0.463248,0.733421,-0.115237,-1.76255,-0.199509,-0.272431,0.0319826,0.00730257,0.583186,0.0436405,0.035923,-11.6915,0.213903,0.40257,-5.00018,-3.77228,-0.530082,-0.0507955]],"sigmahat":[[0.283231,0.168208,0.245453,-0.0100215,0.394406,0.304274,0.0327831,-0.00635612,-0.00315967,0.00930251,-0.00215231,-7.3435e-06,1.07378,0.0194966,0.0134254,0.0909918,0.299239,0.0804073,0.00342653],[0.168208,0.375926,0.238999,-0.0240037,0.271963,0.28938,0.00840142,-0.00541793,0.000356185,-0.0386716,-0.000106922,-0.0350551,1.43672,0.0202054,0.0194152,-0.020746,0.0322302,0.0886875,0.00366553],[0.245453,0.238999,1.22407,0.170453,0.587619,0.920888,0.0895641,-0.0267834,0.00824446,-0.120822,0.00979903,-0.0381862,2.12609,0.0843818,0.0627163,0.0853518,0.213719,0.164038,0.0289681],[-0.0100215,-0.0240037,0.170453,0.975189,0.129087,0.272243,0.0296356,-0.00759863,-0.0154055,-0.233468,-0.0115671,-0.0733706,0.277811,0.00885121,0.0202264,0.203319,-0.127673,-0.0994385,0.00460317],[0.394406,0.271963,0.587619,0.129087,1.56335,1.20039,0.139659,0.022013,0.000983295,-0.245858,0.00123435,-0.127061,2.33693,0.0586325,0.0419771,0.161511,1.33227,0.191703,-0.00455297],[0.304274,0.28938,0.920888,0.272243,1.20039,1.94605,0.162376,0.0229045,-0.00357255,-0.290447,-0.00254173,-0.144874,2.27987,0.0849002,0.0675481,0.0308178,1.20616,0.238655,0.0127129],[0.0327831,0.00840142,0.0895641,0.0296356,0.139659,0.162376,0.0561824,0.00215674,-0.00229201,-0.0832391,-0.00140353,-0.0289149,-0.113516,0.0110357,0.00612765,0.0398534,0.198023,0.025508,0.00234468],[-0.00635612,-0.00541793,-0.0267834,-0.00759863,0.022013,0.0229045,0.00215674,0.0075046,-0.00043776,0.00753465,-0.000338194,-0.000906282,-0.0384441,-0.00237896,-0.00175297,-0.000833084,0.0571006,0.00566961,-0.00176569],[-0.00315967,0.000356185,0.00824446,-0.0154055,0.000983295,-0.00357255,-0.00229201,-0.00043776,0.00497787,0.0171785,0.00364813,-0.00873059,0.140864,0.00370773,0.00222158,0.00967831,0.0496325,0.00136428,0.00092645],[0.00930251,-0.0386716,-0.120822,-0.233468,-0.245858,-0.290447,-0.0832391,0.00753465,0.0171785,0.701103,0.01486,0.0388028,1.37542,-0.0243746,-0.0385919,0.384153,0.169697,0.0695051,-0.00479959],[-0.00215231,-0.000106922,0.00979903,-0.0115671,0.00123435,-0.00254173,-0.00140353,-0.000338194,0.00364813,0.01486,0.00373895,-0.00782095,0.108171,0.00349502,0.00224805,0.0105536,0.0367926,0.00105863,0.000940983],[-7.3435e-06,-0.0350551,-0.0381862,-0.0733706,-0.127061,-0.144874,-0.0289149,-0.000906282,-0.00873059,0.0388028,-0.00782095,0.187628,-1.40987,-0.0335269,-0.0196572,-0.225352,-0.276256,-0.0597416,-0.00940089],[1.07378,1.43672,2.12609,0.277811,2.33693,2.27987,-0.113516,-0.0384441,0.140864,1.37542,0.108171,-1.40987,44.0873,0.54157,0.142619,6.5825,2.62693,1.48844,0.151234],[0.0194966,0.0202054,0.0843818,0.00885121,0.0586325,0.0849002,0.0110357,-0.00237896,0.00370773,-0.0243746,0.00349502,-0.0335269,0.54157,0.0276571,0.0189864,-0.00244838,0.0668242,0.0201022,0.00629845],[0.0134254,0.0194152,0.0627163,0.0202264,0.0419771,0.0675481,0.00612765,-0.00175297,0.00222158,-0.0385919,0.00224805,-0.0196572,0.142619,0.0189864,0.02363,-0.137275,-0.00827295,0.00762176,0.00322153],[0.0909918,-0.020746,0.0853518,0.203319,0.161511,0.0308178,0.0398534,-0.000833084,0.00967831,0.384153,0.0105536,-0.225352,6.5825,-0.00244838,-0.137275,3.71711,0.914523,0.150286,0.0283171],[0.299239,0.0322302,0.213719,-0.127673,1.33227,1.20616,0.198023,0.0571006,0.0496325,0.169697,0.0367926,-0.276256,2.62693,0.0668242,-0.00827295,0.914523,5.09535,0.215456,0.0119498],[0.0804073,0.0886875,0.164038,-0.0994385,0.191703,0.238655,0.025508,0.00566961,0.00136428,0.0695051,0.00105863,-0.0597416,1.48844,0.0201022,0.00762176,0.150286,0.215456,0.214504,-0.00104387],[0.00342653,0.00366553,0.0289681,0.00460317,-0.00455297,0.0127129,0.00234468,-0.00176569,0.00092645,-0.00479959,0.000940983,-0.00940089,0.151234,0.00629845,0.00322153,0.0283171,0.0119498,-0.00104387,0.00555296]],"n":19,"lags":3}