{"betahat":[[3.11617,2.56334,-4.29133,0.635903,6.99092,3.83448,-0.000227158,1.07063,0.199085,6.66243,0.142225,-0.439202,79.9673,0.236257,-0.623568,20.2668,1.58048,0.220983,18.1773,5.453,-0.115232],[1.03655,0.276547,0.653344,-0.373275,0.42689,0.962586,0.079615,0.0372715,0.0420962,0.0331005,0.0286706,-0.143196,3.7727,0.0939356,0.0437325,0.407302,0.16603,0.0254872,1.64477,0.192062,0.0473198],[0.220002,0.971562,0.37112,-0.184716,0.273745,-0.0451454,-0.0442504,-0.0164287,0.0365856,0.183313,0.0300063,0.156837,-0.963535,-0.00608488,0.047466,-1.26174,-0.438391,0.00660012,0.476864,0.108055,-0.0231968],[-0.0249838,-0.0382011,0.688457,0.144407,-0.156771,-0.233635,-0.0400318,0.000444642,0.00123705,0.0536506,-0.0048928,0.00218528,1.27166,-0.00260225,-0.0366201,0.501503,-0.015426,0.0013035,0.262628,-0.031897,-0.00356209],[0.00117555,-0.0658623,-0.628041,0.470468,-0.0809756,-0.310407,-0.0714872,0.0145395,-0.00801261,0.0727361,-0.00414532,0.0463461,-1.53254,0.0219374,0.0397472,-0.605191,0.0477049,-0.00918065,-0.0226105,-0.0103836,-0.0154611],[0.0495516,-0.0730224,-0.0396349,-0.301022,0.899156,0.082195,0.00223941,-0.00389933,-0.0135017,0.0920986,-0.0103824,0.104793,-0.859224,-0.0247384,-0.0214817,0.0750848,-0.0829496,-0.002563,-0.0900651,-0.0234477,-0.00380683],[-0.00580474,0.0623257,-0.00630406,0.106551,0.020092,0.751197,0.00310361,0.00596452,-0.0157752,0.0307775,-0.0150223,0.0468392,0.344508,0.00437724,0.00233903,0.0875346,-0.0132474,-0.00963082,-0.571245,0.0241294,-0.00695886],[0.313407,0.381196,0.0464849,-0.677983,-0.606178,-1.70463,0.847553,-0.133482,0.0668831,0.194575,0.0695971,-0.0779142,0.236626,0.092447,0.154379,-1.46665,0.970295,0.0590421,-0.325716,-0.621598,0.031705],[-0.117461,-3.67025,2.29533,-1.09773,-0.0366228,-1.6554,0.239617,0.654357,0.161628,0.161223,0.0921885,1.46741,-5.11714,0.239217,0.117734,-4.32554,-0.443716,0.0794225,3.4176,-0.28218,-0.144811],[-0.645044,-1.13078,-3.30667,1.59752,-3.7065,-4.93577,-0.496097,0.133589,1.12651,1.33254,0.270685,-0.38528,10.62,0.722412,0.707896,-1.55997,-0.186155,0.389186,-1.04723,-0.37118,0.240944],[0.0535211,0.109869,0.120021,-0.319096,-0.0253996,-0.258797,-0.0779407,-0.0229438,-0.000968579,1.3775,-0.00372015,0.184891,1.21749,0.0174335,-0.00896582,0.267241,0.0772185,-0.0040577,-0.434022,-0.11219,-0.0132629],[-1.09799,-1.36428,-4.27441,0.258415,-1.98095,-0.630012,0.140933,0.383562,-0.161673,0.0293248,0.817851,0.487819,-18.2424,0.249757,0.616859,-12.3894,-0.560764,0.0267189,5.08768,-0.198974,-0.153502],[-0.0777222,-0.308889,0.594233,0.834757,0.80018,0.496533,0.1711,-0.00104205,0.0164359,-0.24918,0.0111427,0.689424,2.4587,0.0877235,0.0356583,0.464057,0.225949,-0.00778,0.271874,-0.154875,0.0463489],[0.0225643,0.0202908,0.0549568,0.0130043,0.0596993,0.052013,-0.00102936,-0.00483354,0.00104347,-0.0376253,0.00132896,0.0214222,0.910782,0.00261459,0.00221051,-0.0141711,0.0219373,0.00189731,0.0292276,-0.000680255,0.00261696],[0.16029,-0.628777,1.59586,2.15164,2.79571,3.25151,0.0634575,0.0536584,0.0199428,0.447974,0.0201731,-0.162926,-3.47429,0.646483,-0.186839,0.642303,-0.34516,-0.0248256,2.04887,-0.0137201,0.0500689],[0.908266,0.90287,1.59339,0.765373,2.06714,1.8169,0.161033,0.0661785,0.0784426,0.652237,0.048901,-0.0865335,3.7803,0.063238,1.07427,-0.463558,-0.214624,0.0545242,3.80493,0.171896,0.0297293],[-0.044889,-0.0053573,-0.0696692,0.0553969,0.0456949,0.153469,0.00680487,0.0194183,0.00632759,0.0924401,0.00635031,-0.0759274,-0.187685,0.0135319,0.0270462,0.710373,0.00669991,0.00133478,0.293309,0.0173473,0.00396834],[-0.0860732,-0.111876,0.192654,0.0818216,-0.180297,0.134428,0.0564444,-0.0167023,-0.0124399,-0.382664,-0.019657,0.0400773,-0.686086,0.0362856,0.00670568,0.0989035,0.99164,-0.000895142,-0.736106,-0.151375,0.0254677],[-1.64978,-2.42927,-0.944406,-1.28115,-6.76395,-5.72828,-0.379359,0.0891762,-0.165456,1.9306,-0.0732039,2.04817,-27.9329,-0.333951,-0.373281,-0.117097,-0.753024,1.11326,-2.36954,-1.41615,0.320701],[0.0658481,0.118511,0.145214,0.111604,0.130447,0.122689,0.0151432,-0.0161218,0.00796187,-0.0959295,0.00939943,-0.125507,1.98262,0.00489791,-0.0159092,0.561399,0.0946718,0.000356636,0.324391,0.00625511,0.00733417],[-0.756944,-1.01113,-1.24312,0.791213,-0.97009,-0.789525,0.105671,0.00123383,-0.00185495,-0.213851,-0.00493526,-0.0563709,-8.58576,-0.0694335,0.0203445,-1.65819,-0.355557,0.0124467,-2.76286,-0.208713,0.0123854],[0.98638,0.358609,2.48248,-0.212105,5.06168,1.32327,0.769955,-0.0317789,0.166926,-1.14685,0.181812,-0.571726,24.0553,0.387799,-0.159375,10.6246,1.02399,0.00281334,2.24941,0.71233,0.962167],[-0.0393384,-0.219379,-0.64643,-0.116577,-0.22525,-0.824515,-0.0197367,-0.0090242,-0.00657349,0.224829,-0.00215073,-0.0650411,-1.61121,-0.0549534,-0.0619586,0.0413911,-0.125328,0.00541655,-0.704277,0.0245183,-0.0168928],[-0.316342,-0.15393,-0.314989,0.167068,-0.416562,0.0712279,0.0346888,0.0109616,-0.0357962,-0.216545,-0.0268673,-0.195093,0.562179,0.0181242,-0.0128676,0.69036,0.329032,-0.010246,-0.69489,-0.053652,0.0188865],[-0.0313843,-0.100834,0.0932872,-0.0641999,0.0605335,0.0869834,0.0269413,0.00308552,0.00447941,-0.141335,0.0066033,0.0271591,-1.48233,0.00370688,0.0346602,-0.447552,0.000708908,0.00432378,-0.0905139,0.0111897,0.0010767],[0.0563627,0.145321,0.364422,0.146217,0.100797,0.0252428,0.00790089,-0.0220078,0.0128909,-0.0715705,0.00939058,-0.0354314,2.35653,0.023446,0.00202961,0.123441,-0.0526338,0.0150381,-0.182308,-0.0380431,0.0242908],[-0.0715245,0.0311369,-0.0125924,0.147682,-0.104598,-0.252278,-0.00545363,-0.000515226,0.0103354,0.0307892,0.00803744,-0.104617,0.0951948,0.00358027,0.00919127,-0.0895555,-0.0016392,0.000532317,-0.00173071,0.0381744,2.08721e-05],[-0.0242329,-0.09576,-0.038939,-0.0768786,-0.0271243,0.1308,0.00888297,-0.00913453,0.0124861,0.00455116,0.0140113,-0.0276589,-0.727495,-0.0141925,-0.0126213,-0.00715335,-0.0301744,0.00560143,0.403276,-0.029353,-0.00201647],[-0.094224,0.0300404,1.03839,1.14312,0.543479,2.16362,0.172429,0.0850522,-0.0660819,-0.632856,-0.0587982,0.539317,-2.77086,-0.0745023,-0.126496,1.35986,-0.675362,-0.0420782,-0.914071,0.392073,-0.0604917],[-0.809336,2.51658,-3.12254,-1.15942,-1.46727,-0.658116,-0.8839,0.150644,0.0615941,0.637507,0.0233114,-1.02499,14.8673,-0.304741,-0.353651,3.60269,-0.83232,0.0292525,0.460227,-0.511603,0.169861],[-0.385278,0.174927,0.513916,-1.80554,-0.50048,1.32425,-0.274143,-0.0345167,-0.267111,-1.21505,-0.346265,1.40088,-26.0226,-0.750267,-0.416581,-5.0469,-0.201157,-0.397023,-3.0113,-0.322869,-0.401782],[-0.0798147,0.0155673,-0.300775,0.431352,-0.136878,0.0318879,0.0884295,0.00789896,0.00239382,-0.735802,0.00496029,-0.315998,-0.325724,0.0201122,0.0489172,-0.280956,0.165578,0.00793791,0.0262856,0.109052,0.0103507],[0.0472196,1.24717,1.43245,-2.01573,-2.98478,-3.76358,-1.30403,-0.33472,0.094698,1.34988,0.0771609,0.955803,9.07992,-0.740492,-0.704933,6.53425,-1.36075,-0.0567019,-9.13824,-0.125899,-0.107621],[0.138897,0.15715,-0.309167,-1.3682,-1.0078,-0.773104,0.0176865,-0.0395693,0.0402672,0.304072,0.0372735,0.177509,-3.65711,0.0172257,0.0526735,-0.607088,-0.31248,0.0334441,-0.541172,-0.0376058,-0.00549328],[-0.0172775,-0.0184055,-0.0444189,-0.00777521,0.00989238,0.00778601,0.00557369,0.00524066,0.000618674,-0.000293453,0.000566154,-0.031667,0.0229696,0.00248686,0.0015841,0.0270311,0.00953998,-0.000815305,0.083369,-0.00196098,-0.000905486],[0.65368,0.725963,-0.14938,-2.15603,-0.453245,-1.83517,0.145005,-0.025273,0.0445947,-0.71554,0.0291879,-0.211795,-0.0230779,0.261811,0.190808,-0.140206,0.896755,0.0724021,1.24907,0.067467,0.000715004],[-0.888008,-0.592449,-1.28234,-1.17536,-1.60558,-2.95358,-0.264424,-0.0971431,0.0681239,-1.37269,0.0515343,0.213572,-12.1548,-0.12835,-0.0573151,-1.442,0.0194752,0.0146585,-1.90146,-0.991564,0.00771979],[0.0340018,-0.0441029,-0.00286847,-0.0227222,0.0138357,-0.078548,-0.0147558,-0.00611634,0.00346483,0.0237832,0.00123838,0.0635551,0.199824,-0.0182247,-0.0231356,0.239758,-0.0694708,0.000681725,0.0396274,-0.00805804,-0.00903375],[-0.10306,0.0261721,0.134607,0.317624,-0.349149,-0.148382,-0.0870949,-0.0285097,0.0345927,0.435033,0.0373247,-0.0978987,1.31599,0.0287114,0.0466673,-0.164943,0.0167553,0.0094129,0.246787,0.0619586,0.000892219],[1.55744,2.79028,0.628227,0.739313,3.67997,3.27723,0.163271,-0.273115,0.0802734,-2.0366,-0.00818564,-1.72386,25.2643,0.245905,0.278953,-0.414451,0.725203,-0.115022,-0.818189,0.992979,-0.219015],[-0.013926,0.139042,0.00424775,-0.0617429,-0.0894613,-0.0109013,0.03104,-0.00738977,-0.00498648,-0.0164969,-0.00333942,0.0602792,-0.99559,-0.014816,-0.00191943,-0.394263,0.00424908,-0.005071,-0.0975756,0.0433087,-0.0137746],[-0.124582,0.0855412,0.536252,-0.0766546,-0.202818,-0.1161,-0.108444,-0.0496483,0.0170706,-0.261095,0.0115607,0.108951,0.346888,0.0480127,0.0545218,-0.234776,-0.344651,0.0173833,-0.863584,0.0957104,0.0504545],[-0.26558,0.430423,-1.25599,0.263099,-1.60804,0.868681,-0.321718,0.00856289,-0.172306,0.00951871,-0.232094,0.563247,-8.87357,-0.490897,-0.100554,-6.08983,-0.875034,-0.0808481,-0.500973,0.122308,-0.0639619],[0.00272367,-0.0573313,-0.00701114,0.490009,-0.201711,-0.138052,-0.059838,-0.0282499,-0.0355396,-0.257978,-0.0265302,0.208135,-2.16213,-0.0389779,0.018223,-0.448593,-0.040666,-0.0309091,-0.940507,-0.216514,-0.0304271],[0.0961221,0.182215,-0.0563054,0.0178272,0.14236,-0.0262599,0.00953637,0.00546277,-0.000812731,0.0331174,-0.00315793,0.0381892,0.400616,-0.0120603,-0.0346206,0.571636,0.10943,0.00362815,0.217757,-0.0543236,0.00430631],[0.0562647,0.138718,0.2177,-0.0801826,0.0959491,0.146197,0.0130933,-0.00352223,-0.00571829,0.0878409,-0.0017153,-0.0293599,0.209015,-0.00117867,0.00191371,-0.053644,0.0146709,-0.00563684,-0.172092,0.0206824,0.00245511],[-0.0573736,-0.0795497,0.263889,0.383073,-0.0196644,0.285462,0.0635902,0.00746475,-0.00488834,-0.000941465,-0.00524956,-0.0109061,-0.822619,-0.0453863,-0.0417855,0.48184,0.00491968,-0.00585948,0.205375,0.0486156,-0.00882408],[0.0220562,0.0419659,0.0523023,0.153724,0.20534,0.170215,0.00330476,0.0044039,0.00315128,-0.122871,0.0023361,-0.000195116,0.764498,0.0211779,0.01228,0.0149882,0.0847084,0.00201951,0.0919101,-0.0146203,0.0037963],[0.0300252,0.0333527,0.0452835,-0.0295298,0.0069229,0.118063,-0.0118897,0.00316886,0.00328406,-0.0354312,0.00100782,-0.0192875,0.383406,0.00984518,0.0103084,-0.0802062,0.0436078,0.00402403,0.168112,0.0053436,0.00897516],[-0.219276,-0.411392,-1.08445,-0.464308,0.0629611,-0.458177,-0.0198255,0.0483863,-0.000838327,0.437766,-0.0108251,-0.461941,2.53701,-0.0178578,-0.0278575,0.107573,-0.294445,-0.0169934,1.24017,0.230004,0.0287784],[1.78682,1.86131,2.16743,2.1727,2.59941,3.1995,0.748792,0.0536493,-0.216728,-1.06968,-0.1194,-0.391022,-5.76374,0.179235,0.33243,0.0106806,1.42865,-0.126553,-3.12701,1.10393,-0.00950279],[0.595476,0.903709,1.62083,-0.0214904,3.05499,2.17865,0.595703,-0.0754142,0.0983823,-0.391555,0.0486213,-0.64152,8.11111,-0.103461,-0.324611,5.00439,0.370776,0.0156761,1.96096,-0.00983538,0.142781],[0.0263054,-0.125267,0.181245,-0.11109,0.162559,0.228375,-0.0102281,0.0150311,-0.00144682,0.3567,-0.00125683,0.130842,-0.898509,-0.0374304,-0.0397491,0.0113715,-0.241886,-0.00388461,0.408112,0.00301021,0.00291081],[0.573466,0.049027,1.53998,1.52068,3.7894,2.98494,0.968285,-0.0220679,0.0271012,-1.63824,0.0714607,-1.0832,1.87813,0.339726,0.0439377,4.22755,1.80988,0.0298933,1.95623,-0.386641,0.228314],[-0.0614733,0.15132,-0.28527,0.53371,0.207543,0.276938,-0.188705,0.0406431,-0.0567419,-0.05501,-0.048448,0.132624,1.20239,-0.104962,-0.0884247,0.145957,0.0867252,-0.0257069,0.269779,0.192812,-0.0408493],[-0.00606797,-8.61806e-05,-0.0113295,-0.00368126,-0.0718017,-0.0612075,-0.00437917,-0.000772484,-0.00168718,0.0336093,-0.00191502,0.00924305,0.0235679,-0.0054273,-0.00332183,-0.0249809,-0.0322173,-0.00130276,-0.116714,0.00164323,-0.00180965],[-0.22874,-0.376154,-1.28834,1.00197,-2.39037,-1.75498,-0.217318,-0.110729,-0.0604338,1.25003,-0.0382506,0.0032222,0.696086,-0.0423507,-0.107417,1.18856,-0.550473,-0.0358041,-1.70864,-0.114964,-0.0265057],[0.149066,-0.361237,0.346631,0.100517,0.257788,2.11543,0.222554,0.082677,-0.153045,0.448373,-0.10409,0.127691,6.53428,0.0771004,-0.0363554,1.66866,0.42145,-0.0494827,-0.568074,0.875055,-0.00773196],[0.0107631,0.0489312,0.0742827,-0.0304646,-0.0589973,-0.0719611,0.00834399,-0.0133578,-0.00985355,-0.116938,-0.00764055,0.0110065,-0.0109682,0.00504573,-0.00353175,0.0487636,0.0633585,-0.00211751,-0.330726,-0.00826414,0.00501998],[0.188938,0.0854385,-0.327304,-0.398932,0.528733,0.0133379,0.0306148,0.0451216,-0.0221902,-0.0522573,-0.0177028,0.0573634,-0.62833,-0.0650296,-0.053443,0.0672002,-0.00848247,-0.00856242,0.488175,0.0895902,-0.0263663],[-0.321453,-0.474622,-0.410098,0.378915,2.22009,1.34655,0.0694692,0.161906,0.0585209,-0.0424295,0.0599531,-0.245962,-0.441891,-0.026598,0.0181957,0.295731,-0.144863,-0.0194481,1.51679,0.0317686,-0.116938],[0.111121,0.0520115,0.0602839,-0.0457375,0.124471,0.0850029,0.0200867,-0.00766465,-0.00180699,0.0725217,-0.00325916,0.0256054,-0.0599337,0.00495253,0.00147712,-0.0708864,0.0317283,0.0029712,0.145151,0.0319884,0.00180731],[0.000909172,0.296092,0.251221,-0.691126,-0.564187,0.0192454,-0.00446801,-0.0174268,0.0194896,0.0809345,0.0205278,-0.0527057,1.57966,0.0529653,0.00322516,0.0591653,0.0405624,0.0252903,0.113386,0.210406,0.0387384],[-0.923162,-0.846651,1.03111,-0.486541,-2.37825,-0.919246,-0.348174,-0.00804382,0.0249679,0.727427,0.0665553,0.261072,-12.9885,0.293526,0.413841,-4.70916,-0.384294,0.0162705,-3.03588,-0.79524,0.036596]],"sigmahat":[[0.198564,0.117203,0.19451,0.00194123,0.242052,0.202778,0.0234987,-0.00695182,-0.00281581,0.0110256,-0.00164347,0.00929083,0.712808,0.0174712,0.012585,0.034813,0.0649173,0.00107836,0.127844,0.0603577,0.00329577],[0.117203,0.291374,0.211521,-0.0336208,0.160189,0.19681,0.00399693,-0.0049465,0.000509091,-0.0327569,0.000843861,-0.022934,1.13906,0.020426,0.0186541,-0.0285599,0.0678642,0.00198144,-0.0590143,0.0627915,0.00624953],[0.19451,0.211521,0.926141,0.0303656,0.478091,0.722452,0.0664405,-0.0134255,0.00313165,-0.106732,0.00551995,-0.0344276,1.55197,0.0622751,0.0490383,-0.0132387,0.134952,0.000787519,0.137166,0.148986,0.0148446],[0.00194123,-0.0336208,0.0303656,0.771251,0.0820101,0.121682,0.0301126,-0.00740158,-0.0170921,-0.182306,-0.0132144,-0.0191401,-0.417505,-0.00782264,0.00896087,0.0732183,0.0776746,-0.0136494,-0.257361,-0.0468259,-0.00825211],[0.242052,0.160189,0.478091,0.0820101,1.04654,0.810031,0.0956831,0.0115939,0.00256385,-0.151526,0.00314549,-0.0779008,1.57204,0.0507367,0.0337516,0.115562,0.199907,0.000142944,0.70189,0.140783,0.00730276],[0.202778,0.19681,0.722452,0.121682,0.810031,1.46869,0.11765,0.0149976,-0.00204071,-0.2063,-4.83466e-05,-0.100025,1.56377,0.0684538,0.0526536,0.00413388,0.238752,-0.00255265,0.733149,0.198511,0.0136246],[0.0234987,0.00399693,0.0664405,0.0301126,0.0956831,0.11765,0.0442629,0.00137076,-0.00234147,-0.0586489,-0.00155292,-0.0175286,-0.141289,0.00917776,0.00579412,0.0162244,0.054976,-0.00111452,0.102755,0.0246463,0.00125783],[-0.00695182,-0.0049465,-0.0134255,-0.00740158,0.0115939,0.0149976,0.00137076,0.00532692,0.000151177,0.00594437,7.71046e-05,-0.00109646,-0.00932359,-0.000859065,-0.000891194,0.0028603,-0.00197646,0.000396104,0.0389124,0.00295383,3.23634e-05],[-0.00281581,0.000509091,0.00313165,-0.0170921,0.00256385,-0.00204071,-0.00234147,0.000151177,0.00400026,0.0125453,0.002816,-0.00764504,0.128614,0.00270275,0.00125423,0.0133646,-0.00694877,0.00176403,0.0407622,0.00047973,0.000868165],[0.0110256,-0.0327569,-0.106732,-0.182306,-0.151526,-0.2063,-0.0586489,0.00594437,0.0125453,0.527755,0.0100103,0.0247758,1.21693,-0.0190075,-0.0351321,0.402976,-0.170108,0.00991243,0.169984,0.0429972,0.000140357],[-0.00164347,0.000843861,0.00551995,-0.0132144,0.00314549,-4.83466e-05,-0.00155292,7.71046e-05,0.002816,0.0100103,0.00290042,-0.00671986,0.10202,0.00255901,0.00140439,0.0113308,-0.00441828,0.00146085,0.0288872,0.000466664,0.000815426],[0.00929083,-0.022934,-0.0344276,-0.0191401,-0.0779008,-0.100025,-0.0175286,-0.00109646,-0.00764504,0.0247758,-0.00671986,0.137026,-1.07902,-0.0264171,-0.015333,-0.151121,-0.060009,-0.00303212,-0.127971,-0.0440157,-0.00627947],[0.712808,1.13906,1.55197,-0.417505,1.57204,1.56377,-0.141289,-0.00932359,0.128614,1.21693,0.10202,-1.07902,36.5173,0.443464,0.113375,4.94304,0.459662,0.105066,1.45049,1.16397,0.105665],[0.0174712,0.020426,0.0622751,-0.00782264,0.0507367,0.0684538,0.00917776,-0.000859065,0.00270275,-0.0190075,0.00255901,-0.0264171,0.443464,0.0224794,0.0147952,-0.0033668,0.035903,0.00240974,0.0512457,0.0175302,0.00387299],[0.012585,0.0186541,0.0490383,0.00896087,0.0337516,0.0526536,0.00579412,-0.000891194,0.00125423,-0.0351321,0.00140439,-0.015333,0.113375,0.0147952,0.018386,-0.102399,0.024067,0.000834498,0.00396644,0.0038676,0.00198549],[0.034813,-0.0285599,-0.0132387,0.0732183,0.115562,0.00413388,0.0162244,0.0028603,0.0133646,0.402976,0.0113308,-0.151121,4.94304,-0.0033668,-0.102399,2.76516,0.0585731,0.0136704,0.395973,0.184322,0.0105124],[0.0649173,0.0678642,0.134952,0.0776746,0.199907,0.238752,0.054976,-0.00197646,-0.00694877,-0.170108,-0.00441828,-0.060009,0.459662,0.035903,0.024067,0.0585731,0.223253,-0.000810621,0.119464,0.0418518,0.00734011],[0.00107836,0.00198144,0.000787519,-0.0136494,0.000142944,-0.00255265,-0.00111452,0.000396104,0.00176403,0.00991243,0.00146085,-0.00303212,0.105066,0.00240974,0.000834498,0.0136704,-0.000810621,0.00224124,0.0252512,0.00160499,0.00115582],[0.127844,-0.0590143,0.137166,-0.257361,0.70189,0.733149,0.102755,0.0389124,0.0407622,0.169984,0.0288872,-0.127971,1.45049,0.0512457,0.00396644,0.395973,0.119464,0.0252512,2.82129,0.198976,0.0174055],[0.0603577,0.0627915,0.148986,-0.0468259,0.140783,0.198511,0.0246463,0.00295383,0.00047973,0.0429972,0.000466664,-0.0440157,1.16397,0.0175302,0.0038676,0.184322,0.0418518,0.00160499,0.198976,0.146348,0.00252579],[0.00329577,0.00624953,0.0148446,-0.00825211,0.00730276,0.0136246,0.00125783,3.23634e-05,0.000868165,0.000140357,0.000815426,-0.00627947,0.105665,0.00387299,0.00198549,0.0105124,0.00734011,0.00115582,0.0174055,0.00252579,0.00324929]],"n":21,"lags":3,"seasonalRows":0}