{"betahat":[[-0.0338818,-0.193436,0.731851,0.00441394,1.33195,1.4843,0.0248162,-0.043892,-0.041396,-0.20806,0.00023772,0.473901,0.305754,0.041321,0.0980235,-0.103542,-0.103657,6.41953,-0.224141,-0.398573],[0.997999,-0.150941,0.131686,-0.0103305,0.156219,0.130433,0.011446,-0.0146067,0.00119553,0.0199773,4.63414e-05,0.00435568,0.0292152,-0.0532832,0.00727817,0.00845186,0.0177828,-0.156848,0.0149164,0.200838],[0.0661627,0.992952,0.0810282,-0.0557664,0.166718,0.157128,0.0487455,-0.00953279,-0.00895086,-0.00444877,-2.93473e-05,0.060993,0.00933867,-0.106759,0.00404375,0.0105293,0.00806031,-0.0312221,-0.00195112,-0.0027137],[-0.00946666,-0.0340806,0.630548,0.0352088,0.0239892,-0.0446251,-0.00777797,-0.00356915,3.875e-05,0.00115557,7.21916e-06,-0.00187508,0.0256623,0.00170831,0.000804032,-0.00260054,0.0078229,-0.127416,0.0037659,0.338362],[0.030088,-0.0317194,0.402863,0.925481,0.0801705,0.0522587,-0.0370912,0.0716531,0.034172,0.00855248,-6.34549e-05,0.126637,-0.0147135,-0.0788213,0.0390746,-0.00461135,-0.00947501,0.617551,-0.0834692,-0.743476],[-0.0312058,0.0121338,0.116235,-0.0298622,0.940355,-0.0101457,-0.0236559,-0.00958393,0.00631313,0.000880518,-2.87835e-05,-0.0172669,-0.00255594,0.0237317,-0.00389227,-0.0193867,-0.0273176,-0.068158,-0.0148542,-0.47514],[-0.000522607,0.0291328,-0.0686588,-0.0164591,0.0105149,0.974918,0.0250315,-0.0201426,0.00375325,0.00471688,-9.06025e-05,-0.00887548,-0.00349929,0.0103578,-0.00989269,-0.00906216,-0.018981,-0.240631,-0.0134005,-0.108602],[0.0381699,-0.0379747,0.337866,-0.00146958,-0.110407,-0.10916,0.941959,0.042385,-0.0232513,0.0225395,6.27319e-05,-0.0408229,-0.067277,-0.0617943,0.0606498,0.0201511,-0.000657711,-1.60296,0.00220774,-0.191646],[0.168536,0.132029,-0.206336,0.0900923,0.288872,0.0837552,-0.0441166,0.811308,-0.0280612,-0.054863,0.000139057,0.398162,0.0691647,-0.18185,-0.0340034,-0.102793,-0.0592042,0.784863,-0.0587075,-0.895181],[0.0985132,-0.124326,0.523804,-0.182946,-0.618022,-0.510369,-0.301805,0.0402141,1.33483,0.0928716,0.000916234,0.0979921,0.00909373,-0.136019,-0.0526219,-0.0492735,-0.035469,0.754427,-0.0978461,-3.1042],[-0.421347,-0.551832,-0.744532,-0.371473,0.213472,0.0584872,0.186566,-0.293566,0.0628346,1.12301,7.52244e-05,-0.279726,-0.0194043,0.320279,0.0323207,-0.0555794,-0.0546363,1.89426,-0.0211815,2.2391],[-87.1018,-182.626,-83.3843,3.0387,-38.0442,-116.569,-14.2031,-9.28723,5.55479,55.1525,0.840506,-114.34,-25.5519,66.7933,2.2137,8.30361,23.215,-102.911,24.6436,330.096],[-0.00447343,-0.102979,-0.184703,-0.00511623,0.135296,0.0574139,0.00788886,0.0057946,-0.01621,-0.0149225,3.31495e-05,0.920431,-0.0200258,-0.0571556,0.0243685,0.00517757,0.00863145,0.671085,0.0315634,-0.000722992],[-0.0810805,0.018687,-0.660222,-0.0200291,0.448916,0.267659,0.0798287,0.00439395,-0.007831,-0.00479194,-0.000312538,-0.110133,1.18675,0.165272,0.0186971,-0.0214525,0.00251786,-0.599246,0.0448722,-0.770436],[0.980803,1.29155,1.09085,0.440229,0.95403,0.974147,0.0355179,0.0580634,0.0100001,-0.00566351,-0.00027397,0.666912,-0.155313,0.405951,0.0672841,0.0136846,0.00865552,1.05954,-0.12081,3.53265],[-0.035411,0.224861,-0.711515,0.281138,-0.983314,-0.847838,0.530706,-0.0412214,0.0811584,0.154664,-6.87573e-05,-0.139698,-0.213054,0.215959,1.43855,0.189392,0.111087,-1.64124,0.150068,1.81107],[0.21941,0.129076,-0.588913,0.127914,-0.338057,-0.410291,0.11281,-0.0413007,0.0747288,0.0306384,-0.00101351,0.197105,0.306233,-0.168222,-0.117847,1.1778,0.101693,-4.13655,-0.207073,-4.30266],[0.495434,0.809239,0.0189262,0.0305642,1.2632,1.02519,-0.231263,0.154216,0.104654,-0.0560855,-0.000211205,0.262712,-0.133983,-0.252166,0.0447737,-0.015924,1.07889,1.81551,-0.183384,1.82508],[0.015458,0.000820353,-0.0282662,0.00860079,0.00536403,-0.0176525,0.0191621,-0.00354183,-0.00130314,0.0044532,-1.90851e-06,0.00688552,-0.0170191,-0.00921442,0.00749955,0.00428774,0.0106286,0.976167,0.0148464,0.0187555],[0.00400472,-0.18656,-0.436483,0.0395646,0.303134,0.387914,0.0487109,0.150766,-0.101336,-0.00853002,0.000325263,-0.179292,-0.0701008,-0.116087,-0.0221925,-0.0796955,-0.0666313,-1.42959,1.16528,-7.9995],[0.0102636,0.0125233,0.0383764,0.00724643,0.0277644,0.04046,-0.00180309,-0.00253137,-0.00200168,-0.000603329,4.16434e-06,0.00884608,-0.00531929,-0.00674305,-7.25803e-05,0.000182344,0.00221382,0.0293073,0.000309647,1.12819],[0.0140769,0.120865,-0.0910819,0.0303465,-0.101364,-0.0786469,0.0158017,0.0157035,0.00114289,-0.00994771,-2.09052e-05,0.0054012,-0.000464832,0.0338866,0.00240103,-0.00298229,-0.00947913,0.0756539,-0.00880079,0.111832],[-0.0708854,-0.0684202,-0.0840528,0.0445949,-0.173073,-0.179803,-0.0135363,0.0109153,0.00806003,0.0062705,5.22595e-05,-0.0621182,0.0232118,0.0898839,-0.00125199,-0.00389187,-0.00328028,-0.0124297,0.00716842,0.222011],[0.0117973,0.0262771,0.316303,-0.0209805,-0.0129402,0.0482151,-0.013025,0.00502233,-0.000102027,-0.00324379,7.93823e-07,0.0138423,-0.00503874,-0.00534536,-0.00563368,-0.00762269,-0.0116721,0.087611,-0.00927609,-0.632735],[0.0694796,0.177835,-0.195714,0.158393,0.0249026,0.0966228,-0.025008,0.0177646,-0.0269225,-0.0486925,7.3072e-05,-0.0478778,0.0443744,0.0237494,-0.0408968,-0.0245073,-0.0174589,0.0756287,0.0315782,0.308573],[0.03411,0.0391816,-0.172812,0.0101927,0.0735105,0.0531054,0.0185949,-0.000390215,-0.00687401,0.00081434,-7.57176e-06,0.0139546,-0.00724984,-0.0153848,0.0119876,0.00739832,0.0159074,0.217668,0.00818781,0.560998],[0.0149938,0.00735853,0.0347993,-0.000649149,0.011064,0.0522422,-0.0263885,0.0104625,-0.00486681,0.000606707,6.23683e-05,0.0166373,-0.00325104,-0.00709478,0.010839,0.00417217,0.0130396,0.215818,0.0111897,0.0465278],[0.0227935,0.0483282,-0.32228,0.0291615,0.062988,0.013084,0.0738597,-0.0352405,0.0201014,0.0122147,4.68725e-05,0.0309844,0.0293084,0.0191936,-0.0232873,-0.0287719,0.000311671,1.02833,0.00822325,0.702138],[0.0853202,0.230826,0.618442,-0.0323145,0.176174,0.233561,-0.218806,0.265764,0.0337138,0.0301296,-0.000368455,-0.149717,-0.0597614,0.028618,0.0367557,0.0692684,0.0994513,0.752425,0.00290261,3.56812],[0.134616,0.49933,0.0327559,0.118435,0.455261,0.417211,0.138465,-0.0851956,-0.275438,-0.124403,-0.000847518,0.128772,0.0536094,-0.0993381,0.0190197,0.0162024,-0.0167104,0.351122,0.0359101,3.57976],[0.291625,0.388708,0.860139,0.438961,-0.185281,-0.0779182,-0.0941315,0.289131,-0.0145131,-0.111071,-7.96621e-05,0.253014,0.05443,-0.161143,-0.0268377,0.0308067,-0.033937,-1.95757,-0.102499,-2.37086],[45.0883,155.53,149.068,12.0254,-68.1153,18.2208,37.6509,8.45258,-6.47671,-56.1879,-0.130335,67.6915,54.3987,-12.6586,10.8091,-13.8169,-29.3369,41.3145,-18.992,382.703],[0.0306354,0.135066,0.134046,0.0213844,-0.0925853,-0.0461826,0.00973045,-0.00766218,0.00767361,0.0235833,-8.41967e-05,0.0703473,0.0220811,0.0161931,-0.0028402,0.0078145,0.0101638,-0.433551,-0.0099848,0.320843],[-0.0363097,-0.0532666,0.603192,-0.0824893,-0.654974,-0.412878,-0.128806,-0.0074341,0.00314643,0.0132454,0.000239554,-0.0450044,-0.0426219,-0.0233359,-0.0418684,0.015968,-0.0140543,0.2617,-0.0153172,-1.15038],[-0.758815,-1.1166,-0.75944,-0.342578,-0.739885,-0.742747,-0.0495448,-0.0217756,-0.000549754,0.00151419,0.000256337,-0.52412,0.137361,0.451401,-0.0650368,-0.0198766,-0.00991637,-0.494224,0.082177,-2.85774],[0.468193,0.425046,0.879271,0.0186635,1.14647,0.92717,0.0368233,0.0628335,-0.0267632,-0.0734217,8.06773e-05,0.431515,0.15159,-0.437023,-0.165007,-0.0196355,0.0199832,0.695317,-0.0983338,0.241965],[-0.425695,-0.416722,0.692042,0.0120951,-0.407128,-0.19824,-0.0641431,-0.0416362,-0.0235585,-0.0180048,0.000583746,-0.342901,-0.0269041,0.302801,0.0099341,-0.0941254,-0.0536886,2.66102,0.117527,-0.449055],[-0.449093,-0.494963,0.239513,0.0833324,-1.21825,-0.828748,0.0246357,-0.0113111,-0.0417272,0.0302859,0.000118425,-0.32378,0.0735037,0.303535,-0.0847197,0.0123295,-0.0915569,-2.03264,0.0957249,-3.79331],[0.000411961,0.013748,-0.0114685,-0.00782258,0.0103262,0.0147436,-0.019106,0.00759519,-0.0025265,-0.00399813,3.16742e-06,0.00733397,0.0203628,0.00575472,0.000552082,-0.00590056,-0.0101136,0.0106905,-0.00780909,0.298029],[-0.0624077,-0.109832,0.659235,0.129658,0.0339829,0.0752987,0.0800836,-0.135405,0.083282,-0.0119221,-0.000108957,0.0887257,0.0679445,0.17401,-0.00756734,0.0279073,0.0286216,1.00962,-0.117596,4.65393],[-0.0124196,-0.0104749,-0.0438487,-0.0060533,-0.0180442,-0.0311573,0.0056128,0.00354139,0.00161863,0.000374946,1.26729e-07,-0.0121895,0.00450961,0.01081,-0.00153637,-0.000105268,-0.0014293,-0.00291201,0.000156839,-0.10445],[-0.0120771,0.0300744,-0.0406053,-0.0200159,-0.0548578,-0.0517887,-0.0272475,-0.001097,-0.00233858,-0.0100294,-2.54369e-05,-0.009757,-0.0287496,0.0193969,-0.00967845,-0.00546949,-0.00830339,0.0811994,-0.00611528,-0.312662],[0.00472125,0.0754652,0.00302405,0.0111712,0.00635127,0.022672,-0.0352094,-0.00138294,0.000890676,-0.00182148,-2.29123e-05,0.00112464,-0.0325495,0.0168756,-0.00279131,-0.00663724,-0.00477978,0.0436549,-0.00521687,-0.219296],[-0.00233172,0.00780277,0.0531395,-0.0142272,-0.0110528,-0.00359537,0.0208034,-0.00145346,6.27244e-05,0.00208863,-8.01644e-06,-0.011967,-0.0206213,0.0036375,0.00483129,0.0102231,0.00384962,0.0398189,0.00551071,0.294402],[-0.0995665,-0.146114,-0.207149,-0.0838735,-0.105072,-0.148881,0.0620997,-0.0894174,-0.00724958,0.0401404,-9.61796e-06,-0.0787578,-0.0296608,0.0550713,0.00182335,0.0291189,0.0269345,-0.693171,0.0518913,0.43492],[-0.00290394,-0.0513157,0.0565772,0.0196707,-0.0138692,-0.0429636,0.00506158,0.0099734,0.000560418,-0.00169447,3.63521e-05,0.00331343,0.00980823,-0.00834748,-0.0080934,0.0119888,0.0114106,-0.149497,0.00666658,-0.0858176],[-0.0144707,-0.0364916,0.0338587,0.0171097,-0.0215827,-0.0271646,0.00135734,0.00967927,0.00111302,-0.00532321,2.82305e-05,-0.0077605,0.00675299,-0.00326374,-0.000944523,0.00489034,0.00594177,0.0248251,0.00221095,0.0621152],[-0.0609499,-0.0103384,-0.0155629,-0.0276796,0.0474187,0.0960769,-0.0158233,-0.00714252,0.00314798,-0.0347515,-0.000109613,0.00985255,0.03797,0.0425905,-0.0373529,0.00862306,0.000351247,0.574727,-0.0104287,-0.510323],[-0.244873,-0.348009,-0.387534,-0.0587204,-0.449516,-0.296479,0.261664,-0.0793653,-0.00548231,0.0251581,0.000226942,-0.242628,-0.0143195,0.147492,-0.00510973,0.0361283,-0.0383889,-1.54254,0.0559727,-2.70901],[-0.229641,-0.200238,-0.631622,0.0387831,0.150455,0.163051,0.234405,0.0816221,-0.0898526,0.0194213,-0.00011369,-0.20802,-0.148607,0.22349,0.0305516,0.0238437,0.0512647,-0.875539,0.0697645,-0.688043],[0.109249,0.161086,-0.147587,-0.0818465,-0.0616642,-0.0118381,-0.0974975,0.0125879,-0.0470118,-0.0208637,2.21687e-05,0.00733827,-0.0701246,-0.146437,-0.0156494,0.0175568,0.0768761,-0.0548687,0.118832,-0.304827],[42.0135,27.0964,-65.6841,-15.0641,106.159,98.3485,-23.4478,0.834647,0.921918,1.03534,0.289829,46.6488,-28.8467,-54.1347,-13.0228,5.51325,6.12187,61.5967,-5.65161,-712.799],[-0.0261602,-0.0320856,0.0506587,-0.0162662,-0.0427105,-0.0112313,-0.0176188,0.00186736,0.00853593,-0.00866023,5.10446e-05,0.00922338,-0.00205369,0.0409612,-0.0215261,-0.0129916,-0.0187943,-0.237515,-0.021578,-0.320077],[0.117391,0.0345789,0.0570248,0.10252,0.206062,0.145221,0.0489802,0.00304074,0.00468491,-0.00845235,7.29847e-05,0.155137,-0.144127,-0.141936,0.0231736,0.00548402,0.0115368,0.33756,-0.0295547,1.92088],[-0.196471,-0.145735,-0.306386,-0.0868269,-0.171818,-0.191673,0.0168804,-0.0321132,-0.00818607,0.00390798,1.90017e-05,-0.127108,0.00643943,0.128219,-0.000596754,0.00547004,0.00133478,-0.553323,0.0356815,-0.552189],[-0.432766,-0.64989,-0.167734,-0.299789,-0.163152,-0.0793212,-0.567527,-0.0216107,-0.0543967,-0.081239,-1.193e-05,-0.291802,0.0614662,0.221054,-0.273532,-0.169753,-0.131065,0.946011,-0.0517318,-2.05283],[0.0831002,0.0534615,-0.109057,-0.128732,0.279312,0.143385,-0.107578,0.0486619,-0.0505685,0.00735442,0.000428946,0.0957623,-0.0979266,-0.0347442,0.0856016,-0.133396,-0.0700482,1.78515,0.090491,4.0661],[-0.0402915,-0.30686,-0.189063,-0.120576,-0.0480814,-0.186177,0.199545,-0.146312,-0.0608092,0.0218757,0.000110337,0.0613762,0.0464671,-0.050991,0.0298286,-8.51624e-05,0.00116142,0.114589,0.0841184,1.51306],[-0.0158093,-0.014507,0.0398189,-0.000738882,-0.0156334,0.00296838,-4.64512e-05,-0.00405367,0.00382343,-0.000449269,-1.29432e-06,-0.0141669,-0.00333024,0.0034214,-0.00802152,0.00162047,-0.00050284,0.0133484,-0.00703304,-0.316109],[0.0629331,0.301689,-0.208462,-0.169522,-0.322306,-0.446912,-0.126976,-0.0145155,0.0197428,0.0200881,-0.000215736,0.0900047,-0.00513264,-0.0589798,0.0270296,0.0525971,0.0368955,0.368228,-0.0500752,3.27805],[0.00203583,-0.00214803,0.0053662,-0.00126517,-0.00994629,-0.00951893,-0.00385359,-0.000992949,0.000385955,0.0001981,-4.13091e-06,0.0032533,0.000778107,-0.00401078,0.00157227,-9.20541e-05,-0.000813264,-0.0268273,-0.000454326,-0.0264274]],"sigmahat":[[1.45805,1.70355,2.08546,0.59563,1.74217,1.73985,0.0780113,0.00886956,-0.0194671,-0.0063253,-0.000405707,0.991667,-0.186664,-0.924456,0.126655,0.0864371,0.0713519,0.546496,-0.115004,6.72223],[1.70355,2.36056,2.20769,0.694962,1.94207,1.95445,0.0604524,0.0143245,-0.0362087,-0.0221096,-0.000601724,1.18511,-0.257898,-1.07733,0.140889,0.089143,0.0699186,0.790045,-0.146886,7.73763],[2.08546,2.20769,6.13345,0.830652,2.48952,3.08976,-0.110814,0.012144,-0.0146548,-0.0738044,-0.000388145,1.50688,-0.21189,-1.41166,0.11496,0.163198,0.0458418,0.980073,-0.240701,5.87881],[0.59563,0.694962,0.830652,0.343145,0.689783,0.669393,0.012677,0.01652,-0.00544412,0.00357853,-0.000159698,0.40785,-0.0651071,-0.385663,0.0537245,0.0387844,0.0385021,0.216143,-0.043192,2.88549],[1.74217,1.94207,2.48952,0.689783,2.97815,2.87204,0.283166,0.00229828,-0.017572,-0.0132313,-0.000447498,1.21324,-0.234065,-1.1148,0.181393,0.114244,0.119211,0.912036,-0.140805,9.56497],[1.73985,1.95445,3.08976,0.669393,2.87204,3.15165,0.254573,0.00731182,-0.0193477,-0.0292303,-0.00042305,1.22158,-0.231255,-1.12033,0.167383,0.12457,0.111454,1.12891,-0.154909,8.66444],[0.0780113,0.0604524,-0.110814,0.012677,0.283166,0.254573,0.276122,-0.0234491,0.00498607,0.0278915,-6.88152e-05,0.0320023,-0.0125942,-0.0270013,0.0468785,0.03824,0.0401873,-0.189523,0.0110522,2.00913],[0.00886956,0.0143245,0.012144,0.01652,0.00229828,0.00731182,-0.0234491,0.0454072,0.000262284,-0.00390521,1.56239e-05,0.000756284,-0.0140049,-0.00825637,-1.32049e-05,-0.00480493,-0.0024894,-0.0305154,-0.00318959,-0.268949],[-0.0194671,-0.0362087,-0.0146548,-0.00544412,-0.017572,-0.0193477,0.00498607,0.000262284,0.00959674,0.0057116,2.47358e-05,-0.0141158,0.000542627,0.0151267,-0.00277484,4.50117e-05,0.00102962,-0.0281248,0.000187845,-0.129456],[-0.0063253,-0.0221096,-0.0738044,0.00357853,-0.0132313,-0.0292303,0.0278915,-0.00390521,0.0057116,0.0348481,1.00586e-05,-0.0118519,-0.00806314,0.0073941,0.0082999,0.0150766,0.0273402,-0.0493281,0.0209676,0.479311],[-0.000405707,-0.000601724,-0.000388145,-0.000159698,-0.000447498,-0.00042305,-6.88152e-05,1.56239e-05,2.47358e-05,1.00586e-05,6.99618e-07,-0.000276956,3.55262e-05,0.000258357,-4.79803e-05,-2.98019e-05,-1.55908e-05,-0.000258512,6.07211e-05,-0.00312826],[0.991667,1.18511,1.50688,0.40785,1.21324,1.22158,0.0320023,0.000756284,-0.0141158,-0.0118519,-0.000276956,0.77691,-0.0986826,-0.656964,0.0826119,0.0564233,0.0462843,0.516633,-0.0852833,4.61966],[-0.186664,-0.257898,-0.21189,-0.0651071,-0.234065,-0.231255,-0.0125942,-0.0140049,0.000542627,-0.00806314,3.55262e-05,-0.0986826,0.15436,0.125475,-0.0313873,-0.0092483,-0.0101858,0.0243001,0.0105943,-1.03782],[-0.924456,-1.07733,-1.41166,-0.385663,-1.1148,-1.12033,-0.0270013,-0.00825637,0.0151267,0.0073941,0.000258357,-0.656964,0.125475,0.66006,-0.0804681,-0.0549342,-0.043799,-0.323427,0.075801,-4.07931],[0.126655,0.140889,0.11496,0.0537245,0.181393,0.167383,0.0468785,-1.32049e-05,-0.00277484,0.0082999,-4.79803e-05,0.0826119,-0.0313873,-0.0804681,0.0436329,0.0151338,0.0173238,0.127729,-0.00284985,1.40232],[0.0864371,0.089143,0.163198,0.0387844,0.114244,0.12457,0.03824,-0.00480493,4.50117e-05,0.0150766,-2.98019e-05,0.0564233,-0.0092483,-0.0549342,0.0151338,0.0323584,0.0286844,-0.0645291,0.00613564,0.677409],[0.0713519,0.0699186,0.0458418,0.0385021,0.119211,0.111454,0.0401873,-0.0024894,0.00102962,0.0273402,-1.55908e-05,0.0462843,-0.0101858,-0.043799,0.0173238,0.0286844,0.0436925,0.0566545,0.0171559,0.95761],[0.546496,0.790045,0.980073,0.216143,0.912036,1.12891,-0.189523,-0.0305154,-0.0281248,-0.0493281,-0.000258512,0.516633,0.0243001,-0.323427,0.127729,-0.0645291,0.0566545,9.84192,-0.126527,9.12877],[-0.115004,-0.146886,-0.240701,-0.043192,-0.140805,-0.154909,0.0110522,-0.00318959,0.000187845,0.0209676,6.07211e-05,-0.0852833,0.0105943,0.075801,-0.00284985,0.00613564,0.0171559,-0.126527,0.0410286,-0.283791],[6.72223,7.73763,5.87881,2.88549,9.56497,8.66444,2.00913,-0.268949,-0.129456,0.479311,-0.00312826,4.61966,-1.03782,-4.07931,1.40232,0.677409,0.95761,9.12877,-0.283791,85.322]],"n":20,"lags":3}