{"betahat":[[-0.0226422,-0.0354277,-0.039393,0.0500105,-0.0809188,-0.0652247,-0.0413811,0.0075922,0.000702461,-0.0117377,0.00146257,-0.242901,0.947632,-0.013141,-0.0149408,1.47071,0.108182,0.108547,-0.00074127,-0.243894,0.322195,0.000971823,-0.153323,-0.0193774,-0.00415421],[0.109298,0.067662,0.116819,-0.0374022,0.477335,0.34496,-0.00949148,0.00995055,0.00246781,0.00248446,0.00214284,0.0603504,0.711456,0.00372726,0.00676067,0.289176,-0.00586403,-0.0204697,0.00132427,-1.1847,-0.0854139,0.00362516,0.0616325,0.104887,0.00375272],[0.102796,0.0388113,0.0376914,-0.0104691,0.470972,0.166232,-0.00476446,0.0122976,0.000378255,0.000255596,0.0037428,0.0359337,1.11562,0.0234673,0.0260753,0.0117648,-0.0121122,-0.0498573,0.0019658,0.661297,-0.159747,0.000124703,0.0673904,0.0731791,0.031466],[-0.0320459,-0.0318949,0.0279668,-0.0130044,-0.240651,0.0374045,0.00180704,0.0160235,-0.000459995,-0.000482395,-0.00458169,-0.0818215,-0.376313,-0.000908468,0.00914141,-0.666988,0.0112667,0.0122178,-0.00293757,-0.801805,-0.040167,0.000204051,0.159961,-0.0454267,-0.0106178],[0.059047,0.00639815,0.0465957,0.083292,0.0322554,-0.0525131,-0.00408778,-0.0491974,0.00147234,0.00655603,-0.00945555,-0.0196588,-0.327914,-0.0323576,-0.0386542,1.47157,0.0303159,0.0618636,0.000380636,-0.166251,0.13849,-0.00020173,0.52698,0.141523,-0.0173808],[0.0146978,-0.00472894,0.012048,-0.00725423,0.133887,0.0896997,-0.00335744,0.0066569,0.000454694,0.000358212,-0.000270424,0.0037182,-0.227198,-0.00225035,-0.00104148,0.0186943,-0.00320817,0.00231309,-6.51892e-05,-0.207137,-0.0132518,0.000490813,-0.0579802,-0.00626673,0.00041601],[-0.0121144,-0.000659957,0.007263,-0.00742729,-0.113856,0.000195292,-0.00124992,0.0042724,0.000448594,-0.000458814,-0.00466429,0.0114684,-0.38214,-0.00589335,0.00288953,-0.276733,0.00751182,-0.00207571,0.00126771,-0.248667,0.0009516,-0.000173727,-0.1751,-0.0163317,-0.00728763],[0.0653281,0.0182609,-0.0515681,-0.0915534,0.443178,-0.116723,0.649378,-0.0538235,0.0071756,-0.00210359,-0.010044,-1.0031,13.5019,0.028109,0.0488723,-9.56353,-0.258978,0.12365,0.00431032,1.2678,0.782212,0.00309026,0.736694,-0.100366,-0.0669757],[-0.107953,-0.205891,0.127844,-0.0172714,0.168345,0.559072,0.00463111,0.135311,0.00320192,-0.00460911,3.48386e-05,0.0261745,-6.67628,-0.0486779,0.0485167,-3.4776,0.025284,0.0943462,0.0142736,-2.96551,0.583602,0.000574383,-0.414456,-0.483987,-0.0324363],[0.0607584,0.199159,-0.138297,-0.0747895,-0.349211,0.0172818,0.0386466,-0.0779787,0.0616177,0.0260686,-0.019681,-0.00846397,-2.7613,-0.0269918,0.0901845,-2.73182,-0.0350785,-0.239166,0.0242028,-0.238438,-0.117123,0.0360127,-1.4325,0.313853,-0.230076],[0.75533,0.135077,0.515011,0.203854,2.85381,1.41345,-0.0259841,0.024116,0.0515715,0.0448215,-0.0507278,0.51627,-10.2136,-0.173881,-0.0526407,-1.30999,0.0204134,-0.101128,0.0052934,2.39634,0.0592427,0.0509842,-1.40286,-0.00523632,-0.0685509],[-0.0105564,-0.0460452,0.0193463,0.0530018,0.166681,0.186837,0.00829273,0.0585682,0.00940408,0.00736911,0.0366441,-0.424746,1.99527,0.0177889,0.0296921,1.78356,0.00160001,0.0895128,0.00471294,0.513131,0.23962,0.0111237,0.0824512,0.0371067,0.0176387],[0.00565828,0.00741603,0.00442929,-0.00127992,0.0153048,0.00784179,-0.0032481,0.000835421,-0.000141458,1.83545e-05,-0.000896127,0.327367,-1.00823,0.00256968,0.00115675,0.0322649,-0.00193321,-0.00209702,-0.000295762,0.0396701,0.155489,0.000127358,0.0210332,0.0042518,0.0067385],[0.000315933,0.000597392,0.000619923,-0.00039227,0.00345702,0.00387161,0.000304588,0.000373974,1.63254e-05,-3.20823e-05,1.84097e-06,-0.0110512,0.190359,0.000377593,0.000280266,0.0138537,0.000616303,-0.000219901,-4.34688e-05,0.0103902,0.00233924,-1.8787e-05,-0.00414747,0.00172093,0.000689273],[0.0429614,0.106971,0.0321277,-0.0431247,0.131499,0.235908,-0.00694796,-0.00688275,0.00360415,-0.000187936,-0.00459364,0.149519,-0.817359,0.0488389,0.0349706,0.0412862,-0.00582758,-0.0958407,0.00336888,0.613481,-0.178411,9.66034e-05,-0.123215,-0.0894073,0.029828],[-0.0582908,0.0503297,0.0188036,-0.0157177,-0.512898,-0.055935,0.0134383,-0.0159608,0.000625253,-0.00190743,-0.00263785,-0.00310323,-0.624421,0.0207866,0.0352849,-1.17335,-0.00431907,-0.0300884,0.00290579,-0.200512,-0.0745924,0.0019992,-0.141652,-0.0810037,0.00138906],[0.00284627,-0.000962358,-0.000939607,0.00143216,0.0246837,0.00873244,-0.00180741,0.000178544,0.000220377,0.000214209,0.000731869,0.000815645,0.14297,0.00081768,-0.00110865,0.206353,0.00256499,0.000412843,-8.07313e-06,0.037382,0.0113757,0.000123819,0.0108688,0.00469598,0.00185063],[0.0450217,0.123385,0.0850875,-0.0704479,-0.115681,-0.0320159,-0.0288538,-0.00776216,0.00934454,0.00029288,0.00486863,-0.311736,2.64547,0.0348961,0.061488,3.48469,0.623271,0.274747,0.00288118,-0.577111,0.340762,0.00331295,0.180417,-0.0387908,0.0727969],[0.00549559,-0.0365944,0.0597419,0.0280275,0.0100377,0.0832603,-0.00303193,-0.0116916,-0.00385732,-0.00186643,-0.0058864,0.253558,1.25646,-0.0113958,0.00304438,0.445653,0.0297663,0.502666,-0.000146979,-0.208396,0.0610768,-0.00327087,-0.163408,-0.0607707,-0.0681033],[-0.0832414,-0.146233,-0.20017,0.0649828,-0.51702,0.0280085,0.0280343,0.314828,0.0063015,-0.0103109,0.0453898,-1.86537,-0.307164,0.0790959,0.173691,-0.500967,0.029798,-0.0498223,-0.385126,4.35732,-0.0508163,0.0292807,0.105699,-0.933647,-0.0540672],[0.00642876,0.00492158,0.00449052,-0.00153476,0.0387744,0.0194829,0.000121366,0.00223192,0.000250291,0.00029011,-0.000272272,0.0017149,0.153059,-0.000346703,-0.0016156,0.0474387,-3.59639e-05,-0.00190124,0.000398342,0.00205451,-0.00847589,0.000292063,0.00206849,-0.00432318,2.44679e-05],[-0.0128529,-0.00741441,-0.0110221,0.00557497,-0.0558802,-0.0201747,0.00685928,-0.0012105,7.18641e-05,-0.00043888,0.00040081,0.20041,0.0360368,-0.003394,-0.000984313,0.143906,0.0012401,0.00394736,-3.91335e-05,-0.0819541,0.499294,-0.000199792,-0.00271776,0.0161164,0.000798768],[0.277608,0.296118,0.0688071,0.26357,0.494958,0.667989,0.0454069,-0.109728,0.0601869,0.026752,0.0117587,0.477276,-6.55332,-0.0201812,0.0136655,0.00757092,-0.130346,0.0105579,0.0495276,1.91538,0.437089,0.0155393,-0.508367,0.443982,-0.0982026],[0.0158696,0.00909756,0.0133646,0.00189811,0.109382,0.0479112,-0.00179019,-0.0070371,0.000587606,0.000310446,0.00117703,0.0364751,0.659701,0.0140234,-0.00190828,0.449098,-0.00197197,-0.0112171,0.000519779,-0.052213,0.0278819,0.00105031,0.0843549,0.0501432,0.0157829],[0.0428562,0.0128051,0.0332224,0.00463821,0.394552,0.226416,-5.16612e-05,0.00723512,-0.000140162,0.00252322,-0.00434591,0.0446768,2.79084,0.00844386,5.38277e-05,-0.0384986,0.00279543,-0.00601224,-0.00173539,0.134512,-0.00188874,-0.00148891,-0.121598,0.168987,0.0312901],[0.213908,0.105124,0.343045,-0.0459633,0.701262,0.351714,-0.04489,-0.0425251,-0.00435557,-0.00168085,-0.0093845,0.594998,9.62325,0.0525522,0.0134672,3.22949,0.0237282,-0.557889,-0.000412756,1.05324,0.434433,-0.00409875,0.302825,0.146383,0.64789],[-0.0075297,-0.00392155,0.014223,-0.00528828,-0.0430467,0.0325686,-0.00123899,0.00521267,0.00112139,-0.000319919,0.00233632,-0.011642,0.488787,0.00977728,0.0168916,-0.0537093,-0.00422029,0.00485381,0.00133003,-0.105024,-0.0100894,-0.000121691,-0.123821,0.0331865,-0.000721795],[-0.00661873,0.0107745,-0.00173003,0.00396917,-0.00150534,0.0135219,-0.00117847,0.0078797,0.000317828,-0.000238397,0.00177419,-0.00549819,0.614872,0.0175807,0.00821786,0.126573,-0.00201693,-0.0067156,-0.00020845,-0.00582955,-0.0604826,5.29018e-05,-0.0712504,0.0536788,0.00928529],[-0.0302812,-0.00606283,-0.0215224,-0.00662401,-0.118157,-0.0200174,0.00114678,0.00605858,0.000849116,-0.000720441,-0.000282795,-0.0249986,-0.0590903,-0.00114872,0.00219887,-0.234828,0.00206643,0.00040437,-0.000355788,-0.188376,-0.00707415,0.00076351,-0.137271,-0.000396152,-0.00798925],[0.0032879,-0.0438183,-0.00657782,-0.00931213,0.150089,-0.0559098,-0.000910744,0.00783174,0.00161547,0.00175183,0.00199569,-0.0503736,0.943562,-0.00854983,-0.021172,0.41824,-0.00228045,-0.0105069,0.000540475,-0.0801522,0.0752864,0.0016883,0.0262143,0.0523336,0.00142497],[0.00357546,0.00253525,0.0048273,-0.00292595,-0.0146772,0.00110473,-0.000243785,0.000216658,6.01827e-05,-5.84906e-05,-6.53936e-06,-0.00163242,-0.059813,-0.000587608,0.00268112,-0.0377718,-0.00068119,-0.000789861,0.000318563,-0.0110156,-0.00831402,-0.000277082,-0.0136148,-0.00254225,-0.000958542],[0.00156337,-0.00193823,-0.00112226,-0.00474417,-0.0249072,-0.0237204,0.0012999,0.00475963,0.000358813,0.000194256,-0.000611373,0.00549398,0.068202,-0.000305058,0.00146937,-0.0707628,0.00160447,-0.00323792,-0.000131205,0.023321,-0.0133546,-4.60438e-05,-0.0139737,0.000597101,0.000574095],[-0.024086,0.0722251,0.0148102,-0.0740677,-0.128562,-0.000663938,0.118669,-0.0337774,0.00205959,-0.00213626,0.00913154,0.0928754,1.63947,0.0452137,0.0239743,-0.587583,-0.0679511,-0.00824435,0.00313885,0.00234458,-0.179037,0.00384626,0.185552,0.124288,0.057866],[-0.0367856,-0.0176193,0.0360743,0.00221367,-0.373051,-0.154238,0.0116364,-0.0266263,-0.00173586,-0.00271023,-0.00274707,-0.0429095,-2.66766,-0.0287154,0.00408584,-0.983271,0.00799397,0.0445444,-0.00633469,-0.97542,0.0279607,-0.00112888,-0.128092,-0.0762202,-0.0231434],[0.0746203,0.146129,0.00158965,-0.0336363,0.00305236,0.0199653,0.0255034,-0.0630646,0.0100037,0.00177648,0.00425294,-0.0538801,-0.364065,-0.0263319,0.00807437,-1.31183,-0.0358418,-0.0753445,0.00651242,-0.173451,0.12587,0.00930923,0.055248,0.0591999,-0.0706193],[0.0112286,0.0137543,0.000222289,0.0240754,-0.181458,0.126271,0.0197418,-0.0325651,0.0116336,0.00514844,-0.00776742,0.118615,-0.845366,-0.0537523,0.0015852,-1.42517,-0.000756845,-0.016376,0.00953282,-1.12449,0.298886,0.00716119,-0.144455,0.188578,-0.0519184],[0.00223802,-0.0152382,-0.00298406,0.0184213,-0.0395026,0.0617195,0.00116888,-0.0108664,0.000302527,-0.000667285,-0.00332228,-0.0558066,0.491863,-0.00550093,0.00462149,0.0867088,0.00217259,0.0233078,-0.000843649,-0.152584,0.0301994,0.00118114,0.193522,-0.04514,0.00344825],[0.00153744,0.00206225,0.000642598,-0.00142992,0.00923361,0.00717686,-0.00117533,0.000411034,6.91646e-05,4.27855e-05,-9.76514e-05,0.0913706,-0.314697,0.000352425,-1.83535e-05,0.0113362,-0.000908192,-0.00191946,0.000298664,-0.00942041,0.0402307,0.000209225,0.00183185,-0.000852049,0.0020797],[-0.000107864,0.000121427,3.53947e-05,-5.72788e-05,-0.00110813,0.000275262,0.000104023,2.18723e-05,-3.29431e-07,-6.19628e-06,-1.5204e-06,-0.00285214,0.0405017,5.34349e-05,0.000134177,0.000206805,0.000171084,0.000226517,-5.28916e-06,0.000753565,-8.82021e-05,-5.69282e-06,-0.0013883,8.40797e-05,9.76996e-05],[0.014363,0.0336909,0.000582385,-0.0156155,0.00416618,0.0262969,-0.0032395,-0.00241202,-0.00013374,-0.000547094,-0.00252789,-0.0416971,-0.0706068,0.00133361,0.00264375,-0.056913,-0.00198436,-0.0183154,-7.53561e-05,0.132924,-0.0643371,0.000138527,-0.0597106,-0.013847,0.00175384],[0.00595305,0.0080791,0.00974757,-0.0110433,3.68372e-06,-0.00893481,0.000965583,0.00613478,-0.000415235,-0.000529594,-0.00228184,-0.0321957,-0.0801399,9.80452e-05,-0.00117571,-0.118936,-0.00480727,-0.0189307,-0.000651131,0.20856,-0.0389552,9.72878e-08,-0.0156004,-0.0415827,0.00296101],[0.000404987,0.000175229,-0.000201382,-8.49818e-05,0.0017584,0.00155603,-0.000344146,5.03843e-06,4.51578e-05,3.01315e-05,0.00012818,-0.000127525,0.0229217,-9.43548e-05,-5.34489e-05,0.0322357,0.000733466,0.000417354,-7.47648e-06,0.00529028,0.00287085,3.10472e-05,-0.000174801,0.000396232,0.000122525],[-0.0405579,-0.0233611,-0.0653724,-0.0119768,0.0139545,-0.107249,-0.000961244,0.00913811,0.00112412,0.000874427,0.0024469,-0.198622,-0.539138,0.0173859,0.00472753,0.36789,0.104749,0.120858,-0.00083195,-0.395052,0.150642,0.00240339,-0.138359,-0.0426995,0.0134264],[-0.00118517,-0.00756709,-0.0066906,-0.00844358,-0.00853645,-0.0189212,-0.00627392,-0.00222717,-0.00147871,-0.000853264,-0.00374537,0.139209,1.14248,-0.00619192,-0.0116516,0.412638,0.0135469,0.0928485,0.000392479,0.031716,0.0307198,-0.000527662,-0.0195999,0.0185426,0.000111098],[-0.0155985,0.0140392,-0.0473985,-0.0215861,-0.0977794,-0.18714,0.0143949,-0.0695287,0.00886782,0.00660907,-0.011423,0.53042,1.43271,-0.025274,-0.0500775,-0.0864301,-0.0194034,0.0266434,0.100597,-0.864553,0.266018,0.00212182,-0.13267,0.250131,-0.0393185],[0.00311725,0.00265235,0.00462939,-0.0004713,0.0123972,0.00815896,-0.000278686,0.00055033,0.000148907,6.59732e-05,0.000293798,0.000539999,0.0408327,0.00076021,0.000562918,0.0270333,-0.000563535,-0.00186101,-2.02019e-05,0.014603,0.00258063,6.01911e-05,-0.00603971,-0.000714951,0.000478961],[-0.00211804,-0.00310666,-0.00234356,0.000605804,-0.0105327,-0.00765026,0.00166144,0.000420981,1.69645e-05,-5.46488e-05,0.000367769,0.0491853,-0.0328807,-0.000731414,-8.77112e-05,0.0351924,-0.000430128,0.00146489,-3.4051e-05,0.000653182,0.117277,1.76985e-05,0.00512889,0.000780467,-0.000288355],[-0.0503413,-0.0517218,-0.0596072,0.0267123,-0.10724,-0.124827,0.021927,-0.0380094,0.00539204,0.00351997,0.00720503,-0.0822938,1.77948,0.0180519,0.0141138,-0.56222,0.0240968,0.104715,0.00117469,-0.553557,0.115807,0.00567949,0.253482,0.161164,-0.0297464],[0.00340357,0.00182776,-0.00376196,0.00250213,0.0181529,0.00921644,-0.000859362,-0.00431683,0.000251143,6.26019e-05,-5.00361e-05,0.0115386,0.0284375,0.00252344,0.000276582,0.0821768,-0.000160559,-0.00122918,0.000126039,-0.0226153,0.00346248,-0.000212069,0.0163421,0.0144929,0.000978268],[0.00290971,0.00212849,-0.00551499,-0.00349306,0.036957,0.0215166,-0.000716558,0.00973974,0.00011265,0.000202544,0.00105722,-0.00929457,0.64308,0.00114458,0.00424479,-0.203602,0.000288234,-0.00758199,0.000933051,0.0474403,0.00637146,0.000391522,-0.0291896,-0.00271423,0.00943495],[-0.032193,-0.0511367,0.0117645,-0.0403677,-0.217104,-0.119909,0.00769136,0.00230089,0.00160231,0.000705738,-0.00120607,-0.104324,1.18019,-0.0149351,0.00418869,0.0297482,-0.00134966,-0.106308,0.000367452,0.126634,0.156939,0.000513731,-0.167742,-0.157427,0.0589368],[-0.0329224,-0.0227274,-0.0235431,-0.00666451,-0.0878619,-0.0118609,0.000658446,0.00200311,0.000214825,-0.000664919,-0.000478869,0.00261842,-0.170504,0.00223654,0.00700552,-0.189843,-0.000547607,-0.00208407,-9.93387e-05,-0.148276,-0.0196282,0.000155353,-0.0727519,-0.00830547,-0.00366245],[-0.0189133,-0.0183072,-0.0121185,-0.00577279,-0.0012725,0.0175988,-0.0018607,0.00645487,-9.65748e-05,-0.0003859,-0.000654006,-0.00109253,-0.0526531,0.00373691,0.0052181,-0.0339566,0.000327049,-0.00706995,-0.00014308,-0.0698394,-0.0117051,-0.000396465,-0.0413824,-0.0194417,0.0035275],[-0.0214311,-0.0198948,-0.0252585,-0.00359853,-0.0333954,-0.0258199,0.000947864,0.00089401,0.000192943,-0.000531362,-0.000483659,-0.00394049,-0.149728,-0.00325443,-0.000453327,-0.0793838,0.00146614,-0.00330045,-0.000170784,-0.0759252,-0.00927305,-0.000204775,-0.0461166,-0.00860286,-0.00296562],[0.0217086,0.0119761,0.0242267,-0.0119,0.0718679,0.0203794,0.000919393,0.00343799,0.00156426,0.00109015,0.000178925,-0.00277618,0.358271,-0.00305587,-0.00357135,-0.0414933,0.00326176,-0.00517527,0.000412923,0.115223,0.029139,0.000858344,0.033153,0.0331949,-0.000510321],[-0.00118012,-0.000368007,0.00179806,-0.000488227,-0.0144067,-6.43127e-05,0.000274216,-9.62014e-05,-3.34691e-06,-5.69565e-05,-0.000103067,0.00046629,-0.0366686,-0.000323658,0.00131453,-0.0379396,0.000299764,0.000904208,7.61271e-06,-0.00833599,-0.000769914,1.47374e-05,-0.00877785,-0.00336004,-0.000229305],[-0.0042153,-0.00347599,-0.00236867,0.00040506,-0.0142955,-0.00419666,0.00076471,0.00178894,4.62268e-05,-7.6247e-05,-0.000379342,-0.00520349,-0.0282452,-0.00086883,9.1548e-05,-0.0468681,0.00126151,-0.0018362,-8.45755e-05,-0.0250557,-0.00905387,5.97371e-05,-0.0179622,-0.00754451,0.000563344],[0.0783982,0.110374,-0.0167685,-0.0200619,0.124328,0.0535235,0.0365867,-0.0150963,0.00193623,0.00192375,-0.0020598,0.293886,0.350371,0.0180217,0.0057404,0.528418,-0.000275523,-0.0448358,0.000491421,0.884195,-0.415366,0.000123038,0.195976,0.0300447,0.0607733],[0.00445886,-0.0211265,0.0138794,0.00981802,-0.063385,-0.0988408,0.00656099,-0.00193236,-0.0010242,9.14256e-05,0.000274749,0.0128407,-0.796257,-0.0108158,-0.00631551,-0.150842,0.00119574,0.025682,0.00254024,-0.0325188,0.00508972,-0.00115162,0.0107409,-0.0130879,-0.00894143],[0.0129034,0.0355756,0.0557675,-0.0245736,0.000800427,0.078248,0.00591973,0.017821,0.00153833,0.000450219,-0.000929905,-0.121079,0.175266,-0.00991565,0.0102268,-1.44486,-0.0209792,-0.0266641,-0.0029919,0.295376,-0.0839113,0.000366814,-0.400821,-0.0945514,-0.0237464],[0.0250819,0.0210216,0.0526993,0.00043213,-0.0591343,-0.0274071,0.017688,-0.00442213,0.00399595,-0.000495302,0.00183401,0.136984,-0.76475,-0.0152128,0.0154898,-1.24034,-0.0210515,0.00532121,0.00227828,-0.136194,0.083075,0.00217918,-0.190881,0.0297371,-0.0396289],[0.00513056,0.0112287,0.0178729,0.00102664,-0.0434359,-0.0344696,0.00380907,-0.00790714,0.000794462,0.00099988,-0.0028765,-0.0540556,0.186622,-0.00716513,-0.0115011,0.0032912,0.00171619,0.00159957,-9.21098e-05,-0.0308019,0.0374674,0.000142094,0.0258783,-0.00121683,-0.00924441],[0.000225192,0.000436212,-0.000156776,-0.000131609,0.00238959,0.00122403,-0.000260015,0.000675309,-2.99123e-05,-2.02448e-05,-0.000102172,0.0393498,-0.115872,0.000385761,7.59763e-06,0.00596369,0.000266586,-0.000201405,-5.41206e-05,0.00893874,0.0181234,4.00695e-05,0.00108596,-0.00150172,0.00133999],[5.88736e-05,0.00018882,0.0001467,-6.9989e-05,-0.000591208,-4.94095e-05,4.59466e-05,2.88525e-05,-1.08322e-06,-1.83664e-06,8.1046e-06,-0.00140042,0.0173664,4.6618e-06,3.77757e-05,0.00149768,0.000110259,-9.18628e-05,-1.21663e-06,0.00127518,-0.000318832,-4.29009e-07,-0.000772831,0.000102141,5.01729e-05],[0.00990791,0.0108304,0.00909219,-0.00495461,0.0267901,0.00425881,-0.000748722,-0.0009798,-2.80161e-05,0.000230606,-0.000995916,-0.00246773,0.127148,-0.00101372,-0.00202327,0.0338626,-0.000565557,-0.0120232,0.000262021,0.0842484,-1.83732e-05,-2.29648e-05,-0.028719,0.007156,0.00359766],[-0.00583079,-0.00629421,-0.00169497,-0.00378726,0.0104538,0.00271255,0.000433082,0.00189576,-0.000120744,-0.000199847,0.00025402,-0.0119406,0.178841,0.00323491,0.00040419,-0.019246,1.54703e-05,-0.00267125,0.000287529,-0.011311,7.27685e-06,-1.10652e-05,-0.00118649,0.00620102,0.00214087],[0.000159659,0.000139899,1.36683e-05,6.21879e-05,-0.000142225,0.00030963,3.51967e-06,7.50461e-05,2.42077e-05,2.00143e-05,1.31965e-06,-0.000983038,0.0152043,-0.00011585,-4.01753e-05,0.00801524,0.000325932,-3.00254e-06,3.32869e-06,0.00192241,0.00144299,2.02954e-05,-0.000129814,0.000159114,-6.49094e-05],[0.0120427,0.032795,-0.0306313,-0.0193326,0.0908812,0.0143526,0.00503077,-0.0101291,0.000303641,0.000534367,-0.00143621,-0.210697,-0.858177,0.00813259,-1.78843e-05,-0.191647,0.0166597,0.0739475,0.00144787,0.120163,0.139945,0.00104276,-0.0076879,-0.0287433,-0.0126718],[0.0116071,0.0150461,-0.00639874,-0.00580825,0.026633,-0.00804762,-0.00468507,-0.0037596,-0.00108218,-0.000591702,-0.00135117,0.0922875,0.774579,0.000297926,-0.00541402,0.279045,0.00660411,0.0362836,-0.000711894,0.131345,-0.00456262,-0.000617221,0.055264,0.0377594,0.00800034],[-0.0146396,-0.00371258,0.0520555,-0.0119102,-0.178276,0.0734702,-0.00287345,0.032388,0.00119116,-0.00258685,0.00458864,-0.193982,-0.175368,0.00073116,0.018205,-0.107263,-0.00117789,-0.0243874,-0.0432415,0.694691,0.231193,0.0011177,0.0739296,-0.169827,-0.00776775],[-0.000205597,0.000165316,0.00178559,-0.000739546,-0.000643491,0.0012916,8.86856e-05,0.000487611,3.36623e-05,-2.14706e-05,9.73429e-05,-0.00105131,-0.00739616,8.34109e-05,0.000150715,0.00195334,-0.0001757,-0.000707645,3.86552e-05,0.000101124,3.11895e-06,1.97125e-05,-0.00039563,-0.00157813,-0.000440826],[-0.000637342,0.000123426,-0.00309178,0.000237309,-0.000121751,-0.000996609,0.000465223,0.00049866,1.00827e-05,-2.69647e-05,0.000343,0.0231069,0.0237048,0.000219794,-0.000107822,0.0314058,-7.28605e-05,-6.02665e-05,-2.82441e-05,0.00557105,0.0483545,0.000113453,0.00378072,0.00267507,0.000742875],[0.029937,0.0410465,0.00861363,-0.0544625,0.131359,0.00199717,0.00102188,0.00754927,0.00160827,-2.64894e-05,-0.000301419,0.0275703,0.545026,-0.00953104,-0.0042693,-0.318518,-0.0296904,-0.0811209,0.00366009,0.221094,0.126512,0.000776536,-0.180927,-0.0396467,-0.0113853],[0.00268177,0.00321728,0.000156062,-0.00188703,0.00227151,-0.000249593,-0.000127499,-0.00136185,5.34476e-05,-8.28015e-06,-0.000131337,0.00269543,0.0122811,0.000685576,0.000361217,0.0121388,0.000642649,-0.00159884,0.000116872,0.00866927,-0.000721867,1.75875e-05,0.00437518,0.00372453,0.000941741],[0.00460968,0.00387817,0.00988379,-0.00367248,-0.0109841,0.00658849,0.000467067,0.00522548,3.43598e-06,5.77301e-05,0.000468134,-0.00313681,0.226199,-0.00106295,0.0029038,-0.175916,-0.000212164,-0.00393627,-4.80528e-05,0.0223011,0.0134608,0.000148573,-0.0143653,0.00940912,0.00590792],[-0.028994,-0.0325519,-0.023836,-0.00150946,-0.046214,-0.0389619,0.00662936,0.00713347,0.00346386,0.00283322,-0.00122295,-0.0835244,0.698599,-0.00598953,0.000840153,0.0261081,-0.000400296,-0.0495198,0.000705706,0.149128,0.135321,0.00273142,-0.193212,-0.0823194,0.00251715]],"sigmahat":[[0.66091,0.405027,0.532379,-0.00521341,2.41839,1.06298,-0.0610671,0.00543933,0.00605402,0.0145651,-0.0057858,0.371083,4.55285,0.00868609,-0.0277198,3.16462,0.00907809,-0.149414,0.00408477,2.76494,-0.254059,0.00289224,0.0881066,0.324261,0.170848],[0.405027,0.588914,0.374223,-0.0704783,0.658922,0.57063,-0.00946741,-0.0765527,0.00309306,0.00448054,-0.00840738,0.236007,1.22761,0.0123985,0.0128894,-0.0133754,-0.0411468,-0.256739,0.00400974,1.61009,-0.350996,0.00270266,-0.308051,0.126785,0.0805514],[0.532379,0.374223,1.08126,-0.0809478,1.45844,1.37306,-0.083611,0.0444707,0.00787578,0.00958507,-0.00873248,0.126653,2.03546,0.0102881,0.0556077,0.420175,0.01806,-0.400114,0.00578757,0.844854,-0.146957,0.00353152,-0.711319,-0.0689828,0.260501],[-0.00521341,-0.0704783,-0.0809478,0.285215,-0.0586628,-0.145228,-0.0277444,-0.0519418,-0.00325896,0.00185558,0.0018719,0.306496,-1.00205,-0.0129925,-0.0361966,2.69771,0.149239,0.576515,-0.000219663,0.504179,0.483153,-0.00340423,0.618415,0.206118,-0.109919],[2.41839,0.658922,1.45844,-0.0586628,15.3837,6.43039,-0.298928,0.39568,0.0250688,0.0705555,0.0272027,1.04429,35.3735,0.198927,-0.231802,20.3201,-0.065209,-0.589645,0.0155361,10.1374,-1.08255,0.0177814,0.873294,1.86958,0.887488],[1.06298,0.57063,1.37306,-0.145228,6.43039,5.3536,-0.256126,0.260578,0.0265767,0.0267312,-0.00385474,0.51968,14.535,0.0912295,0.120531,4.92384,0.0367696,-0.617755,0.00570874,0.730595,-0.391334,0.0139814,-1.83325,0.45268,0.525042],[-0.0610671,-0.00946741,-0.083611,-0.0277444,-0.298928,-0.256126,0.99185,-0.0128846,-0.00365174,0.00425827,-0.00299012,-2.18608,-8.59501,-0.0270895,-0.00602837,-34.8045,-2.69685,-3.57781,0.00129657,3.15335,-5.8701,-0.000792255,0.87272,-0.10533,-0.0658001],[0.00543933,-0.0765527,0.0444707,-0.0519418,0.39568,0.260578,-0.0128846,0.126401,0.00339127,0.00222187,0.0045027,-0.205865,1.54548,0.0181843,0.0208554,-0.389296,0.000395842,-0.170981,-0.00621528,0.328383,-0.106765,0.00241781,-0.197521,-0.116941,0.0653257],[0.00605402,0.00309306,0.00787578,-0.00325896,0.0250688,0.0265767,-0.00365174,0.00339127,0.00229481,0.00118516,0.00116571,-0.00235742,0.0702829,0.000772291,0.00198887,0.146287,0.00631841,-0.0274224,0.000665946,0.00493572,0.043221,0.00125119,-0.0282259,-0.000117136,0.00891558],[0.0145651,0.00448054,0.00958507,0.00185558,0.0705555,0.0267312,0.00425827,0.00222187,0.00118516,0.0017367,0.000331817,0.0250082,-0.0820508,0.00117217,-0.00179937,-0.0950684,-0.01819,-0.0407823,0.000599888,0.0806881,-0.0329528,0.000683636,0.0164591,0.0100263,0.0074561],[-0.0057858,-0.00840738,-0.00873248,0.0018719,0.0272027,-0.00385474,-0.00299012,0.0045027,0.00116571,0.000331817,0.00998694,-0.00687235,0.371016,0.0118413,0.00578229,0.482495,0.00515227,-0.0108628,-0.000540326,0.0438254,0.0848786,0.000833239,0.0841451,0.0114788,0.0115167],[0.371083,0.236007,0.126653,0.306496,1.04429,0.51968,-2.18608,-0.205865,-0.00235742,0.0250082,-0.00687235,66.6555,-104.018,0.102059,0.0115797,111.86,7.70858,13.154,0.0328325,-11.2204,75.3982,-0.0121423,0.88861,1.18948,1.22216],[4.55285,1.22761,2.03546,-1.00205,35.3735,14.535,-8.59501,1.54548,0.0702829,-0.0820508,0.371016,-104.018,1305.46,1.45037,-0.804206,504.107,31.204,34.7161,-0.112823,28.3478,12.2618,0.0396751,-16.1257,21.251,7.00205],[0.00868609,0.0123985,0.0102881,-0.0129925,0.198927,0.0912295,-0.0270895,0.0181843,0.000772291,0.00117217,0.0118413,0.102059,1.45037,0.052833,0.0261431,1.36161,0.0415674,-0.0166183,-0.00250608,0.241345,0.170343,0.000552902,0.0481327,0.0396656,0.0534026],[-0.0277198,0.0128894,0.0556077,-0.0361966,-0.231802,0.120531,-0.00602837,0.0208554,0.00198887,-0.00179937,0.00578229,0.0115797,-0.804206,0.0261431,0.0722022,-1.23434,0.0241803,-0.0881742,-0.00307743,-0.302963,0.139616,-0.000207023,-0.334648,-0.111794,0.0356863],[3.16462,-0.0133754,0.420175,2.69771,20.3201,4.92384,-34.8045,-0.389296,0.146287,-0.0950684,0.482495,111.86,504.107,1.36161,-1.23434,1439.06,103.74,143.105,-0.0559056,-90.6706,286.674,0.0657919,-17.5744,10.2042,3.70627],[0.00907809,-0.0411468,0.01806,0.149239,-0.065209,0.0367696,-2.69685,0.000395842,0.00631841,-0.01819,0.00515227,7.70858,31.204,0.0415674,0.0241803,103.74,8.43445,11.9015,-0.00633405,-9.28997,21.238,-0.0022985,-2.51802,0.246673,0.00266782],[-0.149414,-0.256739,-0.400114,0.576515,-0.589645,-0.617755,-3.57781,-0.170981,-0.0274224,-0.0407823,-0.0108628,13.154,34.7161,-0.0166183,-0.0881742,143.105,11.9015,21.2434,-0.0065814,-13.9133,29.3723,-0.02732,-2.32872,0.62452,-1.4914],[0.00408477,0.00400974,0.00578757,-0.000219663,0.0155361,0.00570874,0.00129657,-0.00621528,0.000665946,0.000599888,-0.000540326,0.0328325,-0.112823,-0.00250608,-0.00307743,-0.0559056,-0.00633405,-0.0065814,0.00949893,-0.107505,-0.0189043,-0.000137645,0.000270159,0.0189078,-0.000405816],[2.76494,1.61009,0.844854,0.504179,10.1374,0.730595,3.15335,0.328383,0.00493572,0.0806881,0.0438254,-11.2204,28.3478,0.241345,-0.302963,-90.6706,-9.28997,-13.9133,-0.107505,69.7302,-23.4082,-0.0172417,7.21723,0.722952,0.760614],[-0.254059,-0.350996,-0.146957,0.483153,-1.08255,-0.391334,-5.8701,-0.106765,0.043221,-0.0329528,0.0848786,75.3982,12.2618,0.170343,0.139616,286.674,21.238,29.3723,-0.0189043,-23.4082,130.38,0.00851157,-3.08913,1.97218,2.54843],[0.00289224,0.00270266,0.00353152,-0.00340423,0.0177814,0.0139814,-0.000792255,0.00241781,0.00125119,0.000683636,0.000833239,-0.0121423,0.0396751,0.000552902,-0.000207023,0.0657919,-0.0022985,-0.02732,-0.000137645,-0.0172417,0.00851157,0.00141226,-0.0169982,-0.000638721,0.00733923],[0.0881066,-0.308051,-0.711319,0.618415,0.873294,-1.83325,0.87272,-0.197521,-0.0282259,0.0164591,0.0841451,0.88861,-16.1257,0.0481327,-0.334648,-17.5744,-2.51802,-2.32872,0.000270159,7.21723,-3.08913,-0.0169982,8.24654,1.07292,-0.221257],[0.324261,0.126785,-0.0689828,0.206118,1.86958,0.45268,-0.10533,-0.116941,-0.000117136,0.0100263,0.0114788,1.18948,21.251,0.0396656,-0.111794,10.2042,0.246673,0.62452,0.0189078,0.722952,1.97218,-0.000638721,1.07292,2.3159,0.13193],[0.170848,0.0805514,0.260501,-0.109919,0.887488,0.525042,-0.0658001,0.0653257,0.00891558,0.0074561,0.0115167,1.22216,7.00205,0.0534026,0.0356863,3.70627,0.00266782,-1.4914,-0.000405816,0.760614,2.54843,0.00733923,-0.221257,0.13193,0.798258]],"n":25,"lags":3}