{"betahat":[[0.238923,0.0130824,0.188143,0.592123,0.941667,0.119186,-0.0232767,-0.40613,-0.0640722,-0.0433837,0.662931,0.0671856,-0.158237,4.4655,0.122834,0.884247,0.0855945,1.32116,1.27673,-0.0867939],[0.983895,0.0718374,0.0765596,-0.0331027,0.122003,0.41123,-0.00105257,0.0171021,0.00174377,0.00430986,0.341386,-0.00766547,0.00300219,-0.04407,-0.00239225,-0.0159142,0.00342623,-0.0436763,0.00132722,0.00430638],[0.113093,0.796705,0.0658756,-0.00846357,1.04092,0.297647,-0.00294041,0.0878,0.00434735,0.0197829,0.510795,0.0459461,0.0588914,0.096649,-0.0237294,-0.0295746,0.00687522,0.0631911,0.0155036,0.032877],[-0.0529082,-0.0652527,0.911485,0.00197531,-0.229144,0.0160708,-0.0049466,0.01793,-0.000613906,-0.00847283,-0.592859,-0.00530499,-0.00303304,0.124266,0.0181002,-0.0149564,-0.033318,0.132865,-0.113598,-0.0100518],[0.0859024,0.118874,0.0167407,0.857522,-0.139968,-0.117073,-0.0142417,-0.0464848,0.000682809,-0.0271481,0.668688,-0.0850485,-0.0716984,0.663579,0.0425877,-0.0741389,0.0443743,0.365206,0.129221,-0.012246],[-0.00644731,-0.00907464,-0.00227443,-0.00640873,0.975788,0.030355,-0.0010223,0.00395223,0.000829115,0.000236471,-0.0173584,-0.00285962,-0.00324659,0.0167047,-0.00211858,0.0038934,-0.00527821,0.0062581,-0.00297868,0.00164627],[-0.0231149,-0.0242045,-0.00427945,0.0135221,-0.24625,0.783146,-0.00232382,-0.00276786,-0.00164622,-0.00694839,-0.464069,-0.014855,-0.0142848,-0.0616677,0.00843,0.00765478,0.00486775,-0.140554,0.015883,-0.0109431],[-0.101579,-0.578732,-0.788885,0.191773,1.79112,0.29809,1.01113,0.117271,-0.0117433,0.101285,4.0803,0.117237,-0.0872961,4.744,-0.0873241,0.080713,-0.193822,2.67331,-0.566242,-0.011125],[-0.0510321,-0.0772146,0.207929,-0.0781555,0.449497,0.814459,-0.0150744,1.06341,0.0164932,0.00606107,-5.28713,0.00943626,0.102419,-1.7122,0.00471167,-0.123649,0.172145,-0.023331,-0.313074,0.000862963],[0.370256,0.766137,-0.592472,0.0318797,-1.36874,-1.74058,0.00899238,0.0206773,1.08725,-0.0482743,-12.9853,-0.419442,0.236793,-4.29486,0.0830273,0.234677,0.380725,-2.19609,1.06439,-0.268446],[0.0141165,-0.125946,0.0111098,0.0457834,1.13849,0.331206,0.0838631,0.441792,0.0413818,1.0505,7.80475,0.100443,0.0443431,2.37214,-0.0329094,0.229275,0.285143,-0.578118,0.902453,0.0741024],[0.00253419,-0.000421566,0.00697126,0.000296745,0.0397462,0.0355805,0.000272148,0.00135959,-4.32836e-05,-0.00169278,0.996842,-0.00115886,7.51746e-05,-0.0234915,5.51734e-05,-0.00283492,-0.000677814,-0.0135415,-0.00240849,0.00127468],[0.392736,0.336022,0.034829,-0.0884148,1.238,0.744273,-0.0162023,0.0602189,0.00877475,-0.0130018,-3.11671,1.02424,-0.0240635,0.78132,0.0245645,-0.112607,-0.0584317,1.07124,-0.558911,0.121224],[-0.478109,0.0612442,-0.0664572,0.0844687,-2.73209,-0.668443,0.0296749,-0.123696,-0.00276927,-0.017263,-2.34353,0.0049757,1.01899,-2.02651,0.0494975,0.103984,0.102108,-0.492908,0.278931,-0.0272538],[0.0172857,0.00155162,0.0232272,0.00606996,0.115394,0.080268,-0.0046476,0.00636222,0.00188105,0.00476748,0.0339821,0.00784589,0.00522215,1.06902,-0.000400966,-0.00869439,0.000100851,0.0342789,0.00804309,0.0039814],[0.492019,0.35726,1.20641,-0.0499919,0.763873,0.59307,-0.0435201,-0.0448693,0.0283133,0.0159873,-0.602376,0.0145593,0.105454,-0.118587,1.11325,-0.0293497,-0.193509,0.564028,0.0823215,0.019482],[0.0903986,0.0184784,0.128747,0.194544,0.14833,0.295799,0.00664566,-0.127704,-0.00123378,-0.0209726,-1.94902,-0.0152268,0.031355,-0.850316,-0.0155073,1.06475,0.0581282,0.0413368,-0.140735,-0.0209475],[0.0433506,-0.014564,0.237838,0.0979832,-0.233105,0.164246,-0.0161259,0.138345,0.00198215,-0.0064164,0.939599,0.0351783,0.0338193,-0.0803072,-0.0308342,-0.0331078,0.900611,-0.0574571,-0.248095,-0.0160789],[0.0270034,0.0187415,0.0435647,-0.00325686,0.221479,0.0616694,-0.00602065,-0.0124493,0.000158267,-0.00264428,0.655532,-0.00187668,-0.0122405,0.155913,-0.00178149,-0.00339357,0.00330472,0.499758,0.0987731,0.0166301],[-0.0483893,-0.0634521,-0.00742935,0.00904996,0.282884,0.260366,0.00096494,0.0690328,-0.00451574,-0.00601126,1.98008,0.0151529,0.0157241,-0.0190296,0.00626812,-0.0532234,-0.0433356,-0.172191,0.551751,0.027874],[0.301336,0.0471057,0.871765,-0.225837,0.432861,0.0537927,-0.0394984,-0.105409,-0.00109014,-0.0540916,0.0718429,-0.107288,-0.0413197,0.395901,-0.0390766,-0.0678921,0.145713,-0.930992,0.476026,1.11835],[0.0428577,-0.0308471,0.00715252,0.0627217,-0.0343476,-0.161224,-0.00767206,-0.0131693,-0.000419345,0.0048382,0.172752,0.0330003,0.0418547,0.125424,-0.00831643,0.00066649,0.00433632,0.0242877,0.0562236,0.00352605],[-0.0661181,0.2051,0.00765059,0.0438202,-0.735199,-0.158129,0.00275529,-0.0452459,-0.00231559,-0.00328971,0.789225,0.0181468,-0.0260761,0.469801,0.0117308,0.00875973,-0.0104134,0.0519225,0.0972569,-0.0110669],[0.00191601,0.0465123,0.0628979,0.000286805,0.075021,0.0312369,1.50938e-05,-0.00170257,0.00071431,0.00488042,-0.146739,-0.00689625,-0.00313317,-0.2808,-0.00858454,0.00813632,0.0104216,-0.206977,0.0393556,-0.000283065],[-0.080073,-0.090823,-0.166421,0.0549723,0.190429,-0.13001,0.0107215,0.0411277,0.000222237,0.0267133,0.671739,0.0583027,0.0065472,0.42115,-0.0203511,0.0658097,-0.0253704,-0.00970015,0.0327731,0.0241269],[0.0175989,0.0100687,0.0114768,0.00299456,0.0132981,-0.0395232,-0.000722531,-0.00306828,-0.000629193,0.000594529,-0.0214713,0.00245779,0.00725679,-0.00989302,2.23086e-05,-0.00321644,0.00851868,0.0133774,0.00990318,-0.000489969],[0.0318237,0.0135369,0.0104637,-0.0161131,0.21689,0.126975,0.00105929,0.0111576,0.00224599,0.00616013,0.586392,0.012542,0.00889043,0.147195,-0.00436066,-0.0128316,-0.00269939,0.169261,0.0114112,0.0109399],[-0.349296,0.323757,0.552428,-0.375836,-2.91847,-1.04153,-0.00508578,-0.124001,0.00673539,-0.0112882,-4.58628,0.108026,0.161247,-4.15047,-0.180674,-0.0716772,0.201177,-2.2284,0.968849,-0.0441904],[-0.0379111,0.0164139,-0.113572,0.0375513,-0.66116,-0.772357,0.0129932,-0.0269496,-0.0110747,0.00139228,1.24411,-0.0117827,-0.0591271,1.05504,0.00881437,0.0426553,-0.200611,-0.448989,0.140338,0.0051285],[-0.5579,-0.310349,-0.598548,-0.528337,0.105248,0.304623,0.045114,-0.204359,-0.0644059,0.114355,9.69912,0.108179,-0.156254,3.94133,-0.15064,-0.132772,-0.0703466,3.29543,0.284644,0.032762],[0.00128772,0.0626788,-0.420751,0.100753,-0.83757,0.353136,-0.0594664,-0.533112,-0.0164365,-0.0589876,-8.3089,-0.210388,-0.0877589,-0.967751,0.0113615,-0.0782084,-0.186388,0.54583,-1.09194,-0.127425],[-0.00376876,0.00305573,-0.00444367,-0.00197401,-0.0426391,-0.0172215,-0.000432867,-0.00369805,-3.19519e-05,0.00131143,-0.0158984,0.00122064,0.00149831,-0.00866335,0.000138292,0.00269426,-0.000544429,0.00982882,-0.000777862,-0.00108248],[-0.115516,-0.0517589,-0.0282618,0.0267152,-0.49703,-0.473661,0.000715383,-0.0388605,-0.0206222,0.00247152,0.696713,-0.0405148,-0.00502316,-0.557412,-0.0520442,0.0444565,-0.0362646,-0.615223,0.247555,-0.0847],[0.474405,-0.0202521,0.143494,-0.0318972,2.41411,0.447128,-0.0119718,0.137687,0.00145188,-0.0105665,1.8739,-0.011063,-0.0278712,1.76858,-0.0384121,-0.0613064,-0.105714,0.513598,-0.257137,0.0363878],[-0.0107979,0.00259592,-0.0127882,-0.0107805,-0.10238,-0.0529255,0.00241663,-0.00519993,-0.00134193,-0.00306528,-0.0720848,-0.00841183,-0.00174386,-0.0744061,0.00183604,0.00650797,-0.00328451,-0.0344099,-0.0142395,-0.00389657],[-0.393231,-0.44362,-0.833796,0.0607267,-0.40413,-0.748921,0.0429998,0.115554,-0.0165873,-0.00689956,-0.0940757,0.0234758,-0.0480278,0.237686,-0.013,0.0939189,0.119165,-0.558999,-0.0210379,0.0544747],[-0.0705852,-0.0716255,-0.0871109,-0.124774,-0.122803,-0.23766,-0.00333957,0.0935642,0.000588353,0.00675962,1.25875,-0.00961697,-0.0364254,0.395136,0.0104073,-0.0383144,-0.0301496,-0.132433,0.0463338,0.00702281],[0.0628324,0.0948249,0.00404665,-0.0692651,0.403797,-0.0116121,0.00916034,-0.167963,-0.000844461,-0.0196058,-0.612299,-0.0688973,-0.0921242,0.258145,-0.0108896,-0.00759231,0.327041,-0.000465916,0.353049,-0.00992436],[0.00897235,0.033613,-0.0514422,0.0127372,-0.0619331,0.0324367,-0.00115679,-0.0222833,0.00106113,-0.00111483,0.0472059,-0.00162143,0.00608995,-0.0988453,-0.002279,-0.0060926,0.00226968,0.202986,0.0318414,-0.00533236],[-0.0386209,-0.0101361,-0.145169,-0.0208076,-0.216182,-0.230164,-0.00528648,0.0508988,0.00361563,0.0178567,-0.436667,0.0196762,0.0424653,-0.655726,-0.00365627,-0.0266929,0.0371294,-0.112205,-0.0848536,0.01028],[-0.298628,-0.134001,-0.626774,0.0137611,-0.936164,-0.393178,0.0265829,0.114409,0.00782292,0.0584063,0.321991,0.0383909,0.0285317,-0.418347,-0.0178946,-0.0214256,-0.0867177,0.798422,-0.38064,-0.110268],[-0.026759,-0.0409932,-0.0837156,-0.0296214,-0.0876729,-0.250017,0.00872503,-0.00392839,-0.00132446,-0.00914757,-0.514124,-0.0253338,-0.0448578,-0.0813384,0.0107071,0.0152415,-0.0077645,0.019387,-0.0575593,-0.00783206],[-0.0469802,-0.00180819,-0.0735275,-0.0353593,-0.305733,-0.139526,0.000185276,-0.0425497,-0.00203199,-0.016493,-1.30001,-0.0640919,-0.0328168,-0.566425,0.0119972,0.0208086,0.00353656,-0.115114,-0.11277,-0.0218094],[0.0509827,0.0187338,0.0256038,-0.00226619,0.154099,-0.0473308,0.00493228,-0.0162224,-0.000100256,0.00359323,0.739618,0.0122024,0.0061659,0.156541,-0.00951759,0.00681346,0.0228929,0.0741111,0.0742324,0.0103343],[-0.00583243,-0.028049,0.149682,0.0875044,-0.0504815,0.247075,0.00352113,0.00536573,-0.000904871,0.000436048,-1.3404,0.0267476,0.0651497,-1.08469,-0.0222385,0.00832079,-0.0190059,-0.355507,-0.162001,-0.01188],[-0.0111642,-0.00100271,-0.0092037,0.00341322,0.0108517,0.00915104,0.0017463,-0.000872251,-0.000199022,-0.00082995,0.0388344,0.000401279,-0.00400956,-0.0068126,0.00209458,-0.000685183,-0.00324422,-0.0196537,-0.00693537,-0.00115583],[-0.00871739,0.0106609,-0.00618543,0.00258805,0.0293236,0.089854,0.00126587,-0.00837701,-0.000599245,0.000789055,-0.122318,0.00231331,0.00539285,-0.0854977,-0.00407055,0.00516845,-0.00217171,-0.0287188,-0.0273058,3.62045e-06],[0.468701,0.281249,0.254119,0.187702,1.18002,0.794601,-0.0102172,-0.0140485,0.00250227,-0.0911027,0.380042,-0.222807,-0.0791887,-0.537606,0.268773,-0.0123593,-0.00236899,-0.411155,-0.410514,0.0578825],[0.0889375,0.0608073,-0.0943444,0.0406019,0.211574,-0.0421029,0.00208343,-0.0364423,-0.00541669,-0.00744708,4.04277,0.00235047,-0.0432899,0.65713,-0.0135338,0.0809672,0.028463,0.472312,0.172697,-0.00599354],[-0.415528,-0.514445,0.455067,-0.000690258,-1.76412,0.687992,-0.00483888,0.0892164,-0.0792895,-0.145564,-8.51169,-0.0977568,0.0494132,-7.12307,-0.0622691,0.333598,-0.0574929,-2.54782,-1.43422,-0.0535332],[0.137925,0.290658,0.488825,-0.0406005,0.0689915,-0.325206,-0.0190908,0.00779658,-0.00122944,-0.00479722,1.77955,0.125303,-0.0282111,-0.126722,0.0706672,-0.22884,-0.18513,0.542687,0.163737,0.0802794],[0.0013117,-0.00252098,-0.00216968,0.00180431,0.00278493,-0.0178324,0.000172621,0.00246179,6.99565e-05,0.000348275,0.0147659,-5.87197e-05,-0.00154362,0.0319849,-0.000126762,0.000107181,0.00122463,0.0032012,0.00313751,-0.000170113],[-0.271461,-0.307531,-0.042282,0.0616001,-0.614444,-0.275473,0.0184809,-0.00745674,0.0160407,0.0165707,2.56266,0.0076188,0.0155875,-0.0924979,0.0176662,0.0370599,0.0739351,-0.373065,0.271334,-0.0316465],[-0.00219224,-0.0448295,-0.0974565,-0.0554603,0.333132,0.202588,-0.017268,-0.0140527,0.00150823,0.0280172,0.44124,0.00513121,-0.000926734,0.305739,-0.0176271,-0.0523758,0.00552736,-0.00115144,-0.0389729,-0.0089432],[-0.00651386,-0.00415789,-0.0104114,0.00472896,-0.0133861,-0.0274465,0.00225362,-0.000972036,-0.000517874,-0.001673,0.0387939,0.000572436,-0.00343512,0.00517394,-0.00143057,0.00214871,0.00314637,-9.09515e-05,0.00629227,-8.90661e-05],[-0.0989421,0.0865132,-0.372679,-0.0109139,-0.362435,0.152167,0.000862712,-0.0682936,-0.011493,-0.00874249,0.704345,-0.0374942,-0.0571538,-0.117504,-0.100832,-0.0653958,0.07433,-0.00712922,-0.0607323,-0.0738999],[-0.0181005,0.0564079,-0.0386548,-0.068317,-0.0294705,-0.0574134,-0.00285917,0.0371061,0.000824259,0.0147395,0.707727,0.025611,0.0052247,0.461016,0.00455335,-0.0288966,-0.0274995,0.0923193,0.0974044,0.0144509],[-0.106064,-0.0698774,-0.234892,-0.0381437,-0.184923,-0.156269,0.00543847,0.0192535,-0.00346121,0.0277816,-0.346168,0.0322894,0.0583515,-0.217479,0.0425945,0.0384024,-0.247302,0.0637458,-0.120871,0.0199782],[-0.0152051,-0.0299145,0.0145972,-0.0115311,-0.0329528,-0.00837726,-1.72915e-05,0.0108299,-0.000436497,-0.000271443,-0.401003,0.00246434,0.0114884,-0.194249,0.00539543,-0.00252534,-0.00181947,0.0710979,-0.0760851,-0.000268385],[0.0158319,0.0262065,0.0472931,-0.00674112,-0.15222,0.0418617,0.00337557,-0.00557426,-0.000762932,0.00108546,-0.543421,-0.00900538,0.0148631,-0.362043,0.00282398,-0.022805,-0.027132,0.10517,0.101998,0.00966713],[-0.0581422,5.46953e-05,-0.291441,0.172353,0.379575,0.176091,0.0126847,0.0426719,0.00398931,-0.00080349,-0.291707,0.057533,0.018072,-0.00879711,0.0454432,0.0676212,-0.0583645,0.0440977,-0.174476,-0.0388939]],"sigmahat":[[0.531485,0.384098,0.492837,0.0410079,1.26243,0.440961,-0.000843712,-0.0236308,-0.000870542,-0.012819,0.0384708,-0.015477,-0.0175011,0.378755,0.0057553,-0.0296266,0.00375035,0.271365,0.083481,0.0450743],[0.384098,0.678017,0.445745,0.0120916,0.296105,0.457418,0.000362846,-0.0901944,-0.00213138,-0.00730695,-0.575525,-0.00731,-0.0126271,-0.154184,0.00379415,-0.047874,-0.00854416,0.079975,0.0701012,0.0132081],[0.492837,0.445745,1.20331,0.0243314,0.854343,0.853638,-0.0185836,-0.0444668,-0.00287093,-0.00865926,-1.47048,-0.0142824,-0.0050851,0.120129,-0.0153091,-0.0205532,0.00720728,-0.0976785,-0.0724848,0.0385507],[0.0410079,0.0120916,0.0243314,0.250346,0.0204233,0.133314,0.00941974,-0.0348097,-0.000996589,-0.0033838,-0.94634,-0.0137553,-0.00466829,0.0785554,0.00499762,0.0328793,0.0185719,-0.0262807,0.03858,0.00750533],[1.26243,0.296105,0.854343,0.0204233,7.06252,2.16138,-0.0284852,0.194405,-0.00470829,-0.0110363,6.55263,0.0713177,-0.0620671,2.9898,-0.000465824,-0.155179,0.031114,1.21285,0.440849,0.264228],[0.440961,0.457418,0.853638,0.133314,2.16138,3.11302,-0.0432602,-0.0334429,0.00476843,0.00935526,-0.972671,0.0220052,0.1075,-1.36055,-0.0289318,-0.130733,-0.00969894,-0.00111758,-0.0354883,0.0934978],[-0.000843712,0.000362846,-0.0185836,0.00941974,-0.0284852,-0.0432602,0.00687372,-0.000190078,-0.000188878,-0.00129459,-0.0627272,-0.00329484,-0.00402043,0.0183027,0.00218619,0.0110432,-0.000114882,0.0013681,0.00802536,-0.00232851],[-0.0236308,-0.0901944,-0.0444668,-0.0348097,0.194405,-0.0334429,-0.000190078,0.135149,0.00382069,0.00742598,1.32914,0.0257256,0.000925075,0.374987,0.00219838,-0.0206898,-0.0217193,0.0723344,-0.00797805,0.00681304],[-0.000870542,-0.00213138,-0.00287093,-0.000996589,-0.00470829,0.00476843,-0.000188878,0.00382069,0.00216702,0.00117891,0.0566363,0.00128433,0.000962044,0.0038538,-0.000310524,-0.00183869,0.00222325,0.00338718,0.000606734,9.43559e-05],[-0.012819,-0.00730695,-0.00865926,-0.0033838,-0.0110363,0.00935526,-0.00129459,0.00742598,0.00117891,0.0120718,0.299375,0.0151836,0.00899098,0.121445,-0.00295435,-0.000130479,-0.00404129,0.0560407,0.00927674,0.0020608],[0.0384708,-0.575525,-1.47048,-0.94634,6.55263,-0.972671,-0.0627272,1.32914,0.0566363,0.299375,120.296,1.04582,-0.305763,24.7736,-0.01255,-0.277907,-0.319802,6.70453,5.02331,0.450056],[-0.015477,-0.00731,-0.0142824,-0.0137553,0.0713177,0.0220052,-0.00329484,0.0257256,0.00128433,0.0151836,1.04582,0.0648961,0.0375928,0.260035,-0.0067847,-0.0166987,-0.00971224,0.0967476,0.0737286,0.0132932],[-0.0175011,-0.0126271,-0.0050851,-0.00466829,-0.0620671,0.1075,-0.00402043,0.000925075,0.000962044,0.00899098,-0.305763,0.0375928,0.075066,-0.567849,-0.00153566,-0.00141797,-0.0239668,-0.0882796,0.0196906,-0.00380322],[0.378755,-0.154184,0.120129,0.0785554,2.9898,-1.36055,0.0183027,0.374987,0.0038538,0.121445,24.7736,0.260035,-0.567849,19.2538,0.0123974,-0.0199869,0.140542,3.88126,1.0738,0.300852],[0.0057553,0.00379415,-0.0153091,0.00499762,-0.000465824,-0.0289318,0.00218619,0.00219838,-0.000310524,-0.00295435,-0.01255,-0.0067847,-0.00153566,0.0123974,0.0319042,0.0277707,-0.019391,-0.0167297,0.0248976,-0.00157824],[-0.0296266,-0.047874,-0.0205532,0.0328793,-0.155179,-0.130733,0.0110432,-0.0206898,-0.00183869,-0.000130479,-0.277907,-0.0166987,-0.00141797,-0.0199869,0.0277707,0.204908,0.0246351,-0.143952,0.110179,-0.0211169],[0.00375035,-0.00854416,0.00720728,0.0185719,0.031114,-0.00969894,-0.000114882,-0.0217193,0.00222325,-0.00404129,-0.319802,-0.00971224,-0.0239668,0.140542,-0.019391,0.0246351,0.162148,-0.0470305,0.0678863,-0.0053051],[0.271365,0.079975,-0.0976785,-0.0262807,1.21285,-0.00111758,0.0013681,0.0723344,0.00338718,0.0560407,6.70453,0.0967476,-0.0882796,3.88126,-0.0167297,-0.143952,-0.0470305,3.37652,0.127505,0.0917152],[0.083481,0.0701012,-0.0724848,0.03858,0.440849,-0.0354883,0.00802536,-0.00797805,0.000606734,0.00927674,5.02331,0.0737286,0.0196906,1.0738,0.0248976,0.110179,0.0678863,0.127505,1.0569,0.0158986],[0.0450743,0.0132081,0.0385507,0.00750533,0.264228,0.0934978,-0.00232851,0.00681304,9.43559e-05,0.0020608,0.450056,0.0132932,-0.00380322,0.300852,-0.00157824,-0.0211169,-0.0053051,0.0917152,0.0158986,0.0329707]],"n":20,"lags":3}