{"betahat":[[0.000364512,-0.110859,-1.40674,0.362804,2.97844,0.1831,0.00612389,-2.83869,-0.08255,-0.148131,-0.445703,2.63474,39.9177,-0.591978,-0.356481,5.79017,26.3932,21.8623,0.614307,-16.6909,1.68333,4.19183,0.128028],[0.882587,0.0617788,0.024993,-0.0681443,0.0227375,0.51724,-0.00183955,0.0277639,0.00211615,0.00623167,0.0139593,-0.0578628,1.2047,0.0228955,0.0205241,-0.0254759,-0.0667854,-0.0352911,-0.00262308,-1.82295,0.190451,0.054019,0.010118],[0.114398,0.702095,0.0333302,-0.000808586,1.22429,0.332611,-0.000874512,0.0993352,0.00704144,0.00505688,0.0274695,0.112135,1.21132,0.0756641,0.0918201,0.101254,0.118256,0.231184,0.00615192,2.02162,0.577066,0.0512922,0.0396482],[-0.0700422,-0.0672888,0.834818,0.00149659,-0.242202,0.0455753,-0.00518256,0.021474,-0.000503795,0.00178538,-0.00460278,-0.110323,0.162975,0.00883267,-0.00427633,0.287418,-0.0187043,-0.0281816,-0.0072223,0.217384,0.454758,-0.06568,-0.00728439],[0.0298533,0.059875,-0.00525353,0.843799,-0.386469,-0.227044,-0.00410425,-0.0327952,0.00293034,0.00855635,-0.0208333,-0.00152679,0.867995,-0.0765744,-0.0594051,0.835694,-0.0323498,0.151175,0.00312502,2.02778,0.386468,0.102529,-0.0199484],[-0.0057359,-0.00987035,-0.0190283,-0.0103923,0.964446,0.0228869,0.000142061,0.00492303,0.000825697,0.000671788,-0.000495503,-0.00705945,0.162725,-0.00299748,-0.00818932,0.0848585,0.000634594,-0.0284226,-0.0011255,-0.0859586,-0.024306,-0.00046304,0.00416552],[-0.0243112,-0.0228612,0.00934407,0.0217748,-0.304091,0.721339,-0.00280106,-5.31211e-05,-0.00174423,-0.00165683,-0.00869658,0.00393009,-0.39771,-0.020658,-0.0208911,-0.034776,-0.0191981,0.0326374,0.00219314,-0.0128794,-0.209031,-0.00727852,-0.0157907],[-0.0149531,-0.681436,-1.00059,-0.0705054,3.2607,0.574215,0.922503,0.241724,-0.0221471,0.00940103,0.152697,0.238483,1.64061,0.142577,-0.0348145,5.62487,1.44156,1.5901,-0.00813477,-7.04116,2.94809,-0.102602,-0.00467975],[-0.0556423,-0.110603,0.285763,-0.0500783,0.367065,0.916427,-0.015685,1.0454,0.0116943,0.00358368,0.00822006,-0.0131066,-3.25188,0.0571546,0.150227,-2.06881,0.657018,0.950377,0.0262725,1.0441,0.0629345,-0.207275,-0.0119405],[-0.361954,1.12338,-1.3496,0.918544,-3.7867,-3.31595,0.138756,-0.957014,0.959614,0.19423,-0.130742,0.622571,0.70838,-0.182096,-0.407827,1.11764,-0.0835763,-0.0275546,0.374477,13.0152,2.69051,1.05298,-0.00964396],[3.23273,0.417866,3.6299,-0.0343618,11.1713,7.22235,-0.328271,0.724311,0.138525,0.80796,-0.181764,1.98534,-46.4592,-0.872276,0.281038,-4.23928,2.77098,-0.359108,-0.0725868,5.7676,-8.99201,-1.40458,0.00259659],[0.195461,0.199388,0.25288,-0.518467,2.66233,0.615612,0.0341546,0.503962,0.0242591,0.0466131,0.992265,-2.2181,7.38277,-0.0853975,-0.121448,1.92801,-0.368321,-0.231366,0.0872064,-0.175639,-3.61366,1.08213,0.126711],[0.0235214,0.0319605,0.0459188,0.005373,-0.0554294,-0.0224409,-0.00110056,0.0304334,-0.00419025,-0.000859643,-0.00538405,0.739252,0.844687,0.0104338,0.0157379,-0.299811,0.197939,0.36767,-0.0101259,-0.0560596,0.0630621,0.0520368,-0.0173105],[0.000117143,-0.000692577,0.00542187,0.00243323,0.0277692,0.0343448,0.000822312,0.00144856,-7.55608e-05,-0.000555659,-0.00169765,-0.00632621,0.906002,-0.000500672,0.00129793,-0.0339134,-0.00957162,-0.00727885,-0.000163389,0.0136836,0.00588324,-0.00100657,0.000595772],[0.498611,0.388594,-0.0236884,-0.00509818,1.44863,0.750122,-0.00686627,0.117347,0.0204591,0.0125257,0.0187016,0.685517,-2.09366,1.02676,0.0154495,1.33102,0.138106,-0.178687,-0.0274442,7.82423,2.12631,-0.664485,0.122268],[-0.646726,0.013314,-0.136455,0.188861,-3.10591,-0.534551,0.0347788,-0.154138,-0.00405253,-0.00805095,-0.0018122,0.305099,-3.99369,0.068964,1.01054,-2.12196,0.138021,-0.100293,0.0348172,-5.31801,0.31479,0.140532,-0.0224412],[0.014258,-0.00362163,0.0285115,0.00838157,0.12057,0.0678883,-0.00463202,0.00627541,0.00165014,0.00201749,0.00622404,0.00740771,0.00172859,0.0094978,0.00396779,1.06047,0.00351315,0.00110053,4.75371e-05,0.0129228,0.0738076,0.0204975,0.00397055],[0.475237,0.357492,1.04135,-0.245487,1.04173,0.498214,-0.0434583,-0.00697917,0.029515,0.0131716,0.0703501,0.0783028,1.05476,0.059545,0.0914351,0.815093,-0.0667979,-1.05947,0.028188,5.89355,0.225244,0.0403804,0.0549971],[0.122432,0.00616287,0.181579,0.236527,0.279365,0.48776,0.00330087,-0.104254,-0.00154148,-0.000441762,-0.0256619,0.0438711,-5.2955,-0.038403,0.0560912,-2.11509,-0.0583793,0.263841,-0.00246098,0.0256728,-0.829891,-0.265854,-0.0637765],[-0.0769168,-0.0105801,-0.209419,0.0217601,-0.791528,-0.20887,-0.0142225,0.430902,-0.0210821,-0.0322562,0.0982334,-1.8601,-0.958297,0.169654,0.204049,0.223729,-0.678385,-1.1312,0.231926,8.43232,0.968036,-1.10581,0.0201929],[0.00966796,0.0103012,0.00923328,-0.00430503,0.0333347,-0.0110152,-0.00041839,-0.00488913,-0.000857447,-0.00059077,-0.00281165,0.0157756,-0.160433,-0.00956808,-0.00939584,-0.01526,-0.012491,-0.0288454,0.00088213,0.111753,0.00266633,-0.0121774,-0.000974393],[-0.0108648,-0.0043395,-0.0214078,0.0221008,0.0171401,0.0205513,-0.00211442,-0.00422983,0.000654718,0.000278853,4.34406e-06,0.0271411,0.856753,0.0153257,0.00365072,0.174102,0.0051535,0.00785658,0.000566745,-0.0152072,0.496933,0.00818001,0.0109102],[-0.0498328,-0.0922076,0.00832444,-0.0238104,0.368306,0.268171,0.000449742,0.0580426,-0.00613393,0.00355912,-0.0135579,-0.070802,2.0395,-0.00592054,-0.00574939,-0.0972542,0.00760034,0.0813019,-0.0116069,-0.472639,-0.621301,0.497702,0.0296783],[0.271872,0.0409652,0.914854,-0.147504,-0.0555846,-0.181054,-0.0343084,-0.216702,0.00430397,-0.0153591,-0.055196,0.769568,1.04156,-0.0504682,0.0452047,0.560188,0.387457,0.0473021,0.0398497,2.73804,-0.018188,0.758114,1.10518],[0.125377,-0.0320334,-0.00747614,0.0827399,0.0614528,-0.305172,-0.00563539,-0.0551744,-0.00303303,-0.0064639,-0.00647597,0.101493,0.237486,0.00950181,0.0239167,0.302179,-0.00302755,0.011746,0.00485578,1.15827,0.0227019,0.011046,0.00652138],[-0.0625057,0.263033,0.0342344,0.0499719,-0.92164,-0.256293,0.00689376,-0.0478722,-0.00287876,-0.0023061,-0.00188629,-0.0518374,0.849805,0.018072,-0.0370319,0.690356,-0.0698034,-0.0833253,-0.00701695,-1.79936,-0.288438,0.110064,-0.013866],[-0.00224136,0.0450179,0.10415,-0.0136056,0.0630593,0.00162462,0.000180906,-0.00306767,9.91762e-05,-0.00171973,0.000551144,-0.00802061,-0.620939,-0.0257806,-0.0157149,-0.438531,0.0130115,0.0285246,0.00199374,-0.707955,-0.545297,-0.0335988,-0.000537587],[-0.0847469,-0.0859415,-0.243431,0.0596421,0.325494,-0.165591,0.00527267,0.0306378,-0.000726969,-0.00443133,0.0276737,-0.0768795,0.756508,0.0575842,-0.0161284,0.681889,0.0777401,0.0723586,-0.004388,-3.10181,-0.0707797,0.129417,0.0332456],[0.0231119,0.0159975,0.0184898,0.00488394,0.0174064,-0.0518807,-0.00152878,-0.00674834,-0.000931902,-0.000275167,0.00108221,0.0290143,-0.221188,0.00112211,0.0104288,-0.0550901,-0.00625909,0.00740243,0.00270185,0.161212,0.0543874,0.00150651,-0.00187597],[0.0325359,0.00389418,-0.00316056,-0.0212265,0.245787,0.136761,0.00250075,0.0135928,0.0028812,0.00322618,0.00748496,0.0162712,0.537772,0.0160885,0.01293,0.14819,0.0170144,-0.00389651,-0.00165201,0.103943,0.241324,0.0234511,0.012489],[-0.411596,0.648351,0.924174,-0.39851,-3.89631,-1.08535,0.00968164,-0.326984,0.0124667,-0.0380261,-0.0219114,0.228172,-1.25393,0.199888,0.208298,-4.96486,-0.863088,-0.540988,0.0374302,-3.18885,-2.47952,0.92882,-0.0136483],[-0.00565625,0.0631652,-0.111196,-0.010801,-0.483876,-0.886062,0.0135096,-0.0465722,-0.0107634,-0.00269214,-0.0093028,0.0621941,-1.41922,-0.0616169,-0.114391,1.46425,-0.204894,-0.343129,-0.0410445,-1.92048,-0.825013,0.108813,0.0208148],[0.148215,-0.191272,0.239649,-0.697907,1.71863,1.439,-0.0123022,-0.13845,-0.0715624,-0.0602229,0.189283,1.05091,15.3282,0.243963,-0.0621912,8.30779,-0.183251,0.444867,-0.241795,10.2506,2.29018,0.595326,0.108759],[-3.69694,-1.39084,-4.33841,-0.323879,-12.8922,-6.25905,0.168781,-0.0796964,0.0661954,-0.0101108,0.121781,-2.0579,7.0442,0.294855,0.402266,-8.67098,0.829248,0.575206,0.133301,-34.5549,2.80647,1.62239,-0.457455],[-0.365321,0.0516829,-0.747575,0.429015,-3.04101,0.615931,-0.0319423,-0.719337,0.00909884,-0.0363263,-0.0328634,1.62822,-3.70943,0.0345451,0.121947,-0.620875,-0.337093,-0.301136,-0.0901219,-8.731,3.45879,-1.11036,-0.178123],[9.70123e-05,0.0137615,-0.0268998,-0.00455659,0.168827,0.143566,0.00202999,-0.00572356,0.00260233,-0.000153591,0.00723372,0.208532,-0.141233,-0.00669492,-0.0163191,0.467469,-0.0574993,-0.126921,0.0138887,-0.466646,0.0546751,-0.0267687,0.022029],[-0.00229087,0.000614315,-0.00456212,-0.00127413,-0.0261249,-0.0107599,-0.000427754,-0.00269788,-4.87788e-05,0.000282947,0.00133713,0.00300064,0.0270439,0.0010982,0.00129094,-0.00460739,0.00337329,0.00552639,-8.14574e-05,-0.0233883,0.0199042,0.00110038,-0.000865839],[-0.0984664,-0.109211,0.058749,-0.0355868,0.092165,-0.126382,-0.0151164,-0.0406572,-0.0337617,-0.0197207,-0.000385615,-0.986646,-1.52217,-0.0614516,-0.0153487,-1.00982,-0.127066,-0.154785,0.00302047,-4.12984,-1.49989,0.320089,-0.063898],[0.524825,-0.0427195,0.152145,-0.16818,2.66137,0.20997,-0.0089995,0.174001,-0.000983118,0.0018389,-0.0517507,-0.624277,2.48763,-0.0720089,-0.104211,2.00494,-0.02616,0.00828241,-0.0314822,6.4974,0.104549,-0.289184,0.035993],[-0.00931267,0.00425666,-0.0183758,-0.014148,-0.10342,-0.0441674,0.00241613,-0.00513271,-0.00115115,-0.00125555,-0.00370199,0.00550874,-0.00366107,-0.0097814,-0.000845891,-0.0649656,0.00230141,0.00440228,-0.000472684,-0.0300588,-0.0374136,-0.0193492,-0.00457658],[-0.389283,-0.466569,-0.782636,0.131851,-0.48661,-1.07528,0.0522624,0.0728183,-0.0157873,-0.00101357,-0.0339035,0.241734,-1.34115,0.0202852,-0.0504053,0.138864,0.285333,0.589369,-0.0362611,-3.1625,-0.145705,0.0295465,0.0773414],[-0.0800768,-0.101879,-0.025002,-0.185516,-0.0302117,-0.283518,-0.0065652,0.109984,0.00103119,0.00075674,0.0015548,0.0018649,4.3447,-0.00465695,-0.0773804,1.28926,0.113138,0.0564447,0.00315943,0.334606,0.210406,0.0218628,0.0488115],[0.227422,0.172769,0.435339,-0.147319,0.971686,0.0883626,-0.000872601,-0.288263,-0.00147324,0.0205351,-0.11174,1.21015,1.22228,-0.095322,-0.195154,-0.285973,-0.330601,-0.225715,0.609893,-4.33003,-0.554994,1.00376,-0.10761],[-0.000639591,0.00429642,0.0195486,0.00117459,0.0177365,0.0414752,-0.00102988,0.00418823,0.000427669,-2.89445e-05,0.000672301,-0.0313673,-0.015224,0.00345775,0.00370336,-0.0150351,-0.00618422,-0.0164986,-0.000727511,-0.0992238,-0.0158139,-0.000746211,0.000718525],[0.0026698,0.00837603,-0.0193279,-0.00512911,-0.0466247,-0.0233209,-0.00327063,-0.00324568,-6.49711e-06,-2.6779e-05,-0.000794535,0.00689697,-0.727245,-0.0114454,0.00155372,-0.307049,-0.011144,-0.0411777,0.000909553,0.166806,-0.095541,0.0213403,-0.00784341],[-0.0594059,-0.0177697,-0.185898,-0.0332732,-0.233378,-0.273468,-0.00688296,0.0636886,0.00353149,-0.00108983,0.024596,-0.138015,-0.613635,0.030393,0.0545422,-0.794101,-0.0170758,-0.000365691,0.007566,-0.934001,-0.17653,-0.150797,0.016979],[-0.345155,-0.30184,-0.754661,-0.0359331,-0.958541,-0.495728,0.0244779,0.220221,0.0101463,0.00998072,0.0734378,-0.590571,0.368664,-0.0136712,-0.0325574,-0.294728,-0.125447,-0.345536,-0.0227171,-3.13786,0.629092,-0.611644,-0.162334],[-0.00808409,-0.0299342,-0.0175987,-0.014639,-0.0842203,-0.212203,0.00746238,0.0274578,0.000916965,0.000236569,-0.00747777,-0.0436891,-1.44132,-0.0323621,-0.0444377,-0.276225,0.0698584,0.0235321,-0.00223471,0.663545,-0.213548,-0.0650655,-0.0166183],[-0.0517528,0.0347524,-0.0672495,-0.0491773,-0.301962,-0.0762502,-0.00603774,-0.0514287,-0.00416558,-0.00275123,-0.0255996,-0.0603349,-2.06072,-0.0937522,-0.0548217,-0.791112,-0.0484214,-0.147878,0.000850448,-0.220279,-0.289068,-0.161365,-0.0257548],[0.0720849,0.0222611,0.0605784,0.0120931,0.178527,-0.0474355,0.00501301,-0.01841,0.000403651,-7.14796e-05,0.00406552,0.118264,0.457407,0.0169981,0.0200346,0.150635,0.00572109,-0.000517838,0.00523768,0.489482,0.0907946,0.0994104,0.00777971],[0.0550966,0.0262793,0.24896,0.0965241,0.0612867,0.392743,-0.00117766,0.0021779,-0.00219679,-0.00412032,-0.00682252,0.0784966,-1.62493,0.0189939,0.0755386,-1.51729,-0.0451819,-0.223104,0.00125436,1.0751,-0.315665,-0.231912,-0.0133002],[-0.0178284,-0.00652201,0.000360117,0.0055103,0.0161919,0.0288538,0.00136655,0.00167996,0.000121393,-0.000399439,-0.000601695,-0.0215764,0.0544157,0.00176203,-0.00220681,-0.0313115,0.00587065,0.0213598,-0.00160576,-0.0782608,-0.0304307,-0.00149345,-0.00229372],[-0.00840777,0.0186449,-0.00617076,-0.000573469,0.0578873,0.141395,0.000285928,-0.0134485,-0.00113458,-0.00156611,0.00119591,-0.0205682,-0.142334,0.00449796,0.00788145,-0.112879,0.00242953,-0.0284681,-0.00056765,-0.0913901,-0.0327836,-0.0166204,0.00330434],[0.638494,0.170483,0.288316,0.548303,1.25143,0.911311,0.0331361,0.0717407,0.00721559,0.0291721,-0.107387,-0.389941,-0.992739,-0.321408,-0.149947,-0.205854,-0.962545,-1.14848,-0.0127898,11.2947,-0.078724,-0.788712,0.0326457],[0.0610016,0.0472832,-0.174545,0.06107,0.113945,-0.0308293,0.00221346,0.0010765,-0.000916368,-0.000889229,0.00120197,-0.0491143,4.65733,0.00442189,-0.0357678,0.60277,-0.451762,-0.605981,0.0147509,0.867997,0.761646,0.0975485,-0.00906421],[0.173705,-0.409927,0.724332,-0.00996794,-0.86598,1.14832,0.00259255,0.291215,0.0209715,-0.0332984,-0.133541,0.158171,-8.51875,-0.335762,0.0116492,-6.27673,-1.1448,-0.709226,-0.0650058,12.4228,-4.37019,-1.55857,0.00170898],[-0.31477,-0.318193,-0.386048,-0.315408,0.806402,-1.4661,0.0619111,0.440256,-0.0992824,-0.0715863,0.221257,-0.178461,21.331,0.409954,0.357045,-0.384195,-0.397009,-1.34955,-0.0720344,2.79122,5.62404,0.448023,-0.0545406],[0.270199,0.307819,0.551345,0.130335,0.160221,-0.925122,0.0389533,0.0159561,0.00100101,0.0305957,-0.00481295,0.44895,4.16943,0.155687,-0.101907,1.04924,-0.330951,-0.821328,0.00900053,7.05739,1.85865,0.322569,0.109344],[-0.0237246,-0.0445042,-0.0178822,-0.000651893,-0.117231,-0.121406,-0.000889381,-0.024479,0.00154457,0.000984055,-0.00162615,0.0499946,-0.714323,-0.00343693,0.000835514,-0.168932,-0.140546,-0.239168,-0.00371174,0.513216,-0.119991,-0.0250423,-0.00511862],[0.00164519,-0.00116018,-0.000733048,0.000286801,-0.00257096,-0.0203218,-0.000201568,0.0031917,5.71951e-05,0.000198094,0.000146683,0.00404208,-0.0109772,-0.000796969,-0.00188145,0.025432,0.00803857,0.00253872,-8.39133e-05,0.0324462,-0.03477,-0.00131429,0.000205898],[-0.240444,-0.310538,0.0539811,0.111845,-0.602776,-0.289464,0.0232464,-0.0221668,0.0147105,0.0144769,0.0133528,0.126916,2.44448,-0.0150403,-0.00425185,-0.1657,-0.0539797,0.00839987,0.0131547,-2.81859,-0.539212,0.278225,-0.0181222],[-0.0578237,-0.10053,-0.227587,-0.0772181,0.0303882,0.0196508,-0.010591,0.0255914,0.00412444,0.00133848,0.0489271,0.105204,0.977887,0.0155013,0.0358058,-0.118334,-0.117069,0.167877,0.00131646,-1.25703,-0.345443,0.0114235,-0.0278989],[-0.00455911,-0.00104536,-0.00806392,0.00583023,-0.0152283,-0.0208422,0.00210508,0.000382217,-0.000390074,-0.000613843,-0.00223401,-0.0121669,0.0119694,0.000637219,-0.00272285,-0.000895888,-0.0014644,0.000462084,0.000277557,0.0228503,-0.0337029,-0.000481501,0.000487062],[-0.0779079,0.108833,-0.291486,0.103319,-0.492605,0.51685,-0.00745036,-0.0544245,-0.0127455,-0.010155,-0.0340468,-0.299846,0.164581,-0.0631545,-0.0356092,-0.834075,-0.114706,0.568888,0.00606314,-2.56998,0.0605574,-0.0688593,-0.122002],[-0.0198816,0.139192,-0.119385,-0.0468751,-0.25836,-0.175854,0.00349484,0.00274171,0.000872957,-0.000370325,0.0258842,-0.0277268,1.19703,0.0412766,0.0115644,0.912138,0.0274561,-0.0850646,-0.00463938,-0.352666,0.611949,0.234915,0.0123817],[-0.0766505,-0.0262541,-0.0851059,-0.0321701,-0.273361,0.0844348,0.00636691,-0.0164512,-0.0128029,-0.0172647,-0.00216312,-0.483481,-0.594405,-0.0194793,0.0722916,-1.06516,-0.132743,-0.283003,-0.0859356,1.19985,0.0549364,-0.151844,-0.00929724],[-0.000541207,-0.00690123,0.00286234,-0.00800081,0.0178313,-0.00180722,-0.000606763,0.000205277,-0.000551462,-0.000483867,-0.000673817,-0.00853443,-0.176938,-0.000254437,0.000470462,-0.0107603,-0.0041662,-0.0138418,0.000186328,-0.0526092,-0.00362257,-0.00633383,0.000348515],[0.008857,0.0197853,0.0229744,-0.0309915,0.0289813,0.0328486,-0.00283031,0.0083778,0.000296043,0.000122753,-0.000864229,-0.0303136,-0.270938,0.00164155,0.0053616,-0.17089,-0.00946661,-0.0369353,-0.000591964,0.22905,-0.0176758,-0.015452,0.00176057],[0.0271529,0.0194022,0.0779306,0.00696706,-0.178292,0.061788,0.00356765,-0.0148176,-0.00177257,-0.0022316,-0.00194378,-0.0285208,-0.559599,-0.0223337,0.00667813,-0.411688,-0.0267904,0.0264677,-0.00457973,0.412612,0.0399053,0.102064,0.00962297],[0.0115765,0.196973,-0.151597,0.0999247,0.608936,0.287064,0.000615955,0.0807232,0.000508986,0.0178657,-0.0141534,-0.400885,0.0790314,0.0555816,-0.00840958,0.0243296,-0.123555,-0.170761,-0.0124727,-1.43674,-0.748557,-0.32596,-0.0321068]],"sigmahat":[[0.443153,0.336779,0.421724,0.0204634,0.997605,0.334762,0.00125212,-0.0218449,-1.81809e-05,0.00600949,-0.0105194,0.094568,0.160685,-0.0108628,-0.0152358,0.274403,0.00381588,0.0253047,0.000643147,2.99881,0.143893,0.0418088,0.0358739],[0.336779,0.589394,0.389253,-0.00805896,0.25498,0.375462,0.00152109,-0.0812193,-0.0011541,0.00149625,-0.00483715,0.0859948,-0.74969,-0.0122967,-0.0116656,-0.167139,0.000514602,0.061892,-0.00149273,1.63006,-0.0923277,0.0247028,0.00674541],[0.421724,0.389253,1.07716,-0.0128365,0.620859,0.645381,-0.01723,-0.0322338,-0.00213792,0.00535808,-0.00574472,0.0459214,-1.63972,-0.0232829,-0.015397,0.0415466,-0.0457877,0.0417651,0.00314291,2.38756,-0.365775,-0.176087,0.0266223],[0.0204634,-0.00805896,-0.0128365,0.202891,0.0388028,0.104631,0.00794061,-0.0236621,-0.00092068,-0.000264136,-0.00323739,0.0890285,-0.821583,-0.00820781,6.25592e-05,0.00901465,-0.00987808,0.062678,0.00194353,0.13596,0.164263,0.0259435,0.00594495],[0.997605,0.25498,0.620859,0.0388028,5.60995,1.57099,-0.0150693,0.150155,-0.0037548,0.0247309,-0.013153,-0.0471192,8.28381,0.0703818,-0.0655085,2.67709,0.00733049,-0.132258,0.00256668,8.46982,1.43514,0.581875,0.221556],[0.334762,0.375462,0.645381,0.104631,1.57099,2.37222,-0.030346,-0.0516583,0.00233165,0.00188382,0.00346632,0.0905884,0.142519,-0.00625589,0.050466,-1.0212,-0.136575,-0.00568992,0.00128045,2.49582,0.106863,0.0925762,0.059844],[0.00125212,0.00152109,-0.01723,0.00794061,-0.0150693,-0.030346,0.00554254,-8.85729e-05,-0.000146833,-6.67432e-05,-0.00122177,0.00299467,-0.107339,-0.00168823,-0.00133578,-0.00484271,0.0108413,0.0157699,0.000155496,-0.00488621,0.0148194,0.000397753,-0.00167912],[-0.0218449,-0.0812193,-0.0322338,-0.0236621,0.150155,-0.0516583,-8.85729e-05,0.103297,0.00199084,0.00361192,0.00238826,-0.091659,1.14871,0.0154816,-0.0108843,0.384931,0.0645054,0.0557243,-0.00369769,0.405749,0.0394342,-0.00316828,0.0037137],[-1.81809e-05,-0.0011541,-0.00213792,-0.00092068,-0.0037548,0.00233165,-0.000146833,0.00199084,0.00159876,0.000935793,0.000562098,0.0105792,0.0473684,0.000501111,1.28909e-07,0.00271539,0.00662265,0.00549409,0.000190276,-0.0364847,0.00260696,0.000513951,1.83918e-05],[0.00600949,0.00149625,0.00535808,-0.000264136,0.0247309,0.00188382,-6.67432e-05,0.00361192,0.000935793,0.00140623,1.22524e-05,0.0046751,0.0888735,0.000606266,-0.00202982,0.0423641,0.00702845,0.00426138,0.000435767,0.0425347,0.0121542,0.00380869,0.00178876],[-0.0105194,-0.00483715,-0.00574472,-0.00323739,-0.013153,0.00346632,-0.00122177,0.00238826,0.000562098,1.22524e-05,0.00906838,0.00205469,0.148071,0.0105537,0.00542688,0.0903571,0.00547222,0.0103555,-0.000483977,-0.223214,0.0387732,0.00626004,0.000620176],[0.094568,0.0859948,0.0459214,0.0890285,-0.0471192,0.0905884,0.00299467,-0.091659,0.0105792,0.0046751,0.00205469,0.861753,0.234075,0.00341059,0.0316585,-0.175152,0.148383,0.310738,0.0168939,0.250276,0.0335298,0.189723,0.0195756],[0.160685,-0.74969,-1.63972,-0.821583,8.28381,0.142519,-0.107339,1.14871,0.0473684,0.0888735,0.148071,0.234075,122.4,0.954891,-0.458778,25.62,-0.00495588,0.199088,-0.0113447,13.2889,11.4448,4.71037,0.592539],[-0.0108628,-0.0122967,-0.0232829,-0.00820781,0.0703818,-0.00625589,-0.00168823,0.0154816,0.000501111,0.000606266,0.0105537,0.00341059,0.954891,0.0493738,0.0251698,0.259345,0.0163742,0.0179059,-0.000762499,-0.113149,0.169212,0.0716324,0.00877122],[-0.0152358,-0.0116656,-0.015397,6.25592e-05,-0.0655085,0.050466,-0.00133578,-0.0108843,1.28909e-07,-0.00202982,0.00542688,0.0316585,-0.458778,0.0251698,0.0542941,-0.463304,-0.000200591,-0.00842726,-0.00180099,-0.216443,-0.0523321,0.0204641,-0.00686371],[0.274403,-0.167139,0.0415466,0.00901465,2.67709,-1.0212,-0.00484271,0.384931,0.00271539,0.0423641,0.0903571,-0.175152,25.62,0.259345,-0.463304,16.5041,0.141205,0.140889,0.00552051,2.19038,4.14316,0.889292,0.288909],[0.00381588,0.000514602,-0.0457877,-0.00987808,0.00733049,-0.136575,0.0108413,0.0645054,0.00662265,0.00702845,0.00547222,0.148383,-0.00495588,0.0163742,-0.000200591,0.141205,0.607891,0.76344,-0.00222922,0.0286514,0.135882,0.00548287,0.0131496],[0.0253047,0.061892,0.0417651,0.062678,-0.132258,-0.00568992,0.0157699,0.0557243,0.00549409,0.00426138,0.0103555,0.310738,0.199088,0.0179059,-0.00842726,0.140889,0.76344,1.53661,0.00396601,-0.0116595,0.346737,0.0535923,0.00881243],[0.000643147,-0.00149273,0.00314291,0.00194353,0.00256668,0.00128045,0.000155496,-0.00369769,0.000190276,0.000435767,-0.000483977,0.0168939,-0.0113447,-0.000762499,-0.00180099,0.00552051,-0.00222922,0.00396601,0.00767511,-0.0597289,-0.00527069,0.0122656,-0.00090328],[2.99881,1.63006,2.38756,0.13596,8.46982,2.49582,-0.00488621,0.405749,-0.0364847,0.0425347,-0.223214,0.250276,13.2889,-0.113149,-0.216443,2.19038,0.0286514,-0.0116595,-0.0597289,59.4576,5.8802,0.503784,0.309021],[0.143893,-0.0923277,-0.365775,0.164263,1.43514,0.106863,0.0148194,0.0394342,0.00260696,0.0121542,0.0387732,0.0335298,11.4448,0.169212,-0.0523321,4.14316,0.135882,0.346737,-0.00527069,5.8802,7.32011,0.648285,0.0920939],[0.0418088,0.0247028,-0.176087,0.0259435,0.581875,0.0925762,0.000397753,-0.00316828,0.000513951,0.00380869,0.00626004,0.189723,4.71037,0.0716324,0.0204641,0.889292,0.00548287,0.0535923,0.0122656,0.503784,0.648285,0.860496,0.0298997],[0.0358739,0.00674541,0.0266223,0.00594495,0.221556,0.059844,-0.00167912,0.0037137,1.83918e-05,0.00178876,0.000620176,0.0195756,0.592539,0.00877122,-0.00686371,0.288909,0.0131496,0.00881243,-0.00090328,0.309021,0.0920939,0.0298997,0.0264883]],"n":23,"lags":3}