{"betahat":[[-0.505084,-1.4775,-6.00587,0.757058,5.09189,-2.17368,0.137639,-7.36425,-0.0822928,-0.255474,-1.16322,7.56424,102.109,-1.99462,-0.73566,2.38543,15.0693,0.188067,1.78089,-32.6118,-4.12393,9.08009,0.498622],[0.853957,0.0224192,-0.00977221,-0.0696327,-0.0427486,0.436901,0.00221928,0.0429572,0.00245734,0.00608402,0.0116815,-0.0739869,0.964791,0.0215755,0.0167837,-0.0137044,-0.0100347,-0.0126861,-0.00281342,-1.76716,0.133094,0.0512622,0.00849628],[0.0914077,0.680895,0.0183173,-0.000642774,1.17454,0.311278,-0.00211331,0.0895914,0.00530551,0.00328192,0.0257141,0.0709821,1.14566,0.0689556,0.092097,0.0298683,0.0150844,0.0275993,0.004861,1.95476,0.564719,0.0430321,0.0334937],[-0.0560019,-0.0571295,0.834689,-0.00111486,-0.176823,0.0659967,-0.00476695,0.0132464,-0.000434044,0.0019746,-0.00234412,-0.0993264,0.296555,0.00963616,-0.00773337,0.280648,-0.0235358,-0.00666931,-0.00483089,0.265695,0.456571,-0.0587014,0.000686504],[0.0146542,0.0387378,-0.0268339,0.834865,-0.397773,-0.290147,-0.00121686,-0.0290474,0.00412718,0.0093038,-0.0212033,-0.0198214,0.881291,-0.0757926,-0.0579853,0.759327,-0.00715357,0.0852005,0.00222023,1.84387,0.393139,0.106114,-0.0230983],[-0.00862545,-0.00918609,-0.0149267,-0.00922523,0.944002,0.0228753,-4.78975e-05,0.00703361,0.000922161,0.000685155,-0.000869081,-0.0024666,0.138588,-0.00212192,-0.00778899,0.0800303,0.0074118,-0.0144186,-0.00113349,-0.0907503,-0.0335341,-0.00131781,0.00271977],[-0.0256498,-0.0288986,0.00179463,0.015873,-0.30013,0.699687,-0.00300662,0.00124552,-0.00148362,-0.00136337,-0.00792481,-0.00781077,-0.347799,-0.0204145,-0.0206593,-0.029736,-0.0182303,0.00990869,0.00178724,-0.0371184,-0.198055,-0.0179058,-0.0167016],[0.34443,-0.386671,-0.496965,0.0582468,3.90773,1.43213,0.846403,0.0376944,-0.0417872,-0.00669151,0.148785,0.442853,0.359102,0.133137,0.0637954,5.18098,0.114696,0.381941,0.00407583,-4.83248,2.64693,-0.0441212,-0.00616266],[-0.0565923,-0.0845428,0.231674,-0.087864,0.282528,0.758354,-0.0222837,0.922757,0.00657105,-0.000447146,-0.00143179,-0.16878,-1.48699,0.0458078,0.135327,-1.90473,0.0537599,0.0313732,0.0297365,0.861224,0.126614,-0.13056,-0.0149173],[-0.143485,1.21726,-1.02674,0.620247,-2.9989,-3.21993,0.0607872,-1.16959,0.926027,0.171356,-0.0604052,0.216593,8.82252,-0.188647,-0.370972,1.06443,-0.898473,-0.154147,0.333007,15.9021,3.47072,1.15431,-0.00252584],[3.05871,0.435157,3.32588,0.411238,10.9208,8.25861,-0.330405,0.683677,0.0747481,0.728253,-0.297067,2.59003,-62.116,-0.867225,0.276719,-7.1657,1.75022,0.65247,-0.0105284,10.5988,-10.5119,-1.41249,0.0638629],[0.0716765,0.299159,0.184884,-0.555015,1.75854,0.114462,0.0537249,0.38692,0.0291004,0.0458302,0.94281,-1.82166,10.1421,-0.00855187,-0.122794,2.49933,-0.133091,0.186649,0.0890939,-1.25612,-3.42145,1.29034,0.0998105],[0.00834605,0.0113348,0.0182894,-0.000561148,-0.0713199,-0.0658193,-0.00160693,0.0172168,-0.00491142,-0.00162215,-0.00548895,0.658369,0.882968,0.00548593,0.0126199,-0.286701,0.0191585,0.046038,-0.0103472,-0.173922,0.0717932,0.0370777,-0.0221366],[-0.000244996,-0.00247911,0.00457725,0.00440907,0.0296635,0.035718,0.00110315,0.00430874,-0.000100813,-0.000573031,-0.00169899,-0.00577478,0.80395,-0.000346155,0.0017238,-0.0416457,-0.00404259,-0.00150722,-0.000519107,0.0423465,0.00227876,-0.00281984,0.000697726],[0.672185,0.392913,0.198266,0.0476247,2.1616,1.20162,-0.0140061,0.146489,0.0248639,0.0198736,0.044663,0.681435,-2.84286,0.965609,0.0581675,1.19579,0.224284,-0.432207,-0.0333183,7.70888,2.05504,-0.678219,0.138252],[-0.781534,-0.0403121,-0.308708,0.159001,-3.41121,-0.770985,0.0471078,-0.115677,-0.00997406,-0.016328,-0.011913,0.13149,-4.24422,0.0872726,0.933312,-2.04559,0.0834339,0.259022,0.0397666,-4.60742,0.498552,0.0675355,-0.0347902],[0.0107681,-0.00563893,0.0248543,0.00496964,0.11474,0.0628969,-0.00426102,0.00849457,0.00149122,0.00188845,0.00649054,-0.00226245,0.025424,0.00948028,0.00214684,1.04787,0.00329922,0.0096969,-0.000130378,0.037005,0.083168,0.0129497,0.00329132],[0.446874,0.374632,0.961621,-0.353865,0.911111,0.0913235,-0.0356602,0.0695817,0.0344683,0.0194402,0.103252,-0.168826,1.73842,0.0828519,0.01941,1.31153,0.309934,-0.485254,0.0224513,5.82845,0.495953,-0.158946,0.0395915],[0.157116,0.0515631,0.238396,0.247491,0.289616,0.574728,0.00480166,-0.0673384,0.00154082,0.00133338,-0.0169218,0.0434806,-5.3529,-0.0440867,0.0519134,-2.04869,0.101432,0.54055,-0.00840716,-0.0435433,-0.965173,-0.296147,-0.0683838],[-0.0676211,0.0996815,-0.109473,-0.0891697,-1.28261,-0.600969,0.00768027,0.625886,-0.0424662,-0.0454187,0.0894837,-2.59058,-0.765936,0.239753,0.267058,-0.362073,-0.653694,-1.26525,0.0242435,11.8857,1.20048,-1.33652,-0.0735308],[0.0110062,0.0124832,0.0131204,-0.00490398,0.0354462,-0.00827913,-0.000312103,-0.00422245,-0.000567623,-0.000325633,-0.00258861,0.0205539,-0.0959023,-0.00916288,-0.00945668,-0.000771981,0.00235743,-0.00563751,0.000927714,0.0754779,0.0154724,-0.011745,-0.000829364],[-0.0202216,-0.00790996,-0.0331015,0.0194179,-0.00974782,0.0106586,-0.00244335,-0.00963064,0.000420618,-9.57858e-05,-0.00159938,0.0341704,0.877126,0.0160679,0.00500018,0.132817,-0.00636217,-0.0133094,0.00148569,-0.0354382,0.435619,0.0177469,0.0111519],[-0.0638165,-0.114031,-0.0172808,-0.0357819,0.381603,0.246042,-0.000596135,0.0519485,-0.00546242,0.00377111,-0.0125938,-0.0860645,2.44872,-0.00840999,-0.0102212,-0.073201,-0.0134753,0.0247314,-0.00574095,-0.762597,-0.640854,0.486847,0.034032],[0.254891,0.0988598,0.946763,-0.203379,-0.627894,-0.524571,-0.0473696,-0.250346,0.00535809,-0.0152112,-0.0567521,0.670394,2.43365,-0.0480535,0.0416562,0.92912,0.183894,-0.269804,0.0276738,2.02266,0.216357,0.728394,1.0302],[0.125073,-0.0165762,0.00318167,0.0805614,0.0565272,-0.273573,-0.00605625,-0.0518736,-0.00257448,-0.00602005,-0.00399448,0.0862197,0.227082,0.00836999,0.0230455,0.262918,-0.00537031,0.00450284,0.00354012,1.05902,0.0540095,-0.0065189,0.00463637],[-0.0532942,0.261791,0.0330604,0.046872,-0.868634,-0.223937,0.0063445,-0.039271,-0.00161862,-0.00120393,0.000746401,-0.0330027,0.723223,0.0192569,-0.0340039,0.671233,-0.0128629,0.0162613,-0.0053888,-1.80439,-0.304432,0.104389,-0.0102125],[-0.00517692,0.0400701,0.106796,-0.00804209,0.0529214,-0.00140037,0.00012903,0.000256248,-0.00016069,-0.00165127,0.000245835,-0.0105385,-0.571248,-0.0225785,-0.0122511,-0.381472,0.00945983,0.0115714,0.00083189,-0.708461,-0.506917,-0.0312838,-0.00247319],[-0.0726507,-0.0789495,-0.225487,0.0660899,0.334452,-0.144919,0.00338816,0.0244571,-0.00221411,-0.00511293,0.0274002,-0.0963063,0.623131,0.054964,-0.00976119,0.677422,0.0183964,-0.0290571,-0.00404316,-2.92531,-0.0660333,0.113781,0.0317519],[0.0203555,0.013401,0.013992,0.00297037,0.0201604,-0.0530038,-0.00113726,-0.00655234,-0.000936412,-0.00032533,0.000972977,0.0234606,-0.177985,0.000786942,0.00933965,-0.0481449,-0.00471621,0.00450814,0.00223041,0.137853,0.0530517,0.000615196,-0.00151585],[0.0321471,0.00518083,0.00270985,-0.0164902,0.230704,0.140397,0.00240265,0.00966194,0.0025632,0.00267234,0.00641244,0.0242563,0.456369,0.0159058,0.013327,0.1346,0.0103948,-0.00246549,-0.00112513,0.116826,0.244114,0.0261606,0.0115447],[-0.380304,0.526106,0.869212,-0.385258,-3.4391,-0.969034,0.00809113,-0.210257,0.0209263,-0.028054,0.00185333,0.244359,-0.839541,0.20788,0.22627,-4.33181,-0.545399,-0.244061,0.0435499,-3.83746,-2.15042,0.976257,0.002941],[-0.00290447,0.0537154,-0.069753,0.00884662,-0.430521,-0.763123,0.0132836,-0.00604625,-0.00802207,-0.00114168,-0.00222653,0.15317,-2.11636,-0.0554535,-0.104181,1.31659,0.0136783,0.0360316,-0.0371093,-1.85534,-0.803596,0.0643842,0.0219731],[0.303595,-0.0928338,0.12379,-0.750696,1.9242,0.853757,-0.00316675,-0.210075,-0.0509986,-0.0378793,0.225775,0.821973,22.9104,0.174578,-0.243128,10.5956,-0.397147,-0.375228,-0.185278,8.56519,3.22138,0.540939,0.101801],[-3.58392,-1.49588,-3.95197,-0.00572184,-12.1338,-4.98092,0.163848,-0.0398671,0.0584824,-0.0215143,0.102011,-1.60496,-5.47213,0.252077,0.561572,-9.8373,0.601818,0.128292,0.13596,-33.1417,1.40917,1.62114,-0.427184],[-0.40192,0.0430516,-0.792599,0.393084,-3.10814,0.589996,-0.0244469,-0.689877,0.0186405,-0.0221902,-0.0383577,1.68876,-2.319,0.0335433,0.102675,-0.495323,-0.0447386,0.0443993,-0.074673,-9.38677,3.36693,-1.07898,-0.139524],[0.00616947,0.0235499,-0.0125008,-0.00569039,0.162118,0.158801,0.00173874,-0.00367817,0.00251681,-0.000133814,0.0070543,0.227635,-0.103542,-0.00289991,-0.0127804,0.440083,-0.00991643,-0.0314569,0.0124867,-0.375888,0.0625893,-0.0186131,0.0209299],[-0.00310515,-0.000180448,-0.00498585,-0.000998096,-0.0274791,-0.00912452,-0.000266226,-0.00213372,-9.53225e-05,0.00020497,0.00117798,0.00361053,0.00917118,0.000964526,0.00171276,-0.010222,0.00449909,0.00573107,-0.000219424,-0.020045,0.0143911,0.00116157,-0.000923224],[-0.00529479,-0.0636119,0.0928634,0.0122003,0.512219,0.0920871,-0.0196093,-0.0291233,-0.0357739,-0.0199948,0.00980833,-0.951806,-1.99505,-0.0642408,-0.0164013,-0.87557,-0.178311,-0.0891226,0.000254099,-3.14784,-1.32554,0.345962,-0.0355451],[0.40048,-0.151273,0.0323465,-0.17874,2.32802,0.017909,-0.0032591,0.197229,0.000189609,0.00117237,-0.0515348,-0.642623,2.10515,-0.0590963,-0.101941,1.82644,0.0447705,0.0160162,-0.0257458,5.89768,-0.0496714,-0.329328,0.0288638],[-0.00708662,0.00569038,-0.0149529,-0.0119045,-0.099635,-0.040954,0.00215615,-0.00523648,-0.000967859,-0.00107617,-0.00324749,0.00740178,-0.00595792,-0.00879719,-0.000181287,-0.0587353,0.00284043,0.00475716,-0.000636802,-0.0466676,-0.0333268,-0.0165366,-0.00419614],[-0.282087,-0.445289,-0.712842,0.192413,-0.029239,-0.777404,0.0458467,0.0423537,-0.0177167,-0.00192863,-0.0471751,0.396175,-1.25413,0.0117878,-0.0214573,0.0687614,0.159973,0.420321,-0.0355227,-2.26862,0.0201851,0.141991,0.104414],[-0.0829955,-0.0969654,-0.0280865,-0.187871,-0.0553,-0.325586,-0.0088735,0.100858,-0.000941909,-0.000194303,-0.00179582,-0.0294074,4.60179,-0.0051562,-0.0840329,1.3749,0.0426543,-0.00898088,0.00070694,0.384745,0.280788,0.0190277,0.0454334],[0.232693,0.186352,0.496434,-0.246762,0.740369,-0.032393,-0.00324925,-0.107158,-0.0221627,0.00080649,-0.112517,0.532239,0.293525,-0.0615294,-0.122968,-1.28644,-0.590478,-0.657871,0.432956,-0.905087,-0.637665,0.748465,-0.159656],[0.00147392,0.00591912,0.0211278,0.000933788,0.0205831,0.0413118,-0.000966284,0.00419629,0.000494414,6.2717e-05,0.00075447,-0.0280704,0.0231314,0.0033043,0.00328146,-0.0068699,0.000607707,-0.00287147,-0.000621412,-0.0997918,-0.00752337,2.90175e-05,0.000977657],[0.000312761,0.0110609,-0.0202984,-0.00690662,-0.058186,-0.028058,-0.00352595,-0.00503503,0.000234578,5.27518e-05,-0.00118902,0.0123559,-0.622578,-0.00969832,0.000776157,-0.29485,-0.00268292,-0.0210108,0.00182932,0.119873,-0.119945,0.0239582,-0.0066982],[-0.0650654,-0.0212628,-0.191058,-0.0399658,-0.233352,-0.287536,-0.0067105,0.0546085,0.00294746,-0.00140994,0.0241129,-0.144394,-0.362987,0.0297302,0.0517982,-0.784133,-0.0278073,-0.0167773,0.00777711,-0.92684,-0.154117,-0.154812,0.0183036],[-0.324847,-0.272649,-0.688726,-0.0429796,-0.795523,-0.409264,0.019693,0.231324,0.0106141,0.00991814,0.0696092,-0.509422,0.964155,0.00327057,-0.0287024,-0.200507,-0.0318712,-0.111886,-0.0131028,-3.35676,0.619956,-0.55317,-0.158898],[0.0205803,-0.00625089,0.00641527,-0.0108963,-0.0141648,-0.162878,0.0038283,0.0088901,0.00012512,-5.80921e-05,-0.00771441,-0.0125193,-1.19106,-0.0299465,-0.0398251,-0.249277,0.0154401,0.00820547,-0.000738779,0.706851,-0.186515,-0.0446758,-0.0131361],[-0.0382661,0.0566781,-0.051098,-0.0462703,-0.305251,-0.0870755,-0.00427827,-0.0502254,-0.00368571,-0.00206792,-0.0264789,-0.0379958,-1.87078,-0.0881934,-0.0581033,-0.700873,-0.00219727,-0.0440136,0.000525302,-0.150527,-0.260141,-0.147767,-0.0232626],[0.060853,0.0169927,0.0575991,0.00934889,0.122962,-0.0650657,0.00468186,-0.0136227,0.000575054,-0.000327096,0.0021066,0.109615,0.268616,0.0130144,0.0201109,0.0980179,0.0142046,-0.00530612,0.00401928,0.43988,0.0505787,0.0902131,0.00169364],[0.0581048,0.0404291,0.252863,0.0986668,0.0631918,0.435158,-0.00220744,0.00479245,-0.00191858,-0.00419718,-0.00616292,0.115805,-1.5013,0.0208072,0.0676648,-1.43437,-0.0109219,-0.0553883,0.00180152,1.0825,-0.326948,-0.219904,-0.00864561],[-0.0127481,-0.00511133,0.0011149,0.00608489,0.0318579,0.0306005,0.00108624,-0.000749546,5.41945e-05,-0.000367912,-0.0001102,-0.0204248,0.0333061,0.00110486,-0.00159286,-0.0334647,-0.00230578,0.0107772,-0.00118735,-0.0543131,-0.0191713,-0.000533664,-0.00115623],[-0.00687026,0.0228912,-0.0040291,0.000394999,0.0686265,0.158388,0.000540966,-0.0104873,-0.00108728,-0.00129032,0.00148612,-0.0171759,-0.11017,0.0043962,0.00708269,-0.100867,0.00831898,-0.00700152,-0.000714304,-0.0764536,-0.0459534,-0.00919766,0.00519847],[0.60281,0.259852,0.244064,0.483177,1.10057,0.591036,0.0534195,0.161223,0.0177742,0.0400878,-0.0806714,-0.41673,-1.44849,-0.288732,-0.224112,0.227136,-0.226181,-0.03674,-0.00717971,10.9271,0.482516,-0.889145,0.041032],[0.0594126,0.0315996,-0.159479,0.0789347,0.143065,0.00470465,0.00901272,0.0831935,0.00142481,0.00155875,0.00388451,0.0140533,3.57135,0.0095775,-0.0310598,0.587445,-0.0667783,-0.065157,0.00725897,0.97786,0.672872,0.0630025,-0.00736392],[0.203868,-0.197367,0.814371,-0.219226,-0.992602,0.627099,0.00222506,0.260698,0.0456298,-0.00303858,-0.0610151,-0.0877778,-2.57119,-0.318715,-0.00550825,-5.85035,-0.271943,-0.253544,-0.0724907,7.87972,-4.10755,-1.55287,-0.0304026],[-0.220737,-0.43591,-0.25358,-0.0991005,1.22179,-1.17376,0.0930512,0.571207,-0.0770172,-0.0495085,0.206738,0.422908,16.9158,0.34398,0.337071,-0.0820436,0.695168,-0.142496,-0.0186901,2.85107,5.66238,0.461626,0.00753775],[0.310603,0.456712,0.50528,0.109876,0.0705408,-1.04301,0.0637407,-0.0198993,0.0193814,0.0482595,-0.00915342,0.598235,8.70882,0.185476,-0.141199,2.22526,0.142059,-0.146431,0.0129437,5.4895,2.61983,0.520192,0.129859],[-0.0146146,-0.0314646,-0.00394142,0.00674653,-0.100729,-0.0951855,0.000119815,-0.0127845,0.00228324,0.00169185,-0.00094618,0.107646,-0.808401,-0.0016417,0.000777578,-0.154161,-0.00967157,-0.0108169,-0.00196728,0.516809,-0.141584,-0.0169505,2.63091e-05],[0.00158163,-0.0011709,-0.000158697,0.000730015,-0.00357072,-0.0177081,-0.000295181,0.00282316,-3.47736e-05,0.0001138,-7.92036e-05,0.00299522,-0.0257172,-0.00111236,-0.00154699,0.0175929,0.0029184,-0.00451859,-0.000244373,0.039641,-0.0412705,-0.00139202,0.000131149],[-0.204435,-0.307242,0.0381911,0.128467,-0.412862,-0.20578,0.0232891,-0.0178343,0.0108144,0.0117187,0.0178608,0.060299,1.34172,-0.0272698,-0.0143967,-0.292526,-0.128408,-0.0493564,0.00333771,-2.00287,-0.622154,0.225196,0.00280463],[-0.127526,-0.169204,-0.293831,-0.0969753,-0.0630825,-0.100134,0.00140877,0.043336,0.00567854,0.00200819,0.0453186,0.0351926,0.398593,0.0138674,0.0260059,-0.370646,-0.0253068,0.115119,0.00068779,-1.5437,-0.449812,-0.0411893,-0.0343],[-0.00287961,5.5601e-05,-0.00412017,0.00677202,-0.0116693,-0.0140961,0.00179133,0.000370826,-0.000238654,-0.000415596,-0.0023782,-0.00390317,-0.00229736,0.000468617,-0.000634943,-0.00766754,0.00320979,-0.000524406,0.000358644,0.012672,-0.0429695,0.00491393,0.000423361],[-0.119119,0.085114,-0.324269,0.137209,-0.654923,0.530739,-0.00696499,-0.0834082,-0.014035,-0.0120682,-0.0505335,-0.182647,-0.643329,-0.049897,0.0118774,-0.983254,-0.214665,0.288756,0.0053657,-3.02515,-0.127339,0.0170251,-0.114719],[-0.0202288,0.152228,-0.108424,-0.0557962,-0.267416,-0.164922,0.00252874,-0.0125911,-0.000283139,-0.0019236,0.0233877,0.00687815,1.44996,0.0445703,0.00932478,0.891232,0.0239169,0.0202563,-0.00408852,-0.249175,0.67851,0.247933,0.0142363],[-0.0304776,0.0366389,-0.0104708,-0.0837611,-0.235224,0.220537,-0.00130302,0.00379346,-0.01253,-0.0183961,-0.00462303,-0.583473,-0.158967,-0.0129843,0.0837996,-1.18559,-0.100771,-0.167829,-0.115637,1.64514,0.0699419,-0.166551,-0.0192664],[-0.000646798,-0.0055358,0.00309469,-0.00841924,0.0159389,-0.00251572,-0.000406618,0.000455929,-0.00041421,-0.000340144,-0.000365592,-0.00884764,-0.13332,-0.000207925,-0.000251839,-0.000759348,0.000292188,-0.00558977,0.000147763,-0.0761633,0.00204586,-0.00635835,0.000270688],[0.00900355,0.024388,0.0238757,-0.0314589,0.00748792,0.0245479,-0.00274854,0.00845825,0.000488561,0.00021505,-0.00125095,-0.0249083,-0.274787,0.00165393,0.00486089,-0.179691,0.00117157,-0.0190699,-0.000149085,0.221833,-0.0577171,-0.0181088,0.000828352],[0.0213292,0.00592949,0.0589764,-9.08276e-05,-0.135918,0.0557338,0.00257283,-0.0150809,-0.00154657,-0.00193459,0.000443261,-0.043802,-0.331058,-0.0223784,0.00432851,-0.412156,-0.0309935,0.0124663,-0.00143658,0.25058,0.0232373,0.0860574,0.0157378],[-0.000584941,0.157106,-0.136711,0.0727329,0.541772,0.251492,-0.00368391,0.125385,0.00713345,0.022984,-0.00176048,-0.464532,0.270161,0.0441038,-0.000272779,0.0442552,-0.00835964,-0.239539,-0.00864779,-2.14008,-0.964117,-0.470477,-0.0462909]],"sigmahat":[[0.427292,0.31955,0.406235,0.0147492,0.949095,0.292602,0.00252956,-0.0184186,9.56677e-05,0.0058208,-0.0112686,0.0842833,0.156656,-0.0116482,-0.0144222,0.24002,0.0145411,0.00169222,0.00110769,2.92315,0.135827,0.0328787,0.0317946],[0.31955,0.567306,0.372726,-0.0166326,0.22796,0.339394,0.00237961,-0.0767353,-0.001137,0.00131669,-0.00435114,0.0608694,-0.863701,-0.0156738,-0.0100044,-0.219343,0.00543889,-0.00625532,-0.00142472,1.5352,-0.114489,0.00858287,0.00399888],[0.406235,0.372726,1.05393,-0.0213781,0.608298,0.603677,-0.0157062,-0.0330954,-0.00213163,0.00519992,-0.00609796,0.0242847,-1.62926,-0.0240444,-0.0163706,0.0230948,-0.044663,-0.00984369,0.00363722,2.34067,-0.388959,-0.185205,0.0262041],[0.0147492,-0.0166326,-0.0213781,0.199465,0.0231453,0.0785576,0.0084878,-0.0221836,-0.000548906,9.07301e-05,-0.0032247,0.0807974,-0.726253,-0.00805009,-0.00153935,0.021304,-0.00566005,0.0493153,0.00185545,0.0651018,0.170124,0.0215263,0.00412808],[0.949095,0.22796,0.608298,0.0231453,5.38533,1.48257,-0.012671,0.159736,-0.00309145,0.023961,-0.017563,-0.0245299,8.48882,0.0792208,-0.0535434,2.55762,0.0801619,-0.0735415,0.00337316,8.131,1.39249,0.573847,0.201651],[0.292602,0.339394,0.603677,0.0785576,1.48257,2.28227,-0.0278397,-0.0460011,0.00331462,0.00228596,0.00344419,0.0484009,0.542041,-0.00317381,0.0488962,-1.00611,-0.0743536,-0.0403375,0.000931312,2.15838,0.119469,0.0738711,0.0517425],[0.00252956,0.00237961,-0.0157062,0.0084878,-0.012671,-0.0278397,0.00511793,-0.00086548,-0.000262836,-0.000174547,-0.00124287,0.00282333,-0.0967044,-0.00168488,-0.00103946,-0.003052,0.00243737,0.00820122,0.000242816,0.00754508,0.0173113,0.00151652,-0.00186777],[-0.0184186,-0.0767353,-0.0330954,-0.0221836,0.159736,-0.0460011,-0.00086548,0.0915124,0.00129656,0.00297568,0.00136474,-0.0933607,1.25737,0.0157169,-0.0110747,0.40994,0.0116198,-0.000933087,-0.00299505,0.433971,0.0653384,0.00945075,0.00440755],[9.56677e-05,-0.001137,-0.00213163,-0.000548906,-0.00309145,0.00331462,-0.000262836,0.00129656,0.00142486,0.000762045,0.000500725,0.00932687,0.0384039,0.00045269,9.25142e-05,0.000205835,0.000798368,0.00068772,6.88848e-05,-0.0254906,0.00349496,0.000898167,6.09065e-05],[0.0058208,0.00131669,0.00519992,9.07301e-05,0.023961,0.00228596,-0.000174547,0.00297568,0.000762045,0.00121705,-7.06092e-05,0.00352778,0.0797141,0.000601909,-0.0018901,0.0390217,0.00166468,0.000142521,0.000330253,0.0521012,0.0118168,0.0039135,0.00169327],[-0.0112686,-0.00435114,-0.00609796,-0.0032247,-0.017563,0.00344419,-0.00124287,0.00136474,0.000500725,-7.06092e-05,0.0086781,0.00325013,0.154448,0.0107436,0.0059078,0.0885909,0.000932652,0.00276552,-0.000611413,-0.21902,0.0355353,0.00811047,0.000410772],[0.0842833,0.0608694,0.0242847,0.0807974,-0.0245299,0.0484009,0.00282333,-0.0933607,0.00932687,0.00352778,0.00325013,0.763535,0.364092,-0.000794587,0.0256412,-0.177053,0.00732843,0.0527319,0.0132163,0.288913,0.10024,0.150712,0.0147799],[0.156656,-0.863701,-1.62926,-0.726253,8.48882,0.542041,-0.0967044,1.25737,0.0384039,0.0797141,0.154448,0.364092,118.242,0.968117,-0.368088,24.5955,0.0640172,0.235055,-0.0205019,15.6773,11.1657,4.68713,0.591478],[-0.0116482,-0.0156738,-0.0240444,-0.00805009,0.0792208,-0.00317381,-0.00168488,0.0157169,0.00045269,0.000601909,0.0107436,-0.000794587,0.968117,0.0486844,0.0255672,0.254738,0.0126877,0.00246625,-0.000685383,-0.106145,0.169963,0.071027,0.0087651],[-0.0144222,-0.0100044,-0.0163706,-0.00153935,-0.0535434,0.0488962,-0.00103946,-0.0110747,9.25142e-05,-0.0018901,0.0059078,0.0256412,-0.368088,0.0255672,0.0509684,-0.429556,0.00299591,0.00534563,-0.00129149,-0.207372,-0.0258453,0.0195028,-0.00615462],[0.24002,-0.219343,0.0230948,0.021304,2.55762,-1.00611,-0.003052,0.40994,0.000205835,0.0390217,0.0885909,-0.177053,24.5955,0.254738,-0.429556,15.997,0.11307,-0.00503029,-0.00262915,2.39507,3.78206,0.850243,0.280797],[0.0145411,0.00543889,-0.044663,-0.00566005,0.0801619,-0.0743536,0.00243737,0.0116198,0.000798368,0.00166468,0.000932652,0.00732843,0.0640172,0.0126877,0.00299591,0.11307,0.088625,0.0752506,-0.00474526,0.380067,0.221298,0.0157398,0.00807738],[0.00169222,-0.00625532,-0.00984369,0.0493153,-0.0735415,-0.0403375,0.00820122,-0.000933087,0.00068772,0.000142521,0.00276552,0.0527319,0.235055,0.00246625,0.00534563,-0.00503029,0.0752506,0.285012,-0.000841225,0.141933,0.377309,0.0400371,-0.00933502],[0.00110769,-0.00142472,0.00363722,0.00185545,0.00337316,0.000931312,0.000242816,-0.00299505,6.88848e-05,0.000330253,-0.000611413,0.0132163,-0.0205019,-0.000685383,-0.00129149,-0.00262915,-0.00474526,-0.000841225,0.00701201,-0.0424459,-0.00546908,0.0116517,-0.00108752],[2.92315,1.5352,2.34067,0.0651018,8.131,2.15838,0.00754508,0.433971,-0.0254906,0.0521012,-0.21902,0.288913,15.6773,-0.106145,-0.207372,2.39507,0.380067,0.141933,-0.0424459,57.9986,6.27751,0.475473,0.271598],[0.135827,-0.114489,-0.388959,0.170124,1.39249,0.119469,0.0173113,0.0653384,0.00349496,0.0118168,0.0355353,0.10024,11.1657,0.169963,-0.0258453,3.78206,0.221298,0.377309,-0.00546908,6.27751,7.03868,0.653503,0.0852869],[0.0328787,0.00858287,-0.185205,0.0215263,0.573847,0.0738711,0.00151652,0.00945075,0.000898167,0.0039135,0.00811047,0.150712,4.68713,0.071027,0.0195028,0.850243,0.0157398,0.0400371,0.0116517,0.475473,0.653503,0.833574,0.0277031],[0.0317946,0.00399888,0.0262041,0.00412808,0.201651,0.0517425,-0.00186777,0.00440755,6.09065e-05,0.00169327,0.000410772,0.0147799,0.591478,0.0087651,-0.00615462,0.280797,0.00807738,-0.00933502,-0.00108752,0.271598,0.0852869,0.0277031,0.0241179]],"n":23,"lags":3}