{"betahat":[[-0.0122091,-0.0947691,0.178526,0.420319,0.118293,-0.309923,-0.0066029,-0.551288,-0.0983172,-0.0249975,1.11142,0.0939636,-0.12091,4.84884,0.145193,1.02318,0.00927041,1.44137,1.24268,-0.130035],[0.962109,0.149381,0.103518,-0.04559,0.0184787,0.4783,0.000987488,0.0195973,0.000935403,0.00229049,0.387785,-0.0219428,-0.00568625,-0.177348,0.000252451,-0.0100028,0.00280155,-0.0659577,-0.0260303,-0.00492869],[0.145267,0.731506,0.0810124,-0.0124215,1.30668,0.385417,-0.00424772,0.101397,0.00704219,0.0288503,0.337938,0.0633812,0.0892842,-0.0781046,-0.0343684,-0.0431961,0.00848942,0.0589196,0.0175879,0.0396625],[-0.0560251,-0.079793,0.878707,0.000670914,-0.246296,0.0234047,-0.00552648,0.0164874,-0.00178514,-0.0105403,-0.625976,-0.00447051,-0.0067391,0.261734,0.018951,-0.0205236,-0.00437214,0.214753,-0.130703,-0.00932635],[0.104704,0.146778,0.0466419,0.821218,-0.175713,-0.0889696,-0.0169644,-0.0455817,0.00179517,-0.0313058,0.783655,-0.0928381,-0.0708778,0.673185,0.041156,-0.0919519,0.00465251,0.41387,0.150165,-0.0162503],[-0.0108602,-0.0229295,-0.019301,-0.0102367,0.978211,0.0243025,-0.000123648,0.00839402,0.00128388,-9.20055e-05,-0.0345726,-0.0037671,-0.00614103,0.0321286,-0.00209226,0.00515842,-0.00156947,0.030896,-0.00669774,0.00162651],[-0.0240465,-0.0252205,0.00586424,0.0247518,-0.283774,0.718307,-0.00285743,-0.00290731,-0.00210716,-0.00920053,-0.483089,-0.0202965,-0.0242076,-0.0212349,0.0127559,0.0117998,0.00175884,-0.171172,0.0229952,-0.015312],[-0.0990983,-0.728762,-1.12211,0.158188,2.25257,0.15088,0.982928,0.132427,-0.0209049,0.120951,4.27291,0.0970767,-0.125858,6.44587,0.0080909,0.106168,-0.0256055,3.4643,-0.536094,0.0338872],[-0.00227809,-0.115458,0.309639,-0.0826377,0.834908,1.11033,-0.0239176,1.06311,0.0167925,0.00444957,-5.78191,0.0205716,0.138735,-2.20092,0.000446573,-0.1477,0.0370239,-0.00871438,-0.414421,0.00900973],[0.600767,0.752301,-0.394736,0.343098,-1.45202,-1.81278,-0.00409646,0.0241823,1.08942,-0.162974,-11.7982,-0.483125,0.158839,-5.38182,0.0106106,0.407197,0.284186,-3.07087,1.55609,-0.311798],[-0.14214,-0.235438,-0.279575,-0.136554,1.28855,0.0484899,0.112054,0.557299,0.0285618,1.08253,10.518,0.136195,0.0770543,2.78183,-0.0141027,0.361667,0.0767795,-0.564439,1.02278,0.0754916],[0.00268636,8.59829e-07,0.00803868,-0.000140222,0.0438328,0.0371506,0.000663078,0.00103349,-0.000167841,-0.00207995,0.981429,-0.00203761,-0.00074983,-0.0184604,0.000504238,-0.00324616,0.000169208,-0.0142186,-0.000703226,0.00137837],[0.524161,0.440436,-0.0264431,-0.0912185,1.5379,0.785195,-0.017811,0.0818523,0.0187018,-0.0105961,-3.38512,1.01135,-0.0458428,1.40916,0.0334304,-0.155333,-0.0164404,1.58481,-0.739312,0.141169],[-0.604905,0.0278698,-0.106628,0.117758,-3.2025,-0.696614,0.0276527,-0.181299,-0.00392535,0.00775495,-2.32867,0.0424085,1.05615,-2.32707,0.0619243,0.131001,0.0375822,-0.432391,0.454914,-0.0210389],[0.0168392,-0.00109432,0.0312781,0.0119329,0.117324,0.0925184,-0.00590918,0.0091816,0.00237617,0.00675621,0.025562,0.0123201,0.00834098,1.06381,-0.000772508,-0.0105969,-0.000224394,0.0550867,0.0127242,0.00483819],[0.515689,0.396294,1.20191,-0.151437,0.837262,0.551376,-0.0474843,-0.0750955,0.0337672,0.0473613,-0.692011,0.0229973,0.141907,-0.0275671,1.14553,-0.0519697,0.0296749,0.900509,0.0385987,0.0303914],[0.13661,0.012903,0.228089,0.255119,0.259233,0.444863,0.00495099,-0.156927,0.000217694,-0.0309056,-2.74952,-0.0205176,0.0485842,-1.29732,-0.0288622,1.0597,0.00636067,-0.0740323,-0.193346,-0.0165928],[0.00492012,-0.0358987,-0.186672,0.236234,-0.787586,-0.172967,-0.0197535,0.374715,-0.00187883,0.107563,1.38058,0.204525,0.257349,0.0857892,0.0797925,-0.100019,0.298925,0.754485,-0.971844,0.0401297],[0.0299749,0.0254393,0.0364046,-0.00322994,0.20819,0.0404256,-0.0066486,-0.0260253,6.34231e-06,-0.00427691,0.79078,-0.00492958,-0.0121669,0.131097,-0.00243149,-0.0062687,0.000518127,0.398033,0.118506,0.0181143],[-0.0608433,-0.0636021,-0.00295753,0.0084223,0.241129,0.254677,0.000520663,0.0730265,-0.00622973,-0.0107073,2.02783,0.0145855,0.00653772,-0.00976069,-0.000136719,-0.056279,-0.0137585,-0.223964,0.522642,0.0216304],[0.367401,-0.0279044,1.08235,-0.221334,0.706486,-0.0153268,-0.038802,-0.157225,-0.00496495,-0.0715938,0.560415,-0.113946,-0.0179036,0.600028,-0.0317704,0.0284209,0.0367004,-1.24634,0.695807,1.15331],[0.060698,-0.0888465,0.0151729,0.0855435,0.0574356,-0.12167,-0.013236,-0.0238336,-3.2644e-05,0.00931078,0.243308,0.0542909,0.0710867,0.207306,-0.015685,-0.00581976,-0.00112282,0.0237548,0.0849813,0.0135646],[-0.0772877,0.278741,0.0252962,0.0557217,-0.933312,-0.225855,0.00556046,-0.0545603,-0.00384941,-0.00498026,1.20348,0.0243872,-0.0435234,0.787555,0.0169806,0.0127227,-0.0104314,0.0751215,0.131,-0.0127852],[-0.0247109,0.0565475,0.0699791,-0.00377559,0.0462226,0.0598526,-0.000616004,0.00167703,0.000963127,0.00552173,-0.603473,-0.0164846,-0.00708055,-0.558669,-0.00853639,0.010404,-0.000503323,-0.345042,0.0208674,-0.006054],[-0.109999,-0.131024,-0.269864,0.0724809,0.285247,-0.225645,0.0137065,0.0456156,0.000404666,0.032067,0.897357,0.0629968,-0.0124547,0.793266,-0.0144423,0.0874439,-0.00389469,0.0646484,0.0542839,0.0346686],[0.0290001,0.0272175,0.0246388,0.00382581,0.0153941,-0.0421656,-0.00145907,-0.00705212,-0.00109616,0.0014871,-0.0448,0.0040114,0.0126478,-0.0242173,-0.000653431,-0.00412404,0.00287093,0.00739747,0.0149715,0.000133236],[0.0394129,0.00886763,0.00620877,-0.0273502,0.27205,0.153406,0.00194491,0.0159779,0.00312119,0.00763086,0.782041,0.0159784,0.0124448,0.187416,-0.00622479,-0.017152,-0.00137178,0.212896,0.0170967,0.0154922],[-0.545485,0.478412,0.838565,-0.522237,-4.07889,-1.20176,0.00958483,-0.164612,0.00670455,-0.00811789,-5.48666,0.238278,0.307404,-6.7573,-0.372488,-0.137366,0.0414354,-3.04765,1.26001,-0.104786],[-0.0842979,0.0469082,-0.121754,0.0471532,-0.93355,-0.984017,0.0184465,-0.0272801,-0.010814,-0.00338841,0.666891,-0.0189097,-0.095706,1.47533,0.0125267,0.0422624,-0.0564537,-0.763399,0.230506,0.0047401],[-0.620276,-0.119671,-0.791829,-0.85468,0.663295,0.46492,0.0551986,-0.28861,-0.0772248,0.23191,13.7789,0.21164,-0.145047,7.85626,-0.155449,-0.348543,-0.163045,5.42402,0.702584,0.128854],[-0.0649692,0.0431407,-0.397692,0.270988,-1.79598,0.667552,-0.078932,-0.749194,-0.00532671,-0.0867926,-13.0089,-0.296407,-0.100936,-1.66994,-0.0155224,-0.119191,-0.0672925,0.28319,-1.37976,-0.186794],[-0.00542539,0.00403543,-0.00471511,-0.00242444,-0.0507919,-0.0137356,-0.000683715,-0.00525519,3.36307e-05,0.00185147,-0.00335852,0.00256017,0.00293418,-0.0180433,-0.000142954,0.00381277,-0.000170374,0.0129268,-0.00155654,-0.00117343],[-0.172604,-0.0283578,-0.0187961,-0.00884242,-0.4487,-0.452494,-0.000292361,-0.0464241,-0.0372485,-0.00537977,0.110335,-0.0357353,-0.00734502,-1.15502,-0.0773533,0.0450815,0.000617766,-1.00902,0.311514,-0.0993023],[0.609073,0.00270401,0.250711,-0.0571886,2.92598,0.458334,-0.00711859,0.192139,0.0045211,-0.0474478,2.0489,-0.0556441,-0.0768507,2.06304,-0.0457985,-0.0718551,-0.0414927,0.482628,-0.365979,0.0342298],[-0.0094864,0.00193314,-0.0141882,-0.0177873,-0.105116,-0.0618688,0.00317836,-0.00651747,-0.00167633,-0.00437192,-0.076283,-0.0131647,-0.00332137,-0.0712312,0.00327766,0.00945506,-0.000327787,-0.0501847,-0.0228674,-0.00471118],[-0.447895,-0.546925,-0.932882,0.107851,-0.210212,-0.921178,0.0580335,0.126203,-0.0208446,-0.0231326,-1.05845,0.0204285,-0.0755303,0.256951,0.00201382,0.196656,-0.0302529,-0.873211,0.112914,0.0835622],[-0.089027,-0.101002,-0.114503,-0.15812,-0.156922,-0.320063,-0.00132875,0.121132,-7.05939e-05,0.00836692,1.88794,-0.0191867,-0.0586236,0.647315,0.0170663,-0.0312782,-0.00100516,-0.114667,0.054221,0.00128012],[0.0876246,0.154779,0.145315,-0.203096,0.977121,-0.049235,0.00272753,-0.449006,0.000624168,-0.114905,-1.98903,-0.202654,-0.344502,0.678253,-0.0741487,0.00834918,0.7454,-0.398631,0.973314,-0.073193],[0.0128957,0.0415042,-0.066045,0.0171832,-0.0329829,0.0563125,-0.00223719,-0.0242122,0.0017481,-0.001028,0.0928109,-0.000622525,0.00676647,-0.125226,-0.00382652,-0.0124038,0.000924634,0.205376,0.0515419,-0.00291623],[-0.0429164,-0.0194492,-0.202595,-0.0122743,-0.235091,-0.276425,-0.00611086,0.0735475,0.00586734,0.0262275,-0.328666,0.028991,0.0580764,-0.775188,-0.00597579,-0.0345074,0.00666341,-0.144512,-0.127267,0.0131298],[-0.432204,-0.145711,-0.855968,-0.0446152,-1.56694,-0.610853,0.0332832,0.156609,0.0161589,0.0836357,0.709548,0.0347308,-0.0119885,-0.269408,-0.0518552,-0.0904535,-0.0233628,1.21202,-0.514663,-0.16254],[-0.0228029,-0.060532,-0.118688,-0.0399523,-0.0759135,-0.356631,0.0122486,0.00423803,-0.000902047,-0.0116012,-0.631063,-0.0323475,-0.0654006,-0.0299492,0.015433,0.0158255,-0.00167815,0.0421933,-0.0589424,-0.00863551],[-0.0679728,-0.0102459,-0.106302,-0.0432992,-0.373352,-0.159559,-0.001313,-0.0468354,-0.00319235,-0.0238706,-1.54139,-0.0877677,-0.0457619,-0.709426,0.0173883,0.0304765,0.00194259,-0.134049,-0.148581,-0.0268761],[0.0807345,0.0232425,0.0513,0.00310226,0.200066,-0.0832819,0.00614321,-0.0181628,0.000822952,0.0050193,1.22948,0.0209559,0.0138211,0.29692,-0.010414,0.0101236,0.00487605,0.13028,0.109846,0.0153788],[0.00530812,-0.0157398,0.22324,0.106305,-0.109531,0.314623,0.0032587,-2.70587e-05,-0.00219858,-0.000760182,-1.68095,0.029843,0.0833308,-1.46641,-0.0267137,0.00450972,-0.000757068,-0.478529,-0.204435,-0.0184167],[-0.0181409,-0.00429305,-0.00532674,0.0064181,0.00634232,0.017865,0.00158401,-0.00133229,-0.00018483,-0.00139509,0.0793856,-0.00024636,-0.00650555,-0.00791576,0.00274637,-0.00103065,-0.00130113,-0.0383257,-0.0082669,-0.00175752],[-0.0153617,0.0163519,-0.0120618,0.00260035,0.0117096,0.128271,0.000913776,-0.0130582,-0.0010121,0.00156947,-0.298924,0.00431734,0.0117606,-0.166139,-0.00652985,0.00535493,-0.000386753,-0.0417479,-0.0400855,-0.000178621],[0.67384,0.285327,0.314146,0.372277,1.92552,1.13105,0.00061641,0.00368221,0.00999389,-0.114297,0.948033,-0.331722,-0.188226,0.408906,0.363502,0.02762,-0.0136422,-0.354727,-0.723164,0.0750211],[0.0865941,0.0685862,-0.187874,0.0354747,0.0985926,-0.126387,0.00547515,-0.0357991,-0.00597425,-0.00105483,5.11516,-0.00166118,-0.0430343,0.725646,-0.012973,0.105433,0.0194298,0.772077,0.183922,-0.0137544],[-0.529765,-0.761019,0.654587,0.0309805,-2.04571,0.796552,-0.00430366,0.291921,-0.0601755,-0.157946,-12.9146,-0.153949,0.121824,-9.84368,-0.0200684,0.424615,-0.0944973,-3.83145,-2.17994,-0.0674075],[0.384556,0.549714,0.793915,-0.017853,0.758038,-0.266659,-0.0165645,0.0823537,0.00343869,-0.00689033,3.73575,0.19084,-0.0610209,0.486069,0.118424,-0.319701,-0.00890561,0.918597,0.344241,0.144738],[0.00291795,-0.00386928,-0.00287153,0.0028983,0.00724778,-0.0224217,4.96323e-05,0.00442601,0.0001297,0.000143912,0.0151274,-0.000525983,-0.00216623,0.0367854,-0.000233673,-0.000567138,-6.45259e-06,0.000327473,0.00232311,-0.000146735],[-0.348782,-0.458851,-0.0169624,0.103924,-0.897293,-0.349342,0.0243645,-0.0159373,0.0237225,0.0281998,3.40283,0.00743255,0.033226,-0.0989636,0.032406,0.0672746,0.0157615,-0.437597,0.359153,-0.0333575],[-0.0166149,-0.0395811,-0.170597,-0.0655497,0.301312,0.218914,-0.0205081,-0.0102086,-0.000818156,0.0417696,0.131464,0.0114137,0.00588004,0.292047,-0.0271018,-0.0735354,0.00553939,-0.0161628,-0.122285,-0.0126436],[-0.00729542,-0.000795908,-0.0169952,0.00589775,-0.0124622,-0.0306014,0.0027661,-0.00238994,-0.000660782,-0.00235072,0.0529531,0.000862578,-0.00496086,0.00707247,-0.00246944,0.0011279,0.000543543,-0.0051801,0.0104002,-0.00012077],[-0.0673071,0.152008,-0.269914,0.0432726,-0.627558,0.366176,-0.0101721,-0.0476637,-0.0124833,-0.0238286,1.76467,-0.0425076,-0.0659041,-0.229162,-0.148509,-0.146573,0.00066424,-0.0260502,-0.150178,-0.11345],[-0.043478,0.0944862,-0.109083,-0.0930604,-0.107459,-0.120921,-0.00302864,0.0396348,0.000222147,0.0229604,0.897737,0.0401911,0.00909072,0.660836,0.0108845,-0.0331639,-0.00523923,0.192619,0.144181,0.0163273],[-0.131744,-0.15444,-0.0238694,-0.109258,-0.167744,0.16142,-0.00438268,0.00469822,-0.0139664,0.000876776,0.359163,0.00161122,0.10547,-1.2123,0.000842885,0.101992,-0.0800413,-0.286602,-0.125933,-0.0019828],[-0.0179577,-0.0437778,0.0208133,-0.0192399,-0.00339307,0.0132323,-0.00108975,0.013586,-0.000806235,-0.000627059,-0.607507,0.00363897,0.01665,-0.268796,0.00670181,-0.00281358,-0.000393321,0.0859431,-0.0994319,0.00143284],[0.0204826,0.0377471,0.0738493,-0.00203272,-0.197364,0.0859076,0.00269104,-0.0140991,-0.00141688,-0.00128427,-0.681993,-0.0154182,0.0118839,-0.432915,0.000304772,-0.0334,-0.00711614,0.161183,0.12609,0.0102512],[-0.0041019,0.055979,-0.285676,0.216769,0.699804,0.370819,0.00401436,0.0721246,0.0028377,-0.00996835,-1.08991,0.0630029,0.0357481,-0.284641,0.0659776,0.0407512,-0.0112157,-0.102745,-0.295625,-0.036612]],"sigmahat":[[0.492134,0.370238,0.472962,0.0389305,1.12116,0.399611,0.000414245,-0.020501,-0.00102325,-0.0128683,-0.0434367,-0.0160967,-0.0193261,0.28994,0.00500542,-0.0273312,-0.000146965,0.227244,0.0611158,0.0387175],[0.370238,0.637653,0.438918,0.0090304,0.315723,0.438475,0.00116031,-0.0785413,-0.00150396,-0.00543129,-0.583948,-0.0074551,-0.0104879,-0.181822,0.00169708,-0.0474618,-0.00169638,0.0723474,0.0359759,0.0111892],[0.472962,0.438918,1.14677,0.0297187,0.783807,0.803463,-0.0179352,-0.0340356,-0.00285254,-0.00755783,-1.14357,-0.0147471,-0.0153672,0.243042,-0.0188541,-0.0240845,0.00104906,-0.0453558,-0.0999055,0.0325596],[0.0389305,0.0090304,0.0297187,0.234611,0.0126768,0.127814,0.00866982,-0.0306799,-0.000917609,-0.00402202,-0.890939,-0.017172,-0.00732482,0.0868,0.00323857,0.0296244,0.00342955,-0.0269046,0.0404114,0.00739627],[1.12116,0.315723,0.783807,0.0126768,6.09188,1.81522,-0.024081,0.174542,-0.00790044,-0.0153428,5.56769,0.0551815,-0.0600639,2.40881,0.00744175,-0.139136,-6.80611e-06,1.02752,0.41285,0.235094],[0.399611,0.438475,0.803463,0.127814,1.81522,2.75681,-0.0386663,-0.027392,0.00430972,0.00760165,-0.791875,0.0121198,0.0843719,-1.2154,-0.0306303,-0.113682,-0.00118433,-0.0466106,0.015285,0.0817052],[0.000414245,0.00116031,-0.0179352,0.00866982,-0.024081,-0.0386663,0.00637106,-0.000978384,-0.000179676,-0.00115864,-0.0747896,-0.00317503,-0.00313383,0.0131764,0.00250679,0.0108252,0.000367013,-0.000330606,0.00768602,-0.00218541],[-0.020501,-0.0785413,-0.0340356,-0.0306799,0.174542,-0.027392,-0.000978384,0.116624,0.00317057,0.00350657,1.24926,0.0211184,-0.00407065,0.35553,0.00125591,-0.0154845,-0.00543231,0.0523006,0.0106113,0.00442455],[-0.00102325,-0.00150396,-0.00285254,-0.000917609,-0.00790044,0.00430972,-0.000179676,0.00317057,0.00194756,0.00085169,0.0501544,0.000967574,0.000794022,-0.00143558,-0.000374278,-0.00116734,0.000185354,0.00136968,-0.000365498,-2.60553e-05],[-0.0128683,-0.00543129,-0.00755783,-0.00402202,-0.0153428,0.00760165,-0.00115864,0.00350657,0.00085169,0.010646,0.255162,0.0128262,0.00705629,0.105571,-0.00235467,0.000987476,-0.000435419,0.0449778,0.0106081,0.00137196],[-0.0434367,-0.583948,-1.14357,-0.890939,5.56769,-0.791875,-0.0747896,1.24926,0.0501544,0.255162,110.001,0.955645,-0.238763,21.3682,-0.016432,-0.261043,-0.0400141,5.88725,4.50532,0.379297],[-0.0160967,-0.0074551,-0.0147471,-0.017172,0.0551815,0.0121198,-0.00317503,0.0211184,0.000967574,0.0128262,0.955645,0.0576626,0.0326664,0.226028,-0.00615002,-0.0148588,-0.00163552,0.0733548,0.0720482,0.0107231],[-0.0193261,-0.0104879,-0.0153672,-0.00732482,-0.0600639,0.0843719,-0.00313383,-0.00407065,0.000794022,0.00705629,-0.238763,0.0326664,0.0640648,-0.50004,-0.000560057,0.00123502,-0.00326513,-0.088166,0.034919,-0.00554858],[0.28994,-0.181822,0.243042,0.0868,2.40881,-1.2154,0.0131764,0.35553,-0.00143558,0.105571,21.3682,0.226028,-0.50004,17.1548,0.00404611,-0.00922132,0.0236534,3.31261,0.832649,0.274682],[0.00500542,0.00169708,-0.0188541,0.00323857,0.00744175,-0.0306303,0.00250679,0.00125591,-0.000374278,-0.00235467,-0.016432,-0.00615002,-0.000560057,0.00404611,0.0295462,0.0286138,-0.00312697,-0.0184214,0.027749,-0.00206628],[-0.0273312,-0.0474618,-0.0240845,0.0296244,-0.139136,-0.113682,0.0108252,-0.0154845,-0.00116734,0.000987476,-0.261043,-0.0148588,0.00123502,-0.00922132,0.0286138,0.197086,0.00409726,-0.131997,0.101416,-0.0194256],[-0.000146965,-0.00169638,0.00104906,0.00342955,-6.80611e-06,-0.00118433,0.000367013,-0.00543231,0.000185354,-0.000435419,-0.0400141,-0.00163552,-0.00326513,0.0236534,-0.00312697,0.00409726,0.00866742,-0.00132621,0.013868,-0.000824876],[0.227244,0.0723474,-0.0453558,-0.0269046,1.02752,-0.0466106,-0.000330606,0.0523006,0.00136968,0.0449778,5.88725,0.0733548,-0.088166,3.31261,-0.0184214,-0.131997,-0.00132621,2.76205,0.123471,0.0850384],[0.0611158,0.0359759,-0.0999055,0.0404114,0.41285,0.015285,0.00768602,0.0106113,-0.000365498,0.0106081,4.50532,0.0720482,0.034919,0.832649,0.027749,0.101416,0.013868,0.123471,0.889472,0.0122537],[0.0387175,0.0111892,0.0325596,0.00739627,0.235094,0.0817052,-0.00218541,0.00442455,-2.60553e-05,0.00137196,0.379297,0.0107231,-0.00554858,0.274682,-0.00206628,-0.0194256,-0.000824876,0.0850384,0.0122537,0.0298463]],"n":20,"lags":3}