{"betahat":[[-0.0811439,-0.052548,-0.390337,-0.0785788,-0.0868759,-0.0875695,0.0342316,-0.241522,0.411056,0.289633,0.0112845,-0.00836809,-0.041181,-0.00337261,0.00185433,0.433557,0.711809,0.180021,-0.0131708,-0.0211547,-0.496654,-1.01417],[0.0607524,0.0169006,0.227632,0.127531,0.0840635,0.0421518,-0.0118315,-0.0458701,-0.104788,-0.139403,-0.00208556,-0.00428496,0.0139381,-0.00996083,-0.0149778,-0.0207383,0.0630061,-0.0262022,-0.0758905,-0.0112351,-0.50578,-0.480539],[0.0204583,0.096403,-0.166792,-0.028506,0.0206301,-0.0702378,0.0308156,-0.0347033,-0.0463618,-0.148075,-0.0371495,-0.00754493,0.00469683,-0.00439892,0.00990608,0.00838158,0.0466909,-0.0311893,-0.00755196,-0.0168072,-0.207367,0.0256131],[0.0224293,0.00506805,0.0747906,-0.0168364,0.0207155,0.00425402,-0.000327334,0.00525899,-0.0778012,-0.00085406,0.00675467,0.000617342,0.00518565,0.000633315,0.000130953,-0.000667317,0.00618379,-0.00285421,-0.00921488,0.00495338,-0.111769,-0.00349624],[-0.0194313,-0.0210188,0.0818111,-0.0195665,-0.030485,0.0381337,0.00425131,-0.0337759,0.050671,-0.00544217,-0.0180534,0.00139075,0.000318172,0.00357549,0.00287613,0.00304271,0.0120018,0.00523949,0.00153685,-0.0128793,0.0415818,-0.0671412],[-0.00127602,-0.00615175,0.0431485,-0.0290297,-0.00311335,0.0587265,0.0220141,-0.0063131,-0.0584575,-0.0456606,-0.00185195,-0.00613231,0.013637,-0.00433025,0.00515184,0.0147936,0.0404231,-0.000290113,-0.014498,0.0108968,0.0758357,0.00429703],[0.0325731,0.00416371,0.167374,0.0549891,0.112379,0.127897,0.0510297,-0.0327454,-0.014792,-0.0732201,-0.0119311,-0.00433109,0.0199074,0.00464008,0.00271416,0.0252576,0.0089454,0.00488696,-0.0108666,0.0114662,-0.180317,-0.0884192],[-0.0448358,-0.106912,0.168349,0.0336042,-0.154411,0.0552762,0.20452,0.0155834,-0.293976,-0.129277,0.0074519,0.015959,0.0043274,0.0240316,0.0107917,-0.0817842,-0.0192126,-0.0237457,0.0318758,-0.0128203,-0.520153,0.39124],[-0.038961,-0.0722508,-0.240051,-0.195775,0.0649752,-0.128444,-0.0320038,0.532304,-1.23513,-0.328133,0.0643878,0.00458363,0.0155717,-0.000974674,0.00087209,-0.0725699,0.0466599,0.0157646,0.208662,-0.0195007,0.266166,2.13439],[-0.00290664,0.00160896,-0.0227361,-0.00626729,0.000835498,0.000437751,-0.00946636,-0.00432673,0.110941,0.0102275,0.00233651,-0.00172761,-0.0012054,-0.00204046,-0.000671316,0.00784939,0.00268467,-0.00149503,0.0105769,-0.000986312,0.0365504,-0.0488005],[-0.00510779,-0.0108398,-0.0207744,-0.0166988,-0.0106057,-0.0245827,-0.0220117,0.00279861,0.0282853,0.0981585,0.00155707,0.000754495,-0.00326683,-8.8032e-05,-0.000847822,0.0149727,-0.00838175,0.00176109,0.0130599,0.00108702,0.0401697,-0.0142872],[0.00653753,0.0376796,-0.134052,-0.0912117,-0.00978764,-0.131506,-0.0269546,0.0500405,0.0323763,0.110256,0.035848,-0.00514863,-0.00605226,-0.0106414,-0.00582889,0.0144298,-0.0488982,-0.0456494,0.0428896,0.00613711,0.167368,0.00281433],[-0.0491859,-0.120407,0.176495,-0.0263603,-0.408521,-0.302129,-0.274247,0.000804323,-0.251616,0.31099,-0.00868729,0.107281,-0.00802612,0.0912793,-0.0190712,-0.00179651,-0.0739879,0.0724222,-0.0936782,0.0172502,-0.480047,-0.727703],[0.0729547,0.0770242,-0.0100039,-0.0962286,0.0116528,0.000137735,0.0864546,0.00313291,-0.345506,-0.179442,0.0263648,0.00287572,0.0537251,0.0122951,0.00548055,0.0371976,0.00802224,-0.0424405,-0.142407,-0.00565849,0.436101,0.223789],[0.0142764,-0.145046,0.566375,0.0753998,-0.435916,-0.198982,-0.220913,0.0384032,-0.628535,0.18511,-0.0304947,0.132889,-0.00291932,0.127347,-6.70159e-05,-0.032702,-0.0464177,0.0792892,-0.0674904,0.025918,-0.0704296,-0.646475],[0.00810112,-0.06806,0.062954,0.0337191,0.0441798,0.134397,0.0945653,0.0133769,-0.154126,-0.002373,0.00232872,0.0274409,0.0617381,0.0333233,0.0385655,0.0170305,-0.00180469,-0.049629,-0.14701,-0.0182023,0.635957,0.277117],[0.0593542,0.0981564,-0.121316,0.00588411,0.109527,0.0606199,0.0906797,-0.0885651,0.806728,0.417047,-0.00328317,-0.00360926,0.005741,0.00199377,0.00192152,0.624975,0.103611,0.0283108,0.0481837,-0.00604858,0.445628,0.178122],[0.0184851,0.0283846,0.0672522,-0.0630013,0.0498092,-0.00569118,-0.00176829,0.00651058,-0.180954,-0.0804337,0.0120808,0.0101297,0.0273923,0.0111735,0.0123085,0.0481529,0.663346,0.0317738,-0.0125509,0.00189826,-0.122129,-0.0581168],[0.020535,-0.084637,0.467085,0.207987,-0.223159,0.218402,-0.103069,-0.0440673,-0.0155189,0.0698875,-0.0924104,-0.0303763,-0.0522421,-0.0307388,-0.0239006,-0.0807511,-0.0214779,0.460751,0.0310412,-0.0130558,0.0611985,0.952236],[0.0432102,-0.0188483,0.212656,-0.0425952,-0.0404902,0.05482,-0.0958634,0.125728,0.732632,0.235345,-0.0082896,-0.0106787,-0.0468656,-0.0162673,-0.00320339,0.0568189,0.0699579,-0.0177773,0.542506,-0.011825,0.0313527,-0.430249],[0.00721839,-0.0432423,0.0352842,-0.262569,-0.0384427,-0.0100943,0.0387681,0.019174,0.0178746,-0.0904893,-0.00259836,-0.00238898,0.0157054,-0.00248904,0.00975634,-0.00865633,0.0314964,-0.00870943,-0.0334672,-0.0534285,0.219602,0.159677],[-0.0081921,-0.0134417,-0.00383057,-0.015127,0.00864379,0.00518989,-0.00399162,0.00993478,0.0272205,0.0185943,0.0011435,-0.00013429,-0.000112728,-0.000472099,0.000647131,0.00262987,-0.00313824,-0.00360199,0.000486432,-0.00126795,-0.116534,0.0273652],[-0.00383608,-0.00302154,-0.00172161,-0.00594533,-0.0149154,-0.00310251,0.00203359,0.0203827,-0.053904,-0.0120963,0.000674131,0.000217045,0.00154382,0.000993862,0.00243833,-0.00314037,-0.0120462,0.00574625,-0.00686268,0.00217751,0.0473581,0.208487],[0.00390253,-0.00548913,0.0812043,-0.0104772,0.0749643,0.0161492,0.0055738,-0.0180778,0.0165633,-0.0472555,0.0030183,-0.00780027,0.00833105,-0.00773378,-0.00228037,-0.00636762,0.014437,-0.0142369,-0.0498338,-0.0028043,-0.224028,-0.0582798],[-0.0204171,-0.0371282,0.0127914,0.0124096,0.0324888,0.0602239,0.0288744,-0.0105942,0.00315914,-0.032607,-0.00859185,-0.00150498,0.00747315,0.000542983,0.00889648,0.000653207,0.0168082,-0.00272877,-0.0160818,-0.0056273,-0.161276,0.00885836],[0.00527521,-0.00420846,0.0223953,-0.0249213,0.00130984,-0.0145285,-0.00272062,0.00252064,-0.00535899,-0.00950287,0.000445916,-1.58419e-05,0.00156923,-0.000566593,0.000338886,-0.00219555,0.00316271,-0.000730991,-0.00390718,0.00060357,-0.0161468,0.0118395],[0.00360749,0.00332045,0.0327221,-0.0305003,-0.00651107,0.000507591,-0.0106931,-0.00136384,0.0463395,0.00891959,-0.00188836,0.00107088,-0.00133362,0.00201614,-0.000474171,0.000419785,0.00327888,0.00356198,-0.00150324,0.00856026,0.013918,-0.00918654],[0.0132171,0.010546,0.0596179,-0.0089356,0.0249238,0.0261474,0.0151714,-0.00856313,-0.043698,-0.0279243,-0.00230797,-0.00130479,0.00557762,-0.000589755,0.00127488,0.00650746,0.00614211,-0.00445427,-0.0192993,-0.00387156,-0.000733312,-0.00206181],[0.0237934,0.00661347,0.144861,-0.014009,-0.000840428,0.0178955,0.00257472,-0.00717829,-0.00627759,-0.0243709,-0.00297464,0.000995401,0.00346813,0.00263303,-7.56169e-06,0.00262885,0.00592775,-0.000515114,-0.0121526,-0.00332742,-0.0359266,-0.0256499],[-0.00782474,-0.0144165,0.0822493,0.0443936,-0.0853348,-0.0322343,-0.00487879,0.00166366,-0.048077,0.0367132,0.00394004,0.00880267,6.11426e-05,0.00882367,0.00299528,-0.018056,-0.0214199,-0.0032008,0.00664691,0.00423514,-0.077201,0.0355237],[0.0133883,0.0742496,-0.0266486,0.034389,0.0872294,0.0193418,0.0340388,0.0990048,-0.344982,-0.252359,-0.0159334,0.00134891,0.00395241,0.0038411,-0.00234747,-0.0119752,0.0132715,0.0105938,0.00698346,0.00494848,-0.063401,0.578243],[-0.000312437,-0.000536198,-0.001363,-0.00432516,0.000648971,0.000333128,0.000386359,-0.000388083,0.0188968,-0.000685299,0.000593517,-0.000528898,-0.00016648,-0.0005526,-0.000247851,0.00178801,0.00161939,-0.00109894,0.00292402,-0.000298107,-0.00527222,-0.0129776],[-0.00148673,-0.000900011,-0.0113587,-0.000187404,0.000727968,-0.00468279,-0.00440212,0.00103123,0.0154171,0.0187336,0.00100037,-0.000130428,-0.000855113,-0.00028608,-0.000850008,0.0064238,-0.000112204,-2.79726e-05,0.00392341,-2.86563e-05,0.0197768,-0.00337628],[-0.0129549,-0.0108587,-0.0392299,0.0163038,-0.00591058,-0.0226013,0.0187218,0.00306277,-0.0487309,-0.00387259,-0.00668575,-0.000841741,-0.00358172,-0.00167627,1.25945e-05,0.0037769,-0.00469489,-0.012722,0.00516769,-0.00795359,-0.115135,-0.0193179],[-0.00522066,-0.0302554,0.0018906,-0.00553556,0.014749,-0.0279584,-0.0526356,0.0232984,-0.0911049,0.048905,-0.00099345,0.0154226,-0.00114036,0.0118784,-0.00519267,0.00727893,-0.0190803,0.0215617,-0.0157476,0.00449767,-0.113699,-0.194415],[0.00401964,0.00662169,0.0272808,-0.0148405,-0.0193035,-0.0511589,0.0101566,0.0013276,-0.0557202,-0.0135576,0.00687615,0.00278702,-0.00033252,0.0027441,-0.00324145,-0.000496247,0.00418315,-0.00144988,-0.0164945,0.00185093,-0.0445208,0.0649532],[0.00780836,-0.0518777,0.172919,0.014239,-0.0491885,-0.0364288,-0.0484115,0.0339063,-0.157337,0.0277547,-0.00118926,0.0199728,-0.00172985,0.0179649,-0.0081508,-0.00909474,-0.0367158,0.0306091,-0.0288118,0.00360587,-0.344807,-0.207558],[-0.00378449,0.0125873,-0.0714073,-0.0101674,-0.0098815,-0.00522951,-0.0296399,0.0104465,0.0652236,0.0656241,0.0150702,0.00911727,0.00329363,0.00979997,-0.00288763,-0.00202419,-0.00477325,0.00473759,0.00565006,0.005741,-0.0565509,0.0817871],[-0.0478819,-0.0513157,-0.00641701,0.0207129,-0.0363712,0.000733746,0.0364471,-0.0112979,0.1913,0.105876,-0.00123319,0.003597,0.000522505,0.0046071,0.00103708,0.11014,0.0262952,0.0185542,0.0345592,0.00370043,-0.10503,-0.0296399],[-0.0247878,-0.00595428,-0.062998,0.00876045,-0.00971237,-0.0497227,0.00401205,0.00114699,-0.0875297,0.0253668,0.00262375,0.00539299,0.00461812,0.00529648,0.00313274,0.0090646,0.17251,0.0204196,0.00506753,0.00513874,0.0288534,0.0899295],[0.0640204,0.00636564,0.150084,0.0259228,0.157094,0.0771468,-0.0200422,0.008887,0.207607,-0.0636904,0.00625941,-0.0197582,-0.0107487,-0.0182302,-0.00744687,-0.0284218,0.0308516,0.0882783,0.0242733,0.00620633,-0.0474474,0.290699],[0.00209557,-0.00591975,-0.0277202,0.0939762,0.0564009,0.0547418,-0.00145481,0.0354842,0.149752,-0.0186281,-0.00695174,-0.00383238,0.00185339,-0.00253021,-0.000990035,0.00751891,0.0420017,-0.0124334,0.0995628,-0.000455162,-0.0740191,-0.0854841],[-0.00131532,-0.00155331,0.0120128,-0.0081691,0.00253539,0.00547339,0.0100032,-0.000323894,-0.0541952,0.00874862,2.77678e-05,-0.00109208,0.0038521,-0.000655036,0.00250656,0.0100401,0.00360942,0.00100555,-0.00741433,0.000907401,0.0057637,0.00552286],[-0.000553978,0.000275902,-0.00401699,0.000804453,0.000261285,-0.0020446,-0.0010329,-2.55057e-05,0.00567039,0.00657779,0.00130334,-2.06712e-05,9.55346e-05,4.55344e-05,-5.13495e-06,0.00183393,0.000624477,-1.17462e-05,0.000956052,-0.000986758,0.0011093,0.00767574],[-0.00105304,-0.000818149,0.000434054,0.000382271,-0.00407985,0.000494976,0.00158596,0.00375503,-0.0079545,-0.00491094,5.63235e-05,0.000224941,0.000368734,0.000465159,0.000716879,-0.00165045,-0.00268375,0.00144825,-0.00181906,5.35211e-05,-4.45537e-05,0.0347525],[-0.0093916,-0.00496609,0.0449675,-0.0231516,0.0156957,-0.00520242,0.0182324,0.00909825,0.0414134,-0.0376187,0.00657792,-0.00422692,0.0039443,-0.00473378,0.00198323,-0.00678335,0.0131843,-0.00592044,-0.0164665,0.00466353,0.1834,0.0769963],[-0.00810075,-0.0165383,-0.0259098,0.0122842,0.00981167,0.0200806,0.022412,-0.000939287,0.0149077,-0.0219623,-0.00037097,-0.000195797,0.00527077,0.000338555,0.0043537,-0.00277658,0.0076519,-0.00115914,-0.0149163,0.00750536,0.144552,0.0561084],[0.000921209,0.00136809,-0.00547202,-0.00409279,-0.00016208,-0.00459287,-0.00293065,0.00201803,-0.00310567,-0.00403039,0.00121794,-7.8933e-05,0.000716314,-0.000375221,-0.000200713,-0.00220261,9.14285e-07,-0.00154265,-0.00386064,-0.000762808,0.00497192,0.00562781],[0.000956832,-0.00217679,-0.0101558,-0.0240562,-0.00870754,-0.00780389,-0.00440072,0.000235347,0.0140067,0.00401553,0.00109347,0.000179708,-0.000355859,0.00024318,0.000144765,-0.000566761,-0.000945205,0.00116348,0.00271476,-0.00244231,0.0240909,0.00393173],[0.00210568,0.00201237,0.0190304,-0.00873769,-0.00213313,-0.00444971,0.00355573,-2.61355e-05,-0.0172272,-0.00551535,0.000800833,-0.000106381,0.00191176,0.000208173,0.000120286,0.00203484,0.000340066,-0.000448796,-0.00190533,0.00193486,0.00686943,0.0226814],[0.00844041,-0.00428774,0.054763,-0.0228996,0.0116963,4.77903e-05,0.0036489,0.00547485,-0.00790158,-0.00713577,0.00517922,0.000311771,0.000938352,0.000175197,0.00020758,-0.00714814,0.0053879,-0.0036877,-3.27062e-05,0.0018888,0.0114805,-0.00772873],[-0.00302409,-0.00813434,0.0344054,0.0189458,-0.0398818,-0.0374104,-0.008659,0.0025509,-0.00939612,0.0181692,-0.00171516,0.00514569,-0.0029916,0.0039573,0.000659985,-0.00953118,-0.00622335,-0.0035934,0.0097601,0.00251017,-0.0975009,-0.0635153],[-0.00519861,0.031019,0.0298288,0.0711302,0.0145399,0.0430652,0.0199876,0.0249266,-0.192456,-0.176521,-0.0241253,0.00301082,0.0037466,0.0058476,0.00215328,-0.0116263,0.0107847,0.0218055,0.00213838,0.003246,-0.140536,0.211041],[-0.000293127,0.000393063,0.000659223,-0.000318952,0.000165599,-0.000208401,0.000697484,-0.000138702,0.00928696,-7.42887e-06,0.000628555,-0.000292709,-0.000211273,-0.000278171,-0.000190255,0.000841454,0.00122805,-0.000653442,0.00260677,-0.000326735,-0.00260878,-0.00436103],[2.11526e-05,-0.000411796,0.00125185,0.000851103,0.00310905,-0.000263837,-0.00211152,0.000318467,0.00430827,0.00834364,0.000644636,-0.000193129,-4.85117e-05,-0.000328116,-0.000359586,0.00252044,-0.000420491,-0.000179436,0.00157441,-0.000133692,0.00686592,-0.000622252],[-0.00227501,0.00302581,-0.0060639,0.0261453,-0.00644094,-0.00857066,-0.00617384,-0.00829324,0.00927194,0.0116209,-0.00270645,0.0012723,-0.00513372,0.000627895,-0.00191628,0.00488266,-0.00398758,0.00153855,0.00371832,-0.00375429,-0.053141,-0.0231278],[-0.0179912,-0.0303791,-0.0401219,-0.00703583,0.0314108,-0.000651731,-0.0206627,0.0151632,0.00973167,-0.00284075,0.00168674,-0.00102139,-0.00388737,-0.00252937,-0.00272507,-0.010944,-0.000366075,0.0225488,-0.00565613,0.000990623,0.0772884,0.0121461],[-0.0038478,-0.00459564,0.0286346,-0.00377958,-0.00501411,-0.0119486,0.00222283,0.00384297,-0.024778,0.00195655,0.00156869,0.000582914,-0.00240521,0.000201984,-0.00083369,-0.0064398,-0.00198384,0.00201314,-0.00580764,0.00185866,-0.0329654,0.0481777],[-0.00364449,-0.0258658,-0.0290511,-0.0311205,0.0194341,-0.0339415,-0.033192,0.0214907,0.0117956,0.0339562,0.00839741,0.00337356,-0.00467608,0.00082819,-0.00448928,-0.00864244,-0.00973785,0.0217518,0.00216464,0.00712541,-0.0235192,-0.0152105],[0.00538552,0.00481133,0.0329138,-0.017056,-0.00753936,-0.0123368,0.000295765,0.0109499,-0.0526318,0.00309621,0.00471546,0.00234139,-0.000118457,0.00257189,-0.00148814,-0.00445729,-0.00790492,-0.00127358,0.000312914,-0.00051873,0.0576414,0.0496958],[-0.023681,-0.0222086,-0.000311252,0.0114693,-0.0600341,-0.0074607,0.0253063,-0.00952414,0.141097,0.0230807,0.000536423,0.00181722,0.00127979,0.00197449,-0.00093383,0.0448056,0.00903644,0.00709198,0.0208127,-0.00557394,-0.0960421,-0.104282],[-0.010544,-0.00939657,-0.039977,-0.00677818,-0.0161467,-0.0330045,-0.00703514,0.00134261,-0.0282623,0.0492939,0.000222281,0.00239312,-0.00267764,0.00151519,8.57006e-05,-0.00117933,0.0543963,0.0137146,0.00566424,0.0030114,-0.0216757,0.0159792],[0.030731,0.00765763,0.0748062,0.0316736,0.0324497,0.0113666,-0.00908338,-0.00582796,0.216758,-0.013992,0.00750401,-0.0103313,-0.00820263,-0.0111098,-0.0038661,-0.0166142,0.00506342,0.0279664,-0.00383072,0.00149973,0.0547155,0.168852],[0.00209125,0.00764673,-0.0387787,0.00346343,0.0108378,0.0194005,0.00367723,0.00955212,0.0624141,-0.0305997,-0.00123551,-0.00188554,0.00407543,-0.000224069,-0.00189012,0.00224875,0.0261223,-0.00326559,0.0306463,0.00125097,-0.0159128,-0.0119943],[0.00163788,-0.000247839,-0.0092411,0.00960437,0.00685621,-0.00335137,0.000861224,0.00312002,-0.0169753,0.00525297,0.0022457,-0.000232033,-0.000570026,-0.000748288,-0.00240147,0.0015954,-0.00180509,-0.000605389,-0.00300362,-0.0049129,-0.0257727,0.0179326],[0.00075206,1.33287e-05,-0.000832711,-0.00214172,-0.000799352,0.000465081,0.000919834,0.000206457,-0.00282316,-0.000386936,0.000119814,-9.94162e-05,0.000224164,-0.00013978,-0.000156593,0.00103317,-0.000437906,-0.000376205,-0.000742876,2.94237e-06,-0.00615373,0.000385561],[0.00021912,-0.000339627,-0.000131702,-0.00021355,-7.82378e-05,7.5457e-05,-3.17853e-05,0.00195887,-0.00116692,-0.00287165,0.000175927,6.48206e-05,0.000247874,0.000150456,0.00022276,-0.000689174,-0.00153278,0.000596449,-0.000820282,6.60053e-05,-0.00322593,0.0143782]],"sigmahat":[[1.13635,0.791716,1.46936,0.357572,0.758578,0.943817,0.0821342,-0.58988,1.76617,0.126197,-0.064073,0.0110597,0.0837951,0.0186024,-0.0441017,0.258849,0.143524,0.0512576,-0.212042,-0.0231835,-0.211353,-1.29527],[0.791716,1.34433,-0.316526,0.293277,0.493825,0.333387,-0.103527,-0.44344,1.06709,-0.255906,-0.000572885,-0.0244575,0.0525717,-0.0142459,-0.0536874,0.344424,0.221087,-0.042944,-0.139458,-0.00584984,0.701368,-0.407698],[1.46936,-0.316526,15.7955,2.16352,0.20729,2.91013,1.20117,-1.8651,1.77443,0.708558,-0.278943,0.092306,0.265111,0.170203,-0.00932951,0.147885,0.782657,0.339207,-0.647729,0.0458839,-5.35177,-3.73558],[0.357572,0.293277,2.16352,6.65142,0.786143,2.16424,0.394993,-1.24918,2.9755,0.586886,-0.48055,0.0962003,-0.0112112,0.119461,-0.0467267,0.175857,-0.0560179,0.138565,-0.0683947,0.182819,-5.28895,-1.9118],[0.758578,0.493825,0.20729,0.786143,3.85016,1.94158,0.550289,-0.349878,2.52977,-0.158279,-0.0466521,-0.146472,-0.0214626,-0.131987,-0.0560397,0.771516,0.438431,-0.0803884,0.129821,-0.0293968,0.325017,-2.16124],[0.943817,0.333387,2.91013,2.16424,1.94158,4.06371,0.936684,-1.22928,4.46321,0.511972,-0.328442,-0.0495723,0.149825,0.0187728,0.0378331,0.964638,0.577307,0.193836,0.145986,-0.107536,-0.792538,-3.15616],[0.0821342,-0.103527,1.20117,0.394993,0.550289,0.936684,1.52447,-0.623483,-0.0445216,-0.767036,-0.0703405,-0.0107234,0.201373,0.0486133,0.0941544,0.486466,1.13669,-0.177794,-0.539935,-0.0299229,-0.0117495,-0.154042],[-0.58988,-0.44344,-1.8651,-1.24918,-0.349878,-1.22928,-0.623483,18.8441,-67.1412,-31.7623,0.295624,-0.0296811,-0.0734722,-0.0867161,0.00248255,-24.5621,-34.0025,-4.92169,1.3854,0.0275811,2.04598,77.4543],[1.76617,1.06709,1.77443,2.9755,2.52977,4.46321,-0.0445216,-67.1412,308.654,140.376,-0.447733,-0.228894,-0.365997,-0.128223,-0.0135389,110.172,154.311,21.3125,14.7698,-0.222064,5.78183,-293.729],[0.126197,-0.255906,0.708558,0.586886,-0.158279,0.511972,-0.767036,-31.7623,140.376,72.3885,-0.0221779,0.124611,-0.184877,0.149856,0.0248883,53.2449,75.263,10.7017,6.76036,-0.00574775,2.9267,-138.958],[-0.064073,-0.000572885,-0.278943,-0.48055,-0.0466521,-0.328442,-0.0703405,0.295624,-0.447733,-0.0221779,0.184123,-0.00482266,-0.00353516,-0.0146591,-0.0094449,-0.0861415,-0.0786604,-0.115088,0.0986617,0.0180986,0.926573,0.467468],[0.0110597,-0.0244575,0.092306,0.0962003,-0.146472,-0.0495723,-0.0107234,-0.0296811,-0.228894,0.124611,-0.00482266,0.0576622,0.0143405,0.0548609,0.00644472,0.0119566,0.240703,0.037303,-0.058209,0.0121003,-0.259197,0.0291786],[0.0837951,0.0525717,0.265111,-0.0112112,-0.0214626,0.149825,0.201373,-0.0734722,-0.365997,-0.184877,-0.00353516,0.0143405,0.111884,0.0293831,0.0330356,0.082104,0.334317,-0.0201228,-0.188891,0.00554957,-0.141939,0.452025],[0.0186024,-0.0142459,0.170203,0.119461,-0.131987,0.0187728,0.0486133,-0.0867161,-0.128223,0.149856,-0.0146591,0.0548609,0.0293831,0.0597938,0.0127105,0.103683,0.387511,0.056195,-0.0679162,0.0122783,-0.292012,-0.00953662],[-0.0441017,-0.0536874,-0.00932951,-0.0467267,-0.0560397,0.0378331,0.0941544,0.00248255,-0.0135389,0.0248883,-0.0094449,0.00644472,0.0330356,0.0127105,0.0381159,0.119045,0.322662,0.0151465,0.0171321,-0.00105122,0.33101,0.172132],[0.258849,0.344424,0.147885,0.175857,0.771516,0.964638,0.486466,-24.5621,110.172,53.2449,-0.0861415,0.0119566,0.082104,0.103683,0.119045,44.7647,65.0969,9.37139,5.98909,-0.0935071,1.42608,-106.831],[0.143524,0.221087,0.782657,-0.0560179,0.438431,0.577307,1.13669,-34.0025,154.311,75.263,-0.0786604,0.240703,0.334317,0.387511,0.322662,65.0969,108.613,16.065,10.7899,-0.029268,0.327334,-146.888],[0.0512576,-0.042944,0.339207,0.138565,-0.0803884,0.193836,-0.177794,-4.92169,21.3125,10.7017,-0.115088,0.037303,-0.0201228,0.056195,0.0151465,9.37139,16.065,3.1633,1.26529,0.0258709,-0.511534,-19.5097],[-0.212042,-0.139458,-0.647729,-0.0683947,0.129821,0.145986,-0.539935,1.3854,14.7698,6.76036,0.0986617,-0.058209,-0.188891,-0.0679162,0.0171321,5.98909,10.7899,1.26529,7.66526,-0.0711395,1.6286,-1.12502],[-0.0231835,-0.00584984,0.0458839,0.182819,-0.0293968,-0.107536,-0.0299229,0.0275811,-0.222064,-0.00574775,0.0180986,0.0121003,0.00554957,0.0122783,-0.00105122,-0.0935071,-0.029268,0.0258709,-0.0711395,0.17463,0.434484,0.31927],[-0.211353,0.701368,-5.35177,-5.28895,0.325017,-0.792538,-0.0117495,2.04598,5.78183,2.9267,0.926573,-0.259197,-0.141939,-0.292012,0.33101,1.42608,0.327334,-0.511534,1.6286,0.434484,64.779,4.87595],[-1.29527,-0.407698,-3.73558,-1.9118,-2.16124,-3.15616,-0.154042,77.4543,-293.729,-138.958,0.467468,0.0291786,0.452025,-0.00953662,0.172132,-106.831,-146.888,-19.5097,-1.12502,0.31927,4.87595,357.846]],"n":22,"lags":3}