{"betahat":[[0.415951,0.203852,0.850126,-0.0652925,1.17934,0.473846,-1.79401,7.38846,0.335601,0.0493477,3.4871,1.12247,0.422042,0.064591],[0.543893,0.246749,-0.286673,0.0266766,0.0286523,-0.0149454,0.0425202,-0.284569,-0.0090726,-0.0108077,0.142914,-0.0737513,-0.00199889,-0.00240048],[-0.177702,0.806978,-0.254017,-0.00898296,-0.0215461,-0.0160135,0.0083793,0.129496,-0.010577,-0.00907903,0.00725073,-0.0384543,-0.00877058,-0.00484893],[0.0283733,-0.0634501,0.630664,-0.00365928,-0.00321855,0.00193801,-0.0405145,0.0609063,0.00320394,0.00471934,0.00775819,-0.0257822,0.00829619,3.86207e-05],[-0.274553,1.00687,0.582231,1.13705,0.0382105,0.133875,0.283832,-0.827716,-0.000613319,0.0320006,-0.354705,-0.190734,-0.116092,0.0148448],[-0.327999,0.840634,0.280629,-0.116356,0.929179,-0.128447,-0.247971,-0.76578,-0.0624045,-0.0441286,-0.145075,-0.0680938,-0.0818364,-0.0156093],[-0.113152,-0.488466,-0.768026,0.0323046,0.130555,0.987429,-0.0450649,-0.585007,0.0118686,-0.025291,0.87615,0.402458,-0.152547,0.0438047],[0.0266812,-0.101157,0.138667,-0.0819383,-0.0116773,-0.0331536,1.11764,-0.701637,0.00299563,0.00405964,-0.113309,-0.135264,-0.0202212,0.00717139],[0.0389976,-0.0299007,0.0548606,0.00329076,0.00491979,0.00381174,-0.00599561,0.861131,0.00115548,0.00164463,-0.033943,0.00990144,-0.00731493,0.00187467],[-1.8926,1.61656,1.68751,-0.143053,-0.0313588,0.0589,-0.992566,0.798201,0.906524,-0.0825969,0.914458,0.339533,-0.212227,0.120454],[-0.200894,-0.348793,-0.302606,-0.173554,-0.288043,0.0665717,0.675164,-5.57762,0.0616543,1.12976,-1.5584,0.227111,-0.237461,0.0500167],[0.00212656,-0.0507927,-0.224209,0.0156284,0.0139856,-0.0215409,-0.0115131,-0.211851,0.0102381,0.00778606,1.01531,0.0254207,0.0090349,-0.00714646],[0.434596,0.0452741,0.918693,-0.0522236,-0.0836438,-0.0227949,0.161592,1.19207,0.0129598,0.00142375,0.28091,0.619103,-0.031217,0.00991989],[-0.96477,0.331792,-0.155937,0.334807,-0.11104,0.218639,-0.218939,-0.361254,-0.00315864,0.0350933,-0.747963,-0.387032,0.546096,-0.00117437],[0.0506099,2.50844,-0.436615,-0.405225,-0.250556,0.244935,1.44367,4.60914,0.181118,0.0744125,1.3763,2.37109,0.34284,1.18943],[0.211399,0.0512645,-0.00340471,-0.00995391,-0.0138239,0.00967623,-0.0170778,0.329897,0.00852321,0.0138435,-0.157635,0.0506745,0.0413939,-0.00177762],[0.200514,0.0715331,0.309643,-0.00312911,0.0202075,0.0121192,-0.0135435,-0.0517179,0.00299709,-0.00085261,0.0275007,0.00210817,-0.010494,0.00268446],[-0.0436834,0.115881,0.154794,0.0126194,-0.00133563,0.00270115,0.00883804,-0.0335746,-0.00496188,-0.00441551,-0.0157138,0.053719,0.000967374,-0.00114507],[0.165839,-1.24169,-0.95625,-0.107024,-0.0800816,-0.107241,0.068197,-0.430854,0.0136984,-0.0182001,0.352288,-0.0334812,0.0921138,-0.00496458],[0.102118,0.0269239,0.0512007,0.00894897,0.0050271,0.0148074,0.334146,0.0759365,-0.0185,-0.0253122,0.37651,0.00551144,-0.0208409,-0.000937287],[0.0824577,-0.372059,0.169905,-0.000253473,0.0227942,-0.0587401,0.561516,-0.769387,-0.0161513,0.0306385,-0.665243,-0.302158,0.0414777,-0.0195026],[-0.0788174,0.137355,-0.207601,0.027576,-0.0260046,0.010415,-0.202767,0.132769,-0.0050527,-0.00133778,0.000744472,-0.0280599,-0.0426099,-0.00107562],[-0.0171365,0.0524035,0.00335963,-0.00217438,0.00825223,-0.0013159,0.0105349,0.117181,-0.000168189,-0.00075956,0.0217277,0.00700801,0.0102718,-0.00199378],[1.17882,-1.94574,0.179055,-0.046508,0.280833,0.0712863,0.0902059,-4.92817,-0.0413956,-0.0187037,-1.64715,-0.122308,-0.055357,-0.0742392],[0.887079,1.06274,0.502344,0.154722,0.299221,0.0768136,-0.67361,1.47288,-0.116769,-0.196104,0.892021,-0.452032,-0.240246,-0.0274655],[-0.0324755,-0.0900957,0.338972,-0.0163039,-0.00791297,0.00736446,-0.027956,0.34515,-0.00574028,-0.00335476,0.0219752,0.0572443,0.0121671,0.0025579],[-0.149348,-0.389376,-0.924423,0.0590719,-0.0765646,0.025498,-0.00184375,-1.29237,-0.0145633,0.0025209,-0.497005,-0.140225,-0.010748,-0.011468],[0.849486,-0.0794746,0.0719152,-0.110342,-0.0561827,-0.0714686,0.182411,0.740756,0.0197835,0.0218609,-0.0936677,-0.0455346,0.166174,0.0300959],[-0.911906,-0.729846,0.346869,0.336316,0.219841,-0.126342,-0.786965,1.29509,-0.0574808,-0.0517606,0.27087,-1.34199,-0.131394,-0.108856],[0.244348,-0.297526,0.289288,-0.0169374,-0.0148595,0.00529577,-0.0254687,-0.0441822,0.0005889,-0.0029838,0.0146752,0.0227125,-0.0392212,0.00420468],[-0.0227584,0.121435,-0.0556896,0.0121111,0.00132061,0.00390275,0.00513505,-0.0776384,0.00758515,0.0099355,-0.034681,0.0363931,0.019291,0.00216386],[0.0153133,-0.0524451,0.214372,-0.00894781,0.00453997,-0.00462878,0.031636,-0.0271807,0.00176196,-0.000300686,0.00800092,-0.0278929,-0.00924371,0.00110583],[0.108789,0.234019,0.373818,-0.030192,0.0419217,-0.0266695,-0.351627,1.25799,-0.0130411,-0.0137319,0.00193029,0.224168,0.0240002,-0.00986598],[0.215312,-0.894479,-0.194509,0.103737,0.0258596,0.0825422,-0.0572211,0.985125,0.0696355,0.0585977,-0.135595,0.038474,0.160843,0.0118022],[-0.135267,0.158595,0.270354,0.0274107,-0.0827189,-0.0918026,-0.217563,0.352628,-0.0250067,-0.0136552,-0.406137,-0.176818,-0.059162,-0.0265604],[0.0521595,-0.0358126,0.068946,0.0544249,0.0376624,0.0227466,0.0848271,0.57019,0.00208999,-0.00272107,0.112977,0.163538,0.0629307,-0.00609146],[-0.0214845,-0.0256095,-0.0614517,-0.000353703,-0.013583,-0.00211774,-0.00557634,0.0146254,-0.00102002,-0.000891908,0.0133807,-0.0165339,-0.00300924,-3.84205e-06],[0.71678,0.432211,-1.62988,0.171636,-0.135765,-0.0976254,0.493795,1.75866,0.0216725,0.0457982,-0.177026,0.120824,0.205496,-0.0383515],[-0.624737,-0.346305,0.0201484,0.05387,-0.012272,-0.144257,-0.0807777,4.12704,0.0293362,0.0272361,0.805063,0.432962,0.429338,-0.016417],[0.0313446,0.139428,-0.117817,0.000158069,-0.00605697,0.0140675,0.0403983,-0.138603,-0.00442778,-0.00422117,-0.0396333,-0.0829974,-0.020831,0.00458503],[-0.0342893,0.0435724,0.0295483,0.0227967,-0.0356687,0.0058397,-0.0709825,-0.130232,-0.00475319,0.00175637,-0.141085,-0.0990456,-0.0130398,-0.00133261],[0.380152,0.413461,1.16413,-0.0116259,-0.0227245,-0.053542,0.145265,0.354229,0.00923229,-0.00750586,0.0487749,0.148541,0.124481,0.0188807],[1.02963,-0.205331,0.34598,-0.105006,-0.073849,-0.130877,-0.0436049,-4.97452,-0.0479322,0.018321,-0.357181,-1.16486,-0.0963287,-0.125681]],"sigmahat":[[7.75078,-1.14077,6.11795,-0.502781,-0.00160769,-0.0894063,0.778597,-4.41013,0.106716,0.0979418,-0.76459,0.35368,-0.00897029,0.00277094],[-1.14077,20.7713,12.1974,0.120813,0.363241,0.0618342,-0.738651,20.0241,0.032278,-0.153631,3.87654,1.07367,0.660837,0.00199508],[6.11795,12.1974,48.5029,-0.898502,0.964983,-0.0825168,0.887505,13.0019,-0.0587442,-0.191112,2.12929,2.31631,0.0252944,0.0387456],[-0.502781,0.120813,-0.898502,0.262823,-0.0102816,0.080318,-0.278247,1.65514,0.0103485,-0.0100216,0.185145,0.18483,0.0461229,-0.00412562],[-0.00160769,0.363241,0.964983,-0.0102816,0.385449,-0.0425113,0.161465,-1.19682,-0.0241649,4.92207e-05,-0.414023,0.196485,-0.0181304,-0.00404271],[-0.0894063,0.0618342,-0.0825168,0.080318,-0.0425113,0.212485,-0.315323,0.945957,0.0220506,0.00862006,0.0671654,0.116731,0.0419972,0.00776291],[0.778597,-0.738651,0.887505,-0.278247,0.161465,-0.315323,2.98582,-10.1872,-0.0641718,0.0522097,-2.02137,-0.510889,-0.398868,-0.0302049],[-4.41013,20.0241,13.0019,1.65514,-1.19682,0.945957,-10.1872,143.049,1.41977,0.0685204,24.7535,8.37318,6.1279,0.398477],[0.106716,0.032278,-0.0587442,0.0103485,-0.0241649,0.0220506,-0.0641718,1.41977,0.0549537,0.0380681,0.169685,0.120703,0.0858383,0.00715392],[0.0979418,-0.153631,-0.191112,-0.0100216,4.92207e-05,0.00862006,0.0522097,0.0685204,0.0380681,0.0503287,-0.23946,0.0090183,0.0357885,0.00274729],[-0.76459,3.87654,2.12929,0.185145,-0.414023,0.0671654,-2.02137,24.7535,0.169685,-0.23946,10.8229,2.59677,1.0403,0.019927],[0.35368,1.07367,2.31631,0.18483,0.196485,0.116731,-0.510889,8.37318,0.120703,0.0090183,2.59677,4.47213,0.685852,0.036905],[-0.00897029,0.660837,0.0252944,0.0461229,-0.0181304,0.0419972,-0.398868,6.1279,0.0858383,0.0357885,1.0403,0.685852,0.686034,0.00646442],[0.00277094,0.00199508,0.0387456,-0.00412562,-0.00404271,0.00776291,-0.0302049,0.398477,0.00715392,0.00274729,0.019927,0.036905,0.00646442,0.0135747]],"n":14,"lags":3}