{"betahat":[[0.429239,1.93204,0.990151,0.208176,1.51792,0.211781,-2.00313,3.07839,0.177315,-0.0889803,3.27092,0.822364,0.402825,-0.0187917],[0.548157,0.196891,-0.229718,0.0352765,0.0212546,-0.00635156,0.0431686,-0.196549,-0.00741472,-0.0121892,0.153124,-0.0103892,-0.0164178,-0.000764752],[-0.210521,0.826672,-0.261946,-0.00283476,-0.0225902,-0.0101518,-0.00709816,0.431971,-0.00622695,-0.00778978,0.0592993,0.0155061,-0.0022311,-0.0015339],[0.0259393,-0.0568544,0.57347,-0.00273863,0.000264457,0.000647162,-0.0375265,-0.0153196,0.0029867,0.00570364,-0.00381433,-0.0304466,0.012355,-0.000985668],[-0.110725,0.619814,0.681272,1.17513,-0.0305393,0.150577,0.308702,-0.611723,0.00926908,0.047005,-0.409926,-0.0150483,-0.138182,0.017508],[-0.224849,0.975213,0.951276,-0.269942,1.00605,-0.141948,-0.142306,0.0682162,-0.0473872,-0.0429879,0.191033,0.477429,-0.103852,0.0191643],[-0.12098,-0.387378,-0.924998,0.00199369,0.192759,0.943281,-0.0507219,-2.44659,-0.0199313,-0.0348952,0.539837,0.0899971,-0.0979996,0.0089164],[-0.105485,0.0246659,0.0125095,-0.0716947,0.0334522,-0.0387859,1.07902,-0.705752,-0.00217722,0.00398445,-0.172039,-0.14689,-0.0024489,0.00490233],[0.0353754,-0.0251398,0.0449844,0.0101685,0.00838905,0.00684766,-0.0220445,0.872399,-0.000496717,-4.09946e-05,-0.0666289,-0.0122814,-0.010676,0.00150163],[-1.83456,1.12863,1.86912,-0.156454,-0.1351,0.107154,-1.06966,1.12634,0.90378,-0.0909789,1.22148,0.578525,-0.0738261,0.110157],[-0.221049,-1.08305,-1.26787,-0.267997,-0.358032,0.0433734,0.91348,-7.47715,0.0708891,1.17892,-2.35225,-0.372313,-0.282787,0.0731758],[-0.0277027,-0.0673501,-0.42357,0.0375941,-0.00873972,-0.0141331,-0.0411481,-0.158171,0.015901,0.00820806,1.05107,0.00699058,-0.013162,-0.00727399],[0.634916,-0.103146,1.51048,-0.226802,-0.0649682,-0.06437,0.477789,-0.423306,-0.0315275,-0.00254955,-0.255494,0.34254,-0.0679196,0.0103901],[-0.465183,0.485727,1.12925,0.141053,-0.110175,0.147918,0.111836,0.25247,0.0209033,0.0369073,-0.0462745,0.0895421,0.556821,0.023555],[-1.22747,2.53547,-3.7689,-0.0516169,-0.637232,0.29448,0.286355,9.97158,0.120078,-0.0376716,1.305,0.187361,0.210086,1.19713],[0.193,0.101835,-0.0186186,-0.0147502,-0.00640155,0.00162773,-0.0381379,0.485788,0.00738195,0.0128478,-0.126434,-0.018006,0.0623323,-0.00190345],[0.214978,0.0649353,0.281663,-0.00773119,0.0221469,0.00848707,0.0125973,-0.364024,0.000128999,-0.000208041,-0.0358642,-0.0195998,-0.0193923,0.000692783],[-0.0486851,0.127777,0.181213,0.0121391,-0.00399377,0.00267273,0.00614572,-0.023705,-0.00662518,-0.00575861,-0.0240726,0.0318631,-0.0043335,-0.00106275],[0.0851389,-1.03216,-0.857992,-0.127334,-0.0318633,-0.106477,0.11929,-0.248752,0.0125118,-0.030032,0.433948,-0.0403325,0.0609797,0.000686754],[-0.260669,-0.196477,-1.02582,0.179101,-0.0404286,0.073814,0.0391391,-0.168952,-0.0147766,-0.0186201,0.186471,-0.272198,0.0899892,-0.025854],[0.293227,-0.464103,0.668892,-0.000236699,-0.0275517,-0.0120033,0.565259,1.17581,0.0246986,0.041039,-0.138018,-0.0518772,0.0279514,0.00928385],[0.174939,-0.0610099,0.153468,0.000619664,-0.0540589,0.0142235,-0.117265,-0.0668577,0.00148572,0.00310701,0.0159701,0.103249,-0.0623926,-0.000375601],[-0.00667648,0.0543978,0.0494062,-0.0122019,0.00512179,-0.00411386,0.0215967,0.141658,0.00130689,4.10428e-05,0.0619599,0.00237623,0.00623287,-0.00112021],[0.903079,-1.52615,-0.0150896,-0.0768393,0.422608,0.0267039,0.127294,-5.54717,-0.0312409,-0.00208896,-1.73568,-0.61581,-0.19375,-0.0608011],[1.01352,2.24504,1.62181,0.182758,0.517722,0.0477305,-0.657562,1.95808,-0.142142,-0.223988,1.07377,0.232777,-0.0375294,-0.057167],[-0.0737657,-0.0805272,0.442447,-0.0317353,0.0047041,-0.00330191,-0.0285244,0.312226,-0.0141078,-0.00633205,-0.0286785,0.000525762,0.0147574,0.00331949],[0.0742683,-1.36333,-0.898619,0.0917257,-0.233879,0.107478,-0.253691,0.412255,0.0385941,0.0326344,-0.163929,0.251264,0.137054,-0.00113287],[0.529896,-0.171259,-0.93272,-0.00727812,-0.0896124,-0.0150369,0.0474963,0.360924,0.0217313,0.0229625,-0.313819,-0.0198765,0.174516,0.0253885],[0.362263,-1.54641,4.41499,-0.154724,0.525526,-0.25743,0.433402,-4.7697,-0.00467709,0.0752,0.35652,0.0935479,-0.186127,-0.100981],[0.25862,-0.298628,0.247065,-0.0206353,-0.0147995,0.00472935,-0.00508912,-0.288722,5.48346e-05,-0.000611567,-0.0269971,0.0281346,-0.0457411,0.00266462],[-0.00442809,0.10834,-0.0197678,0.0105653,0.0004315,0.00166501,-0.00550662,-0.0679251,0.00610143,0.00800203,-0.0233993,0.00408655,0.0216391,0.000840281],[0.0227456,-0.0709579,0.245204,-0.00939255,0.00371867,-0.00331816,0.031368,0.0390671,0.00364082,5.80398e-05,0.0279162,-0.00142455,-0.00801175,0.0020475],[0.0257719,0.411423,0.176084,-0.047932,0.0623549,-0.0441546,-0.427589,0.859761,-0.021715,-0.0168837,-0.0246804,0.0553498,0.0772484,-0.0181756],[0.371173,-0.732302,0.0328145,0.0957802,0.0303902,0.0494922,0.080235,0.396009,0.0542495,0.0540338,-0.299486,-0.216651,0.0807402,0.00159954],[-0.141346,0.180884,0.22796,0.0316649,-0.124697,-0.0788095,-0.191212,0.421526,-0.0270958,-0.0155862,-0.480141,-0.0156117,-0.084571,-0.0193337],[-0.0691709,0.0371967,-0.165164,0.0710339,0.0205585,0.0245127,0.0380542,0.773737,0.000720051,-0.00708803,0.156723,0.0437732,0.06496,-0.00452995],[-0.0290931,-0.0313254,-0.0965451,0.00254409,-0.0137126,-0.00253671,-0.000193972,-0.0190318,-0.000905479,-7.15457e-05,0.00578758,0.00970434,0.00446436,-0.000463424],[1.06023,0.509478,-1.7144,0.233649,-0.227694,-0.128634,0.683776,1.50756,0.0190238,0.0359728,-0.3404,0.0263695,0.118328,-0.05157],[-0.708195,-0.935123,-0.291363,0.101002,-0.200494,-0.0960334,-0.272591,5.22036,0.0497561,0.0165605,1.32789,0.194569,0.26554,-0.012201],[0.102271,0.146697,-0.0209441,-0.00613616,0.00415593,0.0174134,0.0698764,-0.156197,-0.00170815,-0.00171558,-0.0237681,-0.00796896,-0.00128676,0.00395066],[-0.522401,0.471302,-0.635437,0.099072,0.0376573,0.044005,-0.201794,0.758436,-0.00155608,0.00856818,-0.256777,-0.0658257,-0.0304476,0.00593239],[0.395422,0.48909,1.37089,0.00891993,-0.0170417,-0.0501395,0.138971,0.177626,0.00204507,-0.00759562,-0.0589599,0.170247,0.0921676,0.0146215],[0.9293,0.343258,-0.468092,0.0379275,0.0392714,-0.0185958,-0.258398,-3.56709,-0.0421424,0.00452501,-0.424807,-0.260433,0.133671,-0.132275]],"sigmahat":[[7.99601,-1.50214,5.98316,-0.582932,-0.429553,-0.0207768,1.4269,-4.44398,0.158115,0.145569,-1.222,0.254869,-0.661537,0.10465],[-1.50214,19.3931,11.8182,0.150441,0.570382,-0.0343789,-1.87457,19.0846,0.0344644,-0.157632,5.07751,0.656919,1.43915,-0.152258],[5.98316,11.8182,45.9936,-0.951828,0.611204,-0.200295,1.57928,8.78807,-0.0276977,-0.120439,1.27881,1.13741,-0.531823,0.06882],[-0.582932,0.150441,-0.951828,0.243583,0.0201549,0.0601295,-0.276785,1.02831,-0.011043,-0.0155794,-0.0128992,-0.0069519,0.0723366,-0.0129198],[-0.429553,0.570382,0.611204,0.0201549,0.52021,-0.099294,-0.288139,-0.915908,-0.0443267,-0.0236136,-0.0190474,-0.259551,0.2016,-0.0503458],[-0.0207768,-0.0343789,-0.200295,0.0601295,-0.099294,0.222186,-0.134448,0.0772233,0.0150591,0.0120521,-0.236127,-0.00487454,-0.062788,0.0163701],[1.4269,-1.87457,1.57928,-0.276785,-0.288139,-0.134448,2.99182,-5.19357,0.0379239,0.0678019,-1.22258,0.274876,-0.759639,0.0855502],[-4.44398,19.0846,8.78807,1.02831,-0.915908,0.0772233,-5.19357,86.5695,0.953856,0.292468,13.68,1.19695,4.71881,-0.0912687],[0.158115,0.0344644,-0.0276977,-0.011043,-0.0443267,0.0150591,0.0379239,0.953856,0.0524141,0.0405329,0.0629361,0.0367787,0.0333481,0.0092248],[0.145569,-0.157632,-0.120439,-0.0155794,-0.0236136,0.0120521,0.0678019,0.292468,0.0405329,0.0488387,-0.205775,-0.00719504,0.00728614,0.00840884],[-1.222,5.07751,1.27881,-0.0128992,-0.0190474,-0.236127,-1.22258,13.68,0.0629361,-0.205775,9.35679,1.01145,1.06726,-0.127613],[0.254869,0.656919,1.13741,-0.0069519,-0.259551,-0.00487454,0.274876,1.19695,0.0367787,-0.00719504,1.01145,0.911141,-0.214389,0.0359879],[-0.661537,1.43915,-0.531823,0.0723366,0.2016,-0.062788,-0.759639,4.71881,0.0333481,0.00728614,1.06726,-0.214389,0.900244,-0.062802],[0.10465,-0.152258,0.06882,-0.0129198,-0.0503458,0.0163701,0.0855502,-0.0912687,0.0092248,0.00840884,-0.127613,0.0359879,-0.062802,0.0187273]],"n":14,"lags":3}