{"betahat":[[0.48969,0.782871,-0.759903,0.253555,1.33858,0.0293488,-2.2809,2.49238,0.151558,-0.088571,3.65704,0.539,0.697365,-0.0592883],[0.55527,0.193538,-0.245072,0.0344703,0.0197612,-0.00702367,0.0365152,-0.161681,-0.00732784,-0.0124511,0.171451,-0.0107321,-0.0133746,-0.000683619],[-0.204731,0.832534,-0.269384,-0.00357135,-0.0226096,-0.00995085,-0.00798282,0.418034,-0.00641962,-0.00786597,0.0608326,0.0157946,-0.00312267,-0.00157659],[0.0240852,-0.0534455,0.581626,-0.00273597,0.00018566,0.00111979,-0.036641,-0.02348,0.00306104,0.00597981,-0.011981,-0.0314868,0.0116707,-0.000885213],[-0.0287273,0.617284,0.786895,1.17766,-0.0260903,0.137677,0.333327,-0.601279,0.00823548,0.0436939,-0.382728,0.00155165,-0.145093,0.0186981],[-0.241834,1.07437,1.11561,-0.264627,1.03178,-0.148949,-0.140911,0.141705,-0.0501771,-0.0484283,0.248144,0.482643,-0.103879,0.0178471],[-0.204742,-0.386881,-0.956906,0.0106407,0.187893,0.977856,-0.0602572,-2.3943,-0.0175967,-0.0336889,0.519924,0.0860529,-0.0854554,0.0113285],[-0.0951523,0.0201066,-0.0077736,-0.071887,0.0282354,-0.0409506,1.09239,-0.700225,-0.00115057,0.00468011,-0.161311,-0.144479,-0.00442166,0.00541036],[0.0375781,-0.024171,0.0573227,0.0098619,0.00724734,0.00624969,-0.0207925,0.876399,-0.000517662,-0.000127248,-0.0619538,-0.0117045,-0.0115303,0.00162238],[-1.81091,1.36391,1.7726,-0.135842,-0.118646,0.160223,-0.938407,1.81299,0.924743,-0.0814399,1.23836,0.575692,-0.0616467,0.1095],[-0.144649,-1.14774,-0.956671,-0.293688,-0.350616,-0.0134147,0.844016,-8.05787,0.0688444,1.17846,-2.33278,-0.330653,-0.290388,0.0716103],[-0.0316007,-0.0818417,-0.401469,0.0375699,-0.00580188,-0.0153835,-0.0351326,-0.17638,0.0151893,0.00808564,1.04032,0.00465407,-0.0141127,-0.00716615],[0.560162,-0.0406998,1.54785,-0.223123,-0.0462068,-0.0655508,0.460954,-0.484184,-0.0345606,-0.00626038,-0.27809,0.35698,-0.0674711,0.0104359],[-0.538483,0.437271,0.935128,0.14427,-0.113288,0.154904,0.0750484,0.266348,0.0196808,0.0366715,-0.0259747,0.0802303,0.577779,0.0215329],[-1.34778,2.55139,-3.53535,-0.0193565,-0.623,0.27219,0.350356,9.41811,0.102964,-0.0449593,1.25993,0.189308,0.122997,1.19733],[0.187728,0.103119,-0.0156135,-0.0150826,-0.00694396,0.00250637,-0.0386725,0.467483,0.00740519,0.0134189,-0.139301,-0.0179765,0.0604382,-0.0020048],[0.208824,0.0686563,0.28993,-0.00703863,0.0226207,0.00877339,0.0149018,-0.352645,3.85142e-05,-0.000628836,-0.0298246,-0.0186058,-0.0181077,0.000681564],[-0.0471872,0.127807,0.18233,0.0117919,-0.00371495,0.00216805,0.00643992,-0.0216746,-0.00673874,-0.00612628,-0.0192269,0.0338231,-0.00400584,-0.00109967],[0.0675488,-1.04834,-0.869295,-0.132527,-0.0340216,-0.102379,0.0893079,-0.390386,0.0103438,-0.0273778,0.366574,-0.0489548,0.0578036,-0.00102039],[-0.193981,-0.271514,-1.12055,0.178331,-0.0640875,0.082658,0.0623195,-0.0979821,-0.00892096,-0.0114113,0.152389,-0.268504,0.071863,-0.0225923],[0.353182,-0.388055,0.651103,-0.00736359,-0.0307175,-0.0225264,0.529334,1.23461,0.0271436,0.0436902,-0.161174,-0.0497146,0.0333211,0.00781571],[0.166541,-0.0480012,0.19444,0.00150014,-0.0467875,0.0144472,-0.125875,-0.0698932,0.000338276,0.00138679,0.0272196,0.104118,-0.0628792,-0.000859442],[-0.011886,0.0502905,0.0328216,-0.0115205,0.00524908,-0.003328,0.0191221,0.144885,0.00163175,0.000509285,0.0552401,0.00128199,0.0077495,-0.0011772],[0.940073,-1.59383,0.325265,-0.108284,0.393327,-0.0161915,0.0984777,-5.6297,-0.0368218,-0.00774284,-1.57254,-0.598378,-0.177398,-0.0590489],[0.814822,2.25677,1.2041,0.238909,0.547311,0.0780724,-0.670354,2.54723,-0.148641,-0.233838,1.16193,0.185587,-0.0222323,-0.0623601],[-0.0649783,-0.0691626,0.426094,-0.0298734,1.77884e-05,-0.00154142,-0.0372703,0.32266,-0.0138119,-0.00650899,-0.0175077,0.00268968,0.0144325,0.0031216],[0.0817656,-1.31744,-0.833423,0.0924357,-0.217123,0.106571,-0.241102,0.359438,0.0355417,0.0289815,-0.150915,0.262004,0.124271,-0.00175439],[0.575832,-0.180403,-0.926174,-0.0185531,-0.0802563,-0.0256655,0.0695799,0.320586,0.0206167,0.0217426,-0.310444,-0.0303813,0.173294,0.0246688],[0.566067,-1.77778,4.37946,-0.180259,0.517505,-0.265631,0.482425,-4.66263,0.00674435,0.0861341,0.219454,0.119576,-0.156407,-0.0958755],[0.256726,-0.296395,0.260133,-0.0194668,-0.0127897,0.00454841,0.00224956,-0.305507,-5.53667e-05,-0.000931745,-0.032439,0.0286043,-0.0469564,0.00269254],[-0.0040834,0.0988255,-0.0205896,0.0106067,-2.24614e-05,0.00118408,-0.00691169,-0.0653946,0.00638242,0.00849677,-0.031,0.00281292,0.0212396,0.000895348],[0.0230922,-0.0743414,0.235959,-0.00905388,0.003519,-0.00328096,0.0302054,0.0451522,0.00367819,0.000147544,0.0312113,-0.00233547,-0.00765988,0.00198512],[-0.038614,0.430877,0.0822458,-0.0452421,0.0600729,-0.0352688,-0.422376,0.991094,-0.0185533,-0.0162823,0.0158429,0.0474125,0.0872847,-0.0176642],[0.359853,-0.753922,0.0256015,0.0913118,0.0308015,0.0537294,0.0579957,0.26388,0.0554135,0.0555483,-0.334665,-0.222924,0.0899066,0.00130286],[-0.146935,0.176657,0.273598,0.0293434,-0.11828,-0.0783909,-0.195693,0.346549,-0.0313174,-0.0196652,-0.455175,-0.0167214,-0.0858154,-0.0193946],[-0.0712983,0.0284497,-0.186287,0.0703492,0.0185237,0.0265286,0.0334403,0.770493,0.000821131,-0.00606554,0.134259,0.0404142,0.067311,-0.00454837],[-0.0259088,-0.0274277,-0.0918432,0.00199863,-0.0126281,-0.00281538,0.00131691,-0.024722,-0.0011822,-0.000424233,0.00732557,0.0102946,0.00380968,-0.000494504],[1.03185,0.340984,-1.88958,0.244663,-0.246008,-0.141616,0.686886,1.56401,0.0277134,0.0443081,-0.293604,0.019306,0.102895,-0.0549098],[-0.609421,-0.981195,-0.249789,0.0737732,-0.221059,-0.0693518,-0.193535,5.17017,0.0616322,0.0333532,1.17507,0.186687,0.256292,-0.00581984],[0.0970097,0.150701,-0.0255365,-0.00792803,0.00578359,0.016966,0.0726738,-0.147403,-0.00131525,-0.00145587,-0.0238934,-0.00753992,-0.00012764,0.00405527],[-0.512812,0.490826,-0.640198,0.0969755,0.0446783,0.0372455,-0.194229,0.680858,-0.00279898,0.00804923,-0.260382,-0.0560829,-0.0454145,0.00582052],[0.399572,0.470358,1.33768,0.0066878,-0.0179538,-0.0546634,0.13248,0.160458,0.00188875,-0.00784858,-0.0593185,0.167359,0.0887702,0.014066],[0.878349,0.517378,-0.546937,0.0331698,0.0583696,0.00387654,-0.403761,-3.56414,-0.0504444,-0.00809809,-0.384791,-0.278233,0.159788,-0.134038]],"sigmahat":[[8.04355,-1.4938,6.01796,-0.58167,-0.428395,-0.0205289,1.42485,-4.47273,0.151732,0.139142,-1.28689,0.237395,-0.64903,0.105916],[-1.4938,19.8477,12.1161,0.157104,0.553987,0.0111691,-1.93795,19.5696,0.0496604,-0.154971,5.18381,0.774137,1.47761,-0.150294],[6.01796,12.1161,46.605,-0.93005,0.541354,-0.124221,1.5854,9.65639,-0.0109329,-0.118115,1.33396,1.19924,-0.499734,0.0811698],[-0.58167,0.157104,-0.93005,0.244845,0.024056,0.0556445,-0.269003,1.01083,-0.0109309,-0.0156532,0.00538416,-0.00573826,0.0684218,-0.0135689],[-0.428395,0.553987,0.541354,0.024056,0.521842,-0.0958547,-0.28624,-0.843297,-0.0428474,-0.0235357,0.00226601,-0.252062,0.200908,-0.0493315],[-0.0205289,0.0111691,-0.124221,0.0556445,-0.0958547,0.225784,-0.138622,0.0871395,0.0157682,0.0124392,-0.231126,-0.007201,-0.0625674,0.0157652],[1.42485,-1.93795,1.5854,-0.269003,-0.28624,-0.138622,3.01428,-5.24567,0.0385705,0.0705303,-1.295,0.254602,-0.761138,0.0843959],[-4.47273,19.5696,9.65639,1.01083,-0.843297,0.0871395,-5.24567,87.9098,0.999671,0.313564,14.0913,1.21929,4.86609,-0.107106],[0.151732,0.0496604,-0.0109329,-0.0109309,-0.0428474,0.0157682,0.0385705,0.999671,0.0540564,0.0414027,0.0727709,0.0374879,0.0362214,0.00915299],[0.139142,-0.154971,-0.118115,-0.0156532,-0.0235357,0.0124392,0.0705303,0.313564,0.0414027,0.0495996,-0.203276,-0.00854137,0.00801526,0.00850491],[-1.28689,5.18381,1.33396,0.00538416,0.00226601,-0.231126,-1.295,14.0913,0.0727709,-0.203276,9.4732,1.04359,1.12482,-0.135409],[0.237395,0.774137,1.19924,-0.00573826,-0.252062,-0.007201,0.254602,1.21929,0.0374879,-0.00854137,1.04359,0.939211,-0.196686,0.034268],[-0.64903,1.47761,-0.499734,0.0684218,0.200908,-0.0625674,-0.761138,4.86609,0.0362214,0.00801526,1.12482,-0.196686,0.917662,-0.0643658],[0.105916,-0.150294,0.0811698,-0.0135689,-0.0493315,0.0157652,0.0843959,-0.107106,0.00915299,0.00850491,-0.135409,0.034268,-0.0643658,0.0190339]],"n":14,"lags":3}