{"betahat":[[6.71553,27.5064,56.7031,-1.42095,4.43548,1.79538,-9.04197,80.5619,2.06262,1.64617,6.90305,11.4851,19.9617,7.27409,-4.61877,-3.51395,-0.210918,3.93897,-1.34566,0.895711],[0.556904,0.395405,-0.349134,0.0135757,0.0417795,-0.036514,0.0459511,-0.165251,-0.0102695,-0.0169303,0.199655,0.0127084,0.00321567,0.045822,-0.211463,-0.027993,-0.0088776,-0.0673187,-0.037712,0.00337968],[-0.155157,0.69029,-0.345496,-0.00958653,-0.0255415,-0.0177656,0.00929151,-0.0775946,-0.00736512,-0.004012,-0.0604303,-0.00394918,-0.000771444,-0.0163196,-0.0507487,0.0103765,0.0049685,-0.0867662,-0.0258728,-0.0070735],[0.0197316,-0.0791571,0.522924,-0.00568684,-0.00812934,0.00397605,-0.038809,0.121004,0.0034088,0.00577218,0.0360034,-0.00318209,0.0016673,0.00927076,0.0252308,0.0215933,-0.00168496,-0.00794344,0.0136207,0.000303842],[-0.0993925,2.4627,1.56323,0.991403,-0.00367867,0.232747,0.191859,-1.58505,-0.0455513,-0.0200406,0.0686367,0.0341517,-0.00404479,0.254573,-0.456651,-0.349973,0.1921,-0.134695,-0.179225,0.0102668],[-0.579811,1.12629,-0.626111,-0.0219714,0.86561,-0.11035,-0.417629,-1.82242,-0.129255,-0.11203,0.0539879,0.00175759,0.0417645,0.0666973,1.12413,-0.270642,0.0188654,-0.297278,-0.115388,-0.0191011],[-1.12574,-1.58468,-3.66444,0.109509,0.180956,0.667951,-0.12586,-1.48996,-0.0610414,-0.0969897,1.48747,-0.0531429,0.0624264,0.231579,-0.785405,-0.977632,0.132008,0.128146,-0.200343,0.0310581],[0.0716449,-0.404618,-0.24695,-0.067923,-0.044165,-0.0283114,1.03873,-1.61948,-0.00661845,-0.0056901,-0.0103025,0.0167825,-0.0320691,0.0401836,-0.0245364,0.0385792,0.0677382,-0.138061,-0.0559344,0.00592424],[0.0181625,-0.0448113,0.0389972,0.00665228,0.00450725,0.0069986,-0.0152354,0.817438,0.00120505,0.00113163,-0.0109352,-0.00431687,0.000224288,-0.00773585,0.0470407,0.0147529,0.013264,0.00125417,0.00526218,0.00212007],[0.675821,0.182149,6.14946,-0.286779,-0.198987,0.0573457,-1.71528,4.49811,0.707714,-0.26229,1.56844,0.0805887,0.380812,-0.34909,-2.92443,0.371867,-0.49065,0.858862,-0.0348156,0.139235],[-0.449689,1.19619,1.46556,-0.280415,-0.022495,-0.0522666,1.54272,-10.7605,-0.00988589,1.05765,-3.07557,-0.0110778,-0.280654,0.733634,-3.49858,-0.328483,0.5869,0.341473,-0.199184,0.0217624],[-0.0096449,-0.0298962,-0.187631,0.00359689,0.0356058,-0.0188858,-0.0329127,-0.547869,0.010572,0.0130154,0.903641,0.00242481,0.00144515,0.0494213,-0.0376778,0.0321196,-0.00548237,0.132021,-0.00778696,-0.00559209],[0.768059,1.83049,-4.37628,0.115666,0.491997,-0.248363,-0.568051,1.09308,0.0678209,0.0252792,2.19715,0.329419,0.0535182,-0.0793935,-4.90414,-0.511752,-0.925745,3.21997,0.707318,0.00800013],[-2.72396,1.27955,-6.4609,0.463315,-0.330515,-0.0310865,-1.29291,4.44765,-0.0909525,-0.163165,0.103618,-0.201736,0.212159,-0.0308314,1.65713,0.188299,-0.102293,-3.49168,0.0642748,0.00182648],[-0.00756108,-1.0447,-1.84858,0.0039024,-0.207167,-0.0201846,0.0893839,-0.860072,-0.00585992,-0.00372334,0.476416,-0.00396211,0.075422,-0.430159,1.3217,-0.104168,0.0579991,-0.461131,0.0890511,-0.0435327],[-0.0401468,-0.13566,0.159955,-0.00318291,-0.0195474,0.000515605,0.00886755,0.00652706,0.00275665,0.00240022,-0.0119785,-0.00395591,-0.00717288,-0.0320254,-0.311075,-0.0639864,0.00290538,-0.0958883,-0.00243724,-0.00509658],[0.160917,-0.796509,-1.04825,0.0556793,-0.118256,0.0818453,-0.383425,-2.64857,0.0103868,0.0101648,0.00297839,0.00642249,-0.0161898,0.0213101,0.250065,1.12099,0.0832487,0.262281,-0.10358,-0.00611544],[0.143574,1.7095,2.22312,0.100348,0.172273,0.215933,-0.390671,5.11158,0.0645207,-0.0106614,0.927316,-0.0493187,0.0175168,-0.41053,-1.3653,0.112473,1.00499,0.620028,0.368989,-0.0348273],[0.467388,0.0156105,1.70723,-0.0920306,-0.10035,-0.0199961,0.23114,1.79863,0.0362798,0.0184193,0.336699,0.000516128,-0.0142819,-0.0514549,-0.616351,-0.0219408,0.0665725,0.423791,0.000429968,0.00303194],[-1.00477,0.217972,-0.906994,0.453136,-0.0287892,0.161481,0.115332,0.0863397,0.0175922,0.0580878,-1.03109,0.12664,-0.124844,-0.0613323,-1.31256,-0.21007,-0.124695,-0.218389,0.314394,0.000325117],[-1.0123,7.92232,2.63018,-0.530045,-0.401456,0.744729,0.888626,8.11215,0.127425,0.00049233,4.13952,0.435007,-0.728821,-0.438473,-8.87817,0.171372,0.36603,3.33849,0.922556,1.0677],[0.0698457,0.057826,0.164821,0.0124902,-0.0154151,0.0265309,-0.02374,0.386007,0.0109736,0.0191147,-0.156273,-0.00790055,-0.0093038,-0.0563215,-0.281305,-0.0129187,0.00924417,0.0809342,0.0805131,-0.00560566],[0.197391,0.0987881,0.349202,-0.0103327,0.0134325,0.00910627,-0.0171902,0.124624,-0.00150038,-0.00912003,0.15798,0.00408428,0.000192606,0.01548,0.232976,-0.00935553,0.000666017,0.00350446,-0.0143767,0.002425],[-0.0315554,0.127242,0.122877,0.0168556,-0.0011354,-0.000981016,0.0151608,-0.0707199,-0.0046536,-0.00404107,-0.0418595,-0.000221828,-0.000682647,0.00271759,-0.170699,-0.0355085,-0.00314939,0.0218519,-0.00206666,-0.00189703],[0.331369,-2.73254,-2.04147,-0.044981,-0.056232,-0.183276,0.312927,-1.71427,0.0385039,0.0179873,-0.193487,-0.0299524,-0.0258342,-0.195898,0.512707,0.323332,-0.149534,-0.131733,0.0602086,0.00198214],[0.551132,-0.0448286,0.950573,-0.0297324,-0.116989,-0.0445612,0.325194,-0.224891,-0.0605074,-0.0813215,0.759021,0.0376525,-0.021737,0.0883461,0.200455,-0.136208,-0.0542308,0.161057,-0.0858414,-0.0125707],[1.128,-0.930213,0.141209,-0.0239447,-0.0336444,-0.0143049,0.911234,-1.91216,0.0537441,0.110929,-1.48951,-0.0441107,0.0467287,-0.0894013,1.86798,0.365932,-0.149783,-0.277069,0.0128619,-0.00834745],[-0.159449,0.362271,-0.050894,-0.00599931,0.00527783,-0.0015548,-0.179979,0.565248,-0.00590765,0.00126667,-0.148223,-0.00549526,0.0232253,0.00632848,0.543485,-0.0220241,-0.0647767,-0.208516,-0.0571607,0.00342473],[-0.00989426,0.0772351,-0.0427571,-0.00183827,0.0175424,-0.00271371,0.0230377,0.0628074,-0.00104245,-3.79295e-06,-0.0156739,0.00243712,0.00160958,0.00974182,0.0225218,0.00975975,-0.00838448,0.0143206,0.00316618,-0.00268424],[-0.637881,-4.17206,-0.013376,0.0515109,0.484153,0.287843,0.010419,-12.241,-0.117661,-0.0404727,-3.59815,-0.197232,0.0224435,-0.21076,-0.360548,0.745019,0.450736,-0.381426,-0.411324,-0.0931347],[0.162384,1.13274,-0.115857,0.327841,-0.00764966,0.186504,-1.11835,5.54578,-0.148266,-0.316874,2.49957,0.207932,0.0935142,-0.758786,2.61186,0.0327752,-0.186972,-0.832355,-0.688879,0.0337883],[0.0193884,-0.20029,0.384317,-0.0181195,-0.0112612,-0.0102492,0.0297232,0.621145,-0.00331195,-0.00443298,0.133809,0.00238861,0.00519891,-0.031906,-0.240624,-0.0114478,-0.0104045,0.0767925,0.0377313,0.00275283],[-1.62652,-0.764697,1.10012,0.225513,-0.751651,0.515343,0.241552,7.10372,0.197179,0.110707,-2.00546,-0.0373978,-0.160078,0.283673,-0.126427,0.251938,0.550286,-1.72008,-0.0456875,0.0667668],[2.14222,1.73209,4.21251,-0.239195,0.186144,0.0423555,-0.0142824,-5.19607,0.00926499,0.032437,0.554744,0.0874691,-0.0330457,0.0498588,0.777985,-0.392399,-0.0472262,2.08934,-0.154743,-0.104267],[-0.253579,1.14727,0.82847,-0.0214415,0.145017,-0.0324972,0.160137,0.520186,-0.0424569,-0.0258561,0.186574,-0.0229379,0.0110319,0.393899,-0.103662,0.121162,0.16397,-0.139037,0.281595,-0.0381503],[-0.0560716,-0.0560984,0.102926,-0.0106222,-0.00517241,0.00140073,0.00191381,0.241321,0.00209325,0.000957398,0.0534169,-0.00311917,-0.00320143,-0.0121389,-0.24303,-0.00417048,-0.00325023,-0.00909599,0.0139272,0.000620328],[-0.320425,0.69936,-0.50881,-0.0083211,0.0687064,-0.0904986,0.369098,3.03576,0.00176431,-0.0079075,0.439426,0.0119367,-0.0212461,0.0223068,0.127222,-0.00855878,-0.0790024,-0.28166,0.0999726,0.00764829],[-0.233578,-1.45175,-0.752284,-0.0705501,-0.325233,-0.0816908,0.33925,-6.58939,-0.133955,-0.0409326,-0.813989,0.0369435,-0.0746457,0.0973694,1.5044,-0.00415129,-0.0457571,-0.574132,-0.418292,0.015907],[-0.345756,-0.534391,-1.22232,0.0608354,-0.0863529,0.0164976,0.0923193,-1.4353,-0.0196478,0.0021251,-0.617934,-0.00929898,-0.00126101,-0.0197457,-0.187064,0.00368532,-0.0178428,-0.251133,-0.0197607,-0.00979498],[0.684731,-0.262677,0.64026,-0.0603656,-0.167993,-0.022147,-0.0468332,2.45288,0.0844895,0.0908026,-0.726248,0.0600718,-0.136346,-0.0595764,1.60786,0.0840592,-0.00635947,-0.528882,0.145239,0.0586192],[0.224187,-2.27133,-2.9886,0.695457,0.183732,-0.280141,-1.58408,2.78776,0.0777871,-0.0222098,0.926123,-0.0560857,0.0149291,0.623647,5.75402,-0.858575,-0.675615,-1.28411,-0.31524,-0.103978],[0.365366,-0.457287,0.16081,-0.0256876,-0.0260091,0.00970843,-0.0216644,-0.222427,-0.000377789,-0.0018597,-0.0466531,-0.00465587,0.00589425,0.010484,0.486503,0.0393689,-0.00194992,-0.0121825,-0.0426503,0.00234488],[-0.0422273,0.20915,-0.00607333,0.019944,0.0120059,0.00871171,0.00776717,-0.0449903,0.00893276,0.0131789,-0.097161,-6.45507e-05,0.000432053,0.000788843,-0.182111,-0.000608461,-0.00570292,0.0834401,0.0404938,0.00466523],[0.0116739,-0.0483657,0.350978,-0.0110276,0.00927372,-0.00296324,0.0236494,-0.0491101,0.00130367,-0.00168996,0.0061096,0.00343896,-0.00110701,-0.0120247,0.145126,0.0140036,0.00474663,-0.0134973,-0.0113174,0.00158705],[-0.230291,0.257575,0.458129,0.0521863,0.0598421,-0.0506663,-0.497449,3.25852,0.00730287,0.00249184,0.122972,-0.0038389,0.0295301,-0.058826,-0.0558324,0.0260596,-0.0441138,0.268501,0.118001,-0.0121928],[0.0498177,-1.15186,-0.18821,0.130277,0.0941857,0.0871564,-0.257515,2.02465,0.0546315,0.0438809,-0.0479481,0.0192422,-0.0430928,-0.055542,-0.692587,0.345084,0.0492151,0.253171,0.302639,0.00285576],[-0.356959,0.849313,0.329015,-0.0794086,0.028649,-0.0522293,-0.281611,1.59,0.0289237,0.0441956,-0.347255,-0.0267352,0.00755226,0.099703,-0.828843,0.0725977,-0.146336,0.146474,0.0124294,-0.0143527],[0.0883728,0.04428,0.301702,0.0738537,0.0384526,0.0297641,0.138749,1.07177,0.0127751,0.00443416,0.162134,-0.0111378,0.00846044,-0.0466339,-0.519121,-0.0160537,-0.00386744,0.346358,0.113436,-0.00929399],[-0.00660829,-0.0579944,-0.0326508,-0.00232931,-0.0231921,-0.00103008,-0.00769746,0.0431174,4.73573e-05,-0.000154075,0.0232424,0.00183268,-0.00368674,-0.0034253,-0.0459941,-0.0109626,-9.24162e-05,-0.0261734,-0.00651921,-0.000325624],[0.176071,0.732782,-1.54898,0.163156,-0.0995273,-0.0825772,0.33572,3.63545,0.0231883,0.121531,-1.54623,-0.00461846,-0.132697,0.401485,-1.06225,-0.179933,0.332057,0.0785272,0.346229,-0.0178748],[-0.0331897,-0.871172,-0.190551,-0.100196,0.0141126,-0.424729,0.333994,3.50796,-0.0711892,-0.041287,0.587069,0.0952789,0.106784,0.184953,-0.116335,0.279531,-0.160449,0.28651,0.527272,0.00132564],[-0.00393211,0.202512,-0.234695,0.0127492,-0.0232558,0.0277309,0.0133967,-0.120882,-0.00575089,-0.00638454,-0.0506631,-0.00464153,-0.00759445,-0.0188897,0.269743,-0.0205136,0.0120997,-0.198251,-0.0279481,0.00285158],[0.775485,-1.50419,2.28317,-0.392629,0.0689903,-0.246644,0.509907,-8.11745,-0.250804,-0.138019,-0.316801,-0.204435,0.0426741,-0.191536,4.7059,0.336457,0.407505,-1.75153,-0.609162,-0.050842],[0.41142,-2.71583,2.50718,-0.203956,0.187395,0.0281583,1.18478,-0.52279,0.0389822,0.102639,-1.04835,0.0543768,-0.0857526,0.026002,-1.91651,0.114171,0.182727,1.10486,-0.0715783,0.0897464],[0.57139,1.11278,2.76514,-0.0708238,0.118011,-0.0673044,0.217084,-0.0311795,-0.0164598,-0.013388,-0.366031,-0.00420314,-0.0642686,-0.0577155,0.540162,0.23148,0.0924469,0.161668,0.0820193,-0.0160041],[-0.145873,-0.0454034,-0.0853334,0.00876678,-0.022557,0.00696663,-0.0269392,0.437502,0.00272872,-0.00217351,0.13411,-0.00138829,-0.00319169,0.00512324,-0.379969,0.00611198,0.0079229,0.0234498,0.0132554,0.000850743],[0.159215,0.094193,1.55139,-0.0474213,0.0496244,0.0086153,0.0144727,-0.39423,-0.0121603,-0.0022356,-0.443325,-0.0184007,0.0375459,-0.0435212,-0.377004,-0.11314,-0.00460585,0.0194022,0.00314695,-0.00151016],[0.0571677,0.0630868,-0.668532,0.0635914,0.125637,-0.108663,-0.0313088,3.39332,0.0810627,0.0448222,0.308976,-0.00953004,0.00422688,0.174644,-0.741575,0.022984,-0.0848023,0.27332,0.12325,0.00805794],[-0.115456,0.168098,-0.0954813,0.0218838,-0.0553032,0.00336607,-0.141266,0.280792,-0.00400223,-0.00333087,0.0463517,-0.00704574,0.0383937,-0.00173497,0.115854,-0.00518384,-0.0224635,-0.0999413,0.0130754,-0.00372127],[0.24684,1.12204,1.99751,0.0115984,0.0203798,-0.0537392,0.0628983,1.37007,0.039386,0.010333,0.283592,0.0454823,-0.0624562,0.0304516,0.613523,0.0623017,-0.00331555,0.232624,0.130012,0.0305506],[0.56922,-0.795737,1.19855,0.0861031,-0.100228,-0.249692,0.657406,-5.63824,-0.0891335,-0.0314233,-0.589192,-0.153182,-0.107587,-0.0325658,3.48896,-0.248884,0.064412,-1.50309,-0.453638,-0.0773594]],"sigmahat":[[2.76371,0.0379025,3.69297,-0.193679,0.0207747,0.00169774,0.215115,-0.330704,0.0152431,0.0157251,0.172569,0.00106331,-0.0108319,-0.0259707,2.61608,0.16869,-0.0122583,0.236956,0.0416417,0.0134219],[0.0379025,12.0749,7.73127,0.0889452,0.188942,-0.0406564,-0.297338,11.4531,0.0692281,-0.0331061,2.11597,-0.00468797,0.102191,0.202065,1.17611,-0.403994,-0.110379,0.541049,0.278021,-0.0209372],[3.69297,7.73127,28.9952,-0.559462,0.458574,-0.153457,0.750915,4.06188,-0.067537,-0.0831785,1.30171,-0.0458811,0.0880658,-0.219367,1.10738,-0.400033,0.294901,0.472732,-0.126834,-0.0266487],[-0.193679,0.0889452,-0.559462,0.128219,0.0159136,0.033625,-0.188219,1.33663,0.0126937,-0.00287856,0.137106,-0.00225259,0.00384188,-0.0133029,-0.160088,-0.016327,-0.0424961,0.140228,0.0635538,-0.00077899],[0.0207747,0.188942,0.458574,0.0159136,0.205085,-0.0444283,0.0955674,-0.804846,-0.00983756,0.00135603,-0.153694,0.00177396,0.00559435,0.00272121,0.121734,-0.0207726,-0.0379678,0.23643,0.00469193,-0.00664851],[0.00169774,-0.0406564,-0.153457,0.033625,-0.0444283,0.113429,-0.183985,0.776669,0.0140904,0.00394319,0.040336,-0.0113505,-0.0027233,-0.0118788,-0.0888991,0.0443911,0.0198196,0.0167259,0.032499,0.00505822],[0.215115,-0.297338,0.750915,-0.188219,0.0955674,-0.183985,1.94987,-8.63216,-0.077468,0.0227723,-1.51598,0.0420214,-0.0412877,-0.0337526,-0.680025,-0.315799,0.154503,-0.0698212,-0.3235,-0.0279957],[-0.330704,11.4531,4.06188,1.33663,-0.804846,0.776669,-8.63216,94.7415,0.998023,0.0920603,15.2102,-0.166757,0.0448921,-0.282778,-4.07811,1.52873,-1.27344,3.86592,3.73951,0.229707],[0.0152431,0.0692281,-0.067537,0.0126937,-0.00983756,0.0140904,-0.077468,0.998023,0.0284365,0.0177775,0.104853,-0.00341084,-0.00523237,-0.00703914,-0.059288,0.0305673,-0.0170447,0.0422139,0.0553227,0.00445316],[0.0157251,-0.0331061,-0.0831785,-0.00287856,0.00135603,0.00394319,0.0227723,0.0920603,0.0177775,0.0262014,-0.133902,-0.00250316,-0.00771822,-0.00630967,-0.0846517,0.0194882,-0.00153042,-0.00930685,0.0236882,0.00107188],[0.172569,2.11597,1.30171,0.137106,-0.153694,0.040336,-1.51598,15.2102,0.104853,-0.133902,6.00281,-0.00465973,0.0556296,-0.0488367,-0.343252,0.119568,-0.295255,1.1628,0.53663,0.0220091],[0.00106331,-0.00468797,-0.0458811,-0.00225259,0.00177396,-0.0113505,0.0420214,-0.166757,-0.00341084,-0.00250316,-0.00465973,0.015484,-0.00695601,0.00539858,-0.0227434,-0.00791366,-0.00355407,0.00719957,-0.0107092,0.00163936],[-0.0108319,0.102191,0.0880658,0.00384188,0.00559435,-0.0027233,-0.0412877,0.0448921,-0.00523237,-0.00771822,0.0556296,-0.00695601,0.0271982,0.00296671,0.106459,-0.0197966,-0.0128897,-0.0204713,-0.0171388,-0.00294941],[-0.0259707,0.202065,-0.219367,-0.0133029,0.00272121,-0.0118788,-0.0337526,-0.282778,-0.00703914,-0.00630967,-0.0488367,0.00539858,0.00296671,0.199786,-0.0131365,-0.0268152,0.0184903,0.0119735,-0.0710951,0.00523246],[2.61608,1.17611,1.10738,-0.160088,0.121734,-0.0888991,-0.680025,-4.07811,-0.059288,-0.0846517,-0.343252,-0.0227434,0.106459,-0.0131365,14.8386,0.679708,-0.214183,-2.10037,-0.398949,0.0241129],[0.16869,-0.403994,-0.400033,-0.016327,-0.0207726,0.0443911,-0.315799,1.52873,0.0305673,0.0194882,0.119568,-0.00791366,-0.0197966,-0.0268152,0.679708,0.411803,0.00849545,-0.133293,0.162044,0.0104935],[-0.0122583,-0.110379,0.294901,-0.0424961,-0.0379678,0.0198196,0.154503,-1.27344,-0.0170447,-0.00153042,-0.295255,-0.00355407,-0.0128897,0.0184903,-0.214183,0.00849545,0.152091,-0.147594,-0.0443342,-0.00413431],[0.236956,0.541049,0.472732,0.140228,0.23643,0.0167259,-0.0698212,3.86592,0.0422139,-0.00930685,1.1628,0.00719957,-0.0204713,0.0119735,-2.10037,-0.133293,-0.147594,2.28987,0.371646,0.0060126],[0.0416417,0.278021,-0.126834,0.0635538,0.00469193,0.032499,-0.3235,3.73951,0.0553227,0.0236882,0.53663,-0.0107092,-0.0171388,-0.0710951,-0.398949,0.162044,-0.0443342,0.371646,0.391077,0.00618788],[0.0134219,-0.0209372,-0.0266487,-0.00077899,-0.00664851,0.00505822,-0.0279957,0.229707,0.00445316,0.00107188,0.0220091,0.00163936,-0.00294941,0.00523246,0.0241129,0.0104935,-0.00413431,0.0060126,0.00618788,0.0062197]],"n":20,"lags":3}