{"betahat":[[-3.36698,29.4128,41.982,-1.80187,5.8181,1.98867,-5.34928,41.1017,1.30778,1.25294,-2.06949,11.1929,20.5065,1.86707,-6.21561,-3.36177,0.664655,3.16491,-0.461702,0.68093],[-0.0881709,-1.84155,-0.140429,-0.474568,-1.79815,0.0953741,-1.01684,12.3726,0.131256,-0.0271317,3.2954,-0.182142,0.12788,-0.715916,-0.253852,1.00096,-0.0911283,-1.41385,1.10552,-0.159684],[3.84617,-14.3393,3.85681,-0.873376,-1.57857,-0.263005,-0.0647057,2.2624,-0.0488533,-0.173544,2.80743,-0.162352,0.0132363,-0.753134,-0.860927,-0.149324,-0.0328442,-0.404997,-1.09116,0.0850665],[9.05292,-8.6435,7.88654,-0.522217,-1.6516,0.0110413,-0.0333876,0.539104,0.136076,0.0286274,1.10351,-0.0146832,0.00967109,-0.640277,11.3374,0.371707,0.0128464,-0.970941,-0.381323,-0.0381474],[0.757138,-0.0891149,-0.220346,-0.0140651,-0.086189,-0.0389159,0.0154427,0.408911,-0.0046083,-0.0249432,0.44284,0.00432974,0.0101328,0.0299243,-0.0789648,-0.0430616,-0.00890996,-0.100758,-0.0663745,0.00276545],[-0.00603988,0.607641,-0.300126,-0.0146244,-0.0120252,-0.0253082,0.0338751,-0.558451,-0.0110302,-0.00410675,-0.121219,0.00188665,-0.000187718,0.00345235,0.23695,0.0198241,0.00372993,-0.0935114,-0.0399447,-0.00727791],[-0.0234139,-0.0310947,0.523417,-0.00619496,-0.00780364,0.0064229,-0.0432374,0.216214,0.00435554,0.00674555,0.0337594,-0.0035711,0.000264434,-0.000196336,-0.0795683,0.0224875,-0.00174647,0.000721701,0.0169373,0.000105433],[-0.0512247,1.97568,1.62255,0.951317,0.0395386,0.233779,0.306015,-2.94743,-0.0673045,-0.0256427,0.0368109,0.0455252,-0.01554,0.0462293,-0.812736,-0.466513,0.195465,-0.0795039,-0.295769,0.0168632],[0.28717,-0.381523,-0.322852,-0.082748,0.800814,-0.204429,-0.0961787,-4.47629,-0.133462,-0.107913,-0.420272,0.0175479,0.0295335,0.0382954,2.20403,-0.345388,0.0315421,-0.20448,-0.398472,-0.0160073],[-0.881406,-1.52093,-3.52964,0.111122,0.149856,0.649571,-0.176031,-2.16687,-0.0543501,-0.0971128,1.33812,-0.0476369,0.0528805,0.0994982,0.0525314,-0.867785,0.141153,0.0471265,-0.206508,0.0341027],[-0.0143954,-0.196896,-0.238772,-0.0550821,-0.0216298,-0.0222212,1.03847,-1.55192,-0.00570057,-0.00505071,-0.0585774,0.0158769,-0.0411583,-0.011365,-0.16006,0.0376619,0.0820224,-0.0932513,-0.0528914,0.00856169],[-0.0312997,-0.0104394,-0.0128367,0.0092175,-0.00455826,0.0100319,-0.0251988,0.971039,0.00284256,0.000769315,0.0221918,-0.00593804,0.000674301,-0.00603625,-0.034108,0.0097605,0.0144667,0.00872512,0.0131154,0.00177169],[-0.31846,1.84754,5.63437,-0.108131,0.141607,0.161319,-1.59234,5.36743,0.632378,-0.313086,1.41533,0.107499,0.40466,-0.0772593,-4.42561,0.200088,-0.471513,0.835471,0.00773786,0.125201],[0.124954,0.000256347,1.59444,-0.315855,-0.114916,-0.0655302,1.54933,-12.5167,0.0211477,1.1077,-3.42242,-0.0378237,-0.301273,-0.00669442,-2.29139,-0.372086,0.661557,-0.0359514,-0.0986127,0.00335368],[0.057812,-0.0846796,-0.114344,-0.00128394,0.043757,-0.0270724,-0.0168447,-0.840651,0.0109098,0.0146835,0.858471,0.00565481,-0.00414269,-0.000918192,0.0850149,0.0281846,-0.00796337,0.143875,-0.0203215,-0.00447208],[1.18512,1.79574,-3.91265,0.0960257,0.245927,-0.118697,-0.994533,5.40687,0.119083,0.0509592,2.86097,0.275827,0.104325,0.293405,-4.69078,-0.371787,-0.910563,3.18813,0.878478,-0.0108208],[-1.79884,-0.0717443,-5.44897,0.295977,-0.428618,-0.172155,-0.875913,2.4109,-0.125059,-0.170761,-0.394967,-0.206982,0.184466,0.0968784,2.61405,0.434092,-0.000569334,-3.62988,0.114638,-0.0073511],[0.69237,3.90188,2.9419,0.626862,-0.284472,0.380534,-1.19662,13.8566,0.168219,-0.0101826,2.55919,-0.0661151,0.00797791,0.619152,0.725467,-0.880305,0.0456011,0.361693,0.141297,0.0255557],[-0.0619445,-0.0221017,0.255112,0.00180149,-0.0177291,0.0113805,-0.033019,0.42564,0.00562316,0.00317748,0.0395722,-0.0091693,-0.00609334,-0.0146874,-0.375703,-0.055364,0.00698339,-0.111496,0.0231351,-0.00694887],[0.154072,-0.646211,-1.06336,0.0556447,-0.123427,0.0918224,-0.387187,-2.89818,0.0129001,0.0139801,-0.0554434,0.0101691,-0.0264459,-0.00538799,0.210434,1.0999,0.089892,0.283929,-0.130693,-0.00181932],[0.449336,2.03672,3.23412,0.16365,0.0436147,0.257029,-0.548145,8.33021,0.104,-0.0106971,1.56935,-0.078395,0.0194607,-0.0417008,-1.15295,-0.0279482,1.03326,0.662743,0.414318,-0.0391557],[0.114118,0.180859,1.34942,-0.0870986,-0.0671243,-0.0183621,0.163723,2.11495,0.0316434,0.0172633,0.389405,-0.00796553,-0.00264549,-0.0499647,-1.0253,-0.00512055,0.0678575,0.307769,0.0330723,-0.0024288],[0.234774,0.423756,0.822706,0.482666,-0.0447454,0.20222,0.0656055,0.571085,0.0452683,0.076985,-1.1837,0.136222,-0.146632,0.121239,0.536209,-0.0906216,-0.126026,-0.165283,0.323018,0.00591437],[1.10233,2.57884,3.73613,-0.924147,-0.536643,0.353709,1.37817,4.44074,0.1109,0.0118249,4.19419,0.465349,-0.694058,0.342869,-8.12986,0.14025,0.254896,3.18031,0.341587,1.09504],[0.144092,-0.0860354,0.129508,0.00224338,0.0779954,0.00467746,0.0879837,-0.824071,-0.000385812,0.0245497,-0.431242,0.00233811,-0.015956,-0.0260711,-0.168272,-0.00650481,0.0198774,0.0796033,0.0253287,-0.00127898],[-0.0277536,0.31472,0.25378,0.00269893,0.0235455,0.0181683,-0.0460579,0.533876,-6.01783e-05,-0.00984032,0.202117,-2.85648e-06,-0.00112897,-0.00448809,-0.107669,-0.0164112,0.000603256,-0.000906499,0.00706394,0.00121354],[0.00224497,0.0412205,0.092741,0.0133193,-0.00111463,-0.00400923,0.0226988,-0.193616,-0.00641425,-0.00492848,-0.0464099,0.000233088,5.35954e-05,-0.000342199,-0.12406,-0.0351243,-0.00304769,0.0261289,-0.00873089,-0.000898444],[0.197523,-2.3144,-2.71078,-0.0109403,-0.125398,-0.183496,0.26309,-0.808226,0.0566845,0.0239771,-0.0717593,-0.0359673,-0.00516052,-0.0438066,0.854673,0.438609,-0.166581,-0.266529,0.233622,-0.0168042],[-0.026253,1.55557,0.808512,0.0219302,0.00362796,0.0359173,0.157059,0.9163,-0.0687954,-0.0843991,1.02849,0.0445769,-0.0153462,0.0366225,-0.354146,-0.102762,-0.0574732,0.0995074,0.191324,-0.0178543],[0.67413,-1.17411,-0.913845,-0.0229015,-0.0479271,0.0290162,0.865698,-1.64115,0.0472998,0.114537,-1.38192,-0.0533207,0.0794054,-0.0400914,1.08345,0.330933,-0.155565,-0.260784,-0.00479695,-0.0071014],[-0.110717,0.142874,-0.188611,-0.018949,-0.0212904,-0.00771548,-0.214234,0.369616,-0.00829714,-0.000978392,-0.0941442,-0.00547722,0.036397,0.0114504,0.801892,-0.00853883,-0.0779103,-0.304898,-0.0658845,-0.000650753],[0.0343087,0.044377,0.00840661,-0.00462879,0.0194941,-0.00343551,0.0265977,0.0170854,-0.00181278,-0.000112744,-0.0301065,0.00291745,0.000641275,0.0038863,0.0797675,0.0126688,-0.00912624,0.0125193,-0.00432744,-0.00157999],[-0.132239,-3.62551,1.31853,-0.00246773,0.416443,0.33209,-0.148699,-11.9619,-0.0664663,-0.0256221,-3.4361,-0.224542,-0.0106149,0.0262878,0.631196,1.0153,0.521179,-0.227596,-0.189031,-0.0939587],[-0.560829,2.26581,-0.698134,0.325705,0.0323373,0.194248,-0.936798,6.73264,-0.173271,-0.340799,2.93096,0.224663,0.109743,-0.0591187,1.21916,-0.0204242,-0.145705,-0.632707,-0.685194,0.0300873],[-0.0420064,-0.132147,0.293048,-0.00798704,-0.0311496,0.00335069,0.00106559,1.05512,0.000637285,-0.00394589,0.227266,-0.000542339,0.0107061,0.0142963,-0.3576,-0.0141457,-0.00910371,0.0758518,0.0620035,0.00113447],[-1.84644,-1.42914,0.99606,0.202242,-0.500003,0.401385,0.596915,2.53207,0.156614,0.0888517,-3.03227,0.0375193,-0.235649,-0.206931,-0.513185,0.196177,0.513482,-1.67343,-0.43669,0.122067],[2.2598,1.23786,4.27143,-0.316161,0.135379,0.0235965,-0.336877,-4.67545,0.0165412,0.0193309,1.06509,0.0800595,0.0266539,-0.0555311,1.39316,-0.404695,-0.12298,1.84255,-0.315322,-0.130555],[-0.860481,1.89719,-1.18811,-0.262206,0.242049,-0.298045,1.24773,-4.89469,-0.0283912,0.10936,-2.43866,0.0266677,-0.0362935,0.155369,0.198388,0.700247,0.272665,-0.526239,0.0856049,-0.122299],[0.0137022,-0.181627,0.25393,-0.01976,-0.00938381,-0.00410734,0.0147292,0.18512,0.00161198,0.00117069,0.021902,-0.00362344,-0.00737795,0.00450357,-0.235782,-0.00534054,0.00216508,-0.0251295,-0.00930057,0.00074485],[-0.0302589,0.206051,-0.621321,-0.00363655,0.0242824,-0.101897,0.401687,2.79716,0.00874837,-0.00884554,0.471714,0.0151765,-0.0212852,-0.00267802,0.631529,0.00926461,-0.0984868,-0.286709,0.0467897,0.00695037],[-0.473154,-1.07326,-0.715524,-0.119817,-0.107476,-0.117757,0.516773,-9.02155,-0.169478,-0.032073,-1.65526,0.0658841,-0.115,0.0506923,0.901972,0.145789,-0.060153,-0.6522,-0.46766,0.0207644],[-0.0441232,-0.721676,-0.870082,0.0557012,-0.0954497,0.0149489,0.130936,-1.81233,-0.0198383,0.00405784,-0.695909,-0.00666783,-0.00726291,0.00817138,0.194502,0.00584161,-0.0128667,-0.252393,-0.0516265,-0.00771492],[-0.116664,0.120692,-0.116015,-0.0548304,-0.0543233,-0.0885362,0.0204232,1.94487,0.0719512,0.0913504,-1.08865,0.0653631,-0.138288,-0.0535827,0.771282,0.0579728,-0.0187858,-0.5579,0.10735,0.0595908],[0.550384,-0.462385,-0.771451,0.767435,0.31347,0.0364352,-1.76862,4.18022,0.103935,-0.005696,0.506239,-0.0580697,-0.0179324,-0.103894,5.46052,-0.707246,-0.797239,-0.831787,0.135354,-0.0966085],[0.0958307,0.164988,0.074327,0.0118613,0.00800206,0.0338441,-0.103331,0.410987,0.00527454,0.000744654,-0.0150124,-0.00653729,0.00583831,-0.00364137,0.24484,0.0485625,-0.0123392,0.0211509,0.0403621,-0.0012975],[0.0338601,0.0762147,0.0443237,0.0119467,-0.0116863,0.00719815,0.0122734,0.0250186,0.0111515,0.0139964,-0.080541,-0.00184394,0.00115963,0.000993662,-0.129947,-0.00318463,-0.00436391,0.094582,0.033112,0.0060516],[0.0210884,-0.0112337,0.380797,-0.00704589,0.00882172,-0.00233096,0.0201401,-0.0217581,0.00212036,-0.00178572,0.0129513,0.00336789,-0.000419997,0.000538368,0.203395,0.0128361,0.00468012,-0.0265464,-0.00812157,0.000815686],[-0.144474,0.331409,1.07029,0.058392,0.0857395,-0.0513209,-0.564137,3.72909,0.0109815,0.0021749,0.0336767,-0.00930057,0.0205484,-0.00237614,-0.0418604,0.0277139,-0.030771,0.346776,0.0614401,8.69848e-05],[-0.228707,-1.48614,-0.622302,0.144174,0.0421167,0.0919624,-0.281349,2.69449,0.0640303,0.0429585,0.0427687,0.00420948,-0.0454307,-0.0684486,-1.19478,0.323122,0.045755,0.243012,0.289513,0.000808899],[0.00484827,0.541125,0.578507,-0.0927394,-0.0171312,-0.0687671,-0.188946,0.819038,0.0281046,0.042098,-0.37641,-0.016866,-0.00757219,0.0221652,-0.297182,0.0443677,-0.147978,0.162353,-0.0385027,-0.0192406],[0.124592,0.0576126,0.428586,0.0741698,0.0429849,0.0290622,0.175484,1.19534,0.0142498,0.0061801,0.154671,-0.0101346,0.00432743,-0.000139381,-0.640583,-0.0287166,-0.00455884,0.397734,0.119327,-0.00796743],[-0.00701861,-0.0606198,-0.0327815,-0.00291641,-0.0173643,-0.0030417,-0.00258021,-0.0432639,-0.00109839,-0.00017498,0.0151528,0.00274065,-0.00340926,0.000696031,-0.0383641,-0.0102145,-0.000717168,-0.0302318,-0.00578072,-0.00110114],[-0.0523996,0.652345,-1.67831,0.165521,-0.0757425,-0.0991114,0.428989,3.64656,0.0271063,0.134963,-1.67166,-0.00310532,-0.181475,-0.132398,-1.72959,-0.335685,0.355514,0.182697,0.339243,-0.0143432],[0.0670989,0.202403,1.4376,-0.00558427,0.0462434,-0.381996,0.15927,6.15084,-0.0630426,-0.0567814,0.525948,0.0768268,0.0845693,-0.020484,-0.0214871,0.345051,-0.170279,0.371048,0.645794,-0.00188123],[-0.011244,0.19572,-0.218397,0.00831279,-0.0108706,0.0220015,0.024887,-0.250323,-0.0100389,-0.00862283,-0.0975953,-0.00518542,-0.0074391,-0.0134614,0.261331,-0.0142075,0.0128367,-0.206194,-0.0390794,0.00346724],[0.622397,-1.08766,1.59403,-0.359135,0.0401326,-0.252996,0.610047,-8.38821,-0.270326,-0.143478,0.0543749,-0.226274,0.0786112,-0.101799,4.88468,0.233727,0.462713,-1.74965,-0.426062,-0.0915955],[-0.501723,-1.00171,1.55936,0.0293153,0.340772,0.18655,1.0205,1.23366,0.0740749,0.129288,-1.04315,0.0732704,-0.114551,-0.0306492,-3.33916,-0.0881196,0.146351,1.47139,0.0486026,0.126983],[0.401704,-3.84085,0.0687093,-0.326849,0.19542,-0.23081,0.0526828,-6.06196,-0.138601,-0.104445,0.764386,0.0572655,-0.00810299,0.0450089,0.366545,0.423421,-0.145572,-0.229984,0.0583003,0.0328501],[-0.0444107,-0.079532,0.0278181,0.00329235,-0.0203894,0.00919366,-0.0252084,0.363448,0.00348588,-0.000324845,0.124509,0.00151912,-0.00488734,-0.0026431,-0.243979,0.0228128,0.00925661,0.00696006,0.0172897,0.00114065],[-0.123797,0.438703,1.68093,-0.0520829,0.0991609,0.0100783,-0.0143228,0.0971528,-0.0216103,-0.00509091,-0.416383,-0.0253546,0.0478324,0.0081777,-0.841475,-0.109713,0.00813021,0.00332043,0.0835994,-0.00507823],[0.155199,-0.574217,-1.42051,0.06146,0.0575598,-0.117255,-0.0746809,2.98483,0.0904913,0.0435481,0.513135,-0.000617001,0.0267737,0.0258031,-0.217128,0.0078086,-0.133721,0.347302,0.117645,0.0126606],[-0.000527737,0.0932098,0.00439797,0.0126033,-0.0607172,-0.0128117,-0.125341,0.143084,-0.00323627,-0.000505513,-0.00436182,-0.00327744,0.0425554,0.00752457,0.267197,0.0040206,-0.0213905,-0.0948991,0.00144202,-0.00576514],[0.268919,1.10096,2.01908,0.000907659,-0.048083,-0.0465724,0.0118045,1.74437,0.0509448,0.0114186,0.444561,0.0459595,-0.067099,-0.0303091,0.754938,0.0916808,-0.0197832,0.224931,0.178705,0.0268775],[-1.01792,0.545849,-2.16021,0.260691,-0.237811,-0.260166,0.466579,-5.08389,-0.0836495,-0.0401769,-0.387162,-0.16114,-0.0823065,-0.00822578,3.77191,-0.358194,0.186568,-1.94961,-0.527795,-0.0991694]],"sigmahat":[[1.04013,1.13768,1.8369,-0.068546,0.059602,-0.00472104,0.26964,0.357417,0.0176323,0.0166022,0.00116651,-0.0121182,-0.017621,-0.0122904,0.524462,0.0219577,-0.0265067,0.427534,0.0898663,0.00323374],[1.13768,9.21397,9.38916,-0.105618,0.313361,-0.137981,0.0815173,6.24959,-0.0239768,-0.0664712,1.2494,-0.00831609,0.0492749,-0.00144639,1.97815,-0.23238,-0.0169562,0.364541,0.0262693,-0.0126692],[1.8369,9.38916,27.5197,-0.370968,0.751608,-0.205019,0.946703,2.78117,-0.124783,-0.0978149,0.122084,-0.0669406,0.0105171,-0.0468233,-0.840584,-0.417969,0.323199,0.480249,0.0103026,-0.0630104],[-0.068546,-0.105618,-0.370968,0.0999136,0.0150561,0.0222133,-0.165027,1.05075,0.00827821,-0.00457666,0.124663,-0.00111382,0.00352725,-0.000754787,-0.0512259,0.00242419,-0.0392601,0.129111,0.0439292,0.000293809],[0.059602,0.313361,0.751608,0.0150561,0.182307,-0.0328934,0.0380836,-0.267883,-0.00893429,-0.000238321,-0.0960781,-0.00499433,0.00311746,-0.00772235,0.12981,-0.00583635,-0.030521,0.18317,0.033971,-0.00511749],[-0.00472104,-0.137981,-0.205019,0.0222133,-0.0328934,0.104711,-0.163801,0.608176,0.010812,0.00345754,0.022551,-0.00937512,-0.00311682,-0.00120269,-0.149273,0.049417,0.0196702,0.0260332,0.0171362,0.00683013],[0.26964,0.0815173,0.946703,-0.165027,0.0380836,-0.163801,1.81832,-7.56239,-0.0633606,0.0217286,-1.25755,0.0401334,-0.0411528,-0.0177215,-0.494376,-0.325248,0.146077,-0.0673675,-0.235146,-0.0240743],[0.357417,6.24959,2.78117,1.05075,-0.267883,0.608176,-7.56239,79.5473,0.804458,0.0805584,12.351,-0.126467,-0.00989049,9.45786e-06,-3.94028,1.7877,-1.16102,3.74483,3.00394,0.225142],[0.0176323,-0.0239768,-0.124783,0.00827821,-0.00893429,0.010812,-0.0633606,0.804458,0.026117,0.0172539,0.0778179,-0.00274749,-0.0047449,-0.00186305,-0.0747081,0.0291983,-0.0176564,0.044922,0.0390858,0.00493207],[0.0166022,-0.0664712,-0.0978149,-0.00457666,-0.000238321,0.00345754,0.0217286,0.0805584,0.0172539,0.0253568,-0.122486,-0.00243954,-0.00699666,-0.00462516,-0.104385,0.0158835,-0.00340121,-0.00418619,0.0174084,0.00165529],[0.00116651,1.2494,0.122084,0.124663,-0.0960781,0.022551,-1.25755,12.351,0.0778179,-0.122486,5.2671,8.41885e-05,0.0482537,0.0730519,-0.395039,0.129317,-0.256675,1.06925,0.40247,0.0175965],[-0.0121182,-0.00831609,-0.0669406,-0.00111382,-0.00499433,-0.00937512,0.0401334,-0.126467,-0.00274749,-0.00243954,8.41885e-05,0.0137144,-0.0062498,-1.2551e-05,-0.0479056,-0.0111328,-0.00149687,0.00330863,-0.00849166,0.00117619],[-0.017621,0.0492749,0.0105171,0.00352725,0.00311746,-0.00311682,-0.0411528,-0.00989049,-0.0047449,-0.00699666,0.0482537,-0.0062498,0.0276768,0.00729457,0.118347,-0.0243834,-0.0145743,-0.024641,-0.0242562,-0.0029068],[-0.0122904,-0.00144639,-0.0468233,-0.000754787,-0.00772235,-0.00120269,-0.0177215,9.45786e-06,-0.00186305,-0.00462516,0.0730519,-1.2551e-05,0.00729457,0.0165723,0.0201791,-0.0181065,-0.0161227,0.0340044,-0.024134,0.000244727],[0.524462,1.97815,-0.840584,-0.0512259,0.12981,-0.149273,-0.494376,-3.94028,-0.0747081,-0.104385,-0.395039,-0.0479056,0.118347,0.0201791,11.1455,0.371403,-0.194178,-1.59061,-0.450823,-0.00264539],[0.0219577,-0.23238,-0.417969,0.00242419,-0.00583635,0.049417,-0.325248,1.7877,0.0291983,0.0158835,0.129317,-0.0111328,-0.0243834,-0.0181065,0.371403,0.359667,0.00554915,-0.0856078,0.151403,0.0102547],[-0.0265067,-0.0169562,0.323199,-0.0392601,-0.030521,0.0196702,0.146077,-1.16102,-0.0176564,-0.00340121,-0.256675,-0.00149687,-0.0145743,-0.0161227,-0.194178,0.00554915,0.145595,-0.149675,-0.0268265,-0.00398064],[0.427534,0.364541,0.480249,0.129111,0.18317,0.0260332,-0.0673675,3.74483,0.044922,-0.00418619,1.06925,0.00330863,-0.024641,0.0340044,-1.59061,-0.0856078,-0.149675,2.13314,0.364975,0.0181272],[0.0898663,0.0262693,0.0103026,0.0439292,0.033971,0.0171362,-0.235146,3.00394,0.0390858,0.0174084,0.40247,-0.00849166,-0.0242562,-0.024134,-0.450823,0.151403,-0.0268265,0.364975,0.327848,0.00903103],[0.00323374,-0.0126692,-0.0630104,0.000293809,-0.00511749,0.00683013,-0.0240743,0.225142,0.00493207,0.00165529,0.0175965,0.00117619,-0.0029068,0.000244727,-0.00264539,0.0102547,-0.00398064,0.0181272,0.00903103,0.00629787]],"n":20,"lags":3,"seasonalRows":3}