{"betahat":[[0.758715,-0.545496,0.701422,0.0186838,1.03962,0.288062,-1.86295,5.74668,0.181503,-0.0735985,3.95388,1.75981,0.664378,0.0283237],[0.543341,0.267418,-0.259851,0.0270768,0.0281348,-0.0147576,0.0424989,-0.302681,-0.00943718,-0.011063,0.141776,-0.0758444,-0.00442075,-0.00249323],[-0.180985,0.817093,-0.24661,-0.0102516,-0.0234594,-0.015632,0.0143667,0.132755,-0.010775,-0.00934514,0.00979556,-0.0359396,-0.00851514,-0.00484056],[0.0339595,-0.0656581,0.626023,-0.00336928,-0.00372073,0.00229124,-0.0419257,0.0793723,0.00347551,0.00502365,0.00918107,-0.0235398,0.00897184,0.000370108],[-0.323972,0.991306,0.592079,1.17221,0.0459612,0.112218,0.32749,-0.948807,-0.00869464,0.0299024,-0.438557,-0.205931,-0.161149,0.0174667],[-0.314321,0.810238,0.260263,-0.11925,0.945097,-0.133197,-0.262384,-0.946938,-0.0661183,-0.0476765,-0.166042,-0.0386543,-0.103769,-0.0155793],[-0.136404,-0.356925,-0.823745,0.0371584,0.110397,1.03344,-0.161163,-0.335309,0.0189,-0.0269752,0.988133,0.440671,-0.126519,0.0440962],[0.00670505,-0.133396,0.159383,-0.0794276,-0.0126797,-0.0369953,1.1287,-0.648898,0.0041184,0.00370435,-0.06414,-0.129552,-0.0239712,0.00687297],[0.0420998,-0.0335183,0.0670954,0.00334792,0.00517809,0.00418846,-0.00462887,0.848357,0.00132974,0.00189454,-0.0379007,0.0102794,-0.00787867,0.00201953],[-1.76969,1.79096,1.63458,-0.17479,-0.0687945,0.048764,-0.947653,1.38918,0.937547,-0.0673407,1.15962,0.243185,-0.209401,0.115991],[-0.176875,-0.470224,-0.264937,-0.168899,-0.25599,0.0774402,0.739812,-5.79831,0.073269,1.15385,-1.84896,0.291971,-0.208362,0.0585534],[-0.00744864,-0.0580877,-0.254048,0.0186029,0.0155901,-0.0233419,-0.0153173,-0.191146,0.0103982,0.00762839,1.02793,0.0316272,0.00885848,-0.00727744],[0.433346,0.0745536,0.95347,-0.0542544,-0.0797686,-0.0234701,0.154517,1.22825,0.0123938,0.000251558,0.292891,0.630543,-0.0336777,0.0111389],[-0.999165,0.34281,-0.256572,0.320376,-0.118017,0.224207,-0.247029,-0.184862,-0.00401193,0.0323414,-0.656698,-0.389836,0.581562,-0.00648079],[-0.0821145,2.19784,-0.75953,-0.32492,-0.235148,0.164621,1.62644,3.40473,0.144414,0.0712351,0.699517,2.33528,0.19512,1.20051],[0.212673,0.0374739,-0.00822643,-0.0113943,-0.0125414,0.00962448,-0.0148546,0.34347,0.00921836,0.0146382,-0.158375,0.0560572,0.0473297,-0.00156443],[0.208812,0.0840046,0.315399,-0.00341773,0.0201362,0.0130006,-0.0163489,-0.0552692,0.00340539,-0.00049537,0.0223276,0.00063483,-0.0122071,0.00289151],[-0.0485113,0.117843,0.157657,0.0134517,-0.00115401,0.00273603,0.00963533,-0.0439143,-0.00524905,-0.00472031,-0.0178851,0.0516316,0.000467876,-0.00136348],[0.215127,-1.32238,-0.934621,-0.132702,-0.0783273,-0.0960965,0.0471488,-0.553995,0.0177904,-0.0155835,0.354135,-0.00915652,0.11115,-0.00599802],[0.0876048,0.057509,0.0498167,0.0161932,-0.000676693,0.0267345,0.317506,0.337317,-0.012074,-0.0199451,0.411891,-0.0213216,-0.0146423,0.000792723],[0.153415,-0.385376,0.131264,-0.0140399,0.0279581,-0.051242,0.598841,-0.905961,-0.0163745,0.0369052,-0.790207,-0.348751,0.0547092,-0.0186651],[-0.0595845,0.167016,-0.249797,0.0269349,-0.0240921,0.00985288,-0.203865,0.0602553,-0.00616144,-0.00118679,-0.0376733,-0.0306503,-0.0461869,-0.000727755],[-0.0211167,0.0605181,-0.00502005,-0.00280329,0.00834251,-0.00169893,0.0101473,0.137172,-0.000324786,-0.000966097,0.0260581,0.00599238,0.0111657,-0.0019897],[1.15385,-2.06571,0.0735668,-0.0108165,0.267859,0.0876638,0.171847,-4.84942,-0.0315623,-0.0137977,-1.52255,-0.181312,-0.0661283,-0.0750955],[0.817195,1.20856,0.445389,0.15976,0.273926,0.0760034,-0.73187,1.06171,-0.14327,-0.22192,0.960899,-0.56981,-0.305919,-0.0352103],[-0.0284998,-0.0947686,0.375367,-0.0169349,-0.0110007,0.00869784,-0.0263617,0.350391,-0.00653348,-0.00427511,0.0191664,0.0519749,0.0131082,0.00247384],[-0.159858,-0.405563,-0.99216,0.0585908,-0.0765004,0.0257459,-0.00759289,-1.39067,-0.0169403,0.00136796,-0.517456,-0.145412,-0.0137655,-0.0123113],[0.881161,-0.157501,0.108086,-0.129407,-0.0434118,-0.0851277,0.174013,0.679987,0.0198356,0.0190402,-0.0267499,-0.0200077,0.187863,0.0267032],[-0.88794,-0.673676,1.0084,0.345541,0.276258,-0.0960676,-0.910112,1.49926,-0.0606357,-0.0553898,0.365262,-1.30578,-0.12361,-0.115076],[0.243975,-0.304983,0.267324,-0.015791,-0.0156097,0.00512869,-0.027472,-0.0417939,0.00023779,-0.00353025,0.0160743,0.0195718,-0.0428761,0.00406922],[-0.0277993,0.0988751,-0.0688365,0.0136671,0.00331385,0.00263736,0.00197779,-0.0774735,0.0073737,0.00984553,-0.0321262,0.0353227,0.0207321,0.00195015],[0.0145561,-0.0522001,0.216223,-0.0100783,0.00486792,-0.00502122,0.0322803,-0.0354316,0.00177687,-0.000299035,0.0086948,-0.0280752,-0.00943362,0.00099438],[0.108958,0.330867,0.341999,-0.0396099,0.0323405,-0.0161267,-0.374378,1.50158,-0.00907202,-0.0142769,0.0840799,0.215042,0.0499937,-0.0114602],[0.228924,-0.873576,-0.235316,0.104636,0.0231095,0.0934021,-0.0368543,0.876898,0.0752976,0.0651306,-0.204141,0.0323622,0.155841,0.0134538],[-0.142306,0.271457,0.416792,0.0225083,-0.0854484,-0.0939082,-0.249599,0.415675,-0.0272355,-0.0187417,-0.348366,-0.131517,-0.0488091,-0.0275463],[0.0528968,-0.0331307,0.0908041,0.0524708,0.0367282,0.0271742,0.0749757,0.589415,0.00206124,-0.00250664,0.102023,0.160356,0.0701942,-0.00614096],[-0.0209212,-0.0285263,-0.0634963,-0.000130301,-0.0136874,-0.00235848,-0.00578749,0.0107948,-0.0010337,-0.000936151,0.0122382,-0.0160229,-0.00336382,-7.98799e-05],[0.680864,0.365138,-1.55755,0.161549,-0.11709,-0.135145,0.614468,1.69751,0.0261592,0.047221,-0.169127,0.128394,0.198567,-0.0404798],[-0.658618,-0.578024,-0.167582,0.0315943,-0.0173873,-0.153828,-0.0678104,4.67886,0.0552515,0.0474561,0.930319,0.382856,0.481107,-0.0198663],[0.0364537,0.152497,-0.122128,-0.00192472,-0.00463809,0.0146449,0.041977,-0.160612,-0.0038025,-0.00323339,-0.0481592,-0.0839164,-0.0217323,0.00481574],[-0.0276446,0.0244693,0.0280872,0.0222384,-0.033018,0.00512571,-0.0825841,-0.128874,-0.00516785,0.00130295,-0.138211,-0.0859923,-0.0113263,-0.00128489],[0.37381,0.403443,1.19335,-0.019922,-0.0205245,-0.0649372,0.145901,0.444403,0.00680341,-0.0121785,0.10822,0.140292,0.132786,0.0173187],[1.10043,-0.124508,-0.0611313,-0.156716,-0.0997471,-0.0773372,-0.211558,-4.57939,-0.0362093,0.0156829,-0.145375,-1.0942,-0.0176052,-0.120939]],"sigmahat":[[7.6895,-1.07306,6.03089,-0.5007,-0.0290467,-0.0815154,0.815361,-4.64586,0.1057,0.0983819,-0.739088,0.351411,-0.0318966,0.00135545],[-1.07306,20.6854,11.9264,0.0957481,0.336769,0.0852715,-0.70305,19.8236,0.0433296,-0.14741,3.80099,1.07029,0.689094,0.00753809],[6.03089,11.9264,47.8799,-0.900286,0.904242,-0.102688,0.978412,12.2318,-0.0621135,-0.180267,1.87919,2.37563,0.0704583,0.0380932],[-0.5007,0.0957481,-0.900286,0.26936,-0.0145797,0.0792821,-0.276404,1.60874,0.00934327,-0.00986949,0.158496,0.167916,0.0336566,-0.0032681],[-0.0290467,0.336769,0.904242,-0.0145797,0.402297,-0.0455273,0.15148,-1.27532,-0.0253562,-0.000415603,-0.402269,0.236372,-0.0193109,-0.00485887],[-0.0815154,0.0852715,-0.102688,0.0792821,-0.0455273,0.221044,-0.326841,0.993014,0.0251153,0.011229,0.0607888,0.12957,0.049758,0.00776048],[0.815361,-0.70305,0.978412,-0.276404,0.15148,-0.326841,3.02979,-10.234,-0.0645131,0.0523208,-1.96462,-0.581327,-0.412725,-0.0314564],[-4.64586,19.8236,12.2318,1.60874,-1.27532,0.993014,-10.234,144.49,1.4951,0.127753,24.6411,8.31086,6.3513,0.40847],[0.1057,0.0433296,-0.0621135,0.00934327,-0.0253562,0.0251153,-0.0645131,1.4951,0.057956,0.0400777,0.182542,0.121167,0.0898152,0.00739302],[0.0983819,-0.14741,-0.180267,-0.00986949,-0.000415603,0.011229,0.0523208,0.127753,0.0400777,0.0517495,-0.22853,0.00705034,0.0372518,0.00301424],[-0.739088,3.80099,1.87919,0.158496,-0.402269,0.0607888,-1.96462,24.6411,0.182542,-0.22853,10.8479,2.6756,1.088,0.0181798],[0.351411,1.07029,2.37563,0.167916,0.236372,0.12957,-0.581327,8.31086,0.121167,0.00705034,2.6756,4.53446,0.699725,0.0347159],[-0.0318966,0.689094,0.0704583,0.0336566,-0.0193109,0.049758,-0.412725,6.3513,0.0898152,0.0372518,1.088,0.699725,0.712695,0.0056721],[0.00135545,0.00753809,0.0380932,-0.0032681,-0.00485887,0.00776048,-0.0314564,0.40847,0.00739302,0.00301424,0.0181798,0.0347159,0.0056721,0.0136133]],"n":14,"lags":3}