{"betahat":[[2.27411,2.08454,24.2596,0.880076,0.174485,8.44508,3.56359,-0.117539,-0.536426,1.56037,0.5054,0.288686,0.488734,0.265392,-0.271029,0.97709,1.41115,45.5332,27.2523,0.744021,11.3472],[0.920466,0.0495429,-3.35799,-0.0431022,0.486492,-0.316017,0.0592869,-0.0240228,-0.0208092,-0.277659,-0.00340045,0.00604491,-0.0944579,0.014369,-0.0558977,0.0424098,-0.0419127,0.0320176,0.0238487,0.0190271,0.55017],[-0.143928,0.669961,0.660897,-0.113211,-0.0839369,0.195344,0.0138156,0.0238502,-0.0346213,-0.063207,0.00398262,0.00816293,0.00363001,0.00291156,-0.00378891,-0.0309598,-0.0234438,0.00116692,0.11961,-0.00764644,-0.244792],[-0.00319694,-0.00434647,0.515631,0.00387481,0.00782363,-0.135727,-0.00515855,0.00068956,0.00564059,0.00889726,0.00032966,-3.63484e-05,-0.00141975,0.000363231,-0.00172381,-0.00167151,-0.00533492,0.000343363,-0.0026335,0.000253322,-0.0064168],[0.30403,0.686622,1.68781,0.845596,0.144094,0.494267,0.0944509,-0.0426574,0.150639,0.037053,-0.00909821,0.0239823,0.00882354,0.0275959,0.0296341,0.224402,0.019769,0.0144859,-0.104674,-0.0119491,-0.174616],[0.00857583,0.0909433,4.79647,0.0258825,0.594566,0.980631,0.0681273,0.000414535,-0.126839,-0.0311765,-0.00142307,-0.00190733,0.0204628,0.00315251,0.0282455,0.0308393,0.059319,-0.0050748,-0.059446,-0.000166119,-0.163204],[0.00622269,0.00566625,-0.0812711,0.0164472,-0.0459584,0.886364,-0.0029355,0.00181487,0.0273493,0.00210373,0.00128124,-0.00117129,0.0115149,-0.00261645,0.00890564,0.000894009,0.0140019,0.00284171,-0.0135434,-0.000355319,-0.0344646],[0.0941094,0.118127,-0.233317,0.0204932,0.0807713,-0.151709,0.979511,-0.0155977,0.06426,-0.0780472,0.00302411,0.00743,0.0554345,0.00185789,0.042766,0.0254341,0.118348,0.0275456,0.0196544,0.0264577,1.26873],[0.292922,0.625104,6.67466,-0.358797,0.185204,2.46002,0.717158,1.15193,-1.13744,-0.271449,0.0538362,0.0695555,0.209148,0.0890818,0.280918,0.0876465,0.557388,0.154336,1.58552,-0.019308,2.95452],[0.0568355,0.10313,-0.772562,0.0174573,0.0815558,-0.110268,-0.0191257,-0.0193597,1.07704,-0.0862884,-0.00425518,-0.0281781,-0.00137131,-0.0225087,-0.0148548,0.0399439,-0.0338349,0.0104959,0.0631342,-0.00598115,-0.150059],[-0.0324489,-0.0472036,-0.24914,-0.0753265,-0.132302,-0.250588,-0.267846,0.00420444,0.244293,1.14575,-0.00469704,-0.0282019,0.0150725,-0.028942,0.0239555,-0.0143171,-0.136872,0.0596569,-0.0295194,0.00150164,-0.312293],[-1.65245,-1.77674,-26.6887,-0.826459,-1.61777,-9.4712,-3.45373,-0.0991411,0.985967,-0.253594,0.38688,-0.125473,-0.584183,-0.157368,-0.367367,-0.272352,-2.8123,-0.522036,-4.98345,0.01576,-12.3408],[0.314637,0.817752,-5.69306,0.802734,-0.74024,-2.95765,-0.323226,-0.0537626,1.02272,0.117688,-0.0494518,0.95829,0.039434,0.0266045,0.112199,0.718927,-0.128578,-0.00650853,-1.00012,0.058589,-3.56207],[-0.0220419,0.20002,-2.53883,-0.14165,-0.418407,-1.34104,0.813991,0.0779092,-1.60664,0.0638954,0.0324019,-0.0980619,1.00028,-0.0590596,0.141049,0.0832056,0.423182,-0.134432,0.620993,-0.00808589,1.95083],[-0.512403,-0.707161,12.0432,-0.62643,-0.53036,3.07795,-0.463305,-0.0561529,-0.696429,0.0482763,0.0620976,0.367309,0.0477161,1.2033,-0.0609368,-0.560679,-0.0113288,-0.0468036,0.883597,-0.0818998,-0.310172],[0.208847,-0.235447,-2.01285,0.116719,0.553314,-0.316339,-0.225274,-0.0719358,0.327258,0.428842,0.0255633,0.2579,0.0621268,0.275383,0.980569,0.218049,-0.00595542,0.0155243,-0.642697,0.0760163,-1.07976],[-0.0262964,-0.125283,3.56801,-0.173527,0.114693,0.987283,0.0169877,-0.000553274,0.283019,0.356877,-0.0134676,-0.0141784,0.0629614,-0.0141574,0.120936,0.891106,0.0620739,-0.0203492,-0.0111931,-0.00188388,-0.815809],[0.0957338,0.256545,-2.3859,0.0944159,0.109883,-0.598553,0.117828,-0.0198122,0.127324,0.0225035,-0.017436,0.00247923,0.028427,0.0108401,0.0339013,0.0487977,0.808779,-0.0364858,0.175583,-0.0213595,-1.1365],[-0.126634,-0.355602,1.6814,0.335531,0.0639392,1.03704,0.235006,0.0177274,-0.160294,0.312026,0.0216009,0.0469001,0.0339512,0.096839,0.00581377,-0.188088,0.359106,0.304979,-0.0911619,0.015073,1.92174],[-0.399119,-0.844575,-0.856007,0.219794,-0.344201,-0.521025,-0.247862,0.0482585,0.344233,0.109799,-0.0387012,0.0192471,-0.0968531,-0.00552802,-0.0171594,-0.234709,-0.287888,0.00148512,1.02527,-0.00913231,-1.01442],[-1.15103,-2.11695,1.81276,-0.432984,-0.0789299,1.73746,-1.06818,0.227109,0.957514,-0.447156,-0.0750355,-0.139925,-0.442216,-0.100876,-0.503738,-0.797214,-1.1545,-0.224438,-0.850704,0.492374,-4.62927],[-0.0215359,0.00287873,0.635692,-0.0367507,-0.00693197,0.170574,-0.0521135,0.00530859,0.0430708,-0.0239396,0.00179227,-0.000897464,-0.00731136,-0.00208012,-0.012792,-0.00316501,-0.0430425,0.0203076,0.0143554,-0.00659534,-0.440023],[0.000576527,-0.102247,3.16501,0.0301103,-0.531655,0.275617,0.00435863,0.0125266,-0.0913414,0.205647,0.00349859,0.00876843,0.056397,-0.00746852,0.0178461,-0.0283572,0.0271089,-0.0231089,0.00594461,-0.00949487,-0.200984],[0.0865039,0.186479,-0.437716,0.079185,0.00977162,-0.1795,0.0207337,-0.0111927,-0.0339889,0.0593051,-0.0045614,-5.35437e-05,0.013725,0.0055518,0.0201721,0.0180116,0.0288474,-0.000240596,-0.0592007,0.00761178,0.171615],[3.97307e-05,0.000685706,0.362074,-0.00416691,-0.00751519,0.102765,0.00468631,0.000127723,-0.00432088,-0.00836068,-0.000198109,-2.03811e-05,0.000226598,-0.000496361,0.000667488,-0.000802558,0.006847,-2.02954e-05,-0.000303346,-0.000196367,-0.00416387],[-0.212151,-0.43785,-3.72646,0.076116,-0.140487,-1.06773,-0.141274,0.0285508,0.00805952,-0.00125167,-0.000584523,-0.0147252,-0.0634756,-0.0317899,-0.0503556,-0.0900089,-0.038366,-0.00576265,0.101403,0.00631855,0.170394],[-0.0219796,-0.0651643,-3.33331,-0.0445962,0.285602,-0.673157,-0.0219711,-0.00191018,0.0487099,0.0356916,-0.00182818,0.00496282,-0.0132116,0.0011538,-0.00885407,-0.0129889,-0.0495279,-0.00863958,0.0229565,0.00173857,0.264378],[-0.0130844,-0.00838004,0.0420343,-0.0216158,0.0444904,0.102932,0.0137054,0.000387218,-0.0319145,-0.0158771,-0.00104895,0.00103752,-0.0113885,0.00155916,-0.00660138,-0.00446531,0.00175343,-0.00242649,0.00299579,0.000219578,0.0294998],[-0.0406409,-0.0302936,-0.870867,-0.0213158,0.0608798,-0.116733,-0.151606,0.0211903,0.0599675,-0.00618392,-0.0049929,-0.00464753,-0.0335552,-0.00134891,-0.0211672,0.0089567,-0.147624,-0.0377215,0.0260667,-0.0302953,-0.920057],[-0.157179,-0.261249,1.20296,0.353328,-0.961379,-1.02502,-0.545435,-0.120277,1.00565,0.548079,-0.011412,-0.102615,-0.232826,-0.114814,-0.327453,0.0245145,-0.466284,-0.123163,-0.16247,-0.029699,-3.91002],[-0.0164217,-0.0731992,0.513092,-0.0241809,-0.01688,0.143219,0.0561512,0.00607432,-0.0684399,0.0412529,0.00308514,0.0166117,-0.00544925,0.011553,0.00191987,-0.00955555,0.0429307,0.000697408,-0.0524,0.00241487,0.253196],[0.0313271,-0.024124,1.49538,0.115922,-0.0840698,0.402504,0.285998,0.0191312,-0.11294,-0.232437,0.00867533,0.0108661,0.00553154,0.0108677,-0.0121668,-0.0175608,0.102027,0.00996415,0.00324883,0.00754467,0.546596],[-0.0461818,0.224778,3.15862,1.89852,1.70583,3.51737,-1.15121,-0.109454,3.37846,1.1697,-0.0989491,0.203821,-0.376349,-0.0488822,0.237652,-0.306311,1.01088,0.0720376,-1.49829,0.0839796,-1.99485],[0.129172,-0.0453139,-1.45383,0.00136486,0.455762,-0.0565471,0.306738,0.0327213,0.355948,0.0353918,-0.00466714,-0.169083,-0.0830006,-0.0811592,0.0254857,-0.00839715,-0.17632,0.188773,-0.299935,-0.00370523,1.92504],[-0.0162516,0.108508,1.66612,0.080152,-0.0359237,0.729548,0.23083,-0.0256137,-0.384963,0.403881,0.010599,0.0773994,-0.09459,0.0307219,-0.115531,-0.0754803,0.0318848,0.128613,0.0368808,0.0247247,1.67706],[0.0301252,0.231184,1.29977,-0.309052,-0.0756276,0.421272,0.52533,0.0434067,-0.200291,-0.339035,0.0325493,-0.147549,-0.000732704,-0.179413,-0.086875,-0.00879789,0.225157,-0.013102,0.556877,0.0301703,-0.693999],[-0.0893059,0.224952,-3.07154,0.23268,-0.0777075,-0.536435,-0.130986,0.0182615,0.198686,-0.164947,-0.0166963,-0.0156373,0.0431636,0.0396327,-0.0936286,-0.0291298,0.0365495,-0.0992625,0.39826,0.0260403,-0.151947],[0.0447501,0.114204,-3.02502,0.141097,0.0230534,-0.672522,0.103178,-0.0122028,-0.281701,-0.280134,0.00990955,0.00584926,-0.0483844,0.00974167,-0.0816703,0.0938803,0.0502289,0.0296648,-0.083698,0.000582455,0.51679],[-0.0812664,-0.192346,2.02733,-0.0240708,-0.100941,0.576635,-0.0506436,0.0233574,-0.238075,-0.13522,0.0225464,0.0140583,0.0406212,0.0118798,0.0111408,0.00299115,0.231998,0.0206675,-0.11475,0.03396,1.28101],[0.225728,0.421079,1.83548,-0.139256,0.301889,0.701214,-0.330779,-0.00766441,0.620592,-0.197296,-0.0375033,-0.0024465,0.121864,-0.0376664,0.174644,0.205067,-0.272151,0.000305597,0.0949564,-0.00866928,-0.590405],[0.30262,0.628839,0.36099,-0.190119,0.452349,0.524385,0.0814255,-0.0376249,-0.00757542,-0.227035,0.0168861,-0.0272689,0.0654225,-0.0134378,0.00710466,0.180941,0.194495,0.00128394,-0.210552,0.0118622,0.508549],[0.266102,0.588668,-3.98447,-0.208607,0.177631,-2.44219,-0.173666,-0.030545,0.49273,0.444259,0.113066,0.0248581,0.313019,0.0208689,0.142834,0.242525,0.402035,-0.0595813,-0.281636,0.296853,-0.222806],[0.000309482,0.00288833,0.206561,-0.0280708,-0.0188814,0.039346,-0.0189601,0.00782057,-0.0302457,0.0224112,-0.00127226,-0.00146967,-0.00632344,0.000885529,-0.00665556,-0.0103827,-0.00946972,0.0178456,0.0142265,0.0012093,-0.134557],[0.0788985,0.0526457,0.19438,0.0130953,0.0452549,0.0408145,-0.0635184,0.0114817,0.111666,0.072061,-9.94858e-05,-0.0147803,0.0380452,-0.00684401,0.0380617,-0.0140952,0.0149566,-0.00898068,-0.0299239,-0.00953151,-0.348885],[0.05723,0.143438,-0.221949,0.0337732,0.0740764,-0.015812,-0.034658,-0.0126583,0.0682375,0.00399615,0.000579107,-0.00805801,-0.0173612,-0.00841404,-0.0163654,0.0128835,-0.00545631,-0.00101962,-0.0609685,2.08415e-05,0.0730477],[0.00242274,0.0030612,0.102216,0.000516831,-0.000900944,0.0256442,-0.000663715,-0.000856157,-0.000639976,0.000345465,-0.000151175,5.20416e-05,0.0010304,0.0001323,0.000863333,0.00215436,-0.00232569,-0.000848357,0.00223928,-5.474e-05,0.0068073],[-0.0918583,-0.248707,2.03922,0.0780453,-0.00335781,0.574117,0.0467413,0.0141195,-0.158968,-0.0357908,0.00965993,-0.00922623,0.0546114,0.00423673,0.0207388,-0.134346,0.0186712,-0.00884304,0.00381009,0.00558615,0.00400642],[0.0130606,-0.0261648,-1.46072,0.0187002,0.11899,-0.307804,-0.046404,0.00148736,0.0777714,-0.00426766,0.00324206,-0.00302399,-0.00736376,-0.00428052,-0.0194038,-0.018139,-0.0100622,0.0136197,0.035736,-0.00161587,-0.101279],[0.0064807,0.00209201,0.0387091,0.00539056,0.000817338,0.00920821,-0.0113088,-0.00223397,0.00469727,0.0141468,-0.000235952,0.000169404,-0.000219591,0.00108715,-0.00235526,0.00328555,-0.0160165,-0.000558695,0.00973771,0.000130289,0.00419218],[-0.0543157,-0.0888051,1.11912,0.000673586,-0.142014,0.272231,0.171318,-0.0054316,-0.127068,0.0832577,0.00186616,-0.00236727,-0.0217474,-3.62061e-05,-0.0210563,-0.0350265,0.0292207,0.0094511,-0.0453026,0.00359415,-0.344727],[-0.0489723,-0.165936,-7.52458,-0.0520135,0.876746,-1.35459,-0.451466,-0.0741378,0.359462,-0.222306,-0.042414,0.0388545,-0.0135103,0.0270772,0.0259158,-0.00773782,-0.293975,0.108312,-1.02569,0.0504647,0.112554],[-0.0399719,-0.0292535,0.263423,0.00652807,-0.0642851,-0.0310148,-0.035361,0.0132022,-0.0107645,0.0440678,0.00099665,0.0115955,0.00756382,0.011081,0.0138121,-0.030311,-0.00628746,-0.0128073,-0.0036575,0.00328085,-0.10262],[0.00126873,0.0718368,-1.25308,-0.0402417,0.217556,-0.151645,-0.0185948,-0.0233854,-0.129865,0.0853261,-0.00399826,0.0172013,-0.020977,0.0179593,-0.0121598,0.0320282,0.0346489,-0.069189,0.0262429,-0.0090675,-0.231709],[-0.547167,-1.18123,-14.0822,-1.26695,2.88173,0.220944,1.62071,0.25137,-4.06896,-1.77713,0.0322249,0.196943,-0.102398,0.0885492,0.0277353,-0.481652,-0.148825,0.494118,-0.0982271,-0.256268,5.66319],[0.136553,0.00345261,-1.16547,-0.0452334,0.296168,-0.204972,-0.324354,-0.00472129,0.279243,0.4824,-0.0118822,-0.0595469,0.0223737,-0.0468902,0.0538963,-0.0201328,-0.139052,-0.0246511,-0.159667,-0.0457969,0.620244],[-0.114764,-0.393126,0.419619,0.0368807,-0.035605,0.171485,-0.0611884,0.0305947,-0.0329991,-0.432948,-0.0138557,-0.0568244,-0.0449567,-0.0468968,-0.0441948,-0.12892,-0.085112,0.065872,-0.0584452,0.00563938,0.422943],[-0.123927,-0.267596,-0.889106,0.0447255,0.044616,0.0465984,0.0245922,0.053833,-0.0181297,-0.0684394,-0.00963535,-0.0574027,0.0252315,-0.0917678,-0.017234,-0.131647,-0.0239206,-0.14994,0.162158,0.0275667,-0.0576542],[0.168073,0.322208,2.40368,-0.0930162,0.502662,1.21418,-0.256295,-0.0558689,0.382947,-0.653355,-0.0361602,-0.0818589,-0.0326335,-0.0678422,0.0491143,0.0704687,-0.0436548,0.033702,-0.0286879,-0.0444656,0.382455],[-0.0191382,0.00973074,-0.53799,0.0325139,-0.137839,-0.313781,-0.121048,0.0127462,-0.000941784,-0.0765171,0.00354255,0.00842385,-0.0147131,0.004515,-0.0392814,0.0143579,-0.112814,-0.00942747,0.0935359,0.00123294,0.299406],[-0.0155231,-0.0646433,0.369149,-0.0709227,-0.0098818,0.0249945,-0.06758,-0.00341959,0.108176,0.11297,-0.00515767,-0.0162351,-0.069087,-0.0223747,-0.0448119,-0.0522325,-0.0410928,0.0153318,-0.0618342,-0.0127437,-0.142649],[-0.0933727,-0.0459456,-3.41984,-0.196627,-0.349642,-1.68014,0.0824965,-0.0117083,-0.401882,-0.123598,0.0167959,-0.0493951,-0.160557,-0.0660412,-0.188395,-0.00772258,-0.0949119,-0.287052,-0.0273756,-0.00601764,-1.31864],[0.103182,0.185998,0.25778,-0.00810984,-0.108266,-0.0599019,0.231975,-0.00279638,-0.310805,0.081524,0.0171614,0.000550573,0.0399878,0.0127455,0.0199284,0.0469338,0.142488,-0.0212378,-0.430479,-0.00574707,0.426947],[1.04649,1.60981,-2.70475,0.199818,0.350504,-1.0112,0.313404,-0.152559,-0.282992,0.258656,-0.0233055,-0.0742252,0.220482,-0.106031,0.316891,0.798846,0.0315205,0.21747,0.839315,0.0726342,0.708383],[-0.00577169,-0.00678403,-0.283255,-0.00237854,0.0162846,-0.0710615,-0.0271857,0.00473489,0.0381772,0.0273541,-0.00183895,-0.000371717,0.00474491,0.00120193,0.00670028,0.00393908,-0.034935,0.0046099,-0.00773789,-0.00166027,-0.191429]],"sigmahat":[[0.151352,0.249675,0.352977,-0.00687948,0.0858241,0.169501,0.0364455,-0.011663,0.0155886,-0.0196864,0.000204763,-0.0040404,0.00641473,-0.00593002,0.010676,0.0897702,0.0420748,0.0178314,-0.0422631,-0.00103575,0.166706],[0.249675,0.829573,0.0857289,-0.126602,0.101352,0.182779,-0.00120726,-0.03522,-0.00711027,0.0138039,-0.000278074,-0.0148436,-0.00649827,-0.0198345,-0.00015445,0.224801,0.0443626,0.0108494,-0.142369,0.00441434,0.110025],[0.352977,0.0857289,49.2623,-0.106479,-3.09526,10.3346,1.07081,0.0435242,-1.18006,-0.153927,0.0410138,0.0304834,0.345555,-0.00388727,0.336963,-0.0244397,0.868944,-0.00404646,-0.372586,-0.0127285,-0.874022],[-0.00687948,-0.126602,-0.106479,0.193931,-0.0437525,-0.0768669,0.0137408,-0.0021643,0.0774881,-0.00332348,-0.000355351,0.00165076,-0.00188132,0.00361775,-0.00206252,-0.0223378,-0.00859521,-0.00153844,0.00355308,0.00298776,0.0384235],[0.0858241,0.101352,-3.09526,-0.0437525,0.910912,0.122177,-0.113294,-0.0281235,0.244596,-0.175758,-0.00693324,0.00729408,-0.0147792,-0.0013021,-0.0129705,0.0538447,-0.0323625,0.0605538,-0.0139376,-0.00694741,0.712649],[0.169501,0.182779,10.3346,-0.0768669,0.122177,3.71887,0.285935,-0.0173979,-0.19704,-0.287508,0.00700471,0.025762,0.0640488,0.00510978,0.0591148,0.0722926,0.238149,0.0718626,-0.12044,-0.0088121,0.740214],[0.0364455,-0.00120726,1.07081,0.0137408,-0.113294,0.285935,0.357495,0.00909378,-0.307238,-0.019836,0.0106045,0.000152817,0.012685,0.00653713,0.0119473,0.00135558,0.17966,0.0102444,0.0417826,0.00483683,0.405347],[-0.011663,-0.03522,0.0435242,-0.0021643,-0.0281235,-0.0173979,0.00909378,0.00900412,-0.0166518,-0.00243999,0.000833504,0.000361692,0.00137628,0.00172436,0.00161898,-0.0139931,-0.00321228,-0.000125535,0.0158959,0.00037799,-0.0350731],[0.0155886,-0.00711027,-1.18006,0.0774881,0.244596,-0.19704,-0.307238,-0.0166518,0.713028,0.0218309,-0.0114367,-0.0124528,-0.0232219,-0.0237524,-0.0271225,0.00402906,-0.155001,0.0348641,0.0128488,-0.00543689,-0.480463],[-0.0196864,0.0138039,-0.153927,-0.00332348,-0.175758,-0.287508,-0.019836,-0.00243999,0.0218309,0.268413,-0.00132888,0.00243604,-0.00131397,0.00604488,0.0028803,-0.0228783,-0.0241767,-0.0246499,-0.0271244,0.00113516,-0.441207],[0.000204763,-0.000278074,0.0410138,-0.000355351,-0.00693324,0.00700471,0.0106045,0.000833504,-0.0114367,-0.00132888,0.00171605,-0.000176381,0.000891833,-0.000212517,-0.00134951,-0.000922974,0.00685273,0.00202362,-0.00444291,0.000323624,0.0223872],[-0.0040404,-0.0148436,0.0304834,0.00165076,0.00729408,0.025762,0.000152817,0.000361692,-0.0124528,0.00243604,-0.000176381,0.00766848,0.000992307,0.00598774,0.00204418,-0.00346592,-0.000450053,-0.00123896,-0.00294348,0.000336754,0.0165236],[0.00641473,-0.00649827,0.345555,-0.00188132,-0.0147792,0.0640488,0.012685,0.00137628,-0.0232219,-0.00131397,0.000891833,0.000992307,0.029721,0.00335308,0.0230465,-0.00287748,0.0295785,-0.00176019,0.00539144,0.00328592,0.00836844],[-0.00593002,-0.0198345,-0.00388727,0.00361775,-0.0013021,0.00510978,0.00653713,0.00172436,-0.0237524,0.00604488,-0.000212517,0.00598774,0.00335308,0.00916041,0.00450449,-0.00618783,0.000369168,-0.00168219,0.00159685,0.00105782,0.00752865],[0.010676,-0.00015445,0.336963,-0.00206252,-0.0129705,0.0591148,0.0119473,0.00161898,-0.0271225,0.0028803,-0.00134951,0.00204418,0.0230465,0.00450449,0.0295774,-0.00159166,0.0259928,-0.00347207,0.00433091,0.00077461,0.0179579],[0.0897702,0.224801,-0.0244397,-0.0223378,0.0538447,0.0722926,0.00135558,-0.0139931,0.00402906,-0.0228783,-0.000922974,-0.00346592,-0.00287748,-0.00618783,-0.00159166,0.110157,0.00849898,0.00559557,-0.0435731,0.000472827,0.0778797],[0.0420748,0.0443626,0.868944,-0.00859521,-0.0323625,0.238149,0.17966,-0.00321228,-0.155001,-0.0241767,0.00685273,-0.000450053,0.0295785,0.000369168,0.0259928,0.00849898,0.200193,0.00127142,0.0187054,0.00436141,0.363869],[0.0178314,0.0108494,-0.00404646,-0.00153844,0.0605538,0.0718626,0.0102444,-0.000125535,0.0348641,-0.0246499,0.00202362,-0.00123896,-0.00176019,-0.00168219,-0.00347207,0.00559557,0.00127142,0.0345606,-0.0125496,3.93416e-05,0.152114],[-0.0422631,-0.142369,-0.372586,0.00355308,-0.0139376,-0.12044,0.0417826,0.0158959,0.0128488,-0.0271244,-0.00444291,-0.00294348,0.00539144,0.00159685,0.00433091,-0.0435731,0.0187054,-0.0125496,0.455223,-0.00608768,-0.0925959],[-0.00103575,0.00441434,-0.0127285,0.00298776,-0.00694741,-0.0088121,0.00483683,0.00037799,-0.00543689,0.00113516,0.000323624,0.000336754,0.00328592,0.00105782,0.00077461,0.000472827,0.00436141,3.93416e-05,-0.00608768,0.00529571,0.010114],[0.166706,0.110025,-0.874022,0.0384235,0.712649,0.740214,0.405347,-0.0350731,-0.480463,-0.441207,0.0223872,0.0165236,0.00836844,0.00752865,0.0179579,0.0778797,0.363869,0.152114,-0.0925959,0.010114,4.76015]],"n":21,"lags":3}