{"betahat":[[1.54194,-7.04586,66.784,3.75939,15.4899,31.3652,-1.1361,1.75007,6.11659,1.61324,-0.626271,0.954113,0.619353,1.37363,1.279,4.31725,-0.726033,37.3922,26.6607,0.569091,-87.9093,17.6632,1.63059],[1.05788,0.0699164,-1.24555,-0.0276082,0.38526,0.0560251,0.0955803,-0.0146711,-0.0139326,-0.151914,-0.000747436,0.0207992,-0.0309519,0.037531,-0.00779202,0.0964986,0.0430075,0.0756286,0.0190027,0.0180954,0.169365,-0.0428313,0.0322953],[-0.124977,0.779336,0.482384,-0.0847018,-0.0701522,0.161764,0.00572742,0.0150508,-0.00370181,-0.0672899,0.00119771,-0.000588202,-0.00987056,-0.00556893,-0.00746287,-0.0224022,-0.0313043,-0.0044693,0.0356717,-0.00853773,-0.0877532,-0.00922352,-0.00447164],[-7.54668e-06,-0.00160389,0.529857,0.00273307,0.0117128,-0.134361,-0.00420403,-0.000346414,0.00556866,0.0100246,0.000146057,2.35814e-05,-0.000497868,-0.00034892,-0.000236267,0.000614994,-0.00377042,0.000447054,-0.000687797,-0.000237321,-0.00283788,0.00360501,4.25292e-05],[0.149411,0.300063,0.270382,0.937982,0.179221,0.20254,0.0598372,-0.025054,0.0287211,0.0351323,-0.00841121,0.0288811,0.0292378,0.0367705,0.0412827,0.141429,0.04473,0.0161727,-0.0770792,-0.016967,-0.154593,-0.67462,0.0136745],[0.0237571,0.0370221,2.06176,-0.0467204,0.88026,0.467689,-0.00799254,-0.00224532,-0.00240942,0.0196533,-0.00183906,0.00200444,0.00253017,0.0025972,-0.00450072,0.0224964,-0.00524255,0.0108167,-0.00827023,0.00783557,-0.290886,-0.111969,-0.00422784],[0.00558012,0.00176085,-0.245296,-0.00666373,-0.0375965,0.839448,-0.00955444,-0.001653,0.0100488,0.0156118,0.00109109,-0.00365007,0.00361384,-0.00675562,-0.000517126,0.000300224,-0.00169129,0.00347634,-0.000987851,0.00336634,0.0332233,-0.0251504,-0.00543765],[0.0843462,0.123527,-0.173233,-0.0152044,0.115615,-0.0324373,0.979259,-0.0192153,0.0322618,-0.129507,-0.00136056,0.0351399,0.0237094,0.0380429,0.0286448,0.0623916,0.0878362,0.0195911,-0.0181447,0.0335078,0.945399,-0.191436,0.0493941],[-0.244055,-0.0933992,1.42858,-0.208958,-0.22501,0.760894,-0.237771,1.11343,-0.0836108,0.217847,0.000209587,0.0355068,-0.0377085,0.00477677,-0.00225395,-0.00788749,-0.161939,-0.240899,0.231423,-0.00148073,-0.154073,-0.487306,-0.0506876],[0.0357625,0.0638118,-0.265605,0.000663306,0.028811,0.00467411,-0.0227629,-0.0186019,1.05375,-0.0586197,-0.00175739,-0.0318901,-0.0131784,-0.0292495,-0.0217116,0.021419,-0.037807,-0.00120113,0.0164749,0.00105559,0.24128,-0.0129759,-0.0320747],[-0.0276181,-0.0449978,-0.574663,-0.116715,-0.119626,-0.421766,-0.149193,0.0153122,0.183158,1.07426,-0.00531862,-0.00664415,0.00865512,-0.000295512,0.0179927,0.00203296,-0.065983,0.00621532,0.00444979,-0.0064277,-0.763868,0.0422695,-0.0016696],[-1.72722,-1.50476,-13.101,-1.14837,-2.76679,-6.84996,-2.10555,-0.303866,-1.69643,0.0673481,0.646224,-0.356834,0.0448279,-0.468961,-0.177133,-0.622636,-2.34667,0.759341,1.08553,-0.242972,-7.83439,4.75273,-0.529643],[0.29264,0.523244,-0.699372,0.0425378,-0.0791712,-0.432532,-0.183618,-0.0155447,0.674071,0.0562102,-0.0321619,1.0188,0.0110591,0.0381886,0.0472908,0.356509,-0.0918396,-0.127527,-0.103158,-0.00947514,-3.29483,-2.03065,0.0844756],[-0.0502022,-0.0628491,-0.97183,-0.212435,-0.0178027,-0.420569,0.409965,0.0474792,-1.06284,-0.0723545,0.0431953,-0.0282222,1.01397,0.0440316,0.0945695,-0.0191361,0.270297,-0.126355,0.215273,0.00124356,0.634824,-0.236648,0.110913],[-0.15732,-0.101654,3.27076,-0.029911,-0.782874,0.378333,-0.293387,-0.118531,-0.0829739,0.0455767,0.0281159,0.1725,-0.0226143,1.05103,-0.0919389,-0.320224,0.102754,0.0164281,-0.272295,0.0544208,2.45951,-0.461233,0.0568891],[0.259341,0.277371,-0.303383,0.0944472,0.683906,0.616096,0.0488041,-0.042204,0.0524308,0.373148,0.00863835,0.233273,0.0562212,0.226318,0.990944,0.405565,0.0835127,0.00853883,-0.258082,0.0895084,-0.995969,-1.05883,0.0959438],[0.0585197,0.0131493,0.899331,-0.178865,0.216627,0.37195,-0.0479339,-0.033239,0.254034,0.0709081,-0.0123586,0.0206521,0.0330768,0.0299926,0.0580082,1.03106,0.0234512,-0.0216208,-0.0079932,0.00528225,-1.04249,0.102357,0.0204556],[0.00452746,0.0835566,-2.30898,-0.0189911,0.121453,-0.601747,-0.0493656,0.0158977,0.155244,-0.0255535,-0.0209029,0.0312377,-0.000146215,0.0451748,0.0062948,0.0266665,0.799564,-0.0722253,-0.0263705,-0.00332033,-1.32249,0.149825,0.0230845],[-0.311926,-0.391386,-0.911935,0.274574,-0.933956,-0.900268,0.270326,0.0469377,-0.24473,0.16973,0.0131962,0.00334585,0.0260459,-0.00858353,0.00125061,-0.116759,-0.0163329,0.382802,0.00351196,0.0126924,2.88957,0.806129,0.0115687],[-0.206629,-0.472954,-0.227943,0.137973,-0.356959,-0.423539,-0.187082,0.0113467,0.264644,0.085478,-0.0203715,0.00218489,-0.0482902,-0.00888335,-0.00165684,-0.141129,-0.200406,0.066793,0.874823,-0.0110683,-1.15929,0.648287,0.0231046],[-0.139576,-0.237509,-6.81834,-0.21327,-0.287,-2.0266,-0.21033,-0.0464481,0.0148863,0.247099,-0.0259662,-0.180875,-0.0835055,-0.23874,-0.0821487,-0.397306,-0.366646,-0.0276624,-0.29909,0.598636,1.12259,0.339547,-0.131335],[-0.0230183,0.000289069,0.334921,0.00679723,-0.0649364,0.0536001,-0.00879796,0.000701167,0.0108899,0.020065,0.00442531,-0.0134615,-0.00014971,-0.0168841,-0.00387007,-0.029388,-0.0133868,0.0072582,0.00254974,-0.0160295,-0.165552,0.00461225,-0.0206724],[0.0418793,0.0739093,0.229737,-0.00167825,0.0523815,0.141598,0.00277255,-0.0045951,0.0214979,-0.0298395,-0.00015678,0.00886442,0.00217023,0.00994365,-0.000562053,0.0343113,0.0139022,0.00647969,0.00678304,0.00121127,0.0278685,0.869176,0.00779902],[-0.187308,-0.718375,0.0586696,0.334302,0.230733,0.2631,-0.359557,-0.00376626,0.277928,0.00967208,0.00527679,0.0921461,-0.0216806,0.115626,-0.000784717,-0.182193,-0.383084,0.318778,0.359942,0.0865129,0.180617,1.84781,0.928692],[-0.0754121,-0.125612,1.25546,0.0702602,-0.35699,-0.00389242,-0.0132251,-0.00472392,-0.0801549,0.102118,0.00111892,-0.00122212,0.0317687,-0.00928689,0.0149869,-0.0719986,-0.00604258,-0.0284037,-0.013888,-0.0119146,0.00586723,-0.105587,-0.00425152],[0.0653613,0.0993858,-0.236737,0.079154,0.00843366,-0.115458,0.02719,-0.0119606,-0.0558328,0.0587998,-0.00132738,0.00539413,0.0220589,0.0107914,0.0212542,0.00610007,0.0444421,0.00170978,-0.0246846,0.00924098,0.169985,-0.0363922,0.00812237],[-0.00138407,0.000190877,0.299447,-0.00501344,-0.00692317,0.0874499,0.00228305,0.000923049,-0.00488671,-0.00763389,-7.85106e-05,0.000127115,-9.34591e-05,0.000338714,-0.000123705,-0.000956906,0.00403965,-0.000442793,-0.000178541,0.000455957,-0.00311132,-0.000523199,0.000102141],[-0.115539,-0.207742,-0.806896,0.0340818,-0.12699,-0.277917,-0.0978796,0.0117975,0.0491712,-0.0131618,0.00297298,-0.0129253,-0.0392625,-0.0285261,-0.0437423,-0.0739875,-0.0515586,-0.00342472,0.0668267,0.010607,-0.232164,0.396559,-0.0126149],[-0.0210645,-0.0278561,-1.54886,0.0312868,0.0918739,-0.331897,0.0385083,0.000665513,-0.023095,-0.00650319,0.000963506,-0.000948186,-6.39666e-05,0.0011755,0.00737974,-0.0161958,0.00770301,-0.00436643,0.00685293,-0.00561025,0.343741,0.0360675,0.00604351],[-0.00815072,0.000942222,0.115518,-0.00825498,0.0340118,0.107596,0.0145487,0.00354145,-0.02255,-0.0112355,-0.000670634,0.00217436,-0.00354063,0.00471554,0.000142028,-0.00201699,0.00925324,-0.00179083,0.0049087,-0.00234449,0.00919797,0.0276806,0.00346558],[-0.0490618,-0.0421971,-0.122251,-0.0147071,-0.039847,-0.01386,-0.114646,0.017153,0.0414462,0.0530938,-0.00108632,-0.028253,-0.0219824,-0.0282357,-0.0256765,-0.0408977,-0.103824,-0.019857,0.00995221,-0.0262566,-0.758208,-0.0120855,-0.0368609],[0.206029,0.0277861,-0.287809,0.10163,0.341199,-0.346134,-0.229984,-0.0978834,0.489466,-0.139011,-0.0107362,-0.0278233,-0.0253569,-0.00999008,0.0117254,0.116416,-0.0657006,0.0691818,-0.0069775,-0.0161006,-0.874281,-0.148558,0.00830183],[-0.0179444,-0.0526608,0.0102608,-0.000166414,-0.0126069,-0.0496208,0.0393466,0.00450476,-0.0415219,0.0389167,0.000869816,0.015928,0.00783806,0.0105055,0.0109756,-0.00469795,0.0232505,0.00367151,-0.00953246,-0.00246306,-0.0897591,0.0532923,0.0139885],[0.0212636,0.0216329,1.09616,0.0875695,0.0447173,0.518145,0.0958359,0.00168308,-0.0805838,-0.120742,0.00518523,0.010888,-0.00762768,0.00860818,-0.0145188,-0.012119,0.0509351,0.0215408,-0.0109128,0.0106618,0.874779,0.256819,-0.00258728],[-0.0727355,-0.223128,-2.09008,1.14526,1.29974,1.27544,-0.80475,-0.120979,1.51085,0.804658,-0.0258756,0.201965,-0.257655,-0.0681004,-0.047572,-0.0867272,0.66492,0.336285,0.578725,0.0698463,-0.660431,-0.763406,0.15328],[0.045814,0.0429986,0.756136,-0.0144186,0.227833,0.283484,0.222386,-0.00147067,0.151021,-0.0415368,0.00181916,-0.121809,-0.00228713,-0.0703283,0.0578976,0.0634684,-0.0174428,0.0541973,-0.046182,-0.0492709,-0.645206,0.866977,0.0231933],[-0.0118677,0.0955093,1.18409,-0.102949,-0.222799,0.180132,0.0618975,0.0401698,-0.331049,0.332407,0.0090467,0.012989,-0.0839908,-0.0370606,-0.0952082,-0.089533,0.0193999,0.0418885,0.0365136,0.0290201,1.90828,-0.555512,-0.0344773],[-0.0633506,-0.0124465,-0.331993,-0.0395584,-0.190057,-0.407126,0.311316,-0.000747985,-0.300503,-0.161234,0.0175201,-0.075183,0.0294523,-0.0670217,0.0321106,-0.051918,0.0989814,-0.00958048,-0.00314241,-0.024371,1.05245,0.342473,-0.0174944],[-0.172468,0.0793163,-0.259205,0.174282,-0.438103,-0.371459,-0.21785,0.0440446,0.354287,-0.128179,-0.00327753,-0.0661934,-0.0436188,-0.0677897,-0.135854,-0.0760736,-0.10777,-0.128354,0.0155192,-0.0380158,-0.557426,-0.143927,-0.0673263],[-0.0416286,-0.0447045,-0.825023,0.128414,-0.0716876,-0.210848,0.0593648,0.0169321,-0.196372,-0.0392747,0.00623535,-0.0109618,-0.00677823,-0.0115441,-0.0256081,-0.0249018,0.00710924,0.0231911,-0.0285901,-0.0138345,0.427402,-0.195437,-0.00234848],[-0.0273719,-0.0398467,1.76601,0.0593744,-0.206906,0.393575,0.0537829,-0.0137447,-0.245123,-0.00194037,0.0254807,-0.0265088,0.0326445,-0.0350291,0.0146295,-0.0474796,0.23208,0.0489112,0.0146181,0.0108927,1.59697,-0.206396,-0.00787009],[0.292538,0.372392,2.5006,-0.246946,1.03923,1.55113,-0.213604,-0.0488859,0.315488,-0.498579,-0.0138024,0.0556517,0.0316659,0.0787931,0.105305,0.0502301,0.0599532,-0.0688673,-0.055922,-0.00627031,-0.874078,-0.182419,0.0810829],[0.194606,0.44506,-0.545389,-0.165166,0.371141,0.124113,0.0813045,-0.02163,-0.0360335,-0.192449,0.0166371,-0.0249664,0.0279218,-0.0188741,-0.0180078,0.095176,0.132197,0.0168936,-0.0664319,0.0108836,0.948571,-0.025195,-0.0153254],[0.00950485,0.102747,1.40147,0.0574641,-0.279668,-0.260024,0.335797,0.0163518,-0.367882,-0.0734658,0.0271726,0.0542477,0.115265,0.136096,0.123721,0.0805418,0.353085,0.0122324,-0.053188,0.191877,0.581422,0.307423,0.119164],[0.00134131,0.000388082,0.182343,-0.0101519,-0.0157931,0.0333024,-0.00226295,-0.00200307,-0.0224042,0.00471711,-0.00049013,0.000152949,0.000313415,0.00242358,0.000945781,0.00165965,0.00426824,0.0052104,-0.00656625,0.000279834,-0.129573,-0.0489558,-0.0022238],[-0.0290201,-0.034101,-0.0636574,-0.00832616,-0.0282315,-0.0617213,-0.0125982,0.00483854,0.0118774,0.0211192,0.000939209,-0.00540676,-0.00442684,-0.00757011,-0.00311558,-0.0242336,-0.0140355,-0.00604579,-0.0146844,0.00176339,-0.028446,0.0297853,-0.00543161],[0.0836174,0.302623,-0.995468,-0.0840884,-0.111575,-0.269213,0.466856,0.0450494,-0.624434,0.140547,0.00368581,-0.0328615,0.00550897,-0.0360562,-0.040946,0.111127,0.27422,-0.036011,0.0516385,-0.0208568,0.540035,0.236678,-0.0806783],[0.0172639,0.0556859,-0.00876424,-0.042749,-0.0292115,-0.0524419,-0.0823701,0.0193231,0.0934915,0.0496984,-0.000331955,-0.0196077,-0.000852281,-0.0282766,-0.00728523,-0.0248526,-0.036823,-0.0470898,-0.00523515,-0.00619639,-0.170201,0.147795,-0.0280993],[0.0592219,0.120621,-0.246129,0.00561092,0.061769,-0.0462703,-0.0331679,-0.00303927,0.0595144,0.00837784,0.000123583,-0.00474521,-0.0122416,-0.00517137,-0.0137992,0.0161114,-0.0132317,0.00266523,-0.0113564,-0.000703635,-0.081343,0.0451386,-0.00364576],[0.000894134,0.000636512,0.125079,0.00250849,-0.00484859,0.032643,0.0007299,-0.000778863,0.000255164,-0.00117394,-4.14734e-05,-3.28994e-05,0.000493371,7.98965e-05,0.00014884,-0.000270881,-0.00096061,-0.000156737,0.00039876,-0.000162546,0.00921172,-0.00426079,-0.000176622],[-0.0336117,-0.0915406,0.53732,0.0273617,-0.0525284,0.0752949,0.0379811,0.0132245,-0.0783533,-0.022058,0.00551748,-0.0160003,0.0101401,-0.00828152,0.00241211,-0.0676988,0.00711741,-0.0122829,0.010866,0.00633356,0.393552,0.278457,-0.00115427],[-0.0031001,-0.00936637,-0.512319,0.0149896,0.0266884,-0.136272,-0.0307343,0.00145067,0.0249609,-0.0132365,0.00091345,-0.000956753,-0.00265297,-0.00363457,-0.00304847,-0.00693369,-0.00249795,-0.00602241,0.00101476,-0.00219409,-0.0448446,0.0755573,-0.00179938],[0.00212809,-0.00312093,0.121948,0.0146072,0.00198416,0.0487179,-0.00556486,-0.00201084,0.0121057,-0.00386601,-0.000378409,0.00155003,-0.000200335,0.00213436,0.000171246,0.00099858,-0.00788942,-0.00141796,-0.00436047,-0.00100024,-0.0365035,-0.00358437,0.00195774],[-0.0363454,-0.0809452,0.302415,0.0297088,-0.0770736,0.0464601,0.134443,0.00270474,-0.0765073,0.0770836,0.00228383,-0.00634225,-0.00152348,-0.00923066,-0.00220154,-0.0220907,0.0162353,-0.00124446,0.00668997,-0.00777175,-0.183418,0.189801,-0.0123609],[0.0965699,0.0093881,-1.6672,0.173071,0.132144,-0.441668,0.0487904,-0.0766524,-0.0416673,-0.0792116,-0.00107352,0.00135059,0.0243574,0.0175784,-0.00826549,-0.0527479,-0.00508647,0.221049,-0.14523,0.0213203,0.129823,1.03832,0.0478397],[-0.0168033,-0.0115423,0.243952,0.00281366,-0.0154783,0.0432866,-0.0127233,0.012916,-0.0161118,0.0169018,0.000716817,0.016489,0.00582738,0.018765,0.0116887,-0.016082,0.0179358,-0.00401367,-0.00492747,0.00125226,-0.131902,-0.0490156,0.017934],[0.00643941,0.0237845,-0.533619,0.0289255,0.0764316,-0.0960562,0.0528018,-0.017054,-0.0999647,0.0435529,0.00020354,-0.00458102,-0.00141758,-0.0087639,-0.00414645,0.00932123,0.0151587,-0.0273627,0.00630105,-0.00417244,-0.0919921,-0.298388,0.00365751],[0.00520959,-0.00682787,-6.73523,-0.943298,1.30831,0.347501,0.987591,0.139799,-1.77015,-1.29936,0.0806659,0.0332076,-0.073705,0.00800444,-0.118869,-0.129033,-0.186862,0.531561,0.855628,-0.203549,4.05759,1.22377,-0.117668],[0.0263782,0.0309607,-0.169996,-0.0518592,0.0573398,-0.0637621,-0.187798,-0.00956433,0.207479,0.11394,-0.00132467,-0.0822666,-0.00493008,-0.0643722,0.00945648,-0.0176606,-0.0840836,0.0145465,-0.0441776,0.00705876,0.349107,-0.340215,-0.0180699],[0.0664593,-0.0579789,0.00920079,-0.0345752,0.406118,0.395353,-0.0610821,0.00910588,0.0459329,-0.363261,-0.018324,-0.0265004,-0.0105103,-0.0110054,-0.00648177,0.0388169,-0.0500451,0.0352724,-0.0946183,0.0135244,-0.344344,0.592636,-0.00726456],[-0.0322855,-0.0809179,-0.349845,0.0590437,0.0633572,0.102368,-0.00416866,0.0084482,0.105219,-0.0581111,-0.00382697,-0.0420979,0.00677821,-0.0477967,0.0183642,-0.0291753,-0.000316093,-0.0190713,-0.0431401,0.0134777,-0.124734,-0.1784,-0.0396889],[0.00312289,0.00445536,0.166779,-0.0947173,0.33436,0.348644,-0.119825,-0.0224104,0.23745,-0.365935,-0.0239226,-0.0244506,-0.0190523,-0.0125322,0.0163886,0.062712,-0.0456103,-0.0358831,-0.128697,-0.0456439,-0.963101,0.670038,-0.0102837],[-0.0175325,0.0310035,-0.0776523,0.0498297,-0.144732,-0.161529,-0.0135089,0.016051,-0.0569864,-0.0312039,0.00618482,-0.00966235,-0.0263848,-0.0182656,-0.0326042,-0.00778214,-0.030931,-0.000955772,0.0340069,0.00852442,0.627049,0.091077,-0.018127],[0.0219221,-0.0441461,0.540716,-0.0400203,0.0826484,0.205342,-0.00543494,-0.0021741,0.0879731,0.0277553,-0.00450271,-0.00461606,-0.0324075,-0.00996392,-0.0207656,0.0194098,-0.0323966,0.0236648,0.0110169,-0.0079516,-0.252955,0.0510973,-0.0152861],[0.0393096,0.07709,-1.12843,-0.0317465,-0.172814,-0.557574,-0.0603376,-0.0074694,-0.0368142,0.302111,0.00331521,-0.0654927,-0.0532622,-0.0735976,-0.104888,0.0813227,-0.0527499,-0.244534,0.0660375,-0.00467402,-1.85755,-0.699068,-0.0863643],[0.0318395,0.0955136,0.473185,-0.00697096,-0.11667,0.0926692,0.216878,0.01262,-0.261867,0.0950691,0.00804774,-0.00548049,0.0405653,-0.00179217,0.0232965,0.0364954,0.125336,-0.0720572,-0.238102,-0.00997468,0.337626,-0.310915,-0.0294085],[0.0463838,0.136622,2.62834,0.0623818,0.0360629,0.898685,-0.0739066,-0.00143088,0.0793439,-0.0523129,-0.00468363,-0.0169185,-0.0264641,-0.0547856,-0.00600479,0.146358,-0.0813993,0.0502963,0.0643572,0.10257,-0.553835,-0.430455,-0.0351571],[0.000962531,-0.00260313,0.0214796,0.0182594,0.00839782,0.0202262,-0.00473725,0.000727001,0.00820921,0.00191908,-0.00072442,0.00225493,0.000335346,0.000753187,0.00296204,0.00423331,-0.00905176,0.00711707,-0.00225228,-0.000138599,-0.0378228,-0.0185555,0.00137598],[-0.0126029,-0.0184464,-0.131973,0.00352439,-0.0394664,-0.0772173,0.0192972,-0.00158888,-0.0372324,0.0119046,0.000424313,-0.00366627,-0.00224276,-0.00410049,-0.000863788,-0.00647581,0.00249628,0.00590543,-0.0238604,-0.00217241,0.0248729,0.0246126,-0.00269211],[-0.00752831,-0.0296683,0.061614,-0.0138064,0.0620836,0.166205,-0.019188,0.0703591,0.155958,0.155426,-0.0147009,-0.0226548,-0.0227946,-0.039889,-0.019281,-0.0691587,-0.0447113,0.0271967,0.0303079,-0.00341396,0.106021,-0.52009,-0.0522577]],"sigmahat":[[0.183348,0.243015,0.298771,0.0175721,0.157545,0.185455,0.0394884,-0.0122718,0.0475015,-0.00660035,-0.00209398,0.00301723,0.00933495,0.00600698,0.0166851,0.111349,0.0443746,0.020136,-0.0405087,0.00391767,-0.0827561,-0.166421,0.0101283],[0.243015,0.706665,0.187201,-0.126246,0.0431009,0.081984,0.011741,-0.0241338,0.026088,0.0148633,2.04743e-05,-0.0155226,0.0020203,-0.0129915,0.00947182,0.174551,0.0486657,0.0236249,-0.0784189,0.00221153,0.0686594,-0.549006,0.0124797],[0.298771,0.187201,64.5959,-0.0852866,-3.39963,14.8077,1.14544,-0.0236866,-1.42547,-0.39993,0.038164,0.063858,0.304115,0.106821,0.308125,0.0599587,1.12301,0.0535081,-0.231899,0.0264684,-3.94963,-0.413499,0.136733],[0.0175721,-0.126246,-0.0852866,0.441785,-0.0104019,0.0019109,0.0450511,-0.0108696,0.0653523,0.00046234,-0.00124315,0.00423052,0.00961619,0.00363969,0.0157736,0.0195416,0.00704666,-0.000340051,-0.0257186,0.00413467,0.0826377,-0.16211,0.00541781],[0.157545,0.0431009,-3.39963,-0.0104019,1.40696,0.482502,-0.126514,-0.00555608,0.334955,-0.154948,-0.0165942,0.0469328,-0.0116064,0.0570293,0.0076393,0.155242,-0.0120921,0.00973042,-0.0682071,0.0014356,-0.896912,0.37829,0.0259484],[0.185455,0.081984,14.8077,0.0019109,0.482502,5.36539,0.248348,-0.0151129,-0.092918,-0.31384,-0.00372175,0.076847,0.0548413,0.0976054,0.0758278,0.157023,0.307536,0.0374875,-0.144891,0.00603061,-1.63194,0.183738,0.0685018],[0.0394884,0.011741,1.14544,0.0450511,-0.126514,0.248348,0.408421,0.00405796,-0.382361,-0.0150981,0.0103043,0.00864197,0.025942,0.0167192,0.0365035,0.0161275,0.212966,0.0160943,0.0325247,0.00216179,0.61471,0.000917813,0.0189909],[-0.0122718,-0.0241338,-0.0236866,-0.0108696,-0.00555608,-0.0151129,0.00405796,0.0241498,-0.00627029,0.0114871,0.00056125,-0.00247288,-0.00151447,-0.000768806,-0.00560623,-0.0161697,-0.00626387,-0.00777106,0.00492402,0.00097173,-0.0331666,0.0309906,-0.0062631],[0.0475015,0.026088,-1.42547,0.0653523,0.334955,-0.092918,-0.382361,-0.00627029,0.845615,0.0161534,-0.0164138,-0.0167995,-0.037256,-0.0251584,-0.0424003,0.0318875,-0.222289,-0.00209666,-0.0377408,-0.00597472,-1.2487,-0.101182,-0.0183698],[-0.00660035,0.0148633,-0.39993,0.00046234,-0.154948,-0.31384,-0.0150981,0.0114871,0.0161534,0.389536,-0.00240017,-0.00503488,0.0121562,-0.00368172,0.0061756,-0.0241313,-0.015794,-0.0229557,0.00179243,-0.00365834,-0.516067,-0.179092,-0.00534054],[-0.00209398,2.04743e-05,0.038164,-0.00124315,-0.0165942,-0.00372175,0.0103043,0.00056125,-0.0164138,-0.00240017,0.00256387,-0.00157752,0.00156585,-0.0018986,-0.00160861,-0.00518549,0.00802136,0.0035254,0.00358411,0.000188786,0.0828839,0.0119576,-0.00124655],[0.00301723,-0.0155226,0.063858,0.00423052,0.0469328,0.076847,0.00864197,-0.00247288,-0.0167995,-0.00503488,-0.00157752,0.0211729,0.00223911,0.0214866,0.00839388,0.015041,0.012351,-0.00151796,-0.0111879,0.00221856,-0.124563,-0.00334645,0.0154757],[0.00933495,0.0020203,0.304115,0.00961619,-0.0116064,0.0548413,0.025942,-0.00151447,-0.037256,0.0121562,0.00156585,0.00223911,0.0342266,0.00578281,0.0282887,0.00281349,0.0364198,0.00251453,0.00520964,-0.000132615,-0.039396,-0.0100733,0.00620459],[0.00600698,-0.0129915,0.106821,0.00363969,0.0570293,0.0976054,0.0167192,-0.000768806,-0.0251584,-0.00368172,-0.0018986,0.0214866,0.00578281,0.0312179,0.0140235,0.0173358,0.0189626,-0.00211579,-0.0125168,0.00315187,-0.22175,0.0149856,0.0233877],[0.0166851,0.00947182,0.308125,0.0157736,0.0076393,0.0758278,0.0365035,-0.00560623,-0.0424003,0.0061756,-0.00160861,0.00839388,0.0282887,0.0140235,0.0420146,0.0141213,0.0412887,0.000912368,-0.00712632,-0.00192675,-0.0903427,-0.0637915,0.0175485],[0.111349,0.174551,0.0599587,0.0195416,0.155242,0.157023,0.0161275,-0.0161697,0.0318875,-0.0241313,-0.00518549,0.015041,0.00281349,0.0173358,0.0141213,0.156707,0.0121462,0.00491429,-0.0393777,0.00227377,-0.525853,-0.263872,0.0203735],[0.0443746,0.0486657,1.12301,0.00704666,-0.0120921,0.307536,0.212966,-0.00626387,-0.222289,-0.015794,0.00802136,0.012351,0.0364198,0.0189626,0.0412887,0.0121462,0.240861,-0.00278347,0.00815323,0.0057678,0.4151,-0.0145753,0.0237421],[0.020136,0.0236249,0.0535081,-0.000340051,0.00973042,0.0374875,0.0160943,-0.00777106,-0.00209666,-0.0229557,0.0035254,-0.00151796,0.00251453,-0.00211579,0.000912368,0.00491429,-0.00278347,0.0702258,0.0183938,0.00168436,0.33395,0.0498069,0.0039447],[-0.0405087,-0.0784189,-0.231899,-0.0257186,-0.0682071,-0.144891,0.0325247,0.00492402,-0.0377408,0.00179243,0.00358411,-0.0111879,0.00520964,-0.0125168,-0.00712632,-0.0393777,0.00815323,0.0183938,0.362423,-0.00646013,0.0844201,0.354977,-0.0122144],[0.00391767,0.00221153,0.0264684,0.00413467,0.0014356,0.00603061,0.00216179,0.00097173,-0.00597472,-0.00365834,0.000188786,0.00221856,-0.000132615,0.00315187,-0.00192675,0.00227377,0.0057678,0.00168436,-0.00646013,0.0133872,0.136375,0.0112344,0.00132668],[-0.0827561,0.0686594,-3.94963,0.0826377,-0.896912,-1.63194,0.61471,-0.0331666,-1.2487,-0.516067,0.0828839,-0.124563,-0.039396,-0.22175,-0.0903427,-0.525853,0.4151,0.33395,0.0844201,0.136375,19.5525,0.152018,-0.151622],[-0.166421,-0.549006,-0.413499,-0.16211,0.37829,0.183738,0.000917813,0.0309906,-0.101182,-0.179092,0.0119576,-0.00334645,-0.0100733,0.0149856,-0.0637915,-0.263872,-0.0145753,0.0498069,0.354977,0.0112344,0.152018,5.1863,-0.0789027],[0.0101283,0.0124797,0.136733,0.00541781,0.0259484,0.0685018,0.0189909,-0.0062631,-0.0183698,-0.00534054,-0.00124655,0.0154757,0.00620459,0.0233877,0.0175485,0.0203735,0.0237421,0.0039447,-0.0122144,0.00132668,-0.151622,-0.0789027,0.0355909]],"n":23,"lags":3}