{"betahat":[[0.0225706,0.0956827,-0.023583,0.00669542,0.012986,0.0488873,0.0508136,-0.0019645,-0.23466,0.138493,-0.00416369,0.00199114,-0.0429703,0.00480038,-0.00153887,0.462157,0.645091,-0.0125027,0.081424,-0.0155839,0.176836,1.05944,0.00966076],[0.132529,0.121919,0.1848,-0.0564102,0.202404,0.191254,0.196354,0.0140214,-0.187991,-0.180826,0.00746695,-0.0155388,0.0272645,0.00860724,0.0115493,0.0118473,0.0443626,-0.00837841,0.0246631,0.00216884,0.0596586,0.00130168,0.00347764],[0.00707682,0.00307129,0.134082,-0.0239871,0.0596141,0.11995,0.0495955,0.015133,-0.0781402,-0.0421324,-0.000360046,-0.00490593,-0.0160572,-0.00464135,-0.0056883,-0.026791,-0.0175899,-0.0029539,0.0404357,-0.0060259,-0.0764006,-0.0736645,-0.00392107],[0.000268369,-0.000600242,-0.146453,0.00109562,0.0010158,-0.0470493,0.000189564,0.000496406,-0.000308055,0.00362991,0.000194829,7.15679e-05,0.000468369,0.000102977,0.000767107,-0.00152638,-0.00360108,-0.00145669,0.000169886,3.17749e-05,-0.00273059,-0.00449933,0.00012908],[0.0233506,0.0393911,-0.107217,0.0252525,-0.0204588,-0.101855,-0.0720305,-0.031245,0.39621,0.0569537,-0.001037,0.00405662,0.00979102,0.0103831,0.00876609,0.0777438,-0.00469713,0.015514,-0.0499457,0.00417849,0.000157151,0.139144,-7.68646e-05],[0.00711648,0.0173292,1.67363,-0.00642513,0.00580566,0.519068,0.0536164,0.0024238,-0.0838433,-0.0890791,0.000348094,-0.00134498,0.000923021,0.00263989,0.00771084,0.00181254,0.0472562,-0.0100294,0.0123061,-0.00108162,-0.157704,-0.062305,-0.000985066],[0.000170803,-0.00276072,-0.00166306,0.00517389,-1.74736e-05,-0.0072925,0.00631926,-2.12092e-05,0.00930706,-0.00927561,0.000335381,0.000129881,0.0017816,-0.00013795,0.00353611,0.000566265,0.00130946,-0.00720983,-0.000333617,-8.11342e-05,-0.0350302,-0.0126248,-0.000473092],[0.00453531,-0.0344707,-0.325116,0.0150251,0.025517,-0.143422,0.0705253,0.00855844,-0.165925,-0.00531873,0.00185279,0.00954145,0.020585,0.0162369,0.0148525,-0.0414957,-0.0296412,0.00909265,0.0153919,0.00392779,-0.0929946,-0.0229424,0.017957],[0.0156365,0.00714422,0.089461,-0.0648738,-0.00878335,0.0347972,0.1066,0.561172,-3.73913,-0.136743,0.00247746,-0.0482296,0.00712813,-0.0364631,0.00315846,-0.41291,0.0291708,0.0619271,0.148012,-0.00152072,0.234251,0.679767,-0.024538],[0.00615196,0.00985366,-0.0131642,-0.00163325,0.00377767,0.00394311,-0.00402879,-0.00915236,0.201736,0.0167559,-0.000298269,-0.00464446,-0.000828935,-0.00470957,-0.000800224,0.0205153,0.0116776,-0.00663057,0.00968585,-0.000435859,0.00898462,-0.0217107,-0.00357541],[-0.00690388,-0.0193147,-0.0766946,0.0137559,-0.0293068,-0.0461797,-0.0149336,-0.00222073,0.17966,0.104645,-0.00100708,-0.00196361,-0.00789952,-0.00288175,0.00189261,0.0168441,-0.01267,0.00788132,0.0245171,-0.000702045,0.0199169,-0.0379308,-0.000329171],[-0.0686559,0.100124,-1.33812,-0.162816,-0.363438,-0.902558,-0.176632,-0.0108458,-0.688602,-0.161,0.00253123,0.0238621,0.0749302,0.0382315,-0.0181828,-0.0664661,-0.138931,-0.0853567,-0.126705,0.0088494,-1.29066,-0.0217686,0.0128604],[-0.135795,-0.154878,0.550631,0.06846,-0.219694,-0.0625658,-0.176232,-0.0264236,-0.543606,-0.00722431,0.00205524,0.108103,-0.0286355,0.0920717,-0.0140959,-0.0984541,-0.0194705,0.0182272,0.047446,0.00187539,-0.800132,-0.234577,0.0682679],[0.0244095,0.0806788,0.0671544,-0.0427841,-0.0279391,-0.0325151,0.00344763,-0.000466858,-0.28683,-0.0881001,0.00634506,0.00857185,0.0472619,0.0186686,0.00489609,0.00854526,0.0438493,-0.0232365,-0.0814731,0.00727671,-0.0380423,-0.0905206,0.00581944],[-0.0660843,0.0096548,0.842609,0.00259247,-0.206474,-0.0450596,-0.190036,-0.0336776,-0.866793,0.00504769,0.00686989,0.131051,-0.00679465,0.134596,-0.00157545,-0.0558125,-0.0214103,0.00605108,-0.0108631,0.0023895,-0.937124,-0.151774,0.0984081],[-0.00165764,-0.0501883,-0.320751,-0.0060112,-0.0610762,-0.245482,0.0325819,-0.00780064,-0.214881,0.1684,0.00866814,0.0278202,0.0477492,0.0346399,0.0351947,0.000404911,0.0335152,0.00309096,-0.0450109,0.00888919,-0.0442576,-0.216968,0.0199446],[0.0339075,-0.00719137,0.191603,0.0138667,0.0596512,0.0730372,0.0128922,-0.0751877,0.912437,0.189052,-0.0042904,-0.0171019,-0.0299921,-0.00923636,-0.002205,0.438498,0.0580013,-0.00420394,-0.0787797,-0.00411474,-0.120606,0.930851,-0.00347452],[-0.0031181,0.0159269,-0.151784,-0.0274103,-0.000799468,-0.0462343,0.0149236,0.0220431,-0.0297533,0.0315161,0.00207131,0.00699584,0.0359612,0.00890623,0.0147579,0.0469439,0.666547,-0.0118726,-0.00843294,0.00643827,-0.117982,0.00758424,0.00589929],[0.00209293,-0.112172,1.1305,0.172216,-0.0106274,0.428985,0.00106161,0.0672046,-0.454601,0.475557,0.000739965,0.0128347,-0.0305463,0.00994969,0.0192419,0.00449948,-0.1876,0.249129,-0.0140328,-0.00472493,-0.0521806,0.699535,0.0196672],[-0.0669626,-0.230384,0.269719,0.138923,-0.0406741,0.0494629,-0.0110699,0.0280611,0.975214,0.158187,-0.00864756,-0.00439517,-0.11298,-0.0115046,-0.0237411,-0.159045,0.0277404,0.0085361,0.599011,-0.018679,-0.021114,0.130366,0.000151687],[-0.0168832,0.00785791,-0.0568066,-0.031948,0.00351406,0.0865073,-0.0634773,0.00824614,-0.116472,-0.109769,-0.0048883,-0.00374663,0.0282222,0.00374972,-0.00904594,-0.0250253,-0.0849463,-0.0364937,-0.174192,-0.0127475,-0.65269,-0.381585,-0.00518975],[0.00316397,0.00785016,0.0657293,-0.00364813,0.0100374,0.0292571,0.00527377,0.000452575,-0.0223295,-0.0228679,0.000409336,-0.00248903,0.000382248,-0.00248075,-0.00187477,-0.00520651,-0.00670492,0.00313967,-0.0013421,-0.00158326,-0.109059,0.012595,-0.00308964],[-1.30754e-05,0.00164234,0.00994543,0.00599952,-0.00179033,0.00681189,-0.00265297,-0.00174892,-0.0513004,-0.030403,0.000427882,-0.00115137,-0.0030083,-0.00220562,-0.00426255,0.0487414,0.0201813,0.00610304,-0.0161721,-0.00128666,0.0357141,0.484015,-0.00249652],[-0.0647946,-0.196707,0.362309,0.0810727,-0.0842532,-0.0669362,-0.0655389,-0.00539845,-0.473994,-0.00773057,0.00552602,0.0678377,-0.0219247,0.0671808,0.00923238,-0.0911052,-0.0971608,0.0379265,0.0715016,-0.0107165,-0.288237,0.104001,0.0474757],[-0.0108971,-0.0377482,0.291338,-0.00778896,-0.0130013,0.0718755,0.0307626,0.00762297,-0.136972,-0.0382581,0.000691312,0.00269969,0.0116328,0.00623321,0.00133074,-0.028407,0.0132226,-0.015988,0.00622943,0.00154766,0.025111,0.0203076,0.002855],[-0.00479197,-0.0219119,0.0502727,0.00534705,-0.00606425,0.0103817,0.0174777,0.00297325,-0.0413109,-5.18813e-05,-0.000246678,-0.000187277,0.00129081,0.000221087,0.00246681,-0.0121206,3.6285e-05,-0.00118084,0.00741482,-9.64199e-05,0.0511539,0.00829005,0.000972248],[-0.000565415,0.000378862,-0.00495923,-0.000802928,6.48267e-05,-0.001559,-0.000954142,0.000351397,-0.0023182,-0.000527302,1.72216e-05,0.000108751,0.000613058,9.54255e-05,0.00013589,-0.00106838,-0.000779759,-0.000873101,0.000205915,7.6722e-05,-0.00672607,-0.00196057,0.000133459],[0.0135341,0.0504772,-0.267461,-0.0255722,0.012238,-0.063459,-0.0396464,-0.0114767,0.1883,-0.0055852,0.000242207,-0.00136027,-0.00352799,-0.00278952,-0.00821347,0.0409859,-0.015368,-0.000893966,-0.0153969,0.0019354,-0.0188496,0.045546,-0.00319265],[0.00167935,0.00579096,0.0561021,-0.00550062,0.00439036,0.0143533,0.00826408,0.000791755,-0.0398338,6.81986e-06,7.98934e-05,0.00276983,0.00478877,0.00426204,0.00542374,-0.000711098,-0.00886921,-0.00206432,0.00185023,-0.00012286,-0.0190236,-0.0134123,0.00317139],[-0.000680309,0.000796193,-0.0206207,-0.00330522,0.00325885,-0.00729394,0.00143248,0.0001309,0.00093688,-0.00257865,0.000129689,0.000232129,0.0023377,0.000411365,0.00116012,0.00133417,-0.00112259,-0.0023382,-0.000159323,5.66732e-05,-0.0258271,-0.000133256,0.000436202],[-0.00355786,0.00370188,-0.052007,-9.14118e-05,0.011409,-0.0248235,-0.0390141,0.000833537,0.0236128,0.0172716,-0.000670141,0.00598137,0.00313434,0.00753581,0.00270552,-0.00728296,-0.0326223,-0.00534084,0.0182984,-0.00240707,-0.191634,-0.0338161,0.00439959],[0.0165632,-0.0135298,0.0811718,0.0242867,-0.0283326,-0.0545614,-0.0310395,0.0913649,-0.533133,-0.0555934,-0.00187659,-0.011073,-0.013942,-0.0074924,-0.00448135,0.0329606,-0.0667344,0.00305468,-0.0460983,-0.00140755,-0.429275,0.319095,-0.00251816],[0.00133793,0.00135811,-0.00170885,-0.00065381,0.00119633,0.00145252,0.00198492,-0.00196965,0.0337869,0.00164145,5.99912e-05,-0.000854463,-1.28275e-05,-0.000901211,-0.000182801,0.00283221,0.00500656,-0.00108934,0.00222492,-0.000148724,0.00980125,-0.0049503,-0.00072881],[-0.00180499,-0.00564576,-0.00561661,0.00398594,-0.00358376,-0.00210658,-0.000345067,-0.000962642,0.0432463,0.0128713,-4.9852e-05,-0.000568343,-0.000786716,-0.000839784,-0.000567431,0.00477124,0.000194099,0.0012336,0.00284486,0.00015503,0.0139551,-0.00424352,-0.00108602],[-0.0340871,-0.0598721,0.0436028,0.0332997,-0.0234219,-0.0204069,-0.0591927,0.0156136,-0.279564,-0.0258416,-0.00407051,0.00886026,-0.00454075,0.00456737,-0.00360649,-0.0485472,0.0204601,-0.0195795,-0.0418027,0.00170412,-0.134659,-0.0737035,0.00931299],[-0.0106226,0.00422302,-0.00844517,0.00890354,-0.0179651,-0.022305,-0.0130587,-0.00325611,-0.0841144,-0.0199631,0.000402643,0.0105199,-0.0138076,0.00653392,-0.0115363,-0.00551197,-0.0158658,0.0076653,0.00737338,-8.33682e-05,0.0135392,0.0127912,0.00661726],[0.00184171,0.0117595,0.0338319,-0.0110231,-0.020294,-0.0179562,0.00937138,0.00257031,-0.11299,0.00331706,0.0012128,0.00347693,0.00259119,0.00402271,-0.000287148,-0.0130298,0.0152023,-0.00188051,-0.00697095,0.000279974,0.0119199,-0.0567723,0.00277129],[-0.01944,-0.0114464,0.0874001,0.0138111,-0.0730455,-0.0611909,-0.0315689,0.000921696,-0.135558,0.00932833,0.000559626,0.0159078,-0.0141236,0.0120282,-0.00976493,-0.0179635,-0.0253078,0.00371939,0.000249699,0.00165006,-0.185503,-0.0359053,0.0118293],[-0.0151853,-0.0148714,-0.220527,0.00143148,-0.0344668,-0.0953407,-0.00877319,-0.00506654,-0.0285724,0.0386233,0.00156596,0.0113854,0.0111364,0.0127674,-0.0014199,0.00711763,0.027104,-0.00417863,-0.0203838,0.00421013,-0.0514898,-0.04723,0.00561667],[0.000618853,-0.0150165,-0.0581484,0.0122425,-0.00750582,-0.0360669,0.0154131,-0.0100651,0.0684684,0.0443385,-0.000567399,-0.00227444,-0.00771327,0.000949672,-0.00313481,0.068983,0.00530328,0.00468696,0.0027587,-0.00201649,0.0780365,0.256176,0.00161447],[-0.00895643,-0.0124,0.10493,0.00481924,-0.0116487,0.0262545,-0.0101108,0.010727,-0.0110795,0.0331358,0.000632357,0.00467932,0.00296358,0.0041404,0.00284839,0.0107291,0.157389,-0.00105034,0.0158676,0.00233941,0.117951,-0.0663321,0.00363131],[0.0201325,0.0797875,0.461798,-0.0116894,0.0239059,0.201019,-0.0796483,0.0104348,0.273845,0.151344,-0.0040565,-0.00346248,0.018171,-0.00680844,0.0150074,0.0563118,-0.0699487,0.0200521,-0.00904401,-0.000844565,-0.305823,-0.0382048,0.00202101],[0.0226723,0.0305398,-0.0448223,-0.000881571,0.0236381,-0.0154458,-0.0342739,-0.00415199,0.235305,-0.0548496,0.00058249,-0.00587336,0.00601945,-0.00214199,-0.00324218,0.0060068,0.0601863,-0.0046771,0.0575909,0.00147184,0.075869,0.124691,-0.00142074],[-0.00988403,0.0018091,0.0397334,-0.0178866,-0.00709011,0.03386,0.0126236,0.00407859,-0.212757,-0.065733,0.0031486,0.00626496,0.00650345,0.00748305,-0.00580851,-0.015602,0.0431199,-0.00409056,-0.0356025,0.00314592,0.14861,-0.0568723,0.00467929],[0.0019191,0.00329463,0.0155866,-0.000947988,-0.000800128,0.00287268,0.00115481,0.000706135,-0.0175802,-0.0051694,0.00012887,-0.000325966,0.00126417,-5.75752e-05,-0.000271185,-0.00225337,0.00717931,0.0011371,-0.00166898,0.00074155,0.025017,-0.00204484,-0.000116851],[-0.00240607,-0.00283613,0.00140108,-0.000336885,-0.00384624,-0.00418773,-0.00118921,0.00110221,-0.0228441,-0.00131273,-3.21949e-06,0.0002213,-0.00174443,-0.000495367,-0.00107757,0.00965124,0.00335044,0.000948705,-0.0048089,-0.000324966,-0.0152957,0.107894,-0.000590785],[-0.00748618,-0.00706491,0.0731393,0.0124595,-0.0277544,-0.00513772,-0.00954763,-0.00401924,-0.0665458,0.000907733,0.00218697,0.00954244,-0.000268549,0.00970874,-0.00713364,-0.00361998,0.0113293,-0.00177635,0.0103351,0.00463595,0.0784058,0.00734894,0.00522732],[-0.000292597,-0.00579682,-0.0513884,-0.00130416,0.0064666,-0.0236999,-0.00240261,0.00124817,-0.0221123,0.0105429,0.000706092,-1.32067e-05,0.00410661,0.00214772,0.00490871,-0.0131929,0.0067337,-0.00717571,0.0115321,-0.00179383,-0.0497205,0.0242523,0.00285124],[0.00217794,-0.000520825,-0.0103327,0.00330554,0.00566045,-0.000883967,0.00496349,0.0010741,-0.009907,0.00324031,5.25125e-06,-0.000548512,-3.66846e-05,-0.000153141,0.000454649,-0.00413186,-0.0043667,-0.00133742,0.00502873,-0.000757951,-0.000334299,-0.00709782,0.000630115],[-0.000632165,-0.00119669,-0.00782065,0.000821047,-0.000980048,-0.00403739,-0.000874712,-4.81584e-05,5.01039e-05,0.000388124,-4.10219e-06,7.62738e-05,0.000172849,7.01562e-05,-0.000166897,-0.000739733,-0.00164935,-0.000296209,0.000220525,6.11891e-05,-0.00120431,-0.000465019,1.18629e-05],[0.00306993,0.0206473,-0.0107048,-0.013086,0.00220695,0.00344155,-0.00900998,-0.00348436,0.0518473,-0.0162326,0.00029961,-0.00191627,0.00351786,-0.00207795,-0.00126508,0.0157127,-0.000550034,-0.00015119,-0.0134478,0.000799894,-0.0192518,0.0174353,-0.00268244],[-0.00117962,0.00418769,-0.0121692,-0.00403394,-0.00613755,-0.0146162,-0.00701612,0.000254715,-0.00607647,0.00697339,0.000248011,0.000607283,0.0041814,0.00128757,0.00188272,0.00181388,0.00142098,-0.00164084,-0.00052074,0.000367875,-0.0384528,-0.00690087,0.000789614],[-0.00102383,-0.00184838,-0.00752809,0.00094174,-0.00354668,-0.0100979,-0.00238873,-0.000284372,0.00261177,0.00482191,6.02292e-06,0.000108707,0.00106961,0.000154337,0.000354996,0.000560008,-0.00336175,-0.000927444,0.000300836,9.92615e-05,-0.00486225,0.000583748,0.00022246],[-0.00787688,-0.00593837,0.043972,-0.00525988,-0.0159934,-0.00305577,-0.00526292,0.00188978,-0.0288492,0.018843,-0.000183318,0.00466566,0.000227368,0.00480421,0.00215193,-0.0079214,-0.00323707,0.000140244,0.0122059,-0.000698424,-0.0702032,-0.00935853,0.00209838],[0.0134598,0.000707324,-0.324827,-0.000524496,0.0405354,-0.0775869,-0.0526081,0.0269114,-0.240325,-0.107592,-0.00261487,-0.00817383,-0.0020247,-0.00403971,-0.00276614,0.062024,-0.0484769,0.000326302,-0.0926316,0.00227676,-0.0786518,0.242614,-0.00445616],[0.000359761,0.000735219,0.00142604,-0.000372073,0.000564324,0.000705006,-3.75771e-05,-0.000693458,0.0127575,0.000803608,2.29141e-05,-0.000226132,0.000243882,-0.00023668,0.000155024,-6.75419e-05,0.00246013,-0.000583414,0.00104141,-9.33504e-05,0.00111522,-0.00508346,-0.000171691],[-0.000340801,0.000484021,0.000145222,0.00102422,0.00118198,0.00479042,-0.000944767,-0.000744512,0.0188651,0.00141691,-4.57147e-05,-1.12603e-05,-0.000169434,-9.29933e-05,-0.000669208,0.00116662,-0.000323774,-0.000203825,0.00161764,-7.84191e-05,0.000560536,-0.0063209,-0.000326165],[-0.0212309,-0.051436,-0.34539,0.0173117,0.0120244,-0.0857335,0.0052204,-0.000231697,-0.128094,0.0346609,-0.00114285,0.00701823,-0.0159347,0.00475486,-0.00183842,-0.0397319,0.000406385,0.00523261,0.0160376,-0.0061017,-0.025917,0.0235138,-0.000570027],[0.0019227,0.00596023,0.0263351,0.00853072,0.00181496,0.00892287,-0.00986972,-0.00326684,0.092928,0.0148837,0.000132985,-0.00318544,-0.00564078,-0.00592765,-0.00454401,0.00370474,-0.00141552,-0.000204283,-0.00371304,-0.00240746,-0.00881792,-0.0293639,-0.00347557],[-0.00333262,-0.00879561,0.0149992,0.00325953,-0.00881106,-0.00588572,0.00434146,0.00236696,-0.0366868,0.00285947,-0.000525291,0.000425406,-0.00289434,-0.000550231,-7.72755e-05,-0.0110808,0.0005894,0.000361507,0.00156558,-0.000638829,0.0049845,-0.0368863,0.000226098],[-0.0072533,-0.00511208,0.114732,0.00989548,-0.0190115,0.0184403,-0.0106384,0.00355174,0.00135177,0.00899852,-0.000444036,0.000686093,-0.00756783,-0.00268805,-0.0072165,-0.012409,-0.0128214,-0.00131299,0.00582181,-0.00133426,-0.040813,-0.0506355,-0.00191156],[-0.00477369,-0.00182289,-0.0377117,0.00305612,-0.015072,-0.0193633,-0.0125669,-0.00245651,-0.00429558,0.00272323,0.000126435,0.0025298,0.000509,0.00299983,-0.00171791,0.00230628,-0.000966127,-0.00183778,-0.00782741,0.000880202,-0.0238262,-0.0112361,0.00134152],[0.00289551,0.00515258,0.061855,0.00497937,-0.00494271,0.00262958,0.00323559,-0.00300646,0.0278679,0.0274186,0.000285777,0.000373966,-0.00488699,0.00163055,-0.00286788,0.0219164,0.000380106,0.00383372,0.0181703,-0.00124551,0.0255172,0.123459,0.00200775],[-0.00521227,-0.00760229,-2.35548e-05,-0.000363399,0.000395864,0.00575482,-0.00677389,0.00498405,0.00424832,0.0268247,-0.000563245,0.00161395,-0.00508073,0.000463043,-0.00115192,0.00637263,0.0439091,0.00119668,0.0130007,-0.00149891,-0.0205431,-0.03858,0.000202627],[0.00808246,0.0381841,0.0134855,-0.00849975,0.0113386,0.034558,-0.0153352,0.00373119,0.197777,0.0524138,-0.000341953,-0.00901947,0.00669806,-0.011987,-0.00232777,0.0500121,-0.0336439,-0.00931099,-0.013067,0.000718412,-0.12422,-0.000783681,-0.00978819],[0.0161867,0.0194417,-0.0353591,-0.00631938,0.0111857,-0.00659574,-0.0105089,-0.00207847,0.0664021,-0.0606469,0.00147727,-0.00356657,0.0146088,0.000498702,0.00069445,0.00118737,0.0525473,-0.00746997,-0.000450232,0.0016478,0.0880569,0.0565713,-0.00215366],[0.000722496,-0.00689758,-0.0466159,0.00492025,-0.0131619,-0.0167687,0.0161497,0.00314977,-0.094884,-0.0191384,9.98522e-05,-0.000917961,-0.00244507,-0.000368903,0.000626018,-0.0163085,-0.0040054,-2.5035e-05,-0.00485803,-0.00247966,-0.0374852,0.0341249,-0.000702402],[0.000846541,0.00182777,-0.018521,-0.00138951,0.00386424,-0.00214278,-0.000738088,0.000642175,-0.00699671,-0.00114461,-9.75739e-05,-0.000103505,0.000730355,6.71001e-05,0.000493431,-0.000201716,-0.000684748,0.000443492,-0.000942245,-0.000159783,-0.0090249,0.000537479,0.000107736],[-0.00185749,-0.00256669,-0.0092599,0.000173414,-0.00263063,-0.00451635,-0.00027709,0.000211537,-0.00186912,0.0020005,-1.64207e-05,-0.000101913,-0.000717592,-0.000502674,-0.00048387,0.00430317,-2.74658e-05,0.000668487,-0.00117499,-0.000183818,-0.00521625,0.0431913,-0.000422283],[-0.00323827,-0.00789759,0.0069424,0.00863047,-0.0110686,-0.0162297,-0.00703817,0.000621881,0.0135464,0.0149406,-0.000674267,-0.00236048,-0.001805,-0.0037525,-0.00305573,-0.0113264,-0.0152765,-0.00397054,0.00465398,-5.70869e-05,-0.00791651,-0.0224992,-0.00141255]],"sigmahat":[[0.267703,0.42765,0.430112,-0.136803,0.273999,0.334884,0.0989353,-0.113286,0.978002,-0.117137,0.00818061,-0.0430598,0.0663706,-0.0244777,0.0106736,0.412672,0.199709,-0.00384818,-0.226675,0.00674046,0.514895,0.627232,-0.013255],[0.42765,1.35837,0.623137,-0.515967,0.279301,0.454594,-0.107985,-0.135626,0.273754,-0.389006,0.017728,-0.0475048,0.177595,-0.021699,0.00393692,0.594293,0.34047,-0.047067,-0.698292,0.0410899,0.0993542,-0.0690151,-0.0125229],[0.430112,0.623137,76.9521,-0.252244,-2.28935,21.15,1.59925,-0.1432,-0.966238,-1.65999,0.0787339,0.0477764,0.102417,0.0749598,0.217737,0.529902,1.3676,-0.0803489,-0.525263,-0.0206686,-4.2806,1.05591,0.0215198],[-0.136803,-0.515967,-0.252244,0.367683,-0.151194,-0.227408,-0.02537,-0.0352121,1.12174,0.329639,-0.0125546,0.000992441,-0.10655,-0.0104351,-0.0116548,0.0261299,-0.0874427,0.0340582,0.382722,-0.0171874,0.226601,0.835174,-0.0032862],[0.273999,0.279301,-2.28935,-0.151194,1.19867,0.665667,0.119463,-0.132276,1.42472,-0.438452,-0.00733206,-0.0645456,-0.0019602,-0.0543158,-0.0105394,0.440978,0.109317,0.000862358,-0.103548,-0.0151737,0.796981,0.94697,-0.0408945],[0.334884,0.454594,21.15,-0.227408,0.665667,7.70123,0.582894,-0.133147,1.04351,-1.12013,0.00873918,-0.0583247,-0.0384258,-0.0581567,0.00925189,0.515617,0.426695,-0.0218608,-0.145255,-0.0243877,-0.0771653,1.14342,-0.0627892],[0.0989353,-0.107985,1.59925,-0.02537,0.119463,0.582894,0.703389,-0.0778284,-0.0798019,-0.121972,0.0179301,-0.0424927,0.0711361,-0.0168231,0.0347324,0.28784,0.659976,-0.0020194,-0.245967,-0.000948322,1.00382,1.01749,-0.0155891],[-0.113286,-0.135626,-0.1432,-0.0352121,-0.132276,-0.133147,-0.0778284,2.75198,-26.3586,-4.38036,-0.000869994,-0.0217896,-0.0232984,-0.0335219,-0.0221291,-8.63214,-11.868,0.416152,1.28863,0.00465668,-1.10169,-18.3006,-0.0112112],[0.978002,0.273754,-0.966238,1.12174,1.42472,1.04351,-0.0798019,-26.3586,278.713,46.4712,-0.0772101,-0.183045,-0.306367,-0.115272,0.133053,85.1936,126.299,-4.46545,-6.7152,-0.159509,11.246,177.725,-0.166875],[-0.117137,-0.389006,-1.65999,0.329639,-0.438452,-1.12013,-0.121972,-4.38036,46.4712,10.4297,-0.00679344,0.101129,-0.0158938,0.114025,0.118859,17.6004,27.6616,-0.525611,-2.07249,-0.00950235,1.43931,41.5083,0.0923121],[0.00818061,0.017728,0.0787339,-0.0125546,-0.00733206,0.00873918,0.0179301,-0.000869994,-0.0772101,-0.00679344,0.00315181,0.00374322,0.0105177,0.00517669,0.000834559,-0.000203835,0.0340791,0.00119008,-0.0285842,0.00178573,0.0250115,-0.00387815,0.00336957],[-0.0430598,-0.0475048,0.0477764,0.000992441,-0.0645456,-0.0583247,-0.0424927,-0.0217896,-0.183045,0.101129,0.00374322,0.0576622,0.0143405,0.0548609,0.00644472,0.0147386,0.243843,0.00623506,-0.0503678,0.00554322,-0.264202,-0.0879337,0.0384082],[0.0663706,0.177595,0.102417,-0.10655,-0.0019602,-0.0384258,0.0711361,-0.0232984,-0.306367,-0.0158938,0.0105177,0.0143405,0.111884,0.0293831,0.0330356,0.0802558,0.328941,-0.0192608,-0.243204,0.0174387,0.0136866,-0.199821,0.0224266],[-0.0244777,-0.021699,0.0749598,-0.0104351,-0.0543158,-0.0581567,-0.0168231,-0.0335219,-0.115272,0.114025,0.00517669,0.0548609,0.0293831,0.0597938,0.0127105,0.104527,0.387982,0.000922175,-0.0810692,0.00673836,-0.237062,0.144134,0.0415875],[0.0106736,0.00393692,0.217737,-0.0116548,-0.0105394,0.00925189,0.0347324,-0.0221291,0.133053,0.118859,0.000834559,0.00644472,0.0330356,0.0127105,0.0381159,0.116159,0.319332,-0.00601109,-0.043874,0.00360697,0.0220093,0.0255705,0.013244],[0.412672,0.594293,0.529902,0.0261299,0.440978,0.515617,0.28784,-8.63214,85.1936,17.6004,-0.000203835,0.0147386,0.0802558,0.104527,0.116159,42.9022,62.6885,-1.09063,-6.7335,-0.0233088,4.896,118.192,0.0605033],[0.199709,0.34047,1.3676,-0.0874427,0.109317,0.426695,0.659976,-11.868,126.299,27.6616,0.0340791,0.243843,0.328941,0.387982,0.319332,62.6885,105.41,-1.84067,-7.18672,0.0015148,8.3533,170.507,0.28862],[-0.00384818,-0.047067,-0.0803489,0.0340582,0.000862358,-0.0218608,-0.0020194,0.416152,-4.46545,-0.525611,0.00119008,0.00623506,-0.0192608,0.000922175,-0.00601109,-1.09063,-1.84067,0.187159,-0.00729689,-0.00149492,0.0143701,-1.32734,0.0056544],[-0.226675,-0.698292,-0.525263,0.382722,-0.103548,-0.145255,-0.245967,1.28863,-6.7152,-2.07249,-0.0285842,-0.0503678,-0.243204,-0.0810692,-0.043874,-6.7335,-7.18672,-0.00729689,3.41245,-0.0427256,0.154355,-19.8926,-0.0488183],[0.00674046,0.0410899,-0.0206686,-0.0171874,-0.0151737,-0.0243877,-0.000948322,0.00465668,-0.159509,-0.00950235,0.00178573,0.00554322,0.0174387,0.00673836,0.00360697,-0.0233088,0.0015148,-0.00149492,-0.0427256,0.0082584,0.0634743,-0.179718,0.00494826],[0.514895,0.0993542,-4.2806,0.226601,0.796981,-0.0771653,1.00382,-1.10169,11.246,1.43931,0.0250115,-0.264202,0.0136866,-0.237062,0.0220093,4.896,8.3533,0.0143701,0.154355,0.0634743,17.1277,13.7463,-0.11451],[0.627232,-0.0690151,1.05591,0.835174,0.94697,1.14342,1.01749,-18.3006,177.725,41.5083,-0.00387815,-0.0879337,-0.199821,0.144134,0.0255705,118.192,170.507,-1.32734,-19.8926,-0.179718,13.7463,377.625,0.049747],[-0.013255,-0.0125229,0.0215198,-0.0032862,-0.0408945,-0.0627892,-0.0155891,-0.0112112,-0.166875,0.0923121,0.00336957,0.0384082,0.0224266,0.0415875,0.013244,0.0605033,0.28862,0.0056544,-0.0488183,0.00494826,-0.11451,0.049747,0.0343891]],"n":23,"lags":3}