{"betahat":[[-7.57776,-9.67735,5.80552,-2.2198,-10.5664,-5.60824,2.89737,0.708946,-0.224032,0.30223,0.00200629,-6.70929,1.83374,6.34562,-0.321489,-0.508346,-0.370907,-0.650381,0.8074,6.05411],[1.0473,0.121414,-0.534395,-4.10019e-05,0.184826,0.0427195,-0.0132191,-0.0279243,0.00372419,-0.00429471,-7.71906e-05,0.0436109,0.00956954,-0.0568419,-0.00160973,-0.0165259,-0.0087246,-0.0441563,-0.0286635,-0.29904],[-0.0297958,0.873757,0.481923,-0.0945104,0.0986931,0.235354,0.00790896,-0.0029348,-0.00458616,0.00566182,-4.08498e-06,0.0150734,0.0221136,-0.0928038,0.00571854,0.0230393,0.0192678,0.0682888,0.00336889,0.0291594],[-0.00937916,-0.0167567,0.408203,-0.00119985,0.0119263,-0.159058,-0.00355901,0.00126572,0.00110465,0.000211446,1.78151e-05,-0.0089038,0.00090457,0.00614891,-0.00291384,-0.00129734,-0.0014686,-0.00968352,0.000870969,-0.15903],[-0.135361,-0.125916,-0.0592385,0.741581,-0.0454096,-0.00225141,-0.0827124,0.000840857,0.0286193,-0.0111907,0.000105819,-0.18818,0.0391908,0.22312,0.0101107,-0.0485762,-0.00228473,1.18443,-0.0065439,1.86257],[-0.0627165,-0.060463,2.61544,0.00326728,0.69015,0.44778,0.0468657,0.00186707,0.00550662,0.0137236,-5.64068e-05,-0.0590901,0.0371786,0.0526798,-0.0074958,-0.016604,-0.00635993,0.151447,0.00369376,-0.207206],[-0.00244275,-0.00561875,0.0281437,0.00857014,-0.0527748,0.919491,0.00849125,0.0030176,0.000930392,0.0110428,-3.65438e-05,-0.00492929,0.00879131,0.00104231,0.0056333,-0.00130594,0.00431678,0.0717458,0.00741056,0.0759763],[0.166495,0.262521,0.928358,-0.0095576,0.299982,0.337224,0.862469,-0.014603,0.0159677,0.0162979,-9.85097e-05,0.188343,0.0187909,-0.154092,0.0301528,0.0628983,0.0350995,-1.0965,-0.0118478,0.413214],[0.127145,-0.278941,-2.79573,0.0248959,1.05145,0.321239,-0.112209,1.1988,0.058359,0.117868,0.000537433,0.589466,0.225034,-0.688126,-0.116988,0.0360041,0.226552,1.07731,0.067599,-1.58796],[-0.228019,0.0706505,2.80505,0.147167,-1.15326,-0.566565,-0.551732,-0.0863515,1.2288,0.00834862,0.000565451,-0.0348791,0.111535,0.00744346,0.0394786,-0.0217608,-0.0139749,1.21155,-0.0356748,-0.601323],[-1.18884,-1.6176,-4.50138,-0.333319,-1.65991,-3.19015,-0.124946,0.0848864,0.172533,1.07013,0.00113817,-0.989216,-0.185175,0.838534,-0.103446,-0.138765,-0.0745946,2.83805,-0.0300201,-8.21421],[31.3572,-20.4478,215.101,-29.4158,74.3389,122.618,0.619057,7.46504,6.10437,31.8261,0.804859,-72.9637,-10.4021,23.0745,-3.3597,23.5408,35.1348,-166.27,24.6466,148.765],[0.0944659,0.0734106,-0.316738,-0.0107828,0.224591,0.128055,-0.172182,-0.0175679,-0.00460209,-0.0215879,2.24575e-05,0.999979,-0.0250469,-0.129115,0.0182407,0.00932947,0.000488201,0.198083,0.00336725,-0.254883],[0.0224571,0.25012,-0.170974,-0.0204544,-0.111995,-0.37235,-0.120064,0.00382042,0.00097119,-0.0152637,-0.000289629,-0.0831708,1.05713,0.104713,-0.0108465,-0.0180466,-0.00663225,-0.6696,0.0227924,-2.61841],[0.751728,0.99379,2.41561,0.170073,1.05234,1.47041,-0.033731,-0.0202724,-0.00157692,-0.00959742,-0.000413,0.771721,-0.195869,0.318627,0.0680176,0.0109434,0.0266509,2.04682,-0.128828,4.83679],[0.308358,0.691368,-1.2371,0.101777,0.00391267,-0.360092,0.874938,0.0192104,0.0653143,0.0729279,-0.000136989,0.0670373,-0.364216,-0.0190902,1.26463,0.171011,0.073773,-2.38315,0.0645039,-0.924557],[0.469586,0.142835,3.12861,0.291092,1.34713,2.28029,0.113759,-0.0852443,0.0902872,0.123027,-0.00127772,0.577524,0.405566,-0.546389,-0.0664348,1.19915,0.245168,-3.32644,-0.259728,3.14798],[1.1321,1.75135,2.97348,0.103854,1.33865,2.06037,0.0409002,-0.068504,0.0234885,-0.023357,-0.000815197,0.741256,-0.28435,-0.625391,0.207997,0.0107449,0.915026,0.115184,-0.225582,3.4043],[0.00482366,-0.00848799,0.207382,0.012557,0.0205845,0.0824954,-0.00787953,-0.00483328,0.00115428,0.00347169,-2.28845e-06,-0.002123,-0.0138457,-0.000323817,0.00151375,0.00593598,0.00961364,0.918355,0.0142553,-0.081762],[-0.267613,-0.518662,-1.14213,-0.122661,-0.415854,-1.02194,-0.149421,0.0156577,-0.0564869,-0.0215331,0.000441055,-0.591535,-0.0691978,0.308996,-0.0715184,-0.0791822,-0.0786237,-2.45145,1.16604,-7.71902],[0.0130905,0.0176387,-0.184472,0.00337168,0.0105656,-0.0563894,-0.000585689,-0.00131133,-0.00267326,-0.000763439,3.82526e-06,0.00538811,-0.00493545,-0.00663965,-0.00049009,0.000893638,0.00238518,0.00885406,0.00143727,1.05209],[-0.0155086,-0.103289,1.01944,0.000816175,-0.129356,0.157567,0.0198865,0.0151251,-0.00107363,0.000213047,3.69651e-05,0.0048223,0.00273069,0.0223462,0.0116267,0.00494784,0.00404264,0.00301639,0.0164181,0.6547],[-0.0285601,-0.0324956,-0.303899,0.0521802,-0.136044,-0.206823,0.0190985,0.00616572,0.00722935,0.00402972,4.29514e-05,-0.020091,0.0115412,0.0924742,-0.00200974,-0.0119502,-0.00193138,-0.0147857,0.00721448,0.422528],[0.00747807,0.0136262,0.442113,-0.00127215,-0.00485099,0.125029,0.00384212,-0.000606284,-0.000882936,0.000167264,-1.45998e-05,0.0067836,-0.00204809,-0.00671802,0.00233596,0.00114329,0.00137231,0.0216171,-0.000200651,0.172074],[0.0904542,-0.0366427,-1.12887,0.183597,0.0328602,-0.304427,0.0164746,0.00648631,-0.0239122,-0.0196393,-7.06474e-05,0.244245,0.0734399,-0.192468,-0.0227258,0.0108357,-0.0187616,-0.123255,-0.0346288,-1.59673],[0.0633578,0.0494882,-1.83534,-0.000724797,0.246813,-0.295786,-0.01889,-0.00337434,-0.00191924,-0.00264964,1.92863e-05,0.0389976,-0.0292453,-0.0367818,0.00521156,0.0183853,0.0130274,-0.144009,0.00218914,0.221442],[0.00251133,0.00709816,-0.0362105,-0.0160836,0.0548527,0.0744673,0.00683478,-0.00123217,-0.000524896,-0.0044556,1.87399e-05,-0.00149373,-0.0093703,0.000931296,-0.00331064,0.00326509,8.55616e-05,0.0224556,-0.000248367,0.100584],[-0.108757,-0.171928,-0.992211,0.0263715,-0.149375,-0.32544,-0.123247,0.0245552,-0.0105451,-0.01106,0.000278876,-0.13464,-0.0432684,0.0747545,-0.0285543,-0.0637856,-0.0314977,0.596376,0.0250194,-1.53809],[-0.701106,-0.977546,3.53991,0.0854677,-1.92796,-0.931538,-0.106015,-0.07703,-0.0469345,-0.151768,-0.00016477,-0.760871,0.226308,0.995332,-0.0392979,-0.191418,-0.200902,1.00896,-0.0583346,0.41436],[0.303688,0.30235,-0.220632,-0.126282,0.553566,0.458572,0.625799,0.0371365,-0.208167,-0.0024555,-0.00071268,0.236478,0.0389106,-0.221083,0.00549807,0.0407415,0.034074,-0.111589,0.038048,3.61232],[0.0343611,0.276326,0.220358,0.103583,-0.102698,0.351555,-0.111238,0.0448282,-0.0256685,-0.0641397,-0.000465885,0.175798,0.104474,-0.0707642,-0.0170404,0.1317,0.0333363,-3.0784,0.0374136,3.54008],[-36.0129,40.538,262.557,-0.723189,-131.768,-11.9692,87.1956,1.78236,-2.61854,-24.3862,-0.0994793,55.2468,33.6552,8.0956,10.7487,-20.4559,-34.6065,128.357,-22.5658,551.0],[-0.0423852,-0.0763649,-0.0320757,0.0197352,-0.111475,-0.176864,0.0725002,0.0108941,0.0022409,0.0187849,-4.42389e-05,-0.0129229,0.0242405,0.0961433,-0.00287558,-0.00811763,0.00139348,-0.147303,0.00454165,0.222344],[-0.00254081,-0.124549,-0.977175,-0.0180065,0.147694,0.0303119,0.0202908,-0.000746508,0.00690644,0.0135972,0.000235431,-0.00478694,0.0016538,-0.0308217,-0.0264148,0.0259469,-0.00451486,-0.0522832,0.00236109,-0.278426],[-0.284798,-0.484804,-1.78593,-0.0506931,-0.268309,-0.682746,-0.0110978,0.0033744,0.0087201,-0.0049843,0.000228915,-0.240382,0.0875693,0.194449,-0.0408899,0.00118806,0.00153056,-0.824353,0.0391997,-1.83698],[0.00178457,-0.0934545,-0.300114,0.0122611,0.213808,0.1651,-0.422965,-0.0243458,-0.0115117,0.0101611,0.000143181,0.184744,0.217163,-0.19797,-0.0886784,-0.0299121,0.0338556,1.79008,-0.0490863,1.7361],[-0.119887,-0.22598,-1.57027,0.0859935,-0.669483,-1.13636,0.0745478,0.0697574,-0.00567283,-0.0868435,0.000607031,-0.104169,-0.0148224,0.152183,-0.0908776,-0.0928207,-0.0705731,2.94931,0.048348,-2.93387],[-0.45926,-0.498766,-3.24169,-0.103008,-0.374807,-1.19573,-0.0138161,-0.00588661,-0.0179133,-0.0834268,0.000509236,-0.403987,0.0688779,0.359596,-0.111804,-0.0435276,-0.0902422,-1.49312,0.108952,-4.68583],[0.000249089,0.0126395,-0.247019,0.00640473,0.00219349,-0.0582285,-0.00657385,0.0015351,-0.00400238,-0.00685885,7.24365e-06,0.015091,0.0202712,-0.00435605,0.00269087,-0.0057339,-0.0085644,0.0186985,-0.0074511,0.236156],[0.156214,0.103628,0.244357,0.12762,0.289705,0.614631,0.223251,-0.0158885,0.0703778,0.0021949,-0.00034965,0.312773,0.0632774,-0.0739369,-0.00285418,0.0410371,0.0134884,0.53302,-0.169775,3.51547],[-0.01806,-0.0229261,0.0708077,-0.00482037,-0.0123662,0.0255253,-0.00107032,0.00256703,0.00214561,0.000311742,3.30575e-06,-0.0125296,0.00672219,0.0131569,-0.00195619,-0.00105663,-0.00172131,0.0124201,0.000102412,-0.113432],[-0.0317603,-0.018079,-0.485009,-0.000757091,-0.0554429,-0.200255,-0.006673,0.0127926,-0.00264954,0.00408873,4.01921e-05,-0.0484057,-0.0123217,0.0344738,-0.00998962,0.0115844,0.00468679,0.0412628,0.0122449,-0.355396],[0.0583245,0.158688,-0.178007,0.0423176,0.0373203,-0.0285557,-0.0270035,-0.00323114,-0.00264216,-0.00968115,-3.8859e-05,0.00498623,-0.0336634,0.000346542,-0.00369523,-0.0110806,-0.0173293,-0.0535105,-0.010573,-0.451609],[0.00187469,0.00303864,0.144831,0.00255584,-0.00703478,0.0325333,-0.00040714,-0.000683203,-0.00022577,-0.000395089,-3.25404e-06,0.0021453,0.00119539,0.000541368,0.00057833,0.000156709,6.94336e-05,-0.0124942,-0.00068646,-0.013992],[0.0449981,0.162685,1.18823,0.0748553,0.0126377,0.306784,0.0662349,-0.00733645,-0.00470286,0.0308457,-3.52023e-05,-0.0559999,-0.112676,-0.030696,0.012663,0.0377482,0.0210605,-1.06084,0.0411781,-0.265272],[-0.00050501,0.0111585,-0.779706,-0.00246085,0.0630995,-0.151862,-0.0280098,0.00148736,-0.00359189,-0.0110746,3.7012e-05,0.0202417,-0.00796801,-0.0160201,0.00233979,-0.00177071,-0.00666358,-0.0070677,-0.00589893,-0.0133987],[6.89426e-05,-0.00131665,0.00743249,0.00761037,-0.0020148,0.0058072,-0.0153819,-0.00180994,-0.000411035,-0.00658726,1.76932e-05,0.00657372,0.000564401,-0.00210506,-0.00227176,-0.00194517,-0.0043997,-0.0940592,-0.00717325,-0.175905],[-0.056901,-0.0895056,0.0642394,-0.0163731,-0.149752,-0.0110722,0.26046,-0.0100172,-0.00537837,-0.00510542,-0.000180718,-0.0529456,0.0240801,0.0787671,-0.00122865,0.00102129,-0.00341928,0.50332,-0.0131682,1.12904],[0.906623,1.66674,-1.23805,-0.031383,1.37669,0.755375,-0.0738451,-0.161836,-0.016376,0.00366025,-0.000507365,0.509126,-0.437719,-0.610891,0.0516064,0.18993,0.0283865,-1.55421,-0.0395299,0.101669],[0.067655,-0.00360772,-1.45564,-0.0890864,0.386219,0.203264,0.113601,0.05792,-0.141556,0.0305893,-0.0002773,-0.161231,-0.209492,0.138392,0.0421235,0.0163461,0.0390769,-0.713054,0.0537897,-1.01159],[0.48582,0.66969,1.88023,-0.0237185,1.13237,1.7214,0.118182,-0.0341297,-0.0932431,-0.0285978,-0.000303865,0.304985,-0.0842397,-0.293529,0.0462301,-0.0119808,0.00566132,0.00909016,0.0347404,1.46375],[4.65571,-20.0903,-477.657,30.139,57.429,-110.649,-87.8147,-9.2474,-3.48583,-7.43988,0.294621,17.7169,-23.2531,-31.1701,-7.38899,-3.0849,-0.528252,37.9134,-2.08078,-699.765],[-0.0519304,0.00314966,0.34893,-0.008876,-0.112982,0.048936,0.0996492,0.00665465,0.00236118,0.00281824,2.17003e-05,0.0130601,0.000747387,0.0328748,-0.0152951,-0.00119423,-0.00186254,-0.0503214,-0.00790872,0.0333821],[-0.0198327,-0.125476,1.1481,0.0385217,-0.0356359,0.342054,0.0997579,-0.0030883,-0.00786527,0.00169224,5.41927e-05,0.087985,-0.058841,-0.0739005,0.0373152,-0.00790584,0.0111592,0.722151,-0.0251403,2.89748],[-0.00675548,-0.0311934,-0.114789,0.0439878,-0.101273,-0.143165,-0.00790403,-0.00541316,0.00172959,-0.00209929,7.50881e-05,-0.0562271,0.0055086,0.0714877,0.0061494,-0.0185291,-0.0129477,-0.456358,0.0109481,-0.207145],[-0.309257,-0.596804,1.53801,-0.1136,-0.216836,0.195899,-0.452075,0.00505369,-0.053774,-0.0829764,-6.63924e-06,-0.251009,0.146717,0.216484,-0.175582,-0.140967,-0.107471,0.595845,-0.0154277,-0.806532],[0.00961854,-0.0187413,-0.742495,0.114608,-0.199641,-0.637295,-0.286665,-0.00859331,-0.0179869,-0.00633376,0.000343877,0.0181539,-0.0477979,0.00657639,-0.0156271,-0.116629,-0.072523,1.19051,0.0711017,1.28888],[-0.311289,-0.652096,-0.0490787,-0.0981159,-0.202633,-0.336333,-0.130328,-0.0194712,-0.0194119,0.0102881,0.000522664,-0.15324,0.108143,0.112375,-0.0619758,-0.0157425,0.0068198,0.235901,0.0920514,-1.00798],[-0.0023497,-0.000819944,0.0421309,-0.0176667,-0.0200456,-0.0215385,0.0140913,0.00297188,0.00280222,0.00346747,-6.15071e-06,-0.010556,-0.00711444,0.00273542,-0.00325301,6.79483e-05,-0.000815389,0.0672683,-0.00689656,-0.140774],[0.124418,0.300138,0.492195,-0.0180619,0.169973,0.288357,-0.00381337,-0.00760256,0.00967194,0.0355989,-0.000290322,0.205665,0.0451459,-0.184437,0.0457438,0.0622245,0.0675673,0.807508,-0.0454863,3.94438],[0.00110167,0.00282269,0.111,-0.000870655,-0.00164084,0.0287655,0.00257312,-0.000477587,0.000432473,-0.000136821,-2.01727e-06,0.00396129,-0.00167862,-0.00435853,0.00201359,-0.000343103,-0.00142219,-0.0268886,-0.0012517,-0.00590237]],"sigmahat":[[0.719473,0.866355,1.32478,0.238116,0.822977,0.928434,0.0174037,-0.0493924,-0.0114831,0.0175898,-0.000260492,0.579543,-0.126735,-0.555085,0.0952394,0.0560627,0.0541835,0.376965,-0.0571865,4.25856],[0.866355,1.30867,1.71254,0.270207,0.973063,1.16841,0.0081422,-0.0590434,-0.0185813,0.0198573,-0.0004201,0.736022,-0.205362,-0.682407,0.121243,0.0565323,0.0558164,0.580658,-0.0714145,5.19965],[1.32478,1.71254,47.4961,0.204101,-1.51726,11.3176,0.997519,-0.00787195,-0.0164804,0.302343,-0.00138419,0.869434,-0.270317,-0.836136,0.406924,0.123564,0.318399,1.37714,0.16507,23.8727],[0.238116,0.270207,0.204101,0.205631,0.224021,0.185831,-0.00969048,-0.0210783,0.00225792,0.00102367,-5.28668e-05,0.216314,-0.0275179,-0.191835,0.0342701,0.0166037,0.0161742,-0.0332225,-0.0280634,1.28776],[0.822977,0.973063,-1.51726,0.224021,1.74419,1.01968,-0.0974003,-0.0769242,-0.0130946,-0.0151428,-0.000216356,0.748216,-0.143102,-0.722367,0.0876736,0.0722737,0.0435701,0.614327,-0.110821,3.33007],[0.928434,1.16841,11.3176,0.185831,1.01968,4.41164,0.249872,-0.0563061,-0.00995055,0.0501984,-0.000497295,0.784333,-0.154739,-0.714627,0.163827,0.0820162,0.103616,1.07293,-0.0565481,8.31921],[0.0174037,0.0081422,0.997519,-0.00969048,-0.0974003,0.249872,0.26535,0.00549428,0.00441175,0.0194206,-7.08532e-05,-0.00054636,0.0167192,0.0249354,0.0194385,0.0119593,0.0127676,-0.0658394,0.00632462,1.26866],[-0.0493924,-0.0590434,-0.00787195,-0.0210783,-0.0769242,-0.0563061,0.00549428,0.0101652,0.00120433,0.000662413,1.93326e-05,-0.0421472,0.0035681,0.0415451,-0.00757547,-0.00331113,-0.00149335,0.0274308,0.00553367,-0.254127],[-0.0114831,-0.0185813,-0.0164804,0.00225792,-0.0130946,-0.00995055,0.00441175,0.00120433,0.0071627,0.00315031,1.78242e-05,-0.0091766,0.00122994,0.0118454,-0.00186246,0.000608687,0.00122934,-0.0013366,5.81271e-05,-0.0872301],[0.0175898,0.0198573,0.302343,0.00102367,-0.0151428,0.0501984,0.0194206,0.000662413,0.00315031,0.0248413,6.59396e-06,-0.00482151,-0.0112184,0.00167272,0.0108625,0.0160164,0.02651,0.0161427,0.016939,0.588009],[-0.000260492,-0.0004201,-0.00138419,-5.28668e-05,-0.000216356,-0.000497295,-7.08532e-05,1.93326e-05,1.78242e-05,6.59396e-06,8.68545e-07,-0.000264777,5.16411e-05,0.000256373,-4.37898e-05,-1.93636e-05,-4.04588e-06,-0.000142648,7.04891e-05,-0.00264815],[0.579543,0.736022,0.869434,0.216314,0.748216,0.784333,-0.00054636,-0.0421472,-0.0091766,-0.00482151,-0.000264777,0.632562,-0.0791033,-0.530686,0.068465,0.0416767,0.0334459,0.556786,-0.0746504,3.67308],[-0.126735,-0.205362,-0.270317,-0.0275179,-0.143102,-0.154739,0.0167192,0.0035681,0.00122994,-0.0112184,5.16411e-05,-0.0791033,0.122611,0.105266,-0.0322006,-0.00891601,-0.0134965,-0.0175477,0.00769178,-1.02199],[-0.555085,-0.682407,-0.836136,-0.191835,-0.722367,-0.714627,0.0249354,0.0415451,0.0118454,0.00167272,0.000256373,-0.530686,0.105266,0.549079,-0.0726026,-0.0432034,-0.0337077,-0.303369,0.0658754,-3.47835],[0.0952394,0.121243,0.406924,0.0342701,0.0876736,0.163827,0.0194385,-0.00757547,-0.00186246,0.0108625,-4.37898e-05,0.068465,-0.0322006,-0.0726026,0.0360621,0.0152703,0.0162512,0.0763992,-0.00214141,1.13145],[0.0560627,0.0565323,0.123564,0.0166037,0.0722737,0.0820162,0.0119593,-0.00331113,0.000608687,0.0160164,-1.93636e-05,0.0416767,-0.00891601,-0.0432034,0.0152703,0.0299798,0.0285405,-0.0187981,0.00799404,0.711838],[0.0541835,0.0558164,0.318399,0.0161742,0.0435701,0.103616,0.0127676,-0.00149335,0.00122934,0.02651,-4.04588e-06,0.0334459,-0.0134965,-0.0337077,0.0162512,0.0285405,0.0422677,0.0509791,0.018974,0.918252],[0.376965,0.580658,1.37714,-0.0332225,0.614327,1.07293,-0.0658394,0.0274308,-0.0013366,0.0161427,-0.000142648,0.556786,-0.0175477,-0.303369,0.0763992,-0.0187981,0.0509791,9.28779,-0.128817,6.02907],[-0.0571865,-0.0714145,0.16507,-0.0280634,-0.110821,-0.0565481,0.00632462,0.00553367,5.81271e-05,0.016939,7.04891e-05,-0.0746504,0.00769178,0.0658754,-0.00214141,0.00799404,0.018974,-0.128817,0.0402237,-0.0973477],[4.25856,5.19965,23.8727,1.28776,3.33007,8.31921,1.26866,-0.254127,-0.0872301,0.588009,-0.00264815,3.67308,-1.02199,-3.47835,1.13145,0.711838,0.918252,6.02907,-0.0973477,71.2305]],"n":20,"lags":3}