{"betahat":[[0.599412,0.838273,1.20457,-0.608664,-1.15565,0.125518,0.139354,0.195608,0.120027,0.430666,-1.05178,9.72075,0.0754304,-0.343218,6.40925,1.56629,1.10853,0.0254609],[0.838797,-0.0733454,0.0625327,0.00498327,-0.254005,-0.168739,0.00727983,-0.011141,-0.0199951,-0.033058,0.244032,-0.710411,0.00186125,-0.00460007,-0.195375,0.0467532,-0.0836334,0.00308559],[0.0216616,1.03164,0.200592,-0.283066,0.0222432,-0.191787,0.0303627,-0.0018126,0.0355348,0.0547336,0.207867,0.396801,0.0201438,0.0075144,0.101688,-0.186331,0.0681686,-0.0169958],[0.0367483,0.0127568,0.859753,0.0551763,0.220736,0.14496,0.0234757,-0.00338939,0.00667226,0.00740177,-0.0424137,0.201518,-0.00571522,-0.00586552,0.0696278,0.0623243,-0.0146054,-0.00393573],[0.00143061,0.0736426,0.000105517,0.861407,0.0203948,-0.0911457,-0.0721216,0.00746188,-0.0137128,-0.019541,0.0388367,-0.646242,-0.00312811,0.0119626,-0.253099,-0.0871323,-0.0323395,-0.00377115],[-0.0647245,-0.040237,-0.028945,-0.100652,0.710782,0.095473,0.00565732,-0.00113198,0.00219617,0.0028806,-0.0611426,0.107649,0.00074039,0.005556,-0.151281,-0.0377099,0.0112957,-0.000200048],[-0.0345266,-0.0230563,-0.107581,0.0136846,-0.039659,0.713393,-0.0261965,0.0015385,-0.00645469,-0.00546189,-0.0669976,-0.388143,-0.00770031,0.0022771,-0.197143,-0.0658826,-0.0296533,-0.0108763],[0.0559493,0.122426,0.375353,0.0314209,0.0784904,-0.0267357,0.937704,-0.0326763,0.0509927,0.00867214,-0.0131263,0.0791137,-0.0294818,-0.0315604,0.0760044,-0.0680541,-0.132908,0.0316307],[-0.299488,-0.508656,-1.08506,-0.316715,-0.565866,-0.350225,0.603257,0.749611,-0.0240372,-0.118841,-1.25099,8.56031,0.123513,0.084635,-0.638524,0.815336,-1.25717,-0.0708624],[-0.686552,-0.580155,-0.391855,-0.0211366,-1.18842,-0.486987,-0.0886908,-0.0412201,1.16178,-0.134605,0.977798,-7.81234,-0.017446,0.0685449,-1.32008,-0.25922,-0.717056,0.127126],[0.39498,-0.0684309,0.243739,-0.11815,0.645504,1.5261,-0.317858,0.134081,0.0593609,0.816952,-0.664733,2.64532,-0.0501474,-0.0710699,0.677392,0.676478,0.165541,-0.0191623],[-0.0144306,0.0196398,-0.0626242,-0.24373,0.0623406,-0.00949885,-0.0110638,-0.000650316,-0.0108052,-0.00591153,1.20303,0.33004,0.0121487,0.00370659,0.109531,-0.00256728,-0.0172916,0.0184352],[0.0106137,0.00836175,0.0220962,-0.0106248,0.0214321,0.0780269,0.00426294,-0.00154963,0.00261764,0.00423231,-0.0152824,1.03502,0.000731305,0.00242486,-0.0608099,-0.0181123,0.00143556,0.00174627],[0.52937,0.215829,0.46946,-0.233123,0.582017,1.64156,0.0558364,-0.19704,0.0274118,0.0104153,0.835136,-4.67625,1.06848,0.0439831,-0.120422,0.976037,-0.850222,0.0933316],[-0.649654,-0.560449,-2.4646,-0.256892,-0.579692,-3.96677,0.189035,0.0674452,0.0228332,0.170969,-0.987525,-5.38876,0.00777553,1.01001,-1.93557,-0.804156,-0.115267,0.02077],[0.035123,-0.0079729,0.063726,0.0906293,0.18073,0.17348,0.0204091,0.00232632,0.00602092,0.00835761,0.0155424,-0.0589255,0.00697143,0.00013594,1.14101,0.0315194,0.0218889,0.00391635],[0.0340868,-0.0033164,-0.173546,0.0763505,0.155116,0.0595477,-0.0172522,-0.0139204,0.00624837,0.0208867,-0.0575526,1.08527,0.00794749,-0.0115372,0.413923,0.545321,0.131351,0.0254695],[0.0323949,0.0285879,0.360449,-0.152697,0.525663,0.407991,0.0929744,0.0166746,-0.0115076,-0.000774939,-0.0186425,1.6658,0.0300088,0.0363181,0.482941,0.128195,0.586586,0.0307531],[0.0892395,0.810867,0.0830214,-2.00941,0.679367,0.602027,0.422314,0.000643044,0.0398063,-0.20805,-0.0175213,5.24062,-0.111653,-0.0128899,1.44404,-0.972787,0.520578,1.04205],[0.148966,0.0972927,0.0928134,-0.0522662,0.159124,0.138342,0.00332082,0.00115332,0.0096404,0.00577498,-0.132882,0.368413,-0.00643352,-0.00206838,0.125279,-0.0288396,0.0825119,-0.000820141],[0.0141443,0.00967588,-0.0246105,0.245607,0.139942,0.382361,-0.0225822,-0.00628713,-0.0176187,-0.0550957,-0.0619616,-0.637775,-0.0131543,0.00426993,-0.0664179,0.061781,-0.0635313,0.0236774],[-0.01155,-0.0101909,0.0520806,-0.0530045,-0.14293,-0.0147553,0.0158632,0.00263965,0.000647361,-0.0105285,-0.00344636,-0.229974,9.10495e-05,0.00260434,-0.0121122,-0.00246921,-0.00660996,0.00642642],[-0.0192139,-0.0442461,-0.0821326,0.0391725,0.0188975,0.0113016,0.016508,-0.00735233,0.00585528,0.0124209,0.0061567,0.386713,-0.0149718,-0.0201171,0.0508777,-0.00486517,0.0373535,-0.00505373],[0.0640881,0.0469935,0.00764384,0.043886,0.231401,-0.0853477,0.00246207,-0.0030037,-0.00293149,0.00208051,0.0497607,0.2257,0.00611153,-0.000904778,0.138719,0.0426708,0.021075,0.00313635],[0.0414812,0.0258858,0.0818524,0.0492889,0.0206972,0.164826,0.0184344,-0.000226107,0.00569064,0.0113406,0.0447894,0.315626,0.0067931,0.00411358,0.134577,0.0600122,0.0246097,0.0112486],[-0.128332,-0.121392,-0.343297,-0.153929,-0.142113,-0.311538,-0.0598026,0.00381076,-0.0475795,0.0154391,0.0499371,-0.285819,0.0528084,0.0616549,-0.310977,-0.075426,0.0696785,-0.0230962],[0.581958,0.348293,1.83291,-0.415196,1.70453,0.111656,-0.299018,-0.135595,0.0838197,0.11807,0.28628,-1.15824,-0.0512094,-0.0904513,1.84658,-0.0947409,0.721384,0.117855],[0.72206,0.25292,-0.698651,0.31273,1.01094,-0.522658,0.0375935,0.0822122,-0.119445,0.0446021,-0.329032,5.01619,0.0353642,-0.0971499,1.80634,0.442818,0.415459,-0.11415],[-0.0615611,0.425411,0.275891,-0.0503725,-0.234138,-1.6034,0.398745,-0.0614947,-0.0954593,0.0703875,0.585611,-4.84267,0.0858597,0.0993588,-1.47082,-0.627307,-0.363064,0.00351123],[0.0387948,-0.0087482,0.0499456,0.105717,-0.016641,-0.0257635,0.0379306,-0.00977777,0.0174146,0.0114318,-0.217693,0.153886,-0.00222353,0.00267099,0.119865,0.0352862,0.0516166,-0.00768429],[-0.0141629,-0.00890196,-0.0286903,0.0201911,-0.0234622,-0.0691074,-0.00908671,0.000996541,-0.00230514,-0.00385439,0.0156599,-0.0238434,-0.000691943,-0.00119677,0.0411495,0.0147853,-0.00564669,-0.000969965],[-0.20277,-0.152539,-0.455571,-0.0612177,-0.668992,-1.77356,0.0867669,0.125415,-0.0115124,-0.0647575,-0.418591,0.945844,-0.119043,-0.0899101,0.32915,-0.440395,0.32235,-0.0811695],[0.457046,0.330498,1.5436,0.0185741,0.52622,3.26329,0.00452312,-0.0803,0.0498853,-0.092987,0.246874,5.11928,0.0123268,0.0279503,1.61411,1.08725,-0.0925529,-0.000226578],[-0.050421,-0.00261467,-0.0593977,-0.0764698,-0.148509,-0.152923,-0.0193614,-0.000415739,-0.00726539,-0.00731483,-0.0132591,0.00235762,-0.0111103,-0.00136744,-0.105053,-0.031393,-0.0153196,-0.00418884],[0.0580246,0.059056,0.155517,0.080846,0.106748,0.0679746,0.0690475,0.0133516,-0.00124247,0.00495676,0.0661503,0.0917835,0.00164682,0.00855927,-0.0299105,0.160172,-0.00946176,-0.00585593],[-0.137728,-0.11052,-0.211532,0.121914,-0.365031,-0.383645,-0.0193044,-0.0170417,0.0132759,-0.005659,-0.0929456,-0.80867,-0.00772836,0.00684918,-0.740607,-0.358065,0.147259,-0.00290597],[-0.025253,-0.288562,-0.852152,1.45276,0.262695,-0.705293,-0.0478973,0.0956153,-0.0585213,0.196914,-0.486241,-3.12048,0.0490937,0.050531,-1.2798,0.482081,-0.332443,-0.070825],[0.0122095,-0.0239599,-0.155406,0.0472647,0.094839,0.0303315,-0.01063,0.00998727,0.0103521,0.0272702,-0.111118,0.341741,0.00457002,0.00666989,0.0700532,-0.0179314,0.00110355,-0.0022646],[-0.0358296,-0.0413224,-0.176035,0.0374394,-0.162218,-0.190636,-0.00781226,0.00809904,-0.0179179,0.000351917,-0.145872,0.240769,-0.00698841,-0.011782,-0.0352512,0.124539,-0.00464912,-0.00667984],[-0.0252335,-0.00258768,0.0880641,-0.00219428,-0.0778535,-0.130295,-0.0393679,0.000749885,-0.00732111,0.00311369,0.0458879,0.0282168,0.0056237,0.00326507,-0.0575669,-0.0598699,0.0211975,-0.00248918],[0.0177707,-0.0293958,0.0819622,0.0993665,-0.0393067,0.0797583,0.0555688,-0.000113105,0.00785462,0.00710289,-0.0449437,0.259097,0.0180986,0.00815584,0.202176,0.0919822,-0.00503921,0.00882875],[0.000602842,-0.00677632,0.0212334,0.056742,0.0577348,-0.0102011,-0.00815454,0.00413418,0.000732385,-0.00497735,0.0114121,-0.333735,-0.00685637,-0.00464831,0.0124397,-0.00499419,-0.0324018,-0.00293628],[-0.00698157,-0.00284241,0.0256593,-0.0629866,0.0189047,0.121668,0.00773117,-0.00131414,0.000762322,-0.00589216,0.0222367,0.0721769,0.00090579,-0.00638576,0.0624826,0.00584654,0.00501982,-0.000371198],[0.0723164,-0.0010149,-0.0322962,0.122504,0.0634814,0.338115,0.121884,0.0288586,-0.00343735,-0.0241894,-0.0365685,0.204441,-0.0233165,-0.0300666,0.234732,0.143428,0.0631378,-0.0085313],[-0.141005,0.265775,-0.46257,0.87931,-0.797397,0.476451,-0.209103,0.352146,-0.0516134,0.0802678,0.947629,-4.35163,0.000935667,0.0516498,-0.854033,-0.511841,0.69432,-0.0363223],[0.0297429,0.00915332,0.60868,0.0426398,0.0579037,0.53146,0.0393679,-0.0301552,-0.114073,0.0796956,-0.218805,1.57313,-0.0436165,0.0320782,-0.383637,-0.0586633,0.248487,-0.0255618],[-0.27255,-0.392502,-0.363182,0.278338,-0.259271,0.1651,0.0199342,-0.0767406,0.0534433,0.0912761,0.0179775,2.31835,-0.0372057,-0.0367689,0.743999,0.0545572,0.152507,0.0129198],[-0.0246395,-0.0110048,0.0123264,0.137878,-0.0461068,0.0350881,-0.0269744,0.0104254,-0.00663386,-0.00556179,0.0146186,-0.484402,-0.00995415,-0.00636633,-0.229676,-0.032848,-0.0343304,-0.0107546],[0.0033985,0.000666934,0.00568627,-0.00891617,0.00212795,-0.00950012,0.0049013,0.000441058,-0.000311063,-0.000565958,-3.41066e-05,-0.021544,1.59234e-05,-0.00106987,0.0173979,0.00300527,0.00399266,-0.000727403],[-0.286334,-0.0415116,0.230216,0.324428,0.26777,0.450212,-0.0443341,0.0609331,0.00393251,0.0447327,-0.374937,4.25667,0.0303062,0.0183115,0.130106,-0.363636,0.52906,-0.0130316],[0.239022,0.229341,0.92021,0.26076,0.223359,0.822302,-0.100584,0.00578057,-0.0667641,-0.0732384,0.641725,0.576784,-0.0260548,-0.0611028,0.38288,-0.209374,0.179056,-0.0254062],[0.0148022,0.0105695,-0.00505147,-0.0145929,-0.0333657,-0.021859,-0.00198923,-0.00190833,0.00118569,-0.00121942,-0.00132044,0.0517419,0.00417738,0.00140617,-0.0369388,-0.000635903,-0.00653275,0.000286003],[0.0216405,0.0258001,0.189899,0.0221137,-0.0676243,0.101727,-0.0699879,-0.00270982,0.00523611,-0.00867217,0.03397,-0.501725,-0.00126992,0.0169585,-0.338874,0.0270341,-0.0213294,0.000857909],[-0.0596287,0.0165137,-0.197222,0.0031234,-0.25479,-0.0189597,0.0627739,-0.0198226,-0.00484804,-0.0165005,0.0363767,-0.849849,-0.0101651,0.0134946,-0.555828,0.151312,0.039645,-3.29151e-05],[-0.0898759,-0.406801,0.593457,0.588837,-0.86154,0.271408,-0.464067,-0.072739,-0.0300772,-0.0438136,0.376176,-3.88347,0.0283068,0.00219565,-1.07517,0.0727365,-0.319867,-0.0329441]],"sigmahat":[[1.67592,1.10352,1.66461,0.490114,2.88439,1.67447,0.247174,-0.0425769,0.0601499,0.0522805,0.0368901,1.38934,0.0423763,-0.0286358,1.38297,0.651617,0.141601,0.0362561],[1.10352,1.21196,1.49045,0.378937,1.66469,1.40949,0.13004,-0.0126165,0.00434393,0.0297082,-0.0582961,0.699648,0.0210146,0.0228407,0.382357,0.194064,0.210696,0.00838177],[1.66461,1.49045,6.49486,0.705604,1.94984,3.67549,0.221376,-0.0824049,0.112533,-0.0168354,0.602586,1.03116,-0.0475507,-0.0343049,1.67822,0.84556,0.178162,0.0620613],[0.490114,0.378937,0.705604,3.84204,0.881588,0.878193,-0.00151704,0.0433338,-0.0017709,-0.0199735,0.327323,-1.3982,0.0775762,0.166336,-1.42442,-0.0622312,0.136066,-0.0332537],[2.88439,1.66469,1.94984,0.881588,9.88509,3.61728,0.859062,-0.0973216,0.201966,0.0986577,-0.148175,6.57767,0.0964905,-0.181235,4.50424,1.93332,0.320914,0.126119],[1.67447,1.40949,3.67549,0.878193,3.61728,9.64638,0.772308,-0.0082239,0.139621,0.0557845,-0.213981,6.55684,-0.0177889,-0.0569108,2.79042,1.49695,0.517515,0.076251],[0.247174,0.13004,0.221376,-0.00151704,0.859062,0.772308,1.06364,-0.0316597,0.0817172,0.0700267,-0.51056,4.29497,0.019896,-0.080095,1.38291,0.613055,0.00561005,0.031396],[-0.0425769,-0.0126165,-0.0824049,0.0433338,-0.0973216,-0.0082239,-0.0316597,0.034481,-0.00879845,-0.00650696,0.035666,-0.25018,-0.00865159,-0.00608422,-0.0494161,-0.0212665,0.0361791,-0.008937],[0.0601499,0.00434393,0.112533,-0.0017709,0.201966,0.139621,0.0817172,-0.00879845,0.0347169,0.015706,-0.0545385,0.699324,0.00846053,-0.00660205,0.246206,0.119702,0.020743,0.0113142],[0.0522805,0.0297082,-0.0168354,-0.0199735,0.0986577,0.0557845,0.0700267,-0.00650696,0.015706,0.0937307,-0.14041,1.45356,0.0446028,0.0187789,0.38626,0.0581048,0.119194,0.0173446],[0.0368901,-0.0582961,0.602586,0.327323,-0.148175,-0.213981,-0.51056,0.035666,-0.0545385,-0.14041,2.1939,-5.22273,-0.0144577,0.0093665,-0.0247214,0.0722554,-0.0586902,0.0263728],[1.38934,0.699648,1.03116,-1.3982,6.57767,6.55684,4.29497,-0.25018,0.699324,1.45356,-5.22273,115.525,1.04925,-0.497628,27.7463,6.29188,3.68327,0.428586],[0.0423763,0.0210146,-0.0475507,0.0775762,0.0964905,-0.0177889,0.019896,-0.00865159,0.00846053,0.0446028,-0.0144577,1.04925,0.0694931,0.0396553,0.288827,0.0218934,0.0795847,0.0178269],[-0.0286358,0.0228407,-0.0343049,0.166336,-0.181235,-0.0569108,-0.080095,-0.00608422,-0.00660205,0.0187789,0.0093665,-0.497628,0.0396553,0.0821159,-0.634026,-0.142001,0.0217413,0.00218125],[1.38297,0.382357,1.67822,-1.42442,4.50424,2.79042,1.38291,-0.0494161,0.246206,0.38626,-0.0247214,27.7463,0.288827,-0.634026,19.5805,3.23342,1.20327,0.25107],[0.651617,0.194064,0.84556,-0.0622312,1.93332,1.49695,0.613055,-0.0212665,0.119702,0.0581048,0.0722554,6.29188,0.0218934,-0.142001,3.23342,2.75166,0.104553,0.0608673],[0.141601,0.210696,0.178162,0.136066,0.320914,0.517515,0.00561005,0.0361791,0.020743,0.119194,-0.0586902,3.68327,0.0795847,0.0217413,1.20327,0.104553,0.746076,0.0226491],[0.0362561,0.00838177,0.0620613,-0.0332537,0.126119,0.076251,0.031396,-0.008937,0.0113142,0.0173446,0.0263728,0.428586,0.0178269,0.00218125,0.25107,0.0608673,0.0226491,0.0232742]],"n":18,"lags":3}