{"betahat":[[0.441237,0.51762,1.00552,-1.00819,-1.2438,0.300327,0.115575,0.306042,0.132013,0.464684,-1.35919,11.3368,0.00473459,-0.45887,7.25795,1.95813,1.06014,0.0204573],[0.826613,-0.0822637,0.0272554,0.00746204,-0.268053,-0.212031,0.0124924,-0.0118543,-0.0206117,-0.0344756,0.256435,-0.762538,0.00338225,-0.00445933,-0.229547,0.0433014,-0.0896071,0.00364597],[0.0361214,1.04158,0.20762,-0.263593,0.0375714,-0.16991,0.0315397,-0.00245578,0.0369288,0.0546831,0.197768,0.402392,0.0182047,0.00547243,0.113484,-0.183313,0.0643908,-0.0179431],[0.0365196,0.0118945,0.868414,0.0469154,0.216132,0.145856,0.0197475,-0.00330809,0.0061721,0.00699234,-0.0404307,0.187904,-0.00661839,-0.00592669,0.061913,0.0624503,-0.0153925,-0.0042707],[-0.0048317,0.0726425,-0.00699419,0.866788,0.0085549,-0.0870636,-0.0699343,0.00791581,-0.0144128,-0.0207871,0.0407542,-0.640601,-0.00266895,0.0131445,-0.259264,-0.0829897,-0.0320149,-0.00404102],[-0.0663081,-0.0434212,-0.0306391,-0.102895,0.710335,0.0824132,0.00449636,-0.00103585,0.00207339,0.00272572,-0.0599964,0.0955204,0.0007981,0.00520985,-0.14507,-0.0371919,0.00882536,-0.000428826],[-0.028972,-0.0194431,-0.104037,0.0144236,-0.0286788,0.723536,-0.0271246,0.00174688,-0.00645383,-0.00545858,-0.0635747,-0.387302,-0.00748403,0.00220402,-0.18622,-0.0629869,-0.026676,-0.0105993],[0.0512909,0.120608,0.398299,0.0158552,0.0636665,-0.0509624,0.924743,-0.0333704,0.0491111,0.011263,-0.00492571,0.0360935,-0.0283137,-0.0319973,0.126685,-0.0674698,-0.126983,0.0318547],[-0.262432,-0.477591,-1.07904,-0.309016,-0.445112,-0.326621,0.634051,0.747006,-0.0167486,-0.0983679,-1.27093,8.85263,0.140332,0.0913258,-0.518996,0.830178,-1.22375,-0.0770499],[-0.728494,-0.615031,-0.464976,-0.0131829,-1.14751,-0.394436,-0.0775109,-0.0371002,1.15845,-0.127341,0.979928,-7.25079,-0.00883249,0.0752309,-1.12915,-0.333189,-0.701029,0.122671],[0.394601,-0.113714,0.109868,-0.0718976,0.648516,1.4497,-0.328446,0.139569,0.05738,0.810301,-0.647255,2.25808,-0.0518048,-0.0716617,0.543009,0.656763,0.144287,-0.0216547],[-0.0157011,0.0179644,-0.060505,-0.242689,0.0559509,-0.0172202,-0.00880606,0.000108897,-0.0104968,-0.00466603,1.19817,0.355115,0.0126615,0.00354568,0.113936,-0.0111134,-0.0193581,0.0184635],[0.0119956,0.00990579,0.0224189,-0.00982732,0.0216077,0.0796678,0.00465562,-0.00157608,0.0028683,0.00463204,-0.0161508,1.03507,0.00100242,0.0026688,-0.0628787,-0.0168171,0.00285869,0.00169185],[0.542076,0.255948,0.60375,-0.284629,0.50547,1.84806,0.104969,-0.196597,0.0328436,0.0106195,0.826888,-4.40794,1.06402,0.0316952,0.088471,0.986974,-0.83521,0.0975163],[-0.6108,-0.543503,-2.52696,-0.210307,-0.430326,-4.03644,0.167984,0.0729926,0.0257001,0.183129,-1.00866,-5.48818,0.0163193,1.00714,-1.95829,-0.812353,-0.0898634,0.0189454],[0.0346125,-0.00718027,0.0610986,0.0912607,0.183547,0.169409,0.0208884,0.00228713,0.00578507,0.00802039,0.01516,-0.0297009,0.00682315,-0.000303098,1.14462,0.0314738,0.0215536,0.00396872],[0.0394241,0.00528705,-0.169351,0.0851054,0.159896,0.0840487,-0.0175424,-0.013528,0.00710244,0.0204541,-0.064518,1.01202,0.00712233,-0.00848079,0.342703,0.511016,0.132145,0.0268848],[0.0156853,0.0167371,0.362733,-0.168257,0.532776,0.416529,0.0988045,0.0145662,-0.0132911,-0.00393966,-0.0255894,1.65095,0.0271954,0.0372438,0.447148,0.138333,0.557402,0.0318475],[0.104594,0.81453,-0.071226,-2.01484,0.646496,0.557856,0.416852,0.00167954,0.0405088,-0.20642,-0.0792744,4.8962,-0.116579,-0.0152396,1.32165,-0.820412,0.519578,1.02033],[0.156069,0.103699,0.117778,-0.0537163,0.176427,0.184549,-0.000111422,0.00108336,0.0117194,0.00673338,-0.13984,0.436069,-0.0068617,-0.00298213,0.174483,-0.0257944,0.0919223,-8.21458e-05],[0.0109733,0.00991938,-0.02386,0.236237,0.143211,0.385678,-0.0216458,-0.00611685,-0.0185349,-0.0551672,-0.0554951,-0.629162,-0.0119347,0.00551158,-0.0601071,0.0683772,-0.0569548,0.0242939],[-0.00880555,-0.00669086,0.0464234,-0.0459589,-0.136783,-0.0171376,0.0204526,0.00215217,0.000889304,-0.00973226,-0.00641615,-0.199862,0.000901561,0.00240413,-0.000865599,0.00518381,-0.00637744,0.00661014],[-0.0169656,-0.0435706,-0.0714407,0.0267808,0.0267273,0.0100105,0.0145049,-0.00787181,0.00656046,0.012694,0.00727162,0.377342,-0.0159593,-0.0207026,0.0473616,-0.00736826,0.0343913,-0.00501224],[0.0647962,0.0486236,0.00865998,0.0435325,0.231754,-0.0792297,0.0027282,-0.00318404,-0.00257004,0.00265746,0.0487578,0.234595,0.00667577,-0.000346743,0.135445,0.0450167,0.0225398,0.00344975],[0.0354365,0.0223975,0.0759495,0.0456847,0.00543155,0.154083,0.0199217,-0.000296866,0.00496948,0.0113947,0.0407172,0.303985,0.00603679,0.00412766,0.115715,0.054959,0.0218244,0.0106312],[-0.118293,-0.115169,-0.339725,-0.146577,-0.129616,-0.275752,-0.0446844,0.00399927,-0.045291,0.0160209,0.0422192,-0.159885,0.052694,0.062022,-0.332961,-0.0666697,0.0670032,-0.0226679],[0.596222,0.331028,1.83262,-0.392047,1.74307,0.0908325,-0.313726,-0.144241,0.076696,0.115649,0.286122,-1.15855,-0.0493207,-0.0825108,1.7359,-0.0689765,0.681601,0.12395],[0.759226,0.277843,-0.673282,0.237031,0.941645,-0.67805,-0.00582628,0.0758052,-0.117778,0.0342071,-0.303247,4.59403,0.0290493,-0.102454,1.53321,0.479143,0.388422,-0.106495],[-0.0359654,0.472576,0.425358,-0.0635201,-0.27107,-1.58281,0.397462,-0.0625324,-0.0941618,0.0674374,0.58643,-4.72055,0.0864781,0.0998512,-1.41865,-0.554315,-0.351234,0.00132316],[0.0391329,-0.00775711,0.0475024,0.104248,-0.0147728,-0.0233013,0.0364063,-0.0112322,0.0174951,0.0104496,-0.211564,0.14103,-0.00126467,0.00417178,0.110517,0.0416027,0.0508704,-0.0067463],[-0.0156277,-0.0100701,-0.0283292,0.0213693,-0.0230045,-0.0694521,-0.00943703,0.000965147,-0.00232189,-0.00392046,0.0151702,-0.0294408,-0.000712174,-0.00119277,0.0416832,0.0128402,-0.006368,-0.000825883],[-0.25621,-0.218124,-0.498851,-0.0501842,-0.690731,-1.85442,0.0315819,0.121858,-0.0127839,-0.0747321,-0.425892,1.04337,-0.124153,-0.0866382,0.277293,-0.436964,0.307913,-0.0852472],[0.479706,0.351174,1.64414,-0.00774728,0.484181,3.39375,0.037224,-0.0817713,0.0483131,-0.102033,0.284531,4.92743,0.000467139,0.0209422,1.61626,1.08336,-0.107624,0.00066833],[-0.0495787,-0.00328959,-0.0560846,-0.0763117,-0.151504,-0.150779,-0.018248,-0.000608605,-0.00691276,-0.00711136,-0.0146713,-0.0241109,-0.0111794,-0.00121406,-0.108075,-0.0284,-0.0168418,-0.00456426],[0.0648016,0.0648383,0.166086,0.0876363,0.121294,0.0700257,0.0622154,0.0123969,-0.00197062,0.00616177,0.0719121,0.125233,0.00229502,0.0104941,-0.0312384,0.139635,-0.00643718,-0.00478576],[-0.154891,-0.123345,-0.234363,0.120956,-0.395688,-0.402877,-0.0155688,-0.0162913,0.0119651,-0.00920094,-0.084237,-0.796432,-0.00841928,0.00863229,-0.747064,-0.37006,0.134856,-0.00250741],[-0.0350602,-0.288114,-0.8322,1.47344,0.305878,-0.693623,-0.0232063,0.103542,-0.0677793,0.194348,-0.454825,-3.35387,0.0566907,0.0550427,-1.36255,0.304122,-0.338237,-0.0695454],[0.0172912,-0.0214437,-0.145068,0.0462331,0.0915544,0.02739,-0.0124082,0.0107657,0.00888872,0.027729,-0.116532,0.32619,0.00347804,0.00744403,0.0550069,-0.0175301,-0.00232751,-0.00356262],[-0.0471149,-0.0515048,-0.183785,0.027332,-0.180839,-0.215858,-0.00992513,0.00856693,-0.0183962,0.000475214,-0.142206,0.226574,-0.00626593,-0.01098,-0.0533376,0.114924,-0.00743743,-0.00634792],[-0.0277497,-0.00522253,0.0850739,-0.000982525,-0.0794268,-0.128845,-0.0402234,0.00115107,-0.00706295,0.00272729,0.0469041,0.011728,0.00571828,0.00352856,-0.0611132,-0.0676498,0.0217604,-0.00233717],[0.0217984,-0.0290561,0.0784093,0.106361,-0.035306,0.0769411,0.0553848,-5.47288e-05,0.00784846,0.00807503,-0.047935,0.262772,0.018629,0.00756044,0.211854,0.0903437,-0.00239555,0.00905852],[0.00147806,-0.00521918,0.0219395,0.0593319,0.0577835,-0.00329039,-0.00725739,0.00421259,0.000493032,-0.00540063,0.0112985,-0.330557,-0.00747811,-0.00485813,0.00945483,-0.00786681,-0.0313963,-0.00302088],[-0.00648701,-0.0029594,0.0280473,-0.0601212,0.0231589,0.122221,0.00717631,-0.00145739,0.00148257,-0.00594899,0.0229133,0.0829518,0.00144745,-0.00632412,0.0703974,0.00799998,0.00483303,-3.0286e-05],[0.0669524,-0.00541533,-0.0589041,0.13084,0.0655724,0.326197,0.119632,0.0293473,-0.00385412,-0.0273575,-0.0369717,0.121562,-0.0243678,-0.0300004,0.206176,0.133957,0.0598942,-0.00918419],[-0.174454,0.284818,-0.492371,0.84745,-0.920851,0.406427,-0.231989,0.356374,-0.0576435,0.0853392,0.979164,-4.20234,0.0121717,0.0639738,-0.83941,-0.552922,0.735387,-0.037877],[0.0267826,-0.00284601,0.645473,0.0966788,0.0289976,0.567123,0.0409982,-0.0290576,-0.116064,0.0875071,-0.165638,1.54463,-0.0423361,0.0300573,-0.203362,0.00266296,0.281637,-0.0244711],[-0.287607,-0.40051,-0.381779,0.254864,-0.187309,0.211911,0.0540191,-0.0801663,0.0568704,0.0908285,-0.0199293,2.51247,-0.0397695,-0.0409422,0.813987,0.0509372,0.1421,0.0140717],[-0.0236977,-0.0103045,0.0124413,0.138192,-0.0415016,0.0403885,-0.0277351,0.0111311,-0.00702693,-0.00583604,0.0132654,-0.496489,-0.0114345,-0.00772429,-0.224481,-0.0306212,-0.0314441,-0.0117251],[0.0036103,0.000581104,0.00499042,-0.0103144,0.00166034,-0.0107896,0.00489,0.00040551,-0.00052305,-0.00086909,0.00119251,-0.019921,-0.000133767,-0.00118182,0.0180544,0.00331821,0.00335904,-0.000802756],[-0.281223,-0.0438539,0.179395,0.364353,0.289941,0.322861,-0.0299706,0.0635398,0.00673201,0.0507863,-0.343162,3.89602,0.0304233,0.0174282,0.0904312,-0.347429,0.52935,-0.0109756],[0.20078,0.203346,0.878438,0.252799,0.189013,0.806234,-0.082248,0.00144426,-0.0675531,-0.0720257,0.593748,0.944228,-0.02096,-0.0559744,0.411014,-0.184493,0.161865,-0.0242045],[0.0144992,0.0105281,-0.00549357,-0.0152819,-0.033112,-0.0200795,-0.00378645,-0.0016945,0.00107308,-0.00116538,0.00118131,0.047563,0.00440327,0.00173264,-0.0376261,-0.0035679,-0.00453773,0.000626556],[0.0210931,0.026399,0.190491,0.0234583,-0.0720869,0.1031,-0.0778163,-0.00267544,0.00489857,-0.00925186,0.0383846,-0.486919,-0.000669433,0.0169653,-0.325893,0.0205423,-0.0146077,0.00114101],[-0.0593878,0.0157031,-0.191306,-0.00337769,-0.250783,-0.0122246,0.0766973,-0.0206673,-0.00276741,-0.0195984,0.0319466,-0.749809,-0.011258,0.0122332,-0.594328,0.146892,0.033942,0.00338378],[-0.0857369,-0.359425,0.70157,0.599133,-0.846458,0.359325,-0.503344,-0.0792238,-0.0314996,-0.0435266,0.320206,-3.43928,0.0292231,0.0195734,-1.13233,-0.0187023,-0.327906,-0.0264431]],"sigmahat":[[1.65359,1.08943,1.65208,0.434002,2.87261,1.66772,0.244739,-0.0412254,0.0609893,0.0519746,0.032121,1.49823,0.0439961,-0.0277444,1.39558,0.663624,0.133989,0.0375392],[1.08943,1.19644,1.49542,0.33758,1.66744,1.39386,0.137128,-0.0121406,0.00635559,0.0284016,-0.0687579,0.8271,0.0202379,0.0204008,0.419674,0.225012,0.202225,0.0103353],[1.65208,1.49542,6.50032,0.626461,1.96377,3.60676,0.219475,-0.0810259,0.110432,-0.0177625,0.578101,0.938807,-0.0491311,-0.0326896,1.63735,0.857642,0.148264,0.0610623],[0.434002,0.33758,0.626461,3.75342,0.839921,0.781133,-0.00625136,0.0412576,-0.00489414,-0.0237591,0.327801,-1.25471,0.0770969,0.160049,-1.3253,-0.047141,0.122162,-0.0342684],[2.87261,1.66744,1.96377,0.839921,9.97853,3.60782,0.841561,-0.096807,0.203097,0.101767,-0.160253,6.97234,0.102982,-0.178284,4.56174,1.93027,0.327271,0.125012],[1.66772,1.39386,3.60676,0.781133,3.60782,9.50485,0.738609,-0.00734411,0.135081,0.0630974,-0.255375,6.52933,-0.0153366,-0.0544351,2.82413,1.52059,0.509522,0.0748224],[0.244739,0.137128,0.219475,-0.00625136,0.841561,0.738609,1.03501,-0.03088,0.0806217,0.0708837,-0.509573,4.2121,0.0208955,-0.0747616,1.33097,0.569922,0.0158513,0.030995],[-0.0412254,-0.0121406,-0.0810259,0.0412576,-0.096807,-0.00734411,-0.03088,0.0336757,-0.00879367,-0.0065001,0.0340028,-0.239911,-0.00857384,-0.00655793,-0.0495352,-0.020243,0.0361804,-0.00856252],[0.0609893,0.00635559,0.110432,-0.00489414,0.203097,0.135081,0.0806217,-0.00879367,0.0340851,0.0157385,-0.0581113,0.685398,0.00864876,-0.0059509,0.238171,0.115311,0.0202014,0.0109703],[0.0519746,0.0284016,-0.0177625,-0.0237591,0.101767,0.0630974,0.0708837,-0.0065001,0.0157385,0.0933284,-0.143253,1.44498,0.0445956,0.0181998,0.400032,0.0605657,0.119033,0.0175581],[0.032121,-0.0687579,0.578101,0.327801,-0.160253,-0.255375,-0.509573,0.0340028,-0.0581113,-0.143253,2.18175,-5.1762,-0.0148206,0.00698482,-0.0498877,0.0863742,-0.0747638,0.0245621],[1.49823,0.8271,0.938807,-1.25471,6.97234,6.52933,4.2121,-0.239911,0.685398,1.44498,-5.1762,114.553,1.04402,-0.495267,27.7851,6.1242,3.71818,0.409453],[0.0439961,0.0202379,-0.0491311,0.0770969,0.102982,-0.0153366,0.0208955,-0.00857384,0.00864876,0.0445956,-0.0148206,1.04402,0.0695028,0.0388062,0.304199,0.0242542,0.0799706,0.017714],[-0.0277444,0.0204008,-0.0326896,0.160049,-0.178284,-0.0544351,-0.0747616,-0.00655793,-0.0059509,0.0181998,0.00698482,-0.495267,0.0388062,0.0794341,-0.609559,-0.131672,0.0209837,0.0023262],[1.39558,0.419674,1.63735,-1.3253,4.56174,2.82413,1.33097,-0.0495352,0.238171,0.400032,-0.0498877,27.7851,0.304199,-0.609559,19.4235,3.1378,1.2128,0.247067],[0.663624,0.225012,0.857642,-0.047141,1.93027,1.52059,0.569922,-0.020243,0.115311,0.0605657,0.0863742,6.1242,0.0242542,-0.131672,3.1378,2.63761,0.118077,0.0624272],[0.133989,0.202225,0.148264,0.122162,0.327271,0.509522,0.0158513,0.0361804,0.0202014,0.119033,-0.0747638,3.71818,0.0799706,0.0209837,1.2128,0.118077,0.752649,0.0231576],[0.0375392,0.0103353,0.0610623,-0.0342684,0.125012,0.0748224,0.030995,-0.00856252,0.0109703,0.0175581,0.0245621,0.409453,0.017714,0.0023262,0.247067,0.0624272,0.0231576,0.0226269]],"n":18,"lags":3}