{"betahat":[[-5.39498,5.02189,14.8063,15.8002,4.36572,50.2279,8.12551,4.34648,1.20271,7.0629,-19.9983,1.30209,7.22375,122.589,-1.97816,-1.08591,45.4779,22.0871,2.74213,7.03211,16.1899,10.4939,0.885635,-27.7821,15.2149,-0.690342],[0.798817,-0.080234,-0.0205024,-0.0558516,-0.319495,-0.094976,0.00740071,0.000216099,-0.0256742,-0.0274093,0.346506,-0.0145393,0.00148796,-0.675332,0.00726146,0.000319159,-0.195143,0.00447242,-0.00631617,-0.0273397,0.0516873,-0.0952119,-0.00317648,0.148404,-0.0561159,0.000541063],[0.0407428,1.00076,0.286468,-0.294188,-0.11967,-0.293528,-0.0162204,-0.00403548,0.0293004,0.0299251,0.274593,0.0171652,-0.0554043,-1.03301,0.00113787,0.0181045,-0.400939,0.0200186,-0.121869,0.029798,-0.0666369,-0.00240066,0.0107723,-0.166494,0.0244952,-0.0218758],[0.0406636,0.0235673,0.791115,0.0839133,0.237246,0.112289,0.0158905,-0.00336572,0.00281395,0.00963649,-0.0473935,-0.00286653,-0.0493278,0.254929,-0.00201803,-0.00780146,0.174319,0.00411963,0.0347868,0.00974178,0.0764967,0.0474782,-0.00239945,-0.0412971,-0.0042441,-0.00350572],[-0.00546073,0.0651275,-0.013351,0.846154,-0.0617052,-0.0828134,-0.0517834,0.00775785,-0.0118252,-0.020144,0.0352711,-0.00223997,0.0694107,-0.651339,-0.00456513,0.0198799,-0.386805,-0.00587048,0.00328515,-0.0201842,-0.014388,0.0315063,0.000119324,0.0438562,-0.0512748,-0.00624906],[-0.0827814,-0.0554914,-0.0805757,-0.105942,0.661104,0.0345113,-0.0127324,0.00167883,0.00258151,0.0023868,-0.0562823,0.00804963,-0.0529363,0.326964,0.00220377,0.00103571,0.00256109,0.00413987,-0.0114784,0.00248337,-0.150222,0.0314273,0.00398493,-0.00977588,0.0262535,0.0041241],[-0.0153252,-0.021879,-0.0995692,-0.00125707,0.0581353,0.74483,-0.0177124,-0.00195552,-0.00115985,-0.00250311,-0.0504799,-0.00403395,-0.00536386,-0.169729,-0.00350629,-0.00204738,-0.0755062,0.00398213,-0.00973204,-0.00257663,-0.0927849,-0.00865629,-0.00214238,-0.066511,-0.0157719,-0.00662651],[0.123162,0.141972,0.240621,-0.130631,0.0225551,0.0766074,0.852151,-0.0243478,0.0368856,0.0037547,0.177009,0.0350664,0.0715578,-0.582822,-0.0356947,-0.0263797,-0.113261,0.0134475,-0.021094,0.00336743,-0.15382,0.0887817,0.0254858,-0.135506,-0.0802513,0.0285509],[0.257079,0.0613282,-0.204322,0.232418,-0.260234,0.159744,0.289379,0.688166,-0.115354,0.103112,-0.926985,-0.112069,-0.929483,9.12374,0.305313,0.255426,-0.885031,-0.0644708,-0.00141131,0.10316,1.75112,0.478416,-0.0878453,2.89483,-0.422669,-0.109113],[0.00370602,-0.160625,1.2942,-0.823355,0.103904,3.27045,0.220038,-0.231904,1.22308,0.214299,0.23466,0.441207,0.183306,1.53159,0.203534,0.238087,1.2322,0.351859,0.335683,0.21283,-2.12577,-0.208766,0.134504,1.46016,-0.345151,0.237111],[0.269968,-0.0896565,0.0836881,-0.168422,0.687735,0.811561,-0.247308,0.0726401,0.0756739,0.798383,-0.261257,0.0612187,-0.369672,2.41774,-0.0126476,-0.0378501,0.568013,-0.018555,-0.0914227,-0.20321,0.295691,0.300069,0.0403562,0.136418,-0.00511699,0.00135751],[-0.0361468,0.0136372,-0.00343904,-0.240304,-0.0215205,-0.0232897,-0.0016275,-0.00102884,-0.00599667,-0.00894461,1.07163,-0.00501629,-0.0107291,0.893906,0.0147632,0.00608875,0.069169,-0.0199049,0.00775918,-0.00925454,-0.279743,0.00869307,0.00028374,0.176631,-0.0176407,0.017203],[-0.559213,-0.376397,-2.183,0.722079,0.184493,-3.92047,0.159995,0.151806,-0.100941,-0.231364,0.436037,0.789405,-0.856591,-3.65231,-0.231068,-0.239508,-1.13497,-0.127274,0.0697236,-0.230417,0.545189,0.269785,0.0783437,-2.21446,-0.204968,-0.119716],[-0.052727,-0.0259068,-0.140156,0.0781019,-0.171419,-0.158143,-0.123304,0.018568,-0.0245409,-0.0401785,0.0795183,-0.0194071,0.906063,-1.7863,-0.0223717,0.00796452,-0.558779,-0.0132332,0.0184888,-0.0400569,-0.0419663,0.0598667,-0.0104435,-0.409081,-0.0723073,-0.0166094],[0.00328944,0.0061338,0.00675258,-0.000979892,0.00431862,0.0413402,-0.00612743,0.000212865,0.000499229,0.00358165,-0.00860842,0.000911134,-0.0134932,0.832972,0.000620585,0.00339976,-0.0684592,-0.00501296,-0.00365511,0.00360749,0.0109135,0.00410649,-0.000415024,0.00689481,0.00420921,6.58515e-05],[0.251012,0.126111,1.50473,-0.693061,-0.440498,2.2185,0.0260037,-0.229515,0.0870333,0.0589364,0.895177,0.100903,1.31874,-6.1106,0.889122,-0.030335,0.197242,0.10139,-0.228631,0.0601264,-0.505215,-1.03372,0.00473681,0.742411,-0.875336,0.134663],[-0.502605,-0.749233,-2.76988,-0.437753,0.415562,-3.94122,0.420961,0.088732,0.0334499,0.240156,-1.25226,-0.0605461,-0.57642,-0.247895,0.110509,0.856193,0.359012,-0.0363075,0.299662,0.238629,1.97573,-0.107518,0.0210305,0.268823,0.0136825,0.000927322],[0.0331659,-0.0125417,0.0279086,0.0972166,0.176192,0.152068,0.0233144,0.00221607,0.0041034,0.00750837,-0.00163788,0.00325499,0.0355132,0.000430826,0.0109214,0.00208973,1.07951,-0.00358474,0.0182558,0.0075149,0.100702,-0.0359788,0.00195595,0.0802092,0.0222958,0.00317314],[0.9688,0.815493,2.55901,1.77129,-0.244263,0.443164,0.263606,-0.055822,0.00713714,-0.0547944,0.105924,0.0418049,-0.226638,-4.03478,-0.0375522,0.163033,-2.80237,0.431087,0.17957,-0.0532599,2.20376,1.05228,0.010222,1.75869,-0.0478962,-0.0115295],[0.2742,0.0184623,1.13475,-0.411577,0.345196,0.964719,0.261312,-0.0313351,0.0726038,0.0654622,-0.0190845,0.0396861,-0.340127,1.66995,0.0253489,0.0459618,-0.561361,0.0567183,0.495,0.0648636,0.321208,-0.0546223,0.0253372,0.820978,0.0363251,-0.0150274],[0.256221,-0.11121,0.100875,-0.0996887,0.68777,0.618888,-0.229018,0.0610917,0.0824352,-0.187602,-0.246605,0.0672435,-0.317521,2.81928,0.0092604,-0.0288876,0.77779,-0.0214022,-0.0935319,0.812093,0.185725,0.23313,0.0405373,0.166708,0.0232292,-0.00828572],[-0.0365932,-0.00928049,0.0240076,0.130746,0.0494068,-0.0301018,0.00240973,-0.00785909,0.0017552,-0.000670411,-0.115124,-0.00157721,0.0113363,0.338456,-0.0027729,-0.00945136,0.124694,-0.0210115,0.00556878,-0.000606602,-0.186604,0.0594227,-0.0036686,-0.00264989,-0.02715,0.00383746],[-0.0256189,-0.00758794,-0.0434766,-0.0578954,-0.159563,-0.130291,-0.045303,-0.0167146,0.00579805,-0.00074619,-0.164298,0.00746983,0.0403531,-0.331998,-0.0109106,0.00392216,-0.419837,0.0235611,0.000837412,-0.00101514,-0.164885,0.614495,-0.00319552,-0.147717,-0.0398648,-0.0100572],[-0.90054,-0.854004,-2.30167,-0.104034,-2.51845,-0.904158,-1.5449,0.0868985,-0.289056,-0.211639,0.683429,-0.170011,1.96602,-22.6599,-0.0941787,0.189233,-9.33103,-0.177883,-0.312415,-0.2098,-4.01961,0.727709,0.940363,0.288293,-0.769669,-0.0739884],[0.032168,-0.0343734,0.0457448,0.0568567,0.132773,-0.127501,-0.0441667,-0.000919541,-0.000874592,-0.000938403,0.0407773,0.00437461,-0.0133414,0.485503,0.00537453,-0.00187016,0.180094,0.017046,-0.00533674,-0.000984256,0.0387629,0.00212008,0.00612752,0.382661,0.0254627,0.00630721],[-0.0478594,0.00379779,0.246476,-0.128359,0.319977,0.333058,0.138685,0.0246044,-0.0313443,-0.0503452,-0.120044,-0.0156734,-0.246769,1.02766,-0.00811885,0.0351845,-0.420747,0.0248638,0.0190592,-0.0501741,-0.688414,0.389286,-0.00349108,-0.719627,0.359905,0.025037],[0.566622,1.43499,0.646341,-1.1513,0.654172,1.21298,0.756605,0.0526057,-0.0144918,0.0253131,-0.995106,0.0184735,-0.701854,10.8155,0.0742911,0.199753,1.62609,-0.0414313,-0.402536,0.0243006,2.55813,0.933921,0.0544068,2.24062,0.877907,0.904103],[0.141282,0.0865918,0.0534175,-0.0153728,0.155086,0.0632955,0.013045,-0.00624106,0.0114631,0.00743081,-0.224741,0.00362191,-0.0244131,-0.0257953,-0.0117995,0.004816,0.00322764,-0.00397338,0.00746294,0.0075163,-0.0365451,0.0600887,0.000305524,-0.0924033,0.0340122,-0.0005405],[0.0321538,0.0360379,-0.0229188,0.263472,0.31559,0.501104,0.01767,-0.00667268,-0.00994726,-0.0312849,-0.0869353,0.00417179,0.098211,0.451533,0.0047435,0.00336259,0.264825,-0.00735187,0.0509223,-0.0313027,0.0596702,0.0673293,-0.00483877,0.130484,-0.0297931,0.0263876],[-0.0231398,-0.0237225,0.0864913,-0.046101,-0.158652,-0.026287,0.011817,0.00419864,-0.00158504,-0.0139423,0.020288,0.00385324,0.0360319,-0.470277,-0.00353885,0.00282718,-0.0921184,-0.00142268,-0.016758,-0.0140164,-0.0142039,0.00582139,0.00243528,0.06744,-0.00742694,0.00404806],[-0.0327765,-0.0452418,-0.0893632,0.0463936,0.0465191,-0.0364099,-0.00163283,-0.00571858,0.00570398,0.00767937,0.00437876,-0.00226979,-0.0584262,0.439149,-0.0138001,-0.0207434,0.120923,0.00850589,0.0349191,0.00768133,-0.163239,-0.0353949,-0.004295,-0.00856143,0.0295673,-0.00172181],[0.0552093,0.0450255,0.00365312,0.0419983,0.228345,-0.0826517,0.0155,-0.00328417,-0.00483149,0.00252922,0.029374,-0.00902212,0.0344436,-0.0417558,0.00414217,0.00299245,0.0286274,-0.00772945,0.0120626,0.00244959,0.0932364,0.00116989,-0.0033577,-0.000983415,0.00150653,-0.00196083],[0.0336454,0.0276697,0.0880121,0.055564,-0.0297405,0.129432,0.0139369,0.00237302,0.00106561,0.0103492,0.0325241,0.00152469,-0.00292851,0.291992,0.00638521,0.00707218,0.0687978,0.00119265,0.011421,0.0103968,0.0504518,-0.00822242,0.00304838,0.0548443,0.0119834,0.00750372],[-0.179675,-0.153396,-0.271406,0.0197648,-0.102872,-0.427937,0.0369687,-0.00861023,-0.0292239,0.0251071,-0.0938754,-0.0168353,0.164349,0.145541,0.0533593,0.0603258,-0.180743,0.0030328,-0.0191641,0.0254716,-0.0385992,-0.0422799,-0.00852388,-0.021297,0.00239479,-0.015736],[0.670442,0.5474,0.51385,-0.513674,1.89129,-0.124441,-0.189326,-0.166834,0.0278696,0.134495,-0.110506,0.0333841,0.0794948,-1.41224,0.0236364,0.023962,0.173582,-0.145126,-0.00620386,0.134237,0.377263,0.554153,0.0102026,-1.14647,0.478221,0.115738],[0.45201,0.1428,-0.696047,0.296365,0.179145,-1.32531,0.12662,0.0874297,-0.0445934,-0.0122261,-0.132902,-0.154663,-0.3945,3.5796,0.0194476,-0.136298,1.9891,-0.0263192,-0.0374168,-0.0131343,2.36669,-0.499631,-0.0785718,0.0883874,0.240001,-0.0536066],[0.0156655,0.272706,0.742675,0.17511,-0.496176,-1.09892,0.318037,-0.0145287,-0.041277,-0.000331766,0.485471,-0.0258894,0.255369,-3.408,0.0586262,0.087583,-0.960997,0.0134896,-0.0447557,0.000299689,0.740541,0.19457,0.00293167,0.666807,-0.186571,-0.00225332],[0.0330335,-0.00299826,-0.0656817,0.138606,-0.00526189,-0.039702,0.0340092,-0.00834355,0.0100557,0.00809606,-0.162574,0.00504824,-0.0259035,-0.592632,-0.0051665,0.00653518,-0.0309084,0.00940326,-0.0117453,0.00826662,0.239093,0.0473656,-0.00036601,-0.180606,0.0264671,-0.0114753],[0.325223,0.161145,-0.36317,0.699528,-0.221569,0.498917,-0.195132,0.030388,-0.0511649,0.108002,0.0984486,-0.0792384,-0.471138,3.95415,0.140546,0.0979077,1.02783,0.0388832,-0.195636,0.110117,0.664366,-0.0735768,-0.0291834,-0.375029,0.45321,-0.0179902],[0.0603878,0.0362687,-0.00577705,-0.121831,0.162054,-0.0618562,0.0939249,-0.0161896,0.0117177,0.0302269,-0.108945,0.00878125,-0.0952677,1.42778,0.0155926,-0.00185985,0.388838,0.0103365,-0.00797451,0.0302127,0.0387972,-0.0593659,0.00314235,0.201124,0.0260412,0.00617347],[-0.00574711,-0.000518193,-0.00178622,0.0168243,-0.0182157,-0.029817,-0.00234637,-0.000514066,-0.00123905,-0.00159274,0.00905115,-0.00120452,0.0208191,0.0244523,4.705e-05,2.96058e-05,0.0175645,-0.00106657,0.00599257,-0.00162646,-0.00544737,0.000418592,-0.000331694,0.0214593,-0.00132804,-0.0010255],[-0.21607,-0.281798,-0.510371,-0.23767,-0.527393,-1.0113,0.0152921,0.107056,0.00254759,-0.0607453,-0.187048,-0.0433619,-1.02874,1.31727,-0.14766,-0.12799,0.183196,-0.0843302,-0.203104,-0.0602301,-0.114816,-0.46645,-0.0489538,-0.449288,0.35395,-0.0627503],[0.367344,0.270284,0.613064,0.132725,0.255376,2.29192,0.113721,-0.0484188,0.00639324,-0.147062,0.277962,0.0632766,0.281214,2.68102,-0.0138735,0.0270804,0.682238,-0.0180498,-0.0084457,-0.146556,-1.03252,-0.0460682,0.00877649,0.414443,-0.207596,-0.0325452],[-0.0452123,-0.00418692,-0.0321166,-0.0667381,-0.134094,-0.146128,-0.0165646,-0.000768058,-0.00554044,-0.00826393,-0.00102863,-0.00503165,-0.0173282,-0.0646395,-0.0123414,-0.00202944,-0.0898739,-0.00238699,-0.00692899,-0.00829283,-0.0738789,0.00829285,-0.00208183,-0.0234393,-0.0170436,-0.00418931],[-0.663936,-0.222082,-0.989358,-1.53455,0.199482,-1.15632,-0.655873,0.0903498,-0.0244311,0.122698,0.000954128,-0.0447296,0.423891,3.86184,0.11787,-0.0317816,2.66909,-0.00402558,0.0637374,0.122399,-2.73849,-0.645859,-0.0428144,0.0235561,0.26811,0.0829446],[-0.212081,-0.0197145,-0.852017,0.123073,-0.876444,-0.645729,-0.203685,0.00851325,-0.0363241,-0.037103,-0.0563266,-0.0232624,-0.15121,1.47227,0.00133489,-0.0208196,0.145117,-0.0313378,-0.0226294,-0.0368215,-0.373606,0.194335,-0.0194176,0.0358042,-0.116358,0.0163029],[-0.00209066,0.240631,0.685354,0.207445,-0.541624,-1.2226,0.293045,-0.0111131,-0.0528211,-0.0153679,0.543796,-0.0359809,0.235772,-3.67921,0.0423566,0.0717415,-1.05214,0.0152208,-0.0420438,-0.0148936,0.797959,0.179311,4.48107e-05,0.630168,-0.216501,-0.00530704],[0.0475913,0.04785,0.179062,-0.00933332,0.0959638,0.0909361,-0.0233144,0.001832,-0.00173315,-0.00459586,0.0238795,-0.00314892,0.00591448,0.639261,0.00424076,-0.0126678,0.205748,-0.00320567,0.03002,-0.00464009,-0.101897,0.0343241,-0.00189967,-0.00806888,0.0425803,0.000190244],[-0.0436756,-0.0602123,-0.025612,0.0646865,0.0145178,0.0851174,0.0181887,0.0149142,-0.00210761,-0.00404845,0.130777,-0.00405296,-0.0327212,0.525926,0.00324348,-0.00205955,0.231273,-0.00722536,-0.0137756,-0.0039385,0.0111746,0.404448,0.00581536,0.170688,0.0228693,0.00442771],[1.15572,0.809962,1.92351,-0.328294,2.18587,2.75935,-0.208501,-0.128691,0.0462918,-0.00735205,-0.0543375,0.0163088,-0.43456,5.95791,-0.0599743,-0.118576,3.74582,0.160208,0.0208167,-0.00891201,1.97402,0.719823,-0.0323376,0.523869,-0.131011,0.0186174],[-0.000162093,0.0324743,-0.0884622,-0.0156516,0.0230402,-0.00698376,0.0393144,0.00214768,-0.00293052,0.00348909,-0.0175794,-0.00551425,0.0895578,-0.492388,-0.00448109,0.00143871,-0.114508,0.0208903,0.0152867,0.00352716,0.0374799,-0.00654263,-0.00214188,-0.0895544,0.0135873,-0.0019224],[-0.202548,-0.192215,-0.229866,0.0958363,-0.279897,-0.187549,-0.0223182,-0.0278024,0.014917,-0.0181766,-0.142949,0.0128637,0.149266,-0.95581,-0.0340665,0.00193025,-1.05575,0.0404981,-0.0392323,-0.0179337,-0.0938471,0.177799,0.00638319,-0.574793,0.0211956,0.0152732],[0.109834,-0.0273853,0.248143,1.35796,0.505832,-0.127215,0.265607,0.124819,0.011738,0.16229,-0.913733,-0.0174255,-0.142973,0.133739,0.0466551,0.05899,-1.45636,-0.119409,0.0925115,0.163101,0.00297154,-0.182899,-0.00460717,0.977629,-0.264205,-0.0776674],[0.0597336,-0.00680162,-0.0335077,0.0709677,0.163891,0.0295578,-0.0203768,0.00591593,0.0141692,0.0196067,-0.12034,0.0108933,0.0231946,0.699444,0.00449482,-0.00525399,0.192111,-0.000814324,-0.00112618,0.0194509,-0.0150476,0.0351513,0.00286365,-0.0562215,0.021281,-1.08279e-05],[-0.0726939,-0.037277,-0.263918,0.0301264,-0.195261,-0.20929,-0.00144233,0.0105762,-0.019388,0.00115436,-0.186923,-0.0213947,-0.0421734,0.582839,-0.00571905,-0.0215737,0.140197,-0.0128282,0.0711587,0.00129704,0.00741706,-0.0650953,-0.0059948,0.036172,0.00477055,-0.00446064],[-0.0178803,-0.00059726,0.119101,-0.0376891,-0.0783483,-0.0883324,-0.0272975,-0.00100274,-0.00114407,0.00400115,0.0275619,-0.000905985,0.0131645,0.217062,0.0056918,0.00499625,-0.0827181,-0.00299084,-0.0180294,0.00396388,-0.0628418,-0.0525466,3.18815e-06,-0.0269102,0.0110021,-0.000522362],[0.0391637,-0.0194232,0.102773,0.104945,0.016777,0.117351,0.0533811,-0.0023747,0.00615579,0.0121073,-0.0384369,0.00456291,-0.0114295,0.21471,0.0184544,0.000692528,0.268487,-0.00287552,-0.0377145,0.0121421,0.178088,0.00497525,0.00419756,-0.0340192,0.0210708,0.00812225],[0.0264843,0.00944099,0.0760682,0.0633382,0.106292,0.0453341,-0.00340898,0.00135287,0.00215335,-0.00537145,0.0282356,0.000928627,0.0187954,-0.289161,-0.00638502,-0.00400431,-0.0349977,0.00338779,-0.000181592,-0.00537436,0.0542187,-0.0318831,-0.00066577,0.0107042,-0.0288126,-0.00220893],[-0.0183963,-0.00626855,0.0103189,-0.0547455,-0.0290595,0.121405,0.00382855,-0.00060466,8.23355e-05,-0.0080426,0.0186946,0.00248686,0.00830035,-0.122005,-0.00277107,-0.00501468,0.00672386,-0.00523196,-0.00138566,-0.0080074,0.041821,0.0171203,-0.000921704,0.0119103,0.00309083,-0.00088784],[0.0582092,0.0103035,0.0318546,0.108422,0.084551,0.344002,0.107425,0.0318479,-0.00775311,-0.0299234,-0.0770245,-0.0181813,-0.233487,0.442476,-0.0169142,-0.0340547,0.306193,-0.0180844,0.0421115,-0.0298447,0.190448,-0.0449526,-0.0168533,0.163068,0.074339,-0.012463],[0.0437717,0.399473,-0.410058,0.93841,-0.99849,0.0580586,-0.293008,0.290531,-0.0783866,0.155133,1.05478,-0.0400192,0.0119332,-4.91441,0.0947696,0.193084,-1.66381,-0.198261,-0.213798,0.15594,-0.877012,-1.34736,0.0306907,-0.42232,0.72774,-0.00360887],[-0.118624,-0.0478979,0.0725307,-0.126053,-0.0803653,0.125956,-0.0136174,-0.0233644,-0.037259,0.0525107,0.125952,-0.0210719,-0.0165999,0.423994,-0.027904,0.0149239,-0.179117,0.020542,-0.0245374,0.0512262,-0.0730823,-0.292993,-0.0276212,-0.31355,0.209044,0.00331972],[-0.24472,-0.292026,-0.325752,0.183771,-0.23305,0.0269066,0.039291,-0.0276923,0.0433592,0.0246199,-0.128208,0.0247697,0.193423,1.95993,-0.0147899,-0.0210105,0.408753,0.0378856,-0.0920812,0.0251036,-0.602987,0.021165,-0.00558216,0.197081,0.0460543,-0.00687758],[-0.00193988,-0.0153625,0.05306,0.0993433,0.0218602,0.0565559,-0.03316,0.0090797,-0.0049691,-0.00110998,0.0843757,-0.000681414,0.0304596,-0.303261,-0.0110587,-0.0132871,-0.0503782,0.00778131,0.0019874,-0.000974666,0.0413954,-0.0501291,-0.00041732,-0.0108204,-0.00870134,-0.00636114],[-0.0251477,-0.0689616,0.468339,-0.273217,0.27018,-0.130074,-0.0625052,-0.00116641,-0.0538043,-0.0163942,0.281663,-0.0445178,0.158519,-1.32676,-0.0687039,-0.059967,0.494415,-0.00693338,0.0653577,-0.0156041,0.0144179,-0.496365,-0.0473854,-0.401605,0.13819,0.0015316],[-0.00382583,-0.0089874,0.144757,0.0400367,0.0164548,0.212,0.029424,-0.00264674,0.0128548,0.0075254,0.0380622,0.0107051,0.181013,0.335068,0.00668285,-0.00713139,0.168856,0.000306764,-0.00992053,0.00739038,0.0109396,5.71453e-05,0.00740044,0.206559,0.0422947,0.0105907],[0.00479177,0.00105493,-0.00546164,-0.0123539,0.0159419,-0.0101744,0.00564852,-0.00186842,0.000222444,0.000223818,0.00242556,5.8505e-05,-0.00474611,-0.00477208,0.000765416,-0.000664562,0.0258418,0.00208858,0.000127987,0.000221783,-0.00724182,-0.00916174,0.000716511,-0.0239575,0.00115511,0.00119604],[-0.166526,-0.00825486,0.329387,0.242349,0.407886,0.387552,-0.310765,0.0250675,0.0130455,-0.0215748,0.0274232,-0.00423643,-0.511842,1.84545,0.0139918,0.0215088,-0.192055,0.0120967,0.0948524,-0.0222834,-0.344612,0.0482065,-0.00803551,-1.16157,0.434325,0.0154778],[0.0984663,0.287663,0.647211,0.423918,0.0337062,0.564316,-0.0429196,-0.0221479,-0.0760884,-0.0830366,0.276506,-0.0495927,-0.115515,0.111869,-0.0250865,-0.00593795,-0.483372,-0.0853027,0.122299,-0.0824589,0.104599,-0.281858,-0.0273425,-0.341195,0.0540918,-0.0162657],[0.00686618,0.0070292,-0.00803486,-0.0293259,-0.0483777,-0.0385412,-0.0207437,-0.000998866,0.000771292,-0.00392225,0.0186771,0.000894628,-0.0145461,-0.0521186,0.00202579,0.00116238,-0.0171547,0.000195529,-0.00518369,-0.00389257,-0.0486147,0.015833,-9.01952e-05,-0.0473953,-0.00677678,0.00109917],[-0.236075,-0.522047,-1.17648,-0.658538,-0.0181699,0.195241,0.564409,-0.055389,0.0594403,0.0109746,-0.192818,0.0270281,-0.0917806,1.04282,-0.0703733,-0.173428,0.867727,-0.146609,-0.129885,0.00996547,0.391258,-0.560953,0.0383937,-1.37581,-0.19683,-0.0289875],[0.133826,0.164448,0.0335592,0.269534,0.283934,0.194946,-0.015524,0.0184812,-0.0199642,-0.0272718,-0.0929578,-0.025515,0.0738739,-1.4888,-0.0153214,0.01939,-0.387242,-0.0190668,-0.0844203,-0.0272138,0.151597,-0.525006,-0.0236054,-0.059608,0.051983,-0.00859426],[-0.217541,-0.237232,-0.340697,0.150419,-0.199335,0.168923,0.0769713,-0.0260429,0.0421764,0.0214668,-0.140556,0.0224635,0.151885,2.05571,-0.0205444,-0.0268621,0.459357,0.0361106,-0.0800094,0.0216119,-0.438392,0.0161852,-0.00199159,0.190962,0.051656,-0.00493539],[0.0061665,0.0162892,-0.022705,-0.0184671,0.0484005,0.121867,-0.015459,0.00173398,-0.00315116,-3.25868e-05,0.010553,-0.00332135,0.026186,0.319374,0.00173753,-0.00438966,0.0642533,-0.00752203,0.00520967,-9.69398e-05,-0.117933,0.0208568,-0.00444457,0.0433621,-0.00165332,0.000371264],[0.0712189,0.0675386,0.0670958,-0.00891412,0.148352,0.0381689,0.026953,0.00138027,-0.00380908,0.00379419,0.0391101,-0.00348303,-0.00699465,-0.203081,0.00828704,-0.002196,0.196651,-0.0173015,0.013328,0.00395707,0.153907,-0.0216339,-0.00256269,-0.0216825,0.0148979,0.00595513],[-0.0273387,-0.206155,0.563449,0.158606,0.315853,-0.238313,0.471823,-0.072004,0.0116376,0.0781699,-0.11924,0.00961751,-0.299119,2.89241,0.0159241,0.0269248,0.0618822,0.0413741,0.382756,0.0781459,-1.16403,-0.213139,-0.0335982,-0.835928,0.285435,0.0627015],[0.0686585,0.0672748,-0.00172588,0.0315368,0.185224,0.107426,0.0294731,-0.00626871,0.00913586,0.00910444,0.00465517,0.0066171,-0.0629319,0.159752,0.00542469,-0.00267346,0.00801295,0.00208568,-0.00610314,0.00907593,0.0824707,0.000897713,0.00215931,-0.0504311,0.020754,0.00439276],[-0.0959122,-0.0422313,-0.0932268,-0.175104,-0.277423,0.0360942,0.130305,-0.0135524,-0.00232798,-0.0248216,0.0737851,0.00134614,-0.0163659,-0.0241144,-0.0189821,-0.00924942,-0.37553,-0.00420939,0.0491879,-0.0250898,0.283897,0.116267,0.00545664,0.108813,-0.0205092,0.0127646],[-0.477511,-0.347219,-0.364684,0.597764,-1.55658,-0.695577,-0.535206,-0.0352684,-0.0654884,-0.0928748,-0.0115131,-0.0329603,1.20674,-6.9834,0.00123904,0.0449241,-2.29242,-0.0739474,0.110089,-0.0929972,-2.00087,0.00696868,-0.049894,-1.28298,-0.659571,-0.0604997]],"sigmahat":[[1.17969,0.759193,1.19422,0.258629,2.14167,1.25091,0.186124,-0.0234433,0.0488661,0.0331876,-0.00510411,0.0370345,-0.263542,1.26706,0.01845,-0.0330318,1.23754,0.00289928,0.108915,0.0329508,1.57426,0.152697,0.0142274,0.380168,0.0449039,0.0355865],[0.759193,0.822468,1.07006,0.153313,1.168,1.03662,0.0983161,-0.007197,0.0113399,0.00600645,-0.0647261,0.0134782,-0.256877,0.567482,-0.00446029,0.000848379,0.322011,0.000346614,0.0972816,0.00592969,0.894369,0.0968326,0.00671262,0.237671,0.0513088,0.0117371],[1.19422,1.07006,5.17896,0.547146,1.42308,2.65957,0.0809107,-0.00927002,0.0596115,-0.0219677,0.695764,0.0582113,0.108322,1.29757,-0.0131011,-0.00835528,1.45961,0.0374945,0.216844,-0.0227607,1.30911,0.166929,0.0143289,1.81938,0.1085,0.0380973],[0.258629,0.153313,0.547146,2.81982,0.542121,0.719901,-0.0182094,0.0488086,0.00754419,-0.000774359,0.359552,-0.0117477,0.165958,0.486911,0.0715857,0.119563,-0.693889,-0.0695693,0.00251161,-0.000692212,0.638008,-0.285286,0.0132619,0.100143,0.117392,-0.0267073],[2.14167,1.168,1.42308,0.542121,7.88148,2.99942,0.685917,-0.060201,0.167446,0.07633,-0.11426,0.111433,-0.812381,5.83858,0.0493038,-0.147273,3.80474,0.00291054,0.207191,0.075567,3.51476,0.429304,0.0577438,0.676325,0.282512,0.113916],[1.25091,1.03662,2.65957,0.719901,2.99942,7.17769,0.517594,-0.0101865,0.109773,0.0282754,-0.142303,0.121661,-0.367016,4.92613,-0.00459771,-0.0295834,2.20577,0.0374442,0.0667162,0.0281629,1.56055,0.579236,0.0148486,1.07799,0.292989,0.0818121],[0.186124,0.0983161,0.0809107,-0.0182094,0.685917,0.517594,0.705308,-0.010465,0.0434174,0.0400264,-0.2926,0.0270106,-0.318979,3.22925,0.0174951,-0.0611711,1.21081,0.0247091,0.00158033,0.0398438,1.32228,0.147546,0.0168909,0.335468,0.0471195,0.0236885],[-0.0234433,-0.007197,-0.00927002,0.0488086,-0.060201,-0.0101865,-0.010465,0.0235058,-0.00326628,-0.00152608,0.0280391,-0.00509985,-0.0336022,-0.0486104,-0.00292201,-0.0023707,-0.0291989,-0.00784292,0.00257406,-0.00151266,0.029936,-0.0371938,-0.000727645,0.0528435,0.0272195,-0.00487482],[0.0488661,0.0113399,0.0596115,0.00754419,0.167446,0.109773,0.0434174,-0.00326628,0.0207261,0.0126941,-0.0389188,0.0144439,-0.0216932,0.533315,0.00875703,-0.00162738,0.167042,0.00901891,-0.00549005,0.0126994,0.111703,0.0263203,0.00733449,0.0717079,0.0274546,0.00746902],[0.0331876,0.00600645,-0.0219677,-0.000774359,0.07633,0.0282754,0.0400264,-0.00152608,0.0126941,0.0591291,-0.0813632,0.00858444,-0.0137256,1.02603,0.0332109,0.0150272,0.268915,0.0172554,-0.00718787,0.058012,0.075529,-0.012288,0.00575228,0.0859276,0.0742967,0.0146775],[-0.00510411,-0.0647261,0.695764,0.359552,-0.11426,-0.142303,-0.2926,0.0280391,-0.0389188,-0.0813632,1.47008,-0.0207679,0.330413,-3.30058,-0.0110537,0.0119222,-0.13825,-0.0726995,0.0145458,-0.0816873,-0.2794,-0.417938,0.00247153,0.368885,-0.10876,0.00834122],[0.0370345,0.0134782,0.0582113,-0.0117477,0.111433,0.121661,0.0270106,-0.00509985,0.0144439,0.00858444,-0.0207679,0.0162699,-0.008536,0.29514,0.0050572,0.00236463,0.0576702,0.0063576,-0.00813023,0.00858805,0.0573295,0.0425959,0.006959,0.0365807,0.0103805,0.0062405],[-0.263542,-0.256877,0.108322,0.165958,-0.812381,-0.367016,-0.318979,-0.0336022,-0.0216932,-0.0137256,0.330413,-0.008536,1.93747,-5.01102,0.028731,0.0695317,-0.645444,0.0339736,-0.0376543,-0.0140132,-1.62749,-0.261716,-0.00733086,-0.270538,-0.323585,-0.0151219],[1.26706,0.567482,1.29757,0.486911,5.83858,4.92613,3.22925,-0.0486104,0.533315,1.02603,-3.30058,0.29514,-5.01102,108.637,1.07219,-0.232842,25.1635,0.295091,0.341413,1.02652,7.25614,2.65872,0.171272,8.75056,3.44044,0.534888],[0.01845,-0.00446029,-0.0131011,0.0715857,0.0493038,-0.00459771,0.0174951,-0.00292201,0.00875703,0.0332109,-0.0110537,0.0050572,0.028731,1.07219,0.0546462,0.029154,0.30691,0.00528662,0.000442402,0.0331979,0.0122421,-0.0146571,0.00477097,0.12611,0.0623287,0.0156849],[-0.0330318,0.000848379,-0.00835528,0.119563,-0.147273,-0.0295834,-0.0611711,-0.0023707,-0.00162738,0.0150272,0.0119222,0.00236463,0.0695317,-0.232842,0.029154,0.0546402,-0.370998,0.00301982,-0.00899213,0.0150569,-0.178598,-0.0122708,0.00369396,-0.0178676,0.024516,0.00153402],[1.23754,0.322011,1.45961,-0.693889,3.80474,2.20577,1.21081,-0.0291989,0.167042,0.268915,-0.13825,0.0576702,-0.645444,25.1635,0.30691,-0.370998,14.6179,0.094222,0.0798347,0.268854,3.67461,0.147442,0.0286847,3.05732,0.741131,0.227283],[0.00289928,0.000346614,0.0374945,-0.0695693,0.00291054,0.0374442,0.0247091,-0.00784292,0.00901891,0.0172554,-0.0726995,0.0063576,0.0339736,0.295091,0.00528662,0.00301982,0.094222,0.0553271,-0.00224782,0.0172614,-0.013611,0.0262618,0.00186439,-0.0276245,0.00130116,0.00673072],[0.108915,0.0972816,0.216844,0.00251161,0.207191,0.0667162,0.00158033,0.00257406,-0.00549005,-0.00718787,0.0145458,-0.00813023,-0.0376543,0.341413,0.000442402,-0.00899213,0.0798347,-0.00224782,0.211725,-0.00708283,0.136439,0.0382704,-0.00400661,0.347561,-0.0193182,-0.000926327],[0.0329508,0.00592969,-0.0227607,-0.000692212,0.075567,0.0281629,0.0398438,-0.00151266,0.0126994,0.058012,-0.0816873,0.00858805,-0.0140132,1.02652,0.0331979,0.0150569,0.268854,0.0172614,-0.00708283,0.0591801,0.074906,-0.0123952,0.00577032,0.0854111,0.0744567,0.0147169],[1.57426,0.894369,1.30911,0.638008,3.51476,1.56055,1.32228,0.029936,0.111703,0.075529,-0.2794,0.0573295,-1.62749,7.25614,0.0122421,-0.178598,3.67461,-0.013611,0.136439,0.074906,8.22856,0.812108,0.0586819,1.67747,0.260156,0.056752],[0.152697,0.0968326,0.166929,-0.285286,0.429304,0.579236,0.147546,-0.0371938,0.0263203,-0.012288,-0.417938,0.0425959,-0.261716,2.65872,-0.0146571,-0.0122708,0.147442,0.0262618,0.0382704,-0.0123952,0.812108,2.18701,0.0169684,-0.0342451,-0.0186892,0.00266293],[0.0142274,0.00671262,0.0143289,0.0132619,0.0577438,0.0148486,0.0168909,-0.000727645,0.00733449,0.00575228,0.00247153,0.006959,-0.00733086,0.171272,0.00477097,0.00369396,0.0286847,0.00186439,-0.00400661,0.00577032,0.0586819,0.0169684,0.00773919,0.0160884,0.00875722,0.00346329],[0.380168,0.237671,1.81938,0.100143,0.676325,1.07799,0.335468,0.0528435,0.0717079,0.0859276,0.368885,0.0365807,-0.270538,8.75056,0.12611,-0.0178676,3.05732,-0.0276245,0.347561,0.0854111,1.67747,-0.0342451,0.0160884,5.26005,0.393073,0.0720704],[0.0449039,0.0513088,0.1085,0.117392,0.282512,0.292989,0.0471195,0.0272195,0.0274546,0.0742967,-0.10876,0.0103805,-0.323585,3.44044,0.0623287,0.024516,0.741131,0.00130116,-0.0193182,0.0744567,0.260156,-0.0186892,0.00875722,0.393073,0.475181,0.0292132],[0.0355865,0.0117371,0.0380973,-0.0267073,0.113916,0.0818121,0.0236885,-0.00487482,0.00746902,0.0146775,0.00834122,0.0062405,-0.0151219,0.534888,0.0156849,0.00153402,0.227283,0.00673072,-0.000926327,0.0147169,0.056752,0.00266293,0.00346329,0.0720704,0.0292132,0.0170347]],"n":26,"lags":3}