{"betahat":[[0.599463,0.79816,1.00094,-0.416966,-0.811859,0.169663,0.00892259,0.1652,0.112284,0.308032,-1.08818,7.31667,0.0715352,-0.285938,5.34602,1.41362,0.967985,0.0359522],[0.849867,-0.0693712,0.065083,0.00753897,-0.243894,-0.186476,0.00723154,-0.0110669,-0.0174933,-0.0311873,0.240781,-0.665467,0.00155175,-0.00703144,-0.168274,0.0217967,-0.07301,0.00270703],[0.0213385,1.03714,0.194299,-0.278006,0.0190715,-0.15591,0.0356355,-0.00305244,0.0347305,0.0518092,0.195761,0.386231,0.0186326,0.00773474,0.0783727,-0.175767,0.0576861,-0.0164224],[0.0365753,0.0132898,0.881161,0.0516218,0.218555,0.143866,0.0206718,-0.0028545,0.00676069,0.00679878,-0.0365643,0.197877,-0.00602852,-0.00554402,0.0569574,0.0651381,-0.0140249,-0.00366754],[0.00113608,0.0716925,-0.00451552,0.874657,0.0158618,-0.089145,-0.067556,0.00715381,-0.013804,-0.0198488,0.0382076,-0.641067,-0.00356161,0.0120414,-0.262473,-0.0780777,-0.0362799,-0.00406238],[-0.0629382,-0.0423866,-0.0286385,-0.0928789,0.720708,0.0797145,0.00506904,-0.00118491,0.00118651,0.00162282,-0.0553311,0.0708368,0.000450956,0.00575311,-0.159658,-0.0388806,0.00434242,-0.00019741],[-0.032522,-0.0206133,-0.107501,0.0174031,-0.0299225,0.72637,-0.0254579,0.00180373,-0.00593359,-0.00455122,-0.0688617,-0.36419,-0.00731251,0.00208856,-0.179663,-0.0660553,-0.0258538,-0.0104188],[0.050173,0.113936,0.387221,0.0415199,0.0722848,-0.00148713,0.944977,-0.0323631,0.0494419,0.00724422,-0.0145984,0.0414643,-0.0308849,-0.0317558,0.0823475,-0.0636842,-0.13278,0.0313155],[-0.319124,-0.500164,-1.01766,-0.322027,-0.49497,-0.415758,0.613352,0.757767,-0.0204494,-0.127889,-1.2341,8.36937,0.117621,0.0806398,-0.64651,0.855076,-1.26161,-0.069346],[-0.694329,-0.551858,-0.437642,-0.0106217,-1.11685,-0.382694,-0.100461,-0.0397096,1.16464,-0.13199,0.973884,-7.23789,-0.00577836,0.0728443,-1.21336,-0.323336,-0.66327,0.122872],[0.382345,-0.101133,0.143899,-0.195009,0.670524,1.52336,-0.283744,0.130447,0.0554573,0.830174,-0.673155,2.67359,-0.0486587,-0.0792505,0.701343,0.682415,0.148888,-0.0152166],[-0.00988707,0.0175829,-0.0669975,-0.242369,0.063367,0.00188688,-0.0126328,-0.000530042,-0.0105909,-0.0055482,1.20006,0.331431,0.012052,0.001952,0.139143,-0.00365508,-0.0123501,0.0185029],[0.0118543,0.00966124,0.0268646,-0.00977512,0.0225938,0.0800594,0.00469872,-0.00173414,0.002837,0.00426811,-0.014696,1.05035,0.000831093,0.00249661,-0.0586322,-0.0175517,0.00189805,0.00193792],[0.496537,0.224477,0.322228,-0.234,0.507422,1.53974,0.0607947,-0.190133,0.0242276,0.018944,0.730763,-4.56144,1.07272,0.0400137,-0.0611589,0.976623,-0.801026,0.0889815],[-0.68605,-0.559677,-2.38488,-0.242324,-0.64044,-3.89537,0.141321,0.0669775,0.0222624,0.161212,-0.933987,-5.38443,0.0108104,1.03045,-2.17607,-0.868523,-0.130317,0.0202568],[0.0301289,-0.00806879,0.0594037,0.0834265,0.16831,0.172326,0.0171791,0.00224393,0.00554832,0.00818267,0.0157355,-0.0376914,0.00675335,0.000636591,1.14037,0.0263468,0.0224861,0.00379216],[0.0279203,-0.00903693,-0.183466,0.0602288,0.151135,0.052748,-0.0114906,-0.0134218,0.00630141,0.0201583,-0.0662012,1.06814,0.00775534,-0.0137657,0.410107,0.571824,0.125291,0.0238116],[0.045663,0.0262656,0.344801,-0.131201,0.519813,0.406805,0.0712615,0.0189975,-0.0122431,0.000785777,-0.00710739,1.56917,0.0292739,0.0353084,0.514983,0.118739,0.599056,0.0287567],[0.101561,0.796229,0.0881083,-1.84014,0.71577,0.559224,0.483672,-0.0119912,0.0503335,-0.207517,-0.00205164,4.8579,-0.108303,0.00245476,1.11738,-0.914827,0.457835,1.05455],[0.141739,0.0958965,0.0831329,-0.051622,0.169299,0.171486,0.00129414,0.00138546,0.00890438,0.00409097,-0.134686,0.385775,-0.00689643,-0.00135948,0.12997,-0.0111557,0.0758496,0.000348602],[0.0198232,0.0100193,-0.0141742,0.235011,0.152176,0.368898,-0.0233274,-0.00565333,-0.0166762,-0.0531577,-0.0571843,-0.636453,-0.0118078,0.00308094,-0.0525493,0.0706872,-0.0590706,0.0226013],[-0.00988336,-0.00927415,0.0346788,-0.045909,-0.135189,-0.0261722,0.0206257,0.00207402,0.000548026,-0.00944403,-0.00443894,-0.206732,0.00169451,0.00259008,0.00872695,-0.00115487,-0.00591019,0.00662287],[-0.0157964,-0.0426517,-0.0686527,0.0285242,0.0278527,0.00758226,0.0180011,-0.00693471,0.00691345,0.0142965,0.00372164,0.444701,-0.0136231,-0.0202887,0.0820722,-0.00680928,0.0422803,-0.00435132],[0.0605976,0.0456855,0.00841567,0.0386221,0.21788,-0.0746542,0.0034136,-0.00273933,-0.00180811,0.00294125,0.0451975,0.248728,0.00625291,-0.000923377,0.136187,0.0417181,0.0266349,0.00307977],[0.0370931,0.023192,0.0797285,0.0440907,0.0042139,0.157494,0.0184257,-0.000829664,0.00490887,0.00972547,0.0430073,0.295664,0.00541295,0.00388026,0.113801,0.0557389,0.0202919,0.0105138],[-0.121616,-0.112959,-0.338596,-0.151185,-0.135548,-0.31075,-0.0534673,0.00524661,-0.0456397,0.0164592,0.0505959,-0.270574,0.0515174,0.059209,-0.305725,-0.0670528,0.0694858,-0.0231165],[0.560234,0.285438,1.68709,-0.373645,1.57706,0.155775,-0.283243,-0.13304,0.0846099,0.123355,0.262184,-1.45682,-0.0504525,-0.0854964,1.65109,-0.167806,0.686618,0.121794],[0.726556,0.236454,-0.653042,0.281755,0.967051,-0.596608,0.0310888,0.0847567,-0.12213,0.0321475,-0.327703,4.38318,0.0189786,-0.0990047,1.59178,0.4616,0.363635,-0.1144],[-0.0329094,0.448851,0.390684,0.0474293,-0.243967,-1.51133,0.394711,-0.061431,-0.086011,0.0696502,0.582455,-4.60775,0.0852115,0.102471,-1.43231,-0.610721,-0.348806,0.00319906],[0.0397624,-0.00447007,0.0694442,0.110803,-0.0181325,-0.0310993,0.0397262,-0.00960086,0.0172562,0.0124318,-0.205494,0.149738,-0.00188765,0.0041692,0.103645,0.0359134,0.0485516,-0.00737382],[-0.0156159,-0.00964358,-0.031988,0.0183985,-0.0249505,-0.0706753,-0.0094774,0.00121887,-0.00256259,-0.00383024,0.0144402,-0.0420481,-0.000652276,-0.000935219,0.0342197,0.0137596,-0.00583883,-0.00110227],[-0.207828,-0.165404,-0.396204,-0.0609753,-0.681906,-1.71067,0.0410278,0.122418,-0.0144922,-0.0713854,-0.393951,0.991569,-0.114215,-0.0739953,0.188891,-0.530958,0.293307,-0.0804343],[0.509726,0.360277,1.61868,0.035222,0.561867,3.26826,0.0283524,-0.0734499,0.0497156,-0.0941552,0.282764,4.89803,0.00681011,0.0120618,1.75709,1.11807,-0.0781145,-0.000743871],[-0.0451703,-0.00188994,-0.0542603,-0.0683196,-0.141031,-0.153956,-0.0180202,-0.000348914,-0.00688242,-0.00734762,-0.0109595,-0.0167902,-0.0105915,-0.00163519,-0.106848,-0.0263851,-0.0157015,-0.00431702],[0.0519146,0.0543187,0.149959,0.067883,0.0960348,0.0484006,0.0711689,0.0122539,-0.00129189,0.0058222,0.0669543,0.12253,0.00252028,0.0096463,-0.0189624,0.168314,-0.0124298,-0.00583855],[-0.135813,-0.109367,-0.244086,0.103579,-0.367963,-0.386455,-0.0296144,-0.0155443,0.0126141,-0.00607579,-0.0813795,-0.880448,-0.00731597,0.00565892,-0.686383,-0.342168,0.154025,-0.00469109],[-0.0214559,-0.303611,-0.73022,1.3169,0.210549,-0.602832,-0.0594944,0.0951603,-0.0623059,0.197446,-0.435342,-2.8747,0.0464031,0.0288798,-0.927754,0.476502,-0.320627,-0.0705691],[0.00837554,-0.0265278,-0.148247,0.0440687,0.0745531,0.0149443,-0.00854685,0.00968102,0.00858699,0.0270898,-0.106057,0.279522,0.00534414,0.00839208,0.0382926,-0.0106547,-0.00284789,-0.00305542],[-0.041178,-0.0471597,-0.180151,0.0429794,-0.171281,-0.21303,-0.0123303,0.00870509,-0.0180556,0.00134368,-0.138536,0.250088,-0.00682326,-0.010814,-0.0257931,0.105072,0.00138013,-0.00617822],[-0.026716,-0.00402383,0.0841027,-0.00573031,-0.0834134,-0.117758,-0.0413188,0.000780398,-0.00731007,0.00263881,0.0410416,0.00869502,0.0043348,0.00295683,-0.0656986,-0.0639946,0.0199272,-0.0029546],[0.0146463,-0.0290348,0.0731252,0.0967789,-0.0437508,0.0814927,0.0495209,-0.000221113,0.00688774,0.00554266,-0.0418746,0.196049,0.0171847,0.00824879,0.18038,0.0848712,-0.00601404,0.00841571],[0.0023164,-0.00330655,0.0201834,0.0542379,0.0613408,-0.00511642,-0.00850852,0.00392338,0.000619175,-0.00457313,0.0101722,-0.319837,-0.00670589,-0.00482743,0.023406,-0.00286309,-0.0309946,-0.00288267],[-0.004591,-0.00258205,0.0277332,-0.0615054,0.0256542,0.116056,0.00700957,-0.000975228,0.00102312,-0.00518139,0.0258917,0.0682893,0.00189961,-0.00596516,0.065822,0.0102973,0.00554923,-9.44644e-05],[0.0713701,-0.000969123,-0.0488358,0.10958,0.0630991,0.311966,0.108317,0.0271123,-0.00381741,-0.0237467,-0.035802,0.227595,-0.0206322,-0.0274399,0.223252,0.130641,0.0632302,-0.00819802],[-0.131629,0.292163,-0.425586,0.816654,-0.81304,0.435829,-0.236554,0.347429,-0.0537834,0.0645341,0.972704,-4.48864,-0.00814347,0.040175,-0.692697,-0.526093,0.695578,-0.0419146],[0.0403589,0.0208146,0.615103,0.0688666,0.077892,0.549592,0.0487227,-0.0320741,-0.111938,0.0778544,-0.232944,1.47362,-0.0404461,0.0310921,-0.394313,-0.0529707,0.231159,-0.0265875],[-0.283969,-0.360179,-0.406907,0.249029,-0.258592,0.0941643,-0.0175679,-0.07376,0.0438705,0.0882805,0.0343309,2.20687,-0.037474,-0.031928,0.734824,0.0234669,0.170429,0.0112505],[-0.0300578,-0.0131571,-0.00271585,0.131453,-0.0455535,0.0290231,-0.0271913,0.0101317,-0.00668461,-0.00691261,0.00547375,-0.48177,-0.0101808,-0.00611443,-0.24293,-0.0323922,-0.0362086,-0.0111345],[0.00355359,3.40615e-05,0.00448554,-0.0082349,0.00223474,-0.00987606,0.00484217,0.000438091,-0.000276204,-0.000586219,0.000469837,-0.016379,-0.00014075,-0.00143188,0.0225179,0.00350569,0.00365869,-0.000801288],[-0.25258,-0.044618,0.255321,0.344008,0.320463,0.408874,-0.0225168,0.0596993,0.00473969,0.0448574,-0.315543,3.95559,0.0249954,0.0130704,0.0922917,-0.3232,0.501032,-0.0114795],[0.214751,0.200335,0.790565,0.234377,0.216308,0.740366,-0.0918187,0.00155826,-0.0660267,-0.0636186,0.585581,0.740665,-0.0205415,-0.0592906,0.481908,-0.185347,0.192121,-0.0226234],[0.0146378,0.00999978,-0.00565748,-0.0154193,-0.0281105,-0.0192038,0.000197854,-0.00188958,0.00128119,-0.000955102,-0.00401591,0.0510399,0.00386525,0.00113196,-0.0342383,-0.000369369,-0.00676116,0.000531789],[0.0124739,0.0201634,0.173991,0.00929258,-0.0830819,0.0887836,-0.0695106,-0.00244399,0.00469685,-0.00926232,0.0318667,-0.523281,-0.00225709,0.0156584,-0.326326,0.0363765,-0.0220337,0.00021388],[-0.0553665,0.0167695,-0.184492,-0.00614073,-0.255511,-0.0400746,0.0607752,-0.0198758,-0.00423525,-0.0158163,0.0282031,-0.711444,-0.0104254,0.00975796,-0.509964,0.150401,0.0507877,-0.000250572],[-0.11552,-0.408873,0.487634,0.538103,-0.867783,0.182666,-0.469758,-0.0703622,-0.0287203,-0.036689,0.306425,-3.36734,0.0274893,-0.00267184,-0.939648,0.116494,-0.259204,-0.0356018]],"sigmahat":[[1.67889,1.10832,1.68173,0.48714,2.88994,1.69411,0.249796,-0.0385382,0.0610144,0.0534237,0.0342827,1.55587,0.041735,-0.0312256,1.4408,0.647685,0.157,0.0355408],[1.10832,1.2292,1.52338,0.362927,1.6665,1.43895,0.127666,-0.00972355,0.00560459,0.0292523,-0.0589992,0.811941,0.0203957,0.0229304,0.403302,0.181771,0.224508,0.00947154],[1.68173,1.52338,6.67955,0.660266,1.92541,3.69971,0.207168,-0.0811962,0.112614,-0.0202931,0.632444,0.926948,-0.0530205,-0.0358041,1.67625,0.871146,0.178018,0.0636467],[0.48714,0.362927,0.660266,3.83878,0.94036,0.896778,0.0061867,0.0441079,-0.00369258,-0.0207629,0.314282,-1.23765,0.0740602,0.158044,-1.33299,-0.049,0.136472,-0.0343714],[2.88994,1.6665,1.92541,0.94036,10.0678,3.63476,0.884411,-0.0943849,0.207039,0.105981,-0.188308,7.07739,0.100348,-0.185319,4.62849,1.91645,0.3385,0.125339],[1.69411,1.43895,3.69971,0.896778,3.63476,9.74361,0.7592,-0.00597093,0.138517,0.0637668,-0.266949,6.76518,-0.0162094,-0.0545098,2.83025,1.47513,0.551164,0.0756325],[0.249796,0.127666,0.207168,0.0061867,0.884411,0.7592,1.07014,-0.0317382,0.082526,0.0702391,-0.523117,4.32051,0.0191969,-0.081449,1.38608,0.616921,0.00153311,0.0315823],[-0.0385382,-0.00972355,-0.0811962,0.0441079,-0.0943849,-0.00597093,-0.0317382,0.035102,-0.00910002,-0.00707598,0.0348639,-0.277839,-0.0094045,-0.00669878,-0.0537311,-0.0240087,0.0369915,-0.00936078],[0.0610144,0.00560459,0.112614,-0.00369258,0.207039,0.138517,0.082526,-0.00910002,0.0352572,0.0165837,-0.0587925,0.72282,0.00860231,-0.00686542,0.253858,0.120051,0.0221955,0.0116894],[0.0534237,0.0292523,-0.0202931,-0.0207629,0.105981,0.0637668,0.0702391,-0.00707598,0.0165837,0.0970357,-0.147765,1.5454,0.0468555,0.0185797,0.422252,0.062764,0.127671,0.0184058],[0.0342827,-0.0589992,0.632444,0.314282,-0.188308,-0.266949,-0.523117,0.0348639,-0.0587925,-0.147765,2.26789,-5.46107,-0.0183885,0.00811203,-0.0463377,0.0754573,-0.0743288,0.0263971],[1.55587,0.811941,0.926948,-1.23765,7.07739,6.76518,4.32051,-0.277839,0.72282,1.5454,-5.46107,118.259,1.11096,-0.472672,28.2609,6.20472,3.93689,0.449096],[0.041735,0.0203957,-0.0530205,0.0740602,0.100348,-0.0162094,0.0191969,-0.0094045,0.00860231,0.0468555,-0.0183885,1.11096,0.0719756,0.0406142,0.308089,0.0240974,0.0826451,0.0184725],[-0.0312256,0.0229304,-0.0358041,0.158044,-0.185319,-0.0545098,-0.081449,-0.00669878,-0.00686542,0.0185797,0.00811203,-0.472672,0.0406142,0.0826966,-0.624634,-0.140922,0.0204233,0.00256948],[1.4408,0.403302,1.67625,-1.33299,4.62849,2.83025,1.38608,-0.0537311,0.253858,0.422252,-0.0463377,28.2609,0.308089,-0.624634,19.6721,3.23756,1.28323,0.257228],[0.647685,0.181771,0.871146,-0.049,1.91645,1.47513,0.616921,-0.0240087,0.120051,0.062764,0.0754573,6.20472,0.0240974,-0.140922,3.23756,2.80668,0.0901257,0.0614309],[0.157,0.224508,0.178018,0.136472,0.3385,0.551164,0.00153311,0.0369915,0.0221955,0.127671,-0.0743288,3.93689,0.0826451,0.0204233,1.28323,0.0901257,0.80179,0.024738],[0.0355408,0.00947154,0.0636467,-0.0343714,0.125339,0.0756325,0.0315823,-0.00936078,0.0116894,0.0184058,0.0263971,0.449096,0.0184725,0.00256948,0.257228,0.0614309,0.024738,0.0242676]],"n":18,"lags":3}