{"betahat":[[-0.199876,0.15084,4.38764,-0.14751,-0.0825485,1.7968,-0.0163284,-0.183951,-0.190506,0.0318109,-0.0371789,-0.00113687,-0.0595613,-0.000244221,-0.0117219,0.45137,0.662599,-0.186529,-0.314927,-0.0266338,-1.41877,1.30862,-0.000941746],[0.0512988,0.00115513,-0.276733,0.0170108,0.0543388,-0.125034,0.00330833,0.0055491,0.0163816,-0.0131516,0.0032849,-0.002577,0.00634689,-0.00191036,0.0039779,0.00283205,0.00919053,-0.0377224,-0.0250272,0.00248955,-0.436446,0.116434,-0.00106266],[0.0114546,0.0452337,1.29398,-0.0460912,0.038574,0.489428,0.0195221,0.00108742,-0.0940611,-0.0424883,-0.000960344,-0.00138525,-0.000407073,7.87722e-05,0.00119602,-0.00598866,-0.0146289,0.0161648,0.0860722,-0.00390583,-0.431814,-0.073457,0.00341154],[-0.000197025,-7.30345e-05,-0.0276369,0.000706719,0.000623162,-0.0043742,0.00015332,0.000617767,-0.00422196,0.000968624,5.19445e-06,-6.70743e-05,-0.000584876,-0.000142465,-0.000253013,-0.00087061,-0.00120654,-0.00164472,0.00177415,-0.000117328,-0.00586406,-0.00215048,-0.000134655],[-0.0272413,-0.0197807,-0.476227,0.00101743,-0.0731023,-0.326593,-0.0184506,-0.00445527,0.0479932,0.0113547,0.00882805,0.00138493,0.00414702,0.00190785,-2.03193e-05,0.00722061,0.00656313,-0.00554858,-0.0843417,0.00574874,0.102154,0.10106,0.00139939],[0.0455547,0.00253249,-0.15721,-0.00579311,0.038226,-0.0524055,0.000193437,0.00530884,-0.00303181,0.00488384,0.00357025,-0.00122142,0.00333004,0.000102143,0.00260677,-0.00248639,0.00309447,-0.00880283,0.00813614,0.00160937,-0.217271,-0.016834,-7.84145e-05],[0.00534249,-0.00279998,-0.0487806,0.00341292,0.00454247,-0.0137213,0.000128614,0.00134295,-0.00963382,0.00696746,-7.07524e-05,-7.1709e-05,-0.0022662,-0.000211398,-0.000770678,-0.00309046,-0.00623936,-0.00102363,0.0063441,-0.000570526,0.00886889,-0.003672,-0.000816838],[-0.176475,0.0147303,2.85368,0.104721,-0.291861,0.529425,0.105763,0.0534743,-0.484462,-0.0586273,0.00170942,0.035352,0.0446278,0.0469552,0.0229738,-0.114906,-0.158631,0.0228747,0.133631,0.0193699,-1.01333,-0.195371,0.0148616],[-0.153947,-0.0409648,-1.35862,0.00795549,-0.202433,-0.699352,0.0025273,0.466396,-2.24475,0.128465,0.00571932,-0.0132181,-0.00277613,-0.0155329,-0.0138082,-0.232344,0.0829618,0.179376,0.691371,-0.00703501,0.586808,-3.06058,-0.00230365],[-0.00219588,0.00375481,-0.119633,-0.00937281,-0.00173859,-0.0436758,-0.00600645,-0.00421367,0.308768,0.0225086,-0.00418125,-0.00121923,-0.000716623,-0.00196477,-0.000185188,0.00490559,0.00258571,-0.00827989,0.0677674,0.000938427,0.0361366,-0.100403,-0.00160073],[-0.0265935,-0.0243581,-0.304632,0.0261654,-0.044024,-0.117345,-0.00806499,0.00487152,0.13409,0.142884,-0.00369165,-0.000811385,-0.00746215,-0.00185444,-0.00066006,-0.00256643,-0.0101413,0.00554587,0.0432306,-0.00118963,0.183529,-0.479186,0.000990824],[-0.0383478,-0.0134211,-0.0482291,0.102103,-0.110584,0.0248012,0.0180917,-0.00851645,-0.541218,-0.0427481,0.0666846,0.00250696,0.0273685,0.0143625,0.00629462,0.0705461,-0.0122689,0.000938421,-0.288246,0.00558249,0.299914,1.09386,0.00656004],[-0.370901,-0.219089,-0.00177837,0.115113,-0.552172,-0.413333,-0.0945992,0.0160457,-0.459681,0.0885596,0.00754755,0.13686,-0.03625,0.113706,-0.0197347,-0.0797706,-0.229252,0.189532,0.331817,0.0227243,0.0632757,0.986128,0.0731123],[-0.38794,0.226338,2.00124,-0.24759,-0.364671,0.525924,0.0440279,-0.025086,-0.252389,-0.144382,0.00942837,0.00938133,0.0720773,0.0220059,0.0132379,0.0725916,-0.00833146,0.0686106,0.00469168,0.0197046,-0.67637,0.149408,0.00932068],[-0.584196,-0.12841,-1.07215,0.0399709,-0.823303,-0.675104,-0.0601314,0.0239133,-1.20495,-0.0105996,0.0527414,0.148656,0.00991851,0.141256,0.0020129,0.0107613,-0.144505,0.163517,0.229779,0.0125808,-0.450404,2.0364,0.0931943],[-0.317289,0.0335154,-1.50874,0.114506,-0.460377,-0.819202,0.0408615,-0.0263613,-0.233348,0.302712,0.0494338,0.0389778,0.0774554,0.048118,0.0430157,0.0244043,0.00827039,0.089057,0.0407542,0.0319298,0.529131,-1.04769,0.0335371],[0.119945,0.13296,2.05454,0.00958811,0.089817,0.790847,0.0454821,-0.10164,-0.133072,0.0493256,0.0729322,-0.0142837,0.0112759,-0.00492844,-0.00112892,0.369274,0.144335,-0.0573238,-0.0524816,-0.00609422,0.206202,0.948587,0.0102472],[0.0294485,-0.0219266,-2.32233,0.00743905,0.0291122,-0.85436,0.0102388,0.0111384,0.216337,-0.0423391,-0.00921025,-0.00011547,0.0175148,0.00175724,0.00836262,0.0869983,0.718182,0.0347584,-0.0789132,0.010884,0.548589,-0.959332,-0.00184949],[0.103337,0.0531956,0.447974,-0.08927,-0.0130083,-0.0650672,-0.00369987,0.0378142,-0.380347,-0.00714337,-0.0161832,0.00236785,0.0237992,-0.00113001,0.00428395,-0.0885148,-0.0393505,0.430721,0.0444959,0.00880031,0.300149,-1.21615,0.00349956],[0.0236773,0.00274086,0.26885,0.0241236,0.0526473,0.166697,0.00191886,0.0561906,0.319255,0.0686258,0.0184084,0.00572648,-0.00518273,0.00746964,0.0048903,0.0126943,-0.00216072,0.0315213,0.487587,-0.00823969,0.126452,-0.693008,0.00426634],[-0.181029,0.119407,0.607789,-0.163654,-0.156148,0.293884,-0.0109399,-0.00930802,-0.0525216,-0.126302,-0.00822012,0.00672326,0.0239158,0.00877035,-0.0130365,0.0279537,0.00478937,0.0167453,0.0400375,-0.021889,-1.74385,0.310218,0.00715451],[-0.00854774,0.00225403,-0.017936,-0.00309618,-0.00945764,-0.00968464,0.00179222,-3.80046e-05,0.000347007,-0.00530119,-0.000373081,4.0809e-05,0.000501321,-7.34876e-06,-0.000633473,0.00268521,0.00844192,0.00373595,0.000210474,-0.00118176,-0.131725,-0.0173662,-0.000659107],[0.00662285,-0.000305751,0.0616387,0.000414,0.00853502,0.0119716,0.000914042,-0.0023871,-0.0121874,-0.0153562,0.000700905,0.000274443,-9.76287e-05,0.000208982,-0.00013814,0.00115698,-0.00254204,-0.00480122,-0.0160559,-0.000294954,-0.0199059,0.112297,-0.000181133],[-0.0424357,-0.0412019,-0.739598,0.063896,-0.224325,-0.354671,0.000648857,-0.00421752,-0.218131,0.0637314,0.0169596,0.0262658,0.0150894,0.0271213,0.00496512,0.00971852,-0.00834831,0.0246237,-0.0610208,0.0104003,0.659396,0.0354643,0.0101521],[0.00246711,0.00527751,0.0324739,-0.00254415,-0.011008,-0.00607823,0.000205227,0.00152845,0.0193711,0.00757284,0.000129873,-0.000628447,0.00115922,-0.000263031,0.000297209,0.000172507,-0.00340708,-0.0118474,-0.0037527,-0.000431554,-0.0585263,0.00520787,-0.000426148],[-0.00570115,-0.0220764,0.346793,0.00258869,0.0070759,0.131065,0.00988585,0.00836229,-0.0592835,-0.00115215,0.00118577,0.000134284,0.00101099,0.000552507,0.00120694,-0.0118943,0.00504131,0.000676527,0.019393,-0.000873406,0.00970908,0.0117716,-0.00267873],[0.000465374,-0.000994876,0.0156122,-9.62429e-05,0.00317738,0.0115482,0.000198811,0.000424608,-0.00206528,0.000893935,-0.000115292,-2.47233e-05,-0.000215725,-7.40599e-06,3.55568e-05,-0.000486916,-8.89858e-05,-0.000395478,0.000740089,-0.000135373,-0.00201603,-0.0042146,1.90028e-05],[-0.00937345,0.0138213,-0.391331,-0.0192095,0.00264209,-0.0715997,-0.00463364,-0.00566365,0.00766778,-0.00746377,0.00109742,4.16061e-05,0.00117749,0.000380791,-0.00185573,0.00766603,-0.00162681,-0.00227897,-0.0278524,0.00267074,0.0302954,0.0356813,0.00129501],[-0.0109251,0.0103341,0.0167437,-0.00458918,-0.022697,-0.00588344,-0.00155215,0.000548045,0.00275556,0.00907468,0.000749093,-0.00043794,0.00074391,-0.000233755,0.000241277,0.00164425,-6.24937e-06,-0.0058965,-0.00490607,-0.000156283,-0.0534211,-0.0070283,-0.00017392],[0.001065,-0.00172839,0.0732467,0.000261126,0.00966954,0.0421096,0.000178962,0.00114361,-0.00736602,0.00246591,-9.59738e-05,-6.44972e-06,-0.000870342,-1.43779e-05,-3.78166e-05,-0.00139798,0.000172109,-0.0010598,0.00251463,-0.00040855,-0.0143074,-0.00391974,3.53727e-05],[-0.00755973,0.0196195,0.255101,-0.0300165,0.00376457,0.117309,-0.0326151,0.00986792,-0.20912,-0.00771518,-0.00880472,0.0196304,0.0137469,0.0190227,0.00904081,-0.034364,-0.050401,-0.00521428,-0.0127051,-0.00561153,-0.178838,0.0939007,0.0197808],[-0.0954897,0.0634604,0.273077,-0.018462,-0.0950844,0.119076,0.00216999,0.0815947,-0.748905,-0.0636262,0.0132031,-0.00655377,0.0027343,-0.0048785,-0.00509561,-0.0342337,0.0281546,0.0695705,0.0741707,0.00874733,0.105334,-0.497833,-0.00309836],[0.00215466,0.00110252,0.0254761,-0.00269382,0.00283713,0.00276954,3.11591e-06,6.44889e-05,0.0735975,0.00182699,-0.000860131,-0.000389333,0.000193206,-0.000413998,1.23802e-05,0.00102535,0.00225633,-0.00268513,0.0206126,0.000145978,0.0107208,-0.0189351,-0.000739279],[0.00512076,-0.00589662,-0.0602049,0.0100751,-0.0012939,-0.0359284,-0.00149519,0.000938608,0.0371469,0.0167302,-0.00103856,-0.000625645,-0.000593464,-0.000865579,-0.000655431,-0.000853131,-0.0025026,0.00297273,0.00787275,0.000440327,0.0229036,-0.095438,-0.000425993],[-0.0227198,-0.00314778,0.123375,-0.00195163,-0.0397609,0.0132772,0.014784,0.0110658,-0.169289,-0.0373636,0.00488623,0.000127261,0.00892892,0.00252622,-0.000151754,0.00844884,0.0128389,0.0054443,-0.0699958,-0.000482238,-0.0263114,0.215774,-0.00047103],[-0.0879751,-0.0426322,-0.265115,0.0399911,-0.0599964,-0.0757144,-0.0149539,0.00650751,0.139955,0.0193074,0.0014689,0.0129002,-0.0109583,0.00675268,-0.0106251,0.00709662,-0.04065,0.0320853,0.0993436,-0.00110312,0.0930359,0.164201,0.00849963],[-0.153904,0.0482249,0.94953,-0.0786848,-0.159463,0.230483,0.0160959,-0.00045401,-0.0749773,0.0188755,-0.000490225,0.00461099,0.00717778,0.00554058,0.00118246,0.0127857,0.00743871,0.0190076,0.0163651,-0.00137556,-0.195078,-0.140968,0.00568768],[-0.107058,-0.0138872,0.755621,-0.00215638,-0.164867,0.102516,-0.0139164,0.00311455,-0.00331549,0.00526508,0.00827182,0.017444,-0.00842584,0.0131167,-0.0111347,0.00451699,-0.0553266,0.0403725,-0.00169733,-0.00325909,-0.335627,0.457293,0.00678446],[-0.0538446,-0.0225717,-0.634807,0.0379998,-0.0805427,-0.309182,0.011813,0.00275676,0.00564299,0.0547724,0.000771854,0.0103113,0.00943335,0.0124723,0.00168166,-0.0189636,-0.000875597,0.00760101,0.00290323,0.0101242,0.225299,-0.2167,0.00753874],[0.012979,-0.0081459,0.790629,0.00118815,0.0262072,0.284393,0.0121691,0.00714168,-0.188698,0.0404877,0.0137806,-0.00154438,0.0044295,0.000577445,-0.00170566,0.068215,0.0423774,-0.0143229,0.0121128,-0.0012236,0.176407,0.191752,0.00149841],[-0.0574132,-0.0104287,0.775267,0.00649118,-0.0623751,0.248894,-0.0125045,0.00633789,0.0577996,0.0494034,-0.00314955,0.00636068,-0.00586584,0.00547872,0.000462869,0.00921127,0.143242,0.0145764,0.00910802,-0.0067315,-0.532627,-0.195861,0.0056707],[0.0704475,0.0200215,0.835125,-0.0297555,0.10068,0.329215,0.00873816,0.0115514,-0.0162953,0.00692174,-0.00596696,-0.00435189,0.00309764,-0.00270741,0.00427651,-0.0259037,-0.0218251,0.0566782,0.00961245,0.00145862,-0.28649,-0.138772,-0.000486523],[0.0294678,-0.00404606,0.0316517,0.0157382,0.0352907,0.0270769,-0.00011849,0.0153223,0.0285285,0.00749505,0.00767357,0.00105093,-3.82001e-05,0.00227962,0.00135046,0.00409631,0.00449845,-0.000432539,0.0919516,0.000626978,-0.00851749,-0.0570737,0.000893993],[-0.0337126,0.00973941,-0.22319,-0.0194511,-0.0357998,-0.104325,0.00640437,0.00278545,-0.0690916,-0.04509,-0.00649406,-0.00068949,0.00449796,0.00023775,0.000706783,0.00619078,-0.017505,0.0128813,-0.0352435,0.00559749,0.0787867,0.0482849,0.000839059],[-0.00175423,-8.29326e-05,-0.0137067,-0.00175884,-0.002476,-0.00716668,-0.000190611,-0.000130915,0.00488934,0.000746307,-0.000619958,-6.46271e-05,8.3262e-05,-9.17646e-05,3.85376e-05,0.000445105,-0.00185072,0.000391362,-0.000791551,0.00044571,0.00477093,-0.01352,-0.000191939],[0.00040138,-0.000324234,0.00176899,0.000753669,0.00115776,0.00191344,-2.04967e-05,-0.00021332,-0.00272416,-0.00120494,0.000107684,1.09588e-05,-0.00017311,-4.27013e-05,-5.50394e-05,7.93122e-05,-0.000911287,-0.000769878,-0.00278249,-0.000107511,0.00105107,0.0142518,-3.57056e-05],[-0.0389236,-0.0175291,-0.102226,0.0441069,-0.0897546,-0.0590114,0.0030304,0.00567081,-0.0877157,0.0151704,0.0021677,0.00177515,0.00199105,0.00194662,-0.00277625,-0.00388452,-0.00388011,0.0134207,-0.0411995,4.3349e-05,-0.0461112,0.121174,-0.00371636],[-0.0106399,0.00315778,0.0292484,-0.00320825,-0.00460015,0.00949891,-8.6287e-05,0.000255918,0.00936268,0.00111082,-8.19531e-05,-0.0001193,0.000473292,-7.51301e-05,-3.17084e-05,0.00107953,0.000774557,-0.00343761,-0.00184961,-0.00024097,-0.0552262,0.00862102,0.000103459],[0.0270732,-0.00934931,-0.0321073,0.011114,0.0103758,-0.0311664,0.00395527,0.00134215,-0.0315545,-0.00143025,0.00141385,7.77226e-05,0.00113633,0.000559208,0.00107361,-0.00370326,-0.00127895,-0.00100687,6.51947e-05,-0.000931427,0.101132,0.0429299,0.000292713],[0.000282895,-0.000498014,-0.00697064,0.000535503,-0.000267165,-0.00230831,-1.79175e-05,9.84263e-05,-0.000155207,0.000698663,-7.32306e-05,-2.61785e-07,-0.000170396,-8.99023e-06,-3.81363e-05,-0.000272601,-0.000161237,-9.17926e-05,0.000173723,-8.71526e-06,0.00282916,-0.0014893,-1.60284e-05],[-0.00317208,0.00297548,0.173296,-0.00572249,-0.00189736,0.0411591,-0.000851419,-0.000343802,0.0053851,-0.00412666,-7.40471e-05,-0.000302403,-0.0010189,-0.000439463,-0.00175431,0.00243667,0.00174511,0.00106172,-0.0132035,-0.000235603,-0.0137499,0.0238803,-0.000732405],[-0.00123123,0.00150669,0.130233,0.000912792,-0.00515377,0.0220643,-0.000450921,0.000824297,-0.00660156,0.00093786,0.000188805,-6.45769e-05,0.000324591,2.8478e-05,-4.85216e-06,-0.000227638,-0.000738879,-0.00312996,-0.0056293,-0.000364069,-0.0183285,0.012744,0.000317892],[0.0033213,-0.00183009,-0.00556235,0.00221034,-0.000308988,-0.00596113,-5.86844e-06,0.000142878,0.000313085,0.00172704,-7.97855e-06,0.000117058,-0.000501178,6.85697e-05,-2.81798e-05,-0.000946047,-0.000798443,-0.00065641,0.000719357,-7.90761e-05,0.0119163,0.00185954,6.92182e-05],[-0.0258945,-0.00479653,0.228906,-0.0318022,-0.00148321,0.150531,0.00187595,-0.00168912,-0.129298,0.0139466,-0.00752727,0.00761557,-0.000546348,0.00730094,0.000955582,-0.0107999,0.0048801,-0.00192134,-0.0163741,0.000574308,0.140448,0.0330967,0.00106354],[0.0117004,-0.0220409,-0.488801,0.00588602,0.0385217,-0.176063,-0.00142858,0.0333768,-0.423689,-0.0805716,0.00975462,-0.00360776,0.00283038,-0.00239743,-0.00185066,-0.0145766,0.0341808,0.0324535,-0.0211501,0.00448946,0.00301797,-0.120648,-0.000762178],[-0.0036798,0.00220606,0.0316014,-0.00362228,-0.00328368,0.0108486,0.000128421,0.000185581,0.0305954,0.00245774,-0.000399325,3.45702e-05,0.000338669,1.36784e-05,1.7393e-05,0.00130505,0.00087234,-0.000812802,0.011024,0.000208089,0.000822681,-0.0117809,-0.000117634],[0.00336673,0.00161578,0.0259348,-0.00108588,0.00032514,0.00819563,-7.71432e-05,0.000358119,0.0170499,0.00375094,-0.00090281,-0.000501642,-0.000351167,-0.000692785,-0.000623223,-0.000168259,6.87353e-05,0.000273842,0.0056024,0.000326428,0.00766042,-0.0338805,-0.000715571],[0.0122561,-0.00760668,0.157655,-0.00418993,0.0101372,0.00702955,0.00127405,0.0105151,-0.041865,-0.00719788,-0.00165843,-0.000559271,-5.11251e-05,-0.000814851,-0.00273842,-0.00454218,-0.00133619,-0.00128167,-0.0156788,0.00073592,0.130505,0.0734585,-0.00108027],[-0.0715293,-0.0188456,0.0711262,0.0299524,-0.0184339,0.0776623,-0.00989669,0.00580443,0.158245,0.0197114,0.00180719,-0.000330966,-0.00585632,-0.00396402,-0.00655888,-0.00803728,-0.0211218,0.0306809,0.0178183,-0.00333547,-0.000505721,0.069497,-0.00495163],[-0.00602734,-0.00384978,-0.0125013,0.00530873,-0.0094043,-0.00537643,0.0050569,0.00420325,0.0157778,0.00693478,-0.00206355,0.00205084,-0.00143974,0.00148899,-0.000641983,-0.00828398,-0.00291955,0.00716419,0.0181596,-0.00039734,0.0545681,-0.0376584,0.00137092],[-0.00973856,-0.0303507,-0.220182,0.0183195,0.0438285,-0.00911249,-0.010622,0.0126361,0.00877501,0.00773672,0.000767213,0.00505697,-0.00811039,0.00178457,-0.0080483,-0.00337602,-0.0231111,0.025571,-0.0224797,-0.000858789,0.0394578,0.288807,0.00125192],[-0.052629,-0.0141425,-0.0591842,0.0143304,-0.0409416,-0.0330281,-0.006194,0.00819241,-0.0162613,0.012101,-0.000204269,0.00262108,0.000370437,0.00305677,-0.00113997,-0.0035638,-0.0152522,0.0135631,0.0209424,0.000209507,-0.123538,-0.0598871,0.00260161],[0.0425858,-0.00524307,0.471813,-0.00503874,0.0294598,0.173394,0.00382353,0.00199355,-0.121824,0.0474211,0.00368349,-0.000534773,-0.00548114,-0.000664839,-0.00375947,0.0269287,-0.00176047,-0.011274,-0.0189818,-0.00335135,0.191223,0.117479,-0.000251903],[-0.0179044,-0.0158912,0.124269,0.00311952,-0.0073932,0.0614936,-0.00664358,-0.00106624,0.0151793,0.0249623,-0.00106628,0.00269701,-0.00513135,0.00186199,-0.000774405,0.00553507,0.0468352,0.00554657,-0.0254603,-0.00136413,0.0100333,0.0267242,0.00140334],[0.0471276,-0.00664065,0.183587,-0.00264045,0.0516041,0.102932,0.0070434,0.00923213,0.0184681,0.0268325,-0.00316686,-0.00108454,0.000346244,8.94605e-05,0.00321779,-0.0240987,-0.0307052,0.00879004,-0.00614169,-0.000527988,-0.243065,-0.0305334,-0.00117173],[0.0131732,-0.00620981,0.00611833,0.00705436,0.0148665,0.00397038,0.00019116,0.00977377,-0.0292781,-0.00279989,0.00462829,0.000656908,0.000872768,0.00102137,-0.000754274,0.000441436,0.00421279,0.00297294,0.0379109,0.00043325,0.0304137,-0.00995219,0.000814205],[0.00820315,-0.00139178,0.285127,0.00323565,-0.00153401,0.0375852,0.0025913,-0.00277171,-0.0200826,-0.000387288,0.003488,0.00149834,-0.00155459,0.00162794,0.00105772,0.00117793,0.000853955,0.00259691,0.026842,-0.00483077,-0.0940467,0.103228,0.00139742],[-0.00217091,0.000840139,0.0294392,-0.00166796,-0.00393406,0.00703357,-0.000380105,0.000100173,0.00297389,0.00190976,-3.3651e-05,-5.58137e-06,4.91627e-05,-1.70271e-05,9.70311e-05,0.000397333,0.000900796,0.000307997,0.00220708,-0.000133624,-0.0149179,-0.0100463,6.577e-05],[-0.00029343,-0.000129186,-0.00961424,-1.10494e-05,-6.8655e-05,-0.00245705,-0.000178349,-0.000147716,-0.000463276,-0.000236901,1.2823e-05,6.77492e-06,2.2203e-05,8.57341e-07,-1.92879e-05,0.000150167,-0.000327182,-0.000268895,-0.00117317,1.43955e-06,0.00208562,0.00437822,1.01259e-05],[-0.0551792,0.0118337,0.1307,-0.0253882,-0.0377898,0.0740628,-0.000188512,-0.00335373,-0.00405968,0.0150418,0.00232993,0.000296442,0.000832453,0.000721124,-0.000606379,0.00739149,-0.0111308,0.0141777,-0.00328153,-0.000490527,-0.0392927,0.0177525,-0.00200017]],"sigmahat":[[10.7097,-2.40955,-14.5346,3.1595,9.89888,-6.24779,-0.0324405,-0.417783,5.52328,-1.09026,0.0975424,-0.148157,-0.286824,-0.159347,-0.0134137,0.098207,-0.0835081,-2.08603,-1.3729,-0.124881,15.2394,17.074,-0.127853],[-2.40955,2.31694,12.741,-2.14554,-2.29057,4.54348,0.0338694,-0.415189,0.929111,-0.958876,0.0118274,-0.0388398,0.252237,-0.0113335,0.0113081,0.791371,0.530904,0.298037,-0.380944,0.0866608,-6.38697,0.102736,0.0240862],[-14.5346,12.741,793.53,-17.69,-26.9021,214.7,1.74209,-1.50621,-16.0508,-13.9218,0.313235,-0.140942,1.60342,0.0137134,0.0514846,2.4877,2.82517,5.10921,-3.86373,-0.206958,-61.7122,18.3038,-0.188565],[3.1595,-2.14554,-17.69,4.17158,2.81649,-6.05264,0.0324666,-0.210961,2.87406,0.979764,0.20219,0.0526128,-0.231757,0.0341217,-8.056e-05,-0.0399171,-0.0725587,-1.12463,-0.330548,-0.112349,7.411,5.48978,0.00706354],[9.89888,-2.29057,-26.9021,2.81649,15.2417,-0.00449854,-0.0314122,-0.645875,7.05967,-2.10581,0.0486986,-0.173662,-0.287825,-0.17963,-0.0540347,0.437615,-0.0418357,-2.78082,-1.62124,-0.1123,10.7027,20.1311,-0.11076],[-6.24779,4.54348,214.7,-6.05264,-0.00449854,81.3299,0.77039,-1.09557,-1.32076,-5.58606,0.142697,-0.0978802,0.490497,0.00664612,-0.0266542,1.78926,1.42051,0.261058,-1.17045,-0.0277504,-24.294,10.0536,-0.0253186],[-0.0324405,0.0338694,1.74209,0.0324666,-0.0314122,0.77039,0.282102,-0.174562,-0.129255,-0.228596,0.0228741,-0.0027717,0.0699405,0.0148717,0.0308233,0.181191,0.532052,-0.109163,-0.660162,-0.00641189,-0.568154,1.26247,0.00305322],[-0.417783,-0.415189,-1.50621,-0.210961,-0.645875,-1.09557,-0.174562,18.2102,-86.5319,0.516979,0.189678,-0.025059,-0.0544426,-0.0492623,-0.0422188,-22.7663,-35.7439,18.5136,43.6139,0.0380318,0.998782,-132.005,-0.05089],[5.52328,0.929111,-16.0508,2.87406,7.05967,-1.32076,-0.129255,-86.5319,560.001,18.1387,-1.25818,0.0348001,-0.153403,0.0608,0.333499,109.336,175.954,-88.8936,-163.586,-0.414501,32.5159,525.034,-0.00718595],[-1.09026,-0.958876,-13.9218,0.979764,-2.10581,-5.58606,-0.228596,0.516979,18.1387,7.95926,-0.0030221,0.0778083,-0.10681,0.062663,0.143388,0.0516273,2.22995,0.998044,6.76046,-0.0945605,7.47355,-34.8747,0.0915627],[0.0975424,0.0118274,0.313235,0.20219,0.0486986,0.142697,0.0228741,0.189678,-1.25818,-0.0030221,0.152227,0.0131349,0.0251682,0.0287755,0.00945438,0.079706,-0.048932,0.0743689,0.756587,-0.00474705,0.511601,-0.0706399,0.0236236],[-0.148157,-0.0388398,-0.140942,0.0526128,-0.173662,-0.0978802,-0.0027717,-0.025059,0.0348001,0.0778083,0.0131349,0.0576622,0.0143405,0.0548609,0.00644472,0.0314766,0.241064,0.090605,0.0493517,0.0112421,0.307998,-0.136283,0.0380825],[-0.286824,0.252237,1.60342,-0.231757,-0.287825,0.490497,0.0699405,-0.0544426,-0.153403,-0.10681,0.0251682,0.0143405,0.111884,0.0293831,0.0330356,0.0935242,0.334342,0.125215,-0.236556,0.0168897,-0.565959,-0.280159,0.0214806],[-0.159347,-0.0113335,0.0137134,0.0341217,-0.17963,0.00664612,0.0148717,-0.0492623,0.0608,0.062663,0.0287755,0.0548609,0.0293831,0.0597938,0.0127105,0.112316,0.389254,0.0518016,-0.00262131,0.00967978,0.15977,0.0857893,0.0406019],[-0.0134137,0.0113081,0.0514846,-8.056e-05,-0.0540347,-0.0266542,0.0308233,-0.0422188,0.333499,0.143388,0.00945438,0.00644472,0.0330356,0.0127105,0.0381159,0.102648,0.325081,-0.0247491,0.00971626,-0.00876908,-0.456507,-0.442007,0.00989683],[0.098207,0.791371,2.4877,-0.0399171,0.437615,1.78926,0.181191,-22.7663,109.336,0.0516273,0.079706,0.0314766,0.0935242,0.112316,0.102648,32.7234,55.4269,-23.9204,-53.2895,-0.0666089,-1.71011,162.826,0.105877],[-0.0835081,0.530904,2.82517,-0.0725587,-0.0418357,1.42051,0.532052,-35.7439,175.954,2.22995,-0.048932,0.241064,0.334342,0.389254,0.325081,55.4269,110.92,-35.7063,-86.7774,-0.118506,-3.322,228.872,0.319622],[-2.08603,0.298037,5.10921,-1.12463,-2.78082,0.261058,-0.109163,18.5136,-88.8936,0.998044,0.0743689,0.090605,0.125215,0.0518016,-0.0247491,-23.9204,-35.7063,21.7053,44.1657,0.0950253,2.1199,-146.36,0.0520693],[-1.3729,-0.380944,-3.86373,-0.330548,-1.62124,-1.17045,-0.660162,43.6139,-163.586,6.76046,0.756587,0.0493517,-0.236556,-0.00262131,0.00971626,-53.2895,-86.7774,44.1657,124.832,0.0457931,14.3576,-346.233,-0.0413923],[-0.124881,0.0866608,-0.206958,-0.112349,-0.1123,-0.0277504,-0.00641189,0.0380318,-0.414501,-0.0945605,-0.00474705,0.0112421,0.0168897,0.00967978,-0.00876908,-0.0666089,-0.118506,0.0950253,0.0457931,0.0696744,1.38905,-0.452251,0.00397554],[15.2394,-6.38697,-61.7122,7.411,10.7027,-24.294,-0.568154,0.998782,32.5159,7.47355,0.511601,0.307998,-0.565959,0.15977,-0.456507,-1.71011,-3.322,2.1199,14.3576,1.38905,208.969,-22.7545,-0.0616721],[17.074,0.102736,18.3038,5.48978,20.1311,10.0536,1.26247,-132.005,525.034,-34.8747,-0.0706399,-0.136283,-0.280159,0.0857893,-0.442007,162.826,228.872,-146.36,-346.233,-0.452251,-22.7545,1186.15,-0.379208],[-0.127853,0.0240862,-0.188565,0.00706354,-0.11076,-0.0253186,0.00305322,-0.05089,-0.00718595,0.0915627,0.0236236,0.0380825,0.0214806,0.0406019,0.00989683,0.105877,0.319622,0.0520693,-0.0413923,0.00397554,-0.0616721,-0.379208,0.053181]],"n":23,"lags":3}