{"betahat":[[-0.00693279,13.1021,95.8207,5.94736,16.672,58.9754,4.36026,-0.899104,2.74885,-11.9334,-0.0495786,-0.634342,2.12392,-1.16717,-0.503504,6.10705,4.57388,22.9312,27.0292,0.421297,59.3842,36.3619,-0.0144793],[0.868291,0.0472796,-1.31017,0.118255,0.139471,-0.169871,-0.00444554,0.00826468,0.00387215,-0.0213819,0.00743855,-0.0060568,-0.00619665,-0.00979166,-0.00613554,0.0199098,-0.0463167,-0.00581699,-0.0178941,0.009455,-0.340936,0.22007,0.00600566],[-0.0504112,0.790642,0.78528,-0.206573,-0.0142688,-0.21075,0.0144109,-0.00284453,-0.0227238,-0.0188863,0.000244572,0.00557822,-0.00399636,0.00192414,0.00526693,-0.0397811,0.0256293,-0.0625597,0.0307123,-0.0311962,-1.13167,-0.0748346,0.0360394],[-0.0110745,-0.00211611,0.364699,0.00348945,0.000585113,-0.15381,-0.00232384,0.00121848,0.00430373,0.00471436,0.000425112,-0.000555017,-0.000411494,-0.000548908,-6.88826e-05,-0.00135494,-0.00123727,-0.0032396,0.0011816,0.000178537,-0.0363349,-0.0576267,0.000546768],[0.125829,0.176076,1.92248,0.551905,-0.0124511,0.0895265,-0.0139946,-0.0194489,0.0802625,-0.0135555,0.00425216,0.00556927,-0.0138447,0.00450903,-0.00627027,0.0499169,5.84577e-05,-0.00257976,-0.053044,0.00710946,0.163818,0.205865,0.00490915],[-0.0135738,0.0251158,-0.893244,-0.0408586,0.66448,-0.558295,0.00760994,-0.00822536,0.00136299,0.0711923,0.00352566,-1.04289e-05,0.00670776,0.00200479,0.00560239,0.00226176,0.0140091,0.0544565,0.0162225,0.00198422,-0.161904,-0.977368,0.0163079],[0.0201155,-0.00273972,-0.722481,-0.0130453,-0.022469,0.602815,-0.00284196,-0.00295796,0.0130015,0.00965313,0.00121977,0.000708062,0.00429793,0.00106508,0.000476132,0.00179007,-0.00786724,0.0103696,-0.00999568,-0.000968047,0.0033447,0.0759136,-0.00133984],[-0.347247,0.0316398,3.72402,0.391695,-0.177656,0.428009,0.829499,-0.0176272,1.27063,0.131221,-0.0150818,0.00677719,-0.083567,0.0100578,-0.0616679,-0.038174,-0.0912395,0.0577848,-0.142947,-0.0173322,-4.31516,-4.2113,0.0296144],[-0.846468,0.935711,-15.3689,0.381117,-0.249737,-5.02978,0.0551081,0.758466,0.677048,0.675257,-0.0502932,-0.0188479,0.131491,-0.0336305,0.157212,0.0592648,0.156862,-0.509253,0.355024,-0.218124,-7.34419,-6.81209,0.0783574],[-0.119208,0.0240811,-5.38356,0.00922158,-0.0208026,-1.45471,-0.0755702,-0.0268699,1.23779,0.0149788,-0.0391118,0.000444313,-0.00977849,-0.00454483,-0.00607297,-0.0233282,-0.0407368,0.099678,-0.137845,0.0153466,-0.989842,-0.616233,0.0107833],[-0.460722,-0.0247315,-2.20569,0.0526455,-0.496468,-0.944873,-0.059566,-0.0097382,0.197144,1.25081,-0.0373777,-0.0105754,-0.0194222,-0.00918168,0.0299288,0.0231146,-0.0832451,0.00540206,-0.169524,-0.0343982,-0.639645,-1.46521,0.0410755],[-1.35882,-0.0496579,9.11897,0.197178,-2.03214,3.89536,-0.0359239,-0.0495171,-0.673574,0.398945,1.02982,-0.0543354,0.101755,-0.0225684,-0.0619487,-0.000586239,-0.228211,0.0573594,0.743502,0.135946,2.00478,3.74017,-0.0141818],[-1.404,-0.231759,9.47198,-0.480219,0.718621,3.48726,-0.206072,-0.158985,-0.59855,1.76523,-0.252495,0.844302,0.0163625,-0.0940983,-0.0323297,-0.161351,-0.547964,-0.095477,-1.30959,0.065067,2.021,-28.6791,0.267332],[-2.86852,0.360589,28.9703,-0.0202874,-2.21314,7.57884,-0.286832,-0.050844,-0.591336,-0.197582,-0.166905,-0.0426852,0.852949,0.0288678,-0.00606106,-0.114111,-0.476789,0.30151,-0.636733,0.0261468,-6.56532,-3.08046,0.0335986],[2.1056,-0.353762,-16.8668,0.677093,0.363408,-10.6669,-0.276518,0.145403,0.181607,-0.362345,0.330597,0.456095,-0.387967,1.23764,0.109162,0.33152,0.0360358,-0.328028,1.65009,-0.259057,-3.38427,23.2266,0.237749],[0.717107,-0.575422,-32.6202,0.591691,0.478133,-10.1426,0.411546,-0.051159,-1.2668,0.713222,0.281012,0.190232,0.37337,0.186952,1.00154,0.133404,0.828308,0.507338,0.416449,0.12719,4.28444,-2.49314,0.117041],[-0.0575409,0.574344,4.15315,0.274635,-0.283412,1.74345,0.116707,-0.197098,0.404668,-0.0878526,-0.00958584,-0.0396497,0.00301042,-0.0409891,0.00231806,1.07897,0.0896485,0.0104759,-0.390508,0.00134544,-0.144532,0.0152789,-0.0028011],[0.585131,0.333496,-11.1997,-0.22268,0.389286,-4.31111,0.118094,-0.0235272,-0.179554,-0.204454,-0.0135771,0.0202532,0.13036,0.039375,0.101797,0.0260536,0.901369,-0.0313102,-0.0231258,0.0394059,4.64556,1.67913,-0.00883517],[1.51833,0.017385,-0.852382,0.11305,0.517477,-1.51653,-0.0300697,-0.0256353,0.1523,-0.105811,0.0061423,-0.0155068,-0.00878715,-0.0196722,-0.0231085,-0.00706458,0.0339786,0.64501,0.0655834,0.0394302,4.46885,1.8642,0.0283506],[0.14858,-0.0699138,-1.55177,0.0509499,0.325497,-0.38751,0.0028257,0.0252821,-0.0881103,-0.0592793,0.0298174,0.0009264,-0.00335151,0.00158451,0.0136765,-0.00753429,0.00129746,0.0844625,0.451669,-0.063141,-0.168181,-0.743395,0.0102457],[1.04623,-0.308694,1.69922,-0.183945,0.259106,-2.12321,-0.418746,0.185306,-0.242908,0.280028,-0.0532353,-0.0633867,-0.00677976,0.00225406,-0.0792161,-0.0801457,-0.430596,0.350096,0.875099,0.165134,-6.18632,10.9781,-0.0563817],[-0.126289,0.0375897,-0.168699,-0.0354809,-0.0913683,0.0498988,0.0157348,-0.00901779,0.0355265,-0.00333752,-0.00656297,0.000424393,0.0037885,0.00108784,0.00371067,0.00969678,0.0271715,0.00437191,-0.0451544,-0.00536386,-0.397556,-0.293476,-0.0026167],[-0.0102864,-0.0246947,0.199792,-0.0028683,-0.00426227,0.00789507,-0.00408357,-0.00072958,-0.0050724,0.000288405,-0.00249804,0.00219117,0.000414033,0.00202634,0.00174574,-0.0101966,0.00072904,-0.0044421,-0.0192912,0.00168501,0.0292705,0.697976,-0.00142835],[-0.439219,0.171015,12.3292,0.10795,-1.65049,6.49323,0.152225,-0.004963,1.20766,0.500299,-0.0562816,0.0684414,0.31262,0.14899,0.140971,-0.440785,0.13887,-0.0761214,-2.195,-0.0281641,-1.51206,0.832714,0.406453],[0.0656626,0.0117204,2.54681,-0.111437,-0.252267,0.468031,0.00720678,-0.0143319,0.0123714,0.041765,-0.00810054,0.00344598,-0.000899596,0.00599718,0.00538855,-0.00896215,0.0317547,-0.00264213,-0.0550819,-0.0132007,0.0836838,-0.421496,-0.00248891],[-0.38016,0.131604,0.455293,0.137891,-0.321549,0.450769,0.0133449,0.0046324,-0.042374,0.147689,0.00331862,-0.000745652,0.00464035,-0.00167952,0.00551762,0.0215334,0.00634244,0.0307936,-0.0211614,0.0206611,0.0962182,-0.987342,-0.0363312],[0.0131078,-0.00610764,0.222229,-0.00194015,0.0185041,0.0647658,0.00263859,0.000368755,-0.00263973,0.00152994,1.6096e-05,0.000514284,-3.95046e-05,0.000764739,0.000664747,-0.000687058,0.00125099,-0.000840356,-3.98999e-05,-0.0003681,0.00718875,0.0135618,0.00075402],[-0.266454,-0.0354537,-2.57509,0.204842,0.140352,0.473786,0.0258197,-0.00958571,-0.102141,-0.0366703,-0.00223298,-0.000720129,0.0130913,-0.00197421,0.000863908,-0.0102555,0.0168437,-0.000804377,0.00366784,0.0057264,-0.270121,-0.351711,0.0110678],[-0.0402553,0.0160306,0.253911,-0.00307432,0.185113,0.207586,-0.0116194,0.00235669,0.0128016,-0.0546242,-0.00462349,0.000616373,-0.00144244,-0.00104998,-0.00461364,0.00828927,-0.0099351,-0.0299187,-0.0155469,9.77628e-05,-0.0452177,0.669152,-0.0161563],[-0.0252955,0.000223308,0.410324,0.00266371,0.0430755,0.327279,0.00066763,0.00235116,-0.00799644,-0.00622451,0.000401674,-0.000895096,-0.00182083,-0.000572436,-0.00015424,-0.000407169,0.00703691,-0.00200789,0.0140714,0.000391787,-0.0802685,-0.111639,0.000759736],[0.339857,0.116275,-3.47004,-0.172601,0.311654,-0.415538,0.0181584,-0.00223761,-1.02857,-0.209277,0.0141962,0.0336822,0.162303,0.0342614,0.130963,0.024104,0.0148816,-0.210172,-0.236816,-0.0322584,2.48206,3.91464,0.0566148],[-0.91913,-0.150228,13.5403,-0.0519792,-1.15242,4.38105,0.102712,0.0438886,-0.121876,-0.311855,0.0428666,-0.00118243,-0.162622,0.0153409,-0.102619,0.0721844,-0.113779,0.417663,0.56768,0.137231,2.2853,4.32558,-0.111049],[0.23761,0.00243075,3.70603,-0.0800879,0.228003,1.12467,0.0648869,0.0127116,-0.262927,-0.0469423,0.030922,-0.00200348,0.00336428,0.00393038,-0.00371587,0.0374453,0.0289807,-0.0543705,0.0130277,-0.0143496,1.29325,1.40007,-0.0135586],[0.377018,-0.0607055,2.9705,0.0272982,0.171487,0.0147678,-0.0219299,0.00197139,-0.0118266,-0.300638,0.0152027,0.00131419,0.0342039,0.000864336,-0.0351626,-0.0500304,-0.0131424,0.0626379,-0.0787581,0.0252914,0.308036,-0.357785,-0.0200375],[0.884805,-0.240421,-12.5562,-0.275377,1.06452,-5.19117,0.129418,0.0072776,-0.387766,0.127259,-0.220279,-0.0012074,-0.0324121,-0.0218325,0.038119,-0.111621,0.25401,-0.00730518,-0.956386,-0.230305,-4.34942,-3.14444,0.00538031],[0.438981,-0.408184,2.59495,0.278838,0.375775,2.72418,0.31739,0.0289386,-0.392184,-0.0325016,0.371461,-0.145405,0.0602249,-0.0487214,0.0686473,-0.0321598,0.158735,0.0540338,2.68356,-0.0481855,0.957394,-5.88343,0.197281],[-2.58502,0.829283,0.304049,-1.39739,-1.87984,3.6956,0.355739,-0.152664,0.402586,1.08218,0.0632643,0.0872811,-0.200134,0.0231273,-0.125125,0.344055,0.358925,0.195295,-0.217077,-0.123449,-8.60185,-4.56631,0.138857],[-1.15205,1.58181,2.31312,-0.422568,-0.159235,2.51937,0.297794,-0.143779,0.231677,-1.50211,-0.160923,-0.202233,0.118969,-0.198779,-0.130022,0.393813,0.178832,-0.158359,-1.09404,-0.0374644,-6.88577,6.4956,-0.124566],[0.908916,-0.0905523,-12.7188,-0.779668,1.22221,-0.71685,-0.118844,0.348428,0.893256,-0.204118,-0.233344,0.0167769,-0.0985586,0.0445693,-0.0720068,-0.296717,-0.341004,-0.434889,0.525068,0.472598,13.4246,-6.37118,-0.0991147],[-0.357675,-0.438342,-2.04472,-0.133445,0.17165,-1.28481,-0.0303497,0.206858,-0.322085,-0.00715731,-0.000413186,0.0150881,0.0142903,0.0142247,0.0213501,-0.0381641,0.00826172,-0.0162585,0.411776,-0.00293902,-0.752911,0.128746,0.0144085],[-0.321195,-0.154547,15.7063,0.0366624,-0.615964,5.48937,-0.141651,0.0105014,0.0125314,0.0604354,0.0132001,0.00209538,-0.0248931,-0.00660123,-0.0446701,-0.0325198,0.154509,0.051561,-0.116492,-0.0225718,-4.4014,-0.681226,0.0328702],[-0.198604,0.0197523,7.92061,-0.067662,0.581999,2.98325,0.00527789,-0.00985204,-0.0264449,-0.0609531,-0.0123685,0.0216155,0.0372761,0.0260959,0.0638397,0.00674201,-0.0025757,-0.135234,0.264446,-0.0135774,-1.26288,-0.0196183,0.0161957],[-0.0388425,-0.0234976,-0.00355526,-0.0557888,-0.0460555,-0.122523,-0.0498785,0.0128645,0.013493,0.10613,-0.00426407,-0.00266339,-0.0122571,0.00655569,0.000104879,-0.0234757,-0.0267466,-0.0371834,0.0500904,0.0292519,-1.19246,0.228814,-0.012663],[-0.375263,0.641803,-1.09246,-0.0236713,-1.00704,0.076112,0.347441,-0.132895,0.00243949,-0.158523,-0.106562,-0.0385416,0.0585464,-0.0163728,0.139234,0.232251,0.233528,0.329763,-0.914497,0.259319,0.870969,0.85725,-0.0208767],[-0.0639127,-0.00635485,0.0208315,-0.0202482,-0.0321934,0.0685986,-0.00998645,-0.000828836,0.0234675,0.0310526,-0.00317217,6.73407e-05,0.00179246,0.000103421,0.00206871,0.00252094,-0.011194,0.00338579,0.000717134,-0.000853103,-0.14299,-0.267712,-0.000170741],[0.0185569,0.0139108,-0.175212,0.00414526,0.00668536,-0.00564768,0.000256712,0.0019992,0.0137938,0.00875,-0.000484964,-0.000542065,0.00108132,-0.000888904,2.22241e-05,0.000684431,0.00057778,-0.000968939,-0.0149146,0.00218734,-0.00827259,-0.0826296,0.0016004],[0.639096,-0.982009,-12.6614,1.88252,0.196347,-5.36019,0.179992,0.0426785,0.236584,-0.160289,0.00730723,0.0256518,-0.0116954,-0.00303051,-0.118347,-0.219234,0.278997,0.380393,-0.208327,0.0346079,0.00185935,4.1315,0.0504093],[0.0649068,-0.0584746,-1.22991,-0.0071074,0.11095,-0.296276,-0.00208828,0.00590994,-0.0182987,-0.0197737,0.000666,0.00264968,0.0071666,0.00385481,0.000991008,-0.0106792,0.0149675,0.00706649,0.0704235,0.0034789,0.25517,0.202216,-0.00339758],[0.431512,0.0771116,-1.22851,0.0684246,0.335506,-0.238717,-0.0277237,-0.00177613,0.0638152,-0.128414,-0.00340236,-0.004787,-0.000645512,-0.000192686,-0.0106889,0.0180785,-0.0318779,0.0314268,-0.00979605,0.0103796,1.03565,1.06451,0.000346141],[-0.00385601,0.00069705,0.146076,0.000124592,-0.0194969,0.0122089,-0.00173823,-0.000140605,0.000576724,-1.51752e-05,-0.000369905,0.000258771,-0.00134224,0.000139275,-0.000774817,-0.000421762,-0.00133971,0.00128951,0.00559649,0.000655941,0.0171357,0.0192109,-0.000721743],[0.139318,-0.140346,0.651019,0.241856,-0.128597,-0.562767,-0.0115331,0.0289849,0.0205226,0.0505288,-0.00208643,-0.00481485,0.00072774,-0.00247119,0.00558648,-0.0395739,-0.0166383,0.00247671,0.0487142,-0.0128947,0.105926,0.139578,-0.0159066],[0.0532742,-0.0408046,0.656992,0.0435249,0.145217,0.350495,0.00478159,0.00566091,-0.0162052,-0.0155191,0.0011579,-0.000569434,-0.005317,-0.000891005,-0.000675024,-0.0103574,-0.00358156,-0.0260811,-0.00455808,-0.0024203,0.206223,0.301075,6.99514e-05],[0.00566171,0.000162007,0.272769,0.0102908,-0.0272894,0.0424721,0.00193814,0.000924776,-0.00558382,-0.0004192,-0.00145611,0.000289557,-0.00305379,-0.000311696,-0.00013713,-0.00237169,0.000461602,-0.00923461,-0.00292724,0.000475839,0.0662387,0.0240574,0.000857326],[0.00815059,-0.14935,-0.272688,-0.218745,-0.134325,-0.0174853,0.152611,0.0197995,-0.244215,0.07945,0.000840271,-0.0402597,-0.0788018,-0.044064,-0.0689357,0.0138235,0.0762864,0.150791,0.37599,0.0492682,1.83686,0.295593,-0.0859676],[0.740354,-0.444302,0.14864,-0.388815,0.897917,0.94375,-0.0553381,0.0814434,-0.122531,-0.196523,-0.0134843,0.0304427,0.0159931,0.0277563,-0.00374807,0.00289083,0.0352498,0.36895,-0.296329,0.101651,3.33361,-0.46562,0.0420838],[-0.119896,-0.0240679,1.71702,0.0653288,-0.211427,0.343162,0.0110371,0.0144931,0.0127775,0.0281427,0.00862376,0.00141937,0.00689557,0.000533317,0.0097407,-0.0131357,0.0129537,-0.0503225,0.125839,-0.00121074,-0.285449,-0.757013,0.00223561],[0.0853819,0.0849551,-0.749958,-0.0788362,0.328142,0.935567,0.080769,0.00810386,-0.182867,0.0461351,0.0219848,0.00901876,-0.0146636,0.00808804,0.00470229,0.0270457,0.0958547,-0.0669823,0.248977,0.00924467,0.33573,1.81814,-0.0212621],[0.487629,-0.0421189,-7.7538,-0.126641,0.422961,-2.71498,0.0110299,0.0374049,-0.00223512,-0.261205,-0.0396881,0.0136749,-0.0522598,-0.0185498,-0.017285,-0.0966162,-0.0442899,0.197707,-0.319157,0.0980574,5.53116,-1.54201,0.0413097],[0.722535,-0.404898,7.22371,0.125229,-0.727321,-0.987656,-0.2607,0.0320103,0.22766,0.928269,0.110378,-0.0204205,-0.10412,-0.00327579,0.0431242,-0.1948,-0.132824,0.137341,-0.46831,-0.0732381,1.57762,-5.47067,-0.0611936],[1.80864,-1.08592,-7.36196,0.582313,0.862376,-3.6587,-0.475201,0.131442,-0.06316,-0.593879,-0.0975663,-0.00636442,0.0428628,-0.0238933,0.00211385,-0.362084,-0.293215,0.389848,0.944687,0.201447,7.30573,3.0032,-0.0794431],[-0.158699,-0.0146528,-9.30971,0.0107538,0.100235,-1.52986,-0.0448367,0.168929,-0.118067,-0.218141,-0.245209,-0.0626191,0.0770993,-0.0701052,0.0524781,-0.0528046,0.147983,-0.0934748,-0.66093,0.0721091,3.36583,2.84667,-0.21844],[-0.1146,0.254239,9.78929,-0.0237213,-1.01147,0.544626,-0.248542,-0.0919225,-0.273974,-1.04341,0.125929,-0.116951,-0.117947,-0.135492,-0.0763897,0.192474,-0.293518,0.0500077,0.896051,-0.0918826,-0.801824,7.32662,0.00514442],[0.41764,-0.136706,-2.08685,-0.141889,0.111814,-0.456054,-0.0864894,-0.00983961,-0.0842603,0.0953332,0.0103185,0.0245746,-0.0173357,0.0268545,-0.0235694,-0.0409629,-0.0984515,0.00466424,-0.0216762,0.00132651,0.901724,-0.137607,-0.0113544],[-0.258349,-0.181334,-4.50408,0.188684,0.228506,-1.18566,0.0244993,0.0129822,0.165489,0.145542,0.000468597,-0.0221817,-0.105448,-0.0325789,-0.0566804,0.00600093,-0.0558541,-0.0214768,0.134492,-0.0172625,-0.231919,-0.996436,-0.0236704],[-0.685559,-0.0889432,-3.92172,-0.0738691,-0.546554,-0.831311,-0.00683316,0.032521,0.0024345,0.122639,-0.0263077,-0.0133275,-0.0269403,-0.0135547,-0.0380022,-0.0316363,-0.0717064,-0.298765,-0.425546,-0.0183138,-3.08732,-0.894388,-0.030484],[0.0130503,-0.0300828,1.56463,-0.00514792,-0.07069,0.445875,0.00813234,-0.00274841,-0.043058,-0.0897216,0.0199372,0.000368066,0.00757667,-0.00563519,-0.0217151,0.000693803,0.0155847,0.00777185,0.0936598,0.0285489,0.990041,0.14608,0.00434962],[-0.0267346,-0.0651219,2.40323,0.54457,0.0526974,0.84118,0.0019514,-0.104818,0.12435,0.637887,0.362702,0.0326368,-0.00261434,0.00843618,0.0200775,0.013749,-0.0392955,0.109412,0.646575,-0.0848172,-0.460003,2.91596,0.036405],[-0.00617011,0.0106381,0.278377,-0.0115434,-0.0312599,0.0564295,-0.00290159,0.00127475,-0.00747834,0.0190251,0.000550151,-0.00027528,0.000226216,7.20526e-08,0.00228892,0.000899705,0.00193839,-0.00218874,0.0197049,-0.00213747,-0.111409,-0.142664,0.000631392],[-0.0197584,0.00618605,-0.00654925,-0.00209518,-0.0140963,-0.00715211,-0.0082451,-0.00133506,0.00631011,-0.00401506,0.00153103,-0.000607606,-0.00116512,-0.000928475,-0.00408015,0.0042736,-0.00765757,0.00257552,0.00309238,0.00274715,0.0187285,0.112942,-0.00176001],[-0.789134,0.830633,19.8294,-1.64798,1.27019,7.52592,-0.273706,-0.204261,0.577927,-0.414305,-0.116542,-0.0573852,-0.0441463,-0.0767292,-0.0515578,0.262372,-0.411424,0.232481,-0.866221,-0.0152551,-4.71876,5.38112,-0.0627904]],"sigmahat":[[5.20742,-0.969132,-6.57782,1.18444,4.46871,-4.00202,-0.101709,0.188756,-0.0695077,-0.526929,0.00101468,0.0223588,0.017322,0.0252309,-0.0280812,-0.279859,-0.0807549,0.0575006,-0.468922,-0.0298314,8.91159,7.63173,0.026442],[-0.969132,1.17828,7.2027,-0.756171,-0.746543,3.28911,0.0314306,-0.170251,0.112689,-0.0935585,-0.0334106,-0.0123338,-0.0013077,-0.0151491,-0.0108707,0.296737,0.00771073,-0.00111671,-0.306327,0.0332691,-0.412347,2.3203,-0.0231533],[-6.57782,7.2027,588.823,-13.3862,-21.2478,139.748,-1.1464,-1.81027,0.563666,-2.23345,0.0721605,-0.442529,-0.189131,-0.524656,-0.393166,2.05672,-1.20018,2.38711,-1.6781,0.208169,-17.7477,12.1284,-0.66996],[1.18444,-0.756171,-13.3862,1.99032,1.22844,-4.27892,-0.000849099,0.167943,0.186741,-0.0404358,0.0283993,0.00516224,0.00552622,0.000123833,0.00620975,-0.237482,-0.0298467,-0.0134482,0.170301,-0.0551205,2.22706,-0.152904,0.000388775],[4.46871,-0.746543,-21.2478,1.22844,9.60643,0.0171322,-0.0662404,0.161591,0.0175869,-1.04038,-0.100328,0.0457234,0.019083,0.0540374,-0.0950455,-0.1189,-0.0574822,-0.199068,-0.966614,-0.0349661,6.76938,10.4335,0.0435301],[-4.00202,3.28911,139.748,-4.27892,0.0171322,56.6113,-0.0985574,-0.676298,-0.201481,-1.4903,-0.125453,-0.103143,0.00526819,-0.103122,-0.151869,1.08292,0.0418375,0.184999,-1.1559,0.0791786,-6.82557,7.83689,-0.200199],[-0.101709,0.0314306,-1.1464,-0.000849099,-0.0662404,-0.0985574,0.142005,-0.00894032,-0.0983728,0.0261303,-0.00698747,-0.00073895,0.0177094,0.000536954,0.0223649,0.0244201,0.0966378,-0.0295217,-0.108899,-0.0144636,-0.0626743,-0.235074,0.00934847],[0.188756,-0.170251,-1.81027,0.167943,0.161591,-0.676298,-0.00894032,0.0482316,-0.021666,-0.0012238,0.00384511,0.00109561,-0.00103501,0.0018616,0.00214261,-0.0518989,-0.000148095,-0.00848719,0.0944225,-0.00338073,0.243679,-0.249911,-0.00147145],[-0.0695077,0.112689,0.563666,0.186741,0.0175869,-0.201481,-0.0983728,-0.021666,0.957686,0.0140046,-0.0507089,-0.00844397,-0.0488568,-0.0201698,-0.0397258,0.00135522,-0.0853941,0.127766,-0.0727666,0.0378048,-0.671459,-1.71667,-0.0126471],[-0.526929,-0.0935585,-2.23345,-0.0404358,-1.04038,-1.4903,0.0261303,-0.0012238,0.0140046,0.659462,0.0307493,0.00963438,-0.032002,0.0091876,0.0360332,-0.0627346,0.0193719,-0.00492759,0.17342,-0.0266447,-1.57538,-2.7144,0.00942767],[0.00101468,-0.0334106,0.0721605,0.0283993,-0.100328,-0.125453,-0.00698747,0.00384511,-0.0507089,0.0307493,0.0401786,0.00164791,-0.00147144,0.0020055,-0.00160824,-0.00532696,-0.00877633,0.00014617,0.159004,-0.00335086,0.153816,0.0853726,0.00394552],[0.0223588,-0.0123338,-0.442529,0.00516224,0.0457234,-0.103143,-0.00073895,0.00109561,-0.00844397,0.00963438,0.00164791,0.00606252,0.000847455,0.00478329,0.002314,-0.00352242,0.00122288,-0.00623625,0.00305518,0.00098538,0.0748746,0.0875308,0.00179466],[0.017322,-0.0013077,-0.189131,0.00552622,0.019083,0.00526819,0.0177094,-0.00103501,-0.0488568,-0.032002,-0.00147144,0.000847455,0.0362124,0.00242556,0.0155954,-0.00132748,0.0210687,-0.00601979,-0.0446924,-0.00599524,-0.072507,0.156798,-0.00248045],[0.0252309,-0.0151491,-0.524656,0.000123833,0.0540374,-0.103122,0.000536954,0.0018616,-0.0201698,0.0091876,0.0020055,0.00478329,0.00242556,0.00703075,0.00363412,-0.00464374,0.00216548,-0.00853974,0.00823944,-0.000508295,0.0642756,0.0574276,0.00231141],[-0.0280812,-0.0108707,-0.393166,0.00620975,-0.0950455,-0.151869,0.0223649,0.00214261,-0.0397258,0.0360332,-0.00160824,0.002314,0.0155954,0.00363412,0.0238847,-0.00677993,0.0222125,-0.0151139,-0.00211668,-0.0109202,-0.139174,-0.236127,0.00277237],[-0.279859,0.296737,2.05672,-0.237482,-0.1189,1.08292,0.0244201,-0.0518989,0.00135522,-0.0627346,-0.00532696,-0.00352242,-0.00132748,-0.00464374,-0.00677993,0.122458,0.00465924,-0.00671436,-0.0974601,0.00161172,0.0122114,1.07497,-0.00327701],[-0.0807549,0.00771073,-1.20018,-0.0298467,-0.0574822,0.0418375,0.0966378,-0.000148095,-0.0853941,0.0193719,-0.00877633,0.00122288,0.0210687,0.00216548,0.0222125,0.00465924,0.125265,-0.0209928,-0.0546163,-0.0114657,-0.282714,-0.719997,0.0064158],[0.0575006,-0.00111671,2.38711,-0.0134482,-0.199068,0.184999,-0.0295217,-0.00848719,0.127766,-0.00492759,0.00014617,-0.00623625,-0.00601979,-0.00853974,-0.0151139,-0.00671436,-0.0209928,0.216613,0.122179,0.0144225,0.0680593,-0.3115,-0.00404179],[-0.468922,-0.306327,-1.6781,0.170301,-0.966614,-1.1559,-0.108899,0.0944225,-0.0727666,0.17342,0.159004,0.00305518,-0.0446924,0.00823944,-0.00211668,-0.0974601,-0.0546163,0.122179,1.95039,0.0239737,0.325819,-2.08034,0.00949299],[-0.0298314,0.0332691,0.208169,-0.0551205,-0.0349661,0.0791786,-0.0144636,-0.00338073,0.0378048,-0.0266447,-0.00335086,0.00098538,-0.00599524,-0.000508295,-0.0109202,0.00161172,-0.0114657,0.0144225,0.0239737,0.0389422,0.444238,-0.0261109,-0.0037316],[8.91159,-0.412347,-17.7477,2.22706,6.76938,-6.82557,-0.0626743,0.243679,-0.671459,-1.57538,0.153816,0.0748746,-0.072507,0.0642756,-0.139174,0.0122114,-0.282714,0.0680593,0.325819,0.444238,47.386,22.2634,-0.0799631],[7.63173,2.3203,12.1284,-0.152904,10.4335,7.83689,-0.235074,-0.249911,-1.71667,-2.7144,0.0853726,0.0875308,0.156798,0.0574276,-0.236127,1.07497,-0.719997,-0.3115,-2.08034,-0.0261109,22.2634,87.1438,-0.392077],[0.026442,-0.0231533,-0.66996,0.000388775,0.0435301,-0.200199,0.00934847,-0.00147145,-0.0126471,0.00942767,0.00394552,0.00179466,-0.00248045,0.00231141,0.00277237,-0.00327701,0.0064158,-0.00404179,0.00949299,-0.0037316,-0.0799631,-0.392077,0.0230237]],"n":23,"lags":3}