{"betahat":[[1.4679,-0.1212,8.77322,2.18124,2.92607,4.43898,-0.247027,-0.180072,-0.0285154,-0.0870345,0.000130123,0.719354,0.252984,-0.179973,0.208906,-0.065608,-0.0680831,7.18765,-0.269191,3.16306],[0.802666,0.0961466,-0.124223,0.0222901,0.0421731,0.240185,0.0246068,-0.0108141,-0.00549282,0.00428213,-6.1262e-05,0.0279362,0.0089316,-0.0108035,0.00850725,0.0100529,0.0118087,0.0732495,0.0112933,0.105343],[0.133776,1.1412,3.25312,-0.119055,0.392116,1.43166,0.0120411,-0.0315268,-0.00622481,0.0175158,-2.21902e-05,0.126873,-0.0123382,-0.170764,0.0334449,0.0189218,0.0100076,0.0684043,-0.0253876,1.04621],[-0.00801884,-0.00932535,0.529745,0.00461638,0.00186066,-0.122671,-0.000388395,0.000879167,-0.000360827,0.000432951,-6.90317e-08,-0.00631921,0.000292587,0.00355667,9.46994e-05,0.000515512,0.000369772,-0.0254254,0.00160028,-0.02971],[0.102014,0.182985,0.152804,0.692016,-0.258114,-0.853471,0.000185195,-0.0125593,-2.38708e-05,-0.0322917,-7.68612e-05,0.0611207,0.00180784,-0.0582978,0.0243961,0.00798975,0.0193222,0.42239,-0.0275265,1.69989],[-0.03474,-0.0413257,-0.283695,-0.0238068,0.695115,-0.362945,-0.00337002,-0.00933501,0.00455358,0.0171552,2.16889e-05,-0.02866,0.0211548,0.0321104,-0.00692798,-0.00623151,-0.000177312,-0.189848,0.01012,0.0326727],[-0.00113351,-0.0524403,-1.01788,0.00936174,-0.0165837,0.567736,-0.000728594,-0.000943298,0.00125274,-0.000605256,4.17734e-06,-0.0197552,0.00741172,0.017684,-0.0025375,-0.00469332,-0.00368859,-0.0220502,-0.000830562,-0.183198],[-0.0571952,0.352884,3.64098,0.17604,-0.224474,-0.157166,0.944757,-0.0586231,0.0302498,-0.0260347,6.09577e-05,0.0876092,-0.00900747,-0.0058987,0.0122727,-0.00260301,-0.0281099,-0.235892,-0.0453938,-2.12794],[-0.584605,0.570982,-15.3509,-0.247976,-0.431675,-4.51866,0.0588499,1.18734,0.0369893,0.120833,-0.000283356,0.204569,-0.0462665,-0.151762,0.101014,-0.00167745,0.0253617,-0.344966,-0.101744,4.26391],[-1.71903,-1.05595,-8.82417,0.478279,-1.95989,-3.80333,-0.0988076,0.135771,1.27587,0.080237,0.000925639,-0.0724045,0.231327,0.221432,-0.0471718,-0.0474356,0.0133522,3.14464,-0.0245757,-1.50823],[-0.096539,-0.318906,3.37627,0.485474,0.120861,2.09545,-0.00423159,0.0704569,0.0640103,1.45165,9.99835e-05,-0.233591,-0.210602,0.0153361,0.00275025,-0.0231917,-0.0405976,-1.07403,0.0202751,-0.213651],[400.899,-110.05,-1038.33,54.7533,11.4814,-1063.3,-11.7106,21.4034,5.82156,42.6425,0.853704,-99.554,-10.4911,52.6878,0.658765,13.9941,23.528,1.77707,14.1108,-222.466],[-0.0437349,-0.142264,5.72177,-0.185786,-0.00584327,2.12394,-0.0757087,-0.0219541,-0.000621119,0.0076701,5.80628e-05,0.837869,0.00583014,0.0192249,-0.00405951,-0.0219631,-0.0143175,0.425358,0.0280068,-0.931394],[0.203602,0.274961,4.74838,0.15634,-0.168133,0.939964,-0.0844899,0.0449673,-0.0092028,0.0353212,-0.00026269,-0.112996,1.02877,0.0991686,0.0107529,-0.0270293,-0.0370121,-0.990484,0.0205596,-1.57783],[0.0579804,0.775695,-1.17301,-0.136588,0.151357,0.0771071,-0.0193946,0.0477031,-0.00385837,0.0340596,-0.000119574,0.40124,-0.120243,0.649761,0.0589679,0.0250233,0.0148511,0.427854,-0.049019,2.55982],[-0.0576265,0.292891,-24.0562,-0.0347201,0.578446,-5.24019,0.868547,0.0607094,0.0377376,0.00304775,-8.43176e-05,-0.381103,-0.324725,0.318181,1.44675,0.112565,0.0222838,-2.20752,0.128176,1.57439],[0.0893225,0.303717,17.1428,0.767007,-0.595731,1.2905,0.184113,-0.00136432,0.0579765,0.0549353,-0.000912523,-0.0195241,0.38601,-0.0624296,-0.0885021,1.24514,0.181146,-6.18439,-0.16028,-3.71426],[-0.398576,0.562235,-8.64877,-0.747816,1.02564,-1.17158,-0.177467,-0.21774,0.155028,-0.0343991,-5.1873e-05,0.255217,-0.173213,-0.129216,0.0289208,-0.104224,0.96138,2.52783,-0.286408,-0.324952],[0.0676047,0.000983463,-0.0897682,0.0464926,0.120384,0.0335711,-0.00245843,-0.000390476,0.000166216,0.0131189,1.19162e-05,-0.00767244,-0.0120594,0.00443902,0.00062789,0.005028,0.0099072,0.926689,0.0178419,-0.256864],[0.650633,-0.30072,8.59537,0.688193,0.95735,2.11958,-0.0650908,0.0298632,-0.122749,0.112933,0.000561805,-0.250595,-0.185319,0.00784143,-0.00463948,-0.0492428,-0.038627,-0.847838,1.21965,-6.57531],[-0.0447372,-0.0018454,0.0484862,0.00288837,-0.0735862,-0.00338037,-0.00140531,-0.00141479,-0.00239304,0.00362581,6.60214e-06,-0.00220582,-0.000300952,0.00221341,-0.00040716,0.00131731,0.00320862,-0.0189442,0.00372955,1.06459],[0.191828,-0.0855736,0.788451,-0.0330206,-0.0982846,-0.0632048,-0.024151,0.00704353,0.00387468,-0.0107103,3.61761e-05,-0.0321493,0.00356574,0.0123816,-0.0133389,-0.00886822,-0.0127317,0.00964409,-0.00832244,-0.407576],[-0.185632,-0.147089,-1.53577,0.105722,-0.429088,-0.923784,0.0100502,0.0372392,0.00405323,-0.00199127,3.86451e-06,-0.0773203,0.0248975,0.121981,-0.0177789,-0.00931533,-0.00328983,-0.0732772,0.0201212,-0.352339],[0.00510843,-0.000768678,0.274586,-0.00279035,0.00846847,0.0888304,0.0016489,-0.000171317,0.000480134,0.00043541,2.96885e-06,-0.000511212,0.000936319,0.00218949,-6.15439e-05,-7.73295e-05,2.30651e-05,0.00693696,-0.00037945,0.0136238],[-0.096994,-0.00857369,-2.4296,0.141366,0.414462,0.804883,-0.00406903,0.0084494,-0.000259654,-0.00436534,3.85945e-06,0.0397555,-0.0127304,-0.0469617,-0.0112838,0.0132441,-0.00681089,-0.655131,0.00131319,-1.08261],[0.0482197,0.0584817,-0.347869,0.0144723,0.212355,0.0292359,-0.00586742,0.0172741,-0.00261876,-0.0102567,-8.20949e-06,0.0420491,-0.00806438,-0.0347582,0.00563867,0.00493186,0.00364566,0.119232,-0.00758963,-0.174569],[-0.0217475,0.0215955,0.543573,-0.00210373,0.0185914,0.294224,9.94079e-05,0.0014377,-0.000795205,0.00206802,7.75407e-06,0.0018561,-0.00167012,0.000923556,0.00114447,0.00314272,0.00301608,-0.0137295,0.00329867,0.0746476],[-0.149722,-0.120777,-1.15428,-0.127849,0.100089,0.788753,-0.107826,-0.00421887,-0.00242703,0.0395956,0.000208749,-0.086403,-0.04896,-0.0395086,-0.00198952,0.0418925,0.0818073,-0.564479,0.0935895,-0.0472046],[-0.189571,-0.830133,10.6504,0.497728,-0.973308,2.04251,0.0283626,-0.0194949,-0.0100381,-0.0363213,0.000287959,-0.0712812,0.104154,0.186749,-0.0410521,-0.0774653,-0.0296425,1.94623,0.0480451,-2.46698],[1.29132,1.15823,6.91293,0.0547004,1.12868,2.84437,0.229159,-0.181082,-0.240335,-0.0883805,-0.000781532,0.220058,-0.0130283,-0.302783,-0.00380474,0.0384773,-0.0015844,-1.46037,0.0547857,2.62869],[-0.332599,0.109242,0.131044,-0.532893,-0.721924,-1.7985,-0.0291096,-0.0326746,-0.04047,-0.384722,6.03735e-05,0.130231,0.169908,0.0734424,-0.0308953,0.00452591,-0.0261742,0.0422361,-0.0367023,-0.591035],[-229.366,33.5177,1588.72,82.4704,7.20849,867.134,111.332,-53.4676,-1.47861,-51.5265,-0.139227,36.1523,48.0883,12.4758,14.1687,-20.511,-33.5771,-48.478,-12.3202,707.835],[0.273137,0.229515,-4.32455,0.134928,0.0487186,-1.82929,0.095251,0.0105593,-0.00455156,0.0062043,-0.000128618,0.17696,-0.00265158,-0.0703729,0.024037,0.018822,0.0174219,-0.07685,-0.021131,1.37695],[-0.122458,-0.356857,-3.22121,-0.145256,0.618959,-0.055864,0.0149736,-0.0888235,0.00939484,-0.00751469,0.000234582,-0.106958,0.0701497,0.0894712,-0.0695477,0.00538382,-0.0149155,0.252667,0.00235465,-2.03729],[-0.159246,-0.869621,1.27992,0.182934,0.00583521,0.17691,-0.0518973,-0.0142944,0.0130045,-0.0178161,0.000187817,-0.40916,0.135758,0.341807,-0.0767004,-0.0186146,-0.0046566,-0.321008,0.0544267,-3.1324],[0.82536,0.0923943,22.8513,-0.345154,-0.39241,5.02134,-0.430439,0.0387922,0.00270811,0.103228,7.97891e-05,0.477104,0.236322,-0.401517,-0.166857,0.0308367,0.0899402,1.08281,-0.0560488,1.3923],[0.0239029,-0.325929,-22.1347,-0.506613,0.472145,-2.44251,-0.0724083,0.0803284,-0.00605005,-0.00109508,0.000583348,-0.111284,-0.0583523,0.214384,-0.0314127,-0.150529,-0.117553,4.66207,0.0701858,-0.667506],[-0.369242,0.207,0.767765,0.0949432,-1.13288,1.30824,0.176033,0.193922,-0.0684943,-0.0633247,-0.000144084,-0.211707,0.0356806,0.162452,-0.0541853,0.0468222,-0.056722,-2.31672,0.096974,-2.07786],[0.023844,0.015072,-0.342751,-0.0253993,-0.058649,-0.273452,-0.00903756,0.00478701,-0.00489012,-0.015502,-5.04194e-06,0.0194387,0.0147781,-0.00690702,0.00623108,-0.00600077,-0.0101062,0.0353683,-0.00976857,0.448481],[-1.45136,-0.00111567,-4.78789,-0.049551,-0.791976,0.721066,0.0624747,0.0163815,0.0950385,-0.101031,-0.000249826,0.0446779,0.166157,0.191997,-0.0584977,-0.0259977,-0.0429934,0.308116,-0.177827,1.72159],[0.0533192,-0.0025897,0.0326745,-0.0046048,0.0318521,-0.0108302,-0.00406525,0.00125177,0.00166261,-0.00366882,-7.49082e-06,-0.00228461,0.00420658,0.00351468,-0.00132006,-0.000615054,-0.00205076,0.0339616,-0.00222007,-0.0339666],[0.00550299,-0.0105705,-0.664429,0.0107586,0.0560712,-0.177085,-0.000444358,0.00377328,0.00161704,0.0064279,2.50764e-05,0.00421818,-0.0124947,-0.00157824,0.0048409,-0.00118463,0.000924987,-0.0828301,-0.0029692,0.302445],[0.051854,0.00587766,-1.71733,0.0133382,0.0369611,-0.507882,-0.0220877,-0.00571176,0.00217153,-0.0155231,1.83257e-05,-0.0495544,-0.0125589,0.0487843,-0.0156633,-0.00960639,-0.00671708,0.00488708,0.00526765,-0.693829],[0.00285532,0.00995229,0.192744,-0.00171829,-0.010403,0.0329954,-0.00125065,-0.000698763,-0.000117823,-0.000876952,-2.90122e-06,0.00678068,-0.00120003,-0.00568882,-2.5501e-05,-0.000445502,-0.000398493,0.0186638,-0.00122399,0.0161048],[-0.00500545,-0.174411,2.27667,0.166628,-0.156355,0.0485209,0.00389294,0.00411406,0.000283068,0.036657,7.29994e-05,-0.100869,0.0109213,0.105256,-0.0131033,-0.0212347,-0.0125102,0.232796,0.0262141,-0.617112],[-0.013461,-0.0171528,0.631213,0.00938548,0.0924653,0.333498,0.00925224,-0.00793624,-0.00193672,-0.00689907,-1.34936e-05,-0.0133827,-0.013084,0.00264897,0.00130159,0.00129953,-0.00346522,0.0707154,-0.00252812,0.1422],[0.0229019,0.0307967,0.473446,-0.00719869,-0.00205841,0.137657,0.000639241,-0.000490389,-0.00045815,-0.00146444,-1.19352e-05,0.0178851,-0.00572926,-0.018588,0.00140169,0.00154773,0.000672467,0.0358896,-0.0024671,0.108679],[0.206925,-0.232105,-2.48696,-0.0481765,0.124365,-0.631692,0.163073,0.0628414,-0.0278226,-0.0135609,-0.000269706,-0.00120187,0.0579622,0.0454055,-0.0102771,-0.0392881,-0.0536923,0.800456,-0.0481925,2.17523],[0.746641,0.273114,4.87958,-0.285373,1.39951,2.55626,-0.0928661,-0.17191,-0.0262458,-0.0842341,-9.19647e-07,-0.134315,-0.0698567,-0.0388681,-0.0648756,0.0787261,0.00328399,-1.65284,0.0528365,-1.91365],[0.434937,0.0756598,-0.781752,-0.754739,0.761334,-0.0786194,-0.11448,0.0525979,-0.0815353,-0.0220553,-0.000205032,-0.103779,-0.302252,0.0282302,0.0673202,0.0249714,0.0183848,-1.4257,-0.00657066,-0.62107],[0.252524,0.157263,-2.80283,-0.101283,0.437451,-0.140994,0.0285235,-0.0339848,-0.0263166,-0.0958105,-0.000145967,0.0781628,0.00449458,-0.08374,0.0150652,0.00948598,0.0488585,0.762618,0.0104617,0.342277],[-171.533,76.5321,-550.389,-137.224,-18.6899,196.165,-99.6216,32.0643,-4.34295,8.88403,0.285523,63.4017,-37.5972,-65.1635,-14.8275,6.51688,10.0491,46.7009,-1.79058,-485.369],[-0.229396,-0.087253,-1.39728,0.0508693,-0.0428835,-0.29468,-0.0195389,0.0113945,0.0051721,-0.0138751,7.05533e-05,-0.0148293,-0.00317761,0.0511487,-0.0199745,0.00314064,-0.00310375,-0.348479,-0.00687492,-0.445508],[-0.0811453,0.0818908,-1.52719,-0.0110833,-0.450837,-0.884127,0.0695194,0.0438592,-0.000191799,-0.027804,2.81089e-05,0.219954,-0.0989216,-0.188639,0.0587983,0.0216445,0.0519277,0.737832,-0.0229136,3.61518],[0.124801,0.124504,-0.0325038,-0.0728704,-0.1234,-0.213406,0.0686905,-0.0251753,-0.00766627,-0.0116192,-5.96257e-05,0.0310899,-0.0272567,-0.01293,0.0198353,-0.00652228,-0.00931739,-0.108937,-0.00827118,0.67367],[-0.767696,-0.38528,1.20459,0.379919,-0.186062,0.218667,-0.438092,-0.0995005,-0.040447,-0.106277,4.5241e-06,-0.095989,0.088401,0.0833308,-0.279875,-0.143402,-0.112218,1.12486,-0.0721235,-2.96642],[-0.414419,-0.377512,7.69495,-0.00997069,-0.410855,1.83812,-0.0860302,-0.0336619,-0.0497379,-0.0420799,0.00038515,0.0667892,-0.0848543,-0.0199774,0.0729812,-0.147179,-0.07209,1.97169,0.107868,3.33527],[0.737846,-0.695866,8.541,0.540491,0.161029,0.151712,-0.0173517,0.0208244,-0.0845365,0.108879,0.000199987,-0.0244281,0.116558,-0.0437454,0.0141832,0.0564155,0.0778268,-0.363503,0.180137,1.72684],[-0.0913107,-0.0160017,0.431909,-0.0209679,-0.0617392,0.239546,0.0115368,-0.00439502,0.00471568,0.00237245,-6.89464e-06,-0.0117248,-0.00271363,0.00244645,-0.00681938,0.000970053,0.000204688,0.038227,-0.00806625,-0.190905],[0.784541,0.326174,-3.71476,-0.667186,-0.158687,-2.78935,-0.00149638,-0.0449909,0.0297561,-0.00823251,-0.000320722,0.211871,0.0116439,-0.206167,0.0600397,0.0786202,0.0808186,0.457071,-0.0463994,4.75887],[-0.00847687,0.00431618,-0.0770155,0.00144401,0.0424043,0.0162545,0.00544031,0.000134267,0.000739505,2.02924e-05,1.10641e-06,0.00445525,-0.00395068,-0.00574736,0.00169457,-0.000713034,-0.00118376,-0.0154575,-0.00150378,-0.033609]],"sigmahat":[[5.43891,0.571392,4.68121,0.162737,4.85611,1.09078,-0.0191784,0.0654139,-0.00161523,0.0819271,8.85703e-05,0.518967,0.0382246,-0.493396,0.0285216,0.0474877,0.0430934,0.170233,-0.0504826,-0.803065],[0.571392,2.16487,2.8579,-0.313032,0.507329,2.26166,0.0679852,-0.0625993,-0.0341721,0.0181699,-0.000418153,0.807403,-0.188851,-0.699565,0.0841058,0.0621518,0.055648,-0.389004,-0.0754454,4.98355],[4.68121,2.8579,607.99,-6.8317,3.67257,175.64,0.699821,-0.269582,-0.183927,-0.0592163,-0.00159049,3.1912,-0.0153494,-4.92734,-0.027286,-0.495405,-0.100106,-14.4013,0.380897,-2.70319],[0.162737,-0.313032,-6.8317,1.13065,-0.216224,-2.63149,-0.00737399,0.0215539,-0.00483488,0.0429171,0.000105127,-0.117757,0.147385,0.187118,-0.0238354,-0.00787076,0.0282099,0.978597,0.0217335,-0.581307],[4.85611,0.507329,3.67257,-0.216224,9.27684,7.53773,-0.0769093,0.0565949,0.0215676,-0.0112344,0.000267506,0.656227,0.131809,-0.670756,0.0209576,0.0902876,0.0196548,-0.165198,-0.0830372,-3.25308],[1.09078,2.26166,175.64,-2.63149,7.53773,71.4014,0.308092,-0.113673,-0.0206304,-0.0730075,-0.000377394,1.79425,-0.0401716,-2.42257,0.058574,0.040507,0.0456816,-5.04998,0.0580495,1.06732],[-0.0191784,0.0679852,0.699821,-0.00737399,-0.0769093,0.308092,0.137134,0.00380168,-0.0013775,0.023377,-9.90818e-05,0.0552982,-0.0130813,-0.0527232,0.0385291,0.0186964,0.0183341,-0.0306621,0.00289043,1.39036],[0.0654139,-0.0625993,-0.269582,0.0215539,0.0565949,-0.113673,0.00380168,0.0438993,0.00372178,0.00909754,2.76447e-05,0.0146479,0.00952821,-0.00535024,0.00249212,0.00207592,0.00209636,0.03808,-0.00182296,0.165658],[-0.00161523,-0.0341721,-0.183927,-0.00483488,0.0215676,-0.0206304,-0.0013775,0.00372178,0.00792446,0.00831126,1.35353e-05,-0.00740241,0.00120891,0.00957379,-0.00251418,0.00100773,0.00141288,0.00229612,-0.00073469,-0.106348],[0.0819271,0.0181699,-0.0592163,0.0429171,-0.0112344,-0.0730075,0.023377,0.00909754,0.00831126,0.0947381,2.15899e-05,0.00209185,-0.0242972,-0.00387896,0.0177493,0.0196225,0.0275874,0.0450072,0.0160621,0.661367],[8.85703e-05,-0.000418153,-0.00159049,0.000105127,0.000267506,-0.000377394,-9.90818e-05,2.76447e-05,1.35353e-05,2.15899e-05,4.55364e-07,-0.000107071,5.52614e-06,9.89713e-05,-2.34328e-05,-1.77375e-05,-4.45229e-06,0.000118586,3.42828e-05,-0.00161817],[0.518967,0.807403,3.1912,-0.117757,0.656227,1.79425,0.0552982,0.0146479,-0.00740241,0.00209185,-0.000107071,0.536201,-0.0529104,-0.430807,0.0482799,0.0301622,0.0285373,0.118374,-0.0490471,2.85108],[0.0382246,-0.188851,-0.0153494,0.147385,0.131809,-0.0401716,-0.0130813,0.00952821,0.00120891,-0.0242972,5.52614e-06,-0.0529104,0.12808,0.0700041,-0.0284639,-0.00655333,-0.0106991,0.0801948,-0.00164048,-0.811323],[-0.493396,-0.699565,-4.92734,0.187118,-0.670756,-2.42257,-0.0527232,-0.00535024,0.00957379,-0.00387896,9.89713e-05,-0.430807,0.0700041,0.428947,-0.0505514,-0.0317175,-0.0321877,0.0475644,0.035023,-2.62419],[0.0285216,0.0841058,-0.027286,-0.0238354,0.0209576,0.058574,0.0385291,0.00249212,-0.00251418,0.0177493,-2.34328e-05,0.0482799,-0.0284639,-0.0505514,0.037093,0.0112382,0.0130631,0.0435499,0.00207177,1.08318],[0.0474877,0.0621518,-0.495405,-0.00787076,0.0902876,0.040507,0.0186964,0.00207592,0.00100773,0.0196225,-1.77375e-05,0.0301622,-0.00655333,-0.0317175,0.0112382,0.0287031,0.026269,-0.0774529,0.00958157,0.577945],[0.0430934,0.055648,-0.100106,0.0282099,0.0196548,0.0456816,0.0183341,0.00209636,0.00141288,0.0275874,-4.45229e-06,0.0285373,-0.0106991,-0.0321877,0.0130631,0.026269,0.0413806,0.0521008,0.0186834,0.864409],[0.170233,-0.389004,-14.4013,0.978597,-0.165198,-5.04998,-0.0306621,0.03808,0.00229612,0.0450072,0.000118586,0.118374,0.0801948,0.0475644,0.0435499,-0.0774529,0.0521008,9.00923,-0.045951,4.73862],[-0.0504826,-0.0754454,0.380897,0.0217335,-0.0830372,0.0580495,0.00289043,-0.00182296,-0.00073469,0.0160621,3.42828e-05,-0.0490471,-0.00164048,0.035023,0.00207177,0.00958157,0.0186834,-0.045951,0.0322122,0.0796043],[-0.803065,4.98355,-2.70319,-0.581307,-3.25308,1.06732,1.39036,0.165658,-0.106348,0.661367,-0.00161817,2.85108,-0.811323,-2.62419,1.08318,0.577945,0.864409,4.73862,0.0796043,66.4586]],"n":20,"lags":3}