{"betahat":[[-4.77223,16.3153,193.49,3.77106,13.3336,81.2909,4.41397,-1.44353,1.10344,-14.8419,-0.579367,-0.782696,0.0579207,-1.16577,-0.738157,6.64388,4.3116,23.5719,21.7307,0.474949,41.8734,34.8638,0.0446919],[0.904075,0.0456286,-1.82573,0.131265,0.146933,-0.361891,0.00143822,0.00834619,0.00287224,-0.0198963,0.011772,-0.00603694,0.000135994,-0.00902576,-0.00252706,0.0197821,-0.0397186,-0.0161538,-0.00808853,0.00904782,-0.202923,0.23507,0.00548207],[-0.0757826,0.822659,1.10754,-0.217179,-0.0167944,-0.0245641,0.0118025,-0.00547897,-0.0176994,-0.0300626,-0.00187628,0.00595551,-0.0148612,0.00223794,0.00200189,-0.0318542,0.0252209,-0.0580315,0.0147767,-0.0288168,-1.13952,0.0278686,0.029577],[-0.0125335,-0.0020475,0.366837,0.00266399,-0.00203194,-0.153034,-0.00253499,0.00113175,0.00472241,0.00556249,0.00054715,-0.000434692,-0.000124796,-0.000510007,-0.000178791,-0.00130321,-0.00144421,-0.00258016,0.0022222,0.000181852,-0.0389923,-0.0522124,0.000587078],[0.0435034,0.184909,2.30508,0.57205,-0.0861479,0.179076,-0.0112896,-0.0206624,0.0723762,-0.00610181,0.0021496,0.00369604,-0.00979456,0.00453484,-0.00413612,0.0532149,-0.00432388,-0.00662318,-0.0861672,0.0015647,-0.140967,0.0948864,0.00757659],[-0.0374504,0.0366497,-0.746502,-0.0450521,0.652226,-0.519407,0.0122694,-0.0092281,0.00548552,0.0788052,0.00342631,0.000416448,0.00586076,0.00267875,0.00610084,0.00620971,0.015651,0.0485262,0.00882358,-0.000899962,-0.258114,-0.942638,0.0171609],[-0.00515494,-0.000963119,-0.588937,-0.0192409,-0.047829,0.648392,-0.00346494,-0.00330463,0.0115746,0.0128826,-0.000252487,0.000612486,0.00067757,0.00094447,-8.49334e-06,0.00150135,-0.00881712,0.0127089,-0.0117047,-0.000743333,-0.0606249,0.0152649,-0.000498193],[-0.17697,0.0900739,4.47958,0.301049,-0.0746948,0.680093,0.848955,-0.0224989,1.21378,0.0586493,-0.00634684,0.00636426,-0.0833313,0.00770316,-0.0585508,-0.00977106,-0.0683172,0.0351568,-0.147627,-0.0180669,-3.86103,-3.43743,0.0218499],[-0.592977,0.848628,-15.8169,0.256306,-0.206662,-5.07114,0.020375,0.777787,0.630975,0.574516,-0.0433371,-0.014763,0.0675664,-0.0400214,0.13368,0.0562498,0.141281,-0.432631,0.50226,-0.181068,-6.30864,-5.81162,0.0532042],[0.11881,-0.00648109,-6.12266,0.0558545,0.175575,-1.76032,-0.0645418,-0.018827,1.2269,-0.0255501,-0.0293801,-0.0023012,-0.00112725,-0.00620525,0.00049356,-0.0226688,-0.0278968,0.0632952,-0.11165,0.0151744,-0.313975,-0.142211,0.00377795],[-0.169412,-0.101697,-4.81099,0.119156,-0.309256,-1.77112,-0.0456948,0.00174378,0.271147,1.24352,-0.0321022,-0.00928182,0.0144728,-0.0126531,0.0335545,0.0212911,-0.0534012,-0.0261539,-0.120161,-0.0361278,-0.128855,-1.09045,0.0375508],[-1.05028,0.132091,9.82422,0.147389,-1.37868,4.23261,0.039314,-0.0682464,-0.85016,0.318862,1.06457,-0.0582389,0.0414064,-0.0157013,-0.0483761,0.0318615,-0.178937,-0.0851616,0.579387,0.116907,2.77708,4.43026,-0.0310001],[0.389766,-0.179144,7.1677,-0.228835,2.1674,1.83295,-0.215075,-0.10767,-0.552882,0.995488,-0.277531,0.808052,0.0540775,-0.109617,0.0330869,-0.117785,-0.47222,-0.41433,-1.00495,0.11604,6.55617,-24.3296,0.137445],[-1.99114,-0.158589,-2.31963,1.1387,-2.55253,-3.61707,0.280546,0.0376168,0.413508,0.469498,-0.15783,-0.0429753,0.95036,0.0156697,0.214721,0.126663,-0.0180984,-0.300401,-0.837775,-0.24242,-8.97648,-1.70109,0.170627],[0.105524,-0.228951,-11.1895,0.0179661,-1.00874,-6.80006,-0.321905,0.0792732,0.0210476,0.165796,0.315964,0.494773,-0.0509182,1.25174,-0.00366299,0.312936,-0.0296197,0.144581,1.58683,-0.230354,-8.1747,19.5883,0.336046],[-0.152451,0.151095,0.497359,-0.752753,0.476617,0.966725,0.0178316,-0.156712,-2.19571,0.0829647,0.307114,0.173475,0.0955626,0.185388,0.814862,0.0724135,0.526131,0.837765,0.216185,0.272664,4.50203,-2.38538,-0.00194987],[0.229894,0.450415,0.844198,0.335118,-0.0793716,0.499115,0.145406,-0.18416,0.374853,-0.0461991,0.0247545,-0.0386452,0.0253219,-0.0369432,0.0179171,1.07317,0.111462,-0.0421621,-0.315308,-0.0161204,0.366991,0.212825,0.00287285],[0.965428,0.235431,-13.3523,-0.0313611,0.767204,-5.03528,0.100614,-0.0130415,-0.113905,-0.24703,-0.0010552,0.0150058,0.153759,0.0364722,0.108174,-0.0052006,0.893098,-0.0644893,0.0616165,0.0540122,5.80825,2.08635,-0.0209729],[0.918319,0.121701,1.90683,-0.0747517,0.0912893,-0.396815,-0.0520368,-0.0446761,0.121015,-0.0351372,-0.0133332,-0.00926755,-0.0465959,-0.0120049,-0.0365542,0.00962797,-0.000869003,0.71297,0.0195576,0.0379929,2.88316,1.61192,0.0445294],[0.157377,-0.0804331,-1.6366,0.040991,0.265113,-0.46536,0.00327569,0.0254305,-0.0611674,-0.0584812,0.0276947,0.00196245,0.0213659,0.00121415,0.0148223,-0.00152162,0.0103453,0.0788705,0.476875,-0.0598552,-0.129172,-0.667169,0.00849617],[0.039912,0.0180764,11.1802,-0.511171,-0.547181,0.972206,-0.37803,0.114116,-0.320782,0.394389,-0.0440638,-0.0634582,-0.0541564,0.00408495,-0.102334,-0.00275239,-0.438701,0.37503,0.554357,0.147905,-9.25101,9.60409,-0.0235704],[-0.077884,0.0308126,-0.429308,-0.0265289,-0.0487643,-0.0258923,0.0172804,-0.00711875,0.0387766,-0.00696841,-0.00524207,0.000367352,0.00584227,0.000736257,0.00393338,0.00897248,0.0302583,-0.00160825,-0.0413492,-0.00557499,-0.29067,-0.252739,-0.00393936],[-0.0171681,-0.0254692,0.284562,-0.00391053,-0.0135806,0.0296382,-0.00556102,-0.000873256,-0.00492599,-0.00195801,-0.00333671,0.00199065,0.00194125,0.00173233,0.00154074,-0.0103444,-0.000848635,-0.00155897,-0.0191916,0.00217347,0.0171244,0.719549,-0.00116737],[-0.929875,0.130457,16.4297,0.0519701,-2.44848,7.1769,0.0799159,0.000349443,1.25106,0.441095,-0.107309,0.0563066,0.10674,0.131399,0.1192,-0.437172,0.0689862,0.0109915,-2.23029,-0.0358092,-3.3169,0.213992,0.419411],[0.0514204,0.00893621,2.5576,-0.115612,-0.220721,0.545369,0.00338737,-0.0134665,0.0117625,0.044434,-0.00826648,0.003692,0.00318155,0.00580598,0.0028519,-0.00954686,0.0284258,-0.000818778,-0.0499923,-0.0139502,0.0244382,-0.436068,-0.00236411],[-0.325881,0.113296,0.364832,0.126324,-0.302744,0.336378,0.0192997,0.00592803,-0.044816,0.14797,0.00460629,-0.00156617,0.0202097,-0.00241508,0.0093562,0.0216252,0.0116626,0.0223776,-0.0266587,0.0167415,0.0460524,-0.945733,-0.0304265],[0.00859323,-0.00546,0.248906,-0.0034554,0.0146458,0.0741882,0.0019504,0.00027653,-0.00200976,0.0015051,-0.000360896,0.000467538,0.000499076,0.000704988,0.000505161,-0.000714949,0.000778779,0.000212863,0.000572262,-0.000158344,-0.00239795,0.00670176,0.000735985],[-0.218725,-0.0402027,-2.78249,0.20453,0.163688,0.375291,0.0283745,-0.00874493,-0.0871828,-0.0312582,-0.0016184,0.000417093,0.00499313,-0.00199642,0.00102353,-0.0109231,0.0215154,-0.00372818,0.006708,0.0052544,-0.183273,-0.34318,0.0109558],[-0.0257856,0.00715233,0.260334,0.00701353,0.192227,0.214501,-0.0144532,0.00368834,0.011419,-0.0547504,-0.00424257,0.000286838,-0.00391147,-0.00153209,-0.00508974,0.00426263,-0.0126769,-0.0259975,-0.0117046,0.00231763,0.043808,0.613238,-0.0160415],[-0.0208703,-0.000342833,0.441514,0.00350361,0.0465279,0.330443,0.000552685,0.00234726,-0.00926209,-0.00738996,0.000764939,-0.000761941,0.000353973,-0.000360599,0.000259798,-0.000460107,0.00648093,-0.00268673,0.0130843,0.000241045,-0.0682124,-0.0873049,0.000654392],[0.267446,0.0515852,-4.42577,-0.0838231,0.297515,-0.755663,0.00548972,0.00581982,-0.957304,-0.166079,0.00494114,0.0319998,0.131865,0.0324057,0.122776,-0.00184807,0.00502513,-0.184575,-0.239796,-0.0332313,2.15695,3.37779,0.0553976],[-1.10938,-0.118656,14.8025,-0.0764404,-1.31509,4.63891,0.105206,0.0322506,-0.0667684,-0.278828,0.0195568,-0.00480528,-0.0614611,0.011468,-0.0894347,0.0710591,-0.110117,0.42002,0.504412,0.125028,1.48909,3.7178,-0.0900526],[0.117192,0.0316345,3.61943,-0.0904866,0.14146,1.14862,0.0662961,0.00864097,-0.240641,-0.0145938,0.028219,-0.000851378,-0.000652899,0.00438577,-0.00612302,0.0398182,0.0263607,-0.0509715,-0.000114695,-0.0155542,0.943837,1.04356,-0.00950865],[0.262293,-0.0178859,3.99451,0.0204886,0.139325,0.40954,-0.0225263,-0.00419351,-0.0555248,-0.283667,0.0158139,0.000522292,-0.00396168,0.00378549,-0.0310245,-0.0509424,-0.0265365,0.0660154,-0.0811258,0.0279719,0.264994,-0.353011,-0.0201499],[0.517729,-0.13313,-7.269,-0.420683,0.620174,-3.62328,0.0777676,-0.00462178,-0.414566,0.0203149,-0.226211,-0.00988514,-0.033007,-0.0263523,0.0135084,-0.0959409,0.20654,0.06422,-1.00127,-0.207901,-5.02074,-3.20995,-0.000184285],[0.86912,-0.202339,6.30768,0.396174,0.883581,2.81731,0.343269,-0.00373072,-0.47426,-0.262075,0.391207,-0.182757,0.0510936,-0.074718,0.0831637,0.0315788,0.150525,-0.157493,2.00002,-0.0842647,1.86807,-4.5386,0.131461],[-0.776345,0.450559,-12.1107,-0.459936,0.446215,0.479123,0.159029,-0.0734007,0.520689,1.22832,0.131424,0.139542,-0.103937,0.0834513,-0.0757588,-0.0330112,0.130698,0.13468,0.988792,0.121513,3.24504,-6.69216,0.0413567],[-0.217549,1.03854,-7.69223,-0.151244,0.282278,-0.509834,0.284915,-0.0883902,0.384538,-1.24571,-0.119755,-0.167733,-0.0356552,-0.184472,-0.10783,0.277279,0.234069,-0.128947,-0.66231,-0.0312556,-3.99259,6.42736,-0.104903],[-0.109113,-0.00684371,-5.15326,-1.04608,-0.163653,0.651503,-0.0763191,0.325239,0.894337,-0.509939,-0.337184,-0.0246434,0.0119691,0.00557946,-0.0827865,-0.134074,-0.267339,-0.379008,-0.0841013,0.365831,6.85348,-5.27679,-0.065499],[-0.426767,-0.394432,-1.27862,-0.0392169,0.133565,-0.810235,-0.035726,0.205684,-0.265456,-0.0146121,-0.012034,0.0181349,-0.0010711,0.0127142,0.0151233,-0.0456739,0.00985904,0.00479022,0.405766,0.00684012,-0.565262,-0.0613581,0.00589675],[-0.715343,-0.0748608,16.8844,-0.116467,-0.968143,5.95905,-0.134559,-0.000443036,-0.0466409,0.111291,0.00324056,0.00470057,-0.0676029,-0.00653375,-0.0540963,-0.0127598,0.149364,0.0858317,-0.179831,-0.0333429,-5.41633,-1.20035,0.0459962],[0.0894275,-0.109386,7.003,0.056239,0.67613,2.48486,-0.015535,0.00814103,0.0157976,-0.123812,-0.0172688,0.0184829,0.0469468,0.0178075,0.0663663,-0.0178553,-0.00723529,-0.137984,0.30008,-0.00494965,-0.46599,0.11111,0.00183692],[0.0794319,-0.0584605,-0.600415,-0.00970767,0.0687282,-0.32441,-0.0528692,0.0170101,0.0208306,0.100886,0.00155536,-0.00255456,-0.0164746,0.00571172,0.000889711,-0.0359699,-0.0266929,-0.038082,0.0877402,0.0326486,-0.76703,0.212082,-0.0149464],[-0.303207,0.745778,0.697347,-0.0782734,-0.616199,0.901137,0.339982,-0.133504,-0.0459436,-0.222606,-0.0859056,-0.0432398,0.0767392,-0.0178312,0.123159,0.247965,0.219978,0.245249,-0.982043,0.234266,0.593557,1.06057,-0.0442863],[-0.046641,-0.00630429,-0.0160507,-0.0222884,-0.0251875,0.0579414,-0.00939874,-0.000741939,0.0236677,0.0278526,-0.00299248,5.43879e-05,0.00110574,-0.000233911,0.00172626,0.00292402,-0.00951879,0.00296331,0.000807227,-0.00032237,-0.0992589,-0.231771,-0.000905],[0.0283157,0.0113092,-0.325281,0.00823235,0.017642,-0.0466328,0.00108307,0.00256773,0.015288,0.0104904,0.000262677,-0.000306174,-0.000234857,-0.000756392,8.98454e-05,0.000323981,0.00174789,-0.00275447,-0.0106714,0.00201056,0.0222392,-0.0840217,0.00125944],[0.582279,-0.885032,-9.67948,1.87602,0.0382732,-4.84063,0.235004,0.0377735,0.237282,-0.155952,0.0165258,0.0204315,-0.0642079,0.00591523,-0.0856978,-0.196665,0.294669,0.304683,-0.247082,0.0228911,-0.316966,4.07573,0.0501145],[0.0433937,-0.0542289,-0.735173,-0.0160593,0.0732245,-0.181624,-0.00407,0.00501361,-0.0164282,-0.0237961,-0.00344487,0.00234321,-0.0031391,0.00329215,-7.27741e-05,-0.0100026,0.0117324,0.0152171,0.0553681,0.00455651,0.176274,0.19922,-0.00302855],[0.402247,0.0631678,-1.46112,0.0904434,0.319478,-0.308609,-0.0310383,-0.00042028,0.0613782,-0.11736,-0.00258062,-0.00431745,-0.00534788,0.000244551,-0.0113082,0.010049,-0.0368861,0.0353633,0.0117586,0.0120267,1.09579,0.916593,0.000987972],[0.000431487,-0.000941261,0.100167,0.00198466,-0.014664,0.00131898,-0.00147189,6.56313e-05,0.000178843,-0.000500497,-0.000218668,0.000273078,-0.000993652,0.000147803,-0.000663939,-0.000726582,-0.000936619,0.000791161,0.00583325,0.000592706,0.0273216,0.0212765,-0.000733256],[0.174689,-0.144107,0.482309,0.221826,-0.0781649,-0.552467,-0.0165555,0.0293509,0.0132282,0.0378773,-0.000568077,-0.00408431,0.00489339,-0.00250446,0.00327094,-0.0419676,-0.0167879,0.00924695,0.0787218,-0.00695393,0.326124,0.2448,-0.0184355],[0.0631453,-0.0432998,0.494666,0.0378061,0.151104,0.302066,0.00317004,0.00529299,-0.0195247,-0.0225699,0.00099051,-0.000646416,-0.00165054,-0.00106465,-0.000671839,-0.0102479,-0.0023399,-0.0245336,-0.000821471,-0.00182729,0.214099,0.324298,-0.000903668],[0.0270774,-0.00151817,0.113274,0.0148668,-0.00527872,-0.00448645,0.00267968,0.00124974,-0.00315718,-0.00243776,-0.000303644,0.000301643,-0.000944821,-0.000380184,-0.000109079,-0.00217704,0.0019373,-0.0106486,-0.000220231,0.000507719,0.124835,0.0580166,0.000189037],[-0.0882808,-0.142306,-0.0527046,-0.21697,-0.221429,0.0749479,0.145928,0.016589,-0.258812,0.108683,0.00144597,-0.0380795,-0.0482384,-0.0398224,-0.0637527,0.011486,0.0633651,0.148058,0.383244,0.0508328,1.71021,0.070601,-0.077099],[1.05394,-0.442598,-2.9711,-0.22138,1.27933,-0.0314325,-0.013364,0.0839669,-0.105851,-0.19249,0.0116487,0.0284698,0.0344595,0.0323893,0.00980178,0.00585398,0.0758109,0.251788,-0.333021,0.0839769,3.99245,-0.175186,0.0344691],[-0.234258,-0.0249943,2.4904,0.0315754,-0.318608,0.607961,-0.00156394,0.0109472,0.0017079,0.0373421,0.00185698,0.00298265,0.00237816,0.00171098,0.00586204,-0.0166542,0.00252506,-0.0178681,0.115215,1.58513e-05,-0.605347,-0.872487,0.00516157],[-0.092006,0.119917,0.816573,-0.138844,0.1747,1.36354,0.0671058,0.00270092,-0.212674,0.0365323,0.0160727,0.00854483,-0.0107909,0.00857911,-0.00299761,0.0298352,0.0792178,-0.0390819,0.20341,0.00848181,-0.131825,1.44273,-0.0177023],[0.530878,-0.0105107,-4.19057,-0.298345,0.360618,-1.86705,0.00284113,0.0321173,-0.0449286,-0.370179,-0.059376,0.00562838,0.0148928,-0.0254877,-0.0265275,-0.0666497,-0.00967046,0.143054,-0.414321,0.0874318,4.7804,-1.13695,0.0164749],[0.537191,-0.190254,7.43771,0.0165276,-0.69241,-0.389093,-0.149214,0.0156006,0.220355,0.925248,0.131172,-0.0303657,0.0463152,-0.00691088,0.0538913,-0.114828,-0.0547414,0.0057307,-0.554776,-0.105008,0.607872,-5.27083,-0.0518478],[0.515704,-0.67366,-0.773897,0.154708,0.338747,-0.676074,-0.426764,0.0454545,-0.651535,-0.45361,0.0249609,-0.0268592,-0.0650519,-0.0373586,-0.0709468,-0.267812,-0.338544,0.606851,0.422119,0.0886628,3.39062,2.16551,0.0063996],[0.394604,-0.338078,-14.3213,0.243132,0.350768,-3.57876,-0.148031,0.20726,0.032349,-0.256399,-0.26347,-0.0537643,0.0308986,-0.0761828,0.0445442,-0.143091,0.0912547,0.043116,-0.264252,0.115466,4.81134,3.18119,-0.209548],[0.091847,0.124687,5.19478,0.0791647,-1.05834,-0.93895,-0.226462,-0.0561118,-0.0259145,-0.959107,0.0459586,-0.0989574,-0.0857094,-0.113526,-0.036356,0.158371,-0.252482,-0.0309095,1.03017,-0.0546748,0.0306314,7.37639,-0.00683635],[0.197937,-0.0564716,0.453266,-0.295016,-0.0570515,0.313789,-0.109874,-0.0214815,-0.110579,0.0622169,-0.0122318,0.020516,-0.0242294,0.0243092,-0.0329639,-0.0279134,-0.121545,0.0368863,-0.0897849,0.00911985,0.198619,-0.155561,-0.00864345],[-0.247365,-0.162272,-3.53574,0.148883,0.199893,-0.930956,0.0344759,0.0133684,0.158223,0.137957,-0.00204979,-0.0195123,-0.0860031,-0.0296443,-0.053767,0.0174481,-0.0425985,-0.0226586,0.112787,-0.02113,-0.390348,-0.896245,-0.0245206],[-0.479788,-0.0916712,-4.85933,-0.0447883,-0.32497,-1.13037,0.00767827,0.0338288,-0.0049552,0.114325,-0.0170794,-0.0141312,-0.0178991,-0.0118553,-0.0326281,-0.0338733,-0.0496952,-0.312651,-0.399293,-0.0158115,-2.62829,-0.826078,-0.034726],[0.0504689,-0.0335965,0.670225,0.0392103,-0.0111557,0.1895,0.0148616,0.00184616,-0.0408747,-0.0821406,0.0207791,-0.00137493,-0.000868248,-0.0061241,-0.0168946,0.00109143,0.01274,-0.00527047,0.0784941,0.0215614,0.995994,0.206763,0.00602797],[0.204565,-0.0680603,0.776874,0.49504,0.0329941,0.222417,0.026451,-0.093323,0.175779,0.538556,0.326447,0.028643,0.00637642,0.00301617,0.0209315,0.0315721,0.0175429,0.0815902,0.628362,-0.0818627,-0.111098,3.14132,0.0225372],[-0.00570434,0.0119327,0.335971,-0.0124015,-0.0318056,0.0762669,-0.00358747,0.000838812,-0.00873382,0.0153838,0.000659512,-0.000450591,0.00181346,-0.000222833,0.00211019,0.00131745,0.00138425,-0.0013606,0.0193397,-0.00188077,-0.107322,-0.10747,0.000312851],[-0.0242421,0.00702933,0.0679904,-0.00326107,-0.0202478,0.011267,-0.00856892,-0.0014316,0.00405812,-0.00365362,0.00146271,-0.000683394,-0.00312448,-0.000790709,-0.00383459,0.00406793,-0.00845196,0.00315466,0.00231365,0.00273087,0.0134028,0.10659,-0.00158676],[-1.18817,0.860243,18.9127,-1.66172,1.10418,7.8439,-0.222943,-0.211163,0.589945,-0.20965,-0.105192,-0.0402674,-0.0692935,-0.0615719,-0.0609397,0.279628,-0.379549,0.216009,-0.936471,-0.0415395,-5.95466,4.36628,-0.0387347]],"sigmahat":[[6.25254,-1.11968,-13.262,1.46956,5.27055,-6.36754,-0.0753278,0.220782,0.000817548,-0.633901,0.0283814,0.0168752,0.0122956,0.0180968,0.0043418,-0.298403,-0.0381009,-0.0634868,-0.293518,-0.0205202,12.0009,9.12958,0.0107526],[-1.11968,1.21437,7.66866,-0.785493,-0.860915,3.46747,0.0444897,-0.175658,0.120874,-0.0556277,-0.0331146,-0.0112569,-0.0027172,-0.013943,-0.0135404,0.308291,0.0110247,0.00164711,-0.385716,0.0238077,-0.981679,1.97356,-0.0147727],[-13.262,7.66866,643.561,-14.3347,-28.0044,156.184,-1.46308,-1.99276,0.228597,-1.12069,-0.0870422,-0.377392,-0.332142,-0.413095,-0.465411,1.9297,-1.74266,3.37493,-1.95396,0.189197,-32.7052,-0.809847,-0.54276],[1.46956,-0.785493,-14.3347,2.09521,1.49158,-4.66203,-0.00633855,0.178693,0.159327,-0.118557,0.0388814,0.000603481,-0.00711597,-0.00359689,0.0138958,-0.248633,-0.0252714,-0.0511817,0.222917,-0.049436,3.10982,0.377469,-0.0127654],[5.27055,-0.860915,-28.0044,1.49158,10.2588,-2.37315,-0.0271859,0.194355,0.07641,-1.11007,-0.0679874,0.038439,-0.078502,0.0467951,-0.0657985,-0.128633,-0.0203506,-0.329617,-0.83946,-0.0361512,9.15055,11.7314,0.0310282],[-6.36754,3.46747,156.184,-4.66203,-2.37315,61.8217,-0.172183,-0.733794,-0.299278,-1.0333,-0.168191,-0.0866319,-0.188206,-0.0740261,-0.18695,1.07261,-0.104567,0.495238,-1.31092,0.0574583,-12.6387,3.38871,-0.142739],[-0.0753278,0.0444897,-1.46308,-0.00633855,-0.0271859,-0.172183,0.156957,-0.0101746,-0.103031,0.033911,-0.00125895,-0.00131894,0.0198018,-8.722e-05,0.0218769,0.0319786,0.10927,-0.0406397,-0.123914,-0.0195324,-0.0597785,-0.219993,0.0106641],[0.220782,-0.175658,-1.99276,0.178693,0.194355,-0.733794,-0.0101746,0.0499465,-0.0235268,-0.00745753,0.00412233,0.000722258,0.00321319,0.00155796,0.00301691,-0.0539848,7.44705e-05,-0.0108524,0.104462,-0.00264587,0.347879,-0.195697,-0.0031856],[0.000817548,0.120874,0.228597,0.159327,0.07641,-0.299278,-0.103031,-0.0235268,0.985824,-0.000359649,-0.0462601,-0.00859971,-0.0527999,-0.0225583,-0.0424708,0.00559368,-0.0816549,0.128458,-0.0816843,0.0377235,-0.584883,-1.56144,-0.0165743],[-0.633901,-0.0556277,-1.12069,-0.118557,-1.11007,-1.0333,0.033911,-0.00745753,-0.000359649,0.670766,0.0300875,0.00950459,0.0152213,0.00979026,0.0310097,-0.0469874,0.033949,-0.00610788,0.121656,-0.036299,-2.23979,-2.78857,0.00973204],[0.0283814,-0.0331146,-0.0870422,0.0388814,-0.0679874,-0.168191,-0.00125895,0.00412233,-0.0462601,0.0300875,0.0439645,0.0012521,0.00269242,0.00182567,-0.000593274,-0.00181249,-0.00393274,-0.0102599,0.160029,-0.00609646,0.170599,0.11418,0.0043199],[0.0168752,-0.0112569,-0.377392,0.000603481,0.038439,-0.0866319,-0.00131894,0.000722258,-0.00859971,0.00950459,0.0012521,0.00635105,0.00166311,0.00499668,0.00207046,-0.00296376,0.00124422,-0.00534327,0.000218094,0.000721629,0.0461419,0.0991946,0.00201172],[0.0122956,-0.0027172,-0.332142,-0.00711597,-0.078502,-0.188206,0.0198018,0.00321319,-0.0527999,0.0152213,0.00269242,0.00166311,0.0266509,0.00360857,0.020991,-0.00662571,0.0219131,-0.0168005,0.0026732,-0.00404484,0.123944,-0.126536,-0.00180695],[0.0180968,-0.013943,-0.413095,-0.00359689,0.0467951,-0.0740261,-8.722e-05,0.00155796,-0.0225583,0.00979026,0.00182567,0.00499668,0.00360857,0.00741867,0.0035345,-0.00476143,0.00148154,-0.00780861,0.00519785,-0.000628259,0.0387414,0.0516154,0.00256167],[0.0043418,-0.0135404,-0.465411,0.0138958,-0.0657985,-0.18695,0.0218769,0.00301691,-0.0424708,0.0310097,-0.000593274,0.00207046,0.020991,0.0035345,0.0248553,-0.00793426,0.0231817,-0.0185482,0.000469319,-0.0103214,-0.0466522,-0.186655,0.00166715],[-0.298403,0.308291,1.9297,-0.248633,-0.128633,1.07261,0.0319786,-0.0539848,0.00559368,-0.0469874,-0.00181249,-0.00296376,-0.00662571,-0.00476143,-0.00793426,0.128578,0.00903238,-0.00861733,-0.112842,-0.00105481,-0.0579209,1.02373,-0.0008279],[-0.0381009,0.0110247,-1.74266,-0.0252714,-0.0203506,-0.104567,0.10927,7.44705e-05,-0.0816549,0.033949,-0.00393274,0.00124422,0.0219131,0.00148154,0.0231817,0.00903238,0.13969,-0.028853,-0.0582197,-0.0154137,-0.225267,-0.70567,0.00797714],[-0.0634868,0.00164711,3.37493,-0.0511817,-0.329617,0.495238,-0.0406397,-0.0108524,0.128458,-0.00610788,-0.0102599,-0.00534327,-0.0168005,-0.00780861,-0.0185482,-0.00861733,-0.028853,0.245588,0.118735,0.0184137,-0.256876,-0.464708,-0.00297688],[-0.293518,-0.385716,-1.95396,0.222917,-0.83946,-1.31092,-0.123914,0.104462,-0.0816843,0.121656,0.160029,0.000218094,0.0026732,0.00519785,0.000469319,-0.112842,-0.0582197,0.118735,2.02625,0.0275597,0.590533,-1.76484,0.00428635],[-0.0205202,0.0238077,0.189197,-0.049436,-0.0361512,0.0574583,-0.0195324,-0.00264587,0.0377235,-0.036299,-0.00609646,0.000721629,-0.00404484,-0.000628259,-0.0103214,-0.00105481,-0.0154137,0.0184137,0.0275597,0.0420905,0.510514,0.0194903,-0.00443833],[12.0009,-0.981679,-32.7052,3.10982,9.15055,-12.6387,-0.0597785,0.347879,-0.584883,-2.23979,0.170599,0.0461419,0.123944,0.0387414,-0.0466522,-0.0579209,-0.225267,-0.256876,0.590533,0.510514,57.0465,27.977,-0.149411],[9.12958,1.97356,-0.809847,0.377469,11.7314,3.38871,-0.219993,-0.195697,-1.56144,-2.78857,0.11418,0.0991946,-0.126536,0.0516154,-0.186655,1.02373,-0.70567,-0.464708,-1.76484,0.0194903,27.977,90.9348,-0.393714],[0.0107526,-0.0147727,-0.54276,-0.0127654,0.0310282,-0.142739,0.0106641,-0.0031856,-0.0165743,0.00973204,0.0043199,0.00201172,-0.00180695,0.00256167,0.00166715,-0.0008279,0.00797714,-0.00297688,0.00428635,-0.00443833,-0.149411,-0.393714,0.0238804]],"n":23,"lags":3}