{"betahat":[[1.17807,0.387171,2.40519,1.31221,2.63704,2.82139,0.357713,0.42474,-0.0419241,-0.00349534,-0.084359,0.0306151,6.17029,0.239843,-0.148547,6.47024,3.1055,1.24771,0.228362],[1.01863,0.230035,-0.119141,0.106043,0.141055,0.262616,-0.0506923,-0.0870966,0.0362126,0.0411002,0.00244431,0.153423,2.22203,0.00578963,0.0713074,-0.398636,0.0309867,0.172246,0.0559662],[0.109045,1.08589,0.18121,0.0179807,-0.0643655,0.305427,0.0470111,-0.0205975,0.0502626,0.0474498,0.025002,0.135039,2.69622,0.0184663,-0.0244774,0.578366,0.488857,-0.030614,0.0122955],[-0.0358417,-0.0351675,0.945266,-0.0756921,-0.164599,0.0192042,-0.0133312,0.00405095,0.000429877,-0.00181604,0.00846544,0.0236152,-0.545343,-0.000485131,0.00532272,-0.163515,0.0817476,-0.0280406,0.0113144],[-0.0204035,-0.0183824,-0.29147,0.935402,-0.02604,-0.414324,-0.0491895,-0.0211479,-0.0389269,-0.0224913,-0.0226982,0.00729292,-1.85917,-0.0689833,-0.0578731,-0.334898,-0.214087,-0.148195,-0.0622868],[-0.00798263,-0.0464653,-0.0349493,-0.030978,0.973098,0.0101902,0.0193931,0.00569775,0.00135214,0.00337345,-0.00368793,-0.0467416,0.740258,-0.00152489,-0.00396273,0.0300148,-0.023464,0.0370734,0.00961662],[-0.0200912,-0.0441575,-0.0164797,-0.0339739,0.0365664,0.786466,-0.00790258,0.0011409,0.00665554,0.00477059,0.00977698,0.012557,-0.490373,-0.0103069,-0.00989126,0.0142144,-0.130911,-0.015249,0.00416369],[-0.129717,0.112761,-0.184197,-0.121638,-0.363157,-0.0865025,1.00217,-0.268004,0.00552503,0.000180689,0.0184611,0.383931,-0.613188,0.00877274,0.0684885,-1.99778,-0.107289,-0.574509,-0.0347062],[0.144489,0.155755,0.159681,-0.0154456,0.576356,0.341102,-0.0230883,0.698127,-0.0536485,-0.0536888,-0.019736,0.100216,3.95091,-0.000131179,0.0165767,0.0565996,0.712756,-0.468972,-0.13063],[-0.397042,-0.5505,-0.604487,-0.315643,-0.145063,-0.815907,-0.116998,-0.0626536,1.05136,0.00194936,-0.156638,-0.217284,-3.30369,-0.116486,-0.0260835,-0.785934,-0.329686,-0.124884,0.0794459],[-0.0276961,-0.0290052,0.380417,0.221151,0.0944535,0.436156,-0.0985586,-0.0165456,0.179141,1.14249,-0.0904817,0.130709,0.0822323,-0.0294322,-0.0102463,0.062573,0.719483,-0.382439,0.198341],[0.0204672,-0.237761,0.349991,0.267136,1.27087,0.267209,-0.00116586,0.0629202,-0.0348927,-0.0562924,1.00158,-0.107223,0.456953,0.0221136,0.168778,-2.0232,-0.420858,-0.152855,-0.0681985],[0.0699262,0.0622315,0.0682502,0.0906928,0.306263,0.340849,0.0389956,0.0172221,0.00389063,0.00444996,0.0206888,1.35414,0.259264,-4.83806e-05,0.0178713,-0.196797,0.28977,0.0506598,-0.021709],[-0.000356304,-0.00293236,-0.0042792,-0.00112743,-0.000756992,0.00337065,0.000251487,-0.00148346,0.000145342,0.000248462,0.00146082,0.0066686,0.974542,-0.00127614,0.000232923,-0.029418,-0.00122599,0.00215582,0.000422746],[0.196009,0.167348,0.367576,-0.148787,0.652862,1.27714,0.0439334,0.0875145,0.094898,0.0976734,-0.0353777,-0.282448,-2.54305,1.04408,-0.0756137,1.53202,1.2664,-0.402261,0.126373],[-0.00411522,0.10371,-0.635546,0.0276853,-0.339097,-0.387967,0.087593,0.0115351,-0.0152286,0.0170928,0.031068,-0.155128,-4.07023,-0.0249089,1.03736,-2.31926,-0.813571,-0.0994636,0.0625823],[0.010956,0.0127242,-0.0105996,-0.0164424,0.0436002,0.0560037,-0.00328786,-0.00485885,0.00485525,0.00380666,0.00951336,0.0168405,0.0358402,0.00866367,0.00390563,1.12241,0.0457039,0.0149283,0.00568833],[0.0367307,0.0388274,0.0109513,0.0600388,0.0460766,0.129891,-0.00338756,-0.00887427,-0.00371726,-0.00482874,-0.00441562,-0.0451046,0.318128,0.0108578,-0.00161811,0.188787,0.552801,0.0195446,0.00342412],[-0.00429025,0.0566261,-0.00349136,0.0161513,0.0196214,0.185654,0.156396,0.0447377,0.0323241,0.0313352,0.0270247,-0.154628,1.2733,0.0296738,0.00627047,0.489245,-0.267616,0.658376,-0.00120709],[0.00823305,-0.200888,-0.0928767,0.150225,0.296253,-0.0688682,0.125548,0.383177,0.0414695,0.0654796,-0.0587527,-0.520991,1.07284,-0.0711528,-0.0234807,0.946568,-0.45215,0.337579,0.846007],[0.0131145,-0.148799,0.206876,-1.75267e-06,-0.276135,-0.22259,0.0399403,0.0726296,-0.0447056,-0.0393296,-0.040131,-0.106656,-2.612,-0.0379957,-0.064311,-0.453229,-0.268249,-0.0847861,-0.0780798],[-0.0618668,-0.0292193,-0.11015,-0.0390855,-0.0320875,-0.252648,-0.0417517,0.0157578,-0.0373558,-0.0337443,0.00192537,-0.0668583,-2.80596,-0.0121809,0.0287696,-0.765806,-0.424601,0.0844714,-0.0264265],[0.025229,0.0291604,0.0432171,0.0431503,0.153052,0.0452727,0.0054808,-0.00563194,-0.00516649,-0.00349044,-0.0159275,0.0145156,0.404025,-0.000718553,-0.0158555,0.300133,-0.0338385,-0.0106941,-0.00176801],[0.0642327,0.0341834,0.300361,0.0434961,0.093027,0.546347,0.0333662,0.0137119,0.0400902,0.0235343,0.0222191,0.106337,2.42748,0.0543417,0.0360201,0.764345,0.056322,0.0520943,0.0245255],[0.00881487,0.0134322,0.0803446,0.048998,0.0369413,0.0334349,-0.00877321,-0.00196043,0.00118497,0.00261785,-0.0114814,0.0401312,-0.0755089,-5.49224e-06,-0.000858067,0.0552495,0.0556826,0.00265149,-0.00229811],[0.0212114,0.0284945,0.0478366,0.0243237,0.0287057,0.179694,0.0108827,0.00010162,-0.00429516,-0.00206164,-0.00642287,-0.00872994,0.491094,0.00846674,0.0023557,-0.0167846,0.0865173,0.014085,-0.00257257],[0.0852989,-0.134603,0.221233,0.219807,0.273163,-0.222607,0.0852254,0.256751,-0.0233615,-0.0176143,0.0182311,-0.403642,-1.02671,0.000435749,-0.0240153,0.961276,0.138306,0.482194,-0.034304],[-0.0610493,0.0683529,-0.155555,0.0354207,-0.391816,-0.0217222,0.0552934,0.0544701,0.0249307,0.0233883,-0.0286429,-0.0530215,-1.39448,-0.0551688,-0.0737865,-0.458966,-0.17314,-0.0681602,0.0247979],[0.142999,0.362589,0.144773,0.0617677,-0.0362544,0.1006,0.101119,0.00751964,-0.0524625,-0.0100966,0.0616049,0.111809,1.2223,0.0613396,0.0772289,-0.218411,-0.0494941,0.0335352,-0.0339987],[-0.0361459,-0.0032267,-0.531264,-0.299872,0.00974468,-0.522604,0.11942,-0.0285224,-0.162067,-0.120283,0.0247237,-0.202395,0.143822,0.0290181,0.0409866,-0.642974,-0.530668,0.351815,-0.108775],[0.00887995,0.210185,-0.601314,-0.291258,-0.910916,-0.284741,0.0347482,-0.0637731,0.00127005,0.0243577,0.0205792,-0.123107,1.00308,0.0182384,-0.0986496,1.41908,0.724689,0.177066,0.0462067],[-0.0529885,-0.0364414,-0.071597,-0.0761168,-0.191283,-0.278334,-0.0317658,-0.0236041,0.00172662,0.00379355,-0.0207327,-0.205334,-0.0277576,-0.00420054,-0.00931292,-0.0476861,-0.293989,0.00237361,0.018167],[-0.00221808,0.00182957,-0.00455437,0.00516687,-0.000794237,-0.0156423,-0.000501563,0.0012295,-0.000854457,-0.00112548,-0.00100714,-0.00118121,0.0113912,0.00112657,0.000789896,0.00769145,0.0182516,-0.00453448,-0.00134342],[-0.0605563,0.0954584,-0.0198311,0.142736,-0.677795,-1.12519,-0.184226,-0.0881406,-0.0795572,-0.0921594,0.00240816,0.340859,-0.550975,-0.0758202,0.0221175,-0.888231,-0.758455,0.251302,-0.122399],[-0.151754,0.16906,0.31514,-0.0724926,-0.0641858,0.381352,-0.148101,-0.0827006,0.0901373,0.0565072,-0.0157877,0.197215,3.03925,0.00322388,-0.0332478,1.95795,1.1342,0.0505047,0.012668],[-0.00585037,-0.0102144,-0.00153024,0.0121235,-0.0279687,-0.0772166,-0.00277842,-0.00109768,-0.0070198,-0.00692699,-0.00880098,0.000545813,-0.12472,-0.0111808,-0.00167328,-0.109972,-0.0420599,-0.0146512,-0.00556863],[-0.0225859,-0.0074254,-0.0495359,-0.0115415,-0.00817325,-0.0743259,0.0111815,-0.00933911,-0.00146158,-0.000742438,0.0063273,-0.0346488,-0.317513,-0.00225857,0.00641033,-0.0933305,-0.0255222,0.00191822,0.0021386],[-0.0158923,-0.00331612,-0.119502,-0.0187733,-0.225471,-0.231283,-0.0297823,-0.0403214,-0.00176892,0.00236665,0.0117057,0.0420022,-0.415598,0.00777543,0.0222407,-0.372041,-0.0483422,-0.0179023,-0.007896],[0.188881,0.494093,0.424103,-0.22528,-0.279091,-0.0564555,-0.00424039,-0.321151,0.00662362,0.0103665,0.22047,0.450331,0.272349,0.122871,0.0732569,0.332118,1.20606,-0.053594,0.105383],[-0.0317518,-0.0812453,-0.0877534,-0.106052,0.135056,-0.0400403,0.0107498,0.0144649,0.0084946,-0.00176983,0.0376863,-0.046776,0.389946,0.0322049,-0.00699678,0.85184,0.237235,-0.0874645,0.022113],[-0.0471866,-0.0566753,-0.0710746,0.021096,0.0964382,-0.0527866,-0.00526105,0.00483825,-0.0129055,-0.0137048,-0.026928,-0.0681885,0.109726,-0.00628672,-0.00429275,0.187411,-0.0642788,-0.0538632,0.0141303],[0.0106024,0.00599898,0.0114926,0.0325309,0.011526,-0.0644904,0.00784903,0.00157909,0.00473845,0.00530761,0.00746231,-0.0381401,0.14134,0.00120311,0.0105325,-0.136636,-0.047933,0.0387312,-0.00954675],[-0.0438467,-0.0158147,-0.00892112,0.0210799,-0.0670287,-0.132049,0.0158207,0.00743169,-0.0011603,-0.00104141,0.000479585,-0.113645,-0.568319,0.0146407,0.0218526,-0.429463,0.157716,0.0960996,0.0377605],[-0.000854749,0.0330155,-0.0454287,-0.0180416,-0.0101036,-0.043667,-0.0106273,-0.00374144,-0.0025347,-0.00599038,0.0151691,0.0065932,-0.664813,0.0015273,0.00482018,-0.0852912,-0.0322628,-0.0397331,-0.00731886],[-0.00114079,0.0156449,-0.0313915,0.0096314,-0.0653218,0.0337965,-0.00298649,-0.00124625,-0.0023581,-0.00270811,-0.0033539,-0.00384127,-0.000780341,0.00183734,0.00753522,0.00253768,0.0443485,0.00115542,-0.00159159],[0.044245,0.0216899,-0.0372449,-0.0983407,0.0895589,0.308731,-0.0874233,0.0112285,0.0178632,0.0174432,-0.0366795,0.0195317,1.63961,-0.00921663,-0.0444735,1.03666,-0.0314321,0.0923029,0.0690049],[-0.0726392,-0.166077,-0.0119971,0.0389266,-0.243495,-0.381942,-0.0477215,0.202861,0.0236183,0.0256224,0.0461996,0.0333911,-2.3746,0.0481857,0.0564666,0.352657,-0.500321,0.518866,0.102296],[0.253221,0.163363,0.450659,0.252076,0.24535,0.645263,0.0187924,0.0662255,-0.0119975,-0.00742324,0.0886287,0.107588,1.70947,0.0441886,-0.0495057,0.933116,0.416678,0.0571636,-0.0601233],[0.069784,0.0148901,0.15599,0.0866466,-0.0200073,0.0577875,-0.0153015,0.0574567,-0.030207,-0.0378695,0.0591246,0.0743341,-0.489203,-0.00698512,-0.0289593,0.513864,-0.128031,-0.000589673,-0.101951],[-0.00291922,0.0579141,0.251425,0.0379869,-0.271118,0.0908978,-0.0106454,0.00895716,0.0316997,0.0304865,-0.0370457,0.222381,-1.4393,-0.0426806,-0.0740186,0.547201,-0.185267,-0.0216779,0.0219117],[-0.0169534,-0.0257969,0.00330869,-0.014655,-0.114912,-0.0623582,-0.00719016,0.00636469,-0.00560121,-0.00822709,7.41276e-05,-0.148933,-0.230588,0.00426209,-0.00855363,0.244573,0.00426933,-0.0529222,0.00355326],[0.002072,0.000675006,0.00781857,-0.00416371,0.000339958,0.0108613,4.45542e-05,0.000242921,0.000710669,0.000847703,-0.000418657,-0.00574159,0.00378972,5.63692e-05,-0.000924438,0.0199018,-0.017881,0.00225543,0.000966486],[-0.111853,-0.223365,-0.342743,0.000513975,0.0953827,-0.0457427,0.14641,0.00831628,-0.0105939,-0.00312916,0.0271526,-0.0438243,2.99829,0.0199463,0.0439909,-0.583935,-0.442192,0.149284,-0.00334202],[0.173701,-0.259334,0.34515,0.0435754,0.465619,0.0719315,0.0731139,0.0785765,-0.0768217,-0.0752525,-0.0221384,-0.0575096,1.00573,0.0167791,-0.0147375,0.355254,-0.248594,0.0421028,-0.0792933],[-0.00549846,-0.00273637,0.0115734,0.003937,-0.0169182,0.0198894,0.00600124,0.00588009,0.00220827,0.00312738,-0.0006254,-0.0174393,0.0877382,0.00251122,-0.00214454,-0.0131896,-0.00500513,-0.000137276,-0.000146647],[0.0028339,-0.00949954,0.00285077,-0.00950029,0.0180965,-0.00496491,-2.84281e-05,0.00718343,0.00358486,0.00311392,-0.00219076,-0.00329698,-0.158424,-0.00222657,0.00184298,-0.147872,-0.0224444,-0.017222,0.00306358],[-0.0108439,-0.0369137,0.0404894,0.0152772,0.130572,0.0536095,-0.033411,-0.0178904,-0.00585001,-0.00897418,0.0072657,0.0325881,-0.216401,-0.00956332,0.0147798,-0.271426,0.0934648,0.130616,0.0141137],[-0.225862,-0.300759,-0.371682,0.0756858,-0.187578,-0.0925253,-0.124969,-0.0567985,-0.0563883,-0.0872701,-0.164171,0.0995185,-1.90513,-0.0638782,-0.043115,-1.50049,-0.87509,-0.305837,0.0245755]],"sigmahat":[[0.396919,0.390125,0.425364,-0.0239973,0.821637,1.19756,0.0822684,-0.0130842,0.039355,0.0528598,0.0515124,0.0325489,3.45525,0.0413586,-0.0478534,1.4502,0.937458,0.213285,0.0299841],[0.390125,0.962656,0.3626,-0.000757586,0.286037,1.25803,0.0600047,-0.0799697,0.0562984,0.0748725,0.0796747,0.164133,4.60941,0.0916365,-0.0156476,1.8616,1.664,0.241153,0.0462442],[0.425364,0.3626,2.17856,0.248205,0.460659,1.69494,0.0571976,0.0155012,0.0304729,0.0378592,0.0372946,0.150579,2.36344,0.0436561,-0.0647616,1.88439,0.68552,0.181412,0.00424697],[-0.0239973,-0.000757586,0.248205,0.522648,-0.19864,-0.232857,-0.0306396,0.0173077,-0.0239786,-0.0260322,-0.0313802,0.134015,-1.45284,-0.00209515,0.0203519,-0.199036,-0.188544,-0.121545,-0.021897],[0.821637,0.286037,0.460659,-0.19864,5.08336,3.54916,0.24652,-0.0783835,0.050711,0.0611099,0.0370657,-0.0298227,7.34528,0.0358763,-0.118093,2.69152,2.07686,0.333338,0.0949026],[1.19756,1.25803,1.69494,-0.232857,3.54916,7.66942,0.337679,-0.0399903,0.232196,0.270168,0.0812262,-0.139519,17.1587,0.153292,-0.218236,6.41762,3.44873,0.749623,0.206426],[0.0822684,0.0600047,0.0571976,-0.0306396,0.24652,0.337679,0.14569,0.0395158,0.0181798,0.0210732,0.0217769,-0.145717,2.26709,0.0367469,0.000271783,0.312346,0.35113,0.107587,0.00587184],[-0.0130842,-0.0799697,0.0155012,0.0173077,-0.0783835,-0.0399903,0.0395158,0.114004,-9.94558e-05,-0.000655137,-0.0116006,-0.0898022,-0.357666,-0.00206242,0.000402431,-0.0203682,-0.0240616,0.0506199,-0.00992227],[0.039355,0.0562984,0.0304729,-0.0239786,0.050711,0.232196,0.0181798,-9.94558e-05,0.0323242,0.0312686,0.0210219,-0.0122276,0.91166,0.0164458,-0.00406252,0.372352,0.133336,0.052373,0.0240223],[0.0528598,0.0748725,0.0378592,-0.0260322,0.0611099,0.270168,0.0210732,-0.000655137,0.0312686,0.0361865,0.0229874,-0.0125012,1.11527,0.0178148,-0.00864031,0.454517,0.152033,0.0717066,0.0263503],[0.0515124,0.0796747,0.0372946,-0.0313802,0.0370657,0.0812262,0.0217769,-0.0116006,0.0210219,0.0229874,0.0863059,-0.00706297,1.05693,0.0505835,0.0277591,0.357827,0.0922836,0.0978713,0.0168164],[0.0325489,0.164133,0.150579,0.134015,-0.0298227,-0.139519,-0.145717,-0.0898022,-0.0122276,-0.0125012,-0.00706297,0.86734,-2.2422,-0.0206376,0.00372933,0.0243837,-0.0586648,-0.148199,-0.0227081],[3.45525,4.60941,2.36344,-1.45284,7.34528,17.1587,2.26709,-0.357666,0.91166,1.11527,1.05693,-2.2422,156.247,1.48652,-0.614927,35.4379,18.3541,4.80466,1.01784],[0.0413586,0.0916365,0.0436561,-0.00209515,0.0358763,0.153292,0.0367469,-0.00206242,0.0164458,0.0178148,0.0505835,-0.0206376,1.48652,0.0831499,0.0454457,0.462418,0.244502,0.0846723,0.0202874],[-0.0478534,-0.0156476,-0.0647616,0.0203519,-0.118093,-0.218236,0.000271783,0.000402431,-0.00406252,-0.00864031,0.0277591,0.00372933,-0.614927,0.0454457,0.0831737,-0.548713,-0.0563336,0.0068847,-0.00223384],[1.4502,1.8616,1.88439,-0.199036,2.69152,6.41762,0.312346,-0.0203682,0.372352,0.454517,0.357827,0.0243837,35.4379,0.462418,-0.548713,22.9075,6.25806,1.60222,0.406104],[0.937458,1.664,0.68552,-0.188544,2.07686,3.44873,0.35113,-0.0240616,0.133336,0.152033,0.0922836,-0.0586648,18.3541,0.244502,-0.0563336,6.25806,10.29,0.635679,0.180988],[0.213285,0.241153,0.181412,-0.121545,0.333338,0.749623,0.107587,0.0506199,0.052373,0.0717066,0.0978713,-0.148199,4.80466,0.0846723,0.0068847,1.60222,0.635679,1.12082,0.0590517],[0.0299841,0.0462442,0.00424697,-0.021897,0.0949026,0.206426,0.00587184,-0.00992227,0.0240223,0.0263503,0.0168164,-0.0227081,1.01784,0.0202874,-0.00223384,0.406104,0.180988,0.0590517,0.0705077]],"n":19,"lags":3}