{"betahat":[[2.49504,0.147106,6.53011,2.72133,6.84535,8.42542,0.708213,1.34938,-0.227282,-0.0114549,12.6266,0.507857,-0.200358,8.65468,5.42263,0.668576,-0.263636],[0.964387,0.222802,-0.114526,0.119813,0.052683,0.198721,-0.0694499,-0.10251,0.0454879,-0.00525397,2.34527,0.0131405,0.0854316,-0.460476,0.15937,0.105751,0.0587048],[0.137252,1.13717,0.190439,-0.077215,0.0474824,0.446812,0.0316732,-0.026818,0.0597267,0.040338,1.40333,0.00790784,-0.0189286,0.168579,0.263256,-0.0333466,0.011345],[-0.0229485,-0.00170506,0.939083,-0.0730193,-0.15865,0.0657509,-0.0104415,-0.000568499,0.00192362,0.0129765,-0.335023,0.00261624,0.00876669,-0.118815,0.207035,-0.013101,0.016483],[0.00528952,0.0622395,-0.292654,0.946953,0.0578772,-0.346071,-0.0371139,-0.0202696,-0.0291233,-0.0164536,-1.24194,-0.0694694,-0.0558421,-0.273903,0.0809005,-0.113241,-0.0630058],[-0.00654877,-0.0359461,-0.0486234,-0.0483965,0.961032,0.018907,0.0233813,0.00380502,0.00142695,-0.00105146,0.694915,-0.00309701,-0.00338851,-0.0396013,0.00555803,0.0375051,0.00299749],[-0.0385915,-0.0647537,-0.0148983,-0.0116466,0.00257125,0.68193,-0.00953998,0.00412367,0.00289716,0.00638919,-0.720853,-0.0123525,-0.00629892,-0.0705077,-0.120601,-0.0484075,-0.00337025],[-0.12971,0.142136,-0.150751,-0.177398,-0.511306,-0.174264,0.922097,-0.285347,0.0141367,0.0308078,-0.527611,0.0191474,0.0633091,-1.53623,-0.0386943,-0.485761,-0.000273706],[0.077364,0.0647787,0.0438416,0.111697,0.332196,0.00661656,-0.0788699,0.608585,-0.0715478,-0.0366941,3.83712,-0.0205489,0.0181218,-0.191947,0.42026,-0.483256,-0.128405],[-0.58521,-0.920798,-0.509912,-0.19149,0.00388163,-0.977087,-0.197228,-0.105981,1.07804,-0.292349,-3.97674,-0.160795,-0.0442727,-1.20762,-0.107697,-0.407115,0.153466],[0.102942,-0.106869,0.468075,0.471094,1.59555,0.48556,0.054772,0.0609136,-0.049734,0.975848,1.00457,0.0221033,0.186098,-2.25419,0.0205648,-0.0492344,-0.0891665],[-0.00126177,-0.00564364,-0.00622234,-0.00604425,-0.00226268,0.00797475,-0.000360241,-0.00144797,0.000733971,0.0011241,0.996094,-0.00233985,-0.00114728,-0.0278372,-0.00552764,0.00286065,0.00118448],[0.146613,0.190693,0.27768,-0.193203,0.318225,1.05039,-0.0065164,0.0940022,0.111796,-0.0445388,-2.29467,1.03779,-0.0936946,2.24315,1.06358,-0.512729,0.161289],[0.0480543,0.0319982,-0.653734,-0.0918925,0.0227688,-0.0841526,0.105474,0.0267319,-0.0205702,0.0511393,-4.01627,-0.0225613,1.00851,-2.38164,-0.942515,0.21687,0.0626623],[0.0118422,0.0163459,-0.00780047,-0.0160052,0.0454164,0.0605088,-0.00207191,-0.00359957,0.00510228,0.0103988,0.102076,0.0109359,0.00350748,1.14784,0.0733687,0.0107698,0.00701998],[0.076384,0.022145,-0.0352104,0.0404444,0.179225,0.296819,0.000757915,-0.00936459,0.0102797,0.00277861,0.528324,0.00678399,-0.0072842,0.241144,0.285619,0.192941,0.0254539],[0.0390145,0.110508,0.0413252,0.0516242,0.0534614,0.344272,0.175894,0.0416643,0.0475476,0.0285641,1.45859,0.0337226,0.00120122,0.575403,-0.114275,0.599452,-0.00215708],[-0.129438,-0.335932,-0.108451,0.0489012,-0.220447,-0.591598,0.101846,0.364628,0.0252156,-0.0994725,-0.0493931,-0.105172,-0.0623324,0.721237,-1.24809,0.215214,0.797447],[0.0525266,-0.151531,0.27026,0.0284667,-0.286398,-0.180743,0.0512502,0.0905229,-0.0538214,-0.0342349,-2.48991,-0.0393179,-0.0721096,-0.400459,-0.356995,-0.0504961,-0.0914813],[-0.0452813,-0.0127315,-0.079146,0.0134954,-0.0183333,-0.186828,-0.0339088,0.0167974,-0.0359292,0.0018397,-0.880649,0.00382115,0.0221164,-0.356677,-0.190987,0.0666335,-0.018996],[0.00916766,0.00334552,0.0420885,0.0444775,0.136784,-0.0137367,0.00426998,-0.00302105,-0.00663029,-0.0199137,0.217223,-0.00294668,-0.0171817,0.273283,-0.0844612,-0.0406134,-0.00493839],[0.0452459,0.021892,0.291967,0.0273729,0.020324,0.45388,0.0257212,0.00920234,0.0349399,0.018962,2.22217,0.0605613,0.0408917,0.702452,0.0292792,0.0122855,0.0253349],[0.00975026,0.0128648,0.0963012,0.0533613,0.0443528,0.0435858,-0.0146587,-0.00356028,0.00269505,-0.0126542,0.0625341,0.00109383,-0.00272746,0.142238,0.040351,0.00811821,0.00247929],[0.0315454,0.0337188,0.0441947,0.00510122,0.0548046,0.249149,0.0108207,-0.0014521,-0.00133556,-0.00566998,0.545667,0.00733034,-0.00144383,0.00356135,0.0537711,0.0389645,0.000620002],[0.0748849,-0.168067,0.217553,0.330986,0.274659,-0.280674,0.131071,0.273963,-0.033381,0.016669,-1.53573,-0.00612118,-0.00931232,0.632142,0.0691057,0.432892,-0.0589631],[-0.0843996,0.0365892,-0.166804,0.0884642,-0.440263,-0.217638,0.0488946,0.0322416,0.00649987,-0.0416841,-3.37397,-0.0795397,-0.0714211,-0.954497,-0.279512,-0.168828,-0.00793127],[0.25776,0.520473,0.0875415,-0.114907,0.0891205,0.233188,0.0966744,0.0282444,-0.0925331,0.134243,0.297099,0.0730718,0.0976934,-0.423319,-0.187974,0.211666,-0.0919992],[-0.0650825,0.00629104,-0.760741,-0.370149,-1.13797,-0.593808,0.0450544,-0.0516468,-0.0015071,0.00993371,0.679491,0.022197,-0.10246,1.21521,0.323327,0.128341,0.0558243],[-0.00385029,0.00166355,-0.00727512,0.00920952,-0.00555371,-0.0268891,-0.00241222,0.00104667,-0.00151968,-0.000927331,-0.0635913,0.00117421,0.00171465,-0.00154336,0.00359209,-0.00801389,-0.00189938],[0.0106954,0.128807,0.179293,0.230237,-0.55116,-0.891693,-0.190738,-0.0687028,-0.0798609,0.00311598,-1.4534,-0.0748228,0.0249065,-0.992108,-0.460947,0.221392,-0.125973],[-0.184249,0.117095,0.401935,-0.00297154,-0.20118,0.312395,-0.166483,-0.0746903,0.0977942,-0.0571106,2.90135,-0.0130497,-0.046693,2.02969,0.993804,-0.14982,0.0336191],[-0.00774354,-0.0174288,-0.00255944,0.0101904,-0.0289208,-0.0900624,-0.00381556,-0.00206189,-0.00785757,-0.0110915,-0.214063,-0.0138302,-0.00183079,-0.138054,-0.0643854,-0.0162773,-0.00730805],[0.00497123,0.0633368,-0.053717,0.00223086,0.0510258,-0.0318211,0.0271858,-0.00981414,-0.00313993,0.0270935,0.168057,0.0109649,0.0221014,0.0536676,0.122622,0.0380721,0.0154227],[-0.00845839,0.0369448,-0.14442,-0.0387314,-0.1887,-0.154997,0.00123974,-0.0476825,0.00793233,0.0236419,0.250227,0.0199308,0.026947,-0.216849,-0.000487259,-0.0157741,0.00467478],[0.279226,0.544299,0.414836,-0.299014,-0.169983,0.116106,-0.027307,-0.303394,0.0244238,0.25248,-0.360734,0.132684,0.085265,0.235773,1.01819,0.104875,0.125201],[-0.0169538,-0.0713012,-0.155812,-0.148349,0.233657,-0.0180641,0.0181987,0.0119787,0.00833987,0.0394876,0.144919,0.0261768,-0.0133233,0.861015,0.197558,-0.0552139,0.0327865],[-0.092002,-0.124469,-0.111353,0.0636641,-0.0291722,-0.260044,0.00223465,0.0100141,-0.0237921,-0.0421783,-0.522432,-0.0117306,-0.00318856,0.18815,-0.0723201,-0.0332561,0.00765846],[0.013737,-0.00167716,0.0187024,0.0284724,0.0218233,-0.0521102,0.00617754,0.00358488,0.00471442,0.00694121,0.118319,0.000334332,0.00841544,-0.154339,-0.122613,0.0537644,-0.0115329],[-0.0505897,-0.0841689,0.000561249,0.0255344,-0.0782571,-0.107922,0.0114007,0.0110462,-0.00580186,-0.00250563,-0.9797,0.00891316,0.0149473,-0.428349,-0.110318,0.101052,0.0376888],[-0.00327002,0.0230443,-0.0478094,-0.00510288,-0.00557603,-0.0626494,-0.00874172,-0.000264272,-0.00411242,0.0136934,-0.757061,0.0019907,0.00610135,-0.102487,-0.0460086,-0.0455941,-0.00545819],[0.0069774,0.0309805,-0.0294527,0.00642871,-0.0574842,0.0687305,-0.00129552,-0.00268915,-0.00155128,-0.000725696,0.175532,0.00501129,0.00773282,0.0670469,0.0667288,0.00946458,0.00276766],[0.0543036,0.0256618,-0.0679918,-0.154769,0.235578,0.453625,-0.053214,0.0112552,0.0193485,-0.0474852,2.06527,-0.0129924,-0.0540265,0.90533,-0.0315916,0.0528453,0.0593378],[-0.030738,-0.0254858,-0.0179798,0.0271698,-0.214421,-0.274005,-0.0513101,0.175175,0.0334095,0.0540353,-1.67722,0.0529488,0.0549172,0.400708,-0.162835,0.475993,0.101835],[0.263922,0.225765,0.381585,0.277685,0.11675,0.441898,0.0523033,0.0642784,-0.0374443,0.155049,2.43981,0.0649272,-0.0355503,1.42964,0.216874,0.0653225,-0.095824],[-0.00358519,0.116472,0.207614,-0.0554502,-0.324062,0.161122,-0.0256574,0.00670749,0.0476593,-0.0290215,-1.78837,-0.0400437,-0.0761583,0.638862,-0.265515,-0.00486892,0.0356906],[0.00359059,0.00343477,0.00990766,-0.00312309,0.00273646,0.0136689,0.00153268,1.56996e-05,0.000736465,-0.000308159,0.0315205,0.000654741,-0.000531975,0.0272164,0.000273322,0.00451859,0.00118993],[-0.0995285,-0.177763,-0.419703,-0.0428194,0.352246,0.246519,0.19862,-0.0100034,0.00148248,0.0456589,4.29163,0.0220873,0.0353265,-0.464595,-0.199363,0.249034,-0.00975418],[0.172048,-0.128872,0.348229,0.0579354,0.304249,-0.0511314,0.0964647,0.0567646,-0.0833301,-0.0121994,1.2128,0.022782,-0.00809317,0.357817,-0.0518677,-0.126916,-0.106486],[-0.00539527,0.000467445,0.0076383,0.00394714,-0.0196511,0.0251851,0.00602852,0.00538536,0.00300218,0.000985847,0.111662,0.00295191,-0.00121771,-0.0150216,-0.0123438,0.00746588,0.000509682],[-0.0147369,-0.0144219,-0.00105008,0.0274795,-0.0432645,-0.142886,-0.00796699,0.013905,0.00111493,-0.0136585,-0.392736,-0.00362546,0.0099057,-0.280219,0.0208017,-0.0695148,0.00799615],[-0.013789,-0.0180519,0.0424893,0.0248428,0.116715,0.0240388,-0.0190359,-0.0257764,-0.00299806,0.00721734,-0.106515,-0.00552217,0.0216043,-0.390327,0.156831,0.074865,0.0141902],[-0.223223,-0.194944,-0.421717,0.256806,-0.249681,-0.192449,-0.0924288,-0.0442514,-0.0721966,-0.156808,-0.85665,-0.0567807,-0.0039394,-1.60576,-0.227732,-0.333633,0.0042178]],"sigmahat":[[0.341701,0.262048,0.421729,0.0172629,0.69759,1.04019,0.0654099,-0.00282254,0.0331268,0.0458012,2.40313,0.0269789,-0.0446377,1.20035,0.488274,0.128675,0.014207],[0.262048,0.609815,0.315487,0.0301011,0.0941119,1.00905,0.00795965,-0.0604882,0.0556312,0.0531639,2.49378,0.0589811,-0.0250396,1.31905,0.503334,0.0684703,0.0351147],[0.421729,0.315487,2.18801,0.294843,0.433958,1.69948,0.0580526,0.0219619,0.0318439,0.0399179,1.93922,0.0303501,-0.0650118,1.85922,0.442736,0.179073,-0.00123885],[0.0172629,0.0301011,0.294843,0.53679,-0.112174,-0.0400731,-0.021773,0.0277319,-0.0106066,-0.0192614,-1.17986,-0.00382724,0.0131648,-0.0271355,-0.0127207,-0.0473543,-0.0171512],[0.69759,0.0941119,0.433958,-0.112174,4.77254,3.08472,0.217409,-0.0706101,0.0308204,0.0355267,4.80799,0.000369216,-0.0883997,1.77185,1.13986,0.137059,0.0331943],[1.04019,1.00905,1.69948,-0.0400731,3.08472,7.05929,0.260222,-0.0227934,0.205293,0.0599937,13.4931,0.104337,-0.183781,5.40763,2.55997,0.410899,0.141544],[0.0654099,0.00795965,0.0580526,-0.021773,0.217409,0.260222,0.135292,0.0469502,0.0122305,0.0213448,1.72261,0.0268717,0.000129309,0.183696,0.127777,0.129413,-0.00224244],[-0.00282254,-0.0604882,0.0219619,0.0277319,-0.0706101,-0.0227934,0.0469502,0.111346,-0.00330949,-0.00638083,-0.174189,-0.00171599,0.000351066,0.0441446,0.0169419,0.0869621,-0.0142554],[0.0331268,0.0556312,0.0318439,-0.0106066,0.0308204,0.205293,0.0122305,-0.00330949,0.0315055,0.0179983,0.769352,0.0146426,-0.00322585,0.333149,0.118497,0.029493,0.0227977],[0.0458012,0.0531639,0.0399179,-0.0192614,0.0355267,0.0599937,0.0213448,-0.00638083,0.0179983,0.0810636,0.857431,0.0467514,0.026637,0.281038,0.0448902,0.0929233,0.0121762],[2.40313,2.49378,1.93922,-1.17986,4.80799,13.4931,1.72261,-0.174189,0.769352,0.857431,120.81,1.05666,-0.545444,26.9854,8.78063,3.50891,0.764396],[0.0269789,0.0589811,0.0303501,-0.00382724,0.000369216,0.104337,0.0268717,-0.00171599,0.0146426,0.0467514,1.05666,0.0764519,0.043531,0.353223,0.0635616,0.0625306,0.0177899],[-0.0446377,-0.0250396,-0.0650118,0.0131648,-0.0883997,-0.183781,0.000129309,0.000351066,-0.00322585,0.026637,-0.545444,0.043531,0.0784913,-0.546942,-0.113537,0.0135748,-0.00271847],[1.20035,1.31905,1.85922,-0.0271355,1.77185,5.40763,0.183696,0.0441446,0.333149,0.281038,26.9854,0.353223,-0.546942,21.2422,4.20453,1.26023,0.346393],[0.488274,0.503334,0.442736,-0.0127207,1.13986,2.55997,0.127777,0.0169419,0.118497,0.0448902,8.78063,0.0635616,-0.113537,4.20453,3.6983,0.128892,0.123048],[0.128675,0.0684703,0.179073,-0.0473543,0.137059,0.410899,0.129413,0.0869621,0.029493,0.0929233,3.50891,0.0625306,0.0135748,1.26023,0.128892,1.08395,0.0198164],[0.014207,0.0351147,-0.00123885,-0.0171512,0.0331943,0.141544,-0.00224244,-0.0142554,0.0227977,0.0121762,0.764396,0.0177899,-0.00271847,0.346393,0.123048,0.0198164,0.0683642]],"n":17,"lags":3}