{"betahat":[[2.55852,0.202124,6.72422,2.85655,6.44616,8.15011,0.839159,1.52447,-0.213557,0.131064,12.9991,0.607718,-0.111081,9.75425,6.14033,1.25532,-0.184808],[0.971177,0.206297,-0.122874,0.102429,0.0701974,0.178229,-0.0674385,-0.0962348,0.0426318,-0.00822226,2.13945,0.00833697,0.0751219,-0.444011,0.169921,0.101536,0.0539159],[0.131472,1.12864,0.19256,-0.0725462,0.0540787,0.427842,0.0293019,-0.0283499,0.0584933,0.0395984,1.43108,0.00865729,-0.0167737,0.161623,0.259997,-0.0376799,0.012713],[-0.0215616,-0.000685471,0.939427,-0.0692394,-0.143396,0.0537244,-0.0089393,-0.00140543,0.00241203,0.0135559,-0.360196,0.00320339,0.00930836,-0.110063,0.200768,-0.0155505,0.0163492],[0.00318086,0.0577387,-0.301387,0.942877,0.0531071,-0.345237,-0.0332313,-0.0189505,-0.0267275,-0.011832,-1.12846,-0.0641536,-0.0515336,-0.312979,0.0663492,-0.108225,-0.0617751],[-0.00873948,-0.0356228,-0.0486833,-0.0449277,0.959636,0.0126632,0.0199531,0.00107964,0.00113276,-0.00161555,0.653363,-0.00299527,-0.00204436,-0.0568736,-0.000333141,0.0305323,0.00338815],[-0.0360961,-0.0590298,-0.00919648,-0.00996685,-0.00839023,0.705592,-0.00778945,0.00446364,0.00341483,0.0060477,-0.628087,-0.0117119,-0.00597588,-0.0518386,-0.107757,-0.0421552,-0.00233765],[-0.140128,0.123609,-0.178947,-0.171009,-0.516708,-0.185406,0.916191,-0.279174,0.0138034,0.0234188,-0.503517,0.0137123,0.0527951,-1.4371,-0.0330741,-0.485599,0.00396554],[0.0822164,0.0772641,0.0522712,0.110753,0.329821,0.0436975,-0.0836071,0.61043,-0.0731513,-0.0419154,3.69384,-0.0210332,0.0187722,-0.195309,0.462564,-0.514952,-0.126029],[-0.573928,-0.883581,-0.559436,-0.212469,0.012646,-1.02565,-0.196809,-0.105904,1.06777,-0.273705,-4.07998,-0.151565,-0.02919,-1.40272,-0.139893,-0.433068,0.140658],[0.102369,-0.102034,0.458041,0.455556,1.50845,0.488936,0.0615715,0.0631383,-0.0481145,0.980654,1.14403,0.0310631,0.186546,-2.1808,0.0509531,-0.0342935,-0.0849022],[-0.00145077,-0.005303,-0.00535701,-0.00585752,-0.00231298,0.00717186,-0.000424144,-0.00169154,0.000692194,0.00139303,0.987368,-0.00202029,-0.000971344,-0.0285583,-0.00731709,0.00264129,0.00119797],[0.158817,0.176386,0.261387,-0.188155,0.428974,1.02581,-0.00596507,0.0884756,0.108806,-0.0411984,-2.39246,1.02447,-0.0875487,2.11356,1.0396,-0.493385,0.154232],[0.0499487,0.0317515,-0.630051,-0.0832285,0.00442422,-0.054492,0.112159,0.0334155,-0.022057,0.0338335,-3.97517,-0.0329901,0.988292,-2.30529,-0.89255,0.173852,0.0589015],[0.0118582,0.0168529,-0.00594046,-0.0157297,0.0395047,0.0571412,-0.00212734,-0.00345713,0.00497301,0.00933924,0.090668,0.0101768,0.00251631,1.14534,0.0682127,0.00917471,0.00660282],[0.076539,0.0175632,-0.0326931,0.0401859,0.194847,0.301534,0.00190286,-0.00816479,0.0102993,0.00314397,0.513845,0.00648382,-0.00794556,0.238283,0.295021,0.189726,0.0244901],[0.0371326,0.11343,0.0307051,0.0473879,0.0673691,0.328093,0.175102,0.0361509,0.0486946,0.0308769,1.5223,0.0348476,0.00351164,0.586182,-0.0970294,0.598557,0.00226909],[-0.123854,-0.314535,-0.0902308,0.0544697,-0.289335,-0.585121,0.0986896,0.353936,0.0285498,-0.0938198,0.524255,-0.10152,-0.0648745,0.805351,-1.21456,0.208451,0.802917],[0.0435771,-0.139333,0.252556,0.0285969,-0.287637,-0.163844,0.0453065,0.0863676,-0.0513197,-0.0327211,-2.34341,-0.0381671,-0.0683478,-0.339152,-0.353333,-0.056518,-0.0861847],[-0.049113,-0.0174753,-0.100953,0.0142874,-0.0298872,-0.213317,-0.0330212,0.0186458,-0.0366182,-0.0022797,-1.00492,0.000270061,0.0187327,-0.355794,-0.198586,0.0659111,-0.0202556],[0.00801914,0.00255888,0.0434044,0.0433916,0.119582,-0.0107138,0.00212888,-0.00338206,-0.00667778,-0.0190586,0.208082,-0.00259983,-0.0158735,0.244691,-0.0858263,-0.0368702,-0.00560618],[0.0444979,0.0225813,0.299874,0.0363633,0.016196,0.442847,0.0223288,0.00944351,0.0311905,0.0130329,1.98269,0.053608,0.0353606,0.725141,0.0371371,0.0149674,0.0250897],[0.00902396,0.00978857,0.0901541,0.0499956,0.0439019,0.0330068,-0.0108095,-0.00180337,0.00259323,-0.0114238,0.0455794,0.00102728,-0.00285921,0.132413,0.0414685,0.00677651,0.00248028],[0.031225,0.0315563,0.04364,0.00538233,0.0616745,0.236142,0.0100247,-0.00193782,-0.00143712,-0.005137,0.495176,0.00698884,-0.00117037,-0.00303824,0.0509408,0.0333194,-0.000175839],[0.0848903,-0.139339,0.231566,0.315821,0.303642,-0.2501,0.128253,0.26171,-0.0324066,0.0178982,-1.40796,-0.00412937,-0.00564022,0.581197,0.0590565,0.409078,-0.0583595],[-0.0869407,0.0367412,-0.179681,0.0913843,-0.460803,-0.244833,0.04763,0.0237545,0.00747183,-0.0342797,-3.03438,-0.0718751,-0.0644472,-0.899051,-0.292596,-0.144774,-0.00211685],[0.25368,0.484458,0.101955,-0.0909872,0.0917757,0.252946,0.0945511,0.023217,-0.0861346,0.121431,0.581135,0.0761459,0.0845597,-0.116653,-0.0747452,0.205396,-0.0715042],[-0.0598039,0.0292991,-0.713936,-0.347263,-1.07334,-0.554192,0.0326151,-0.0562545,0.00161472,0.00532171,0.379176,0.00962926,-0.10223,1.08834,0.260072,0.122029,0.0507196],[-0.00362999,0.00116055,-0.00799301,0.00846784,-0.00534351,-0.0248811,-0.00241717,0.00110212,-0.00140147,-0.00119616,-0.054629,0.000864513,0.00161354,-0.00183662,0.00560346,-0.00784578,-0.00184359],[-0.0134145,0.136886,0.114888,0.219988,-0.576377,-0.887248,-0.180085,-0.0690695,-0.0719119,0.00421855,-1.0862,-0.0626155,0.0230646,-0.86138,-0.451384,0.224625,-0.110139],[-0.177716,0.121917,0.405173,-0.0247661,-0.184166,0.274389,-0.157405,-0.0782846,0.0927296,-0.0371351,2.79084,0.000902099,-0.0305549,1.89803,0.942436,-0.130863,0.0328815],[-0.00799278,-0.0180512,-0.00321121,0.00963215,-0.0260975,-0.0863051,-0.00311583,-0.00124116,-0.00777695,-0.0100205,-0.199183,-0.0128642,-0.000946082,-0.141616,-0.0621585,-0.0131818,-0.00729218],[0.00369467,0.058774,-0.0485883,0.00185042,0.0463184,-0.0358241,0.0261311,-0.00807992,-0.0032596,0.0260069,0.112347,0.0108773,0.0225023,0.0421859,0.107017,0.0388772,0.0151902],[-0.0111276,0.0284098,-0.136979,-0.0338124,-0.188323,-0.170255,0.00209525,-0.044604,0.00629709,0.0224657,0.199095,0.0182248,0.025859,-0.241563,0.00465484,-0.0152656,0.000350715],[0.271263,0.528545,0.406563,-0.288825,-0.136865,0.118984,-0.0157092,-0.293564,0.0222182,0.237749,-0.671812,0.131308,0.083807,0.178502,0.923717,0.112874,0.118804],[-0.0147875,-0.0669976,-0.129745,-0.131098,0.217429,-0.0144166,0.0221245,0.00985317,0.00869605,0.0409326,0.204226,0.0298222,-0.00678289,0.783209,0.183322,-0.0450158,0.0322753],[-0.0823826,-0.111203,-0.0916464,0.0581987,-0.0241599,-0.214523,0.00371239,0.00969154,-0.021868,-0.0373297,-0.425939,-0.00893744,-0.00196747,0.194177,-0.0614824,-0.0282402,0.00754574],[0.0135046,-0.00191532,0.0170504,0.0257734,0.0238251,-0.0430524,0.00681015,0.00477741,0.00427539,0.00549704,0.152615,-0.000607202,0.00655794,-0.134543,-0.115003,0.0524288,-0.0107356],[-0.0477267,-0.0803594,0.00139337,0.0206158,-0.0693096,-0.0976615,0.0109029,0.00948107,-0.00444493,-0.00120574,-0.85368,0.010545,0.0161616,-0.411973,-0.103664,0.0933123,0.036701],[-0.000350067,0.0257991,-0.0415946,-0.005201,-0.0037046,-0.0457779,-0.00917311,0.000700823,-0.00371378,0.0130187,-0.698421,0.00195033,0.00487994,-0.0753492,-0.0412698,-0.0373188,-0.00584936],[0.00480537,0.0274163,-0.0345958,0.00446959,-0.0533529,0.0581225,-0.00225956,-0.00254727,-0.00196459,-0.000925736,0.133333,0.00470565,0.00712747,0.0549855,0.0566807,0.00881693,0.00253018],[0.0547645,0.0156092,-0.0540411,-0.146132,0.212699,0.434683,-0.0444752,0.0172545,0.018713,-0.0413589,1.91599,-0.00954485,-0.0471884,0.857383,-0.0272994,0.0765204,0.0544484],[-0.0321027,-0.0138235,-0.0210841,0.0356437,-0.236612,-0.303725,-0.0529631,0.160516,0.0318225,0.0512944,-1.76175,0.0464412,0.0513585,0.290677,-0.17011,0.441952,0.0934085],[0.257466,0.219777,0.388509,0.259013,0.138948,0.461288,0.052904,0.0601008,-0.0362898,0.151731,2.45343,0.0571376,-0.0330115,1.28807,0.160214,0.0780439,-0.104374],[-0.00390266,0.0916434,0.178946,-0.0498655,-0.30211,0.122704,-0.0152839,0.010411,0.0418845,-0.0309343,-1.67072,-0.0366051,-0.073537,0.630187,-0.268957,-0.00458757,0.033095],[0.00342238,0.00344101,0.00926344,-0.00262959,0.00239249,0.0120599,0.0014589,0.000106916,0.000657256,-0.000296422,0.0266625,0.00061443,-0.000590665,0.0275681,0.000228791,0.00434837,0.00112225],[-0.0875169,-0.166543,-0.335992,-0.0401856,0.264391,0.299033,0.18375,-0.00506368,0.00249566,0.043337,4.05637,0.0246442,0.0317448,-0.335658,-0.128049,0.253073,-0.0104738],[0.160361,-0.125046,0.321327,0.0644078,0.275326,-0.042153,0.0795645,0.0561246,-0.0779579,-0.0164341,1.25648,0.0170983,-0.0117198,0.407607,-0.0602692,-0.118975,-0.103274],[-0.00529498,0.00037459,0.00643575,0.00405143,-0.0167331,0.0243297,0.00548163,0.00444582,0.00298174,0.000931806,0.108312,0.00273696,-0.00108663,-0.0103153,-0.0101756,0.00625177,0.0008736],[-0.0145264,-0.0124414,0.00353439,0.0289148,-0.0485846,-0.138584,-0.00829821,0.0140013,0.000675353,-0.0135408,-0.395831,-0.00436534,0.0100042,-0.292566,0.00669976,-0.0628319,0.00680724],[-0.0104884,-0.01415,0.054316,0.0281378,0.104779,0.0371473,-0.0187053,-0.0231861,-0.00275046,0.00503944,-0.124571,-0.00520362,0.020472,-0.359683,0.143135,0.0698971,0.0146476],[-0.223341,-0.202138,-0.414365,0.259008,-0.235005,-0.239686,-0.100317,-0.0407504,-0.0728711,-0.144747,-1.17665,-0.0599394,0.00174758,-1.63832,-0.200762,-0.331387,0.000554885]],"sigmahat":[[0.340934,0.262979,0.41813,0.0205705,0.681496,1.02299,0.0656017,-0.00382645,0.032092,0.047885,2.41808,0.0283859,-0.0432054,1.21188,0.474213,0.127654,0.0124986],[0.262979,0.614038,0.315049,0.0346912,0.083826,1.00013,0.00971481,-0.0596265,0.0547387,0.0556376,2.47202,0.0601805,-0.0233654,1.315,0.501133,0.0646495,0.0332734],[0.41813,0.315049,2.19575,0.295526,0.401593,1.66468,0.0622347,0.0253055,0.0288358,0.0423996,1.96719,0.0313187,-0.0648031,1.86593,0.418854,0.189057,-0.00263723],[0.0205705,0.0346912,0.295526,0.54407,-0.117004,-0.0424383,-0.0231013,0.0297357,-0.0113811,-0.0191616,-1.19641,-0.0049887,0.0142233,-0.0400946,-0.0138828,-0.0456219,-0.0170203],[0.681496,0.083826,0.401593,-0.117004,4.74457,3.0364,0.212274,-0.0781384,0.0315503,0.0397183,4.8055,0.00186699,-0.0857009,1.83676,1.13651,0.115629,0.0325713],[1.02299,1.00013,1.66468,-0.0424383,3.0364,7.04454,0.262376,-0.0272519,0.204216,0.0648262,13.6682,0.111666,-0.176976,5.41052,2.52558,0.393753,0.139476],[0.0656017,0.00971481,0.0622347,-0.0231013,0.212274,0.262376,0.137487,0.045878,0.0126909,0.0222474,1.75932,0.0278096,-0.000574493,0.213538,0.126919,0.133153,-0.00236808],[-0.00382645,-0.0596265,0.0253055,0.0297357,-0.0781384,-0.0272519,0.045878,0.111445,-0.00279574,-0.00665623,-0.175671,-0.00145445,0.000781457,0.0457143,0.0101867,0.0884823,-0.0138961],[0.032092,0.0547387,0.0288358,-0.0113811,0.0315503,0.204216,0.0126909,-0.00279574,0.0315509,0.0182424,0.772986,0.0153319,-0.00271164,0.332897,0.117987,0.0279667,0.0225928],[0.047885,0.0556376,0.0423996,-0.0191616,0.0397183,0.0648262,0.0222474,-0.00665623,0.0182424,0.0823631,0.881238,0.0476302,0.0260572,0.296166,0.0471124,0.0916566,0.0123097],[2.41808,2.47202,1.96719,-1.19641,4.8055,13.6682,1.75932,-0.175671,0.772986,0.881238,122.07,1.08581,-0.546925,27.5423,8.7483,3.60836,0.740514],[0.0283859,0.0601805,0.0313187,-0.0049887,0.00186699,0.111666,0.0278096,-0.00145445,0.0153319,0.0476302,1.08581,0.0776323,0.0431632,0.37651,0.0672116,0.0639091,0.0185274],[-0.0432054,-0.0233654,-0.0648031,0.0142233,-0.0857009,-0.176976,-0.000574493,0.000781457,-0.00271164,0.0260572,-0.546925,0.0431632,0.077669,-0.536305,-0.104232,0.0130225,-0.00128192],[1.21188,1.315,1.86593,-0.0400946,1.83676,5.41052,0.213538,0.0457143,0.332897,0.296166,27.5423,0.37651,-0.536305,21.4042,4.10371,1.26256,0.331417],[0.474213,0.501133,0.418854,-0.0138828,1.13651,2.52558,0.126919,0.0101867,0.117987,0.0471124,8.7483,0.0672116,-0.104232,4.10371,3.71583,0.118173,0.121218],[0.127654,0.0646495,0.189057,-0.0456219,0.115629,0.393753,0.133153,0.0884823,0.0279667,0.0916566,3.60836,0.0639091,0.0130225,1.26256,0.118173,1.09845,0.0190157],[0.0124986,0.0332734,-0.00263723,-0.0170203,0.0325713,0.139476,-0.00236808,-0.0138961,0.0225928,0.0123097,0.740514,0.0185274,-0.00128192,0.331417,0.121218,0.0190157,0.068741]],"n":17,"lags":3}