{"betahat":[[0.775936,-0.370011,2.45614,1.12568,1.88639,2.0094,0.333288,0.454168,-0.151186,-0.108952,0.826031,0.145955,-0.190997,4.52639,1.7313,0.966926,-0.0269751],[1.00039,0.244398,-0.118669,0.14262,0.105018,0.246778,-0.0622987,-0.106495,0.0422193,-0.0143202,2.24066,0.0063844,0.0748333,-0.491786,0.149665,0.132594,0.0585568],[0.132334,1.1455,0.179239,-0.0653305,0.0285186,0.407844,0.0379154,-0.0260156,0.059411,0.0386646,1.36936,0.0085503,-0.0166263,0.138072,0.251525,-0.0395381,0.00930646],[-0.0212111,-0.00875624,0.949824,-0.0758378,-0.134507,0.0607959,-0.00987468,0.00326219,0.000695942,0.0135995,-0.258064,0.00417094,0.00802175,-0.0893664,0.216568,-0.0134088,0.013453],[0.0245199,0.08686,-0.276282,0.97538,0.0911345,-0.270025,-0.0268882,-0.0279394,-0.0252344,-0.0140616,-1.04273,-0.0623419,-0.053008,-0.29951,0.10512,-0.129024,-0.0574463],[-0.00315238,-0.0396018,-0.0346402,-0.0472432,0.993986,0.0397187,0.0228,0.00702593,0.000462149,-0.00206045,0.698447,-0.00141145,-0.00271845,-0.0257561,0.00792978,0.0386978,0.00397776],[-0.0344417,-0.060202,-0.0140753,-0.0154273,0.0132243,0.71637,-0.0071326,0.0037688,0.00436018,0.00748299,-0.623141,-0.0110478,-0.00701521,-0.04025,-0.109938,-0.0416091,3.96561e-05],[-0.10626,0.175181,-0.1566,-0.121985,-0.416216,-0.0792367,0.987221,-0.290409,0.0188802,0.0184072,-0.343277,0.0153259,0.0628917,-1.76786,0.0304415,-0.598934,-0.00605489],[0.106245,0.0477902,0.129899,0.0149717,0.492419,0.280944,-0.0354112,0.692367,-0.0565626,-0.0275871,4.43268,0.0042511,0.0107988,0.320033,0.514806,-0.464919,-0.115913],[-0.572044,-0.772151,-0.553598,-0.234062,-0.258789,-0.909112,-0.132819,-0.0943463,1.11452,-0.255269,-3.14208,-0.129302,-0.012,-1.27799,-0.224373,-0.408783,0.162659],[0.0484855,-0.121926,0.410579,0.388968,1.36471,0.42653,0.0317027,0.0601177,-0.0344141,1.00712,1.17549,0.0286996,0.18778,-1.98028,0.0403159,-0.129529,-0.0813988],[-0.000760352,-0.0045285,-0.00430629,-0.00499974,-0.000591381,0.0090727,0.000212977,-0.00176521,0.000972376,0.00173799,1.02077,-0.00150655,-0.000767977,-0.0232734,-0.00688244,0.00251434,0.00107678],[0.189912,0.141894,0.387275,-0.186346,0.609272,1.20998,0.0192958,0.111047,0.0997731,-0.0526885,-2.33322,1.04485,-0.0999835,2.01759,1.05841,-0.432259,0.158193],[-8.5169e-05,0.0447854,-0.763854,-0.082334,-0.206263,-0.315221,0.0975777,0.012446,-0.0152897,0.062257,-4.12394,-0.023809,1.04266,-2.34002,-1.01278,0.149232,0.0577801],[0.00951465,0.0162132,-0.010469,-0.0156233,0.0308469,0.0465688,-0.00398911,-0.0049074,0.00510963,0.0112037,0.0688361,0.0102179,0.00457011,1.14165,0.0620279,0.00630478,0.00651627],[0.0775135,0.0167763,-0.0175013,0.0414091,0.200889,0.321114,-0.00141547,-0.00764427,0.00867484,-0.00192302,0.520815,0.00393072,-0.0128538,0.278874,0.376455,0.177207,0.0221876],[0.0278285,0.0891727,0.027264,0.0393071,0.0277992,0.273975,0.150371,0.0469076,0.0421716,0.0223787,1.26099,0.0296468,-0.00186425,0.598551,-0.125079,0.670676,0.0028155],[-0.115035,-0.332104,-0.116187,0.0175766,-0.0289973,-0.349259,0.0949483,0.357536,0.0486657,-0.0834067,0.569619,-0.0861941,-0.0594652,1.10894,-1.1351,0.264365,0.850076],[0.0296239,-0.173254,0.255785,0.00584661,-0.284731,-0.197671,0.0504464,0.0937029,-0.0521496,-0.0320514,-2.34788,-0.0374981,-0.0678254,-0.393128,-0.343375,-0.0742345,-0.0896468],[-0.0436128,-0.0272131,-0.0802562,0.00479003,-0.000183851,-0.178008,-0.0375243,0.0202901,-0.0378424,-0.0031976,-0.914035,0.000511103,0.0175573,-0.32743,-0.189352,0.072974,-0.0178824],[0.0111738,0.0109483,0.0420409,0.0480355,0.124284,0.00169869,0.00354098,-0.00623482,-0.00540658,-0.0204357,0.174908,-0.00359636,-0.0167959,0.229878,-0.103817,-0.0370197,-0.00408067],[0.0354815,0.00163681,0.290654,0.0148448,0.0254609,0.42923,0.020923,0.0141962,0.0308737,0.0145097,2.0374,0.0545367,0.037774,0.713166,0.0282048,0.0163095,0.022692],[0.0092762,0.0157307,0.0842219,0.0544537,0.0314221,0.0308288,-0.0118021,-0.00414508,0.00368039,-0.011162,0.0312005,0.000207606,-0.00315622,0.124161,0.03934,0.00568385,0.00312354],[0.0320707,0.0328097,0.0485487,0.0101756,0.0547586,0.237507,0.0106681,-0.000253005,-0.00207825,-0.0060039,0.506607,0.00724017,-0.0011437,0.00563682,0.0548231,0.0352488,-0.00137834],[0.0784975,-0.165422,0.232677,0.28467,0.27978,-0.235361,0.104634,0.279728,-0.0333742,0.0179453,-1.33957,0.000123975,-0.0160026,0.899733,0.0843558,0.47038,-0.0513819],[-0.0853253,0.0257561,-0.169901,0.0415316,-0.441331,-0.1911,0.0628413,0.0688507,0.0151594,-0.0240927,-2.87352,-0.0647858,-0.0615707,-0.82282,-0.321142,-0.0811673,0.00303019],[0.272107,0.523582,0.058587,-0.0549556,0.113861,0.221512,0.103115,0.0349803,-0.0917796,0.115837,0.325394,0.0684722,0.0794215,-0.261682,-0.113527,0.246771,-0.0876626],[-0.0574197,0.0254455,-0.676967,-0.337632,-1.06463,-0.596593,0.0215407,-0.0568395,-0.00546989,0.00787147,0.146675,0.00401167,-0.111715,1.17085,0.226175,0.145223,0.0467857],[-0.00330106,0.000712671,-0.00718745,0.00797841,-0.00317631,-0.0234132,-0.00194949,0.00142011,-0.00158857,-0.00117435,-0.0615864,0.00101088,0.0017491,-0.00490826,0.00579799,-0.00812632,-0.00195188],[-0.0485624,0.106427,0.0205292,0.229956,-0.76835,-1.20241,-0.197706,-0.0839365,-0.085481,0.00149046,-1.37516,-0.0778576,0.0355688,-1.22645,-0.615086,0.218904,-0.132862],[-0.168206,0.107343,0.398104,0.00694851,-0.14018,0.318982,-0.174757,-0.0686994,0.0925849,-0.0501243,2.73155,-0.00369989,-0.0373868,1.95225,1.05433,-0.120958,0.0336767],[-0.00700807,-0.0164122,-0.00091741,0.0119219,-0.0263334,-0.084433,-0.00368781,-0.00186171,-0.00785301,-0.0112214,-0.203693,-0.0134483,-0.00225365,-0.135476,-0.0611236,-0.0139023,-0.00703874],[0.0051781,0.0598493,-0.0448129,0.00368071,0.0554588,-0.0343237,0.0270701,-0.00925075,-0.00461248,0.0243183,0.113555,0.00899137,0.0198459,0.0375816,0.157748,0.0199124,0.0108951],[-0.021919,0.00807343,-0.148145,-0.0420801,-0.19958,-0.213918,-0.0251719,-0.0493609,0.000212357,0.0173467,-0.054611,0.0115171,0.0240289,-0.264501,-0.0174597,0.0149249,0.00119896],[0.289301,0.538621,0.448337,-0.273005,-0.0689529,0.2401,-0.0218639,-0.307623,0.021576,0.238645,-0.314569,0.125965,0.071387,0.299413,1.12057,0.0656715,0.12696],[-0.0300253,-0.0711461,-0.137132,-0.148477,0.179698,-0.0491133,0.0118496,0.0127898,0.00993299,0.046373,0.107279,0.0311147,-0.00700608,0.884924,0.193699,-0.0583622,0.0310927],[-0.0887265,-0.118293,-0.0989947,0.0605328,-0.0283395,-0.229836,-0.000393244,0.00572336,-0.0215663,-0.0354659,-0.455275,-0.00906057,-0.000929284,0.189366,-0.0621795,-0.0334405,0.00857825],[0.0100297,-0.00219396,0.00811537,0.0277929,0.0102116,-0.0625001,0.00633173,0.00297001,0.00471366,0.00683823,0.0832434,-0.000573075,0.00877619,-0.140495,-0.112758,0.0504262,-0.00936945],[-0.0600141,-0.0885001,-0.0143984,0.00975499,-0.116625,-0.159222,0.00596214,0.0137387,-0.00563452,-0.000445037,-0.994588,0.00780688,0.0152364,-0.413632,-0.133345,0.112718,0.0347586],[-0.00614187,0.0238645,-0.0496133,-0.00723151,-0.025464,-0.0705825,-0.0110058,-0.00288542,-0.0041383,0.0132246,-0.729622,0.00120384,0.00587683,-0.0983911,-0.0472967,-0.0443849,-0.00709621],[0.00235488,0.0273851,-0.0345046,0.005234,-0.068024,0.0460892,-0.00354218,-0.0035201,-0.00227796,-0.00147663,0.116568,0.00380767,0.00816121,0.0346227,0.0550908,0.00635606,0.00134309],[0.0276529,-0.00978897,-0.0762993,-0.16286,0.13612,0.314372,-0.0918911,0.010654,0.0145277,-0.0363362,1.68308,-0.0154476,-0.0468789,0.868283,-0.11501,0.128564,0.0574623],[-0.0152922,-0.0385526,0.025455,-0.00592174,-0.100939,-0.141469,-0.0392461,0.20367,0.0385242,0.049791,-1.50624,0.053713,0.0492644,0.421092,-0.178464,0.520571,0.105481],[0.292837,0.215329,0.480626,0.279278,0.214979,0.609921,0.0341014,0.0728607,-0.0406646,0.13043,2.31355,0.0491922,-0.0663337,1.44838,0.322523,0.114746,-0.0943329],[0.0270555,0.100771,0.260075,-0.038726,-0.221367,0.213022,-0.0305966,0.00855192,0.0334186,-0.0319234,-1.46562,-0.0384614,-0.0833076,0.745711,-0.227567,-0.0205787,0.0283539],[0.00361357,0.00351624,0.0104292,-0.00317299,0.00254078,0.0128881,0.00152652,0.000320017,0.000631856,-0.000533433,0.0326212,0.000438132,-0.000898197,0.0274534,0.000305689,0.00542893,0.00100261],[-0.12191,-0.210985,-0.405556,-0.0448778,0.203318,0.0630447,0.185887,-0.020779,-0.0140499,0.0426821,3.68123,0.0209629,0.0521817,-0.682753,-0.369221,0.194045,-0.0324423],[0.181104,-0.145737,0.384021,0.0722138,0.405078,0.0446171,0.088084,0.0633812,-0.0809888,-0.0217839,1.35795,0.0225493,-0.0163753,0.402794,-0.0110562,-0.0401916,-0.0960032],[-0.00280648,0.000163928,0.0108656,0.00337682,-0.00569037,0.0367943,0.00762534,0.0066877,0.0028142,0.000121136,0.135088,0.00323262,-0.00221902,-0.00675497,-0.00159385,0.00781403,0.000544062],[-0.0134774,-0.0122529,0.003211,0.0319338,-0.036053,-0.135859,-0.00652763,0.0127441,0.000307709,-0.0148266,-0.384329,-0.00485907,0.0091339,-0.28517,0.0342677,-0.0736251,0.00560616],[-0.0153319,-0.0305945,0.0442905,0.0154463,0.112642,0.00525633,-0.0326622,-0.0191264,-0.00726594,0.00388575,-0.285846,-0.00869137,0.0175741,-0.343178,0.142738,0.0950644,0.0136891],[-0.200069,-0.209723,-0.374897,0.250616,-0.062093,-0.0989461,-0.0769059,-0.0426784,-0.0796497,-0.157426,-0.74686,-0.0517296,-0.00647798,-1.56856,-0.0913551,-0.339005,-0.000491073]],"sigmahat":[[0.366825,0.277331,0.451684,0.0285719,0.76262,1.13583,0.0750691,-0.00112844,0.0343628,0.0469119,2.61734,0.0309067,-0.0486697,1.28195,0.525744,0.131024,0.0159103],[0.277331,0.637421,0.325112,0.041308,0.099467,1.07166,0.0192773,-0.0636965,0.0614855,0.0579831,2.68751,0.0629291,-0.0246829,1.36092,0.53415,0.0614027,0.0371245],[0.451684,0.325112,2.27776,0.310404,0.527265,1.83974,0.0634243,0.0275024,0.0305204,0.0419389,2.34017,0.0358527,-0.0734681,2.03463,0.539296,0.189318,-0.00161741],[0.0285719,0.041308,0.310404,0.566755,-0.101172,-0.0352195,-0.0192246,0.0232803,-0.0126751,-0.0188461,-1.15028,-0.00378047,0.0139285,-0.0581438,-0.000969402,-0.0505963,-0.0174594],[0.76262,0.099467,0.527265,-0.101172,5.07783,3.42104,0.247139,-0.0560954,0.0333227,0.0308623,5.34355,0.0109611,-0.104137,2.03843,1.30169,0.134528,0.0476896],[1.13583,1.07166,1.83974,-0.0352195,3.42104,7.62414,0.308467,-0.00948873,0.227193,0.0671049,14.7778,0.131931,-0.200226,5.90339,2.83112,0.409651,0.172137],[0.0750691,0.0192773,0.0634243,-0.0192246,0.247139,0.308467,0.150964,0.0501736,0.015211,0.0216879,1.88908,0.0307379,-0.000460208,0.217016,0.144018,0.123803,-0.000694618],[-0.00112844,-0.0636965,0.0275024,0.0232803,-0.0560954,-0.00948873,0.0501736,0.120587,-0.00326281,-0.00804337,-0.163948,-0.0016213,-0.00174819,0.0769671,0.0171382,0.0936543,-0.0135212],[0.0343628,0.0614855,0.0305204,-0.0126751,0.0333227,0.227193,0.015211,-0.00326281,0.0348187,0.0200606,0.844441,0.0171559,-0.00226762,0.35719,0.124774,0.030852,0.0255877],[0.0469119,0.0579831,0.0419389,-0.0188461,0.0308623,0.0671049,0.0216879,-0.00804337,0.0200606,0.0855116,0.929621,0.0493157,0.0289104,0.303671,0.0416307,0.0920765,0.0133861],[2.61734,2.68751,2.34017,-1.15028,5.34355,14.7778,1.88908,-0.163948,0.844441,0.929621,125.697,1.18554,-0.522752,28.117,9.19693,3.5751,0.817934],[0.0309067,0.0629291,0.0358527,-0.00378047,0.0109611,0.131931,0.0307379,-0.0016213,0.0171559,0.0493157,1.18554,0.0802094,0.0450235,0.38465,0.0737734,0.0659464,0.0206899],[-0.0486697,-0.0246829,-0.0734681,0.0139285,-0.104137,-0.200226,-0.000460208,-0.00174819,-0.00226762,0.0289104,-0.522752,0.0450235,0.082608,-0.563046,-0.125079,0.0130527,-0.00140783],[1.28195,1.36092,2.03463,-0.0581438,2.03843,5.90339,0.217016,0.0769671,0.35719,0.303671,28.117,0.38465,-0.563046,22.0007,4.40696,1.30687,0.3709],[0.525744,0.53415,0.539296,-0.000969402,1.30169,2.83112,0.144018,0.0171382,0.124774,0.0416307,9.19693,0.0737734,-0.125079,4.40696,3.99045,0.0815786,0.129212],[0.131024,0.0614027,0.189318,-0.0505963,0.134528,0.409651,0.123803,0.0936543,0.030852,0.0920765,3.5751,0.0659464,0.0130527,1.30687,0.0815786,1.1378,0.0260937],[0.0159103,0.0371245,-0.00161741,-0.0174594,0.0476896,0.172137,-0.000694618,-0.0135212,0.0255877,0.0133861,0.817934,0.0206899,-0.00140783,0.3709,0.129212,0.0260937,0.0735378]],"n":17,"lags":3}