{"betahat":[[2.48202,-0.0529783,6.43217,2.71951,6.72745,8.64194,0.846291,1.42208,-0.177107,0.0501615,18.2696,0.639975,-0.185928,10.6436,6.86815,1.53176,-0.142461],[0.98136,0.233908,-0.119561,0.109498,0.0989532,0.237007,-0.0702899,-0.100753,0.0430729,-0.00716147,2.43843,0.00792472,0.0782151,-0.402336,0.167832,0.0787599,0.0587137],[0.142875,1.14162,0.202029,-0.0745919,0.0410826,0.459767,0.030742,-0.0300961,0.0623973,0.0424191,1.59023,0.00896592,-0.0215849,0.225096,0.287399,-0.0518148,0.0120505],[-0.0239125,-0.00413706,0.935585,-0.0719816,-0.165129,0.0601522,-0.0117197,-0.0021585,0.00165833,0.0126816,-0.325329,0.00307527,0.0089101,-0.110176,0.252347,-0.000988388,0.0180693],[0.00105942,0.0605366,-0.308863,0.938431,0.0537997,-0.361611,-0.0325031,-0.0150802,-0.0289316,-0.0139082,-1.23732,-0.0666328,-0.0517399,-0.308824,0.0493919,-0.090333,-0.0683841],[-0.00449282,-0.0362497,-0.0447005,-0.0460832,0.964243,0.0258584,0.021049,0.00230494,0.00170884,-0.000884724,0.712516,-0.0025898,-0.00282108,-0.038419,0.0103569,0.0435029,0.00465206],[-0.0360589,-0.0634022,-0.0103797,-0.0131489,0.000364213,0.677236,-0.00786898,0.00527405,0.00279397,0.00796247,-0.706699,-0.0113109,-0.00597148,-0.056913,-0.145521,-0.0471613,-0.00507529],[-0.161521,0.142861,-0.192994,-0.185931,-0.565367,-0.280416,0.913323,-0.287133,0.0110038,0.0237834,-0.834989,0.0124988,0.0607155,-1.6405,-0.0441908,-0.652957,-0.00544507],[0.0631212,0.0410727,0.0583294,0.103985,0.304785,-0.131407,-0.111254,0.59967,-0.0827663,-0.0354217,3.40519,-0.0299483,0.0192097,-0.292478,0.485264,-0.674668,-0.146544],[-0.613678,-0.939932,-0.586163,-0.223652,-0.0304734,-1.07096,-0.171175,-0.0820976,1.0837,-0.294261,-3.82546,-0.164659,-0.0430299,-1.20323,-0.0249365,-0.46086,0.181967],[0.11069,-0.105288,0.399653,0.475581,1.61654,0.501598,0.0744359,0.0698446,-0.04885,0.980777,0.870426,0.0176243,0.185858,-2.39304,-0.0414496,0.0454092,-0.100798],[-0.00124287,-0.00526433,-0.00619446,-0.00601927,-0.00227276,0.00756604,0.00020476,-0.00145069,0.000780992,0.00126417,0.99837,-0.00236439,-0.00118924,-0.0268852,-0.00973251,0.00472505,0.000950234],[0.16286,0.182165,0.343287,-0.176877,0.357558,1.09275,0.00385762,0.108368,0.110223,-0.0372082,-2.02833,1.0502,-0.0836517,2.34465,1.1083,-0.565447,0.174053],[0.0478658,0.0407003,-0.656656,-0.0993879,0.0301458,-0.0567189,0.097372,0.0153112,-0.0172807,0.0364969,-4.27709,-0.0398644,0.989791,-2.43271,-0.951521,0.272533,0.0697549],[0.0130731,0.0169719,-0.00773187,-0.0160914,0.0504691,0.0643436,-0.00243063,-0.00382617,0.00532173,0.0105466,0.0906973,0.0107158,0.00291153,1.15272,0.0664028,0.0105442,0.00737614],[0.0595124,0.0150359,-0.0351002,0.0403277,0.149688,0.253849,-0.00440556,-0.0109821,0.00833316,-0.00129949,0.262698,0.00652098,-0.00184215,0.14718,0.287395,0.162595,0.0277065],[0.0378574,0.11521,0.0322168,0.0620435,0.0351835,0.340946,0.17327,0.0370394,0.0481609,0.0291098,1.55678,0.0378861,0.00474688,0.612952,0.0341732,0.602502,0.0008937],[-0.114039,-0.294146,-0.0711676,0.0713826,-0.239,-0.478281,0.0996888,0.34357,0.0248575,-0.0944484,0.505549,-0.101815,-0.0599111,0.648793,-1.26697,0.35044,0.767133],[0.0314843,-0.173041,0.252091,0.0379037,-0.34415,-0.237358,0.0493207,0.0876465,-0.0522523,-0.0376431,-2.71937,-0.0418782,-0.0677079,-0.524357,-0.344808,-0.0341005,-0.0952717],[-0.0448324,-0.0115114,-0.093664,0.0111988,0.0150694,-0.161233,-0.0312035,0.0201857,-0.0366603,-0.00082169,-0.927072,0.00506858,0.0233576,-0.360278,-0.198646,0.088478,-0.0189478],[0.0107146,0.00722917,0.047252,0.0403481,0.13883,-0.0188229,0.00401187,-0.00315438,-0.00715124,-0.0168094,0.221435,-0.00185132,-0.0173961,0.290121,-0.111315,-0.0598814,-0.0054842],[0.0476723,0.0207007,0.310793,0.0343827,0.017346,0.458364,0.0185665,0.0053522,0.0342675,0.0155953,2.20914,0.0580881,0.037922,0.757632,0.0649233,0.00351507,0.0243433],[0.00673828,0.0122128,0.0897463,0.0531368,0.04229,0.0352076,-0.0128051,-0.00266444,0.00215612,-0.0129118,0.0368567,0.000997805,-0.00175022,0.124844,0.0483528,0.00113836,0.00160216],[0.0305102,0.0345496,0.0409669,0.00601422,0.0581876,0.257053,0.0101321,-0.00226863,-0.000454815,-0.00619933,0.555012,0.00701943,-0.00143191,-0.00182993,0.0665256,0.0402943,0.00184763],[0.102292,-0.167444,0.237447,0.334991,0.336988,-0.232982,0.152519,0.285973,-0.0276285,0.0266349,-1.11785,0.00415676,-0.00718475,0.849025,0.116086,0.604885,-0.0587965],[-0.0903434,0.0407613,-0.159626,0.115465,-0.488404,-0.225035,0.0696197,0.0464074,0.0122762,-0.0417033,-3.28722,-0.073886,-0.0692342,-0.886923,-0.320343,-0.0741679,-0.00172422],[0.266776,0.53446,0.112875,-0.111948,0.101139,0.323944,0.0833236,0.0122727,-0.0947038,0.128064,0.247031,0.0869016,0.102155,-0.413874,-0.218085,0.234015,-0.0944045],[-0.07441,0.0198385,-0.738386,-0.362511,-1.13929,-0.6398,0.0285858,-0.059612,-0.00438261,0.0107627,0.558822,0.0285998,-0.0922497,1.27726,0.401929,0.038799,0.0608712],[-0.00430811,0.00119977,-0.0079503,0.00894759,-0.00689231,-0.0274027,-0.00274293,0.00100755,-0.00145315,-0.000959943,-0.0661229,0.00129685,0.00196699,-0.00470191,0.00585263,-0.00787016,-0.00157653],[0.0105605,0.150017,0.0957754,0.228772,-0.555874,-0.910731,-0.184598,-0.0758101,-0.0794674,-0.00185247,-1.36722,-0.0818155,0.0120723,-0.942339,-0.565268,0.320123,-0.13852],[-0.210298,0.107235,0.376832,-0.0108619,-0.279554,0.189304,-0.164424,-0.0750511,0.0970251,-0.0417139,2.88512,-0.000642763,-0.0268952,1.99912,0.989281,-0.249708,0.0364472],[-0.00866817,-0.0174405,-0.00332404,0.00942647,-0.0338345,-0.0942533,-0.00322571,-0.00157979,-0.00817309,-0.0115708,-0.208014,-0.0141939,-0.00175118,-0.138723,-0.0634113,-0.0158343,-0.00772089],[0.00605821,0.0617966,-0.042753,0.00570056,0.0289347,-0.0425751,0.0256809,-0.00791701,-0.00330872,0.0287907,0.156338,0.0107818,0.0195745,0.0486349,0.101385,0.0410054,0.012977],[0.000719029,0.0290038,-0.098617,-0.0320935,-0.149057,-0.104279,0.00161454,-0.0441913,0.00651165,0.0188085,0.296627,0.0150356,0.0219196,-0.266277,0.0106485,-0.0649482,0.00196732],[0.270521,0.506576,0.402477,-0.29684,-0.166457,0.0484711,-0.0413395,-0.300328,0.0220969,0.241267,-1.07572,0.127981,0.0852549,0.24678,1.08859,0.00505345,0.156371],[-0.0128719,-0.060883,-0.132608,-0.147473,0.245196,0.000350823,0.0209649,0.0130968,0.00918482,0.0447979,0.280909,0.0339437,-0.0105105,0.926642,0.17685,-0.0446506,0.0365613],[-0.0980589,-0.130129,-0.108417,0.0633358,-0.0561078,-0.298492,0.00045757,0.00990313,-0.0257322,-0.0416035,-0.663261,-0.0140461,-0.00177606,0.135095,-0.0888576,-0.0366683,0.00689694],[0.0131686,-0.00311186,0.0170359,0.0315606,0.0263238,-0.0413251,0.00771125,0.00530758,0.00550016,0.00412709,0.104114,-0.00122905,0.00848411,-0.179949,-0.141128,0.0608867,-0.0125806],[-0.0487797,-0.0812607,-0.00207584,0.027043,-0.0711511,-0.096795,0.0139398,0.00970576,-0.00532221,-0.00168933,-0.971528,0.00854147,0.0138143,-0.448748,-0.11455,0.086887,0.0440536],[-0.00231598,0.0240051,-0.0452112,-0.0071939,-0.00669449,-0.0611796,-0.00826811,0.000340831,-0.0038576,0.0137758,-0.749094,0.00157004,0.00455545,-0.0864,-0.0588749,-0.0446405,-0.00623873],[0.00548347,0.0288059,-0.0307701,0.00701534,-0.0586141,0.0655833,-0.00228137,-0.00302264,-0.00233014,-0.00177646,0.151888,0.00427134,0.0073919,0.0587157,0.0788295,0.00685911,0.00324083],[0.0589228,0.0247642,-0.0452402,-0.15028,0.22786,0.5126,-0.0660131,0.000917262,0.0167588,-0.0504242,1.95389,-0.016667,-0.0536226,0.793483,-0.0731567,0.0479749,0.0643574],[-0.0198347,-0.0186587,-0.0159911,0.031829,-0.175827,-0.212991,-0.0483201,0.171238,0.0372074,0.050477,-1.63012,0.0519144,0.0507817,0.374517,-0.192746,0.502418,0.111936],[0.285294,0.235589,0.42097,0.299134,0.140061,0.459672,0.0442795,0.0577681,-0.0400671,0.163533,2.48922,0.0587684,-0.0417107,1.45062,0.165558,0.0892415,-0.116062],[-0.00259419,0.0909145,0.253185,-0.0686897,-0.336009,0.173537,-0.0285803,0.00735201,0.0470603,-0.0358119,-1.68628,-0.0462618,-0.0862442,0.658338,-0.29839,0.0116667,0.0376909],[0.00397685,0.00348983,0.0104405,-0.00280622,0.00380032,0.0140111,0.00129453,4.09602e-05,0.000626432,-0.000348683,0.0305406,0.000584943,-0.000714999,0.0295643,0.00187528,0.00239967,0.00109981],[-0.105442,-0.18058,-0.402157,-0.0510339,0.350542,0.289476,0.186394,-0.0226676,0.00627443,0.0460201,4.1776,0.0198305,0.0388433,-0.495731,-0.107193,0.231661,-0.00474204],[0.19244,-0.123887,0.375968,0.0700079,0.339037,0.0271661,0.100188,0.0668644,-0.0864238,-0.0152187,1.46529,0.0258576,-0.0122929,0.405913,-0.0577032,-0.0942952,-0.118078],[-0.00582584,-0.000311413,0.00816342,0.00460309,-0.0201009,0.0245726,0.00591063,0.00511387,0.00304219,0.00131692,0.116806,0.00354516,-0.000661527,-0.0202021,-0.00772109,0.00740996,0.00057743],[-0.0134684,-0.0148791,-0.00041842,0.0234168,-0.0289795,-0.156476,-0.0111457,0.0138648,-0.000676596,-0.0123269,-0.415151,-0.00325149,0.0100315,-0.258487,0.0137814,-0.0612912,0.00687354],[-0.0159028,-0.0130454,0.0550449,0.0213548,0.0773739,-0.008183,-0.025994,-0.0281836,-0.00421315,0.00960273,-0.229978,-0.0049921,0.0223394,-0.369014,0.0991819,0.0674293,0.00655844],[-0.238422,-0.20757,-0.435402,0.244611,-0.258081,-0.277989,-0.0816866,-0.0229341,-0.0703179,-0.150845,-0.81193,-0.0556862,-0.00190537,-1.5839,-0.274284,-0.388476,-0.00524573]],"sigmahat":[[0.341852,0.252172,0.408888,0.0223439,0.705691,1.03475,0.0636542,-0.00180863,0.0321517,0.0462147,2.38327,0.0259189,-0.0461547,1.2101,0.490117,0.136604,0.0133006],[0.252172,0.589706,0.295256,0.0326646,0.0887345,0.968814,0.00792933,-0.0575755,0.0537849,0.0524158,2.33896,0.0579608,-0.0227538,1.26968,0.487693,0.073528,0.0331979],[0.408888,0.295256,2.17723,0.293243,0.408464,1.66379,0.0549811,0.024545,0.0282243,0.0346532,1.81859,0.0263959,-0.0686206,1.82239,0.344034,0.18044,-0.00506269],[0.0223439,0.0326646,0.293243,0.537106,-0.105456,-0.0208684,-0.024018,0.0280909,-0.00941255,-0.0187552,-1.11496,-0.00317356,0.0122294,-0.0230628,0.0336801,-0.0464093,-0.0147059],[0.705691,0.0887345,0.408464,-0.105456,4.75709,3.08924,0.215142,-0.0739155,0.0322173,0.0420826,4.88642,-0.00249951,-0.0930974,1.88543,1.08301,0.128589,0.0383353],[1.03475,0.968814,1.66379,-0.0208684,3.08924,6.95835,0.247708,-0.0146212,0.199938,0.0580023,13.1855,0.0979399,-0.184098,5.27483,2.57583,0.369187,0.136084],[0.0636542,0.00792933,0.0549811,-0.024018,0.215142,0.247708,0.128098,0.0426387,0.0115586,0.0215245,1.65348,0.0251936,0.000104289,0.169088,0.141037,0.133313,-0.00260107],[-0.00180863,-0.0575755,0.024545,0.0280909,-0.0739155,-0.0146212,0.0426387,0.107119,-0.00322761,-0.00709635,-0.17108,-0.0028007,9.02747e-05,0.0322855,0.0368881,0.101316,-0.0135568],[0.0321517,0.0537849,0.0282243,-0.00941255,0.0322173,0.199938,0.0115586,-0.00322761,0.0309513,0.0179555,0.741188,0.0144648,-0.0027276,0.318463,0.120955,0.0212525,0.0226951],[0.0462147,0.0524158,0.0346532,-0.0187552,0.0420826,0.0580023,0.0215245,-0.00709635,0.0179555,0.0813154,0.880989,0.0473339,0.0261546,0.302343,0.0343117,0.0900016,0.0118692],[2.38327,2.33896,1.81859,-1.11496,4.88642,13.1855,1.65348,-0.17108,0.741188,0.880989,119.263,1.05092,-0.54511,26.7198,8.81101,3.07311,0.742507],[0.0259189,0.0579608,0.0263959,-0.00317356,-0.00249951,0.0979399,0.0251936,-0.0028007,0.0144648,0.0473339,1.05092,0.0764719,0.0433782,0.359535,0.0593034,0.0594959,0.0173073],[-0.0461547,-0.0227538,-0.0686206,0.0122294,-0.0930974,-0.184098,0.000104289,9.02747e-05,-0.0027276,0.0261546,-0.54511,0.0433782,0.0776656,-0.529946,-0.115216,0.00878753,-0.00266795],[1.2101,1.26968,1.82239,-0.0230628,1.88543,5.27483,0.169088,0.0322855,0.318463,0.302343,26.7198,0.359535,-0.529946,21.0005,3.96998,1.26677,0.347454],[0.490117,0.487693,0.344034,0.0336801,1.08301,2.57583,0.141037,0.0368881,0.120955,0.0343117,8.81101,0.0593034,-0.115216,3.96998,4.02452,0.0138353,0.124176],[0.136604,0.073528,0.18044,-0.0464093,0.128589,0.369187,0.133313,0.101316,0.0212525,0.0900016,3.07311,0.0594959,0.00878753,1.26677,0.0138353,1.22056,0.00613612],[0.0133006,0.0331979,-0.00506269,-0.0147059,0.0383353,0.136084,-0.00260107,-0.0135568,0.0226951,0.0118692,0.742507,0.0173073,-0.00266795,0.347454,0.124176,0.00613612,0.0766275]],"n":17,"lags":3}