{"betahat":[[3.99254,1.51307,8.58974,3.31497,8.111,11.0142,0.267741,1.40348,-0.0150309,0.353034,0.38062,2.09542,22.284,1.00779,-0.210563,15.3754,-2.02299,0.513397,3.83813,1.31092,0.582793],[0.97453,0.146577,-0.118547,0.0540442,0.11205,0.223364,-0.0689284,-0.0858368,0.0418111,0.0435674,0.0194375,0.111042,2.19003,0.00790047,0.0771506,-0.333784,-0.147555,0.0287082,-0.176414,0.15562,0.0610955],[0.0984217,1.04878,0.197968,0.0352195,-0.0519819,0.2451,0.0219857,-0.0289142,0.0425397,0.040771,0.0273646,0.162673,2.55248,0.0188649,-0.0216913,0.5478,0.0797624,0.00898219,0.593409,-0.0366065,0.0219284],[-0.0415262,-0.0379732,0.930762,-0.0687376,-0.197574,-0.00444376,-0.0121616,-0.000492179,0.000395495,-0.00206908,0.00915855,0.0301324,-0.69718,-0.00187591,0.0071414,-0.199109,-0.033391,0.017345,0.0526117,-0.0329356,0.012518],[-0.0639631,-0.0576471,-0.317059,0.850884,-0.132193,-0.528746,-0.0501385,0.00655796,-0.0416861,-0.0285039,-0.0344533,-0.0369017,-2.19333,-0.0783137,-0.0603634,-0.318023,0.103453,-0.0465756,-0.269554,-0.129235,-0.0859415],[-0.0204126,-0.0509158,-0.0483325,-0.03882,0.903131,-0.0492051,0.0152405,0.00261641,0.000647697,0.00144665,-0.00363134,-0.0383204,0.536648,-0.0052794,-0.00345353,-0.0305387,-0.0212752,0.000489109,-0.0786149,0.0328584,0.00437433],[-0.0265067,-0.0413971,-0.0355248,-0.0309579,0.0150067,0.733246,-0.0078814,-0.000133769,0.00449669,0.00276074,0.0105538,0.0127254,-0.533859,-0.0099216,-0.00612715,-0.0285945,-0.00699347,0.0181547,-0.153763,-0.0144871,0.000555494],[-0.160437,0.0293591,-0.085012,-0.167652,-0.485982,-0.190079,0.88595,-0.237138,-0.00398632,-0.00800733,0.0298427,0.442901,-0.973915,0.00384126,0.069571,-1.70408,-0.363079,0.0882127,-0.0935621,-0.42586,-0.0388728],[0.100746,0.215295,-0.038068,0.0795725,0.325684,-0.212637,-0.0328138,0.56875,-0.0813467,-0.0860554,-0.0263122,0.223793,3.88581,-0.00483973,0.0374111,-0.344555,0.0375159,-0.0460171,0.682239,-0.439981,-0.136854],[-0.297627,-0.538143,-0.556966,-0.282133,0.163612,-0.667442,-0.10279,-0.0453155,1.01645,-0.0273704,-0.203241,-0.212613,-2.61155,-0.120496,-0.0618611,-0.362476,0.158252,-0.0363179,0.353429,-0.154,0.0796969],[-0.0693538,-0.100884,0.393386,0.153618,0.217681,0.205883,-0.199286,-0.0232742,0.139511,1.08918,-0.134885,0.112765,-0.535635,-0.0518906,-0.0169107,0.16627,-0.117903,0.045581,0.920249,-0.213193,0.180272],[0.2455,0.0769757,0.436593,0.145426,1.33555,0.982492,0.0589952,0.0182615,0.0189954,-0.0235479,0.967575,0.0299724,1.27144,0.00616063,0.0761027,-1.38382,0.0881067,0.0667929,-0.0758698,-0.0831063,-0.0775802],[0.067447,0.0723216,0.0499614,0.0688592,0.280358,0.369294,0.048982,0.0242061,0.00920637,0.00815484,0.0194342,1.32683,0.149916,-0.00254798,0.0157243,-0.190897,0.101016,0.0387242,0.315318,0.0527421,-0.0232627],[-0.00180218,-0.0036041,-0.00816563,-0.00306555,-0.00405615,-0.0014652,-0.000122821,-0.000677393,-6.32608e-05,-6.0352e-05,0.000513729,0.00515862,0.93446,-0.0019776,4.34738e-06,-0.0339231,0.00776685,0.00189233,0.00389937,0.00402312,0.000324864],[0.147076,0.164085,0.254903,-0.10144,0.447706,1.10133,0.00623971,0.0678262,0.120246,0.110702,0.00435047,-0.163117,-3.11216,1.02311,-0.0577628,1.72405,0.0568665,-0.0425505,1.13702,-0.517034,0.135329],[0.127472,0.148461,-0.388046,-0.0387795,0.0585384,0.23167,0.103414,0.029978,-0.0117534,0.0238881,-0.00151476,-0.223323,-3.17248,-0.0407657,0.93448,-1.6737,0.150376,-0.00490131,-0.359056,0.052885,0.0623578],[0.0167004,0.0137332,-0.0067966,-0.01246,0.0728985,0.0819978,0.000696034,-0.00169887,0.00486909,0.00461143,0.00810242,0.0100527,0.108178,0.00988972,0.00309976,1.12213,-0.0050797,0.00409152,0.0755919,0.0239013,0.00788731],[-0.0307075,-0.0417538,0.00336551,0.0503379,0.016214,-0.039654,-0.0507135,-0.062507,0.00197472,-0.00216236,0.0124019,0.0825766,-0.920741,-0.0152258,-0.00399377,-0.270344,1.08542,0.0211087,-0.305131,-0.0698934,0.0219434],[-0.216001,-0.252758,-0.152616,0.278893,0.286208,-0.822735,-0.0132517,0.0498559,-0.111138,-0.0734176,-0.0650592,-0.15515,-1.15234,0.0138183,0.118099,-1.66542,0.25174,0.928324,-0.131771,0.0245992,-0.00444536],[0.0340175,0.0438531,0.00508126,0.0630029,0.0267908,0.110584,0.00462207,-0.00791987,-0.00352727,-0.00388223,-0.00294767,-0.0527157,0.383649,0.0143657,0.00177939,0.165281,-0.03206,-0.0186122,0.489135,0.0180756,0.000328139],[-0.000497458,0.0697634,0.00484627,0.0306651,0.0214692,0.256478,0.202211,0.0444845,0.0444429,0.0437391,0.0479186,-0.173569,1.64085,0.0379253,0.0133958,0.508148,0.265882,0.044047,-0.372833,0.542297,-0.00303389],[-0.0669176,-0.201066,-0.0637979,0.217725,-0.201355,-0.56713,0.0966135,0.357288,0.013873,0.035757,-0.0711598,-0.407475,-0.2107,-0.107199,-0.0149573,0.256987,0.213984,-0.0441902,-0.814146,0.209485,0.772021],[0.0302627,-0.110358,0.21229,0.0321564,-0.316651,-0.240386,0.040653,0.0658533,-0.0483238,-0.0407244,-0.0443345,-0.0804554,-2.66977,-0.0394373,-0.0661672,-0.496642,0.0278589,-0.0303551,-0.196745,-0.0657256,-0.079555],[-0.0495681,-0.00697105,-0.112739,-0.0490621,0.00295514,-0.192095,-0.02231,0.0158852,-0.0308578,-0.0273808,0.00743235,-0.0811262,-2.5971,-0.00968082,0.0281085,-0.716088,-0.0179008,0.0158726,-0.48682,0.0812189,-0.0297885],[0.0263009,0.0302423,0.0430464,0.0333192,0.157157,0.0555863,0.00226249,-0.0041082,-0.00368694,-0.0024313,-0.0149624,0.0144112,0.439851,-0.00113523,-0.0180205,0.335054,-0.00152923,-0.0280157,-0.0272109,-0.0120308,-0.00113268],[0.0762076,0.0475212,0.308233,0.0806272,0.120175,0.587513,0.0325077,0.00277133,0.0381256,0.0221582,0.020919,0.123706,2.52358,0.0556897,0.0393561,0.704478,-0.0333031,0.0317771,0.109677,0.0480517,0.0314613],[0.0128243,0.0136942,0.0861804,0.0494855,0.071012,0.0579587,-0.00891926,-0.00324699,0.00213978,0.00375696,-0.0111338,0.039968,0.0245371,0.00130386,-0.0015268,0.0917368,0.0367644,-0.0219461,0.0780806,0.0068824,0.000439306],[0.0236501,0.0266944,0.0543998,0.0197352,0.0250178,0.200329,0.0102029,0.000760799,-0.00235353,-0.000572766,-0.005732,-0.0090614,0.517062,0.00821682,0.000202242,0.0194555,0.00660708,-0.0104288,0.0888023,0.0145969,-0.00109887],[0.0765732,-0.0873092,0.157476,0.267047,0.206816,-0.280203,0.116971,0.215764,-0.0175015,-0.0156592,0.0196189,-0.38692,-1.34882,-0.00284947,-0.0197185,0.681293,0.286282,0.0175887,-0.01041,0.382037,-0.0321949],[-0.0738875,0.141706,-0.201725,0.113874,-0.398242,-0.116202,0.0181095,-0.00955284,0.00706415,0.00425372,-0.051997,0.0332529,-1.73223,-0.0849218,-0.0710516,-0.744105,0.112928,-0.0426284,-0.0191381,-0.182355,0.00804774],[0.0615648,0.287938,0.122395,-0.00569236,-0.0689117,-0.0750202,0.0465094,-0.00809951,-0.0533408,-0.019848,0.0810837,0.180621,0.628753,0.0514671,0.0776826,-0.191281,-0.0816839,-0.0541548,-0.149369,0.0629035,-0.0416629],[-0.0149086,-0.024837,-0.431024,-0.270904,-0.00686918,-0.346886,0.13414,-0.0445203,-0.153854,-0.110498,0.0477659,-0.151207,-0.361392,0.031516,0.03864,-0.781985,0.172345,-0.0859001,-0.683518,0.207722,-0.0959493],[-0.114773,0.0238807,-0.61469,-0.202516,-0.923307,-0.762462,0.000649867,-0.0435333,-0.0432102,-0.00504115,0.0187508,-0.107176,0.274471,0.0307778,-0.0415262,0.925982,-0.191001,-0.068329,0.416837,0.11499,0.0362494],[-0.0472086,-0.0324119,-0.0526445,-0.0645629,-0.188011,-0.282367,-0.0374366,-0.0256385,-0.000279031,0.00226355,-0.0208492,-0.184977,-0.00185555,-0.00487593,-0.011555,-0.0207937,-0.0738568,-0.034947,-0.285842,-0.0034663,0.0168229],[-0.00174212,0.00246434,-0.00457615,0.00608662,-0.001784,-0.0133737,-0.00107636,0.000613338,-0.000671126,-0.000949222,-0.000507765,-0.000397561,0.0141014,0.00102366,0.000865501,0.009204,0.00223572,-0.000346318,0.0220593,-0.00429624,-0.000973826],[0.0175133,0.16803,0.0842195,0.11292,-0.410544,-0.656247,-0.166306,-0.0582939,-0.0658515,-0.0739755,-0.00740124,0.294314,-0.330553,-0.0742384,-0.000643885,-0.609233,-0.253623,0.0336863,-0.592424,0.314464,-0.100475],[-0.226992,0.139638,0.296508,-0.0472394,-0.180704,0.156437,-0.145761,-0.0719218,0.0767964,0.0439849,-0.0229531,0.197729,2.21877,-0.00152929,-0.00547884,1.49312,-0.0597979,-0.0287956,0.962409,-0.124859,-0.00371529],[-0.00853109,-0.0127987,-0.000894513,0.00820034,-0.0391957,-0.0871433,-0.0036953,-0.001887,-0.00704806,-0.00745915,-0.00840899,0.00200158,-0.151164,-0.0119419,-0.00162499,-0.111299,-0.00396278,-0.00523213,-0.058733,-0.0191003,-0.00695379],[0.0242283,-0.0184395,-0.0215786,-0.0459119,-0.0227028,-0.0993296,0.0603948,0.0539913,-0.00515598,-0.000748266,0.00606534,-0.0821868,1.1748,0.0278792,0.0055724,0.333094,0.0455138,-0.0013483,0.137141,0.131526,-0.0149343],[0.278091,0.324892,-0.061458,-0.129675,-0.0845022,0.809631,0.13875,-0.00596897,0.111499,0.0955077,0.0606866,-0.16329,3.47137,0.034237,-0.0680556,1.27781,-0.0179022,-0.0293658,0.793623,0.178306,0.0536387],[-0.0226081,-0.00865671,-0.0525896,-0.00904461,-0.00049994,-0.0742527,0.0121978,-0.0153165,-0.00167669,-0.000588489,0.00609171,-0.0365463,-0.266918,-0.000768997,0.00745806,-0.128398,-0.0330364,0.00912902,-0.0497562,0.00163508,0.00433326],[0.00286733,0.0328371,-0.116998,-0.03052,-0.18999,-0.0929444,0.0186889,-0.0348118,0.0128822,0.0180721,0.0190352,0.0042,0.128168,0.0175789,0.0249281,-0.315886,0.0307873,0.0209513,-0.0698308,-0.0782803,-0.00933717],[0.211194,0.500507,0.426991,-0.238259,-0.4273,-0.163464,-0.00461243,-0.279431,0.0125966,0.0203374,0.230668,0.450523,-0.0473739,0.126152,0.0650175,0.35251,-0.167539,0.141091,1.10387,0.0195984,0.0912229],[-0.00484196,-0.0362809,-0.0938212,-0.0862191,0.204589,0.0169628,0.0282744,0.0199786,0.00651896,-0.00284165,0.0248881,-0.0306358,0.479798,0.0315276,-0.0109886,0.830399,0.119775,0.00163635,0.373098,-0.0899038,0.0184573],[-0.0488927,-0.041881,-0.0852798,0.0138267,0.0490523,-0.0530348,0.00032393,0.0130249,-0.011675,-0.0133882,-0.0348046,-0.0815895,0.0445794,-0.00919331,-0.00642258,0.168227,-0.0617812,-0.024862,-0.106659,-0.0446318,0.00785547],[0.0151729,0.00766559,0.02604,0.0353919,0.0404362,-0.0512083,0.00990817,0.00459934,0.00330103,0.00450463,0.00580374,-0.0446048,0.257745,0.00300973,0.0108761,-0.135878,0.0350006,0.0106673,-0.025428,0.0449696,-0.011384],[-0.0123127,0.0100401,0.00869081,0.0684303,0.0120377,-0.0588255,0.0176373,-0.00934106,0.00357203,0.00635009,0.0135272,-0.0868864,-0.329836,0.0226177,0.0209992,-0.386352,-0.0700385,0.0147803,0.159768,0.0812102,0.0544795],[0.00749527,0.037134,-0.0380018,-0.0107118,0.0256964,-0.00888422,-0.00634179,0.000624706,-0.00278248,-0.00520608,0.0147335,-0.00176724,-0.560837,0.00393803,0.00495782,-0.0612363,-0.0153519,0.0214222,0.000582052,-0.0397762,-0.00481395],[0.00276224,0.0145881,-0.0190716,0.0111782,-0.0400871,0.0662294,-0.00233612,-0.000632473,-0.00213523,-0.0021886,-0.00484258,-0.00376531,0.0170189,0.00167363,0.00590829,0.00906507,0.00052532,-0.00774608,0.0649357,-0.000152517,0.000543926],[0.0832616,0.0575646,-0.0736122,-0.100105,0.278711,0.469708,-0.00309991,0.0213043,0.0215357,0.0236278,-0.0495624,-0.0566619,2.32697,-0.00108458,-0.049923,1.0237,0.076951,-0.105946,0.103961,0.0433594,0.0710202],[-0.0917931,-0.153396,-0.0601488,0.114868,-0.375265,-0.572852,-0.0751793,0.158113,0.011565,0.00996403,0.0423184,0.138835,-2.86491,0.0273429,0.0550216,0.18786,-0.237109,0.0494611,-0.538433,0.426496,0.0872376],[0.156875,0.0797506,0.344976,0.218814,0.0566418,0.353786,0.0078415,0.0369614,-0.0123474,-0.0112666,0.116324,0.0468875,1.19429,0.0471271,-0.0042022,0.754903,-0.0678709,0.117893,-0.0860626,0.0110599,-0.0715483],[0.0491428,0.00408572,0.0690841,0.111517,-0.0268007,-0.0577678,0.0326002,0.0589431,-0.0286761,-0.0337124,0.0847746,0.0496263,0.339434,0.0190462,0.00965406,0.408373,-0.0294884,0.0560535,-0.10363,-0.0995668,-0.096567],[-0.0837555,-0.00708461,0.0974781,0.0859256,-0.307325,-0.0953327,-0.0127855,0.0281637,0.0345261,0.0410698,-0.0300555,0.139473,-1.70378,-0.0315565,-0.0216041,0.117752,0.0995801,-0.0444998,-0.181014,-0.0138807,0.052048],[-0.0200855,-0.0400186,0.00268189,-0.00494441,-0.0906607,-0.0853126,-0.0110935,0.0015045,-0.00883373,-0.0103357,0.00159972,-0.143194,-0.134884,0.00754864,-0.00416706,0.213531,-0.0263816,-0.00364865,-0.0267609,-0.0481085,0.00654684],[0.00193945,0.000967847,0.00757073,-0.0027554,0.000408702,0.00977941,-0.000234845,5.77455e-05,0.000719097,0.000828465,-0.000209942,-0.00455033,-0.00667776,8.6889e-05,-0.000645083,0.0183237,-0.00561544,-0.00129333,-0.0223488,-6.47672e-05,0.000862548],[-0.0850682,-0.193719,-0.318095,-0.0714403,0.216796,0.245391,0.146903,-0.00167361,0.020002,0.02691,0.0360918,-0.0943111,3.80774,0.0290774,0.0239201,-0.196287,0.126124,0.0230557,-0.409831,0.274342,0.0332292],[0.135939,-0.295015,0.319695,0.0571525,0.295221,-0.0632505,0.0782659,0.0544528,-0.068982,-0.0723555,0.000409943,-0.0740937,0.777703,0.00396462,-0.00278053,0.0416803,-0.123938,0.0176367,-0.488741,-0.0610884,-0.0925669],[-0.00964482,-0.00140222,0.00452219,0.00281906,-0.0385869,0.000430263,0.00313129,0.00357172,0.00235117,0.0028919,0.00062537,-0.0122579,0.0473992,0.00224925,-0.000841703,-0.0173097,0.0104195,0.00136973,-0.0202949,-0.00286198,-0.000766866],[-0.00122719,0.05263,0.010081,-0.021249,-0.000343664,0.119135,-0.00693756,0.00600837,0.00270888,0.00164519,-0.0207592,-0.0141173,-0.301805,-0.0130551,-0.00218307,-0.0692505,-0.151234,-0.0242515,0.148164,-0.056717,-0.00854362],[-0.00215288,0.0151073,0.098848,-0.0791988,-0.0574847,0.0827112,-0.0249794,-0.0219,-0.00758582,-0.0187494,-0.0175232,0.185785,-1.25163,-0.0251821,-0.0504344,0.258005,-0.136814,0.0282661,-0.377093,-0.0731212,-0.0319655],[-0.000185514,-0.0127693,-0.00420363,-0.00941886,0.0105788,-0.0267281,-0.00087703,0.00153475,0.00307172,0.00238623,-0.000462428,-0.00461896,-0.155022,-0.00131416,0.00225171,-0.161532,-0.0194508,0.00701722,-0.0508538,-0.0114332,0.00400811],[-0.00747568,-0.0122566,0.0393097,0.0141579,0.103875,0.0899045,-0.000648474,-0.0240675,0.00252305,-0.000542145,0.0134858,0.0172662,0.130046,-0.00490304,0.0181169,-0.30316,-0.0353219,0.0122303,0.0352297,0.0741731,0.0107826],[-0.275941,-0.297179,-0.486995,0.077243,-0.452308,-0.364211,-0.134052,-0.0444542,-0.0588742,-0.0908847,-0.160896,0.101682,-2.32321,-0.0671363,-0.0140545,-1.83493,0.0330563,-0.0830283,-1.13307,-0.310924,0.00633296]],"sigmahat":[[0.340735,0.339734,0.373514,-0.034095,0.672572,0.98484,0.061911,-0.0202487,0.0337234,0.0447543,0.0555671,0.0373974,2.82838,0.0357168,-0.0349387,1.25676,-0.0106962,0.00996571,0.785597,0.195951,0.0221991],[0.339734,0.870663,0.325308,-0.016972,0.230019,1.05894,0.0398974,-0.0720615,0.0476865,0.0643868,0.0845242,0.149913,3.96999,0.0886385,-0.0073518,1.73973,-0.125976,0.0200101,1.51384,0.236103,0.041772],[0.373514,0.325308,2.03141,0.240892,0.278431,1.42583,0.0605934,0.00664482,0.0273118,0.031937,0.0412632,0.128575,1.82483,0.0397021,-0.0455775,1.59963,0.0348282,-0.00912673,0.571661,0.17969,-0.00141959],[-0.034095,-0.016972,0.240892,0.438482,-0.225836,-0.221826,-0.020253,0.0308812,-0.0166079,-0.0215472,-0.0300385,0.089306,-1.38641,0.000261377,0.0161484,-0.0988455,0.111854,-0.0171407,-0.168466,-0.0878667,-0.0240738],[0.672572,0.230019,0.278431,-0.225836,4.33592,2.83116,0.192225,-0.106869,0.0478861,0.0490237,0.0577528,0.0350637,5.66277,0.0180003,-0.0837264,2.17576,0.0921433,-0.0176112,1.54332,0.302095,0.0563811],[0.98484,1.05894,1.42583,-0.221826,2.83116,6.48071,0.247184,-0.074282,0.187877,0.216973,0.0913569,-0.0563297,14.3927,0.121081,-0.163592,5.49101,0.0831631,-0.0946192,2.70264,0.709836,0.146797],[0.061911,0.0398974,0.0605934,-0.020253,0.192225,0.247184,0.108795,0.0284177,0.0128596,0.0144309,0.0218469,-0.103324,1.78503,0.0278751,0.000692807,0.265842,0.0911176,0.00309729,0.30779,0.105509,0.00421994],[-0.0202487,-0.0720615,0.00664482,0.0308812,-0.106869,-0.074282,0.0284177,0.0893791,-0.000491468,-0.0017513,-0.00858739,-0.0646574,-0.379267,-0.00434304,0.00115258,-0.0449389,0.0722811,-0.00282344,-0.0582549,0.0312765,-0.00703534],[0.0337234,0.0476865,0.0273118,-0.0166079,0.0478861,0.187877,0.0128596,-0.000491468,0.0262681,0.0254047,0.0178327,-0.0067835,0.783585,0.0141193,-0.00241836,0.318275,0.0135044,0.00816255,0.125952,0.0503414,0.0197594],[0.0447543,0.0643868,0.031937,-0.0215472,0.0490237,0.216973,0.0144309,-0.0017513,0.0254047,0.0298894,0.0201829,-0.00576184,0.947572,0.0146203,-0.0069156,0.397389,0.0130024,0.0069782,0.135748,0.0676911,0.0214869],[0.0555671,0.0845242,0.0412632,-0.0300385,0.0577528,0.0913569,0.0218469,-0.00858739,0.0178327,0.0201829,0.0766231,-0.00780136,0.958999,0.0462794,0.0238389,0.3238,-0.0336164,0.0659244,0.127198,0.104133,0.0145259],[0.0373974,0.149913,0.128575,0.089306,0.0350637,-0.0563297,-0.103324,-0.0646574,-0.0067835,-0.00576184,-0.00780136,0.740858,-1.86561,-0.00875344,0.00308245,0.0623779,-0.022347,-0.000992751,-0.0734228,-0.130559,-0.019376],[2.82838,3.96999,1.82483,-1.38641,5.66277,14.3927,1.78503,-0.379267,0.783585,0.947572,0.958999,-1.86561,139.589,1.22018,-0.571046,31.9778,0.719582,-0.135086,16.4531,4.39449,0.863073],[0.0357168,0.0886385,0.0397021,0.000261377,0.0180003,0.121081,0.0278751,-0.00434304,0.0141193,0.0146203,0.0462794,-0.00875344,1.22018,0.074312,0.041695,0.405395,-0.0151091,0.0324225,0.233431,0.0744425,0.0163761],[-0.0349387,-0.0073518,-0.0455775,0.0161484,-0.0837264,-0.163592,0.000692807,0.00115258,-0.00241836,-0.0069156,0.0238389,0.00308245,-0.571046,0.041695,0.073032,-0.486742,-0.010118,0.0333803,-0.0200504,0.0142995,-0.00136822],[1.25676,1.73973,1.59963,-0.0988455,2.17576,5.49101,0.265842,-0.0449389,0.318275,0.397389,0.3238,0.0623779,31.9778,0.405395,-0.486742,21.0464,-0.101376,-0.0974571,5.75739,1.42533,0.351511],[-0.0106962,-0.125976,0.0348282,0.111854,0.0921433,0.0831631,0.0911176,0.0722811,0.0135044,0.0130024,-0.0336164,-0.022347,0.719582,-0.0151091,-0.010118,-0.101376,0.86714,-0.0465465,0.392848,0.0803028,-0.0120149],[0.00996571,0.0200101,-0.00912673,-0.0171407,-0.0176112,-0.0946192,0.00309729,-0.00282344,0.00816255,0.0069782,0.0659244,-0.000992751,-0.135086,0.0324225,0.0333803,-0.0974571,-0.0465465,0.0906892,-0.049197,0.0615002,0.00759779],[0.785597,1.51384,0.571661,-0.168466,1.54332,2.70264,0.30779,-0.0582549,0.125952,0.135748,0.127198,-0.0734228,16.4531,0.233431,-0.0200504,5.75739,0.392848,-0.049197,9.80248,0.574576,0.156792],[0.195951,0.236103,0.17969,-0.0878667,0.302095,0.709836,0.105509,0.0312765,0.0503414,0.0676911,0.104133,-0.130559,4.39449,0.0744425,0.0142995,1.42533,0.0803028,0.0615002,0.574576,0.985114,0.0510639],[0.0221991,0.041772,-0.00141959,-0.0240738,0.0563811,0.146797,0.00421994,-0.00703534,0.0197594,0.0214869,0.0145259,-0.019376,0.863073,0.0163761,-0.00136822,0.351511,-0.0120149,0.00759779,0.156792,0.0510639,0.060724]],"n":21,"lags":3}