{"betahat":[[0.2924,0.0816704,2.23404,-0.884923,-1.15824,-4.48015,0.394587,3.40784,0.227985,-0.556075,-0.773101,19.2716,0.0944076,-0.274927,7.02086,4.37981,1.10896,-0.0811646],[0.830008,-0.0501042,0.211535,-0.278341,0.216701,0.162687,0.0484786,0.0335133,0.0134185,0.108817,0.11196,1.0246,0.0161941,0.0348699,-0.0271806,0.0207212,-0.011838,0.0119325],[-0.00632738,0.903414,0.51782,0.118481,0.0379519,0.30697,0.0226428,-0.0812477,0.0171544,-0.0322977,-0.333315,-0.433357,-0.0199275,-0.0114258,-0.239937,-0.155062,0.0152156,0.00692856],[0.0175984,0.0179255,0.844646,-0.0209079,-0.0516391,0.0761647,0.00635504,-0.0100027,0.0114353,0.0246218,-0.0783966,0.103184,0.0143365,0.000440378,0.127751,0.00366023,-0.00644971,0.00210318],[-0.0166351,-0.0101977,-0.231687,0.66113,0.172088,-0.139887,-0.0396181,-0.0627639,-0.0190739,-0.00399295,0.17469,0.520821,-0.00535852,-0.00474388,0.0186129,-0.0359061,0.00603102,0.000723956],[0.0344723,0.0508476,0.0245731,0.0785021,0.716394,0.064743,-0.000303718,-0.0120797,0.0025477,0.0260105,0.0215197,0.677991,0.00701174,0.00644231,-0.113977,-0.00536528,0.0670279,-0.00117526],[0.06918,0.0660306,0.118564,-0.00755502,0.209339,0.846829,-0.00343887,-0.00608363,-0.0111253,-0.0246157,0.101582,-0.414304,-0.0100073,-0.00606084,0.038641,-0.00017491,0.00217406,-0.00616241],[0.0518217,-0.0174712,-0.0302729,-0.194868,0.354434,-0.289223,0.956749,-0.57362,0.153815,0.00482829,0.0238011,-0.0445789,0.0270006,0.0179158,-0.577108,-0.00747213,-0.278085,0.0299252],[-0.0190536,0.0624472,0.0899045,0.0646667,-0.223803,0.268171,0.0430116,0.563097,-0.105878,-0.015998,0.328579,1.78945,-0.0124087,0.00394526,-0.0246324,0.15985,-0.00757588,-0.00877599],[-0.0780708,-0.0722796,-0.573958,-0.158873,-0.162679,-0.602922,0.183789,0.0476178,1.08216,-0.0993281,0.0965949,-0.183864,-0.0064739,0.0153104,-0.56171,-0.222573,-0.130358,0.0354209],[-0.111948,-0.176064,-0.25042,0.185552,-0.0121014,0.105794,0.0780471,0.00744646,0.157099,0.994509,0.157657,0.384645,-0.0488184,-0.0511597,0.205909,-0.0420933,0.0911501,-0.0173848],[0.00649735,0.00213372,0.092664,0.0395854,-0.00546959,0.021828,-0.0415193,-0.0356068,0.00484894,-0.00675814,1.07347,0.167397,-0.00304836,-0.00854325,0.0939884,-0.016052,0.014622,0.00279424],[-0.000843502,0.00153593,-0.03418,-0.00430936,-0.019408,0.0479664,-0.00847263,-0.00300082,-0.00081134,0.0035321,-0.00991322,0.959796,-0.0014135,0.00229447,-0.0760874,-0.0163909,-0.00586865,-0.00112243],[0.103946,0.0922458,1.73642,-0.834251,0.752046,0.373394,0.00297178,0.0735834,-0.0447061,-0.223664,0.159051,-3.10018,1.03373,0.0108138,0.598122,1.01782,-0.411027,0.215539],[0.312893,-0.105561,0.880058,0.597865,0.77283,0.337419,0.0856516,0.184839,0.002844,0.117278,-2.15506,-4.83013,0.0157029,0.994046,-2.36776,-0.839865,-0.412001,-0.011196],[0.0179403,-0.00163404,-0.0368508,0.0473736,0.0582993,0.0318604,-0.0123119,-0.0167349,-0.00203579,0.0124186,-0.0294306,0.0192884,0.00718929,-0.000247553,1.13406,0.0269402,0.00276405,0.00541102],[0.101159,0.0926615,0.242173,0.170766,0.203254,0.264033,0.0736169,-0.0217157,0.00955819,0.0353698,0.0868234,0.155137,-0.00421233,-0.021348,0.289159,0.573647,-0.045337,0.0345121],[-0.0573412,-0.0601926,-0.344543,-0.0909081,-0.162425,0.707975,0.262669,0.282916,0.103153,0.113773,0.0402267,1.21782,0.0406381,0.0405949,0.270875,0.266452,0.555772,0.00846081],[0.0919918,-0.0179135,0.232196,-0.0830747,1.02195,-0.546323,0.199641,0.356609,0.230771,-0.232817,2.06877,-0.416172,-0.105054,-0.103331,2.44196,-0.23914,0.752851,1.07871],[0.0333644,-0.0854089,-0.0955665,0.291015,-0.19797,-0.13914,-0.0199587,-0.122331,0.0390939,-0.0491992,0.104568,-0.82483,0.00462539,0.00858687,-0.364672,-0.300536,0.0950902,-0.000513843],[-0.024872,0.0308651,-0.361248,0.132255,0.074033,-0.194405,-0.00366574,-0.00239437,-0.0143777,0.0229683,0.485856,1.19003,0.0324155,0.0304827,0.172133,0.00418254,0.0861732,-0.011111],[-0.0424532,-0.0293125,0.0333191,-0.000521482,-0.0157606,-0.0305423,-0.0083885,0.00253753,0.00308778,-0.00646315,-0.00581576,-0.329912,-0.0136172,-0.000535775,-0.159894,-0.0193717,-0.023527,-0.00369458],[0.0143678,0.0129411,0.225273,0.159322,-0.0721728,0.10181,0.0115652,0.0147403,0.0149229,0.0169293,-0.226587,-0.760009,0.00724387,0.0150166,-0.140877,-0.0212283,-0.0286487,0.00086994],[-0.0560829,-0.0644792,0.0118934,-0.144357,0.0425961,-0.140466,0.0083779,-0.00769783,0.0135464,-0.0265747,0.102268,-0.424943,-0.00577848,-0.0119482,0.168277,0.026456,-0.045113,0.00337549],[-0.0396139,-0.0407602,-0.00897018,0.026073,-0.0635853,0.144733,-0.000427909,-0.00887422,0.0190702,0.0279687,-0.0880893,0.378639,0.00786109,0.00386936,-0.0199238,0.0431076,0.00149409,0.00483497],[-0.0283249,-0.000176686,0.203318,-0.129933,-0.185858,0.437536,-0.0995061,0.209791,-0.0345386,-0.00351401,-0.587428,-1.40981,-0.0282422,-0.0154894,0.116733,-0.0152499,0.109066,-0.011798],[0.0712372,0.0705539,0.0534913,0.0534368,0.23899,-0.138723,-0.0318145,0.439054,0.0338777,-0.0442154,0.0459199,-0.381603,-0.0257953,-0.0466004,0.117703,-0.0785136,0.049404,-0.00169568],[-0.130189,-0.156895,-0.112218,0.319475,-0.0849285,-0.287958,0.00663775,0.140649,-0.121017,0.0348414,0.635884,0.82606,0.0248878,-0.00291298,0.543208,0.184885,0.0883761,-0.0226744],[0.0168619,0.19133,-0.00994641,-0.103062,-0.239821,-0.173186,-0.0128136,0.0295149,-0.0875676,-0.0246063,0.0679815,-2.17005,-0.00556538,0.0271375,-0.649503,-0.217726,0.0268215,-0.0188872],[-0.0284456,-0.014004,-0.0632583,-0.0970974,-0.0345782,0.0727916,0.0131913,0.0105345,-0.00907471,0.0109533,-0.138172,-0.20152,0.0013323,0.00864616,-0.070891,-0.0119559,-0.025991,0.00081461],[-0.00557611,-0.00290203,0.0376486,-0.0158898,-0.00471655,-0.0240362,0.00354404,0.00302515,0.00225154,-0.00318632,-0.00271689,-0.0783143,0.000138929,0.000233025,-0.0101262,-0.000178226,-0.00310374,-0.000906047],[-0.257961,-0.350621,-0.932244,0.829239,-1.04617,-0.698288,-0.192141,-0.144872,-0.077403,0.149566,-0.984999,-0.972162,-0.118601,-0.0693755,-1.01148,-0.642148,0.0216554,-0.144841],[-0.186083,-0.075408,-0.493499,-0.384752,-0.518287,-0.286224,-0.189653,-0.28053,-0.11643,-0.160753,0.781631,4.15253,-0.0354066,-0.000159561,2.09467,0.951746,0.0729292,0.0296895],[-0.0191026,0.00584973,0.015755,-0.0177133,-0.0329398,-0.00439238,0.00325547,0.00251004,0.00322916,-0.0112335,0.0122686,-0.129332,-0.00939727,0.00152026,-0.173764,-0.0326756,-0.0110198,-0.00555278],[0.0360667,0.045444,-0.143835,0.102615,0.0155461,0.119575,0.0150282,-0.0136333,0.0187625,-0.0248991,-0.367067,0.450374,0.0239798,0.0536186,-0.27349,0.00370417,0.110457,0.00179481],[0.0772338,0.171833,-0.120365,-0.291494,0.0607365,0.0224531,-0.0333296,-0.125758,0.0423681,0.0751048,-0.223637,1.17404,0.0155992,0.0192932,-0.177982,-0.00849998,0.0854844,0.0241227],[-0.117078,-0.0305049,0.203116,-0.00678117,-0.458131,0.442109,-0.111623,-0.0380164,-0.230138,0.0438247,-1.11498,-0.983959,-0.000761425,0.0170984,-0.414163,0.209736,-0.560462,-0.062284],[0.136596,0.135495,-0.116145,-0.0126428,-0.0187581,-0.0235862,-0.0285107,0.0887868,-0.0525182,-0.0596035,-0.216509,-0.200005,-0.0208202,-0.0434616,0.391911,0.279742,-0.0832407,-0.011413],[0.0311736,0.0657008,-0.156748,-0.250688,-0.111986,-0.112613,-0.0189665,0.0836017,-0.00278446,0.00934895,-0.152495,-0.756826,-0.0124849,-0.0190646,0.0679983,0.150816,-0.101363,0.00419228],[0.0247917,0.0113289,0.121551,0.0214267,0.0673801,-0.045712,0.00205439,0.00741265,-0.0145139,-0.0181387,0.0841973,0.226265,-0.000731713,8.98455e-05,0.0319393,0.0155988,0.0299336,0.00159132],[0.00221788,-0.00276947,0.00613875,0.179524,-0.0999584,0.0379843,0.02807,0.0479792,0.00414115,-0.0129098,0.0519583,0.238985,-0.00188301,-0.010284,0.122486,0.0570302,0.0226594,-0.00158252],[0.0215709,0.01361,-0.0366451,0.0658576,0.240836,0.075681,-0.00807208,0.0197413,-0.0160946,0.000574253,-0.123802,-0.253552,-0.00123815,0.00550673,-0.0544578,-0.021191,-0.0219433,-0.00220101],[-0.0296167,-0.0253249,-0.109942,-0.0184613,-0.145772,0.00830542,0.00387898,0.01487,-0.00794507,-0.00332953,-0.0134525,0.0349103,0.00214145,0.00217624,-0.0185767,-0.0430491,-0.00368975,0.00133759],[-0.024103,0.0168555,-0.175934,0.325659,-0.167088,-0.148555,0.142778,0.362938,-0.119527,-0.00102149,0.565254,1.45569,0.00131036,-0.00274772,0.467232,0.0221621,0.169424,-0.0178823],[0.0493758,0.0249631,0.0725686,-0.11924,0.132024,-0.0651883,-0.0457721,-0.10256,0.036214,0.0362254,-0.228819,-0.356465,0.0471092,0.0354087,0.142273,-0.0203566,0.0945296,0.00946856],[0.0836713,0.0880077,0.225134,-0.108895,0.238757,0.500866,-0.0881037,-0.120812,-0.0813009,0.0415338,-0.328658,0.209609,0.0231176,0.0106862,0.0655918,-0.0640608,0.0179286,-0.0185209],[0.0644347,-0.00590348,0.285298,-0.0965703,0.248055,0.106475,-0.0093753,-0.0504852,-0.0410995,-0.019499,0.00601925,1.24982,0.0541799,0.0302783,0.25473,0.236256,-0.0259346,0.0359461],[0.0224068,0.0119679,-0.0273959,0.0587559,0.0401128,-0.0920504,0.0275278,0.0244606,0.00396979,-0.0044613,0.0605029,0.0206744,0.00146599,3.01171e-05,-0.0280871,0.0269573,0.00994044,-0.00379948],[0.00649372,0.0017575,-0.00204318,0.0221388,0.0186711,-0.0198609,0.00387904,-0.00112858,-0.00193033,-0.000469224,0.00523951,0.0672864,0.000956635,-0.00209801,0.0740577,0.0127519,0.00626515,0.00185983],[0.219843,0.219897,-0.429481,-0.0682322,0.357045,0.543213,0.136639,0.14287,0.111207,0.0412868,1.0437,3.90836,0.0178374,0.0148068,0.725069,0.00546638,0.287312,-0.0519477],[-0.0206417,0.157485,-0.204388,-0.118295,-0.0176689,0.0506538,0.105373,0.149744,0.12082,-0.00549809,1.67275,0.737853,-0.0165696,-0.0517046,0.128482,0.00960404,0.18222,-0.0395205],[0.000410521,-0.0045149,0.01812,-0.0285698,-0.0263352,-0.0284129,0.00954168,0.0137287,-0.00107306,-0.000384597,0.0156461,0.106802,0.00230976,-0.00118177,0.0406103,0.00403017,0.00958921,0.000264813],[-0.0270077,-0.0506687,0.1034,-0.0471536,0.0389022,0.0633684,-0.0262169,-0.00206582,-0.00782032,0.00882578,0.0810784,-0.208559,-0.00575813,0.00872799,-0.296008,0.00488757,-0.0789579,0.000290179],[0.0528406,0.051885,-0.0151358,0.1463,0.094196,0.0098715,-0.0194933,-0.052995,0.0167692,0.0409915,-0.366302,-0.748987,0.00653701,0.014584,-0.27347,-0.0274734,0.0749858,0.0159743],[0.0695586,0.185842,-0.127026,0.105968,-0.844261,0.382008,-0.0954352,-0.331986,0.0290393,0.294696,-1.08868,0.364901,0.0623772,0.111208,-2.12721,-0.168554,-0.116655,-0.0830737]],"sigmahat":[[0.491757,0.240134,0.792723,0.480663,0.987595,0.30244,2.20928e-05,-0.0488366,-0.0328905,-0.0367384,0.178043,2.42242,0.0271956,-0.0453123,1.11609,0.307543,0.101585,0.0195919],[0.240134,0.439388,0.443405,0.111563,0.139824,0.318518,0.0442744,0.10155,-0.0310257,0.010397,-0.253623,0.358842,0.00192975,0.00499845,-0.00488304,0.0199551,0.207633,-0.0259877],[0.792723,0.443405,7.48686,1.07725,1.15368,1.29879,-0.297582,-0.143779,-0.167807,-0.261714,-0.349121,1.43327,0.088174,-0.0372293,2.49617,0.858975,0.333702,0.0295905],[0.480663,0.111563,1.07725,4.70641,1.47658,0.693472,-0.0611487,0.202946,-0.180057,-0.196219,0.0525377,0.745063,-0.029634,-0.0544072,0.047089,-0.251682,0.0724582,-0.0474926],[0.987595,0.139824,1.15368,1.47658,7.98553,1.01248,-0.186373,-0.358512,-0.0303734,-0.308141,1.50146,11.763,0.036476,-0.214354,4.98139,1.54372,0.0781886,0.14835],[0.30244,0.318518,1.29879,0.693472,1.01248,5.45363,-0.221985,-0.341933,0.0895067,0.0563476,-3.15617,-3.82599,-0.0297976,0.156701,-3.21511,-0.477556,-0.746304,0.0292295],[2.20928e-05,0.0442744,-0.297582,-0.0611487,-0.186373,-0.221985,0.273674,0.26542,0.0190574,0.0684329,0.25956,0.766199,0.0101744,0.0017907,0.0810922,-0.0191149,0.19309,-0.000136785],[-0.0488366,0.10155,-0.143779,0.202946,-0.358512,-0.341933,0.26542,0.756067,-0.0490999,0.0123883,0.209386,0.0408817,-0.0309843,-0.0314411,0.213434,-0.0573466,0.253876,-0.0320119],[-0.0328905,-0.0310257,-0.167807,-0.180057,-0.0303734,0.0895067,0.0190574,-0.0490999,0.132444,0.0664439,-0.0313776,-0.249746,0.0114324,0.0201892,-0.365185,-0.00425724,-0.059593,0.0107454],[-0.0367384,0.010397,-0.261714,-0.196219,-0.308141,0.0563476,0.0684329,0.0123883,0.0664439,0.25604,-0.585223,-0.290445,0.054123,0.070432,-0.376924,-0.0971311,0.0527199,0.00184622],[0.178043,-0.253623,-0.349121,0.0525377,1.50146,-3.15617,0.25956,0.209386,-0.0313776,-0.585223,11.3963,21.0812,0.103906,-0.267824,6.8024,1.7467,0.691623,0.069892],[2.42242,0.358842,1.43327,0.745063,11.763,-3.82599,0.766199,0.0408817,-0.249746,-0.290445,21.0812,123.662,1.16299,-0.766835,36.5066,7.8953,4.76708,0.567363],[0.0271956,0.00192975,0.088174,-0.029634,0.036476,-0.0297976,0.0101744,-0.0309843,0.0114324,0.054123,0.103906,1.16299,0.0634617,0.0293354,0.41552,0.082974,0.0548999,0.0188243],[-0.0453123,0.00499845,-0.0372293,-0.0544072,-0.214354,0.156701,0.0017907,-0.0314411,0.0201892,0.070432,-0.267824,-0.766835,0.0293354,0.0722926,-0.639497,-0.125007,-0.0128811,-0.00204474],[1.11609,-0.00488304,2.49617,0.047089,4.98139,-3.21511,0.0810922,0.213434,-0.365185,-0.376924,6.8024,36.5066,0.41552,-0.639497,22.9325,4.44995,1.79297,0.36187],[0.307543,0.0199551,0.858975,-0.251682,1.54372,-0.477556,-0.0191149,-0.0573466,-0.00425724,-0.0971311,1.7467,7.8953,0.082974,-0.125007,4.44995,2.08006,0.181178,0.100114],[0.101585,0.207633,0.333702,0.0724582,0.0781886,-0.746304,0.19309,0.253876,-0.059593,0.0527199,0.691623,4.76708,0.0548999,-0.0128811,1.79297,0.181178,0.973287,-0.0166552],[0.0195919,-0.0259877,0.0295905,-0.0474926,0.14835,0.0292295,-0.000136785,-0.0320119,0.0107454,0.00184622,0.069892,0.567363,0.0188243,-0.00204474,0.36187,0.100114,-0.0166552,0.0311874]],"n":18,"lags":3}