{"betahat":[[0.0630593,0.138684,-0.0925495,-0.0940552,0.0172369,0.115979,0.0601551,-0.016139,-0.0124338,0.00803559,-0.0183707,0.647768,0.0569009,-0.808963,0.00952417,-0.00168427,-0.234755,4.25166,-0.0269683,-0.184665,-0.0918176,0.0145004],[0.0226387,0.0466362,0.115344,-0.0864577,0.0226425,0.292197,0.0322542,-0.00642868,0.0361104,0.0493036,0.0678035,0.0153084,-0.0622126,0.617474,0.00432128,0.0121301,-0.318171,0.060346,0.0427019,-0.214739,0.0464537,0.00240561],[-0.0509766,0.0213972,0.00404582,-0.0932117,-0.245494,0.0560424,0.0552848,0.0647776,0.00804665,-0.000394538,0.0208096,-0.0335151,-0.395302,-1.08465,-0.0129768,0.00694764,0.0259465,0.0987575,0.00390223,-0.0736057,0.0299373,-0.00579782],[0.0241746,0.00162522,0.165983,0.036471,0.0366429,0.0925323,-0.00819905,-0.0331181,0.0120644,0.0110295,0.0111201,0.0229081,0.0202877,0.435867,0.0119029,0.00289019,0.036002,0.0456127,0.0186209,0.0141868,0.0166167,0.00754336],[-0.0210691,-0.0556179,-0.0372742,-0.0194137,0.0778868,-0.0456249,-0.0350412,-0.0308094,-0.00253403,0.00324017,-0.00246217,0.0731977,0.120241,0.693882,0.00916038,0.00687539,-0.0687156,-0.00613149,-0.0104805,-0.0448856,0.0283079,-0.000123105],[0.049652,0.0534546,0.0215017,0.0521848,0.0731966,0.0976016,0.00289158,-0.0270187,0.000340442,-0.000123077,0.0131102,0.0145139,0.0505678,0.56759,0.000595858,-0.00122224,-0.0850632,0.0306126,-0.00605453,-0.0010718,0.0324246,0.00448827],[0.0256529,0.0308952,0.102815,-0.0128185,0.0630995,0.139387,0.00403976,-0.0093794,0.0157935,0.0158427,0.00564811,0.0144343,-0.185259,-0.142581,-0.00298401,0.0092111,-0.237487,0.0441968,0.0258514,-0.0840891,0.00441843,-0.00285123],[-0.148071,-0.107142,-0.551439,-0.100602,-0.512839,-0.427489,0.13173,-0.0512231,0.0469363,0.0563511,-0.00338408,-0.0364602,0.376916,-1.81024,-0.0228388,-0.00163559,-0.939201,0.0216089,0.0561684,-0.0229725,-0.271437,-0.0170567],[-0.00246835,0.0163715,-0.0552981,0.024174,-0.0490527,-0.0533376,0.0421455,0.132198,-0.0517888,-0.0376992,-0.00293121,-0.215172,-0.3638,1.26235,-0.01224,-0.010203,0.582964,0.116442,-0.0597706,0.0902317,0.0861889,-0.0289472],[-0.0128377,-0.0254075,-0.0556158,-0.0396304,0.0763912,0.0127027,0.0239395,-0.0378361,0.0775384,0.0747096,0.00243615,-0.0333937,0.0431604,-0.00883484,-0.00313495,0.00754787,-1.00695,0.0615189,0.0989451,-0.164938,-0.0826514,0.0106789],[-0.0285643,-0.0452942,-0.0220557,-0.0296091,0.0885252,0.0438795,0.0153312,-0.0627982,0.0927199,0.0946261,-0.0102058,-0.0289214,0.115284,-0.506564,-0.00798776,0.00999541,-1.32588,0.0298324,0.113282,-0.247338,-0.076067,0.0051275],[-0.00723958,-0.0291446,0.0103958,-0.0389506,-0.0241288,0.100126,0.0137967,0.00940459,0.0480295,0.0421417,0.0329693,-0.0398817,-0.237757,0.155061,0.0030232,0.0111892,-0.642464,0.0162458,0.0683461,-0.0761477,-0.0356572,-0.000220871],[0.00496175,-0.00800552,0.0202246,0.0281011,0.0106932,0.0322653,-0.00496664,-0.0320739,-0.000715075,0.00157533,0.00252644,0.282793,0.232416,-0.33664,0.00138157,1.66749e-05,0.0225331,0.278669,-0.00010661,-0.0329075,-0.0243406,-0.0145317],[8.2902e-05,-0.00167057,-0.00182976,-0.000358725,0.00364958,0.00585313,-0.00179429,-0.0110003,-0.000405876,0.000477276,-0.000997007,0.0453363,0.304916,0.375935,-0.000335814,-0.0011331,-0.0772986,-0.021949,-0.000679105,-0.00517905,-0.00563595,-0.00291196],[0.000556618,-0.00027943,0.00184101,0.00172758,0.00184914,0.00611347,-0.000967292,-0.000553428,0.000667754,0.000541263,0.000683135,-0.00247926,0.0316475,0.149902,0.000427197,0.000285698,-0.00990038,0.00257871,0.000649683,-0.00124248,0.00189279,0.000581541],[-0.00751161,-0.0820291,0.129091,-0.00541587,0.116301,0.244691,-0.0367543,-0.0511034,0.048375,0.0503987,0.0188941,0.139591,0.0359902,-0.377921,0.0326422,0.0232919,-0.3497,-0.119397,0.0491302,-0.0433967,-0.154421,0.0334108],[-0.0133519,-0.1154,0.230851,0.0214589,0.170036,0.0343399,-0.0110351,0.00172592,0.039226,0.0339583,0.0014647,0.0317991,-0.497834,-0.687513,0.0136552,0.0307139,-1.18983,-0.125528,0.0568342,-0.0848329,-0.154196,0.00111181],[0.00293214,0.0056717,-0.00288319,-8.4185e-05,0.000732173,0.0117763,-0.00165943,0.00245812,-0.00275558,-0.00261451,5.07976e-05,0.00212027,-0.0524987,-0.0289387,-0.000243473,-0.00119525,0.159961,0.0286226,-0.00351808,0.00193859,0.00770217,0.00288093],[-0.00127175,0.00232628,-0.00443454,-0.0112947,0.00109575,-0.0168116,0.00209547,0.00670339,0.000644716,-7.54138e-05,0.000184311,0.137432,-0.114959,0.100011,-0.001734,-0.00170654,0.235657,0.597457,-0.000404956,0.00432999,0.00941214,0.00375741],[-0.000388257,-0.0247099,-0.0147158,0.0543118,0.0981778,0.0118185,0.00622948,-0.0503797,0.0477612,0.054651,-0.0101299,-0.0555253,-0.0471771,0.229843,-0.00340103,0.00627032,-0.758463,-0.0457228,0.070493,-0.0586128,-0.0202993,0.0102189],[-0.0155651,-0.0548999,0.0533299,0.0438128,-0.031684,0.00560976,-0.026407,-0.0222111,-0.00555487,0.00478365,-0.00449026,0.0227155,0.0673129,0.838407,0.0119855,-0.00676777,0.556257,-0.0114905,0.00425034,0.123932,0.0426585,0.022674],[0.00802134,-0.037746,0.083014,0.0444957,0.118454,0.260065,-0.011843,0.0567081,0.0406992,0.0306294,0.019826,-0.168935,-0.144754,2.70254,0.0145411,0.0100605,0.636274,0.162107,0.044248,-0.0257283,0.149095,0.0206864],[-0.00592731,-0.160005,0.260607,0.238234,0.163757,0.0433842,-0.014716,-0.317021,0.139095,0.189516,-0.00642852,-1.32802,-0.946914,3.66927,0.0668057,0.0329901,5.78249,1.06451,0.161722,0.303356,0.104526,0.669924],[-0.0203079,-0.01333,-0.0298762,-0.0358102,-0.0228399,0.046739,0.0202601,-0.00941562,0.0282858,0.0199113,0.0188146,0.00457482,0.0103517,-0.129887,-9.76563e-05,0.00692807,-0.217708,0.0297046,0.0216809,-0.120942,0.00268765,-0.001484],[-0.0265408,-0.0208226,-0.0650511,-0.0221459,-0.0530525,-0.0300233,0.0203188,0.0168807,0.00466326,-0.000867052,0.0115863,-0.0241784,-0.0575037,0.0372616,-0.000124289,0.00360808,0.00534329,0.0154667,0.00476352,-0.0157644,0.00257536,0.000507943],[0.00236406,0.000991913,0.00439691,-0.0139321,0.016261,0.00285653,-0.00349715,-0.0181556,0.00838896,0.00600007,0.00426287,0.0144775,0.0263424,0.0135615,0.00170034,-5.92942e-06,-0.0279586,0.0213545,0.0070799,-0.010052,-0.00420147,0.00218216],[-0.000741339,-0.00649654,0.0240674,-0.0320602,0.0184983,0.0263118,-0.0105273,-0.00484251,0.00322478,0.00291542,0.00320179,0.00106259,-0.0450858,-0.0996445,0.00187516,0.00325787,-0.0417619,-0.0140129,-0.000770801,-0.0262655,-0.00322081,-0.000656653],[-0.000214541,0.0046678,0.00952419,-0.0268932,-0.0214295,0.00569768,0.0070605,-0.0063579,0.00597615,0.00304602,0.00119158,-0.00100035,0.0281523,-0.0171905,-0.000576145,-0.000372093,-0.0558175,-0.00938414,0.00278715,-0.014372,-0.00407371,-5.26513e-05],[-0.000340395,-0.00203374,0.0278631,0.00556325,0.00439383,-0.00134716,0.00450421,-0.00301652,0.0077065,0.00454205,0.00297841,-0.000123025,-0.0497674,-0.0871186,-0.000464657,0.00254523,-0.0915334,0.000832537,0.00659674,-0.0180351,-0.00155657,-0.000824573],[-0.0346731,-0.0224808,-0.0970623,-0.0512521,-0.116154,-0.0465702,-0.0213545,0.0204718,0.00360926,0.00387867,-0.00707269,-0.0809724,-0.116535,-0.339179,-0.00685528,-0.00212695,-0.0122816,0.0184477,0.0103057,-0.0270366,-0.021479,-0.000923245],[0.00682484,0.0184763,-0.00166514,0.00598181,0.01174,0.025888,-0.00967711,0.0531289,-0.01019,-0.0123639,-0.00303354,-0.0687341,-0.171665,0.476716,-0.00804373,-0.00690277,0.150391,0.0620405,-0.00407362,-0.0296966,0.028928,-0.00584186],[-0.00235625,-0.00274898,-0.0147645,0.0030418,0.0155857,-0.0342692,0.00632967,-0.0130433,0.00405657,0.00471659,-0.00366024,0.000367144,0.0489314,0.00516067,5.98521e-05,-0.000458859,-0.158987,-0.0309224,0.00689351,-0.0096619,-0.0193534,0.00231111],[-0.00160649,-0.00538773,-0.0321603,-0.00760101,0.05129,-0.0154691,0.00447147,-0.0144929,0.00960312,0.0101575,-0.00597032,-0.0225518,0.141659,0.13329,-0.00115122,0.000195992,-0.252356,0.000844136,0.0135694,-0.0252018,-0.0259204,0.00179296],[-8.34107e-06,-0.00288508,0.00811545,0.00242318,-0.00563732,-0.0128668,0.00549771,-0.0016336,0.00650189,0.0093533,-0.000385203,-0.0206951,-0.0344472,-0.117129,-0.00236476,-0.000260944,-0.107596,-0.0440346,0.0112695,-0.0088622,-0.004345,0.00176521],[0.000676893,4.91573e-05,0.00586196,0.00271027,0.00486827,0.00654486,-0.00121176,-0.00588431,0.000143316,0.000340101,0.000426809,0.0750293,0.0434086,-0.100079,0.000538513,0.000270534,0.0198021,0.0801558,0.000397019,-0.00247804,-0.00345995,-0.00292141],[-0.000697781,-0.000518537,-0.000653923,-0.000794355,0.000640135,0.0050288,-0.000849207,-0.00239364,-0.000170422,-0.000201571,0.0002861,0.0123296,0.0606105,0.0592367,-0.000152238,0.000282911,-0.0232343,-0.00354036,-0.000428745,-0.00611639,-0.00221154,-0.00107486],[1.59056e-05,3.23517e-06,0.00120135,0.000167173,-0.000279751,0.00100689,-0.000130706,3.81535e-05,0.000156069,0.000124931,8.08346e-05,-0.000658078,0.00578375,0.0257567,5.51149e-05,0.000105256,-0.00343608,0.000552561,0.000113427,-0.00021349,0.000137893,9.61846e-05],[0.000509464,-0.0209699,0.0379742,0.00499871,0.0553961,0.0214261,-0.0257676,-0.0355614,0.00625881,0.00738116,-0.00361153,0.0432704,-0.0788974,-0.0949166,-0.000188623,0.00057456,-0.0487677,0.040948,-0.00204173,-0.0247703,-0.0194517,0.00434857],[0.00179573,-0.0147917,0.0314131,-0.0235494,0.0264438,-0.037944,-0.00535904,-0.0175487,0.000865509,0.000867607,-0.00299496,0.00335797,-0.129577,0.0949414,-8.19465e-05,0.000281635,-0.0975783,0.0490893,0.00117483,0.0216428,-0.0275261,0.00347166],[0.00066988,0.0014029,9.61347e-05,-7.18913e-05,0.00128721,0.00338381,-0.000443394,0.000555976,-0.000362374,-0.000471705,0.000102735,0.000306339,-0.018075,-0.0129165,-0.000219121,-5.7832e-05,0.0290254,0.00800423,-0.000410856,-0.00201823,0.00176727,0.000472906],[-0.000237093,8.41986e-05,-0.00208063,0.00112679,-0.00565722,-0.00161847,0.00181229,0.000264029,-5.22593e-05,-3.07638e-05,-0.000320406,0.0302634,-0.0337955,0.0559178,0.000319889,0.000755683,0.0327274,0.140452,0.000889909,0.000363865,0.000780337,0.000600664],[-0.00139548,-0.00652156,-0.0101677,0.0294195,0.0223877,-0.0167111,0.00111385,-0.0038401,0.0087405,0.0081813,-0.00367948,-0.0117798,0.0456665,0.237978,0.000477425,0.00136587,-0.183523,0.0044702,0.0119939,-0.0138696,0.00140227,0.00198259],[0.00232011,0.00136257,-0.00100419,0.0214488,0.00175906,0.0189221,-0.00560869,-0.00368603,0.00151791,0.00229665,-0.00150044,0.00734501,-0.000384401,0.0448006,0.000864299,0.000185518,0.0809774,0.00837247,0.00129073,-0.00162765,0.0173189,0.00230971],[0.0110643,0.0129549,0.0272667,-0.0377934,0.0332185,0.0793818,-0.0088966,-0.0160452,0.0147338,0.0100454,0.0111857,-0.0697086,-0.125342,0.679032,0.00134697,0.00311812,0.0769274,0.0120126,0.0144233,0.00130473,0.0190879,0.0110735],[-0.0125534,-0.0393831,0.00311664,-0.0243985,0.000529313,-0.0410118,0.00297093,-0.020748,0.000880981,0.0153701,-0.0132565,-0.182776,0.0953937,-0.48395,-0.00568296,0.00456977,0.574843,-0.00194669,-0.00834224,-0.263198,-0.116229,0.0784978],[0.00191572,0.0110525,-0.0129336,-0.0490058,-0.007225,0.0156487,0.00447075,-0.000789772,0.0113745,0.00733892,0.00186249,-0.0272993,-0.0275194,-0.15173,-0.00217604,-0.000285501,-0.10341,0.00179953,0.0109016,-0.00838586,-0.0242049,-0.00151928],[0.00429937,0.00609038,-0.0210126,-0.0115712,-0.0129439,-0.0262388,0.00119284,0.00985069,0.00510956,0.00315059,0.00474875,-0.0136191,-0.102612,-0.0233298,-0.000559786,-0.00101334,0.0640001,0.0114976,0.00740083,0.0359012,0.00425867,0.00169795],[0.000329988,-0.000489971,-0.00830567,-0.0128301,0.010506,-0.0140487,-0.00100719,-0.00741064,0.00483387,0.00316565,0.00106571,-0.00486029,0.0190041,-0.00909264,1.4409e-08,-0.000522225,-0.00946675,-0.00897615,0.00431346,-0.00698031,-0.00180034,0.000836229],[0.00481008,0.00449619,0.0115324,-0.0116158,0.0053533,0.00726367,-0.00264039,0.00237293,0.000390393,0.000646506,5.44307e-05,-0.0128236,-0.0312821,-0.0495316,-6.86991e-05,0.000194507,0.0135374,0.0005268,0.000790234,-0.00505558,0.00133178,-5.24365e-05],[-0.00244041,-0.000336314,-0.00469252,-0.0132019,-0.00739809,0.00436972,0.00350474,-0.00224755,0.00373343,0.00321211,0.00119702,-0.00394222,0.0138822,-0.0232255,-0.000338837,0.000552056,-0.0480006,-0.0115241,0.00254462,-0.0177067,-0.00820631,-4.90957e-05],[-0.00089855,0.000544453,-0.000419984,-0.00368572,-0.0110117,-0.0123879,0.00228782,-0.000354165,0.00323588,0.00170644,0.000362494,-0.00439845,-0.0208262,-0.0489,-0.000822571,-0.000264268,-0.0281343,0.00624136,0.00321228,-0.00652989,-0.00298699,2.95421e-05],[-0.00887803,0.00305134,-0.0829809,-0.00341194,-0.0327176,-0.0639484,0.00294421,0.0522494,-0.00939767,-0.00520476,-0.00570339,-0.0282785,-0.00354884,-0.0322344,-0.00354485,-0.00134796,0.0575914,0.0102929,-0.00626652,-0.0091499,0.0141357,-0.00686829],[0.0054972,0.00963412,0.0110714,0.000706867,0.00757659,0.012819,-0.0113669,0.0034073,-0.00263572,-0.00356467,-0.00133874,-0.0681626,-0.114143,0.205396,-0.0004676,0.000394582,0.0702321,0.0200044,-0.00424988,-0.00245863,0.0276675,-8.25373e-05],[-0.0052378,-0.00479123,-0.0216374,-0.0042331,-0.0030126,-0.0128074,0.00330018,-0.00659596,0.000165706,-4.32905e-05,-0.00152619,-0.00916028,0.0231106,-0.0882425,0.000980953,0.00139036,-0.119024,-0.0309627,0.00082279,-0.0126895,-0.0147187,-0.00130514],[-0.00485239,-0.000965168,-0.00704472,-0.0145641,0.00535358,-0.0168178,6.05207e-05,-0.00927178,-0.000470186,-0.000639883,-0.00315735,-0.0128532,0.0699356,0.0368462,0.000416781,0.00071247,-0.117787,-0.00947223,-0.00114259,-0.0113579,-0.00787116,-0.00188718],[0.00125251,0.000691108,0.00922802,0.00406699,-0.0064409,0.00066965,0.000922427,-0.00489877,0.00189692,0.00216093,-0.00229749,-0.011517,-0.020648,-0.00391699,0.000700538,0.000375294,-0.00552283,-0.0271669,0.00325188,0.00367014,0.00400444,0.00139643],[0.000331976,-0.0014358,0.00460237,0.00176566,0.00315329,0.00478004,-0.00101582,-0.00290083,0.000340462,0.00071022,0.000157592,0.0266356,0.0086022,-0.0569391,0.000379611,0.000386029,0.000163919,0.0324098,0.000618777,-0.00162304,-0.00313226,-0.000772673],[-0.000342959,-0.000443372,-0.000881693,0.000214314,0.00083274,0.00135931,-0.000257648,-0.00100489,-0.000196946,-0.000232095,3.20979e-07,0.00609792,0.0215066,0.0171068,-0.000188795,5.06908e-05,-0.0103644,-0.000422937,-0.000231197,-0.00081467,-0.00120053,-0.000593001],[-7.59335e-05,-6.71369e-05,0.000355499,4.90683e-06,4.52431e-05,0.00017873,-2.11977e-05,-1.05388e-05,5.23052e-05,2.32411e-05,8.9433e-06,-0.000225645,0.00220967,0.00885654,-6.94418e-06,4.29403e-05,-0.00267045,0.000396164,3.73882e-05,-0.000551758,-0.000122484,2.03702e-05],[0.00810666,0.00521499,0.0175557,0.00709545,0.0191451,-0.00755378,0.00429806,-0.00974614,0.0031673,0.00315656,-0.00205773,0.0152214,0.0700515,0.0410137,-0.00176518,-0.00255685,-0.000562833,0.00725892,0.00368349,-0.00237004,0.0013919,0.00287051],[0.00768497,0.00360492,0.016554,0.00959069,0.00880285,-0.00803511,0.000292214,-0.00233845,0.000970139,0.00248612,-9.14423e-05,0.0116494,0.0654746,0.190586,0.000855678,-0.00350904,-0.0432461,-0.0157862,0.00271167,0.00603567,0.000319263,-0.000637563],[0.000140167,0.000448946,-9.38346e-05,-0.000148761,4.29634e-05,0.00174023,-0.000135523,0.000271451,-0.000165236,-0.000264401,-3.53588e-05,-0.000257261,-0.00908363,-0.00858464,-0.00012612,2.09873e-05,0.00955036,0.00264287,-0.000283947,-0.00133258,0.000151563,0.000132903],[-0.00129553,-0.000892753,-0.00631313,-0.000128391,-0.0019219,-0.00168012,1.08989e-05,-0.000249559,0.000127424,2.57545e-05,-0.000174982,0.0127869,-0.0186349,0.0193111,0.000292703,0.00033417,0.0121742,0.0560353,0.000257289,-0.00206473,-0.000502929,0.000129074],[-0.00342315,-0.0048475,-0.0241898,-0.00742413,0.0102068,-0.0115092,0.00166671,-0.00627874,0.00120085,0.000272114,-0.00142898,-0.0133968,0.0232637,0.0288435,0.000741602,0.00105833,-0.0763483,-0.0135262,2.78352e-05,-0.000108406,-0.00978831,0.00054449],[0.00217662,0.00211259,0.00300169,0.00546728,0.00860708,0.00623178,-0.00330417,0.000881181,0.00112305,0.00148839,0.000443318,-3.7418e-05,-0.0124161,0.0162477,0.000201633,0.000452187,0.0199466,0.00789268,0.00100511,0.000184812,0.00711541,0.000603814],[0.0096441,0.00988308,0.0180604,-0.00906044,0.031496,0.0326337,-0.00591779,-0.00314635,0.00723867,0.00488502,0.00605302,-0.0371547,-0.0833011,0.328413,-0.000821031,0.00102312,-0.0318931,0.0227384,0.0101992,-0.0169759,0.00937956,0.00577619],[-0.00848627,0.00100966,-0.07041,-0.11253,-0.0493351,-0.0311344,0.00046163,0.000513307,-0.0224217,-0.020113,0.00798388,-0.084312,0.0264624,-0.981908,-0.00983646,-0.00229925,0.01879,-0.137576,-0.0329206,-0.193184,-0.115534,-0.00015192]],"sigmahat":[[0.767958,0.660887,1.28708,0.666461,1.37911,1.27174,0.00327937,-0.151816,-0.00732521,-0.00700861,0.118604,0.804129,-0.904074,5.21281,0.0142238,-0.0316843,2.96243,2.90771,0.046136,0.22443,0.511188,0.0946114],[0.660887,1.09052,0.804651,0.403227,0.331927,1.16235,0.142006,0.0965897,-0.0558752,-0.0839136,0.130083,2.00084,-2.18586,1.34582,-0.0396676,-0.0223863,2.91546,6.19611,-0.0331066,-0.214382,0.697161,-0.0751852],[1.28708,0.804651,10.9688,0.740998,2.47711,4.63965,-0.583039,-0.706151,0.216007,0.157542,0.277891,-1.25893,-1.66888,5.10769,0.134216,0.0841089,-0.0707118,-4.19959,0.238046,0.891328,0.60639,0.328754],[0.666461,0.403227,0.740998,4.56706,0.954615,-0.331623,0.163849,0.62402,-0.463637,-0.401021,-0.125396,2.04938,0.515592,3.50229,-0.0246937,-0.122316,3.81515,2.49918,-0.342231,1.75625,1.00251,-0.255974],[1.37911,0.331927,2.47711,0.954615,9.30957,3.96399,-0.671793,-1.27028,0.406208,0.392631,0.0150769,-2.4251,1.36111,21.9729,0.0740395,-0.00389328,1.40672,-4.69203,0.561798,-1.14673,0.413569,0.691953],[1.27174,1.16235,4.63965,-0.331623,3.96399,11.5117,-0.583289,-1.0433,0.716155,0.597421,0.82749,0.559911,-4.7284,18.0212,0.0961667,0.338769,0.219172,3.67756,0.763496,-3.36078,0.399514,0.359617],[0.00327937,0.142006,-0.583039,0.163849,-0.671793,-0.583289,0.518197,0.28829,0.111418,0.121956,0.0610022,1.09447,-1.1133,-2.71438,-0.0211713,0.0140368,-0.180314,4.341,0.188417,-0.244975,-0.0183023,0.0238105],[-0.151816,0.0965897,-0.706151,0.62402,-1.27028,-1.0433,0.28829,2.27618,-0.415894,-0.39284,-0.0353963,-7.22141,-2.06253,-0.203386,-0.0792328,-0.103026,-3.37631,-19.6453,-0.36449,0.916767,0.878787,-0.485691],[-0.00732521,-0.0558752,0.216007,-0.463637,0.406208,0.716155,0.111418,-0.415894,0.506462,0.450579,0.147475,-0.686664,-1.92592,0.049796,0.0128153,0.0888027,-1.74794,2.20894,0.56914,-1.0789,-0.333042,0.383335],[-0.00700861,-0.0839136,0.157542,-0.401021,0.392631,0.597421,0.121956,-0.39284,0.450579,0.455156,0.102836,-0.459659,-1.73339,-0.299568,0.00826532,0.0719304,-0.573185,3.02195,0.527397,-0.974604,-0.330096,0.435426],[0.118604,0.130083,0.277891,-0.125396,0.0150769,0.82749,0.0610022,-0.0353963,0.147475,0.102836,0.306964,0.177358,-1.77329,0.580285,0.0354439,0.0648411,-0.308022,1.67476,0.150479,-0.37031,0.0490276,0.0260176],[0.804129,2.00084,-1.25893,2.04938,-2.4251,0.559911,1.09447,-7.22141,-0.686664,-0.459659,0.177358,487.224,-185.585,-49.6416,-0.0447666,-0.326458,518.879,1428.03,-0.508131,-13.7909,8.15106,-2.94039],[-0.904074,-2.18586,-1.66888,0.515592,1.36111,-4.7284,-1.1133,-2.06253,-1.92592,-1.73339,-1.77329,-185.585,332.596,182.511,-0.200274,-0.640609,-430.017,-777.564,-2.32608,6.50509,-10.3957,-9.9899],[5.21281,1.34582,5.10769,3.50229,21.9729,18.0212,-2.71438,-0.203386,0.049796,-0.299568,0.580285,-49.6416,182.511,788.047,1.66941,-0.726032,9.03293,-109.622,-0.011796,12.8795,17.7769,4.29552],[0.0142238,-0.0396676,0.134216,-0.0246937,0.0740395,0.0961667,-0.0211713,-0.0792328,0.0128153,0.00826532,0.0354439,-0.0447666,-0.200274,1.66941,0.0544468,0.0260084,1.12341,0.415225,0.00466865,0.122594,0.0206041,0.0879419],[-0.0316843,-0.0223863,0.0841089,-0.122316,-0.00389328,0.338769,0.0140368,-0.103026,0.0888027,0.0719304,0.0648411,-0.326458,-0.640609,-0.726032,0.0260084,0.0776882,-1.66017,-0.372051,0.0902337,-0.381043,-0.13407,0.0534024],[2.96243,2.91546,-0.0707118,3.81515,1.40672,0.219172,-0.180314,-3.37631,-1.74794,-0.573185,-0.308022,518.879,-430.017,9.03293,1.12341,-1.66017,1022.68,1830.84,-1.76694,2.28749,26.5866,17.8989],[2.90771,6.19611,-4.19959,2.49918,-4.69203,3.67756,4.341,-19.6453,2.20894,3.02195,1.67476,1428.03,-777.564,-109.622,0.415225,-0.372051,1830.84,4526.04,3.19292,-42.5961,32.8534,10.2154],[0.046136,-0.0331066,0.238046,-0.342231,0.561798,0.763496,0.188417,-0.36449,0.56914,0.527397,0.150479,-0.508131,-2.32608,-0.011796,0.00466865,0.0902337,-1.76694,3.19292,0.730998,-1.05183,-0.329518,0.407528],[0.22443,-0.214382,0.891328,1.75625,-1.14673,-3.36078,-0.244975,0.916767,-1.0789,-0.974604,-0.37031,-13.7909,6.50509,12.8795,0.122594,-0.381043,2.28749,-42.5961,-1.05183,10.8228,1.43693,-0.102736],[0.511188,0.697161,0.60639,1.00251,0.413569,0.399514,-0.0183023,0.878787,-0.333042,-0.330096,0.0490276,8.15106,-10.3957,17.7769,0.0206041,-0.13407,26.5866,32.8534,-0.329518,1.43693,2.86071,0.193724],[0.0946114,-0.0751852,0.328754,-0.255974,0.691953,0.359617,0.0238105,-0.485691,0.383335,0.435426,0.0260176,-2.94039,-9.9899,4.29552,0.0879419,0.0534024,17.8989,10.2154,0.407528,-0.102736,0.193724,1.64815]],"n":22,"lags":3}