{"betahat":[[-1.14041,1.28672,-9.19598,-1.57844,2.52126,-1.02396,0.576652,-0.458997,-0.269374,3.9591,-1.57998,0.460061,32.441,-0.122512,0.0962763,-6.14213,5.16734,-1.25671,-2.75738,5.55697,-0.558342],[0.997834,-0.263582,0.246072,-0.234658,0.808573,0.714215,0.0913837,-0.0113445,0.0383167,0.330129,0.102488,-0.0106244,1.80879,-0.00493731,-0.017338,0.865563,-0.205529,0.0921381,0.520938,-0.00297389,0.0235137],[0.0172415,0.638574,-0.0162848,0.210756,-0.0258082,0.0766324,0.00533955,-0.0170451,0.0622696,0.129313,0.0539305,0.13251,2.46959,0.0509664,0.00650996,0.383724,0.208781,0.0261977,0.194883,0.151576,0.000809436],[-0.00618165,0.0964908,0.959114,0.0284573,0.100499,0.0323999,-0.0661407,0.00650138,0.012453,0.0613096,0.0421744,0.0441733,0.0102354,0.0349949,0.0517302,-0.0193848,-0.0269487,0.0307952,-0.0838474,-0.0409271,-0.00165725],[0.201583,0.121905,0.37488,0.652839,0.339594,0.261418,-0.0567189,0.0104798,-0.0511057,0.0686821,0.0440322,0.150444,-1.27425,-0.0169674,-0.0238747,0.618766,-0.022851,0.0348217,0.728332,-0.18882,0.00269844],[0.1032,0.0109575,0.102586,-0.133589,0.978387,0.352156,-0.0493735,0.0230011,-0.0195052,0.150489,-0.0355785,-0.021041,-0.133655,0.011538,-0.0068887,0.329173,-0.0587891,-0.031176,0.0992467,0.0621141,-0.0053192],[-0.0371073,-0.0308346,0.0055354,0.108672,-0.207304,0.664764,0.0813336,-0.0065347,0.0411792,-0.024821,0.0151176,0.00331504,0.229599,0.0159763,0.011671,-0.00543086,0.030326,0.0151875,-0.0375579,0.110833,-0.00131139],[0.121433,0.0943515,0.0671855,-0.0898047,0.395704,0.308191,0.861257,-0.0220387,0.0537942,-0.0332171,0.0440499,0.319112,0.404951,0.0180976,0.0444612,-0.488815,0.0127392,0.0252486,0.0583858,0.676522,0.011818],[-0.104588,0.832038,-0.184315,0.143718,-0.291525,0.276048,-0.17954,0.712208,-0.08341,-1.2384,0.000415551,-0.22894,-7.74028,0.00213938,-0.0279484,0.916149,0.168984,-0.0741069,0.300679,-0.437418,-0.0874485],[-0.43022,-0.522097,-0.267207,0.28312,1.78062,1.49319,0.901965,-0.0637338,0.928666,0.397803,0.185819,-0.57534,13.4727,-0.0750919,-0.0863286,2.60481,0.0443085,0.180985,-0.492807,0.96664,-0.0176596],[-0.0210568,0.0737026,0.150955,0.0364041,-0.264779,-0.270058,-0.00429842,0.00592053,-0.000395385,0.936456,-0.000712954,-0.0140736,-0.997267,-0.00648908,0.0235414,-0.127815,0.0525808,0.00882531,-0.00741362,-0.042214,0.00968906],[-0.316394,-0.713296,-0.441803,-0.330237,0.19291,0.119753,0.453486,0.128156,-0.0608778,-0.206219,1.04491,-0.358864,-4.02318,0.0803745,0.115241,-0.788163,0.08527,0.251013,0.424924,0.36935,0.0769797],[0.0879501,0.0596095,-0.0328271,-0.115439,0.114831,0.0673113,0.0554725,-0.0186163,0.00553699,-0.0498804,0.0360695,1.17692,0.354927,0.00158135,-0.00834425,0.208145,0.0356334,0.0260048,0.104866,0.173403,0.0035401],[-0.00852612,0.00412519,-0.0332515,0.00476965,-0.00585435,-0.0140874,-0.0226621,0.00200511,0.00168644,-0.0490175,0.00260688,0.021265,0.84787,0.0031883,0.00294447,-0.00628433,0.0178256,0.00228497,-0.0227868,-0.0255479,0.000800411],[0.848282,0.316214,2.38725,0.642595,1.45642,1.48068,-0.00593338,-0.0596263,-0.224486,0.351634,-0.0479685,-0.555533,-4.29807,0.963538,0.0498701,-0.546634,0.665471,-0.0144536,0.749744,-0.483124,0.117243],[-0.0503571,-0.0833561,-1.23927,-0.839111,0.036202,-0.484228,-0.249373,0.0457601,0.186144,-0.359243,-0.157267,0.170327,-9.07861,0.00804315,0.988784,-2.07652,-0.0418212,-0.128986,0.309676,-0.521634,0.0328521],[-0.0181918,-0.0635758,0.00226712,-0.0566656,-0.0340232,-0.0365898,0.0229497,0.00172177,0.0161969,0.0609539,-0.00731086,0.0148756,-0.123326,0.0134473,0.00518406,0.931052,-0.0417544,-0.00503673,0.0401673,0.0653345,0.000956703],[0.133961,0.11753,0.190592,0.02983,0.179595,0.361473,-0.109746,-0.0134965,0.0983526,0.07822,-0.031708,-0.0500557,1.16199,0.0894768,0.0676032,0.632137,0.965229,-0.0255065,0.119974,-0.091216,0.0159187],[0.290549,0.301434,0.327742,-0.578654,-0.215142,-0.189349,0.391631,-0.0360831,0.18158,0.0595491,0.182927,-0.109683,4.4838,0.179741,0.16726,-0.605009,-0.0278961,1.05041,1.43297,1.70788,0.0115447],[0.0520468,0.249912,0.0235514,0.0866343,-0.0723614,0.0155195,-0.0215848,-0.0221228,-0.00468794,0.173369,0.0142198,0.0562604,1.76649,-0.00299513,-0.0209628,0.289604,-0.0968753,0.00569635,0.552165,0.113736,0.00099483],[0.0609768,0.0175521,0.128312,-0.0456542,-0.00393386,0.0155843,0.113062,0.000587437,-0.017594,0.263806,0.0174941,-0.128344,-1.25005,-0.0250359,-0.00950482,-0.400414,-0.00951909,0.00601344,0.1363,-0.255895,0.00239647],[0.302995,0.0784989,1.45181,-0.828128,-0.446213,-0.657309,0.557461,-0.00404448,0.293437,-0.976183,0.154827,-0.145088,12.3614,0.0594903,-0.0898778,2.08573,0.0948089,-0.016335,3.37109,1.35068,1.15317],[-0.0432337,0.155138,-0.238928,0.0430801,-0.323858,-0.272275,-0.0331052,0.0133869,0.00257613,-0.252473,-0.110542,-0.106448,-3.36061,-0.010797,0.0273947,-0.918611,0.0755157,-0.0828785,-0.164635,0.0900897,-0.0104619],[-0.061031,0.125673,0.0326627,-0.109116,0.164678,0.0500099,-0.0946443,0.0179235,-0.0141343,-0.112626,-0.00139619,-0.00591011,-1.35937,-0.0279524,0.00671722,-0.387195,-0.125341,0.00532093,-0.106143,0.154622,-0.00579402],[6.29814e-05,-0.062574,0.112281,0.0183427,-0.159264,-0.0931097,0.0208045,-0.0104856,-0.00951643,-0.0998532,-0.0350766,-0.0247008,-0.512756,-0.0280281,-0.0290746,-0.294222,0.0282458,-0.0257899,0.119525,-0.0417427,-0.00360982],[-0.158963,-0.0272594,-0.232085,0.244902,-0.256735,-0.211536,0.0931367,-0.0136988,0.0989438,-0.0477581,0.00328128,-0.0955164,3.38222,0.0725598,0.0698168,-0.207653,-0.0150162,0.00630965,-0.57421,0.263858,0.00055133],[-0.0442863,0.0128999,-0.0956282,0.0545569,0.0386134,-0.306537,0.0496345,-0.0143799,0.0234348,-0.101259,0.0357505,-0.0307445,0.834333,0.0151156,0.00977896,0.13573,-0.00557066,0.0186574,0.0239304,-0.0226153,0.000491425],[0.00452131,0.00837717,-0.0322529,-0.0854284,0.213597,0.327597,-0.0828697,-0.00598267,-0.0331475,0.0818362,-0.0245646,0.0419125,-0.341253,-0.0140535,-0.0117277,0.148619,-0.0309949,-0.0228421,0.10608,-0.100926,0.00132795],[-0.0899671,-0.105018,-0.017416,0.0400976,-0.363314,-0.322202,-0.070921,0.00120586,-0.0678919,-0.0725807,-0.0348995,-0.157109,-0.405404,-0.00606451,-0.0367927,0.442969,0.00935589,-0.0159386,-0.087775,-0.649321,0.00696336],[-0.147968,-0.745792,-0.00646119,0.434571,-0.376817,-0.757603,-0.308313,0.104752,0.00221034,-0.297544,-0.144654,0.252797,-1.87748,-0.165242,-0.0124406,-3.25378,-0.204984,0.0303254,-1.88974,-0.693683,0.0500815],[0.0337045,0.0662902,0.211093,-0.782441,-1.09851,-0.611386,-0.618733,0.125982,0.14282,-0.370915,0.00501222,0.483995,-2.93781,0.0583791,0.0334888,-2.33576,-0.0644826,-0.0273664,-0.37868,0.0672439,0.0148781],[0.0109002,-0.0964062,-0.0103672,-0.0175922,0.281418,0.266065,0.00108302,0.0310062,0.0265721,0.103912,0.0185493,0.0416748,2.0371,0.044346,0.00371865,0.262289,-0.023739,0.0173598,0.291783,0.150594,0.00163504],[-0.191366,-0.108295,-0.498416,0.905336,-0.428784,-0.374299,-0.0968333,0.00241747,0.0101969,0.180992,-0.185766,0.00151008,-1.04988,-0.0050576,-0.0546781,1.03807,-0.196765,-0.232784,-0.812047,-0.19616,-0.0519942],[-0.00716276,0.00812005,0.053639,0.0363557,-0.0481222,-0.00533166,0.0476027,0.0150436,0.0192517,0.0899882,-0.0190136,-0.137184,-0.811938,-0.0137086,0.00440716,-0.237649,-0.066109,-0.00887745,-0.0741994,-0.0244797,-0.00905817],[-0.0031054,-0.0192819,0.0208116,0.00319899,0.00427671,0.0124772,0.0175631,0.00161322,-0.00361925,0.0272458,-0.00384679,-0.00797089,0.0156059,-0.00314673,-0.00151995,0.00724101,-0.00651884,-0.00170233,0.0371954,0.0137427,-0.00117818],[-0.391504,0.0756588,-1.42973,-0.189208,-0.704721,-0.653749,-0.44977,-0.0250604,-0.0273999,-0.54902,-0.145904,0.705075,-5.87078,-0.223126,-0.13925,-2.40553,-0.345083,-0.151123,-0.193393,-0.700611,-0.0550819],[0.00865391,0.0909778,0.403442,0.87258,-0.00468789,-0.366475,-0.589092,-0.048696,-0.249081,0.106932,0.128487,0.366647,4.92965,-0.121311,-0.166085,2.33143,-0.0619309,0.097947,-0.0874382,-0.210447,0.00994814],[0.0249523,0.0601388,0.0169302,0.0326134,0.0203784,0.0527389,-0.0270641,0.00041805,-0.0156461,-0.0609672,0.00680432,0.0188162,0.189009,-0.0122387,-0.00434807,-0.00917947,0.0351828,0.000878001,0.0439434,-0.0659573,-0.0013103],[-0.062637,-0.0686326,-0.0332997,0.0432504,-0.0820473,-0.252074,0.276285,0.0227282,-0.0951332,-0.111892,0.0245406,-0.103682,-0.204247,-0.0701196,-0.0504424,-0.294538,0.0169022,0.0214105,0.327338,0.300454,-0.017231],[-0.0632048,-0.0841725,0.00763997,0.46014,0.339982,0.383784,-0.174731,-0.0312782,-0.0722428,-0.196467,-0.0899916,0.0295957,1.79148,-0.128214,-0.158072,1.22627,0.0916964,-0.115914,-0.807919,-0.421419,0.000575426],[0.00803034,0.000853678,-0.121118,0.0848584,-0.137644,-0.150567,0.0353741,-0.018142,-0.0145939,-0.221383,-0.0217905,-0.0799832,-1.76931,-0.023805,-0.00148274,-0.432697,0.0116409,-0.0100557,-0.323352,-0.0507343,-0.00994476],[0.0334269,0.0179577,0.0463605,-0.0343495,-0.073915,-0.138793,-0.0641811,-0.00417362,0.0114469,0.0772493,0.0175712,-0.0253722,-0.832118,0.0151047,0.0134019,-0.223553,-0.0221082,0.0154526,0.0168877,0.0280348,0.012528],[0.203217,0.63489,-0.378232,-0.139447,0.272369,-0.178541,-0.113667,-0.0363679,-0.272652,0.211731,-0.00640647,0.148056,-3.39556,-0.0713103,0.035326,-0.736623,0.497783,0.027552,0.356694,-0.474148,-0.200786],[0.0453896,0.108483,-0.00696747,0.191588,-0.484965,-0.442144,-0.0583039,-0.00205553,-0.0408344,-0.0778335,0.00808146,0.117235,1.55362,0.0157631,-0.010034,0.0533185,0.129889,-0.00924027,-0.356569,-0.0870678,-0.0130291],[0.0437415,0.235716,-0.0163328,-0.101656,-0.139418,-0.127115,0.0893268,-0.000856192,-0.0481059,-0.0168122,-0.0524997,-0.126662,-1.10953,-0.0230306,-0.0132406,0.00351253,-0.0834796,-0.0314904,-0.0892372,-0.306247,0.00496835],[0.00598067,-0.0340363,-0.0718324,-0.0471107,0.0585705,0.0604483,0.0454548,0.00397517,-0.00294584,0.0387714,-0.00707368,-0.0191748,0.503366,-0.00709689,-0.0227398,0.313036,-0.00153337,-0.00499123,-0.0358145,0.0827398,0.005272],[-0.0425196,-0.0946635,-0.142395,0.102154,-0.0828266,-0.04946,-0.0361879,0.00324581,-0.0477385,-0.0205912,-0.0472877,-0.0547102,-2.10542,-0.0555635,-0.045946,-0.410761,0.0379627,-0.0411357,-0.153811,-0.0745743,-0.00323625],[-0.0590489,-0.0239869,-0.0067305,0.0792448,-0.0176118,-0.0462672,-0.000309558,-0.00858374,-0.00394284,-0.0490501,-0.000148885,0.0522339,-0.701887,-0.0266576,-0.00290567,-0.464626,0.064378,0.0125705,-0.123399,-0.0396503,0.00484948],[0.03249,0.0224372,0.0268443,-0.0230633,-0.00747217,0.00633783,0.00156772,0.0125365,-0.00804155,-0.0568273,0.00953254,-0.0448186,0.111981,-0.00198974,-5.22288e-05,-0.142481,0.000778767,0.00774194,-0.0685773,-0.00974291,3.26296e-05],[-0.0308196,0.0111365,-0.0463472,0.0512599,-0.0324549,0.0150102,0.210121,0.0211175,0.014641,0.107467,-0.0084566,-0.160772,0.0179387,-0.0116096,-0.00769992,0.0536672,-0.0223536,-0.00883022,0.031538,-0.0262984,-0.0186384],[0.221825,-0.142763,-0.119236,-0.598022,1.21111,0.882653,0.455102,0.119101,0.0713812,1.36074,0.133163,-0.201569,7.45035,0.20417,0.107637,2.06097,0.0149007,0.0435348,1.54646,1.01461,0.0762964],[0.294021,0.0408564,0.373199,0.171697,-0.295642,-0.50898,0.235107,0.0618139,-0.0791211,0.534617,0.0335684,-0.271865,-1.5138,-0.0608924,-0.0688637,1.28425,0.245992,0.0479422,0.809095,0.397674,0.0134966],[0.00933058,0.022201,-0.1418,-0.0194026,-0.0188633,0.00205916,0.00282419,-0.0368451,-0.0259501,-0.0403698,-0.0180038,-0.0277368,-1.03099,-0.0379007,-0.0273387,-0.13205,-0.0284968,-0.0262887,-0.286563,-0.108025,-0.0112838],[0.105896,0.337815,-0.0802969,0.0858529,-0.126483,-0.190162,-0.209183,-0.0834143,-0.0358775,0.0613543,-0.062915,0.0581389,-0.645775,-0.0302973,-0.0226979,0.199488,-0.0999303,-0.0621565,-0.797664,-0.634066,0.0168678],[-0.0800291,-0.0672371,-0.0190031,0.0787524,-0.0655171,-0.059094,-0.100887,0.00361348,-0.0240052,-0.0382288,-0.0164257,-0.0391475,0.481761,0.0122024,0.00372564,0.0346738,0.0303405,-0.0167369,-0.0282023,-0.1444,0.0055601],[0.00945129,0.0113874,0.0153315,-0.006143,-0.005012,-0.00236966,0.0037592,-0.00327968,0.000654855,0.013639,0.00112739,-0.0164354,0.0364855,-0.00100774,-0.00145817,-0.00608415,-0.012498,-0.000201415,-0.0266767,0.00519181,0.000280274],[0.0161036,-0.0266575,0.293808,-0.41281,-0.0850961,-0.0543349,-0.187235,-0.00402099,0.0862562,0.0894065,-0.0452967,0.0623235,-1.54659,0.0520769,0.0695227,-0.0726532,-0.558153,-0.0296742,-0.43796,-0.533627,-0.00875988],[0.0840119,0.0272401,0.225872,-0.189975,0.292372,0.704765,0.685085,0.0414283,0.000996783,0.30093,0.00932834,-0.540832,4.08493,0.0849148,0.0782328,-0.0124638,0.0492718,0.0140917,0.396189,0.297159,-0.0360385],[-0.00578325,0.00400237,-0.0112831,0.0265998,0.0107967,-0.01517,0.00566525,-0.00226418,0.000300162,-0.000601015,0.00189254,-0.0308355,-0.0741914,-0.000947158,-0.000606451,0.0721382,0.00418853,0.00516229,-0.0841334,0.00167264,0.000678615],[-0.0641818,-0.0522296,-0.0972291,-0.0313664,-0.123731,-0.110099,-0.174609,-0.00378904,-0.00940563,-0.0252038,0.0099672,0.135153,-1.06736,-0.0124417,-0.0144851,-0.204332,-0.0239201,0.00805317,-0.389591,-0.272501,-0.000785805],[-0.032725,0.0651074,-0.317915,-0.018166,0.332887,0.488095,-0.235078,-0.0342124,0.000613763,0.00831132,-0.0337016,0.119035,-2.64627,0.00771186,0.0441276,-0.695225,-0.214166,0.0185111,-0.742835,-0.691807,0.021508],[-0.0309987,0.00978013,-0.0336402,-0.0655842,-0.0791609,-0.116633,0.0147942,-0.016435,0.016241,-0.0169477,0.016599,-0.0732374,0.146344,0.0115443,0.0042779,-0.0759993,0.034151,0.00911167,-0.2073,0.00317118,-0.000624745],[-0.0615328,-0.0679385,-0.0996247,0.0162603,0.00362084,-0.0376609,0.0699919,0.00338669,0.00306249,0.0198218,0.00335014,-0.11982,-0.751252,0.00833498,0.00477835,-0.0109543,-0.0339747,0.0167153,-0.115569,-0.180673,0.00267451],[-0.482824,-0.406812,-0.815672,0.388436,-0.430597,-0.0171872,-0.458682,0.136092,0.0882528,0.273629,-0.0848343,0.401255,-4.94114,0.136579,0.160919,-0.598898,-0.0238574,-0.0247564,-1.448,-0.229906,-0.129085]],"sigmahat":[[0.186383,0.156295,0.255236,-0.0587043,0.178134,0.185778,0.00164579,-0.00271622,-0.00831195,0.0369615,0.0115477,0.0199129,0.038992,0.00920686,0.000323935,0.150269,-0.0415066,0.00224525,0.290424,-0.00898885,0.000211791],[0.156295,0.398946,0.144724,-0.053126,0.0230013,-0.0127971,-0.0437011,-0.0293043,-0.0177574,-0.10988,0.0126113,0.0189078,-0.133289,0.00505474,-0.00499007,0.128995,-0.0441391,0.00110115,0.0707295,-0.157053,0.00143812],[0.255236,0.144724,0.889466,0.0233832,0.243221,0.406403,-0.0322198,0.0110142,0.0114792,0.0631979,0.0145276,0.0436397,0.578905,0.0284879,0.0255512,0.311662,-0.0925637,0.00392227,0.421286,-0.000933847,0.00675972],[-0.0587043,-0.053126,0.0233832,0.413628,-0.10533,-0.0776975,-0.00775691,0.00582483,-0.00216636,-0.0416825,-0.00638302,-0.0247834,-0.123424,0.0115563,0.0181067,0.164277,0.0446768,-0.00436227,-0.193137,-0.0293729,-0.0117616],[0.178134,0.0230013,0.243221,-0.10533,1.03131,0.970067,0.0251717,0.00973081,0.0169994,0.199142,0.00896941,0.0341914,0.803923,0.0381445,0.029318,0.202064,-0.0857203,0.00760652,0.700392,0.128879,0.000502168],[0.185778,-0.0127971,0.406403,-0.0776975,0.970067,1.44451,0.0253721,0.0167337,0.0416864,0.206238,-0.00739603,-0.00750965,1.25189,0.0439615,0.035688,0.289174,-0.127172,-0.012708,0.712766,0.191333,-0.0067582],[0.00164579,-0.0437011,-0.0322198,-0.00775691,0.0251717,0.0253721,0.361493,0.0139159,-0.00127784,0.136244,0.0180726,-0.18946,1.17269,-0.0100374,-0.0144611,0.18558,0.00271344,0.0138103,0.267516,0.249474,-0.00661758],[-0.00271622,-0.0293043,0.0110142,0.00582483,0.00973081,0.0167337,0.0139159,0.0155368,0.000259442,0.0279031,0.000558221,-0.00507591,0.135289,0.00179898,-0.00261507,0.109099,0.0059736,0.00248531,0.0596385,0.0284213,-0.00115945],[-0.00831195,-0.0177574,0.0114792,-0.00216636,0.0169994,0.0416864,-0.00127784,0.000259442,0.036095,-0.000462504,0.00379975,0.00150138,0.643143,0.0235199,0.0172026,0.0725641,-0.0117451,0.00114776,0.00617587,0.0860571,0.00133931],[0.0369615,-0.10988,0.0631979,-0.0416825,0.199142,0.206238,0.136244,0.0279031,-0.000462504,0.615643,0.000952171,-0.0616623,1.38967,0.00445407,-0.00930746,0.497488,0.0423468,0.00168942,0.368561,0.105125,0.00495773],[0.0115477,0.0126113,0.0145276,-0.00638302,0.00896941,-0.00739603,0.0180726,0.000558221,0.00379975,0.000952171,0.0263616,-0.00051686,0.476615,0.00664537,-0.00119344,0.0674631,0.00949326,0.0171291,0.0538652,0.0365499,0.000369325],[0.0199129,0.0189078,0.0436397,-0.0247834,0.0341914,-0.00750965,-0.18946,-0.00507591,0.00150138,-0.0616623,-0.00051686,0.357072,-0.0723481,0.0127036,0.0101844,-0.0927481,0.0171495,-0.00119116,0.0750991,0.0372613,0.0090392],[0.038992,-0.133289,0.578905,-0.123424,0.803923,1.25189,1.17269,0.135289,0.643143,1.38967,0.476615,-0.0723481,72.0358,0.743517,0.0153419,14.8505,0.845465,0.240825,4.74837,5.88062,0.0731166],[0.00920686,0.00505474,0.0284879,0.0115563,0.0381445,0.0439615,-0.0100374,0.00179898,0.0235199,0.00445407,0.00664537,0.0127036,0.743517,0.0380407,0.0230109,0.170696,-0.00694592,0.00391078,0.0654083,0.0712714,0.0016072],[0.000323935,-0.00499007,0.0255512,0.0181067,0.029318,0.035688,-0.0144611,-0.00261507,0.0172026,-0.00930746,-0.00119344,0.0101844,0.0153419,0.0230109,0.0297304,-0.120388,-0.0228995,-0.00128931,-0.0142786,0.0242644,6.68048e-05],[0.150269,0.128995,0.311662,0.164277,0.202064,0.289174,0.18558,0.109099,0.0725641,0.497488,0.0674631,-0.0927481,14.8505,0.170696,-0.120388,8.14547,0.355505,0.0655991,1.49894,1.07105,0.0207007],[-0.0415066,-0.0441391,-0.0925637,0.0446768,-0.0857203,-0.127172,0.00271344,0.0059736,-0.0117451,0.0423468,0.00949326,0.0171495,0.845465,-0.00694592,-0.0228995,0.355505,0.259262,0.00930236,0.0461602,0.145108,0.00414256],[0.00224525,0.00110115,0.00392227,-0.00436227,0.00760652,-0.012708,0.0138103,0.00248531,0.00114776,0.00168942,0.0171291,-0.00119116,0.240825,0.00391078,-0.00128931,0.0655991,0.00930236,0.0199049,0.029318,0.014286,0.00103508],[0.290424,0.0707295,0.421286,-0.193137,0.700392,0.712766,0.267516,0.0596385,0.00617587,0.368561,0.0538652,0.0750991,4.74837,0.0654083,-0.0142786,1.49894,0.0461602,0.029318,2.5754,0.610519,-0.00160285],[-0.00898885,-0.157053,-0.000933847,-0.0293729,0.128879,0.191333,0.249474,0.0284213,0.0860571,0.105125,0.0365499,0.0372613,5.88062,0.0712714,0.0242644,1.07105,0.145108,0.014286,0.610519,1.81339,0.00655941],[0.000211791,0.00143812,0.00675972,-0.0117616,0.000502168,-0.0067582,-0.00661758,-0.00115945,0.00133931,0.00495773,0.000369325,0.0090392,0.0731166,0.0016072,6.68048e-05,0.0207007,0.00414256,0.00103508,-0.00160285,0.00655941,0.00540797]],"n":21,"lags":3}