{"betahat":[[-0.135353,0.286042,-1.69772,1.16992,0.348364,0.157119,0.340899,-0.0324801,-0.00770487,0.0795915,14.1406,0.0714136,-0.0817658,3.35877,1.22877,1.86531,-0.227308],[1.00652,-0.221923,0.0731538,-0.092886,0.467493,0.329629,0.0383577,-0.0297047,-0.00683601,-0.0383435,-2.41425,-0.0173414,0.00452258,-0.108833,-0.361177,-0.381993,-0.00665658],[-0.0515129,0.728246,-0.239615,0.0843578,-0.150223,-0.183812,-0.000855014,-0.0243152,0.02064,-0.0703679,-0.125058,0.00597976,-0.00910466,-0.178411,-0.2002,-0.0335361,-0.0122583],[0.0345858,0.11268,1.16366,0.0144727,0.0246778,0.0049016,-0.07364,0.00647771,0.000156863,-0.0168216,-0.892994,0.0188126,0.0512549,-0.383598,-0.0357884,-0.0840695,-0.00204709],[0.15583,0.21288,0.223812,0.845087,0.168417,0.151864,-0.0437795,-0.0196949,-0.0475251,0.117507,-1.73023,-0.0254423,-0.0268604,0.55277,0.391186,-0.396036,0.0095261],[0.0203255,-0.0276597,-0.0643455,-0.106592,0.963262,0.233166,-0.0628466,0.0171258,-0.0339885,0.0827842,-0.659345,0.00197688,-0.00585819,0.0861046,-0.0717313,0.0101221,-0.00399492],[0.0304288,0.0455531,0.0954669,0.12273,-0.109333,0.815685,0.0506828,-0.0122406,0.0337275,-0.0224042,-0.0418478,0.00289485,0.0049134,0.0264289,0.0691647,0.0621753,-0.00590462],[0.0834579,0.16327,0.0743849,-0.0102562,0.185114,0.200535,0.958015,-0.0205634,0.056411,0.0656577,0.961907,0.0447745,0.0588508,-0.473705,0.202847,0.68684,0.0192392],[0.343175,0.545839,1.03272,0.414536,0.414409,1.427,0.0619457,0.877489,0.0136229,-0.527754,0.924475,0.0328993,-0.0201042,2.23902,1.68916,0.873606,-0.0438497],[-0.269425,-0.35929,0.0490609,0.0601664,1.41459,1.0694,0.98279,-0.0246621,0.91872,0.353258,10.8834,-0.104889,-0.0949499,1.87059,0.553181,1.03935,-0.0858741],[-0.0718124,-0.000515747,0.0640752,0.0307291,-0.280076,-0.368242,-0.0452527,0.0162889,-0.0154343,1.03837,-0.005996,-0.0239823,-0.0102975,0.0611564,-0.122367,-0.0863379,0.00978841],[-0.0047356,-0.00143136,-0.0237212,-0.00437909,0.00401704,-0.00621263,-0.0243586,0.00331253,0.00249392,-0.0356896,0.910373,0.00259571,0.00284701,-0.0249705,-0.022185,-0.020893,-1.30475e-05],[0.360903,-0.140945,0.969812,0.71252,0.872606,0.664067,0.2646,-0.0218012,-0.265278,-0.0334638,-6.19047,1.01277,0.0435403,-0.540031,-0.444623,-0.268486,0.0887036],[0.023433,-0.0715671,-0.579845,-0.534277,0.118106,-0.0826473,-0.137772,0.0303296,0.214302,-0.246773,-7.34538,0.0569376,1.07809,-1.56274,0.498395,-0.201877,0.0486183],[0.00691529,0.0193178,0.0336247,-0.0444985,-0.01901,-0.00438173,0.000227912,-0.00876085,0.0176739,0.0575273,0.0507677,0.0160388,0.00744426,0.974988,0.0842015,0.0343994,0.00135858],[0.142856,0.0917612,0.259958,0.11894,0.0934916,0.227822,0.0261305,-0.0123821,0.0235832,0.147069,1.55951,-0.00848594,-0.0140814,0.10022,0.523496,0.330171,0.007742],[0.0352695,-0.013714,0.049555,0.0195163,-0.0294016,0.00947043,0.150907,-0.00312805,-0.0044573,0.199828,-1.23028,-0.0138798,0.00114005,-0.318166,-0.00384161,-0.033578,0.00381144],[-0.0836325,-0.194476,-0.205623,0.368095,-0.527499,-0.932227,0.772909,-0.070753,0.120944,-1.03874,8.22522,0.0528387,-0.0961244,2.54301,0.10009,0.717977,1.2858],[-0.0258848,0.136916,-0.0443666,-0.0546323,-0.214882,-0.151049,-0.0617343,0.0278818,0.0284562,0.101038,1.42064,0.0248739,0.00546771,0.0962225,0.200074,0.347882,0.0118202],[0.0306459,0.153248,0.262719,-0.0695429,0.199245,0.215275,-0.0652473,0.0153507,0.00886432,0.0581114,0.4313,0.0045465,0.0173968,0.0612445,0.0735257,0.133551,0.008811],[-0.0186003,-0.0534733,-0.0145937,-0.0198306,-0.0946944,-0.0954706,0.00216459,-0.0137383,-0.00127747,0.0027951,0.595449,-0.00879336,-0.0301888,-0.00511546,0.0780172,0.0184536,0.000688676],[-0.0982467,-0.073716,-0.136973,0.127445,-0.17851,-0.12827,0.15669,0.0125561,0.0964407,-0.0783461,3.17447,0.0819222,0.0762466,-0.226308,-0.196505,0.546666,0.00274625],[-0.00614862,0.0340758,-0.00527023,0.0817983,0.0141798,-0.260053,0.0574597,-0.0140892,0.0238027,-0.0557718,0.777344,0.011531,0.00261499,0.19959,0.0715483,-0.0518142,-0.00133175],[-0.0129538,-0.0248851,-0.0518551,-0.1381,0.201998,0.255049,-0.0919034,-0.00432739,-0.0274999,0.10986,0.0821221,-0.00758778,-0.0120792,0.110426,0.0745647,-0.0905604,0.00513392],[-0.063108,-0.15148,-0.0124708,0.0249218,-0.205881,-0.207464,-0.121852,0.00219869,-0.0736311,-0.131668,-0.810797,-0.0185518,-0.0413981,0.392539,-0.0949805,-0.715709,0.000311828],[-0.404929,-0.560962,-1.04706,-0.296479,-0.200712,-1.08017,-0.350535,0.0526279,-0.0454993,-0.129712,-0.582744,-0.134797,-0.0767881,-2.5371,-1.35237,-0.804295,0.0630656],[-0.24625,-0.309752,-0.378108,-0.565232,-1.3156,-0.899126,-0.622408,0.126952,0.148361,-0.469041,-6.17889,0.107702,0.0962111,-2.31841,-1.29183,-0.339871,0.0720572],[0.0258156,0.0206149,-0.0854033,-0.0226396,0.261456,0.279804,-0.00418466,0.000817444,0.034916,-0.0271361,0.705568,0.0571075,0.0321683,-0.049469,0.0649291,0.0397821,0.00646575],[0.00164765,-0.000152353,0.0199468,0.00162248,0.000397477,0.00735129,0.0143897,-0.0021674,-0.00250623,0.0166564,0.0748391,-0.000567125,-0.000910181,0.0312751,0.0240195,0.00983832,0.000188278],[-0.187647,0.257758,-0.715513,-0.189954,-0.364186,-0.162278,-0.612964,-0.00729511,0.103226,0.0331378,1.76984,-0.140021,-0.133017,-0.40163,0.396354,-0.488785,-0.0191152],[-0.126888,0.000862893,0.210607,0.758738,-0.142485,-0.373271,-0.643179,-0.05191,-0.227241,0.0524386,2.42154,-0.161874,-0.178062,1.26797,-0.612202,-0.551202,-0.00750534],[0.00775377,0.0203438,-0.0121231,0.0319542,-0.00103553,0.0129724,-0.0218785,0.00302358,-0.021945,-0.0643936,-0.0570111,-0.0187993,-0.008598,-0.0495935,-0.0315623,-0.0927745,-0.00260206],[0.016588,0.00497369,-0.119552,-0.130385,0.0711234,0.0348712,0.148372,-0.0124188,0.0256463,-0.0315395,0.613892,0.0115906,0.00784589,-0.0802252,0.171181,0.353938,0.00593236],[0.0213602,0.00745432,0.0133389,-0.0166552,-0.0785543,-0.122404,-0.00898047,-0.00461253,0.0193381,0.0361802,-0.694911,0.0203336,0.0196957,-0.221536,-0.0303674,0.214974,0.0144696],[-0.038434,0.328248,-0.3441,-0.378312,0.302411,0.180378,-0.723057,-0.0211788,-0.173476,0.224855,-4.65965,-0.0508848,0.0710412,-1.69706,0.136357,-0.780902,-0.238021],[0.0193592,0.0849894,-0.0287929,0.147535,-0.252693,-0.178674,0.0233596,0.00182512,-0.0216029,-0.0626814,0.993626,-0.00753918,-0.00999187,0.0126319,0.16109,0.0340567,-0.00515515],[0.0208525,0.118495,-0.0231679,-0.0148424,-0.0489729,-0.0314488,0.0661805,0.00897071,-0.0294656,0.0124052,-0.305056,-0.0105264,-0.0083044,0.11774,0.126713,-0.0998687,0.0034508],[-0.0160741,-0.0593774,-0.149276,0.00536864,0.0699787,0.0906714,0.0715738,0.00728461,0.00114589,0.0141059,0.298029,-0.0100156,-0.0210516,0.388782,-0.0423285,0.0657798,0.00136876],[-0.0575947,-0.139137,-0.0868716,0.0274511,0.0100741,-0.0236383,-0.112831,0.00715214,-0.0489043,-0.0392044,-1.44354,-0.0564971,-0.049409,-0.326183,-0.194644,-0.150476,-0.012274],[-0.0141835,-0.00638755,0.069702,0.0249108,0.0222268,0.026594,0.00531156,-0.00302554,0.0101894,-0.0270649,-0.117863,-0.0134675,0.00325239,-0.2855,0.000101621,0.0416734,0.00533153],[-0.0174664,-0.0206447,-0.0435214,0.0153278,-0.0929013,-0.0709334,0.0412615,0.0165742,-0.00622095,-0.0874449,-0.0412278,0.00466546,0.00714905,-0.136805,-0.143766,0.0283305,0.000767351],[-0.0205521,-0.0121016,-0.061968,-0.0143289,0.0204604,0.00699214,0.164101,0.018417,0.0174299,0.0660467,-0.148036,-0.0260245,-0.0173631,0.0831618,-0.108058,0.0296834,-0.0194828],[0.099803,0.10438,0.044873,-0.207028,0.073382,-0.155169,0.206053,0.0322603,0.00879236,0.567953,-0.730785,0.105777,0.114118,0.110608,-0.168395,-0.239774,-0.0099178],[0.246637,0.122328,0.147948,0.293452,0.0641002,-0.0934652,0.00338083,-0.0158708,-0.0850525,0.233005,-2.7409,-0.0337852,-0.0236685,0.754575,0.236679,0.00161188,0.0272483],[0.0457333,-0.0203606,0.021141,-0.00823978,0.0180206,0.0879016,0.0496135,-0.0170923,-0.0193866,-0.0113667,-0.693166,-0.0331108,-0.021883,-0.0109749,0.0571407,0.0474425,-0.0162308],[0.00243662,-0.000139269,0.00577819,0.00233799,-0.00595626,-0.00218793,0.0101841,-0.000945733,-0.000259751,0.0163857,-0.00410401,-0.00213819,-0.00183925,-0.00656108,-0.0048933,0.0105162,-0.000206293],[0.0931554,0.172057,0.301663,-0.34801,-0.131047,-0.045513,0.0348202,-0.000292164,0.079032,0.175118,1.38877,0.0106907,0.0199368,0.34261,0.392323,0.0310305,-0.0474685],[0.148491,0.162785,0.254251,-0.221577,0.151989,0.4571,0.666743,0.0146684,-0.0420747,0.202325,4.34702,0.0692907,0.0540576,0.0904212,0.19174,0.441703,-0.0395337],[-0.0147522,-0.0400743,-0.0204126,0.0131174,0.0184685,-0.00883277,0.0226773,0.00580104,0.00469923,0.00653449,0.00110573,0.00293799,0.00131036,0.0743177,-0.0531896,0.0599661,0.00134204],[0.0467304,0.0901916,0.128789,-0.131135,-0.000473638,0.037051,0.0599973,-0.0121366,0.011326,0.0441135,-0.104331,0.00471019,0.0115601,-0.21047,0.0996782,-0.0271925,0.00602841],[-0.0171672,-0.0205898,-0.000134458,-0.020778,0.03246,0.0212477,0.0735272,0.00387158,0.00406379,0.00890946,-0.165198,0.0157284,0.00750114,0.0684601,-0.00340693,-0.0758195,0.00544576],[0.146383,0.237749,0.225364,0.0229884,-0.0714444,0.333345,-0.26522,0.0875362,0.0974889,0.48302,-3.18208,0.0877533,0.108168,-0.319082,-0.198114,0.00141164,-0.119727]],"sigmahat":[[0.33215,0.50089,0.308478,-0.0693754,0.100361,0.0914381,-0.111327,-0.0545963,-0.00690937,0.15275,-0.57632,8.9929e-05,0.00392804,-0.332924,0.509393,-0.206807,0.000648917],[0.50089,1.10558,0.42266,-0.075582,0.0163264,0.0151743,-0.249451,-0.109344,-0.00799741,0.151751,0.0785231,0.00519018,0.00599595,-0.541777,1.01029,-0.370648,0.000332244],[0.308478,0.42266,0.971324,0.0694239,0.0323033,0.17616,-0.144527,-0.0410434,0.0101256,0.0961828,-0.788892,0.00288317,0.0263932,-0.24134,0.339495,-0.270368,0.00825416],[-0.0693754,-0.075582,0.0694239,0.578312,-0.0679433,0.0265908,0.0425833,0.0166418,-0.00556441,-0.056319,0.72393,0.0190333,0.0072672,0.654994,-0.0340174,0.0566882,-0.00632672],[0.100361,0.0163264,0.0323033,-0.0679433,1.20005,1.06212,-0.0538683,-0.0198088,0.00500925,0.251359,-0.123384,0.00976212,0.0277196,-0.00553424,0.334704,-0.106875,0.0132363],[0.0914381,0.0151743,0.17616,0.0265908,1.06212,1.55691,-0.0568885,-0.019933,0.0513244,0.279391,0.797139,0.0280758,0.040143,0.248734,0.292068,0.00282859,0.0137539],[-0.111327,-0.249451,-0.144527,0.0425833,-0.0538683,-0.0568885,0.659697,0.0387978,0.0218278,0.105051,1.79715,-0.00237187,-0.0122889,0.489827,-0.111634,0.61667,-0.0159643],[-0.0545963,-0.109344,-0.0410434,0.0166418,-0.0198088,-0.019933,0.0387978,0.0254758,-0.00142567,-0.011626,-0.0536289,-0.000688643,-0.00415082,0.160857,-0.13835,0.0396031,-0.00300939],[-0.00690937,-0.00799741,0.0101256,-0.00556441,0.00500925,0.0513244,0.0218278,-0.00142567,0.0591406,0.0167455,0.928247,0.0375696,0.0293248,0.1086,0.018071,0.163303,0.00832763],[0.15275,0.151751,0.0961828,-0.056319,0.251359,0.279391,0.105051,-0.011626,0.0167455,0.681065,0.612032,0.00707096,0.00844515,0.105711,0.294185,-0.032757,0.00594312],[-0.57632,0.0785231,-0.788892,0.72393,-0.123384,0.797139,1.79715,-0.0536289,0.928247,0.612032,70.4357,0.823309,0.27156,12.8137,1.40712,7.4559,0.117889],[8.9929e-05,0.00519018,0.00288317,0.0190333,0.00976212,0.0280758,-0.00237187,-0.000688643,0.0375696,0.00707096,0.823309,0.0554274,0.0388919,0.161063,0.0410951,0.110347,0.00866131],[0.00392804,0.00599595,0.0263932,0.0072672,0.0277196,0.040143,-0.0122889,-0.00415082,0.0293248,0.00844515,0.27156,0.0388919,0.0430515,-0.0972718,0.0213957,0.0657648,0.00722917],[-0.332924,-0.541777,-0.24134,0.654994,-0.00553424,0.248734,0.489827,0.160857,0.1086,0.105711,12.8137,0.161063,-0.0972718,9.10838,-0.093939,1.35141,-0.00268284],[0.509393,1.01029,0.339495,-0.0340174,0.334704,0.292068,-0.111634,-0.13835,0.018071,0.294185,1.40712,0.0410951,0.0213957,-0.093939,1.80513,-0.107916,0.00851657],[-0.206807,-0.370648,-0.270368,0.0566882,-0.106875,0.00282859,0.61667,0.0396031,0.163303,-0.032757,7.4559,0.110347,0.0657648,1.35141,-0.107916,2.94119,0.0179482],[0.000648917,0.000332244,0.00825416,-0.00632672,0.0132363,0.0137539,-0.0159643,-0.00300939,0.00832763,0.00594312,0.117889,0.00866131,0.00722917,-0.00268284,0.00851657,0.0179482,0.0100531]],"n":17,"lags":3}