{"betahat":[[-0.253797,0.457322,-1.1992,1.71113,-0.424629,-0.329454,0.162312,-0.177832,-0.185917,-0.9787,-0.353387,1.17641,0.125702,-0.0448798,-0.0980273,0.87041,-1.30542,0.222971,-0.0663446],[1.01791,-0.201026,0.165982,-0.152327,0.786885,0.65666,0.0562043,-0.0292993,0.0172889,0.303104,0.0676464,0.00616456,0.872187,-0.00995063,-0.0173295,0.661513,0.532968,-0.251615,0.0238016],[0.0203429,0.683212,-0.0400457,0.209225,-0.0549082,0.033077,0.0117722,-0.0184988,0.0655223,0.152748,0.0489992,0.161525,2.74483,0.0424005,-0.00156137,0.317687,0.121777,0.207612,-0.0025082],[-0.00865286,0.0761384,1.09518,0.0321393,0.0139449,-0.0117981,-0.0616582,0.0178561,0.00369096,0.0625576,0.0519139,0.0645929,-0.151718,0.0170074,0.0389124,-0.0863905,-0.127831,-0.0299261,-0.00516381],[0.205701,0.144352,0.345204,0.723571,0.334332,0.292311,-0.0836397,-0.00067343,-0.0411596,0.0681057,0.0300549,0.154091,-1.48054,-0.00534896,-0.0149364,0.615179,0.616818,-0.277338,0.00853757],[0.109241,0.00814023,0.0523632,-0.186678,1.10072,0.38353,-0.0577619,0.0242028,-0.0280978,0.166201,-0.0375728,-0.0357689,0.065989,0.00217116,-0.0154588,0.283438,0.186652,0.0930106,-0.0027048],[-0.0390661,-0.0447322,0.0202661,0.111123,-0.158974,0.745272,0.100222,-0.00891345,0.0370874,-0.0179346,0.0218582,-0.0244388,0.18748,0.0108136,0.0107988,-0.0171049,-0.122148,0.131038,0.00335726],[0.0833884,0.0589367,0.0712186,-0.0714542,0.227084,0.200573,0.937178,-0.0181566,0.0633715,0.00477461,0.065755,0.308456,0.675329,0.022286,0.0460554,-0.499971,-0.0588847,0.729261,0.00864261],[-0.0130823,0.778998,0.0965049,-0.0204081,-0.195042,0.361132,0.0673754,0.799204,-0.0674297,-0.680088,0.0705794,-0.347835,-1.58258,-0.0382584,-0.116494,1.9959,0.633443,0.324055,-0.0826689],[-0.331093,-0.302241,-0.0211624,0.38361,1.23822,0.970152,0.904497,-0.0558566,0.906229,0.405419,0.121425,-0.338373,11.2011,-0.123832,-0.116154,1.78767,-0.125539,0.557436,-0.0462816],[-0.0147976,0.0877292,0.125683,0.0294589,-0.256668,-0.279113,-0.00236472,0.00555971,0.00379666,1.01692,0.0013492,0.0215286,-0.562722,-0.0144032,0.011252,-0.180506,-0.0240169,-0.00581876,0.0113526],[-0.133253,-0.585691,0.0536816,-0.618164,-0.0918724,0.0811523,0.865499,0.112037,0.11979,-0.0938218,1.25594,-0.522365,1.93242,0.209548,0.209076,-0.517954,0.937811,1.81094,0.0881393],[0.0965726,0.0828511,0.0605077,-0.0891552,-0.0226041,0.0176664,0.0675111,-0.0132318,0.0276799,0.0176928,0.036688,1.24716,0.647222,0.00661315,-0.0052904,0.177412,0.068372,0.17074,-0.00249938],[-0.00566733,0.00474739,-0.0318389,-0.000766308,0.00737474,-0.00421416,-0.0211813,0.00256652,0.00283573,-0.0331652,0.00320555,0.020447,0.957812,0.00339668,0.00265569,0.00324102,-0.0134041,-0.0207132,0.00117944],[0.63757,0.180982,1.44501,0.679103,1.31311,1.14683,0.162477,-0.0583209,-0.213456,0.151927,-0.0201634,-0.695984,-2.49411,1.02266,0.0289188,0.306091,0.701384,-0.177167,0.109315],[-0.0061538,-0.0584819,-0.594377,-0.746153,-0.0257855,-0.308971,-0.188164,0.0175957,0.206526,-0.494889,-0.148021,0.0830141,-10.2126,0.0533242,1.10477,-2.2868,0.487634,-0.432685,0.0297296],[-0.0234359,-0.0678891,0.0131711,-0.0489333,-0.044531,-0.0320178,0.025029,0.00146951,0.0174673,0.0359303,-0.00571131,0.0111428,-0.175547,0.0181209,0.011762,0.942323,0.040833,0.0773443,-0.00016882],[0.0644547,0.263842,0.0451536,0.0911666,-0.0639771,0.0140492,-0.0507895,-0.0241429,-0.00577462,0.137284,0.00452967,0.0683413,1.27162,0.00222887,-0.0129512,0.254005,0.659389,0.0222927,-0.000403536],[0.0542354,0.0121719,0.112362,-0.0434092,0.0393249,0.0771981,0.118961,-0.00134527,-0.00473312,0.236244,0.0194887,-0.135472,-0.550633,-0.0163291,-0.00597754,-0.194957,0.0873568,-0.0447924,0.00441481],[0.383233,0.0552713,1.13542,-0.631847,0.262938,0.122274,0.651199,-0.0977323,0.288852,-0.605934,0.115426,-0.504395,10.392,0.0733844,-0.056795,1.66448,2.47924,1.06311,1.26093],[-0.0504992,0.165401,-0.199324,0.0208922,-0.453025,-0.369291,-0.0798793,0.0187657,0.00758759,-0.290255,-0.101338,-0.0506103,-3.49977,-0.00681015,0.0302065,-0.9512,-0.221408,0.13996,-0.0174688],[-0.0552433,0.103266,0.0489221,-0.140332,0.222708,0.114875,-0.0937265,0.0194831,-0.00938659,-0.103451,0.00736784,-0.0377829,-1.26323,-0.0201359,0.0115424,-0.263437,-0.0900055,0.161008,-0.000772395],[-0.00508587,-0.0592399,0.0354527,0.0172772,-0.121452,-0.0858251,0.00776232,-0.0172332,-0.0120123,-0.11219,-0.0440126,-0.0217067,-0.790045,-0.0243553,-0.0246898,-0.328393,0.117503,-0.0753986,-0.00195555],[-0.1573,-0.0269788,-0.212928,0.205879,-0.273499,-0.241602,0.137331,-0.00825494,0.100143,-0.038344,0.0147057,-0.107856,3.83051,0.0714712,0.0659381,-0.148952,-0.50293,0.406859,-0.00213022],[-0.0461152,0.0168796,-0.0594864,0.0994073,-0.035692,-0.329938,0.0518697,-0.0147666,0.0245801,-0.112332,0.0313507,-0.0221205,0.565958,0.0180804,0.012277,0.150121,-0.00100114,-0.0775734,-0.00129881],[0.0118087,0.00958269,-0.0284702,-0.103159,0.221061,0.305317,-0.0965904,-0.00445621,-0.0332452,0.0910573,-0.0242963,0.0504581,-0.407796,-0.0157609,-0.0132877,0.102522,0.145339,-0.124532,0.00127398],[-0.0709163,-0.0941099,-0.00934,0.0617279,-0.287673,-0.267255,-0.1163,0.00111327,-0.0728156,-0.0953104,-0.0513462,-0.162893,-0.896304,-0.00401315,-0.0340699,0.459579,-0.0330159,-0.787336,0.00834616],[-0.157818,-0.805402,-0.0938933,0.417164,-0.200564,-0.569438,-0.250626,0.100284,-0.0123511,-0.262995,-0.14734,0.155426,-1.76558,-0.176503,-0.0281077,-3.19413,-2.00413,-0.76501,0.0614711],[0.0681246,0.16448,0.0970568,-0.688515,-1.12163,-0.530084,-0.947774,0.0781301,0.172238,-0.509844,-0.0716007,0.589779,-6.1551,0.116064,0.0954466,-2.50969,-0.552877,-0.559431,0.0214218],[0.00265189,-0.0957065,-0.0622792,-0.0452776,0.300058,0.277594,-0.00826321,0.0269051,0.0243778,0.0855067,0.0177876,0.0308393,1.88459,0.0449525,0.00597235,0.234405,0.236939,0.106815,0.0016593],[-0.123092,0.0687429,-0.435379,0.984403,-0.39212,-0.345434,-0.325993,-0.01738,-0.0398945,0.13067,-0.264152,0.23663,-1.59488,-0.0866952,-0.122853,0.66988,-0.955576,-0.678264,-0.0638952],[-0.00429378,0.0110679,0.0291411,0.0307557,0.00248356,0.00157886,0.0545653,0.0123458,0.0113598,0.0617447,-0.0168129,-0.177923,-0.730531,-0.0123402,0.00430841,-0.183796,-0.0511159,0.0165556,-0.00561352],[-0.00287281,-0.0169515,0.020626,0.00384218,-0.00130083,0.00912109,0.0177577,0.00112136,-0.00280781,0.0230387,-0.00367755,-0.00683556,0.0372818,-0.00235783,-0.0010976,0.0109917,0.0383966,0.017631,-0.00131046],[-0.355818,0.123482,-1.26023,-0.268962,-0.703517,-0.574586,-0.39938,0.00311748,0.0760908,-0.363018,-0.0721156,0.686813,-1.37896,-0.13725,-0.098881,-1.38976,-0.146061,-0.281727,-0.0629643],[0.0187451,0.0848393,0.467882,0.918674,-0.106357,-0.289709,-0.640188,-0.0497765,-0.217538,0.13916,0.116089,0.450322,4.74427,-0.129491,-0.185393,2.26585,-0.575822,-0.3281,0.0129627],[0.02614,0.0603317,0.00638559,0.0265431,0.0316843,0.051213,-0.0292933,-1.60037e-05,-0.0187108,-0.0474197,0.00581859,0.0174759,0.163469,-0.0168843,-0.00913338,-0.0312091,0.0206481,-0.0726567,-0.000800829],[-0.00316431,-0.031233,-0.119102,0.068729,-0.128483,-0.165586,0.0355523,-0.0150473,-0.0304489,-0.249429,-0.0187935,-0.0944586,-2.19359,-0.0342706,-0.00633104,-0.522493,-0.284358,-0.0739619,-0.00976513],[0.0187728,-0.00148966,0.0348644,-0.0287411,-0.0410199,-0.0921324,-0.0291508,-0.000932342,0.0166458,0.0496043,0.0234234,-0.0510236,-0.1685,0.0213073,0.0159066,-0.0194709,-0.00309877,0.224443,0.0119544],[0.0497902,0.565262,-0.542349,-0.104712,-0.0267069,-0.4746,-0.274026,-0.0227556,-0.320135,-0.103806,-0.0178439,0.3025,-3.74091,-0.129639,-0.0226555,-0.659434,-0.0816159,-0.552131,-0.229449],[0.0325935,0.035629,0.0333625,0.131433,-0.333914,-0.287398,0.0236876,0.0105369,-0.0248729,-0.0128399,0.033694,0.0444615,2.62805,0.0167612,-0.012882,0.289755,-0.311559,0.111695,-0.00633569],[0.0348995,0.213539,-0.0088508,-0.0688837,-0.167844,-0.147967,0.0819616,-0.000979905,-0.056132,-0.0492875,-0.0563681,-0.123739,-1.48141,-0.0222682,-0.00998589,-0.0541419,-0.0318079,-0.368603,0.00327817],[0.0137308,-0.016893,-0.130643,-0.0494429,0.107459,0.0975897,0.053923,-0.000616762,0.00832548,0.0496724,-0.00789096,-0.0428602,0.94212,0.00734476,-0.014231,0.414833,0.010337,0.105376,0.00711931],[-0.0483855,-0.117352,-0.132254,0.0705389,-0.0608487,-0.050696,-0.0536717,0.00892845,-0.0589788,-0.0297632,-0.0447534,-0.0462067,-2.34955,-0.0661272,-0.051011,-0.466109,-0.113892,-0.129444,-0.00640662],[-0.0631247,-0.02499,0.00718637,0.087306,-0.0651593,-0.0536906,0.00588922,-0.00943049,0.00351833,-0.053872,0.00622044,0.0579388,-0.631721,-0.020252,0.00317451,-0.433438,-0.185628,-0.015442,0.00399792],[0.0272583,0.0351769,0.0082593,-0.00792996,-0.0622194,-0.0507127,-0.00363852,0.0133753,-0.00383784,-0.0731407,0.00243911,-0.0259456,0.220469,0.00494787,0.00248388,-0.085331,-0.023163,-0.00648261,-0.00463365],[-0.012461,0.0351944,-0.0616618,0.00981083,0.0603345,0.0665718,0.179159,0.0170626,0.00946516,0.0905774,-0.0143776,-0.145413,0.22153,-0.0182616,-0.0119927,0.0406912,0.0920263,0.0580434,-0.0169953],[0.160182,0.00626438,-0.0838041,-0.440937,0.546232,0.316007,0.19173,0.0891954,0.0814452,0.895654,0.0886207,0.111037,3.28683,0.227503,0.16043,1.22343,1.36472,0.478496,0.02903],[0.286213,0.0439284,0.050902,0.145917,0.199278,-0.16544,0.171188,0.00255412,-0.0847025,0.257215,0.00544085,-0.421709,-3.0878,-0.0210679,-0.00684892,0.998136,0.766146,0.34902,0.038818],[0.0120991,0.00797172,-0.0634712,0.0157681,-0.0435131,0.00139263,0.0106563,-0.0324546,-0.0281482,-0.102437,-0.0191284,-0.0523849,-1.31996,-0.0305437,-0.0172306,-0.0535365,-0.213014,-0.100823,-0.0130115],[0.0980613,0.34575,-0.0778737,-0.0106035,0.136847,0.0265166,-0.388625,-0.0658893,-0.0797834,0.0692231,-0.0858821,0.299859,-1.18431,-0.102044,-0.0787888,-0.0344778,-0.744149,-0.977945,0.00114079],[-0.0922229,-0.0938783,-0.0894469,0.058321,0.0200512,-0.0191723,-0.12186,0.000908623,-0.0389772,-0.0792661,-0.0197939,-0.0691963,0.0863449,0.00572349,0.000952129,0.00694694,-0.0171125,-0.186766,0.00811743],[0.00843238,0.0118782,0.0117043,-0.00306814,-0.00627703,-0.00490893,0.0035852,-0.00365689,-0.000112064,0.00948566,0.000554307,-0.01416,-0.000506881,-0.00107664,-0.00152262,-0.0140187,-0.0254276,0.00295139,0.000130379],[-0.155314,-0.214543,0.118278,-0.441169,-0.407221,-0.377249,0.0943431,0.0518719,0.0901044,0.223092,0.0445336,0.0327732,2.00975,0.049734,0.0360863,0.599245,-0.466281,0.133584,-0.037395],[0.00793962,-0.0109969,0.0969264,-0.202812,0.230413,0.637779,0.7934,0.0326577,-0.00281945,0.370959,0.0253198,-0.537803,5.2855,0.0611388,0.0652646,-0.0597785,0.130854,0.675692,-0.039191],[-0.00264883,0.00759321,-0.0187907,0.0226798,0.0121603,-0.019566,0.00431085,-0.00142447,0.00130282,0.011397,-3.59501e-05,-0.0281642,0.0107049,-0.00121172,-0.00261257,0.088649,-0.0613,-0.00468999,0.000965966],[-0.0128009,0.00229274,0.00180245,-0.0844738,-0.00594567,-0.0533857,0.00385788,-0.0125766,0.0115361,0.0174469,0.0115981,-0.078341,0.0565936,0.00523861,0.000725481,-0.101847,-0.149988,-0.0221334,0.00284933],[-0.0711102,-0.0857565,-0.0920876,0.0083881,0.00678202,-0.0263665,0.0963781,0.00819147,0.00522683,0.0173105,0.0146365,-0.135593,-0.269525,0.0107208,0.0045948,0.104421,-0.124159,-0.0618291,0.00174895],[-0.363532,-0.414462,-0.406193,0.334798,-0.139677,0.322776,-0.469316,0.154377,0.09966,0.357192,-0.0734855,0.323902,-5.3597,0.135067,0.172154,-0.59655,-1.15761,-0.250377,-0.115827]],"sigmahat":[[0.223643,0.186721,0.32372,-0.0661672,0.221987,0.237883,-0.0136356,-0.00510359,-0.00686792,0.0516227,0.00507518,0.0221911,-0.0290186,0.00918641,0.00222319,0.123375,0.353392,-0.032399,0.0019075],[0.186721,0.470805,0.170948,-0.0450633,0.00749799,-0.0212848,-0.0826722,-0.0392361,-0.0165161,-0.124878,-0.0012983,0.0450774,-0.377276,0.00601869,-0.0015058,0.0387644,0.0705914,-0.224492,-0.000593362],[0.32372,0.170948,1.1692,0.0274792,0.254834,0.481588,-0.0367587,0.0196456,0.0123925,0.0744191,0.0134094,0.0474759,0.447684,0.0217404,0.0258853,0.318975,0.572078,-0.025583,0.00746743],[-0.0661672,-0.0450633,0.0274792,0.496898,-0.184331,-0.130943,-0.0227697,0.00269188,-0.00734052,-0.0886925,-0.0200682,-0.00548031,-0.607387,0.0113214,0.0188447,0.143776,-0.278111,-0.105621,-0.0132477],[0.221987,0.00749799,0.254834,-0.184331,1.3845,1.28083,0.0247056,0.00566599,0.0190955,0.267764,0.01206,-0.0293725,1.26393,0.0374957,0.0309083,0.274521,0.845806,0.19522,0.0146221],[0.237883,-0.0212848,0.481588,-0.130943,1.28083,1.79072,0.0219072,0.0136001,0.0544485,0.263236,-0.00728562,-0.0564387,1.77087,0.0506931,0.0449123,0.406114,0.838556,0.27671,0.00638513],[-0.0136356,-0.0826722,-0.0367587,-0.0227697,0.0247056,0.0219072,0.471841,0.022512,0.00677665,0.182861,0.0420039,-0.25994,2.08343,-0.00483065,-0.0148581,0.347357,0.310234,0.436271,-0.00679183],[-0.00510359,-0.0392361,0.0196456,0.00269188,0.00566599,0.0136001,0.022512,0.0199781,0.00034574,0.0353754,0.00311812,-0.00605527,0.241086,0.00134603,-0.00416683,0.140203,0.0829741,0.0468269,-0.00177536],[-0.00686792,-0.0165161,0.0123925,-0.00734052,0.0190955,0.0544485,0.00677665,0.00034574,0.0472718,0.00911637,0.00720912,0.00135951,0.897598,0.0326058,0.0239057,0.121002,0.0251559,0.122103,0.00125404],[0.0516227,-0.124878,0.0744191,-0.0886925,0.267764,0.263236,0.182861,0.0353754,0.00911637,0.776674,0.0116088,-0.0868877,2.15494,0.0031341,-0.0164687,0.558209,0.413036,0.155969,0.0102951],[0.00507518,-0.0012983,0.0134094,-0.0200682,0.01206,-0.00728562,0.0420039,0.00311812,0.00720912,0.0116088,0.038119,-0.0144082,0.775447,0.00900803,-0.00101417,0.112244,0.0589322,0.0902978,0.000551638],[0.0221911,0.0450774,0.0474759,-0.00548031,-0.0293725,-0.0564387,-0.25994,-0.00605527,0.00135951,-0.0868877,-0.0144082,0.471355,-0.400444,0.0100391,0.00822393,-0.189758,0.0791704,-0.0225943,0.00437778],[-0.0290186,-0.377276,0.447684,-0.607387,1.26393,1.77087,2.08343,0.241086,0.897598,2.15494,0.775447,-0.400444,93.2697,0.92214,0.0186145,18.6431,5.83104,9.10009,0.0696235],[0.00918641,0.00601869,0.0217404,0.0113214,0.0374957,0.0506931,-0.00483065,0.00134603,0.0326058,0.0031341,0.00900803,0.0100391,0.92214,0.0494795,0.0315347,0.230277,0.0907869,0.0947627,0.00140368],[0.00222319,-0.0015058,0.0258853,0.0188447,0.0309083,0.0449123,-0.0148581,-0.00416683,0.0239057,-0.0164687,-0.00101417,0.00822393,0.0186145,0.0315347,0.0381539,-0.10086,0.00181992,0.0296325,4.01828e-05],[0.123375,0.0387644,0.318975,0.143776,0.274521,0.406114,0.347357,0.140203,0.121002,0.558209,0.112244,-0.189758,18.6431,0.230277,-0.10086,9.28345,1.78666,1.59767,0.0175443],[0.353392,0.0705914,0.572078,-0.278111,0.845806,0.838556,0.310234,0.0829741,0.0251559,0.413036,0.0589322,0.0791704,5.83104,0.0907869,0.00181992,1.78666,3.23427,0.777915,-0.00556772],[-0.032399,-0.224492,-0.025583,-0.105621,0.19522,0.27671,0.436271,0.0468269,0.122103,0.155969,0.0902978,-0.0225943,9.10009,0.0947627,0.0296325,1.59767,0.777915,2.66051,0.00273331],[0.0019075,-0.000593362,0.00746743,-0.0132477,0.0146221,0.00638513,-0.00679183,-0.00177536,0.00125404,0.0102951,0.000551638,0.00437778,0.0696235,0.00140368,4.01828e-05,0.0175443,-0.00556772,0.00273331,0.00710783]],"n":19,"lags":3}