{"betahat":[[1.24693,3.63483,3.35413,19.8541,-0.90829,-2.8373,3.26295,-0.922281,0.177165,7.24857,-0.743547,-3.87798,89.3012,0.936152,0.206686,-18.0805,31.2194,19.2797,3.84512,-11.885,-8.77524,-0.332096,-27.2286,1.93713,-0.164778],[0.951439,-0.196353,0.0955247,-0.0501756,0.190957,0.158403,0.167367,0.00609258,0.0351019,0.248353,0.0745626,-0.0758588,0.0389446,0.000693884,0.0188884,0.353151,-0.0599206,-0.102442,0.0919726,0.887227,-0.274675,0.0785121,-0.140803,0.0563439,0.00180574],[-0.023549,0.706131,-0.141952,0.115916,-0.327415,-0.227187,-0.133635,-0.00388599,0.0473404,0.0853622,0.0235494,0.213832,-0.768749,0.016616,0.0174189,-0.518639,-0.0505737,0.0673856,-0.0713168,-0.406776,0.146934,0.0201709,0.0262632,-0.140916,-0.00843357],[0.0377201,0.0605974,1.07843,0.0313458,0.405834,0.221112,-0.0228942,0.00252261,0.015425,0.0717844,0.0496642,-0.000286297,1.13061,0.0296479,0.0152712,0.640225,-0.00329544,0.0294073,0.00022836,0.0487409,-0.0232661,0.0287493,0.262724,0.0126111,0.022582],[0.0322195,-0.026576,0.145448,0.562815,-0.0813601,-0.0245442,0.0236287,0.00288231,-0.0120652,-0.0628771,0.0237416,0.0597548,-0.835386,-0.0205711,-0.00620555,-0.0863489,-0.035446,-0.0581902,-0.0812963,-0.310313,-0.0787,0.0202362,0.140786,-0.1524,-0.0261726],[0.0510011,0.0371437,-0.0283162,-0.10434,1.00936,0.0806082,0.00521255,0.00920629,-0.00213635,0.0780902,-0.00126744,-0.00166703,0.51633,-0.000227691,-0.00619736,0.15091,0.0400361,-0.0408334,0.0147978,0.0874018,-0.0240821,-0.00943975,0.021957,-0.0173867,0.00161212],[-0.0196144,0.00543802,-0.0141405,-0.0153226,-0.148057,0.747517,0.0274585,-0.00932923,0.0261955,-0.0330437,0.00135203,-0.0107381,0.557025,0.00897855,0.00822037,0.0952663,-0.0105518,0.0238636,-0.00409828,0.0926252,0.0308164,-0.000855874,-0.0595668,0.0902808,0.0154434],[0.134019,0.147074,0.0871205,0.0401864,0.468428,0.274039,0.875835,-0.0216361,0.0760882,0.155958,0.0610734,0.168524,2.29703,0.0310386,0.0247953,0.235729,0.0122364,-0.0144441,-0.0269365,0.727449,0.0324467,0.0223732,0.195285,0.521896,0.0497342],[0.247707,0.475663,0.17246,-0.341835,0.957415,0.725469,-0.161645,1.00605,-0.121927,-0.545642,0.0127482,-0.0958836,-9.30682,0.088176,0.0311559,0.957236,0.33653,0.244992,-0.264329,-0.425271,0.276898,-0.0421841,0.894106,-1.08164,-0.210462],[-0.262973,-0.882111,-0.308876,-0.609393,1.40906,1.1928,0.741656,0.0683338,0.938259,0.785863,0.206022,-0.589813,6.83371,-0.0961346,-0.171718,3.48809,-0.587473,-0.166869,0.0225726,2.46663,0.376665,0.141953,0.148888,0.417308,-0.0415579],[-0.00571689,0.0384141,-0.0324442,-0.0131276,-0.321353,-0.345759,-0.00865385,-0.01637,-0.0134369,1.09064,-0.0265476,-0.0183346,-0.175792,-0.00642139,0.0158724,-0.42154,-0.0618025,-0.0405845,-0.0364706,-0.237674,-0.00609374,-0.00472685,-0.134708,0.0323233,0.0125153],[-0.0487196,-0.0995946,-0.0542028,0.431575,-0.291661,0.057965,0.291972,-0.112576,-0.170434,0.322534,1.04309,-0.117557,-9.1386,0.0109176,0.101861,-1.11034,-0.0873144,-0.121017,0.374273,1.70022,0.162535,0.161044,0.046689,-0.295976,0.0486459],[0.0995775,0.0959153,0.00687881,-0.0963097,0.155234,0.134871,0.051462,-0.0163406,0.0178848,0.114701,0.0215422,1.12634,0.898101,0.022292,0.00146992,0.402201,-0.0147052,0.10605,-0.0406794,0.214786,0.0501849,0.0239814,0.158737,0.201197,0.00898897],[-0.00229199,-0.000994938,-0.0303668,-0.00582231,0.0119103,0.00101494,-0.0138311,0.00220313,-0.00170223,-0.0120169,0.000631167,0.00452861,0.869808,0.000133831,0.00346881,-0.0561367,0.00324602,-0.00496343,-0.00250305,0.000682335,0.0121033,0.000147999,-0.00817425,-0.00571077,0.00274186],[0.553817,0.492605,1.54708,1.07278,0.336558,0.378507,-0.397234,-0.123184,-0.111034,-0.595467,-0.0913464,-0.342011,-5.41423,0.942059,0.124187,-1.52111,0.258325,-0.301291,0.0803025,1.72454,0.914823,-0.0456311,0.705065,-0.641961,0.185123],[-0.335892,-0.243646,-0.973374,-0.0608148,-0.396481,-0.617308,-0.191027,0.176094,0.205468,-0.199997,-0.137743,0.4746,-5.43167,-0.00515988,0.911256,-2.92277,0.224767,0.442746,0.209423,-0.533638,-0.29905,-0.0554246,-0.564864,-0.358371,-0.105543],[0.00470749,-0.0238747,0.0315953,0.0061742,0.0179484,0.0229632,0.0122305,-0.00544649,0.0121357,0.0503069,-0.002249,0.0246374,0.128439,0.0107183,0.00424621,1.03071,0.00693789,0.0327254,0.0123399,-0.0691469,-0.0268239,-0.00492609,0.0696152,0.04083,0.00951122],[0.106637,-0.0616998,-0.0632915,0.218333,-0.768648,-0.710866,0.0408502,0.025027,-0.109179,0.123207,-0.0400766,-0.0133963,1.35696,-0.0715056,-0.152829,1.60097,0.603959,0.45291,-0.191377,0.0658864,-0.0475879,-0.0326217,0.190145,-0.00556265,-0.0664431],[-0.0324321,0.233493,-0.0720326,-0.0382034,-0.678602,-0.323277,0.00279269,-0.0206853,0.0217947,-0.0331331,-0.00743686,-0.0386829,-2.59798,-0.0426666,0.0344715,-0.355905,-0.04933,0.385888,0.108297,-0.650097,-0.00384106,0.00466805,0.0457794,-0.0543534,0.0312935],[-0.176955,-0.270816,-0.379711,-0.558262,-0.453064,-0.364032,0.0809069,0.0164179,0.00401684,0.418312,-0.0325782,-0.176044,1.21707,0.0419369,0.048291,0.141201,-0.277378,-0.161002,-0.206492,1.14445,-0.0672279,-0.0227849,-0.277828,0.252369,0.013503],[-0.00531286,0.00788629,0.00547308,-0.0244603,0.0381326,0.0666818,-0.0177674,0.00165969,0.00082833,-0.0149906,-0.00570185,0.0387298,-0.504383,-0.00206987,-0.00103431,-0.0517252,-0.00399097,0.00403002,-0.0248399,-0.36262,-0.0101913,-0.00482044,0.00297522,0.0582226,-0.0061497],[0.0495433,0.0200995,0.0657059,0.0190428,0.197366,0.219658,-0.0873608,0.00855413,0.0531645,0.00393119,-0.0161567,0.00677437,1.11179,0.0456274,0.0175686,0.577665,0.0123596,-0.0175957,0.0217295,0.550087,1.04567,-0.0146988,0.186653,0.00698654,0.0115822],[0.122917,-0.297511,0.425851,-0.959968,-0.166598,-0.419473,0.668318,0.202169,0.398577,-0.133404,0.20962,-0.688823,11.3342,0.351846,0.164134,1.60475,-0.0185718,0.629979,-0.0393402,-0.29927,0.131835,1.17367,1.62894,2.42861,0.0826714],[0.0478924,0.148145,0.0242101,0.11224,-0.0353131,0.0387268,-0.00607279,-0.0204252,-0.0138577,0.130405,0.0171279,0.0467835,1.9333,0.00959142,-0.0282574,0.363057,-0.0185996,0.00122395,-0.0216816,-0.18889,-0.0193965,0.00575,0.58302,0.124555,-0.0204476],[0.0280175,0.0496047,0.0849148,-0.0610086,-0.00137558,-0.00857408,0.101101,-0.000539579,-0.00787545,0.131004,0.0231555,-0.0717309,-1.10801,-0.0254657,-0.0118393,-0.560224,0.0139824,0.0393044,-0.0191656,-0.00160383,-0.00830972,0.0124399,-0.0387509,-0.299952,0.00473969],[0.0629436,0.113329,0.193281,-0.530662,-1.10562,-0.137543,0.207643,-0.0713315,0.0412653,-1.32832,-0.00280843,0.302571,-1.36165,-0.213872,-0.010241,-3.24242,-0.0320188,-0.156399,-0.245133,-1.28512,-0.371019,-0.0751344,-0.551644,-0.101313,0.97785],[-0.0184656,0.152431,-0.0481134,-0.0692806,-0.0804765,0.0722602,-0.11498,0.0179672,0.0106277,-0.292432,-0.0754738,0.0419015,-1.55883,0.000535418,0.0212625,-0.630613,0.0641016,0.0687149,-0.0758319,-0.54822,0.154488,-0.0507108,0.212669,-0.0563099,-0.0235525],[-0.0156645,0.118443,0.0738171,-0.115069,0.251178,0.113447,-0.0252072,0.00502421,-0.023569,-0.210708,0.00643291,-0.0652943,-0.710939,-0.0139308,0.0202596,-0.0752096,0.00819732,-0.0122807,0.0446722,0.392259,-0.077369,0.00549622,-0.0412923,0.128075,-0.00695587],[-0.0235031,-0.0774448,0.0167516,-0.0104874,-0.178435,-0.0340497,0.0127432,-0.00846729,-0.0190989,-0.0605193,-0.0353407,-0.0107754,-1.32989,-0.0248766,-0.0181657,-0.459563,-0.00433774,0.0217009,0.00879169,-0.0634711,0.0251113,-0.0247092,-0.152303,-0.0347031,-0.013296],[-0.0403751,0.034591,-0.116249,0.25676,0.014909,0.0027165,-0.00322062,0.00361009,0.0327762,0.0549622,-0.00767559,-0.0570058,1.15208,0.0316978,0.0307109,-0.0337145,0.0181586,0.0648911,0.0530607,0.0768224,0.00253767,-0.00478664,-0.160285,0.128384,0.0248448],[-0.0294707,-0.00534592,-0.00449995,0.0507494,-0.049366,-0.117262,0.00738355,-0.00366706,-0.00193817,-0.0541678,0.0021447,-0.0127241,-0.555849,0.00582885,0.0127784,-0.0654068,-0.0255054,-0.00863381,-0.0197957,-0.109034,-0.00571034,0.003602,-0.0074168,-0.0179934,-0.00582022],[0.01259,0.00283912,-0.00643565,-0.00461303,0.101091,0.181683,-0.0230384,0.00467211,-0.0233463,0.060874,-0.00378133,0.0230643,-0.54743,-0.0107016,-0.00967357,-0.00986884,0.00990433,-0.0202692,0.0204421,-0.138606,-0.0450225,-0.00766898,0.0725677,-0.078868,-0.00704246],[-0.0540845,-0.148189,-0.00753934,0.00959632,-0.323235,-0.212441,-0.0213113,0.00778671,-0.0731107,-0.0594514,-0.0342973,-0.0673356,-0.86878,-0.0106721,-0.0333823,0.162157,-0.00953953,-0.0487161,0.0196021,-0.691058,-0.0306386,-0.0145838,-0.0710764,-0.510288,-0.0140294],[-0.160397,-0.337993,0.0256539,0.460776,-0.0817923,-0.163387,-0.0390477,-0.0569686,0.0684246,-0.168843,-0.0820966,0.277115,-0.00332514,-0.0955522,-0.0380572,-1.90345,-0.331814,-0.0502286,0.381353,-0.162935,-0.347166,0.00443669,-1.26801,0.477906,0.142529],[-0.0274837,0.221474,0.320665,0.0262335,-1.2292,-0.80668,-0.410534,0.0209855,0.0305274,-0.531181,-0.0376379,0.534848,-3.51665,0.0803767,0.0931486,-2.48627,0.011506,0.0640903,0.238756,-1.60624,-0.250687,-0.00979981,-0.588858,0.237982,-0.030482],[0.000449691,-0.00493857,0.0213027,0.0783391,0.246248,0.305947,-0.00529431,0.0128524,0.00300486,-0.0437936,0.0177597,0.0223749,1.00952,0.0266589,0.00609743,0.299894,0.0569457,0.119904,0.0316526,0.322193,0.00873808,0.0153191,0.195852,0.0651358,-0.00738482],[-0.200587,-0.174427,-0.389281,0.603764,-0.0946942,0.0887895,-0.0643389,-0.0140507,-0.00639745,-0.142465,-0.190867,0.0387019,-0.602052,-0.0272196,-0.0119206,-0.847163,-0.0221413,-0.0547796,-0.0522328,-1.38121,-0.297585,-0.168531,-0.604204,0.0078875,-0.0278676],[-0.0279532,-0.0519781,-0.0211565,0.0575425,-0.130479,-0.111371,0.0315893,0.0139226,0.00582864,-0.0482676,-0.0171479,-0.0882943,-1.25669,-0.0242871,-0.0034063,-0.436629,-0.020338,-0.0592621,0.035378,-0.140079,-0.117395,-0.0154895,-0.146582,-0.111486,-0.0178607],[-0.00234227,-0.0068361,0.0157711,0.00205926,-0.0157677,-0.00594974,0.0110665,-0.000655304,-0.00163216,-0.00272649,-0.00186336,0.00161217,-0.0189138,-0.000931327,-0.00119809,0.0117101,-0.00152678,0.00707812,0.0025471,0.0130666,-0.00342003,-0.00016209,0.0127936,-0.00283351,-0.00246926],[-0.0436197,-0.049477,-0.253424,-0.605696,-0.128323,0.581349,-0.298387,0.00159231,-0.140858,0.17147,-0.080666,0.589566,-4.57002,-0.191389,-0.166402,-0.608672,-0.0964158,-0.148881,-0.241799,-3.55957,-0.509699,-0.0680111,-0.244588,-0.744189,-0.137925],[0.290988,0.388502,0.447663,0.0537367,0.537171,0.122377,-0.259133,-0.117852,-0.0905212,0.750978,0.120366,-0.384871,7.19639,-0.0114249,-0.00387592,1.85789,-0.0944709,-0.265582,-0.099987,0.107899,-0.118771,0.0625568,1.63896,0.293531,0.221565],[-0.00982686,0.00838698,-0.0114793,-0.0132909,0.0140019,0.0308808,-0.0116238,0.0057246,-0.00860034,-0.0552335,0.00236267,0.00469023,-0.21031,-0.0124099,-0.00296764,-0.0783589,-0.00724973,-0.0171767,-0.0150403,0.0139451,0.026422,0.00180475,-0.0453668,-0.0394478,-0.00764734],[-0.198737,-0.124834,0.0730586,-0.156855,1.12261,0.924711,-0.0849051,0.0202148,0.11945,-0.340726,-0.00227293,-0.00549613,-0.997526,0.0967902,0.116984,-0.0879059,-0.146727,-0.0651914,0.0750581,0.0896477,0.197452,0.0103822,-0.165128,0.129591,0.115424],[0.0425898,-0.13272,0.0558634,-0.0315284,0.431725,0.25984,0.0294995,0.0220621,0.00365198,-0.194482,-0.00256491,0.0302727,1.68596,0.0119844,-0.00835808,-0.153521,0.0650055,0.133759,-0.134003,0.260994,-0.0117651,0.00478794,-0.0233375,0.0839938,-0.0159951],[0.0442145,-0.0772575,-0.0533391,0.245988,-0.014739,0.311621,0.102826,-0.0156009,-0.0320892,0.31144,-0.0150733,-0.122831,1.22547,-0.0340144,-0.0194253,-0.500672,-0.146986,-0.00718302,0.176809,1.15422,-0.0215093,-0.0143112,0.135859,-0.120477,-0.022405],[-0.0119862,-0.00899831,-0.0183689,0.0118971,-0.0587464,-0.0405803,-0.0283658,-0.00115446,-0.00192943,-0.0201156,-0.00565444,-0.00583299,-0.255139,0.00305121,0.00513634,0.0403192,-0.00350054,-0.00556501,-0.00764568,-0.306896,0.0051926,-0.00595649,0.023161,-0.00642153,-0.00287437],[0.00692252,0.0291795,0.0581355,0.0103402,-0.0161349,-0.0524307,0.207396,-0.0140516,-0.0501615,0.066029,0.0228971,-0.10262,-0.197968,-0.0292959,-0.0125754,-0.231785,-0.0138031,0.0220575,-0.00926319,-0.145824,-0.00155374,0.0218031,0.100677,0.171728,-0.00586571],[0.10962,0.157353,-0.0567396,0.420833,0.752738,0.41385,-0.134838,-0.0972106,-0.173025,0.141698,-0.0957546,0.0405517,1.08497,-0.183134,-0.213019,2.22506,0.110822,-0.214366,-0.0956525,-0.372379,0.0537601,-0.184303,-0.850829,-0.581905,0.0323291],[-0.0137285,0.0210937,-0.0685009,0.00751317,-0.0652111,-0.123549,0.049488,-0.0062053,-0.00710745,-0.213188,-0.00266059,-0.0573448,-0.875692,-0.0243095,-0.0137478,-0.0883238,0.0257893,-0.073303,0.021834,0.0570089,0.0740578,0.00013369,-0.1618,0.025558,-0.00191811],[-0.00818712,0.021211,0.0267345,-0.004844,-0.0623903,-0.0937173,-0.0838253,0.00120846,0.00995193,-0.0506858,0.00725924,-0.0316561,-1.49445,-0.000530745,0.0243484,-0.513935,0.0323476,0.0483543,-0.038972,-0.25515,-0.0447467,0.0132455,-0.104946,0.000644863,0.0106362],[-0.0701021,0.462073,0.242764,0.0804831,0.0289598,-0.673272,0.265515,0.0286198,0.0710195,0.310934,0.0390982,-0.166054,2.35858,0.191298,0.169171,0.869068,-0.0210841,-0.173192,0.15559,2.14692,0.60543,0.0810518,0.722066,0.832969,-0.101859],[0.0667233,0.043641,-0.0476554,0.118847,-0.110983,-0.230902,-0.0519321,-0.0241169,-0.0456203,0.0442887,0.000960324,0.0340416,1.52683,-0.00126608,-0.0402503,0.28044,-0.00440695,0.0333404,-0.0159258,-0.336242,0.121096,-0.0278263,-0.0709005,0.000676714,0.0217973],[0.0391509,0.17519,0.0677979,-0.00198449,0.0760308,0.11349,0.158781,-0.00113342,-0.0237105,0.12508,-0.0300125,-0.148297,1.47819,-0.00277991,-0.0377499,0.595061,0.0421753,-0.055863,0.0265476,0.0151276,-0.0691316,-0.0257742,0.0153341,0.0121545,0.01537],[-0.0147058,0.0164372,-0.0971452,-0.0215815,-0.22674,-0.186976,0.0106151,0.00570456,0.00382707,-0.00978531,-0.014158,0.0114483,0.207406,-0.00504247,0.00283224,-0.180685,0.00741653,-0.0511737,-0.00873268,0.0166871,-0.00191446,-0.00408311,-0.11005,0.0227646,-0.00915087],[0.00800975,-0.00821448,-0.0291801,0.178817,0.0672381,0.0228304,-0.0203118,-0.00651655,-0.0205364,0.00764607,-0.0160813,-0.00224039,-0.318628,-0.0110878,-0.0243964,0.121149,0.017164,-0.00628778,0.0281075,0.23424,0.0765943,-0.0154057,0.0200795,0.0246579,0.00125783],[-0.0210996,-0.0313302,0.0315385,0.0507807,0.0388416,0.0336421,-0.0121489,-0.00578341,0.00381113,-0.0220056,-0.000741125,0.0147325,0.0609738,-0.0056987,-0.00706638,-0.0743382,-0.0155422,0.0457327,0.00518273,0.0277893,0.0321383,0.00549253,-0.0087593,0.0349402,0.00437204],[0.00730847,-0.00804382,0.0193985,0.0179455,0.0455947,0.066836,-0.00381516,0.00453128,-0.00306823,-0.0257893,0.0026365,-0.0118793,0.00722247,0.00164351,0.00113074,-0.0775299,-3.18615e-05,-0.00617906,-0.0163347,0.0512193,0.0161757,0.00834168,-0.00786241,-0.0115916,-0.00827907],[-0.0792764,0.00068844,-0.0753362,-0.0572795,-0.138956,-0.0559835,0.141658,0.0149904,-0.00321124,-0.0996482,-0.0268614,-0.098244,-1.4388,-0.0195022,0.00881856,-0.382534,-0.000590001,0.0682894,0.00566405,-0.0223139,0.0098982,-0.00785889,-0.106545,-0.0105897,-0.0359659],[0.0779004,-0.114055,-0.122257,-0.227639,-0.187348,-0.0886742,0.0759002,-0.00798268,-0.00398047,0.567687,0.0626466,-0.214539,6.95191,0.0712867,0.0205139,2.02518,-0.137942,0.0639524,0.0390947,-0.0119844,0.156544,0.0309783,1.02243,0.411642,0.0970854],[0.0119879,0.255396,0.0143564,0.438508,-0.441974,-0.603983,0.092019,-0.00413293,-0.0200619,-0.0530426,-0.0136181,-0.11472,3.16807,-0.0900973,-0.0281712,-0.646556,0.200434,0.35321,-0.0606492,0.12168,0.245284,0.0182699,-0.0432299,0.340443,-0.0173825],[0.00200312,-0.0335102,0.00500787,-0.0730453,0.069784,0.0335718,0.0129354,0.00290918,0.011734,-0.0518524,0.00819853,-0.00580462,-0.786548,-0.0200475,-0.0211952,0.122731,0.00444233,-0.0794113,0.00495965,-0.0771068,0.00413141,-0.0110353,-0.0598215,-0.0936926,-0.00437778],[-0.0176775,0.0449402,-0.321858,-0.25913,-0.177701,-0.453936,-0.388312,0.0415732,-0.0610457,-0.390046,-0.0558947,0.147136,-1.85127,-0.0276309,-0.036881,-0.34589,-0.0934667,0.0704003,-0.0976957,-0.595366,-0.0474653,-0.0310576,-0.225103,-0.544889,-0.0313421],[-0.0715264,-0.0445787,0.0200728,0.0407507,-0.0270291,-0.0214458,-0.0799311,0.00278086,-0.0219287,-0.0675885,-0.00283141,-0.035021,0.37003,0.00250599,0.00168524,0.0435508,0.0335775,-0.0411095,0.00615378,-0.069768,0.0683848,-0.00679114,-0.0143909,-0.0806426,0.00854517],[0.00138281,0.00414922,0.00715147,0.00085482,-0.0149862,-0.0106169,0.00125848,-0.00173806,0.0020789,0.00602538,0.000219154,-0.0143252,-0.0413021,-0.000120895,2.78568e-05,0.00150464,-0.000161349,-0.00718192,0.000834482,-0.0138629,-0.0136596,-0.000145384,-0.0171344,-0.000342176,-4.87417e-05],[0.15001,0.0334838,0.463618,-0.217097,0.69261,0.309755,0.0241083,0.0039581,0.100456,0.518219,0.0221374,0.0258093,2.44111,0.0638166,-0.0140177,1.17862,0.0900393,-0.174911,0.0963588,0.339872,-0.596413,-0.0106857,-0.187272,0.119699,0.0591984],[-0.0450682,-0.143213,0.00599798,-0.102544,0.266378,0.575641,0.280471,0.046381,-0.0187105,-0.51682,0.00360697,-0.210662,-3.55251,0.0290412,-0.0075064,0.291686,-0.110779,-0.0134134,0.0153717,1.20453,0.0311927,-0.00701249,-0.300327,-0.300625,-0.0825075],[0.00729317,0.0151775,-0.0077477,0.00672623,-0.0289189,-0.0468614,0.0003052,-0.00138341,-0.00378606,0.0073307,0.00240243,-0.0196718,0.0435328,0.00159703,-0.00140853,0.0409544,-1.61063e-05,-0.0145957,0.00304561,0.049885,0.00388071,0.00371445,-0.0124792,0.000205798,-0.00167266],[0.0693821,0.150278,-0.140153,-0.0289672,-0.343742,-0.231988,0.0142098,-0.0239597,-0.0439842,0.147865,0.0100746,0.0108052,-1.33891,-0.0432825,0.0239788,-1.4104,-0.303319,-0.329,0.0771024,-0.445607,-0.24233,0.013568,-0.167934,-0.319001,-0.0714601],[-0.0175468,-0.0598496,0.0233814,0.0933803,0.266457,0.226722,-0.0401348,-0.00200038,-0.0145467,0.145528,0.0176329,0.0432596,0.399293,0.0173342,-0.0113322,0.0975987,0.100152,-0.0518784,0.0114536,0.102105,-0.00267701,0.0094271,-0.028599,0.0849507,-0.0165118],[0.0609758,-0.077575,0.108188,-0.109579,0.354095,0.29965,-0.0357269,-0.0174691,-0.00709587,0.147874,0.0324066,-0.0817479,-0.426057,0.00356648,0.007422,0.50692,-0.0171017,0.0443259,-0.036688,-0.628605,-0.0402623,-0.00632828,0.0397304,-0.0179556,0.0211258],[0.00692676,0.00164171,0.0133975,-0.00608811,-0.000718056,0.000160985,-0.00430342,0.00401878,0.00622566,0.0540313,0.00486466,0.00332097,0.134738,0.00496107,-0.00604815,0.143897,-0.00640808,0.00274524,0.0070932,-0.0825347,0.0156347,0.00408756,0.0217649,0.0155376,0.00107631],[-0.0562996,-0.0499672,-0.121453,-0.0312886,-0.180262,-0.165961,-0.121957,0.00631738,-0.00358925,-0.0741129,-0.00680024,0.0975974,-0.937748,-0.0162589,-0.00515359,-0.341526,0.00353196,-0.00183146,-0.0135196,-0.400312,-0.0424949,-0.00705434,-0.283032,-0.180342,-0.00614596],[0.0401664,0.132359,-0.316543,-0.0622468,0.400875,0.374281,-0.333045,-0.0290981,-0.035334,0.291899,-0.0514902,0.247634,-1.37243,0.0190147,0.00268767,0.870356,-0.000280408,0.0563255,-0.00214745,0.0475302,-0.149375,-0.0434404,0.0674705,-0.747505,0.00330924],[-0.00475136,0.0304751,-0.0926326,-0.0746233,-0.022748,-0.081209,0.00680917,-0.0129538,0.00586063,0.032677,0.00233792,-0.0686437,-0.298554,0.000574513,0.0164503,-0.294941,0.00358725,-0.0711408,-0.013499,-0.087625,0.0149764,-0.0041925,-0.116335,-0.0149009,0.00624923],[-0.0343052,-0.0526016,-0.0462962,-0.0117515,0.0451924,-0.0250874,0.0670208,0.00109757,0.0069353,0.0385594,0.00470626,-0.0864783,-0.277291,0.00620639,0.00502245,0.00652317,-0.00259224,0.0158983,0.00807409,0.319957,-0.0759759,0.0129105,-0.0483672,-0.137815,0.00906238],[-0.0578712,-0.14041,-0.494499,0.387498,0.277873,0.106758,-0.203786,0.0549894,0.0660377,0.644907,0.014468,0.103624,2.36577,0.0908888,-0.00430504,1.45165,0.257286,0.212207,0.188953,-0.297402,-0.0835606,-0.0182635,-0.037181,-0.234044,-0.0200467]],"sigmahat":[[0.222964,0.148084,0.238376,-0.00911201,0.240902,0.196141,0.00878634,-0.00928758,-0.0293684,0.175787,0.00830857,0.00596547,0.660165,0.0105308,-0.0108343,0.436058,-0.00260373,-0.0372121,-0.00282684,0.345546,-0.0106427,-0.00766322,0.394025,0.0272826,0.00911906],[0.148084,0.403971,0.151468,0.0302708,-0.0381954,-0.0830954,-0.0729685,-0.0320939,-0.028127,-0.0641091,0.0068275,0.029616,0.236129,0.0133951,0.00130772,0.178969,0.0310293,-0.0871257,-0.00104501,-0.337272,-0.00176881,-0.00352266,0.0971602,-0.140378,0.00458331],[0.238376,0.151468,1.03272,0.064884,0.333444,0.597243,0.0303518,0.00441103,0.0242243,0.186053,0.0286292,0.00938393,1.20107,0.0371437,-0.0092679,0.988,-0.00750434,0.0274029,0.00447537,0.49779,-0.00547043,0.0093714,0.593018,0.139149,0.0239066],[-0.00911201,0.0302708,0.064884,1.0153,0.157532,0.19894,0.00477099,-0.0241389,-0.0153721,0.310173,-0.0160409,0.00893875,0.792469,0.00450355,-0.00346325,0.157148,0.109799,0.197581,0.133223,-0.251701,-0.0290093,0.00214644,-0.224582,0.123343,-0.000777908],[0.240902,-0.0381954,0.333444,0.157532,2.64897,2.38411,0.133873,-0.018004,0.0160117,0.693592,0.0320762,-0.128173,2.57379,0.0332358,-0.00205477,1.22337,0.030342,0.161683,0.0339329,1.60752,0.0197562,-0.00987695,1.20092,0.377116,0.055993],[0.196141,-0.0830954,0.597243,0.19894,2.38411,3.16047,0.161476,-0.015895,0.034768,0.726486,-0.00157861,-0.126457,1.69816,0.0345249,0.00892044,0.933822,0.0286045,0.284758,0.0330047,1.27628,-0.00689622,-0.018221,1.141,0.389352,0.00886382],[0.00878634,-0.0729685,0.0303518,0.00477099,0.133873,0.161476,0.410126,0.00645743,0.0174906,0.244379,0.0291843,-0.205137,2.04723,0.000955642,-0.0118038,0.403444,-0.0384626,0.00918222,0.0591331,0.941901,0.0279666,0.0168787,0.272538,0.346502,-0.00535712],[-0.00928758,-0.0320939,0.00441103,-0.0241389,-0.018004,-0.015895,0.00645743,0.0232123,0.00580393,-0.0159013,0.00125615,-0.000222688,-0.0441758,0.00188447,-0.00139397,0.048293,0.00255056,0.0199908,-0.00726194,0.117124,-0.00225556,0.00309304,0.0477872,0.0111132,-0.00423261],[-0.0293684,-0.028127,0.0242243,-0.0153721,0.0160117,0.034768,0.0174906,0.00580393,0.059697,-0.0117981,0.0128139,-0.00769798,0.866972,0.0295722,0.0236428,0.0729754,-0.0106871,3.41251e-05,0.0105007,-0.0174167,-0.0190163,0.00627012,0.0318869,0.108728,0.0100499],[0.175787,-0.0641091,0.186053,0.310173,0.693592,0.726486,0.244379,-0.0159013,-0.0117981,1.39604,0.0159553,-0.149142,4.73958,0.0111653,-0.0311997,1.16883,-0.00012132,0.160841,0.0548199,0.580316,-0.0617982,-0.00861744,0.748911,0.345445,0.0419558],[0.00830857,0.0068275,0.0286292,-0.0160409,0.0320762,-0.00157861,0.0291843,0.00125615,0.0128139,0.0159553,0.0321696,-0.00711101,0.699633,0.00917777,-0.0019094,0.171617,-0.00907131,-0.00520126,0.0066224,0.0876426,0.0133111,0.0156918,0.0616417,0.0416334,0.00630799],[0.00596547,0.029616,0.00938393,0.00893875,-0.128173,-0.126457,-0.205137,-0.000222688,-0.00769798,-0.149142,-0.00711101,0.371666,-0.640551,0.00426133,-0.00128447,-0.200296,-0.00406893,0.0327382,0.0240148,-0.590491,0.0353227,-0.00362467,0.0134258,-0.0807398,-0.0103372],[0.660165,0.236129,1.20107,0.792469,2.57379,1.69816,2.04723,-0.0441758,0.866972,4.73958,0.699633,-0.640551,106.86,0.857316,-0.276293,21.8596,0.0739806,0.108394,0.492552,4.20629,0.991795,0.241036,6.86104,7.86337,0.524856],[0.0105308,0.0133951,0.0371437,0.00450355,0.0332358,0.0345249,0.000955642,0.00188447,0.0295722,0.0111653,0.00917777,0.00426133,0.857316,0.0466699,0.025721,0.266915,-0.0102531,-0.00750089,0.00299646,-0.0182714,-0.00449854,0.00689562,0.106679,0.0894217,0.00333658],[-0.0108343,0.00130772,-0.0092679,-0.00346325,-0.00205477,0.00892044,-0.0118038,-0.00139397,0.0236428,-0.0311997,-0.0019094,-0.00128447,-0.276293,0.025721,0.0493871,-0.343836,-0.00320502,0.00778462,-0.00219898,-0.0386518,-0.0235297,0.0036847,0.00583,0.0207248,-0.000945285],[0.436058,0.178969,0.988,0.157148,1.22337,0.933822,0.403444,0.048293,0.0729754,1.16883,0.171617,-0.200296,21.8596,0.266915,-0.343836,13.8584,-0.113643,-0.357936,0.0861277,2.27442,0.514503,0.0346907,2.14952,1.43725,0.138079],[-0.00260373,0.0310293,-0.00750434,0.109799,0.030342,0.0286045,-0.0384626,0.00255056,-0.0106871,-0.00012132,-0.00907131,-0.00406893,0.0739806,-0.0102531,-0.00320502,-0.113643,0.147514,0.125462,-0.00743011,-0.122775,-0.0377122,-0.00380697,-0.0734226,-0.0322127,-0.000869557],[-0.0372121,-0.0871257,0.0274029,0.197581,0.161683,0.284758,0.00918222,0.0199908,3.41251e-05,0.160841,-0.00520126,0.0327382,0.108394,-0.00750089,0.00778462,-0.357936,0.125462,0.549034,0.00424194,0.212555,0.0255798,0.0184872,0.250005,0.192259,-0.00104418],[-0.00282684,-0.00104501,0.00447537,0.133223,0.0339329,0.0330047,0.0591331,-0.00726194,0.0105007,0.0548199,0.0066224,0.0240148,0.492552,0.00299646,-0.00219898,0.0861277,-0.00743011,0.00424194,0.159548,0.159906,0.001773,0.00603611,0.0641414,0.104793,0.00572338],[0.345546,-0.337272,0.49779,-0.251701,1.60752,1.27628,0.941901,0.117124,-0.0174167,0.580316,0.0876426,-0.590491,4.20629,-0.0182714,-0.0386518,2.27442,-0.122775,0.212555,0.159906,11.712,0.0875605,0.0414344,2.54276,1.23431,0.0701533],[-0.0106427,-0.00176881,-0.00547043,-0.0290093,0.0197562,-0.00689622,0.0279666,-0.00225556,-0.0190163,-0.0617982,0.0133111,0.0353227,0.991795,-0.00449854,-0.0235297,0.514503,-0.0377122,0.0255798,0.001773,0.0875605,0.733345,0.0140043,0.236199,0.276773,0.00243405],[-0.00766322,-0.00352266,0.0093714,0.00214644,-0.00987695,-0.018221,0.0168787,0.00309304,0.00627012,-0.00861744,0.0156918,-0.00362467,0.241036,0.00689562,0.0036847,0.0346907,-0.00380697,0.0184872,0.00603611,0.0414344,0.0140043,0.019471,0.0223789,0.0225393,-0.000226049],[0.394025,0.0971602,0.593018,-0.224582,1.20092,1.141,0.272538,0.0477872,0.0318869,0.748911,0.0616417,0.0134258,6.86104,0.106679,0.00583,2.14952,-0.0734226,0.250005,0.0641414,2.54276,0.236199,0.0223789,3.07732,0.735148,0.0438965],[0.0272826,-0.140378,0.139149,0.123343,0.377116,0.389352,0.346502,0.0111132,0.108728,0.345445,0.0416334,-0.0807398,7.86337,0.0894217,0.0207248,1.43725,-0.0322127,0.192259,0.104793,1.23431,0.276773,0.0225393,0.735148,1.94869,0.0386508],[0.00911906,0.00458331,0.0239066,-0.000777908,0.055993,0.00886382,-0.00535712,-0.00423261,0.0100499,0.0419558,0.00630799,-0.0103372,0.524856,0.00333658,-0.000945285,0.138079,-0.000869557,-0.00104418,0.00572338,0.0701533,0.00243405,-0.000226049,0.0438965,0.0386508,0.0238447]],"n":25,"lags":3,"seasonalRows":0}