{"betahat":[[-0.501154,-0.0868613,-1.94546,1.16737,0.034917,0.337232,0.436961,-0.0464743,-0.0539808,-0.355323,18.8366,-0.0298029,-0.199874,4.47214,1.10326,1.81131,-0.186252],[1.0213,-0.198458,0.110375,-0.0827747,0.473526,0.371375,0.0383491,-0.0338178,0.00149485,-0.0370222,-2.41012,-0.0187552,0.00643976,-0.144324,-0.362274,-0.380601,-0.00446067],[-0.046416,0.733692,-0.243656,0.0860935,-0.139715,-0.184378,0.00109576,-0.0264136,0.0191502,-0.0659378,-0.114891,0.00802442,-0.00872723,-0.2037,-0.181913,-0.0281453,-0.0139411],[0.0353997,0.11201,1.16889,0.0138786,0.0234003,0.00136417,-0.0717025,0.00838818,-0.00172311,-0.0124388,-0.850523,0.0155091,0.0472194,-0.366133,-0.0445155,-0.0767238,-0.00115608],[0.160249,0.222046,0.230338,0.850214,0.160129,0.145528,-0.0511087,-0.0196607,-0.0482208,0.121842,-1.81803,-0.0254715,-0.0267963,0.552588,0.399889,-0.401356,0.00905785],[0.0226422,-0.0273194,-0.0672567,-0.114632,0.970684,0.23018,-0.0646659,0.017213,-0.0342436,0.0945507,-0.705894,0.00270356,-0.00473202,0.0743116,-0.0721038,0.0217608,-0.00478244],[0.0246507,0.0355172,0.102742,0.12419,-0.0961585,0.839594,0.0520254,-0.0118825,0.03175,-0.0269143,-0.116036,0.000249866,0.00387527,0.00858091,0.0578413,0.0431581,-0.00559018],[0.0867728,0.167371,0.0777899,-0.0122848,0.190773,0.198124,0.965513,-0.0207131,0.0572646,0.0709006,0.982433,0.045428,0.0592105,-0.470553,0.210593,0.681103,0.0190215],[0.351313,0.554527,1.03631,0.423794,0.428928,1.49008,0.0899568,0.885361,-0.00553213,-0.449431,0.778,0.0257009,-0.0332283,2.29143,1.77732,0.831628,-0.0433383],[-0.236713,-0.307318,0.0481739,0.108344,1.37498,1.09738,0.987491,-0.0278434,0.927908,0.393609,10.7249,-0.0995248,-0.0957057,1.84033,0.592181,1.00048,-0.0873419],[-0.0670561,1.7593e-05,0.0636248,0.0300775,-0.271319,-0.358425,-0.0437879,0.0149506,-0.0144924,1.05002,0.111405,-0.023681,-0.0110221,0.0725214,-0.118052,-0.0694393,0.0102275],[-0.00446736,-0.00139765,-0.0237576,-0.00452257,0.00405766,-0.00638924,-0.0235131,0.00340451,0.00243436,-0.035051,0.913429,0.00258491,0.00287656,-0.0233753,-0.0228345,-0.0221031,0.000225223],[0.331116,-0.1621,0.97081,0.685718,0.873886,0.624627,0.280306,-0.0250215,-0.260624,-0.0790635,-5.92755,1.01247,0.047214,-0.618068,-0.484771,-0.272855,0.0870738],[0.0136109,-0.0687318,-0.620061,-0.482552,0.0807151,-0.115864,-0.146388,0.0303772,0.219125,-0.250401,-7.15641,0.0712671,1.09045,-1.43379,0.529773,-0.150803,0.0467911],[0.00876647,0.0222266,0.0349721,-0.0436995,-0.0186717,-0.00541678,-0.00253012,-0.00938108,0.0182267,0.0558356,0.0353522,0.0166088,0.00828273,0.968838,0.0876552,0.0363856,0.00104252],[0.13562,0.084201,0.242673,0.112476,0.0925841,0.222967,0.0179749,-0.0100892,0.0212431,0.140314,1.46104,-0.0100593,-0.0157929,0.130146,0.528224,0.30177,0.00700224],[0.0276088,-0.0253169,0.0445018,0.0149993,-0.0287827,0.0174996,0.157646,-0.00173303,-0.00228093,0.199428,-1.0982,-0.01221,0.00187537,-0.289675,-0.0135852,0.00923718,0.0035656],[-0.0461561,-0.164459,-0.0736671,0.349812,-0.517696,-0.868948,0.733966,-0.074118,0.125625,-1.05287,7.72539,0.0518051,-0.0992073,2.32512,0.0909978,0.628882,1.29639],[-0.0248851,0.136055,-0.0664622,-0.0625609,-0.195585,-0.156099,-0.0654384,0.0282522,0.0260447,0.104698,1.49339,0.0274155,0.00543569,0.0859744,0.229068,0.336727,0.0109424],[0.0180411,0.133991,0.262086,-0.0697832,0.182354,0.198177,-0.0609926,0.0186722,0.00945312,0.0458876,0.412477,0.00164538,0.0158482,0.0893176,0.0358198,0.140905,0.0103062],[-0.0249891,-0.067876,-0.0230511,-0.0252127,-0.104113,-0.0941738,0.00644151,-0.0126204,0.00116711,-0.00219638,0.581944,-0.00684288,-0.028103,0.00261183,0.0705321,0.0277761,-0.00012623],[-0.105109,-0.0856372,-0.151375,0.131787,-0.181959,-0.131173,0.17061,0.0134289,0.0993021,-0.0829045,3.34444,0.0856251,0.0776769,-0.180868,-0.201507,0.56238,0.003811],[-0.00653645,0.041299,-0.00706238,0.0836314,0.00299043,-0.267002,0.053619,-0.0151545,0.0230688,-0.0693868,0.834847,0.0111066,0.000843281,0.201825,0.074865,-0.0640792,-0.000478314],[-0.0070508,-0.0168596,-0.0513947,-0.134116,0.203499,0.248461,-0.088603,-0.00472813,-0.0250279,0.122231,0.140002,-0.00652774,-0.0110185,0.117998,0.0798694,-0.0752629,0.00505934],[-0.0686716,-0.157702,-0.0135634,0.0287313,-0.22637,-0.223335,-0.123794,0.00288368,-0.0746114,-0.139668,-0.835762,-0.0210269,-0.0430907,0.39602,-0.105802,-0.719031,0.000117997],[-0.450375,-0.627701,-1.08533,-0.323302,-0.294211,-1.24894,-0.332965,0.047256,-0.030256,-0.188317,0.0749185,-0.136049,-0.0697495,-2.72829,-1.44646,-0.71317,0.0673837],[-0.277449,-0.347312,-0.371973,-0.560832,-1.34041,-0.939266,-0.657358,0.119737,0.142914,-0.532909,-6.00627,0.100266,0.0919244,-2.34995,-1.32023,-0.342932,0.07151],[0.0220388,0.0210504,-0.0811729,-0.0225833,0.24617,0.264644,-0.00342757,0.00326469,0.035071,-0.0375152,0.588584,0.0576192,0.0329605,-0.0549741,0.0614804,0.0254235,0.00584093],[0.00210516,3.70615e-05,0.0206765,0.00138504,0.00111362,0.00807059,0.0140227,-0.00226256,-0.00224725,0.0170541,0.0800828,-0.00043149,-0.00084184,0.0293492,0.0250198,0.0121237,0.000114593],[-0.160596,0.286436,-0.785669,-0.195664,-0.378947,-0.135046,-0.565617,-0.000992825,0.107141,0.101308,2.11914,-0.122569,-0.128495,-0.146349,0.421846,-0.403837,-0.0235651],[-0.128781,-0.0144265,0.233505,0.705643,-0.128898,-0.386149,-0.618557,-0.0472288,-0.227628,0.0436955,2.01268,-0.169582,-0.181188,1.20464,-0.645482,-0.572757,-0.00426201],[0.00615067,0.0187888,-0.0119733,0.0335908,7.45109e-05,0.0143978,-0.0217718,0.00380735,-0.0230356,-0.0679876,-0.0738333,-0.0190168,-0.0092015,-0.045644,-0.0339857,-0.0965957,-0.00263223],[0.0116133,0.00688242,-0.126587,-0.130056,0.0657365,0.0205639,0.142813,-0.0130207,0.0223163,-0.0328402,0.583557,0.0122418,0.00851524,-0.0902073,0.184388,0.3373,0.00590242],[0.016126,0.000126968,0.00997281,-0.0161778,-0.0840818,-0.12681,-0.00756742,-0.00329823,0.0187145,0.0297859,-0.683945,0.020745,0.0202752,-0.217033,-0.0424964,0.2338,0.0141436],[-0.0884474,0.265623,-0.441236,-0.331624,0.392622,0.233331,-0.69635,-0.0181938,-0.186528,0.250293,-3.9218,-0.0669302,0.0566918,-1.4782,0.120662,-0.70153,-0.240243],[0.00363594,0.0624629,-0.0438587,0.145262,-0.277895,-0.215227,0.0271105,0.00556723,-0.0275205,-0.0675599,0.916548,-0.00866624,-0.0118828,0.058362,0.133224,0.0438925,-0.00648687],[0.0282984,0.132187,-0.0184335,-0.0162699,-0.0425979,-0.0137691,0.0599661,0.00776644,-0.028579,0.020117,-0.296825,-0.00966828,-0.00712675,0.114812,0.14591,-0.112669,0.00363526],[-0.0104884,-0.044233,-0.146016,0.0113423,0.0807299,0.0928007,0.0653121,0.00423198,0.000594934,0.0146808,0.26843,-0.00865013,-0.0190818,0.363205,-0.0260829,0.0492222,0.00129177],[-0.0550716,-0.136372,-0.0789669,0.0179967,0.0218674,-0.0143292,-0.119438,0.00623039,-0.0510511,-0.038856,-1.52693,-0.0601623,-0.0508845,-0.371502,-0.19832,-0.160898,-0.0128615],[-0.0160523,-0.0138967,0.074479,0.0310861,0.0260856,0.0366178,0.0110546,-0.00205653,0.0111691,-0.025089,-0.129008,-0.0138045,0.00387308,-0.275922,-0.00269976,0.0421652,0.00525571],[-0.017632,-0.0187139,-0.051281,0.00996755,-0.10761,-0.0883033,0.0366468,0.0166318,-0.0067031,-0.0952807,-0.024694,0.00629644,0.00714616,-0.126455,-0.137744,0.0320996,0.00053869],[-0.0181792,-0.00992533,-0.0640828,-0.0159616,0.0352459,0.0250324,0.158741,0.0178923,0.0175668,0.0688625,-0.143678,-0.0241897,-0.0160064,0.0760795,-0.105098,0.0390641,-0.0190777],[0.134899,0.153,0.0804356,-0.180554,0.12206,-0.0691147,0.167615,0.0320259,0.0162607,0.551283,-1.14318,0.115223,0.11956,0.26226,-0.169414,-0.264957,-0.0150367],[0.275216,0.168312,0.14853,0.263919,0.119404,-0.096198,-0.00578066,-0.0153224,-0.0896401,0.244875,-3.02712,-0.033862,-0.0199767,0.777782,0.280618,-0.0604746,0.0265424],[0.0448729,-0.0213027,0.0175631,-0.00779075,0.0246098,0.0932294,0.0471662,-0.0181642,-0.0205334,-0.0126067,-0.700605,-0.0339631,-0.021933,-0.0180407,0.0559183,0.0440427,-0.0160605],[0.00209057,0.000189671,0.00497887,0.00266548,-0.00627826,-0.00241823,0.0094699,-0.000969368,-0.000493387,0.015868,-0.0132624,-0.00222836,-0.00192861,-0.00675536,-0.00468284,0.00918145,-0.000377446],[0.0613015,0.1434,0.290683,-0.344373,-0.192754,-0.123837,-0.00345941,0.000602395,0.075885,0.113119,1.12308,0.0118597,0.0231246,0.247492,0.358053,0.0503518,-0.0480913],[0.148411,0.160494,0.265107,-0.214237,0.174725,0.502953,0.67197,0.0150103,-0.037011,0.214753,4.77994,0.0698871,0.0521257,0.120377,0.167999,0.484799,-0.0395808],[-0.0147345,-0.0409651,-0.0218283,0.0105971,0.0171927,-0.00949062,0.0249569,0.00559421,0.00523417,0.0118446,0.0330221,0.00260501,0.0011272,0.0759653,-0.0536199,0.0616405,0.00167088],[0.0449316,0.0867953,0.130793,-0.126033,-0.00364631,0.0227934,0.0535427,-0.0114716,0.0074772,0.0394921,-0.192905,0.00195442,0.009438,-0.216929,0.0964495,-0.0427465,0.00612654],[-0.0185383,-0.0271172,-0.000851989,-0.0221311,0.0419594,0.0282628,0.0759503,0.00456124,0.00417662,0.0116338,-0.173695,0.0162104,0.00853391,0.0708562,-0.00390701,-0.0726047,0.00525948],[0.157426,0.240917,0.238238,-0.0124831,-0.127154,0.293406,-0.245841,0.0901956,0.10287,0.4972,-3.45724,0.0906109,0.113732,-0.380562,-0.178654,-0.00776987,-0.120916]],"sigmahat":[[0.33497,0.503276,0.311975,-0.0734476,0.102273,0.0972675,-0.117353,-0.0556854,-0.0062663,0.15749,-0.611861,-0.00117263,0.00426349,-0.361994,0.509718,-0.208532,0.000725388],[0.503276,1.11332,0.420988,-0.0835075,0.00976454,0.0179292,-0.269236,-0.111772,-0.00766254,0.150732,0.0166698,0.00384622,0.00730483,-0.602279,1.01239,-0.37705,-0.000365852],[0.311975,0.420988,0.957195,0.0648422,0.0352249,0.182428,-0.146887,-0.0420897,0.0125963,0.100306,-0.762739,0.00432576,0.0270752,-0.257191,0.342461,-0.257078,0.00810452],[-0.0734476,-0.0835075,0.0648422,0.579541,-0.0772842,0.0197996,0.0423826,0.0179033,-0.00467778,-0.0598029,0.604795,0.0181905,0.00629428,0.660951,-0.0352074,0.0445684,-0.0071439],[0.102273,0.00976454,0.0352249,-0.0772842,1.2194,1.07662,-0.0583617,-0.0207256,0.00158647,0.254894,-0.226196,0.00657791,0.0260929,-0.0357517,0.323666,-0.127443,0.0151457],[0.0972675,0.0179292,0.182428,0.0197996,1.07662,1.57082,-0.0622093,-0.020963,0.0510945,0.287457,0.701851,0.0271899,0.0405106,0.2059,0.289073,-0.0114671,0.0153831],[-0.117353,-0.269236,-0.146887,0.0423826,-0.0583617,-0.0622093,0.674627,0.0415639,0.020906,0.111135,1.67508,-0.00462939,-0.013731,0.488767,-0.139366,0.611399,-0.0156289],[-0.0556854,-0.111772,-0.0420897,0.0179033,-0.0207256,-0.020963,0.0415639,0.0256882,-0.00127666,-0.0117305,-0.0530309,-0.000656077,-0.00439247,0.16592,-0.139366,0.0404048,-0.00273094],[-0.0062663,-0.00766254,0.0125963,-0.00467778,0.00158647,0.0510945,0.020906,-0.00127666,0.0601199,0.0179476,0.93289,0.0381872,0.029758,0.109341,0.0172872,0.158372,0.00825921],[0.15749,0.150732,0.100306,-0.0598029,0.254894,0.287457,0.111135,-0.0117305,0.0179476,0.710728,0.595065,0.00495039,0.00737737,0.0862493,0.297297,-0.0354731,0.00640665],[-0.611861,0.0166698,-0.762739,0.604795,-0.226196,0.701851,1.67508,-0.0530309,0.93289,0.595065,70.0617,0.818206,0.273602,12.5145,1.18886,7.3836,0.123987],[-0.00117263,0.00384622,0.00432576,0.0181905,0.00657791,0.0271899,-0.00462939,-0.000656077,0.0381872,0.00495039,0.818206,0.0555309,0.0392844,0.158902,0.0402856,0.104412,0.00854216],[0.00426349,0.00730483,0.0270752,0.00629428,0.0260929,0.0405106,-0.013731,-0.00439247,0.029758,0.00737737,0.273602,0.0392844,0.0435609,-0.0965697,0.0240923,0.0608723,0.00705037],[-0.361994,-0.602279,-0.257191,0.660951,-0.0357517,0.2059,0.488767,0.16592,0.109341,0.0862493,12.5145,0.158902,-0.0965697,8.98817,-0.191619,1.33921,0.00020568],[0.509718,1.01239,0.342461,-0.0352074,0.323666,0.289073,-0.139366,-0.139366,0.0172872,0.297297,1.18886,0.0402856,0.0240923,-0.191619,1.80677,-0.154442,0.00790292],[-0.208532,-0.37705,-0.257078,0.0445684,-0.127443,-0.0114671,0.611399,0.0404048,0.158372,-0.0354731,7.3836,0.104412,0.0608723,1.33921,-0.154442,2.92334,0.0172972],[0.000725388,-0.000365852,0.00810452,-0.0071439,0.0151457,0.0153831,-0.0156289,-0.00273094,0.00825921,0.00640665,0.123987,0.00854216,0.00705037,0.00020568,0.00790292,0.0172972,0.00993588]],"n":17,"lags":3}