{"betahat":[[0.00876997,0.0257129,-0.200436,-0.0333342,-0.0714459,-0.13912,0.0655588,-0.0121907,-0.0356044,0.172543,0.00620901,-0.00363109,-0.0350326,0.00372598,0.00319266,0.45638,0.648719,0.0498808,0.0931667,-0.0286506,-1.12674,-1.1965,0.00453051],[0.0358202,0.0386986,0.0513166,-0.0117951,0.0686055,0.154832,0.00446596,-0.0239456,-0.215033,-0.00456391,-0.0408344,0.00831386,0.00265494,0.0196826,0.00337942,0.0115853,-0.0659619,0.0111478,-0.0741166,0.00716444,-0.48785,-0.0319798,0.00476342],[-0.00873416,-0.00873803,0.00338819,0.00591643,0.141147,0.0706402,0.0330264,0.00657028,0.0053796,-0.0374533,-0.00255666,-0.00606376,-0.00863469,-0.0102827,-0.0121547,-0.0266758,0.0289961,0.00663998,0.00238785,-0.00127983,-0.303635,0.240273,-0.00564522],[0.0211699,0.0306068,0.0723008,0.0200933,0.0229101,0.070809,-0.0086593,-0.00278436,-0.0544579,0.00803469,0.00829903,0.00338154,0.0203928,0.00534276,0.00815886,0.0145804,0.00461772,-0.00706661,-0.033643,0.00692317,0.13234,0.000467764,0.00291768],[-0.0196428,-0.0309383,-0.024941,0.0692038,-0.0232951,0.00908274,-0.10381,-0.010355,0.381081,0.05546,0.00867487,0.00422033,-0.00458903,0.0010601,-0.00991199,0.0339669,0.00146328,0.0156387,-0.0393376,0.000703684,-0.829087,-0.267327,-0.00287986],[-0.0142392,-0.0455436,-0.0354569,-0.0538777,-0.00467039,0.0281367,0.0136666,0.00241771,0.0114886,-0.0266482,-0.00708666,0.000431969,0.0012011,0.00389085,0.000445471,0.0120857,0.0211919,-0.00101283,-0.0544086,0.00263163,0.09464,0.184083,-0.000756857],[-0.00289704,0.0219925,0.0351268,0.00620622,0.0684218,0.0931948,-0.0039501,-0.00534199,0.0187753,-0.0293337,0.00145422,-0.00389953,0.0203308,0.000798646,0.00908655,0.0135754,0.0403034,-0.0126345,-0.070728,0.00480383,0.333515,0.0776938,-0.00695931],[-0.021903,-0.08382,-0.00430852,-0.0997223,-0.0649542,-0.110837,0.0253006,0.0161667,-0.51902,-0.0137017,0.00777689,0.0117773,0.00114814,0.0204789,0.00216125,-0.0863039,-0.172467,-0.0388861,0.0953122,-0.0142836,-1.05846,0.0377198,0.0148846],[-0.00370402,-0.0807134,0.0542636,0.0265038,0.00984158,0.0518872,0.0399289,0.319536,-1.67208,-0.262719,0.0374162,0.000463126,0.0179516,0.00933606,0.00154001,-0.189982,0.115479,0.075892,0.00578916,0.00325217,1.50185,-0.206526,0.00554719],[0.00100948,0.00578825,-0.00345533,0.00608291,0.00347258,0.0116849,-0.00460321,-0.0136884,0.226625,-0.00721235,0.000786446,-0.00135738,-9.39918e-05,-0.00108982,-0.000158244,0.0126258,0.0176465,-0.00114037,0.0124476,-0.000473587,-0.0286843,0.299582,-0.00178822],[0.00562894,0.00896174,0.0249851,0.0171515,-0.0296096,-0.00289416,-0.0135482,-0.0190003,0.0559947,0.0767584,-0.00385182,-0.00148726,-0.00753111,-0.00325855,-0.000503872,0.0168264,0.000160482,0.00829387,0.0459349,-0.00262317,0.0311788,-0.382507,-0.00239892],[-0.014474,0.0531525,-0.118403,-0.0185128,-0.0380542,-0.0527323,-0.00809149,0.00780188,-0.269442,-0.0177931,0.0254393,-0.00746758,0.00262403,-0.0105843,-0.00692735,-0.033723,-0.00490116,0.00516782,0.0395089,-0.000441475,0.377088,0.127153,-0.0044125],[0.109952,0.0348568,0.0558298,0.109656,-0.149304,-0.196875,-0.0940443,0.0398703,-0.253981,0.144114,0.0166435,0.0863953,-0.0235935,0.0755412,-0.014619,-0.043824,-0.0412068,-0.068953,-0.125491,0.0167414,0.168262,-0.769885,0.0570205],[0.0336733,0.0880756,0.00542658,-0.0954721,0.0626092,0.0252109,0.0258779,-0.0168568,-0.285784,-0.0654966,0.0146094,0.00712394,0.0501378,0.0168353,0.00204093,0.0169562,0.00390317,-0.0173376,-0.0606345,0.00061373,-0.474301,0.22007,0.00803618],[0.155504,0.120151,0.216962,0.077461,-0.175837,-0.207023,-0.0747175,0.0304289,-0.47868,0.0259514,0.0180671,0.108062,0.0146048,0.116373,0.00463189,-0.083565,-0.117754,-0.0790227,-0.16056,0.0134169,-1.02546,0.0185057,0.081039],[0.0335233,-0.0366021,0.283669,-0.0215221,0.0951043,0.100381,0.0357773,-0.0815583,-0.0343754,0.082984,-0.0253163,0.0289436,0.0593549,0.0383731,0.0353316,0.035278,-0.0131937,-0.0454155,-0.0131608,0.000352553,-0.561341,0.0646654,0.0292749],[0.108233,0.158747,0.122835,0.0214783,0.152443,0.165633,0.0185088,-0.112302,0.610389,0.14486,0.00647889,-0.0196029,-0.00517138,-0.00670678,-0.000804108,0.469587,0.208205,-0.00931512,-0.046236,-0.00585626,0.19655,-1.53513,-0.0169832],[-0.0388344,-0.031967,0.0361235,-0.0263239,-0.0118685,-0.00105447,-0.0129637,0.0283277,0.19365,0.0319885,0.00330071,0.00957962,0.0232809,0.00724131,0.0084513,0.100298,0.612505,0.0113735,-0.0310318,0.0113549,0.00792824,0.437838,0.00838315],[-0.0285817,0.13352,-0.18698,0.0541009,0.0812791,0.24152,-0.170879,0.194303,-0.341697,0.139544,-0.0500214,-0.0835439,0.00308726,-0.0722486,-0.00832746,0.00264624,-0.0682966,0.510515,0.353802,0.0118085,-0.633522,-0.876338,-0.0854065],[0.0256275,0.013248,0.00475681,0.055993,-0.0101168,-0.03526,-0.0108011,0.021199,0.196171,0.115034,-0.00482196,-0.00415157,-0.0337491,-0.00480726,-0.00450996,-0.0363674,0.0345888,0.0193627,0.488999,-0.0118531,0.253957,-0.0711141,0.00339677],[0.050689,0.131737,-0.0285081,-0.116578,0.0776396,-0.0503842,-0.0114833,0.0194692,-0.0643163,-0.0517939,-0.0274992,0.00107316,0.0253068,0.00600793,0.0103725,0.0144613,-0.0192683,-0.0110022,-0.132424,-0.0146546,-0.544813,0.0777615,-0.0169226],[-0.00446345,-0.00967497,0.00726223,-0.0036973,-0.00358626,-0.00264965,0.00601007,-0.00215299,-0.007894,0.00176983,-0.00273614,-0.000668957,0.00257182,-0.000345802,0.00247936,0.00108032,0.00637801,0.000322299,0.000774006,2.37831e-05,-0.133275,0.00295567,-0.00110101],[0.00110471,-0.000234483,0.0024521,-0.00527089,0.00532067,0.00444262,0.00253086,0.00407127,0.102317,-0.0269312,0.00215628,-0.000346524,0.00236471,0.000359794,0.00129746,-0.0180793,0.00776972,0.000582604,0.0181609,0.000166594,0.0396928,0.476937,-7.83368e-05],[0.0248139,0.00990864,0.0777189,-0.01131,-0.078386,-0.118078,-0.0224305,0.04175,-0.304907,0.062223,-0.00394764,0.0249687,-0.0255577,0.0168985,-0.00465246,-0.0416967,-0.0157177,-0.0389855,-0.00869472,-0.00317692,-0.418453,-0.11511,0.0149575],[0.00821815,0.0140366,-0.00367045,0.00746185,0.000680612,0.0511042,-0.00244265,0.0149907,-0.00854285,-0.0226557,-0.00610107,-0.000938153,0.00648638,0.000325048,-0.0041855,0.00311293,0.000160122,0.000341911,-0.0106317,-0.00331498,-0.441239,-0.0240581,-0.00207672],[-0.00635631,-0.00646588,-0.048646,-0.0302765,-0.0144018,-0.00250652,0.0049538,0.00324256,-0.0200036,-0.0247114,0.00391643,-0.00475038,0.000926398,-0.00569922,-0.00103419,-0.00558864,0.000527695,4.48982e-05,0.000241726,-0.00145302,0.0699959,0.0236758,-0.002865],[0.00174877,0.00954648,-0.00343018,-0.00212077,0.0113697,0.00861375,-0.000309215,-0.0017912,-0.0345933,-0.000377716,-0.00130482,0.00102913,0.00595566,0.00106975,0.000560068,-0.000163956,-0.00129091,-0.00107402,-0.0144845,-0.000350391,-0.10855,-0.00391581,-0.0014749],[0.00338497,0.0358968,-0.0142232,-0.000507463,-0.00690502,0.014422,-0.0122813,-0.00362786,0.0505253,-0.00646743,0.00201551,-0.0011754,0.00261471,-0.00287197,-0.00202444,0.0168872,0.00330038,0.00221719,-0.00940633,0.00294362,0.140369,-0.0220435,-0.0036039],[-0.00375127,-0.00750801,-0.0140805,-0.0129357,-0.00884733,-0.0176083,0.00867769,0.00711116,-0.0277044,-0.0139827,-0.00109985,0.00144778,0.00525109,0.00266642,0.0035709,0.00229505,0.00237054,-0.00360915,-0.012711,0.00291215,0.00902869,0.0474464,-0.000142475],[-0.00205966,0.000145026,-0.0184891,-0.0127423,0.0132512,-0.0126218,0.00926576,0.00106259,-0.0584075,-0.0230793,-0.00029566,-0.000579187,0.00797333,0.000483854,0.00402459,0.00341484,0.00661282,-0.00286829,-0.029494,0.00392011,0.00357928,0.0351294,-0.000445385],[-0.00835322,-0.0406279,-0.0140733,-0.00935596,-0.0225432,-0.0366545,0.00684229,-0.00414171,-0.0459549,0.0216814,0.00134553,0.0093336,0.000217527,0.0104555,0.0050327,-0.0141983,-0.00734604,-0.0151535,0.0142471,4.244e-06,0.00969964,-0.112581,0.0103434],[0.0103416,0.0205927,0.0892275,-0.0242311,-0.00699921,0.0363378,-0.00452631,0.0762532,-0.616895,-0.0723407,0.0197993,0.00421828,0.0126558,0.00624665,0.00300211,-0.0247351,0.0249367,0.0119278,0.0076118,0.00146319,-0.0180155,-0.286547,0.00455402],[-0.000159779,0.00159252,0.0014062,0.000752712,0.00032753,0.00347863,-0.000137907,-0.00291455,0.0469546,-0.00212513,1.73956e-05,-0.00042053,-8.38111e-05,-0.00041864,-0.000116486,0.0017667,0.0039207,-0.000439485,0.00480686,2.12832e-05,-0.00673968,0.0811688,-0.00047552],[0.000116393,0.0024412,-0.00132347,0.00404995,-0.00115031,0.00507622,0.000387254,-0.00538196,0.0296924,0.00836214,-0.000528827,-0.00109817,-0.000853836,-0.00123309,-0.000989798,0.00624386,0.00492117,0.0011556,0.00592334,-0.000959013,-0.00149503,-0.0600495,-0.00152699],[-0.0030835,0.00516382,-0.0099885,-0.0108897,-0.0184589,-0.0133678,0.00349196,0.00720401,-0.0442103,-0.00379821,-0.00404054,-0.000404448,-0.00182173,-0.0019674,-0.000799625,-0.00964405,0.00225503,-0.00479701,0.0244604,-0.00180608,0.0984126,0.012618,0.0010892],[0.00581133,0.0371494,-0.095884,0.0510297,-0.041308,-0.0218407,-0.0154988,8.77593e-05,-0.0370745,0.0295678,-0.00624282,0.0109279,-0.013283,0.0059755,-0.0098597,-0.0232547,-0.00174972,0.00540191,-0.0667398,0.00199604,0.311852,-0.197339,0.00537718],[0.00137395,0.0164472,-0.0100433,-0.0239998,-0.00241874,-0.00733856,0.0110939,-0.00523224,-0.0982472,-0.00398986,0.000159072,0.00362749,-0.000345754,0.00418823,-0.00214476,-0.00740841,-0.00549443,-0.00683768,-0.0316113,0.00015688,-0.217654,0.0113842,0.00478504],[0.0222,0.0252853,-0.0306134,0.0307036,-0.0318432,-0.0173176,-0.011417,0.00785017,-0.0799715,0.0157974,0.00827875,0.0140261,-0.0075045,0.0125341,-0.0110708,-0.0271523,-0.0113873,-0.00462663,-0.0337937,-0.000698104,-0.218058,0.0630193,0.00982492],[0.00908521,-0.0121626,0.0581919,0.00902067,-0.0315144,-0.027962,-0.00291769,-0.00682006,-0.0659464,0.0310701,0.00592875,0.00914573,0.00837871,0.0100259,0.000111515,-0.00805385,0.00728532,-0.00715114,-0.0203061,0.00199803,-0.275466,-0.0387491,0.00957147],[-0.00329444,-0.0567417,-0.015294,-0.0226872,-0.000867944,-0.00408093,0.0212492,-0.0240083,0.103374,0.0459174,0.00913405,-0.00180578,0.00520842,0.00173633,0.00156692,0.081496,0.059603,-0.0117908,0.0196089,-0.00525541,-0.0217742,-0.315001,0.00243673],[-0.00958631,-0.0330907,-0.00901936,-0.00188062,-0.00843136,-0.0284154,0.00976284,0.0081145,-0.0248671,0.031099,-0.0018923,0.00652337,2.79366e-05,0.00530053,0.00167216,0.00756048,0.146956,0.0124383,0.00698484,0.000479453,0.0143754,0.00523997,0.00608388],[0.0178802,0.0543522,0.0905676,-0.0324297,0.0266179,0.00334797,0.020064,0.0701625,-0.208203,-0.0313225,0.000363415,-0.0145798,0.0148273,-0.00361251,0.00239059,-0.00238465,0.0175847,0.0566645,-0.00760676,-0.00040989,-0.184515,-0.193632,-0.0149638],[0.00859478,0.00426068,0.0174399,0.00974597,0.000624309,0.00561313,-0.00558034,0.00292497,0.0780691,0.00631882,-0.00456129,-0.000873738,-0.00508274,-0.000542207,-0.00397039,0.000237016,0.0200061,-0.00114168,0.0729527,-0.00117468,-0.118162,0.0662965,0.000123676],[0.000623045,-0.0106083,0.0150125,-0.0335985,-0.00569318,0.0125766,0.0056619,-0.0138492,-0.0261725,-0.0137369,-0.00497347,0.000778746,0.00530725,0.000825596,0.00228647,0.00340741,0.0160403,-0.00206761,-0.027389,-0.000280268,0.0290143,0.0666391,0.00140007],[0.000563528,0.00175692,0.00202787,-0.000407114,-0.000923042,0.00168791,0.000276188,-0.00105465,-0.00156687,0.000916953,-0.000351902,2.64509e-05,0.000303016,8.19802e-05,0.00012386,0.000145732,0.000206313,0.000151604,0.00435307,0.000145419,-0.00880244,0.00290213,0.000528532],[0.00076038,0.000624474,0.00152974,-0.00132177,-0.000214765,0.000137052,0.000336525,0.000805712,0.0212828,-0.00518108,0.000213594,0.000209594,0.00063977,0.000375025,0.000345375,-0.00439995,0.00097289,-7.89126e-05,0.00455941,3.44483e-05,0.00435189,0.10563,0.000301644],[0.00926011,0.0136192,0.00426569,0.0151551,0.00142556,0.0122967,-0.00360933,0.00387627,-0.0588153,0.0255382,-0.00765395,0.00442324,-0.00773837,0.00333714,-0.00174643,-0.0121894,-0.0120058,-0.00484064,-0.0143917,-0.000855668,0.0826485,-0.108647,0.00199838],[-0.00164348,0.00486119,-0.0332192,0.0037723,0.0305165,0.00870835,0.00170303,0.000530309,0.00849699,-0.0200663,0.00272931,-0.00136343,0.00190114,-0.000976115,-0.00200659,-0.00239747,0.00684752,-0.0023729,-0.0118617,-0.00223486,-0.0119424,-0.0007346,-0.00168537],[-0.00653279,-0.00858066,-0.0395501,-0.0115175,0.00904571,-0.00475824,0.0109721,0.00164044,-0.0311148,-0.0135373,2.05079e-05,-0.00169973,0.00347638,-0.0014121,0.000409283,0.00021246,0.00793516,-0.00145196,-0.00575227,-0.000740851,0.0336278,-0.0115158,-0.00173503],[0.00235428,0.00274987,-0.002997,0.00154797,0.00960228,0.00776686,0.000861926,-0.000900752,-0.00667341,-0.00478747,3.56519e-05,0.000125703,0.00148292,-0.000117033,-0.000916858,-0.00212928,0.00255361,0.000127623,-0.00460594,0.000225672,0.0170673,-0.0135504,-0.000167422],[-0.000481379,0.00823237,-0.0123946,-0.00592745,0.0170476,0.0173761,-0.00302459,-4.5216e-05,0.0148661,-0.0130529,0.00127134,-0.00198571,0.00248107,-0.00230257,-0.0017177,0.00951607,0.00375791,-0.000196357,-0.0150299,0.000406127,0.0576191,-0.00121006,-0.00289036],[0.00217994,-0.00333765,0.0213984,-0.00928065,0.00163691,-0.000516699,0.00279821,-0.00126165,-0.00494397,-0.00309134,-0.0016966,0.000577305,0.00155262,0.00119273,0.000584837,-0.000110958,-0.000584667,-0.00300334,-0.0088838,-0.00121021,-0.0333276,0.00842951,0.000430574],[0.000980676,-0.00394543,-0.00102131,-0.0164091,-0.000874883,-0.00977748,0.00654232,-0.00308873,-0.00896488,-0.00768008,-0.000431014,0.000620507,0.00467373,0.00122431,0.000950961,0.00151684,0.00602757,-0.00222772,-0.0057576,-0.000548327,-0.0602504,0.0247874,0.000386484],[0.00298707,0.00411378,-0.0135565,0.00639039,-0.00853505,-0.0216598,-0.00896909,-0.000178136,-0.00622297,0.0147396,-0.00267135,0.00403624,-0.00357384,0.00411825,0.00113754,-0.0068774,-0.0188777,-0.00350804,0.0237386,-0.000931398,0.0790954,-0.0587638,0.00258888],[0.0150507,0.00655693,0.044802,-0.00296789,0.0347221,0.0457235,-0.003741,0.036559,-0.295104,-0.0223587,0.0119941,0.00168659,0.00853687,0.00295887,0.00229005,-0.00423601,0.0191778,0.00701572,-0.00196211,0.00424938,0.09919,-0.186515,0.00402817],[-7.1765e-05,0.000628659,-0.000765783,-0.000216003,0.00084896,0.000976303,-0.000401105,-0.00101788,0.0212588,-0.0016532,0.000148285,-0.000212057,4.59357e-05,-0.000166203,-0.000151591,0.000382002,0.001733,-0.000505331,0.000924578,-9.5462e-05,-0.000333352,0.0390429,-0.000176182],[-8.50176e-05,0.00145965,-0.00013525,0.000628204,-0.00223961,-0.00128559,-0.000435658,-0.00321823,0.0112698,0.00233458,-0.000256574,-0.000387862,-0.000333664,-0.00069072,-0.000538997,0.00298874,0.0012812,0.000267086,0.000620103,-0.000135841,0.0085363,-0.0287194,-0.000444552],[-0.00145302,0.000243822,-0.00332874,0.0071102,-0.00232939,-0.000372324,-0.000437829,0.00634529,-0.0280608,0.00105326,-0.000880004,0.000243415,-0.00203902,-0.000563456,0.00022776,-0.00741739,0.00104348,0.00144002,0.00840402,-0.000220274,0.0539656,-0.0210516,0.000962881],[0.00248255,0.00438657,-0.022972,0.0291072,-0.0139825,0.0199703,-0.010737,0.00108794,0.0372347,0.013508,-0.000208746,-0.000215025,-0.00575031,-0.00154352,-0.00704288,-0.00831934,0.0103038,0.0155507,-0.0014234,-0.00068897,-0.169209,-0.0119519,-0.00226126],[-0.00425354,-0.00128147,-0.0105688,0.00483256,-0.0105617,-0.0204604,0.000269985,0.0049245,-0.0351569,0.000190687,-0.00127519,0.00178647,-0.00354183,0.000959523,6.74838e-05,-0.0175173,-0.00243556,-0.0032773,-0.00584683,0.00070792,0.0881256,0.0157812,0.00174548],[-0.00514737,0.0162824,-0.0473398,0.0349805,-0.0119185,-0.00404726,-0.00822742,0.00970956,-0.0318445,0.00275722,-0.00458969,0.000559294,-0.0100383,-0.00232343,-0.00439726,-0.0417377,-0.0274765,0.00416178,-0.0317799,-0.00223999,0.123269,0.0289839,-0.00103604],[0.0049413,0.00692463,0.00674085,0.00178424,-0.0131427,0.000103188,-0.0053261,-6.03446e-05,-0.0771344,0.00473889,-0.000834571,0.00358561,-0.00064839,0.00349392,-0.00176305,-0.00881803,-3.9325e-05,-0.00154048,-0.022011,0.000582269,-0.15345,-0.0555564,0.00214231],[-0.0101408,-0.0194764,-0.023799,-0.00210631,-0.0494609,-0.0511329,0.00996455,-0.00825035,0.0191987,0.0252089,0.00749522,-0.00113614,0.000347984,9.34678e-05,-0.00235534,0.0270206,0.0207908,-0.00407446,0.00493617,-0.00301244,0.0345568,-0.18047,0.000892782],[0.000352854,-0.000279135,-0.0208337,0.00512775,-0.0144047,-0.0161375,-0.0043894,0.00426736,-0.0348308,0.029675,-0.000428631,0.00217184,-0.00589956,0.000968788,-0.00132371,-0.00172132,0.0423432,0.0103197,0.0153877,-0.00115009,0.100748,-0.0465626,0.00182296],[0.00669339,-0.000649548,0.0436951,-0.0459046,0.00400747,-0.00537805,0.0237092,0.0243867,-0.125537,-0.0484659,-0.000625008,-0.00209634,0.013,0.00318653,0.000924431,-0.00243071,0.0176254,-0.000619092,-0.0479023,-0.000140313,-0.115994,-0.0412537,-0.00540548],[0.00644555,0.00629808,0.01434,0.00938637,0.0165487,0.0175697,-0.00232105,0.00330798,0.0575123,-0.0149426,-0.00124215,-0.00078711,-0.000623578,-0.000412717,-0.00208695,0.00727008,0.0186963,-0.000536493,0.0132727,0.000441024,-0.0527861,0.0179819,-0.00207925],[0.0011315,-0.00642018,0.011441,-0.00848396,0.00321238,0.00126474,0.00202238,0.00304618,-0.0329039,-0.00429825,-0.00250435,0.00158138,0.00149491,0.00274637,0.00115796,-0.00265271,-0.00739876,-0.00198908,0.00223423,0.000770797,0.0320697,0.033662,0.00256398],[0.000634208,0.00020921,0.00191655,0.00013053,0.00111372,0.000534317,-0.000422158,0.00022157,-0.00150835,0.000693181,0.000315204,4.07609e-07,0.000197604,4.45548e-05,0.000110368,-2.543e-05,-0.00100271,0.000201486,8.69724e-05,3.41948e-05,-0.00665738,-0.0030246,-7.55721e-05],[0.000563475,0.000692954,0.00125859,2.8416e-06,6.36401e-06,0.000849658,0.000129756,0.000515235,0.00804635,-0.00245904,-0.000124641,3.87515e-05,0.000125827,0.000101847,5.28033e-05,-0.00193604,0.000798057,0.000289431,0.00286932,5.99777e-05,-0.000619626,0.0444217,0.000163801],[-0.00130404,0.00224103,0.000947687,0.01681,-0.00715287,0.00588336,-0.0148371,0.00505531,0.0213525,0.00679686,-0.00249357,0.000766462,-0.00363989,-0.000372107,-0.00151917,-0.00602373,-0.00398192,0.00673584,0.00633551,-0.00124414,0.0383512,0.00355315,-0.00115773]],"sigmahat":[[0.313082,0.300294,0.486228,0.091698,0.208301,0.204771,-0.054547,-0.13447,0.767074,0.189656,0.010912,0.0179106,-0.0054064,0.0307556,-0.00988155,0.340239,0.0519976,-0.0387015,0.121907,-0.00923524,0.137852,-1.10499,0.00628251],[0.300294,1.08392,0.10293,0.161678,0.176114,0.549961,-0.200716,-0.159623,1.08144,0.123953,-0.00943028,-0.0453427,-0.0266691,-0.0412089,-0.0548786,0.529886,-0.0577348,0.0449114,-0.0218325,-0.00499465,-0.0708593,-1.8543,-0.0689196],[0.486228,0.10293,3.84574,0.0978106,0.0046665,0.485207,0.13969,-0.140226,0.533937,0.404949,-0.00912681,0.0748427,0.0699224,0.120957,0.0674206,0.308039,0.377619,-0.217387,0.422968,0.00247337,-1.21367,-0.142799,0.0893231],[0.091698,0.161678,0.0978106,1.21054,0.0807623,0.15199,-0.229083,-0.0731996,1.40292,0.602438,-0.00791516,0.00845289,-0.192639,-0.0108625,-0.0636366,0.0318268,-0.291207,0.0948026,0.625523,-0.0102529,0.158702,-3.72364,0.00483902],[0.208301,0.176114,0.0046665,0.0807623,1.96069,1.43622,0.0320545,-0.14194,1.42376,-0.222161,-0.0248703,-0.0764618,0.0256594,-0.0498376,-0.0111088,0.685439,0.296055,0.0334873,-0.295078,-0.0234991,-0.118323,-0.154288,-0.0820515],[0.204771,0.549961,0.485207,0.15199,1.43622,2.38842,-0.125933,-0.197641,2.00188,-0.0410355,-0.0524149,-0.118256,0.008638,-0.0980913,-0.0274153,0.880772,0.189414,0.0876763,0.000527793,0.00252111,-0.302743,-1.06435,-0.109047],[-0.054547,-0.200716,0.13969,-0.229083,0.0320545,-0.125933,0.437767,-0.0975428,-0.346196,-0.156632,0.00488435,0.000447857,0.0835286,0.0173556,0.0413278,0.209493,0.66489,-0.131316,-0.325866,0.0186935,0.199575,0.734215,0.0245408],[-0.13447,-0.159623,-0.140226,-0.0731996,-0.14194,-0.197641,-0.0975428,5.18313,-30.339,-7.9205,0.0621564,-0.0475738,-0.0590745,-0.0585903,-0.0441446,-12.5316,-17.0135,0.962343,3.51985,0.0631712,4.29102,33.7185,0.00192754],[0.767074,1.08144,0.533937,1.40292,1.42376,2.00188,-0.346196,-30.339,246.551,44.3332,-0.237991,0.192499,0.0193789,0.289467,0.312327,74.0502,120.237,-4.78109,-5.31016,-0.445138,-18.4526,-47.9799,-0.0302579],[0.189656,0.123953,0.404949,0.602438,-0.222161,-0.0410355,-0.156632,-7.9205,44.3332,17.5603,-0.119355,0.0721235,-0.055829,0.0933884,0.0552409,26.3372,38.4556,-0.425781,-5.34271,-0.0877308,-8.11735,-100.317,0.0175701],[0.010912,-0.00943028,-0.00912681,-0.00791516,-0.0248703,-0.0524149,0.00488435,0.0621564,-0.237991,-0.119355,0.0977247,0.00998773,0.029781,0.0110302,-0.00767379,-0.122044,0.0463469,-0.00550115,0.0175892,0.00374058,0.485793,1.2798,0.0099592],[0.0179106,-0.0453427,0.0748427,0.00845289,-0.0764618,-0.118256,0.000447857,-0.0475738,0.192499,0.0721235,0.00998773,0.0576622,0.0143405,0.0548609,0.00644472,0.0111375,0.241115,-0.0861038,-0.117936,0.00498099,-0.166638,0.453284,0.0439369],[-0.0054064,-0.0266691,0.0699224,-0.192639,0.0256594,0.008638,0.0835286,-0.0590745,0.0193789,-0.055829,0.029781,0.0143405,0.111884,0.0293831,0.0330356,0.0822577,0.335356,-0.0362718,-0.193513,0.0152945,-0.0984224,1.1744,0.0119987],[0.0307556,-0.0412089,0.120957,-0.0108625,-0.0498376,-0.0980913,0.0173556,-0.0585903,0.289467,0.0933884,0.0110302,0.0548609,0.0293831,0.0597938,0.0127105,0.102762,0.388243,-0.0801553,-0.121239,0.00636818,-0.295318,0.375538,0.0435211],[-0.00988155,-0.0548786,0.0674206,-0.0636366,-0.0111088,-0.0274153,0.0413278,-0.0441446,0.312327,0.0552409,-0.00767379,0.00644472,0.0330356,0.0127105,0.0381159,0.118426,0.323312,-0.0185256,0.0181283,0.00516007,0.17733,0.537641,0.0119086],[0.340239,0.529886,0.308039,0.0318268,0.685439,0.880772,0.209493,-12.5316,74.0502,26.3372,-0.122044,0.0111375,0.0822577,0.102762,0.118426,44.581,65.0348,-0.781896,-9.48922,-0.112901,-17.0353,-153.751,-0.0449532],[0.0519976,-0.0577348,0.377619,-0.291207,0.296055,0.189414,0.66489,-17.0135,120.237,38.4556,0.0463469,0.241115,0.335356,0.388243,0.323312,65.0348,108.911,-0.250843,-8.11748,-0.0993645,-20.1627,-178.256,0.242326],[-0.0387015,0.0449114,-0.217387,0.0948026,0.0334873,0.0876763,-0.131316,0.962343,-4.78109,-0.425781,-0.00550115,-0.0861038,-0.0362718,-0.0801553,-0.0185256,-0.781896,-0.250843,0.72275,1.11184,0.00609717,0.292647,-1.20731,-0.0697522],[0.121907,-0.0218325,0.422968,0.625523,-0.295078,0.000527793,-0.325866,3.51985,-5.31016,-5.34271,0.0175892,-0.117936,-0.193513,-0.121239,0.0181283,-9.48922,-8.11748,1.11184,9.74148,-0.0226792,6.93697,58.1068,0.00754739],[-0.00923524,-0.00499465,0.00247337,-0.0102529,-0.0234991,0.00252111,0.0186935,0.0631712,-0.445138,-0.0877308,0.00374058,0.00498099,0.0152945,0.00636818,0.00516007,-0.112901,-0.0993645,0.00609717,-0.0226792,0.0274866,0.0870183,0.451235,0.0123623],[0.137852,-0.0708593,-1.21367,0.158702,-0.118323,-0.302743,0.199575,4.29102,-18.4526,-8.11735,0.485793,-0.166638,-0.0984224,-0.295318,0.17733,-17.0353,-20.1627,0.292647,6.93697,0.0870183,103.478,67.0042,0.017606],[-1.10499,-1.8543,-0.142799,-3.72364,-0.154288,-1.06435,0.734215,33.7185,-47.9799,-100.317,1.2798,0.453284,1.1744,0.375538,0.537641,-153.751,-178.256,-1.20731,58.1068,0.451235,67.0042,1016.82,0.901228],[0.00628251,-0.0689196,0.0893231,0.00483902,-0.0820515,-0.109047,0.0245408,0.00192754,-0.0302579,0.0175701,0.0099592,0.0439369,0.0119987,0.0435211,0.0119086,-0.0449532,0.242326,-0.0697522,0.00754739,0.0123623,0.017606,0.901228,0.0541645]],"n":23,"lags":3}