{"betahat":[[-4.26125,-4.62222,-6.27798,1.71309,-4.71829,-4.95488,0.854929,0.602545,-0.256518,1.01741,-0.00112717,-2.92922,1.7965,3.19125,0.394451,-0.254372,-0.120751,5.27044,0.245568,21.079],[1.08771,0.209262,0.180635,0.0277061,0.41609,0.476353,0.0364214,-0.0550336,-0.00071468,-0.076722,-0.00157996,0.116332,-0.0515976,-0.15825,0.0337373,0.0186391,0.0129991,0.406691,-0.0258071,1.47842],[-0.0779945,0.794084,-0.0117736,-0.00152672,0.0245399,0.00032244,0.0587529,-0.0267945,-0.00666506,0.00641889,-0.00127259,-0.00402207,-0.0121095,0.00143378,0.00667105,0.000566192,-0.00337824,-0.246426,0.00643308,-0.151428],[0.1238,0.205176,0.959789,0.0214223,0.185455,0.249517,-0.0259476,-0.0123514,-0.00449479,0.0242842,-0.000560687,0.0813365,-0.0144484,-0.0765623,0.00649343,0.0103701,0.00892929,0.0316314,-0.0022084,0.502175],[-0.195996,-0.0871315,-0.344683,0.914391,-0.5704,-0.598437,-0.230403,0.0645115,0.0122299,-0.0443857,0.00182765,-0.134272,0.0742205,0.228821,-0.0430711,-0.0905662,-0.0917507,0.807684,-0.0397069,-1.97839],[-0.0493103,-0.102979,-0.0842798,-0.0604908,0.809141,-0.0231968,0.00293963,-0.00610242,0.00380131,0.00077638,0.00123835,-0.0315118,0.0115926,0.0182189,-0.00104876,0.0145863,0.000845661,-0.104999,-0.00149547,-0.200333],[-0.0200739,-0.0046374,-0.0639666,0.00853924,-0.0989504,0.821087,-0.00652644,0.000277247,0.00381568,0.0291457,-0.000309779,-0.0307856,-0.00894897,0.0233169,0.00345011,0.0056933,0.0137529,-0.0674485,0.00367012,0.9064],[-0.052858,-0.0244982,-0.186161,-0.200427,-0.325649,-0.144573,0.636848,0.0305542,0.0395393,0.0948861,-0.000191595,0.0244094,-0.00796947,0.00713146,-0.00853075,0.0284021,-0.00865275,-0.303385,-0.0332242,-2.11864],[0.199721,0.171819,-0.311483,-0.167715,0.0493023,-0.0822398,0.193433,0.605218,0.0399216,-0.107569,-0.00371947,0.139047,-0.057617,-0.0502053,-0.116298,0.0149414,0.0614958,-0.174699,0.0403713,0.0826409],[0.293204,0.228821,0.03777,0.807287,-1.10373,-0.412777,-0.283087,-0.0605973,1.30428,0.325711,0.0224036,-0.165524,0.0573921,0.0901501,0.02953,0.0642553,0.0621986,0.212772,-0.00322015,0.62024],[-0.712456,-0.314739,-1.17583,-0.398468,-1.39899,-1.44665,0.00968279,-0.0721439,-0.0201675,0.967059,0.0124783,-0.446925,-0.234855,0.30287,-0.0201234,-0.0758263,-0.0413164,1.09839,0.00366812,-1.54029],[-8.22384,-9.17109,-11.8817,-4.35771,-13.6448,-15.8081,-1.75797,1.10912,0.0962428,1.51702,0.857943,-5.56596,-1.11298,3.64704,-0.360775,0.307193,0.508344,6.83305,0.337178,-10.4816],[0.0562412,0.128126,0.00842158,0.0400961,0.199744,0.202726,-0.13838,0.0192179,-0.00852641,-0.00657743,0.000951645,0.971132,0.0199364,-0.115677,-0.000467239,-0.0315872,-0.0103981,0.584102,0.00376972,-1.20338],[-0.140767,0.206309,-1.29543,0.0350078,-0.421301,-0.14363,-0.145279,-0.131742,-0.0175107,-0.0879049,-0.00618551,-0.0273312,0.975492,0.0635194,-0.00101992,-0.00340556,-0.00506895,-0.74553,0.0204414,-0.965626],[1.15202,1.41434,1.36545,0.108323,2.16309,2.00066,0.059327,-0.0565089,0.000518841,-0.0275021,-0.00614193,0.83372,-0.272467,0.253161,0.0865553,0.0594938,0.0403316,1.4938,-0.145404,5.85759],[-0.1967,-0.501586,1.07136,-0.0576073,-0.55926,-0.28846,0.791283,0.140506,0.0644104,-0.0633515,0.00202751,-0.0396753,-0.447197,-0.0119338,1.30048,0.185236,0.0866218,-2.78847,0.117291,-1.04737],[0.131988,-0.258993,-0.187645,0.112161,2.74155,1.51274,0.353504,-0.0727599,0.0605162,-0.00351204,-0.0244523,0.374789,0.457191,-0.41976,-0.075202,1.17073,0.191961,-4.58304,-0.219493,0.843874],[1.18993,1.28125,1.56809,0.187249,1.53717,1.97001,0.130662,-0.172878,0.141971,-0.170768,-0.0205264,0.354926,-0.194844,-0.206115,0.140058,-0.0888042,0.900943,2.56273,-0.257645,0.218974],[-0.0328262,-0.0596149,-0.0561851,0.0225716,-0.0653691,-0.0236732,-0.00369818,-0.00259586,0.00238066,-0.00366784,-0.000149538,-0.0195013,-0.0114577,0.0149622,-0.00196554,0.00499297,0.0105644,0.942486,0.0157171,-0.253554],[-0.291993,-0.102855,-0.809185,0.223068,-0.436787,0.0847839,-0.345522,-0.0291281,-0.0375524,0.0704191,0.0149629,-0.563148,-0.108614,0.230046,-0.0351875,-0.015804,-0.0217763,-2.90495,1.22089,-6.87426],[-0.00252263,-0.00208856,-0.0165162,-0.00135258,0.0178697,0.0112004,0.00158113,-0.00347413,-0.00258982,-0.000197821,0.000300194,-0.000750224,-0.0028136,0.00016555,-0.00186989,-0.000909958,-0.000102805,0.000384646,0.00091194,0.981817],[-0.0245568,0.0189506,-0.0834731,0.0355473,-0.296818,-0.306873,-0.0386551,0.0318742,0.00194576,0.0329337,0.00150245,-0.0843484,0.0431943,0.119201,-0.0262351,-0.0233325,-0.0188558,-0.290796,0.0173754,-1.0846],[0.0768444,0.257091,-0.0176128,-0.0144164,-0.04367,-0.0244918,-0.0502869,0.0149287,0.00111401,-0.00693294,0.000380895,-0.012011,0.0197684,-0.00469993,-0.00497189,-0.00299485,-0.00627629,0.19777,-0.00681902,0.297418],[-0.0279986,-0.0532811,0.141447,-0.00717268,-0.0147864,-0.0869092,0.0202549,0.000377285,0.00138097,-0.0258495,0.000681572,-0.00220898,-0.00371433,0.0145094,0.00346553,-0.00214422,0.0041601,-0.0313412,0.00224645,-0.040215],[0.295916,0.294169,0.260068,0.0232854,0.829617,0.781444,0.162086,-0.0588397,-0.0241487,0.0340072,-0.00213858,0.145631,-0.0716603,-0.255573,0.0726016,0.097645,0.0986379,-0.625454,0.0595997,2.42564],[0.0478209,0.123184,0.0287816,0.0538541,0.102074,0.004886,0.0133703,0.00514797,-0.00168498,0.00580473,-0.00128577,0.031571,-0.0118626,-0.00768034,0.00514862,-0.0070197,0.00207975,-0.0420112,-0.000303494,0.229113],[0.0726563,0.106114,0.0746429,0.0315913,0.151283,0.20109,0.0149389,-0.00806077,-0.0033509,-0.0210989,0.000140139,0.0683141,0.0104438,-0.0474611,0.00284502,0.00228885,-0.00104451,0.149885,-0.00822056,-0.328635],[-0.0652031,-0.229809,-0.0460115,0.127058,0.0885032,0.0127822,0.3343,-0.0489649,-0.0058632,-8.25334e-05,0.00400544,-0.0792623,-0.0038259,0.0452119,0.014184,-3.45047e-05,0.0271415,-0.323872,0.0474988,1.00747],[0.0285448,0.123057,0.949027,-0.11718,0.247229,0.716695,-0.214866,0.116139,-0.00714445,0.122237,0.000310752,0.153324,-0.0742452,-0.245497,0.0757953,0.0639074,0.0775936,-0.10484,0.0686926,1.42601],[0.116354,0.253505,-0.536769,-0.298123,1.93054,1.40959,0.475344,-0.0353761,-0.252753,-0.201483,-0.0179663,0.445292,0.107292,-0.298043,-0.00201531,0.0261985,-0.0146951,0.208232,0.00893451,3.3276],[0.485874,0.0974001,1.19413,0.113101,0.563375,0.828415,3.39041e-05,0.162208,0.0227271,-0.221181,-0.0036413,0.384747,0.0696027,-0.220664,0.00531958,0.0420627,0.00389981,-0.69452,-0.0467794,2.37869],[3.11698,3.19488,4.00878,2.25535,-1.92417,2.47323,5.86926,-2.87365,0.0362578,0.638501,-0.125182,2.62136,1.47794,-0.261006,0.864507,-0.837957,-1.72068,-10.9121,-1.05166,24.0083],[-0.00992176,0.0453589,0.00985325,0.0442849,-0.1506,-0.168445,0.0892401,-0.0104618,0.00640351,0.00504581,-0.00182536,-0.000451192,0.0061491,0.0981569,0.00278553,0.0119571,0.000464853,-0.254015,0.00463368,0.455648],[0.116847,-0.0482871,0.634179,0.0517206,0.0391159,-0.12379,0.0644797,0.111245,0.0124556,0.014103,0.00474005,0.00935325,0.0284754,-0.0655118,-0.0455415,0.016892,-0.00755825,0.327249,-0.0177263,-1.6516],[-0.578487,-0.935561,-0.68249,-0.070478,-0.717363,-0.889438,-0.0715259,0.0799005,0.0066908,0.0186297,0.00398726,-0.363864,0.181963,0.313601,-0.0655426,-0.0424216,-0.0133602,-0.593756,0.0577892,-3.25949],[0.552836,1.06931,-0.741009,-0.205245,0.915004,0.621955,-0.315845,-0.143734,-0.0269402,0.0712832,-0.00161919,0.370236,0.258768,-0.355046,-0.0785456,0.000946339,0.0510376,1.46813,-0.0847169,2.67012],[0.123825,0.0493575,1.78316,-0.0702926,-1.99248,-1.43217,-0.179017,-0.0518345,0.00938501,0.0112427,0.0116213,-0.277309,-0.0310612,0.325572,-0.0920181,-0.111909,-0.0649327,3.90022,0.0831929,-3.66347],[-0.906659,-0.763532,-2.08037,0.0582751,-1.50849,-2.01771,-0.15314,0.0546141,-0.051212,0.109279,0.0108437,-0.503664,-0.0197101,0.417357,-0.169777,-0.00866681,-0.105148,-2.75981,0.135363,-5.46033],[0.0416928,0.0504288,0.088587,-0.0398658,0.0548519,0.0257942,-0.00900787,0.00229836,-0.00566841,0.00175369,0.000130649,0.0242029,0.0121302,-0.014161,0.00525274,-0.00430988,-0.00845839,-0.000704933,-0.00724796,0.408579],[0.176658,-0.0132637,0.229682,0.349523,0.466084,0.151694,0.155638,-0.0536632,0.0625628,-0.108924,-0.0115572,0.389671,0.127208,-0.0842192,-0.0266084,-0.0153333,-0.0226441,1.03269,-0.208761,2.66695],[-0.00733117,0.000160193,0.00175474,-0.00292095,-0.0299164,-0.0329984,-0.00255543,0.00401491,0.00168405,-0.000210903,-0.000186036,-0.00649445,0.00420906,0.00663849,-0.00129085,0.000343022,-0.000333043,0.0255811,1.19635e-05,-0.0176461],[-0.0631027,-0.228145,-0.0970369,-0.063257,-0.119253,-0.169408,0.00226379,0.0231421,-0.00123192,0.0437787,7.72394e-05,-0.0319499,0.00837552,0.03902,-0.00746428,0.00469863,0.00586185,-0.11573,0.00842994,-0.393325],[0.0010908,-0.0513279,0.0293491,0.0158709,0.0190167,0.0240627,-0.00840754,0.0118603,0.00555283,0.000539252,0.000891131,0.0159889,-0.00769572,0.00329508,-0.00165832,0.00243551,0.00966305,0.0485926,0.000401491,-0.145642],[-0.0958042,-0.151785,-0.101925,-0.0142065,-0.170624,-0.162658,0.0057525,0.0119755,0.00312386,0.00157651,-0.000120185,-0.0790925,0.0182072,0.0620481,-0.00990826,-0.0082228,-0.0130783,-0.000195191,-1.15234e-05,-0.462187],[-0.0997793,-0.206926,0.0849008,0.0622198,-0.259132,-0.18286,0.0683665,-0.00567528,0.0119216,0.0103936,0.00030938,-0.0113031,-0.00264233,0.0267103,-0.0294623,-0.00707168,-0.00686229,-0.181901,-0.0198841,-0.446035],[0.00170117,-0.0199552,0.0561502,0.00660436,0.0887698,0.018506,-0.016256,0.000892313,-0.00212577,-0.00662762,4.64327e-05,8.5371e-05,0.000220745,-0.0106565,-0.0040242,-0.00754638,-0.00291207,0.147519,0.00178006,-0.027589],[-0.0524477,-0.10134,-0.0102833,-0.0401946,-0.0523951,-0.0221825,-0.00834351,0.00773388,-0.000471211,-0.00805687,0.000168573,-0.0374413,-0.00154444,0.02407,-0.00621972,-0.00796191,-0.0126891,-0.0820576,0.00454734,-0.576479],[0.118525,0.25471,0.233462,0.0734062,0.237381,0.132216,0.0288238,0.0183721,-0.0336497,-0.0949007,-0.00381447,0.0551167,0.0116473,-0.052519,-0.00551113,-0.0283337,-0.0184082,0.629322,-0.014279,1.11217],[-0.016069,-0.17111,-0.0211049,0.182205,-0.0813959,-0.356263,-0.0942098,0.173825,-0.0353765,-0.0575633,0.00253752,-0.172705,0.100372,0.17059,-0.0612275,-0.0475096,-0.113133,0.126811,-0.101535,-3.41357],[-0.225632,0.0596066,-0.0679456,-0.246546,-0.0255171,-0.00264038,-0.152528,0.0659039,-0.153665,0.0765862,-0.00950099,-0.0216337,-0.279906,-0.0300982,0.0737102,0.00153964,0.0250132,-0.556332,0.0337094,-1.58567],[-0.141516,-0.1372,-0.447169,0.151815,0.0835234,-0.203792,-0.0225826,0.0140419,-0.00797213,0.121171,-0.00562444,-0.11531,0.117401,0.0547524,0.0164282,-0.00132395,0.0243409,0.111351,0.0364739,-0.638281],[5.10687,5.97621,7.87292,2.10237,15.5689,13.3349,-4.11129,1.76453,-0.132501,-2.15552,0.267239,2.9446,-0.36496,-3.38604,-0.503731,0.530764,1.21234,4.07906,0.714485,-13.5267],[-0.0462115,-0.173372,-0.0179935,-0.0843836,-0.0490865,-0.0341602,0.0491536,-0.00877358,0.00212278,0.00150929,0.000873033,0.0293767,-0.0261177,0.0174724,-0.00228105,0.0196387,0.00994787,-0.329735,-0.00840613,0.748217],[0.023957,-0.157976,0.661331,-0.08672,0.382183,0.267448,0.0808099,0.0205062,0.00506252,0.0738154,0.00144527,0.0179767,-0.00401626,0.00199999,0.0465902,-0.0134963,0.0126338,0.418508,-0.00270938,2.61773],[-0.141155,0.0250303,-0.170381,0.066816,-0.483479,-0.283641,0.00599074,0.0075223,0.00119628,0.0124183,0.000961215,-0.140464,0.0254657,0.157698,-0.00274855,-0.0381255,-0.028717,-0.392767,0.0292893,-0.795728],[-0.35548,-0.567112,-0.328816,0.262854,-0.355264,-0.332789,-0.475326,0.00315937,-0.0374507,-0.00803915,-0.000412564,-0.330159,0.188264,0.366702,-0.221734,-0.186123,-0.137559,1.32244,-0.0325971,-1.62008],[-0.136795,-0.0746365,0.0121798,0.0408848,-0.715826,-0.349068,-0.143318,0.158721,-0.00964064,-0.058954,0.0102628,-0.0410925,-0.0713311,0.0793742,-0.0261936,-0.12828,-0.0749155,1.28399,0.0754818,1.95805],[-0.194302,-0.387747,-0.175069,-0.44534,-0.00212438,0.116203,-0.0552419,0.0652134,-0.0643154,0.00585689,0.0149661,0.0863546,0.00827353,-0.146731,-0.00948925,0.0595612,0.0519726,-1.01418,0.122947,1.09694],[-0.00683801,0.011445,-0.0281924,0.017368,0.012607,0.000738664,0.0129091,2.46246e-05,0.00326195,0.001551,9.2148e-06,-0.00337808,-0.00106892,-0.00184141,-0.00279434,-0.000551666,-0.00194022,0.0616928,-0.00858047,-0.147602],[0.0476257,0.073078,-0.0283787,-0.591694,0.0138057,-0.313748,0.193332,0.10554,-0.00202225,0.0753666,-0.00557744,0.115822,-0.0189754,-0.101352,0.0350016,0.0408921,0.0370278,1.10084,-0.0427704,3.54177],[0.00698381,-0.000261431,0.00713996,0.00376338,0.00887796,0.0175362,0.00052423,-0.000561226,0.000831865,0.00030995,-4.89826e-05,0.00620822,-0.000882907,-0.00637419,0.00294931,0.000422775,-5.52309e-06,-0.0344557,-0.000575443,-0.00719908]],"sigmahat":[[1.15618,1.323,1.32052,0.131045,1.86894,1.89869,0.0829139,-0.081641,-0.0182894,-0.0590866,-0.00582486,0.751848,-0.123943,-0.673496,0.0894137,0.0416548,0.0310294,0.840146,-0.104162,4.55838],[1.323,2.28554,1.26464,0.285934,2.15098,2.41166,0.0402474,-0.107324,-0.0222326,-0.134774,-0.00610591,0.886888,-0.181865,-0.848177,0.113113,0.029851,0.0122665,0.914173,-0.148535,4.97625],[1.32052,1.26464,4.11856,0.146812,1.86731,2.22637,0.163758,-0.0873417,-0.0141652,-0.0803564,-0.00682315,0.870027,-0.275235,-0.73003,0.154449,0.0618934,0.0646057,2.55206,-0.09454,8.35805],[0.131045,0.285934,0.146812,0.434039,0.363884,0.399449,-0.00280169,-0.0100366,0.0139282,-0.0242153,-4.10843e-05,0.124946,-0.00102899,-0.0996438,-0.00844737,-0.00759762,-0.0135253,0.188548,-0.0402823,-0.183211],[1.86894,2.15098,1.86731,0.363884,4.72388,4.14526,0.0979332,-0.113163,-0.0349035,-0.154613,-0.00941454,1.40666,-0.198079,-1.34546,0.13991,0.0333007,0.0231122,1.15547,-0.2323,6.9221],[1.89869,2.41166,2.22637,0.399449,4.14526,4.84127,0.096338,-0.133901,-0.0306467,-0.186274,-0.00763415,1.38978,-0.284542,-1.3251,0.180717,0.0532168,0.0103342,0.744575,-0.225847,7.03545],[0.0829139,0.0402474,0.163758,-0.00280169,0.0979332,0.096338,0.244015,-0.0141652,-4.73712e-06,0.016692,-0.00392066,0.0996325,0.00266272,-0.0640971,0.0369598,0.0215733,0.0176564,-0.0311208,-0.00338699,1.90352],[-0.081641,-0.107324,-0.0873417,-0.0100366,-0.113163,-0.133901,-0.0141652,0.0533132,0.003965,0.00632705,0.000572405,-0.0671775,0.0109402,0.0569825,-0.00721923,-0.00986996,-0.00315023,0.0306048,0.00805577,-0.318953],[-0.0182894,-0.0222326,-0.0141652,0.0139282,-0.0349035,-0.0306467,-4.73712e-06,0.003965,0.00687326,0.00323293,0.0002496,-0.0114525,0.000837573,0.0120494,-0.00136234,0.000310971,0.00182612,0.006418,0.000950401,-0.0692135],[-0.0590866,-0.134774,-0.0803564,-0.0242153,-0.154613,-0.186274,0.016692,0.00632705,0.00323293,0.0843181,-0.000781136,-0.0579788,0.000810182,0.0460547,-0.000987675,0.00780689,0.0141907,-0.241315,0.0260085,0.0518804],[-0.00582486,-0.00610591,-0.00682315,-4.10843e-05,-0.00941454,-0.00763415,-0.00392066,0.000572405,0.0002496,-0.000781136,0.000286796,-0.00442482,0.000674682,0.00395555,-0.000877824,-0.000354829,-0.000125744,-0.00226768,0.001121,-0.0539741],[0.751848,0.886888,0.870027,0.124946,1.40666,1.38978,0.0996325,-0.0671775,-0.0114525,-0.0579788,-0.00442482,0.621563,-0.0592078,-0.51662,0.0579191,0.0325601,0.017092,0.504853,-0.0859883,3.14904],[-0.123943,-0.181865,-0.275235,-0.00102899,-0.198079,-0.284542,0.00266272,0.0109402,0.000837573,0.000810182,0.000674682,-0.0592078,0.121957,0.0850123,-0.0294445,-0.00580279,-0.00369853,0.035029,0.00863095,-0.825134],[-0.673496,-0.848177,-0.73003,-0.0996438,-1.34546,-1.3251,-0.0640971,0.0569825,0.0120494,0.0460547,0.00395555,-0.51662,0.0850123,0.527691,-0.0596053,-0.0302575,-0.0144392,-0.257161,0.0782414,-2.73702],[0.0894137,0.113113,0.154449,-0.00844737,0.13991,0.180717,0.0369598,-0.00721923,-0.00136234,-0.000987675,-0.000877824,0.0579191,-0.0294445,-0.0596053,0.0312245,0.0117571,0.0116998,0.0799195,-0.00376228,0.982321],[0.0416548,0.029851,0.0618934,-0.00759762,0.0333007,0.0532168,0.0215733,-0.00986996,0.000310971,0.00780689,-0.000354829,0.0325601,-0.00580279,-0.0302575,0.0117571,0.0255009,0.0215761,-0.0214808,0.00523119,0.527625],[0.0310294,0.0122665,0.0646057,-0.0135253,0.0231122,0.0103342,0.0176564,-0.00315023,0.00182612,0.0141907,-0.000125744,0.017092,-0.00369853,-0.0144392,0.0116998,0.0215761,0.0333124,0.0897259,0.0150003,0.697501],[0.840146,0.914173,2.55206,0.188548,1.15547,0.744575,-0.0311208,0.0306048,0.006418,-0.241315,-0.00226768,0.504853,0.035029,-0.257161,0.0799195,-0.0214808,0.0897259,9.98213,-0.105012,7.52698],[-0.104162,-0.148535,-0.09454,-0.0402823,-0.2323,-0.225847,-0.00338699,0.00805577,0.000950401,0.0260085,0.001121,-0.0859883,0.00863095,0.0782414,-0.00376228,0.00523119,0.0150003,-0.105012,0.0386048,-0.187405],[4.55838,4.97625,8.35805,-0.183211,6.9221,7.03545,1.90352,-0.318953,-0.0692135,0.0518804,-0.0539741,3.14904,-0.825134,-2.73702,0.982321,0.527625,0.697501,7.52698,-0.187405,65.9203]],"n":20,"lags":3}