{"betahat":[[2.60289,-0.365566,5.98007,9.40375,8.01116,7.26468,-1.24888,-1.29801,8.5391,0.356055,-0.513714,-0.0306634,0.54754,-0.467886,-0.868071,-1.39059,-0.235996,37.2646,16.3461,0.355653,-8.25382,4.2968,1.38463],[0.678403,0.135806,0.0779427,-0.25273,0.0369147,0.210845,-0.00558619,-0.138606,-0.00744481,0.0625814,-0.202442,-0.020894,-0.0391652,-0.00862181,0.016702,0.0972229,-0.0408275,-0.017854,-0.22005,0.0125609,1.19855,-0.290895,-0.0329873],[-0.056101,0.566281,0.467286,0.00802114,0.356716,0.0407302,0.0772813,0.00590855,0.120035,-0.0222815,0.0379679,0.00760979,-0.0129615,-0.0100846,-0.030052,-0.000501485,0.0338662,-0.0189529,-0.0881584,0.0101608,-0.618605,0.153972,0.0222663],[0.00888182,0.0736496,0.721092,0.027306,-0.0276159,0.0735319,-0.0496174,0.0102352,0.0133828,0.0451474,0.0286978,0.00172574,0.0337057,0.00204399,0.011237,0.0326374,-0.0398772,0.00635578,-0.0758119,0.0133298,0.325806,0.0120434,-0.00109738],[0.137768,0.311117,0.037352,1.10553,0.0581262,0.205588,-0.0964257,0.0399662,0.238007,-0.0174325,0.0013558,0.0194773,-0.0764538,0.0091466,-0.0565741,0.0289883,-0.0627556,0.0275802,0.144404,-0.0158597,-1.92119,-0.0128034,0.0105469],[-0.0883524,-0.126472,-0.15294,-0.103014,0.549484,-0.151676,0.00218695,0.0136086,0.075312,0.0701963,-0.0248054,0.0118563,-0.010218,0.0106773,-0.0159812,-0.0146528,0.0209027,-0.00439985,-0.078744,0.0233335,-0.271699,0.00103384,0.0044066],[0.0472593,0.104954,0.00450559,0.0607009,0.0469345,0.81409,0.0304274,-0.0129688,0.110456,-0.0396361,-0.00127902,-0.00314897,0.0258671,0.00667859,0.0343257,0.0285497,0.0713491,-0.0294118,0.00902804,-0.0059374,1.54664,-0.0534116,-0.0146902],[-0.041082,0.171516,0.243253,0.0787733,-0.257009,0.150542,0.683656,0.0208371,-0.201092,-0.0185498,0.0251933,0.0380898,-0.0488567,0.0393307,-0.0320037,-0.0772151,-0.203156,0.012015,-0.0196553,-0.0326463,-2.2097,-0.0546399,0.00998117],[-0.119105,-0.139993,-1.16287,0.165105,-0.224026,0.0495439,0.303236,0.504229,0.105029,0.14383,0.035535,0.024498,-0.0279132,0.0181948,0.043775,0.122876,0.150711,0.354994,0.0725613,0.0518472,1.6562,0.352407,0.0406712],[0.00119417,0.0613857,0.16116,-0.0397551,0.103049,0.196689,0.0980461,-0.0189159,0.59614,-0.0757755,0.041514,0.00940989,-0.00221767,0.00747249,0.0197724,0.033626,0.0589188,-0.00390042,-0.149625,-0.0178768,-0.135736,0.0889803,0.0380332],[0.0668975,0.13227,0.710899,0.0359283,-0.151728,0.159414,-0.160674,0.0581906,0.542956,0.866343,0.00427097,-0.0265514,-0.0329904,-0.0256916,-0.0148094,-0.00784302,-0.145316,0.095908,0.158412,0.0297429,-0.255333,0.00670374,-0.0338465],[-0.127998,0.17274,-0.863668,-0.186169,-0.329088,-0.528512,0.105959,-0.204999,-1.87266,0.0064085,0.77938,-0.0258115,0.0198728,-0.0626091,-0.00544467,-0.197972,0.134518,0.175555,0.530129,-0.0337239,2.70314,-0.244127,0.0379125],[1.72361,0.543863,1.72831,-0.30208,2.04622,3.11301,-0.0701415,0.20288,0.176498,-0.266066,-0.0981024,0.913038,0.0462046,0.0300587,0.00114825,0.802603,-0.277838,-0.276965,-0.419374,0.035535,11.2542,-0.439385,0.0314884],[-0.0660001,0.306188,-0.670137,-0.28892,0.573444,-0.276509,-0.0380242,-0.128107,-0.446763,-0.387243,0.190747,-0.0326926,0.979882,0.0417062,-0.0942987,0.0766236,-0.213998,0.0168791,-0.69016,-0.0280539,0.361819,-0.0977565,-0.0556002],[-1.34194,-0.85157,-1.05952,0.817816,-4.14916,-3.8844,-1.01786,-0.0596463,1.222,1.33482,0.376328,0.452356,-0.0368933,1.31692,0.244336,-1.12109,-0.00210541,-0.170423,1.05452,0.122991,-3.22858,-0.386282,0.442075],[0.302353,0.010932,1.31662,0.149633,1.53215,1.49694,1.04039,-0.124777,0.861027,-0.0246948,-0.467215,0.238793,0.189664,0.188962,1.05924,0.331856,0.660787,0.248772,1.27571,-0.0874737,11.6189,-0.0688119,0.243495],[0.318325,0.73818,-0.99351,0.103677,0.0817917,-0.152305,-0.0587167,-0.00280227,-0.167542,0.0184228,-0.0783372,-0.0127787,-0.0625063,-0.00654323,0.0283041,0.830566,-0.0594246,0.163865,0.580441,-0.00933473,0.99712,0.132521,-0.0281473],[-0.121574,-0.187529,-0.0135902,-0.287683,0.233475,0.1007,-0.0687839,0.0725555,0.0146415,-0.0311765,0.0132586,-0.0148832,0.117114,-0.0108628,0.0472175,0.0882261,0.829647,0.0130767,-0.193245,0.061404,1.37311,0.0961154,0.0218948],[-0.337574,-0.163804,-1.59065,-0.165747,-0.539676,0.337198,-0.586259,-0.0956969,0.74155,0.633233,-0.189223,0.016062,0.0463585,-0.00919068,0.0877526,0.207708,-0.395423,0.560494,0.124715,0.12551,-0.28604,-0.455551,-0.0341989],[-0.093584,-0.0478979,-0.172197,0.107929,-0.136602,-0.211313,-0.11268,0.0758566,-0.18824,0.0664776,-0.0290014,-0.0030819,-0.0778428,-0.00708132,-0.00916499,-0.148954,-0.0174184,0.0682649,0.791356,-0.00942649,0.803233,-0.223503,-0.00420807],[0.00644095,-0.233173,-1.68825,-2.19917,0.697779,-1.59682,-0.673625,0.197575,0.600722,0.249396,-0.243618,-0.0474927,0.107879,0.00248039,0.0308173,-0.0229742,-0.590523,-0.123129,-1.56439,0.267262,-2.92117,-0.423237,-0.310845],[0.0122312,0.0111662,0.00732378,0.0245938,-0.0126275,0.00212173,0.0193657,-0.0122991,-0.0393376,-0.00180186,-0.00652439,-0.000430529,0.00482227,0.00155235,0.00471367,0.0107973,0.0113942,-0.00665763,-0.00156688,0.00208542,-0.515102,-0.00425064,-0.00109763],[0.0610671,-0.126838,0.168705,-0.0892914,0.317066,0.254786,0.130464,-0.00346711,0.160606,0.0783248,0.161364,-0.00968693,-0.0143323,-0.0111653,0.0517074,0.0330806,0.0840894,-0.00828563,-0.109917,0.0343836,-0.804288,1.17264,0.00102398],[0.239058,0.257287,1.76417,-0.363332,0.670757,-0.157371,0.0325176,-0.211643,-0.492137,-0.147999,-0.141803,-0.0282843,-0.107536,-0.0904038,0.00523277,0.227028,-0.183516,-0.415974,-0.0827429,-0.0948059,-9.71944,0.386148,0.667399],[0.264816,-0.0159734,0.0343151,0.262059,0.0595999,0.146175,0.0288775,0.0534783,0.170678,-0.00329459,0.162432,0.0165957,0.0561241,0.00431199,-0.0157326,-0.030045,0.0528408,0.0149223,-0.016997,-0.0195166,-2.0962,0.167852,0.0214382],[0.050747,0.25254,-0.419897,-0.174491,-0.326267,0.00209041,-0.0406717,-0.0223102,-0.0879887,-0.0657764,0.0181674,-0.0206938,0.0238376,-0.010413,0.0218605,0.0149739,0.00941343,0.0179971,0.137597,-0.0181924,0.164701,-0.0927576,-0.0223196],[-0.0431673,-0.0543752,0.144997,-0.0447694,-0.00888976,-0.0740976,0.0299615,-0.00438876,-0.0476177,0.0191695,-0.0175033,-0.00260883,-0.0150994,-0.00477225,-0.00526708,-0.0322461,0.0167384,-0.00686538,-0.0266956,-0.0158567,-0.533785,0.0118507,-0.0105643],[-0.0124949,0.0270906,-0.258519,-0.099384,0.0662534,-0.11664,0.0760699,-0.0287052,-0.129303,-0.0359472,-0.00995558,-0.0197182,0.0604017,-0.0209685,0.0324921,0.0313407,0.0592913,-0.0168623,-0.0973831,0.0186758,0.876312,-0.0342302,-0.0227157],[-0.000333106,-0.00140283,-0.227602,0.0540839,0.229341,0.0059652,0.0444431,-0.00170669,-0.106449,-0.0468461,0.0214547,-0.00167115,0.0221194,-0.00597472,0.0201681,0.0105773,0.0127223,0.00216375,0.0775693,0.000176004,0.341855,-0.0132346,-0.00228993],[-0.026476,-0.0640986,-0.0264774,-0.0326003,0.0484655,0.0393827,0.0250026,0.00715243,-0.145027,0.00330471,-0.0192732,-0.000737257,-0.0247865,-0.00622452,-0.00874343,-0.0107608,-0.0143836,0.0057064,-0.0917576,0.0204661,-0.873798,0.0488441,0.0110323],[-0.0370692,-0.268341,-0.207544,-0.093871,0.146769,-0.0201671,0.318912,-0.0397716,0.191079,-0.0123303,-0.028834,-0.00794457,0.0771928,-0.0079939,0.0503072,0.0339286,0.275781,-0.0161132,-0.0525735,0.0212904,1.25911,0.0152616,0.0211772],[-0.106005,0.0938849,0.845324,-0.425526,-0.478791,-0.259302,-0.314246,0.206009,-0.547089,-0.064178,0.0840828,0.0330792,0.0698036,0.0267282,0.0634734,-0.0952365,-0.118515,0.108547,0.193059,-0.0504331,-0.457115,0.0120562,-0.0517869],[-0.0170323,-0.0423958,0.0746955,0.0118885,-0.123637,-0.086654,-0.00989282,0.0138454,0.141105,-0.010441,-0.0180564,-0.0055343,0.00638535,-0.00579847,-0.0389778,-0.015841,-0.0143199,-0.0054246,0.122531,0.0182558,-0.618854,-0.0122379,-0.0338713],[-0.0670335,-0.0671315,-1.03977,-0.0419156,0.155809,0.0658443,0.212237,-0.0813278,-0.188896,-0.0439247,0.0356793,0.0154521,0.0709986,0.0194619,0.00683858,-0.0547198,0.147069,-0.0946125,-0.0215832,-0.0659873,0.684403,0.000365314,-0.0128169],[0.110533,-0.210179,1.97632,-0.0867758,-0.135636,0.486723,0.228697,0.347026,1.21539,-0.186534,-0.188491,0.0705261,-0.0790371,0.0594966,0.0930801,0.0855063,0.120193,-0.119179,0.0210138,0.028374,0.689935,-0.206672,0.0769354],[0.367996,0.542828,0.0350427,0.294216,1.16313,1.10098,0.477497,-0.109154,-0.309306,-0.382376,-0.132558,-0.162874,0.00994271,-0.0658554,0.000279757,0.419491,0.167407,0.192351,-0.485071,0.0983812,0.989205,0.0331497,-0.0622496],[-0.0701703,0.364912,-1.59026,-0.431859,-0.0285896,0.288114,0.358467,-0.133665,-0.480551,0.429076,-0.0729842,0.0705843,-0.241936,-0.00517605,-0.0678663,0.304538,0.218108,-0.0199064,-0.700569,0.0133568,-4.38355,0.280069,0.0609341],[-0.565343,-0.285154,-2.52172,-0.552237,0.595464,-0.115893,0.801896,-0.135933,-1.19054,-0.197699,0.0774798,-0.182681,0.0421675,-0.238579,-0.198219,0.193746,0.34602,-0.222124,-1.20711,-0.0755277,-3.77558,0.267746,-0.133123],[0.14862,-0.841799,0.657809,0.140907,-1.20182,-1.90145,-0.331785,0.302724,-0.860268,0.182965,0.420755,-0.0468682,-0.0289315,-0.011332,-0.13073,-0.493456,-0.0603716,0.184638,-0.470124,0.00132699,-8.53624,0.117629,-0.0162942],[-0.287134,-0.87253,0.35447,-0.269576,0.218597,0.428509,-0.0480149,0.00133987,-0.167007,0.121605,0.0301465,0.0150653,0.0921814,0.0149003,0.018855,0.0188152,0.0692909,-0.0474518,-0.282226,-0.0202344,-0.0574946,-0.121483,0.0591955],[0.0171632,0.0233524,0.0193867,0.166718,-0.116,-0.0368261,0.261604,-0.0525762,-0.22215,-0.18737,0.00360916,0.0295852,-0.0316381,0.030519,-0.0114019,-0.0448434,0.288812,-0.00807624,0.124872,-0.0284736,-2.03108,-0.0245392,0.0074277],[-0.0650941,0.298545,1.8068,0.0402715,0.0145863,-0.80224,0.689302,0.288068,-1.29355,-0.354415,0.171618,-0.0271082,0.101461,0.0429939,-0.0229694,-0.273076,0.448654,-0.144684,-0.0131021,-0.0423655,-0.808309,0.228284,-0.0097544],[0.120992,0.0337977,-0.0319271,-0.121013,0.238971,0.230885,0.0531026,-0.103529,-0.0657002,0.0251778,0.0399259,-0.00637818,0.04468,0.00262824,0.00492982,0.128082,-0.039883,-0.00413643,-0.0532164,-0.0152412,-0.427585,0.192251,0.0112411],[0.36649,0.227519,1.70734,0.478281,-0.439693,1.64331,-0.253804,-0.387248,0.186232,-0.452679,-0.112119,-0.0328395,-0.0570225,-0.0919553,-0.00486897,0.161683,-0.23863,-0.0645769,-0.0952461,0.174174,0.276624,-0.00514995,0.014649],[0.013144,0.0306134,-0.0376479,0.00543656,0.000846392,0.0122453,-0.00500567,-0.0143124,-0.02476,0.00643533,0.00276026,-0.000102479,-0.0017749,-0.000400249,-0.00236012,0.00827406,-0.00399444,-0.00771337,0.0148429,0.00245394,-0.162713,-0.00202343,0.0073301],[-0.026243,0.245733,-0.122169,0.0892395,-0.358019,-0.0903333,-0.213383,0.0280062,0.114064,0.0322539,-0.0934874,0.00832146,0.0176846,0.0101109,-0.0518252,0.0255984,-0.178012,-0.0499281,-0.180385,-0.0176252,1.23807,-0.213226,-0.00154195],[-0.450306,-0.251634,-2.44158,0.660514,0.343476,0.479259,-0.0821189,0.187797,-0.285255,0.360219,-0.00395168,-0.0172378,0.102067,0.0425842,-0.0834522,-0.327986,-0.108518,-0.159739,0.568439,0.109327,5.16899,-0.552272,0.0395986],[0.0567641,-0.120046,-0.111796,-0.00942644,-0.0966153,-0.357038,-0.0231777,0.085133,-0.163393,-0.0593767,0.0401516,0.00428475,-0.0169464,0.00433103,-0.00098913,-0.0671618,-0.0119888,0.00303456,0.237433,0.00692531,0.896756,0.123102,0.0115174],[0.00508498,0.180385,-0.0478785,0.165845,-0.0310642,-0.0439183,-0.0362483,0.0164413,-0.0324156,0.087973,-0.0559609,0.0130582,-0.0108219,0.0204884,0.00819027,-0.0144786,-0.0431435,0.00110923,-0.0488739,0.00806305,0.454157,-0.0609048,1.38042e-05],[0.0339572,-0.0192829,0.129315,0.016628,0.0363231,-0.000524938,0.0198179,-0.00598063,0.0336132,-0.0645183,-0.011155,0.000855459,-0.0182286,0.00272261,-0.00580572,-0.000102889,0.0233202,0.000463868,0.104563,0.00240224,0.214114,-0.0241726,0.0114401],[-0.124958,-0.33791,0.222232,-0.00773591,-0.125561,-0.0899261,0.0209733,-0.011202,-0.109089,0.0532709,0.00875226,0.000183184,0.0160495,0.0118088,0.0242716,-0.0599987,0.00389135,-0.0101603,-0.0452633,-0.00290297,1.04532,0.0472216,0.0121419],[0.088337,0.127191,0.383134,0.0489829,0.218443,0.143341,-0.0469254,-0.0120163,0.0310265,-0.0225464,0.00339795,-0.0101718,-0.0119612,-0.00464334,-0.0042886,0.00354162,-0.0338524,0.00237832,0.000732428,-0.0235141,-0.0674207,0.0115107,-0.00220934],[-0.0208539,-0.0412011,0.0237891,-0.0291042,-0.0978443,0.143643,-0.0552245,0.00565154,0.0343945,0.0366637,0.0208068,0.0038428,-0.000948878,-0.000443016,-0.0255284,-0.0178509,-0.0568348,0.0237387,0.0824091,-0.0145395,-0.669075,0.00406859,0.00358202],[0.0776848,0.0953696,-0.0317806,0.0146393,0.106416,-0.134569,-0.00287651,0.0191291,0.00951234,0.0320317,0.00355599,-0.0299404,-0.0281973,-0.0309719,-0.017804,0.042674,-0.0725507,0.00521459,0.0758553,0.0115129,0.955015,0.0387605,-0.0310685],[0.244317,0.0181528,0.431403,0.457813,0.587596,0.285313,-0.00115359,0.140533,0.320929,0.196841,0.0608355,-0.0295634,-0.0416422,-0.0105227,-0.0768946,0.00998926,-0.0702748,0.029872,-0.0270431,0.0879652,-1.19265,-0.427872,0.0230342],[0.0154687,-0.0196598,-0.234365,0.0244049,0.0170711,-0.112991,-0.0860654,0.00512463,0.259886,0.0858952,-0.0227351,-0.00397781,-0.00383679,-0.00168478,0.0196783,-0.0175404,-0.0430924,0.0100432,0.0325772,-0.000587622,0.754485,-0.0754998,-0.00421181],[0.000741096,-0.0637179,0.3287,0.00616241,-0.00383194,-0.224794,-0.0515956,0.0231686,-0.353509,0.177033,-0.0402069,0.0110932,-0.0381558,0.00613779,0.00783207,0.062658,-0.00176871,-0.00121486,-0.136161,0.0360638,-0.425455,-0.00784542,0.0464522],[-0.121463,-0.419989,0.192968,-0.111358,-0.0183383,-0.551544,0.0891137,-0.033112,-0.231838,0.041242,0.219097,-0.00980652,-0.00941156,-0.0195172,-0.0505257,-0.105837,0.0834139,-0.0862501,-0.497808,0.0315642,0.863762,0.175232,0.0179727],[-0.0101649,-0.281615,1.54726,-0.343814,0.0571535,0.203048,-0.397539,-0.0268097,0.63292,0.160956,0.0489509,-0.0614312,-0.0792241,-0.0258116,0.062743,-0.0763374,-0.265433,0.345961,0.550669,-0.0141717,-2.66423,0.174836,-0.046328],[-0.322247,-0.516511,-0.546945,0.513699,-0.688116,-0.710231,-0.430668,0.225824,0.287851,-0.147173,-0.224563,0.0503799,0.0656101,0.0434914,0.138795,-0.310119,-0.284429,0.121149,0.628407,0.104512,4.32724,0.00331551,0.0255998],[-0.477163,0.0796576,-0.53442,-0.0488591,-0.108864,-0.170846,-0.139236,0.0395245,-0.202246,-0.208247,0.0221996,-0.082463,0.0207976,-0.152166,-0.0707325,-0.237259,-0.141664,0.182208,-0.360562,-0.111763,-3.62546,0.52598,-0.166464],[0.336031,0.750403,1.67034,-0.0571284,-0.492797,0.31381,0.124426,-0.0315146,-0.107745,-0.575035,-0.0396459,-0.114736,-0.114599,-0.0843896,0.0579965,0.0811101,0.00892298,0.0418985,-0.318187,0.0810301,0.0578964,0.0215802,-0.0976437],[-0.0313491,0.133561,0.640364,0.165173,-0.30264,-0.278835,0.106806,0.00139854,0.334619,-0.139435,0.0482981,-0.00228406,-0.0296302,-0.00830577,-0.0471522,0.150212,-0.00977438,-0.116266,-0.298226,0.0295601,-0.937883,-0.0112379,-0.0310569],[0.104253,0.163739,-0.00281778,0.120039,-0.120286,-0.0667772,-0.193138,-0.0197456,0.206954,0.219189,-0.0167262,-0.0145574,-0.085456,-0.0194101,-0.0354662,-0.0438308,-0.118776,-0.00395319,0.0703543,-0.0330506,0.659977,-0.0717605,-0.0294182],[0.400278,-0.131457,-0.159573,0.0974673,0.47308,0.444142,-0.0884632,-0.173692,0.537444,-0.276257,0.0153579,0.0124501,-0.148321,-0.0300829,-0.0588992,0.0665557,-0.0441445,-0.37176,-0.0428143,-0.0779428,1.09292,0.219072,0.044472],[-0.021505,0.0718387,0.0596277,0.0155272,-0.0069674,0.0916265,0.0967978,0.0450897,0.240821,-0.135352,-0.0281276,0.00926077,0.0149656,0.00459039,0.00728042,0.0478393,0.088898,-0.0035521,-0.317016,0.013897,-0.511584,-0.017212,-0.0192726],[-0.202225,0.0863552,-0.401702,0.862598,0.53585,0.544407,0.152256,0.226741,-0.669982,0.0777439,0.0989349,0.00534847,-0.125417,-0.0223095,-0.135309,-0.0286192,0.168436,-0.131438,-0.0967232,0.285408,1.15528,0.213365,0.200441],[0.00959091,0.0088049,-0.00647528,0.00637325,0.0237631,0.0348752,-0.0104962,0.000881491,0.00367019,0.00371643,0.00701659,-4.72196e-05,0.00489128,0.000606867,0.000309708,0.00884371,-0.0144555,0.000522713,0.014581,0.00103243,-0.069537,-0.0117572,-0.00218704],[-0.0288055,-0.117001,-0.064798,-0.0141231,0.102439,-0.0663516,0.0983564,-0.0120895,-0.245513,-0.113469,-0.0321575,-0.00693912,0.0076039,-0.000439329,4.103e-05,-0.0402726,0.107622,0.0338431,0.353002,-0.00718508,-0.413205,0.0734401,0.00804244],[0.0411905,0.212221,0.18457,-0.00590378,-0.481521,-0.145517,-0.281737,0.0144786,0.557203,-0.209698,0.0396581,0.0163261,0.0408171,0.0108131,0.0284712,0.157724,0.0786319,0.181827,0.393149,-0.0721317,3.31314,-0.239948,0.0399992]],"sigmahat":[[0.170074,0.146401,0.176094,0.0138952,0.102914,0.108265,0.00704178,-0.00418557,0.0723673,-0.0354567,0.00172336,-0.00835643,-0.0121592,-0.00713897,-0.00140156,0.0442806,0.00562807,0.00321506,0.0546845,-0.00546471,0.440037,-0.0363342,-0.00149046],[0.146401,0.552606,-0.032248,0.0100265,0.018623,0.246248,-0.0488836,-0.00597791,0.0685964,-0.060885,-0.0280734,-0.0110726,-0.0183264,-0.0148158,-0.0195663,0.0848679,-0.0455325,0.000409015,0.0228977,-0.0120939,0.214942,-0.109084,-0.0304547],[0.176094,-0.032248,2.55229,0.105664,-0.239337,-0.00707357,0.0250579,0.0444258,0.149804,-0.0275113,0.0223717,-0.00610721,-0.0734465,0.00775345,-0.0141159,-0.0596682,0.0191444,0.00353155,0.00886296,-0.00104486,-0.02122,-0.0514169,0.0109205],[0.0138952,0.0100265,0.105664,0.529325,0.160598,0.19817,-0.0868652,0.0141932,0.11917,-0.0186988,-0.00788011,0.0193361,-0.00344373,0.0191456,-0.0149389,-0.111814,-0.0299473,0.0192899,-0.0133568,0.0306563,0.33164,-0.0239454,0.00482587],[0.102914,0.018623,-0.239337,0.160598,1.24246,0.893507,-0.0449903,0.0034494,0.275007,-0.166461,-0.044821,-0.0126429,-0.060405,-0.0108833,-0.0165633,0.0767415,-0.0400324,-0.0412811,-0.0235009,-0.0225395,-0.83955,0.105866,0.00479917],[0.108265,0.246248,-0.00707357,0.19817,0.893507,1.39706,-0.0801698,0.0212142,0.300803,-0.146952,-0.0517182,-0.00734466,-0.0729522,-0.00725623,-0.056186,0.106376,-0.0903996,-0.0339535,0.0194412,-0.0153803,-1.43799,0.00728885,0.00139005],[0.00704178,-0.0488836,0.0250579,-0.0868652,-0.0449903,-0.0801698,0.24608,-0.00387692,-0.160482,-0.0475709,0.0164907,-0.00725085,0.016475,-0.00557833,0.00768842,0.0421708,0.14883,0.00222014,-0.0150884,0.00902355,0.169818,0.0457778,0.00253468],[-0.00418557,-0.00597791,0.0444258,0.0141932,0.0034494,0.0212142,-0.00387692,0.0459535,-0.000279828,-0.00830407,-0.00615861,0.00175448,0.0021123,0.00398902,0.0012781,-0.0138722,0.0014604,0.00825981,0.0258485,0.00484511,0.0654108,-0.00534428,0.000501421],[0.0723673,0.0685964,0.149804,0.11917,0.275007,0.300803,-0.160482,-0.000279828,0.801879,-0.0442432,-0.0191182,-8.51486e-05,-0.0339549,-0.0023664,-0.016743,0.0097593,-0.0922479,-0.0245629,-0.00854994,0.000745794,0.285129,-0.0671227,-0.00585996],[-0.0354567,-0.060885,-0.0275113,-0.0186988,-0.166461,-0.146952,-0.0475709,-0.00830407,-0.0442432,0.204799,0.00880207,0.00407263,-0.00243088,0.00551734,-0.000271701,-0.0297552,-0.0277475,0.00452467,0.00592312,0.0106446,-0.0522365,-0.0312952,0.017937],[0.00172336,-0.0280734,0.0223717,-0.00788011,-0.044821,-0.0517182,0.0164907,-0.00615861,-0.0191182,0.00880207,0.0392672,-0.00207646,0.00773075,-0.00102407,-0.00308021,-0.00482207,0.00856392,0.00218164,0.00528512,0.00357866,-0.0189791,0.0183812,-8.13959e-06],[-0.00835643,-0.0110726,-0.00610721,0.0193361,-0.0126429,-0.00734466,-0.00725085,0.00175448,-8.51486e-05,0.00407263,-0.00207646,0.00565926,0.0018054,0.00442514,0.00312246,-0.00752033,-0.000603099,0.00263075,0.0074371,0.0024072,-0.0314663,0.000651299,0.00407542],[-0.0121592,-0.0183264,-0.0734465,-0.00344373,-0.060405,-0.0729522,0.016475,0.0021123,-0.0339549,-0.00243088,0.00773075,0.0018054,0.0337639,0.00318955,0.0137251,-0.00712439,0.0177611,0.00636827,0.000645547,0.00447147,0.335339,0.00420848,-0.000362424],[-0.00713897,-0.0148158,0.00775345,0.0191456,-0.0108833,-0.00725623,-0.00557833,0.00398902,-0.0023664,0.00551734,-0.00102407,0.00442514,0.00318955,0.00681728,0.00450127,-0.00738715,0.000809572,0.004103,0.0172193,0.00363702,-0.00986462,-0.00223137,0.00479073],[-0.00140156,-0.0195663,-0.0141159,-0.0149389,-0.0165633,-0.056186,0.00768842,0.0012781,-0.016743,-0.000271701,-0.00308021,0.00312246,0.0137251,0.00450127,0.0229359,-0.00116256,0.0125192,0.0102209,0.0338264,0.00215524,0.167668,0.0143702,0.00571566],[0.0442806,0.0848679,-0.0596682,-0.111814,0.0767415,0.106376,0.0421708,-0.0138722,0.0097593,-0.0297552,-0.00482207,-0.00752033,-0.00712439,-0.00738715,-0.00116256,0.101298,0.00445365,-0.012122,-0.0133057,-0.00445512,-0.211524,-0.0180333,-0.00410814],[0.00562807,-0.0455325,0.0191444,-0.0299473,-0.0400324,-0.0903996,0.14883,0.0014604,-0.0922479,-0.0277475,0.00856392,-0.000603099,0.0177611,0.000809572,0.0125192,0.00445365,0.13157,0.00592886,0.0290013,0.00813198,0.300278,0.0261621,0.00771565],[0.00321506,0.000409015,0.00353155,0.0192899,-0.0412811,-0.0339535,0.00222014,0.00825981,-0.0245629,0.00452467,0.00218164,0.00263075,0.00636827,0.004103,0.0102209,-0.012122,0.00592886,0.0557416,0.0891622,0.00215427,0.15984,4.3126e-05,-0.000711988],[0.0546845,0.0228977,0.00886296,-0.0133568,-0.0235009,0.0194412,-0.0150884,0.0258485,-0.00854994,0.00592312,0.00528512,0.0074371,0.000645547,0.0172193,0.0338264,-0.0133057,0.0290013,0.0891622,0.889489,0.0043765,0.529982,-0.0538419,0.0165143],[-0.00546471,-0.0120939,-0.00104486,0.0306563,-0.0225395,-0.0153803,0.00902355,0.00484511,0.000745794,0.0106446,0.00357866,0.0024072,0.00447147,0.00363702,0.00215524,-0.00445512,0.00813198,0.00215427,0.0043765,0.0169672,0.0580672,-0.000560861,0.00724486],[0.440037,0.214942,-0.02122,0.33164,-0.83955,-1.43799,0.169818,0.0654108,0.285129,-0.0522365,-0.0189791,-0.0314663,0.335339,-0.00986462,0.167668,-0.211524,0.300278,0.15984,0.529982,0.0580672,23.7949,-0.527639,-0.0325068],[-0.0363342,-0.109084,-0.0514169,-0.0239454,0.105866,0.00728885,0.0457778,-0.00534428,-0.0671227,-0.0312952,0.0183812,0.000651299,0.00420848,-0.00223137,0.0143702,-0.0180333,0.0261621,4.3126e-05,-0.0538419,-0.000560861,-0.527639,0.188384,0.0129645],[-0.00149046,-0.0304547,0.0109205,0.00482587,0.00479917,0.00139005,0.00253468,0.000501421,-0.00585996,0.017937,-8.13959e-06,0.00407542,-0.000362424,0.00479073,0.00571566,-0.00410814,0.00771565,-0.000711988,0.0165143,0.00724486,-0.0325068,0.0129645,0.017011]],"n":23,"lags":3}