{"betahat":[[2.23043,2.26192,-7.44643,11.257,16.029,15.7615,-0.829749,-0.35038,9.03908,0.986815,0.745449,-0.321805,-0.718413,-0.712519,-0.588482,0.535217,-0.852616,33.2628,21.1576,1.71059,2.89949],[0.79655,0.134221,0.112928,-0.145042,-0.00622792,0.158705,-0.00235461,-0.124499,-0.062895,0.0588023,-0.208833,-0.00872986,-0.0336312,-0.00463502,0.00364306,0.0588855,-0.0459703,0.00359943,-0.254246,0.00877168,0.768388],[-0.0394314,0.703462,0.296301,0.0136567,0.347381,0.0995132,0.0733587,-0.00179382,0.103336,-0.0310738,0.0211679,0.00387772,-0.00414006,-0.00724324,-0.0276271,0.00410547,0.0360022,-0.00207632,-0.0263625,0.004786,-0.192968],[0.016801,0.0658317,0.819352,0.0278662,-0.0183659,0.0772186,-0.0352074,0.00420539,0.0141151,0.042595,0.018985,-0.00100909,0.00667661,-0.000810039,0.0093449,0.0256277,-0.0236219,0.00138928,-0.0372256,0.00841145,0.246095],[0.118773,0.253585,0.140478,1.07552,0.0499746,0.14138,-0.0983594,0.0269708,0.225416,0.00757121,0.00692173,0.0138581,-0.0578176,0.00361839,-0.0442227,0.0373681,-0.0589814,0.00936624,0.0873125,-0.0177872,-1.74324],[-0.0539615,-0.0837192,-0.106391,-0.113054,0.634507,-0.109575,0.00532217,-0.00385189,0.0576088,0.0564541,-0.0205769,0.00804211,-0.0201165,0.00748144,-0.00866691,0.00336995,0.0224859,-0.000848093,-0.0684738,0.013612,-0.104688],[0.0343856,0.0920905,0.00756247,0.0500289,0.0244992,0.854354,0.0268444,0.00212903,0.116557,-0.0156213,0.0118889,-0.00406731,0.0309359,0.00367419,0.0263994,0.0254225,0.0630344,-0.0393046,0.0183239,0.000614225,1.05808],[-0.02744,0.0891467,0.0883289,-0.0422737,-0.204084,0.0707464,0.747233,0.0203478,-0.0900649,0.0140999,0.0353265,0.0239605,-0.019283,0.0258203,-0.00995309,-0.0415794,-0.167436,0.0234639,-0.0404812,-0.020936,-1.3829],[-0.0694269,-0.14154,-0.862705,0.221892,-0.14699,0.210823,0.231317,0.586128,0.222512,0.0747386,0.0720731,0.00851065,0.0511538,0.0179757,0.0364041,0.101411,0.173792,0.286527,0.278288,0.0284931,2.4385],[0.00115299,0.0612167,0.112626,-0.0207284,0.0392899,0.146782,0.0775213,-0.00891923,0.709911,-0.0596122,0.0416045,0.00309034,0.0242896,0.00319503,0.0156171,0.0238343,0.0618525,-0.00790403,-0.0779049,-0.0140962,0.18015],[0.0844817,0.123494,0.787122,0.0475009,-0.242351,0.000244985,-0.172949,0.0442921,0.486355,0.887071,-0.0395355,-0.0237684,-0.0361757,-0.0271331,-0.0108687,-0.046508,-0.142902,0.0922101,0.196852,-0.00134958,-0.0650725],[-0.188799,0.271792,-1.35013,-0.204219,-0.325769,-0.343619,0.0328375,-0.0888746,-1.55056,0.0859672,0.864918,-0.0364338,-0.0653151,-0.0472814,0.010446,-0.106036,0.0444277,0.0388164,0.665099,0.0468116,3.24777],[1.45584,0.415083,2.28981,0.0985099,1.79494,1.99519,-0.166935,0.104063,0.346315,-0.0409535,-0.188056,0.988327,-0.03865,0.0293779,0.0443468,0.51376,-0.443741,-0.285977,-1.22188,0.00710777,6.76395],[0.479401,0.535781,2.30948,-0.53136,1.60083,0.783012,0.569168,-0.343061,-0.234073,-0.432452,0.347782,-0.0874817,0.938303,-0.0547484,-0.0572696,0.24406,0.230642,-0.0270338,-0.400186,-0.212585,-0.347365],[-1.24345,-0.361169,-3.04662,0.135182,-3.38588,-3.45189,-0.560384,-0.188471,-0.304958,0.780545,0.122382,0.389854,0.0495363,1.2771,0.0458545,-0.635134,0.077092,-0.337944,0.91568,0.0880237,-5.46405],[0.117314,-0.215905,0.00604608,0.391093,0.727712,1.1417,0.514403,0.104218,1.02624,0.335928,-0.41078,0.238984,0.121092,0.227871,1.11582,0.209312,0.324519,0.126523,1.38503,0.0961022,10.9763],[0.179481,0.535104,-0.650654,0.0528347,0.139156,-0.14677,-0.00819633,0.00904355,-0.216994,-0.0227748,-0.0650182,-0.021769,-0.0405398,-0.00652467,0.0178051,0.884274,-0.0237567,0.0860272,0.390754,-0.00616176,0.887057],[-0.0815678,-0.095023,0.21551,-0.201331,0.0812768,0.0366099,-0.117466,0.059603,-0.0122327,-0.0155535,0.0231094,-0.00582535,0.071491,-0.00137764,0.0326599,0.0419547,0.845753,-0.0114137,-0.154378,0.0336891,0.249361],[-0.219538,0.029767,-1.07634,-0.200632,-0.243618,0.623468,-0.478501,-0.0445933,0.760739,0.399531,-0.0944823,-0.022883,-0.0029014,-0.0162693,0.0435299,0.225323,-0.237812,0.492826,0.64342,0.0759989,0.334988],[-0.0849002,-0.0453518,-0.145088,0.0788224,-0.0543533,-0.104944,-0.110535,0.0702914,-0.0942729,0.103026,0.00833753,-0.01255,0.0123326,-0.0134256,-0.00295879,-0.106613,-0.0274932,0.0298856,0.721936,-0.00253987,0.669181],[-0.00827213,-0.0431544,-1.89614,-1.93401,1.01895,-1.06944,-0.780459,0.247257,0.594899,0.178267,-0.249986,-0.0556445,0.0113195,-0.0194551,0.0311389,-0.00188298,-0.726495,-0.25277,-1.03827,0.357347,-4.63739],[0.00410187,0.00571077,0.00600471,0.0194338,-0.0176326,-0.0125326,0.0206433,-0.0127455,-0.0528663,-0.00667137,-0.00985013,0.000899719,-0.00121265,0.00243655,0.00259161,0.00927156,0.0115987,-0.00305415,-0.012737,0.000445884,-0.493352],[0.18348,-0.0595641,0.0504746,0.138556,0.0267572,0.110743,0.0253881,0.0645322,0.153437,-0.0056455,0.15116,0.00388967,0.0319076,-0.000332629,-0.00875724,-0.0126721,0.0601358,-0.0113145,0.108187,-0.0155337,-1.45931],[0.0322373,0.160695,-0.269105,-0.133968,-0.303675,-0.0617771,-0.0483006,-0.0092269,-0.0767954,-0.0341238,0.0177127,-0.0117656,0.00855956,-0.00602002,0.020446,0.00349536,0.000258836,0.0155681,0.0466915,-0.0112925,-0.155072],[-0.0270589,-0.0363183,0.116775,-0.0423882,-0.00126084,-0.0756342,0.017241,-0.00786589,-0.0415202,0.000969635,-0.0152004,-0.0011715,-0.00108246,-0.00191181,-0.0049944,-0.0215507,0.00545258,0.0005484,-0.0238539,-0.0145279,-0.419559],[-0.0237241,-0.0233642,-0.178645,-0.0622591,0.0504595,-0.060083,0.0926194,-0.0230041,-0.122047,-0.0366806,-0.00128522,-0.0138181,0.0395888,-0.0143675,0.0318121,0.0110257,0.0606605,-0.00871181,-0.0579373,0.0187894,0.726794],[0.00510304,0.0125963,-0.118194,0.0591591,0.213239,0.0101936,0.0344741,0.00743258,-0.0807243,-0.0386014,0.0180308,-0.00185921,0.0289001,-0.00473749,0.0155597,0.00805944,0.00740263,-0.000667256,0.04534,0.00418685,0.258058],[-0.0237015,-0.0753523,-0.0740992,-0.0153839,0.0468356,0.0570993,0.0077254,0.00239122,-0.13036,-0.00421843,-0.021996,0.000539659,-0.0192699,-0.00323692,-0.0065835,-0.01781,-0.0222196,0.0194265,-0.0516495,0.0151399,-0.479159],[-0.0164728,-0.176062,-0.0696783,-0.00994563,0.134036,0.00990452,0.247944,-0.0382499,0.10532,-0.0105896,-0.0266408,-0.00174327,0.0418464,-0.00407793,0.0317877,0.0242685,0.210388,-0.0208972,-0.064625,0.0148477,0.66473],[0.0456561,0.153969,1.18917,-0.311262,-0.220804,-0.0135136,-0.211937,0.144762,-0.364422,-0.0132329,0.110644,0.0123643,0.0565719,0.0054911,0.0425881,-0.0122035,-0.0747735,0.0937272,0.165466,-0.0209172,-1.52287],[-0.00151142,-0.0546666,0.10156,0.00620645,-0.0444821,-0.0542527,-0.0123368,0.0039914,0.105471,0.000756017,-0.0207967,-0.00347321,-0.020088,-0.00564583,-0.0228647,-0.0142067,-0.019077,-0.00189066,0.0984368,0.0124704,-0.692854],[-0.0602717,-0.0719815,-0.866455,-0.0443359,0.251396,0.142339,0.219335,-0.0715433,-0.250382,-0.0312243,0.0455797,0.0112211,0.0326183,0.0174128,0.000147517,-0.0116865,0.13969,-0.0732603,-0.0955374,-0.0368892,0.380993],[0.0700195,-0.169246,1.21571,-0.113756,-0.118268,0.265303,0.170635,0.218126,0.86702,-0.149297,-0.217007,0.0539923,0.055845,0.0421413,0.0483463,0.0736593,0.101107,-0.112163,0.312953,-0.00910236,1.32478],[0.209404,0.314424,0.757066,0.275094,0.828365,1.01557,0.168845,-0.0416719,-0.160809,-0.298235,-0.0882294,-0.182297,-0.0152656,-0.0866245,-0.0329997,0.168463,0.0762433,0.213848,-0.133489,-0.0029728,1.8833],[-0.439896,-0.622822,-0.925615,0.199196,-0.402586,-0.349316,-0.132226,0.235301,0.10442,0.35263,-0.0216684,0.0771826,-0.0373526,0.0320081,-0.0391584,-0.198536,-0.00229722,-0.0692193,-0.949725,0.0767102,-6.22522],[-0.477209,-0.302087,-1.80107,-0.209924,0.530819,0.173389,0.40323,-0.0154622,-0.462861,-0.088059,0.0774105,-0.15594,-0.00695289,-0.192732,-0.0747404,0.0455452,0.17847,-0.162267,-0.14243,-0.0178133,-1.59948],[0.225296,0.0492961,-0.339924,-0.0133542,-0.788449,-1.13155,-0.227103,0.0856414,-1.02067,-0.083954,0.305699,-0.0524572,-0.00078385,-0.00357949,-0.131443,-0.125499,-0.0625366,0.147999,0.428185,-0.0143102,-4.23842],[-0.164871,-0.692821,0.342063,-0.209745,0.11656,0.365376,-0.00640073,-0.0219245,0.0215163,0.0803756,0.0461006,0.0141798,0.0507986,0.00843951,0.00922125,0.0207663,0.0784023,-0.0135697,-0.195755,-0.0145422,-0.427926],[0.0189051,-0.0284989,-0.136236,0.107972,-0.0360964,-0.0158943,0.250328,-0.0548065,-0.122649,-0.0901783,-0.00170316,0.0175082,-0.0112893,0.0188097,-0.0024832,-0.0210259,0.245211,0.00490778,0.0424064,-0.0126757,-0.965478],[0.0730129,0.263387,1.29069,-0.000791293,0.009068,-0.840832,0.542471,0.14843,-1.09641,-0.241852,0.0752724,-0.00633703,0.00675678,0.0311319,-0.0294842,-0.162829,0.280522,-0.124523,-0.38934,-0.0433279,-1.0728],[0.0738335,0.0322573,-0.020518,-0.0303369,0.0929606,0.129875,0.0487451,-0.0641358,-0.083598,-0.0163203,-0.0180795,0.000305065,-0.0180399,0.00416407,-0.00601548,0.0789993,-0.0207664,-0.000666827,-0.00400374,-0.00941812,-0.398673],[0.0842705,0.0301253,0.562864,0.448985,-0.372919,1.19267,-0.189049,-0.281284,-0.0952154,-0.305402,-0.0777398,-0.0355242,-0.0712599,-0.0728961,-0.0402858,0.089217,-0.161593,-0.133557,0.064005,0.206793,1.84954],[0.0085493,0.0274506,-0.0397771,0.00348617,-0.00163451,-0.00138711,-0.00424909,-0.0125047,-0.0260129,-0.00118492,0.00120816,0.000938105,-0.00270187,0.000663087,-0.00369273,0.00381457,-0.00355356,-0.00283864,0.00915525,0.00142793,-0.12659],[0.0194563,-0.0751434,-0.163121,0.00597531,-0.0215642,-0.270677,-0.0229659,0.0598454,-0.0909812,-0.0530604,0.0575527,0.00487519,0.0016613,0.00501158,0.00504004,-0.0464157,-0.0140836,0.00792697,0.146108,0.0066578,0.691492],[0.00683243,0.134661,-0.0270168,0.119877,-0.0441849,-0.0383049,-0.0249046,0.0110221,-0.0262979,0.0651214,-0.0387697,0.00789303,-0.00429644,0.013304,0.00725996,-0.0078392,-0.0361418,-0.0131646,-0.0200239,0.0064789,0.348393],[0.00990986,-0.0288403,0.0568454,0.0139769,0.0194971,-0.00281868,0.0178887,0.0033189,0.026039,-0.043831,-0.00386461,0.0022446,-0.00569094,0.00278529,-0.00432814,-0.00376375,0.0180167,-0.00191802,0.0625614,0.0060263,0.181965],[-0.0947033,-0.230436,0.0391278,-0.0152165,-0.101229,-0.0821554,0.00626995,-0.00397758,-0.103251,0.0287114,-0.00552313,-0.000113914,0.0183948,0.0106986,0.0125624,-0.047987,-0.00138435,3.25702e-05,-0.0281835,-0.00114035,1.01341],[0.0489096,0.0709547,0.228537,0.0526854,0.148081,0.0953608,-0.0397075,-0.00398818,0.022446,-0.0174413,0.00240904,-0.00608825,-0.00897122,-0.00260945,-0.00709242,-0.0117267,-0.0298084,0.00228532,0.0206824,-0.0180884,-0.153183],[-0.0108328,-0.0172741,0.069233,-0.0353507,-0.0738775,0.0848868,-0.0343615,-0.00494097,0.0129793,0.0200267,0.0100516,0.00362249,-0.0116997,-0.000291895,-0.0198786,-0.00791456,-0.040653,0.0204849,0.0311977,-0.0159492,-0.576796],[0.0432865,0.0859298,-0.0153785,0.0508224,0.0634438,-0.0872994,0.00328843,0.0177161,-0.0169435,-0.00250801,-0.00952741,-0.0216121,-0.0227359,-0.0210804,-0.0215444,0.0164276,-0.0440305,0.000254524,0.1048,0.00576795,0.718262],[0.157327,-0.0120594,0.429291,0.340015,0.273271,0.0117424,0.00551162,0.0937741,0.114376,0.150521,-0.000878669,-0.00711699,-0.0495847,0.00310211,-0.0734516,-0.044628,-0.0420616,0.114459,-0.292428,0.0478784,-0.634409],[0.000534174,-0.00831618,-0.21055,0.0102059,0.00307067,-0.0931451,-0.0627471,0.005158,0.182639,0.058547,-0.0186451,-6.81041e-05,-0.00262412,0.00225188,0.00811258,-0.00897957,-0.040676,0.00990877,-0.0116634,0.00157295,0.512922],[-0.0237776,-0.0503649,0.080582,-0.00325771,-0.00963592,-0.14293,-0.0463964,0.0271485,-0.235101,0.142768,-0.00641584,0.0126115,0.00352937,0.00976854,0.0108275,0.0583842,0.00310691,-0.0183455,-0.100759,0.0379781,-0.31095],[-0.137441,-0.307902,-0.134417,-0.0863118,0.0549467,-0.451123,0.0457304,-0.0289969,-0.409146,-0.0527329,0.0592509,0.00835503,-0.0601228,-0.00317685,-0.0260263,-0.0663881,0.0385019,-0.06408,0.00624274,0.00831024,0.513692],[-0.0205841,-0.142055,1.03371,-0.228491,-0.13465,-0.00157037,-0.252884,-0.045911,0.396828,0.0857635,0.00306198,-0.0638277,0.0171171,-0.0480764,0.0263807,-0.0520046,-0.113031,0.431708,0.111978,-0.0541981,-1.07926],[-0.020082,-0.128189,0.714902,0.262493,-0.543239,-0.087425,-0.0827814,0.143115,0.138869,-0.0402623,0.060159,-0.0385023,0.0134628,-0.0290723,0.0193,-0.0896724,-0.0861956,-0.096311,-0.210859,0.119254,1.99368],[-0.332208,-0.0443555,-0.61296,0.0235347,-0.131382,-0.0898381,-0.144951,0.0556113,0.0808127,-0.110241,0.00409489,-0.0671678,-0.0153568,-0.121363,-0.00281075,-0.13642,-0.099312,0.181193,-0.0622924,-0.048165,-1.44764],[0.0549728,0.476997,-0.0986278,-0.144469,-0.188964,0.0523444,0.0262391,-0.050218,-0.241461,-0.454289,-0.11293,-0.0745502,-0.0182331,-0.0540602,0.0508933,0.0885083,-0.00677098,0.0474056,0.287638,0.0487241,0.00704285],[-0.0150107,0.156647,0.310926,0.155946,-0.259309,-0.222523,0.0147961,0.0126114,0.194375,-0.057027,0.01892,0.0076805,-0.0105034,-0.00182211,-0.0272663,0.0941737,-0.0546319,-0.0716074,-0.196831,0.0205756,-0.462912],[0.0622963,0.122513,-0.0753568,0.0918388,-0.0510884,-0.0279168,-0.133412,-0.00523887,0.133072,0.106847,-0.0221433,-0.0111842,-0.0603527,-0.0169237,-0.0298915,-0.0217198,-0.0915716,0.00907707,0.111114,-0.021265,0.70853],[0.139612,-0.291796,-0.153461,0.147269,0.136519,0.137257,-0.043648,-0.0896795,0.303543,-0.152503,0.00878648,0.0347699,-0.00192944,-0.0087254,-0.00980254,-0.066346,-0.0341213,-0.292079,-0.253042,-0.0307615,0.65567],[0.0066096,0.0519047,0.0682774,-0.0141712,0.0631217,0.0963843,0.0856512,0.0275313,0.178748,-0.134762,-0.00621755,0.00500442,0.0127586,0.00425014,0.0118998,0.0420155,0.0841646,0.00532153,-0.168919,0.00127609,-0.353278],[-0.150981,0.0762954,-0.399227,0.692081,0.229463,0.272777,0.0106445,0.173858,-0.448475,0.0499955,0.0903753,-0.00530346,-0.0503315,-0.0260122,-0.0778904,-0.00892069,0.0877454,-0.0833749,0.146705,0.198744,1.7821],[0.00847309,0.00148067,0.00932479,0.00281726,0.0235039,0.0169683,-0.00753117,0.000484099,0.00201031,0.00107079,0.00483229,0.000367621,0.00133379,0.000113514,0.000705728,0.00466535,-0.00980885,0.000923572,0.0057946,-0.000286259,-0.0976182]],"sigmahat":[[0.230586,0.193264,0.297637,0.0267063,0.13311,0.15239,0.00458017,-0.00351817,0.11423,-0.040992,0.011127,-0.01168,-0.00262418,-0.0088781,-0.00287639,0.0598199,0.00490182,0.000185719,0.048991,-0.00787794,0.3256],[0.193264,0.74995,-0.0777973,0.0441942,-0.00782162,0.255283,-0.0843226,-0.0124757,0.060894,-0.0704189,-0.0391107,-0.0120686,-0.0516847,-0.0160046,-0.0317294,0.109339,-0.0781275,0.00570982,-0.04046,-0.0178536,0.0984385],[0.297637,-0.0777973,3.60916,0.0870879,-0.259899,0.0975227,0.0330602,0.0723492,0.316968,-0.0637239,0.0350915,-0.0165779,0.0368691,0.00501469,-5.72628e-05,-0.0463658,0.0590183,0.010261,0.159074,-0.0153203,-0.497668],[0.0267063,0.0441942,0.0870879,0.589917,0.207185,0.23071,-0.0911709,0.0212475,0.143662,-0.010563,-0.0172662,0.0184536,-0.0179793,0.0209583,-0.0150849,-0.0987089,-0.0385517,0.011184,0.0619941,0.0388129,0.491644],[0.13311,-0.00782162,-0.259899,0.207185,1.53711,1.09866,-0.00927944,0.0146456,0.299462,-0.174049,-0.0166414,-0.0252277,-0.0149588,-0.0163554,-0.0132776,0.0998707,-0.02276,-0.0779143,0.00950914,-0.0121272,-0.818306],[0.15239,0.255283,0.0975227,0.23071,1.09866,1.78587,-0.0662105,0.0298121,0.403907,-0.147938,-0.0156405,-0.0201649,-0.0418484,-0.0138753,-0.052799,0.152789,-0.0806462,-0.0715888,0.0764661,-0.00705021,-1.59964],[0.00458017,-0.0843226,0.0330602,-0.0911709,-0.00927944,-0.0662105,0.328802,-0.0119236,-0.210943,-0.0708957,0.0251471,-0.00765495,0.026487,-0.00566061,0.00861156,0.0454958,0.208499,-0.006625,-0.0496116,0.0135805,0.039102],[-0.00351817,-0.0124757,0.0723492,0.0212475,0.0146456,0.0298121,-0.0119236,0.0641264,0.0251923,-0.00688978,-0.00282593,0.000507934,0.00737765,0.00394015,0.00427319,-0.0161215,-0.00250327,0.0047238,0.0651982,0.00719527,0.170634],[0.11423,0.060894,0.316968,0.143662,0.299462,0.403907,-0.210943,0.0251923,1.13326,-0.021861,-0.0180415,-0.00290232,-0.00472211,-0.0041754,-0.00380051,0.0306023,-0.118388,-0.036526,0.0492491,0.0026386,0.646785],[-0.040992,-0.0704189,-0.0637239,-0.010563,-0.174049,-0.147938,-0.0708957,-0.00688978,-0.021861,0.266563,0.0110946,0.00573265,-0.00227942,0.00559387,0.000364004,-0.0359031,-0.0483021,0.00245642,-0.00257914,0.0127261,0.0286763],[0.011127,-0.0391107,0.0350915,-0.0172662,-0.0166414,-0.0156405,0.0251471,-0.00282593,-0.0180415,0.0110946,0.0666791,-0.00543255,0.014225,-0.00257083,-0.00239704,0.00155247,0.0183328,-0.00616477,0.0328161,0.0057494,-0.136801],[-0.01168,-0.0120686,-0.0165779,0.0184536,-0.0252277,-0.0201649,-0.00765495,0.000507934,-0.00290232,0.00573265,-0.00543255,0.00877908,0.000858934,0.00648911,0.00350986,-0.00848961,-0.0013664,0.00491487,-0.00519977,0.00232601,-0.0305415],[-0.00262418,-0.0516847,0.0368691,-0.0179793,-0.0149588,-0.0418484,0.026487,0.00737765,-0.00472211,-0.00227942,0.014225,0.000858934,0.0332413,0.00395821,0.0244878,-0.000356097,0.0288556,0.00276961,0.0492578,0.00590763,0.166695],[-0.0088781,-0.0160046,0.00501469,0.0209583,-0.0163554,-0.0138753,-0.00566061,0.00394015,-0.0041754,0.00559387,-0.00257083,0.00648911,0.00395821,0.00921917,0.00468889,-0.0086886,0.000706441,0.00560421,0.00997724,0.00367405,0.0145164],[-0.00287639,-0.0317294,-5.72628e-05,-0.0150849,-0.0132776,-0.052799,0.00861156,0.00427319,-0.00380051,0.000364004,-0.00239704,0.00350986,0.0244878,0.00468889,0.0300916,-0.00280908,0.016007,0.0085314,0.039479,0.00390296,0.218357],[0.0598199,0.109339,-0.0463658,-0.0987089,0.0998707,0.152789,0.0454958,-0.0161215,0.0306023,-0.0359031,0.00155247,-0.00848961,-0.000356097,-0.0086886,-0.00280908,0.117429,0.00609017,-0.0192363,-0.0497919,-0.00211629,-0.241229],[0.00490182,-0.0781275,0.0590183,-0.0385517,-0.02276,-0.0806462,0.208499,-0.00250327,-0.118388,-0.0483021,0.0183328,-0.0013664,0.0288556,0.000706441,0.016007,0.00609017,0.187023,-0.000165036,0.0300411,0.010135,0.231518],[0.000185719,0.00570982,0.010261,0.011184,-0.0779143,-0.0715888,-0.006625,0.0047238,-0.036526,0.00245642,-0.00616477,0.00491487,0.00276961,0.00560421,0.0085314,-0.0192363,-0.000165036,0.0860389,0.0544043,-0.0014426,0.143654],[0.048991,-0.04046,0.159074,0.0619941,0.00950914,0.0764661,-0.0496116,0.0651982,0.0492491,-0.00257914,0.0328161,-0.00519977,0.0492578,0.00997724,0.039479,-0.0497919,0.0300411,0.0544043,1.19041,0.0127068,0.722044],[-0.00787794,-0.0178536,-0.0153203,0.0388129,-0.0121272,-0.00705021,0.0135805,0.00719527,0.0026386,0.0127261,0.0057494,0.00232601,0.00590763,0.00367405,0.00390296,-0.00211629,0.010135,-0.0014426,0.0127068,0.0233706,0.0878481],[0.3256,0.0984385,-0.497668,0.491644,-0.818306,-1.59964,0.039102,0.170634,0.646785,0.0286763,-0.136801,-0.0305415,0.166695,0.0145164,0.218357,-0.241229,0.231518,0.143654,0.722044,0.0878481,30.4846]],"n":21,"lags":3}