{"betahat":[[3.89802,3.68358,5.8945,3.28899,-0.352666,0.0989996,-0.442207,-0.0510759,0.633493,0.326366,7.73525,4.85698,3.32199,0.29478,-0.16453,-0.0222826,2.98978,1.93724,0.0775889],[0.896206,-0.0549708,-0.378622,-0.209551,0.398287,-0.179844,-0.054063,-0.0486143,-0.00135371,-0.0475028,0.175161,-0.0886599,-1.24399,-0.0653266,-0.0298768,-0.919429,-0.393489,-0.249794,-0.0188882],[-0.01311,0.818785,0.0754153,-0.0686445,0.134528,0.179769,-0.0538585,0.0172163,-0.0146463,-0.0103938,-0.245751,0.110276,-0.478304,0.0268013,0.023007,-0.0968629,-0.340843,0.00600702,-0.000318185],[-0.0483238,-0.0165233,0.833782,-0.0298212,-0.0662606,0.0909264,-0.0199056,-0.00264633,0.0201197,0.0147907,0.0310413,0.147972,0.692115,0.0117535,0.00331511,0.379585,0.0615105,0.0544578,0.0133101],[0.0106305,-0.0445852,-0.0553881,0.953143,-0.0621892,-0.00897381,0.0220816,-0.0192264,-0.0255601,0.00653627,-0.0632213,-0.0656652,1.06081,0.00638268,0.0239842,0.0290635,-0.385257,0.135492,-0.0160709],[-0.0446644,0.00909348,0.0612199,-0.0476892,0.646079,0.146608,-0.0141373,0.0123987,0.0116877,-0.00101608,0.000979243,0.0147556,-0.0571213,-0.00653925,-0.0119544,0.0834502,-0.00955164,0.0305742,0.00646692],[0.0470076,0.0795215,0.160175,0.0321716,-0.0494371,0.837677,0.0353577,-0.0117395,0.0036379,0.00255532,-0.0496663,0.18023,0.492468,0.0226141,0.0170338,0.07784,0.0759011,0.0479725,0.00790212],[-0.0052509,0.0293819,-0.245556,0.0349067,0.229762,-0.341974,1.17624,-0.00161494,-0.0492404,-0.0389833,-0.167656,0.0649224,-4.43264,-0.039512,0.0670034,-1.8599,-0.324873,0.00382301,-0.0257434],[-0.116035,-0.330246,-1.52885,-0.623153,0.841015,-1.11872,0.065588,0.786651,-0.0340495,-0.124041,-1.4207,1.30893,-3.24442,0.0217858,0.0463183,-0.421319,-1.73449,-0.176711,-0.101007],[0.0013958,-0.0073565,0.16439,-0.351448,0.072294,0.173715,0.359243,-0.0374926,1.2721,0.0589553,0.238701,-0.291242,3.3352,0.0274418,-0.00906282,1.64349,-0.583855,-0.221504,0.142199],[0.0786889,0.151498,1.35081,-0.0366522,0.308329,1.14476,0.119133,0.123465,0.260183,1.09044,-0.584565,-0.531663,1.89801,-0.0444542,-0.135967,0.729017,0.523826,0.747117,0.0191299],[0.0917374,0.154481,0.287439,0.0912348,-0.153754,0.0309961,-0.00952258,-0.00989695,0.00532089,0.00722913,1.34348,0.115398,-0.0882846,-0.00212063,-0.004408,0.204379,0.248659,-0.008087,-0.0125446],[0.00725115,0.00678915,0.0259858,-0.0063962,0.140471,0.0209477,-0.0251771,0.00198637,0.0172773,0.00376626,-0.0102244,1.11136,1.06336,0.00929976,-0.00193966,0.156171,0.231976,0.00895346,0.00872715],[-0.0020445,0.00561925,-0.0043301,-0.00282286,-0.0286352,-0.00852462,0.00718727,0.00131536,-0.00143566,-0.00220256,-0.00538099,-0.0326688,0.957557,-0.00232361,6.24899e-05,-0.0483243,0.000829432,0.00214989,0.00072974],[0.5285,0.791629,0.230701,-0.211508,0.41813,-0.539794,0.0426878,0.00894516,0.0588588,0.187592,0.108473,0.381097,-1.57629,1.15361,0.115253,1.10549,2.19547,-1.05864,0.0994524],[-0.0073675,-0.362044,-0.502645,-0.161146,0.609408,-1.17224,-0.0528768,-0.0579796,-0.0483677,-0.167497,-0.58164,0.220758,-1.01055,-0.00548417,0.960289,-1.57776,0.33282,0.221536,0.00120218],[-0.00529635,-0.0208672,-0.0348897,0.0166807,0.0043995,-0.0194093,-0.00288698,-0.00185857,-0.00319435,0.00601584,0.0289169,-0.00392987,-0.337614,0.0050258,0.00506722,1.00122,-0.00940855,0.0022398,0.00232579],[-0.021899,-0.0342387,-0.0573134,0.0202636,0.153278,0.0925164,0.00965754,-0.0095356,0.0016095,0.0103668,-0.0582882,-0.0412307,0.286113,0.00174591,-0.00763585,0.0894135,0.523303,0.0125436,0.00494516],[-0.00519578,-0.0525317,0.067377,-0.01945,0.139598,0.114867,0.0963132,-0.0282091,0.0430872,0.014627,-0.322224,-0.119241,1.34534,0.00772423,0.00218175,0.322966,-0.463343,0.497922,0.0249276],[-0.167575,0.180347,-1.61223,0.681206,-1.17261,-0.299909,-0.250029,-0.0809907,-0.085013,-0.148944,0.826597,1.1394,0.252615,-0.192979,-0.106595,1.19388,-0.760542,0.857605,1.04006],[0.0561427,-0.0225073,0.396069,0.0953931,-0.158986,0.226569,0.033315,0.0178691,0.0281235,0.026793,-0.0517449,0.0875963,0.761944,0.0284078,-0.00517363,0.749421,0.364061,0.185738,0.0127546],[0.0166641,0.0115944,-0.0798149,0.0674913,0.270878,0.00283895,0.0520162,-0.0278112,0.0245279,0.0191157,0.213802,-0.139563,0.291993,-0.0142966,-0.0189607,0.176251,0.275694,0.0287732,0.0101934],[0.0199356,0.0103013,0.0878548,0.0206462,0.0205416,-0.0746685,0.00824473,0.00336931,-0.0145891,-0.0146693,-0.00754443,-0.0812632,-0.781388,-0.0111061,0.00275264,-0.400431,-0.0815311,-0.0269507,-0.0158708],[-0.0618025,-0.0508629,-0.000901138,0.0186452,0.0671681,-0.0387476,0.00428441,-0.0105284,0.00769748,-0.00114949,0.077167,-0.136788,-1.0127,-0.00268289,-0.00735654,-0.276831,0.0218093,-0.0869049,0.00356648],[0.0628525,0.0343347,0.040954,0.00442412,0.231059,-0.0520462,0.016518,-0.00836868,-0.00446127,0.00427316,-0.00244753,0.0313191,0.144396,0.00906384,0.0100852,-0.0454526,0.0773812,-0.00465062,-0.00607168],[-0.038841,-0.0305585,-0.0847393,-0.0023638,-0.062015,0.138575,-0.00976691,0.0128585,-0.00940851,-0.0124234,0.00715083,-0.228751,-0.469817,-0.0280198,-0.00546331,-0.342105,-0.128653,-0.0733494,-0.0131489],[-0.0853484,-0.0820716,-0.0955001,-0.0610663,-0.238309,0.0534703,-0.142555,0.0124203,0.0355262,0.0558619,0.0192531,0.352535,2.93592,0.0604669,-0.0107631,1.26365,0.316849,0.0673573,0.0131875],[-0.0631057,-0.202745,0.0635643,-0.053456,-0.300579,0.728469,-0.0330244,0.159216,-0.0293406,0.0060189,0.615694,-0.664352,1.89919,-0.0616681,-0.0333967,0.0642616,0.495057,0.441801,0.062181],[-0.0439717,-0.161146,-0.336886,0.248611,0.378037,-0.394364,-0.227834,-0.0197505,-0.194424,-0.0854765,0.0219652,0.104695,-4.24783,0.00535965,0.0717161,-1.89003,0.317736,0.0643768,-0.0879283],[0.0467339,-0.234978,-0.414859,-0.102866,0.00182971,0.358459,0.0826381,-0.103031,-0.0391295,0.00178218,0.22178,0.187467,2.55865,0.107378,0.1235,0.0102254,0.264631,-0.245525,-0.0188246],[-0.0761028,-0.11172,-0.210679,-0.0487263,0.0309123,0.0218556,0.0393751,-0.000613666,0.00586428,-0.000838772,-0.239147,-0.097722,0.828925,0.00117803,0.00254493,-0.142075,-0.119427,0.0196111,0.0133262],[0.00945342,0.000931803,-0.0168206,0.0152551,-0.107886,-0.0549364,0.027063,-0.00282948,-0.0200402,-4.1345e-05,-0.00409481,-0.191765,-0.720033,-0.00196179,0.00612125,-0.157241,-0.162572,-0.018174,-0.00424861],[0.0057052,0.00234806,0.0066221,0.0084986,0.000730195,0.00984307,-0.00678705,-0.00049862,0.000450509,0.00196427,0.00311846,0.0175502,0.0579354,0.00229899,0.000537987,0.0349567,0.0373266,-7.04253e-05,-0.000668605],[-0.228911,-0.528961,0.296755,0.20225,0.650645,1.07057,-0.221724,-0.1231,-0.00833397,-0.174763,-0.135018,0.1591,-1.8481,-0.186226,-0.0936653,-1.06232,-1.48423,0.570285,-0.0854645],[0.161421,0.359514,0.429201,0.087487,0.40249,0.918249,0.158599,0.00995447,0.084758,0.14911,0.389625,-0.335776,1.21412,-0.0168979,0.0361507,1.30731,0.0784643,-0.341654,0.027436],[0.00398042,0.00994535,0.0297221,-0.00881845,0.00348933,0.0512191,0.00174881,-0.00121395,0.000343387,-0.00605193,-0.0267891,0.0088633,0.110021,-0.00979739,-0.00230622,-0.0401567,-0.0147204,-0.00286876,-0.00225019],[-0.0332282,-0.0674341,-0.0508632,-0.0346738,-0.0351707,0.0104413,0.00517371,-0.000578598,-0.00438613,6.88722e-05,-0.0705494,-0.0307062,-0.39342,-0.00130304,0.00625293,-0.116094,-0.0869062,0.0218732,-0.00347222],[-0.108739,-0.125424,-0.313426,0.054203,-0.101928,-0.154741,0.0777074,-0.00863147,0.00168401,-0.000907729,-0.218642,-0.322947,-0.398148,0.00382578,0.0103948,-0.561141,0.113732,-0.186358,-0.0212735],[0.259967,-0.0835226,2.6221,-0.502873,0.697785,0.269837,0.017325,0.0663916,0.0223812,0.0475797,-0.865373,-0.801977,0.186342,0.142575,0.0694428,0.0222373,1.96088,-0.795317,-0.0897436],[0.0475359,0.077379,-0.0176167,0.114108,-0.239248,-0.0466021,0.0207739,0.0307533,-0.0267814,0.0207072,-0.123597,0.000997524,0.482718,0.03692,0.0350413,0.170437,0.0293469,0.0640473,0.00614062],[-0.00369171,0.169467,0.0041947,0.00106614,-0.405402,-0.182491,0.00187608,0.0106005,-0.0098996,-0.00872308,0.0317739,0.0292454,0.187364,-0.0124993,-0.00406036,-0.0789054,0.0650085,-0.0347847,-0.00987454],[0.0281647,0.00606753,0.0776753,0.00907043,0.0458054,-0.0163106,0.0116639,-0.000714024,-0.00554735,-0.000149257,-0.0236354,-0.0667916,0.0898496,-0.0006595,-0.00609755,0.0214474,0.0194923,-0.0275435,0.00256382],[0.0510265,0.0953385,0.0559996,0.0280696,-0.00498562,0.0478309,-0.0262661,0.0297834,0.0178593,-0.00535788,-0.0142005,0.202304,-0.046621,-0.00366245,-0.0166169,0.248636,0.363583,-0.0484656,0.0125279],[-0.0183306,-0.0435074,-0.10228,0.0432076,0.122757,-0.0944228,-0.00239175,-0.0040248,-0.00726922,-0.00330643,0.00136502,-0.0463436,-0.0874708,-0.00256095,0.00184858,-0.037756,-0.0682421,-0.0260185,-0.000390893],[-0.00833269,-0.0490973,-0.075996,-0.0298815,0.111461,0.0236337,-0.0255421,-0.00109954,0.00571014,0.00980689,0.0422601,0.0482884,-0.0223983,0.00537805,-0.0115825,0.264439,0.0522751,0.0252437,0.00524603],[0.0894745,0.0516994,0.339696,0.0251701,0.00968513,0.289589,-0.0335107,-0.010672,0.0135074,-0.0169061,0.146985,-0.419102,1.49942,-0.0207905,-0.0562533,0.600867,0.00664343,-0.0715063,0.0125474],[0.166179,0.500711,1.59169,0.526075,-0.366486,0.533789,-0.0577226,-0.00472782,0.0244295,0.0732864,0.785842,-0.815775,0.15617,0.00635289,-0.022826,0.183965,1.21064,-0.376928,0.0287749],[-0.0441547,0.137005,-0.0438485,0.0817981,-0.616707,0.108654,-0.125355,0.0625929,-0.120949,0.0192259,-0.0909224,0.120436,0.790152,-0.02099,-0.0384084,0.389853,0.222784,0.108129,-0.0488863],[-0.0814358,0.125396,-0.829166,0.10631,-0.191309,-1.34022,-0.19934,0.00195433,-0.193866,-0.0987512,0.356034,0.640756,-3.8674,-0.0601945,0.013467,-0.814364,-0.362277,-0.45572,0.00130836],[-0.0168218,-0.0433228,-0.0789773,-0.0427425,0.121091,-0.052436,-0.0292925,0.0106325,-0.0112148,-0.0062861,-0.106772,-0.0166283,-0.727371,0.00108674,0.00188067,-0.0577292,-0.128656,-0.01083,-0.000654744],[-0.0164976,-0.00748103,-0.00896978,-0.00888703,-0.0336167,0.0331843,-0.00188137,0.000804597,0.0027985,-0.00371086,0.014231,0.0790612,-0.342189,-0.00737881,-0.00411232,-0.000391225,-0.0687369,0.00922218,-0.00442019],[-0.00499713,-0.00879362,-0.00357365,-0.00694154,0.0268303,-0.0030454,-0.00025081,-0.000149809,0.000935599,6.67627e-05,-0.000324577,0.0146941,-0.0283466,-8.79398e-05,-0.000602144,0.019289,-0.0362674,-0.00144173,-1.24684e-05],[-0.301625,-0.275796,-0.453018,0.0515622,-0.887329,-0.409995,0.151352,0.0971129,-0.0298456,-0.0195679,-0.111971,-0.481169,3.12751,-0.00528293,-0.0478904,0.101621,-0.604397,0.467226,-0.00493015],[-0.150647,0.00435814,-0.00427314,0.0752351,-1.03763,0.200766,-0.145165,0.0543572,-0.0489366,0.0214631,0.186797,0.143454,0.0159365,0.0131795,-0.0246527,0.141901,-0.314457,0.11633,-0.0345806],[0.00054943,0.0100559,0.00327474,-0.00787082,-0.00801981,-0.0309336,0.00235599,0.00304441,0.00270386,0.000121604,-0.00470195,-0.00820974,0.230335,0.00487715,-0.00246252,0.038113,0.0232149,0.000276727,-7.40439e-05],[0.0281828,0.0392982,0.0130899,-0.00673987,0.155383,-0.0331129,-0.00577311,-0.00116885,0.00287807,-0.00427781,-0.0315571,-0.0227355,-0.222956,-0.000825587,0.00361034,-0.167912,-0.0348968,-0.0173449,0.00179753],[0.014748,0.0700711,0.356537,-0.0467538,-0.149002,0.0355033,-0.0155412,0.00660472,-0.00953647,0.0259067,0.0584828,0.0679914,-0.290342,-0.006125,0.0189715,-0.272272,-0.01709,0.0782662,0.012742],[-0.0323015,-0.135153,-0.912331,-0.153233,0.551653,-0.0944318,0.249903,0.0180656,0.0199132,0.0785965,-0.00643604,-0.974718,-0.946708,0.0140212,0.0390789,-1.70159,-1.22336,-0.155634,-0.018624]],"sigmahat":[[0.685973,0.491463,1.15581,0.15686,0.482551,0.113355,0.124703,0.0229966,0.0377278,0.0382803,0.203821,-0.0148477,-0.0420341,0.0281371,0.02927,-0.32608,1.21742,0.11003,0.00236743],[0.491463,0.845481,0.812287,0.131383,-0.638618,-0.0837084,0.106408,0.0274378,0.0330413,0.0230303,0.132047,0.389298,1.6705,0.00790816,0.0153799,-0.028213,1.80481,0.133408,0.00786057],[1.15581,0.812287,5.46243,0.29203,0.0453199,1.87235,0.256977,0.00955255,0.0701541,0.0522898,0.128507,0.0575639,1.08518,0.0157194,-0.00352964,1.47436,2.83717,0.0946009,0.0111338],[0.15686,0.131383,0.29203,0.672541,-0.330154,-0.156839,0.0578448,-0.0193823,-0.0231237,0.00208656,0.0807513,0.031834,-0.553421,-0.0209001,0.00537463,-0.439608,0.466789,-0.0441605,-0.0349899],[0.482551,-0.638618,0.0453199,-0.330154,7.35696,0.998555,-0.156417,-0.0392244,0.10319,-0.0156159,0.380618,-0.946648,-8.00445,-0.0364502,-0.0180976,-0.63482,-2.37853,-0.309945,0.0195062],[0.113355,-0.0837084,1.87235,-0.156839,0.998555,4.10306,0.00782265,-0.0275829,0.156222,0.0760078,0.10421,1.09476,5.27841,0.00369625,-0.113918,3.99436,0.990924,0.484433,0.0762204],[0.124703,0.106408,0.256977,0.0578448,-0.156417,0.00782265,0.293127,0.00257905,0.0227948,0.0408367,-0.143939,-0.412894,1.83699,0.0312661,0.0425723,-0.245235,0.393862,0.065709,0.0173666],[0.0229966,0.0274378,0.00955255,-0.0193823,-0.0392244,-0.0275829,0.00257905,0.0476164,-0.00288383,0.00580546,-0.00259462,0.0649029,-0.0495307,0.00529806,0.00414763,0.00755531,0.0876068,0.0411905,0.00283905],[0.0377278,0.0330413,0.0701541,-0.0231237,0.10319,0.156222,0.0227948,-0.00288383,0.0718074,0.0313516,-0.0123077,0.203707,1.15029,0.0176318,-0.00735916,0.383971,0.189344,0.0976012,0.0222168],[0.0382803,0.0230303,0.0522898,0.00208656,-0.0156159,0.0760078,0.0408367,0.00580546,0.0313516,0.0778466,-0.0313533,0.0723226,1.3131,0.0544024,0.0333989,0.307191,0.181813,0.0881216,0.0200163],[0.203821,0.132047,0.128507,0.0807513,0.380618,0.10421,-0.143939,-0.00259462,-0.0123077,-0.0313533,1.54142,-0.205963,-1.81647,-0.0339934,-0.0684626,0.275331,-0.0652965,-0.0383463,-0.0178193],[-0.0148477,0.389298,0.0575639,0.031834,-0.946648,1.09476,-0.412894,0.0649029,0.203707,0.0723226,-0.205963,8.20212,7.74872,0.0275481,-0.139985,4.74496,1.93058,0.996611,0.0863505],[-0.0420341,1.6705,1.08518,-0.553421,-8.00445,5.27841,1.83699,-0.0495307,1.15029,1.3131,-1.81647,7.74872,130.154,1.07679,-0.320888,23.6688,13.9125,4.42374,0.553577],[0.0281371,0.00790816,0.0157194,-0.0209001,-0.0364502,0.00369625,0.0312661,0.00529806,0.0176318,0.0544024,-0.0339934,0.0275481,1.07679,0.0713721,0.0416715,0.343239,0.208244,0.0761219,0.0149807],[0.02927,0.0153799,-0.00352964,0.00537463,-0.0180976,-0.113918,0.0425723,0.00414763,-0.00735916,0.0333989,-0.0684626,-0.139985,-0.320888,0.0416715,0.0750313,-0.490998,0.0153972,0.00507101,0.00107531],[-0.32608,-0.028213,1.47436,-0.439608,-0.63482,3.99436,-0.245235,0.00755531,0.383971,0.307191,0.275331,4.74496,23.6688,0.343239,-0.490998,19.9498,4.02811,1.35829,0.283475],[1.21742,1.80481,2.83717,0.466789,-2.37853,0.990924,0.393862,0.0876068,0.189344,0.181813,-0.0652965,1.93058,13.9125,0.208244,0.0153972,4.02811,10.1182,0.566209,0.0595801],[0.11003,0.133408,0.0946009,-0.0441605,-0.309945,0.484433,0.065709,0.0411905,0.0976012,0.0881216,-0.0383463,0.996611,4.42374,0.0761219,0.00507101,1.35829,0.566209,1.08735,0.0465979],[0.00236743,0.00786057,0.0111338,-0.0349899,0.0195062,0.0762204,0.0173666,0.00283905,0.0222168,0.0200163,-0.0178193,0.0863505,0.553577,0.0149807,0.00107531,0.283475,0.0595801,0.0465979,0.0346499]],"n":19,"lags":3}