{"betahat":[[4.63324,5.52849,8.53155,4.17189,-2.38997,-0.777806,-0.453584,-0.0208263,0.557268,0.50194,4.7583,15.872,0.399418,-0.309092,5.70014,6.83999,0.618782,-0.227926],[0.949269,0.0335158,-0.20869,-0.175791,0.283141,-0.0601112,-0.0472154,-0.0500459,0.0126025,-0.0337059,-0.024491,-1.04608,-0.0684093,-0.0360346,-0.717431,-0.0652249,-0.228087,-0.0177121],[0.00590189,0.840327,0.165641,-0.0527352,0.138706,0.235184,-0.0444162,0.0118594,-0.0101478,-0.00211909,0.123719,-0.114394,0.0299288,0.0198477,0.0712073,-0.140916,-0.00258463,-0.00281155],[-0.0385542,-0.00896796,0.840691,-0.0317865,-0.021811,0.0681684,-0.0216908,-0.0022372,0.0192016,0.0140311,0.146095,0.694645,0.0135201,0.00433882,0.370572,0.0861309,0.0499651,0.012558],[0.0295745,0.0163567,0.0824867,0.999011,-0.184897,0.0955202,0.0313448,-0.0298006,-0.0128377,0.0163596,-0.0264404,1.5511,0.0105629,0.0185798,0.210746,0.0841809,0.116782,-0.0137455],[-0.034987,-0.00202753,0.0537767,-0.0637746,0.712337,0.135314,-0.015191,0.0127188,0.00963678,-0.00125166,0.0152377,-0.0466703,-0.00230215,-0.00853968,0.0914568,-0.0563026,0.0344975,0.00404833],[0.0430672,0.0860022,0.166896,0.0327188,-0.0685258,0.842722,0.0298578,-0.00807265,0.00231922,0.000958937,0.153627,0.305011,0.0193627,0.015445,0.030119,0.00589226,0.0340004,0.00306219],[-0.0730031,-0.0905968,-0.415122,-0.016769,0.435208,-0.209192,1.16302,-0.0124029,-0.0350586,-0.0265417,0.0572782,-3.65794,-0.0306121,0.0618874,-1.73855,-0.291114,0.0421517,-0.00359319],[-0.0254115,-0.189327,-1.51206,-0.59943,0.77982,-1.21276,0.0562658,0.789121,-0.0412664,-0.102902,1.50174,-0.205338,0.0661454,0.035646,0.365425,-0.388231,-0.168521,-0.0625002],[0.0278398,0.0719514,0.333577,-0.265472,-0.278705,0.0282488,0.296986,-0.019606,1.23966,0.0378814,-0.229954,1.4054,0.0198751,0.00517364,1.26906,-0.150774,-0.206362,0.101999],[0.17865,0.312683,1.62266,0.0397993,0.00441854,1.12464,0.175402,0.111353,0.242651,1.10355,-0.55768,3.78189,-0.00771916,-0.112258,1.21467,1.24325,0.700177,0.0064226],[-0.00142665,-0.00978041,-0.00976516,-0.00675174,0.183932,0.00435542,-0.0276678,0.0025068,0.0145391,0.00218625,1.08401,0.769124,0.00515797,-0.00131235,0.0909514,0.128638,0.00537489,0.00817303],[-0.00305159,0.00347758,-0.00990649,-0.00577303,-0.0224047,-0.0137073,0.00710461,0.00233879,-0.00242859,-0.00286413,-0.0388193,0.969298,-0.00295247,-0.000748079,-0.0490848,-0.0165087,0.000446768,0.00100051],[0.420329,0.572482,-0.193175,-0.301104,0.855263,-0.486495,0.0107644,0.000615155,0.05808,0.14293,0.302907,-3.13509,1.10522,0.103244,0.288133,0.789611,-0.872481,0.111782],[-0.173233,-0.557673,-0.871633,-0.297765,0.632052,-1.24352,-0.08734,-0.0317469,-0.0600744,-0.17934,0.0811127,-2.74375,-0.0356807,0.955841,-2.01506,-0.820148,0.268782,0.0036329],[0.00118575,-0.0169718,-0.0150917,0.0106087,0.0464905,0.00629002,-0.00384586,-0.00470186,-3.20504e-05,0.00847417,0.00530689,-0.1611,0.00651717,0.00317278,1.07314,0.0452934,-0.002664,0.00382483],[-0.0803314,-0.0786748,-0.111898,0.0679739,-0.170209,0.172824,0.0372295,-0.0205594,0.0182997,0.0111054,0.020038,0.0320247,-0.0128282,-0.00109484,-0.264486,0.197338,0.113068,0.0196825],[0.00965853,-0.0285252,0.126394,-0.014539,0.138643,0.198571,0.11592,-0.0297245,0.0551033,0.0242252,-0.120809,1.62992,0.0186775,0.00129188,0.4312,-0.0940657,0.487669,0.0265136],[-0.37797,-0.100856,-1.81257,0.54286,-1.23566,-0.392363,-0.249158,-0.0270454,-0.14092,-0.176659,0.681853,-0.304142,-0.200979,-0.132275,1.21693,-1.25016,0.666805,1.00262],[0.0239332,-0.0736348,0.342305,0.0768446,-0.100427,0.216331,0.0322283,0.0110617,0.0287085,0.0214632,0.0509659,1.00104,0.0342707,0.000944283,0.632692,0.240453,0.180216,0.0169498],[-0.0165893,-0.0310706,-0.145128,0.0391605,0.267094,0.0226483,0.0498175,-0.0286479,0.0258517,0.0135338,-0.176441,0.209989,-0.0152506,-0.0160218,0.0476221,0.146455,0.0228883,0.0149667],[0.0124594,0.00784412,0.0817188,0.0242143,-0.0147413,-0.0692194,0.00788874,0.00182045,-0.0149956,-0.0149699,-0.0764922,-0.781401,-0.0129987,0.00147426,-0.381068,-0.0951683,-0.0293155,-0.0155217],[-0.040567,-0.0698353,-0.0242593,-0.0107996,0.136708,-0.0628598,-0.000240299,-0.00395131,0.00345758,-0.00610541,-0.13154,-1.14826,-0.00245689,-0.00273459,-0.327648,-0.149588,-0.0604329,-9.71309e-05],[0.0505162,0.0408736,0.0318988,0.0245232,0.17657,-0.0552046,0.018072,-0.00974178,-0.00375618,0.0039909,0.0332765,0.152375,0.00566329,0.00737244,-0.0664213,0.0875407,-0.00856254,-0.00312953],[-0.0219706,-0.017556,-0.0802235,-0.00563434,-0.0332034,0.127529,-0.00599475,0.0121386,-0.0070575,-0.00993285,-0.194919,-0.197167,-0.0232261,-0.0057713,-0.249454,-0.0565772,-0.0575544,-0.00878712],[-0.0632732,-0.0610808,-0.00429486,-0.0596433,-0.275056,0.0345571,-0.136485,0.0142437,0.0266926,0.0370532,0.273004,2.08717,0.0430253,-0.00861135,0.987993,0.0895354,0.0383638,0.00187469],[-0.240139,-0.418795,0.0442248,-0.0455632,-0.652328,0.812516,-0.0109484,0.150702,-0.0337797,-0.00482551,-0.837183,-0.138586,-0.0798095,-0.0121671,-0.666677,-0.00881648,0.463759,0.0300053],[-0.0179339,-0.116962,-0.413763,0.254394,0.46946,-0.34316,-0.159921,-0.0118565,-0.181207,-0.0550738,0.0615381,-2.36221,0.00586178,0.0449127,-1.36296,-0.0262919,0.0954023,-0.0560233],[0.00495073,-0.321422,-0.704197,-0.218229,0.671048,0.187701,0.019164,-0.0783095,-0.0483587,-0.0164172,0.0885972,0.0312376,0.0736769,0.106409,-0.522948,-0.494874,-0.298084,-0.0243741],[0.0115934,0.00655626,0.00487484,0.00784612,-0.104014,-0.029771,0.0250128,-0.00421465,-0.0165328,0.000387308,-0.164374,-0.518193,0.000703584,0.00431357,-0.0960111,-0.0778471,-0.0198975,-0.00305657],[0.00185875,-0.00289051,-0.000747624,0.00605858,0.0135362,0.0136677,-0.00974082,-0.00164963,0.000793696,0.00158163,0.0161182,-0.0152173,0.00210387,0.00132665,0.0227898,0.0126163,-0.00228838,-0.00093859],[-0.137494,-0.357945,0.461345,0.204681,0.748047,0.928737,-0.218658,-0.103256,-0.00748961,-0.140219,0.163173,-0.790154,-0.139172,-0.083323,-0.444242,-0.484972,0.382771,-0.0842191],[0.269272,0.479643,0.53235,0.129993,0.48383,0.929785,0.179961,0.0147278,0.0996172,0.168074,-0.170707,2.41275,0.0139033,0.0414811,1.46884,0.817036,-0.272883,0.0468539],[-0.00465967,0.00365401,0.0203302,-0.00462744,-0.0327328,0.0324272,0.000457401,0.000162534,-0.00268696,-0.00792227,-0.0048365,0.00274875,-0.0100388,-0.000965002,-0.0801429,-0.0502096,-0.00636705,-0.00418839],[0.0509275,0.00558508,-0.021842,-0.0417776,0.101961,0.000707941,0.0150942,-0.00198881,0.00442044,0.00508763,0.0680068,-0.060978,0.00507148,0.0124968,-0.0425514,0.016517,0.0862283,0.00435059],[-0.135258,-0.175504,-0.362073,0.0293824,-0.149748,-0.137089,0.093953,-0.00963676,0.00264204,0.00448739,-0.34796,-0.0874581,0.00824126,0.016464,-0.611044,0.0667017,-0.172277,-0.0130621],[0.32404,0.00399184,2.39943,-0.461789,0.992714,0.400364,-0.00563696,0.0276364,0.06918,0.0545162,-0.517329,-0.654865,0.113309,0.0816194,-0.343744,1.0536,-0.56892,-0.0519351],[0.0266557,0.0400049,-0.133858,0.0988805,-0.182822,-0.156159,0.0150274,0.0389934,-0.041328,0.0122261,-0.0264769,0.0452676,0.0341352,0.0350889,0.0849887,-0.175409,0.0479121,0.000774627],[0.0104958,0.190567,-0.0208528,0.0134867,-0.405912,-0.257748,-0.00534366,0.0168027,-0.0157269,-0.0114333,0.0527001,-0.0952874,-0.0146768,-0.00382274,-0.118484,-0.00580586,-0.0202468,-0.0121382],[0.0258438,0.000933069,0.0769048,0.00751306,0.0363303,0.00104193,0.0138834,0.000433786,-0.00422574,0.000908623,-0.0696305,0.0872526,-0.000520553,-0.00580871,0.0108726,0.00864762,-0.0206041,0.00298151],[0.0107556,0.0532612,-0.0586501,0.0116169,0.0480461,-0.0325569,-0.0310083,0.0337825,0.00936673,-0.0102512,0.158008,-0.401999,-0.00808694,-0.0158311,0.117371,0.0651214,-0.0562028,0.0138692],[-0.0156532,-0.0388875,-0.0858671,0.0391832,0.110813,-0.0800586,-0.00288519,-0.00296599,-0.00593503,-0.00280926,-0.0485766,-0.1061,-0.00340532,0.00114614,-0.0249991,-0.0314591,-0.0259863,-0.000916578],[-0.0213289,-0.0686145,-0.0872459,-0.0271696,0.101477,0.0296594,-0.0237896,-0.00403801,0.00468467,0.00890685,0.0412188,-0.108069,0.00384209,-0.00966791,0.21944,0.0502316,0.0235394,0.00573537],[0.134735,0.15014,0.416128,0.0754129,-0.15917,0.176003,-0.0261425,-0.001726,0.00821935,-0.0105214,-0.330895,1.57408,-0.0122614,-0.0532144,0.753828,0.199438,-0.0801082,0.0018572],[0.258034,0.559015,1.60189,0.471666,0.174768,0.619303,-0.0834849,0.000224393,0.0333546,0.0612138,-0.904573,-1.16168,-0.0232069,-0.039279,0.0926554,0.400744,-0.396799,0.0216291],[-0.0501068,0.085617,-0.0120894,0.0320598,-0.397027,0.210141,-0.13091,0.0371305,-0.102441,0.0118643,0.0998517,0.77526,-0.0140107,-0.0279938,0.305272,0.244945,0.0487782,-0.0502678],[-0.16981,0.00479015,-0.868328,0.100318,-0.362413,-1.11635,-0.206199,-0.00821898,-0.174452,-0.0961346,0.680178,-3.44392,-0.0662009,-0.00293728,-0.732878,-0.463888,-0.380188,0.0156639],[-0.0100855,0.00338968,0.00506344,-0.00110975,-0.0805264,0.0247882,0.00253003,0.00166803,0.00199548,-0.00258363,0.0793831,-0.251307,-0.00590563,-0.00301129,0.0048943,-0.0502175,0.0144646,-0.00509112],[-0.00107068,-0.00285967,0.00703832,-0.00239267,0.00837869,-0.00222321,0.00279169,7.18997e-05,0.00153268,0.00104201,0.0219345,0.0290963,0.000756137,-0.000461026,0.0305218,0.00199393,0.00302777,0.000168953],[-0.321507,-0.306423,-0.322999,0.0874082,-1.31071,-0.3263,0.170165,0.0918576,-0.0308413,-0.00518307,-0.440454,3.72513,0.00348655,-0.0453953,0.282126,-0.148147,0.457201,-0.0106246],[-0.10971,0.0330352,0.201795,0.131605,-1.02028,0.261955,-0.142895,0.0269214,-0.0495474,0.0114788,0.0992771,0.326872,0.0134321,-0.025692,0.371611,-0.0284866,0.00108112,-0.0529141],[0.00240384,0.0120972,-0.00807094,-0.00611273,-0.014076,-0.0380443,0.0048154,0.004572,0.00258964,-0.000528807,-0.00384278,0.160241,0.00355812,-0.00190657,0.00603745,0.00275738,0.00928447,0.000466968],[0.0100476,0.0282773,0.00968576,0.0240714,0.0586241,-0.103082,-0.00505488,-0.00999563,-0.00534803,-0.0091426,0.0172987,-0.0826236,0.00331569,0.0112831,-0.197196,0.0380904,-0.0391301,0.00274634],[0.0385797,0.0750279,0.340748,-0.0608844,-0.00636186,0.0138687,-0.0150807,0.00876484,-0.00952527,0.0229217,0.0600289,-0.44768,-0.00111408,0.0215673,-0.303532,0.0969715,0.0606937,0.011897],[0.0630037,-0.0151723,-0.610009,-0.0975995,0.348047,-0.115116,0.271345,0.00694227,0.0221474,0.0897236,-0.871701,-0.00433967,0.0372568,0.0585626,-1.58918,-0.16727,-0.182578,-0.0189662]],"sigmahat":[[0.623511,0.436703,1.03564,0.177288,0.585955,-0.001643,0.104028,0.0228911,0.0213428,0.0220469,-0.113821,-0.854393,0.00637138,0.0147062,-0.37704,0.400416,0.0676542,-0.00255333],[0.436703,0.815669,0.671045,0.163552,-0.50527,-0.303976,0.0723352,0.0340455,0.00556343,-0.00587919,0.310615,0.229573,-0.0284638,-0.00763841,-0.0314902,0.513716,0.0980798,-0.00445705],[1.03564,0.671045,5.47841,0.323536,0.22857,1.77079,0.192291,-0.00500524,0.0324853,0.0191387,-0.165462,-0.496933,-0.0390616,-0.0370694,1.51805,1.18204,-0.0069887,-0.00875762],[0.177288,0.163552,0.323536,0.740825,-0.399796,-0.276942,0.062411,-0.0159104,-0.0440226,-0.0202907,0.0544888,-1.26716,-0.0457722,-0.0128219,-0.22445,-0.13841,-0.025661,-0.0517397],[0.585955,-0.50527,0.22857,-0.399796,7.79191,1.66678,-0.116398,-0.0909529,0.213058,0.0961475,-0.95272,-3.75161,0.0691496,0.0296026,-0.913914,0.953824,-0.406908,0.0940293],[-0.001643,-0.303976,1.77079,-0.276942,1.66678,4.36153,-0.052925,-0.0502218,0.161203,0.0927747,0.792602,5.28315,0.0120304,-0.108544,3.9106,1.00329,0.315489,0.0783028],[0.104028,0.0723352,0.192291,0.062411,-0.116398,-0.052925,0.302371,0.00223886,0.0132439,0.0282511,-0.462051,1.26075,0.0194669,0.0384806,-0.282445,-0.0254746,0.0663844,0.0106569],[0.0228911,0.0340455,-0.00500524,-0.0159104,-0.0909529,-0.0502218,0.00223886,0.0510896,-0.00543138,0.00138323,0.102428,-0.149373,0.00420291,0.00432509,-1.09254e-05,0.00334338,0.0568967,0.00294428],[0.0213428,0.00556343,0.0324853,-0.0440226,0.213058,0.161203,0.0132439,-0.00543138,0.0734804,0.0340287,0.158846,1.24266,0.0193202,-0.00855068,0.403429,0.163916,0.0603514,0.02325],[0.0220469,-0.00587919,0.0191387,-0.0202907,0.0961475,0.0927747,0.0282511,0.00138323,0.0340287,0.078476,0.053192,1.14692,0.0540837,0.0337073,0.282131,0.0797344,0.0703366,0.0221667],[-0.113821,0.310615,-0.165462,0.0544888,-0.95272,0.792602,-0.462051,0.102428,0.158846,0.053192,8.43678,6.97667,0.00143899,-0.167634,5.12826,0.835773,1.05402,0.0729095],[-0.854393,0.229573,-0.496933,-1.26716,-3.75161,5.28315,1.26075,-0.149373,1.24266,1.14692,6.97667,109.489,0.822608,-0.312552,19.4548,6.27261,3.90916,0.488516],[0.00637138,-0.0284638,-0.0390616,-0.0457722,0.0691496,0.0120304,0.0194669,0.00420291,0.0193202,0.0540837,0.00143899,0.822608,0.0703251,0.0428069,0.270854,0.0445312,0.068008,0.0179001],[0.0147062,-0.00763841,-0.0370694,-0.0128219,0.0296026,-0.108544,0.0384806,0.00432509,-0.00855068,0.0337073,-0.167634,-0.312552,0.0428069,0.0765404,-0.523258,-0.0619723,-0.00114061,0.00260574],[-0.37704,-0.0314902,1.51805,-0.22445,-0.913914,3.9106,-0.282445,-1.09254e-05,0.403429,0.282131,5.12826,19.4548,0.270854,-0.523258,19.9744,2.71138,1.44034,0.282792],[0.400416,0.513716,1.18204,-0.13841,0.953824,1.00329,-0.0254746,0.00334338,0.163916,0.0797344,0.835773,6.27261,0.0445312,-0.0619723,2.71138,3.61528,0.0969879,0.0934289],[0.0676542,0.0980798,-0.0069887,-0.025661,-0.406908,0.315489,0.0663844,0.0568967,0.0603514,0.0703366,1.05402,3.90916,0.068008,-0.00114061,1.44034,0.0969879,1.06005,0.0286756],[-0.00255333,-0.00445705,-0.00875762,-0.0517397,0.0940293,0.0783028,0.0106569,0.00294428,0.02325,0.0221667,0.0729095,0.488516,0.0179001,0.00260574,0.282792,0.0934289,0.0286756,0.036283]],"n":18,"lags":3}