{"betahat":[[-0.00757015,-0.0155341,-0.0587381,0.0995095,-0.043868,0.016911,0.0779179,-0.0189773,0.00717941,-0.00332819,1.02762,-0.401751,0.737589,-0.0158481,-0.0194222,0.870028,1.67796,0.000680557,-0.26029,0.0463491,-0.0184355],[0.0569357,0.0127068,-0.0231963,-0.210268,0.400965,0.109992,-0.0560079,-0.0357067,0.0369273,0.006463,0.142231,0.149646,-0.151905,-0.00494597,-0.00431555,-0.202043,-0.092795,0.0178453,-0.119602,-0.0466234,0.0066647],[-0.000905502,-0.0325947,-0.0169912,-0.0811134,0.169456,0.131558,-0.0248138,-0.00896411,0.0133138,0.00604555,-0.0617442,0.0429254,0.330582,0.0120067,0.0100472,0.0695615,0.0218961,0.00948375,-0.174791,0.00758553,0.0013018],[-0.0193041,-0.010511,0.0245406,-0.0186368,-0.00158846,0.0873622,-0.00852755,-0.000664259,0.00876696,0.00948911,-0.0603001,0.0966199,0.635023,0.00785579,0.00519944,0.0983696,0.0186567,0.00487162,-0.0435925,0.0347094,0.00540174],[0.0542784,0.0477219,0.120258,0.0809713,0.00374674,-0.0223034,0.00236344,0.000780431,-0.0182905,-0.00605853,0.153481,0.0385401,0.469179,-0.006136,0.00171705,0.0707368,-0.109211,-0.0127576,0.0818696,0.0366138,-0.0225534],[-0.00823669,-0.00213289,0.0178909,-0.00332009,-0.0524096,0.0646963,0.0137221,0.00425871,0.00683366,-0.00274712,-0.0110339,0.0257074,-0.306619,-0.00965775,-0.00961554,-0.0336785,0.0192705,0.00168644,-0.0291259,0.00936509,0.00496789],[-0.00227332,0.024484,0.141935,0.0413227,-0.0858961,0.150125,0.0576665,-0.00488293,0.0157767,0.00743258,-0.137711,0.0624463,0.464404,0.00298622,0.00320079,-0.103748,0.0177282,0.00974459,-0.133203,0.038703,0.000478104],[0.0347351,0.100281,-0.120284,0.0974964,-0.0740288,-0.355626,0.246431,-0.00211976,-0.0206864,-0.067903,0.0514861,-0.200166,-4.61594,-0.0529586,0.013115,-1.34435,0.0478788,-0.000385194,-0.174471,-0.19479,-0.0300079],[0.041199,0.0290805,-0.275547,-0.0605194,0.1473,-0.176942,-0.0586998,0.479756,-0.01775,-0.0217842,-3.18466,0.795438,-1.64787,-0.00385686,-0.0198471,0.630947,0.762649,-0.00483513,0.00233083,-0.211783,-0.0532894],[-0.0217654,-0.00776238,-0.0206136,-0.0619804,0.0394679,0.162449,0.0792472,-0.0166084,0.0721415,0.0101617,0.0849827,-0.0973383,-0.0114064,-0.00240492,-0.00301998,0.0284427,0.0146265,0.0661339,-0.292389,-0.0918023,0.0342618],[0.0424152,0.0166066,0.143089,-0.0914899,0.289377,0.236353,-0.0472567,0.00264488,0.0460047,0.0410192,-0.328182,-0.443734,0.373941,0.0107194,0.0112395,-0.432252,0.0536238,0.039667,-0.0984647,0.0119813,0.0159708],[0.00208493,0.0040214,0.00275402,0.00538849,-0.0206648,-0.00397764,-0.0051138,-0.0130185,0.000118996,-0.00163735,0.455339,0.0206645,-0.0893408,-0.00169656,-0.003188,0.431465,0.111709,-0.000611233,0.0248947,0.00903454,-0.00346983],[0.000346684,0.000905772,0.00178178,0.00171492,0.00641394,0.000974774,-0.0027227,-0.000471456,0.00240447,0.000261205,0.0100842,0.270064,0.493003,0.00124241,-0.000312317,-0.110541,0.00595927,0.00138925,0.016085,0.00251802,0.0020774],[-2.43138e-05,0.000548789,0.00117187,-0.000807713,-0.00269012,0.00149721,-7.56265e-05,0.000257711,0.000380369,0.000446776,-0.00582372,0.0193162,0.236236,0.000309284,5.88875e-05,-0.0216472,0.00920935,0.000319369,0.00210681,0.00330104,0.000772158],[0.0335653,-0.00415039,-0.0351343,-0.153755,0.276565,-0.015264,-0.0726459,-0.014685,0.021031,0.0452047,-0.295831,-0.0810878,-0.768935,0.0534971,0.0417137,0.139644,-0.0277634,0.0253072,-0.0461542,-0.109152,0.0284084],[-0.047904,-0.107521,-0.126893,-0.200107,0.356068,-0.17744,-0.0736268,-0.00857045,-6.09279e-05,0.00744941,-0.712503,-0.147273,-0.700889,0.0334356,0.0528511,-1.19898,0.140792,0.00822507,-0.171743,-0.0474374,0.00338624],[0.000440118,-9.71171e-05,-0.00032566,0.00258679,0.00143045,0.00404812,-0.000547881,-0.00173211,0.000237603,0.000513532,0.0590518,-0.0555732,-0.172963,0.000682328,-0.00062301,0.328058,0.0119579,-0.000245655,-0.00358122,-0.00170976,0.00211412],[-0.00187545,-0.00236963,-0.0102719,-0.00428457,0.0117622,-0.013273,0.00207288,0.0121518,-3.5193e-05,0.000388117,0.178091,0.00429344,0.664013,0.00113264,0.00262138,0.125805,0.573317,0.00108967,-0.0271131,-0.0194006,-0.00104354],[-0.0515248,-0.112548,-0.123568,-0.13218,0.280341,0.0729144,0.0372113,-0.0031409,0.0555944,-0.00638395,-0.114109,-0.353682,-1.7747,-0.00622692,0.0214372,-0.453915,0.164237,0.076609,-0.585787,-0.110999,0.0319151],[0.00628912,0.0228265,0.00928136,-0.0110999,-0.0305512,0.0251404,-0.0244136,-0.00627203,0.00675159,0.00627821,0.0963636,0.120062,1.00978,0.0081286,-0.00422439,0.192358,-0.0402002,0.00356751,0.100868,0.0359589,0.0142016],[0.0442552,0.0416547,0.0953126,-0.00874004,0.136,0.138608,0.00764878,-0.0131013,0.0170783,0.0102634,-0.173739,0.124162,2.46448,0.0108761,-0.00160623,0.23918,-0.00287586,0.00303304,-0.0916278,0.139339,0.0352331],[0.025367,0.107524,-0.129242,0.0202581,-0.105358,0.158191,-0.0221945,-0.039781,0.138352,0.0413583,-1.97535,1.20816,5.97206,0.030524,0.00752278,5.03516,0.36541,0.104209,0.348472,0.312947,0.645659],[-0.0323819,-0.0603214,0.0164655,-0.0586297,0.092059,0.0888048,-0.0176737,-0.0104497,0.0147474,-0.00389203,0.0715694,0.0565607,0.150903,-0.00774752,-0.00666776,0.0204207,-0.00520233,0.00781634,0.00409526,0.0192635,-0.00123724],[-0.0177099,-0.0625988,-0.0180934,-0.0169487,0.115064,0.0585328,-0.00494308,-0.00876033,0.0041528,0.00247053,0.0268744,0.0227826,0.091395,0.00171412,-0.000130385,0.122318,-0.0108268,0.00234911,-0.0161833,0.00618977,0.00464703],[-0.0100409,-0.013739,-0.0251397,-0.00434746,0.0114778,0.0128061,0.00355498,5.39151e-05,0.00289781,-0.000669936,-0.0181368,-0.00466654,0.00323439,-0.00102444,0.00238071,-0.139621,0.026713,0.00276776,-0.0315169,-8.5922e-05,-0.00267403],[-0.024393,-0.0433576,-0.0252825,-0.00387863,0.00144923,-0.0150134,0.00839797,-0.00607961,-0.00710359,-0.0046048,0.0386909,-0.0580416,0.103542,-0.00374704,0.000996958,-0.0897682,-0.0120045,-0.00421313,-0.0301789,-0.0138379,-0.00781443],[0.00914871,0.0197174,0.0338931,-0.000403326,-0.0262902,0.00969182,0.00522118,0.000233535,0.00236882,6.77579e-05,0.0173378,0.0290052,-0.0295154,-0.000810473,-0.00165132,0.00658629,0.0112285,0.000740258,0.0224464,0.00538579,0.000648387],[-0.00987367,0.00168537,-0.00438405,0.0137194,-0.0339515,0.00580385,0.0221084,0.00108196,0.00054063,-0.00147863,-0.0707955,-0.0353028,-0.0588009,-0.00230776,0.00557218,-0.235438,0.0194127,0.00330298,-0.066799,-0.0252875,-0.0042192],[-0.0486569,-0.0626499,-0.106522,0.0100377,-0.00927244,-0.113514,-0.0156053,-0.00298814,-0.0144161,-0.0158336,0.0246396,0.12969,-0.516888,-0.0058782,0.00243363,-0.152322,0.0181141,-0.00563735,-0.0132188,-0.0413762,-0.00997783],[-0.0149048,-0.0426605,-0.110188,-0.00032246,-0.0877411,0.0388364,-0.00838771,0.107154,-0.00857643,-0.017082,-0.505427,0.285177,-0.266735,-0.0115674,-0.0109789,0.973715,0.0980964,-0.00271915,0.0535994,0.0282114,-0.0151661],[-0.0103413,-0.0184648,-0.00853175,-0.00716544,0.000603812,-0.00357096,0.00758013,-0.000809149,-1.43112e-05,-0.0062599,0.00729378,-0.0584971,-0.448239,-0.0016018,0.00667915,-0.193691,0.0604142,0.00423945,-0.0984709,-0.0222241,-0.000650799],[0.00252724,-0.0131905,0.0247103,-0.0287192,0.0612122,0.0955382,0.00508724,-0.00648358,0.0146265,0.00312881,-0.0982065,-0.102382,0.0793673,-0.000354947,0.00271393,-0.215564,0.100834,0.00920644,-0.0386548,-0.011633,-0.0018181],[-0.000524058,-0.000905812,-0.00368082,-0.000443706,0.00234013,0.00228149,0.00041094,-0.00315277,0.000828409,0.000120307,0.0858062,-0.000750652,0.0152114,8.0411e-05,-0.000179511,0.100765,0.0326606,0.000427647,0.0043271,0.00438943,0.000575157],[-0.000312223,-0.000792894,-0.00145133,0.000682912,0.000595281,-0.00033739,0.000383545,-0.00025137,-6.115e-06,-2.10298e-05,-1.61011e-05,0.046012,0.0765617,1.56849e-05,-5.22762e-06,-0.0258655,0.000390555,0.000120062,-0.00714314,-0.000368162,0.000369601],[-7.12748e-05,-7.9893e-05,0.000509583,4.88667e-05,-0.000253355,0.000714708,-7.06616e-05,6.37415e-05,1.35586e-05,7.50717e-05,-0.00239576,0.00414359,0.0472015,3.07094e-05,9.42772e-05,-0.0083036,0.00291905,1.80227e-05,-0.000621664,0.000594786,3.82131e-05],[-0.00131308,-0.0239006,0.0094112,-0.0568427,0.156107,0.0719316,-0.0288169,-0.00833219,0.00558829,0.00410621,-0.0962877,0.0307929,-0.442669,0.00125878,0.00756962,-0.196146,0.0660776,0.00609579,-0.100343,-0.00381322,0.000749842],[0.00680415,0.0054673,0.0104907,-0.0436431,0.086224,0.0227427,-0.00929198,-0.0012853,0.00865492,0.00469665,-0.115428,-0.0277355,-0.0580432,0.00421003,0.00318065,-0.0670602,0.085467,0.00449887,-0.0133003,-0.0178594,0.00568516],[-0.000428273,-0.000410903,-0.000332542,0.000432845,-0.000976723,0.00186587,0.000296789,-0.000403964,-2.91762e-06,-5.29664e-05,0.00827111,-0.0164432,-0.0588741,-9.99199e-05,0.000160944,0.0600307,0.00359997,-2.3207e-05,-0.00455586,-0.000262809,0.000186074],[0.0022739,0.00241276,0.00833498,-0.000518573,0.00222865,0.000813097,0.000729966,0.00392115,-0.000383999,0.000372025,0.0365116,-0.0063935,0.175339,0.000419183,0.000751577,0.00235939,0.134118,0.000173505,-0.00872515,0.00200408,-0.000643955],[-0.0151208,-0.0188701,-0.0520077,-0.0156779,0.082536,-0.0116522,-0.00866596,-0.00219778,0.0027393,-0.00381815,0.0184344,-0.0586576,-0.272441,0.00102244,0.00807764,-0.137137,0.101951,0.00631561,-0.12793,-0.00107799,0.00146051],[0.00177246,-0.00356189,0.00422922,-0.00231435,-0.0127635,0.0123552,-0.00451914,-0.00167741,0.000330839,0.00143712,0.0206601,0.0162784,0.0958534,0.00161547,0.000870168,-0.00289157,-0.0146628,0.000719251,0.00397103,0.0172036,0.000830408],[-0.00836661,-0.0127416,-0.0397319,0.00717698,0.025035,0.0298867,0.0195534,-0.00851395,0.00531437,0.00213536,-0.106424,-0.0640559,0.65649,0.000857154,0.0010977,-0.173001,-0.0157874,0.00378186,0.00488955,-0.0282317,0.0033619],[-0.00597342,-0.0517202,0.139479,-0.0227609,0.0372457,-0.0216214,-0.0519629,0.0126394,-0.00565368,-0.0142714,-0.880949,-0.279252,-1.0206,-0.00348647,0.00909452,0.380185,0.274044,-0.00349027,-0.0125075,-0.115885,0.0703869],[-0.00964015,0.000238189,0.0268438,0.00619207,-0.00592989,0.037891,-0.0110303,0.00128653,0.00215941,-0.000156132,0.00225995,0.00565411,0.139162,-0.00165073,-0.00309514,0.0329449,-0.0194024,0.001198,0.0185394,0.00266386,0.000174922],[0.000155833,-0.000646663,0.0266115,-0.00329555,0.0223147,0.017305,-0.0066378,-0.00219327,-0.000192774,0.000606879,0.0212593,-0.01952,0.0246619,-0.000193803,0.000789629,0.0160757,0.0271456,0.00092032,0.000254865,-0.0091962,5.20212e-06],[0.00152451,-0.00220812,-0.00540544,0.00142928,0.0167599,0.00365682,0.00358027,-0.000943248,0.00193144,-0.000504758,-0.00812687,-0.00984324,0.0717089,-0.000280421,0.000543213,-0.0522314,0.00575469,0.00166261,-0.013683,-0.00557108,0.000152018],[0.00683475,-0.0056503,0.0173651,-0.00161315,0.0273207,0.00989976,-0.000315728,0.00128062,0.0002179,-0.000140424,0.0105723,-0.0262675,0.0623158,-0.00125138,-0.000370811,-0.0201044,-0.0147549,-0.000433592,0.0332063,0.00243008,-0.00202495],[-0.00149194,0.00303335,-0.00330012,0.00463216,-0.016002,-0.0073615,0.00333423,0.000776151,-0.000511739,-0.00121362,-0.00410159,0.0104989,-0.0338026,-0.000915784,-0.000425057,-0.00817104,0.00090773,-0.000458887,-0.00350884,-0.00445431,2.15852e-05],[-0.00697796,-0.00753307,-0.0119568,0.000394255,0.00916703,-0.00379006,0.0050396,-0.000711414,-0.000745482,-0.0021942,-0.0284845,0.00136006,-0.0420604,-0.000962171,0.00221285,-0.0572173,0.0153788,0.00055899,-0.0271788,-0.00589618,-0.00109533],[-0.00346517,-0.012654,-0.00304685,0.00986048,0.0118229,-0.0331647,-0.0120391,-0.000918306,-0.00253619,-0.00405531,0.0726135,-0.0299912,-0.127473,-0.000345985,-0.00302561,0.0365326,-0.0215535,-0.000916453,0.0519045,-0.0245366,-0.003161],[-0.0152952,0.0133939,0.0754501,0.00419982,-0.0736673,0.0873713,-0.0270696,0.0335671,-0.00409747,-0.00279285,-0.0309253,0.189088,0.0616645,-0.00607683,-0.00749185,0.919391,-0.0972706,-0.00726314,0.00700613,0.00837423,-0.00691669],[-0.0133653,-0.0186329,-0.0163642,-0.00499169,0.0132055,-0.0185135,-0.00656752,-0.000905848,-0.003243,-0.00329115,0.0114008,0.0149152,-0.299743,0.00110085,0.00421763,-0.136775,0.0422873,-0.000349724,-0.0541475,-0.0224461,-0.00433086],[-0.00827469,-0.0045903,0.000678819,0.000127218,0.00457844,0.0146215,0.000360509,-0.000316067,0.00355672,-0.000793531,-0.065556,0.0069112,-0.068094,-0.00211272,-0.000514532,-0.0794032,0.0279429,0.00234094,-0.0335952,-0.00492017,-9.66981e-05],[-0.00090636,1.72585e-05,-0.00177582,-0.000869313,-0.000569705,0.00174745,0.000848572,-0.00129176,0.000387802,7.88216e-05,0.0303342,0.000444809,0.0153957,-8.31748e-06,-0.000109479,0.0387136,0.0172108,0.000238653,0.000545753,0.00351013,0.000384015],[-0.000938666,-0.000536592,-0.00156853,-8.84093e-06,-0.00294003,-0.00106955,-0.000264616,-0.000214782,-0.000313018,-0.000124728,0.000543719,0.0199344,0.0308711,-0.000108609,0.000171941,-0.0167465,-0.0012853,-0.000204767,-0.00417554,5.3979e-05,-0.000202419],[-0.00019281,-0.00023559,-5.70969e-05,-0.000233644,0.000439005,-3.65814e-05,-0.000158978,3.73491e-05,1.27649e-05,8.89014e-06,-0.0011699,0.00238972,0.0180701,2.41462e-05,4.84064e-05,-0.00238572,0.00140997,8.03862e-06,-0.000350677,0.000150861,4.22156e-05],[-0.00179163,-0.00303136,0.0108224,-0.0169007,0.0394484,0.0145761,-0.00898969,-0.000356427,0.00467584,0.00164135,-0.037457,-0.017591,-0.12665,-0.000382398,6.15096e-05,-0.0175206,0.0317266,0.00238637,-0.0455828,0.00922286,0.0017236],[-0.00268961,0.00617671,-0.00751992,-0.00335181,-0.0201891,-0.00770193,-0.00275218,0.00361082,0.00300371,0.00135159,-0.0354285,-0.012506,0.0158907,0.000732119,-0.00302994,-0.0216833,0.020474,0.00241799,-0.025517,-0.000916389,0.000819272],[-0.000387992,-0.000395067,-0.00012357,-0.000119532,0.000839673,0.000550598,0.000157082,-0.000161125,1.57039e-05,-5.4368e-05,0.00221103,-0.00659286,-0.025083,-7.78353e-05,9.06653e-05,0.0228623,0.00242802,-1.98945e-05,-0.00337536,-0.000125307,8.04607e-05],[0.000355893,-0.00063466,0.00517972,0.000749936,-0.000973339,0.00437878,2.00585e-06,0.00226809,-0.000332476,1.87788e-05,0.0150332,-0.00436101,0.0744367,-0.000158437,-0.000176609,0.00066513,0.0607336,-0.00027806,-0.00647523,0.00257449,-0.000495008],[-0.022249,-0.0176792,-0.0382483,-0.0148199,0.0177194,-0.0309783,-0.0059253,0.00370092,-0.00486382,-0.00541361,-0.0954417,-0.0297842,-0.478143,0.000599941,0.00353047,-0.0639086,-0.00328408,-0.000692184,-0.0806902,-0.0348821,-0.00417233],[0.000927825,0.000166798,0.00263328,0.00121828,-0.000101604,-0.00197071,-0.00408906,-0.000887,-0.00072873,0.000273734,0.00384328,0.00294934,0.0513248,0.000515424,0.000504371,-0.00342811,-5.2795e-05,-0.000147564,0.00163925,0.00408737,-7.28668e-05],[-0.00390078,-0.00195541,0.0151217,-0.00425689,0.0162554,0.0202222,0.00886395,-0.0030193,0.000539873,0.00301943,-0.0604343,-0.0172451,0.202471,-0.000197644,0.00291655,-0.122729,-0.00977378,0.000178526,-0.0047296,-0.00323641,0.00425976],[-0.0353838,-0.0597683,-0.0216449,-0.0483924,0.0467703,-0.110264,-0.0195737,0.0197132,-0.0158131,-0.0103422,-0.54253,-0.418646,-0.721978,-0.00335275,0.00769739,-0.0387425,0.161169,-0.00701618,-0.166578,-0.121834,0.00487868]],"sigmahat":[[0.676785,0.6301,1.09785,0.348556,-0.172137,-0.0308935,0.164947,0.0147279,0.00571249,0.0349186,2.51556,0.191205,0.462495,0.0205179,-0.0286911,2.3424,0.89438,-0.0402654,1.25436,0.172045,-0.0419763],[0.6301,1.15146,1.20526,0.59231,-1.67955,-0.136141,0.334379,0.0162898,0.0244642,0.0303992,3.16729,0.570691,3.20775,-0.000468348,-0.045776,3.51052,1.05937,-0.0303667,1.79047,0.295157,-0.0126994],[1.09785,1.20526,5.75552,0.922063,-1.50217,2.57422,0.410254,-0.184973,0.122567,0.149861,4.3704,0.848973,9.59373,0.0260781,-0.0873186,8.38374,0.884796,-0.0458438,2.7687,0.81436,0.145395],[0.348556,0.59231,0.922063,1.38689,-2.1048,-0.382344,0.454179,-0.0912967,-0.120932,-0.030044,6.03918,-0.983868,0.515199,-0.0517455,-0.0450885,5.12306,3.29888,-0.0951942,0.552595,0.181967,-0.174251],[-0.172137,-1.67955,-1.50217,-2.1048,9.25709,1.44689,-1.00942,-0.0430265,0.256897,0.096861,-8.62444,1.24445,-4.94961,0.103835,0.116952,-6.53624,-3.49901,0.204709,-2.68358,-0.363237,0.351677],[-0.0308935,-0.136141,2.57422,-0.382344,1.44689,5.83658,-0.0674978,-0.381607,0.486717,0.257982,-0.608702,2.25156,20.4791,0.0430888,-0.122185,9.51891,-1.03403,0.218075,-0.244173,1.46003,0.54253],[0.164947,0.334379,0.410254,0.454179,-1.00942,-0.0674978,0.710356,-0.0697115,0.042348,-0.0180331,1.50566,-1.33624,1.20208,-0.0262385,0.0468787,-0.105269,2.20524,0.0425242,-0.498423,-0.0896518,0.0232256],[0.0147279,0.0162898,-0.184973,-0.0912967,-0.0430265,-0.381607,-0.0697115,0.907723,-0.0919719,-0.0376549,-15.1642,2.9748,-4.03113,-0.0131153,-0.00169178,-13.496,-6.69687,-0.0413074,0.392599,-0.472138,-0.0239251],[0.00571249,0.0244642,0.122567,-0.120932,0.256897,0.486717,0.042348,-0.0919719,0.141653,0.0449345,-0.151162,0.47416,4.06279,0.0184271,-0.00338369,1.43918,0.149812,0.0868592,-0.0126312,0.127378,0.18589],[0.0349186,0.0303992,0.149861,-0.030044,0.096861,0.257982,-0.0180331,-0.0376549,0.0449345,0.0602389,0.352028,0.0855448,2.6063,0.037433,0.0102162,1.26453,0.240361,0.0207758,0.0706118,0.120218,0.0677709],[2.51556,3.16729,4.3704,6.03918,-8.62444,-0.608702,1.50566,-15.1642,-0.151162,0.352028,1139.62,-136.913,768.271,0.229992,-0.7092,1149.55,1039.25,-0.383771,-32.6369,11.6674,-14.7586],[0.191205,0.570691,0.848973,-0.983868,1.24445,2.25156,-1.33624,2.9748,0.47416,0.0855448,-136.913,77.4814,52.2596,0.155829,-0.277464,-162.693,-116.398,0.171547,10.4262,0.962558,2.10164],[0.462495,3.20775,9.59373,0.515199,-4.94961,20.4791,1.20208,-4.03113,4.06279,2.6063,768.271,52.2596,1815.52,1.52337,-0.802307,749.251,934.976,2.26954,-20.2154,24.8181,-3.21481],[0.0205179,-0.000468348,0.0260781,-0.0517455,0.103835,0.0430888,-0.0262385,-0.0131153,0.0184271,0.037433,0.229992,0.155829,1.52337,0.0510434,0.0245151,1.216,0.360396,0.00573824,0.140461,0.0381836,0.0460852],[-0.0286911,-0.045776,-0.0873186,-0.0450885,0.116952,-0.122185,0.0468787,-0.00169178,-0.00338369,0.0102162,-0.7092,-0.277464,-0.802307,0.0245151,0.0662874,-1.22233,0.214991,0.0100415,-0.24149,-0.0919497,0.026766],[2.3424,3.51052,8.38374,5.12306,-6.53624,9.51891,-0.105269,-13.496,1.43918,1.26453,1149.55,-162.693,749.251,1.216,-1.22233,1449.46,1083.97,0.440158,-31.653,12.3453,-7.24781],[0.89438,1.05937,0.884796,3.29888,-3.49901,-1.03403,2.20524,-6.69687,0.149812,0.240361,1039.25,-116.398,934.976,0.360396,0.214991,1083.97,1112.39,0.336872,-45.2751,7.17423,-12.6162],[-0.0402654,-0.0303667,-0.0458438,-0.0951942,0.204709,0.218075,0.0425242,-0.0413074,0.0868592,0.0207758,-0.383771,0.171547,2.26954,0.00573824,0.0100415,0.440158,0.336872,0.0714288,-0.245688,0.0079508,0.127036],[1.25436,1.79047,2.7687,0.552595,-2.68358,-0.244173,-0.498423,0.392599,-0.0126312,0.0706118,-32.6369,10.4262,-20.2154,0.140461,-0.24149,-31.653,-45.2751,-0.245688,14.1836,0.0557656,0.44956],[0.172045,0.295157,0.81436,0.181967,-0.363237,1.46003,-0.0896518,-0.472138,0.127378,0.120218,11.6674,0.962558,24.8181,0.0381836,-0.0919497,12.3453,7.17423,0.0079508,0.0557656,2.51656,0.0687304],[-0.0419763,-0.0126994,0.145395,-0.174251,0.351677,0.54253,0.0232256,-0.0239251,0.18589,0.0677709,-14.7586,2.10164,-3.21481,0.0460852,0.026766,-7.24781,-12.6162,0.127036,0.44956,0.0687304,0.834738]],"n":21,"lags":3}