{"betahat":[[12.6863,7.03858,29.7132,10.3814,6.35906,-2.70107,-4.61401,-0.0611854,1.01605,1.4719,28.7391,20.7255,-88.41,-0.103633,0.872466,-13.8133,24.8105,1.75059,0.588242,-12.9988,13.4133,1.20887,-5.74322,-0.595604,-0.354575],[0.863625,-0.0599943,-0.488169,-0.254506,0.3931,-0.129867,0.0185234,-0.0325002,0.00515819,-0.0399162,0.160334,-0.20355,-1.18138,-0.0494538,-0.00980045,-1.14159,0.00103146,-0.0700665,-0.002502,-0.00869255,-0.0406518,-0.0102908,-0.125628,-0.172293,-0.0181387],[-0.050603,0.755421,-0.0352491,0.00865661,-0.106278,0.170878,-0.0406216,0.00687805,-0.0177114,0.0131615,-0.206905,0.0108191,0.0783253,0.0465155,0.038554,-0.340865,-0.00819204,-0.0115058,-0.011632,-0.381782,0.0940013,-0.0143985,-0.185719,0.00396842,-0.00579745],[-0.0637202,8.58048e-05,0.767009,-0.0359671,-0.0868763,0.0838279,-0.0168301,-0.00293811,0.0175322,0.0150432,0.0309687,0.178511,0.971855,0.00883998,-0.00278258,0.435292,0.000248034,0.0157586,-0.00299019,-0.111377,-0.122489,0.0107067,0.137805,0.0150072,0.0162509],[-0.0651933,-0.0883306,-0.13091,0.796915,0.0321457,0.122457,-0.00575539,-0.00738195,-0.0559831,-0.022742,-0.157625,0.103587,0.353004,0.0018845,0.0228783,0.242986,-0.00776325,0.0304051,0.00267751,0.0943681,-0.125335,-0.0354686,-0.464455,0.14393,-0.0169663],[-0.0157325,0.0387662,0.1343,-0.0392421,0.602735,0.156575,-0.00554669,0.0120062,0.0170535,0.00419838,0.00425471,0.0471346,-0.00955376,-0.00264581,-0.00886846,0.103779,0.00323158,-0.0209283,0.0100905,0.0642748,-0.0129707,0.00392272,0.0972327,0.0244979,0.00822218],[0.032526,0.0557994,0.118001,0.0446314,-0.174163,0.702455,0.0474948,-0.0132559,-0.00558783,0.00703539,-0.0951223,0.148361,0.62577,0.0265886,0.0187319,0.0844949,-0.000307375,-0.0190517,-0.00159313,-0.0245674,0.00820945,-0.000666583,0.0757166,0.104133,0.00105983],[0.0790546,0.115618,-0.147001,0.0640623,0.411839,-0.405205,0.954036,0.00751855,-0.086432,-0.10764,0.105921,0.201871,-6.09699,-0.125727,0.00147458,-2.14815,-0.0067315,0.00113863,0.00362356,-0.223889,-0.112241,-0.0157503,-0.192879,-0.24047,-0.0677811],[-0.00316763,-0.21767,-1.72318,-0.517723,-0.0988098,-1.34678,0.200947,0.496183,-0.0359419,-0.111984,-1.15352,0.314669,-2.67222,0.0333999,0.103354,-0.970406,0.0162666,0.137204,-0.0168711,-1.72417,-0.108255,-0.0657239,-0.934643,0.045833,-0.0976903],[-0.397097,-0.210675,0.0508766,-0.319191,-0.951038,0.970729,0.417808,-0.093328,1.10323,0.0716808,0.583539,-0.743237,3.46067,0.0304153,-0.00291822,3.29482,0.0357352,0.0296826,-0.0801542,-0.00211924,0.103929,0.181716,-0.501861,0.146779,0.147748],[0.057607,0.250881,1.17239,-0.230765,0.957935,1.70694,-0.102322,0.122739,0.287497,0.995337,-0.471274,-0.316291,2.85329,-0.107425,-0.166829,0.809146,0.057834,0.170643,-0.00406936,0.900691,-0.321557,0.178653,-0.663274,0.355176,0.0387632],[0.085931,0.120316,0.294148,0.0277437,0.0430684,-0.00805784,-0.0233978,-0.00345732,0.0121155,-0.00914746,1.18117,0.0554567,-0.483902,-0.0262485,-0.0284947,0.23322,0.000915611,0.0390074,0.00634825,0.0837329,-0.0255257,-0.00768127,-0.00744735,-0.0184145,-0.00633735],[0.00409716,0.00766998,0.018961,0.000507951,0.172151,0.0414361,-0.0262685,0.00315076,0.0183411,-0.00324032,-0.0303275,1.10309,1.06588,0.00437208,-0.00332874,0.138945,-0.00351068,-0.00267301,-0.00369315,-0.128745,-0.00493036,0.0100304,0.150197,0.0433117,0.00895328],[-0.000866869,0.00871763,-0.000656785,-0.00207458,-0.0284022,-0.00345499,0.00287691,0.002572,0.000198278,0.00106267,-0.00614972,-0.0123745,0.852834,-0.000550866,0.000393225,-0.0214804,-0.00117184,-0.000933949,0.00208597,-0.000890203,0.0101027,-0.000332354,0.0304608,0.00593042,0.000201773],[0.585354,0.77574,1.03986,-0.0415074,0.033559,-0.38713,0.0800481,-0.063452,0.00469692,0.136918,0.22632,0.361747,-3.83867,1.05492,0.14774,1.45736,0.106825,0.247568,0.0346007,-0.33771,-1.33979,0.0120638,2.48418,-0.697719,0.0988804],[-0.226934,-0.659869,-1.40504,-0.160956,0.60857,-1.53608,-0.212856,-0.0229106,-0.115668,-0.227331,-0.692053,0.0462286,-0.144053,-0.0445768,0.770778,-1.89289,-0.0169632,-0.0569794,-0.0200877,0.326569,0.500314,-0.0849333,-0.17485,0.279394,-0.0299919],[-6.27716e-06,-0.0227805,-0.0890712,0.0241539,0.0173961,-0.0257779,-0.00931909,-0.00036933,0.000542004,0.00678569,0.0430872,0.00850095,-0.319817,0.00721269,0.00156909,0.927927,-0.000906188,0.00384014,-0.00133796,0.0361087,0.020088,-0.00256596,-0.0207551,-0.00469791,-0.000267323],[0.165968,0.692573,-1.42415,-0.76148,0.47673,-0.0699911,0.36567,0.109239,0.118394,-0.224173,-0.918893,2.07159,0.778864,-0.125726,-0.0776637,2.4353,0.47681,0.500635,-0.0568058,2.79403,-0.0366527,0.016478,2.41101,0.609916,-0.0157167],[-1.1085,-1.11372,-1.4958,-0.0827727,-0.727799,-0.149034,-0.143662,-0.146951,-0.0982683,-0.0559936,0.308294,-2.01086,4.726,-0.0729873,-0.0979707,-0.523983,0.145945,0.696907,-0.178843,-0.983105,0.0716492,0.0321535,-2.39643,-0.350902,-0.015562],[-0.466188,-0.510917,-1.89289,-0.433744,1.26981,-1.12945,-0.284441,0.212586,-0.0502477,0.151731,-0.562935,1.18605,-2.72876,0.0757746,0.0272474,-0.704944,0.0856272,0.0834747,0.796971,0.424121,-0.00940278,0.0173743,-2.86851,-0.30402,-0.0157137],[-0.0484132,-0.0099023,-0.0384887,0.0338503,0.01178,-0.0227229,0.00655473,0.00648576,0.00160821,-0.00399648,-0.0321879,0.116782,-0.235902,-0.00170782,0.00553274,-0.133758,0.0104393,0.0108823,-0.0137823,-0.40997,0.0405634,0.00130368,-0.174467,0.00743464,0.00503405],[-0.024317,0.072686,-0.525434,0.0077669,-0.096974,-0.348523,-0.0221187,-0.019246,0.0203285,0.0316685,-0.0817933,-0.0375185,0.842209,0.0108801,0.00393407,-0.285235,-0.0106537,-0.0166862,0.00136851,-0.00514484,0.837691,0.0207657,0.0317665,-0.0643857,-0.00281975],[-0.0561917,-0.334874,-0.462138,-0.79501,0.367202,-1.07109,0.0273105,0.110635,-0.0499777,-0.137735,0.0662678,-0.0618473,-2.75284,-0.0817905,-0.0980559,-1.48917,0.14825,0.0862283,0.0688437,0.344044,0.0590473,0.997418,-0.256621,-0.447839,0.0331846],[0.0169188,-0.0137344,0.0334995,-0.000350277,0.340325,0.0680456,-0.00793897,-0.0172984,0.00865611,0.0114106,-0.0367599,-0.122033,0.488004,0.00463749,-0.0121987,0.251248,0.00878037,0.033933,0.0189319,-0.131154,0.0989255,0.0160171,0.36866,-0.0424207,0.00663449],[-0.0313887,-0.128527,0.237615,-0.181016,0.238307,-0.130251,0.186308,-0.0398502,0.0276044,-0.0514399,-0.46059,-0.857043,1.15138,-0.0504904,-0.0271809,-0.462225,0.0126516,0.000900699,-0.0130306,0.191486,-0.0138555,0.00823692,-1.08307,0.269162,0.0730687],[-0.0138495,0.187904,-2.03993,1.01639,-0.589872,-0.75608,-0.0376038,-0.0747022,-0.0804064,-0.15001,0.445944,0.843338,3.31619,-0.180647,-0.0406987,0.0868823,-0.0919199,-0.283075,-0.0167416,-1.01105,0.407915,0.0973551,0.601351,0.414969,0.945585],[0.0630498,-0.0277751,0.508751,0.0797861,-0.194368,0.148119,0.00293612,0.00630183,0.0273773,0.0167061,-0.0577463,0.112322,1.01349,0.0176846,-0.0252462,0.938209,-0.00988698,0.0333391,-0.00479818,0.0186285,-0.0141367,0.0155413,0.0180786,0.117451,0.0182986],[0.060479,0.0745825,0.00688385,0.00948704,0.503473,0.0440025,0.0776703,-0.00490084,0.0348274,0.00900339,0.170681,-0.117378,0.394521,-0.0218092,-0.0301816,0.537097,0.000286548,0.00662005,0.0047287,0.345218,-0.111648,0.020312,0.286811,0.0205611,0.0225572],[0.0184905,0.00721044,0.0725511,0.0210774,-0.0151124,-0.10507,0.0135461,0.00336318,-0.0127403,-0.014032,-0.0267501,-0.0914171,-0.899061,-0.00892345,0.00994864,-0.487421,0.00179274,-0.00365262,0.000645683,0.0794175,0.111904,-0.00574252,-0.0940425,0.00440584,-0.0177867],[0.039547,0.0349496,0.196066,0.0783395,0.0250549,-0.0840301,0.0205288,-0.0202952,0.0215473,0.0204433,0.131845,-0.300122,-0.598,0.0018444,-0.00774884,-0.353173,0.0155259,-0.0206254,-0.00894313,0.106625,0.0481821,0.0197981,0.105592,-0.0725884,0.000878154],[0.022612,-0.00820213,-0.0096448,-0.00929108,0.206908,-0.0216429,0.0099492,-0.0119234,-0.0100653,-0.00124612,-0.00829498,-0.00778499,0.207223,0.00439479,0.00620212,-0.0567116,0.00104831,0.0147465,-0.00880565,0.00519565,-0.00313426,-0.00183802,-0.0475537,0.00400547,-0.00700022],[-0.0372022,-0.0195364,-0.0694736,0.00439039,-0.0226431,0.216827,-0.0144234,0.0142113,-0.00615029,-0.00554661,0.0394452,-0.242972,-0.504908,-0.0255695,-0.00107706,-0.386541,-0.00487216,0.00514202,0.00484573,-0.0477203,-0.00293209,0.000509836,-0.121017,-0.0938129,-0.00880933],[-0.125635,-0.0930295,-0.175856,-0.107547,-0.240929,0.0676435,-0.0703871,0.00614729,0.0535413,0.0781302,-0.142725,0.422988,3.85754,0.100291,0.0246988,1.56955,0.0228421,0.00924822,0.00556115,0.14995,0.0461332,0.00903891,0.0570877,0.193401,0.0495038],[-0.0643093,-0.16924,-0.372044,-0.170546,0.617862,0.540087,0.0182176,0.228057,-0.058496,-0.000659461,0.279613,-0.0601415,-0.283502,-0.025402,0.0306341,-0.588928,-0.0134766,0.0179964,-0.062859,0.96591,0.563289,0.00929187,0.331008,0.114301,0.0632131],[0.04448,-0.0934677,-0.201382,0.239725,0.505883,-0.819915,-0.197253,-0.0401175,-0.178829,-0.0506658,0.0310093,-0.178188,-5.70916,0.0737488,0.139341,-2.65638,-0.00944286,0.0191221,0.0433544,-0.138553,0.234205,-0.195424,0.0318906,-0.237185,-0.074851],[0.21658,-0.223514,-0.0529371,0.0872426,0.214049,0.396916,0.271292,-0.0911517,0.0393073,0.060367,-0.139973,0.32626,5.58753,0.172809,0.150334,-0.266691,-0.0634816,-0.105429,0.00737292,-1.12305,0.924545,-0.0312997,1.10016,0.0970179,-0.0500463],[-0.0647539,-0.0871107,-0.204054,0.00232983,-0.107437,0.0347253,0.0439384,-0.00376474,0.00454879,0.0111603,-0.171818,-0.0266402,1.15309,0.0172184,0.0167523,-0.188912,-0.000855378,-0.011864,-0.0127609,-0.162019,-0.0201418,0.010154,0.104612,0.0294067,0.0103645],[0.00946654,0.00367184,-0.0277228,0.007428,-0.130369,-0.0873269,0.0336051,0.000667094,-0.0189075,0.00611727,-0.0273983,-0.193169,-0.689852,0.00157256,0.00809473,-0.180307,0.0015521,-7.14932e-05,0.00146203,0.102455,-0.00286015,-0.00745143,-0.161582,-0.0181767,-0.00659256],[0.00677467,0.00203433,0.0113141,0.0106844,-0.00342603,0.00568273,-0.00490845,0.000333038,-5.28331e-06,0.000264677,5.45247e-05,0.00108142,0.080672,0.00138953,0.000115392,0.0324683,-0.000467146,-0.00242748,-0.000802462,0.00757058,-0.0178344,-0.000747036,0.0204798,-0.00261288,0.000179008],[-0.234706,-0.391175,0.0124954,0.152977,0.503471,0.578438,-0.337167,-0.133001,0.0546497,-0.130578,-0.299267,0.531384,-3.32224,-0.183572,-0.10641,-1.3912,-0.0993558,-0.0374515,-0.0272426,-1.04137,0.998393,-0.0363367,-0.908934,0.0891109,-0.0362559],[0.152587,0.467594,0.0178781,-0.0955721,0.219397,0.886576,0.215134,0.0374651,0.0526542,0.167052,0.36506,-0.740144,2.29637,-0.0570958,0.0257054,1.5438,0.00921117,0.0874041,0.024517,-0.885457,-0.63472,0.0653722,0.20593,-0.26696,0.0276088],[0.0103551,0.0193785,0.0698684,-0.00856077,-0.00189165,0.0579673,0.00998379,-4.13494e-05,-0.0019361,-0.00319634,-0.034193,0.00820789,0.124937,-0.0106625,0.000912134,-0.0339326,0.000504361,-0.000582384,-0.00114749,-0.0180893,-0.0203329,0.00205304,0.0293919,0.00196681,-0.000734573],[0.68173,0.202541,2.55357,0.257968,1.51563,1.37988,0.0539334,0.0176878,-0.191341,0.299903,-0.346992,-0.636746,1.01866,0.258193,0.131462,-0.817848,-0.132209,-0.286356,0.0659501,0.723362,-0.609901,-0.0793241,0.0560066,-0.104575,-0.0198917],[0.901672,0.724353,0.751569,-0.259798,1.86945,0.321981,0.118114,0.129656,0.155939,0.149949,0.0432679,1.00368,-1.81795,0.170098,0.136587,0.275975,0.0737445,0.00318975,0.125357,2.01695,0.122223,0.00642543,1.11849,0.394954,0.0369065],[-0.29303,-0.918825,0.406454,-0.969961,3.98746,1.89009,-0.545868,-0.24083,0.124391,-0.282827,-0.167339,-1.92757,-6.14957,-0.170445,-0.132999,-0.186897,-0.0627189,-0.214415,0.060917,-0.548639,0.109543,-4.78818e-06,-3.38549,-0.30459,0.031954],[-0.0432734,-0.0406972,-0.031181,-0.0257066,-0.0526186,0.00591149,0.00573138,0.00426639,0.0114945,0.00314832,-0.0611584,-0.0080386,0.0313845,-0.00747435,-0.00615595,0.0552502,0.0133145,0.0180568,-0.000213876,-0.202618,0.0537349,0.0138129,-0.258712,0.0337177,0.00147671],[0.0480281,0.0396877,0.344647,0.0309741,0.0508409,0.0466346,0.0623195,0.0154367,-0.0260026,-0.0398546,-0.00482478,-0.131127,-0.0642658,-0.0211113,-0.011823,0.0525895,-0.00242361,-0.00911798,-0.00767069,-0.0981502,0.0209744,-0.00827783,-0.00117309,0.0471064,0.00545173],[0.149496,0.421799,-0.281489,0.357451,0.0315707,0.600747,0.0326438,-0.0876067,0.0566203,0.121785,0.107985,0.677865,5.32238,0.0746447,0.0241614,1.68229,-0.0172789,0.165892,-0.0453637,-0.351634,-0.985141,-0.0484344,1.28902,0.618836,0.0129264],[-0.0410094,-0.0666829,-0.0148944,-0.00534759,-0.102406,0.0541083,0.0199521,0.00105634,-0.0141938,-0.0108438,-0.0881736,0.00253151,-0.75783,-0.0095717,0.00761495,-0.25674,-0.00282416,-0.0104037,0.0221623,0.0496009,0.0169467,-0.0100041,-0.0407494,0.0259384,-0.00497227],[-0.24343,-0.299268,-0.602734,-0.0318142,0.096631,-0.0763759,0.0158685,-0.0509981,-0.00858878,-0.0228703,-0.229691,-0.472448,-1.51552,-0.0033497,0.0123927,-0.541783,0.0146038,0.0766817,0.00366173,0.485636,0.0126416,0.00188155,-0.567749,-0.0655506,-0.0147959],[0.428233,0.209464,3.74405,-0.242212,-0.378083,0.725701,0.0109985,0.0527492,0.129565,0.112647,-0.783645,-0.0865204,5.31312,0.156519,-0.0173731,1.80254,0.0785854,0.172121,0.039807,-0.484513,0.320339,-0.0568783,1.48499,0.186664,-0.133674],[0.0731179,0.0874766,-0.0213489,0.17478,-0.198358,-0.0183796,-0.0214231,0.0261799,-0.0325412,0.0231394,-0.103008,0.090325,0.170586,0.0317562,0.0349942,0.203868,0.00901107,0.0374427,0.00730904,-0.00936693,0.0542936,-0.00523335,0.107276,0.0549625,-0.000201859],[-0.0104713,0.169427,0.0272955,-0.0177339,-0.396701,-0.214765,-0.0369474,-0.00208503,-0.0171786,-0.0223993,0.0356763,0.105399,-0.471541,-0.0247834,-0.00843873,-0.195617,0.00805298,0.00589298,0.00687644,0.0364565,0.0168741,-0.00588802,-0.10134,-0.024944,-0.0168327],[0.0443547,-0.00813929,0.154599,0.0153835,0.103126,0.0201811,0.00333913,-0.00057566,-0.00472071,-0.00153136,-0.00386325,-0.0882439,-0.0731017,-0.000128321,-0.00749504,0.0517167,-0.00188986,-0.0109435,0.00227431,0.0323005,0.0122621,-0.00488935,-0.0441956,-0.0199702,0.00139795],[0.0252836,0.0530696,-0.0661562,0.123906,-0.05635,-0.0378376,-0.0147462,0.0277567,0.0345827,0.0022615,0.0258449,0.195917,0.255412,-0.00366886,-0.0153144,0.114479,-0.00732071,-0.00783537,0.00632584,-0.198404,0.0760819,0.0156817,0.359063,-0.0708363,0.0160966],[-0.00736335,-0.0300301,-0.124315,0.0489559,0.185673,-0.133974,-0.00443491,-0.000240401,-0.00732719,-0.00346398,0.00330328,-0.03864,-0.198123,-0.00216546,0.00238927,-0.0479361,-0.00451439,0.00578063,-0.00139068,-0.0703531,0.0157948,-0.00226928,-0.0490516,-0.028686,-0.00131287],[0.00426592,-0.0363879,-0.051677,-0.0476876,0.195037,0.0784632,-0.0326485,-0.000996976,0.0114052,-0.00227194,0.0552822,0.0937037,-0.123616,-0.0015132,-0.0179015,0.297254,0.00501818,0.0143684,-0.00340399,0.0708656,-0.00442538,0.000101084,0.0455655,-0.0111335,0.00751786],[0.0446785,-0.0231329,0.319227,0.0441016,-0.174745,0.335598,0.116895,-0.0130082,0.0316661,0.0277473,0.0375062,-0.640943,2.23117,0.0254222,-0.0269491,0.583859,-0.0132385,0.00446413,-0.00867089,0.0796497,0.0587214,0.0061935,0.142292,0.0431686,0.0173898],[-0.0953104,0.385475,1.71304,0.308378,-0.698118,1.00139,-0.11202,0.0637243,-0.0169203,0.0569309,0.709098,-0.501619,0.526735,-0.0163734,-0.080851,1.55109,-0.0178627,-0.000564719,0.0154083,0.197598,-0.855324,-0.0772824,0.824058,-0.336359,0.0361398],[0.0558126,0.162956,-0.227382,0.0554652,-0.417214,-0.123271,-0.0994897,0.0464544,-0.0832078,0.0200209,0.1033,0.183947,-1.62238,-0.00232414,-0.0101349,-0.147017,-0.0350017,-0.0676672,0.00770803,0.058082,0.25668,-0.0690226,0.241561,-0.0705174,-0.0208191],[-0.0469134,0.0877765,-0.651318,0.245954,-0.246219,-1.09559,-0.0306653,0.0516392,-0.128129,-0.095533,0.0685933,1.24482,-3.33972,-0.0522683,0.0521209,-1.51541,0.00452055,-0.0164124,0.00782157,-0.0153771,-0.377085,-0.00985407,0.154559,-0.233109,-0.00357264],[-0.0284173,-0.0361092,-0.102376,-0.031575,0.0571349,-0.0152495,-0.0209778,0.00563663,-0.0155477,-0.00143788,-0.029598,0.0038423,-0.5677,0.00960525,0.0110553,-0.00694601,0.00021174,-0.0260177,0.00550028,0.0733675,0.0509319,-0.00191113,-0.0943109,-0.00731543,-0.00295849],[-0.0136376,-0.0105084,0.00907747,-0.00984277,-0.050187,0.0408143,-0.00620608,-0.00413382,0.00149009,-0.0015179,0.0507336,0.0786397,-0.324375,-0.0045983,-0.00312667,0.0294298,0.00082908,-0.00299011,0.00250319,0.0170273,0.00977175,-0.00217979,0.0152834,-0.0210965,-0.00153426],[-0.00733405,-0.0119652,-0.0101776,-0.00553268,0.0267899,-0.0124286,0.00107421,-0.000941167,0.000871683,-0.000970054,0.00331277,0.00679796,-0.0349302,-0.00130921,-0.00122324,0.0094585,0.000367716,0.000434275,-0.000908175,-0.00889236,0.00633025,0.00145111,-0.0376664,-0.00226789,-5.60576e-05],[-0.337882,-0.384578,-0.553382,-0.0666222,-0.247336,-0.145115,0.0721697,0.11556,0.0240854,-0.0502393,-0.287791,-0.256805,2.08838,-0.0173895,-0.101868,1.03475,-0.00620902,0.081827,-0.0592577,1.95513,0.273057,-0.0417251,-1.4226,0.491143,0.0381941],[-0.180655,0.0790144,-0.135077,0.250193,-1.34918,-0.218041,-0.0781998,0.0567266,-0.0780025,0.0172275,0.135966,-0.239713,-0.0866934,0.011569,-0.0123736,-0.526424,0.0289408,0.0339528,0.0270023,0.320968,-0.655076,0.00405586,0.0238617,-0.0312163,-0.0411325],[-0.00613623,0.00240177,0.0123755,-0.011627,-0.00673675,-0.0301308,0.00864478,0.000614027,0.00128251,-0.00437491,-0.0148679,-0.0526531,0.132793,0.00301575,-0.000529615,0.0466881,0.000487191,0.00266546,0.00233152,-0.0126986,0.0121302,2.72021e-05,-0.0115616,0.00199022,0.000611868],[-0.839748,-0.886264,-1.06038,0.465162,-1.95946,-1.25965,-0.404425,-0.125231,0.0835078,-0.0584882,1.26114,-1.41127,-1.58129,-0.110055,-0.0457475,-1.39281,-0.310896,-0.127858,-7.70681e-05,-3.3957,0.650487,0.0658635,-2.38458,-0.489338,0.0373509],[0.223664,0.426114,0.927456,0.222147,-1.14414,-0.0182921,0.0414492,0.0298349,-0.0294605,-0.0287284,-0.311034,1.03266,-1.5406,-0.0127485,-0.00741206,1.05535,-0.0931569,-0.285532,0.0813933,-0.54877,-0.209406,-0.0412622,1.53634,0.0412922,-0.0133177],[0.315756,0.805772,0.734726,0.488782,-2.52404,-0.456572,0.186615,0.0628606,-0.159215,-0.106406,0.937085,-0.346081,4.89197,-0.0702548,-0.0622503,0.880248,-0.0799812,-0.530561,-0.0669837,1.31853,0.00842501,-0.00725201,2.68091,-0.182711,-0.0193528],[-0.0190798,-0.0475781,-0.0169427,0.00341373,0.211774,0.0109303,-0.024202,-0.0152425,0.00331502,-0.000474158,0.00260108,0.0912067,-0.453261,-0.00579315,-0.00360814,0.000472529,0.00785539,0.0233196,-0.00244568,-0.182396,0.0150969,0.000560509,-0.0688043,-0.0217991,-0.00509748],[-0.0261656,-0.112702,0.178424,-0.0379083,0.0429385,0.308922,-0.0386445,0.00380786,0.00458108,0.00831824,0.0785591,0.16903,-0.718374,0.00913762,0.00765233,0.22778,0.012298,0.0254564,0.00555874,0.103778,0.130026,-0.0126044,-0.0347401,0.01965,-0.00213634],[-0.253227,-0.0320794,0.442865,0.00613379,-0.929471,0.146112,-0.0394793,0.0527102,-0.0769635,0.00453339,-0.254096,-0.00659823,0.119906,-0.00790238,0.038297,0.312397,-0.0559064,-0.0616809,-0.0151923,0.132086,0.123631,-0.0162597,-0.563518,-0.0491192,-0.0213722],[0.0348812,0.0551738,0.0459606,0.0124051,0.0448284,0.00626479,0.0111872,-0.00883651,0.00610017,-0.00373402,-0.0293894,-0.104152,-0.12107,-0.00200326,0.00473619,-0.176503,-0.00172642,-0.00246956,0.00747466,-0.0860617,0.056982,0.00122593,0.0584905,0.0174611,-0.000675695],[-0.0187349,0.0540446,0.223735,-0.117457,-0.145595,-0.0467268,-0.0520578,-0.00361602,-0.0169612,0.0277083,0.0103745,-0.035961,-0.409138,-0.0062953,0.0160306,-0.620199,0.0145771,0.0488533,-0.0165256,-0.129634,-0.130506,-0.00891505,-0.179061,-0.0613498,0.00936783],[-0.0360196,-0.403147,-0.824441,-0.397819,1.32177,0.06228,0.132726,0.0634159,-0.0215999,0.0871409,-0.270661,-1.20163,-4.39593,0.00381284,0.0715458,-1.96701,-0.00161649,0.0179934,0.0105144,0.757744,-0.504367,-0.0066727,-1.62845,-0.341628,-0.0360735]],"sigmahat":[[0.426194,0.264067,0.776674,0.0910186,0.258358,0.0720773,0.103575,0.0181235,0.00553989,0.012337,0.144207,-0.186524,-0.166964,0.0094589,0.0189025,-0.282499,-0.00247872,-0.0162582,0.013678,0.0826891,-0.0317189,-0.00463762,0.635126,0.0387233,0.00312767],[0.264067,0.500704,0.568169,0.0578854,-0.510996,-0.0136859,0.0684714,0.0131052,0.0049517,-0.000777735,0.0861168,0.0902283,0.886669,-0.0126187,0.00314561,-0.077417,0.00711076,-0.0229498,0.0214913,-0.00262253,-0.209464,-0.000501025,0.968821,0.0303662,0.00251909],[0.776674,0.568169,3.97576,0.20061,-0.28131,1.21847,0.24432,0.00539818,0.00913522,0.0291636,-0.00540909,-0.305959,1.09848,-0.00135701,0.00375863,0.834138,0.00722651,-0.0272952,0.0312914,0.136787,-0.294589,-0.0267825,1.68735,-0.013451,0.0110521],[0.0910186,0.0578854,0.20061,0.453714,-0.103163,-0.0194053,0.0478095,-0.0116804,-0.0247846,-0.0160134,-0.0201828,-0.0631215,-0.588171,-0.0276846,-0.0103233,-0.235361,-0.0297145,-0.0377503,0.00129842,-0.226207,0.0310343,-0.00413768,0.307132,-0.0164555,-0.0252079],[0.258358,-0.510996,-0.28131,-0.103163,4.61211,0.598956,-0.0225649,-0.00152407,0.0638213,0.020799,0.423174,-0.726772,-4.62481,-0.00624514,0.00866107,-0.400358,0.00763445,0.07469,-0.0357054,0.555741,0.34379,0.0208974,-1.53201,-0.093652,0.0142576],[0.0720773,-0.0136859,1.21847,-0.0194053,0.598956,3.00997,0.0053787,-0.0291482,0.116199,0.0667625,0.0929245,1.00092,4.60345,-0.0127844,-0.106367,3.1375,-0.0087088,0.00118132,-0.0194108,0.455649,-0.060207,0.0160241,0.677975,0.244326,0.0756784],[0.103575,0.0684714,0.24432,0.0478095,-0.0225649,0.0053787,0.18232,-0.00103676,0.0103891,0.0231888,-0.0568552,-0.331996,0.939926,0.0152039,0.0232214,-0.246568,0.00441155,-0.00555093,0.00714791,0.120135,-0.0310109,0.00914364,0.263071,0.0604461,0.00533516],[0.0181235,0.0131052,0.00539818,-0.0116804,-0.00152407,-0.0291482,-0.00103676,0.0270363,-0.00462299,0.00193648,0.0255336,0.0108652,-0.164973,0.00121694,0.00432794,-0.0559657,0.000425966,0.000499011,0.00188275,0.0744964,-0.0163981,-0.000785674,0.0350652,-0.00208695,0.0013388],[0.00553989,0.0049517,0.00913522,-0.0247846,0.0638213,0.116199,0.0103891,-0.00462299,0.0447891,0.0174535,0.00449284,0.126856,0.857767,0.00923736,-0.00965452,0.316307,0.00661306,0.0116675,0.00425275,-0.0163273,0.0217942,0.0164025,0.10775,0.0502714,0.0140673],[0.012337,-0.000777735,0.0291636,-0.0160134,0.020799,0.0667625,0.0231888,0.00193648,0.0174535,0.0469711,-0.0287905,0.0175367,0.788934,0.02997,0.0225122,0.159868,0.00761306,0.00997756,0.00394149,0.0162103,-0.0119168,0.00768742,0.0525346,0.0540018,0.0133571],[0.144207,0.0861168,-0.00540909,-0.0201828,0.423174,0.0929245,-0.0568552,0.0255336,0.00449284,-0.0287905,0.99216,-0.197354,-1.10902,-0.0440216,-0.0630864,0.152997,-0.013547,-0.00477478,-0.0161923,0.222037,-0.0189936,-0.00736905,-0.140302,-0.124986,0.00299124],[-0.186524,0.0902283,-0.305959,-0.0631215,-0.726772,1.00092,-0.331996,0.0108652,0.126856,0.0175367,-0.197354,6.10732,6.82252,-0.0354295,-0.154096,3.94391,-0.00929678,-0.0130748,-0.0415919,-0.245613,0.266839,0.0185677,0.887955,0.399444,0.0669413],[-0.166964,0.886669,1.09848,-0.588171,-4.62481,4.60345,0.939926,-0.164973,0.857767,0.788934,-1.10902,6.82252,91.6584,0.627895,-0.346618,18.1908,0.177423,0.331984,-0.159081,1.75339,-1.09941,0.383367,5.03713,3.39438,0.424694],[0.0094589,-0.0126187,-0.00135701,-0.0276846,-0.00624514,-0.0127844,0.0152039,0.00121694,0.00923736,0.02997,-0.0440216,-0.0354295,0.627895,0.0455359,0.0283153,0.203836,0.0095095,0.0135105,0.00558861,0.00961554,0.0378698,0.00231624,0.0780799,0.0473584,0.00837073],[0.0189025,0.00314561,0.00375863,-0.0103233,0.00866107,-0.106367,0.0232214,0.00432794,-0.00965452,0.0225122,-0.0630864,-0.154096,-0.346618,0.0283153,0.0583686,-0.458232,0.00521843,0.00207641,0.00700366,-0.0345405,0.0201934,0.000624466,-0.00587538,0.00167926,-0.00063594],[-0.282499,-0.077417,0.834138,-0.235361,-0.400358,3.1375,-0.246568,-0.0559657,0.316307,0.159868,0.152997,3.94391,18.1908,0.203836,-0.458232,15.714,0.0289845,0.118557,-0.0433927,0.955424,0.0067461,0.0504261,1.85095,0.903284,0.190421],[-0.00247872,0.00711076,0.00722651,-0.0297145,0.00763445,-0.0087088,0.00441155,0.000425966,0.00661306,0.00761306,-0.013547,-0.00929678,0.177423,0.0095095,0.00521843,0.0289845,0.0176482,0.0333475,0.00310287,0.0553602,-0.0104044,0.00365646,0.0372355,0.00622889,0.000925285],[-0.0162582,-0.0229498,-0.0272952,-0.0377503,0.07469,0.00118132,-0.00555093,0.000499011,0.0116675,0.00997756,-0.00477478,-0.0130748,0.331984,0.0135105,0.00207641,0.118557,0.0333475,0.126704,0.00153645,0.0947037,-0.0194136,0.00159502,-0.0258804,0.0139253,-0.0010459],[0.013678,0.0214913,0.0312914,0.00129842,-0.0357054,-0.0194108,0.00714791,0.00188275,0.00425275,0.00394149,-0.0161923,-0.0415919,-0.159081,0.00558861,0.00700366,-0.0433927,0.00310287,0.00153645,0.015284,-0.0320969,-0.00470819,0.00137334,0.0826963,0.0102406,-0.000430032],[0.0826891,-0.00262253,0.136787,-0.226207,0.555741,0.455649,0.120135,0.0744964,-0.0163273,0.0162103,0.222037,-0.245613,1.75339,0.00961554,-0.0345405,0.955424,0.0553602,0.0947037,-0.0320969,3.61551,-0.0480567,-0.0350401,-0.223155,0.199969,0.013717],[-0.0317189,-0.209464,-0.294589,0.0310343,0.34379,-0.060207,-0.0310109,-0.0163981,0.0217942,-0.0119168,-0.0189936,0.266839,-1.09941,0.0378698,0.0201934,0.0067461,-0.0104044,-0.0194136,-0.00470819,-0.0480567,1.07555,0.00567987,-0.495286,0.0468232,0.00219243],[-0.00463762,-0.000501025,-0.0267825,-0.00413768,0.0208974,0.0160241,0.00914364,-0.000785674,0.0164025,0.00768742,-0.00736905,0.0185677,0.383367,0.00231624,0.000624466,0.0504261,0.00365646,0.00159502,0.00137334,-0.0350401,0.00567987,0.0157661,0.0262488,0.0117652,0.00500378],[0.635126,0.968821,1.68735,0.307132,-1.53201,0.677975,0.263071,0.0350652,0.10775,0.0525346,-0.140302,0.887955,5.03713,0.0780799,-0.00587538,1.85095,0.0372355,-0.0258804,0.0826963,-0.223155,-0.495286,0.0262488,4.84611,0.243983,0.046289],[0.0387233,0.0303662,-0.013451,-0.0164555,-0.093652,0.244326,0.0604461,-0.00208695,0.0502714,0.0540018,-0.124986,0.399444,3.39438,0.0473584,0.00167926,0.903284,0.00622889,0.0139253,0.0102406,0.199969,0.0468232,0.0117652,0.243983,0.391041,0.0226145],[0.00312767,0.00251909,0.0110521,-0.0252079,0.0142576,0.0756784,0.00533516,0.0013388,0.0140673,0.0133571,0.00299124,0.0669413,0.424694,0.00837073,-0.00063594,0.190421,0.000925285,-0.0010459,-0.000430032,0.013717,0.00219243,0.00500378,0.046289,0.0226145,0.0170991]],"n":25,"lags":3,"seasonalRows":0}