{"betahat":[[12.7378,6.28573,27.181,9.40415,3.85856,-9.3137,-4.75157,0.0278974,1.21443,1.47595,27.016,20.622,-91.8654,0.453409,1.39076,-20.4971,25.1812,2.2956,0.301876,-13.6592,13.8835,1.15711,-6.56478,0.191282,-0.4364],[0.842384,-0.0614977,-0.576358,-0.275482,0.391397,-0.179304,0.0204177,-0.0319164,0.00200414,-0.0389304,0.18416,-0.22978,-1.12185,-0.0511778,-0.00776954,-1.21485,0.000617257,-0.0726532,-0.00559681,0.0231215,-0.0758608,-0.0106969,-0.245715,-0.127166,-0.0219506],[-0.0486682,0.738726,-0.0149399,0.0146484,-0.0949008,0.207628,-0.0434444,0.00821119,-0.0143609,0.0133205,-0.219997,0.0490347,0.215827,0.0476982,0.0349434,-0.237657,-0.00861366,-0.012068,-0.00910393,-0.368562,0.119963,-0.0138423,-0.179574,0.0409553,0.00124139],[-0.0712785,-0.0131701,0.752099,-0.0344099,-0.0861325,0.106214,-0.0183264,-0.00550998,0.0173545,0.0132612,0.0138377,0.174821,1.01355,0.00849139,-0.00399134,0.507925,-0.00140217,0.0116854,-0.00305847,-0.0926205,-0.110288,0.0106267,0.0761439,0.0472233,0.0176491],[-0.0628377,-0.100853,-0.148592,0.793524,0.0662308,0.110583,0.00276543,-0.00873617,-0.053087,-0.0248464,-0.174633,0.0985295,0.451206,-0.00124372,0.0208982,0.232966,-0.00801494,0.0292972,0.00532859,0.0950894,-0.109831,-0.0351312,-0.745313,0.232531,-0.0154557],[-0.0139935,0.0392421,0.142407,-0.0389545,0.587048,0.172081,-0.00680152,0.0121654,0.017495,0.00434405,0.00232865,0.0644386,-0.0130662,-0.00243983,-0.00954933,0.124843,0.00333092,-0.0211751,0.0105394,0.0604669,-0.0101034,0.00397189,0.0773853,0.0458424,0.00950369],[0.0390625,0.0659168,0.114808,0.045159,-0.172127,0.679888,0.0489798,-0.0109356,-0.00566421,0.00794235,-0.0758821,0.155826,0.623771,0.0279008,0.0206412,0.048914,-0.000465971,-0.0189458,-0.000537638,-0.0445837,0.0120413,-0.000586668,0.0585856,0.0831832,0.0052297],[0.0651305,0.063687,-0.217039,0.0250897,0.538684,-0.498989,0.993379,-0.000277105,-0.0786073,-0.126959,0.00177517,0.0215106,-6.41408,-0.132218,0.00290439,-2.31691,-0.00273239,0.00262354,0.00299637,-0.108689,-0.0559841,-0.011213,-0.625197,-0.115774,-0.0479158],[-0.00835527,-0.217118,-1.55205,-0.485374,-0.101238,-1.19431,0.298385,0.483258,-0.028154,-0.0846198,-1.2932,0.145986,-2.10526,0.0520531,0.121416,-0.7163,0.0117944,0.112423,-0.00247593,-1.65327,-0.211577,-0.0577972,0.51114,-0.498879,-0.102066],[-0.433758,-0.267931,-0.0973058,-0.356008,-0.942028,0.734108,0.422614,-0.0979819,1.11186,0.0653371,0.479648,-0.892039,3.6581,0.051885,0.0167793,3.30851,0.0439701,0.0282878,-0.0771743,0.0762862,0.259223,0.190092,-0.409606,0.0165163,0.148755],[0.114946,0.281075,1.51039,-0.240156,1.1269,1.73203,-0.0667361,0.142386,0.286973,0.988069,-0.487023,-0.427587,2.21111,-0.111757,-0.178971,0.604386,0.0563937,0.16069,0.00311315,0.909119,-0.439104,0.173022,-1.09636,0.494036,-0.00704608],[0.094195,0.139768,0.325319,0.0444761,0.0531251,0.0444456,-0.030189,-0.00156697,0.00919713,-0.00296093,1.22446,0.118754,-0.530753,-0.0255882,-0.0290581,0.278975,-0.000458297,0.0410878,0.00743642,0.0490376,-0.0531406,-0.00711969,0.115399,-0.0463943,-0.0147795],[0.0102248,0.0131758,0.0209244,0.00104384,0.188705,0.0220254,-0.0263988,0.0055892,0.0179992,-0.00187657,-0.0166763,1.10651,1.05624,0.00313592,-0.00313974,0.090632,-0.00363956,-0.00106311,-0.00349702,-0.1349,-0.0213823,0.0108461,0.150937,0.035424,0.00737468],[-0.0028732,0.00658235,-0.00662792,-0.00383905,-0.0333966,-0.0126641,0.00554203,0.00256761,0.000410962,0.000324633,-0.0117374,-0.0215746,0.855063,-0.00135733,0.000769307,-0.0453281,-0.00126513,-0.00122258,0.001805,0.00554775,0.00707053,-0.000533551,0.00135785,0.00979343,0.00159568],[0.587707,0.727214,1.06367,-0.042092,0.123434,-0.492602,0.122073,-0.0581126,0.0118961,0.0885643,0.148176,0.182998,-4.32241,1.02726,0.131485,1.49541,0.111322,0.246299,0.0227836,-0.163134,-1.26665,0.0214185,3.10212,-1.1534,0.0873727],[-0.246506,-0.667186,-1.34696,-0.222372,0.500494,-1.62146,-0.210905,-0.0220716,-0.1205,-0.197747,-0.719794,0.10133,0.527435,-0.029907,0.787729,-2.25473,-0.0135074,-0.0513667,-0.0203617,0.274678,0.42009,-0.0903541,-0.471491,0.557672,0.00592552],[0.00262202,-0.0211021,-0.0725148,0.0190537,0.0123446,-0.0274666,-0.00523073,0.000638886,0.000375309,0.00759889,0.0384117,0.00483324,-0.304651,0.00656792,0.00208639,0.907357,-0.0011658,0.0014838,-0.00139344,0.0382791,0.0130554,-0.00342097,-0.0500987,0.0140993,0.00290912],[0.213334,0.795286,-1.14672,-0.802017,0.346367,-0.0184638,0.506198,0.107508,0.112114,-0.196004,-0.980022,1.81835,2.01141,-0.152596,-0.0502443,2.05236,0.464215,0.447144,-0.0585165,2.89369,-0.440566,0.00786486,1.28926,0.924358,0.0367032],[-1.13155,-1.12625,-1.32537,-0.0455746,-0.821412,-0.107377,-0.134926,-0.148488,-0.10129,-0.0805202,0.231884,-2.04824,4.93753,-0.0945121,-0.126928,-0.531457,0.145372,0.69381,-0.179299,-1.07287,0.0735114,0.0312091,-1.9012,-0.528752,-0.0520315],[-0.588413,-0.543898,-1.97463,-0.530671,1.08022,-1.26906,-0.193744,0.215543,-0.0542939,0.144079,-0.668637,0.736034,-2.30627,0.0228166,0.0143718,-1.46732,0.0837123,0.090585,0.76219,0.510204,-0.316024,0.0215458,-3.54797,-0.479852,0.0394523],[-0.0465216,-0.00917067,-0.043242,0.0296224,0.0110451,-0.054358,0.0031552,0.00751654,0.00144937,-0.00504498,-0.0275413,0.109975,-0.259869,-0.00349529,0.00448046,-0.198405,0.011185,0.0131763,-0.0137617,-0.436111,0.0375706,0.00155148,-0.194019,0.0227825,0.00595639],[-0.00890137,0.102321,-0.470442,0.00297029,-0.152115,-0.340524,-0.0255771,-0.0139356,0.0200273,0.0356416,-0.0510727,0.0228189,0.991108,0.00932231,0.00470809,-0.27287,-0.0137902,-0.0260241,0.000839986,-0.0335718,0.810619,0.0177092,0.230578,-0.143808,-0.00413163],[-0.0676914,-0.362011,-0.498337,-0.681993,0.21876,-1.24337,0.0499111,0.0935995,-0.0589005,-0.206091,-0.00427322,0.0468154,-3.10735,-0.137844,-0.131811,-1.89916,0.133138,0.0327397,0.0695446,0.156244,0.293612,0.999523,-0.562065,-0.239469,0.0653051],[0.0278619,0.00873204,0.0839156,0.00727862,0.302087,0.0702524,-0.00864162,-0.0167557,0.00664159,0.0103661,-0.0208446,-0.0882003,0.423231,0.00446818,-0.0127815,0.234216,0.00927385,0.0328377,0.0176684,-0.170125,0.0801097,0.0142387,0.550137,-0.0756049,0.00291351],[-0.0337749,-0.103443,0.190592,-0.104853,0.417948,0.295933,0.076745,-0.0568823,0.0200623,-0.019218,-0.382882,-0.504169,1.27525,-0.0195574,-0.0273107,0.602513,0.0137168,0.0185344,0.00420467,0.0453298,0.190362,0.0166474,-0.29774,0.159365,0.0317243],[0.0900695,0.240412,-1.77364,0.991905,-0.42282,-0.135371,-0.0756694,-0.0484779,-0.0755232,-0.0427352,0.767921,0.768485,5.10255,-0.173235,-0.0844151,0.27732,-0.0871783,-0.16022,-0.0199166,-0.895081,-0.293569,0.0861903,-0.829348,1.20562,0.896632],[0.0808972,-0.0213693,0.568108,0.112926,-0.163504,0.219452,-0.0154654,0.00375042,0.0300297,0.0157626,-0.0521185,0.191178,1.01523,0.0175524,-0.0315251,1.08763,-0.00991917,0.0380441,-0.00252985,0.00313857,0.0348575,0.0161765,0.18092,0.0961635,0.0162894],[0.0619961,0.0798898,0.00762678,0.0045002,0.495445,0.0298843,0.0848421,-0.00645381,0.0306786,0.00409924,0.165791,-0.161511,0.213578,-0.0258059,-0.0289836,0.399027,0.000427909,0.00724343,0.00286565,0.350193,-0.131317,0.0188752,0.225892,0.0355963,0.0158655],[0.0191065,0.0158336,0.0566824,0.0212754,-0.0198485,-0.126635,0.00760858,0.00502564,-0.0119538,-0.0130924,-0.00834342,-0.0610993,-0.927485,-0.00773887,0.0102415,-0.516267,0.00296345,0.000148887,0.000861947,0.0577302,0.117776,-0.00514516,-0.0418285,-0.00975762,-0.0179897],[0.0459772,0.0474334,0.216193,0.0845876,0.00693621,-0.0863243,0.014215,-0.0179084,0.0205084,0.0203629,0.147689,-0.295629,-0.663714,0.00534367,-0.00790446,-0.346164,0.0172147,-0.0167207,-0.0103571,0.12628,0.0449602,0.0208559,0.29643,-0.136472,0.00230791],[0.0238947,-0.00566918,-0.0049281,-0.0092459,0.215493,-0.0317756,0.0112625,-0.0113477,-0.0102984,-0.00222298,-0.00709075,-0.0161839,0.186938,0.00430583,0.00647304,-0.0737872,0.00123928,0.0147788,-0.00838117,0.00329282,0.000171434,-0.00187713,-0.0185017,-0.0129955,-0.0103311],[-0.0392233,-0.0218452,-0.0564013,0.00409477,-0.0345608,0.223444,-0.00891324,0.0127486,-0.00552321,-0.00721946,0.0248347,-0.258514,-0.481671,-0.0275828,-0.00263799,-0.397465,-0.00488049,0.00351436,0.005047,-0.0382208,-0.0115578,0.000378423,-0.0772987,-0.0904828,-0.010771],[-0.149675,-0.0826307,-0.186769,-0.09785,-0.328072,0.0943794,-0.100876,0.0126237,0.0442905,0.0966034,-0.0951927,0.526984,3.79758,0.104482,0.0252724,1.55267,0.0255777,0.0271882,0.00274044,0.139229,-0.0405154,0.00600235,0.22877,0.114834,0.0228296],[-0.0802535,-0.155875,-0.391562,-0.235988,0.372181,0.623544,-0.0018527,0.232515,-0.0641664,-0.00641783,0.257545,0.129651,0.097877,-0.0543849,0.0258492,-0.696076,-0.0195396,0.016104,-0.0806745,0.972758,0.495823,-0.00464354,-1.0729,0.576033,0.0888375],[-0.0108846,-0.123865,-0.255974,0.290667,0.393595,-0.689213,-0.205894,-0.0518933,-0.174532,-0.0498731,-0.00824763,-0.0111521,-5.23545,0.0664226,0.133963,-2.40529,-0.0138008,0.0155931,0.0314432,-0.142908,0.24296,-0.195361,0.067467,-0.165113,-0.0710145],[0.247336,-0.140429,-0.368372,0.0945621,0.22465,0.361612,0.219578,-0.0868481,0.0311106,0.064725,0.151378,0.442612,5.33201,0.166102,0.153614,-0.345074,-0.0701552,-0.100109,0.00206701,-1.19212,0.868028,-0.0316918,1.98962,-0.183455,-0.0410629],[-0.0605747,-0.0886151,-0.214286,-0.00279699,-0.120548,0.000987983,0.0534253,-0.003146,0.008245,0.00708184,-0.195373,-0.0572061,1.25167,0.0153171,0.0169775,-0.209807,-0.0016688,-0.0192955,-0.0118452,-0.171059,-0.000597249,0.0106708,0.0400359,0.0505366,0.0179554],[0.00541919,0.000645178,-0.0326878,0.00282988,-0.142079,-0.0721444,0.0345299,-0.00100804,-0.0188722,0.00383518,-0.0398388,-0.204263,-0.67862,0.000884134,0.00808227,-0.153087,0.0012847,-0.00357551,0.00124008,0.10789,0.00862141,-0.00830401,-0.158201,-0.0140585,-0.0026271],[0.00646355,0.00138884,0.0091295,0.0110556,0.00437826,0.00982176,-0.00762963,-0.000233525,0.000165872,0.000583856,0.00337427,0.00369831,0.0675632,0.00208109,-0.000104544,0.0481304,1.02124e-05,-0.000927545,-0.000710456,0.00780379,-0.0129163,-0.000467125,0.02901,-0.00259318,-0.000900316],[-0.320675,-0.443705,-0.227015,0.197387,0.428273,0.73416,-0.388711,-0.171834,0.0590081,-0.116286,-0.423802,0.695979,-2.39889,-0.173087,-0.0925145,-1.0841,-0.104621,-0.0368901,-0.0271496,-1.12994,1.15866,-0.0297195,-1.43141,0.468879,-0.0435437],[0.163046,0.46194,0.0342022,-0.0467107,0.300854,0.844635,0.265429,0.0394491,0.0548361,0.1552,0.311444,-0.860119,1.80458,-0.0756417,0.0192665,1.50468,0.00200196,0.0674654,0.0248127,-0.789358,-0.655221,0.0664297,0.253233,-0.459142,0.0305268],[0.0060273,0.0148744,0.0448755,-0.00376699,0.000709017,0.0576459,0.00778664,-0.00154267,-0.00143417,-0.00402974,-0.0343554,0.0135096,0.102009,-0.010668,0.000813318,-0.0249496,0.000344246,8.15908e-05,-0.00106734,-0.0144653,-0.0113144,0.0030905,0.0359879,-0.00845566,-0.00206202],[0.681423,0.0866964,2.47583,0.322463,1.80648,1.44558,0.0153409,0.0166619,-0.198145,0.288704,-0.323796,-0.804846,0.477681,0.274103,0.102291,-0.62176,-0.130946,-0.258766,0.0543364,0.725203,-0.400331,-0.0732295,0.807312,-0.226532,-0.0539978],[0.888549,0.71628,0.543559,-0.325862,2.0162,0.353754,0.104106,0.125977,0.155255,0.17562,0.0891888,0.872015,-1.83115,0.182574,0.164044,0.248452,0.0759775,0.0172164,0.122692,2.10752,0.035248,0.0142422,0.780602,0.528215,0.0636326],[-0.327408,-0.965254,0.290614,-0.96203,4.30008,2.24777,-0.604531,-0.265346,0.126042,-0.277718,-0.121034,-1.72632,-6.90149,-0.145359,-0.124881,0.545712,-0.0633806,-0.222563,0.0860011,-0.447759,0.313023,0.0020915,-3.22571,-0.224866,0.0118716],[-0.0462371,-0.0425211,-0.0365797,-0.0286022,-0.0660679,-0.0205817,0.00451708,0.00437872,0.0104182,0.0011641,-0.0633693,-0.0156237,-0.0328784,-0.00934643,-0.00655492,0.0078479,0.0142327,0.0195333,-0.000253587,-0.215834,0.0527462,0.0129038,-0.288577,0.0392364,0.00243456],[0.041091,0.019454,0.281275,0.0370243,0.109207,0.070072,0.0636125,0.00878838,-0.0252324,-0.0448552,-0.0299325,-0.185238,-0.0669246,-0.0203543,-0.0138918,0.155788,-0.00170453,-0.00790224,-0.00751723,-0.0670552,0.0647086,-0.00494525,-0.100132,0.084253,0.0099806],[0.143574,0.409842,-0.140732,0.305531,0.107401,0.614263,0.0373305,-0.0937338,0.0625495,0.151483,0.0279891,0.690474,5.65806,0.109268,0.0376745,1.92721,0.0041375,0.22747,-0.05374,-0.202807,-1.10921,-0.0549742,1.04222,0.680306,-0.0186033],[-0.0383629,-0.0655332,-0.0364395,-0.00616111,-0.0928769,0.063417,0.0153763,0.00116848,-0.0140673,-0.0043567,-0.0678388,-0.00514061,-0.764539,-0.00236633,0.0127195,-0.172357,-0.0037967,-0.0123981,0.0237109,0.0409818,0.01561,-0.00998289,-0.0281368,0.0254712,-0.00421642],[-0.161284,-0.226769,-0.223122,0.0384611,0.00646348,-0.0512728,0.0802877,-0.0280263,-0.0132707,-0.0229088,-0.245573,-0.386615,-1.31951,-0.00715723,0.00577363,-0.627246,0.00437358,0.0325577,0.0180727,0.262875,-0.0436761,-0.00277007,-0.00759128,-0.285513,-0.0189079],[0.437032,0.26535,3.63317,-0.47278,-0.31716,0.0366502,-0.0627771,0.0854902,0.0733755,0.0364437,-0.837788,-0.736944,1.1264,0.179445,0.0650805,0.473814,0.0899124,0.122753,0.0718549,-0.684855,0.706966,-0.0590328,3.48792,-0.804537,-0.11364],[0.0760993,0.0826056,0.00692235,0.162703,-0.228098,-0.0402779,-0.00499036,0.0280739,-0.0321726,0.022994,-0.132247,0.038552,0.108505,0.0335251,0.0391717,0.127354,0.0094417,0.0354,0.00810683,-0.0254281,0.0404989,-0.00553407,0.0645999,0.0307751,0.00556409],[-0.0137432,0.181009,0.00705897,-0.0190861,-0.400208,-0.236399,-0.0414033,-0.00178379,-0.0163309,-0.0175741,0.0536366,0.111199,-0.42667,-0.0219185,-0.00612047,-0.158506,0.00837844,0.00580261,0.00627115,0.0186823,0.0105917,-0.00501002,-0.045209,-0.0767383,-0.0172247],[0.0511355,-0.00343042,0.185216,0.0137365,0.107318,0.0209142,0.0108974,0.000244848,-0.0052939,-0.000718506,-0.00504279,-0.115213,-0.081732,-0.00107446,-0.00673236,0.00934774,-0.00149867,-0.0108102,0.00213968,0.0351142,-0.00597901,-0.0053537,-0.0341838,-0.0378585,0.00017487],[0.0166017,0.0530775,-0.0680411,0.121235,-0.0723805,-0.0238471,-0.0168532,0.0268063,0.0326378,0.00450876,0.0270352,0.195615,0.222256,-0.00399806,-0.0129978,0.115498,-0.00881385,-0.0106917,0.00504276,-0.219037,0.0637725,0.0142831,0.448825,-0.0957911,0.0131811],[-0.0101805,-0.0325817,-0.137435,0.0486892,0.193586,-0.139377,-0.00443136,-0.000906071,-0.00751545,-0.00278159,0.00502899,-0.0479873,-0.178887,-0.0024536,0.00272457,-0.0533734,-0.00483732,0.00596152,-0.00216532,-0.0648732,0.00940728,-0.00225447,-0.0574971,-0.0332067,0.000655899],[3.6263e-05,-0.0438928,-0.0602794,-0.0480717,0.204207,0.0954529,-0.0397973,-0.00185634,0.0108204,-0.00155404,0.0506195,0.102396,-0.14466,-0.000800483,-0.0183317,0.346062,0.00514243,0.0157566,-0.0045407,0.0817066,0.000635174,0.000127745,0.0199481,0.00634955,0.00521427],[0.0822051,0.0189796,0.399603,0.0739355,-0.211471,0.406933,0.107408,-0.011964,0.0332918,0.0288295,0.0949705,-0.559376,2.61927,0.0278293,-0.0293106,0.781419,-0.0199367,-0.0146328,-0.00523284,-0.0246626,0.091508,0.00477558,0.408577,-0.00474787,0.0240676],[-0.130233,0.319845,1.63401,0.325826,-0.46354,0.882948,-0.1345,0.0546477,-0.0169561,0.0363836,0.670198,-0.637211,-0.209851,-0.0190022,-0.0882873,1.40899,-0.0144658,0.0137072,0.017565,0.226889,-0.699427,-0.072135,0.804529,-0.330006,0.0615747],[0.0625321,0.153481,-0.139809,0.0578391,-0.391204,-0.0296795,-0.0864274,0.0506481,-0.0919641,0.031132,0.0607714,0.139916,-1.7353,-0.00579361,-0.0169101,-0.0668487,-0.0416448,-0.0766528,0.00556041,0.109882,0.202521,-0.0762814,0.0798553,0.050669,-0.00986828],[-0.0634891,0.0774104,-0.676209,0.228668,-0.416148,-1.03486,-0.0399605,0.0496053,-0.122493,-0.0974711,0.0626326,1.37711,-3.03031,-0.0488945,0.0529413,-1.40089,0.00744242,-0.0175426,0.00900649,-0.0120885,-0.306391,-0.00734815,-0.0241107,-0.100701,0.00375116],[-0.039365,-0.0530375,-0.119992,-0.0410747,0.0607549,-0.0330341,-0.0229916,0.0031599,-0.0165441,-0.00371498,-0.0481334,-0.0296095,-0.626263,0.0105119,0.0115689,-0.0400935,0.0021829,-0.0207843,0.00365559,0.114253,0.0580107,-0.00292031,-0.152026,0.00249782,-0.00241691],[-0.0166979,-0.0141152,0.0114526,-0.00627906,-0.0548647,0.0435981,-0.00662339,-0.00487346,0.00212292,-0.000489135,0.0485336,0.0850075,-0.318784,-0.00280127,-0.00351235,0.0520917,0.00126982,-0.00138844,0.00237389,0.0193863,0.015003,-0.00196734,0.00661921,-0.0173482,-0.00339855],[-0.00708609,-0.0113886,-0.00771289,-0.00488458,0.0245673,-0.0102749,0.000334142,-0.000623766,0.000479059,-0.000606401,0.00444123,0.0114676,-0.0284955,-0.00116914,-0.00130524,0.0145967,0.00019852,4.03596e-06,-0.000838303,-0.0135063,0.00585137,0.00143975,-0.0295238,-0.00423827,-0.000280181],[-0.299652,-0.351046,-0.252697,-0.0612423,-0.269717,-0.246413,0.124949,0.138387,0.0217838,-0.0160492,-0.323752,-0.287999,2.47403,-0.0154632,-0.0979311,0.72024,-0.00211662,0.0867093,-0.0605405,1.93806,0.0169029,-0.0467266,-1.73447,0.620851,0.0520969],[-0.172824,0.058384,-0.155902,0.246213,-1.29383,-0.0520908,-0.125755,0.0570852,-0.0850685,0.0196683,0.151898,-0.254804,0.246831,0.0226747,-0.0199643,-0.0596995,0.0289234,0.0362246,0.0236582,0.293181,-0.600439,0.0043957,0.100341,-0.0536604,-0.060735],[-0.00578556,0.00396967,0.019195,-0.0125305,-0.00434333,-0.0264072,0.00711056,0.00107313,0.000796212,-0.00360192,-0.011805,-0.0566609,0.141254,0.00405424,-0.000539545,0.0607113,0.000795732,0.00406205,0.0022491,-0.0161442,0.0082221,-0.000301106,0.0105011,-0.00887768,-0.000512123],[-0.882209,-0.8645,-1.25846,0.447988,-2.10883,-1.37924,-0.5122,-0.123069,0.09521,-0.0758018,1.32534,-0.984761,-2.33431,-0.100364,-0.0458256,-1.19397,-0.299924,-0.102707,0.0110772,-3.47787,0.824742,0.0681431,-2.00357,-0.689693,0.0180079],[0.253326,0.440832,0.949633,0.245688,-1.22759,-0.091647,0.0384626,0.033087,-0.0251659,-0.0307849,-0.251041,1.19041,-1.77217,-0.00326192,-0.0065833,1.08603,-0.0934816,-0.287459,0.0811994,-0.530964,-0.137452,-0.049326,1.37423,0.0704294,-0.00419502],[0.431822,0.895283,0.989108,0.621798,-2.51014,-0.43189,0.192697,0.0630107,-0.168763,-0.111607,0.983988,-0.25261,4.80737,-0.048435,-0.0688259,1.2462,-0.0805942,-0.536918,-0.0448518,1.10229,0.083023,-0.0120174,3.2917,-0.162741,-0.07254],[-0.0162876,-0.0399589,-0.00438974,0.00357054,0.20044,-0.0155024,-0.0224272,-0.0140702,0.00323281,-0.00133895,0.00797522,0.08654,-0.474952,-0.00776462,-0.00500358,-0.0482661,0.00832275,0.0225979,-0.0021458,-0.202941,-0.00124237,8.78112e-05,-0.0748527,-0.0116263,-0.00392076],[-0.0330855,-0.120816,0.188902,-0.0389392,0.0412945,0.277861,-0.0362775,0.0054649,0.00396226,0.00890504,0.0746249,0.163348,-0.875541,0.00956801,0.00874761,0.110332,0.014564,0.0331343,0.00624225,0.0993381,0.113838,-0.0129323,-0.133298,0.0612618,-0.00548803],[-0.212417,0.00311397,0.341155,-0.0238287,-0.866754,0.216543,-0.0723654,0.0785731,-0.0618974,0.043068,-0.17678,0.0592951,0.94368,0.0213455,0.0545117,0.68933,-0.0607316,-0.0864893,-0.0004983,0.074135,0.111026,-0.00638156,-0.206367,-0.196878,-0.0186282],[0.0420296,0.0585331,0.0559328,0.0180314,0.0433903,-0.00768241,0.00765864,-0.00651434,0.00691606,-0.00613379,-0.0210137,-0.0447502,-0.0987358,-0.00299441,0.00111355,-0.159956,-0.00126814,-0.00275541,0.00699511,-0.0778064,0.0632277,0.000538535,0.0340688,0.031476,-0.000230866],[0.00780801,0.099841,0.331486,-0.0878563,-0.152587,0.128486,0.0125541,-0.0122578,-0.0095089,0.0294604,-0.0260879,-0.120717,0.115744,-0.0215891,0.0164647,-0.462557,0.000674635,0.0138282,-0.0140805,-0.0916095,-0.233805,-0.0102261,-0.149052,-0.00942523,0.0238002],[0.025413,-0.347623,-0.781248,-0.182431,1.28563,0.105941,0.21944,0.0317413,0.0120239,0.0278178,-0.130705,-0.782119,-4.0021,-0.0602358,0.0236274,-2.06401,-0.0119278,0.00431642,-0.00402421,0.648299,-0.374217,0.00139461,-1.95914,-0.303781,-0.0417068]],"sigmahat":[[0.411275,0.253444,0.779731,0.0867599,0.246115,0.0902674,0.107895,0.0170004,0.00636505,0.0150183,0.130537,-0.190046,-0.0637144,0.0105954,0.0182983,-0.229996,-0.00333952,-0.019314,0.0118171,0.0858247,-0.0431248,-0.00427521,0.59514,0.031629,0.00574834],[0.253444,0.48185,0.560048,0.0561346,-0.487058,0.0086665,0.0745334,0.011015,0.00621549,-0.0026873,0.0664057,0.0752581,0.866938,-0.0102976,0.00306372,-0.0374946,0.00695386,-0.0235685,0.0221803,-0.000350446,-0.191093,0.000345995,0.924374,0.0435071,0.00097802],[0.779731,0.560048,3.90241,0.212098,-0.270127,1.21306,0.24364,0.0110393,0.0154856,0.0299963,0.00873303,-0.158885,1.48345,0.00220155,-0.00709289,1.02287,0.00251238,-0.0461818,0.0307842,0.107591,-0.268785,-0.0258719,1.78381,-0.0599409,0.0142696],[0.0867599,0.0561346,0.212098,0.44668,-0.111222,0.00958054,0.0440416,-0.0125287,-0.0240053,-0.0145258,-0.0176383,-0.0394935,-0.559267,-0.0256464,-0.00904602,-0.163937,-0.0290672,-0.0384608,0.00253306,-0.218815,0.0469323,-0.00419691,0.414032,-0.0566261,-0.0272742],[0.246115,-0.487058,-0.270127,-0.111222,4.52033,0.601105,-0.0321276,0.00252787,0.058901,0.0353221,0.442543,-0.734427,-4.33516,-0.00396658,0.0136919,-0.391919,0.00745905,0.0763496,-0.0398185,0.567053,0.257458,0.0205625,-1.64554,-0.0852697,0.0293408],[0.0902674,0.0086665,1.21306,0.00958054,0.601105,2.95781,-0.00504423,-0.0226223,0.113284,0.0692304,0.107153,1.07072,4.53787,-0.00413557,-0.106255,3.143,-0.00943889,0.00149779,-0.0124631,0.432298,-0.0565273,0.0159398,0.664823,0.312212,0.0694557],[0.107895,0.0745334,0.24364,0.0440416,-0.0321276,-0.00504423,0.185443,-0.000380244,0.0121804,0.0208055,-0.0568459,-0.335689,0.965774,0.0132202,0.0219501,-0.257474,0.003537,-0.0114008,0.00864308,0.109822,-0.0299139,0.00916653,0.306898,0.0151922,0.0111748],[0.0170004,0.011015,0.0110393,-0.0125287,0.00252787,-0.0226223,-0.000380244,0.0262692,-0.00456463,0.00190126,0.0193189,0.0144779,-0.141021,0.00138917,0.00387204,-0.0376986,0.000363508,0.000213937,0.0013684,0.0732611,-0.0162492,-0.000933431,0.00963582,0.0058538,0.0010554],[0.00636505,0.00621549,0.0154856,-0.0240053,0.058901,0.113284,0.0121804,-0.00456463,0.0438736,0.0180609,0.00136809,0.121584,0.856034,0.00905477,-0.00907869,0.303662,0.00614025,0.0105704,0.00436601,-0.0170572,0.01478,0.0157805,0.0730019,0.0610526,0.0152991],[0.0150183,-0.0026873,0.0299963,-0.0145258,0.0353221,0.0692304,0.0208055,0.00190126,0.0180609,0.0464249,-0.0316687,0.0171385,0.793069,0.0310169,0.021449,0.183252,0.00726687,0.00879754,0.003897,0.0137466,0.00375182,0.00787851,0.028012,0.0580306,0.0149987],[0.130537,0.0664057,0.00873303,-0.0176383,0.442543,0.107153,-0.0568459,0.0193189,0.00136809,-0.0316687,0.945547,-0.252,-1.18934,-0.0387617,-0.0619235,0.238544,-0.011135,0.00243594,-0.0184126,0.24224,0.0199808,-0.00694441,-0.274161,-0.0352585,-0.00728218],[-0.190046,0.0752581,-0.158885,-0.0394935,-0.734427,1.07072,-0.335689,0.0144779,0.121584,0.0171385,-0.252,6.11064,6.93803,-0.0319265,-0.157421,4.02024,-0.00839978,-0.00741913,-0.0410073,-0.283261,0.299246,0.0184452,0.544902,0.590907,0.0370885],[-0.0637144,0.866938,1.48345,-0.559267,-4.33516,4.53787,0.965774,-0.141021,0.856034,0.793069,-1.18934,6.93803,90.6344,0.637198,-0.346164,17.9987,0.164194,0.295608,-0.125515,1.30974,-0.958159,0.376838,4.74858,3.18875,0.426764],[0.0105954,-0.0102976,0.00220155,-0.0256464,-0.00396658,-0.00413557,0.0132202,0.00138917,0.00905477,0.0310169,-0.0387617,-0.0319265,0.637198,0.0447925,0.0277591,0.207064,0.00862946,0.01295,0.0045879,0.00306704,0.0340724,0.00248873,0.0759311,0.0393404,0.00996369],[0.0182983,0.00306372,-0.00709289,-0.00904602,0.0136919,-0.106255,0.0219501,0.00387204,-0.00907869,0.021449,-0.0619235,-0.157421,-0.346164,0.0277591,0.0571759,-0.450001,0.00492753,0.00170247,0.00658667,-0.0332569,0.0247437,0.00105671,0.00148112,-0.0084217,3.59858e-05],[-0.229996,-0.0374946,1.02287,-0.163937,-0.391919,3.143,-0.257474,-0.0376986,0.303662,0.183252,0.238544,4.02024,17.9987,0.207064,-0.450001,15.3872,0.0194502,0.123085,-0.0411917,0.777437,-0.114749,0.0473178,1.71807,0.934141,0.187475],[-0.00333952,0.00695386,0.00251238,-0.0290672,0.00745905,-0.00943889,0.003537,0.000363508,0.00614025,0.00726687,-0.011135,-0.00839978,0.164194,0.00862946,0.00492753,0.0194502,0.0169599,0.032087,0.00268956,0.0551012,-0.0130443,0.00345082,0.0329709,0.00271482,0.00124821],[-0.019314,-0.0235685,-0.0461818,-0.0384608,0.0763496,0.00149779,-0.0114008,0.000213937,0.0105704,0.00879754,0.00243594,-0.00741913,0.295608,0.01295,0.00170247,0.123085,0.032087,0.123544,0.000998258,0.096444,-0.0163633,0.00100915,-0.0243985,0.00671697,-0.00125836],[0.0118171,0.0221803,0.0307842,0.00253306,-0.0398185,-0.0124631,0.00864308,0.0013684,0.00436601,0.003897,-0.0184126,-0.0410073,-0.125515,0.0045879,0.00658667,-0.0411917,0.00268956,0.000998258,0.0145597,-0.0278837,-0.010109,0.001687,0.0812434,0.00576157,-0.000577714],[0.0858247,-0.000350446,0.107591,-0.218815,0.567053,0.432298,0.109822,0.0732611,-0.0170572,0.0137466,0.24224,-0.283261,1.30974,0.00306704,-0.0332569,0.777437,0.0551012,0.096444,-0.0278837,3.53102,-0.0820884,-0.0343434,-0.37706,0.208689,0.00684236],[-0.0431248,-0.191093,-0.268785,0.0469323,0.257458,-0.0565273,-0.0299139,-0.0162492,0.01478,0.00375182,0.0199808,0.299246,-0.958159,0.0340724,0.0247437,-0.114749,-0.0130443,-0.0163633,-0.010109,-0.0820884,0.958493,0.00525956,-0.449634,0.0528329,0.00541339],[-0.00427521,0.000345995,-0.0258719,-0.00419691,0.0205625,0.0159398,0.00916653,-0.000933431,0.0157805,0.00787851,-0.00694441,0.0184452,0.376838,0.00248873,0.00105671,0.0473178,0.00345082,0.00100915,0.001687,-0.0343434,0.00525956,0.0153534,0.0281645,0.00984865,0.00496444],[0.59514,0.924374,1.78381,0.414032,-1.64554,0.664823,0.306898,0.00963582,0.0730019,0.028012,-0.274161,0.544902,4.74858,0.0759311,0.00148112,1.71807,0.0329709,-0.0243985,0.0812434,-0.37706,-0.449634,0.0281645,5.36101,-0.196578,0.00846539],[0.031629,0.0435071,-0.0599409,-0.0566261,-0.0852697,0.312212,0.0151922,0.0058538,0.0610526,0.0580306,-0.0352585,0.590907,3.18875,0.0393404,-0.0084217,0.934141,0.00271482,0.00671697,0.00576157,0.208689,0.0528329,0.00984865,-0.196578,0.58829,0.0309993],[0.00574834,0.00097802,0.0142696,-0.0272742,0.0293408,0.0694557,0.0111748,0.0010554,0.0152991,0.0149987,-0.00728218,0.0370885,0.426764,0.00996369,3.59858e-05,0.187475,0.00124821,-0.00125836,-0.000577714,0.00684236,0.00541339,0.00496444,0.00846539,0.0309993,0.0240639]],"n":25,"lags":3}