{"betahat":[[1.66116,2.62151,14.0241,0.569344,-0.358307,-1.11112,-6.35703,-1.20786,3.49135,7.32547,0.0588026,-0.057738,-0.0795071,0.100136,-0.757285,0.266096,-5.06004,40.3208,14.7714,2.0276,-28.6877,5.945,0.285054],[0.70655,-0.152669,0.321319,0.0612017,-0.450807,-0.152885,0.0171029,0.0350988,0.122066,-0.0364829,-0.00499056,-0.00551554,-0.0448447,0.0043515,-0.0206515,-0.0599881,-0.0275373,-0.0231687,0.0863373,-0.0127222,-0.998241,0.161842,0.000949988],[0.0538577,0.723632,-0.314746,0.168851,0.214279,0.0884248,-0.0479948,-0.00823576,0.0212075,0.0716838,0.0093735,-0.00647854,0.00430976,-0.0070075,-0.00483298,0.0231278,-0.0374492,0.00409791,0.0889936,0.0216613,-0.322581,0.0680196,-0.0123824],[0.050307,0.0117915,0.707959,0.0203152,0.00381333,0.0588984,-0.000907857,0.0137615,-0.0470014,0.0752436,0.00621676,-0.0138711,-0.00635496,-0.0137828,0.000406214,0.0197288,0.0166767,-0.0435846,-0.0995171,-0.0154795,-0.379075,-0.00905013,-0.00404049],[0.0965461,0.222732,0.0425136,0.522244,0.265893,0.0266111,-0.0284348,-0.0614026,0.139651,-0.105077,-0.00719456,0.018381,-0.0318171,0.0108163,-0.0306772,0.0895142,0.0079128,-0.0309824,-0.0632603,-0.0203681,-0.478936,-0.0676434,0.0168662],[-0.0877776,-0.0209268,-0.0749224,-0.0400938,0.698519,0.00639373,-0.030852,-0.0114641,-0.0267382,0.0671246,-0.00759665,0.00440307,-0.0205525,0.00732296,-0.00337283,-0.0426797,-0.00987729,-0.0420063,0.0608841,0.012394,0.166497,0.0668453,0.00218283],[0.0266858,0.0687105,0.116274,0.0720167,0.038721,0.710143,-0.0299056,0.0105677,0.117262,0.0978502,0.002302,-0.00595287,0.0111588,-0.00490332,0.00756173,0.00256853,0.00566097,-0.0107151,0.0945716,-0.0157536,-0.0155462,0.0653287,0.00897273],[0.339481,0.402904,0.2195,0.261929,0.639852,-0.13044,0.77001,-0.0036024,0.225551,0.15794,0.0222455,0.0120365,0.026199,0.0276823,-0.00142861,0.0790951,-0.0932067,-0.041181,0.060154,-0.00798221,0.442778,-0.250924,0.0292907],[0.340691,1.13804,-0.182675,0.573776,0.930237,-0.160521,-0.0628422,0.635629,-0.400736,0.562387,-0.0638791,0.0523057,-0.114242,0.0532201,0.0616976,0.250424,-0.176224,0.199793,-0.00152223,0.185975,-1.61781,-0.347681,0.070848],[0.117948,0.17698,-0.0702368,0.0122528,0.158822,-0.0317505,0.0365607,-0.023525,0.707681,-0.000613644,0.00916552,-0.0043996,0.00580596,-0.00624737,0.00196198,0.040718,0.105128,-0.00325596,0.0490137,0.0265798,-0.486143,-0.194647,-0.00398927],[-0.0342063,0.0865753,0.0792389,-0.236262,-0.375347,-0.281876,-0.225302,-0.0386202,0.254888,1.03778,-0.0341134,-0.0264751,-0.0729466,-0.0368025,-0.0280642,0.00210343,-0.246192,-0.0255897,0.00160643,0.00298073,-1.7918,0.133873,-0.0119849],[-0.0811791,-0.512878,-3.96514,1.38113,-0.941315,0.474111,1.0427,0.727277,-1.56758,-1.90828,0.864785,-0.130882,0.0155958,-0.257495,0.114915,-0.299447,1.19793,0.102089,-0.384684,-0.673857,11.5827,1.91808,-0.364887],[0.510858,0.864052,-0.387863,-0.430419,1.72626,0.513028,-0.052189,0.0123134,-1.74969,-0.154511,-0.0875038,0.994683,-0.171468,0.049593,0.0826587,0.557167,-0.137955,0.419018,-1.29117,-0.383314,-3.59099,-0.660704,0.0976662],[0.451898,0.360214,3.29193,-0.773178,1.75707,2.02999,-0.0845485,-0.102572,0.233576,0.338396,0.0408676,-0.0914148,0.921838,-0.0420191,-0.00938614,-0.0478428,-0.199106,-0.0430576,0.0223632,0.0667125,-3.90267,0.225379,-0.030834],[0.334895,1.20615,-0.366314,-0.081046,-1.22776,-0.89142,-0.319187,-0.361169,0.359583,0.594553,0.0591096,0.286357,0.0426198,1.10872,-0.0546765,-0.0200688,0.146912,-0.636886,-0.588889,0.326108,0.482515,-1.17218,0.306859],[-0.220488,-0.0647695,-3.07303,-0.285038,0.409388,1.10482,0.85388,-0.0355761,-2.14109,0.316153,-0.0260673,0.203887,0.117329,0.179319,1.06429,0.257285,0.660518,0.0363159,0.445615,0.00733106,6.08724,0.320662,0.0873428],[-0.0884017,-0.0827113,-0.0290265,-0.424899,-0.114368,-0.0513051,0.19887,-0.0885078,-0.477132,-0.147225,-0.0373275,-0.00863374,0.0439942,-0.0165411,0.119621,1.01442,0.176531,-0.0284596,-0.241695,-0.0503401,-0.596085,-0.040946,0.00476204],[0.0848849,0.126931,-0.411871,-0.2063,0.037683,0.209633,-0.107257,-0.0897846,-0.00753415,-0.081589,0.0029685,0.00545953,0.045862,0.00125781,0.0445279,0.0758658,0.762254,-0.0889035,-0.138339,0.0429534,-0.279057,-0.460011,-0.00246042],[0.501879,1.08903,-1.56127,-0.265677,0.987884,1.60499,-0.523397,-0.294145,1.28642,0.0545281,-0.0119442,-0.0561364,-0.282026,-0.085182,-0.236861,0.144413,-0.370959,0.395227,-0.183186,0.1253,0.325394,0.871733,-0.0955195],[-0.399909,-0.836654,-0.08128,0.306279,-0.562108,0.257335,0.0136193,0.145841,-0.186882,0.0696378,-0.0124852,0.00939323,-0.0168484,-0.0165165,0.0239071,-0.181902,-0.0838693,-0.0507712,1.02952,-0.00708753,0.362469,0.621139,-0.0169553],[0.00328203,0.150225,0.424147,0.0830692,-0.00737986,0.0601963,0.0862584,0.261097,-1.8868,0.2902,0.126316,-0.0322934,0.227203,-0.0160104,0.206992,0.0818316,-0.259927,-0.12908,-0.768491,0.363087,1.38478,0.139422,0.0277168],[-0.0100344,0.0163709,-0.0251233,0.0233405,-0.020234,0.0162246,-0.0228818,0.00691145,0.0685457,-0.0337163,-0.00156796,0.0016928,-0.00295441,0.00301963,-0.00279962,0.000784047,0.00587933,0.0155097,0.0423106,-0.0145971,-0.703401,0.0316689,-0.000380984],[0.132493,0.0318414,0.148587,0.114861,0.101469,0.0236135,0.018744,-0.00921449,0.127921,-0.0433691,0.00529986,-0.0219386,0.0226042,-0.0106569,0.0150313,0.0589895,0.0837917,-0.0597219,0.113289,-0.0206252,-0.475619,0.776565,-0.00689718],[-1.1525,-2.10451,0.465832,0.612644,-3.61573,-1.49298,0.0572478,0.641192,0.794726,0.285936,0.103618,0.0317416,0.276722,0.0855284,0.0692767,-0.777298,0.0317781,0.0960541,1.2423,0.0493279,-0.628675,2.07437,0.869922],[0.171128,-0.0436003,-0.10495,0.00404777,0.211431,0.164103,-0.00296542,-0.0211886,-0.205999,0.0510483,-0.000879065,0.0122714,0.0335189,-0.00298399,0.0239992,0.0255707,0.0587915,0.0160927,-0.106754,-0.00986368,0.0554401,-0.0893665,0.00126854],[-0.118261,0.117818,0.260997,-0.232397,-0.285834,0.0206701,0.008411,0.0231165,0.0504909,0.0279738,-0.00561,0.00269595,-0.00342644,0.00254629,0.0027113,-0.0283353,0.0246948,0.0040386,-0.0196792,-0.00626819,0.23517,-0.0717973,0.00866016],[-0.0267786,0.10261,0.1727,0.0187732,-0.125462,-0.0963513,0.0196387,-0.00109951,0.0876696,-0.0425793,-0.0066076,0.00722202,-0.00500199,0.00582941,-0.0088028,-0.0106957,0.00272331,0.00934973,0.00989716,0.0122803,0.177743,-0.113376,-0.00539827],[-0.0587228,-0.0165724,0.0823448,0.267197,-0.215094,0.192688,-0.0217479,0.0153772,-0.119773,0.0511771,0.00201072,-0.0103437,0.0128038,-0.0160744,0.0085285,-0.0459532,-0.0358706,0.041605,0.0687158,0.0152028,-0.198043,0.0205537,-0.0112971],[0.0867783,-0.00126046,0.0364581,0.0648081,0.281315,0.0301642,0.0295918,0.00655978,-0.0209687,-0.0317174,0.00388744,0.00327044,0.0104539,0.00225047,0.00266214,0.0451096,0.0255144,0.014594,-0.014871,-0.0244671,-0.181373,-0.0212931,0.000601496],[0.0295805,-0.0490017,0.0678668,-0.0957901,0.0208917,0.130119,0.0324434,0.00381106,0.0551909,-0.135284,-0.00300259,-0.00425499,-0.0146676,-0.00287929,-0.0185655,0.0150997,-0.00617873,0.000797075,-0.0997976,0.0262075,0.0389403,-0.0276794,-0.0125569],[-0.197231,-0.206619,0.0849282,-0.169419,-0.36043,0.139645,0.356171,-0.0286191,-0.273376,-0.108957,0.0062231,0.00250763,0.0287324,-0.000726184,0.0165994,-0.0646624,0.31053,0.0341376,0.0520481,0.00026134,0.237667,0.13456,-0.0127126],[0.328675,0.131419,-0.318126,-0.19899,0.245858,0.502745,-0.0932686,0.0420184,-0.183712,-0.740472,0.0221939,-0.000546464,-0.0042018,-0.0707323,-0.100866,0.168168,-0.0523888,0.173136,-0.307076,-0.0590562,1.58578,-0.0999018,-0.0818382],[-0.0737296,-0.0827507,0.059487,0.0299509,-0.190254,-0.0627685,-0.0184575,0.0329265,0.108322,-0.0286224,-0.0109003,-0.00160991,0.00585235,0.00474415,0.00759754,-0.0388413,-0.132148,0.0136724,0.0716308,-0.0210585,-0.087156,0.299219,-0.000826547],[-0.0363895,-0.242571,-0.310115,0.290102,0.391993,0.367205,0.178233,0.0797875,-0.016867,-0.0991336,0.039311,0.021188,0.0552015,0.026746,0.00877863,-0.065883,0.208876,-0.00050156,0.158071,-0.0368982,1.34065,0.0747913,-0.00426008],[0.281598,1.03576,-0.981243,-3.41668,2.64277,-2.39814,0.207988,-0.841366,-1.99084,0.779403,-0.314467,0.234982,-0.302688,0.0112122,-0.138246,0.259903,-0.592621,-0.718028,-1.97115,0.125147,-12.3092,-2.33938,0.293209],[-0.139902,-0.0840241,0.312396,0.329034,0.0596615,-0.107811,0.181652,-0.0196479,-0.853743,-0.0148063,-0.050279,-0.0906557,-0.0108289,-0.0160062,0.1824,0.0541779,-0.248341,0.182228,0.241726,-0.31656,-3.88903,0.120169,-0.0489365],[-0.42036,-0.385915,-1.27058,0.451412,-1.39229,-1.7534,-0.0268322,0.152073,-0.948638,0.233747,0.00181913,0.146536,0.0331415,0.126374,0.0767878,-0.0507871,0.114345,0.317859,-0.0537756,0.0517605,-0.543999,-0.413948,0.0894493],[0.136191,0.150738,-0.0960822,-0.296547,0.385328,0.466463,-0.0512953,-0.142814,0.91486,0.0127403,0.0133911,-0.178829,-0.023931,-0.180916,-0.108126,0.128262,-0.0347698,-0.246424,0.554314,0.155261,5.13408,-0.150994,-0.169368],[0.365143,0.0140902,0.663121,0.587352,1.0559,-0.528658,-0.449015,-0.100719,1.28096,-0.585767,-0.00438383,-0.0358929,-0.0859954,0.0104704,-0.214486,-0.00856095,-0.350837,-0.142994,0.0291606,0.143694,-2.93914,-0.635509,-0.0117601],[0.0344807,-0.0342281,-0.0364016,0.0647895,0.158744,0.0774053,-0.077861,-0.0156115,0.261734,0.0252479,0.031556,-0.00479667,-0.0455687,-0.00826203,-0.101273,-0.0148964,-0.10606,0.0190111,-0.07735,0.0693464,0.358979,0.0661037,-0.0291685],[0.0116898,0.010632,0.162866,0.231628,-0.0375083,0.00124792,0.329254,0.0478842,-0.587754,-0.0907041,0.00365816,0.00301381,0.0167788,0.014619,-0.00359615,-0.0131612,0.229804,0.0519447,0.159741,-0.0178452,0.380711,0.31545,0.0015113],[-0.0731567,-0.288649,0.731569,-0.138897,-0.678656,-0.721695,0.427035,0.115011,-1.17653,0.364698,0.0399444,0.0501602,0.300491,0.0564432,0.236189,0.135034,0.291552,0.0712787,-0.216089,-0.0132457,2.0789,-1.69207,0.0497578],[0.336434,0.76681,0.137076,-0.341011,0.699631,0.155646,-0.000680076,-0.112902,0.132558,-0.0652902,0.0191421,-0.0314593,0.0111201,-0.0112133,-0.0443051,0.174462,0.0518556,0.0120337,-0.109923,-0.00746958,0.00213185,-0.489867,-0.00436164],[0.37782,0.685648,-1.79326,-0.696015,0.904537,1.23723,0.0395903,-0.420457,1.14617,-0.694773,-0.0375087,-0.0485372,-0.11065,-0.0815611,0.0147524,0.251052,0.202429,0.055646,0.197817,0.12888,2.99307,-0.756463,-0.0879334],[-0.0110366,-0.032219,0.0340926,0.0188608,-0.0242302,0.00839862,-0.0232,0.0210177,0.00312322,0.0102094,-0.00145353,0.00521672,0.000586127,0.00608258,0.000759485,-0.00207701,-0.0110427,0.0160897,0.0240826,-0.00588303,-0.262359,0.00683937,0.00463852],[-0.0489967,0.096483,-0.160761,-0.029359,-0.0251929,-0.0456102,-0.00894407,-0.0161186,-0.000574741,0.0846651,-0.00475008,0.0114945,-0.0255754,0.00579386,-0.0160627,-0.0286152,-0.0171916,0.0438154,0.0158613,0.00289708,0.662836,0.158334,0.00332012],[-0.233322,0.222565,-0.352889,0.140639,1.34692,1.0181,-0.13308,-0.11967,0.183179,-0.259486,-0.0020711,-0.0275166,-0.210752,-0.0468058,-0.271104,0.182325,-0.140506,-0.126572,0.189018,0.0864017,-2.24502,0.437529,-0.0477465],[0.122141,0.196215,-0.216694,-0.0653693,0.239271,-0.0115164,-0.0141402,-0.0139823,0.0840463,-0.0146508,0.00585571,-0.00670357,0.0112835,-0.00133745,-0.003362,0.0343272,-0.0311823,0.00699514,0.0201279,0.0225336,0.941454,-0.0724543,-0.00218483],[0.064253,0.158444,0.053777,0.0633401,0.0718159,-0.10939,0.0393959,-0.0149502,-0.0714897,-0.0996329,-0.00376904,0.0037747,-0.000969051,0.00446347,0.00203471,0.00512604,0.012562,-0.00819661,-0.0696337,-0.0154123,0.085939,0.00358277,0.003729],[-0.0236874,-0.11403,0.118128,-0.0394151,0.122077,0.0373473,-0.0190292,-0.0128733,-0.0408662,-0.0326952,0.000388328,0.00669405,0.0111816,0.00797864,0.00826526,-0.00906136,-0.0195904,0.0341029,0.0889293,0.00314443,0.196836,0.122596,0.00945644],[-0.0378602,-0.206146,-0.125081,0.209942,-0.0505725,-0.219039,0.0501798,0.0458858,-0.01989,0.0538717,0.00519955,-0.00800175,0.0190761,0.00526717,0.0221929,-0.0435239,0.0280045,-0.0105239,-0.00527763,0.00516938,0.676427,0.0467287,-0.00554296],[0.000803609,0.02215,0.0384786,-0.0250678,0.0198693,-0.0365726,0.00129373,0.00485601,0.0472367,-0.0353903,0.00369164,-0.00763078,0.0101019,-0.00952494,0.000735502,-0.00253202,-0.0156483,0.0274449,-0.0463432,0.0120495,0.0126918,-0.0460076,-0.00273217],[-0.0563624,-0.019476,-0.184182,0.023818,-0.0593938,0.159194,-0.00255604,-0.0144222,-0.172671,0.0372102,0.000673332,0.0102748,0.00338513,0.00784383,0.0109006,-0.0176903,0.000558628,0.00997824,0.00475667,-0.0105261,-0.0272908,-0.0377268,0.00362642],[-0.143425,-0.197634,-0.307387,-0.094282,-0.279144,-0.01072,-0.12671,0.0323597,0.0469917,-0.0483726,-0.0285651,-0.014249,-0.0553563,-0.0267357,-0.015228,-0.0150055,-0.217641,0.00911429,-0.110123,0.0073693,-0.688812,0.113263,-0.0163656],[-0.0706264,-0.460822,0.341014,-0.238256,0.0255109,0.429721,0.101936,0.149754,0.362595,0.108602,0.00307727,-0.039062,0.0834538,-0.0171541,0.0269906,-0.0247867,0.158194,-0.105539,-0.0702003,-0.0428141,0.02431,-0.170248,-0.0178945],[-0.0444471,-0.0941706,0.00636825,-0.0418233,0.0324032,0.0945193,-0.015977,-0.00955057,0.181854,0.0270524,0.00183962,0.00632728,-0.011334,0.00180913,-0.00916913,-0.00202316,0.0290723,-0.0100005,-0.114361,-0.0061187,0.577761,-0.104474,0.00503174],[0.0704649,0.155908,0.228672,-0.0534065,-0.016213,-0.085181,0.0474967,-0.0413229,-0.238068,0.0596719,-0.00519252,0.00532814,0.0176549,0.0100262,0.0191919,0.0638197,0.0377924,0.0259894,-0.158,0.0337207,0.451633,-0.207529,0.0162197],[-1.03033,-1.01011,0.358536,1.39697,-3.00671,-2.21448,0.1508,0.286895,1.98381,-0.189212,-0.0855699,0.0101154,0.106735,0.0642868,0.286185,-0.338142,0.942567,-0.525126,1.91014,0.0188977,-1.12332,0.759087,-0.00446666],[0.274358,0.00293431,0.0296108,0.21155,-0.0163214,-0.391132,-0.00419514,0.149179,-0.185834,0.218199,-0.0259978,-0.0307833,0.0870773,0.0101094,0.114315,0.0544278,0.0499507,0.276169,0.110711,0.0226764,1.22042,-0.29736,-0.00662265],[-0.463123,-0.783224,-0.0794059,0.291108,-1.14799,-0.537424,0.00108019,0.199185,0.488252,-0.138989,-0.028017,-0.054719,-0.0125872,-0.051713,-0.0107633,-0.191698,-0.046314,0.208534,-0.0195965,-0.0674629,-0.828573,0.51503,-0.0356343],[-0.164755,-0.32634,0.368882,0.0398747,-0.31538,0.0771085,-0.0247602,0.00242394,0.767125,-0.136386,0.00821335,-0.0847885,0.00113502,-0.0991444,-0.0717328,-0.161496,0.03106,-0.0838767,0.262864,0.0872713,1.06201,0.18399,-0.0855482],[0.404615,0.701362,0.425158,-0.217925,0.757419,0.227583,-0.0545952,-0.146967,0.27752,-0.593722,0.0185483,-0.0895131,-0.0468765,-0.0918903,0.0113668,0.108627,-0.0993417,-0.149005,-0.133899,-0.0885507,1.15813,-0.21866,-0.0418425],[0.0543017,0.117449,0.0653795,0.359545,-0.0419281,-0.0245041,-0.12104,0.103522,0.215506,0.121248,0.00575927,0.0134447,0.00155023,0.024799,-0.0184127,0.0005459,-0.0706477,0.00879888,0.318048,-0.0191459,0.230307,-0.025985,0.024355],[-0.0978954,-0.139323,0.247077,-0.02719,-0.00110661,-0.213008,-0.22254,0.04238,0.594181,0.172592,-0.00677858,-0.00830748,-0.0630549,-0.0156872,-0.0410138,-0.0633604,0.00701132,0.0392066,-0.0204769,-0.0252082,-0.10615,0.14146,0.00112482],[-0.4568,-0.824775,0.793678,0.378632,-0.379444,-0.948973,0.0949633,0.197318,-0.124082,-0.408953,-0.0296788,0.00723359,-0.0292203,0.0308975,-0.00274998,-0.289367,0.0707288,-0.402919,0.450059,-0.113332,-2.29208,0.773773,0.0489441],[0.0503944,0.00934529,-0.0908643,0.072515,-0.167207,-0.315459,0.0862301,-0.0172518,0.0899392,-0.0464196,-0.00196522,0.0160615,0.0361962,0.025829,0.0483407,-0.00140536,0.115296,0.0694062,-0.441132,-0.00479799,0.0604402,-0.0864427,0.0196017],[-0.142423,-0.326162,0.856034,0.110902,-0.654491,-0.283209,-0.395786,0.112803,0.658706,0.487166,-0.0508118,-0.018937,-0.0778116,-0.00128359,-0.1998,-0.163141,-0.300195,-0.0564325,-0.35815,0.211924,-1.2726,0.769033,-0.00374125],[-0.00168748,-0.0152066,0.02916,0.00959,-0.00890536,0.0090735,-0.0088156,0.0069775,-0.0187822,0.00489961,-0.000353323,0.00409427,0.00191761,0.00312929,0.00349938,-0.00453781,-0.025175,0.0105175,0.0308174,-0.00487522,-0.0995513,-0.013519,0.00301007],[-0.0719775,-0.123081,-0.00365604,-0.0620795,-0.0675418,-0.000296445,0.0144266,0.0294358,-0.133224,-0.0712629,-0.000790756,0.00855397,-4.92468e-05,0.00346343,0.000855927,-0.0209088,-0.0464255,0.035545,-0.0413607,0.0148901,0.0591373,0.0354641,0.00236544],[0.295841,0.0832009,0.350359,-0.188097,0.107084,0.161819,0.123777,-0.0399187,0.127829,-0.140993,0.0253458,-0.0416124,0.0777484,-0.0742826,0.0388502,-0.134713,0.259048,0.111599,-0.245347,0.0243375,3.05718,-0.426819,-0.0396915]],"sigmahat":[[0.306313,0.32984,-0.00713422,-0.0120799,0.475962,0.150676,-0.00736084,-0.0782221,-0.0307973,-0.0362492,-0.00227957,-0.00765883,0.017706,-0.00721352,0.0127856,0.126641,0.00684639,-0.0377889,-0.121285,-0.000548566,0.367334,-0.240451,-0.00223941],[0.32984,0.774165,-0.148506,-0.169936,0.576503,0.0218712,-0.0514976,-0.145351,0.00529129,-0.0464508,-0.00374387,-0.00787826,-0.0154329,-0.00806364,-0.0178334,0.172086,-0.0186711,-0.0478246,-0.191789,-0.00898926,-0.225752,-0.325599,0.00378669],[-0.00713422,-0.148506,1.1359,0.127778,-0.0139581,0.157608,0.00701836,0.0503462,0.157259,-0.0386685,0.000697373,-0.0121396,0.0148641,-0.0108259,-0.00264445,-0.03429,-0.00556638,-0.0298421,-0.0783604,0.0162289,-0.162005,0.0662155,-0.00989171],[-0.0120799,-0.169936,0.127778,0.404239,-0.107925,-0.0349244,0.0397695,0.0550991,-0.0623308,-0.0307977,0.00248866,0.00740299,0.0255198,0.0134797,0.0204649,-0.0240888,0.0330476,-0.0243762,0.10642,-0.00350799,0.196027,0.19048,0.00173786],[0.475962,0.576503,-0.0139581,-0.107925,1.34643,0.378293,-0.0643738,-0.17096,0.0223293,-0.0695962,-0.00467979,-0.0126215,-0.0202521,-0.0139642,-0.0260343,0.237946,-0.0466366,-0.0856864,-0.230318,-0.0128307,0.105894,-0.500649,-0.0065828],[0.150676,0.0218712,0.157608,-0.0349244,0.378293,0.919305,0.0422758,-0.0625674,-0.0363902,-0.0338415,0.00371548,-0.0103088,0.0372386,-0.0182175,0.0248234,0.0664769,0.0110366,-0.0595284,0.0343831,0.00189021,0.574158,-0.05721,-0.0158043],[-0.00736084,-0.0514976,0.00701836,0.0397695,-0.0643738,0.0422758,0.137902,0.0136804,-0.0998329,-0.0554724,0.00341174,0.00262579,0.0369052,0.00486268,0.032636,-0.00318144,0.0981008,-0.00272236,0.107152,-0.0104681,0.56306,0.0444613,0.0022855],[-0.0782221,-0.145351,0.0503462,0.0550991,-0.17096,-0.0625674,0.0136804,0.0573473,-0.0112231,0.0102316,0.00140389,0.00235717,0.0042719,0.004611,0.00336565,-0.0406807,0.00826123,0.0246355,0.0607862,0.000418239,0.108866,0.0813313,0.000653123],[-0.0307973,0.00529129,0.157259,-0.0623308,0.0223293,-0.0363902,-0.0998329,-0.0112231,0.622415,0.0268444,0.00498348,-0.0164118,-0.0277701,-0.0169856,-0.0417789,-0.0211343,-0.00678184,-0.0290508,0.0357397,0.011522,-0.135111,0.0112927,-0.0128691],[-0.0362492,-0.0464508,-0.0386685,-0.0307977,-0.0695962,-0.0338415,-0.0554724,0.0102316,0.0268444,0.229938,0.000480059,0.0007057,0.00250264,0.00178595,0.00565395,-0.031788,-0.0217613,-0.00163043,-0.0256979,0.0112465,-0.310283,-0.0331491,0.00609511],[-0.00227957,-0.00374387,0.000697373,0.00248866,-0.00467979,0.00371548,0.00341174,0.00140389,0.00498348,0.000480059,0.00229831,-0.0001611,0.00248884,-0.000194509,-8.9355e-05,-0.00267133,0.00661254,-0.00110319,0.0072136,0.000607464,0.0299895,0.0123117,-0.000379549],[-0.00765883,-0.00787826,-0.0121396,0.00740299,-0.0126215,-0.0103088,0.00262579,0.00235717,-0.0164118,0.0007057,-0.0001611,0.005004,0.00100576,0.00379861,0.00200435,-0.00268012,0.00254087,0.00143725,-0.00142288,-0.000376827,0.0100275,0.0025594,0.00288127],[0.017706,-0.0154329,0.0148641,0.0255198,-0.0202521,0.0372386,0.0369052,0.0042719,-0.0277701,0.00250264,0.00248884,0.00100576,0.0291328,0.00253111,0.0228007,0.00311202,0.0317447,-0.0125587,0.0259695,-0.00170519,0.194495,0.0179683,0.00155026],[-0.00721352,-0.00806364,-0.0108259,0.0134797,-0.0139642,-0.0182175,0.00486268,0.004611,-0.0169856,0.00178595,-0.000194509,0.00379861,0.00253111,0.00614742,0.00372105,-0.00206047,0.00260396,0.00177384,0.00698589,-0.00117235,0.0255853,0.00460875,0.00331234],[0.0127856,-0.0178334,-0.00264445,0.0204649,-0.0260343,0.0248234,0.032636,0.00336565,-0.0417789,0.00565395,-8.9355e-05,0.00200435,0.0228007,0.00372105,0.0270951,0.00401156,0.0262792,-0.00497702,0.0253437,-0.00442947,0.171349,-0.00176889,0.00324271],[0.126641,0.172086,-0.03429,-0.0240888,0.237946,0.0664769,-0.00318144,-0.0406807,-0.0211343,-0.031788,-0.00267133,-0.00268012,0.00311202,-0.00206047,0.00401156,0.0839802,-0.00308045,-0.0178108,-0.0585043,-0.00149331,0.134968,-0.123068,-0.000258711],[0.00684639,-0.0186711,-0.00556638,0.0330476,-0.0466366,0.0110366,0.0981008,0.00826123,-0.00678184,-0.0217613,0.00661254,0.00254087,0.0317447,0.00260396,0.0262792,-0.00308045,0.145404,-0.0109636,0.0905718,-0.0106567,0.519755,0.0420237,0.0024216],[-0.0377889,-0.0478246,-0.0298421,-0.0243762,-0.0856864,-0.0595284,-0.00272236,0.0246355,-0.0290508,-0.00163043,-0.00110319,0.00143725,-0.0125587,0.00177384,-0.00497702,-0.0178108,-0.0109636,0.0765379,0.0521445,0.00181987,0.0765491,-0.0175475,0.0011211],[-0.121285,-0.191789,-0.0783604,0.10642,-0.230318,0.0343831,0.107152,0.0607862,0.0357397,-0.0256979,0.0072136,-0.00142288,0.0259695,0.00698589,0.0253437,-0.0585043,0.0905718,0.0521445,0.724949,-0.0237903,0.600236,0.170332,0.00332569],[-0.000548566,-0.00898926,0.0162289,-0.00350799,-0.0128307,0.00189021,-0.0104681,0.000418239,0.011522,0.0112465,0.000607464,-0.000376827,-0.00170519,-0.00117235,-0.00442947,-0.00149331,-0.0106567,0.00181987,-0.0237903,0.0195362,0.0445663,-0.00058966,-0.00108613],[0.367334,-0.225752,-0.162005,0.196027,0.105894,0.574158,0.56306,0.108866,-0.135111,-0.310283,0.0299895,0.0100275,0.194495,0.0255853,0.171349,0.134968,0.519755,0.0765491,0.600236,0.0445663,12.7915,-0.649419,-0.001563],[-0.240451,-0.325599,0.0662155,0.19048,-0.500649,-0.05721,0.0444613,0.0813313,0.0112927,-0.0331491,0.0123117,0.0025594,0.0179683,0.00460875,-0.00176889,-0.123068,0.0420237,-0.0175475,0.170332,-0.00058966,-0.649419,0.765155,-0.00639443],[-0.00223941,0.00378669,-0.00989171,0.00173786,-0.0065828,-0.0158043,0.0022855,0.000653123,-0.0128691,0.00609511,-0.000379549,0.00288127,0.00155026,0.00331234,0.00324271,-0.000258711,0.0024216,0.0011211,0.00332569,-0.00108613,-0.001563,-0.00639443,0.00442984]],"n":23,"lags":3}