{"betahat":[[0.80193,2.15104,-3.97259,4.23761,-2.77997,0.460621,-0.343079,0.507445,-0.206379,-0.217971,3.9339,6.07938,0.130227,-0.221225,5.64437,2.71908,2.16311,-0.0586851],[1.00955,0.0286064,0.533904,0.138343,0.435417,0.573863,-0.0151901,-0.109425,0.0903628,0.0288145,0.226946,0.869482,-0.000839914,-0.026063,0.476738,0.238163,-0.012481,0.0044579],[0.138133,1.14773,-0.200728,0.253056,0.0985287,0.296622,-0.0145918,-0.0336771,0.00168364,0.0407465,-0.190242,0.405993,-0.0105105,-0.0185272,0.246358,0.245193,0.043631,0.00167515],[0.00187862,-0.028983,0.881938,-0.0755886,0.0457497,0.132687,0.00776072,-0.00601001,0.0161911,0.00640501,0.200102,0.0365284,-0.00430106,-0.00258423,0.147526,-0.0307384,-0.00794145,-0.0080796],[-0.00534677,0.0191087,-0.101076,0.730569,-0.0188628,-0.243777,0.00164814,-0.00229911,-0.00943247,0.00262082,0.0855114,-0.183916,0.00211757,0.00553569,-0.051474,-0.0831627,0.0294549,0.00955147],[-0.0318762,-0.0128317,-0.147537,-0.0969061,0.49934,-0.136282,0.00441357,0.00850365,-0.00578692,0.0102699,0.111342,0.748867,0.0207072,0.0108287,0.43688,0.0506275,0.0473395,0.0111112],[-0.00179678,0.0388392,0.0240422,0.0319729,0.0128224,0.840386,-0.00387668,0.0153765,0.00323274,0.00656611,0.0481245,0.132701,0.00535053,0.00972449,-0.10588,0.0604013,0.038546,0.000272811],[-0.132664,-0.159616,-0.254556,-0.331781,-0.184998,-0.332557,1.05478,-0.102735,0.136712,-0.0332676,0.249118,-5.05257,-0.0523898,0.0397913,-1.35526,-0.314404,0.0219659,-0.0207237],[0.131164,0.128248,-0.473039,-0.246854,0.280313,-0.118812,0.186318,0.77812,0.029212,0.0564707,0.496021,5.14346,0.0300624,-0.014117,1.01822,0.0614803,-0.701097,0.0264974],[-0.203566,-0.319577,0.470851,0.179233,0.189831,0.163509,0.121044,-0.0164018,1.1649,-0.00866304,0.608778,2.02209,0.118204,0.0747207,0.488785,-0.172589,0.410228,0.146538],[0.408989,0.572073,-0.028732,0.971522,-0.880786,1.11883,0.399932,-0.00653345,0.321197,0.999958,-1.37531,1.24212,-0.00609793,0.107561,-1.87113,-0.436848,0.1168,-0.00707475],[0.0298714,0.0617692,0.18952,-0.0612994,-0.120597,0.230345,-0.0211225,0.0147885,-0.00743042,0.00808003,1.05733,0.379035,0.00146516,-0.00354832,0.102608,0.118511,0.00144221,0.00627081],[-0.00418758,-0.00587061,0.0113651,-0.0216026,0.00275607,0.0287579,0.0053508,-0.00337653,-0.000167085,0.000602449,-0.0284756,0.99627,0.000904704,0.00141978,-0.0286624,-0.0219291,0.015058,9.91119e-05],[-0.149037,-0.283814,-1.03639,0.584011,0.166956,-0.180276,0.172331,0.00972183,0.0783858,0.0259474,0.506194,-2.12407,1.02977,-0.0193459,1.27378,1.83792,-0.612608,0.154716],[0.263177,0.726271,-0.190711,0.961068,0.474558,-1.07616,-0.304727,0.182793,-0.0795785,-0.0822789,-0.145283,-5.77971,-0.00907713,0.923528,-0.827834,-0.312927,0.0958886,-0.0256103],[0.0112815,0.0224645,0.0560732,-0.0481187,0.113247,0.111836,0.0113884,-0.0176508,0.0150078,0.012753,0.0236838,-0.146094,0.00913759,0.00593117,1.10299,0.0137485,0.0159711,0.0094759],[0.0133862,0.0579735,0.0347275,0.135981,0.0972628,0.0746373,-0.019098,-0.0204512,0.0309367,-0.0186838,0.169344,-0.498402,-0.00425635,-0.00260131,-0.223518,0.372219,-0.0948264,0.0173218],[-0.0917901,-0.0766445,0.0196452,-0.268661,0.12034,0.0662276,0.119557,0.072685,0.0364429,0.0798372,-0.38325,2.53203,0.0252062,0.0152542,0.33227,0.448557,0.319146,0.004211],[0.675961,0.269713,-0.272989,-0.288828,0.674401,-0.464085,0.250377,-0.0409106,0.133917,-0.185508,-0.182163,2.90386,-0.193046,-0.158844,1.68116,-1.24645,0.768604,0.964801],[0.00820395,0.0425444,-0.209394,0.011174,-0.503852,-0.399424,0.0271959,0.0360345,-0.0775542,-0.0126657,-0.38605,0.0331227,0.0113151,0.0187277,-0.0378163,-0.306769,0.032186,-0.00377152],[-0.122307,-0.110636,0.143219,-0.119274,-0.196835,-0.309493,0.0339171,0.0344334,0.000835871,-0.0236715,0.0179157,0.293344,0.00759703,0.00289038,0.0569662,-0.234561,-0.0350939,0.00414038],[-0.00982454,0.00740486,-0.0395844,0.0389583,-0.10248,-0.230826,-0.0136195,0.0223218,-0.0129334,-0.0181232,-0.162802,-0.341306,-0.00840158,0.00654702,-0.324688,-0.0652819,-0.0408492,-0.0099861],[0.0210683,0.0316416,0.0784794,0.154322,0.0209355,0.152126,0.00971043,-0.0013296,0.0274464,0.00162518,-0.0563323,0.546356,0.00321218,-0.00204283,-0.0123657,0.0403094,-0.00570667,-0.0119746],[0.0156893,0.00745798,0.119299,0.102038,0.30997,0.131773,-0.000869964,-0.0030427,-0.00560765,-0.0022586,-0.0607928,-0.281274,-0.00951647,-0.015137,-0.115058,0.00690238,-0.02603,-0.00188394],[0.0133344,0.0118983,0.036881,-0.0522377,0.0128172,0.162142,0.000483189,-0.0226175,-0.00379142,-0.0056766,-0.0650454,-0.380925,-0.00800306,0.000249086,-0.0601241,-0.126824,-0.0435494,0.00420106],[0.156112,0.170309,0.440342,0.161543,-0.0109392,0.292548,-0.0588779,0.0592288,-0.0821279,0.0660013,0.132236,3.37059,0.0455623,0.0053691,0.631757,0.230089,0.00326498,-0.00608518],[-0.037036,0.149781,0.783543,0.0759455,0.0790082,0.3635,-0.216076,0.0166049,-0.00257355,-0.00369576,-0.37144,-4.32238,-0.0622695,-0.0290041,-0.503246,0.12231,0.750952,-0.0238663],[0.0630584,0.0453998,-0.567329,0.0241479,0.0605345,-0.636529,-0.0330287,0.0409567,-0.143323,0.0153164,-0.666083,-1.04465,-0.00932029,0.00161152,-0.615975,0.207047,-0.374953,-0.0700305],[-0.323903,-0.513225,-0.0224651,-0.761394,1.06499,-0.569114,-0.312276,-0.0322471,-0.216792,-0.0792499,1.90992,-0.10688,0.0404488,-0.0315296,0.389527,0.162477,-0.150313,-0.0435835],[-0.0144941,-0.0365624,-0.191761,0.00831771,0.0738889,-0.160137,0.00701274,-0.0255579,0.0020951,-0.00200272,-0.150164,-0.266379,0.00828191,0.00546681,-0.026555,-0.108556,-0.0285943,0.00170665],[0.00220195,0.00645466,0.00100751,0.00769808,-0.000751562,-0.024023,-0.00884788,-0.00116524,-0.00116516,-0.00201238,0.00438379,-0.0491999,-0.000954502,-0.000568674,0.00420987,0.00819047,-0.0212836,-0.00108047],[0.147615,0.0793451,0.808554,-0.483696,-0.0108894,1.02277,-0.2585,-0.00446926,-0.0687039,-0.154938,-0.472968,-0.287775,-0.0834406,-0.0306765,-0.816923,-1.39187,0.292969,-0.132097],[-0.158218,-0.704181,-0.0991769,-0.540036,-0.411242,1.09213,0.315429,-0.223668,0.0524739,0.111188,-0.529914,5.12103,0.00327793,0.0874387,0.829683,0.67362,-0.0780972,0.0188007],[-0.00346204,-0.00271636,-0.00898998,0.0159533,-0.0859148,-0.0607047,-0.0135317,0.0108346,-0.0102765,-0.016695,-0.0538155,-0.0584585,-0.0129749,-0.0043955,-0.129111,-0.0507633,-0.0334578,-0.00710647],[-0.025465,-0.125744,0.0430239,-0.0314317,0.000914125,0.014303,0.0549866,0.00194621,0.00469282,0.0284311,-0.172004,0.3508,0.00989965,0.0158753,0.0234794,0.165355,0.0683551,0.00270726],[0.0501809,-0.0371121,0.308357,-0.0301925,-0.10939,-0.104208,0.123955,0.0382663,0.0370699,0.00566941,-0.268094,0.580293,-0.0331928,-0.0253303,-0.348866,-0.109784,-0.0113458,0.00362066],[-0.285853,-0.16638,0.143715,0.207137,-1.56282,-0.0457145,-0.310653,0.135007,-0.242937,0.0120489,0.158604,-2.2704,0.0352474,0.0752106,-0.843605,1.21189,-0.592052,-0.0376445],[-0.0177633,-0.0711766,-0.324474,-0.149557,0.0684643,-0.174427,-0.0120005,0.0733861,-0.012803,-0.0161474,0.159094,-0.902547,-0.0104738,0.00733221,-0.43884,0.0685629,-0.0196987,-0.000682336],[-0.0158461,-0.0371398,0.0575438,-0.133835,0.0983443,0.0128763,-0.019317,-0.000762664,-0.00250935,-0.0170722,0.17231,-0.699256,0.00291612,0.0156325,-0.303205,-0.0106924,-0.00852798,-0.00580953],[0.00792307,0.0215517,0.157647,0.0365707,0.056744,0.0981084,0.00585849,-0.0163184,-0.00325326,0.011716,-0.03735,0.304609,0.0127015,-0.00396631,0.177205,0.0959319,0.0487899,0.0180695],[-0.0157464,-0.0508034,0.0226588,0.115033,-0.0020115,0.0916881,-0.0113486,0.00362159,-0.0180012,-0.00424107,-0.0291663,-0.362228,-0.0053253,-0.00349902,0.0640183,0.0427862,-0.0237312,0.00243079],[0.0161845,0.00537027,0.0282787,-0.00515702,0.190682,0.00451596,-0.00354256,-0.00546149,0.011394,-0.00801282,-0.050553,-0.467552,-0.0111918,0.00430664,-0.321796,-0.0575502,-0.0213059,-0.00922561],[-0.0115581,-0.0507678,-0.0608802,0.0201958,-0.0256182,-0.00257038,0.00339332,0.00723481,0.000566612,-0.000891471,0.0168758,0.248156,0.00265144,-0.0099776,0.166056,0.0663368,0.0050139,-0.00446954],[-0.0238579,-0.0114253,-0.18546,0.169523,0.196437,0.0404985,0.00426917,0.0434619,-0.0544166,-0.0326812,-0.381678,1.68152,0.00686452,-0.0452082,0.724894,0.0830792,-0.0251088,0.0268574],[-0.0593536,-0.250575,-0.232701,0.184434,-0.284663,-0.131834,0.0429823,0.186619,-0.0206488,-0.032605,-0.0869386,-0.411466,0.0445232,0.0445542,-0.329594,-0.149153,-0.0466021,-0.00183566],[0.0721408,0.147998,-0.180105,-0.125093,-0.108426,0.241085,-0.0879262,-0.0253338,-0.114826,0.0122153,0.0521585,-0.41329,-0.0568288,-0.0553887,0.366066,-0.068947,-0.0245107,-0.0470248],[-0.0513814,-0.041485,0.144357,-0.307916,-0.0189835,-0.611937,-0.110173,0.0136097,-0.079521,0.0471524,-0.478117,-1.66692,-0.0353864,-0.0702956,1.21062,0.337185,-0.04755,0.0505309],[-0.0153413,-0.0250405,0.00217148,0.0528699,0.0462671,-0.0707315,0.0139534,0.0107471,0.0052372,-0.00612718,0.0924204,-0.114417,-0.00979482,-0.00190381,-0.076849,-0.0100435,0.0270627,-0.00799431],[0.00215823,-0.000268715,-0.0114781,0.0126307,-0.00297433,-0.00663789,0.00347583,0.00436152,0.00128509,0.00121218,0.0213766,0.0368252,-5.70892e-05,-0.000737914,0.0213733,0.0123158,0.00604307,0.000960348],[0.100446,0.28009,0.667394,-0.10915,0.00920055,-0.454291,0.117066,-0.0131029,-0.0253123,0.111384,0.0598809,2.77666,0.018091,0.0280159,-0.228218,-0.212633,0.348455,-0.0157884],[-0.0938031,0.0284195,0.338285,-0.404284,-0.116138,0.00016917,-0.0450544,0.0542075,-0.00333563,-0.0496436,0.751263,0.51801,-0.0185089,-0.0372029,-0.224054,-0.283229,-0.0234005,-0.00634214],[-0.00826193,-0.0205425,-0.0464416,0.0315356,-0.026706,-0.0502421,0.00263866,0.00676087,-0.00447256,0.00412089,0.0291041,0.207204,0.00396158,-0.00151273,0.0288057,0.0361552,0.017904,-0.00224486],[0.0235964,0.0498041,0.0317554,-0.126099,0.0217502,0.0208428,-0.0273413,-0.00961712,-0.00711653,-0.0025888,0.0325264,-0.135168,-0.00363264,0.00354416,-0.110582,0.100631,-0.0115137,-0.00343516],[0.0341539,0.0338223,0.106749,0.132555,0.037894,-0.148409,0.066426,-0.0496404,0.0493635,-0.000744501,-0.20623,-0.944156,-0.00978263,0.0188039,-0.577172,-0.0390678,-0.0662204,0.018235],[-0.4639,-0.322022,0.364419,-0.0779039,0.954544,0.560579,0.150692,-0.0307317,0.0167587,0.157933,-0.624334,-1.42565,0.113799,0.123987,-1.52199,-0.322996,-0.240125,3.73462e-05]],"sigmahat":[[0.730532,0.762106,0.53645,0.643913,0.562726,0.718436,-0.0124305,0.00956822,-0.0235319,-0.0148474,0.679892,0.434028,-0.039628,-0.0410872,0.598725,0.449101,0.191184,-0.00588339],[0.762106,1.24393,0.660453,0.843482,0.227455,0.87701,-0.0607431,0.0378223,-0.109908,-0.0493364,0.732992,-0.4943,-0.0614009,-0.0546313,0.570621,0.465158,0.259943,-0.00856624],[0.53645,0.660453,5.31963,-0.422461,0.371596,2.02965,0.137439,-0.102912,0.138641,-0.00415494,0.48809,-0.0916102,-0.114647,-0.0737399,0.176131,0.166337,0.369219,0.0608318],[0.643913,0.843482,-0.422461,2.98691,0.443712,1.15335,0.215712,0.293089,-0.157688,0.0130877,0.700349,2.5492,-0.0066249,-0.082301,1.17155,0.588082,0.570928,-0.0296475],[0.562726,0.227455,0.371596,0.443712,4.99538,1.13831,-0.0831639,-0.199541,0.180238,-0.00177136,0.739331,0.567,0.0233661,-0.0346016,0.331121,0.0369446,0.0683534,0.0254891],[0.718436,0.87701,2.02965,1.15335,1.13831,4.93734,0.142209,0.00454613,0.0189854,0.0481863,1.37607,1.58383,-0.0424805,-0.0831657,2.0787,0.381767,0.600334,0.0818279],[-0.0124305,-0.0607431,0.137439,0.215712,-0.0831639,0.142209,0.26964,0.0544932,0.0345004,0.0622119,-0.254272,1.3247,0.0282282,0.0221185,0.197397,-0.0149379,0.127178,0.00044164],[0.00956822,0.0378223,-0.102912,0.293089,-0.199541,0.00454613,0.0544932,0.176357,-0.063975,-0.0100215,0.197198,1.00908,-0.00629,-0.00915367,0.00932516,-0.0354499,0.155503,-0.0266293],[-0.0235319,-0.109908,0.138641,-0.157688,0.180238,0.0189854,0.0345004,-0.063975,0.136104,0.0234817,0.0778812,0.187175,0.0127196,0.0143728,-0.0946153,-0.0319374,-0.0320463,0.017207],[-0.0148474,-0.0493364,-0.00415494,0.0130877,-0.00177136,0.0481863,0.0622119,-0.0100215,0.0234817,0.0773533,-0.00774115,0.997221,0.037311,0.0199223,0.169575,0.0209576,0.0637925,0.0025398],[0.679892,0.732992,0.48809,0.700349,0.739331,1.37607,-0.254272,0.197198,0.0778812,-0.00774115,6.61912,8.93264,-0.0201648,-0.187725,3.66319,1.04114,0.936902,0.0632165],[0.434028,-0.4943,-0.0916102,2.5492,0.567,1.58383,1.3247,1.00908,0.187175,0.997221,8.93264,99.4305,0.905114,-0.350608,22.9075,6.18713,3.84316,0.264225],[-0.039628,-0.0614009,-0.114647,-0.0066249,0.0233661,-0.0424805,0.0282282,-0.00629,0.0127196,0.037311,-0.0201648,0.905114,0.0600439,0.0378108,0.189164,0.0275757,0.0265822,0.00905682],[-0.0410872,-0.0546313,-0.0737399,-0.082301,-0.0346016,-0.0831657,0.0221185,-0.00915367,0.0143728,0.0199223,-0.187725,-0.350608,0.0378108,0.0713775,-0.497915,-0.137506,-0.0484262,-0.00574733],[0.598725,0.570621,0.176131,1.17155,0.331121,2.0787,0.197397,0.00932516,-0.0946153,0.169575,3.66319,22.9075,0.189164,-0.497915,16.2738,3.60486,1.65556,0.314976],[0.449101,0.465158,0.166337,0.588082,0.0369446,0.381767,-0.0149379,-0.0354499,-0.0319374,0.0209576,1.04114,6.18713,0.0275757,-0.137506,3.60486,3.51031,0.210549,0.0677751],[0.191184,0.259943,0.369219,0.570928,0.0683534,0.600334,0.127178,0.155503,-0.0320463,0.0637925,0.936902,3.84316,0.0265822,-0.0484262,1.65556,0.210549,1.14047,0.00428588],[-0.00588339,-0.00856624,0.0608318,-0.0296475,0.0254891,0.0818279,0.00044164,-0.0266293,0.017207,0.0025398,0.0632165,0.264225,0.00905682,-0.00574733,0.314976,0.0677751,0.00428588,0.037647]],"n":18,"lags":3}