{"betahat":[[0.0257977,0.0327029,0.0968335,0.0215229,-0.016458,-0.0179128,0.114259,-0.0124571,-0.00402209,0.00258507,0.0050359,1.47279,-0.243118,0.131541,-0.0125671,-0.0154648,1.74937,3.32096,0.00435161,-0.0788953,-0.0856434,0.0173658],[0.0884796,0.116281,0.334203,0.0728651,0.0510786,0.581938,-0.0120372,-0.0714614,0.042258,0.0322321,0.0239554,0.038998,0.198367,1.73868,-0.00312658,-0.00606552,0.369202,-0.00493656,0.0249098,0.337115,0.0966794,-0.00396524],[0.0540022,0.107517,-0.0108547,0.0660312,0.061093,0.314813,-0.0655734,-0.038584,0.0174816,0.00248513,0.0161931,0.0561317,-0.0218615,1.26271,0.00741047,0.00413379,0.477939,-0.0255853,0.0162893,0.251865,0.0810462,0.00461037],[0.00522098,-0.00697418,0.122424,-0.0211697,0.0117617,0.108238,0.0451716,0.014159,0.0219449,0.0276066,0.00649475,0.0172495,0.0129774,-0.259203,-0.00347811,0.00356311,-0.198538,-0.0627796,0.00596768,-0.0851669,-0.0168833,-0.00791051],[-0.0388618,-0.0486435,-0.161101,-0.0326426,-0.00372534,-0.163624,-0.0535176,-0.00118154,-0.0113284,-0.00589052,-0.0041701,-0.00564483,0.157332,0.406895,0.0109165,0.0043013,0.205486,-0.159706,-0.00411987,0.14069,0.0376272,0.00680358],[0.000589823,0.00419011,0.00593508,-0.0172183,-0.0962743,0.0183534,0.0284647,0.00336301,0.00744064,0.00941575,0.00379351,-0.0328203,0.061643,0.740796,0.0034262,0.00147066,0.176048,-0.0745136,0.00354268,0.100538,0.0499708,0.00679724],[0.00649209,0.0211597,0.0567399,-0.0315532,0.00907234,0.0858177,0.000312412,-0.00384636,0.0156182,0.0171863,0.00767853,-0.0202409,0.00719815,0.221534,0.00317212,0.00647395,-0.0650854,0.0347082,0.00765465,-0.0804068,0.00722021,-0.00113014],[-0.0876346,-0.20094,0.00693116,-0.189411,-0.00656452,-0.378954,0.183098,0.0478354,0.0257489,0.0611957,-0.055211,-0.0863758,0.0206209,-3.02344,-0.0392232,0.0223112,-1.44868,-0.0546677,-0.0538325,-0.0892722,-0.144596,-0.0489471],[-0.0446893,-0.0911924,-0.0575995,-0.156611,-0.0599161,-0.112903,0.0591777,0.456199,-0.0543145,-0.0459773,0.0158461,0.0110237,-1.2768,2.71254,0.0102769,0.00373417,1.64895,-0.190414,0.0173344,0.29081,-0.246716,-0.0254554],[-0.0387904,-0.0650899,0.0772784,-0.0030383,-0.0812443,-0.0948057,0.0205389,0.00807679,0.0871803,0.084725,0.000253848,-0.141646,0.0613085,0.240796,0.0125507,0.0228923,-0.65689,-0.0694921,-0.00039052,-0.115353,0.0363222,0.0384889],[-0.0348546,-0.0491661,0.0593051,-0.0196779,-0.0577395,-0.129333,0.0233415,0.00432795,0.0682082,0.0675966,-0.00718114,-0.104523,0.057369,0.400605,0.00725219,0.0223359,-0.69482,0.0620428,-0.00689765,-0.117596,-8.2468e-05,0.0212146],[0.0343657,0.0838007,0.0712952,0.00691047,-0.00937852,0.259224,0.0417473,-0.0227168,0.0704935,0.08529,0.0239176,-0.109618,-0.269746,0.35064,0.0114717,0.0283816,-0.649066,0.278956,0.0251218,-0.224799,-0.0966803,0.00937124],[0.00538749,0.00753419,0.011986,0.00154901,0.00200352,0.0130752,0.000788084,-0.0053115,-0.00165819,-0.00134144,-0.000786309,0.427948,0.0225829,-0.316609,-0.00164534,-0.00354918,0.476684,0.37064,-0.000684247,-0.0290073,0.0112549,0.00037082],[0.002558,0.00482325,0.0122635,-0.0138885,-0.00229946,0.0312914,-0.00355389,-0.00977638,-0.000693576,-0.000562906,0.00164168,0.0320368,0.143376,0.276984,0.0015834,-0.000733914,-0.0401785,-0.0123747,0.00164516,0.00191947,-0.00109848,0.000629107],[0.00063481,0.00168697,0.00148249,-0.000765447,0.000534323,0.00611324,0.000527823,-0.00077784,0.00113413,0.00112741,0.0006017,-0.00395501,0.00375331,0.166897,0.000347063,0.000118509,-0.00551257,0.0139846,0.000595909,-0.00334499,0.00170616,0.000721823],[-0.00790932,0.0305906,-0.17941,0.0274871,0.0762501,0.0208266,-0.0494072,-0.0179312,0.0481447,0.0429531,0.0213413,0.0527387,0.0709906,-0.215557,0.0445533,0.0320593,-0.315825,0.000633409,0.0225724,-0.177283,-0.0813399,0.0311996],[-0.016148,-0.00677955,-0.162425,0.106263,-0.0464738,-0.30997,-0.08206,0.0357554,0.0300183,0.0114546,-0.00513185,-0.187196,-0.0848365,-1.10092,0.0258896,0.0317433,-0.711893,0.104121,-0.00471745,-0.0302205,-0.116325,0.00803118],[0.0017115,0.00531384,0.00230646,-0.000997165,0.00478271,0.0174984,0.000540585,0.00115298,-0.000575251,-0.00047713,0.000480105,0.0365732,-0.0248388,0.00288911,0.0002502,-0.000732285,0.179842,0.0035102,0.000488626,0.00801201,0.0060291,0.00336095],[-0.00578142,-0.00680015,-0.00928603,-0.00196831,-0.000655672,-0.0122349,-0.000362345,0.000151985,-0.000568167,-0.000643068,0.000498838,0.127567,-0.0654425,0.118542,0.000798496,0.0018564,-0.0240917,0.492002,0.000494759,-0.0150768,-0.00903113,-0.0016683],[0.0388646,0.092476,0.031707,0.00711732,-0.023755,0.24744,0.0253964,-0.0321922,0.0582173,0.0716874,0.0205553,-0.113343,-0.212716,0.244881,0.00687492,0.0172849,-0.499215,0.302598,0.022428,-0.155285,-0.0574515,0.00771828],[0.00109942,0.0198086,-0.0325949,0.00764841,0.0213121,0.0486676,-0.0183341,-0.00699216,0.00361281,0.00350705,0.00258689,0.0301345,0.100904,0.493941,0.00780938,-0.00290515,0.294919,-0.0530093,0.00240866,0.0684718,0.0115666,0.0118804],[0.00263143,0.0262081,0.0526267,-0.080684,0.0483835,0.174806,-0.00553049,0.0314915,0.0218117,0.0104844,0.0243929,0.0362657,0.0035491,2.00757,0.0109742,-0.000605509,0.623988,-0.0277794,0.0232663,0.00816223,0.0938459,0.0152729],[0.0632712,0.019474,0.0977293,-0.0661998,0.138955,0.421221,0.00229437,-0.110558,0.205676,0.228775,-0.00239717,-0.31733,-0.30153,4.65284,0.0637697,0.0234802,6.63383,-0.260336,0.00022708,0.286662,0.139231,0.618125],[-0.0152575,0.00096742,0.070275,-0.0105135,-0.0448727,0.0159467,0.011746,0.00244233,0.0150681,0.0172442,0.00973385,-0.0270055,-0.196398,0.476942,0.00780941,0.00882301,0.0922527,0.121509,0.00935583,-0.21794,0.0400677,-0.00402642],[-0.00473629,0.0106615,0.0122767,-0.015456,-0.0281813,-0.00714179,0.00427761,-0.00219911,0.0174696,0.0141953,0.00612812,-0.0338929,-0.103892,0.371136,0.00355831,0.00364636,0.0653463,0.0131722,0.00617136,-0.116979,0.0298082,0.00132434],[-0.0103393,-0.0120368,-0.0231313,-0.00660823,-0.0179312,-0.0389141,0.00541419,0.00842285,0.00387634,0.00551141,-0.000639959,0.00544502,-0.0339599,-0.114299,-0.000341826,0.00367086,-0.0894964,0.0179357,-0.000906004,-0.0315513,-0.0190262,-0.00278549],[0.00322788,0.0134886,0.0141025,-0.0342341,-0.0111719,0.0186872,-0.0106909,-0.00435321,0.00582123,0.00263687,0.00254745,0.0143436,0.0419776,0.351483,0.00248357,-0.000745255,0.0785009,0.0212606,0.00256578,-0.022437,0.0266026,-0.0010359],[0.00125502,0.00262072,0.012667,0.025375,-0.0176282,0.0290289,0.0156461,0.00755796,0.00237815,0.00373621,0.00147523,-0.00109142,0.00592785,0.206236,0.00244187,0.000699462,0.0365286,0.0228393,0.00134602,0.000560238,-0.00249706,0.0023292],[0.00324321,0.00910513,0.0147003,-0.0055992,-0.00243903,-0.00268653,0.00268851,-0.00204971,0.00489926,0.00445981,0.000637245,-0.0170994,-0.0262415,-0.0169327,-0.000611281,0.00281819,-0.0805007,0.0152389,0.000700609,-0.0328959,-0.00935417,-0.000895713],[0.00427396,0.0135201,0.0614668,-0.0384646,-0.0497515,-0.0844014,-0.0171501,0.0204227,-0.00890745,-0.00989259,-0.0110433,0.0438317,0.117147,-0.364046,-0.00738975,0.00179937,-0.0672603,-0.0371408,-0.0115902,0.0629319,-0.0279928,-0.0102917],[0.0237293,0.0615881,0.0717247,0.0121878,-0.00415965,0.0996386,-0.0244771,0.066312,0.00460364,0.00390321,0.00505298,-0.0735789,-0.30597,0.535556,-0.00194278,-0.00143923,0.50204,-0.122878,0.00496727,0.0679062,0.105232,-0.00227698],[-0.0149601,-0.0329606,-0.0117502,-0.014798,-0.0150498,-0.0775459,0.00333628,0.000303053,0.0124256,0.0125538,0.00023096,-0.0122345,0.0128222,0.173864,0.00368231,0.00526899,-0.229103,0.0511048,0.000266298,-0.0333442,-0.0218633,0.00552143],[-0.00907848,-0.0167052,-0.0197311,0.00536476,-0.00949066,-0.0713312,-0.00626533,0.00303189,0.00702114,0.00558314,-0.00169607,-0.00262487,0.0293006,0.0890901,0.00256893,0.00357341,-0.113866,0.0275949,-0.0015972,-0.00851351,-0.00277484,0.00542812],[-0.00438134,-0.0107648,0.000170619,-0.00410112,0.0173153,-0.0186221,-0.014356,-0.0043442,0.00870263,0.00799781,-0.00612131,-0.0263104,-0.00632826,-0.0988528,0.00173055,0.00646832,-0.148814,0.0404089,-0.00590565,-0.0119343,-0.0216549,-0.00156166],[0.00423617,0.00456486,0.00563128,-0.000376213,-9.61795e-05,0.00311757,0.00124228,-8.74018e-05,-8.96916e-05,0.000175145,-3.02277e-05,0.10127,-0.0089582,-0.0808269,-0.000622709,-0.000626565,0.134467,0.0987937,-8.29582e-05,-0.00195931,0.00483823,0.000431617],[0.000666284,0.00143072,-0.000662716,-0.00234416,0.000291274,0.00523806,-0.000383967,-0.00317216,-0.000265596,1.64863e-05,0.000138755,0.00876677,0.0210312,0.0519751,0.000173858,2.46809e-05,-0.0167767,0.000805391,9.7263e-05,-0.00643184,-0.00112345,-0.000210222],[6.07814e-05,0.000177998,0.000302465,-0.000134713,-2.83311e-05,0.000239942,-6.51418e-05,-0.000221312,0.000148859,0.000159801,2.88923e-06,-0.00099308,2.58023e-06,0.0311511,2.46629e-05,5.76862e-05,-0.00285033,0.00407666,7.03121e-06,-0.00108238,0.000129368,6.30459e-05],[-0.00458412,-0.025877,-0.00997971,-0.0108861,0.0234358,-0.0271905,-0.0141395,-0.0104668,0.00723087,0.00703575,-0.00505087,-0.0209343,-0.0496243,-0.443259,-0.000722139,0.00205532,-0.155441,-0.00167376,-0.00461639,-0.11804,-0.0222091,0.00385355],[-0.0114345,-0.0336828,-0.0420216,0.0100698,0.00868886,-0.0644987,-0.0148542,-0.00617793,0.00548571,0.00280335,-0.000330548,-0.0221854,-0.0525844,-0.177779,0.00426627,0.00342737,-0.119402,-0.0152763,-0.00039234,-0.0182847,-0.029448,0.0026491],[0.000341034,0.000834034,0.000732539,0.000135586,0.000711965,0.0019873,0.000417872,0.000453918,0.00012285,8.37938e-06,-0.000108377,0.00461821,-0.0105862,-0.0186299,-0.000194498,-3.63684e-06,0.0283555,-0.000685951,-0.00011048,-0.00208542,0.00101589,0.000439917],[-0.000402181,-0.001028,-0.00150902,0.000273609,-0.00206252,-0.00172283,-0.000872345,0.000738936,4.14477e-05,-9.79699e-05,-1.89404e-05,0.0334817,-0.00241886,0.0492384,0.000239846,0.000272208,0.00694898,0.120549,-3.86738e-05,0.00167719,-0.00165559,0.000116657],[0.00651206,0.00946191,0.032959,0.0120317,0.03312,0.0237554,-0.00706444,-0.0100498,0.0132294,0.0113798,-0.00616677,-0.0449728,0.0906769,0.189599,0.000620742,0.00260106,-0.122885,-0.0185324,-0.00620015,0.0493405,-8.63298e-05,0.00440652],[0.00494999,0.0129088,0.00956852,0.000151052,-0.0048683,0.0261366,-0.00334747,-0.00252472,0.00099491,0.00051982,0.00152557,0.00518756,0.00857232,0.00779757,0.0010823,0.000360498,0.0316592,-0.0156202,0.00167041,0.00386068,0.00857085,0.001671],[0.0112562,0.00912148,0.0392236,-0.0215709,0.0218606,0.0555176,0.0144876,0.000423064,0.0129845,0.015127,0.00269549,-0.0289361,-0.0252116,0.58638,-0.0037449,-0.00353798,0.00582322,-0.0193566,0.00277296,-0.0187826,-0.00206791,0.00683414],[-0.00218897,-0.0689501,-0.0193903,-0.0711253,-0.0903444,-0.177625,-0.0362183,0.0257628,-0.0269898,-0.033522,-0.00203933,-0.0818519,-0.436994,-0.491494,0.00263774,0.0153406,0.764443,0.363976,-0.00327184,-0.188027,-0.160675,0.0711498],[-0.00467175,-0.00336747,-0.00311211,-0.0127541,0.0113102,-0.0161275,0.00876705,-0.000815861,0.0080871,0.00722475,0.00164523,0.0105587,-0.103992,-0.181402,0.00114347,0.00498028,-0.0272054,0.0745784,0.00179818,-0.0695772,-0.0045202,-0.00103855],[0.000430833,-0.00587276,0.00331123,-0.00194494,0.0158769,-0.00601146,0.00782272,-0.0036426,0.0108543,0.00870875,0.00248151,0.00567132,-0.0578475,-0.00218771,0.00134737,0.00300497,-0.052349,0.0242897,0.0025705,-0.0462855,0.00718629,-0.00109757],[-0.00283546,-0.00325445,-0.00803555,0.00410971,0.00371364,-0.0211866,-0.00119197,-0.000919217,0.00138827,0.00164217,-0.000288984,-0.00709145,-0.0120443,-0.00795925,0.000178355,0.00174441,-0.051572,0.000627357,-0.000238981,-0.00652239,-0.00680461,0.000577891],[0.000984644,-0.000871257,0.00373172,-0.00492155,-0.00333801,0.0176238,-0.00189649,-0.00140039,0.00172261,0.000195822,0.00168597,0.0102441,0.00699246,0.0363212,0.000951762,-0.000297473,0.0291628,0.0181284,0.00169963,0.00688367,0.00729156,0.000379824],[0.00302439,0.00512015,0.00811603,-0.00156166,-0.000663237,0.00671359,0.0025693,0.00105733,-0.000408139,0.000550034,-0.00164861,0.00324254,-0.00621419,-0.0569905,-0.00123513,0.000754633,-0.0313523,0.00125583,-0.00172143,0.00193065,-0.0101522,-0.00167356],[0.000277955,-0.00192122,-0.00343963,0.00331648,0.00467341,-0.0115474,0.00153529,-0.000676251,0.00317996,0.00278317,0.000322556,-0.0103302,-0.0161274,0.00372042,5.36347e-06,0.000994515,-0.0260638,-0.0115164,0.000274217,-0.00866498,-0.00112314,-0.000177175],[0.00851377,0.0143896,-0.0154888,0.0286546,-0.0252843,-0.0187067,-0.016329,0.00660319,-0.00514487,-0.00604853,0.00139069,0.0595399,-0.00964472,0.0264109,0.000290276,-0.0012454,0.0565324,0.0549174,0.00131372,0.0597965,-0.00955014,0.00238041],[-0.000716606,0.0185755,0.0220327,0.0361975,-0.0646876,0.0190512,-0.0184026,0.0476603,-0.00369418,-0.00298405,0.000491248,-0.0699048,-0.163359,0.154855,0.00150706,0.00156797,0.2623,-0.143393,-0.000167435,0.0564147,0.031388,0.00108835],[-0.00765128,-0.0185152,-0.0164251,-0.00980333,0.00697839,-0.0433731,-0.00189674,-0.00145233,0.0037426,0.00439741,-0.000543192,-0.00215253,0.00826494,0.0298846,0.000506605,0.000507112,-0.0997583,0.0117814,-0.000525222,-0.041088,-0.0137898,0.001782],[-0.00440434,-0.0107699,-0.013936,-0.0059323,0.000573695,-0.0295412,-0.00275264,0.000680555,0.0016076,0.0018288,-0.00015296,0.01403,0.00121453,0.00135561,0.000891575,0.000384885,-0.0207572,0.0122655,-0.000215123,-0.0178493,-0.00864552,0.00288725],[-0.00324993,-0.0142355,0.0115412,-0.00928507,0.0189433,-0.0368237,0.00576702,0.00127862,0.00613438,0.00592689,-0.00125085,-0.0141621,-0.01203,-0.0309656,-0.00082219,0.000909371,-0.0710488,-0.00707431,-0.00103524,-0.0145959,-0.00357934,-2.45217e-05],[0.000845667,0.000841186,0.000634534,0.00147105,-8.29281e-05,-0.00142678,0.00132973,0.00111847,0.000554372,0.000604135,-0.000242002,0.0396246,-0.0107233,-0.0260671,-0.000352047,-0.000457572,0.060335,0.0423088,-0.000222585,0.00312176,0.00223454,0.000454592],[0.000371437,0.000339387,-0.00102335,-0.000124149,0.00111622,-0.000516259,-9.04413e-05,-0.00142429,-9.57232e-05,5.49576e-05,-8.68764e-05,-6.75124e-05,0.00436811,0.0168932,-0.000117321,0.000134267,-0.014443,-0.00199276,-6.44251e-05,-0.00422925,-0.000499245,-0.000404778],[8.01088e-06,-0.000177989,-0.00010652,-7.88429e-05,8.10278e-05,-0.000719746,-0.00011736,-3.49225e-05,4.22552e-05,3.14915e-05,-9.62794e-08,-0.000936085,-6.62868e-05,0.0113914,-2.83973e-06,3.10783e-05,-0.00157841,0.00143555,-7.42761e-07,-0.00083431,-7.44084e-05,2.21557e-05],[-0.00202181,-0.0143588,0.0121738,-0.014786,0.0329411,-0.0407577,-0.00558158,-0.00668095,0.00427988,0.00159945,-0.000508047,-0.0194801,-0.0221511,-0.00120374,-0.000444185,8.85156e-05,-0.0434274,-0.0205788,-0.000313017,-0.0898159,-0.00555063,0.00458664],[-0.0061486,-0.0137996,-0.0127514,0.00726305,0.0130553,-0.0238747,-0.00203177,0.00521877,0.000789342,0.00148769,-0.00149948,0.0333797,0.00109575,-0.0603152,0.000396225,-0.00325186,0.0178947,0.0199398,-0.00141742,-0.0100701,0.00342365,0.000464925],[0.000258004,0.000298338,0.000410823,0.00043149,-0.000163683,-0.000448715,1.47555e-05,0.00044107,5.5383e-05,-2.18401e-05,-4.32214e-05,0.000847877,-0.0056737,-0.012436,-9.89794e-05,3.28569e-05,0.0119443,-0.000386529,-4.31244e-05,-0.000231927,0.000578826,0.000194454],[0.000199637,0.000179742,-0.000619719,0.000437883,-0.000271084,0.000976154,-0.000407766,0.000168441,0.000373232,0.000294859,0.000235174,0.0151012,0.00215848,0.0190935,0.000256769,9.64693e-05,0.00354267,0.0513336,0.00021723,0.00185124,-0.000826824,0.000198063],[-0.00574519,-0.0150928,-0.00345016,0.00563777,0.00192582,-0.0494435,0.000239425,0.00409898,0.00740088,0.00545921,-0.000170534,-0.0323474,0.00611242,0.0237633,0.0022508,0.00207007,-0.0336071,-0.0684549,-0.000115278,-0.00212772,0.00022147,0.00252799],[0.00173659,0.003735,-0.00171854,0.00269007,-0.00240922,0.00729869,-0.00200389,-0.000521691,0.000240611,-0.000368664,0.000693866,-0.00321429,-0.00252481,-0.0143807,0.000194711,0.000395633,0.00339287,-0.0112413,0.000740179,-0.00108785,0.00457686,-0.000250591],[0.00331449,-0.00172891,0.0279972,-0.00580382,0.0191609,0.00778215,0.0089804,-0.00735324,0.0103621,0.010258,-1.66032e-05,-0.00162306,-0.00892984,0.166838,-0.00209658,-0.000550306,-0.0142439,-0.00791548,8.17691e-05,-0.0179512,-0.00142531,0.00648896],[-0.000906571,-0.0349198,0.0625681,-0.045396,0.037138,-0.0735609,-0.0149686,0.0209742,-0.0280835,-0.0296539,0.00444805,-0.104885,-0.365565,-0.517096,-0.0030312,0.00732897,0.0364055,0.294843,0.00354354,-0.235287,-0.13943,0.0122065]],"sigmahat":[[0.704453,0.937893,0.930109,0.436786,0.475066,1.91894,0.00779224,-0.178653,0.0439305,0.0149793,0.0663116,1.65164,0.530804,4.37772,-0.0450294,-0.0536125,3.76857,1.58781,0.0666238,0.533456,0.355251,0.0491884],[0.937893,1.85252,1.33564,0.82627,0.224871,3.66258,-0.0730436,-0.198773,-0.061131,-0.0947432,0.115817,4.36521,0.625223,7.98925,-0.0436478,-0.112576,8.84604,4.89908,0.114743,1.86605,0.843957,-0.0306728],[0.930109,1.33564,7.72051,-0.870052,0.280098,6.40338,0.902043,-0.620161,0.901902,0.892503,0.227076,1.14326,1.22509,11.6105,-0.100225,0.0156655,2.59526,2.54014,0.228635,-1.25577,0.746468,0.356066],[0.436786,0.82627,-0.870052,3.1576,-0.162142,0.49201,0.10608,0.288079,-0.32844,-0.331685,-0.0762572,2.95053,-0.325051,-3.90364,-0.0451354,-0.10788,2.62876,4.12868,-0.0767983,2.97852,0.444499,-0.201232],[0.475066,0.224871,0.280098,-0.162142,4.14855,1.43649,-0.199096,-0.463466,0.219975,0.149744,0.0871422,-0.626426,0.573006,6.09845,0.0232759,-0.019681,2.53427,-3.02375,0.0919976,-1.28482,0.188985,0.241982],[1.91894,3.66258,6.40338,0.49201,1.43649,14.5877,0.659057,-0.869069,0.592096,0.58158,0.557061,6.77043,3.35624,33.6313,0.0325521,-0.212279,21.1186,5.3751,0.553499,3.90307,2.29253,0.43855],[0.00779224,-0.0730436,0.902043,0.10608,-0.199096,0.659057,0.822872,0.138935,0.257359,0.325951,0.0301796,2.05922,-1.35507,0.253044,-0.0215749,0.0599803,-0.397786,5.24173,0.0310487,-0.51351,-0.117708,0.0433938],[-0.178653,-0.198773,-0.620161,0.288079,-0.463466,-0.869069,0.138935,1.33985,-0.266167,-0.253175,-0.0303919,0.97618,-4.02591,-4.23908,-0.00867559,-0.00243374,3.08804,0.919526,-0.0325929,0.898317,-0.104538,-0.233552],[0.0439305,-0.061131,0.901902,-0.32844,0.219975,0.592096,0.257359,-0.266167,0.47769,0.48011,0.0502866,0.0209988,-0.0794341,4.44334,0.0161217,0.0853362,-0.134741,1.27587,0.0509151,-1.16772,0.0640138,0.278932],[0.0149793,-0.0947432,0.892503,-0.331685,0.149744,0.58158,0.325951,-0.253175,0.48011,0.520591,0.044451,-0.168922,-0.148369,4.25673,0.018368,0.0947454,-0.503419,1.13152,0.0446784,-1.0944,-0.0366614,0.295195],[0.0663116,0.115817,0.227076,-0.0762572,0.0871422,0.557061,0.0301796,-0.0303919,0.0502866,0.044451,0.0817543,0.645188,-0.169384,3.0757,0.0259036,0.00670636,1.30225,1.16243,0.0809494,-0.131862,0.11576,0.0191264],[1.65164,4.36521,1.14326,2.95053,-0.626426,6.77043,2.05922,0.97618,0.0209988,-0.168922,0.645188,1028.14,-198.644,-64.5711,0.270341,-0.440757,998.881,1977.56,0.645086,-42.0214,3.88251,6.35481],[0.530804,0.625223,1.22509,-0.325051,0.573006,3.35624,-1.35507,-4.02591,-0.0794341,-0.148369,-0.169384,-198.644,81.3372,57.5438,0.0188964,-0.374413,-215.731,-400.715,-0.174639,13.8755,0.649467,-1.84616],[4.37772,7.98925,11.6105,-3.90364,6.09845,33.6313,0.253044,-4.23908,4.44334,4.25673,3.0757,-64.5711,57.5438,787.647,1.59848,-0.726891,30.7088,-64.6307,3.0652,13.3841,11.9923,5.33066],[-0.0450294,-0.0436478,-0.100225,-0.0451354,0.0232759,0.0325521,-0.0215749,-0.00867559,0.0161217,0.018368,0.0259036,0.270341,0.0188964,1.59848,0.0511799,0.0246476,1.13336,0.429099,0.0254873,0.128912,0.0142752,0.0614818],[-0.0536125,-0.112576,0.0156655,-0.10788,-0.019681,-0.212279,0.0599803,-0.00243374,0.0853362,0.0947454,0.00670636,-0.440757,-0.374413,-0.726891,0.0246476,0.0745183,-1.40062,0.1237,0.00639802,-0.404952,-0.143992,0.0343111],[3.76857,8.84604,2.59526,2.62876,2.53427,21.1186,-0.397786,3.08804,-0.134741,-0.503419,1.30225,998.881,-215.731,30.7088,1.13336,-1.40062,1176.97,1876.61,1.29766,-23.2463,11.3949,13.8395],[1.58781,4.89908,2.54014,4.12868,-3.02375,5.3751,5.24173,0.919526,1.27587,1.13152,1.16243,1977.56,-400.715,-64.6307,0.429099,0.1237,1876.61,3908.67,1.16279,-93.0119,2.86119,12.827],[0.0666238,0.114743,0.228635,-0.0767983,0.0919976,0.553499,0.0310487,-0.0325929,0.0509151,0.0446784,0.0809494,0.645086,-0.174639,3.0652,0.0254873,0.00639802,1.29766,1.16279,0.0808208,-0.132358,0.112042,0.0198422],[0.533456,1.86605,-1.25577,2.97852,-1.28482,3.90307,-0.51351,0.898317,-1.16772,-1.0944,-0.131862,-42.0214,13.8755,13.3841,0.128912,-0.404952,-23.2463,-93.0119,-0.132358,20.9696,1.12709,-0.466332],[0.355251,0.843957,0.746468,0.444499,0.188985,2.29253,-0.117708,-0.104538,0.0640138,-0.0366614,0.11576,3.88251,0.649467,11.9923,0.0142752,-0.143992,11.3949,2.86119,0.112042,1.12709,2.55135,0.0556664],[0.0491884,-0.0306728,0.356066,-0.201232,0.241982,0.43855,0.0433938,-0.233552,0.278932,0.295195,0.0191264,6.35481,-1.84616,5.33066,0.0614818,0.0343111,13.8395,12.827,0.0198422,-0.466332,0.0556664,0.744071]],"n":22,"lags":3}