{"betahat":[[1.41156,2.77215,-3.95719,4.45484,-1.54653,0.349432,-0.460074,0.536828,-0.170083,-0.281575,-0.323144,2.78528,4.08404,3.99152,0.17694,-0.0759074,4.17441,4.04497,1.79838,-0.11081],[1.00484,0.0616874,0.774151,0.124811,0.37513,0.84575,-0.0416429,-0.134407,0.0679877,0.0635647,0.00462695,0.139474,0.342883,0.341043,-0.00966812,-0.0253654,0.273638,0.545751,-0.0659336,0.0127329],[0.0850075,1.08081,-0.198695,0.238196,0.000259692,0.415518,0.0168035,-0.0282168,0.000493051,-0.0478486,0.0497249,0.11272,-0.109706,1.33927,0.00010583,-0.0161257,0.410857,0.583447,0.0714076,-0.000795491],[0.00876704,-0.0182834,0.886964,-0.0517255,0.0408795,0.146264,0.0111861,-0.00137718,0.0128917,0.0242183,0.00622573,0.0954624,0.194228,-0.054138,-0.00489218,-0.00134437,0.142462,0.000857145,-0.00067857,-0.00870656],[-0.0548924,-0.0550574,-0.047147,0.657317,-0.0761153,-0.148737,0.00883009,-0.0065783,-0.0104645,0.0238648,0.00375896,-0.0662806,0.145105,0.153335,0.00787265,0.00871091,-0.0161282,0.121728,0.0560965,0.0112892],[-0.0395691,-0.0222443,-0.166539,-0.100631,0.503136,-0.144617,0.00146013,0.00792111,-0.00386841,-0.00169468,0.00631708,-0.0156128,0.148427,0.786061,0.021631,0.0111748,0.426769,0.11856,0.053147,0.0124131],[0.00113658,0.0181668,0.0339547,-0.0151649,0.0298725,0.825384,0.000778295,0.0135236,0.00458729,0.00411303,0.0148996,-0.0828302,0.00368708,0.42445,0.00933067,0.0112547,-0.0274021,-0.0667318,0.040252,-0.000490861],[-0.119576,-0.206253,-0.182548,-0.350181,-0.375627,-0.161336,1.10479,-0.0852525,0.114754,0.0971288,-0.00158293,-0.487979,0.0930423,-4.43188,-0.0679645,0.0172801,-1.01769,-0.785857,0.181017,-0.0295314],[0.0861606,-0.00423109,-0.317027,-0.432708,0.163268,0.0549278,0.193594,0.768672,-0.0365405,-0.0365467,0.050823,0.60761,0.554848,4.70756,0.0198709,-0.016467,0.813966,-0.368169,-0.653333,0.00729653],[-0.125846,-0.231878,0.263339,0.421883,0.176725,0.306657,0.153207,0.00170426,1.11231,0.183588,0.0385737,-0.0404798,0.474964,1.72276,0.106272,0.0350336,1.0913,0.437507,0.480768,0.126986],[-0.180781,-0.17524,0.161749,-0.39146,0.0747198,-0.432412,-0.0730477,-0.0283289,0.0545171,1.04104,-0.0931304,-0.0533004,0.219529,-1.75527,0.035825,0.108849,-1.38939,-0.241606,-0.22308,0.00335104],[0.451234,0.853069,-0.199695,1.19236,-0.702826,0.674349,0.271809,-0.000549124,0.234452,0.427473,0.931547,-0.473881,-1.28129,-2.36892,-0.0334487,0.104591,-2.71926,-0.416008,-0.308431,-0.0310906],[-0.0709402,-0.0430565,0.116764,-0.0113087,-0.0877131,0.0767296,-0.0100537,-0.00751639,-0.0212186,-0.0168317,0.000627112,0.842392,-0.0416904,-0.846792,-0.0148927,-0.0150785,-0.0948797,-0.186807,0.0253605,0.00673293],[0.0125638,0.0377866,0.196408,-0.0740629,-0.136887,0.258825,-0.0173594,0.0104745,-0.00178658,0.00637837,0.00761673,-0.0145742,1.08018,0.55265,0.00331454,-0.00568747,0.145839,0.201453,-0.00422992,0.0109796],[-0.00333604,-0.00201642,0.0131383,-0.0186079,-0.00641479,0.0245519,0.00348165,-0.00327616,-0.000583198,-0.00139211,0.0013369,0.00788393,-0.030606,0.957963,0.0012401,0.00218063,-0.0360153,0.00759893,0.0120674,-0.000368543],[-0.18998,-0.337387,-0.879795,0.77027,0.12256,0.221286,0.280757,-0.00579769,0.152365,0.242535,0.0452965,0.630448,0.495764,0.143316,1.0549,-0.0174821,1.73851,2.41973,-0.588553,0.193751],[0.274379,0.754256,-0.205085,0.456358,0.313307,-0.988362,-0.345586,0.146874,-0.146453,-0.331378,-0.0407523,-0.554506,-0.149206,-5.06592,-0.0116992,0.925215,-0.488615,0.313351,0.0492144,-0.0617523],[0.014206,0.0273686,0.0708774,-0.020909,0.107455,0.137967,0.0152529,-0.0131179,0.0155353,0.0145695,0.0107116,0.043368,0.043498,-0.195884,0.00869013,0.00671086,1.06809,0.0161019,0.0197924,0.00831089],[0.0131712,0.0367566,-0.110143,-0.0133225,0.101237,-0.138472,-0.014725,-0.0139126,0.00957619,0.00121124,0.00137966,0.0469275,0.0442353,-0.0352762,0.00075548,-0.00142538,-0.0101978,0.427911,-0.0692398,0.00153465],[-0.0649801,-0.0608588,0.16861,-0.336613,0.149994,0.161396,0.112312,0.0697954,0.0307276,0.0187515,0.0845068,0.0560363,-0.437988,2.2851,0.00917427,0.00810396,0.252934,-0.289337,0.373245,0.00270507],[0.614386,0.202514,-0.519896,-0.237871,0.785568,-0.39053,0.197276,-0.0740106,0.147552,0.208091,-0.186209,-0.359058,-0.0188797,2.25929,-0.175327,-0.127809,1.62974,-0.0470133,0.689667,0.991804],[-0.0225518,-0.0757765,-0.386138,-0.0347458,-0.406931,-0.551409,0.0734889,0.035958,-0.0110832,0.0050179,0.0142514,-0.119704,-0.470852,1.87471,0.0328706,0.0205216,0.406389,-0.526695,0.107954,0.0109811],[-0.0939078,-0.0728761,0.141443,-0.126257,-0.130306,-0.41895,0.023532,0.0261378,0.0296198,0.0599825,-0.0275832,-0.20109,-0.0230909,0.36448,0.00477564,-0.000308812,0.0817567,-0.410985,-0.0615717,0.0164898],[-0.00713196,0.0083835,-0.0572025,0.0198695,-0.093799,-0.234279,-0.0209167,0.0170918,-0.0149609,-0.0192748,-0.0179149,-0.0407646,-0.151711,-0.340124,-0.0094157,0.00431543,-0.336553,-0.0758117,-0.0432049,-0.0112234],[0.0541363,0.0739071,0.0445629,0.203661,0.0670556,0.107096,0.0207568,-2.78514e-05,0.0442579,0.00731112,0.00944811,0.0342002,-0.0906538,0.995253,0.00267816,-0.007567,0.105619,-0.0566675,-0.0164034,-0.00662715],[0.0212402,0.00515512,0.130648,0.119862,0.315396,0.147114,0.0109628,0.00221197,-0.00190575,-0.00248591,0.00306961,0.000283633,-0.077331,-0.0834222,-0.0085485,-0.0159415,-0.0471303,-0.0607419,-0.0137461,-0.000329535],[0.00977658,0.0287785,0.034559,-0.0203577,0.0101438,0.189936,-0.00552506,-0.0196252,-0.00445603,-0.00765316,-0.0117854,0.037583,-0.0154685,-0.570135,-0.0112585,-0.00314596,-0.0934541,-0.0338695,-0.0403283,0.00394527],[0.124144,0.200441,0.3644,0.184526,0.116307,0.205786,-0.0973442,0.0484806,-0.073294,-0.0928212,0.0457232,0.337618,0.342414,2.94844,0.0511646,0.0108904,0.475923,0.572311,-0.0851185,-0.00627828],[-0.0172535,0.125668,0.533565,0.0232697,0.447306,0.0923578,-0.241026,-0.0187894,0.100558,0.0882808,-0.00539552,-0.492097,-0.292181,-2.84514,-0.0504684,-0.0333162,-0.149857,-0.173328,0.750888,0.00669205],[0.0407215,0.0705511,-0.280645,-0.180699,-0.0834372,-0.529891,-0.0303193,0.0228628,-0.0997627,-0.116101,-0.0135444,-0.0179748,-0.624339,-0.711839,-0.0197376,-0.00473139,-0.869946,0.0663582,-0.389726,-0.0621088],[0.15485,0.163509,-0.198508,0.446949,-0.0267885,0.0910773,0.0362179,0.0527598,-0.0934665,-0.105826,0.0750527,-0.0454035,-0.112971,1.89007,-0.000443326,-0.056171,0.872792,0.624214,0.118741,0.00254645],[-0.438199,-0.83491,0.16227,-1.00236,0.93812,-0.0861223,-0.224796,-0.0652997,-0.159494,-0.312995,-0.0373597,0.181471,1.85581,3.47696,0.0639621,-0.0494287,1.19725,0.752673,0.123918,-0.00438367],[0.144575,0.125312,-0.116119,0.0211334,0.0482294,-0.115679,-0.0233649,-0.0218869,-0.0257649,-0.00599059,0.00334431,0.105878,-0.0880043,-0.478743,-0.00441295,0.0171865,-0.193405,-0.173338,-0.0559945,-0.0043681],[0.000391607,-0.0110435,-0.177965,0.0373333,0.0700358,-0.143725,0.00987725,-0.0233235,0.00266116,0.00310809,0.00103883,0.035887,-0.156898,-0.261744,0.00866306,0.00751715,-0.0307897,-0.101454,-0.0177778,0.00106641],[0.00230182,0.00547889,0.0010939,0.0147856,-0.00107656,-0.00727117,-0.00318974,0.00160965,-0.00107752,0.000505946,-0.00164206,0.000320863,0.0143231,0.0458333,-0.000408767,-0.000718364,0.0166128,0.0449945,-0.0123972,-0.000919297],[0.228854,0.221973,0.884096,-0.543424,-0.0375778,0.92066,-0.34309,-0.0229052,-0.105785,-0.189971,-0.161843,-0.438231,-0.501588,-1.55513,-0.0946669,-0.0332092,-1.17487,-1.83627,0.193102,-0.155072],[-0.17271,-0.664618,0.169554,-0.379411,-0.376859,0.964153,0.308289,-0.234417,0.12697,0.289488,0.0867229,0.439364,-0.609741,4.51829,-0.00326863,0.0696841,0.711133,-0.0405018,-0.133364,0.0526307],[-0.00947295,-0.015627,-0.0379062,0.0017761,-0.0746032,-0.077076,-0.0127892,0.00975726,-0.0102986,-0.0114271,-0.0147552,-0.00418069,-0.0588436,0.0467423,-0.0111905,-0.00409521,-0.0874303,-0.0231214,-0.0282446,-0.0058682],[0.0172241,-0.00331047,0.140166,-0.0250375,-0.0338591,0.0130405,0.0162332,-0.00219736,-0.000802445,-0.00646844,0.0106866,0.00140998,-0.11431,-0.277568,-0.00491337,-0.000535189,-0.0978977,-0.0463524,0.0236179,-0.00259224],[0.0277353,-0.0920901,0.186428,0.0217452,-0.0212199,-0.113585,0.111376,0.0289062,0.0456768,0.0972446,-0.0117273,-0.108917,-0.196508,0.263657,-0.0387566,-0.029282,-0.415557,-0.404497,-0.0051199,0.0184901],[-0.218339,-0.0428077,0.420706,-0.0576129,-1.86859,0.109715,-0.240524,0.149049,-0.281273,-0.356985,0.0782422,0.248232,-0.0801964,0.0462496,0.0396283,0.0488282,-0.216191,1.34631,-0.468155,-0.0587725],[0.0176857,0.01406,-0.388012,-0.0900999,0.0318014,-0.294368,-0.0318433,0.0984468,-0.0569025,-0.0685817,-0.0188758,-0.0197732,0.127941,-2.21582,-0.0231998,0.00484238,-0.679985,-0.0190986,-0.0420147,-0.0237126],[0.00887097,-0.00797426,0.0572473,-0.111986,0.13005,0.00339073,-0.04033,0.00207487,-0.0301071,-0.0121305,-0.0221377,0.0883653,0.13276,-1.70379,-0.00487748,0.0164317,-0.492534,-0.172527,-0.00982641,-0.0156916],[-0.00166825,0.00986509,0.170205,0.0317977,0.0529011,0.0879398,0.00972982,-0.0157185,0.00207228,-0.00494177,0.0116899,-0.0546837,-0.0425761,0.394073,0.0143101,-0.00297293,0.19412,0.0748996,0.0438836,0.0199304],[0.000723697,-0.0189,0.00260128,0.138958,0.00907888,0.0416221,-0.0295811,0.00660041,-0.0337871,-0.0311727,-0.0132012,0.0320555,-0.0544698,-1.14858,-0.0105462,-0.00114843,-0.089376,-0.0651443,-0.0396769,-0.00465833],[0.0183146,0.0170793,0.0358988,-0.0192498,0.181442,-0.00251702,-0.0124236,-0.0101315,0.00577104,0.00417775,-0.00938683,0.0153339,-0.0711132,-0.702743,-0.0130815,0.00476722,-0.379652,-0.0578237,-0.0393985,-0.0120841],[-0.0109444,-0.0469833,-0.0685157,0.0354572,-0.0400278,-0.0154021,0.00474627,0.00609795,-0.000126132,0.00354322,-0.00311321,0.0452549,0.0117231,0.145564,0.0019298,-0.00811123,0.120893,0.100537,8.52571e-05,-0.0034536],[-0.00496415,0.00523295,-0.181516,0.164918,0.259459,-0.0444735,-0.00734851,0.0366899,-0.0413482,-0.00425155,-0.0440796,0.149989,-0.435865,1.48361,0.0168358,-0.0282312,0.543153,0.212392,-0.0957796,0.0358524],[-0.0366272,-0.0946535,-0.145765,0.413663,-0.551529,-0.0593922,0.0520298,0.228034,-0.0612522,-0.0537943,-0.029189,-0.185118,-0.22008,-1.62826,0.0368221,0.0455476,-0.49974,0.464959,-0.0888611,-0.0120657],[0.0186227,0.0222633,-0.150373,-0.201608,-0.0204761,0.0550145,-0.0982136,-0.0264944,-0.055731,-0.0862497,-0.0150824,0.0417616,0.0827485,-0.722462,-0.0560395,-0.0247177,-0.0735964,-0.536209,-0.114456,-0.0431029],[0.00881843,-0.00619816,-0.0965781,-0.034865,-0.00295446,0.223427,0.0173728,-0.013504,-0.0272425,-0.0134845,0.0268967,0.065136,-0.0961767,0.253423,-0.00972115,-0.0346935,0.617347,-0.306353,0.120933,-0.00409873],[0.0273907,0.0306162,0.169329,-0.223769,-0.135227,-0.542436,-0.0603002,0.0529529,-0.0606578,-0.0957146,0.0757227,0.298515,-0.512304,-1.61119,-0.0385838,-0.0531586,1.29487,-0.211695,0.129639,0.0368906],[-0.0740634,-0.0830013,-0.000790659,-0.0104863,0.0396627,0.0385667,0.0335806,0.0293139,0.0471175,0.0229166,-0.00387192,0.0512588,0.129112,1.32655,0.0193657,-0.00216246,0.290149,0.358803,0.0307923,-0.00230305],[-0.0129401,-0.0266557,-0.0185404,0.0366473,0.0667574,-0.115483,0.00737693,0.0128553,-0.000945256,-0.00953558,-0.00870176,-0.0210508,0.0762972,-0.291968,-0.0119973,-0.00180243,-0.115801,-0.100013,0.0219371,-0.0120688],[0.00103115,-0.00341797,-0.0137644,0.00249183,0.00671826,-0.0191732,-0.000279405,0.00153994,0.00170578,0.00094263,0.000182684,-0.00730642,0.0143854,-0.0141406,-0.000857916,-0.00138703,0.017511,-0.0526331,5.94304e-05,0.00123402],[0.0436841,0.184393,0.436885,-0.198148,0.113974,-0.697845,0.0844553,0.0115228,-0.0588662,-0.054884,0.0869389,-0.312193,0.106207,1.29775,0.0036949,0.0360548,-0.537772,-0.349592,0.396926,-0.0255409],[-0.085814,-0.028962,0.142743,-0.0400287,0.0175604,0.128527,0.010039,0.100909,-0.00486571,0.0258923,-0.0667303,0.093504,0.868138,0.344962,-0.00715335,-0.013128,-0.46791,-0.0424303,0.0709369,0.000386124],[-0.00515922,-0.0125278,-0.0326492,0.0185715,-0.032501,-0.0606783,-0.00211071,0.00328066,-0.00504767,-0.00300228,0.0042079,-0.039749,0.0143515,0.150424,0.00258893,-0.00260976,0.0211805,0.00588303,0.00880115,-0.00237201],[-0.0138375,-0.0595195,-0.0327124,-0.0347187,0.0380571,-0.0134273,0.00387323,-0.0063925,0.0170836,0.0198518,-0.000771426,-0.0144147,-0.011941,-0.0436498,-0.000889362,0.00078895,-0.0887854,-0.0456029,0.00418646,0.00399805],[0.0529976,0.0777864,0.165398,0.166761,0.0596655,-0.0953356,0.087487,-0.0537988,0.0573644,0.0438932,0.0060686,0.110953,-0.243213,-0.493124,-0.00888851,0.0160274,-0.414905,-0.0829269,-0.0707611,0.0268141],[-0.495131,-0.35425,0.37615,0.113228,1.08536,0.35419,0.131171,-0.0194868,0.0663733,0.106228,0.0922313,0.148674,-0.417225,-2.85638,0.104497,0.129724,-2.07721,-1.0656,-0.301603,0.00581696]],"sigmahat":[[0.626116,0.622948,0.514525,0.449632,0.575695,0.569767,-0.0452953,-0.0245784,0.0299884,-1.88467e-06,-0.00626788,0.0153342,0.680695,0.704789,-0.0306408,-0.0357071,0.464726,0.337982,0.00945008,0.00447996],[0.622948,1.04385,0.663051,0.545391,0.191446,0.774386,-0.113717,-0.0172885,-0.0322755,-0.0629595,-0.0343475,0.0495223,0.805993,0.0768258,-0.0468236,-0.0482122,0.331242,0.71186,0.00314864,0.00150816],[0.514525,0.663051,4.93431,-0.363806,0.494416,1.86167,0.124003,-0.110914,0.152325,0.12197,-0.0191993,-0.19,0.616564,0.177079,-0.0965018,-0.0679625,0.204247,0.798297,0.274383,0.067926],[0.449632,0.545391,-0.363806,2.62231,0.312343,1.03041,0.150437,0.183696,-0.000557842,-0.0126373,0.0409307,-0.00796572,0.713066,2.9635,0.030852,-0.0370806,0.470894,1.80384,0.112192,0.00958616],[0.575695,0.191446,0.494416,0.312343,4.86592,1.01057,-0.0993766,-0.217349,0.170366,0.133281,-0.00401148,-0.0453,0.496245,-0.4113,-0.000874141,-0.0370175,0.139869,-1.42404,-0.0207884,0.0364285],[0.569767,0.774386,1.86167,1.03041,1.01057,4.80064,0.113854,-0.0406228,0.0918854,0.0588412,0.0307272,0.00457762,1.52997,1.68313,0.00428585,-0.0254697,1.28125,2.70935,0.280235,0.101314],[-0.0452953,-0.113717,0.124003,0.150437,-0.0993766,0.113854,0.258997,0.0281756,0.0635418,0.0667596,0.0719736,-0.0423351,-0.263387,1.69025,0.0404072,0.0321053,0.133489,0.52101,0.0737464,0.0126087],[-0.0245784,-0.0172885,-0.110914,0.183696,-0.217349,-0.0406228,0.0281756,0.134312,-0.0358506,-0.0361087,0.000231922,-0.055695,0.160994,0.973028,0.00233522,0.00101606,-0.141047,0.323478,0.0678952,-0.0172139],[0.0299884,-0.0322755,0.152325,-0.000557842,0.170366,0.0918854,0.0635418,-0.0358506,0.120813,0.0868234,0.0222326,0.0127666,0.0789324,0.306273,0.00720179,0.0087795,0.0109771,-0.0796523,0.0206116,0.0181342],[-1.88467e-06,-0.0629595,0.12197,-0.0126373,0.133281,0.0588412,0.0667596,-0.0361087,0.0868234,0.106085,0.0126621,0.00132262,-0.0728107,-0.0390961,0.0034187,0.00877401,-0.0536037,-0.103361,-0.0176214,0.0192119],[-0.00626788,-0.0343475,-0.0191993,0.0409307,-0.00401148,0.0307272,0.0719736,0.000231922,0.0222326,0.0126621,0.0773428,-0.0424527,-0.0117674,1.10071,0.037005,0.0202143,0.212698,0.0528329,0.085616,0.00127052],[0.0153342,0.0495223,-0.19,-0.00796572,-0.0453,0.00457762,-0.0423351,-0.055695,0.0127666,0.00132262,-0.0424527,1.35293,-0.475448,-2.07033,-0.0105529,0.0320975,-0.335351,0.542613,-0.130103,-0.0119656],[0.680695,0.805993,0.616564,0.713066,0.496245,1.52997,-0.263387,0.160994,0.0789324,-0.0728107,-0.0117674,-0.475448,6.25825,7.80597,-0.0243992,-0.17981,3.15631,1.85214,0.637052,0.0689865],[0.704789,0.0768258,0.177079,2.9635,-0.4113,1.68313,1.69025,0.973028,0.306273,-0.0390961,1.10071,-2.07033,7.80597,101.722,0.918967,-0.316655,22.7729,11.8009,3.49098,0.343448],[-0.0306408,-0.0468236,-0.0965018,0.030852,-0.000874141,0.00428585,0.0404072,0.00233522,0.00720179,0.0034187,0.037005,-0.0105529,-0.0243992,0.918967,0.0566772,0.035564,0.212923,0.118743,0.044288,0.00755897],[-0.0357071,-0.0482122,-0.0679625,-0.0370806,-0.0370175,-0.0254697,0.0321053,0.00101606,0.0087795,0.00877401,0.0202143,0.0320975,-0.17981,-0.316655,0.035564,0.0675693,-0.44484,-0.0634905,-0.022483,-0.00725414],[0.464726,0.331242,0.204247,0.470894,0.139869,1.28125,0.133489,-0.141047,0.0109771,-0.0536037,0.212698,-0.335351,3.15631,22.7729,0.212923,-0.44484,15.1488,3.97171,1.22162,0.33227],[0.337982,0.71186,0.798297,1.80384,-1.42404,2.70935,0.52101,0.323478,-0.0796523,-0.103361,0.0528329,0.542613,1.85214,11.8009,0.118743,-0.0634905,3.97171,13.5445,0.604202,0.0215762],[0.00945008,0.00314864,0.274383,0.112192,-0.0207884,0.280235,0.0737464,0.0678952,0.0206116,-0.0176214,0.085616,-0.130103,0.637052,3.49098,0.044288,-0.022483,1.22162,0.604202,0.920329,0.0197214],[0.00447996,0.00150816,0.067926,0.00958616,0.0364285,0.101314,0.0126087,-0.0172139,0.0181342,0.0192119,0.00127052,-0.0119656,0.0689865,0.343448,0.00755897,-0.00725414,0.33227,0.0215762,0.0197214,0.0358481]],"n":20,"lags":3}