{"betahat":[[2.53379,4.4186,-3.9675,5.85918,-1.93079,1.18571,-0.904575,0.62329,-0.361281,-0.531719,-0.193148,3.13221,5.10024,7.07254,0.227978,0.0153878,3.21641,2.41297,-0.199541,3.20293,2.25306,-0.236357],[0.984378,0.0362423,0.759863,0.0872289,0.399504,0.798845,-0.0428061,-0.136075,0.0676359,0.0628072,0.00263926,0.139338,0.292386,0.179207,-0.0108367,-0.0235685,0.2483,-0.238155,0.00968407,0.505843,-0.0858389,0.0151225],[0.0809704,1.07474,-0.192162,0.224894,-0.00346645,0.418397,0.0116505,-0.0232114,-0.00150805,-0.0469045,0.0450618,0.114064,-0.0751619,1.24773,-0.00254512,-0.0182563,0.484021,-0.0956376,0.0449625,0.581187,0.0769777,0.002496],[0.00291553,-0.0259422,0.8774,-0.0553226,0.0430944,0.138044,0.0130547,-0.00175185,0.0128941,0.023793,0.0064242,0.0903005,0.192946,-0.0391727,-0.00334758,-0.00125781,0.130371,-0.0858632,0.00593829,0.0018754,-0.000191027,-0.00872255],[-0.0675036,-0.0711405,-0.0475366,0.661622,-0.0818428,-0.141323,0.0171787,-0.00786399,-0.0102516,0.0248213,0.00652119,-0.0589485,0.10172,0.132237,0.00804008,0.00998476,-0.0411709,-0.195233,0.00533252,0.130216,0.0535267,0.0113457],[-0.0506406,-0.0392762,-0.178447,-0.10557,0.505836,-0.151262,0.00548955,0.00520629,-0.00321711,-0.00109192,0.0075262,-0.0129529,0.120025,0.749243,0.0227093,0.0148493,0.372515,-0.13395,0.00567849,0.127398,0.0489237,0.0107374],[0.000138347,0.0180024,0.0243246,-0.0176235,0.022829,0.815345,-0.000810417,0.0142391,0.0037611,0.00262558,0.0155102,-0.0751106,-0.00504458,0.389024,0.0086202,0.0108416,-0.0294531,-0.0847483,0.0156322,-0.0867205,0.0447914,-0.000588262],[-0.0847908,-0.162359,-0.126633,-0.331877,-0.317541,-0.131029,1.08311,-0.0757057,0.114107,0.0867825,0.00195571,-0.451627,0.207499,-4.0214,-0.0667786,0.00838414,-0.903915,-0.16989,0.00269731,-0.827212,0.202036,-0.0314825],[0.0631717,-0.0217772,-0.375892,-0.46646,0.137458,0.00944209,0.186864,0.76147,-0.0408018,-0.0390566,0.0390464,0.595811,0.426574,4.19976,0.0174355,-0.0010557,0.624177,-0.0653223,0.0640754,-0.3476,-0.646098,0.00678838],[-0.16728,-0.281852,0.250963,0.333239,0.132369,0.253001,0.146244,0.000396477,1.10128,0.174012,0.0289156,-0.0264247,0.388945,1.12603,0.0968041,0.0410727,0.91971,0.0791938,0.0280732,0.517172,0.459737,0.124197],[-0.197598,-0.179984,0.0458425,-0.333283,-0.0230157,-0.469703,-0.065924,-0.0144801,0.0400623,1.03037,-0.0874564,-0.0601164,0.156294,-1.71413,0.0372847,0.112611,-1.25155,0.288058,-0.081213,-0.24553,-0.187582,0.00715717],[0.217147,0.432301,-0.0725629,0.683921,-0.315698,0.311413,0.236644,0.0433541,0.16199,0.268829,0.980245,-0.288277,-0.808033,-0.87847,0.00204572,0.10527,-1.81328,0.102798,-0.0099965,0.0520439,-0.191568,0.00295219],[-0.0450277,-0.0172314,0.127883,0.011962,-0.0643625,0.133324,-0.0162485,-0.00711337,-0.0174175,-0.0140551,-0.000377067,0.839457,0.0313404,-0.653291,-0.0157823,-0.0242155,0.0127602,0.0303439,0.00125131,-0.179265,0.035647,0.00659007],[-0.0277357,-0.00802099,0.182333,-0.108297,-0.149711,0.203129,-0.0056279,0.0074035,-0.00485569,0.0071094,0.00469192,-0.00178954,0.991095,0.313951,0.00324317,0.00392753,0.0115846,0.094516,0.00343288,0.221031,-0.0150531,0.0103225],[-0.00393872,-0.00398417,0.0129678,-0.0193059,-0.00283202,0.0239312,0.00373612,-0.00309416,-0.000415765,-0.00134445,0.00144616,0.00853182,-0.0283371,0.963577,0.0014857,0.0018193,-0.0265105,0.0455795,0.0014614,0.0100824,0.0123758,-8.3645e-05],[-0.199775,-0.363624,-0.879546,0.619073,0.192553,0.180218,0.247577,0.0329487,0.123655,0.198217,0.0370843,0.650727,0.751015,0.407217,1.04702,-0.0262105,1.85033,-1.70984,0.0551095,2.26758,-0.504921,0.191638],[0.2425,0.714515,-0.199835,0.517033,0.306765,-0.961034,-0.310684,0.131794,-0.140739,-0.322218,-0.0281494,-0.579595,-0.239206,-4.66686,-0.00243749,0.917816,-0.370622,0.699545,-0.0238855,0.420467,-0.015375,-0.0536747],[0.00665069,0.0220871,0.0678497,-0.025476,0.100966,0.12149,0.0153399,-0.0124505,0.0131426,0.0134754,0.00775903,0.0453146,0.0307296,-0.260163,0.00763774,0.00788969,1.03425,-0.032694,0.00746462,0.0343583,0.015878,0.0080619],[-0.107806,-0.128089,-0.0695083,-0.0796235,-0.0511681,-0.171383,0.0306955,-0.0103434,-0.00552625,0.00256891,-0.000481061,0.0180207,-0.268717,-0.612634,0.00192248,0.0249588,-0.347954,1.09446,-0.00144253,0.0345107,-0.0461801,0.000347948],[0.292142,0.552491,-0.181186,0.672578,-0.693994,0.504859,0.0852321,-0.0896286,0.109797,0.237421,-0.0670634,-0.215064,-0.922862,-3.17166,-0.0380043,0.0393112,-1.45939,0.402457,0.925594,-0.151546,-0.235089,-0.0396096],[0.00654594,0.0253205,-0.116659,-0.0129733,0.0951971,-0.144234,-0.0104465,-0.0150141,0.0092982,0.00206605,0.0039633,0.0410434,0.0114966,-0.0477771,0.00214453,0.000549403,-0.0259885,-0.0572067,0.00279859,0.40278,-0.0732778,0.000931197],[-0.0434147,-0.0445375,0.208566,-0.326536,0.182626,0.192192,0.102327,0.0736304,0.0329487,0.0188304,0.0822766,0.0414443,-0.342438,2.46131,0.00563856,-0.000801488,0.295224,0.179048,0.0790466,-0.369154,0.372944,0.00442957],[0.60893,0.217998,-0.364818,-0.232517,0.830848,-0.3188,0.2387,-0.0937422,0.154835,0.227456,-0.181538,-0.328725,-0.340321,1.6269,-0.175085,-0.0923971,1.11128,-0.807734,-0.164939,0.274671,0.626521,0.983436],[-0.0231819,-0.0832993,-0.367555,-0.0267431,-0.410113,-0.536608,0.0789247,0.039792,-0.00901532,0.00773757,0.0176516,-0.132181,-0.417434,1.95346,0.0331103,0.0201369,0.405093,0.294226,0.0139555,-0.50667,0.123248,0.0121031],[-0.0951295,-0.0750623,0.114973,-0.115965,-0.125552,-0.42182,0.0286176,0.0241337,0.0282688,0.0554069,-0.0233086,-0.198857,-0.0332375,0.502487,0.00851486,0.00326906,0.0237276,0.0114544,-0.021476,-0.392875,-0.066339,0.0132486],[-0.00628991,0.00808397,-0.0456146,0.0199961,-0.0960897,-0.227194,-0.0198754,0.0180967,-0.0137995,-0.0193207,-0.0162955,-0.0418696,-0.153274,-0.323085,-0.00932238,0.00420385,-0.314463,0.0992401,-0.0170041,-0.0775072,-0.0422887,-0.00991495],[0.0458312,0.0656543,0.0335485,0.182478,0.0651715,0.07449,0.0171516,-0.00144954,0.0414794,0.00538284,0.00560881,0.0362387,-0.10541,0.850452,0.00171732,-0.00498514,0.0641522,0.229152,0.00657886,-0.0403432,-0.0254718,-0.00683744],[0.0176025,0.00361762,0.135742,0.115452,0.310669,0.133435,0.0107927,0.00296058,-0.00270215,-0.00237127,0.001426,0.00478364,-0.0935456,-0.148948,-0.0091291,-0.0149389,-0.0665149,0.116888,0.00220566,-0.0713637,-0.0171004,0.00030054],[0.00859914,0.0259403,0.0289254,-0.0161494,0.0122935,0.182115,-0.00376681,-0.0212476,-0.00378732,-0.00628019,-0.0108808,0.0319204,-0.020762,-0.531976,-0.00994112,-0.00295542,-0.0818325,0.0645085,-0.0106902,-0.0224541,-0.044275,0.00403972],[0.0892791,0.166222,0.307586,0.179,0.0400315,0.165227,-0.0808527,0.0423318,-0.0735206,-0.0847323,0.0405558,0.317045,0.185241,2.49569,0.0497188,0.0184614,0.359661,-0.301393,0.0360941,0.613433,-0.10108,-0.0034226],[-0.0253318,0.10643,0.552722,0.033446,0.43072,0.0800927,-0.229716,-0.0124451,0.0925763,0.0777692,0.00299923,-0.495039,-0.232667,-2.51401,-0.0470472,-0.0414384,-0.0701979,-0.0161812,-0.0170536,-0.241854,0.742872,0.00854522],[0.0783597,0.0982488,-0.227184,-0.131433,-0.0479183,-0.451419,-0.0249914,0.0216907,-0.0867,-0.098453,-0.00626271,-0.0424324,-0.506276,-0.153842,-0.0172246,-0.0158387,-0.657472,-0.0544613,-0.0103014,0.00430708,-0.375588,-0.0581396],[0.162756,0.175522,-0.172407,0.430764,0.00780685,0.132483,0.0213615,0.0447473,-0.0911934,-0.10488,0.064862,-0.0577495,-0.0357392,1.76052,-0.000448684,-0.0583013,0.790809,-0.395776,0.0612955,0.65114,0.100116,-0.000758224],[-0.247773,-0.491098,0.0395249,-0.660075,0.534245,0.00345965,-0.196644,-0.0780172,-0.113226,-0.209843,-0.0551525,0.114728,1.34632,1.78429,0.0223351,-0.0627018,0.738579,-0.00149929,-0.0640437,0.321913,0.0801432,-0.0243168],[0.123339,0.104654,-0.114806,0.00592623,0.0279044,-0.135875,-0.0146442,-0.0230906,-0.026745,-0.00774648,0.00644646,0.103514,-0.14095,-0.549056,-0.00236198,0.0224677,-0.233495,0.180386,0.00338436,-0.152988,-0.0607357,-0.00296021],[0.034811,0.0259559,-0.151204,0.0587598,0.0914889,-0.0978456,-0.00108779,-0.017077,0.00524238,0.00185694,-0.000671324,0.0280535,-0.0549483,-0.0811856,0.00690255,-0.00093594,0.0823265,-0.0451878,-0.00110868,-0.116492,-0.00444296,0.00168465],[0.00453513,0.00820909,0.00183007,0.0158671,-0.00365733,-0.00405178,-0.00353918,0.00200099,-0.000986183,0.000426568,-0.00152623,-0.00076827,0.0159564,0.0565271,-0.000573863,-0.00102277,0.0216527,-0.0355635,-0.00157214,0.0415199,-0.0113637,-0.000955522],[0.186989,0.17367,0.898185,-0.499251,-0.127308,0.878389,-0.289291,-0.0513362,-0.0834504,-0.152578,-0.143405,-0.441816,-0.833637,-2.1935,-0.0996783,-0.0155968,-1.42976,0.966786,-0.167333,-1.74056,0.129453,-0.143291],[-0.108621,-0.576016,0.126427,-0.327254,-0.355302,0.939948,0.269738,-0.210551,0.122604,0.273622,0.0793027,0.461954,-0.454527,4.38273,-0.00751672,0.0620683,0.757195,-0.94165,0.0714248,-0.197293,-0.0639785,0.0457099],[-0.0031872,-0.0103166,-0.0308857,0.00567341,-0.0652076,-0.0643174,-0.0134645,0.00882016,-0.00851113,-0.0105112,-0.0126373,-0.00791115,-0.0462293,0.0908297,-0.00990914,-0.00493512,-0.0585452,0.04552,-0.0120933,-0.0329565,-0.0245357,-0.00536145],[0.0760652,0.0834334,0.0835996,0.0234535,0.0783364,0.111883,-0.0293451,0.0147174,0.000614191,-0.00114085,-0.0132924,-0.0098801,0.264989,0.235572,-0.00730575,-0.020734,0.282442,-0.115184,-0.0121216,-0.0527126,0.0538774,0.00256894],[-0.28907,-0.527263,0.276575,-0.608752,0.816326,-0.120551,-0.0758973,0.018029,-0.0666387,-0.170767,-0.0184662,0.0579787,1.28559,3.34834,0.0565202,-0.00531997,0.487521,-0.218126,-0.0194822,0.573672,0.135127,0.00853781],[0.0107075,-0.0101997,0.134332,-0.0349477,-0.0242454,-0.00345332,0.014438,-0.0027156,-0.00111421,-0.00624645,0.0093645,0.000720113,-0.111097,-0.29218,-0.00590235,-0.00118664,-0.110322,0.0959236,0.0102104,-0.0805147,0.018028,-0.00206296],[0.0246121,-0.0944392,0.173852,0.0443655,-0.016784,-0.109841,0.119569,0.0267618,0.0470548,0.0992926,-0.00504583,-0.105293,-0.207807,0.433932,-0.0369837,-0.032343,-0.359741,0.0874319,-0.00368786,-0.407729,0.000765612,0.0184732],[-0.261676,-0.10378,0.328805,-0.107515,-1.87227,0.0124943,-0.233751,0.160363,-0.284603,-0.350069,0.0442205,0.254497,-0.034496,-0.296326,0.0293826,0.0510901,-0.432237,0.970784,0.0296209,1.19832,-0.46358,-0.0653222],[0.0387809,0.047028,-0.392309,-0.0605365,0.0105989,-0.26227,-0.0361165,0.0962795,-0.058616,-0.0705416,-0.0202938,-0.00714846,0.125013,-2.13267,-0.0222739,0.00342797,-0.653322,-0.0560697,-0.0236432,0.000839932,-0.0374025,-0.0272226],[0.0141284,0.000282182,0.0771863,-0.108998,0.129014,0.00337187,-0.0402638,-0.000927025,-0.0267525,-0.00849642,-0.0217559,0.0848045,0.108349,-1.7502,-0.00596939,0.0149824,-0.507648,0.084179,-0.0234898,-0.188314,-0.0106288,-0.0157401],[0.00334106,0.017828,0.168172,0.0352461,0.0529627,0.0890602,0.00681737,-0.0163491,0.000910996,-0.00446866,0.00986536,-0.0483989,-0.0397491,0.362121,0.0126681,-0.00295091,0.184146,-0.0133334,0.0110591,0.0756349,0.0424779,0.0186391],[0.0216352,0.00543121,0.0140161,0.155803,0.016683,0.0668035,-0.0343259,0.00930659,-0.0312195,-0.0301983,-0.0121321,0.0226987,0.00365305,-0.982651,-0.00975714,-0.0050053,-0.0228569,-0.0339696,-0.0119141,-0.0898896,-0.0280379,-0.00450254],[0.0330237,0.0356497,0.0427017,-0.00991027,0.183448,0.0178023,-0.0162828,-0.00816487,0.00591901,0.0034627,-0.0089566,0.00818211,-0.0264941,-0.600275,-0.0135815,8.75449e-05,-0.305962,0.0170779,-0.00788941,-0.0559822,-0.0318204,-0.0110368],[-0.00877034,-0.0439792,-0.0532493,0.0336795,-0.0351479,0.00243521,0.00457395,0.00700442,3.43049e-05,0.00366029,-0.00463521,0.043215,0.0257272,0.142885,0.00131871,-0.00789129,0.111341,0.0202706,-0.00494865,0.109166,-0.000505749,-0.00344941],[-0.0049382,-0.00449749,-0.180424,0.151588,0.277704,-0.0346047,-0.00223074,0.0332719,-0.0404902,-0.00195265,-0.042518,0.13422,-0.39355,1.52413,0.0170728,-0.0268502,0.54498,0.470465,-0.0388044,0.212504,-0.100886,0.034946],[-0.0121913,-0.0694274,-0.102421,0.428615,-0.492936,-0.0300926,0.0517831,0.225789,-0.0544436,-0.0448703,-0.0229953,-0.176617,-0.187197,-1.49829,0.0368525,0.0427552,-0.431908,-0.0708537,-0.0274204,0.497825,-0.0863137,-0.0151231],[0.024876,0.0345902,-0.191624,-0.158907,-0.00555486,0.0370594,-0.0977456,-0.0238538,-0.0558903,-0.087489,-0.0106218,0.0623738,0.0990315,-0.608956,-0.0498512,-0.0272109,-0.00160126,0.0686811,-0.00612961,-0.597613,-0.0936999,-0.0394457],[0.00267954,-0.0212691,-0.0806172,-0.0690718,0.0155969,0.170704,0.0175888,-0.019153,-0.0214646,-0.0169928,0.035871,0.066317,-0.129218,0.36801,-0.00625652,-0.0327745,0.580788,0.14374,0.0335754,-0.360862,0.10942,-0.00529633],[0.0580708,0.0858578,0.143806,-0.064617,-0.120149,-0.283589,-0.0454988,0.0243577,-0.0284522,-0.0351609,0.0467567,0.176743,-0.446502,-1.30335,-0.0307287,-0.0433919,0.89511,-0.153844,0.0468244,-0.214607,0.0516416,0.0228232],[-0.078813,-0.0882346,-0.012892,-0.0188791,0.0366497,0.00204165,0.031031,0.0301025,0.0442945,0.0219125,-0.00604675,0.0566386,0.108722,1.20188,0.0181424,0.00168068,0.222053,-0.211198,-0.00461097,0.33118,0.0252776,-0.00355365],[-0.00703488,-0.0178137,-0.0313867,0.0495011,0.0580302,-0.105666,0.00660908,0.00966756,-0.000443533,-0.00900334,-0.00408291,-0.0259474,0.0633941,-0.23363,-0.0101681,-0.00298123,-0.0944286,-0.0485486,-0.00238612,-0.104523,0.019422,-0.0120184],[-0.000497258,-0.00407754,-0.0141839,0.00175269,0.00536207,-0.0219776,-0.000154084,0.00093421,0.00149619,0.000989874,-1.47212e-05,-0.00661991,0.00986228,-0.0314049,-0.000933433,-0.000745606,0.00363021,-0.00716863,6.37872e-06,-0.0515603,-0.00122857,0.000965985],[0.0623626,0.205048,0.445705,-0.120959,0.14497,-0.582326,0.0845815,-0.00200316,-0.0496485,-0.043288,0.0779374,-0.367326,0.149856,1.54369,0.0134932,0.0261242,-0.329994,0.486136,0.0843572,-0.322096,0.386587,-0.0251147],[-0.147796,-0.101317,0.141569,-0.123769,-0.0465587,0.145046,0.0168532,0.0982875,-0.011268,0.0274282,-0.0679276,0.0840452,0.81469,0.234398,-0.0131035,-0.00468625,-0.589148,0.168348,-0.0637869,0.0471921,0.0677821,-0.00147903],[-0.00407827,-0.0127243,-0.036377,0.018916,-0.0354449,-0.0570714,-0.00145138,0.00353894,-0.004439,-0.00282151,0.00497555,-0.0377994,0.0138661,0.169229,0.00234958,-0.00287497,0.0254704,-0.0132699,0.00472765,-0.00200916,0.00898763,-0.00261559],[0.0227283,0.0307295,-0.0224192,0.0522256,-0.0248475,0.0534313,0.00230192,-0.00502777,0.00649229,5.53986e-05,0.0149028,-0.0142939,0.000509482,0.374716,0.00627492,-0.00484781,0.0826349,-0.00147981,0.0146783,0.00783726,-0.0100694,-0.00180771],[0.0331494,0.0173398,0.0281439,-0.0837507,-0.033244,-0.33591,-0.0141528,0.0609659,-0.0251229,-0.0449698,0.0589641,0.153451,-0.283904,-0.631955,-0.0231096,-0.0352977,0.807995,-0.217869,0.0684791,-0.259045,0.0426986,0.0337343],[-0.0106083,-0.0563553,-0.0327927,-0.0292192,0.0375433,-0.0150062,0.0038279,-0.00593985,0.0168924,0.0185286,0.000963226,-0.0119066,-0.00511533,0.00155844,-0.000215485,-0.000700914,-0.0510872,0.0215307,0.0009877,-0.0602509,0.0122047,0.00458443],[0.0478187,0.0695054,0.164637,0.158419,0.0756944,-0.109006,0.0917635,-0.0532197,0.0573665,0.0453572,0.0053348,0.106848,-0.253067,-0.523958,-0.00947071,0.0186036,-0.461326,0.0411266,0.00631444,-0.0991778,-0.07839,0.0249305],[-0.422021,-0.276228,0.396287,0.134156,1.07025,0.475433,0.0965645,0.00158928,0.0499928,0.078345,0.109428,0.140377,-0.195439,-2.08465,0.10052,0.100798,-1.54786,0.2488,0.107397,-1.05416,-0.261878,0.00384765]],"sigmahat":[[0.561716,0.542111,0.460994,0.419428,0.562512,0.491293,-0.0285023,-0.0260573,0.0265076,-0.00143854,-0.00229984,0.0322012,0.57016,0.527987,-0.0264493,-0.0266649,0.368056,-0.364984,-0.0039643,0.385489,-0.00381234,0.00558357],[0.542111,0.932592,0.59193,0.510211,0.201723,0.683933,-0.0889333,-0.0178413,-0.0342732,-0.0649508,-0.0287094,0.0648321,0.683814,-0.0750707,-0.0402355,-0.038418,0.235999,-0.323956,-0.0307669,0.779723,-0.0203616,0.00383909],[0.460994,0.59193,4.76066,-0.332854,0.405487,1.78921,0.140914,-0.103375,0.150803,0.123992,-0.00634724,-0.174399,0.536916,0.205483,-0.0857564,-0.0631366,0.209906,-0.668979,-0.000130049,0.917653,0.273573,0.0716823],[0.419428,0.510211,-0.332854,2.56696,0.33525,0.964594,0.16229,0.176075,-0.00426597,-0.0200655,0.036681,0.0537843,0.624124,2.67822,0.0316805,-0.0280989,0.392324,-0.431612,0.034063,1.98326,0.0822318,0.0109131],[0.562512,0.201723,0.405487,0.33525,4.80532,0.971492,-0.0999724,-0.220196,0.172139,0.135676,0.00664827,-0.0347581,0.396727,-0.429553,0.00232441,-0.0349758,0.177935,-0.876442,0.0151236,-1.52388,-0.00817213,0.0341261],[0.491293,0.683933,1.78921,0.964594,0.971492,4.56716,0.140911,-0.0491763,0.0840431,0.0524514,0.0400637,0.0561812,1.32918,1.37732,0.0152572,-0.00711956,1.15869,-1.07781,0.0393779,2.90034,0.240827,0.10569],[-0.0285023,-0.0889333,0.140914,0.16229,-0.0999724,0.140911,0.249578,0.0285159,0.0626646,0.0647332,0.0674356,-0.0374556,-0.213644,1.70462,0.0393306,0.0291674,0.172499,0.116354,0.0678848,0.599842,0.0811348,0.0130256],[-0.0260573,-0.0178413,-0.103375,0.176075,-0.220196,-0.0491763,0.0285159,0.129656,-0.0349727,-0.0348877,-0.000329743,-0.0559635,0.141496,0.916098,0.00288623,0.00292099,-0.164329,-0.0465543,-0.000791674,0.339735,0.0599971,-0.0173406],[0.0265076,-0.0342732,0.150803,-0.00426597,0.172139,0.0840431,0.0626646,-0.0349727,0.116012,0.0831056,0.0212702,0.016512,0.0736023,0.306502,0.00651971,0.0081237,0.0224224,-0.0898264,0.0218441,-0.0478044,0.0245705,0.018158],[-0.00143854,-0.0649508,0.123992,-0.0200655,0.135676,0.0524514,0.0647332,-0.0348877,0.0831056,0.101383,0.0126503,0.00188745,-0.0581566,0.0062438,0.00310443,0.00733646,-0.0257723,-0.026789,0.0123769,-0.085362,-0.0111348,0.0195252],[-0.00229984,-0.0287094,-0.00634724,0.036681,0.00664827,0.0400637,0.0674356,-0.000329743,0.0212702,0.0126503,0.0725161,-0.0419366,-0.000905973,1.01565,0.0353334,0.0210111,0.180024,-0.0445568,0.0705282,0.0724325,0.0850579,0.000627348],[0.0322012,0.0648321,-0.174399,0.0537843,-0.0347581,0.0561812,-0.0374556,-0.0559635,0.016512,0.00188745,-0.0419366,1.31409,-0.435575,-1.88328,-0.0126859,0.0208365,-0.231527,0.575247,-0.0438765,0.600198,-0.133892,-0.0111488],[0.57016,0.683814,0.536916,0.624124,0.396727,1.32918,-0.213644,0.141496,0.0736023,-0.0581566,-0.000905973,-0.435575,5.72245,6.95159,-0.0210309,-0.142179,2.68438,-3.20053,-0.00457574,1.80143,0.518176,0.0668223],[0.527987,-0.0750707,0.205483,2.67822,-0.429553,1.37732,1.70462,0.916098,0.306502,0.0062438,1.01565,-1.88328,6.95159,97.1707,0.899848,-0.222032,21.148,-5.50396,1.0309,12.4284,3.28284,0.331054],[-0.0264493,-0.0402355,-0.0857564,0.0316805,0.00232441,0.0152572,0.0393306,0.00288623,0.00651971,0.00310443,0.0353334,-0.0126859,-0.0210309,0.899848,0.0545316,0.0349123,0.205701,-0.0168885,0.0352874,0.127209,0.0438564,0.00721408],[-0.0266649,-0.038418,-0.0631366,-0.0280989,-0.0349758,-0.00711956,0.0291674,0.00292099,0.0081237,0.00733646,0.0210111,0.0208365,-0.142179,-0.222032,0.0349123,0.063316,-0.388161,0.064969,0.0212453,-0.063132,-0.0142716,-0.00692374],[0.368056,0.235999,0.209906,0.392324,0.177935,1.15869,0.172499,-0.164329,0.0224224,-0.0257723,0.180024,-0.231527,2.68438,21.148,0.205701,-0.388161,14.0405,-2.30354,0.17389,4.12014,1.07732,0.320239],[-0.364984,-0.323956,-0.668979,-0.431612,-0.876442,-1.07781,0.116354,-0.0465543,-0.0898264,-0.026789,-0.0445568,0.575247,-3.20053,-5.50396,-0.0168885,0.064969,-2.30354,3.94536,-0.0476597,-1.32924,-0.146151,-0.0880074],[-0.0039643,-0.0307669,-0.000130049,0.034063,0.0151236,0.0393779,0.0678848,-0.000791674,0.0218441,0.0123769,0.0705282,-0.0438765,-0.00457574,1.0309,0.0352874,0.0212453,0.17389,-0.0476597,0.0732028,0.0710817,0.0812124,0.00116952],[0.385489,0.779723,0.917653,1.98326,-1.52388,2.90034,0.599842,0.339735,-0.0478044,-0.085362,0.0724325,0.600198,1.80143,12.4284,0.127209,-0.063132,4.12014,-1.32924,0.0710817,14.5737,0.560806,0.0287397],[-0.00381234,-0.0203616,0.273573,0.0822318,-0.00817213,0.240827,0.0811348,0.0599971,0.0245705,-0.0111348,0.0850579,-0.133892,0.518176,3.28284,0.0438564,-0.0142716,1.07732,-0.146151,0.0812124,0.560806,0.874291,0.0201761],[0.00558357,0.00383909,0.0716823,0.0109131,0.0341261,0.10569,0.0130256,-0.0173406,0.018158,0.0195252,0.000627348,-0.0111488,0.0668223,0.331054,0.00721408,-0.00692374,0.320239,-0.0880074,0.00116952,0.0287397,0.0201761,0.0351243]],"n":22,"lags":3}