{"betahat":[[0.816073,2.07304,-2.86402,3.50467,-2.12225,0.945912,-0.188509,0.414896,-0.136811,-0.242226,3.51021,3.26318,0.108447,-0.19023,5.13637,1.43492,2.08221,-0.0444471],[1.0014,0.0116531,0.496975,0.131111,0.434455,0.54536,-0.022361,-0.108174,0.0853612,0.0314308,0.222909,0.998698,0.00112296,-0.0263876,0.492321,0.24895,-0.0273323,0.00465946],[0.144637,1.15871,-0.174841,0.251717,0.0826722,0.316439,-0.0124002,-0.0355417,0.00862854,0.041986,-0.174694,0.395398,-0.0119591,-0.0192085,0.240621,0.239517,0.0394828,0.00137504],[0.008017,-0.0232868,0.888734,-0.0668956,0.0424317,0.140075,0.0106243,-0.00391319,0.0159352,0.00527914,0.203578,0.0473824,-0.00491912,-0.00202904,0.15026,-0.0246477,-0.00808676,-0.00846951],[-0.00393774,0.0214231,-0.110447,0.749908,-0.0188759,-0.235893,0.00240155,-0.00241417,-0.00969939,0.00319595,0.0988667,-0.190994,0.00231167,0.00601389,-0.058701,-0.0871655,0.0349815,0.00911043],[-0.0305879,-0.0125298,-0.147113,-0.0925209,0.511865,-0.132973,0.0051033,0.00774967,-0.00660817,0.0103893,0.110801,0.736904,0.0209356,0.0113053,0.430136,0.0508403,0.0468728,0.0108999],[-0.000765634,0.0378809,0.040335,0.0284901,0.0173574,0.855931,-0.00235219,0.0159916,0.00307858,0.00694806,0.0414026,0.121058,0.00523733,0.00978298,-0.104184,0.0514223,0.0397966,0.000419964],[-0.119069,-0.149711,-0.25026,-0.346209,-0.207649,-0.346291,1.05214,-0.105475,0.131062,-0.0306041,0.198451,-5.07056,-0.0500245,0.0445961,-1.36037,-0.333568,-0.0028904,-0.021022],[0.138472,0.144492,-0.479047,-0.262621,0.253547,-0.129299,0.177627,0.783855,0.0312922,0.0517151,0.484002,5.24987,0.0237215,-0.0235279,1.11306,0.168674,-0.717737,0.0302658],[-0.190817,-0.296019,0.473333,0.191002,0.186701,0.143194,0.121493,-0.0149751,1.17466,-0.0158443,0.640147,1.98455,0.110913,0.0651138,0.505524,-0.152238,0.38457,0.145187],[0.377938,0.563568,-0.0303651,0.998193,-0.85056,1.19208,0.401103,0.00326454,0.315955,1.00347,-1.38092,1.31579,-0.00787733,0.0961526,-1.6914,-0.408259,0.124664,-0.00541981],[0.0332999,0.06349,0.184314,-0.0545963,-0.114735,0.240971,-0.0218623,0.0144118,-0.00711075,0.00884243,1.06653,0.409971,0.00249951,-0.00292257,0.109416,0.122792,0.0034855,0.00664689],[-0.00412544,-0.0062955,0.0131862,-0.0216251,0.00397162,0.0303683,0.00575092,-0.0031098,0.000414724,0.000764268,-0.0262475,1.00826,0.000953513,0.00130185,-0.0295746,-0.0220365,0.0151352,0.000153644],[-0.151875,-0.319767,-1.20165,0.563944,0.234003,-0.27987,0.177033,-0.00434407,0.100324,0.0482326,0.471778,-1.80719,1.04982,-0.00570445,1.18533,1.71803,-0.625009,0.156631],[0.270756,0.718737,-0.0380124,0.96427,0.463691,-0.945773,-0.281021,0.187454,-0.0903679,-0.0927469,-0.20983,-5.92765,-0.0204853,0.920513,-0.613098,-0.199677,0.0782391,-0.0232067],[0.0119045,0.0238698,0.0549092,-0.0473914,0.107048,0.106811,0.0107062,-0.0175346,0.0131873,0.0118476,0.0150521,-0.182912,0.00819741,0.00603951,1.09971,0.0106329,0.0109806,0.00867149],[0.0145848,0.0654813,0.043134,0.134843,0.0928727,0.0783518,-0.0208646,-0.0186884,0.0286523,-0.0220023,0.175214,-0.468242,-0.00605348,-0.00510415,-0.197652,0.420743,-0.0906428,0.0166785],[-0.0882947,-0.0800361,0.0359396,-0.275021,0.123005,0.0499564,0.119402,0.0690853,0.0346617,0.0776441,-0.390035,2.44474,0.02641,0.0151844,0.337467,0.460834,0.336901,0.00431174],[0.655882,0.251122,-0.197582,-0.306698,0.701768,-0.421667,0.266958,-0.065437,0.158924,-0.144232,-0.111879,2.96115,-0.172941,-0.141027,1.59477,-1.37693,0.793165,0.989677],[0.00818264,0.039426,-0.198806,-0.00585429,-0.476342,-0.382313,0.0310598,0.0305525,-0.0681788,-0.0112404,-0.369975,0.0275619,0.0140734,0.0225785,-0.0299594,-0.314048,0.054594,-0.00218332],[-0.125618,-0.116725,0.122869,-0.132198,-0.184894,-0.339406,0.0326833,0.0336089,-0.000722021,-0.0272136,-0.00109276,0.232068,0.00726004,0.0034246,0.0301234,-0.253552,-0.0395148,0.00455806],[-0.0157852,0.00189865,-0.0464581,0.0275625,-0.0995681,-0.236442,-0.0165018,0.0192635,-0.0117532,-0.0164043,-0.162735,-0.308849,-0.00766726,0.00551269,-0.322656,-0.0651719,-0.0425386,-0.00904001],[0.0202605,0.0338696,0.0924325,0.143144,0.0185366,0.14953,0.00847042,-0.00278694,0.0272312,0.000810428,-0.0674634,0.531222,0.00233227,-0.00294423,-0.00889365,0.0489094,-0.0142162,-0.0113062],[0.0159547,0.00760878,0.116753,0.100433,0.304036,0.13587,0.000201588,-0.00256039,-0.00484576,-0.0014452,-0.0566836,-0.263674,-0.00980913,-0.0153345,-0.116536,0.00208919,-0.0249403,-0.00150386],[0.0123778,0.0100043,0.0248274,-0.0498685,0.0165957,0.152716,-0.000104443,-0.0234409,-0.00349598,-0.00598745,-0.0646073,-0.39404,-0.00782122,0.00114025,-0.0728768,-0.122851,-0.0447799,0.00368902],[0.138532,0.147933,0.457888,0.176063,0.0381428,0.332022,-0.0475834,0.0626615,-0.0770059,0.0645995,0.14449,3.41765,0.0430384,0.00123184,0.639207,0.247605,0.0261284,-0.00590753],[-0.0503227,0.12902,0.740143,0.0964348,0.0635207,0.319181,-0.201608,0.0186175,-0.00588342,-0.00414845,-0.362703,-4.40899,-0.0607946,-0.0247626,-0.579052,0.0706737,0.769284,-0.0261935],[0.048936,0.0353085,-0.596212,-0.00278843,0.0171524,-0.643377,-0.0359919,0.0428366,-0.146538,0.0140904,-0.687618,-0.946006,-0.00807731,0.00444646,-0.608351,0.214402,-0.366643,-0.0734173],[-0.300504,-0.495796,-0.0686205,-0.730769,1.00152,-0.615221,-0.314205,-0.0327574,-0.218984,-0.0774853,1.89546,-0.0470497,0.0417306,-0.0163417,0.224181,0.137376,-0.152257,-0.0424326],[-0.019679,-0.0410998,-0.18827,0.00472685,0.0700028,-0.169065,0.00785225,-0.0257538,0.00197519,-0.00175706,-0.154793,-0.301597,0.00820201,0.00560941,-0.0312681,-0.117216,-0.0280186,0.00149011],[0.00228052,0.00720009,0.000181753,0.00866486,-0.0026554,-0.0254752,-0.00871167,-0.00127085,-0.00150223,-0.00203036,0.00506279,-0.0474996,-0.000785679,-0.000373295,0.00630759,0.0108033,-0.0211223,-0.000942199],[0.134817,0.0741796,0.816712,-0.476021,0.0330841,1.06205,-0.262304,-0.0121026,-0.0715177,-0.163552,-0.365564,-0.596836,-0.0875777,-0.0324656,-0.86067,-1.40803,0.296205,-0.136029],[-0.150385,-0.693429,-0.149037,-0.612731,-0.35875,1.01162,0.303497,-0.226405,0.0620651,0.116557,-0.490432,4.96424,0.00903171,0.0957095,0.56905,0.538254,-0.0916757,0.0165653],[-0.00343625,-0.0036452,-0.00801262,0.0155753,-0.0826202,-0.0563281,-0.0130065,0.0106213,-0.00871363,-0.0160924,-0.0446374,-0.0250112,-0.0122952,-0.00474582,-0.12363,-0.0492314,-0.0297707,-0.00645254],[-0.0217355,-0.119037,0.0316781,-0.0313192,-0.00589529,0.00212091,0.0523975,0.00494206,0.00208326,0.0262774,-0.176565,0.36064,0.00858573,0.0142388,0.0436986,0.196702,0.0712182,0.00083928],[0.0452221,-0.0390687,0.287338,-0.0313121,-0.121931,-0.0983891,0.116622,0.03463,0.0350484,0.00658283,-0.261184,0.480604,-0.0314687,-0.0226434,-0.377584,-0.142188,0.00176119,0.0026036],[-0.280222,-0.156545,0.123626,0.212347,-1.53524,-0.0617333,-0.320817,0.137843,-0.248357,-0.0105594,0.14158,-2.09414,0.028467,0.0614483,-0.685273,1.32407,-0.610775,-0.0367177],[-0.00959811,-0.0511061,-0.29817,-0.125289,0.0418806,-0.163067,-0.00869637,0.0776181,-0.0171781,-0.0201887,0.14702,-1.02628,-0.0151954,0.00380737,-0.462311,0.0650755,-0.0272625,-0.0024741],[-0.0190406,-0.0420207,0.0519679,-0.119559,0.10222,0.0229408,-0.0202784,0.0019289,-0.00789959,-0.0147694,0.175734,-0.62746,0.00470125,0.0157816,-0.270666,0.0140049,3.35338e-05,-0.00592994],[0.00774411,0.0213586,0.157696,0.0392895,0.0571182,0.0963134,0.00587658,-0.0153542,-0.00417837,0.0111251,-0.0409165,0.261323,0.0125865,-0.0034855,0.172427,0.0897745,0.0506206,0.0175114],[-0.0163477,-0.0553371,0.0180251,0.106895,0.000348867,0.0863569,-0.0108658,0.00519644,-0.0175234,-0.00400196,-0.0314432,-0.340146,-0.0046407,-0.00307311,0.0677139,0.0382251,-0.0207595,0.00219992],[0.0146229,0.00490707,0.0303646,-0.00793773,0.184071,-0.0029207,-0.00530578,-0.00519062,0.0114549,-0.00894461,-0.0541606,-0.473288,-0.0111277,0.00402818,-0.313596,-0.0529425,-0.0219369,-0.00939541],[-0.0116348,-0.0479169,-0.0651658,0.0213296,-0.0339652,-0.00870386,0.00245629,0.00744547,0.000423181,-0.00096043,0.0231327,0.272892,0.00258411,-0.0109252,0.177097,0.0713836,0.00498417,-0.00410672],[-0.0197449,0.00132938,-0.207416,0.169651,0.169837,0.0144715,-0.0044484,0.0427646,-0.053962,-0.033937,-0.343234,1.65376,0.00703682,-0.0458557,0.722714,0.085548,-0.02312,0.0269773],[-0.0614938,-0.252556,-0.201844,0.179233,-0.267311,-0.112137,0.0325555,0.188013,-0.0225211,-0.0349093,-0.0775342,-0.476154,0.0442435,0.0451013,-0.376883,-0.193826,-0.0421817,-0.00286398],[0.078945,0.141563,-0.117703,-0.128271,-0.078651,0.271579,-0.0829945,-0.0216679,-0.118781,0.0128094,0.0187022,-0.600227,-0.0593525,-0.0513457,0.287209,-0.0758368,-0.0157439,-0.0507785],[-0.0452977,-0.0500868,0.180822,-0.333304,-0.0496057,-0.61434,-0.102558,0.0120479,-0.084161,0.0517775,-0.454568,-1.63411,-0.0364609,-0.0770652,1.27724,0.313048,-0.0240445,0.0478824],[-0.0135995,-0.022333,0.00386006,0.0497611,0.0445553,-0.0722871,0.0139175,0.0113164,0.0050926,-0.00713039,0.08779,-0.109681,-0.0107286,-0.0026747,-0.078802,-0.00567243,0.0244173,-0.00814727],[0.00193305,-0.000724501,-0.0129914,0.0123003,-0.00180307,-0.00613919,0.00293473,0.00426632,0.00105377,0.0011581,0.0195126,0.0296265,-0.000222463,-0.000875898,0.0214064,0.0104782,0.00582549,0.000780599],[0.0956072,0.303234,0.717399,-0.0828866,-0.0908231,-0.459919,0.107931,0.00750549,-0.0428987,0.10103,-0.0424089,2.6832,0.00984996,0.0206815,-0.212943,-0.160828,0.343832,-0.0173497],[-0.106198,0.0123167,0.272785,-0.357449,-0.102215,-0.0231167,-0.0484337,0.0399303,0.0106989,-0.0396533,0.773263,0.835502,-0.00588428,-0.0340997,-0.119711,-0.265275,-0.0034562,0.000153633],[-0.00880274,-0.020829,-0.0466542,0.0314938,-0.0241539,-0.0500105,0.00263184,0.00692197,-0.0043274,0.00438402,0.0287703,0.210151,0.00417626,-0.0012678,0.0256518,0.0381293,0.0190597,-0.00217199],[0.0211225,0.050717,0.0264617,-0.117716,0.0096431,0.00193192,-0.0282531,-0.00689614,-0.0099825,-0.00372906,0.0240111,-0.138113,-0.00462973,0.00224167,-0.110289,0.111701,-0.0116165,-0.00531308],[0.0300402,0.0239897,0.115053,0.130476,0.0492819,-0.127554,0.0617985,-0.0513395,0.0475633,-0.00186351,-0.19586,-1.01444,-0.00993777,0.0193631,-0.573003,-0.0582988,-0.0551215,0.0187594],[-0.438945,-0.279067,0.279616,-0.0258405,0.887841,0.53876,0.130492,-0.0257543,0.0120224,0.146653,-0.526514,-1.40232,0.113323,0.113515,-1.41294,-0.250377,-0.219087,-0.00542841]],"sigmahat":[[0.739009,0.768837,0.547775,0.635109,0.554767,0.709426,-0.0108866,0.0065582,-0.0213536,-0.0146143,0.701233,0.481546,-0.040875,-0.041625,0.591784,0.460818,0.18619,-0.00565855],[0.768837,1.25067,0.660626,0.840329,0.221205,0.865279,-0.0615667,0.034675,-0.105808,-0.0475439,0.764774,-0.404146,-0.062795,-0.0570713,0.581909,0.488132,0.258599,-0.00814211],[0.547775,0.660626,5.46422,-0.449505,0.400169,2.09963,0.151421,-0.114087,0.143513,-0.00179147,0.451311,0.0282387,-0.12011,-0.0759339,0.14664,0.222153,0.354372,0.062937],[0.635109,0.840329,-0.449505,2.97328,0.447776,1.08072,0.210596,0.288904,-0.159386,0.0181261,0.719288,2.64547,-0.00323359,-0.0816928,1.1613,0.601773,0.557377,-0.0301483],[0.554767,0.221205,0.400169,0.447776,4.9717,1.17455,-0.0644823,-0.200343,0.176177,0.00458905,0.71652,0.466012,0.0215457,-0.0324878,0.297881,0.00388945,0.0690262,0.0262159],[0.709426,0.865279,2.09963,1.08072,1.17455,4.9709,0.138836,-0.00746368,0.0276457,0.0556246,1.40392,1.59084,-0.0462672,-0.0870075,2.05621,0.391408,0.607009,0.085251],[-0.0108866,-0.0615667,0.151421,0.210596,-0.0644823,0.138836,0.274923,0.0534738,0.0358131,0.0631799,-0.273837,1.31735,0.0277209,0.0215513,0.194681,-0.0121009,0.120084,0.00120768],[0.0065582,0.034675,-0.114087,0.288904,-0.200343,-0.00746368,0.0534738,0.176825,-0.0650492,-0.00965667,0.192689,1.04151,-0.00573747,-0.00898423,0.0178001,-0.0317846,0.155685,-0.0268304],[-0.0213536,-0.105808,0.143513,-0.159386,0.176177,0.0276457,0.0358131,-0.0650492,0.140835,0.0233773,0.0764126,0.1234,0.0108636,0.0135969,-0.110585,-0.0415198,-0.0322644,0.0177462],[-0.0146143,-0.0475439,-0.00179147,0.0181261,0.00458905,0.0556246,0.0631799,-0.00965667,0.0233773,0.0776942,-0.00978458,0.987447,0.0371637,0.0195544,0.175013,0.018984,0.0640926,0.00335038],[0.701233,0.764774,0.451311,0.719288,0.71652,1.40392,-0.273837,0.192689,0.0764126,-0.00978458,6.71554,8.97968,-0.0223487,-0.196384,3.72782,1.10287,0.975723,0.0675276],[0.481546,-0.404146,0.0282387,2.64547,0.466012,1.59084,1.31735,1.04151,0.1234,0.987447,8.97968,100.865,0.904171,-0.365465,23.0648,6.53992,3.8326,0.27311],[-0.040875,-0.062795,-0.12011,-0.00323359,0.0215457,-0.0462672,0.0277209,-0.00573747,0.0108636,0.0371637,-0.0223487,0.904171,0.061165,0.0381713,0.19507,0.0256796,0.024949,0.00962149],[-0.041625,-0.0570713,-0.0759339,-0.0816928,-0.0324878,-0.0870075,0.0215513,-0.00898423,0.0135969,0.0195544,-0.196384,-0.365465,0.0381713,0.0718938,-0.499262,-0.146289,-0.0502156,-0.00545751],[0.591784,0.581909,0.14664,1.1613,0.297881,2.05621,0.194681,0.0178001,-0.110585,0.175013,3.72782,23.0648,0.19507,-0.499262,16.2412,3.66726,1.66819,0.313677],[0.460818,0.488132,0.222153,0.601773,0.00388945,0.391408,-0.0121009,-0.0317846,-0.0415198,0.018984,1.10287,6.53992,0.0256796,-0.146289,3.66726,3.65425,0.221937,0.0660401],[0.18619,0.258599,0.354372,0.557377,0.0690262,0.607009,0.120084,0.155685,-0.0322644,0.0640926,0.975723,3.8326,0.024949,-0.0502156,1.66819,0.221937,1.17812,0.00467437],[-0.00565855,-0.00814211,0.062937,-0.0301483,0.0262159,0.085251,0.00120768,-0.0268304,0.0177462,0.00335038,0.0675276,0.27311,0.00962149,-0.00545751,0.313677,0.0660401,0.00467437,0.0385355]],"n":18,"lags":3}