{"betahat":[[1.82569,-5.37062,-3.40014,11.7385,-1.1485,-5.96754,-4.35037,4.67753,-3.53769,-4.83258,-1.48712,-2.45849,30.6303,18.715,0.284012,0.41004,-0.806347,16.3802,10.034,1.59671,-26.0117,-5.47997,-12.3341,-2.32719,0.0612083],[-0.118956,-0.22448,-2.17668,-0.481952,0.333077,-1.22084,0.154972,-0.176642,0.128271,0.107162,-0.124497,0.918101,-2.24889,-7.07951,0.0320256,0.153542,-3.73377,-0.0721187,0.0980303,-0.147669,1.25071,1.05589,0.579593,-1.1632,-0.01439],[-0.443045,-0.592588,-1.1157,-0.869629,-1.07436,-1.82269,0.297609,-0.26109,0.226154,0.424176,-0.179229,0.764135,-3.48638,-5.08501,-0.137922,0.0307099,-4.74384,0.0658327,-0.0605212,-0.225164,0.732574,1.62389,-1.37176,-1.42412,0.0963444],[-0.612166,-0.64857,-0.785858,-1.49181,0.664872,-0.893119,0.240498,-0.726458,0.448571,0.48211,0.0198795,1.10101,-2.12459,-5.09736,0.0311175,0.19365,-2.37596,0.282612,-0.0500579,-0.237727,-0.210693,0.993252,-0.471544,-0.463528,0.103376],[0.991175,0.0110557,0.999997,0.0230112,0.499724,1.07104,-0.0364126,-0.123335,0.0396387,0.0322301,-0.00399031,0.0627453,0.579894,1.41333,-0.0149648,-0.0223613,0.178873,-0.0157247,-0.0147609,0.0203416,-0.264677,-0.491988,0.484611,-0.00652781,0.0263275],[0.113652,1.13905,-0.127472,0.340368,-0.0287724,0.619332,0.0491555,-0.0119339,0.044523,0.0417777,0.0601933,0.152498,0.216261,2.11443,-0.00194855,-0.0355251,0.885998,0.0170774,0.0832231,-0.00404192,0.256988,-0.141539,0.491582,0.112039,0.00776693],[-0.00621161,-0.0199537,0.851532,-0.023444,0.00900104,0.1588,0.0160171,-0.00334486,0.00940809,0.000960384,0.0107019,0.0955789,0.189254,0.151815,0.00115045,-0.00298061,0.182783,-0.0118914,-0.00940817,-0.00615064,-0.171457,-0.0446308,0.0988834,0.00667066,0.000320749],[-0.0596928,-0.0291505,-0.0195273,0.601406,-0.0720532,-0.227339,-0.0174082,-0.0280368,-0.0127609,0.0265331,-0.00754711,-0.00890669,0.0657841,-0.939106,-0.00375584,0.0122522,-0.202707,0.0375751,0.0176715,0.00130622,-0.176564,-0.182947,0.23024,-0.0378791,0.00240796],[-0.0417082,-0.0533052,-0.210222,-0.0929314,0.414213,-0.180491,0.00494767,0.00647067,-0.0146442,-0.0136388,0.00650885,-0.0310649,-0.116578,0.762559,0.0197606,0.0110253,0.234229,-0.0106146,-0.0115302,-0.00134267,0.00906892,-0.0962006,0.063953,0.0340582,0.00732966],[0.00706942,0.0284747,0.00759796,-0.00148136,0.0738282,0.75132,0.00631269,0.00153141,0.0176835,0.000979397,0.0220929,-0.0421681,0.129921,0.374263,0.0139854,0.0109218,0.074994,0.0273921,-0.0227726,0.00431985,0.0266745,-0.0563213,-0.16188,0.0540997,0.00114854],[-0.0586937,0.00620127,-0.387742,-0.192867,-0.709542,-0.0945729,0.970659,-0.0853379,0.0837876,0.0744582,-0.0610329,-0.335026,0.334549,-3.94047,-0.0868083,-0.00204724,-1.41223,-0.0620329,0.0975497,-0.00547581,-0.25146,-0.238959,-0.686535,-0.206087,-0.0140273],[0.424359,0.200408,0.332214,0.155066,0.851226,1.18463,0.274492,0.810137,-0.0631295,-0.123922,0.176565,0.448107,1.75742,6.15794,0.0695399,-0.0687102,3.11122,0.0113324,0.0432444,0.0448538,0.259158,-0.656814,0.762252,0.267048,0.00569237],[-0.039824,-0.082303,-0.159509,0.698652,0.197707,0.225693,0.0549794,0.0705855,0.874188,0.170988,0.0203308,-0.020882,0.25232,1.14704,0.0730515,0.0389236,1.49153,0.087616,0.00632046,0.0406723,0.559115,0.243063,0.36936,0.378537,0.0353101],[-0.195742,-0.15196,-0.0197915,-0.744433,-0.738154,-0.487842,-0.0244564,-0.0340191,0.122431,0.972904,-0.0217598,0.114153,0.273579,-2.44382,0.0220983,0.0898769,-1.32632,0.110605,-0.0840726,-0.0116184,0.132945,0.637761,-0.0570578,-0.13489,0.0207755],[0.626922,0.929249,-0.16201,0.789826,0.39092,0.397429,0.258011,0.0034497,0.271495,0.415143,0.788857,-0.515008,-0.873025,-3.84065,0.0661655,0.249075,-2.39226,-0.132668,-0.102521,0.0189787,0.438271,0.54701,-0.0992531,-0.134891,0.0278195],[-0.0849358,-0.0777966,0.0979812,0.0992258,-0.0136473,0.12591,0.0115354,-0.0112394,0.00837352,0.00240868,-0.00284224,0.799936,-0.00495945,-0.916338,-0.0043765,-0.0207035,-0.0912767,-0.0135037,-0.0013136,0.0019158,0.0180872,0.0203491,0.0582134,-0.0712382,0.00491434],[-0.0443112,-0.0180031,0.134212,-0.0619116,-0.123081,0.164245,-0.00669081,-0.00443227,0.000458962,-0.0239168,0.00375228,-0.02249,0.89955,0.358612,-0.000409231,0.0095201,-0.244857,-0.00565928,-0.0117386,-0.00150457,0.0633104,0.132719,0.10918,0.0097112,0.00356317],[-0.00193434,0.00670939,0.031363,0.000112769,-0.0317368,0.022228,0.00801254,0.0010949,-0.00157212,-0.00333314,0.000858035,0.0141081,-0.0172283,0.927105,-0.000417619,0.000638414,-0.0452919,-0.000454453,-0.00118003,-0.000109137,0.00999596,0.0398054,0.0422751,0.0102862,0.000578252],[-0.189723,-0.00747981,-1.06951,0.27504,-0.619718,0.932743,0.127027,-0.120982,0.0975501,0.258764,0.0519617,0.84651,0.400349,0.580715,0.930659,-0.011311,2.03337,0.028466,0.0353844,0.07414,-0.277728,-0.854757,1.27999,-0.425275,0.17692],[-0.14087,0.255579,0.0963641,0.964943,-0.193995,-0.680565,-0.30979,0.115483,-0.138789,-0.39611,0.012106,-0.625159,0.16163,-1.62617,-0.0430744,0.775084,-1.75079,0.158761,0.0754612,-0.0506442,0.708579,0.331827,0.407825,0.164291,-0.078899],[0.00811522,0.0160943,0.0367783,0.0138199,0.0919371,0.144372,0.00525922,-0.00500244,0.0113082,0.00935066,0.00887205,0.0189467,0.0930398,0.00171353,0.0139508,0.00488188,1.10617,-0.00572833,0.0109675,-0.00273987,-0.0584088,-0.0170157,0.0773369,0.0317861,0.00796945],[0.0885375,0.0309832,0.803682,0.279754,0.141692,0.683418,0.199371,0.0184435,0.3046,0.250481,0.0829478,-0.355777,0.404112,2.35091,-0.068207,-0.109823,0.587689,0.587601,0.0602248,0.0505078,0.718679,-0.0783064,1.09841,0.306076,0.00507789],[-0.262692,-0.123509,-1.03707,0.236426,-0.652235,-0.343573,0.0663158,-0.0121423,0.0183531,-0.0431101,0.0692828,-0.463381,-1.08231,1.83318,0.0610256,0.0525352,-0.502886,-0.147872,0.879719,-0.000996766,-0.0247575,0.929142,-0.637339,0.196092,-0.01003],[-0.656489,-0.673277,0.552722,-0.513908,-1.00328,-0.445145,0.0484773,-0.00593861,-0.140459,-0.0231192,0.150225,-0.858675,1.12927,8.61784,-0.00379634,0.00513693,1.69262,0.0303253,-0.545802,0.686372,4.683,-0.311191,2.27941,0.639722,-0.161148],[-0.0754918,-0.0254385,-0.0738801,0.0295089,-0.0662538,-0.0249134,-0.0192113,-0.0106655,-0.0148858,-0.0181295,-0.00425,0.0273869,-0.0830548,-0.972103,0.00591981,-0.0108633,0.135278,-0.0256644,0.0327868,-0.0178471,-0.252377,0.107882,0.313464,-0.0737691,0.00168541],[-0.0555255,-0.111276,-0.0237384,-0.0664695,0.0665057,-0.0899789,0.0393066,-0.00508339,-0.0106939,-0.027626,-0.000240205,-0.0623093,-0.21442,-0.324621,-0.011521,0.0266198,-0.594672,-0.00110347,-0.0174963,0.00415949,-0.0211568,0.916823,-0.08576,0.0135181,-0.00692377],[0.0313149,0.00695823,-0.0685374,-0.100363,0.129292,-0.136141,-0.00960097,-0.00835824,0.00816871,0.00765335,0.00715656,0.0139354,-0.0697764,0.174404,0.00132057,-0.000304485,0.0362043,0.0214412,-0.000789613,0.00279713,0.0365656,-0.0447456,0.36286,-0.0522597,-0.00181418],[-0.0742084,-0.190293,0.536064,-0.70649,0.330052,0.00942612,0.106879,-0.0243328,0.112684,0.139537,0.0692177,0.0218195,-1.021,2.09301,-0.0682896,-0.0324078,-0.787429,0.233611,-0.0156247,-0.0235384,-0.58188,0.296148,-1.69992,0.199417,0.0118112],[0.354094,-0.0359713,-0.826266,0.265547,1.85236,-0.127268,0.314183,-0.0592058,0.13567,0.202768,-0.188422,-0.243098,-2.29115,-5.92498,-0.243291,-0.116302,-0.883197,-0.286179,0.181463,0.0550968,1.76898,-0.121358,1.08246,-0.306632,0.863137],[-0.0270335,-0.0287253,-0.466228,0.0302183,-0.535351,-0.555494,0.0434105,0.0425423,-0.0144762,-0.0066667,0.0234177,-0.0897425,-0.620329,0.592721,0.021704,-0.00636346,0.446639,0.0152791,0.00229431,-0.00644675,0.490693,0.575954,-0.245241,0.0582899,-0.0079645],[-0.0746957,-0.0690396,0.105573,-0.164138,-0.0880455,-0.451421,0.013299,0.0271015,-0.00961534,-0.00239558,-0.0253412,-0.214424,-0.0773816,0.0599146,0.00625412,0.0123839,-0.0999719,-0.0175832,-0.0308421,0.00751991,-0.314295,-0.0130001,-0.250714,-0.0322139,0.0117466],[-0.0210812,-0.014147,-0.0363213,0.00912187,-0.106592,-0.235729,-0.0147743,0.0185612,-0.0096532,-0.00639369,-0.0143149,-0.0515505,-0.134782,-0.462617,-0.00778048,0.00627628,-0.351398,0.00816443,0.000415118,0.00878622,0.10301,0.0783763,-0.0670557,-0.0263785,-0.00835434],[0.0552089,0.0731097,0.066685,0.245588,0.0907363,0.191118,0.0327312,0.00226991,0.0432863,0.00326381,0.0165132,0.0411411,-0.0292022,1.4145,0.0128676,-0.00274115,0.2108,-0.00256541,-0.00334968,0.00338148,0.225104,0.192179,-0.134942,0.0417418,0.00614981],[0.00887292,0.015112,0.103546,0.0935815,0.379492,0.138137,0.00876304,0.00500389,-0.00108436,-0.00255077,0.00419618,-0.00738243,0.0716283,-0.438952,-0.00853578,-0.0113063,0.0664631,-0.00580753,0.0230389,0.000486866,0.0217082,0.123276,-0.0184713,-0.021971,-0.0066946],[-0.0118479,0.00535797,0.00878628,0.00229071,-0.0650888,0.196857,-0.00660493,-0.00671563,-0.016745,-0.00465565,-0.0148582,0.0147138,-0.124916,-0.306579,-0.00577331,-0.000109908,-0.153459,-0.0255447,0.0141514,-0.00236762,0.0154349,0.077811,0.0999049,-0.0450365,0.00538323],[0.0305598,0.0716743,0.63953,0.00717406,0.243377,0.231953,-0.0261327,0.0648724,-0.0516905,-0.0772832,0.0755535,0.245273,0.239326,2.53265,0.0455844,0.00243119,0.908097,0.0438343,-0.0357782,-0.00395178,0.0949592,-0.16586,0.483483,0.15289,0.0098736],[-0.113936,-0.0809534,-0.132451,-0.402551,0.270504,-0.83752,-0.322355,-0.15082,0.0769781,0.112725,-0.0701086,-0.4753,-1.23838,-6.74925,-0.0483979,0.0424513,-1.77262,0.118851,0.0356986,-0.0383099,0.19732,0.501601,-1.33118,-0.292438,-0.059747],[0.0895454,0.105922,0.0745466,0.0365909,-0.0306268,-0.100534,0.0276943,-0.000377161,-0.0481386,-0.0304807,0.0179436,-0.104146,-0.477223,1.23158,0.0279266,-0.030472,0.0483715,-0.0327226,-0.0116987,-0.0214123,0.173136,0.00931742,0.112877,-0.182068,-0.0178416],[0.123946,0.070693,-0.162331,0.357694,0.242486,-0.104182,0.0663689,0.0122493,-0.0291004,-0.16381,0.0319166,-0.0199892,0.282448,2.86452,0.0215092,-0.0179044,0.458387,0.000168856,0.108508,-0.00465862,-0.16484,-0.42327,0.634033,0.133427,0.0624763],[-0.45873,-1.0676,0.275417,-0.746478,1.27006,0.0936938,-0.347052,-0.00866926,-0.11473,-0.325114,-0.114421,-0.386433,1.73326,4.89131,0.0256512,-0.0885903,-0.137778,0.08993,-0.137283,-0.0240255,-0.770742,-0.671643,0.639489,-0.129749,-0.0761514],[0.147281,0.0957975,-0.0661178,-0.0113698,0.00992491,-0.0850028,-0.0142569,-0.0136152,-0.0300598,0.00724212,0.00661271,0.109381,-0.179487,0.0876264,-0.0165962,0.0110353,-0.246197,0.0167851,-0.0128839,-0.00140407,0.0618043,0.0943238,-0.21718,0.0100802,0.00718603],[0.0557215,0.0289427,-0.128291,0.0390203,0.0573788,-0.0948607,0.0112527,0.00660706,0.00242007,0.0329063,-0.001925,0.00814775,-0.0183223,-0.241078,0.0040632,-0.00272262,0.0897321,-0.00341395,0.00510941,0.000932677,-0.00619588,-0.0960546,-0.0596705,-0.00567946,0.00281341],[-0.000930201,0.00211293,-0.0227861,-0.0024857,-0.00663626,-0.0198872,-0.00383209,-0.000936229,-0.00131069,0.000948569,-0.000408396,0.00969222,-0.0168696,0.00297787,0.002669,0.000899455,0.0399367,-0.00128584,0.000466565,0.000223493,0.00475887,0.0111286,0.0311681,-0.00994273,-0.0011456],[0.484107,0.380504,1.36208,-0.158456,0.516031,0.418174,-0.180693,-0.0210454,-0.0779984,-0.287199,-0.163286,-0.47499,0.181204,-0.175609,-0.0951148,-0.0660011,-0.889119,-0.117692,-0.176954,-0.0389294,0.23037,0.604605,-1.0117,0.199933,-0.0647445],[-0.100279,-0.310979,-0.477951,-0.318629,-1.04476,0.30229,0.240103,-0.0741586,-0.021356,0.176065,0.0604301,0.556173,-0.885545,2.17214,-0.0589963,0.0321572,1.06554,-0.0108212,-0.0765156,0.059214,-0.0320641,-0.657315,-0.171137,-0.168562,0.0562558],[-0.00506908,-0.012346,0.0213445,-0.0119658,-0.0652763,-0.0441214,-0.00437425,0.012876,-0.00872295,-0.00899996,-0.0118741,-0.00138773,-0.0257987,-0.0431842,-0.0174164,-0.00477789,-0.108494,-0.00324366,0.00112441,0.00170395,0.022163,0.0150763,-0.00760012,-0.0136863,-0.00586112],[-0.123274,-0.323154,-0.548376,-0.00116055,0.0873556,-0.323747,-0.0306495,0.00771689,-0.12387,-0.0913027,0.0129444,0.277256,-0.113182,2.52611,0.163218,0.127665,0.388566,-0.0291642,-0.0921166,-0.0393209,-0.661533,-0.121169,-0.559869,0.22203,0.0260106],[0.210648,-0.00639299,0.0993323,0.0040018,0.748141,0.0154872,0.132249,0.049169,0.00528207,-0.0541172,0.0549865,0.276064,0.799559,2.30861,0.053502,-0.0455633,1.35575,0.225649,-0.141966,-0.0254714,1.40229,-0.161119,0.973795,0.172948,0.0126617],[1.03349,0.78632,-1.02868,0.953966,2.27035,0.282826,-0.226017,-0.201014,0.112917,-0.13025,0.000349536,1.50261,-0.229968,-5.38682,-0.0301653,-0.0445184,2.55609,-0.085294,0.0330921,-0.081746,-1.38678,0.461475,-0.68403,0.00817074,0.0196948],[-0.0430581,-0.0178964,0.068808,0.0500307,-0.080451,0.00151544,0.00572272,-0.00469218,0.00379112,0.00362992,-0.00547514,-0.00984253,0.201039,0.80513,-0.00653761,-0.015903,0.199981,-0.0320453,0.0111342,-0.00100481,-0.0994789,-0.221128,0.0814212,0.0122215,0.00545283],[0.0481314,0.0730761,0.000553577,0.0471043,0.036265,0.0797729,-0.037502,0.0120415,0.00561461,0.013209,-0.0152021,0.0291399,0.151826,-0.396685,-0.00158639,-0.0144618,0.270907,-0.0011642,0.0110029,0.00113201,0.0237664,0.0718087,-0.0194673,0.00169964,0.00140929],[0.0250819,0.0117413,0.187154,-0.0449165,0.00133031,0.00396683,-0.00184348,-0.0101921,-0.00248856,-0.0125718,0.00948073,0.00462546,-0.0691173,-0.429292,-0.00928793,-0.00182448,-0.160418,0.021345,0.00719126,-0.00208783,0.0569491,0.0438493,-0.162102,0.0192345,-0.00495703],[0.0132886,-0.0616003,0.154198,-0.00402786,0.185213,-0.0684786,0.0783084,-0.0411961,0.0265208,0.0986824,-0.00384991,-0.131044,-0.504446,-1.37828,-0.0250705,-0.0109719,-0.327854,0.0732343,-0.0140843,0.0166249,-0.179167,0.0406159,-0.2169,0.0276338,-0.00106221],[-0.277265,-0.180187,0.0432443,-0.221962,-1.72141,-0.356209,-0.119044,0.0995573,-0.0498906,-0.184517,0.159564,0.30045,0.72772,2.14477,0.201999,0.145692,1.07609,-0.0684262,0.0817773,-0.0897461,-1.30967,-0.308583,1.09911,0.461175,-0.0653894],[0.0358398,0.0178273,-0.533097,-0.0538205,0.0357575,-0.515056,-0.00715205,0.080699,-0.0252157,-0.0256671,-0.0194848,0.0268895,0.0405761,-2.00339,-0.00678972,0.0286845,-0.625079,0.000334188,0.0124749,-0.0139181,-0.225905,-0.0841635,-0.239267,-0.051764,-0.0183673],[-0.0388727,-0.0699817,0.021652,-0.176873,0.116717,-0.168198,-0.0625266,-0.0152401,-0.0348442,-0.0392413,-0.0349417,0.0623277,-0.139428,-2.17401,-0.00445026,0.0230657,-0.786306,0.000340459,-0.0522772,-0.0034733,0.0580729,0.15422,-0.240529,-0.0798236,-0.0195078],[0.0272451,0.0348483,0.183514,0.0144123,0.0974394,0.0770578,-0.00152644,-0.0153023,0.000200402,0.00540034,0.00352142,-0.0436627,-0.0542636,0.312432,0.00650882,-0.00340867,0.168861,0.00345791,0.00901474,-0.00269215,0.0680897,-0.0338275,-0.0319032,0.0194103,0.00795085],[0.00458611,-0.0437828,-0.0464098,0.15166,-0.0185705,0.0371884,-0.0155598,0.0256735,-0.0305895,-0.0298659,-0.00901615,-0.0319483,-0.0368839,-0.475422,-0.00930213,-0.00965835,-0.00834168,-0.0351917,-0.0144082,-0.00470622,-0.0480763,-0.00994795,-0.0946699,-0.00393883,-0.00861761],[0.0328056,0.0383496,0.107127,-0.000866957,0.205208,0.0422021,-0.0136631,-0.0114762,0.0157333,0.0160739,-0.0106826,0.0381717,0.045729,-0.318748,-0.0112406,0.00028153,-0.300465,0.0163573,-0.0115565,0.000843209,-0.0307301,-0.0269507,-0.045393,-0.0119906,-0.000693333],[0.00480581,-0.0331681,-0.0168482,-0.0013642,-0.00845886,0.0511274,-6.45033e-05,0.00496224,-0.000957846,0.00363264,-0.007264,0.0278581,-0.0046802,-0.0632767,-0.00832495,-0.0108709,0.0785364,-0.00189352,0.008431,-0.00197422,-0.0425429,-0.0218597,0.0612628,-0.00904195,-0.00667091],[0.0299831,-0.0716664,-0.241608,0.176737,0.469602,-0.120751,0.0523217,0.0196824,-0.0325323,0.00168254,-0.015082,0.0909485,-0.572023,1.37846,0.039446,-0.00135744,0.50631,0.0140866,-0.0618477,0.00874984,0.152194,0.397178,0.205824,0.0499,0.00325268],[-0.105694,-0.0937049,-0.0197856,0.222787,-0.778736,-0.246853,0.0200498,0.172446,-0.0574442,0.0220282,-0.017518,0.00515318,-0.973141,-1.91254,0.00434163,0.0300976,-0.718508,0.0517757,0.0827403,-0.000208512,-0.0825282,0.117118,0.357827,-0.0482063,-0.011584],[0.0771991,0.0442706,0.135306,-0.00309578,0.0811972,0.277228,-0.118044,-0.0643989,-0.0335521,-0.098016,-0.00722637,-0.0208639,0.467222,0.159003,-0.0389197,-0.0461486,0.343262,-0.0114232,-0.0421603,-0.000334828,0.0739088,0.0233224,-0.618587,-0.125912,-0.023938],[0.0391711,-0.0421536,-0.0769627,-0.0459229,0.218012,0.0712092,0.0419224,0.00808571,-0.00731212,-0.019831,0.0290893,0.107881,-0.41783,0.29105,-0.0414194,-0.0290336,-0.315622,0.0320852,0.02132,0.0161694,-0.197558,-0.0628818,-0.430951,0.0486849,-0.00411268],[-0.102299,-0.200873,-0.161584,-0.270039,0.241906,-0.701474,0.0130029,0.0304727,0.0515473,0.0747209,0.0983912,0.165041,-0.461469,-2.41743,0.0219716,0.00139749,1.33727,-0.0394132,-0.0839956,0.00700142,-0.19021,-0.913577,0.11164,-0.0791429,0.016135],[-0.0625452,-0.0186081,-0.0281241,-0.0987882,0.00607137,-0.0456616,0.00089385,0.0233715,0.0220041,-0.00851845,-0.00602853,0.0891284,0.170956,0.793784,0.0186633,0.00792469,0.336183,-0.00533098,0.0164966,-0.000748484,-0.0711143,-0.113799,0.159213,0.0580293,-0.0118989],[-0.0110973,-0.0100962,-0.013012,0.0231357,0.0723893,-0.0788758,-0.00614879,-0.00426685,-0.00349983,-0.00758783,-0.00268429,0.0194178,0.0957214,-0.107875,-0.0031471,-0.00615983,0.138522,0.00993096,0.00418921,0.000800111,-0.0535198,-0.0298037,-0.0607123,-0.00485802,-0.0059309],[0.00126188,-0.00094211,-0.0127971,0.00128001,0.01039,-0.0205182,-0.00215328,-0.00130821,0.00212419,0.00241135,0.000436136,-0.00698926,0.0220889,-0.0519246,-0.00122301,-0.00118104,0.0223514,0.00526679,-0.000796289,0.000421348,-0.0164032,-0.0154772,-0.0680094,0.0013805,-0.000278187],[0.160939,0.0830178,1.18534,-0.148849,0.437671,-0.198579,0.228495,0.0432803,0.018786,0.00137571,0.0603979,-0.469631,-0.0362715,2.63686,0.0626244,0.0157154,-0.0524866,0.111746,-0.148615,-0.0146319,-0.0807865,0.635439,-0.86887,0.349914,0.095961],[-0.287887,-0.103457,-0.442486,-0.289664,-0.281206,0.223912,0.0653989,0.114136,0.00570128,0.0861978,-0.0270097,0.152162,-0.15825,-0.639438,0.00228673,0.0233618,-1.24012,0.00475678,-0.00285947,0.000139276,-0.415009,0.609841,0.279226,0.0887825,-0.0533606],[-0.00241885,0.000988438,-0.0367655,-0.00017513,-0.0307635,-0.0882948,0.00255237,-0.00841571,-0.00108707,-6.59029e-05,0.00349962,-0.0174407,-0.0714578,0.0629308,0.00339322,0.00142151,-0.0206782,0.0061438,-0.00519671,-0.000154439,0.0190851,0.00266961,-0.0661516,-0.0155009,-0.00154017],[-0.0288177,0.288611,-0.209945,-0.358645,-0.173841,-0.247365,-0.130557,-0.00468205,-0.102772,-0.0523844,-0.0697805,-0.124021,-0.0163555,-3.4638,-0.0771822,-0.0298359,-0.265049,-0.246838,0.0125915,-0.00581877,-0.291897,-0.120083,-0.651376,-0.317789,-0.0135599],[-0.0221681,-0.0659567,0.486374,0.080791,-0.0730492,0.257687,0.00226019,-0.00553685,0.0246694,0.0991489,-0.0402277,0.110628,0.283274,-2.73706,-0.0116559,0.0315751,-0.493378,0.049258,-0.190733,0.0122736,-0.460021,-0.627501,-0.0604575,-0.178237,0.0329075],[-0.121427,0.141207,0.625526,-0.0117979,-1.09226,0.868678,0.568502,0.0552342,0.180371,0.255647,0.0630202,-0.328124,-0.815623,-2.02707,0.146133,0.0667031,-2.39273,-0.183075,-0.0897097,0.255931,-1.25897,0.616205,-0.254483,-0.41853,0.216883],[-0.00244477,-0.0121883,0.0115639,-0.076036,0.0262554,-0.0425943,0.0228433,-0.0167913,0.0120206,0.00816404,-0.00155027,0.0104827,0.0540467,-0.340135,-0.0102767,-0.00742502,0.0212438,0.0133433,0.0133304,0.00521568,-0.0260886,0.0672846,-0.0225531,0.0142703,0.00124554],[0.00808877,0.0396501,0.0246114,0.0173221,-0.101903,0.0130377,-0.00220299,-0.00725793,0.00506712,0.0146207,0.0150084,0.0344067,0.0609709,0.708628,0.0123062,-0.0125249,0.321192,0.000650725,0.00741209,-0.00538033,0.000600751,0.00825309,0.108475,-0.016328,0.00555126],[-0.0133471,-0.0699284,-0.0488502,-0.0217355,0.015786,-0.0300434,-0.00741459,-0.00880661,0.0120383,0.0151089,0.000616185,-0.0123048,-0.0444676,-0.0940187,-0.00434347,-0.00109742,-0.137701,0.00935042,0.00124578,0.000170046,-0.0142851,-2.32777e-05,-0.177356,0.00382106,0.00252275],[0.130357,0.156642,0.288227,0.367192,0.0621998,-0.00373269,0.0467497,0.0372935,0.0219589,-0.0024972,0.0119066,-0.0436571,-0.0189307,1.25966,-0.0210155,-0.017351,-0.441501,0.0163566,0.091643,-0.00975093,0.00984051,-0.0780515,0.01522,0.0368888,0.0214369],[-0.487432,-0.272471,-0.0271458,-0.260933,0.228807,0.118722,-0.102825,0.0671917,-0.125842,0.256237,0.0856071,-0.0705176,-0.17534,-2.33809,0.0851299,0.116964,-0.770517,-0.00411802,-0.159851,0.032163,-0.00795451,0.523331,-1.15264,-0.325026,-0.0848883]],"sigmahat":[[0.395988,0.345147,0.294906,0.321141,0.455518,0.40392,0.00585954,-0.0256619,0.0325008,0.00421152,0.00380333,0.0359555,0.283586,0.505187,-0.020829,-0.0218608,0.140918,0.00920972,-0.00293269,-0.000879701,0.311989,-0.172061,0.16838,-0.0013916,0.00622569],[0.345147,0.671456,0.307318,0.442582,0.108057,0.482126,-0.0270795,-0.0500397,0.0136965,0.00471215,-0.0105164,0.0879215,0.369953,0.130034,-0.0145604,-0.0250956,0.193029,-0.0177219,-0.00076082,-0.00397009,0.215068,-0.124801,0.327342,-0.0835175,0.00509555],[0.294906,0.307318,3.68417,-0.283027,-0.0141156,1.38117,0.154843,-0.0513059,0.0505374,-0.00943407,0.0201117,-0.0667542,-0.386028,1.87423,-0.0542421,-0.0367211,-0.460899,0.0283808,-0.0655833,0.0172499,0.646842,0.247494,0.285515,0.155987,0.0695795],[0.321141,0.442582,-0.283027,1.74388,0.218304,0.461435,0.119939,0.0612896,0.0223313,-0.00740332,0.00344152,0.0908174,0.126936,0.269014,-0.00205203,-0.0130944,-0.424008,-0.00520764,0.168851,-0.0113661,0.27363,-0.00867289,0.547408,-0.0365057,0.00268095],[0.455518,0.108057,-0.0141156,0.218304,4.32239,0.574449,-0.0948093,-0.096806,0.0646676,-0.00888263,0.00777374,0.0160869,0.569618,-0.211196,-0.0113451,-0.041013,0.228026,0.0597508,-0.131869,-0.00752874,0.139532,-0.537008,-0.921875,0.123909,-0.020008],[0.40392,0.482126,1.38117,0.461435,0.574449,3.77937,0.0868736,-0.0154403,0.0165666,-0.0388575,0.0542911,0.153554,0.608635,1.43241,-0.0127556,-0.0272832,0.699482,-0.078471,0.0439045,-0.00824488,0.671817,-0.150772,1.78591,0.077893,0.055656],[0.00585954,-0.0270795,0.154843,0.119939,-0.0948093,0.0868736,0.18735,0.0402134,0.0319574,0.0415102,0.0465187,0.000410056,-0.206017,1.35426,0.0210339,0.0220189,0.00193005,0.00505547,0.0535858,0.0071495,0.239311,0.101799,0.497445,0.118673,0.0141902],[-0.0256619,-0.0500397,-0.0513059,0.0612896,-0.096806,-0.0154403,0.0402134,0.0801096,-0.00891155,-0.0107089,0.00602688,-0.0159547,0.04959,0.442598,0.00376618,0.00890263,-0.11187,-0.00681933,0.0157048,0.00184046,-0.0399996,-0.0211912,0.180674,0.0437448,-0.00382615],[0.0325008,0.0136965,0.0505374,0.0223313,0.0646676,0.0165666,0.0319574,-0.00891155,0.0630228,0.0451555,0.0152008,0.0151554,0.0508601,0.245948,0.000886505,0.00426636,-0.0283113,0.0216156,0.0165476,-0.000562843,0.0520894,-0.0639409,0.0330655,0.0197612,0.00526939],[0.00421152,0.00471215,-0.00943407,-0.00740332,-0.00888263,-0.0388575,0.0415102,-0.0107089,0.0451555,0.0992094,0.0142821,0.0104401,-0.1318,-0.0374019,0.00160281,0.00558148,-0.0206688,0.015983,0.00235011,0.00533701,0.0395198,-0.0436181,0.0215534,0.00875295,0.00631741],[0.00380333,-0.0105164,0.0201117,0.00344152,0.00777374,0.0542911,0.0465187,0.00602688,0.0152008,0.0142821,0.0482405,-0.00926457,0.0217405,0.657622,0.0193967,0.0139978,0.11241,0.0172025,0.00561302,-0.000576355,0.0512245,-0.0289693,0.0661014,0.0509036,0.00333613],[0.0359555,0.0879215,-0.0667542,0.0908174,0.0160869,0.153554,0.000410056,-0.0159547,0.0151554,0.0104401,-0.00926457,0.893684,-0.307623,-0.266206,-0.00595212,0.0128414,-0.202093,-0.0742436,0.0392836,0.00823891,0.0478642,0.260904,0.568158,0.0391728,-0.0100226],[0.283586,0.369953,-0.386028,0.126936,0.569618,0.608635,-0.206017,0.04959,0.0508601,-0.1318,0.0217405,-0.307623,4.70737,3.91696,-0.0179005,-0.078782,2.45111,0.045579,-0.0423078,-0.0124449,-0.847882,-1.79095,0.54106,0.169731,0.015614],[0.505187,0.130034,1.87423,0.269014,-0.211196,1.43241,1.35426,0.442598,0.245948,-0.0374019,0.657622,-0.266206,3.91696,68.1003,0.558055,-0.110758,13.8325,0.0694896,0.265786,0.0523297,1.79267,-1.8281,6.45644,2.44343,0.345559],[-0.020829,-0.0145604,-0.0542421,-0.00205203,-0.0113451,-0.0127556,0.0210339,0.00376618,0.000886505,0.00160281,0.0193967,-0.00595212,-0.0179005,0.558055,0.0404469,0.0258603,0.166252,0.00342168,-0.00112208,-0.00318046,-0.000857257,0.0150128,0.0701711,0.0283253,0.00616079],[-0.0218608,-0.0250956,-0.0367211,-0.0130944,-0.041013,-0.0272832,0.0220189,0.00890263,0.00426636,0.00558148,0.0139978,0.0128414,-0.078782,-0.110758,0.0258603,0.0465259,-0.309568,-0.00355094,-0.000134262,-0.00276921,-0.000503131,0.0211567,0.00217124,-0.0019102,-0.00147244],[0.140918,0.193029,-0.460899,-0.424008,0.228026,0.699482,0.00193005,-0.11187,-0.0283113,-0.0206688,0.11241,-0.202093,2.45111,13.8325,0.166252,-0.309568,12.6787,0.0936002,-0.0192367,0.00805636,0.100138,-0.644893,1.93779,0.712914,0.160388],[0.00920972,-0.0177219,0.0283808,-0.00520764,0.0597508,-0.078471,0.00505547,-0.00681933,0.0216156,0.015983,0.0172025,-0.0742436,0.045579,0.0694896,0.00342168,-0.00355094,0.0936002,0.108644,-0.013656,-0.00212934,0.0706943,-0.00232319,-0.275792,0.0364218,5.22878e-06],[-0.00293269,-0.00076082,-0.0655833,0.168851,-0.131869,0.0439045,0.0535858,0.0157048,0.0165476,0.00235011,0.00561302,0.0392836,-0.0423078,0.265786,-0.00112208,-0.000134262,-0.0192367,-0.013656,0.143163,-0.00243442,0.0948464,0.0198015,0.406034,0.0231993,0.00307096],[-0.000879701,-0.00397009,0.0172499,-0.0113661,-0.00752874,-0.00824488,0.0071495,0.00184046,-0.000562843,0.00533701,-0.000576355,0.00823891,-0.0124449,0.0523297,-0.00318046,-0.00276921,0.00805636,-0.00212934,-0.00243442,0.00783037,0.00722288,0.00363128,0.025203,0.0051943,0.000760417],[0.311989,0.215068,0.646842,0.27363,0.139532,0.671817,0.239311,-0.0399996,0.0520894,0.0395198,0.0512245,0.0478642,-0.847882,1.79267,-0.000857257,-0.000503131,0.100138,0.0706943,0.0948464,0.00722288,3.52953,1.11014,1.26952,0.16246,-0.0124546],[-0.172061,-0.124801,0.247494,-0.00867289,-0.537008,-0.150772,0.101799,-0.0211912,-0.0639409,-0.0436181,-0.0289693,0.260904,-1.79095,-1.8281,0.0150128,0.0211567,-0.644893,-0.00232319,0.0198015,0.00363128,1.11014,2.40755,-0.222764,0.0312368,-0.00993305],[0.16838,0.327342,0.285515,0.547408,-0.921875,1.78591,0.497445,0.180674,0.0330655,0.0215534,0.0661014,0.568158,0.54106,6.45644,0.0701711,0.00217124,1.93779,-0.275792,0.406034,0.025203,1.26952,-0.222764,7.94678,0.419908,0.0218778],[-0.0013916,-0.0835175,0.155987,-0.0365057,0.123909,0.077893,0.118673,0.0437448,0.0197612,0.00875295,0.0509036,0.0391728,0.169731,2.44343,0.0283253,-0.0019102,0.712914,0.0364218,0.0231993,0.0051943,0.16246,0.0312368,0.419908,0.380249,0.0161813],[0.00622569,0.00509555,0.0695795,0.00268095,-0.020008,0.055656,0.0141902,-0.00382615,0.00526939,0.00631741,0.00333613,-0.0100226,0.015614,0.345559,0.00616079,-0.00147244,0.160388,5.22878e-06,0.00307096,0.000760417,-0.0124546,-0.00993305,0.0218778,0.0161813,0.0225175]],"n":25,"lags":3,"seasonalRows":3}