{"betahat":[[-5.31225,-7.88157,-34.3159,-2.68899,-4.65947,-8.28257,2.13842,-0.249281,3.61672,-7.40806,0.137558,-0.193589,-0.116442,-0.33409,1.01909,-1.99031,29.9824,21.5641,1.133,194.504,4.4139,0.854341],[0.765551,-0.021232,0.168988,-0.500992,0.164294,-0.150497,0.173111,-0.0136368,-0.0499671,-0.0643166,-0.00460784,0.0715681,-0.0174909,0.0178695,0.0616257,0.0465732,0.0134376,-0.0496527,0.00424332,1.94272,-0.243855,-0.0190071],[0.0618272,0.838517,-0.0839238,0.218475,0.0487951,-0.205966,0.119427,0.0161061,0.0943861,-0.00940853,-0.00224564,0.0403253,-0.00270433,-0.00893361,-0.0134889,0.0557985,0.00198472,-0.0475109,0.00643684,1.21171,-0.0739412,-0.0156545],[-0.0273339,0.00864275,0.512586,0.0789355,-0.0151029,-0.0206122,0.00313255,0.00516592,-0.00920156,0.0259255,0.000998673,-0.00518268,0.0022833,-0.00122028,0.00721285,0.00530567,-0.00474409,-0.0104585,0.00226568,-0.182252,-0.0147301,0.00487793],[-0.0256412,-0.0193233,0.0026005,0.432303,-0.0644059,-0.128096,0.00303697,0.0208041,0.0126392,-0.0363671,-0.00218279,0.000215031,-0.000473244,-0.0105255,0.0135311,-0.0174537,-0.0191249,0.0513975,-0.00204789,0.415296,-0.0526779,0.00737836],[-0.0554966,-0.073918,-0.3336,0.109184,0.912256,-0.213457,-0.0961699,0.0347521,-0.00628111,-0.0774164,-0.00777415,-0.0153782,-0.00944938,-0.0186304,-0.0240158,-0.0250796,0.0185749,-0.127285,-0.00316658,-0.47849,-0.0213378,-0.010399],[-0.0201989,-0.0127689,-0.173431,-0.0969648,-0.0776189,0.667654,-0.0401978,-0.013758,-0.00836666,-0.0133605,0.0043846,-0.0168158,0.00270821,0.00308692,-0.0166834,-0.00968606,-0.0360115,0.0198147,-0.00375259,0.0580764,0.0589341,-0.0117661],[-0.0665673,-0.135346,0.51379,-0.0839413,-0.318444,-0.208463,0.616838,0.0900492,-0.0580265,0.00276061,0.0145179,-0.00132576,0.0225744,0.00784193,-0.0532247,-0.107361,-0.0939464,0.0777117,-0.0132273,-1.08689,0.0833892,0.030865],[-0.326603,-0.156536,-0.852411,0.269687,-0.0811213,-0.406449,-0.159527,0.842981,-0.161584,0.16141,0.0202045,0.0787351,0.0353922,0.115426,-0.210322,0.102074,0.0809171,0.818616,0.0160225,1.02983,0.220181,0.0352547],[0.106927,0.0434159,0.160387,-0.128509,-0.0959797,-0.0408052,-0.119176,0.0652383,1.01729,-0.118128,-0.0228742,-0.0155322,-0.0248172,-0.00558353,-0.0591341,-0.0974107,0.188232,0.222876,-0.000160983,1.96968,0.169151,0.00954623],[0.0299658,-0.115638,-0.203207,0.446102,0.241614,0.158532,0.0202426,0.0443463,-0.0463752,0.931776,0.00218706,-0.0120133,-0.0136042,-0.0245956,0.0261128,-0.0246185,0.162224,-0.301486,-0.030844,-1.373,0.0295044,-0.00386775],[0.08554,0.0706327,-6.55266,1.04933,2.17868,-2.61377,0.9347,-0.445233,0.188989,-2.67048,0.90887,-0.0507407,-0.0522111,-0.111199,0.574074,-0.24001,0.0789063,-0.0435357,-0.0181882,52.6241,-1.36386,0.413855],[0.0115084,0.317236,-3.58023,0.748093,-0.725509,-2.00641,-0.207974,0.152316,-0.514508,0.614443,-0.0434502,0.913286,0.0178685,-0.124819,-0.0756172,-0.163711,-0.00242286,-0.196949,-0.0390936,-16.169,-1.91301,0.0643623],[-0.478212,-0.112658,6.07856,0.710344,-1.22982,2.04145,-2.23677,0.138874,1.12143,1.60964,0.440845,-0.101732,1.25818,0.170597,-0.700403,-0.293973,-0.472955,0.156115,0.181201,-43.6481,-0.0828499,0.309913],[0.307712,-0.106929,0.583113,1.12805,0.308514,-0.890068,0.341001,-0.243333,0.804119,-0.977784,0.214529,0.142782,0.214674,1.14799,0.379164,0.181241,-0.0845529,1.13452,0.176923,15.8855,1.41593,-0.0232829],[0.212599,0.333216,-0.972654,0.378354,-0.0466633,0.220187,-0.0154127,-0.142956,0.257847,-0.126533,0.00139254,0.00127765,0.0290611,0.0622384,0.948225,-0.0421931,-0.00566075,-0.166531,0.0403434,6.02016,-0.524349,0.0626628],[-0.0236724,0.00734845,1.21864,0.144745,0.077038,-0.0905785,-0.212848,-0.0350154,0.041119,0.0228059,0.0229997,0.107523,0.0181695,0.0174893,-0.00335127,0.868784,0.305704,0.439039,-0.0260212,0.695058,-0.284083,0.0553187],[-0.0677397,-0.191774,1.32903,-0.440531,-0.0266895,-0.100601,-0.152941,-0.0211925,-0.123774,0.0514354,0.000667734,-0.0302295,0.0077517,0.00144287,-0.118272,0.0370567,0.541028,-0.350598,0.0206872,2.1673,0.396686,-0.0138702],[-0.127415,-0.145974,-0.0804967,0.552595,-0.323967,-0.424767,-0.139596,0.037658,0.150738,0.0137358,0.0116255,0.0117678,0.0102145,0.0255368,-0.0852927,0.0141977,0.0104275,0.923512,-0.00476672,-0.847084,0.19012,0.00809008],[-2.2657,-1.98374,-10.9598,-1.91301,-0.947266,-3.99843,0.598375,0.45203,-0.197333,0.956726,-0.0413192,-0.0682131,-0.0142384,-0.17336,-0.43171,0.214129,-1.61397,-2.66793,0.636395,-17.9444,1.14712,0.00654216],[0.00660021,0.00864979,-0.0365313,0.018705,0.0175783,0.028513,-0.0083079,-0.00244792,0.00220111,-0.00594602,-0.00108674,0.00165439,-0.000590842,0.000197516,0.00599517,-0.00656817,0.00196788,-0.0169636,0.000198569,-0.484129,-0.00807579,-0.0027181],[0.0267028,0.169715,0.258529,-0.305257,-0.046727,-0.0651553,-0.0349675,0.0308819,0.0145925,-0.0366531,0.00314751,0.0230295,0.00878086,-0.00191524,0.0709344,-0.0166358,-0.0630171,0.0118505,0.0110615,3.14966,0.778279,0.00645313],[0.414707,0.48057,3.2241,-0.0622419,-0.386061,-0.228808,0.707061,0.0639819,-0.820401,0.843148,-0.0141786,0.118874,0.0392876,-0.0116727,0.259669,0.271106,0.305155,-0.0885289,-0.0235253,4.99504,1.25029,0.617274],[0.119862,0.0723522,-0.309066,0.450452,-0.33444,-0.106021,-0.0593161,0.0138181,0.0408104,0.0911092,-0.00143655,-0.0493361,0.0105797,-0.016552,-0.0724034,-0.0052959,-0.024551,0.0589885,-0.0028499,-1.28037,0.175307,0.0132295],[-0.0232516,0.165096,-0.0162008,-0.285258,-0.0234705,0.201578,0.0243569,-0.0282369,-0.127061,-0.0566438,0.000674921,-0.00668501,0.00503082,0.0270442,0.00424343,0.0261496,0.0326178,0.0140736,0.0046684,0.01108,0.0335479,0.00646068],[0.0142624,-0.0214036,0.108399,-0.0488886,0.0117658,-0.0293814,-0.012307,-0.00232822,-0.0046633,-0.0198928,-0.000442855,0.00467203,-0.00117134,0.00151436,-0.00763966,-0.00927974,0.00888596,0.0129454,0.000290434,-0.1929,0.00226253,-0.00281477],[0.00518994,0.00733992,-0.379304,0.249522,0.0518404,-0.0194172,-0.0381266,-0.0157967,0.0166561,0.0194494,-0.000883526,-0.00583492,-0.00211346,0.0103559,-0.0121153,-0.003653,-0.00977012,-0.00410157,0.00273532,-1.04367,-0.0138554,-0.0154243],[0.0506776,0.0364029,0.170683,-0.236756,0.0124936,0.138365,0.0934175,-0.0188764,0.057907,0.0782232,0.00726959,0.011876,0.00720458,0.0248639,-0.00595637,0.0655586,-0.0289861,0.101229,0.00480419,1.13283,0.0332272,0.0209708],[0.0121278,0.0226323,0.23268,0.0384764,0.0850079,0.109246,0.0536015,0.0191633,-0.0270872,0.0121464,-0.00109244,0.00665678,0.000204107,-0.000665273,0.0158185,0.0216277,-0.0138944,0.0351132,0.00398962,-0.0683826,-0.0670726,0.00549371],[-0.0258748,0.0797622,-0.56526,-0.153181,0.216607,0.191737,0.326817,-0.0449103,0.0312836,-0.0377779,-0.00166862,0.028965,-0.0042204,0.0183986,0.0267312,0.105094,0.0518078,-0.0835078,0.0108667,2.04515,0.0114477,-0.0182338],[0.0335971,-0.187674,-0.1223,-0.212905,0.177089,0.276658,-0.000381715,0.0425373,0.184181,-0.085387,-0.0199058,-0.126239,-0.0275569,-0.119411,0.0610135,-0.151971,-0.0124594,-0.105111,-0.0112628,-0.384746,-0.0606412,-0.000792136],[-0.123631,0.0273229,-0.240912,0.0109888,0.126476,0.0556289,0.109626,0.0110775,-0.142491,0.217509,0.00813308,0.00836708,0.00717924,-0.0157865,0.00554824,0.0423427,-0.0687517,-0.104279,-0.0117209,-2.08071,-0.107988,-0.0238633],[-0.0618176,0.0245292,-0.377017,-0.433399,-0.199527,-0.335466,0.067217,-0.00622962,0.0329625,-0.295867,0.00822551,0.00556475,0.0132955,0.025079,-0.0319443,0.0400624,-0.00851031,0.0893494,0.012032,1.44757,-0.138467,0.019975],[-0.0885254,-0.285072,-1.39818,0.876062,-0.0326618,-0.381884,0.846309,0.0198175,-0.333234,0.168146,-0.166508,0.00931882,-0.0917757,0.025025,0.218408,0.255074,0.386802,0.00856628,-0.0105832,-4.63342,0.365679,-0.186006],[0.531721,-0.0159141,1.84636,-1.11348,0.612591,1.1566,0.189864,-0.0337459,0.745359,-0.592381,0.0842122,-0.243246,0.0322694,-0.0335025,0.136503,0.047469,0.287598,0.465912,-0.0620454,1.03906,-0.290814,-0.018473],[0.0638721,-0.0189269,-0.92552,0.063395,-0.731726,0.394819,0.309967,0.0460733,-0.251618,1.24895,-0.149642,0.0250762,-0.16199,-0.0792774,-0.0639695,0.0448701,-0.023353,0.403158,-0.0906006,-16.6544,0.412781,-0.250624],[-0.0317742,-0.403969,1.33651,-1.32488,0.818564,2.57994,-0.173505,0.0541498,-0.0793101,0.080739,0.0134908,0.0233301,0.0350132,-0.145754,-0.359412,-0.032529,0.390352,-0.642385,-0.00313008,16.5174,-0.606409,0.200378],[-0.19096,-0.0195665,1.76051,0.0062634,-0.265003,-0.74458,-0.0195872,0.160426,0.121676,-0.0382275,0.0147969,-0.0217501,-0.00669789,-0.044599,0.00359885,-0.0130258,-0.00586798,0.103967,-0.0102629,-6.52903,0.290968,-0.0529097],[0.148862,0.188392,-1.57506,-0.297843,-0.00618117,0.273121,0.192712,0.0321696,-0.180044,0.00231179,-0.00769327,-0.00786685,0.00285162,0.0180962,-0.000523847,0.141524,-0.17056,-0.286426,0.0131504,-0.177021,0.245939,-0.0456768],[-0.12102,0.0992894,-1.12464,0.40393,0.0632887,0.0792434,0.153066,0.0156858,0.257353,-0.0861515,0.000514601,0.0207266,-0.00807648,0.00238738,0.0364144,0.0266334,-0.0173575,-0.0558454,-0.0147839,0.82514,-0.0705832,0.0440272],[0.161554,0.16846,0.0078142,-0.270417,0.205814,0.215626,0.186925,-0.0492874,-0.109629,-0.103082,-0.0110514,-0.00774852,-0.0146354,-0.0103763,0.0780166,0.0361989,0.024461,-0.132518,-0.00756457,-0.0585311,-0.190878,-0.0124089],[-0.147611,0.0241333,3.42041,2.12227,-0.404524,-2.42412,0.567313,-0.040847,-0.189954,0.507897,-0.151279,-0.0242234,-0.171186,-0.24326,0.367355,0.0325218,-0.059555,1.63294,0.257095,21.9458,-0.155384,-0.0331492],[0.0094086,0.0077308,0.0261476,0.0235684,0.00896327,0.0347904,-0.00468443,-0.00270263,-0.00123893,-0.00874734,0.000536526,-0.000770157,7.74265e-05,-0.000437429,0.00294623,-0.00321719,0.000207131,-0.0137091,0.00130121,-0.143934,-0.0100314,0.00110669],[0.0365157,-0.0699914,0.555176,0.347212,0.195325,0.176743,0.061356,-0.0444989,-0.0293139,0.0979438,-0.00300822,-0.0383156,-0.00823253,-0.00931686,-0.0358839,0.0298966,0.0226055,0.146112,-0.00986195,-3.49478,0.0552856,0.000655109],[-0.0570999,0.536646,-3.37445,-2.28746,-0.65945,0.498328,-0.259049,0.18968,0.666737,-0.510902,0.0189023,0.102493,0.0395247,0.126276,0.00540556,0.263835,-0.131908,-0.633426,0.0639317,-0.11256,-1.4173,0.0678667],[0.114278,-0.0513797,0.140409,0.0505686,0.169953,0.256137,-0.114138,-0.000138272,0.00900096,-0.0267568,0.00604886,-0.0222572,0.00692156,-0.00130809,0.0108379,-0.0413749,0.0108321,-0.00905365,-0.00137945,-0.665566,0.0688354,0.0058069],[-0.0387285,-0.00412683,0.098409,0.0665987,-0.0253032,0.00386732,-0.143891,0.0121543,0.0326521,0.0657113,0.00153598,-0.0336523,-0.0023516,-0.0180868,0.00928137,-0.0820042,-0.0344633,0.033403,-0.0110734,-1.22611,0.0403061,0.00920747],[0.0134383,0.0131837,0.362577,-0.0325322,0.00521871,0.0526508,0.01002,-0.00304783,0.0132007,-0.00638816,-0.000435425,0.000887216,-0.000996592,0.000222282,0.000929146,0.00448338,-0.00490751,-0.00298702,-0.00241438,0.369166,0.011621,-0.0020904],[0.0205422,0.0116772,0.37421,0.315838,0.0132426,0.148328,0.0353644,-0.00513923,-0.0290707,0.0163727,0.00304571,0.00546444,0.00255185,0.000244663,-0.00126347,0.0211447,0.0285375,-0.0476466,-0.000700216,0.631431,0.0661497,0.00807425],[0.004457,0.0374766,0.162828,0.12771,0.0738084,0.0740996,0.00274886,-0.0158669,-0.0515233,-0.000819017,0.000484414,0.00373907,0.00228276,-0.00630716,0.0294201,-0.0402305,0.0115354,0.0253368,-0.00166646,-0.643659,-0.0112739,-0.0106239],[0.00811329,-0.0093916,-0.0584312,0.0591867,-0.00777179,0.221541,-0.0127392,-0.00561181,0.0352272,0.00120864,-0.0032653,0.0102831,-0.00285118,-0.00234702,0.000898347,-0.0114102,0.0505152,-0.0556627,-0.000227853,0.0195376,0.00768096,0.00632895],[0.0915709,0.0553634,0.0523711,0.237642,0.0989598,0.0106786,0.0535987,-0.0447647,0.027606,0.0353983,-0.0127875,-0.0274006,-0.018159,-0.0259282,0.0254213,0.00163945,0.0450317,0.00771417,0.00222084,-0.98347,-0.0939637,-0.012711],[0.206743,0.133692,0.508968,0.323139,-0.0255192,0.115099,-0.130309,0.014684,0.00444548,-0.0466364,-0.000848686,0.0157907,-0.013842,-0.0125573,0.123166,-0.126142,-0.0135178,-0.521432,-0.00594536,-0.750618,-0.0416007,-6.96608e-06],[0.0170381,-0.070598,0.0897307,0.118848,-0.0298189,-0.012097,0.00974706,-0.0764504,0.122333,-0.098463,0.0147806,0.00738162,0.0176131,0.0209155,0.0529019,0.0557757,-0.116363,-0.118526,0.0117243,0.109377,-0.060172,0.014208],[0.0298316,0.0267757,0.150946,-0.186917,0.0117502,0.015399,0.0101646,0.0375276,0.0465342,-0.0110385,-0.00351162,-0.00445801,-0.00407621,-0.00916359,0.00596176,-0.000882527,-0.0491413,0.113886,-0.00188843,0.260399,-0.0206847,-0.00271843],[0.112842,0.135378,0.301766,-0.809643,-0.380114,-0.544596,-0.363531,0.00313187,0.0963154,-0.22394,-0.0666744,-0.0383479,-0.0355376,0.0615323,-0.00439017,-0.132793,0.522434,0.0645508,-0.0653542,1.49743,0.330037,-0.081176],[-0.301554,-0.311333,0.896217,0.484749,-0.551966,-0.578961,-0.447801,0.0074676,-0.441068,-0.416652,0.00850806,-0.040598,-0.0129033,0.0267164,-0.179625,-0.343088,-0.518751,-0.238644,0.0467918,2.74911,1.14504,-0.0195634],[0.403751,-0.0254621,2.734,-0.163609,0.0848659,1.67857,-0.19859,-0.0715279,-0.668873,0.251295,-0.0676015,-0.0476248,-0.100628,-0.0759318,-0.103012,-0.0472014,-0.113013,0.0770392,-0.0626613,-5.63578,0.725289,-0.141609],[-0.413304,0.0580812,-1.68184,-0.100934,0.131804,-0.91887,0.14518,0.0438602,-0.525222,0.339025,-0.101703,0.0772132,-0.0805767,0.0749127,0.113553,0.0335284,-0.259785,-0.976653,-0.0382828,-12.8055,-0.467246,-0.0225375],[-0.021709,-0.313371,-0.785499,-0.384495,0.31074,0.524039,0.0349271,-0.0174389,-0.378877,0.165344,-0.0162211,0.0204345,-0.0222953,-0.0177504,0.0473934,0.0556004,0.0141114,0.0618423,-0.0301613,0.508247,0.233406,-0.00988531],[-0.124961,-0.195632,0.362768,0.155842,-0.0737735,-0.185294,0.0181288,0.00331132,0.140153,-0.0240833,-0.0152536,-0.0995518,-0.0208611,-0.0355025,0.00277895,-0.0106997,-0.131971,-0.150398,0.0127704,-0.551801,0.0395247,-0.00978921],[0.246355,0.135735,0.519853,0.00580516,0.10198,0.172341,-0.0418204,-0.0069806,-0.120258,0.0685085,0.00372026,0.00129633,0.0042114,-0.00722847,0.0522838,-0.0558622,-0.249255,0.239827,-0.0154956,-3.82124,-0.311656,-0.0419974],[-0.00730066,-0.0119372,0.133071,-0.196972,0.153715,0.370518,0.00218259,0.0132434,-0.0609827,0.0514747,-0.00262864,-0.0103639,0.00243188,-0.00939894,0.00431362,-0.00347519,-0.00451616,-0.156497,0.0024292,-0.34034,0.0684075,0.00568196],[1.23193,0.933769,1.43731,-0.454702,1.59681,3.87301,-0.945792,0.0129268,0.352042,-0.47091,-0.0251551,0.0797898,-0.0329303,0.244357,0.182126,-0.395572,-0.127753,0.78954,0.0209252,-3.25733,-0.746548,0.035027],[0.0074508,0.0124945,0.0161563,-0.00438672,0.00635989,-0.00535161,-0.0127818,0.00022159,-0.00395839,0.00963967,0.000144401,-0.000836235,-9.0413e-05,0.000391136,0.00176118,-0.00390623,0.0080426,0.00064217,-0.0015962,-0.122633,-0.00475342,0.000220856],[-0.00123344,0.0180671,-0.449451,-0.0335164,-0.116363,0.00595693,0.0270847,0.00886667,-0.0212959,0.0413262,-0.00175483,0.0247847,-0.00124568,0.019345,0.00993615,0.0152861,0.0285273,-0.0715109,0.000715289,-0.711154,0.0281361,-0.00349219],[-0.0591536,0.0743177,1.60437,1.10729,0.320467,-0.426034,-0.015579,0.0380062,0.0930076,-0.00404967,-0.0288301,0.015678,-0.0498524,-0.0691096,-0.185309,-0.0994155,0.0806553,-0.0234009,-0.0184993,-1.31908,0.124211,-0.01048]],"sigmahat":[[0.452295,0.340687,0.744246,0.0588932,0.298083,0.687751,0.0126433,-0.0574274,-0.0200726,-0.0287977,0.00567954,0.000861287,-0.00343382,0.0078935,0.0811698,0.00588766,0.034058,-0.054671,-0.00520053,-0.48783,-0.195796,-0.022778],[0.340687,0.623687,0.586351,0.0307304,0.221474,0.488717,0.0722833,-0.0287932,-0.0613843,0.123788,0.00853402,0.0232027,0.0049363,0.0187948,0.116335,0.0235966,0.0430849,-0.0714266,0.00239766,-1.37179,-0.426028,-0.0128674],[0.744246,0.586351,24.6831,1.20654,0.454825,2.09639,-0.44104,-0.159799,-0.0695101,0.367044,0.0169749,-0.220909,-0.0208891,-0.100704,-0.0485452,-0.0761696,0.244401,0.047378,-0.0744522,-6.80841,-0.013366,-0.0617472],[0.0588932,0.0307304,1.20654,2.87519,-0.0489132,-0.459369,-0.104984,-0.0692807,-0.233442,0.139996,-0.00179029,-0.01792,-0.0143697,-0.0235477,0.0198755,-0.0854129,0.00908121,0.0743727,0.00910653,-4.86452,0.361863,0.00977519],[0.298083,0.221474,0.454825,-0.0489132,1.06816,1.16277,0.148945,-0.0905719,-0.122081,0.00102856,0.000889919,-0.01273,-0.0159695,0.000505752,0.154216,0.0242723,0.0570325,-0.207452,-0.00744017,-0.723727,-0.257272,-0.00302774],[0.687751,0.488717,2.09639,-0.459369,1.16277,4.83325,0.035242,-0.177907,-0.434937,0.273965,0.0403427,0.0342992,0.00344029,-0.0423578,0.138666,0.0589877,0.0621062,-0.134508,-0.000904606,-4.89754,-0.0308865,-0.000545896],[0.0126433,0.0722833,-0.44104,-0.104984,0.148945,0.035242,0.576406,-0.0483096,-0.0281124,0.00643256,-0.00916859,0.0291141,-0.00052083,0.0113564,0.0683933,0.240287,0.0225342,-0.0816116,0.0144138,3.41274,-0.173171,-0.00567147],[-0.0574274,-0.0287932,-0.159799,-0.0692807,-0.0905719,-0.177907,-0.0483096,0.0698629,0.0223988,0.0324841,-0.00343013,-0.0048754,-0.00163495,-0.00848649,-0.0137672,-0.0280843,-0.00637378,0.0483934,-0.00287424,-0.533333,-0.00477362,-0.00119239],[-0.0200726,-0.0613843,-0.0695101,-0.233442,-0.122081,-0.434937,-0.0281124,0.0223988,0.529631,-0.133041,0.000155379,-0.0144944,0.00614456,0.0190945,-0.0353126,-0.0541308,-0.020971,-0.00710569,0.000566461,1.85215,-0.088281,0.00377912],[-0.0287977,0.123788,0.367044,0.139996,0.00102856,0.273965,0.00643256,0.0324841,-0.133041,0.561895,-0.0038023,0.000125898,-0.00704711,-0.0208216,0.0147508,0.01321,0.0412513,0.088334,-0.00351702,-4.70781,-0.0571298,-0.00843781],[0.00567954,0.00853402,0.0169749,-0.00179029,0.000889919,0.0403427,-0.00916859,-0.00343013,0.000155379,-0.0038023,0.00628839,0.00137862,0.00482731,0.00134995,-0.00253367,0.00075283,0.000513994,-0.00304171,0.00156043,0.0220945,-0.00569211,0.00258406],[0.000861287,0.0232027,-0.220909,-0.01792,-0.01273,0.0342992,0.0291141,-0.0048754,-0.0144944,0.000125898,0.00137862,0.0362212,0.00377669,0.0146403,0.00568826,0.0223773,-0.00126376,-0.0493892,0.00336431,0.421123,-0.0150269,0.00230323],[-0.00343382,0.0049363,-0.0208891,-0.0143697,-0.0159695,0.00344029,-0.00052083,-0.00163495,0.00614456,-0.00704711,0.00482731,0.00377669,0.00749349,0.0033511,-0.00395152,0.00536272,0.00276973,-0.0023046,0.00216405,0.17812,-0.0124842,0.003805],[0.0078935,0.0187948,-0.100704,-0.0235477,0.000505752,-0.0423578,0.0113564,-0.00848649,0.0190945,-0.0208216,0.00134995,0.0146403,0.0033511,0.0247432,0.00688309,0.0157779,-0.000788686,-0.0339537,0.00309819,-0.0658963,-0.0167898,0.00144278],[0.0811698,0.116335,-0.0485452,0.0198755,0.154216,0.138666,0.0683933,-0.0137672,-0.0353126,0.0147508,-0.00253367,0.00568826,-0.00395152,0.00688309,0.0896265,0.00812632,-0.0169224,-0.0901199,0.00399331,-0.517422,-0.148343,-0.00199079],[0.00588766,0.0235966,-0.0761696,-0.0854129,0.0242723,0.0589877,0.240287,-0.0280843,-0.0541308,0.01321,0.00075283,0.0223773,0.00536272,0.0157779,0.00812632,0.175394,0.0397478,-0.0135506,0.00620283,1.74109,-0.0286243,0.00197526],[0.034058,0.0430849,0.244401,0.00908121,0.0570325,0.0621062,0.0225342,-0.00637378,-0.020971,0.0412513,0.000513994,-0.00126376,0.00276973,-0.000788686,-0.0169224,0.0397478,0.292746,-0.00303017,-0.00678586,0.413473,-0.0270451,0.002822],[-0.054671,-0.0714266,0.047378,0.0743727,-0.207452,-0.134508,-0.0816116,0.0483934,-0.00710569,0.088334,-0.00304171,-0.0493892,-0.0023046,-0.0339537,-0.0901199,-0.0135506,-0.00303017,1.39038,-0.0171743,-1.89187,0.201907,-0.00849565],[-0.00520053,0.00239766,-0.0744522,0.00910653,-0.00744017,-0.000904606,0.0144138,-0.00287424,0.000566461,-0.00351702,0.00156043,0.00336431,0.00216405,0.00309819,0.00399331,0.00620283,-0.00678586,-0.0171743,0.00645502,0.121291,-0.0129003,0.00210695],[-0.48783,-1.37179,-6.80841,-4.86452,-0.723727,-4.89754,3.41274,-0.533333,1.85215,-4.70781,0.0220945,0.421123,0.17812,-0.0658963,-0.517422,1.74109,0.413473,-1.89187,0.121291,190.139,0.635491,0.470984],[-0.195796,-0.426028,-0.013366,0.361863,-0.257272,-0.0308865,-0.173171,-0.00477362,-0.088281,-0.0571298,-0.00569211,-0.0150269,-0.0124842,-0.0167898,-0.148343,-0.0286243,-0.0270451,0.201907,-0.0129003,0.635491,1.02047,-0.0197717],[-0.022778,-0.0128674,-0.0617472,0.00977519,-0.00302774,-0.000545896,-0.00567147,-0.00119239,0.00377912,-0.00843781,0.00258406,0.00230323,0.003805,0.00144278,-0.00199079,0.00197526,0.002822,-0.00849565,0.00210695,0.470984,-0.0197717,0.0172384]],"n":22,"lags":3}