{"betahat":[[0.0941564,0.114066,0.136396,-0.0754285,-0.055354,0.0335818,0.0312829,0.0984678,0.508203,-0.0540458,-0.000903543,-0.0584529,0.00262842,-0.00367627,0.489511,0.673963,0.121282,-0.0601211,-0.00578551,-1.45202,-0.296587,-0.0145946],[0.0726207,0.137626,0.177832,-0.0388622,0.0390111,-0.0655721,0.0833289,-0.0459218,0.0276369,-0.103747,0.000471372,0.00756572,-0.00225681,0.00656224,-0.0186399,-0.0271597,-0.04495,-0.145735,0.00269057,0.16348,-0.356879,-0.0170058],[0.0623444,0.0973198,0.0227191,0.155743,-0.0138159,-0.0883624,0.053974,0.00727608,0.0409692,0.0364959,-0.00298482,0.000291799,-0.00372509,-0.00115524,-0.0443049,-0.0121237,-0.01476,0.0342655,-0.00141826,-1.01736,-0.306165,-0.0223799],[-0.0130025,0.00146865,-0.0422656,0.0225653,-0.00141787,0.00364613,-0.00613384,0.000620535,-0.0033914,0.0102496,0.000668484,6.96277e-05,0.000881413,0.000107076,0.00389641,0.00130326,-0.00495251,-0.0119988,0.000890566,0.0040544,-0.00299694,0.00199863],[-0.0185663,-0.0257516,-0.0487043,-0.0932285,-0.0420097,-0.120637,-0.00163271,0.00530255,0.0159626,0.000650554,0.00141954,0.000103835,0.00177431,-0.00420873,0.00805947,-0.00812803,0.0181445,-0.033855,-0.00068642,0.702799,0.0175296,0.00755027],[0.0233964,0.00461258,-0.0356107,0.0168558,0.135039,0.0994095,0.0255657,0.0307388,-0.127075,-0.00908596,-0.00488986,0.00572319,-0.00401279,-0.00132939,0.00815999,0.0282315,-0.0384877,-0.137861,-0.000627684,-0.143864,-0.052375,0.00339131],[-0.00768241,0.0098696,-0.034646,-0.0475038,0.00715067,-0.0144739,-0.0191154,-0.00914108,-0.0377896,0.0115124,-0.00132775,7.49239e-05,-0.00268252,-0.00252242,0.00171181,0.00895723,-0.0173604,-0.0104815,-0.00215371,-0.010752,-0.00438354,-0.00454539],[-0.0214844,-0.0221876,0.158724,-0.0357824,-0.109629,-0.114381,-0.0424733,0.0816573,-0.105776,-0.0186994,-0.00317798,0.000857621,0.0056656,0.00403746,-0.052831,-0.0944812,0.00997946,0.0761222,-0.010966,-2.69489,-0.20894,-0.00266782],[-0.0600279,-0.000478459,-0.218802,0.0511578,-0.0280383,-0.0745066,0.0232273,0.625907,-0.228512,0.0992761,-0.00135795,0.00177777,0.00119426,-0.0046158,-0.110033,-0.0379684,0.19188,0.17217,-0.0013674,-0.73175,-0.482533,0.00168779],[0.00608813,0.00216064,0.0445553,0.0086841,-0.0146867,0.010345,-0.020405,-0.0318701,0.118981,-0.0227338,-0.00275311,-0.00928444,-0.00436258,-0.00257243,0.0170188,-0.00078257,-0.00358728,0.0161358,-0.000763837,-0.0432345,0.0214208,-0.00679014],[-0.013667,-0.0241182,-0.0519755,0.0399315,0.0202334,0.00702585,0.00481761,0.0241415,-0.0777568,0.0760555,-0.000498954,0.00160844,-0.00179961,-0.0045422,-0.00776533,0.0141426,0.0234787,-0.0111824,-0.00306809,-0.0513646,0.0179467,0.00229157],[-0.0930363,-0.112837,-0.542619,0.148326,-0.138615,-0.385801,-0.12892,0.0572187,0.19227,-0.0534893,0.108355,-0.018509,0.08903,-0.0120245,-0.0792485,-0.0705737,-0.188002,-0.412758,0.0274495,-1.17196,-1.13286,0.0999569],[0.0811749,0.106427,-0.380358,0.0112269,0.112415,-0.0222204,0.0541916,0.0307917,-0.193506,0.0637667,0.0119757,0.074259,0.022014,0.0119317,-0.00111675,0.0184861,0.0185401,-0.193546,0.0100247,-1.6962,-0.428641,0.0327055],[-0.107484,-0.0948938,-0.211766,0.339539,-0.0753471,-0.400286,-0.174718,0.162068,0.0689348,0.101958,0.132708,0.0066559,0.132125,0.00978539,-0.0970362,-0.0950303,-0.167694,-0.483552,0.0439622,-3.45612,-1.16965,0.127844],[0.0291435,0.017821,0.0443599,0.147171,-0.0236533,-0.141563,-0.00212542,-0.0403143,0.0885028,-0.135052,0.0362415,0.0657758,0.0458181,0.0420906,-0.0446726,-0.0379126,-0.0374044,-0.0706767,0.0264999,0.683512,-0.0724803,0.0355624],[0.01298,0.0561695,-0.166615,0.114563,0.063766,0.0294991,0.0482216,-0.14895,0.372978,0.0685576,-0.0167932,-0.0068651,-0.0109001,-0.0078316,0.622351,0.122162,0.195593,-0.126991,0.00361528,0.997628,-1.38494,-0.0110554],[-0.0194944,-0.0422277,0.0472781,0.0101604,0.0547193,0.0282396,-0.0112612,-0.00555333,0.134879,0.037221,0.0107785,0.0275416,0.0125436,0.00980977,0.0244887,0.652653,0.0606337,0.0582044,-0.00106134,-1.20473,0.695423,0.0198498],[-0.0102449,-0.0465181,0.202367,-0.0662633,-0.0464535,-0.00813541,0.00591564,0.143369,-0.0550983,-0.00844809,-0.0163714,0.0263279,-0.0118927,0.0117278,0.0895541,0.0927188,0.306024,-0.128013,-0.00130885,0.832152,-0.0176272,0.000218262],[-0.0248062,-0.0362872,0.0373841,0.0962501,-0.0899343,-0.0783586,-0.0240077,0.000325729,0.0780575,-0.0295882,-0.0021224,-0.0114549,-0.00511334,-0.00153598,-0.0349664,0.0448702,0.0546497,0.565095,-0.00567538,0.114229,-0.0738545,-0.00492389],[-0.0441574,0.0192866,-0.33017,0.0634986,0.0438758,-0.101874,-0.0850899,0.0627094,-0.00374297,0.17771,0.0304752,0.0455354,0.0455759,0.00367145,0.00265849,0.0100658,-0.0424325,-0.510205,0.0182709,-5.35479,0.236429,0.042566],[2.81339e-06,-0.00031553,-0.0108302,-0.0021032,0.00105424,-0.00180759,-0.00223341,-0.00173982,0.00426538,-0.00497681,-0.000227005,0.000735877,-0.000110766,0.000405226,0.00178172,-0.00281465,0.000812048,-0.000644095,-6.61238e-05,-0.113921,0.000651044,-0.000256018],[-0.0052006,0.000520341,0.0087782,-0.00395786,0.00675645,0.00706331,-0.000721608,0.00381899,-0.0190026,0.0114511,-0.00317706,0.00265119,-0.00187928,0.000272676,-0.0063203,0.0173483,0.00396544,-0.0142325,0.00115933,-0.0128599,0.193896,-0.000694238],[0.0204085,0.00929233,-0.268817,-0.0343677,0.104879,-0.0136186,0.00437293,0.0855155,-0.195995,0.101158,0.0360991,0.0261907,0.0378909,-0.00370283,-0.00532902,0.00853328,-0.0237305,-0.345816,0.0116383,-1.79775,-0.299134,0.0482456],[-0.0089291,0.0210053,-0.0758694,0.0270902,-0.0328444,-0.090423,0.0404222,-0.00572951,-0.0249135,-0.00774845,-0.000400742,0.00320647,0.00143271,0.00141964,-0.0137964,-0.00627434,-0.0171107,-0.0521502,0.00179402,-0.208289,-0.0861491,0.000742222],[-0.00701138,0.00530423,-0.0109426,-0.000158196,-0.0136393,-0.0480412,0.0228714,-0.000364984,-0.0178683,0.00600236,8.0756e-05,0.00252018,0.000676905,0.00213681,-0.0147159,0.00561581,-8.91949e-05,0.0113475,0.000496754,-0.113731,-0.103676,-0.00204284],[-4.37881e-05,-0.000871278,-0.0370658,0.00525492,0.00377793,-0.00477018,-0.001313,-0.00167605,-0.00402632,0.000937708,0.000253778,0.00115266,0.000280807,0.000508117,0.00110955,0.000599886,-0.00161294,-0.00135624,0.000564343,-0.1017,-0.00657115,0.000130457],[-0.00320219,-0.00656077,-0.0647751,-0.0263425,0.00600577,-0.0160067,-0.00309881,-0.00682268,0.00212397,0.0031128,-0.000973413,-0.00177117,-0.00072791,0.000625196,-0.00320384,0.00138005,0.000126613,-0.0128836,-0.000105747,-0.137663,0.0158121,-0.00049611],[0.00957137,0.014056,0.00495801,-0.0374527,0.00207874,0.00253711,0.0239661,0.0147796,-0.024713,0.00104223,-0.00139051,0.00734298,-0.000319542,0.00454791,-0.00481148,0.0212018,-0.00222897,0.00234378,0.000823083,0.118309,-0.0380538,0.00146023],[0.00428359,0.0079667,0.0184921,0.00438951,0.0131933,-0.0110914,0.00701899,-0.00143787,-0.0190457,0.00152355,-0.000320124,0.00242946,-0.000352404,0.000970989,0.00543657,0.0110428,-0.00481289,0.00358994,0.000627989,0.011089,-0.0222577,0.000506362],[-0.00318296,0.00571919,-0.033779,-0.0307809,-0.0365369,-0.00732923,0.0172847,0.00341428,-0.00852556,-0.0224387,0.00408189,0.00504015,0.00610696,0.00655832,-0.015465,0.00803415,-0.00535335,0.0321048,0.00175965,0.281981,-0.0724956,0.00124346],[-0.00407403,-0.0147186,0.0316778,0.00487234,0.00809537,-0.00396436,-0.00772913,0.119929,-0.0118127,-0.0071386,0.000804139,-0.00238768,0.000787595,-0.00284492,0.00420712,-0.0300965,0.0449494,0.00767061,-0.000810648,0.177375,-0.2176,-1.23186e-05],[-0.00063496,0.000144765,-0.00795742,-0.00187629,0.00197657,0.00867788,-0.00534122,-0.00954954,0.0235946,0.000228327,-0.000622405,-0.00146503,-0.000954256,-0.00120732,0.00433443,0.00334233,-0.0026679,-0.00659947,-6.231e-05,-0.0350823,0.010383,-0.00145045],[-0.00122551,-0.00264307,-0.0290537,-0.00829944,-0.00041753,-0.007172,0.00374435,0.00448101,-0.0114734,-0.00214266,-0.000100677,-2.81338e-05,-0.000531925,0.000194171,-0.00498688,0.000830348,0.00400766,0.0109536,-0.00080083,0.0857805,-0.00733257,0.000116898],[-0.0333511,-0.0343924,-0.182513,0.0369296,-0.0458453,-0.0766913,-0.00681947,0.013991,0.0605749,0.0192327,0.00787677,-0.0105791,0.00242358,-0.00863542,-0.00245492,-0.0078555,-0.0207834,-0.138821,0.00284316,-0.285829,-0.0395927,0.00784736],[0.0238313,0.0246915,-0.00134781,-0.0143192,0.0109533,-0.0191656,0.0195013,0.0130129,-0.0195384,0.00686887,0.00594731,0.00530779,0.00630236,0.000287538,-0.0143668,-0.00048495,0.0103111,-0.0410977,-3.37794e-05,-0.0541263,-0.170176,0.00746826],[-0.0275187,-0.0051258,-0.22291,0.0394215,-0.0414773,-0.110019,-0.0204417,0.0537599,0.061263,0.059019,0.014203,-0.00787413,0.00962636,-0.0075494,-0.0182986,0.00228789,-0.0247773,-0.0870281,0.00242314,-0.745204,-0.144366,0.0127602],[0.00878125,0.00304476,0.137206,0.0151516,0.0236575,-0.00191019,-0.0133233,0.000187547,0.0219167,0.00478788,0.0113594,0.010103,0.0132026,0.00103018,-0.0211254,-0.00765291,-0.00984228,-0.0699057,0.00474685,-0.254493,-0.0525746,0.012914],[-0.0251933,0.0110209,0.00825398,-0.00701573,-0.0528208,-0.0638792,0.0158344,-0.000922416,0.0994223,0.0252968,-0.000955962,-0.0045067,7.18481e-05,-0.00409725,0.111836,0.0222488,0.0475875,0.0490628,-0.00021657,-0.122718,-0.389304,-0.00323028],[0.005713,0.00451656,-0.083413,-0.0169136,-0.0162959,-0.00953498,0.00745037,0.00287396,0.0907454,-0.0333017,0.00519028,0.000735756,0.0041932,0.00328953,-0.00838933,0.129354,-0.00717012,-0.0080025,0.00156903,0.607497,0.115917,0.000444119],[0.0220818,0.0295242,-0.0159366,-0.0375784,0.0592593,0.0617232,0.00288814,0.00645115,0.0452313,-0.0305355,0.000910505,0.00282216,0.000923816,0.000960494,0.0496792,0.0238897,0.0257173,-0.0851101,0.000290812,-0.0478409,-0.188446,0.00373613],[0.0119659,0.0143603,-0.0296342,-0.0044302,0.0122875,-0.00151665,0.00307318,-0.0179573,0.00851544,-0.0149721,-0.00051694,0.00133994,-0.000225857,0.000435977,0.00613802,0.0155775,0.0050903,0.0596454,-0.000233828,-0.166383,-0.026181,0.00160593],[-0.00177332,0.0154866,-0.0266636,0.0254226,0.00459657,-0.0604005,-0.00224856,0.0278965,-0.043332,0.0865056,0.00190672,0.010892,0.00369544,-0.00229143,0.0135647,0.00897261,0.0262057,-0.0407536,0.0036607,-0.148857,0.0163483,0.00555004],[0.000404607,9.02225e-05,-0.000162943,0.00126536,-8.75432e-06,0.00307898,0.000233704,-0.000661249,0.00149823,-0.00249846,7.56072e-05,0.000197155,0.000113191,9.90133e-05,0.000384217,-0.000238226,-0.000490129,-0.00154724,0.000249651,0.0149505,-0.000809602,0.000153443],[-0.000579734,0.000166599,0.00340803,0.0048683,0.00364107,0.0029025,0.000113498,0.000715243,-0.00589147,0.00403723,-0.000680249,0.000779333,-0.000274068,0.000327567,-0.00234218,0.00486598,0.00178178,-0.00248673,0.000356054,-0.0534434,0.0465472,0.000272789],[0.0175152,0.0276116,-0.102742,-0.0389989,0.0126058,0.0368307,0.0077532,0.0338756,-0.0427648,0.0230486,0.00649927,0.0115121,0.00632178,0.000940868,0.0018943,0.028163,-0.00466719,-0.0969629,0.0040814,0.0651463,-0.048668,0.00906919],[-0.0124674,-0.021965,0.0355773,0.0276113,-0.00203359,0.000132806,0.00276711,0.000417799,-0.0221314,0.000844144,0.000787943,0.00060724,0.00243848,-0.000755431,-0.0034287,-0.000380189,-0.00895716,-0.0318584,0.001157,-0.017912,0.0137793,0.00239941],[-0.0150958,-0.0258771,0.0222356,0.00523307,-0.0115534,-0.0136364,-0.00180289,-0.00296605,-0.00693943,0.00794475,0.00112305,-0.00315044,0.00129473,-0.000474258,-0.00364175,-0.00465709,-0.00777306,-0.00924803,-0.000837347,-0.0300029,-0.0419423,0.00108325],[0.00014704,-0.00018555,-0.000780612,-0.00476618,0.00316502,0.00254025,0.00122544,-0.00154232,1.32368e-05,-0.000654698,0.000286403,0.000476991,0.000227169,0.000184378,0.00113057,0.00147416,-0.000709458,-0.00165566,-3.4293e-05,0.0330023,-0.00662033,5.14065e-05],[0.00106287,-0.00231218,0.0189641,0.000817421,0.00349123,0.0190391,0.00296768,0.00155399,-1.61606e-06,-0.00175365,-0.00026341,0.000758575,-0.000292502,0.000184992,0.000294577,0.0035283,0.00360485,-0.00503652,-4.96352e-05,0.0884101,0.00258383,0.000221859],[0.00182108,0.00199571,0.00816288,0.00969436,-0.00297875,-0.000407458,0.00612343,0.00448582,-0.015762,0.00344484,0.000567145,0.00711894,0.00120591,0.00213902,-0.00124222,0.00288873,0.00147932,0.000372702,0.000554709,0.0436512,-0.0328385,0.00124814],[0.000616846,-0.000857371,0.00465768,0.0205411,0.00563578,0.0029146,0.00209927,0.000199181,-0.00622085,-0.000302075,-0.000312733,0.00251547,-0.000191397,0.000575373,0.00166128,0.00127791,0.00311084,-0.00382206,7.60744e-05,-0.00820409,0.00286552,0.000916214],[3.52297e-05,0.00257852,0.0193764,-0.00243909,-0.0120654,-0.014674,-0.0201378,0.00133467,0.00405876,0.0022312,0.0017931,-0.00367681,0.00204681,0.000799697,-0.00478711,-0.0153582,-0.0060405,0.0333774,-0.000605496,-0.370791,-0.052128,-0.000388486],[0.00911885,0.00071488,0.00408461,-0.00212975,0.00755927,0.0100704,-0.0113295,0.0346164,0.0290164,-0.0245781,-8.50657e-06,0.000107689,-0.000399425,-1.01122e-06,0.012372,-0.0125817,0.0152102,-0.0275104,0.000362146,0.219106,-0.0887351,-0.000799872],[0.000717544,-0.000121709,0.00587977,0.00103467,0.000856648,0.000433009,-0.00102388,-0.00462988,0.00522812,0.000868612,-0.000698969,-0.000697968,-0.000897636,-0.00105466,0.00158597,0.000643068,-0.00125476,-0.00201403,-0.000490247,-0.00768843,0.00426357,-0.000858768],[0.000207733,-0.00174067,-0.0072833,-0.0063038,0.000484827,0.00248602,0.00341599,0.00282551,-0.00667737,-0.00301679,0.000154701,0.000223955,-9.18342e-06,-0.000339817,-0.00136679,0.00144057,0.000909995,0.00279708,-8.46586e-05,0.0350621,-0.0106716,0.00038716],[0.00125351,0.00961406,-0.0379298,-0.0397069,-0.0175909,0.0373125,0.00945669,0.00570876,0.0333523,0.0024003,-0.00231599,-0.00595504,-0.00487159,-0.00424022,-0.0111615,0.000704158,0.00444238,-0.0489053,-0.00321498,0.340014,0.0339493,-0.00428933],[0.00156013,0.000658877,0.0248913,-0.00987493,-0.0108932,-0.0137634,0.00106969,0.000495139,-0.00444952,0.00161389,0.00219922,-0.00203519,0.00159293,0.000367684,-0.00938329,0.0063474,-0.00280886,-0.0160858,-0.000724675,-0.0366057,-0.0353049,0.00182775],[-0.0064035,-0.00323927,0.0446157,-0.033478,-0.0455946,0.0335557,-0.0058354,0.0139487,0.0346029,0.00763139,-0.00133043,-0.00849025,-0.00492604,-0.00624105,-0.0172975,0.00317102,0.00551539,-0.0256742,-0.00355667,0.202592,0.0335732,-0.00525913],[-0.0035445,0.0031488,0.0532002,0.0239855,0.0158641,-0.00699695,-0.00454216,-0.0100027,0.00973094,0.00879998,0.00200724,-0.00058742,0.00194097,-0.000978432,-0.00337122,-0.00672574,-0.0134996,-0.0413442,0.0005904,-0.310504,-0.0253236,0.00187672],[-0.0234418,-0.0117922,-0.0170981,-0.0120889,-0.0406764,-0.0430622,0.00465552,0.00352388,0.049607,0.0162838,0.000465627,-0.00376894,0.000731499,-0.00252227,0.039993,0.0147182,0.0121131,0.0608814,-0.00110652,-0.0240552,-0.207245,-0.000316123],[-0.00253005,-0.00556627,-0.0147236,-0.00307872,-0.022737,-0.0359274,-0.0121922,0.00202965,0.0686118,-0.0179636,0.00122851,-0.00908188,-0.000251139,-0.00149296,-0.00728042,0.0453302,-0.00519033,-0.000300653,-0.00167922,-0.0562189,0.0576395,-0.00384262],[0.0244226,0.0205493,0.129578,-0.0234589,0.0402161,0.0549517,-0.00558918,-0.00866518,0.0307914,-0.0247973,0.00149861,-0.00287084,0.000490554,-0.0021761,0.0237766,-0.00432449,-0.00514124,-0.00887205,-0.00170709,-0.0328203,-0.170492,-0.0010202],[0.00726102,0.00941368,-0.00225834,-0.00951707,0.0207445,0.0205763,0.0022844,-0.00829049,-0.0034948,-0.00114545,-0.000766197,9.09743e-05,-0.00018989,-0.000541201,0.00519354,0.0109376,0.00114142,0.00835832,0.000291016,-0.0853819,0.0132021,0.000862274],[-0.00212711,0.00487618,0.00123618,0.0215727,0.00599359,0.00104696,-0.0111318,0.0230642,-0.0159864,0.0474194,-0.000562434,0.00470426,-0.000496502,0.000509527,0.00489541,-0.00700669,0.00999121,-0.0404211,-0.00172584,-0.406148,-0.0572928,0.00426039],[0.000505995,0.000838319,0.000626784,-0.000612107,-5.50051e-05,-0.000137747,-0.000484103,-0.000186256,0.00036757,0.00011664,-2.05287e-06,3.5914e-05,1.91897e-05,4.4536e-05,0.000193669,-0.000321301,0.000134788,-8.34781e-05,-4.69328e-05,-0.0122287,-0.000590788,1.13073e-05],[0.000385708,0.000408944,0.00139683,0.000924324,0.00178536,0.00130487,0.00064277,0.0013395,-0.00508965,0.00238503,-0.000174251,0.000539336,1.90369e-06,0.000175347,-0.00180998,0.00189627,0.0013117,-0.00158117,8.39944e-05,-0.0202536,0.0168144,0.0002361],[0.00465111,0.0183404,-0.000699992,-0.0114629,-0.0154281,0.00894563,0.000208159,0.0199712,-0.0025785,0.00943903,0.000730888,0.000873547,0.000303404,-0.000347433,-0.00995366,0.00918385,0.00581492,-0.00423438,-7.88946e-06,-0.12681,0.0170054,-2.18217e-05]],"sigmahat":[[0.919943,0.881611,0.985267,-0.126912,0.580045,1.05868,0.108174,-0.492896,0.00683751,-0.255347,-0.0509308,0.0469734,-0.0479508,0.0387359,0.27786,0.127463,-0.258814,-0.627077,0.0196235,-3.19112,-0.00158036,-0.0494125],[0.881611,1.38163,0.538056,-0.18217,0.575541,0.850682,0.187981,-0.518963,-0.0385933,0.0268549,-0.0583875,0.110673,-0.0413,0.054203,0.478454,0.314895,-0.283748,-1.01106,0.0405181,-7.68896,-0.24567,-0.0524903],[0.985267,0.538056,27.8107,1.30353,-0.197047,3.14648,-0.518223,-1.15236,1.69354,-0.408158,-0.103214,-0.459172,-0.1371,-0.0627263,0.702914,0.416476,-0.0755055,1.60375,-0.108162,6.70227,-0.581965,-0.272766],[-0.126912,-0.18217,1.30353,4.66859,-0.193025,-0.603782,-0.243128,-0.35684,0.465221,0.441156,0.0306057,-0.052252,0.0175256,-0.0184986,0.148989,-0.15004,0.204697,0.87028,0.0231553,-9.83531,-0.214895,0.0314381],[0.580045,0.575541,-0.197047,-0.193025,2.3464,1.89659,0.341272,-0.482307,-0.65826,0.332253,-0.0153305,0.12186,-0.00441924,-0.0294095,0.645401,0.338725,-0.457034,-2.37474,0.0221172,-6.71668,-0.0308323,0.0438691],[1.05868,0.850682,3.14648,-0.603782,1.89659,6.11389,-0.0243775,-0.966367,-0.134353,0.107061,-0.109807,-0.0504305,-0.125308,-0.0620405,0.803523,0.267829,-0.516064,-1.61953,0.00829542,-6.33948,0.832376,-0.112961],[0.108174,0.187981,-0.518223,-0.243128,0.341272,-0.0243775,0.848919,-0.0861048,-0.354863,0.0595345,-0.0355354,0.132442,-0.011629,0.0277556,0.322755,0.690829,0.143304,-0.72166,0.027028,7.46076,-0.402872,0.00902621],[-0.492896,-0.518963,-1.15236,-0.35684,-0.482307,-0.966367,-0.0861048,41.6735,-38.132,1.1231,-0.129964,-0.0992885,-0.143564,-0.18102,-22.0789,-35.4576,6.21602,10.1566,-0.0915917,-12.4787,-25.2637,0.188726],[0.00683751,-0.0385933,1.69354,0.465221,-0.65826,-0.134353,-0.354863,-38.132,84.252,-1.7427,0.201345,0.0255961,0.272195,0.241459,59.5734,91.2682,16.2955,-9.423,0.00465212,17.6075,-29.1489,-0.0586614],[-0.255347,0.0268549,-0.408158,0.441156,0.332253,0.107061,0.0595345,1.1231,-1.7427,1.88673,-0.00465134,0.0452667,0.00965111,-0.0849274,-0.118896,-0.249266,0.245771,-0.871031,-0.0042719,-11.1277,-0.000129647,0.0402905],[-0.0509308,-0.0583875,-0.103214,0.0306057,-0.0153305,-0.109807,-0.0355354,-0.129964,0.201345,-0.00465134,0.0576622,0.0143405,0.0548609,0.00644472,0.00802815,0.2423,-0.091405,-0.211135,0.0111476,0.0145378,-0.235326,0.0486276],[0.0469734,0.110673,-0.459172,-0.052252,0.12186,-0.0504305,0.132442,-0.0992885,0.0255961,0.0452667,0.0143405,0.111884,0.0293831,0.0330356,0.076996,0.335038,0.0337449,-0.309827,0.0162769,-0.719482,-0.0836465,0.0304206],[-0.0479508,-0.0413,-0.1371,0.0175256,-0.00441924,-0.125308,-0.011629,-0.143564,0.272195,0.00965111,0.0548609,0.0293831,0.0597938,0.0127105,0.104268,0.389645,-0.0444673,-0.283501,0.0155853,-0.461458,-0.252027,0.0524999],[0.0387359,0.054203,-0.0627263,-0.0184986,-0.0294095,-0.0620405,0.0277556,-0.18102,0.241459,-0.0849274,0.00644472,0.0330356,0.0127105,0.0381159,0.114359,0.323919,-0.00251843,-0.0891001,0.00855528,0.0973364,0.123449,0.00463031],[0.27786,0.478454,0.702914,0.148989,0.645401,0.803523,0.322755,-22.0789,59.5734,-0.118896,0.00802815,0.076996,0.104268,0.114359,47.3347,67.4135,15.6494,-8.31111,0.0173497,6.69544,-36.7029,-0.00923324],[0.127463,0.314895,0.416476,-0.15004,0.338725,0.267829,0.690829,-35.4576,91.2682,-0.249266,0.2423,0.335038,0.389645,0.323919,67.4135,110.37,21.7078,-9.384,0.0201057,1.69229,-31.5836,0.144822],[-0.258814,-0.283748,-0.0755055,0.204697,-0.457034,-0.516064,0.143304,6.21602,16.2955,0.245771,-0.091405,0.0337449,-0.0444673,-0.00251843,15.6494,21.7078,12.171,2.18703,-0.0941882,2.85454,-30.0524,0.045361],[-0.627077,-1.01106,1.60375,0.87028,-2.37474,-1.61953,-0.72166,10.1566,-9.423,-0.871031,-0.211135,-0.309827,-0.283501,-0.0891001,-8.31111,-9.384,2.18703,17.5213,-0.216843,2.94906,-1.27572,-0.19082],[0.0196235,0.0405181,-0.108162,0.0231553,0.0221172,0.00829542,0.027028,-0.0915917,0.00465212,-0.0042719,0.0111476,0.0162769,0.0155853,0.00855528,0.0173497,0.0201057,-0.0941882,-0.216843,0.0177439,-0.217516,0.191534,0.0136546],[-3.19112,-7.68896,6.70227,-9.83531,-6.71668,-6.33948,7.46076,-12.4787,17.6075,-11.1277,0.0145378,-0.719482,-0.461458,0.0973364,6.69544,1.69229,2.85454,2.94906,-0.217516,661.633,-13.7294,-0.257629],[-0.00158036,-0.24567,-0.581965,-0.214895,-0.0308323,0.832376,-0.402872,-25.2637,-29.1489,-0.000129647,-0.235326,-0.0836465,-0.252027,0.123449,-36.7029,-31.5836,-30.0524,-1.27572,0.191534,-13.7294,134.723,-0.511771],[-0.0494125,-0.0524903,-0.272766,0.0314381,0.0438691,-0.112961,0.00902621,0.188726,-0.0586614,0.0402905,0.0486276,0.0304206,0.0524999,0.00463031,-0.00923324,0.144822,0.045361,-0.19082,0.0136546,-0.257629,-0.511771,0.0693883]],"n":22,"lags":3}