{"betahat":[[-1.31498,0.0382302,1.02014,-1.3047,-0.88063,-0.513911,3.37906,0.228436,-0.236054,0.369082,-0.187883,2.59796,-0.00125778,0.0180863,0.915238,0.733778,1.0201,0.030806,0.226124,9.7744,0.192277,37.8952],[0.874106,0.017448,0.910232,-0.370928,0.0128503,-0.0633963,0.0867285,-0.031236,0.000281632,0.0214196,-0.0149177,-0.181637,-0.000680823,0.321098,-0.0187291,-0.369639,0.0683529,0.0749867,0.0831813,-0.333302,-0.0437193,1.94608],[0.0619616,0.832723,0.0644241,0.517221,-0.0426963,-0.0148931,0.0582427,-0.0122032,-0.00109967,0.00110304,-0.00645268,0.0890392,0.000477161,-0.131484,0.0315557,0.040028,0.0127817,-0.000440849,-0.0111722,-0.399503,0.0316682,-0.151189],[-0.0205906,0.0188505,0.55473,0.0678859,0.00370866,0.014938,-0.0112615,0.00384057,0.000972432,0.00310717,0.00193121,0.0237687,5.63849e-05,0.00495032,0.000889034,0.00403658,0.00185989,0.000663789,0.000501984,0.0898569,-0.0017711,0.106854],[-0.0225868,-0.0161952,0.0197174,0.403732,-0.0903588,-0.229527,0.0100041,0.0208498,0.000395827,-7.56013e-05,0.00165631,-0.0297072,-7.44253e-05,0.0105619,0.00945752,0.0213259,0.00446216,-0.0134735,-0.0126693,-0.114233,-0.00104827,0.276645],[0.00680599,0.0257233,-0.698913,0.0804704,1.03054,0.0137735,0.0496216,-0.00216894,-0.019948,-0.0230743,-0.0175574,-0.0299445,-0.000107038,0.213553,-0.0661669,-0.194012,0.0150898,0.0100798,0.00536788,0.22871,-0.010356,1.36101],[-0.0169482,0.0104108,-0.176249,-0.13305,-0.0511745,0.574743,-0.0494729,0.00328031,-4.59711e-05,0.00179792,-0.000323258,0.0225662,-7.57408e-06,-0.0939371,0.0236444,0.112282,-0.0166978,-0.0156202,-0.017354,-0.00810543,0.000325185,-0.891362],[-0.18578,-0.222133,-0.0372969,-0.0665218,-0.356838,-0.448807,0.532257,0.108397,0.0196718,0.0302658,0.0313192,0.0901851,0.000204071,-0.00480209,0.0238584,-0.0343587,-0.0133365,0.0439836,0.0342041,-0.553168,0.00974543,-0.587669],[-0.208411,-0.10271,-1.00632,0.247143,-0.0314168,-0.704364,0.0265494,0.962263,0.000867693,0.0825457,-0.00319666,0.162729,-0.000283709,0.174574,-0.0919676,-0.131286,0.0747371,0.11363,0.143452,-0.664493,0.0457471,4.7844],[0.181051,-0.0796009,-1.48108,1.03052,0.444887,-2.22561,0.584083,-0.105529,1.00718,0.0685857,-0.00234587,-1.47061,-0.00117743,0.181522,-0.0102838,-0.278378,0.187671,0.044915,0.123903,0.881478,0.0721481,6.99189],[0.170589,-0.165052,0.706931,1.56696,0.0432528,-1.07276,-0.522917,0.0679002,-0.0310668,1.01103,-0.0411267,0.330335,0.00175787,-0.709521,-0.147509,0.69276,-0.0680614,-0.0412909,-0.016542,3.59612,0.0111715,-6.12751],[-0.591257,0.348458,-0.627343,-0.467205,-0.632892,0.829941,-1.00769,0.088052,0.323455,0.00311082,1.28836,1.15871,0.00266376,0.287081,-0.140436,-0.25452,-0.0742957,-0.0474295,-0.105077,0.18057,-0.117957,-5.4095],[-0.0790783,-0.15415,-0.255525,0.245238,0.0699758,-0.146534,0.102106,0.0639443,0.00293235,0.00826409,-0.0127164,1.1193,-0.000415059,0.00624047,-0.0319537,-0.0405855,0.024992,0.00948083,-0.0208867,-0.42847,-0.0307296,-0.363477],[-48.0088,-27.8027,-227.601,-149.26,-103.473,-124.399,-41.9592,39.2647,-3.64595,16.2835,-2.43597,66.2818,0.865688,-46.4066,-15.1818,8.50989,-0.716172,11.2282,14.7324,-73.7036,11.5896,141.084],[0.0116646,-0.063579,-0.0458916,0.162002,-0.0495958,-0.18868,-0.289203,-0.00432192,-0.00381189,-0.0150987,-0.00719109,0.0495803,3.07102e-05,0.944511,-0.0222764,-0.150572,0.0106168,-0.0128722,0.00211187,0.722733,0.00197811,-0.432654],[0.189402,0.0615483,0.0773946,0.104519,-0.527543,0.456983,-0.268925,-0.0477697,0.000399921,-0.0368654,-0.0323378,-0.218061,-0.000335289,-0.078637,0.951439,0.101204,0.00803046,-0.00845404,0.0113833,-0.986965,0.0521169,-1.37957],[0.110354,0.0468472,-0.518565,-0.225671,0.261059,-0.0972791,0.00265154,7.11453e-05,0.0136509,-0.0367489,-0.00338114,-0.157852,-0.000678653,0.773053,-0.230057,0.364765,0.0586082,0.0304115,0.0241624,1.6119,-0.111743,4.36931],[0.82856,0.769777,2.73891,-0.162857,0.305194,1.83446,0.809191,-0.21935,0.0704854,0.0486158,0.0734627,-1.05886,0.00044597,-0.452475,-0.457357,0.356917,1.2617,0.0871688,-0.0254784,-3.86044,0.130468,-5.94439],[0.0848506,0.331424,-0.124606,-1.02876,0.956175,2.07006,0.169098,-0.302612,0.0814856,0.122881,0.0919924,0.670499,-0.00185936,0.393259,0.463978,-0.276671,-0.0745861,1.17143,0.180134,-5.19434,-0.170973,2.17806],[0.195558,0.403794,-0.890218,0.0226185,-0.339784,-1.59251,-0.0474794,-0.118447,0.177778,-0.0283828,0.174394,-0.590335,-0.00236272,0.503003,-0.295926,-0.525366,0.11805,-0.013433,0.971084,1.34332,-0.309183,2.19661],[-0.00973927,-0.00581276,0.0503379,0.0278468,0.00111583,0.056776,-0.014171,-0.00671799,0.00711499,0.00651408,0.00373392,0.00813746,1.65546e-05,-0.0318474,-0.0130622,0.0249141,-0.00431565,0.00350044,0.00924787,0.917692,0.0171986,-0.26776],[-0.527651,-0.0732557,-3.32367,0.613974,-0.486506,-0.766759,-0.091491,0.0850013,-0.120719,0.0251748,-0.0567225,0.167825,0.00141317,-0.585414,-0.0925319,0.260479,-0.102376,-0.0819783,-0.0908669,-2.72901,1.22393,-9.34519],[-0.00792802,-0.000516382,-0.0691194,-0.0396335,0.00744665,-0.0260676,0.0105088,0.00581516,-0.00380348,-0.000161222,-0.00375283,0.00404527,-1.03051e-05,0.0132267,-0.0048537,-0.010201,0.0015977,0.000713555,0.000771407,0.0136428,-0.000816179,1.11963],[0.0659352,0.0357977,-0.95567,0.452492,-0.251511,-0.279309,0.0271022,0.0289679,-0.00677964,-0.0314448,0.00885194,0.136169,0.000351697,-0.235325,0.0483336,0.303035,-0.0563356,-0.0600107,-0.0739826,0.195138,0.027102,-1.12732],[-0.0364428,0.176535,-0.24756,-0.376071,-0.0231427,-0.0879203,0.0274301,0.00408409,0.00101267,0.0306882,0.00658684,-0.0763337,-0.000331281,0.00524963,-0.00518997,0.0807612,-0.0109118,0.0152136,0.0391609,0.407031,0.0060225,0.297123],[0.0238876,-0.020267,0.15222,-0.0236006,0.0256946,0.00663469,-0.000126061,-0.00942623,-6.95952e-05,-0.00368418,-0.000365579,-0.0339585,-0.000104122,0.0122792,-0.00751855,-0.0168956,1.98761e-05,0.00104483,0.000273387,-0.010059,-0.00522465,-0.0400698],[0.0275969,0.034411,-0.39844,0.24959,0.109685,0.0334368,-0.0295601,-0.0220272,-0.00419763,0.00342354,-0.00375171,0.0456234,-2.43115e-05,-0.0104815,0.00156206,-0.0027371,-0.00434839,0.0179966,0.0136104,0.0415874,0.00379418,0.267939],[0.0458471,0.0500938,0.251137,-0.38201,0.0418202,0.0921658,0.0358775,0.00104003,0.0104164,0.0233821,0.0106321,0.127092,0.000227669,-0.0852244,0.0416384,0.094004,0.00310638,0.0266577,0.00911003,-0.23518,0.0185109,-0.427816],[-0.00564226,0.0167036,0.246653,0.0202473,0.04328,0.192049,0.0523123,0.0117367,0.000655278,0.00118694,0.000259472,-0.0122872,-4.09798e-05,0.068862,-0.0280568,-0.100737,0.0186689,0.00837168,0.0116492,0.0404912,-0.00202084,0.826425],[0.0545268,0.116413,-0.309146,-0.0354811,0.153084,0.276373,0.539522,-0.0541997,-0.00119609,0.0125853,-0.0045574,-0.118615,0.000185205,-0.00573929,-0.00161822,0.0426506,-0.00147597,-0.00534593,0.00835726,-0.323901,0.0212712,-0.250047],[0.0420912,-0.170035,0.453849,-0.277486,0.0220278,0.474833,-0.149506,0.0218636,0.00506446,-0.107463,0.00828295,-0.227177,0.000410984,-0.0619582,0.120653,0.109152,-0.10408,-0.176338,-0.15954,1.31742,-0.105958,-4.48152],[0.404039,0.177858,2.10139,0.901602,0.509098,2.59364,0.626682,-0.234538,-0.127305,-0.00650833,-0.0944701,0.159807,-0.000467194,0.219062,-0.110786,-0.17535,0.0769609,0.182929,0.209969,0.759824,0.0107124,7.34043],[0.375332,0.309026,2.14351,-1.02451,0.390065,1.63788,0.274407,0.0161599,0.0726757,-0.0374582,0.052324,-0.0950628,-0.0008452,0.361191,0.019556,-0.239982,0.0487191,0.0965892,0.0141937,-1.74506,-0.0697467,5.18976],[-0.0357204,-0.113714,-1.50857,-0.847037,-0.613147,-0.457092,0.533101,0.263245,-0.184765,-0.0713149,-0.18811,0.8745,-0.000900276,-0.175708,0.406163,0.225988,-0.145956,-0.0163716,-0.0619691,-0.147003,0.065228,-1.38479],[-0.0186839,0.0622421,-0.328552,-0.397378,-0.118263,-0.152954,-0.0782353,-0.0187915,-0.00418435,-0.000702237,0.00356165,-0.313063,0.000171956,-0.0279412,0.0187341,-0.0152847,-0.0195698,-0.00242772,0.0138357,0.192044,0.00862438,0.140486],[23.7296,41.8052,164.719,47.1211,79.0969,64.4533,83.8224,-22.4163,1.80146,-16.852,3.94905,19.245,-0.162005,46.3425,25.6493,0.434118,8.19306,-10.027,-15.3281,41.0728,-12.5851,216.883],[-0.129968,-0.121886,-0.239679,-0.0873874,-0.0288953,-0.0103806,0.170325,0.00401554,0.00123533,0.0132414,0.00436753,-0.0138014,-6.81998e-05,0.0329382,0.0526546,0.127704,-0.000860476,0.00809068,0.00329275,-0.33016,0.0111176,0.524729],[-0.0921211,-0.0100226,-0.706121,-0.510653,0.46953,0.279181,0.283401,0.0218076,-0.0045861,0.0218614,0.0179975,0.0992717,0.000180752,-0.0252651,0.0229697,-0.0623869,-0.0554496,0.0403106,-0.0116557,0.323705,-0.0193877,-1.59335],[-0.102473,-0.116464,-0.305528,0.0710493,-0.169638,-0.024616,-0.0458519,0.0471667,-0.00520189,0.0133755,0.0037076,0.039093,0.0005796,-0.477657,0.164931,0.337715,-0.0605111,-0.0207811,-0.00755114,-0.739389,0.0553452,-3.27204],[-0.319307,-0.247729,-0.603414,-0.0783401,0.129878,-0.0312068,-0.669292,0.141631,-0.0221627,-0.0150145,-0.0304173,1.03237,-0.000403945,0.716716,0.310359,-0.573588,-0.0391904,0.0287167,0.0961563,2.51672,-0.124053,5.59429],[-0.202953,-0.884287,-0.217307,0.551639,-0.954706,-2.74115,-0.345951,0.392909,0.0109861,-0.103074,0.0134634,-0.882842,0.00150433,-0.604689,0.0426639,0.571959,-0.136043,-0.161266,-0.126797,3.93636,0.055974,-7.41581],[-0.0589559,-0.464708,-0.0477164,0.290593,1.16476,1.65437,0.281159,-0.0666124,-0.115436,0.00682869,-0.0877983,0.29963,0.000918942,-0.564217,0.0468828,0.511628,-0.173856,-0.0527978,-0.129045,-2.94677,0.134623,-6.32805],[0.00808006,-0.0101286,-0.0244508,-0.0252887,0.0260543,-0.038917,-0.000983241,0.00808153,-0.00825571,-0.00590351,-0.00667751,-0.0422777,5.4968e-06,0.0328544,0.0149162,-0.018316,0.00827658,-0.00552795,-0.00915544,-0.00943521,-0.00998821,0.443426],[0.361772,0.0432441,1.05777,-0.606163,0.00501667,0.945853,0.0528401,-0.123102,0.0937107,-0.061586,0.0667818,-0.180376,-0.000960351,0.595381,0.041994,-0.338539,0.0409694,0.042721,0.0275344,1.07971,-0.225421,6.46369],[0.01381,0.012293,0.0542017,-0.00513776,0.00662403,0.0607687,-0.0151843,-0.00278895,0.00191074,-0.000466757,0.0021054,0.0047111,1.88287e-06,-0.0163179,0.00547431,0.0127699,-0.00255594,-0.000303051,-0.00061437,0.0309159,0.000643755,-0.0593582],[0.0599233,-0.0533116,0.0453345,-0.0816182,0.238765,0.342602,-0.113822,0.00227255,0.00649928,0.0100307,0.00606722,0.0454289,0.000329141,-0.0858405,-0.0296126,0.0666439,-0.0120271,-0.014984,-0.00921617,0.138262,0.0166204,-0.819836],[-0.0255777,-0.00927268,0.182862,-0.141146,0.0658557,0.102668,-0.0856189,0.00812856,8.34117e-05,-0.0317731,-0.000129314,-0.0126176,-0.000145849,0.126208,-0.0263546,-0.12076,-0.00187489,-0.0147762,-0.0279785,-0.0075489,-0.0376842,-0.146193],[-0.00340029,0.00133554,0.290995,-0.0444496,-0.0293712,-0.0217381,0.011589,0.00561353,-0.000891294,0.00064085,-0.00154484,0.0101628,4.76074e-05,-0.0173547,0.00657168,0.0129296,-0.00186933,-0.00167541,-0.00073175,-0.0795539,0.00704238,-0.0660491],[-0.00507314,-0.0182909,0.378306,0.34644,-0.0193758,0.196157,0.0196124,0.00118115,0.00380134,-0.00335561,0.00210299,-0.0158962,9.87382e-05,-0.000144122,-0.0109949,-0.0185299,-0.000132336,-0.00454197,-0.000959701,0.0727483,-0.00275539,-0.545079],[-0.0526272,-0.0758402,0.448113,0.301767,-0.072559,-0.106111,-0.0856037,0.00111878,0.00953033,-0.000319935,0.00691845,-0.0971221,-0.000120637,-0.12817,0.0244928,0.0998604,-0.0181718,-0.0367366,-0.0144797,0.0067845,-0.00816627,-0.93277],[0.0225833,-0.0270758,-0.0699394,0.112987,0.00780993,0.232851,-0.00279449,-0.015021,-0.000608749,-0.00297842,6.27349e-05,-0.0102812,4.85512e-05,0.0251651,0.00439135,-0.011625,-0.00194956,0.00724838,0.00570968,-0.0325768,0.00169528,0.0655648],[0.131333,0.105738,0.347532,0.102028,0.203516,0.172304,-0.0719393,-0.0542175,-0.0184523,-0.0428014,-0.0267343,0.028189,-0.000389038,0.0108037,-0.0224295,-0.00850287,0.014882,-0.0386108,-0.0424945,0.877781,-0.0310081,0.839161],[0.235989,0.315773,0.771018,0.110886,0.0989146,0.395823,-0.000823253,-0.0259882,-0.00692927,0.0110534,-0.00704176,0.0453706,-9.2364e-05,-0.0898766,-0.00849373,0.0131603,0.00180065,0.0674446,0.0187415,-0.54897,0.0551502,-1.0916],[0.340655,0.454135,2.45443,-0.81655,0.209274,0.0563347,-0.547963,-0.152609,-0.0302542,0.079332,-0.0254889,-0.0875133,-0.000153067,0.0460895,-0.364978,-0.0285542,0.0795884,-0.0257502,0.0151279,0.477695,0.0378616,0.0459201],[-0.581542,-0.286559,-3.45727,-0.593497,-0.332206,-0.704464,0.187804,-0.00560074,-0.0323192,-0.0129301,0.00352527,-0.247031,-0.000420108,0.150513,0.0846581,-0.256429,-0.0139901,-0.0790096,-0.0245696,-1.38085,0.075236,-1.46535],[0.0541473,-0.325468,1.00354,-0.134219,0.0957681,0.0305444,-0.0382692,0.0987374,-0.0853863,-0.0661495,-0.0987118,-0.135395,-0.000450293,-0.0793781,0.0861212,0.138057,-0.0384642,-0.0393276,-0.0560914,-0.907885,0.000442312,-4.07913],[0.0670199,0.0537094,0.223884,0.0189432,-0.0333782,0.109833,-0.00243388,0.0182756,0.00258948,-0.0057648,0.00204816,-0.033158,0.000154303,-0.0332128,-0.0227516,0.0613251,-0.00593304,-0.00543957,0.00159752,-0.109782,0.021234,0.103696],[24.2792,-14.0025,62.8823,102.139,24.3765,59.9463,-41.8632,-16.8485,1.84449,0.56847,-1.51307,-85.5269,0.296317,0.0641732,-10.4676,-8.94406,-7.47689,-1.20114,0.595686,32.6307,0.995525,-357.966],[0.1183,0.185441,0.285902,-0.0745387,0.0784982,0.199094,0.118825,0.000296444,0.00257491,0.00186449,0.00281839,-0.0357987,3.7356e-05,0.0225598,-0.0304247,0.0228303,-0.00972893,0.00479681,-0.00539455,-0.392727,-0.013094,-0.0918403],[-0.0972805,-0.051567,0.628324,0.406095,0.0579351,-0.736381,-0.0144795,0.0259902,0.00419528,0.0150028,0.0143478,0.118717,0.000154512,0.103873,0.0255675,-0.0387901,0.0474359,-0.0318845,0.000262291,0.66334,-0.032724,2.97346],[-0.0506423,-0.0532054,0.530849,0.219767,-0.136246,-0.16454,-0.0108855,-0.0311338,-0.00401121,0.010689,0.00147029,0.0588254,5.51452e-05,-0.112045,0.0423139,0.136866,0.0129591,-0.0128209,-0.00909649,-0.567043,0.0262376,-0.114415],[-0.508904,-0.521726,-2.13325,0.241493,-0.435134,-1.80327,-0.14008,0.0776185,-0.048295,-0.0335738,-0.043029,0.0264906,-4.22701e-05,-0.263939,0.146814,0.21645,-0.222411,-0.115847,-0.0706076,1.34441,-0.00638394,0.350955],[0.0569095,0.296487,-0.992778,0.510069,-0.0965119,-0.355023,-0.15458,-0.112184,-0.0425727,-0.0608425,-0.0460621,-0.268962,0.000560469,0.0574134,-0.117432,-0.071089,0.0387047,-0.15376,-0.155934,1.41634,0.00471667,1.74944],[-0.304447,0.0472984,-0.0260749,-0.323259,-0.524572,-0.0118315,-0.111861,0.169003,-0.0716131,0.0152724,-0.0758264,0.422875,0.00138172,-0.0855097,0.155551,0.0859489,0.00993455,0.0380373,0.0723729,0.340275,0.161936,1.717],[0.00213944,0.0161553,-0.0210764,-0.00240281,-0.0271644,-0.0172348,0.0146934,-0.00145309,0.00116913,-0.000674349,0.002928,0.0339324,-2.26599e-05,-0.000282157,-0.00213882,-0.00721299,-0.00373226,0.00207355,-8.13453e-05,0.092244,-0.00729826,-0.173131],[0.122327,0.00208548,1.80775,-0.112354,0.483809,-0.190432,0.127129,0.0447254,0.0304842,0.0433164,0.00276823,0.0881924,-0.000654927,-0.00595433,0.0363796,0.0703349,0.0312228,0.049974,0.0661118,1.18601,-0.0244312,2.7791],[-0.00580116,-0.0115708,0.0140423,0.0468689,-0.0132855,-0.0332618,0.00419895,-0.0029929,0.00193853,0.000556094,0.00167333,-0.00850292,1.18667e-05,0.002056,-0.000524035,-0.00192699,0.000936774,-0.000493145,-0.00026573,-0.0481199,0.000406296,-0.0844604]],"sigmahat":[[0.530431,0.393911,1.38478,0.186135,0.26851,0.731514,-0.067984,-0.079104,0.00132123,-0.0145726,-0.00658975,-0.0299854,-5.94077e-05,0.0504535,-0.0696083,-0.0112784,0.0408615,0.0152464,0.0340639,0.793433,0.00615988,1.49958],[0.393911,0.767234,1.20067,0.115065,0.210096,0.655208,-0.0303625,-0.0399995,-0.00297308,0.013705,-0.00420455,0.211911,-0.000213326,0.0405529,-0.112592,-0.0232994,0.041462,0.0206613,0.0296683,0.0753604,0.0202734,1.38627],[1.38478,1.20067,28.4615,1.00495,0.659855,2.25382,-0.612846,-0.308995,0.0310798,-0.255728,-0.0277876,-0.0593147,-0.000568402,0.509837,-0.378836,-0.227506,0.196602,-0.0241298,-0.121042,0.996232,-0.330606,-3.13231],[0.186135,0.115065,1.00495,3.34988,0.117061,-0.419442,-0.0709598,-0.110081,-0.00525837,-0.0455359,-0.0180238,0.0970661,0.00061833,0.0292403,-0.00717974,-0.0571085,-0.0033515,-0.0402877,-0.0125309,-0.793112,0.0254972,-2.8643],[0.26851,0.210096,0.659855,0.117061,1.29479,1.38811,0.0789014,-0.11985,-0.0203621,-0.0164848,-0.0277295,0.109975,-0.000382863,-0.144205,-0.0386558,0.15349,0.0288507,0.0178197,0.0083014,0.218525,-0.00746382,-0.324106],[0.731514,0.655208,2.25382,-0.419442,1.38811,5.58901,-0.00547692,-0.220671,0.012982,-0.0896365,-0.0130342,0.136704,-0.000192637,-0.0551007,-0.0743385,0.0737668,0.0682041,0.0753549,0.0214004,0.507594,-0.0592936,-0.604864],[-0.067984,-0.0303625,-0.612846,-0.0709598,0.0789014,-0.00547692,0.64917,-0.0468438,-0.0101322,0.0351224,-0.00252882,-0.0123977,-0.000435242,-0.0400111,0.0278026,0.0565513,0.0227006,0.0144546,0.00811157,-0.356819,0.0199998,1.9271],[-0.079104,-0.0399995,-0.308995,-0.110081,-0.11985,-0.220671,-0.0468438,0.0890147,-0.000194208,-0.00348908,-0.000106395,0.0369591,0.000115335,-0.0453519,0.00688954,0.0301801,-0.0111975,-0.00608644,-0.0115957,-0.134286,0.00413665,-0.494447],[0.00132123,-0.00297308,0.0310798,-0.00525837,-0.0203621,0.012982,-0.0101322,-0.000194208,0.00719798,0.000906276,0.00585034,-0.0179782,1.87669e-05,0.0022395,0.000643822,0.00123236,-0.000359683,0.00137769,0.00170286,0.0216712,-0.0021638,-0.0941311],[-0.0145726,0.013705,-0.255728,-0.0455359,-0.0164848,-0.0896365,0.0351224,-0.00348908,0.000906276,0.0302268,0.00396679,-0.00188434,-1.58415e-05,-0.0283042,-0.00940534,0.0174644,0.00459134,0.0122956,0.0233175,-0.108148,0.0233426,0.355484],[-0.00658975,-0.00420455,-0.0277876,-0.0180238,-0.0277295,-0.0130342,-0.00252882,-0.000106395,0.00585034,0.00396679,0.00857499,-0.0209698,2.75912e-05,-0.0079638,-0.000992629,0.0091709,-0.00223461,0.000899761,0.00216428,0.0155435,-0.00053183,-0.0970103],[-0.0299854,0.211911,-0.0593147,0.0970661,0.109975,0.136704,-0.0123977,0.0369591,-0.0179782,-0.00188434,-0.0209698,0.809719,-0.000175035,0.0417037,0.0406414,-0.00702071,-0.0283099,0.000693719,-0.0246636,-0.551141,0.0158265,-1.35886],[-5.94077e-05,-0.000213326,-0.000568402,0.00061833,-0.000382863,-0.000192637,-0.000435242,0.000115335,1.87669e-05,-1.58415e-05,2.75912e-05,-0.000175035,3.36506e-06,-0.000705857,0.000101348,0.000613566,-0.000101275,-6.31683e-05,-3.35272e-05,-0.000361104,0.000137731,-0.00756176],[0.0504535,0.0405529,0.509837,0.0292403,-0.144205,-0.0551007,-0.0400111,-0.0453519,0.0022395,-0.0283042,-0.0079638,0.0417037,-0.000705857,0.845248,-0.0963266,-0.697591,0.0735209,0.0470478,0.0361216,0.502854,-0.108196,4.25591],[-0.0696083,-0.112592,-0.378836,-0.00717974,-0.0386558,-0.0743385,0.0278026,0.00688954,0.000643822,-0.00940534,-0.000992629,0.0406414,0.000101348,-0.0963266,0.167184,0.12865,-0.040857,-0.0131644,-0.0132123,0.0777944,0.00794088,-1.19714],[-0.0112784,-0.0232994,-0.227506,-0.0571085,0.15349,0.0737668,0.0565513,0.0301801,0.00123236,0.0174644,0.0091709,-0.00702071,0.000613566,-0.697591,0.12865,0.697428,-0.0758058,-0.0449344,-0.0336788,-0.232432,0.0913479,-3.87842],[0.0408615,0.041462,0.196602,-0.0033515,0.0288507,0.0682041,0.0227006,-0.0111975,-0.000359683,0.00459134,-0.00223461,-0.0283099,-0.000101275,0.0735209,-0.040857,-0.0758058,0.0414598,0.0133451,0.0152151,0.106347,-0.00437534,1.34572],[0.0152464,0.0206613,-0.0241298,-0.0402877,0.0178197,0.0753549,0.0144546,-0.00608644,0.00137769,0.0122956,0.000899761,0.000693719,-6.31683e-05,0.0470478,-0.0131644,-0.0449344,0.0133451,0.0292192,0.0266111,-0.0353953,0.00580156,0.616313],[0.0340639,0.0296683,-0.121042,-0.0125309,0.0083014,0.0214004,0.00811157,-0.0115957,0.00170286,0.0233175,0.00216428,-0.0246636,-3.35272e-05,0.0361216,-0.0132123,-0.0336788,0.0152151,0.0266111,0.0458312,0.118904,0.0197946,0.936734],[0.793433,0.0753604,0.996232,-0.793112,0.218525,0.507594,-0.356819,-0.134286,0.0216712,-0.108148,0.0155435,-0.551141,-0.000361104,0.502854,0.0777944,-0.232432,0.106347,-0.0353953,0.118904,12.801,-0.13027,9.83129],[0.00615988,0.0202734,-0.330606,0.0254972,-0.00746382,-0.0592936,0.0199998,0.00413665,-0.0021638,0.0233426,-0.00053183,0.0158265,0.000137731,-0.108196,0.00794088,0.0913479,-0.00437534,0.00580156,0.0197946,-0.13027,0.0504277,-0.335336],[1.49958,1.38627,-3.13231,-2.8643,-0.324106,-0.604864,1.9271,-0.494447,-0.0941311,0.355484,-0.0970103,-1.35886,-0.00756176,4.25591,-1.19714,-3.87842,1.34572,0.616313,0.936734,9.83129,-0.335336,92.3339]],"n":22,"lags":3}