{"betahat":[[7.11029,4.99675,29.2386,11.2112,36.5655,59.0347,1.46563,3.3764,2.66525,-1.67839,-16.6736,2.88509,26.5633,-137.741,-3.25276,-3.08797,28.6048,4.72084,8.50028,-1.58342,-41.1324,18.8956,-6.31503,-20.1047,0.80463],[0.0856392,0.652613,-1.05881,0.294893,0.789877,1.18487,-0.269924,-0.414322,-0.322276,0.198428,1.8812,-0.369563,0.0477241,4.22732,0.209383,0.0284586,3.36347,0.0100425,-0.0678676,-0.462333,2.86085,-1.34091,-1.41356,0.876425,0.0774073],[-0.219092,0.158715,0.16494,-0.156438,0.0463892,-0.925871,-0.343291,-1.13727,-0.331802,0.0229672,0.669864,-0.397044,0.431214,-0.0773046,0.0734052,-0.0892689,1.15478,-0.0182182,0.0136016,-0.630092,2.45231,-0.191454,-0.746691,-1.19541,0.0642789],[0.257863,0.220147,2.01176,0.306714,0.840976,-0.644197,-0.746429,-0.80838,-0.235964,0.141801,-1.07252,-0.249897,0.896854,-5.89631,-0.020531,0.132983,-1.23049,-0.0118572,-0.027955,-0.70426,2.40504,-1.78159,-2.28068,0.188215,0.0972676],[0.630424,-0.119188,0.293508,-0.214366,0.262114,-0.679913,0.209804,-0.0803386,0.088345,0.0883154,0.684646,0.06611,-0.261693,3.82347,0.152061,0.098008,0.146563,-0.0544303,-0.131674,0.0633226,-0.715341,0.211139,-0.513579,0.355183,0.0451504],[0.0888959,0.939193,0.384494,0.158789,-0.0415878,0.546704,0.000708549,-0.0432722,0.0154664,-0.0690768,-0.129286,0.0335784,-0.135358,1.06564,-0.0579252,0.00726956,-0.555407,0.0209199,-0.00798966,-0.0728618,-0.101243,0.159422,-0.200964,-0.00345285,-0.0128805],[-0.00229497,0.0164006,0.693807,0.00562752,-0.0558268,0.176311,0.00510949,-0.0112838,0.0144535,-0.0310164,0.163944,0.0201134,0.0627971,0.733489,0.0245627,0.000933132,0.438218,0.00724798,-0.02773,-0.00191996,-0.0284731,0.0170213,0.100319,0.0816835,0.00732503],[-0.0093841,-0.00721055,0.0822363,1.14883,-0.606294,0.583991,-0.0514581,0.0683721,0.00280935,-9.24063e-05,0.156934,-0.00373333,0.0232702,2.11183,-0.0318175,-0.0305393,-0.193104,-0.013374,0.0467431,-0.048792,-0.336948,-0.252855,-0.00269072,0.177961,0.0317244],[-0.0194308,-0.0234024,0.0539054,-0.0324241,0.49302,0.0336971,-0.0452489,0.00937414,-0.0170521,-0.0157963,-0.265321,-0.0225446,0.0944585,-1.06282,-0.0215661,-0.00165334,-0.448395,0.0100266,0.00263184,0.00976594,-0.0332683,0.0020396,-0.176996,-0.0738294,-0.0172094],[0.0236253,0.00674393,0.102255,-0.0244524,0.182353,0.642431,-0.00471694,-0.0201916,0.0137316,0.00523634,0.0549487,0.0157487,0.0409545,-0.081754,0.00833827,0.0188193,-0.0484858,-0.011073,-0.0194436,-0.0108766,0.188075,0.0402938,0.143558,0.0463483,0.0105265],[-0.0488248,-0.0474404,-0.387179,-0.066948,-0.180041,-0.693998,0.969174,0.251041,0.0412585,-0.120934,0.628735,0.0484081,0.221848,-1.69878,0.00890094,0.0487373,-1.17857,-0.0297957,-0.114853,0.0253956,-0.63594,0.231387,-0.268343,0.00865344,-0.0365448],[0.013757,-0.0842248,0.418727,-0.0228422,-0.0822406,-0.0583034,-0.0897004,0.806376,0.0533348,0.053509,-0.971615,0.0536785,0.175427,-2.76859,-0.0298654,-0.00810856,-0.483829,-0.0308504,0.00283897,-0.0352663,-0.439538,-0.0757846,-0.331095,-0.233667,-0.018973],[0.0295096,0.0285802,-0.22005,0.0169554,0.555527,-0.0442671,0.0500381,-0.187797,0.96543,-0.0160939,0.517247,-0.0580172,-0.158965,-2.56752,0.0198207,0.0689494,-0.780104,0.0185097,0.018766,0.0180232,0.175028,-0.141554,0.765757,-0.116326,0.000594133],[0.130815,0.144358,0.168676,0.0373463,1.5873,-0.0474579,0.0661121,0.0352285,0.09276,0.812578,1.56675,0.108875,-0.302638,4.62741,-0.0606582,-0.0812539,1.06125,-0.0743596,0.170641,-0.0864797,-1.08717,0.357746,-0.110042,0.305042,0.0628081],[-0.0246814,-0.0164671,-0.0246611,-0.027071,-0.131128,-0.0976704,-0.0185566,-0.00279716,-0.00828686,-0.0107905,0.877228,-0.00664944,0.0154305,-0.521578,-0.00946979,0.00484066,-0.210108,-0.00619312,0.00341669,-0.00527113,0.0131186,-0.00749301,0.026687,-0.00693697,-0.00312158],[-0.0874211,-0.106745,0.0276555,0.0711391,0.130419,-0.00102275,0.172399,-0.101363,0.150137,-0.0151117,1.175,1.05225,-0.323915,-1.56276,0.000145655,0.0597011,-1.19401,0.0524392,0.0590614,0.0268538,-0.0202007,0.0137035,0.33606,0.0717499,-0.0205724],[0.0113127,0.00801904,-0.196393,-0.0648868,-0.227373,-0.36375,-0.0852397,-0.0381734,-0.0105701,-0.00633612,0.395342,-0.0134589,1.35703,-0.491661,0.0195986,-0.00471834,0.256589,-0.0529072,-0.0794962,0.0202072,-0.398451,-0.0491693,-0.0223936,-0.0399354,-0.00469438],[0.00415786,-0.00409218,-0.012729,-0.0102725,0.0156125,-0.00457208,0.0079432,0.00673352,0.00253937,-0.000956412,0.00626084,0.00229085,-0.0153586,0.841003,-0.000627926,0.000142943,-0.00676089,-0.00355426,-0.00284799,0.00220535,0.0601599,0.00478538,0.00698449,0.00122641,-0.000485578],[0.337525,0.0901043,-0.608747,-0.155854,2.17444,2.20931,-0.210343,-0.466002,-0.0169102,-0.150532,0.630721,-0.00202019,1.22591,-0.0742167,1.00619,-0.0294456,2.69311,0.11077,-0.258047,0.112147,1.2186,0.485549,1.63355,-0.664944,0.259524],[-0.36113,-0.514778,-0.331533,0.0907488,-3.08791,-2.6915,0.127387,0.54778,-0.0381217,0.210407,-1.60329,-0.0355013,-0.359109,-7.59534,-0.0117438,0.894134,-4.16794,-0.0760693,-0.0228435,-0.220987,0.253792,-0.193587,0.00653972,-0.226859,-0.16416],[0.00115287,0.00562979,0.033364,0.020822,0.06258,0.0570349,-0.015456,0.0368383,-0.00901377,0.00882799,-0.0322267,-0.00754466,0.0192386,-0.157009,0.0148587,0.00595771,1.01041,0.0019308,0.0129651,0.00398313,0.0133732,-0.0819793,0.0662003,0.0149973,0.00509975],[-0.105411,-0.355765,-1.01291,0.558256,0.794411,-1.27243,-0.0406649,0.0775994,-0.120989,-0.0625739,-0.459491,-0.157368,-0.152953,-1.53566,0.0360426,0.0675718,-1.06767,0.490501,0.146215,0.179185,1.55142,0.191779,0.563763,0.226092,-0.0292245],[-0.0240713,0.00498807,-0.493999,-0.0580839,0.578738,-1.24203,-0.00422246,-0.170961,-0.0880987,0.00500159,-2.23598,-0.0986878,0.307485,-9.14919,-0.0591818,0.0427165,-2.57883,0.0642712,0.609885,0.0300357,0.451709,0.14484,-1.73584,-0.301038,-0.122741],[0.15224,-0.0499731,0.760733,-0.0599358,0.211738,0.00149626,0.0150309,0.205718,0.0115776,0.0654113,-1.95302,0.00506958,-0.794195,2.74509,-0.193061,-0.0546089,-3.12095,0.182272,-0.19699,0.674742,2.06893,0.0150195,-0.982419,0.348023,-0.0558136],[-0.00937297,0.0320312,-0.235062,0.000982782,-0.12254,-0.117191,-0.0553835,0.0102707,-0.0114374,0.0129733,-0.0283097,-0.0138662,0.0370476,-0.866893,0.000670675,-0.00790843,0.1072,0.0194665,0.000301442,-0.0361032,-0.163472,0.0206678,-9.7301e-05,-0.116055,0.00191736],[-0.00789428,0.0157014,0.136778,-0.0603648,0.0367212,0.073179,0.0334821,-0.0362668,0.0209881,0.0106725,-0.478119,0.0246153,0.0193519,-0.667923,0.00461776,0.0346817,-0.811527,-0.00040794,0.0279315,0.00931149,0.256789,0.781926,0.0957579,0.0112315,-0.00821883],[0.029573,0.0659435,0.143915,0.04319,0.0370749,0.0778959,0.0417732,0.0171215,0.0356853,-0.01391,0.280554,0.0346568,-0.0689645,1.86322,0.0213408,0.00539818,0.21754,0.00330409,-0.0182793,-0.00299826,-0.142347,0.0547375,0.598864,0.0629171,0.00527211],[0.111211,0.0365037,0.507177,0.23221,0.089321,0.304465,0.110214,-0.111266,0.060603,0.0925697,-0.386846,0.0779401,-0.261635,0.315325,0.00666598,0.061814,-0.816994,-0.0583123,-0.0144358,0.0406437,0.0725054,-0.0794768,-0.654928,0.439099,0.0386925],[0.0493396,-0.081814,0.958137,0.520325,0.3878,0.145472,0.158903,-0.43782,0.447225,0.131349,-3.58075,0.455035,-0.494715,0.105654,-0.204924,-0.119173,1.38382,0.379156,-0.0226818,-0.119554,-1.09269,0.0887696,-1.54575,-0.464047,1.00609],[0.264886,0.0811822,-0.185682,0.195509,-0.00118523,0.286117,-0.106586,-0.00770484,-0.0577798,-0.0624801,-0.589406,-0.0275399,0.14597,-1.72677,-0.114413,-0.0773859,-0.0511735,-0.00951072,0.0625909,-0.0534251,0.462402,-0.224686,0.468649,-0.223218,-0.0527161],[-0.000903284,0.0645746,-0.114792,-0.213293,0.26163,-0.120288,0.00954491,0.109397,0.00932343,0.0637246,0.0935806,-0.0124583,0.0589264,-0.404316,0.0543557,-0.0122007,0.711942,0.000351497,-0.00896889,0.0306223,0.25036,-0.344126,0.177723,0.121062,0.0130151],[-0.0139615,-0.00263063,0.129368,-0.00787707,-0.0565802,-0.247456,-0.000594429,-0.00572621,-0.00840097,0.0258704,-0.0243608,-0.0147706,-0.0215837,-0.854931,-0.0199939,0.00436609,-0.521108,-0.0148236,0.037049,0.00403224,0.0411649,0.0242128,-0.128061,-0.0952522,-0.0123894],[0.0794658,0.0443846,-0.272401,-0.175864,1.01841,-0.142052,0.149752,-0.0255141,-0.0133518,0.0333766,-0.334805,-0.00549899,-0.102836,1.13547,0.020423,-0.0204909,0.425605,-0.0127184,-0.0708326,0.0398458,0.812193,0.359615,0.0883438,-0.0275876,-0.0203231],[-0.00244327,0.0230961,-0.068615,0.00418533,0.214231,-0.0983067,0.0265906,-0.0053565,0.0162988,0.0208369,0.0506858,0.0193565,-0.043782,0.423231,0.0155281,0.0131354,0.272347,-0.0082903,0.00259988,-0.0079277,-0.0107352,0.100971,0.0892705,0.0351768,0.0104027],[-0.0301192,-0.0063655,-0.0466376,-0.00288752,-0.0860237,0.270971,0.0161732,0.0356967,-0.00491014,-0.0011153,-0.0380332,-0.00396154,-0.018006,-0.241634,-0.00151152,-0.00813794,0.00132421,-0.00105873,0.0235588,0.00611926,-0.0879276,-0.0351467,-0.00102393,-0.0179987,-0.00550323],[0.107002,0.0546719,0.383305,0.10959,0.296149,0.820091,-0.0214319,-0.110832,0.0295324,0.0947838,-0.428327,0.0269712,-0.147038,1.66479,-0.0160957,-0.106534,1.73512,0.0371387,0.0552615,-0.0393257,0.404436,-0.0871126,-0.00339741,0.0301633,0.0363957],[-0.0178067,0.168594,-0.338881,0.0120794,0.318869,0.381365,-0.0213772,-0.242358,-0.0941031,-0.0286253,0.991942,-0.10338,0.00176845,0.87461,0.0451329,0.0416569,0.179684,0.0136647,0.0218695,-0.0106472,0.0483212,-0.0337108,0.206977,0.197008,0.00102121],[-0.0550741,-0.0612431,0.342362,-0.00994984,-0.168403,0.0394811,-0.0799681,0.161091,-0.102974,-0.0266108,-0.332821,-0.0773936,0.129956,1.575,-0.0208248,-0.0883701,1.43181,-0.0218553,-0.0694644,0.0376101,-0.445658,-0.211638,-0.319974,-0.00474086,0.0194209],[-0.128058,0.179765,-0.0837228,-0.0612347,-0.843595,0.99954,-0.173197,0.162191,0.00909125,-0.221234,-0.209837,-0.0111644,0.423163,-6.00881,-0.102247,-0.0428352,-2.50759,0.0117611,-0.0913952,-0.034266,-0.458639,-0.00690644,-0.5732,-0.726947,-0.113294],[0.0245765,0.018759,0.00955888,0.000430463,0.162362,0.142354,0.0122259,-0.000837321,0.00754939,0.013774,-0.0320321,0.00497789,-0.0193638,0.206991,0.00648637,-0.00377355,0.202446,0.000925544,-0.00607594,0.0084249,-0.0144744,0.0264424,-0.0614179,0.0224163,0.00135772],[0.0488318,0.0393057,-0.030658,-0.0533099,0.159663,-0.169328,-0.195265,0.00463378,-0.235306,-0.0110034,-1.06335,-0.15878,0.263304,0.812992,-0.0155893,-0.0549587,1.38453,-0.0520703,-0.0765815,0.0195546,-0.133124,-0.325799,0.101278,-0.109758,0.0213758],[-0.0119052,-0.0159763,0.146857,0.0277684,0.174845,0.19235,0.0261882,0.00699976,-0.0103772,0.00153514,-0.234855,-0.00944651,-0.180818,0.476324,-0.0105534,0.00900062,-0.141831,0.0237963,0.0344299,-0.00650876,0.21165,0.0137841,0.0834593,0.0211821,0.00560221],[-0.00342669,-0.00114505,-0.00294405,0.00214959,-0.0102383,0.00256539,-0.00630536,-0.010463,-0.00549991,-0.00226127,0.000876499,-0.00544881,0.00728806,0.123608,0.0012898,0.00242298,-0.0220324,-0.00332893,0.00506275,-0.00151277,-0.00869311,-0.0135647,0.0358087,0.0049199,-0.00238524],[0.06342,0.392978,0.137275,0.0351299,0.742297,0.721175,0.155705,0.172126,0.145116,0.100968,-2.34594,0.178472,-0.452807,-3.96849,-0.194058,-0.0493558,-2.18377,-0.0772913,-0.0597568,-0.0624055,0.113434,-1.04,-0.695379,0.297203,-0.152425],[0.108165,-0.163794,0.10086,-0.0587263,1.52112,1.01344,0.314753,-0.237222,0.118289,0.0476577,0.830702,0.144217,-0.262027,8.27246,0.0400356,0.0111023,3.7861,-0.0245772,0.0902039,0.136574,0.768099,-0.361554,1.94451,0.428985,0.12651],[-0.00512141,-0.000229952,-0.0365171,-0.010082,-0.0506965,-0.0596395,0.00964816,-0.0245751,0.00516366,-0.00891163,-0.0251581,0.00207003,-0.0149035,-0.0748111,-0.0155253,0.000638676,-0.142912,-0.00176524,0.00282245,-0.00125551,-0.0270372,0.0509053,-0.0486277,-0.0106411,-0.00773311],[0.194092,0.142623,1.04828,-0.698419,0.140233,1.46596,0.298471,-0.27782,0.149371,0.0864494,1.31133,0.204955,-0.0200705,2.54598,0.132217,0.0261514,1.80737,-0.0887323,-0.174046,-0.0551537,-0.581933,-0.27469,0.280851,0.0191297,0.0647932],[0.00345067,-0.212797,-0.288474,0.0791588,-0.50179,-0.309922,0.0973668,0.296061,0.0833405,0.0431389,1.55144,0.0986073,-0.483548,6.35204,-0.0107953,-0.073419,1.83929,0.0605806,-0.0877738,-0.0467593,-0.210377,0.0960593,1.04273,0.106578,0.0842282],[-0.00565669,0.154545,-0.349104,-0.121796,-0.323671,0.955762,0.0326291,0.356352,0.0793778,-0.136756,2.53343,0.107115,0.257139,2.14845,0.19337,0.10791,2.14373,-0.0323694,-0.0141591,0.0769515,-0.100625,-0.0297066,1.03727,0.274241,0.0290988],[-0.0167258,0.00869327,-0.108238,-0.0512803,-0.00313339,0.0124896,-0.0351086,0.000139896,-0.0122514,-0.0212731,0.219932,-0.0160774,0.0102064,-0.454313,0.00121262,-0.00641218,0.146372,7.51809e-05,-0.0029492,-0.0053059,-0.131049,0.0586044,-0.116655,-0.0444306,0.0055335],[0.0299508,-0.000328731,0.010174,0.0415055,-0.0047051,-0.125932,-0.0633922,0.00505844,-0.00781584,-0.0255203,0.32616,-0.0115264,0.0256393,0.131186,-0.00643929,-0.0225883,0.628278,0.0150923,-0.0215705,0.00399269,0.00761211,0.279894,-0.161987,-0.0159897,0.0106569],[-0.014199,-0.0122852,4.12246e-05,-0.0167483,-0.160778,-0.0980275,-0.0182891,0.00242658,-0.0184321,0.014375,-0.223807,-0.0181435,0.0315625,-1.29263,-0.013781,-0.00579703,-0.198045,0.0159905,-0.00791871,-0.00214209,0.0731886,0.160512,-0.10947,-0.0288947,-0.00733059],[-0.0832834,-0.160785,0.174991,0.00405789,-0.129947,-0.0705209,-0.00247845,-0.0338778,0.0238351,0.0280383,-0.443706,0.0256195,0.0163388,-0.642263,0.0224428,0.0155143,-0.148722,-0.0201258,-0.0576951,0.0485647,-0.334202,0.431139,0.0326648,0.00305973,0.0337686],[0.0566463,-0.0216151,-0.619284,-0.109167,-1.45867,-2.21747,-0.207667,0.370291,-0.232683,-0.0783692,1.61666,-0.216107,0.378908,2.43014,0.149641,0.158147,-0.315589,-0.0378456,-0.15774,-0.00346401,0.219091,-0.63054,1.41431,0.0648264,-0.0493467],[0.104484,0.0377584,-0.10824,0.0188741,-0.261987,0.392451,-0.103252,0.0879629,-0.0306772,-0.025865,-0.0947092,-0.038701,0.115339,-2.09316,-0.0376805,-0.020647,-0.0951961,0.0641296,0.0693392,-0.00986108,0.253478,0.0133844,0.0454543,-0.131591,0.00753447],[-0.0882087,-0.00406751,-0.270259,0.0547132,-0.221105,-0.428491,-0.0101162,-0.0662738,-0.0248196,0.00541471,0.0354876,-0.0211415,0.0757814,-0.655385,0.00356623,0.00490593,-0.156099,-0.0209538,0.0172599,0.0423049,-0.148244,0.184536,0.023619,-0.11731,-0.000127495],[0.015814,-0.0143686,0.174432,0.00235064,0.110054,0.0669852,-0.00420112,0.016249,-0.00613722,0.00519959,-0.138786,-0.00542411,-0.0422944,0.132146,-0.00456856,-0.00518121,0.080617,0.00817942,-0.0087105,-0.00196593,-0.0114963,-0.0414751,0.0284532,0.0136505,0.00497883],[-0.0702423,-0.0374354,0.189368,0.0266394,-0.413126,-0.442696,-0.0982751,-0.0430786,0.0105255,-0.0332207,0.17917,0.00919383,0.0791948,-3.24255,0.0114769,0.0510642,-0.233043,0.0264607,0.0244726,0.00899626,-0.474894,-0.10679,-0.0854283,-0.150252,-0.0114408],[0.0216385,-5.44743e-05,0.0146575,0.0285018,0.290126,0.0627062,0.0187572,-0.00414218,0.00078569,-0.00504652,0.215464,0.00323527,-0.0513279,0.642186,0.00604899,-0.0114178,0.174646,-0.00122308,-0.00507588,-0.00176253,0.0445391,-0.102937,0.0877303,0.0387234,0.00680014],[0.00612739,-0.00103684,-0.0567175,0.0274503,-0.0984403,0.0817468,-0.0112466,-0.0157435,-0.00882058,-0.00401756,-0.01689,-0.0117815,-0.0236776,0.332582,-0.00679784,-0.0106145,0.0468818,0.0127983,-0.00361802,0.0049767,-0.0989641,-0.00550148,-0.141861,-0.02791,-0.00499096],[-0.0612968,-0.0110435,-0.00368189,-0.0453952,-0.129526,-0.142977,0.0495212,-0.139719,-0.0714872,0.0276133,-0.204557,-0.0760359,-0.0810462,0.120852,0.00844055,0.0575613,-0.545538,-0.000440394,0.0660289,0.0145048,0.258496,-0.145912,0.282774,-0.0339666,0.000492732],[-0.00401711,-0.0370168,0.0247729,0.0213631,-0.233236,-0.184374,0.0390255,0.301067,-0.0007354,0.0177761,0.112597,0.00262814,-0.038206,2.02166,0.0231349,-0.0256278,0.91214,-0.00790146,0.0145734,0.0152498,0.341752,-0.020942,0.155618,0.182249,0.0241888],[-0.0101052,-0.0327556,-0.0758653,0.0307579,-0.382958,-0.268784,-0.0666414,-0.0773279,0.00957686,0.0430442,-0.0122056,-0.000942407,0.028602,-0.742963,7.71755e-05,0.0688641,-1.31939,-0.0171873,-0.0225735,-0.0272787,0.0146955,0.426997,-0.657674,0.0123242,-0.0498655],[-0.0169723,-0.169034,-0.505744,-0.176419,-0.957584,-0.898541,0.125837,0.100209,-0.0722343,0.0806759,0.867777,-0.077976,-0.0182698,2.84541,0.151243,0.089117,0.736254,-0.0781963,0.0250952,0.0861223,0.941352,-0.578386,0.753997,0.35823,0.0269105],[0.0017611,0.00276204,0.0216432,0.0287031,-0.0264829,-0.040503,0.00193465,0.00129048,-0.00262315,-0.00459714,0.124624,-0.00185169,0.00762509,0.282547,0.00119453,-0.0016273,0.00407841,0.00154292,-0.00116742,-0.00225737,-0.00479819,-0.0182859,0.0299579,-0.0178907,0.00138372],[-0.0162952,-0.033127,0.0565223,0.038561,-0.367079,-0.151927,-0.0429374,0.000167469,0.00340679,0.0319052,0.0920533,0.00438178,0.0186285,-0.962403,0.00922833,0.0403097,-0.925233,-0.00021066,-0.044553,-0.0182534,-0.0598696,0.398506,-0.73911,-0.0571022,-0.0320622],[3.33602e-05,0.00785451,0.0404579,0.035726,0.0388168,0.150961,0.0599747,0.0272214,0.0201971,0.00412212,-0.147697,0.02222,-0.184029,0.130642,-0.00812509,-0.00393518,-0.100769,0.0368406,0.0467643,-0.0110039,0.182081,0.0227984,-0.048001,0.025517,-0.000361772],[-0.00176777,0.00261058,0.0124047,0.0018201,-0.0049722,0.00531955,-0.00447005,0.000399979,-0.00100652,-0.000560828,0.00839946,-0.00125844,0.00171704,-0.0782654,-0.00128277,-0.00121531,0.00497441,0.00183813,0.00306817,-0.00053815,-0.0346081,0.0115143,-0.0343301,-0.00328309,0.00114092],[0.0233457,0.0215651,0.423144,0.156162,-0.983771,-0.602637,-0.112482,0.276381,-0.0343047,0.0704464,1.03531,-0.040509,-0.43388,3.3179,-0.0125799,-0.059289,0.270378,0.0217812,-0.0502794,0.0693244,-0.225825,-0.00122708,-1.13292,0.316373,0.0533825],[0.0356206,0.199093,-0.347221,-0.0261502,0.513318,0.438629,-0.0641622,-0.219183,0.0265225,-0.0477249,1.0474,0.00380027,0.170541,4.09377,0.0853581,-0.0247972,1.42701,-0.0787409,0.191157,0.056201,0.412979,0.250743,-0.177185,0.210788,0.0417009],[0.000170372,-0.00857069,-0.00133404,-0.0162911,-0.0169554,-0.00676914,0.00834842,-0.00759838,0.00557374,0.00286963,0.0326432,0.00732495,-0.0116678,0.179244,0.000871668,-0.00388803,0.0686538,0.00893032,-0.0118243,-0.000963216,0.0148615,0.022882,-0.0267557,2.99968e-05,0.00184394],[-0.133575,0.148167,-0.188315,0.0786442,-1.22405,-0.313266,-0.153897,0.218168,0.0437136,0.0185788,-0.734327,0.0302742,-0.0603632,0.250045,-0.128603,-0.0848006,-0.483319,-0.128027,0.0867725,-0.0847978,-0.369155,0.124783,-0.573924,-0.0671466,-0.0183598],[0.0456538,0.204951,0.317163,-0.0809805,0.170848,1.14133,-0.0547485,-0.107212,-0.0193421,-0.00469741,0.77569,-0.0181758,-0.0608931,3.47977,0.0687905,0.0415211,0.86045,-0.0793518,-0.245006,-0.011958,-0.232334,-0.130608,0.511645,0.274932,0.0405663],[-0.0823511,0.313051,-0.249935,-0.0728009,-0.266547,-0.904937,-0.0727035,-0.352636,-0.110216,0.0645085,0.0232792,-0.143866,0.193297,-1.34657,0.139843,0.0885198,-0.0493863,0.0130964,-0.0209778,0.0636318,-1.46031,-0.758616,-0.371631,-0.174948,-0.000287108],[0.00817958,-0.00249523,0.0752937,0.0419861,-0.089009,-0.0396143,-0.0126932,0.00647558,-0.0124558,0.00473854,0.0258415,-0.0154048,0.000922604,-0.45556,-0.00592426,-0.00421739,0.0381516,0.0105759,-0.0102746,-0.0155707,0.0627837,0.0698689,-0.115092,-0.0361577,0.00389073],[-0.0233962,-0.0168961,-0.149218,0.0179997,-0.0378116,0.0448907,0.0293549,0.0325512,-0.0125966,0.0153006,0.147565,-0.012521,-0.0456743,0.546309,0.00195733,-0.0125108,0.183598,-0.0118803,-0.00559103,-0.0129737,-0.25676,-0.0631096,0.0613867,0.00448716,-0.00255554],[0.0374263,0.0644152,0.0409396,-0.0205317,0.0984374,0.120941,-0.0147926,-0.0216928,0.00399206,0.0059878,-0.0161831,0.00438707,0.000835635,-0.328072,2.20994e-05,-0.00222252,-0.163692,0.0204004,-0.0138562,0.000517964,0.137038,0.0747838,-0.190216,-0.0321246,0.000258148],[0.00295778,0.00824499,0.0743877,-0.0144216,0.0439348,-0.134998,-0.0341189,0.0213253,-0.0361227,0.0160526,-0.462093,-0.0470143,-0.0116412,-0.890773,0.00498309,0.0181934,-0.379818,-0.00254092,-0.0227768,0.0256759,-0.130876,-0.0101418,-0.418949,-0.0328501,0.0085558],[-0.095939,-0.030528,0.44317,-0.228678,0.201806,0.416487,0.136515,-0.103888,-0.0413523,0.00270717,0.143402,-0.046351,0.166521,-4.02458,0.0676073,0.035772,-0.238116,0.0837033,-0.0393897,-0.00112233,-0.268228,1.28122,-0.546544,-0.0130126,-0.0465263]],"sigmahat":[[0.120953,0.0610097,0.15372,-0.00469126,0.336216,0.333808,-0.0327789,-0.00973012,0.00426848,-0.000852959,-0.0262309,0.00995772,0.0322825,-0.581834,-0.00630498,-0.0056431,0.124501,0.0144181,-0.0187444,-0.00537689,0.0373974,0.0610839,-0.126697,-0.0534821,0.0127165],[0.0610097,0.187561,-0.0487745,-0.0299808,0.187006,0.255194,-0.0558853,-0.0105932,-0.0107161,-0.0259506,0.029971,-0.011255,0.054815,-0.975098,-0.0128627,-0.00974278,-0.119178,0.00933567,-0.0215693,-0.0058602,-0.0866231,0.0123262,-0.261426,-0.0733501,-0.00132513],[0.15372,-0.0487745,1.92618,-0.00501228,0.509549,1.17791,-0.111877,-0.0484186,0.0120157,0.0159087,-0.782525,0.0120754,0.0593702,-1.58237,0.00972145,0.0123472,0.219231,0.0459951,-0.0950314,0.0100738,0.240553,0.381061,-0.286435,-0.141893,0.0503693],[-0.00469126,-0.0299808,-0.00501228,0.261831,-0.214359,-0.265112,0.0103114,-0.0109522,-0.00256375,-0.0208451,0.116264,-0.00371049,-0.0480706,0.326204,-0.0380597,-0.0250029,0.0429617,-0.00568554,0.0104138,-0.0215223,-0.0934373,-0.0755335,-0.0178673,-0.0359789,-0.00669402],[0.336216,0.187006,0.509549,-0.214359,3.55141,1.62122,0.0263592,-0.0563659,0.0502919,0.0856915,-0.875182,0.0832313,-0.0259876,0.111092,0.026929,0.00887437,0.746004,-0.0217212,-0.023995,0.0179496,0.347194,0.106322,0.0280232,0.00903536,0.0670541],[0.333808,0.255194,1.17791,-0.265112,1.62122,4.72891,-0.0747324,0.00425082,0.0605485,-0.0133215,-0.293709,0.0854344,0.0685371,-1.36319,0.0280541,-0.0220276,0.673723,0.026524,-0.108081,-0.0143954,0.335541,0.267726,0.743951,-0.157466,0.0757415],[-0.0327789,-0.0558853,-0.111877,0.0103114,0.0263592,-0.0747324,0.143079,0.0233429,0.0440623,0.0192696,0.0646583,0.0465643,-0.13823,1.2361,0.00933969,0.00036029,0.00201035,-0.0118338,0.0292671,0.000510351,0.121028,-0.116221,0.175927,0.0840065,0.000499633],[-0.00973012,-0.0105932,-0.0484186,-0.0109522,-0.0563659,0.00425082,0.0233429,0.289529,0.0225187,-0.0139978,-0.123574,0.0229579,-0.0182581,-0.944037,-0.0248229,-0.0405077,-0.111503,-0.00864163,0.0178267,-0.0155824,0.0231543,-0.0169419,-0.0101627,0.0357443,-0.00282804],[0.00426848,-0.0107161,0.0120157,-0.00256375,0.0502919,0.0605485,0.0440623,0.0225187,0.0490724,0.00487381,-0.00514106,0.0474408,-0.0498694,0.185157,-0.00153456,-0.00643734,0.00343812,0.0113734,0.00791235,0.000353613,0.0824383,0.00528353,-0.0112542,0.0014036,0.00349326],[-0.000852959,-0.0259506,0.0159087,-0.0208451,0.0856915,-0.0133215,0.0192696,-0.0139978,0.00487381,0.0611605,-0.300138,0.00774923,-0.0333861,0.131402,0.0188646,0.0178688,-0.0854747,0.00567531,0.00567998,0.0033803,0.113694,0.0110153,-0.0205788,0.0381711,0.00478696],[-0.0262309,0.029971,-0.782525,0.116264,-0.875182,-0.293709,0.0646583,-0.123574,-0.00514106,-0.300138,7.45617,-0.0344535,0.0788412,11.4776,0.155868,-0.0694421,4.04783,-0.0870912,-0.0600343,-0.0783379,-1.09193,-0.654302,1.35419,0.401045,0.0786935],[0.00995772,-0.011255,0.0120754,-0.00371049,0.0832313,0.0854344,0.0465643,0.0229579,0.0474408,0.00774923,-0.0344535,0.0554577,-0.051139,0.206685,-0.000124765,-0.0061374,0.0112341,0.0126916,0.00628413,0.000307234,0.104873,0.00447333,0.0192046,0.00063102,0.00523359],[0.0322825,0.054815,0.0593702,-0.0480706,-0.0259876,0.0685371,-0.13823,-0.0182581,-0.0498694,-0.0333861,0.0788412,-0.051139,0.357653,-1.7695,0.000330514,0.00101522,0.0990474,-0.0246152,-0.0505053,0.00222439,-0.289796,0.110676,-0.0869244,-0.114615,-0.000198538],[-0.581834,-0.975098,-1.58237,0.326204,0.111092,-1.36319,1.2361,-0.944037,0.185157,0.131402,11.4776,0.206685,-1.7695,95.0105,1.02218,-0.0440721,21.0884,-0.346534,0.174724,-0.00172008,2.94851,-3.97343,7.98818,4.2676,0.36648],[-0.00630498,-0.0128627,0.00972145,-0.0380597,0.026929,0.0280541,0.00933969,-0.0248229,-0.00153456,0.0188646,0.155868,-0.000124765,0.000330514,1.02218,0.0441727,0.0246878,0.20029,0.000678336,-0.00483764,0.00532259,0.0375972,-0.046381,0.123517,0.061767,0.00980107],[-0.0056431,-0.00974278,0.0123472,-0.0250029,0.00887437,-0.0220276,0.00036029,-0.0405077,-0.00643734,0.0178688,-0.0694421,-0.0061374,0.00101522,-0.0440721,0.0246878,0.0479486,-0.335747,0.0011955,0.00317778,0.00719489,-0.0128375,0.00704608,-0.00254083,0.00233888,0.000722614],[0.124501,-0.119178,0.219231,0.0429617,0.746004,0.673723,0.00201035,-0.111503,0.00343812,-0.0854747,4.04783,0.0112341,0.0990474,21.0884,0.20029,-0.335747,12.4306,-0.0816922,-0.0804281,-0.0172755,0.401605,-0.59457,2.65419,1.14451,0.200148],[0.0144181,0.00933567,0.0459951,-0.00568554,-0.0217212,0.026524,-0.0118338,-0.00864163,0.0113734,0.00567531,-0.0870912,0.0126916,-0.0246152,-0.346534,0.000678336,0.0011955,-0.0816922,0.0665372,-0.0021275,0.00896944,0.0709722,0.0711865,-0.152259,-0.0358146,0.00258451],[-0.0187444,-0.0215693,-0.0950314,0.0104138,-0.023995,-0.108081,0.0292671,0.0178267,0.00791235,0.00567998,-0.0600343,0.00628413,-0.0505053,0.174724,-0.00483764,0.00317778,-0.0804281,-0.0021275,0.072671,-0.00124932,0.0515,-0.0546092,0.0847856,0.0312179,-0.00282293],[-0.00537689,-0.0058602,0.0100738,-0.0215223,0.0179496,-0.0143954,0.000510351,-0.0155824,0.000353613,0.0033803,-0.0783379,0.000307234,0.00222439,-0.00172008,0.00532259,0.00719489,-0.0172755,0.00896944,-0.00124932,0.0324369,0.0144315,0.0311765,-0.00805706,-0.00265232,0.00409008],[0.0373974,-0.0866231,0.240553,-0.0934373,0.347194,0.335541,0.121028,0.0231543,0.0824383,0.113694,-1.09193,0.104873,-0.289796,2.94851,0.0375972,-0.0128375,0.401605,0.0709722,0.0515,0.0144315,2.66068,0.095196,0.969192,0.297014,0.0143365],[0.0610839,0.0123262,0.381061,-0.0755335,0.106322,0.267726,-0.116221,-0.0169419,0.00528353,0.0110153,-0.654302,0.00447333,0.110676,-3.97343,-0.046381,0.00704608,-0.59457,0.0711865,-0.0546092,0.0311765,0.095196,1.41585,-1.21108,-0.273799,0.00830476],[-0.126697,-0.261426,-0.286435,-0.0178673,0.0280232,0.743951,0.175927,-0.0101627,-0.0112542,-0.0205788,1.35419,0.0192046,-0.0869244,7.98818,0.123517,-0.00254083,2.65419,-0.152259,0.0847856,-0.00805706,0.969192,-1.21108,4.60143,0.623016,0.0642021],[-0.0534821,-0.0733501,-0.141893,-0.0359789,0.00903536,-0.157466,0.0840065,0.0357443,0.0014036,0.0381711,0.401045,0.00063102,-0.114615,4.2676,0.061767,0.00233888,1.14451,-0.0358146,0.0312179,-0.00265232,0.297014,-0.273799,0.623016,0.506436,0.0110704],[0.0127165,-0.00132513,0.0503693,-0.00669402,0.0670541,0.0757415,0.000499633,-0.00282804,0.00349326,0.00478696,0.0786935,0.00523359,-0.000198538,0.36648,0.00980107,0.000722614,0.200148,0.00258451,-0.00282293,0.00409008,0.0143365,0.00830476,0.0642021,0.0110704,0.0145533]],"n":25,"lags":3,"seasonalRows":3}