{"betahat":[[0.701046,0.439478,0.863826,0.880713,2.72173,3.9583,1.56025,1.01344,0.0666633,0.33707,-2.19515,0.13266,2.65494,0.280627,-0.0616379,-0.260414,5.63454,3.0456,0.576451,0.102835],[0.79213,-0.0660389,0.0795876,-0.061875,0.144225,-0.16823,0.148663,-0.011659,0.0636278,0.0299671,0.351626,0.0553738,-0.1518,2.59794,0.075839,0.0395758,0.380417,0.188602,0.178521,0.0359864],[0.0605172,1.01517,0.344786,0.0962057,-0.0237888,0.409212,-0.0576683,-0.0972466,-0.0239497,-0.0751828,-0.212151,-0.0156267,-0.0109546,-0.305777,-0.0658199,-0.0185878,-0.134576,-0.0738043,-0.161276,0.00504155],[0.00395854,0.0098828,0.906891,0.0464194,-0.0180081,0.092206,-0.0109445,-0.0258439,0.00439361,-0.0176103,-0.0272121,0.00703786,0.106631,-0.0424691,0.019717,0.0168806,0.0799066,0.0362335,0.0226788,-0.00311715],[-0.01674,-0.0738761,0.136489,1.20987,-0.317894,0.275828,0.0404116,0.00121416,-0.0252009,0.0168676,-0.199719,-0.0316061,0.00360085,1.60767,-0.0288129,-0.0257993,-0.288926,-0.132142,0.137725,0.0128031],[-0.0189484,-0.0262002,0.0210714,-0.0228747,0.644786,-0.0200431,-0.0285014,0.019182,-0.00627557,-0.0116014,-0.178911,-0.00955277,0.0618005,-0.932738,-0.0176809,0.00309855,-0.438975,-0.193563,-0.0545536,-0.0144033],[0.0183978,0.0234439,0.0859958,-0.0146785,0.13806,0.807159,-1.60745e-05,-0.0357747,0.0060978,0.00266588,0.0566576,0.00544194,0.0365678,0.144747,0.00798958,0.0157371,-0.0754485,0.10235,0.0383543,0.00916236],[0.00491474,-0.0788535,0.101907,0.064752,-0.0401341,-0.426653,1.02707,0.0345606,0.0266645,-0.0637667,-0.0373056,0.0278628,0.0889234,-1.13568,-0.0341703,-0.00282768,-0.84511,-0.0737055,-0.0590881,-0.0214016],[-0.00228256,-0.0329359,0.107552,0.00894065,-0.0723527,-0.0195556,0.0322306,0.877778,0.0324049,0.0428443,-0.556825,0.0273491,-0.0576761,-0.523585,-0.0216946,-0.00648461,-0.386955,0.0198012,-0.40094,-0.0294771],[0.0088393,0.0176182,-0.123064,0.0290737,0.361433,-0.0433797,0.105025,-0.0400872,1.08322,-0.00380803,0.289027,0.060607,-0.19621,-1.64091,0.0127987,0.0519013,-0.642781,0.264605,-0.0269687,0.0176826],[0.058959,0.0943833,0.148637,0.121582,1.12879,0.0643711,0.0149235,-0.194613,0.091147,0.992446,0.716449,0.109963,-0.189147,3.05381,-0.0510292,-0.0718425,0.882787,0.365807,-0.0499015,0.105792],[-0.0232466,-0.0143243,0.00826064,-0.0160035,-0.0881666,-0.0250424,-0.0150183,-0.0101503,-0.0164209,-0.0100817,1.02925,-0.0165352,0.0340386,-0.263847,-0.0036848,0.00266853,-0.119685,0.0383909,-0.00562453,-0.0024754],[-0.0490018,-0.0204437,-0.173893,-0.0327355,0.160716,-0.0435284,0.211067,0.049199,0.203502,-0.00968183,0.749071,1.15098,-0.289221,-0.410956,0.0262604,0.0548523,-0.57624,0.187289,0.154225,0.0132131],[0.0480882,0.039303,0.0835042,0.0196709,0.0644264,0.0763448,-0.0539776,-0.00615095,7.95825e-05,-0.0186111,0.275546,-0.000188536,1.44578,0.582635,-0.000126901,-0.0250495,0.404128,0.142294,-0.0135698,0.00137642],[0.00510084,0.00152025,0.00258777,-0.00314992,0.0207963,0.013344,0.00456636,0.00451574,0.00362227,-0.000621212,0.0047298,0.00383521,-0.00390041,0.952947,-1.34783e-05,0.00206986,-0.0257386,-0.00910574,-0.0034653,0.000781353],[0.0636101,-0.138251,-0.751008,-0.0771589,0.535164,0.208149,-0.033459,-0.342955,-0.0483586,-0.0154906,0.125195,-0.0480622,0.477363,-2.9968,1.08141,0.0229942,0.82707,1.01571,-0.623249,0.123391],[-0.234475,-0.312583,-0.161691,-0.0126,-2.20148,-1.63486,0.218446,0.242902,-0.0165986,0.0625181,-1.7012,-0.0136876,-0.530993,-4.2607,-0.0636227,0.99401,-3.27763,-0.478255,-0.319454,-0.122795],[-0.000250738,0.00405144,0.0129224,0.0139803,0.0514897,0.0294425,-0.00718205,0.00569116,-0.00393682,0.00804249,-0.0701851,-0.0029637,-0.00381009,-0.024196,0.00754164,0.00557719,1.04799,0.0377787,0.0110741,0.00415824],[0.0450317,0.0811859,0.140161,0.042765,0.10945,0.197818,0.0138582,0.0239607,0.0246317,-0.00339849,0.223306,0.0239238,-0.016661,1.03681,0.011013,-0.00693901,0.299415,0.589428,0.0560495,0.0107459],[0.0967873,0.024222,0.146199,0.0875366,-0.0110114,0.152374,0.104192,0.0853764,0.0547381,0.0309812,0.213229,0.0703309,-0.233995,1.62986,0.0168714,-0.00328312,0.247394,-0.197946,0.531905,0.0185473],[0.135275,0.0299403,0.550908,0.183079,0.520754,0.949334,0.0052841,-0.0219897,0.406587,0.0171368,-2.24326,0.419064,-0.230158,1.74487,-0.112936,-0.147482,2.53931,-0.515202,0.0745727,1.14137],[0.204271,0.122711,0.153321,0.032971,0.15717,0.319329,-0.0861615,-0.0616678,-0.036412,-0.0418053,-0.305505,-0.0234856,0.134905,-1.77812,-0.0647795,-0.0310592,-0.333325,0.0330707,-0.141768,-0.0255757],[0.0190169,0.0504786,-0.0952386,-0.12789,0.225606,-0.0606974,0.0386196,0.081557,0.0306901,0.0735784,-0.0588297,0.0225882,-0.00264198,0.193178,0.0550312,0.0183737,0.195333,0.0661289,0.150592,0.00531134],[-0.00496809,0.000745259,0.0579089,-0.0166072,-0.00544586,-0.112427,0.0136113,0.00274419,-0.00475503,0.0199706,0.043433,-0.00802289,-0.0586757,-0.236484,-0.0110962,-0.000862731,-0.27598,-0.0776677,-0.0429623,-0.00304668],[0.0801432,0.0576521,-0.0656472,-0.15072,0.593312,-0.188004,0.0283656,-0.0248646,0.00746373,0.0221724,-0.0452934,0.0144281,-0.0230374,-0.11521,0.023792,0.0101674,0.254211,0.0267006,-0.126168,-0.0117786],[0.00175069,0.0224426,-0.0580283,0.00351032,0.171116,-0.0278708,0.0176137,-0.00489147,0.00565308,0.0130396,0.0736511,0.00756093,-0.0375106,0.528559,0.0125731,0.00516491,0.315183,0.108903,0.0575114,0.00747662],[-0.0208233,-0.00990807,-0.0388205,-0.000430549,-0.0811264,0.159125,-0.00258321,0.0228855,-0.00632606,0.00431436,-0.0401472,-0.00493585,-0.00383836,-0.372677,-0.000348067,-0.00421048,0.0104542,-0.0711638,-0.0333971,-0.00295406],[0.00426472,0.020518,0.0657817,-0.030073,0.0431934,0.430764,-0.0571448,-0.000473481,0.00789103,0.0185939,0.0899737,0.00726861,0.0212122,0.393006,0.0116415,-0.0397942,0.952422,0.0650315,-0.0537031,0.0206873],[0.00779593,0.100604,-0.055479,-0.0325887,0.236476,0.236438,-0.0693521,-0.129854,-0.0557505,-0.053462,0.843325,-0.0553851,0.0943679,0.451693,0.0276212,0.0140211,0.320471,-0.139654,0.263077,0.0239564],[-0.0200206,-0.0554952,0.269036,0.0460274,-0.246025,-0.0816256,-0.0871085,0.0224842,-0.11171,0.0072381,-0.303004,-0.092301,0.115464,1.61279,-0.0144983,-0.0598532,0.847705,-0.185809,-0.0221119,-0.00438718],[-0.0765284,0.0343762,0.131725,-0.118517,-0.70607,0.338485,-0.095461,0.176057,-0.00997238,-0.151471,-0.34273,-0.0246228,0.319947,-4.77402,-0.0411227,0.0142486,-1.50202,-0.632541,-0.132377,-0.100172],[0.0212945,0.0141573,-0.0159742,0.00440303,0.0929927,0.0517674,0.00834221,0.00134496,0.0107629,0.0135514,-0.0703685,0.0101102,-0.020874,0.157472,0.0021857,-0.00279951,0.118188,-0.0549886,0.00906367,0.00128968],[0.031992,-0.0123981,0.251813,0.0640097,-0.0238578,-0.0251083,-0.169827,-0.0724741,-0.198441,0.00414067,-0.734343,-0.156328,0.182852,0.671762,-0.0311894,-0.0554728,0.646479,0.0315993,-0.157782,-0.000572613],[-0.0163029,-0.0203779,-0.0129862,0.00113716,0.0253145,-0.0347029,0.0249193,-0.00902529,-0.0086046,0.0146896,-0.209917,-0.00840402,-0.245741,-0.0509929,-0.00303198,0.0159598,-0.245227,-0.049872,0.00963893,0.00172766],[-0.00279188,-0.00045581,-0.00417943,-7.70776e-05,-0.0123699,-0.00214932,-0.00431469,-0.00298744,-0.00263529,-0.00131807,-0.0087791,-0.00265451,0.00485989,0.0361798,0.000206757,-0.000212398,0.00126135,0.0253433,0.00414809,-0.00160991],[0.0480384,0.280969,0.439837,-0.0537498,0.133335,0.54696,0.0244179,0.167586,0.113731,0.0468689,-1.07743,0.130477,-0.176918,0.0830091,-0.103567,-0.0327589,-0.859973,-0.456953,0.349615,-0.0967157],[0.180082,0.105727,0.432619,0.0956438,1.62109,1.28603,-0.0353921,-0.116132,0.0458713,0.033033,0.933618,0.0638916,0.264296,4.0199,0.0485873,0.0118235,2.75538,0.943888,0.236285,0.114761],[5.50838e-05,0.00116285,-0.017558,-0.00886394,-0.0392464,-0.0339957,-0.000845835,-0.00722143,0.00299665,-0.00835909,-0.0117916,0.00135253,0.00515691,-0.103763,-0.0107789,-0.0024972,-0.0897427,-0.0468439,-0.0106695,-0.00588417],[-0.0108241,-0.0210549,-0.00661501,-0.0137568,-0.123152,-0.0775507,-0.00446985,-0.00394364,-0.00660155,0.00468702,-0.140156,-0.00568962,0.00146738,-0.57626,-0.0119096,-0.00226311,-0.181709,-0.0304557,-0.00375591,-0.00617269],[-0.0761343,-0.0674553,0.125869,-0.0435628,0.0673778,0.173276,-0.0769512,-0.107123,-0.00737004,0.0310994,-0.343207,-0.0122965,0.0591686,-0.927896,0.0177361,0.0333535,-0.439589,-0.070517,0.0474364,0.0209221],[-0.0819101,-0.0921714,-0.735708,-0.0147034,-0.605323,-1.43158,0.0119562,0.11371,-0.243038,-0.0336448,1.3173,-0.249242,-0.0395771,-0.323462,0.042561,0.115663,-1.26798,0.900731,-0.135598,-0.124287],[0.00357597,-0.0566913,-0.232913,0.0288794,-0.301401,-0.151211,-0.0625093,0.0733041,-0.0272218,0.011846,-0.0463291,-0.0318904,0.0168302,-0.820216,-0.0110609,-0.00851398,-0.0470925,-0.2216,-0.0367816,-0.0104128],[-0.0795446,-0.0656456,-0.249637,0.031636,-0.201853,-0.34854,0.019036,0.0157071,-0.00673962,0.00160214,0.270817,-0.00695977,0.0135022,0.112576,0.0107807,0.000210879,-0.060862,0.00757182,0.0106771,-0.0103522],[0.000937187,-0.0106984,0.0348593,-0.0298328,0.0232515,0.0197197,-0.00259015,0.023066,0.000386458,-0.00233516,-0.0162169,0.00101733,-0.0482228,0.280133,-0.00860997,-0.0160084,0.196089,0.0414479,0.0202917,0.00616474],[-0.063442,0.016179,-0.0710586,-0.0591881,-0.275614,-0.0880642,-0.0687774,0.0236536,0.0177384,-0.0390441,0.245199,0.0171673,0.0193285,-1.49232,0.00501723,0.0156211,0.0348093,0.105386,-0.0115581,-0.00102844],[0.0171696,0.00372432,0.0368286,0.0193762,0.183856,0.0476574,0.0108959,-0.014257,0.000635496,-0.00143669,0.1053,0.00200558,-0.024364,0.404604,0.00511247,-0.00825728,0.123723,0.0846969,-0.00295373,0.006924],[0.002392,-0.0136027,-0.0473389,0.0150833,-0.0571106,0.0332428,0.00258823,0.0128522,0.000242224,-0.00696362,-0.0165551,-0.00049479,-0.0328715,0.228208,-0.0076473,-0.0115315,0.0651034,-0.0313034,-0.00506669,-0.00619213],[-0.00969437,0.0579235,-0.170781,-0.0354483,-0.00444776,-0.00689028,0.0296,-0.0341704,-0.0345713,0.0452075,-0.0523092,-0.0351744,-0.111005,0.741766,0.0226215,0.0425727,-0.105522,0.00708661,0.112483,0.000762839],[-0.0100122,-0.0615683,-0.0453507,0.0204063,-0.14784,-0.184428,0.0288344,0.235023,0.0198016,0.0109891,-0.222788,0.0240621,-0.0135197,0.20511,0.000883391,-0.00425218,0.139201,0.116942,0.171732,0.0074538],[0.00505828,0.0334397,-0.114416,-0.0598085,-0.165498,0.0893788,-0.0356956,0.00552512,0.00643262,-0.00106704,0.0849998,0.00678937,0.0868993,-0.258416,0.000421417,0.0139486,-0.343088,-0.136779,0.028886,-0.0209746],[0.000153382,-0.128973,-0.344526,-0.0265038,-0.444643,-0.420735,0.0745886,0.0444499,-0.0783201,0.118759,0.0251587,-0.0847853,-0.07984,2.10811,0.091655,0.0475723,0.67746,0.28728,0.202692,-0.00562861],[0.00233662,0.000670167,0.00911038,0.0120972,-0.00358879,-0.0253185,0.00646848,0.00856585,0.00532854,-0.00356839,0.0384122,0.00609051,-0.0125615,0.104156,0.00133791,0.000130515,-1.75757e-05,0.0167117,-0.00364346,0.00111693],[0.0100398,0.0239484,-0.0454723,-0.0154108,-0.18039,0.0234061,-0.0547713,0.0132503,-0.0217857,0.00843991,0.0723491,-0.0144832,0.1119,-0.455971,0.00501336,0.00688731,-0.210006,-0.272837,-0.0186441,-0.0191781],[-0.0317607,-0.01889,-0.0716993,-0.0208818,-0.0905582,-0.0433817,0.0296036,0.0153124,0.00870228,0.00415668,-0.0657823,0.00879297,-0.202228,-0.516374,0.00333283,0.00925024,-0.158773,-0.0906592,0.00505741,-0.00309468],[-0.00229554,-0.000976876,0.000439006,0.0024352,-0.00896198,-0.0112595,-0.000513231,-0.00196925,-0.0014884,0.00163571,0.00190243,-0.00172538,-0.00276665,-0.013976,-0.000220101,-0.00161238,0.02075,-0.0164936,-0.0011695,0.000645193],[-0.0141993,0.00247137,0.335025,0.122691,-0.46771,-0.465175,-0.053502,0.156858,-0.0542478,-0.051782,1.07227,-0.0687569,-0.220758,2.65561,-0.0104578,-0.0234839,0.232535,-0.494357,0.213238,-0.000469584],[0.0512659,0.187287,-0.32637,-0.0586543,0.479403,0.259621,-0.138886,-0.112003,-0.0328,-0.0979321,0.890429,-0.056318,0.237756,0.422147,0.0135304,-0.0360446,0.637229,-0.272926,0.0690549,0.0036802],[-0.000275413,-0.00526921,0.00349153,-0.00571454,-0.0132637,0.00341252,0.00816844,0.00176831,0.0012168,0.000533208,0.079784,0.00191159,-0.00286371,0.129242,0.00330231,-0.00273933,0.0374744,0.00713432,0.000558868,0.00167084],[0.0261936,0.0396011,0.0429114,-0.0042135,0.109775,0.104906,-0.00555839,-0.0226382,-6.45101e-05,0.00819296,-0.077205,-4.50474e-05,-0.00888303,-0.341377,-0.00120479,0.00412257,-0.193986,-0.0857691,-0.0121099,-0.00088727],[0.0116981,0.0095676,0.138114,-0.00126341,0.0569641,-0.0323299,-0.0214701,-0.0496286,-0.02701,-0.0123711,-0.207289,-0.0312134,0.0180405,-0.41549,-0.00567868,0.0118499,-0.274798,-0.0667424,0.0129032,0.00387897],[-0.0574021,0.00369736,0.372762,-0.15739,-0.251175,-0.0584828,-0.000649497,-0.133713,-0.121564,-0.0129863,0.412408,-0.127169,0.225458,-2.6073,0.0472687,0.0550823,-1.35526,-0.466547,-0.100724,-0.0744123]],"sigmahat":[[0.192781,0.118608,0.275472,0.028295,0.552815,0.524307,-0.0325548,-0.0420172,0.00663066,0.00947545,-0.16873,0.0144812,0.0571998,-0.523046,-0.0110431,-0.00431482,0.11167,-0.0984588,-0.0733612,0.0186081],[0.118608,0.32623,-0.00884895,-0.0472763,0.377817,0.523186,-0.0867484,-0.0545929,-0.0120182,-0.0302989,0.110005,-0.0129645,0.115744,-0.833268,-0.00386459,0.000465285,-0.071183,-0.234998,-0.024172,0.00645444],[0.275472,-0.00884895,3.33182,0.1257,0.861335,1.686,-0.157474,-0.250412,-0.000476813,0.00487963,-1.55604,0.00653242,0.320378,-2.9106,-0.0193674,0.0593925,-0.582366,-0.476095,-0.239732,0.0542408],[0.028295,-0.0472763,0.1257,0.425338,-0.153638,-0.186586,0.0346187,-0.0166033,-0.0232497,0.0181827,-0.0920484,-0.0249808,-0.0782349,0.669463,-0.0489576,-0.027487,-0.10939,-0.108673,-0.00054003,-0.00449123],[0.552815,0.377817,0.861335,-0.153638,5.72965,2.90857,0.0851449,-0.242612,0.0925435,0.151712,-1.06215,0.139546,0.0313494,2.90254,0.0650756,0.0299408,1.11452,0.330915,0.122555,0.136062],[0.524307,0.523186,1.686,-0.186586,2.90857,7.29458,0.0180166,-0.0359972,0.070851,-0.000620666,-0.253902,0.109751,0.12702,1.50643,0.0338715,-0.0241602,0.946587,0.893869,0.193724,0.115625],[-0.0325548,-0.0867484,-0.157474,0.0346187,0.0851449,0.0180166,0.282691,0.0757102,0.081887,0.0536212,-0.0213253,0.0880342,-0.353326,2.79632,0.0141383,-0.00543288,0.0350645,0.321765,0.185304,-0.00154691],[-0.0420172,-0.0545929,-0.250412,-0.0166033,-0.242612,-0.0359972,0.0757102,0.476086,0.0427656,-0.0158231,-0.0270706,0.0434546,-0.119645,-0.117905,-0.0304411,-0.0566889,0.00742694,0.000301674,0.138666,-0.00564434],[0.00663066,-0.0120182,-0.000476813,-0.0232497,0.0925435,0.070851,0.081887,0.0427656,0.0941278,0.00959407,-0.0582159,0.0962966,-0.0870694,0.590206,0.00132214,-0.00499867,0.0586198,0.0225091,0.0143927,0.00936248],[0.00947545,-0.0302989,0.00487963,0.0181827,0.151712,-0.000620666,0.0536212,-0.0158231,0.00959407,0.132064,-0.562574,0.0147473,-0.12485,0.498661,0.0308215,0.0315987,-0.233528,-0.120457,0.0845139,0.01052],[-0.16873,0.110005,-1.55604,-0.0920484,-1.06215,-0.253902,-0.0213253,-0.0270706,-0.0582159,-0.562574,12.4881,-0.113117,0.468254,18.039,0.300213,-0.143092,7.42623,2.66552,0.790971,0.151157],[0.0144812,-0.0129645,0.00653242,-0.0249808,0.139546,0.109751,0.0880342,0.0434546,0.0962966,0.0147473,-0.113117,0.109109,-0.0902267,0.680959,0.0033576,-0.00393663,0.0790448,0.0742655,0.0156151,0.0129005],[0.0571998,0.115744,0.320378,-0.0782349,0.0313494,0.12702,-0.353326,-0.119645,-0.0870694,-0.12485,0.468254,-0.0902267,1.0259,-4.03845,0.00140863,-0.00465699,0.388759,-0.208675,-0.257799,0.0066439],[-0.523046,-0.833268,-2.9106,0.669463,2.90254,1.50643,2.79632,-0.117905,0.590206,0.498661,18.039,0.680959,-4.03845,153.697,1.49843,-0.210448,30.7491,14.8458,8.10069,0.677765],[-0.0110431,-0.00386459,-0.0193674,-0.0489576,0.0650756,0.0338715,0.0141383,-0.0304411,0.00132214,0.0308215,0.300213,0.0033576,0.00140863,1.49843,0.0699706,0.037831,0.35049,0.204245,0.106331,0.0172705],[-0.00431482,0.000465285,0.0593925,-0.027487,0.0299408,-0.0241602,-0.00543288,-0.0566889,-0.00499867,0.0315987,-0.143092,-0.00393663,-0.00465699,-0.210448,0.037831,0.0748037,-0.525524,-0.0534372,0.0340417,-0.000119258],[0.11167,-0.071183,-0.582366,-0.10939,1.11452,0.946587,0.0350645,0.00742694,0.0586198,-0.233528,7.42623,0.0790448,0.388759,30.7491,0.35049,-0.525524,19.6924,5.20325,1.51883,0.349078],[-0.0984588,-0.234998,-0.476095,-0.108673,0.330915,0.893869,0.321765,0.000301674,0.0225091,-0.120457,2.66552,0.0742655,-0.208675,14.8458,0.204245,-0.0534372,5.20325,7.42068,0.853252,0.108179],[-0.0733612,-0.024172,-0.239732,-0.00054003,0.122555,0.193724,0.185304,0.138666,0.0143927,0.0845139,0.790971,0.0156151,-0.257799,8.10069,0.106331,0.0340417,1.51883,0.853252,1.36693,0.0202715],[0.0186081,0.00645444,0.0542408,-0.00449123,0.136062,0.115625,-0.00154691,-0.00564434,0.00936248,0.01052,0.151157,0.0129005,0.0066439,0.677765,0.0172705,-0.000119258,0.349078,0.108179,0.0202715,0.0296212]],"n":20,"lags":3}