{"betahat":[[2.41066,1.15795,8.04882,3.59858,10.1903,13.6717,2.26822,1.03472,0.403216,0.0375314,-5.09269,0.596292,9.45007,2.8024,-0.466943,-1.01897,18.0727,2.13664,0.594511,7.91348,-0.565602,0.340936],[0.756001,-0.0953372,0.0691345,-0.08755,0.195054,-0.183432,0.133453,-0.0355578,0.0614767,0.0409142,0.478118,0.0525089,-0.143164,3.13144,0.0947576,0.0557844,0.37261,0.109159,0.0525071,0.0841975,0.240085,0.0412137],[0.0322132,0.996408,0.331812,0.0792655,-0.0530627,0.412518,-0.0572934,-0.0926521,-0.0288036,-0.0713729,-0.140491,-0.0222659,0.00124469,-0.242086,-0.054091,-0.0068841,-0.278388,0.112318,-0.0221278,-0.12856,-0.109923,-0.00325031],[-0.00139998,0.0134921,0.863242,0.0301189,-0.00666391,0.11703,-0.0105822,-0.0187897,0.0112989,-0.0207998,0.0024287,0.0147972,0.100897,0.103923,0.0215372,0.0141472,0.162745,0.00718464,0.0147581,0.0663051,0.0519579,0.00174358],[-0.0237193,-0.0509442,0.0530359,1.15683,-0.257247,0.338967,0.0235995,0.000570343,-0.00941525,0.00870724,-0.112195,-0.0151583,0.0261491,1.84606,-0.0212752,-0.0265417,-0.153599,-0.0178539,-0.0149609,-0.131118,0.209215,0.0246075],[-0.0118344,-0.0198986,0.0315406,-0.021382,0.662206,0.00930352,-0.0278814,0.0173435,-0.00584461,-0.00867528,-0.199799,-0.008178,0.0618168,-0.900047,-0.0171728,0.00309057,-0.425726,0.00964946,-0.00856767,-0.182197,-0.0472114,-0.0131838],[0.0158695,0.0179355,0.0738297,-0.0116557,0.105056,0.76866,0.00310641,-0.0316754,0.00717883,0.0010801,0.0443821,0.00687267,0.0268096,0.134157,0.00580962,0.0153942,-0.0775382,0.000131627,0.00687853,0.11959,0.0343782,0.00616267],[-0.013614,-0.0696958,0.0479312,0.0212936,-0.0474629,-0.482278,0.995943,0.00457653,0.0326697,-0.0640203,-0.0218123,0.0384838,0.108945,-0.83648,-0.0243364,0.0134424,-0.850079,-0.0172517,0.0380462,-0.197694,0.00622528,-0.0175016],[-0.00191693,-0.00904907,0.129273,-0.0141223,-0.0443491,0.0378579,0.0071488,0.846622,0.02414,0.0352821,-0.499735,0.0185331,0.00398285,-0.649068,-0.0148035,-0.00669184,-0.233388,-0.0544043,0.018193,0.00291758,-0.349104,-0.0277118],[0.0108757,-0.00179299,-0.153632,0.0453768,0.240706,-0.00143878,0.0590593,-0.0443178,1.00248,0.0115968,0.34178,-0.0114098,-0.130657,-1.72392,0.0126683,0.0425638,-0.534721,0.0122213,-0.0140347,0.340553,-0.046438,0.00985746],[0.0285961,0.0976456,-0.0150437,0.0636558,1.07883,0.0975882,0.0312782,-0.165077,0.096985,0.930638,1.15351,0.115268,-0.179367,3.32735,-0.042751,-0.0723705,1.06052,0.168815,0.115454,0.418565,0.0306667,0.097532],[-0.0195173,-0.0122939,0.00885219,-0.0226974,-0.0785816,-0.0252357,-0.00795662,-0.00801682,-0.00808251,-0.0100346,0.957403,-0.00706583,0.0202632,-0.289503,-0.0045099,0.00285303,-0.100587,-0.000591909,-0.00717984,0.0540981,-0.00872891,-0.00183531],[-0.0497543,-0.031415,-0.10982,0.022338,-0.019215,-0.0602682,0.140505,0.0534799,0.108592,-0.0157096,0.723579,1.06517,-0.205599,-0.681522,0.0111402,0.0314663,-0.56537,0.050245,0.0650652,0.167553,0.0809665,-0.00261805],[0.0332401,0.0199472,0.0301784,0.00418161,-0.00637807,-0.0171178,-0.0460054,-0.0152566,-0.00355657,-0.0161812,0.190848,-0.00388885,1.37298,0.293598,0.00201198,-0.0152111,0.311637,0.0129184,-0.0040473,0.138016,-0.0281028,-0.00530968],[0.00524501,0.001758,0.00175572,-0.00509119,0.0213657,0.013597,0.0041457,0.00366271,0.00277529,-0.00102575,-0.00447295,0.00301217,-0.00723273,0.895846,-0.000215908,0.00209405,-0.028981,-0.0041229,0.00302942,-0.00433698,-0.00313552,0.000423763],[0.145816,0.0164765,-0.789794,-0.104368,0.981491,0.575983,-0.0958404,-0.335514,-0.0159125,0.000606214,-0.0426697,-0.00829697,0.604903,-2.77647,1.05814,0.0133254,0.923017,0.249989,-0.0100855,0.979846,-0.533114,0.160449],[-0.246001,-0.30723,-0.257361,-0.0150642,-2.22874,-1.49714,0.243394,0.272594,-0.0443945,0.0329176,-1.11716,-0.0476697,-0.38669,-3.7572,-0.0534282,0.936727,-2.97095,-0.0381065,-0.0486375,0.00915193,-0.183494,-0.121669],[-0.00176215,0.00326378,0.00877771,0.0166749,0.0454099,0.0340933,-0.00983456,0.00713796,-0.00681489,0.00460964,-0.00897274,-0.00685514,0.0079458,-0.0119293,0.00718188,0.00257944,1.06095,-0.0115209,-0.00675372,0.0529976,0.00797306,0.00499457],[0.10932,0.151597,0.411443,-0.0816414,0.605996,0.554432,-0.0214449,-0.106068,0.0346188,0.0774741,-0.95656,0.0473415,0.0618693,-1.2416,0.0143915,0.0415999,-0.840137,0.85943,0.0471659,-0.156585,0.0636149,0.0134825],[-0.0438378,-0.0255993,-0.15625,0.0281006,0.0808676,0.00499434,0.15179,0.0589949,0.121863,-0.0167514,0.576785,0.0791434,-0.218885,-0.42658,0.0101437,0.0267995,-0.411955,0.0675607,1.08155,0.256523,0.118638,0.00381628],[0.0432634,0.0854494,0.155908,0.032996,0.123589,0.206742,0.00554014,0.0152043,0.0228874,0.000741641,0.193495,0.0226472,-0.00408513,0.949768,0.0150221,0.00064105,0.207907,-0.034187,0.0228501,0.504192,0.06314,0.00940819],[0.116749,0.0187924,0.271201,0.123458,0.02786,0.189977,0.126715,0.0831788,0.058255,0.0657458,-0.0543149,0.076989,-0.291292,1.61121,0.0158117,0.00882126,-0.0645694,0.00813397,0.0765159,-0.226732,0.453688,0.0186963],[0.058967,-0.15108,0.777447,0.332997,-0.141607,0.0932425,0.0605235,-0.0150614,0.375742,0.0437261,-2.79208,0.384402,-0.279531,0.620123,-0.135281,-0.11985,1.96901,-0.0492227,0.387402,-0.715511,-0.0467952,1.03617],[0.198283,0.107569,0.106411,0.0333243,0.0290164,0.216771,-0.0845055,-0.0384727,-0.0331348,-0.0620858,-0.223823,-0.0218666,0.132422,-1.97588,-0.0724739,-0.040976,-0.227366,-0.0731244,-0.0215969,0.0389385,-0.178346,-0.0304422],[0.0222714,0.0450735,-0.123806,-0.115085,0.173676,-0.143283,0.0292389,0.0777672,0.0242792,0.0548186,0.0836363,0.0154412,0.00481146,0.183726,0.0485309,0.0077623,0.356516,-0.135642,0.0151794,0.0852991,0.108163,0.00724085],[-0.00486307,-0.00178502,0.0627142,-0.0160285,-0.00812249,-0.12245,0.013354,-0.000882428,-0.00690892,0.0185869,0.0546777,-0.0107235,-0.0527529,-0.253655,-0.0112042,-0.00042209,-0.275741,-0.00645859,-0.0107636,-0.0869741,-0.0514551,-0.00492954],[0.0842857,0.0599587,-0.0788876,-0.135573,0.588157,-0.20344,0.0279682,-0.0209964,-0.00136157,0.0203871,0.00352616,0.00423104,-0.00663962,-0.306183,0.0177626,0.00384623,0.22387,0.026406,0.00406929,-0.0134902,-0.142689,-0.0140118],[-0.00082454,0.0202979,-0.0583763,0.00189688,0.161542,-0.0456038,0.0152393,-0.0050944,0.0059296,0.0103637,0.0889043,0.00696941,-0.031201,0.466957,0.0119423,0.00469929,0.307354,0.00684516,0.00740352,0.0982199,0.046272,0.00722539],[-0.0214604,-0.00806797,-0.0440094,-0.00320028,-0.0718823,0.16185,-0.004474,0.0223402,-0.00677314,0.00353578,-0.0194894,-0.00563512,0.00195398,-0.379153,0.000385901,-0.00460621,0.0214288,-0.0151439,-0.00575062,-0.0856405,-0.0323693,-0.00161199],[0.0156834,0.0204356,0.106739,-0.021005,0.051114,0.458051,-0.0410347,0.022659,0.0195526,0.0176739,0.000791174,0.0175601,-0.00475872,0.226847,0.00625277,-0.0469061,0.96223,0.0730995,0.0182008,0.132398,-0.0881774,0.0192499],[0.0178186,0.0923864,-0.0283333,-0.0159219,0.243953,0.204462,-0.061172,-0.133241,-0.0507888,-0.0413298,0.751091,-0.0491691,0.0737854,0.36944,0.0264771,0.0168073,0.234088,0.00957993,-0.0485718,-0.137823,0.225826,0.0208124],[-0.0122058,-0.0334811,0.278873,0.0342512,-0.146958,-0.00574875,-0.061528,0.020628,-0.0719986,-0.00491139,-0.221692,-0.0608188,0.0661487,1.39215,-0.014631,-0.0516383,0.713231,-0.0454707,-0.0591676,-0.242704,-0.00391692,0.00152625],[-0.0843693,0.0175954,0.16039,-0.0978874,-0.714525,0.262768,-0.120008,0.172304,-0.0237476,-0.164789,-0.173793,-0.0397544,0.37479,-4.78782,-0.046535,0.00566932,-1.52342,-0.118553,-0.0404352,-0.736218,-0.19905,-0.0986335],[0.0198692,0.0124713,-0.0171903,0.00768393,0.0913735,0.0567627,0.00559512,0.000810936,0.0066315,0.013796,-0.0463932,0.00542372,-0.0158466,0.158263,0.00254798,-0.00285131,0.112947,0.00504117,0.00545853,-0.0529011,0.0128207,0.000776055],[0.0189667,-0.00571334,0.12777,0.0312694,0.0301978,-0.0709866,-0.12086,-0.0716627,-0.148857,0.0134061,-0.56877,-0.11763,0.120773,0.539457,-0.0184343,-0.0373193,0.51863,-0.0751352,-0.116768,0.011363,-0.112209,0.00210746],[-0.0120887,-0.0127035,0.0109973,0.011432,0.0532556,0.0108193,0.0189318,-0.00379088,-0.00939432,0.0131193,-0.126537,-0.00976761,-0.207247,0.132094,-0.00325659,0.0108067,-0.188803,-0.0179646,-0.00950267,-0.0541217,0.028096,0.00454007],[-0.00356704,-0.00122291,-0.00538125,-0.000459709,-0.0154795,-0.00746398,-0.00426456,-0.00330086,-0.0026697,-0.00149256,-0.00706471,-0.00281424,0.00394753,0.0346175,0.00014939,5.59976e-07,-0.00280343,0.0019095,-0.00284637,0.0234858,0.00223652,-0.00180813],[0.0702991,0.300034,0.409997,-0.0405617,0.0778201,0.596336,0.0026493,0.182295,0.10053,0.017024,-0.924066,0.114539,-0.176041,0.125192,-0.118174,-0.0638068,-0.388265,-0.283392,0.11661,-0.29564,0.244029,-0.0744241],[0.145371,0.0239213,0.297395,0.111855,1.38945,0.949711,0.0281888,-0.0833455,0.0725298,0.0370398,0.886663,0.0912076,0.0936824,4.29383,0.0393107,0.00152308,2.81602,-0.13288,0.0915863,0.957012,0.158972,0.104613],[0.00157289,0.00201682,-0.01178,-0.00990397,-0.0323766,-0.032656,0.00151409,-0.0080866,0.00386977,-0.00521766,-0.0487317,0.00297191,-0.00333742,-0.120003,-0.0105743,-0.000318488,-0.117158,0.0109612,0.00289182,-0.0548171,-0.00806682,-0.00632713],[-0.073304,-0.131831,-0.186048,0.0141798,-0.487525,-0.652807,-0.0356789,0.0332255,0.00395342,-0.110361,0.685639,-0.00938823,0.0265799,-0.0367326,-0.0331546,-0.0561296,0.840496,0.252687,-0.00877083,-0.103325,-0.323309,-0.0023782],[0.0291258,-0.00377991,0.186562,0.0130795,0.0301166,-0.0263679,-0.131907,-0.0786761,-0.147927,0.00998115,-0.532333,-0.114335,0.14453,0.52164,-0.0162094,-0.0339984,0.515221,-0.0846786,-0.116112,-0.0281228,-0.134538,0.00601982],[-0.00959524,-0.022464,0.0114222,-0.014529,-0.112892,-0.0776774,-0.00330797,-0.00543271,-0.00174681,0.00243969,-0.134048,-0.000499914,0.00649326,-0.564807,-0.0116238,-0.00332828,-0.164366,0.0499974,-0.00045754,-0.0514686,-0.0188933,-0.00509859],[-0.0638629,-0.0706079,0.18188,-0.0306939,0.0725052,0.166818,-0.0819329,-0.114708,-0.00819858,0.034719,-0.414726,-0.0131575,0.0559377,-1.03793,0.012976,0.0312804,-0.501034,0.0048624,-0.0131984,-0.171881,-0.051793,0.0234341],[-0.04827,-0.0350849,-0.776361,-0.074404,-0.350953,-1.34757,0.0265336,0.0950003,-0.182,-0.0292593,1.07364,-0.176412,-0.0251245,0.129011,0.0601413,0.128418,-0.969329,-0.0275429,-0.180719,0.89928,-0.127472,-0.0955484],[0.0456628,-0.0123089,-0.175845,0.0541887,-0.224361,-0.033739,-0.0489378,0.0740253,-0.0283394,0.0211761,-0.25407,-0.0306434,0.010503,-1.15441,-0.0222787,-0.0148168,-0.144963,-0.0360137,-0.030912,-0.123146,-0.0617472,-0.0107679],[-0.0545451,-0.0415985,-0.208356,0.0358123,-0.120884,-0.269679,0.0280886,0.0148882,0.00452778,0.0165793,0.05686,0.00683105,-0.00640354,0.0596186,0.00555941,-0.000889499,-0.0778555,0.0233362,0.00695123,0.0432539,0.00181436,-0.00398419],[0.00612436,-0.0118988,0.0730144,-0.0142045,0.0141059,0.00439901,-0.00262014,0.0196088,-0.00436846,0.00226549,-0.0568035,-0.00404702,-0.0489027,0.1525,-0.0103131,-0.013722,0.11302,-0.000696496,-0.00397166,0.0208396,-0.000612185,0.00318222],[-0.0606583,-0.00910354,0.0253806,-0.021431,-0.331215,-0.13609,-0.0515828,0.0203943,0.0107728,-0.0290689,0.108896,0.0109156,-0.01976,-1.53943,0.00353321,0.0227104,-0.0702326,-0.00853247,0.010877,0.14455,-0.066591,-0.0105969],[0.0125912,-0.000504841,0.0266241,0.0194962,0.17562,0.0356682,0.0126365,-0.0122747,-8.27559e-05,-0.00164928,0.111007,0.00120985,-0.0308815,0.434035,0.00524889,-0.00776885,0.118413,-0.0165001,0.00116564,0.0840782,0.000949254,0.00597091],[0.00545279,-0.0100732,-0.0306509,0.0148093,-0.0340641,0.0677593,0.00140048,0.00928836,-0.00039958,-0.004562,-0.0248054,-0.00123101,-0.0293231,0.246411,-0.00618456,-0.0107798,0.0564553,0.0150819,-0.00112052,-0.0338723,-0.00205437,-0.00453388],[-0.0039552,0.0479955,-0.164784,-0.00254997,-0.0102355,0.0157391,0.0438291,-0.0269716,-0.0523296,0.0464362,0.0236434,-0.0562608,-0.107438,0.605129,0.0181981,0.0331077,-0.10756,-0.054412,-0.0564752,0.0626688,0.0809924,-0.00167366],[-0.0211282,-0.0602306,-0.0596911,0.0199385,-0.157306,-0.153842,0.0240696,0.236481,0.0162089,0.0104004,-0.115846,0.018529,-0.00646524,0.488312,0.00661315,-0.00213065,0.187799,0.0288051,0.0182466,0.1005,0.205014,0.0123938],[-0.0153095,0.0152736,-0.0693662,-0.0469258,-0.18793,-0.0277836,-0.0343494,-0.00398607,0.0140835,0.00183616,0.0149014,0.0114732,0.0647679,-0.336057,0.00135583,0.0273889,-0.523617,0.0475189,0.0118982,-0.225965,0.0101979,-0.028145],[0.0134779,-0.102787,-0.32082,-0.0551946,-0.336457,-0.356856,0.0815306,0.0772243,-0.0561714,0.12117,0.0301249,-0.0624932,-0.0697055,2.4509,0.088129,0.0428231,0.488611,-0.126365,-0.0615323,0.333903,0.234149,0.00484811],[0.000929305,0.00141758,0.0138099,0.0164006,-0.00930876,-0.0259853,0.00164081,0.00682877,0.000724176,-0.00418048,0.0824669,0.000885563,-0.00235819,0.127302,0.00157662,-9.90712e-06,-0.0147351,-0.00528205,0.00097236,-7.62311e-05,-0.00416829,0.000980937],[0.00737505,0.0139736,0.0282068,-0.019024,-0.133543,0.0493584,-0.0500337,-0.00313763,-0.00346982,0.0096861,0.042402,0.000310577,0.0785758,-0.400937,0.0102759,0.0231289,-0.264605,0.0346732,-9.33635e-05,-0.30338,0.0010383,-0.014966],[-0.0211859,-0.00711338,-0.0443161,-0.0159922,-0.050038,0.00167874,0.0285689,0.0191541,0.013326,0.00400551,-0.0660234,0.0141168,-0.172556,-0.384328,0.00182668,0.00494774,-0.123502,0.00346614,0.0140088,-0.0795472,0.00344058,0.000880805],[-0.00218418,-0.000514372,-0.000856342,0.00279735,-0.00807065,-0.00778938,-0.000941684,-0.00132263,-0.00181514,0.00156102,0.00721903,-0.00210924,-0.00262048,-0.0136971,-0.000143833,-0.00128927,0.0165109,0.00213219,-0.00209076,-0.0220847,-0.00092053,0.000715737],[0.045393,0.0944596,0.40335,0.0758526,-0.229727,-0.096408,-0.0676386,0.118579,-0.0323659,-0.0385222,0.960617,-0.0404514,-0.207788,2.83448,-0.00587344,-0.024175,0.173491,-0.116525,-0.0404263,-0.528688,0.265806,0.0193832],[0.0632916,0.194275,-0.301746,-0.0644731,0.520892,0.195953,-0.130338,-0.127359,-0.0117447,-0.0722779,0.594709,-0.03185,0.174935,0.4736,0.0225006,-0.0228681,0.553296,0.116208,-0.0318428,-0.355656,0.0111211,0.0111432],[-0.000751279,-0.00568523,0.000453784,-0.00848376,-0.0143236,-0.00355556,0.00853609,0.00130705,0.00355683,0.00114775,0.0511023,0.00455233,-0.00879373,0.131402,0.0035091,-0.00131961,0.0432618,0.000128916,0.00455489,-0.00278938,0.0023515,0.00117368],[-0.0413285,-0.0243755,-0.236021,0.0596827,-0.143296,0.0316653,0.0596119,0.0943688,-0.0269412,0.0417839,0.213843,-0.0255874,-0.10811,1.27035,0.0164695,0.0174953,-0.146199,-0.133892,-0.0259511,0.184437,0.243806,-0.0128967],[-0.000314026,0.0139676,0.00511186,-0.0256737,-0.177407,-0.029579,-0.0402569,0.00153079,-0.0031323,0.013176,0.0382196,0.000917364,0.0711199,-0.513726,0.00755773,0.0185555,-0.298415,0.027953,0.000635909,-0.314476,-0.00491135,-0.0195332],[0.0227361,0.0351639,0.0294486,-0.00247415,0.0863154,0.0831211,-0.00335221,-0.017377,0.000937546,0.00538805,-0.0436628,0.000679747,-0.00970973,-0.241441,-0.0012294,0.00232886,-0.154514,0.0186104,0.000605728,-0.0805986,-0.00822982,-0.00130584],[0.0132908,0.00274909,0.188967,0.00608633,0.0615703,-0.0199693,-0.0177494,-0.0498574,-0.0217553,-0.00230476,-0.268537,-0.0249226,0.0103341,-0.343204,-0.00276401,0.0173135,-0.355895,0.011346,-0.0247805,-0.104864,-0.0168132,0.0077015],[-0.0562779,-0.017345,0.315839,-0.205226,-0.234851,-0.0347362,0.0463573,-0.104912,-0.065679,-0.0364603,0.318729,-0.0658102,0.147182,-1.9704,0.0507902,0.0564321,-1.09892,0.255771,-0.0653057,-0.324892,-0.0908228,-0.0617976]],"sigmahat":[[0.168523,0.0965815,0.227147,0.0219235,0.477059,0.440892,-0.0360613,-0.0354383,0.0033238,0.00511455,-0.0705226,0.00975798,0.0588785,-0.440622,-0.00724389,-0.00153433,0.129382,-0.0120468,0.00970796,-0.151459,-0.0571795,0.0150237],[0.0965815,0.285495,-0.0239942,-0.0411671,0.272546,0.403468,-0.0807003,-0.0443599,-0.0152598,-0.0321445,0.113925,-0.0168413,0.0972621,-0.901078,-0.00380953,0.00352072,-0.0873163,-0.0505116,-0.0170159,-0.285131,-0.0426743,-8.60717e-05],[0.227147,-0.0239942,2.97559,0.0789607,0.710074,1.52308,-0.14877,-0.203476,0.00590642,-0.0160982,-1.20325,0.0106905,0.275717,-2.447,-0.0166886,0.0473443,-0.362967,0.0410678,0.0113913,-0.477766,-0.141048,0.0514315],[0.0219235,-0.0411671,0.0789607,0.386458,-0.136456,-0.192181,0.0293188,-0.0185766,-0.0140599,0.0120578,-0.0973372,-0.0153592,-0.0815761,0.661849,-0.0460393,-0.0255261,-0.0609854,-0.0139567,-0.0152101,-0.12926,0.0271135,-0.00296071],[0.477059,0.272546,0.710074,-0.136456,5.17277,2.35249,0.0799075,-0.197122,0.0722299,0.127696,-0.829925,0.11193,-0.0150605,2.51001,0.0565603,0.0246536,1.12458,-0.109001,0.111829,0.235147,0.0423302,0.107087],[0.440892,0.403468,1.52308,-0.192181,2.35249,6.50666,0.0152928,-0.00421857,0.0706818,-0.0274007,-0.160961,0.103376,0.0594327,0.757265,0.0194577,-0.021301,0.90942,0.00927333,0.102983,0.6562,0.0505517,0.0788866],[-0.0360613,-0.0807003,-0.14877,0.0293188,0.0799075,0.0152928,0.253001,0.0570615,0.070206,0.0472307,0.04666,0.0752786,-0.30497,2.594,0.0139245,-0.00441122,0.0395177,-0.0335527,0.0754279,0.300171,0.161545,-0.00116421],[-0.0354383,-0.0443599,-0.203476,-0.0185766,-0.197122,-0.00421857,0.0570615,0.433357,0.0349179,-0.0143868,-0.0614647,0.0354015,-0.0882565,-0.351271,-0.0276892,-0.0501041,0.000514717,0.00344269,0.0355495,-0.0119612,0.117156,-0.00597599],[0.0033238,-0.0152598,0.00590642,-0.0140599,0.0722299,0.0706818,0.070206,0.0349179,0.0773184,0.00953084,-0.00242827,0.0785919,-0.0697619,0.491856,0.00149732,-0.00517591,0.0305269,0.0125388,0.078598,0.0256341,0.00278128,0.00683975],[0.00511455,-0.0321445,-0.0160982,0.0120578,0.127696,-0.0274007,0.0472307,-0.0143868,0.00953084,0.115868,-0.444985,0.013439,-0.103412,0.493501,0.0281709,0.0250021,-0.140081,0.00122449,0.0133072,-0.0999457,0.0785829,0.0109223],[-0.0705226,0.113925,-1.20325,-0.0973372,-0.829925,-0.160961,0.04666,-0.0614647,-0.00242827,-0.444985,10.3635,-0.035643,0.185497,16.1889,0.288461,-0.0853614,6.63337,-0.362779,-0.0358031,2.54341,0.646493,0.142832],[0.00975798,-0.0168413,0.0106905,-0.0153592,0.11193,0.103376,0.0752786,0.0354015,0.0785919,0.013439,-0.035643,0.0897089,-0.0706673,0.569598,0.00352763,-0.0044936,0.0522618,0.00995834,0.0868829,0.0737027,0.00227731,0.00987213],[0.0588785,0.0972621,0.275717,-0.0815761,-0.0150605,0.0594327,-0.30497,-0.0882565,-0.0697619,-0.103412,0.185497,-0.0706673,0.860972,-4.0899,0.001322,0.00631627,0.224512,0.0407206,-0.0707845,-0.201808,-0.267689,0.00227776],[-0.440622,-0.901078,-2.447,0.661849,2.51001,0.757265,2.594,-0.351271,0.491856,0.493501,16.1889,0.569598,-4.0899,143.441,1.39701,-0.166858,28.7918,-2.05435,0.569988,14.4525,7.06081,0.584782],[-0.00724389,-0.00380953,-0.0166886,-0.0460393,0.0565603,0.0194577,0.0139245,-0.0276892,0.00149732,0.0281709,0.288461,0.00352763,0.001322,1.39701,0.0661426,0.0349754,0.352004,-0.0365047,0.0033567,0.219922,0.0890635,0.0167026],[-0.00153433,0.00352072,0.0473443,-0.0255261,0.0246536,-0.021301,-0.00441122,-0.0501041,-0.00517591,0.0250021,-0.0853614,-0.0044936,0.00631627,-0.166858,0.0349754,0.0662969,-0.447952,-0.0231482,-0.00455723,-0.0171622,0.0316431,0.00195565],[0.129382,-0.0873163,-0.362967,-0.0609854,1.12458,0.90942,0.0395177,0.000514717,0.0305269,-0.140081,6.63337,0.0522618,0.224512,28.7918,0.352004,-0.447952,18.045,-0.122596,0.0507059,4.88422,1.33904,0.312618],[-0.0120468,-0.0505116,0.0410678,-0.0139567,-0.109001,0.00927333,-0.0335527,0.00344269,0.0125388,0.00122449,-0.362779,0.00995834,0.0407206,-2.05435,-0.0365047,-0.0231482,-0.122596,0.320889,0.009991,-0.467466,-0.220597,-0.00312499],[0.00970796,-0.0170159,0.0113913,-0.0152101,0.111829,0.102983,0.0754279,0.0355495,0.078598,0.0133072,-0.0358031,0.0868829,-0.0707845,0.569988,0.0033567,-0.00455723,0.0507059,0.009991,0.0897812,0.0726802,0.00204367,0.00986522],[-0.151459,-0.285131,-0.477766,-0.12926,0.235147,0.6562,0.300171,-0.0119612,0.0256341,-0.0999457,2.54341,0.0737027,-0.201808,14.4525,0.219922,-0.0171622,4.88422,-0.467466,0.0726802,7.3099,0.765213,0.0985323],[-0.0571795,-0.0426743,-0.141048,0.0271135,0.0423302,0.0505517,0.161545,0.117156,0.00278128,0.0785829,0.646493,0.00227731,-0.267689,7.06081,0.0890635,0.0316431,1.33904,-0.220597,0.00204367,0.765213,1.12871,0.0154433],[0.0150237,-8.60717e-05,0.0514315,-0.00296071,0.107087,0.0788866,-0.00116421,-0.00597599,0.00683975,0.0109223,0.142832,0.00987213,0.00227776,0.584782,0.0167026,0.00195565,0.312618,-0.00312499,0.00986522,0.0985323,0.0154433,0.0250493]],"n":22,"lags":3}