{"betahat":[[0.351802,0.0270257,-1.42135,0.758389,0.409167,-0.606432,1.04007,0.633432,-0.474093,0.261415,-0.302697,6.19226,-0.00594859,-0.370776,6.61957,3.58501,0.501431,-0.0635912],[0.810028,-0.0531633,0.0611597,-0.074563,0.119905,-0.314803,0.122958,-0.0396684,0.0570268,0.00711224,0.590225,3.02979,0.0754649,0.023509,0.771505,0.259166,0.192873,0.0327872],[0.0607513,1.00008,0.337196,0.0967252,-0.165361,0.311961,-0.0737698,-0.100322,-0.0146091,-0.103724,-0.0495564,0.383955,-0.0657591,-0.0326594,0.221759,0.193885,-0.193573,0.000694272],[0.00142983,0.00670282,0.903177,0.0514851,-0.0603572,0.021976,-0.0203017,-0.0294573,-0.0108611,-0.0129158,-0.0847273,-0.40176,0.0117089,0.0127349,0.0039078,-0.124285,-0.0141211,-0.0110694],[-0.0309142,-0.113871,0.125028,1.22403,-0.418155,0.150832,0.0275905,-0.0104694,-0.0404929,0.0218575,-0.237295,1.3487,-0.0328603,-0.0286104,-0.339597,-0.197242,0.0907588,0.00562335],[-0.0263353,-0.0375498,0.00683314,-0.0235942,0.61949,-0.0437448,-0.0250422,0.022888,-0.00627873,-0.0135066,-0.160192,-0.853365,-0.0159969,0.00459554,-0.415818,-0.132387,-0.0462822,-0.0145697],[0.014861,0.0216323,0.0747777,-0.0112011,0.127634,0.782492,-0.00261527,-0.0332899,-0.00110263,0.00774778,-0.00962267,-0.196746,0.00473209,0.0154313,-0.14601,0.00118452,0.0310435,0.00698162],[-0.0195531,-0.0525345,0.0571928,0.0475431,-0.0871204,-0.505153,1.12914,0.0236901,0.0984405,-0.0676075,-0.0117262,-1.71912,-0.0211727,0.0396812,-1.2838,-0.0997646,-0.0940635,-0.0174709],[-0.00364228,-0.0504097,0.145437,0.0181182,-0.0918297,-0.0253375,0.040071,0.877738,0.0451143,0.056254,-0.681096,-1.09067,-0.0256413,-0.000803267,-0.574651,-0.0441835,-0.430644,-0.0272751],[-0.035528,-0.0910366,-0.11951,-0.0082429,0.565067,0.143241,0.215707,-0.0145799,1.19626,0.00754829,0.410765,0.270499,0.0152027,0.0311193,-0.500039,0.101999,0.135261,0.0529561],[0.00686452,0.0796111,0.027206,0.114326,0.890492,-0.20752,0.0265963,-0.197363,0.0938326,0.970782,1.04556,2.67773,-0.039116,-0.0427362,0.884291,0.567114,-0.111063,0.0876387],[-0.0226066,-0.0138038,0.0172587,-0.0185639,-0.101184,-0.0344098,-0.0237424,-0.0160077,-0.0193198,-0.012772,1.06294,-0.22342,-0.00497048,0.001263,-0.111078,-0.00291755,-0.0194688,-0.00284362],[0.00524515,0.000597705,-0.000112909,-0.00455452,0.0272793,0.0104086,0.00453683,0.0047902,0.00296266,0.000125903,-0.0061532,0.96957,-0.000246916,0.00203162,-0.0326184,-0.0224379,-0.00416947,0.00117004],[0.145576,-0.106778,-0.509481,-0.0458179,0.689727,0.48766,-0.071068,-0.422346,-0.047966,-0.000142635,0.264928,-2.35038,1.07773,-0.00628764,0.870155,0.656689,-0.651332,0.1306],[-0.235334,-0.324309,-0.050843,-0.067401,-2.168,-1.53251,0.195319,0.227973,0.00426956,0.101267,-2.30981,-5.35927,-0.0674081,1.01682,-3.52797,-1.05876,-0.28057,-0.105927],[0.00497311,0.0129418,0.0182033,0.00876191,0.0583313,0.0338379,-0.0140101,-0.00525381,-0.00018323,0.00399554,-0.0372873,-0.0262123,0.00964761,0.00742799,1.07318,0.0506102,-0.00703031,0.00485016],[0.0747072,0.0892351,0.35147,0.0995086,0.265102,0.524785,0.0154446,0.0671067,0.018214,0.0378413,-0.141483,0.959973,0.00203562,-0.0189198,0.17661,0.531973,0.168553,0.0244123],[0.102143,0.0348384,0.192708,0.112518,0.0160574,0.252662,0.110983,0.107539,0.0620686,0.0247723,0.22562,1.85316,0.0235497,-0.00650424,0.39611,0.19181,0.577971,0.0222227],[-0.0218196,-0.155054,0.0809916,0.177859,0.151941,0.227112,0.133475,0.0723732,0.402816,0.0146119,-2.58003,0.206337,-0.156309,-0.182292,2.23654,-0.932126,0.0672474,1.11723],[0.19876,0.119107,0.185065,0.0708908,0.187778,0.402943,-0.0727334,-0.041149,-0.0335562,-0.031973,-0.426733,-2.14566,-0.0684708,-0.0302382,-0.546471,0.0525087,-0.187725,-0.0266428],[0.0309466,0.071921,-0.0649376,-0.123313,0.357436,0.0407654,0.0488138,0.0845501,0.0316932,0.0856512,-0.0877798,-0.0916653,0.058006,0.0217356,0.0443672,-0.0278371,0.165051,0.00959385],[0.00777359,0.0130731,0.113737,-0.0109734,0.0649893,0.000970281,0.0104346,0.00429705,0.00335238,0.0166229,0.0834179,0.115166,-0.00442025,-0.00143636,-0.168261,0.0837986,-0.013142,0.00484802],[0.0983277,0.0865402,0.000791654,-0.153285,0.694227,-0.0328517,0.0268533,-0.0137744,0.0163582,0.0215984,-0.0459143,0.221616,0.02818,0.005064,0.37143,0.153108,-0.0678181,-0.00417856],[0.00671307,0.0276562,-0.0456454,0.0085957,0.185632,-0.0160538,0.012357,-0.00541013,0.00403153,0.014854,0.0511453,0.452934,0.0113837,0.00302854,0.320033,0.0925917,0.0576801,0.00813594],[-0.0140694,-0.000617956,-0.0231609,-0.00301489,-0.0571017,0.191603,-0.00484461,0.0176709,-0.00153776,0.00189597,-0.00508931,-0.174098,0.00254525,-0.00283905,0.0463833,-0.0322827,-0.0359132,-0.000886615],[-0.00353891,-0.0189605,0.0852915,-0.0226972,-0.065152,0.382496,-0.112031,0.00635101,-0.0557687,0.0338572,-0.166366,-0.377812,0.000302223,-0.0549652,0.947352,0.00597076,-0.0665775,0.00674059],[0.00444237,0.101331,-0.109216,-0.0466338,0.240194,0.226524,-0.0729423,-0.128623,-0.0675069,-0.0640115,0.874409,0.564068,0.0272473,0.0107844,0.38538,-0.0470738,0.275673,0.0181895],[0.0512279,0.0979838,0.307923,0.0428903,-0.167359,-0.0405945,-0.17304,-0.0591609,-0.156582,-0.012644,-0.176796,-0.166403,-0.00114623,-0.0210142,0.706406,-0.102459,-0.204109,-0.0209476],[-0.133644,-0.0491405,0.0080221,-0.124908,-0.81115,0.205323,-0.0443487,0.22138,-0.0206585,-0.131361,-0.762419,-5.3306,-0.0539543,0.00673551,-1.78723,-0.622477,-0.0419029,-0.108801],[0.0204943,0.0121218,-0.0215094,0.00586987,0.103615,0.0610855,0.0127469,0.00280818,0.0141502,0.0153907,-0.078775,0.126527,0.00407574,-0.00254921,0.134677,-0.0111134,0.0137028,0.00145653],[-0.0010037,0.00173743,0.00506184,0.00196623,-0.0121282,0.00518516,-0.0063638,-0.00439768,-0.00203827,-0.00137177,-0.00494355,-0.0130067,0.000170474,-5.85503e-05,-0.00454092,0.0170375,6.05372e-05,-0.00191889],[0.0518781,0.342123,0.380548,-0.0607385,0.161424,0.489391,0.0341949,0.179549,0.144132,0.0271502,-1.01464,-0.451405,-0.0918153,-0.0162864,-0.722217,-0.371198,0.280272,-0.104301],[0.229461,0.174992,0.383928,0.124572,1.77339,1.352,-0.0360471,-0.13422,0.0180685,0.0332833,1.05887,4.13356,0.0365195,0.00580238,2.66995,1.06728,0.209218,0.108848],[-0.00515812,-0.00791842,-0.0232121,-0.00629054,-0.0500969,-0.0474399,0.00410228,-0.000835112,0.000935404,-0.00596827,-0.0379682,-0.138755,-0.0126329,-0.0036911,-0.111595,-0.06052,-0.00389789,-0.00673824],[0.036246,0.0699047,-0.0148902,-0.0640006,0.0508109,0.116673,-0.00756395,-0.0373033,0.0259878,-0.0161385,0.122556,0.247465,-0.00203125,0.0142479,-0.0876156,0.00647783,0.0276322,0.00170715],[-0.0922629,-0.0739832,0.0598288,-0.069559,0.0406193,0.158188,-0.0649318,-0.1087,0.00154918,0.0255087,-0.284536,-0.623359,0.020619,0.0410921,-0.43413,-0.0991395,0.0678472,0.0212379],[0.0685429,0.119694,-0.351752,0.0285737,-0.146958,-0.80019,-0.0864589,0.0442867,-0.234941,0.018557,1.44296,-0.448746,0.0762711,0.152653,-1.36222,0.733679,-0.13808,-0.0919583],[-0.00880252,-0.0659564,-0.246286,0.00365283,-0.307705,-0.0881693,-0.0502201,0.080821,-0.0234666,0.0248667,-0.163549,-0.884156,-0.00699265,0.00673374,-0.225049,-0.311707,-0.00514507,-0.00614405],[-0.0917162,-0.0720203,-0.272335,0.0265659,-0.192107,-0.352768,0.0249628,0.0157761,-0.0170785,0.0180794,0.137261,-0.292304,0.00775454,0.0109293,-0.266137,-0.166096,0.0285311,-0.0102873],[-0.00922911,-0.0198105,-0.0170606,-0.0405387,-0.00471027,-0.0230796,0.00990093,0.0251593,0.00751666,-0.00368468,0.00108895,0.286441,-0.00728893,-0.0112887,0.164165,0.0404084,0.0272403,0.00621913],[-0.067433,0.0273142,-0.125907,-0.0707826,-0.27609,-0.118012,-0.0544389,0.0242457,0.0241407,-0.0434492,0.283147,-1.57039,0.00468365,0.0235526,-0.0318588,0.04408,-0.0229403,-0.00144475],[0.0196033,0.00987446,0.0387554,0.0149802,0.194794,0.0597327,0.0126878,-0.0174707,0.00225265,-0.0013397,0.108988,0.400337,0.00461575,-0.00761493,0.0957186,0.0397596,-0.0113977,0.0064332],[-0.000818929,-0.0210457,-0.0517262,0.0141818,-0.0706114,0.0257472,0.00747373,0.0156172,0.00265392,-0.00962787,0.0145318,0.370682,-0.00727472,-0.0125805,0.0995356,0.0310093,0.00485608,-0.00609299],[0.022568,0.0711655,-0.144244,-0.0253988,0.151305,0.121316,-0.0171271,-0.0300551,-0.0425936,0.0338351,0.177773,2.09721,0.0209778,0.0153749,0.336641,0.0923946,0.160978,0.0107688],[-0.0052733,-0.0477046,-0.0405928,0.0239712,-0.142192,-0.188825,0.0266977,0.242546,0.0206655,0.00610509,-0.133119,0.629261,0.00236726,-0.00837838,0.238932,0.08767,0.176464,0.0103357],[-0.0224641,-0.0168747,-0.152198,-0.0147866,-0.440503,-0.127131,-0.0541452,0.0700657,-0.0557552,0.00412129,-0.139094,-0.18267,-0.0160986,-0.00844262,-0.286293,-0.00652686,0.0515327,-0.0377395],[0.114685,-0.0268103,-0.0600816,-0.00610353,-0.0838401,0.000242219,0.00504174,-0.0207737,-0.0756377,0.139044,-0.0358824,2.70798,0.0945849,0.032586,0.919818,0.0212334,0.171796,0.0209593],[0.00241894,0.00193936,0.00503259,0.0129361,-0.00182596,-0.0258651,0.0108655,0.0131344,0.00507313,-0.00268302,0.0148276,0.0965283,0.000816153,0.00122822,-0.0231744,0.0147221,0.00548763,0.00139242],[-0.004334,-0.00232707,-0.00589415,0.00201976,-0.0152073,-0.0151762,0.00220549,-0.000369671,-0.00101192,0.00122863,0.00670464,0.0280235,-9.40397e-06,-0.00176097,0.0332459,0.00354885,0.00405338,0.000700543],[-0.122213,-0.121513,0.188146,0.129678,-0.788437,-0.872338,-0.0196773,0.223551,-0.0916879,-0.0581048,1.01199,2.74675,-0.00869436,-0.0043793,0.0392056,-0.115229,0.287898,-0.0159526],[0.023747,0.161324,-0.326862,-0.0404785,0.358373,0.18686,-0.146764,-0.0955153,-0.0306331,-0.137544,1.35912,1.18381,0.0267582,-0.0424708,0.891252,0.0147665,0.0413154,-0.00464549],[-0.000245126,-0.00523645,0.0037795,-0.00303564,-0.00875556,0.0127806,0.0100517,0.00629605,-0.000552043,0.00206011,0.0737417,0.165287,0.00302224,-0.00352949,0.0366106,0.00867948,0.0115941,0.00186973],[0.0167025,0.0211199,0.0355978,0.003401,0.0683506,0.049107,0.0183613,-0.0233079,0.00957674,0.00315897,0.0553835,-0.39074,-0.000705794,0.0107993,-0.284111,0.0252945,-0.0464509,-0.00359951],[0.022426,0.0247377,0.166911,-0.00754388,0.0935954,0.0110893,-0.026883,-0.0618647,-0.0255162,-0.015891,-0.172534,-0.396233,-0.00240924,0.0168713,-0.309366,0.0347839,0.0315059,0.00520971],[-0.0517633,0.00266896,0.433489,-0.195697,-0.30404,0.121585,-0.0268925,-0.148752,-0.139311,-0.0542244,0.683843,-1.14457,0.0566149,0.0589722,-1.16119,-0.0165996,-0.0484532,-0.0749065]],"sigmahat":[[0.213715,0.142186,0.318631,0.0420665,0.581242,0.558072,-0.0423043,-0.0477286,0.0266199,-0.00815338,-0.0105498,-0.172482,-0.00354307,-0.00898544,0.262879,0.197637,-0.100568,0.0212283],[0.142186,0.364757,0.0470045,-0.0317495,0.433844,0.620985,-0.0933279,-0.0627362,0.0111711,-0.0497624,0.329818,-0.262778,0.0112593,-0.00250779,0.134183,0.167459,-0.036514,0.0128437],[0.318631,0.0470045,3.55398,0.127849,0.860383,1.61999,-0.208683,-0.333191,0.0925403,-0.0613825,-1.05173,-2.59913,0.00803214,0.0754783,-0.444171,0.294423,-0.428379,0.059172],[0.0420665,-0.0317495,0.127849,0.428576,-0.144566,-0.205882,0.026544,-0.0373557,-0.0114667,0.00137573,0.0704037,1.00395,-0.0470219,-0.0270605,0.0114225,0.0919562,-0.0299936,-0.00596436],[0.581242,0.433844,0.860383,-0.144566,5.87031,2.81712,0.0337277,-0.253526,0.107806,0.109233,-0.769245,2.59072,0.0750963,0.0230146,1.30413,0.754524,0.0267805,0.132222],[0.558072,0.620985,1.61999,-0.205882,2.81712,7.03612,-0.0488501,-0.0909761,0.103474,-0.0478955,0.165595,-0.13325,0.0465747,-0.0159841,0.836003,0.694069,-0.0641328,0.0989911],[-0.0423043,-0.0933279,-0.208683,0.026544,0.0337277,-0.0488501,0.298676,0.0817436,0.0545965,0.0757988,-0.285704,1.869,0.00365769,-0.00032406,-0.190535,-0.025477,0.193861,-0.00961143],[-0.0477286,-0.0627362,-0.333191,-0.0373557,-0.253526,-0.0909761,0.0817436,0.47761,0.0282771,-0.0098716,-0.0744821,-0.569873,-0.0367755,-0.0553089,-0.0581119,-0.168887,0.132341,-0.0118165],[0.0266199,0.0111711,0.0925403,-0.0114667,0.107806,0.103474,0.0545965,0.0282771,0.0922026,0.0145273,-0.183398,-0.238168,-0.000120498,0.000369937,-0.133201,-0.0309019,-0.045564,0.00764939],[-0.00815338,-0.0497624,-0.0613825,0.00137573,0.109233,-0.0478955,0.0757988,-0.0098716,0.0145273,0.130196,-0.512296,0.956425,0.0346758,0.0329135,-0.150813,-0.0318022,0.109639,0.0101618],[-0.0105498,0.329818,-1.05173,0.0704037,-0.769245,0.165595,-0.285704,-0.0744821,-0.183398,-0.512296,12.257,13.0061,0.265453,-0.160243,6.54975,1.54905,0.638529,0.153351],[-0.172482,-0.262778,-2.59913,1.00395,2.59072,-0.13325,1.869,-0.569873,-0.238168,0.956425,13.0061,120.367,1.1734,-0.172153,24.8225,5.97958,6.66786,0.476769],[-0.00354307,0.0112593,0.00803214,-0.0470219,0.0750963,0.0465747,0.00365769,-0.0367755,-0.000120498,0.0346758,0.265453,1.1734,0.0705743,0.0420427,0.265959,0.0907895,0.0875391,0.0181178],[-0.00898544,-0.00250779,0.0754783,-0.0270605,0.0230146,-0.0159841,-0.00032406,-0.0553089,0.000369937,0.0329135,-0.160243,-0.172153,0.0420427,0.0809388,-0.570768,-0.048297,0.0394365,0.0023507],[0.262879,0.134183,-0.444171,0.0114225,1.30413,0.836003,-0.190535,-0.0581119,-0.133201,-0.150813,6.54975,24.8225,0.265959,-0.570768,19.314,3.51012,1.2714,0.318016],[0.197637,0.167459,0.294423,0.0919562,0.754524,0.694069,-0.025477,-0.168887,-0.0309019,-0.0318022,1.54905,5.97958,0.0907895,-0.048297,3.51012,2.74238,-0.0233507,0.0964779],[-0.100568,-0.036514,-0.428379,-0.0299936,0.0267805,-0.0641328,0.193861,0.132341,-0.045564,0.109639,0.638529,6.66786,0.0875391,0.0394365,1.2714,-0.0233507,1.35687,0.000443153],[0.0212283,0.0128437,0.059172,-0.00596436,0.132222,0.0989911,-0.00961143,-0.0118165,0.00764939,0.0101618,0.153351,0.476769,0.0181178,0.0023507,0.318016,0.0964779,0.000443153,0.0294263]],"n":18,"lags":3}