{"betahat":[[1.87332,0.340731,3.32457,2.49205,3.90628,1.38449,0.617418,0.761217,-0.0871253,0.387115,-1.04793,16.9194,-0.117732,-0.749009,15.5624,10.2733,-1.57696,-0.0465557],[0.763813,-0.0923574,-0.0157289,-0.10171,0.0601584,-0.335266,0.107397,-0.0445206,0.0462898,0.0107648,0.601866,2.93848,0.0866242,0.0419631,0.633738,0.158497,0.231472,0.0298333],[0.0206155,0.955908,0.281951,0.0771125,-0.23979,0.203043,-0.0680019,-0.0962769,-0.0238656,-0.104899,0.0259027,0.388717,-0.0575306,-0.0274862,0.172289,0.161013,-0.177569,-0.00614535],[-0.00261781,0.00659422,0.860493,0.0337883,-0.0519901,0.0250699,-0.0225412,-0.0264123,-0.0094017,-0.014279,-0.0767653,-0.410129,0.0139903,0.0126481,0.0414019,-0.122352,0.00331492,-0.00819777],[-0.0440763,-0.102526,0.0343316,1.18211,-0.396479,0.174846,0.0223163,-0.00597239,-0.0386975,0.0146799,-0.13804,1.48035,-0.0273922,-0.0274917,-0.276249,-0.225673,0.146299,0.0114157],[-0.0244627,-0.0346266,0.00385295,-0.0201759,0.629466,-0.0433545,-0.0226702,0.0205681,-0.00542665,-0.0130946,-0.150407,-0.814785,-0.016423,0.00273806,-0.39067,-0.123011,-0.0472831,-0.0137103],[0.013589,0.0191891,0.0679912,-0.0112383,0.109233,0.752643,-0.00287152,-0.0326873,-0.00107822,0.00741793,-0.0324002,-0.280077,0.003246,0.0156688,-0.16727,-0.00145999,0.0218933,0.00451006],[-0.0198363,-0.034524,0.0415171,0.030461,-0.00912666,-0.429433,1.09969,0.0131571,0.104103,-0.0754984,0.123146,-1.31359,-0.0170719,0.0392457,-1.15854,-0.0794742,-0.0556867,-0.010824],[-0.00762374,-0.0353716,0.1016,0.00896143,-0.0790065,-0.0164196,0.0285823,0.868702,0.0365418,0.0475754,-0.52116,-0.916687,-0.018801,-0.00288232,-0.433537,-0.058599,-0.368723,-0.0281692],[-0.0410161,-0.107785,-0.0449052,0.0407547,0.533268,0.151037,0.194542,-0.0131488,1.14063,0.0156804,0.451945,-0.0691294,0.0142037,0.0278836,-0.654617,0.19968,0.0870126,0.0528431],[-0.0221657,0.0660109,-0.06214,0.0599791,0.810571,-0.225068,0.0353172,-0.188909,0.0912678,0.933639,1.31787,2.46352,-0.0353766,-0.0486959,0.898127,0.453695,-0.0270295,0.079762],[-0.0204183,-0.0131456,0.0152862,-0.0216378,-0.0964664,-0.0325975,-0.0187799,-0.0158944,-0.0153703,-0.0109585,0.994131,-0.286236,-0.00563615,0.00207749,-0.11332,-0.00347579,-0.0193465,-0.00254699],[0.00411,-0.000475998,-0.00539708,-0.00591926,0.0244048,0.00731189,0.00563148,0.00534391,0.00254985,-9.39421e-05,-0.00969179,0.927205,-0.000518208,0.00195827,-0.0392907,-0.0249615,-0.0031279,0.000609396],[0.188759,-0.0216538,-0.520371,-0.0568794,0.872952,0.49596,-0.159753,-0.397657,-0.0342217,-0.0212508,0.247204,-2.1564,1.06006,-0.00257399,1.13597,0.761488,-0.611672,0.14614],[-0.214136,-0.291828,-0.165947,-0.0367368,-2.13427,-1.41207,0.222819,0.218843,-0.033964,0.0848582,-1.67318,-4.7088,-0.0687449,0.955564,-3.25227,-0.977429,-0.207559,-0.10664],[0.00495263,0.0134766,0.014252,0.0102242,0.0585586,0.0405037,-0.0152685,-0.00364468,-0.00270028,0.0025578,0.00422785,0.00587588,0.00951645,0.00512335,1.07572,0.057352,-0.00678609,0.00559353],[0.0718107,0.0893609,0.381639,0.0967364,0.262246,0.549095,0.0226038,0.065581,0.0219717,0.0405554,-0.150797,1.01901,0.00660178,-0.00950072,0.103365,0.448757,0.185887,0.0241416],[0.112172,0.0236597,0.286124,0.139816,0.00486914,0.263651,0.114263,0.10038,0.0609542,0.0350472,0.127477,1.8777,0.0234124,-0.0021847,0.323594,0.251021,0.493482,0.0245115],[-0.0384399,-0.225669,0.282996,0.278517,-0.125707,-0.255445,0.155635,0.0528684,0.3829,0.0253864,-2.82035,-0.454595,-0.160768,-0.163572,2.00388,-0.86331,-0.0505255,1.05555],[0.199649,0.119168,0.170221,0.0648524,0.156177,0.342459,-0.0598109,-0.0297222,-0.0283881,-0.033395,-0.370496,-2.01091,-0.068239,-0.0338959,-0.472633,0.05857,-0.158485,-0.0267907],[0.039575,0.0866365,-0.0526733,-0.107127,0.362425,0.0552291,0.0442787,0.0763502,0.0338098,0.0839037,-0.078658,-0.0398027,0.0543753,0.0223063,0.054175,-0.0178824,0.159953,0.0114575],[0.00739143,0.0116417,0.119812,-0.0062947,0.0540127,0.00466805,0.0133645,0.00102618,0.00412413,0.0162985,0.0853823,0.139757,-0.00573246,-0.000872454,-0.193064,0.0699207,-0.0144711,0.00293836],[0.0988688,0.0829313,0.00855398,-0.138007,0.694949,-0.0439989,0.0263587,-0.0153896,0.0149935,0.0237529,-0.032737,0.272544,0.0269818,0.00393091,0.366366,0.169751,-0.0730264,-0.00430283],[0.00551219,0.0261544,-0.039488,0.0041457,0.178429,-0.0142533,0.0117079,-0.00297085,0.00323368,0.0136689,0.0521729,0.426635,0.0119565,0.00412377,0.296169,0.0858226,0.0540733,0.00767458],[-0.013613,0.000435929,-0.0237266,-0.00255837,-0.0444569,0.202505,-0.00442894,0.016995,-0.00108362,0.00193561,0.00754772,-0.117357,0.00285204,-0.00395806,0.0673217,-0.029686,-0.0307505,0.000374477],[-0.00799915,-0.0300029,0.0541081,-0.0191994,-0.105159,0.311861,-0.0919688,0.0192094,-0.0519823,0.0375539,-0.198731,-0.37371,-0.00212446,-0.0549173,0.932601,0.00593435,-0.0591086,0.00485918],[0.00910719,0.0943187,-0.0572545,-0.0301067,0.232826,0.227185,-0.0708343,-0.136272,-0.0653179,-0.0540445,0.785566,0.521269,0.0271477,0.0131812,0.358705,-0.0186287,0.25053,0.0182869],[0.0376292,0.0955734,0.243581,0.0221972,-0.165886,-0.0360991,-0.168763,-0.0489365,-0.146978,-0.0124761,-0.151334,-0.209001,-0.00436623,-0.0173182,0.621792,-0.207571,-0.16788,-0.0269464],[-0.108026,-0.0233978,0.0713115,-0.0951415,-0.747043,0.242722,-0.0702623,0.226903,-0.0304419,-0.142176,-0.581621,-5.08103,-0.0550834,0.00155234,-1.77022,-0.57805,-0.112561,-0.105085],[0.017832,0.00958125,-0.0234322,0.00672019,0.0969358,0.0547112,0.0122509,0.00380869,0.0117014,0.0143387,-0.0589388,0.130201,0.00352358,-0.0029334,0.124528,-0.013921,0.0162659,0.000510044],[-0.000808055,0.00213281,0.006126,0.00178453,-0.0114766,0.00696867,-0.00664173,-0.00486922,-0.00199865,-0.00131875,-0.00912106,-0.0137168,0.000104657,0.000154932,-0.00514265,0.0139446,-0.000212863,-0.00166727],[0.0613872,0.345787,0.294775,-0.0614411,0.181501,0.58001,0.034906,0.17068,0.133903,0.0259427,-0.864145,-0.19935,-0.0945563,-0.0351073,-0.594032,-0.147383,0.250737,-0.0877916],[0.197656,0.134746,0.333941,0.0983295,1.70528,1.27677,0.00835141,-0.109202,0.0405757,0.0538374,0.79809,3.59361,0.051906,0.0253148,2.50751,0.944569,0.202866,0.103678],[-0.00521989,-0.00802925,-0.0219409,-0.00712981,-0.0496995,-0.0498639,0.00465219,-0.000572075,0.00205511,-0.00486385,-0.051352,-0.143519,-0.0122086,-0.00282415,-0.109677,-0.0594181,-0.0042219,-0.00699974],[0.0450548,0.0792209,0.023388,-0.0576862,0.0738449,0.152475,-0.00447442,-0.0389645,0.0287995,-0.0137109,0.109446,0.2698,-0.00215662,0.0149841,-0.0998432,-0.0308219,0.0304592,0.00272871],[-0.0760434,-0.0688313,0.114822,-0.0488967,0.0497687,0.171523,-0.0579433,-0.106331,0.00907992,0.0328187,-0.333547,-0.542561,0.0177679,0.0385003,-0.482866,-0.0780659,0.0143333,0.0237907],[0.0586151,0.0855276,-0.322456,0.00894709,-0.235019,-0.77748,-0.0564215,0.0510627,-0.191494,0.0146822,1.0482,-0.546277,0.0688258,0.161934,-1.33972,0.59227,-0.0987641,-0.0856121],[0.0364782,-0.0268727,-0.154706,0.036817,-0.21651,-0.00735833,-0.0475281,0.0742522,-0.0178793,0.0226457,-0.23147,-0.927733,-0.0183881,-0.00806443,-0.161293,-0.217193,-0.0729986,-0.00304023],[-0.0602593,-0.0426269,-0.229551,0.0299828,-0.122883,-0.258532,0.0237855,0.0199572,-0.00992454,0.0210123,0.0525235,-0.349217,0.00314266,0.00517887,-0.226656,-0.14332,0.0176168,-0.00530902],[-0.00489985,-0.0183768,0.0189605,-0.0275776,-0.00249144,-0.0305017,0.00936535,0.025361,0.0053176,-0.00195698,-0.00891441,0.270422,-0.00826175,-0.0117608,0.150807,0.0521206,0.011045,0.0052506],[-0.054855,0.0195429,-0.0431308,-0.0442369,-0.29867,-0.131056,-0.0486302,0.0213697,0.023724,-0.0384193,0.170622,-1.75334,0.0004092,0.0235663,-0.0904112,0.0556598,-0.0732893,-0.00711627],[0.0188648,0.00837878,0.0355012,0.0159977,0.191636,0.0572552,0.0110253,-0.0175822,0.00222771,-0.000541686,0.0980932,0.387758,0.00447663,-0.00683214,0.0940741,0.0370863,-0.00680165,0.00604068],[-0.000103964,-0.0198009,-0.0447314,0.0137275,-0.0653096,0.0439811,0.00738774,0.0156971,0.00221094,-0.00929354,0.0243086,0.396929,-0.00610066,-0.0116868,0.0994517,0.030772,0.00874686,-0.0048689],[0.0261826,0.0635429,-0.102208,-0.0130612,0.110665,0.113143,-0.00800355,-0.0322362,-0.0520679,0.0381968,0.0744396,1.6843,0.0193421,0.0156255,0.226068,0.0689738,0.114721,0.00613951],[-0.007108,-0.0447088,-0.0302063,0.0175493,-0.120586,-0.141974,0.0242406,0.233785,0.0194106,0.00624624,-0.119923,0.65536,0.00475482,-0.00428128,0.240764,0.076055,0.194383,0.0132622],[-0.0425917,-0.0389848,-0.113423,-0.0200035,-0.502357,-0.194879,-0.0605115,0.0572148,-0.0518689,0.00636179,-0.098384,-0.0411525,-0.00713772,0.0115669,-0.358305,-0.0766229,0.0599874,-0.0424471],[0.100064,-0.0368421,-0.118245,-0.0203058,-0.0920387,-0.037063,0.0103857,0.00295117,-0.0691395,0.129512,0.0286884,2.82365,0.0880067,0.0272417,0.872649,0.00909282,0.167584,0.0221799],[0.00354141,0.00474956,0.0116243,0.0158691,0.00157921,-0.0197243,0.00582415,0.0117082,0.00313794,-0.00380381,0.060948,0.157589,0.00181131,0.000732988,-0.0105068,0.0193909,0.00310603,0.00198617],[-0.00394958,-0.00167262,-0.00418095,0.00214417,-0.0132122,-0.0120103,0.00173807,-0.000304033,-0.00144343,0.00115722,0.0104171,0.0374126,0.00024087,-0.00137601,0.0310083,0.00363223,0.00467727,0.00091269],[-0.0709697,-0.0461919,0.130053,0.107033,-0.664891,-0.618995,-0.0268488,0.22655,-0.0708981,-0.0608415,1.1229,2.80969,-0.0162523,-0.0296201,0.253498,-0.102036,0.276808,0.00161577],[0.0327948,0.163587,-0.223887,-0.0372184,0.304404,0.135122,-0.145503,-0.127653,-0.0145751,-0.127389,1.08593,1.05487,0.0227741,-0.0329295,0.782276,0.0267404,-0.0480873,-0.00120376],[-0.00106862,-0.00588801,0.00351215,-0.00491615,-0.0108045,0.00682426,0.0114967,0.00521127,0.00136794,0.00285402,0.0411466,0.137572,0.00275427,-0.0015828,0.022668,-0.00191601,0.0132815,0.00131606],[0.0211323,0.0298349,0.0514033,0.00162793,0.0877142,0.0905867,0.0226911,-0.0219809,0.0136566,0.00435757,0.0579874,-0.329383,0.000790862,0.0114354,-0.279014,-0.00670869,-0.0268503,-0.0022989],[0.02462,0.0210641,0.201889,0.000404327,0.109339,0.0533446,-0.0213933,-0.0613182,-0.0193034,-0.00995694,-0.20571,-0.269348,0.00079455,0.0195164,-0.322798,0.0455935,0.0102317,0.00841722],[-0.0324465,0.0185482,0.464586,-0.23227,-0.164642,0.135257,-0.00128371,-0.176951,-0.107705,-0.0461736,0.481968,-1.19512,0.0623187,0.0688653,-1.13239,-0.0901832,-0.0758069,-0.0665687]],"sigmahat":[[0.187217,0.117622,0.271266,0.0286007,0.530601,0.480715,-0.0441856,-0.0458363,0.0219478,-0.00862623,0.0149019,-0.201895,-2.89717e-06,-0.00437336,0.248261,0.175563,-0.0856688,0.0180886],[0.117622,0.338138,0.0186699,-0.0366235,0.364118,0.542145,-0.0876846,-0.0585958,0.00568077,-0.0476564,0.272445,-0.448618,0.0126151,0.0029843,0.0642968,0.153072,-0.0461456,0.00640499],[0.271266,0.0186699,3.29872,0.0663428,0.785086,1.44473,-0.216333,-0.319241,0.080002,-0.0749697,-0.950556,-2.61208,0.00767302,0.0687833,-0.320207,0.285435,-0.353785,0.0567127],[0.0286007,-0.0366235,0.0663428,0.41053,-0.153745,-0.228599,0.0286329,-0.0331212,-0.00490673,-0.00162667,0.0927002,0.973578,-0.0442622,-0.0240541,-0.000344443,0.0485253,-0.00120064,-0.00489459],[0.530601,0.364118,0.785086,-0.153745,5.71725,2.58983,0.0567938,-0.251599,0.0905676,0.116442,-0.794669,2.35561,0.0775728,0.0289928,1.21704,0.754492,-0.000979477,0.115478],[0.480715,0.542145,1.44473,-0.228599,2.58983,6.65501,-0.0378288,-0.0941783,0.0867948,-0.0539955,0.0327529,-0.867749,0.0398246,-0.00759039,0.702315,0.699404,-0.109029,0.0706806],[-0.0441856,-0.0876846,-0.216333,0.0286329,0.0567938,-0.0378288,0.291919,0.0793841,0.0487517,0.0735797,-0.183423,2.06334,0.00634516,-0.00222775,-0.133993,0.000937773,0.207776,-0.00852396],[-0.0458363,-0.0585958,-0.319241,-0.0331212,-0.251599,-0.0941783,0.0793841,0.475372,0.0291901,-0.00948051,-0.0911397,-0.577041,-0.0363677,-0.0549313,-0.0344531,-0.167927,0.125573,-0.0114913],[0.0219478,0.00568077,0.080002,-0.00490673,0.0905676,0.0867948,0.0487517,0.0291901,0.0847665,0.0117904,-0.131719,-0.268669,-0.00156126,-0.00212119,-0.136261,-0.0181246,-0.0476979,0.00588148],[-0.00862623,-0.0476564,-0.0749697,-0.00162667,0.116442,-0.0539955,0.0735797,-0.00948051,0.0117904,0.125511,-0.442136,1.0041,0.0355913,0.0309426,-0.122203,-0.0234966,0.117569,0.00987635],[0.0149019,0.272445,-0.950556,0.0927002,-0.794669,0.0327529,-0.183423,-0.0911397,-0.131719,-0.442136,10.9907,11.9582,0.253844,-0.123165,6.25664,1.54034,0.512494,0.145698],[-0.201895,-0.448618,-2.61208,0.973578,2.35561,-0.867749,2.06334,-0.577041,-0.268669,1.0041,11.9582,117.131,1.14962,-0.161619,24.1923,5.87084,6.49291,0.408372],[-2.89717e-06,0.0126151,0.00767302,-0.0442622,0.0775728,0.0398246,0.00634516,-0.0363677,-0.00156126,0.0355913,0.253844,1.14962,0.06876,0.0401564,0.275661,0.102438,0.0832046,0.0171508],[-0.00437336,0.0029843,0.0687833,-0.0240541,0.0289928,-0.00759039,-0.00222775,-0.0549313,-0.00212119,0.0309426,-0.123165,-0.161619,0.0401564,0.0755488,-0.540158,-0.0293282,0.03858,0.00293563],[0.248261,0.0642968,-0.320207,-0.000344443,1.21704,0.702315,-0.133993,-0.0344531,-0.136261,-0.122203,6.25664,24.1923,0.275661,-0.540158,18.9816,3.41288,1.15887,0.305912],[0.175563,0.153072,0.285435,0.0485253,0.754492,0.699404,0.000937773,-0.167927,-0.0181246,-0.0234966,1.54034,5.87084,0.102438,-0.0293282,3.41288,2.56564,0.0337211,0.092752],[-0.0856688,-0.0461456,-0.353785,-0.00120064,-0.000979477,-0.109029,0.207776,0.125573,-0.0476979,0.117569,0.512494,6.49291,0.0832046,0.03858,1.15887,0.0337211,1.26319,-0.00184765],[0.0180886,0.00640499,0.0567127,-0.00489459,0.115478,0.0706806,-0.00852396,-0.0114913,0.00588148,0.00987635,0.145698,0.408372,0.0171508,0.00293563,0.305912,0.092752,-0.00184765,0.0270178]],"n":18,"lags":3}