{"betahat":[[1.87762,0.248333,3.46456,2.45647,5.17181,1.01811,0.960871,0.745394,-0.0821964,0.389966,-1.26624,19.2289,-0.163219,-0.865334,16.4487,11.6115,-2.22868,-0.0665755],[0.751492,-0.0991383,-0.0790032,-0.110681,0.0624846,-0.380275,0.110226,-0.0379234,0.0503057,0.012827,0.67817,3.16954,0.092536,0.0414918,0.752791,0.203078,0.243351,0.0320067],[0.0108618,0.947692,0.258694,0.0736783,-0.271362,0.166986,-0.0759791,-0.0994732,-0.0276389,-0.105709,0.00386051,0.294143,-0.0573102,-0.0248227,0.162803,0.147631,-0.172727,-0.00639067],[-0.00785575,0.00624003,0.851893,0.0304647,-0.0619433,0.0109781,-0.0226919,-0.024523,-0.00838347,-0.0153398,-0.0730119,-0.417103,0.0139372,0.0123224,0.0509548,-0.135466,0.0118697,-0.00820278],[-0.0463588,-0.101732,0.0221107,1.17395,-0.406591,0.190389,0.0140786,-0.013212,-0.0357383,0.0139343,-0.154559,1.42622,-0.0275361,-0.0287066,-0.248105,-0.231785,0.167116,0.0130636],[-0.0224032,-0.0318008,0.00477155,-0.0208657,0.635339,-0.0265728,-0.0228926,0.0214271,-0.00541451,-0.0129168,-0.145284,-0.8032,-0.0158271,0.00286494,-0.382348,-0.116416,-0.0434396,-0.0131087],[0.0133158,0.0147787,0.0692582,-0.0119895,0.107569,0.741139,-0.00279953,-0.0330132,-0.00106716,0.00704387,-0.0421561,-0.310449,0.00247501,0.0154288,-0.165957,0.00163643,0.0195517,0.00380272],[-0.0340402,-0.0317473,-0.0121123,0.0259882,-0.0607124,-0.45937,1.0959,0.0285162,0.105197,-0.0790323,0.182019,-1.32452,-0.0167265,0.0371978,-1.1311,-0.116277,-0.0250034,-0.0114742],[-0.00563581,-0.0325899,0.0999762,-0.00140891,-0.0629129,-0.00203112,0.0233936,0.859346,0.0397626,0.0445213,-0.528269,-1.06907,-0.0205086,-0.00485359,-0.425205,-0.0515416,-0.387888,-0.0269536],[-0.0253966,-0.1071,0.00669981,0.0537555,0.500419,0.198389,0.188427,-0.0261324,1.1349,0.0134503,0.551907,-0.0206348,0.0143771,0.028572,-0.690958,0.221787,0.0732057,0.0526901],[-0.0202428,0.0741202,-0.121589,0.061359,0.815891,-0.318129,0.0360915,-0.186836,0.101693,0.931512,1.33036,2.34015,-0.0395956,-0.0496676,0.856467,0.457106,-0.0336584,0.0766921],[-0.0205581,-0.0135206,0.0166817,-0.0218461,-0.092867,-0.034674,-0.0172246,-0.0177763,-0.0140072,-0.0106853,0.982663,-0.286216,-0.00583272,0.00232979,-0.110536,-0.00413936,-0.0208867,-0.00285457],[0.00411368,-0.000603646,-0.00690558,-0.00555948,0.0212026,0.00447858,0.0052947,0.00545269,0.00235445,2.01936e-05,-0.014153,0.918091,-0.00078762,0.00176159,-0.0368179,-0.0257999,-0.00341315,0.000591357],[0.195804,0.00380555,-0.565613,-0.0862039,0.878129,0.617705,-0.164534,-0.405574,-0.0282072,-0.0102866,0.386087,-2.07579,1.06977,-0.0031174,1.27161,0.780711,-0.632469,0.159798],[-0.197901,-0.291002,-0.09708,-0.0176085,-2.10496,-1.39628,0.19686,0.224356,-0.0284498,0.0714532,-1.76217,-5.28491,-0.0851668,0.933534,-3.20577,-0.997115,-0.243792,-0.104017],[0.00515276,0.0128811,0.0133914,0.0118742,0.0564464,0.0358763,-0.015965,-0.00421697,-0.00321328,0.00200314,0.0141136,0.0358288,0.00928568,0.00450558,1.07642,0.0565745,-0.00399714,0.00534693],[0.0744556,0.0919293,0.401449,0.0966637,0.270956,0.569499,0.0245175,0.0620182,0.0235341,0.0388204,-0.162932,0.86472,0.0038052,-0.00874668,0.0411915,0.419752,0.176299,0.0232939],[0.110592,0.0195734,0.305261,0.143377,0.0299535,0.271465,0.119484,0.0998819,0.0593246,0.0371383,0.117819,1.97426,0.025512,0.00193819,0.282755,0.288587,0.461484,0.0236574],[-0.0387681,-0.252496,0.357787,0.292096,-0.174865,-0.329371,0.16509,0.0514092,0.367282,0.0294048,-2.9987,-0.518162,-0.165688,-0.150419,1.84356,-0.833866,-0.0507908,1.04565],[0.210307,0.127862,0.216358,0.0699967,0.173772,0.377759,-0.0661165,-0.0414684,-0.0316601,-0.0361951,-0.434705,-2.23978,-0.0735684,-0.0306422,-0.585713,0.0151157,-0.17641,-0.029384],[0.0455106,0.0928595,-0.0375641,-0.106109,0.371514,0.0734885,0.0464315,0.0815771,0.0312741,0.0842268,-0.0187444,-0.0170771,0.056355,0.0204747,0.0773081,-0.00609351,0.168272,0.0119403],[0.00844114,0.0103229,0.119133,-0.00436282,0.0513194,-0.00835296,0.0134125,0.00297262,0.00393213,0.0165635,0.0857637,0.134429,-0.00563376,-0.000622282,-0.209332,0.07548,-0.0223214,0.00265989],[0.102358,0.0889435,0.0101796,-0.132808,0.725988,-0.0237605,0.0285622,-0.00889866,0.010857,0.0213609,0.00287169,0.273288,0.0267672,0.00411476,0.340981,0.177992,-0.100928,-0.00560342],[0.00368448,0.0226976,-0.0409453,0.00712805,0.171735,-0.0243943,0.0120423,-0.00429745,0.00303208,0.0145759,0.0434295,0.41713,0.0113466,0.00411397,0.284623,0.0820319,0.0507698,0.00686192],[-0.0139877,0.0032128,-0.0267148,-0.00387903,-0.0477578,0.211543,-0.00434396,0.0171865,-0.00162832,0.00132394,0.0180295,-0.0951487,0.00332012,-0.00414501,0.0647276,-0.0351899,-0.0284432,0.000466795],[0.00239792,-0.0333293,0.0796997,-0.0236648,-0.0614312,0.327684,-0.0949606,0.00509149,-0.0554136,0.0405173,-0.242314,-0.41893,-0.000249921,-0.0528492,0.9097,0.0350216,-0.0839644,0.00558377],[0.00379598,0.0915269,-0.0550803,-0.0231948,0.220724,0.215009,-0.0652967,-0.127604,-0.0687032,-0.0535913,0.789323,0.605948,0.0285768,0.0150491,0.359028,-0.0200974,0.241974,0.0184696],[0.0286943,0.0918101,0.197663,0.0192336,-0.137836,-0.0769168,-0.166537,-0.0432067,-0.146777,-0.0113064,-0.158516,-0.131797,-0.00366087,-0.0200157,0.675974,-0.17903,-0.1705,-0.022532],[-0.115004,-0.0281706,0.106433,-0.101824,-0.73251,0.283732,-0.07746,0.237267,-0.0313737,-0.141618,-0.619638,-5.00192,-0.0526612,0.00111423,-1.73111,-0.570886,-0.0870544,-0.101745],[0.0187592,0.0102912,-0.0258256,0.0072926,0.0967711,0.0547021,0.0103682,0.00576219,0.0110863,0.014521,-0.0499469,0.145139,0.00436543,-0.00270993,0.129633,-0.0134765,0.0176877,0.00108259],[-0.000939884,0.00214811,0.00704837,0.00126001,-0.00959138,0.00997053,-0.00599928,-0.00471534,-0.00179401,-0.00137977,-0.0081081,-0.0156662,0.000285341,0.000476974,-0.0110447,0.0135747,0.00083765,-0.00169301],[0.0598602,0.349329,0.290618,-0.0433301,0.155302,0.510949,0.0200146,0.185573,0.129241,0.0217266,-0.959932,-0.511254,-0.101334,-0.0380152,-0.586996,-0.140771,0.276249,-0.0910535],[0.203261,0.136933,0.354611,0.112285,1.74085,1.26233,0.0260101,-0.130141,0.0344598,0.0528042,0.848566,4.08484,0.0547944,0.0386482,2.38051,0.966475,0.219199,0.0954838],[-0.00540421,-0.00743307,-0.0207444,-0.00788586,-0.0480068,-0.0448832,0.00546479,-0.000960418,0.00244019,-0.00479573,-0.0567285,-0.161537,-0.0122688,-0.00252413,-0.115097,-0.0595837,-0.0068991,-0.00688578],[0.0478007,0.081023,0.0340815,-0.053747,0.0827666,0.168717,0.000311918,-0.0368114,0.0321694,-0.0105094,0.105614,0.33933,-0.000347047,0.0148233,-0.109818,-0.0402946,0.0365366,0.00369109],[-0.0715434,-0.0725546,0.138177,-0.0458791,0.0614093,0.190165,-0.0505952,-0.109133,0.00979595,0.0341098,-0.340001,-0.471069,0.017938,0.0387615,-0.480195,-0.0765125,0.000221885,0.0243947],[0.0536316,0.103721,-0.36137,-0.0340179,-0.0958567,-0.794223,-0.0693484,0.0346509,-0.191568,0.00765967,1.06696,-0.823641,0.0729122,0.153987,-1.1882,0.554903,-0.13599,-0.0831387],[0.0381436,-0.0287736,-0.137609,0.0406659,-0.236499,0.00226475,-0.0440908,0.0794081,-0.0186431,0.0233872,-0.243588,-0.929736,-0.0189681,-0.0108435,-0.167207,-0.218359,-0.0669145,-0.00261956],[-0.0564429,-0.0406197,-0.221448,0.0324168,-0.100455,-0.240804,0.0295803,0.0179233,-0.00362953,0.0215079,0.0146918,-0.276893,0.000952693,0.00435351,-0.240208,-0.141763,0.00451721,-0.00554348],[-0.000708472,-0.01671,0.0282875,-0.0261611,0.0100218,-0.0034454,0.00940866,0.021557,0.00446715,-0.00114312,-0.0133405,0.282359,-0.00830967,-0.0116725,0.157449,0.0596059,0.0103656,0.00553356],[-0.0560715,0.0127243,-0.0326568,-0.0412343,-0.319659,-0.166929,-0.0426221,0.0221256,0.0248853,-0.0352734,0.151568,-1.6997,0.000772974,0.0245997,-0.0930788,0.0535364,-0.0661699,-0.00745855],[0.0186376,0.00902114,0.0359389,0.0137313,0.192382,0.050529,0.0108703,-0.0170957,0.00239351,-0.00162801,0.101728,0.385958,0.00448884,-0.00695202,0.0973767,0.0342074,-0.00730536,0.00624883],[0.00055515,-0.018127,-0.0430303,0.0158194,-0.060408,0.0463841,0.00720535,0.0158399,0.00273004,-0.00830237,0.0235982,0.405329,-0.0057918,-0.0112586,0.100786,0.0331555,0.00886703,-0.00425469],[0.0298503,0.0640517,-0.0740531,-0.00425865,0.118021,0.127459,-0.00104988,-0.0333799,-0.0495903,0.0388037,0.0593376,1.74226,0.0171054,0.0156668,0.219649,0.0755234,0.109708,0.00602806],[-0.00572498,-0.0438244,-0.031332,0.0160645,-0.127525,-0.139097,0.0211121,0.235772,0.0196001,0.00652554,-0.0959689,0.731817,0.00576485,-0.00407812,0.239721,0.0664287,0.226535,0.0122436],[-0.0506381,-0.0400348,-0.107409,-0.0219499,-0.536697,-0.195934,-0.0566035,0.0621416,-0.0503797,0.00586771,-0.123332,-0.132575,-0.00831623,0.0152916,-0.438745,-0.127651,0.0741417,-0.0479479],[0.104135,-0.0335198,-0.0992502,-0.0151423,-0.119203,0.0251892,0.0108253,-0.00272638,-0.0756907,0.128205,0.0942589,2.68884,0.0903143,0.0262946,0.872286,0.00390671,0.155748,0.0223169],[0.00281627,0.00437259,0.0129336,0.0155774,-0.00177545,-0.0171185,0.00616326,0.0114572,0.00243625,-0.00417073,0.0634446,0.143662,0.00119943,0.000295848,-0.0185462,0.019597,0.0030326,0.00172899],[-0.00371512,-0.00134567,-0.00373059,0.00220624,-0.0124232,-0.0110431,0.00162667,-0.000508338,-0.00132568,0.00105395,0.0123945,0.0400204,0.000300213,-0.00145104,0.0327685,0.00454573,0.00391046,0.000948931],[-0.0623082,-0.0373687,0.157549,0.116252,-0.624388,-0.631047,-0.0194476,0.214864,-0.0688595,-0.0675145,1.12718,2.95656,-0.0208604,-0.0342776,0.193831,-0.0814541,0.262148,-0.00135761],[0.0174452,0.152672,-0.281416,-0.0655531,0.2469,0.135822,-0.13996,-0.108917,-0.0165603,-0.118062,1.12014,1.12897,0.0332657,-0.027439,0.864326,0.0204317,-0.0298241,0.00505026],[-0.0011084,-0.00611315,0.00284112,-0.00583117,-0.010582,0.0058912,0.0111645,0.00589864,0.00147602,0.0033953,0.0364011,0.125586,0.00307752,-0.00120203,0.0286713,-0.00155754,0.0131053,0.00149651],[0.0250915,0.0354185,0.0599024,0.00241084,0.0989318,0.11058,0.0224707,-0.0216359,0.0158705,0.00294561,0.0594354,-0.290701,0.000621677,0.0113171,-0.268339,-0.0120434,-0.0185425,-0.00174369],[0.0228558,0.016539,0.197141,0.0105237,0.0903194,0.0312916,-0.0236365,-0.0666311,-0.0198802,-0.00904017,-0.190028,-0.219579,-0.000741674,0.0192737,-0.337099,0.0366163,0.00730559,0.00924049],[-0.0365994,0.0019817,0.45003,-0.219693,-0.226184,0.189649,0.0190246,-0.162542,-0.0899322,-0.0381527,0.43707,-0.91777,0.0650811,0.0768747,-1.16193,-0.117095,-0.0469935,-0.0701308]],"sigmahat":[[0.184292,0.115979,0.263323,0.024554,0.531067,0.481123,-0.0434923,-0.0500901,0.0217779,-0.00919972,0.0356564,-0.171922,0.00111544,-0.00263705,0.250579,0.167715,-0.0802082,0.0176341],[0.115979,0.333274,0.0178844,-0.0399431,0.377297,0.539409,-0.0863893,-0.0626041,0.00675276,-0.0465084,0.275863,-0.393177,0.0140572,0.00502112,0.0607241,0.161437,-0.044826,0.00608636],[0.263323,0.0178844,3.20569,0.0477409,0.791014,1.44316,-0.207965,-0.311673,0.0770943,-0.0736906,-0.875396,-2.52479,0.0109663,0.0692488,-0.265717,0.29798,-0.310797,0.0555392],[0.024554,-0.0399431,0.0477409,0.399799,-0.168182,-0.234087,0.0306115,-0.0308865,-0.00428439,-0.000660455,0.0747408,0.970031,-0.0429455,-0.0224923,0.00837692,0.0428956,0.0122838,-0.0044681],[0.531067,0.377297,0.791014,-0.168182,5.69607,2.56912,0.0442073,-0.274417,0.0887166,0.101119,-0.715442,2.30422,0.0753883,0.033659,1.18171,0.741921,-0.0352478,0.108996],[0.481123,0.539409,1.44316,-0.234087,2.56912,6.61849,-0.0409632,-0.104385,0.091932,-0.0609738,0.0504076,-1.06296,0.0349745,-0.00458235,0.704371,0.68891,-0.112428,0.0626295],[-0.0434923,-0.0863893,-0.207965,0.0306115,0.0442073,-0.0409632,0.288276,0.0801702,0.0510204,0.0716526,-0.15661,2.03987,0.00504798,-0.00333741,-0.141926,0.00838806,0.196085,-0.00882483],[-0.0500901,-0.0626041,-0.311673,-0.0308865,-0.274417,-0.104385,0.0801702,0.471948,0.0280857,-0.00735468,-0.0979556,-0.585314,-0.035435,-0.0523249,-0.0693946,-0.160189,0.128079,-0.0108673],[0.0217779,0.00675276,0.0770943,-0.00428439,0.0887166,0.091932,0.0510204,0.0280857,0.0836023,0.0124875,-0.121694,-0.241119,-0.0014587,-0.00205019,-0.139615,-0.0185706,-0.0438967,0.00610499],[-0.00919972,-0.0465084,-0.0736906,-0.000660455,0.101119,-0.0609738,0.0716526,-0.00735468,0.0124875,0.124668,-0.43711,0.981287,0.0351671,0.0305697,-0.122987,-0.032401,0.116831,0.00946572],[0.0356564,0.275863,-0.875396,0.0747408,-0.715442,0.0504076,-0.15661,-0.0979556,-0.121694,-0.43711,10.5649,11.4394,0.244929,-0.10641,5.97543,1.50863,0.474224,0.138494],[-0.171922,-0.393177,-2.52479,0.970031,2.30422,-1.06296,2.03987,-0.585314,-0.241119,0.981287,11.4394,116.527,1.13263,-0.129501,23.8797,5.9276,6.29312,0.375463],[0.00111544,0.0140572,0.0109663,-0.0429455,0.0753883,0.0349745,0.00504798,-0.035435,-0.0014587,0.0351671,0.244929,1.13263,0.0682225,0.0406128,0.26239,0.0977704,0.0810097,0.0164643],[-0.00263705,0.00502112,0.0692488,-0.0224923,0.033659,-0.00458235,-0.00333741,-0.0523249,-0.00205019,0.0305697,-0.10641,-0.129501,0.0406128,0.0746727,-0.529578,-0.0244421,0.0377449,0.00298048],[0.250579,0.0607241,-0.265717,0.00837692,1.18171,0.704371,-0.141926,-0.0693946,-0.139615,-0.122987,5.97543,23.8797,0.26239,-0.529578,18.6787,3.30359,1.13938,0.300681],[0.167715,0.161437,0.29798,0.0428956,0.741921,0.68891,0.00838806,-0.160189,-0.0185706,-0.032401,1.50863,5.9276,0.0977704,-0.0244421,3.30359,2.5422,0.0505714,0.0857587],[-0.0802082,-0.044826,-0.310797,0.0122838,-0.0352478,-0.112428,0.196085,0.128079,-0.0438967,0.116831,0.474224,6.29312,0.0810097,0.0377449,1.13938,0.0505714,1.24341,-0.00361809],[0.0176341,0.00608636,0.0555392,-0.0044681,0.108996,0.0626295,-0.00882483,-0.0108673,0.00610499,0.00946572,0.138494,0.375463,0.0164643,0.00298048,0.300681,0.0857587,-0.00361809,0.0266887]],"n":18,"lags":3}