{"betahat":[[-0.031214,-0.68635,0.227106,0.725363,0.287292,-0.145677,0.226857,-0.0772772,0.0148918,-1.59237,18.3295,0.188822,-0.192913,3.37192,0.0842152,0.713018,-0.0596323,0.0836003,2.86378,0.965388,0.128577],[1.08456,0.0975723,0.515135,0.00437534,0.30479,0.528211,0.00733777,0.0324884,0.01686,-0.332345,0.696395,0.0316754,-0.0147984,1.05874,-0.0143841,-0.0634722,0.0309372,-0.0775879,0.564981,0.220304,-0.0788294],[0.0211849,0.968081,0.150395,-0.0246577,0.11416,0.305836,0.0847121,0.00239694,0.0316284,0.380356,1.49793,0.0652318,0.00932122,0.505296,-0.00223475,0.0370948,0.0134653,0.510833,-0.0263643,0.212922,0.00981606],[-0.00121442,-0.00837334,0.649189,-0.00548175,-0.0144703,-0.201998,-0.0144915,0.00846141,-0.00450481,-0.152271,-0.399283,-0.00457313,-0.000459173,-0.0749475,-0.0121991,-0.00602596,-0.000100617,-0.0860959,-0.00224883,-0.0750098,-0.004312],[0.396619,0.697283,0.328859,0.933751,0.488709,0.488382,0.0154553,0.0207412,0.0271958,0.578725,3.74642,-0.015307,-0.0257403,0.701365,-0.0524137,-0.307067,-0.0224571,-0.257793,0.774807,0.26714,0.0215351],[0.0181521,-0.00860825,0.122258,-0.0210516,1.05539,0.134863,0.0361509,0.0382175,-0.0124367,-0.170012,0.625978,-0.0322061,-0.00846707,-0.0482706,0.00825876,-0.0104485,0.0151035,0.0673404,0.0200731,0.0561756,-0.0323576],[0.0181986,0.00962171,-0.103087,0.00745567,-0.0220972,0.895885,-0.00481413,-0.0027429,0.00533821,-0.0954625,-0.354538,-0.00966867,0.0156009,-0.237829,-0.011981,-0.0061457,-0.0119732,0.0850995,-0.111101,-0.00374277,0.0250712],[0.029744,0.0767881,-0.451745,0.0209002,0.000340629,-0.20352,0.864424,0.0469197,0.0245609,0.210835,-1.12166,0.0135305,0.0427137,-0.0653398,-0.0166058,-0.0382604,-0.128019,-1.37241,0.136778,0.00947262,0.0994407],[-0.147949,-0.102275,0.561537,0.155896,-0.565432,-0.09785,-0.0941351,1.18098,-0.0468128,0.697061,-1.31088,-0.0966826,-0.00335376,-2.05902,-0.0108982,0.00142076,-0.00417492,-0.880118,-1.16583,-0.389116,0.541911],[0.289635,0.0122202,0.253186,0.0144512,0.617151,0.120845,0.287105,0.181907,1.15957,-0.165143,8.00858,0.0790577,0.114637,-0.0229297,0.0106802,-0.0178691,0.0998145,1.2216,1.0823,0.610122,0.255524],[-0.00192329,0.00456271,0.0385358,-0.00752013,0.0384291,0.0567821,0.00560374,-0.00557528,-0.00424465,1.30876,-0.428577,-0.00142148,0.0102381,-0.214682,0.00682304,0.00388031,0.00193199,-0.0263717,0.0112232,0.00384705,0.0586124],[-0.00107883,-0.00369247,-0.0142284,-0.000941145,0.00465391,0.00412955,0.000492535,0.000493519,-0.00340739,0.0170646,0.956475,-0.00205022,0.00117321,-0.0622264,0.00219547,0.00424471,0.000481763,-0.0187811,-0.0102584,0.00958035,0.01018],[0.103909,0.0874401,0.220916,-0.129502,0.391914,0.362861,-0.135637,0.110324,-0.0216062,-0.360574,-3.52974,1.01087,-0.0385127,1.75634,-0.0856678,0.0172269,-0.0933294,0.37364,0.528651,-0.727124,-0.0560653],[-0.295853,-0.0604288,-0.455663,0.168292,-1.01925,-0.573222,-0.186781,-0.128421,0.0683948,-0.868826,-5.67498,-0.0377852,0.964568,-2.36777,0.0451064,-0.0273251,-0.0804819,-0.269821,-1.12652,0.0905306,0.13366],[0.0232556,0.00726146,0.0711752,-0.00507888,0.0687937,0.0778116,-0.00125434,0.00893021,0.00799244,0.0300611,0.0597917,0.0132217,0.00641914,1.17961,-0.000745966,-0.012636,0.00135294,-0.0420577,0.0993527,-0.016039,0.0317878],[-0.024284,0.0400737,0.079305,-0.175056,-0.2201,-0.00943008,0.087917,-0.116309,-0.134699,-2.39892,5.84384,-0.171753,-0.0823978,-3.23648,1.01844,-0.137024,0.0210616,1.50749,0.538924,-0.0185779,0.084186],[0.0422959,0.011023,-0.258814,0.157662,0.0867793,0.0549059,-0.0253479,0.0227861,0.0171438,-0.405974,-0.326829,0.0319903,-0.00608097,0.99366,-0.0509154,1.07654,-0.0240143,-0.215156,0.553254,-0.013894,0.00876596],[-0.167929,-0.335589,-0.727291,-0.0282793,0.0757119,-0.434294,-0.886849,0.065523,-0.0771811,0.724318,-2.16655,-0.0892981,-0.162947,1.18674,0.00861942,0.151248,0.456261,-3.1991,-0.552278,-0.611392,-0.0616889],[0.0170912,0.0389527,0.0968259,-7.56891e-05,0.0173981,0.0952386,0.0243458,-0.00314251,0.00788145,0.103042,0.378742,0.0112616,0.00220409,-0.0802519,-0.00133193,-0.0287989,-8.56997e-05,0.134951,0.062559,-0.10402,0.0152872],[0.033087,0.0373779,0.0166331,0.0257807,0.118804,0.0704272,0.0289968,0.00171191,0.00600296,-0.151851,0.685917,0.00397753,-0.0134128,0.0256308,0.00126296,-0.0120621,0.015245,0.0368848,0.237538,0.107896,0.012484],[0.0138776,0.0275639,-0.0932919,-0.0247741,0.041918,-0.0128539,0.173199,0.00560892,0.0343419,-0.055567,0.892517,0.0189785,0.00814242,-0.110101,-0.0103329,-0.0329369,0.0555589,0.754055,-0.240994,0.632167,-0.0714174],[0.0327913,0.00434955,0.00699113,0.0304157,-0.045138,-0.148228,-0.0498325,-0.0193288,-0.0269484,-0.542328,-0.818575,-0.0295496,-0.0432684,0.470515,-0.00488528,0.0220924,-0.010217,0.0181928,-0.37957,-0.0141807,0.555822],[-0.0494907,-0.0680469,-0.231639,-0.024528,-0.163681,-0.291177,0.0248606,-0.0280721,0.00787618,0.2558,-0.521068,-0.0286679,0.0183811,-0.801434,0.00694289,-0.00766213,-0.0209049,0.0283738,-0.441951,-0.159011,0.0875865],[-0.0189853,-0.0222843,0.0152677,0.0368964,-0.0515435,-0.156359,-0.0197259,0.00444576,-0.00784509,-0.27187,-0.588176,-0.0299541,-0.00673907,-0.100673,-0.00568036,-0.0358196,-0.00927231,-0.355853,0.0368763,-0.0595425,0.00880594],[0.00955838,-0.00154524,0.348773,-0.00549838,0.0499715,0.210579,0.0186805,0.00121548,0.00206276,0.0679134,0.704863,0.00210907,-0.00329094,0.177807,0.00440215,-0.00471377,0.00733994,-0.0348333,0.0169172,0.042483,-0.001698],[-0.284536,-0.388802,-0.316317,0.0609279,-0.44546,-0.284451,-0.0236254,-0.0438585,-0.0624185,0.143123,-3.48839,-0.0369868,0.0265579,-1.3826,0.101666,0.222838,-0.0046842,-0.0942411,-0.644236,-0.435029,-0.0176767],[-0.00790756,0.0188799,-0.176511,0.000674125,-0.0203446,-0.0893152,-0.00764321,-0.0249522,0.0143746,0.184445,-0.448339,0.0231712,0.0107932,0.0656175,-0.00327759,-0.00734149,-0.00782184,-0.00923954,-0.0151125,-0.0130225,0.0367646],[-0.00373151,0.00595491,0.125927,-0.00183106,0.0448194,0.126553,0.0109463,-0.00170964,0.00339028,0.178726,0.136247,0.0105268,-0.00367088,0.0901023,0.00186502,-0.00723328,0.0122775,-0.0995768,0.029582,0.0321781,-0.0121879],[-0.00828489,-0.0188394,0.483998,-0.00531412,0.010194,0.234597,0.170413,-0.00969113,0.0143,-0.0855688,0.305965,0.0348925,0.00835009,0.150478,0.00775525,0.00486867,0.138129,0.954237,-0.078734,0.0888957,-0.0335295],[0.066955,0.10865,-0.467815,-0.0956635,0.186467,-0.221931,0.0845189,-0.140431,0.0280963,-0.272114,-0.407403,0.047889,0.107572,0.447767,-0.0379248,-0.0393625,0.0444792,0.787795,0.874075,0.365263,-0.0136635],[-0.272954,-0.0945932,-0.104606,-0.0129583,-0.37788,-0.195448,-0.190382,-0.150589,-0.128487,-0.321676,-5.84626,-0.0576859,-0.125282,-0.365355,-0.0360351,0.0409982,-0.053608,-1.29866,-1.42998,-0.526124,-0.389659],[0.0177031,0.00931207,-0.0226897,0.00864761,0.00655936,-0.030652,0.000285206,0.00946095,0.00710724,-0.31502,0.34458,0.00592739,-0.0074928,0.290601,-0.00517123,-0.00840313,-0.000626134,0.0899466,0.0395818,0.0276362,-0.0302995],[-0.000410416,0.00162435,0.0109345,0.00172624,-0.00505196,-0.00188306,-0.00191653,-0.00139701,0.00300628,0.032786,-0.0245485,0.00215928,0.000841512,0.0205239,-0.00265904,-0.00133383,-0.00124893,0.0181957,0.00414891,-0.00894389,-0.00926792],[-0.0376864,0.0437599,-0.209176,0.109113,-0.201696,-0.114508,0.0569552,-0.0746503,-0.0483407,0.349626,0.179146,-0.0845094,-0.0184243,-0.996883,0.0528428,0.0239235,0.0781382,-0.346392,0.114796,0.244831,-0.0634735],[0.29405,0.046335,0.466202,-0.0890394,0.995903,0.584193,0.121356,0.210676,-0.106063,-0.0637923,4.42523,-0.010754,0.00669087,2.14173,-0.0298436,0.0480457,0.0851792,0.442173,0.997905,-0.26643,0.283257],[-0.0172164,0.000234822,-0.0669408,0.00441259,-0.0532331,-0.0642171,-0.00343945,-0.0108275,-0.00701924,0.00729656,-0.159071,-0.0153028,-0.003534,-0.196869,0.00217982,0.00377706,-0.00143995,-0.00648037,-0.0757039,0.00249187,-0.0293684],[0.0759785,-0.0129217,0.373813,0.16485,0.521029,0.32537,0.0679017,0.0980672,0.18279,1.68248,-7.73535,0.154541,0.0858846,4.89848,0.201228,0.203592,0.011147,-0.266252,-0.67477,0.540082,0.114644],[-0.0206858,0.0500037,0.105676,-0.105825,-0.0754848,-0.0742947,0.0238768,-0.0334396,-0.00999753,0.325428,0.553326,-0.0307609,-0.00566979,-0.605057,0.0255408,-0.0346319,0.0129764,0.448695,-0.502534,0.106884,0.0206467],[0.0826224,0.0822471,0.828066,0.050229,0.0162626,0.512523,0.767521,0.0294164,0.0697979,0.482792,-0.0250894,0.0870095,0.211225,-2.19668,0.0175777,-0.0851389,0.508919,1.61627,-0.0221991,-0.0799051,0.112746],[-0.00258424,0.0172464,0.0294575,-0.0161467,-0.0294757,-0.00586251,-0.0264939,0.000603721,-0.00815896,-0.0668198,-0.30039,-0.00971211,-0.0111497,-0.0305761,-0.000283422,-0.00849975,-0.00535966,-0.192123,-0.0391692,-0.0728145,-0.0111311],[-0.00559726,0.00169705,0.0338448,-0.00790583,-0.000697556,0.0252803,0.00260726,-0.00383073,-0.000230817,-0.00632472,0.0124913,0.00850267,0.0153728,0.0395359,0.0112078,-0.00871128,-0.00529274,-0.0126672,0.18316,0.028993,0.0792823],[-0.00206661,0.0148483,0.0308877,0.010657,-0.0509796,-0.0592173,0.0582442,0.0137575,0.00333223,0.0385605,-0.589345,0.000937664,0.0162985,-0.267693,0.00306339,-0.0243733,0.00283888,-0.0366368,0.144317,-0.0286117,-0.00269281],[-0.0421132,-0.0320748,-0.0292196,-0.0322289,-0.0392411,0.045676,0.0635659,0.00399603,0.018569,0.619357,-0.174789,0.0226143,0.0258687,-0.317592,-0.00351603,0.00945413,0.00143076,-0.0405838,0.0483899,0.207429,0.173458],[-0.0350919,-0.029556,-0.283481,0.0201446,-0.141149,-0.237058,-0.032202,-0.00442318,-0.0247367,0.0763934,-0.175383,-0.00301154,-0.00357992,-0.257357,0.00743856,0.0711615,-0.0100321,0.0492009,-0.123098,-0.0613171,-0.00875679],[-0.00222867,0.0541679,-0.165595,-0.0122436,-0.062674,-0.149493,-0.064989,-0.00684821,-0.0237796,-0.108586,-0.910047,-0.0352862,-0.00257629,-0.40474,0.00791324,-0.00124554,-0.00419313,-0.154922,-0.0105855,-0.153376,-0.018646],[-0.00838147,0.00986389,0.00197646,0.0109863,-0.0355753,-0.00867197,-0.00416077,-0.00967882,0.00244501,0.0840766,-0.30494,0.00245913,0.003739,-0.102746,0.00779884,0.0107842,-0.00722918,0.120852,-0.0146889,0.0326074,0.00599607],[-0.112105,-0.308497,-0.0125517,0.00530956,-0.0432854,-0.203986,0.00816624,0.0231123,0.0352197,-0.721971,-0.258035,0.0522876,-0.000827955,0.681432,-0.0492524,0.0842471,0.0271446,0.35202,-0.130592,0.167868,-0.00386438],[-0.0102768,-0.0102829,0.0542772,0.0203607,-0.0351518,-0.0455971,-0.0285268,-0.0132689,-0.0019548,-0.0146895,-0.17803,0.00900807,-0.00233228,-0.0175518,-0.00498679,0.0177903,-0.00727903,-0.0581839,-0.00509779,-0.0432513,-0.00439662],[-0.014515,-0.0156512,-0.0228056,-0.00562956,-0.0228292,-0.0225021,-0.00614174,0.00444407,-0.00873156,-0.0835862,0.218266,-0.00088074,-0.0119468,0.147759,0.0101197,0.0134199,-0.000307816,0.0144576,0.0813744,-0.0284258,-0.0129037],[-0.0214923,-0.0578212,-0.0318526,-0.0157458,-0.0107441,-0.0309243,-0.034972,-0.0372678,-0.0388309,-0.125693,0.815919,-0.0483717,-0.0510697,-0.0831681,0.00887173,0.0332986,-0.010171,0.416955,-0.0583799,-0.0987637,-0.0661277],[0.00827821,-0.0584147,-0.31626,-0.00664302,0.170935,0.137404,0.0184629,-0.0804578,0.0416807,-0.619977,1.49942,0.0552173,-0.0491841,0.994313,0.0641211,0.0721103,-0.0300781,0.155965,0.0919129,0.0674387,-0.436242],[-0.00295368,0.110508,-0.275931,-0.0624149,-0.100554,0.0907425,-0.0679172,-0.0258384,-0.0641482,0.470473,-1.18288,-0.0336642,-0.027825,0.933612,0.040689,-0.0750286,-0.035122,0.304903,0.537037,-0.123174,0.192546],[-0.0113268,-0.0143119,-0.0048144,0.00371037,-0.0381266,-0.0201219,-0.00621986,-0.00191616,-0.00201803,-0.0326277,0.0850075,-0.00153175,-0.00400298,-0.0344534,0.00316721,0.00728208,-0.00109033,-0.0726842,-0.0354654,-0.0276806,-0.0117169],[0.00152872,0.00179336,0.00348601,-0.00131119,0.000747176,-0.00185879,0.000913594,0.0010297,0.000281262,-0.0479798,0.0374009,-9.16638e-05,-0.00184994,0.0427301,0.000747664,-0.00301247,0.000784404,-0.00152018,0.00315103,-0.00122323,0.000261487],[-0.014199,-0.103504,0.167617,0.0500257,-0.0271337,-0.0534693,0.0745562,-0.00117289,0.060754,0.118302,3.63206,0.0575026,0.0342427,-0.253078,0.0266799,-0.0206746,0.0194715,0.123337,-0.322351,0.460003,0.238071],[-0.0191781,-0.00584638,-0.0467407,-0.0766329,-0.00655179,-0.039556,0.0570346,-0.0788982,0.036412,0.884255,1.06708,0.0316984,-0.000862275,0.0591511,-0.0296039,-0.000388542,-0.00243675,0.0420073,0.0627828,0.16237,-0.399709],[-0.00607964,-0.00726386,-0.00372792,0.0009211,-0.0157152,-0.0130489,0.00461073,0.00190507,-0.000990441,-0.0326895,0.0926476,0.00202933,-0.0025385,0.0120365,-0.00137687,0.00873733,5.16383e-05,0.0467112,-0.0250265,0.0137564,-0.00158251],[-0.0508324,-0.0227676,-0.446598,0.0101243,-0.304147,-0.312592,-0.158377,0.0176517,-0.0499528,0.702325,1.83344,0.0169178,-0.00356884,-1.66679,-0.221109,-0.0683327,-0.0326844,-1.25736,0.136192,-0.530449,-0.198311],[-0.0175507,-0.0548346,0.139196,-0.0507242,-0.00253573,0.0241713,0.00298347,0.00904303,-0.00561936,0.0961359,-0.212405,0.000231025,0.0116683,-0.354607,0.026292,-0.0464403,0.010269,-0.236413,-0.0443262,-0.0805195,-0.0293252],[0.0719136,0.205267,-0.159591,-0.00428535,-0.0587741,-0.0952057,0.0777764,-0.0802456,0.0114617,-1.08338,1.33542,0.00350114,-0.0237886,0.565853,-0.0229263,-0.0290323,0.0075824,1.58103,0.651202,0.64918,-0.0701279],[0.00543631,0.00523089,0.00142239,-0.00734609,0.0207963,0.0103148,-0.0256049,-0.00231609,0.00812018,0.0811458,-0.438582,0.00493745,0.00566729,-0.121183,0.000447231,-0.0112855,-0.00977213,0.0260055,-0.0107422,0.0146297,-0.00209188],[0.0212156,0.0255415,0.0672016,-0.0106044,0.00330284,0.019882,-0.00455016,0.00642954,0.00599838,0.115395,0.096543,0.00989932,0.0128493,-0.0306051,-0.00170783,-0.0207594,-0.00577246,0.00712715,0.150429,-0.0772496,-0.104348],[-0.0166599,-0.0220786,-0.0176792,-0.0163753,-0.0376502,-0.0122589,-0.00724419,0.00775044,-0.00165714,-0.093244,0.0922888,0.00234904,0.00131596,0.0463577,-0.00275247,-0.000893577,-0.00960089,-0.210011,0.132706,0.139106,-0.0084459],[0.010317,0.0351528,0.0413269,-0.00102879,-0.0255368,-0.0169056,-0.0455864,-0.0147256,-0.0104212,-0.142076,-0.306632,-0.0180843,0.0118121,-0.408204,-0.000813189,-0.0275397,0.00673952,0.0130023,0.121365,-0.20103,-0.000940922]],"sigmahat":[[0.146173,0.176423,0.235407,-0.015631,0.279248,0.264852,-0.00388971,0.019954,0.00370369,0.174733,0.544416,0.0192816,0.00642854,0.358645,0.000243574,-0.120429,0.00368654,-0.0436512,0.327844,-0.0608649,0.0207937],[0.176423,0.416296,0.39912,-0.0680099,0.19093,0.326537,-0.0229552,-0.00961289,-0.0132869,0.324257,-0.292474,0.0083886,0.00778492,-0.131164,-0.00509204,-0.285484,0.00863196,-0.272989,0.375079,-0.242079,0.0107442],[0.235407,0.39912,2.67444,-0.15046,0.289543,1.26554,0.0123015,0.0381715,0.0071019,0.198288,0.967146,0.00189111,-0.00524666,0.276486,-0.0129535,-0.306686,0.0254173,-0.807436,0.639322,-0.338643,-0.0437277],[-0.015631,-0.0680099,-0.15046,0.0996932,-0.0150863,-0.0779748,-0.00306068,-0.000125214,0.00284179,-0.0369561,-0.221449,-0.000615122,0.00559078,-0.0291412,0.00175883,0.0728241,-0.00276547,0.0982984,-0.0405892,0.0837851,0.00872099],[0.279248,0.19093,0.289543,-0.0150863,1.03168,0.742498,0.0155945,0.0837854,0.0084084,0.749102,2.33087,0.0484361,-0.00745526,1.48638,0.00361129,-0.119167,-0.00706752,0.108777,0.797067,0.068549,0.267341],[0.264852,0.326537,1.26554,-0.0779748,0.742498,1.23696,0.0117959,0.0734559,0.00271852,0.783382,1.49959,0.0322701,-0.00402714,0.862679,0.00520888,-0.235269,0.0120379,-0.491696,0.848799,-0.139276,0.268136],[-0.00388971,-0.0229552,0.0123015,-0.00306068,0.0155945,0.0117959,0.148962,0.0145615,0.0303281,-0.115953,2.13324,0.0310052,0.012222,0.399587,0.00662176,0.00513564,0.0403827,0.481911,0.0511193,0.225337,0.0420042],[0.019954,-0.00961289,0.0381715,-0.000125214,0.0837854,0.0734559,0.0145615,0.041665,0.0119568,-0.0395135,0.771012,0.0133687,0.000808753,0.341333,-0.00222014,0.00224031,0.00572628,-0.00417796,0.152201,0.0133842,0.0468475],[0.00370369,-0.0132869,0.0071019,0.00284179,0.0084084,0.00271852,0.0303281,0.0119568,0.0503163,-0.042279,0.920846,0.0423957,0.0299213,0.163304,0.00247473,-0.000124122,0.00748106,0.103403,-0.00761038,0.0927493,0.0111508],[0.174733,0.324257,0.198288,-0.0369561,0.749102,0.783382,-0.115953,-0.0395135,-0.042279,8.00056,-12.6241,0.0347242,0.267347,-5.41944,-0.0669851,-0.26809,-0.0378136,0.209651,-0.640507,-0.426299,0.492676],[0.544416,-0.292474,0.967146,-0.221449,2.33087,1.49959,2.13324,0.771012,0.920846,-12.6241,116.379,1.13223,-0.262833,26.3727,0.276183,-0.00112278,0.323527,4.4687,5.92705,5.08274,1.28754],[0.0192816,0.0083886,0.00189111,-0.000615122,0.0484361,0.0322701,0.0310052,0.0133687,0.0423957,0.0347242,1.13223,0.0670577,0.0387244,0.340553,-0.00120012,-0.0136597,0.00813806,0.0460799,0.0179799,0.0908258,0.0194936],[0.00642854,0.00778492,-0.00524666,0.00559078,-0.00745526,-0.00402714,0.012222,0.000808753,0.0299213,0.267347,-0.262833,0.0387244,0.0715831,-0.499867,0.000506618,-0.0115654,0.00836643,0.0870932,-0.0951423,0.034037,0.00828802],[0.358645,-0.131164,0.276486,-0.0291412,1.48638,0.862679,0.399587,0.341333,0.163304,-5.41944,26.3727,0.340553,-0.499867,21.0344,0.0191653,0.218329,-0.00795138,0.0649778,3.6133,1.49902,0.31939],[0.000243574,-0.00509204,-0.0129535,0.00175883,0.00361129,0.00520888,0.00662176,-0.00222014,0.00247473,-0.0669851,0.276183,-0.00120012,0.000506618,0.0191653,0.0313807,0.00268178,0.00160302,-0.0175366,0.00618803,3.95111e-05,-0.00908992],[-0.120429,-0.285484,-0.306686,0.0728241,-0.119167,-0.235269,0.00513564,0.00224031,-0.000124122,-0.26809,-0.00112278,-0.0136597,-0.0115654,0.218329,0.00268178,0.25645,-0.0115379,0.271214,-0.256635,0.205458,-0.0228229],[0.00368654,0.00863196,0.0254173,-0.00276547,-0.00706752,0.0120379,0.0403827,0.00572628,0.00748106,-0.0378136,0.323527,0.00813806,0.00836643,-0.00795138,0.00160302,-0.0115379,0.0263925,0.125884,0.0113085,0.0150837,0.00750331],[-0.0436512,-0.272989,-0.807436,0.0982984,0.108777,-0.491696,0.481911,-0.00417796,0.103403,0.209651,4.4687,0.0460799,0.0870932,0.0649778,-0.0175366,0.271214,0.125884,7.60847,-0.0817867,1.24497,0.232611],[0.327844,0.375079,0.639322,-0.0405892,0.797067,0.848799,0.0511193,0.152201,-0.00761038,-0.640507,5.92705,0.0179799,-0.0951423,3.6133,0.00618803,-0.256635,0.0113085,-0.0817867,4.09106,-0.0595722,0.353315],[-0.0608649,-0.242079,-0.338643,0.0837851,0.068549,-0.139276,0.225337,0.0133842,0.0927493,-0.426299,5.08274,0.0908258,0.034037,1.49902,3.95111e-05,0.205458,0.0150837,1.24497,-0.0595722,1.53456,0.175224],[0.0207937,0.0107442,-0.0437277,0.00872099,0.267341,0.268136,0.0420042,0.0468475,0.0111508,0.492676,1.28754,0.0194936,0.00828802,0.31939,-0.00908992,-0.0228229,0.00750331,0.232611,0.353315,0.175224,0.784488]],"n":21,"lags":3}