{"betahat":[[2.55166,0.268552,-8.24963,1.45079,4.78479,-4.27935,3.39731,-1.06289,0.149766,-8.96354,-1.31855,1.9176,-0.102414,153.67,2.2404,0.956879,23.9198,35.4098,30.5471,1.88095,7.7575,11.4229,1.79342,-4.68365],[1.09206,0.106958,0.300574,0.0638993,0.182299,0.180901,0.0435699,0.00200476,-0.00397701,-0.376286,-0.00756223,0.024549,-1.0179e-05,3.65707,0.0645078,0.0022722,1.7294,-0.031759,0.120328,0.0144872,0.6455,1.46418,0.148555,-0.0733493],[0.0717197,0.971661,0.0399713,0.0299069,0.22465,0.277293,0.111409,-0.00241974,0.00644111,0.357977,0.00600769,-0.0671812,-0.00540035,3.50905,0.0940973,0.00589667,1.45313,0.0229704,0.25629,0.000792358,0.776535,0.750223,0.310222,0.115365],[-0.041516,-0.0729645,0.528644,0.00879052,-0.0432914,-0.260079,-0.0139056,0.00494951,-0.000381885,-0.114305,0.000855128,0.0175592,0.000379503,-0.599715,-0.00764383,-0.000394017,-0.14119,0.00901675,-0.0338266,-0.00463257,-0.0865147,-0.0736095,-0.0529935,-0.0269277],[0.283678,0.461875,0.019047,0.775425,0.358732,0.150014,-0.0035435,0.0511112,-0.0124242,-0.23242,0.05604,0.124838,-0.020839,3.41635,-0.0480294,-0.100431,1.96669,0.00931865,0.144834,-0.018216,-0.374175,0.74671,0.0902318,-0.120276],[0.0140821,-0.00910023,0.11633,-0.0204827,1.00842,0.105746,0.0324005,0.0286832,-0.00897461,-0.216034,0.0199352,-0.026561,6.6385e-05,0.65337,-0.0252295,0.00100523,-0.174917,-0.0211619,0.00300347,0.0137127,0.0497356,-0.0758791,0.0810326,-0.052279],[-0.00318334,-0.02553,-0.166716,-0.0110654,-0.0333234,0.864534,0.00372849,0.00149029,0.00310323,-0.24365,0.00158498,0.0170837,0.00969028,-0.299636,-0.0108882,0.0135105,-0.153553,0.0298837,0.0476567,-0.00828461,-0.00245654,-0.220846,0.0271711,0.0239996],[0.0845314,0.147515,-0.446952,0.0434142,-0.0177492,-0.251017,0.796389,0.0183657,-0.00173965,0.271,0.0216264,0.0808261,0.021985,-0.729438,-0.00884075,0.0125924,-0.162468,0.0114178,0.0767397,-0.121515,-1.08199,0.410284,-0.0314107,0.081533],[-0.189776,-0.284798,0.323894,0.237235,-0.573109,-0.239347,0.143599,1.11247,0.0478246,-1.00929,0.283318,-0.239971,0.0251774,1.15643,-0.0563733,-0.00438496,-1.4351,-0.176623,-0.663567,0.0609321,-1.1063,-2.13777,0.0931761,0.403417],[0.238241,-0.0356122,0.267165,-0.0539608,0.765645,0.366144,0.248795,0.147672,1.04968,1.35176,0.0722731,-0.333206,0.125636,7.03582,-0.00704567,0.106325,-2.10597,-0.378285,0.264904,0.172849,0.609272,-0.300975,0.391679,0.188733],[-0.00310883,0.0041924,0.0571383,-0.0176003,0.0396423,0.0656079,0.00442505,-0.00167043,-0.00393052,1.19628,0.00210714,-0.0101136,0.00106831,-0.657793,-0.00188077,0.00686425,-0.0996173,-0.0286866,0.0203125,0.0030717,-0.0563539,0.0279383,-0.0287832,0.0711767],[0.0703237,0.324888,0.129163,-0.0125071,-0.169277,0.23949,-0.309946,-0.0356534,-0.0436644,1.17416,0.920025,0.138723,-0.0199538,1.82565,0.0257314,0.0272308,-0.386815,0.202781,0.526168,-0.118619,-1.86447,0.90187,-0.215218,0.307252],[0.0538783,0.00390141,0.151242,0.0242074,0.0440447,0.14999,-0.0157267,-0.00790494,0.0193789,-0.539476,-0.0261588,1.16403,0.0333671,0.333994,0.00373177,-0.0272472,0.352169,-0.0167418,0.0183991,0.0320041,-0.938259,0.0602273,-0.141645,0.0564072],[0.0568826,-0.00596637,0.194792,-0.252571,0.226334,0.0331915,0.0712933,0.0617104,-0.0333753,-3.72107,0.025713,0.099519,0.958186,1.76743,0.0723127,-0.073119,6.0502,0.111363,0.185976,-0.0837518,-0.692897,0.916549,0.156853,0.0874328],[-0.00191526,-0.00390254,-0.00783879,-0.00380323,0.00132752,0.00346013,-0.00402299,0.00100101,-0.0038012,0.0238113,0.000822097,0.00035214,-0.00256416,0.679124,-0.00294723,0.00142408,-0.0673365,-0.000387938,-0.00134026,0.000155634,-0.0165315,-0.0154499,-0.00174731,0.00909212],[0.256138,0.205518,0.556757,0.0376682,0.591611,0.637923,-0.117862,0.130891,0.00082772,0.794504,0.12744,0.256286,-0.0572079,-3.27964,1.02782,0.0526932,1.30385,0.0793381,-0.337828,-0.0891508,0.298209,1.47743,-0.68559,0.0481086],[-0.340013,-0.091301,-0.964671,0.223158,-1.28951,-1.05592,-0.193834,-0.141352,0.0970598,-1.03954,-0.103641,-0.0925323,0.0341818,-4.83544,-0.0817427,0.811785,-3.26676,0.103434,0.0949912,-0.0514988,1.1818,-0.702853,0.05118,-0.0304712],[0.0140034,-0.00849064,0.0418594,0.000355545,0.0595875,0.0593718,-0.00174869,0.0103117,0.00939964,0.046258,0.0108871,0.00897475,0.00426984,-0.0236752,0.0100099,0.00500663,1.04556,-0.00188255,0.0152206,0.000653301,-0.00336782,0.0633021,0.000807339,0.0372372],[-0.0303749,0.0118737,0.167808,-0.0750036,-0.25823,0.00107531,0.161921,-0.0768456,-0.132481,-2.52442,-0.0479504,-0.1256,0.0262703,9.06709,-0.190512,-0.138411,-3.46566,0.533639,-0.0494121,0.0311214,2.12518,0.58429,0.264391,0.00290896],[0.0507818,0.105526,-0.198311,0.13484,-0.0323445,-0.0343621,-0.0117444,-0.00400646,0.00723205,-0.109052,-0.00490096,-0.0206212,0.0085728,-1.42656,0.0352538,0.0311876,0.753986,-0.0413172,0.583723,-0.0158001,0.173948,0.493353,-0.188827,-0.0287497],[0.00498416,0.0166963,-0.304899,-0.0334953,0.421105,0.175002,-1.05813,0.108558,-0.037162,1.75868,0.0624983,0.753048,-0.130526,-6.07472,-0.0172306,-0.0391689,-0.359953,-0.130291,-0.627478,0.375334,-3.5678,-0.639686,-1.08543,0.101807],[0.0046806,0.0159181,0.0692852,0.00340357,-0.0190171,0.0597508,0.0257572,-0.00930039,0.0100201,0.0404646,-0.0100305,0.0294656,0.0094362,0.428309,0.0111551,0.0059038,-0.0314283,-0.00267503,-0.0173244,-0.0017811,-0.13555,0.0533062,-0.0697941,0.0168878],[0.0203012,0.0642014,0.0708663,0.0134318,0.0493512,0.0539333,0.0260796,-0.00472916,0.00450802,-0.0714539,-0.00237928,-0.0139207,0.00544119,0.357785,-0.000848722,-0.00615394,-0.270464,0.0103701,-0.0714453,0.0208194,0.0616636,0.167731,0.0110238,-0.0112388],[0.00722026,0.000751702,-0.0534967,-0.0229149,0.0568061,0.0340293,0.18892,0.0173247,0.0480443,-0.0516869,0.013462,-0.114778,0.0417456,1.93091,0.0329264,0.0134025,-0.0418898,-0.0448868,0.0856846,0.0591484,0.725696,-0.152558,0.564353,-0.000519787],[0.0667162,0.0418281,0.0101329,0.0492355,-0.0793078,-0.251122,-0.0503618,-0.0304743,-0.0299067,-0.577352,-0.0125969,0.00304887,-0.0169504,-0.565734,-0.0238547,-0.0459006,0.53529,0.0114158,-0.00911353,-0.0163459,0.122608,-0.262991,0.00693493,0.268533],[-0.0804638,-0.086823,-0.22791,-0.0527022,-0.200361,-0.234127,-0.0166565,-0.0126027,0.01636,0.307588,-0.0117994,-0.0365973,0.0131344,-3.79767,-0.0712454,0.00315341,-1.51083,0.00237968,-0.0135315,-0.0141692,-0.182838,-0.86965,-0.141889,0.00360659],[-0.0680818,-0.0427617,0.0526934,0.00748077,-0.1572,-0.188902,-0.034746,0.00829888,0.0066654,-0.229475,0.000807402,-0.0400593,0.0151647,-2.7727,-0.0586417,-0.00116449,-0.777815,-0.0139332,-0.0941637,-0.00245158,-0.421816,-0.286666,-0.0981803,-0.0579033],[0.0558349,0.0645195,0.397534,-0.0137838,0.0961022,0.246114,0.0230434,0.00482713,0.00217169,0.0406973,0.00376702,-0.0237672,0.00188344,0.649272,0.00502366,-0.00338957,0.21366,-0.00112922,0.00343215,0.011092,0.0372906,0.142002,0.0580548,0.00785708],[-0.227286,-0.269061,-0.123704,0.118797,-0.317482,-0.0409472,-0.0198745,-0.0384325,-0.0540969,0.514001,-0.0210169,-0.0230896,-0.0511526,-3.20394,-0.0339282,0.0361791,-1.71717,0.0796092,-0.0270381,-0.00447696,-0.0712178,-0.721492,-0.426405,-0.0141944],[-0.0122922,0.0150522,-0.180652,0.00598639,-0.0272234,-0.103299,-0.00465186,-0.0212057,0.0134952,0.224594,-0.0164571,0.0143625,0.0037335,-0.575942,0.0172023,0.0073499,0.0393783,-0.00026107,0.0137101,-0.0049523,0.0602013,0.0532458,-0.0430541,0.0360366],[0.0143449,0.0315185,0.1441,0.00941001,0.0547223,0.134798,0.0116189,-0.00443253,0.00587076,0.265771,-0.00486017,-0.0314847,-0.00119257,0.0623658,0.0136616,0.00135965,0.0193604,-0.0204723,-0.0178545,0.0127059,0.0158418,0.141349,0.0209178,-0.00670337],[-0.0590564,-0.0913644,0.411809,-0.00105731,2.46864e-05,0.222936,0.183014,-0.00557273,0.0239602,-0.00687941,-0.0165422,-0.162759,0.014026,-0.276422,0.0342348,0.0204542,0.0963851,-0.0189623,-0.0428117,0.120714,0.709507,-0.244067,0.160594,-0.0205204],[-0.0220868,0.0502764,-0.378416,-0.0398108,-0.0842433,-0.492541,0.142246,-0.0823572,0.0336564,0.0215287,-0.121159,0.0691517,0.0858267,-1.58609,0.0317676,0.141611,-0.683003,-0.144601,-0.178112,0.0762356,1.17841,0.914182,0.356329,0.159194],[-0.120853,0.0899938,-0.317329,0.0131733,-0.169209,-0.3034,-0.157552,-0.187237,-0.163308,0.2259,-0.0815774,0.00889654,-0.111655,-6.34496,-0.0797577,-0.1049,-0.943377,0.0235513,0.12153,-0.065112,-1.00379,-0.998622,-0.227341,-0.263413],[0.00937323,-0.00579685,-0.0241197,0.00671993,0.00431882,-0.0285357,-0.000173729,0.0092658,0.00604155,-0.28893,0.00714058,-0.000521457,0.00284671,0.327542,0.0051991,-0.00691914,0.286686,0.00232128,-0.00860314,-0.000520938,0.0664632,-0.00316799,0.0309851,-0.0171816],[0.0334194,-0.0314721,-0.3379,-0.0287557,0.149201,0.00803942,-0.0249577,-0.0976214,0.00413059,0.386161,-0.168433,0.136242,-0.0162933,-0.921107,0.0370055,0.0599016,-0.00218294,-0.0200245,0.158738,-0.0179756,0.541113,0.0651589,-0.0679876,-0.0279402],[0.00708339,0.034458,-0.0719708,-0.0123629,0.0772398,-0.0799947,-0.00892677,-0.0131864,-0.0161217,0.361497,0.00447636,-0.0411703,-0.0271152,0.111224,-0.0125212,-0.0071451,0.241697,-0.0059986,0.000259506,-0.0504739,0.743054,0.133281,0.209028,-0.00619069],[0.0293708,0.156602,0.252724,-0.0130795,-0.267122,0.0272874,-0.00638532,-0.000142732,0.0548366,-0.721576,0.0471667,-0.221666,-0.022359,0.385953,-0.0398344,-0.081906,-0.720516,0.0690619,-0.0666838,0.0516538,-0.1035,0.261426,-0.583313,-0.263045],[-0.000921639,-0.00317659,0.00465261,0.00275111,-0.00220046,-0.00287095,-0.00030531,-0.000466657,0.00280008,0.0278959,-0.000160336,-0.00210043,0.00110374,0.0225855,0.00200055,0.000712158,0.0255625,0.000381757,0.00620225,-0.00046631,0.028659,0.0142133,-0.00470601,-0.00248283],[0.02741,0.0835813,0.0929445,0.0212694,0.142707,0.237894,0.0413746,0.00462823,-0.0658727,0.224414,-0.0336919,0.248947,-0.0378127,-0.664626,-0.0858954,-0.070267,0.527754,-0.122401,-0.052979,0.0652708,0.0657596,0.210949,0.228207,0.0894585],[0.240954,0.0735335,0.409555,-0.0840216,0.780262,0.496728,0.067092,0.17266,-0.0902587,-0.112867,0.141881,-0.0440687,-0.036598,2.74485,-0.0082557,0.0450456,1.2297,-0.0799052,-0.0311796,0.0624554,0.441988,0.547552,-0.24036,0.322957],[-0.0140704,0.00148431,-0.0467878,0.000786421,-0.0397591,-0.0474307,-0.000995852,-0.00798513,-0.00793289,-0.00726463,-0.0077994,-0.0040143,-0.00480171,-0.0790943,-0.0142866,-0.00392149,-0.11234,0.000847731,-0.00134473,-0.000915311,-0.0160979,-0.050655,-0.00318608,-0.0177274],[0.150999,0.153929,0.491313,0.117467,0.598498,0.505602,0.0468119,0.0826891,0.191413,1.81764,0.0915128,0.0568403,0.0673106,-7.65471,0.176775,0.0992433,4.95102,0.0566382,0.0754392,0.0264961,-0.819485,-0.562133,0.358778,0.202428],[0.0296035,0.104112,0.0656784,-0.0834089,0.0709864,0.0529772,-0.00794797,-0.0218744,-0.000781951,0.201916,-0.0166891,0.125962,-0.0105377,0.44899,-0.0435175,-0.0452667,-0.568291,-0.0306821,-0.0779539,0.00171828,0.074956,-0.620231,0.183748,-0.0394786],[0.0382628,0.040536,0.816184,0.0539129,-0.0330738,0.459515,0.584619,0.0186712,0.0569385,1.58861,-0.0125911,-0.590888,0.0695002,-4.30022,0.0700692,0.28891,-3.11219,0.0308657,-0.204555,0.402361,1.40401,-0.0147569,-0.0373578,0.187646],[-0.014936,-0.00609787,0.0118842,-0.010095,-0.0478984,-0.020909,-0.0190916,-0.00138407,-0.0036705,-0.0800443,0.000419829,-0.00471477,-0.00365708,0.0389071,-0.00487111,-0.00638134,0.00844682,-0.000351336,-0.0040366,-0.00746852,-0.271948,-0.0548124,-0.0407285,-0.0068891],[-0.0201044,0.0219939,0.0505124,-0.0218481,-0.0402546,0.03134,-0.00114339,-0.00690809,0.000486513,0.0148767,-0.00885606,0.00487933,0.0063543,-0.609421,-0.00600252,0.00704631,-0.277803,0.00994817,-0.058878,0.00174324,0.0247293,-0.0732925,0.0052803,0.0427618],[-0.014767,-0.00991481,0.00514819,0.0191269,-0.0570887,-0.080926,0.0729929,0.0202454,0.0085673,0.0715248,0.00644685,-0.050875,0.0189702,-0.350717,0.00148626,0.0136923,-0.368625,0.00650203,0.0107705,0.0064555,0.078195,0.131879,-0.0752632,-0.0375532],[-0.03053,0.0067704,0.047188,-0.0494837,-0.0818599,0.0286837,0.0571043,-0.00310863,0.0105963,0.513614,-0.00234554,-0.00684912,-0.0124871,-0.531194,0.0102171,0.00884548,-0.329663,-0.0283131,-0.0699889,0.00654006,-0.0691186,-0.062932,0.195676,0.0346912],[-0.0117303,-0.0202315,-0.072543,-0.0113327,0.017758,0.0531637,-0.0268812,0.0105654,-0.0124037,0.0678078,0.0193524,0.0119622,-0.013088,0.142891,0.00665054,-0.00555824,-0.217351,0.02954,-0.106841,-0.000372901,-0.462871,-0.594863,-0.00632241,0.0696567],[-0.00377386,0.0709339,-0.0920429,-0.0374795,-0.0677988,-0.0884862,-0.0767156,-0.00590813,-0.0130994,-0.129164,-0.00683862,0.107214,-0.00970017,-0.736026,-0.0355434,-0.00477239,-0.675975,-0.0089531,-0.162291,0.00162446,-0.35456,-0.463341,-0.212085,-0.0576583],[-0.0147736,0.00785438,0.0732204,0.00489785,-0.0531956,0.0135276,-0.00887138,-0.00976592,-0.00180503,0.0707411,-0.00459475,0.00609371,-0.00224441,-0.0413841,0.00246807,0.00356963,-0.0702895,-0.00797567,0.0301711,-0.0064471,0.049475,-0.0694983,-0.00397255,0.0192125],[-0.0565562,-0.192963,0.105114,0.105589,-0.0413541,-0.108908,0.0233988,-0.0127482,0.0665389,-0.281935,-0.0350325,-0.101737,0.0720206,-0.211484,0.0819032,0.0641375,-0.249146,-0.0887918,-0.11753,0.0226151,0.446093,-0.025514,0.336099,0.134432],[-0.00212763,-0.00623798,0.0643072,0.0144019,0.0177711,-0.00318016,-0.0279605,-0.00752112,-0.00466944,-0.0105114,-0.00348236,0.012083,-0.00385257,-0.0777714,0.00779722,-0.00849775,0.135178,0.0220155,-0.0172605,-0.00886518,-0.110084,0.0234795,-0.0388607,0.0160316],[-0.0116548,-0.00653313,0.0226857,0.00148433,-0.0226239,-0.000422621,-0.0154513,0.00286519,-0.00907298,-0.0250024,0.00326039,0.0144333,-0.00849504,0.239824,-0.00308451,-0.0150716,0.133594,-0.00912547,-0.0302557,-0.00449987,-0.0134252,0.0788506,-0.048468,-0.0175748],[-0.0269422,-0.0572239,0.0375796,-0.0430508,0.0141177,0.0267899,0.0183998,-0.0130836,-0.0226564,-0.261454,-0.00491768,0.0821813,-0.0360744,0.978222,-0.0258696,-0.03356,0.0652555,0.0122155,-0.0305145,-0.000244923,0.361699,-0.171308,-0.13639,-0.0632764],[-0.0371854,-0.0962623,-0.414166,-0.00361312,0.136104,0.0724217,0.081149,-0.0148625,0.024693,-0.236128,-0.0141432,-0.0148603,0.035378,1.4005,0.0450344,-0.0469914,0.551219,0.00489244,0.0386991,0.00660226,0.516949,0.0295067,0.234688,-0.128991],[-0.0854985,-0.0848022,-0.54832,0.00208313,-0.14257,-0.1309,0.0328828,-0.0276436,-0.114808,0.233981,-0.0387471,-0.0351671,-0.075379,1.19796,-0.101562,-0.0902297,0.881134,0.0803616,0.133317,-0.0163316,0.707588,1.27885,-0.0450904,0.469045],[-0.00757729,-0.0114138,-0.0101409,0.00287547,-0.0301123,-0.0204847,-0.00674678,-0.000126101,-0.00113026,0.00978569,-0.000490336,0.0104513,-0.00281429,-0.0798167,0.000137364,-0.000695296,-0.0630616,0.0214364,-0.0103899,-7.89878e-05,-0.0397843,-0.0189267,-0.0254097,-0.00060033],[-0.0246703,-0.0297659,-0.0719451,0.00646605,0.0232762,0.0195779,-0.0262061,-0.0561608,0.0194698,-0.303556,-0.0686269,-0.0210959,-0.0163718,-2.57505,-0.0202218,0.0361266,-0.571196,0.149518,0.0583313,-0.0129782,0.236114,-0.494018,-0.1521,-0.377811],[-0.0624142,-0.0408393,-0.0798622,-0.0115166,-0.121523,-0.0705766,0.0276441,0.0213641,-0.00205669,0.1673,0.0216814,-0.123519,-0.00520608,-0.388476,0.00907081,0.0339762,-0.575647,0.0199058,-0.0143287,0.0185843,0.20277,-0.199449,-0.0531568,-0.0499115],[-0.00216561,-0.144627,-0.228773,0.102355,0.0601468,-0.166492,0.0568849,0.0293277,0.0773174,0.733705,0.00421892,-0.0732661,0.0526208,6.2282,0.150119,0.0404143,2.0381,-0.00844483,0.303762,0.0233315,0.254798,0.513637,0.192885,-0.173603],[0.00069893,0.0028018,0.00749312,-0.00226702,0.000118142,0.00203447,-0.000699204,0.000542227,0.000303071,-0.0339941,0.000712452,0.00307165,0.000674294,0.00335992,-0.000540008,-0.00116855,0.0165311,0.00551668,-0.00668836,0.000352003,-0.0113027,-0.0120611,-0.00389268,0.0015229],[-0.0166147,-0.0977679,0.5808,-0.0382121,0.144382,0.315546,0.0431485,0.064152,0.0504284,0.200763,0.0338609,-0.0136088,0.056942,3.3201,0.0528309,-0.00281818,0.672833,-0.137211,-0.200786,0.0174148,-0.0179605,-0.566927,0.333444,0.323217],[-0.0896414,-0.126941,0.103069,-0.0719866,0.0135914,0.142594,0.0375443,-0.0440861,0.033453,0.925169,-0.00387601,-0.0657945,0.0350673,-1.08047,0.000385983,-0.0118967,-0.390275,-0.142601,0.115317,0.00450754,0.125581,-0.348071,0.127231,-0.264192],[-0.00146164,0.00588088,0.00768245,0.000345905,-0.0200396,-0.00981412,0.0028153,-0.000365412,-0.001514,-0.00934489,-0.00125512,-0.00857637,-0.00033874,0.0997146,0.00396667,0.00114582,0.0227758,0.00537113,-0.0114544,-0.000151016,0.0112627,-0.0216095,0.00312771,-0.0109663],[-0.112807,-0.132935,-0.529203,-0.0413437,-0.381547,-0.448643,-0.23649,-0.00753456,-0.0810844,0.503958,-0.0436748,0.0579713,-0.101113,-2.07849,0.0104466,0.0309414,-1.37762,-0.433778,-0.0525366,-0.0638544,-1.52132,0.11058,-0.737677,-0.185935],[-0.0265001,-0.116827,0.0804563,-0.0374415,0.0573858,0.0590254,0.025782,0.0176925,0.015275,0.124518,0.0112422,-0.0763874,0.0136833,0.58718,0.0194371,0.0149462,-0.130955,0.042364,-0.164282,0.00485585,-0.323401,0.0881684,0.133388,0.0542706],[-0.0219561,0.00669214,-0.181545,0.0238641,-0.199741,-0.135657,0.0371757,-0.0800583,0.0122183,-0.775906,-0.0721659,0.0929156,0.0120378,-0.35545,-0.0189859,0.023831,-0.253132,0.0389819,0.126477,-0.000247729,0.993667,0.489525,0.621776,-0.0162721],[-0.0123859,-0.0177376,-0.00788288,-0.00546995,-0.0114873,-0.00376182,-0.0265156,-0.00448791,0.0110167,0.0756969,-0.0028319,-0.0179008,0.00716949,-0.447373,0.00636285,0.0113209,-0.160407,-0.00775592,0.000856258,-0.00987767,-0.115082,-0.0493409,0.020542,-0.00279918],[-0.00435381,0.000424194,0.0553207,-0.0240364,-0.00960981,0.0371582,0.00158317,0.0028996,0.00425437,0.0450141,0.00126581,-0.00436989,-0.000515553,0.0454921,0.00351155,0.00448193,-0.0864107,0.00133389,-0.0503676,-0.000769485,-0.0550397,-0.0427041,-0.0681129,-0.0799993],[-0.022449,-0.0306584,-0.0254454,-0.00507074,-0.0340012,-0.00756301,0.00061179,0.0122118,0.0032323,-0.0451318,0.00768403,-0.0317754,0.00522904,0.0792746,0.00176984,0.00373299,-0.138553,-0.00402894,0.0351452,-0.00665368,-0.176243,0.0800792,0.14403,-2.17862e-05],[-0.00165229,0.0277321,0.0250136,-0.0195946,-0.0793826,-0.0822987,-0.0504872,-0.0180247,-0.0227577,-0.319459,-0.0153387,0.0266042,-0.012805,-0.603305,-0.0307869,-0.0118853,-0.246661,-0.018253,-0.0675586,0.00697349,-0.00427756,-0.0381352,-0.162384,-0.120804]],"sigmahat":[[0.150977,0.132164,0.0637769,0.0197489,0.241253,0.116091,0.0120812,0.0155296,0.0067495,0.0203187,0.00994455,0.00801288,0.00512723,0.85559,0.0238529,0.00922499,0.373544,0.00192849,0.0201191,0.0021708,0.237863,0.425528,0.0486571,0.00791179],[0.132164,0.235339,0.0674187,-0.000518837,0.112433,0.0608793,-0.00585921,-0.0128716,-0.010659,0.0192801,-0.0127329,0.0221187,-0.00881161,-0.0923069,0.00330214,0.000134807,0.0845263,0.0121263,-0.0310356,-0.000483169,0.153749,0.324288,-0.0283101,-0.0105936],[0.0637769,0.0674187,1.94141,-0.0835263,0.109397,0.819051,0.0306551,0.0148524,0.00867201,-0.128922,0.00510059,0.0355903,0.0142327,0.933682,-0.0112103,-0.0133238,0.383665,0.0578498,-0.13162,0.0056641,-0.342569,0.218483,-0.0010702,-0.0582776],[0.0197489,-0.000518837,-0.0835263,0.070502,0.0156877,-0.0453086,0.000378338,0.00157162,-0.000402205,-0.0063399,0.000790028,-0.00632571,-0.0011893,0.0292729,0.00629977,0.00560976,0.0148728,0.00456688,0.0593846,0.0021948,0.0772681,0.150401,0.0153899,0.00290821],[0.241253,0.112433,0.109397,0.0156877,0.853798,0.525415,0.0233764,0.066124,0.016397,0.429965,0.0524705,0.0345033,0.0037368,2.28534,0.0525257,0.00332486,1.16515,-0.0265919,0.0528048,-0.00519169,0.183414,0.605847,0.181869,0.186756],[0.116091,0.0608793,0.819051,-0.0453086,0.525415,0.885264,0.0180824,0.0551789,0.00436344,0.344825,0.0426161,0.0413201,-0.00449309,1.17001,0.017128,-0.0131236,0.76585,0.0336738,-0.0335031,0.00225547,-0.312857,0.248511,0.0942206,0.178333],[0.0120812,-0.00585921,0.0306551,0.000378338,0.0233764,0.0180824,0.119608,0.0119527,0.0250927,-0.0674186,0.00674662,-0.0754321,0.0200844,1.81352,0.0296791,0.0145329,0.326608,-0.0112097,0.0140403,0.0328062,0.431342,0.135232,0.197887,0.0390906],[0.0155296,-0.0128716,0.0148524,0.00157162,0.066124,0.0551789,0.0119527,0.0337218,0.0128253,-0.0549409,0.0219415,-0.0178069,0.00765726,0.641264,0.0128263,0.0034184,0.265298,-0.00210164,-0.00125618,0.00500084,-0.0212504,0.104158,0.0272894,0.0266649],[0.0067495,-0.010659,0.00867201,-0.000402205,0.016397,0.00436344,0.0250927,0.0128253,0.0437333,-0.0275116,0.00688644,-0.0332011,0.0302256,0.785543,0.037605,0.0263541,0.159181,-0.0107331,0.0137956,0.00700222,0.115455,0.0172058,0.0838196,0.00347492],[0.0203187,0.0192801,-0.128922,-0.0063399,0.429965,0.344825,-0.0674186,-0.0549409,-0.0275116,6.37765,-0.0103682,-0.0754355,-0.0687611,-11.0507,0.0381544,0.222479,-4.12127,-0.171637,0.0847604,-0.0378522,0.476802,-0.771593,-0.31964,0.264498],[0.00994455,-0.0127329,0.00510059,0.000790028,0.0524705,0.0426161,0.00674662,0.0219415,0.00688644,-0.0103682,0.0201942,-0.0137325,0.00347575,0.381411,0.00853619,0.000998476,0.15824,-0.000979385,-0.00183241,0.00316975,-0.0215745,0.0351567,0.00483063,0.0221718],[0.00801288,0.0221187,0.0355903,-0.00632571,0.0345033,0.0413201,-0.0754321,-0.0178069,-0.0332011,-0.0754355,-0.0137325,0.188481,-0.0231676,-0.884173,-0.0369122,-0.0301697,-0.0963267,0.00388778,0.006578,-0.026445,-0.318737,-0.0940953,-0.12399,-0.044174],[0.00512723,-0.00881161,0.0142327,-0.0011893,0.0037368,-0.00449309,0.0200844,0.00765726,0.0302256,-0.0687611,0.00347575,-0.0231676,0.0295508,0.617043,0.0270453,0.0182128,0.0987148,-0.00424674,0.0103075,0.00717787,0.0872542,0.0380091,0.0684145,-0.00136394],[0.85559,-0.0923069,0.933682,0.0292729,2.28534,1.17001,1.81352,0.641264,0.785543,-11.0507,0.381411,-0.884173,0.617043,106.59,1.15589,-0.0691123,23.5045,-0.134238,0.0436449,0.213487,5.56711,6.90007,4.85633,1.2849],[0.0238529,0.00330214,-0.0112103,0.00629977,0.0525257,0.017128,0.0296791,0.0128263,0.037605,0.0381544,0.00853619,-0.0369122,0.0270453,1.15589,0.0623527,0.0352107,0.326892,-0.00472715,0.0133541,0.00719725,0.115898,0.0683232,0.0995138,0.0194193],[0.00922499,0.000134807,-0.0133238,0.00560976,0.00332486,-0.0131236,0.0145329,0.0034184,0.0263541,0.222479,0.000998476,-0.0301697,0.0182128,-0.0691123,0.0352107,0.0587741,-0.344422,-0.00559063,0.00616995,0.00841046,0.152404,-0.0119931,0.0359658,0.00142336],[0.373544,0.0845263,0.383665,0.0148728,1.16515,0.76585,0.326608,0.265298,0.159181,-4.12127,0.15824,-0.0963267,0.0987148,23.5045,0.326892,-0.344422,16.125,0.0399166,0.111734,-0.00715151,-0.129021,2.82356,1.23641,0.378221],[0.00192849,0.0121263,0.0578498,0.00456688,-0.0265919,0.0336738,-0.0112097,-0.00210164,-0.0107331,-0.171637,-0.000979385,0.00388778,-0.00424674,-0.134238,-0.00472715,-0.00559063,0.0399166,0.0998384,-0.0111057,-0.00284297,-0.118365,0.0802299,-0.0568568,0.000540946],[0.0201191,-0.0310356,-0.13162,0.0593846,0.0528048,-0.0335031,0.0140403,-0.00125618,0.0137956,0.0847604,-0.00183241,0.006578,0.0103075,0.0436449,0.0133541,0.00616995,0.111734,-0.0111057,0.337343,-0.00670494,0.15361,0.143722,0.147007,-0.013168],[0.0021708,-0.000483169,0.0056641,0.0021948,-0.00519169,0.00225547,0.0328062,0.00500084,0.00700222,-0.0378522,0.00316975,-0.026445,0.00717787,0.213487,0.00719725,0.00841046,-0.00715151,-0.00284297,-0.00670494,0.0210714,0.121348,0.0169328,0.0280424,0.0029218],[0.237863,0.153749,-0.342569,0.0772681,0.183414,-0.312857,0.431342,-0.0212504,0.115455,0.476802,-0.0215745,-0.318737,0.0872542,5.56711,0.115898,0.152404,-0.129021,-0.118365,0.15361,0.121348,5.6722,1.59521,0.770335,0.14214],[0.425528,0.324288,0.218483,0.150401,0.605847,0.248511,0.135232,0.104158,0.0172058,-0.771593,0.0351567,-0.0940953,0.0380091,6.90007,0.0683232,-0.0119931,2.82356,0.0802299,0.143722,0.0169328,1.59521,4.83224,0.289012,0.215175],[0.0486571,-0.0283101,-0.0010702,0.0153899,0.181869,0.0942206,0.197887,0.0272894,0.0838196,-0.31964,0.00483063,-0.12399,0.0684145,4.85633,0.0995138,0.0359658,1.23641,-0.0568568,0.147007,0.0280424,0.770335,0.289012,1.17513,0.172121],[0.00791179,-0.0105936,-0.0582776,0.00290821,0.186756,0.178333,0.0390906,0.0266649,0.00347492,0.264498,0.0221718,-0.044174,-0.00136394,1.2849,0.0194193,0.00142336,0.378221,0.000540946,-0.013168,0.0029218,0.14214,0.215175,0.172121,0.561542]],"n":24,"lags":3}