{"betahat":[[0.696941,-1.18143,-6.34942,1.83699,3.11383,-2.14625,4.1254,-0.652147,0.590111,1.90817,-1.07184,0.981367,0.312949,167.691,3.09422,0.58134,38.3137,35.1527,30.3158,2.13384,3.47797,10.6422,4.56106,4.52701,-1.22508],[1.04645,0.0587056,0.328808,0.0620305,0.164009,0.218263,0.0450487,0.0115899,-0.0137335,-0.375433,-0.00154522,-0.00984043,-0.0304565,3.45854,0.0513996,-0.00731164,1.61183,-0.0147886,0.0821559,0.0156896,0.608699,0.126211,1.31074,0.117118,-0.0123779],[0.0934269,0.975211,0.113487,0.0421251,0.262797,0.304989,0.130083,-0.00102724,0.00750341,0.641683,0.0101894,-0.0914134,-0.00247198,3.71134,0.0963559,0.0198608,1.17965,0.0100294,0.253448,0.00954776,0.909122,0.129146,0.811846,0.309021,0.0941608],[-0.039792,-0.0733527,0.538326,0.006289,-0.0444577,-0.260747,-0.0140563,0.00463594,-0.00100373,-0.115061,0.000272864,0.0183407,0.00688623,-0.624432,-0.00703374,0.00136601,-0.149115,0.00897109,-0.0377579,-0.00531205,-0.0959284,0.0480838,-0.06697,-0.0501149,-0.0267609],[0.277634,0.445579,-0.0711685,0.798773,0.356519,0.138051,-0.0379041,0.0386333,-0.0173943,0.257873,0.042835,0.158925,-0.00332652,2.61445,-0.0621361,-0.0939845,1.34453,-0.00848564,0.154239,-0.0261627,-0.361303,0.0311558,0.654368,0.200938,-0.108453],[-0.00188849,-0.0178206,0.0969122,-0.026125,0.975173,0.0995393,0.035416,0.0304483,-0.00546786,-0.340244,0.0212509,-0.0350685,0.000956417,0.78074,-0.023603,-0.00585194,-0.00201698,-0.0107577,-0.00350152,0.0145092,0.0123157,-0.0300035,-0.106884,0.0875396,-0.0364992],[-0.00212855,-0.0228694,-0.158944,-0.0075844,-0.0374939,0.857315,0.00522485,0.000303436,0.00403007,-0.183568,0.000417774,0.0163806,0.00906389,-0.29931,-0.010982,0.0150774,-0.231387,0.0253011,0.0422613,-0.00803425,0.0255692,0.00454651,-0.224131,0.0297541,0.0277693],[0.0731819,0.133814,-0.386633,0.0331872,-0.0293591,-0.237024,0.803964,0.0285522,-0.00435057,0.108821,0.0325044,0.0306079,-0.024746,-0.59033,-0.0138306,0.00296592,0.0463339,0.0291443,0.0826137,-0.126336,-1.16797,-0.346714,0.446858,-0.0766265,0.102932],[-0.0938169,-0.185203,0.00292561,0.250544,-0.47462,-0.370564,0.068085,1.0579,0.0390189,-1.08347,0.250241,-0.0954227,-0.0858513,-0.819345,-0.0822693,0.0145164,-2.22323,-0.181061,-0.576047,0.0455063,-1.02087,0.0823921,-1.83164,0.119838,0.328303],[0.345994,-0.000738393,0.376724,-0.19164,1.00961,0.452151,0.303541,0.194038,1.06795,-0.861863,0.0961232,-0.242089,0.295714,9.42143,0.0931697,0.0809132,2.00811,-0.31467,0.495044,0.143478,0.229641,-0.103254,0.461597,0.563019,0.105543],[-0.00478972,0.00305044,0.0282096,-0.0132137,0.0394728,0.062308,-0.00204357,-0.00520487,-0.00537834,1.27394,-0.00142005,0.000373958,0.00478361,-0.836914,-0.00601571,0.0088523,-0.25835,-0.033042,0.0169467,0.00250412,-0.0387017,0.00945644,0.00197648,-0.018239,0.0762451],[0.0722136,0.311412,0.52344,-0.0024015,-0.153838,0.358535,-0.211155,0.010544,-0.00729351,1.57843,0.948113,0.0677792,0.0630053,4.72547,0.126158,0.0528419,0.995762,0.176851,0.466982,-0.0897702,-1.87421,-0.376142,0.932044,-0.246603,0.318769],[0.0215916,-0.0294778,0.146719,0.0210266,0.0295817,0.185996,-0.0275093,-0.0102682,0.00270026,-0.530711,-0.0254026,1.16013,-0.0284009,-0.403144,-0.0329664,-0.0357027,-0.149188,-0.00218406,-0.0084059,0.0306279,-0.935626,-0.0328488,-0.14873,-0.1752,0.0822469],[-0.468745,-0.391262,0.361933,0.0251981,-0.799788,-0.0986347,0.0767749,0.0650603,-0.023863,-0.398233,0.0370619,-0.428274,0.787681,0.122341,-0.157198,-0.16535,-0.967688,0.0229819,-0.298986,0.00159591,-0.443298,0.438523,-0.9783,-0.165717,0.422487],[-0.00224847,-0.00353318,-0.00902018,-0.00337008,0.00139838,0.00503119,-0.0041676,0.000746982,-0.00381493,0.0421693,0.000420456,0.00154457,0.00343455,0.654816,-0.00243649,0.00240724,-0.0815407,-0.00186573,-0.00285588,0.000321116,-0.0182244,0.00596453,-0.02541,0.00160584,0.011063],[0.327661,0.212417,0.58416,-0.015645,0.777106,0.619607,-0.144127,0.128358,-0.0382121,0.0960815,0.140482,0.226652,-0.0866487,-3.27805,0.956681,0.0261862,1.24502,0.129119,-0.240634,-0.11174,0.516016,-0.204102,1.90458,-0.889988,-0.124326],[-0.169081,0.0710213,-0.820621,0.205578,-1.00494,-0.905306,-0.184241,-0.157795,0.104546,-0.574629,-0.108562,0.0300754,0.0644344,-5.42669,-0.0020863,0.901948,-2.98163,0.0985912,0.120407,-0.0406148,1.32805,-0.21587,-0.587687,0.128142,-0.0888642],[0.010014,-0.0117897,0.0477669,6.84159e-05,0.0484776,0.0570127,-0.000674766,0.0112864,0.00970069,0.0229672,0.0116674,0.00267455,-0.00147959,0.0168735,0.00771888,0.00233354,1.04048,7.70629e-05,0.0119524,0.000852253,0.00214642,0.0102096,0.0663509,-0.00596598,0.040357],[0.00216878,0.0332082,0.168136,-0.0634688,-0.224536,-0.0274474,0.179946,-0.0732053,-0.117351,-2.5514,-0.0456487,-0.123211,0.0685226,10.3149,-0.153457,-0.138919,-2.91989,0.519326,0.0167726,0.0333459,2.15292,-0.0596716,0.862476,0.334734,-0.0591047],[0.0227646,0.106223,-0.421393,0.125676,-0.12556,-0.147919,-0.043001,-0.0117135,0.0104342,-0.531148,-0.0148599,0.0156401,-0.0424806,-1.24022,0.0333718,0.00477125,1.17012,-0.0234818,0.589379,-0.0276804,0.0826651,-0.394576,0.511249,-0.222442,-0.0441223],[0.0982677,0.0531546,-0.596755,-0.0693284,0.600367,0.125519,-1.14315,0.0961866,-0.0538106,1.24346,0.0535788,0.84891,0.0209836,-5.5196,-0.0465446,-0.048478,-0.240075,-0.0796369,-0.548212,0.347498,-3.28404,0.15104,-0.244661,-1.14775,-0.0402598],[-0.000432422,0.0129403,0.0633,0.00570645,-0.0330005,0.0506302,0.0262052,-0.0107231,0.0116072,0.044572,-0.0114409,0.0315672,0.00456171,0.435478,0.0124078,0.00553407,-0.0235101,-0.00415386,-0.0221289,-0.00122696,-0.143467,-0.0517895,0.0429163,-0.0640016,0.0231708],[0.0535942,0.0206194,0.29373,0.00831335,0.119209,0.119746,0.0375349,0.00641139,-0.00857389,0.536716,0.0119412,-0.0502189,0.0257931,-0.0711169,0.00132825,0.0379053,-0.637248,-0.0262578,-0.018527,0.011703,0.140462,0.919547,0.0218883,-0.0299114,-0.0158947],[0.0122804,0.0559031,0.0722757,0.0111236,0.0443668,0.0563851,0.0278274,-0.00243913,0.00524127,-0.13549,-0.000749605,-0.0183159,0.011086,0.457252,-0.000358523,-0.0101662,-0.157921,0.0152228,-0.0640884,0.0202115,0.0348178,-0.0870069,0.133518,0.0104986,-0.0124476],[0.0283965,0.0180843,-0.117199,-0.0278372,0.105546,0.034885,0.176446,0.0136598,0.0437425,-0.116178,0.00967751,-0.073081,0.0274304,1.72473,0.0321978,0.0153744,0.024482,-0.0447603,0.102109,0.0554451,0.757094,0.016964,-0.090348,0.575634,-0.017143],[0.0566401,0.0342748,-0.0257265,0.0524586,-0.119044,-0.285161,-0.0604941,-0.0325127,-0.0332673,-0.686959,-0.0144149,9.27031e-05,-0.0430498,-0.681209,-0.0343269,-0.0555715,0.473543,0.0166322,-0.00799727,-0.0201494,0.130178,0.030071,-0.2544,-0.000240649,0.269276],[-0.0721581,-0.0751984,-0.213849,-0.0440546,-0.201483,-0.228863,-0.0111635,-0.0150875,0.025842,0.394764,-0.0138854,-0.0179928,0.0599444,-3.78448,-0.0614427,0.0128411,-1.558,-0.0188457,0.00730157,-0.0116171,-0.207099,0.0482154,-0.880059,-0.0810739,-0.0202731],[-0.0817634,-0.0413828,-0.000285238,0.00886367,-0.180556,-0.214112,-0.0469971,0.0067167,0.00610972,-0.291402,-0.00202584,-0.0189418,0.0129811,-3.21317,-0.0606468,-0.00535575,-0.764753,-0.0167635,-0.0952796,-0.00558521,-0.500859,-0.0148615,-0.382658,-0.0871292,-0.052046],[0.0577153,0.0671219,0.393617,-0.0126856,0.102582,0.250299,0.0240073,0.00581507,0.00239848,0.0341391,0.0046526,-0.0218749,-0.00506832,0.66872,0.00350799,-0.00419688,0.215389,-0.000939055,0.00236723,0.012223,0.0572736,-0.0595647,0.140046,0.053543,0.00941202],[-0.211916,-0.231374,-0.111852,0.109617,-0.304966,-0.0398844,-0.0133002,-0.0401793,-0.0545211,0.433117,-0.0223157,-0.0128667,-0.0493838,-3.22875,-0.0181033,0.0455716,-1.56075,0.0801161,-0.0425625,-0.00356645,-0.129062,-0.186874,-0.707656,-0.462733,-0.00327532],[-0.0074458,0.00719479,-0.16846,0.00995549,-0.00400311,-0.0945634,-0.00250166,-0.0195104,0.0118169,0.317768,-0.0153837,0.0100769,0.00821019,-0.620261,0.0166036,0.0108283,-0.0221932,-0.00438607,0.0212463,-0.00514054,0.0823014,0.0916499,0.0626053,-0.0395049,0.0310578],[0.0116093,0.0323183,0.122683,0.00595739,0.0526978,0.130679,0.00809255,-0.0057496,0.00365845,0.224142,-0.00653038,-0.0272346,-0.00505352,0.0151657,0.0110747,-0.00197087,0.0571549,-0.0153825,-0.0142258,0.0102453,-0.00501032,-0.0210601,0.134536,0.0246311,-0.0111875],[-0.0398798,-0.0826971,0.449592,0.00210797,0.0270695,0.23204,0.187647,-0.00607747,0.0317415,0.0186467,-0.0179504,-0.15227,0.0601869,-0.0558091,0.0456544,0.0329351,0.108367,-0.0259104,-0.0420948,0.124465,0.798162,0.255611,-0.182437,0.206054,-0.0474846],[-0.107889,-0.0214168,-0.389739,-0.0563558,-0.228471,-0.538242,0.142282,-0.0699148,0.0251827,-0.289306,-0.114524,0.0137171,0.158355,-1.49348,-0.00120048,0.113761,-0.868535,-0.137698,-0.270941,0.0684361,1.10203,0.0308313,0.751573,0.299804,0.240437],[-0.06303,0.198624,-0.329105,0.0161964,-0.23327,-0.3996,-0.173445,-0.207327,-0.143997,-0.192594,-0.0800661,-0.0310773,-0.20064,-5.34223,-0.0641364,-0.140888,-0.458155,0.0313572,0.161542,-0.0619453,-1.06049,-0.409586,-0.580307,-0.459939,-0.444169],[0.0107467,-0.00501708,-0.00985198,0.00549927,0.0093182,-0.0236204,0.00176699,0.0104072,0.00561367,-0.299503,0.00823147,-0.00184491,-0.00513982,0.34383,0.00682243,-0.00602624,0.324836,0.00149327,-0.0076633,-0.000713648,0.0560419,-0.0242476,-0.00173392,0.0339111,-0.0152775],[0.0227074,-0.0403893,-0.312269,-0.046263,0.166868,0.0657839,0.00370237,-0.0822019,0.0144389,0.259893,-0.157576,0.102923,0.0163437,-0.812741,0.0460086,0.0603325,0.459528,-0.0117183,0.200328,-0.0103363,0.48393,-0.0928404,-0.0257057,0.00742346,0.0183127],[0.0203412,0.0446074,-0.0554479,-0.0103279,0.0966408,-0.0851242,-0.00327292,-0.011937,-0.00996996,0.433966,0.00292105,-0.0333077,-0.00964693,0.317102,0.00272081,-0.0036288,0.496027,-0.0163322,0.0158244,-0.0518749,0.731654,0.108254,0.218065,0.257826,-0.00345941],[0.144402,0.116052,0.0414069,-0.0860257,0.425584,0.200074,0.0334546,-0.0256582,-0.041022,0.137795,0.00577527,0.0444157,-0.0564561,0.0772608,-0.0246366,0.0698564,-0.123849,0.0985155,-0.0801593,0.0311223,0.844696,-0.388004,-0.334528,-0.321445,-0.135463],[0.000105394,-0.0025121,0.00517473,0.00280912,-0.00018723,-0.0021564,-0.000233426,-0.000305165,0.00292868,0.0244372,-3.90357e-06,-0.00121104,0.000302087,0.0307841,0.00261395,0.00065886,0.0406833,0.000660823,0.00787843,-0.000446949,0.0275562,0.00639867,0.0202457,-0.00443607,-0.00345471],[0.0250685,0.0938888,0.00390189,0.0340153,0.056709,0.183723,-0.0153406,-0.00942361,-0.0623964,0.238158,-0.0418127,0.262436,-0.0021961,-1.50579,-0.123681,-0.0811488,-0.389529,-0.126647,-0.0131969,0.0627233,0.117273,0.169989,0.299198,0.207863,-0.0166083],[0.227683,0.0833791,0.290838,-0.0497102,0.68708,0.428302,0.0548902,0.183042,-0.0731706,-0.105018,0.141068,-0.020502,0.0325112,2.73893,0.00806715,0.0204937,1.28065,-0.119416,-0.0136224,0.0557466,0.127901,0.220831,0.743507,-0.188986,0.371874],[-0.0127448,0.00321351,-0.0555493,0.00180138,-0.0343442,-0.0480091,-0.00221245,-0.00918359,-0.00880908,0.0286017,-0.00868258,0.000228378,0.000736991,-0.12701,-0.0139575,-0.00175552,-0.143202,-0.00139663,-0.00202636,-0.000605864,-0.0164238,0.0137385,-0.0650812,-0.00319954,-0.0182142],[0.21843,0.188809,0.525813,0.104563,0.693883,0.521035,0.0437867,0.0759531,0.18874,1.53785,0.0925252,0.0870431,-0.0723052,-8.25609,0.164844,0.111334,4.9263,0.0992953,0.107513,0.0256544,-0.549116,-0.0202358,-0.335428,0.272177,0.138859],[0.0481569,0.0837065,0.272474,-0.0754543,0.135627,0.139782,0.0261042,-0.0131552,0.00131623,0.471412,-0.0085206,0.0852331,-0.00845152,0.809678,-0.0344682,-0.0240998,-0.74939,-0.0449459,-0.0879919,0.0107046,0.183071,0.160916,-0.603612,0.249641,0.00819689],[0.0481846,0.048892,0.692265,0.0495257,-0.0986024,0.338921,0.550135,0.00752345,0.0636576,1.41363,-0.0208923,-0.600855,0.169464,-4.66123,0.0425322,0.277884,-3.63098,0.0260442,-0.172626,0.398964,1.50595,-0.151627,0.193772,-0.114732,0.126973],[-0.0116018,-0.00129228,0.0143782,-0.00978925,-0.0448913,-0.0216458,-0.0179249,-0.00188016,-0.00308141,-0.0628491,-0.000173188,-0.000833354,0.00409315,0.0585526,-0.00137337,-0.0039656,0.0466602,-0.00223574,-0.0081992,-0.00723395,-0.276113,-0.0314415,-0.0475696,-0.038675,-0.00489758],[-0.0147171,0.0282094,-0.257881,-0.00324979,-0.0596862,-0.111723,-0.0304504,-0.0081589,-0.00127023,-0.394765,-0.00911172,0.0558495,-0.027075,-0.403907,-0.0184593,-0.0284969,0.159329,0.011136,0.0172685,-0.0053802,-0.0459838,0.0220596,0.0100333,-0.0550147,-0.0574434],[-0.0171941,0.0227825,0.0667782,-0.0247866,-0.0296609,0.0421584,0.000976211,-0.00661326,-0.000460523,-0.0108293,-0.00793129,0.00515506,0.00748719,-0.581203,-0.00536277,0.00729003,-0.237327,0.0120122,-0.0540031,0.0022336,0.0210025,-0.0997413,-0.0726973,0.00755028,0.041738],[-0.0171803,-0.0089776,0.0271766,0.016189,-0.0611422,-0.0704626,0.0711749,0.0202659,0.0086108,0.0681848,0.00624691,-0.045996,0.0119206,-0.624132,0.000509371,0.0128176,-0.40294,0.0025012,0.0134117,0.00455552,0.0264207,0.0197491,0.0972022,-0.0499206,-0.0277056],[-0.0335279,0.00231487,0.0494847,-0.0487938,-0.0878629,0.021217,0.0593484,-0.00255765,0.010891,0.502112,-0.00123463,-0.0174852,0.00427682,-0.463057,0.00364302,0.00684215,-0.43146,-0.0262085,-0.0772103,0.00686542,-0.0309242,-0.0301182,-0.0559207,0.190907,0.0370845],[0.0255477,0.0164021,-0.114473,-0.0181396,0.0370525,0.0107202,-0.0338675,0.00347243,-0.0121249,-0.0204481,0.0153956,0.027803,-0.0294733,0.326379,0.0100027,-0.0055779,-0.0527672,0.0337402,-0.0895961,-0.00412034,-0.401497,-0.174725,-0.431048,-0.0358514,0.0326451],[-0.0120019,0.0658786,-0.112502,-0.0511161,-0.0829907,-0.0911203,-0.0830352,-0.00573099,-0.0136336,-0.351958,-0.00819911,0.110389,-0.0105886,-0.496672,-0.0357875,-0.0146077,-0.413852,0.00692195,-0.158476,-0.00399567,-0.408705,-0.114349,-0.429177,-0.221953,-0.0423068],[-0.0182853,0.00569918,0.0672736,0.00646058,-0.0585755,0.00979056,-0.00977796,-0.0104589,-0.00135735,0.0777352,-0.00493427,0.00366138,-0.00173643,-0.0376163,0.00351186,0.00276465,-0.0640354,-0.00820037,0.0353063,-0.00691555,0.0388255,0.0114508,-0.0739966,-0.00242629,0.0172079],[-0.0658886,-0.214357,0.183277,0.0914728,-0.0519338,-0.0984309,0.0512687,0.00143932,0.0718975,-0.692272,-0.0205602,-0.145983,0.0526213,0.61848,0.0802269,0.0482772,0.217695,-0.0714663,-0.111314,0.0296323,0.490228,0.155406,0.0526317,0.262253,0.111557],[0.00890263,0.0102759,0.0722248,0.0159862,0.0278548,-0.00535547,-0.0329786,-0.0109834,-0.00646533,0.0205166,-0.00585777,0.0249356,-0.00924904,-0.160707,0.00687061,-0.00506281,0.0246371,0.0157059,-0.0183475,-0.00942699,-0.0959118,-0.0619095,0.0438152,-0.0487363,0.00536837],[-0.00986931,-0.00989564,0.0366766,0.00149342,-0.0160472,0.0113755,-0.0133147,0.00546435,-0.00774069,-0.0432501,0.00614173,0.0108628,-0.00408909,0.287588,-0.000218812,-0.0132314,0.176334,-0.00966875,-0.0284958,-0.00227487,-0.0212789,0.016616,0.089046,-0.0546406,-0.0166468],[-0.0349971,-0.0523658,-0.0578621,-0.0361586,-0.00182837,0.00419362,0.00715777,-0.0224032,-0.0274215,-0.131326,-0.0141623,0.121047,-0.0368172,0.635354,-0.0313514,-0.036203,-0.138393,0.00175781,-0.0372644,0.00103986,0.355472,0.0874754,-0.267286,-0.137158,-0.0573895],[-0.00976342,-0.068773,-0.388026,-0.0146511,0.158063,0.0634654,0.086927,-0.019058,0.0214599,-0.502955,-0.0170866,-0.01683,0.000344025,2.09597,0.0550899,-0.0487682,0.953038,0.0206844,0.0450939,0.00066715,0.644868,0.166974,0.191684,0.223093,-0.15459],[-0.074851,-0.0921943,-0.573939,0.0264864,-0.22093,-0.267575,0.0464555,-0.0141377,-0.0907435,0.211506,-0.0300009,-0.112725,-0.172994,3.24792,-0.0767938,-0.0920616,1.51564,0.0971299,0.175751,-0.0117314,0.822435,0.399075,1.75452,-0.205629,0.395872],[-0.00470495,-0.00718754,0.00139608,0.00218605,-0.0266168,-0.0154563,-0.00429999,0.000323368,-0.00161436,0.0190611,0.000287766,0.00838441,0.00222231,-0.119628,0.000439562,0.000629594,-0.0788676,0.0218648,-0.0137757,0.000822702,-0.0398776,-0.0153102,-0.0241992,-0.0333041,-0.00150555],[-0.0125614,-0.0220393,-0.130512,0.00954155,0.00111347,-0.0302773,-0.0295178,-0.0549113,0.0301971,-0.511547,-0.0682237,-0.0201465,-0.034007,-2.19873,-0.00404063,0.0268856,-0.177505,0.166133,0.102534,-0.0118012,0.161451,0.0495815,-0.345298,-0.191259,-0.428204],[-0.0428973,-0.0169042,-0.0926113,-0.010693,-0.126037,-0.102528,0.0337708,0.0224111,0.00838074,0.0843173,0.0224649,-0.127358,0.0386929,0.143642,0.0304875,0.0389468,-0.32835,0.0156941,-0.00365613,0.0212736,0.212215,-0.0740036,-0.0721026,-0.0696684,-0.0785266],[-0.0430233,-0.157646,-0.00243347,0.0104939,0.165813,0.225828,-0.0531982,0.0255891,0.0155201,0.0783342,0.0190132,0.0568029,0.0234722,-0.830184,0.0304454,-0.0175798,0.41034,-0.00375655,0.33198,-0.0186764,-0.790066,0.278359,-0.0549393,0.474882,-0.094582],[0.000374305,0.00251078,0.00841229,-0.00255361,-0.00053297,0.00201534,0.000149146,0.000885386,0.000871554,-0.0417171,0.000911806,0.00248261,-0.00146934,0.0272809,0.00063182,-0.00115689,0.0417051,0.00606077,-0.00583178,0.000463594,-0.0166206,-0.0134118,-0.0125458,-0.00304969,0.00191954],[0.012214,-0.0772175,0.496087,-0.0146851,0.175027,0.278052,0.0450811,0.0604529,0.0511454,0.404403,0.0261509,-0.00127013,0.0836462,3.86597,0.0635265,0.00962812,0.506301,-0.153029,-0.217921,0.018582,0.192827,-0.0111004,-0.466182,0.359923,0.34668],[-0.0776037,-0.0666824,-0.00698427,-0.0565205,-0.0686184,-0.0034188,0.0437164,-0.0651759,0.0471906,1.01042,-0.0285924,-0.0325882,-0.0408796,-0.678045,0.0209047,0.00594841,-0.301242,-0.181095,0.0502599,0.00788572,0.30937,0.0854738,-0.286133,0.109821,-0.240617],[0.000281273,0.00661739,0.00660457,-8.79431e-06,-0.0138157,-0.00576882,0.00185804,-0.000542845,-0.00117387,-0.00797483,-0.00149242,-0.00506007,0.00401563,0.0716079,0.0052193,0.00181301,0.0354995,0.00518751,-0.00747104,-0.000679267,0.00324734,-0.0179319,-0.0210629,0.012772,-0.0134058],[-0.206937,-0.183603,-0.569936,-0.0377358,-0.506498,-0.441527,-0.248568,-0.00313452,-0.0911572,0.786217,-0.0467235,0.0254722,-0.0175904,-2.60914,-0.0106532,0.02088,-1.82966,-0.462787,-0.148121,-0.0650521,-1.80069,0.0229031,-0.364036,-0.708042,-0.0626257],[-0.0259521,-0.105431,0.130725,-0.0389549,0.0728357,0.0909098,0.0340561,0.0194853,0.00914556,0.248348,0.0160211,-0.0932706,0.0314073,0.19102,0.0115672,0.0180437,-0.311128,0.0418671,-0.175808,0.0103293,-0.337905,0.124355,0.0295119,0.0899573,0.0325672],[-0.00226658,0.0244078,-0.180598,0.0339156,-0.220247,-0.208748,0.0518827,-0.0759418,0.0165688,-0.964952,-0.0651698,0.0540781,0.00430067,-0.15635,-0.030707,0.0221027,-0.352429,0.0313467,0.136767,0.00644371,1.17277,0.0292805,0.680086,0.555188,-0.0842162],[-0.00821496,-0.0136156,-0.0122772,-0.00431066,-0.00529479,-0.00396365,-0.0265434,-0.00528882,0.0123437,0.0904893,-0.00347893,-0.0145212,0.0148409,-0.458688,0.00979671,0.014722,-0.152812,-0.00912919,0.00036382,-0.00961847,-0.117221,-0.0101939,-0.0428499,0.0240417,-0.000674408],[-0.0216919,-0.0387789,-0.0626752,-0.0087699,-0.0468682,-0.0364016,-0.0221523,-0.00347204,0.00257383,-0.229515,-0.00451144,-0.00537309,-0.000548938,0.316014,-0.00432507,-0.0139111,0.198555,0.019821,0.00691737,-0.0108048,0.0114162,0.0215616,0.071229,0.0358884,0.037705],[-1.31263e-05,0.00529142,0.0724761,-0.0268843,0.000164492,0.0499415,0.0019649,0.00318907,0.00361815,0.0442284,0.00208803,-0.00294417,-0.00460221,0.0509127,0.00461398,0.00487083,-0.0684885,0.00164307,-0.0468898,-0.00104168,-0.0754293,-0.0893296,-0.0430073,-0.0763821,-0.0904383],[-0.0188754,-0.023742,-0.0206903,-0.00849525,-0.035179,-0.00987702,0.00474844,0.0121054,0.00237391,-0.110842,0.00785493,-0.0290354,-0.000386606,0.167938,0.00299628,0.00242037,-0.0641512,-0.00339627,0.0353623,-0.00686151,-0.17594,-0.033111,0.103355,0.135753,-0.0086132],[-0.00948795,0.0261101,0.0437223,-0.0194603,-0.0987456,-0.084817,-0.0537574,-0.0204018,-0.0262713,-0.261972,-0.016382,0.0146806,-0.00714425,-0.681343,-0.0394931,-0.0158257,-0.404414,-0.0198005,-0.087248,0.0074711,0.00552676,-0.0220854,-0.0723299,-0.185756,-0.126648]],"sigmahat":[[0.135236,0.117464,0.0718834,0.0178193,0.221709,0.119613,0.0128914,0.0172246,0.00615241,-0.0151716,0.0108317,-0.000381968,-0.0102201,0.886276,0.0207221,0.0029889,0.414888,0.00609627,0.0143102,0.00159115,0.211303,0.0027453,0.39308,0.0484388,0.0179047],[0.117464,0.217976,0.088398,-0.00354501,0.101083,0.0773665,-0.00569327,-0.0110729,-0.0114631,-0.000812189,-0.0113318,0.0125942,-0.021532,-0.100081,-0.000594276,-0.00525536,0.0856235,0.0166225,-0.0352582,-0.00122312,0.132612,-0.107815,0.282015,-0.0216968,0.00316019],[0.0718834,0.088398,1.85166,-0.089772,0.101651,0.784087,0.0145758,0.0109763,0.0117694,-0.312743,0.00103115,0.0609886,-0.0469562,0.917777,-0.010982,-0.0228358,0.581575,0.0637664,-0.126005,-0.000102076,-0.388383,-0.258772,0.25398,0.00200494,-0.0635618],[0.0178193,-0.00354501,-0.089772,0.0715667,0.013478,-0.0481259,6.307e-05,0.00150272,-0.000747065,0.0151266,0.000583109,-0.0068759,0.00459561,0.0318338,0.00447181,0.0061274,-0.0321358,0.00332264,0.0571407,0.00264692,0.0934755,0.0472871,0.147637,0.014652,8.07411e-05],[0.221709,0.101083,0.101651,0.013478,0.814775,0.506164,0.0209459,0.0660144,0.015579,0.353219,0.0506871,0.0281148,-0.0231551,2.31806,0.046581,-0.00659752,1.21915,-0.0217714,0.0354723,-0.00762376,0.144051,0.178961,0.580868,0.171118,0.196162],[0.119613,0.0773665,0.784087,-0.0481259,0.506164,0.847718,0.0087039,0.0509487,0.00387585,0.259748,0.0381719,0.0525903,-0.033094,1.08522,0.0110011,-0.0183115,0.745405,0.034137,-0.0476776,-0.00080847,-0.317591,-0.0357911,0.262585,0.0787746,0.173602],[0.0128914,-0.00569327,0.0145758,6.307e-05,0.0209459,0.0087039,0.113912,0.0115886,0.0254001,-0.111664,0.00657844,-0.0718279,0.0142121,1.83827,0.0298456,0.0132653,0.365924,-0.00902675,0.0211023,0.0308007,0.416118,0.0284712,0.159541,0.194703,0.0321986],[0.0172246,-0.0110729,0.0109763,0.00150272,0.0660144,0.0509487,0.0115886,0.0328845,0.0132237,-0.0696248,0.0212827,-0.016732,0.00747476,0.652321,0.0133476,0.00351938,0.281719,-0.00128453,0.000217412,0.00488801,-0.0171562,0.0209921,0.119086,0.0242053,0.0231047],[0.00615241,-0.0114631,0.0117694,-0.000747065,0.015579,0.00387585,0.0254001,0.0132237,0.0434274,-0.0355545,0.00757676,-0.0360566,0.0214523,0.813261,0.0368241,0.0256416,0.168497,-0.00970021,0.0142588,0.0071559,0.118447,-0.00413029,0.0219806,0.0780554,0.00183193],[-0.0151716,-0.000812189,-0.312743,0.0151266,0.353219,0.259748,-0.111664,-0.0696248,-0.0355545,6.56564,-0.0257184,-0.0399274,0.147595,-12.025,0.00247797,0.213705,-4.96391,-0.178944,0.0466765,-0.0427823,0.535283,0.280047,-0.955918,-0.307298,0.259285],[0.0108317,-0.0113318,0.00103115,0.000583109,0.0506871,0.0381719,0.00657844,0.0212827,0.00757676,-0.0257184,0.019489,-0.0126739,0.00164012,0.394883,0.00921192,0.000962054,0.176876,-0.000403744,-0.000592882,0.00312226,-0.0209009,0.0079163,0.0472392,0.00325559,0.0197706],[-0.000381968,0.0125942,0.0609886,-0.0068759,0.0281148,0.0525903,-0.0718279,-0.016732,-0.0360566,-0.0399274,-0.0126739,0.176155,-0.0233801,-0.945345,-0.042985,-0.0317133,-0.200839,0.00368463,-0.00390934,-0.0258644,-0.310869,0.00250921,-0.143064,-0.125123,-0.031925],[-0.0102201,-0.021532,-0.0469562,0.00459561,-0.0231551,-0.033094,0.0142121,0.00747476,0.0214523,0.147595,0.00164012,-0.0233801,0.0583544,-0.0541463,0.0230862,0.0395422,-0.335385,-0.0124129,-0.00524584,0.00930011,0.0989467,0.0123307,-0.0712056,0.0851536,-0.0096256],[0.886276,-0.100081,0.917777,0.0318338,2.31806,1.08522,1.83827,0.652321,0.813261,-12.025,0.394883,-0.945345,-0.0541463,108.911,1.20302,-0.0743161,25.2521,-0.0737184,0.253901,0.217184,5.2939,0.222273,7.61042,4.71765,1.10565],[0.0207221,-0.000594276,-0.010982,0.00447181,0.046581,0.0110011,0.0298456,0.0133476,0.0368241,0.00247797,0.00921192,-0.042985,0.0230862,1.20302,0.0589367,0.0325554,0.333793,-0.00203376,0.0149655,0.00698614,0.122577,-0.0119356,0.0764269,0.0883881,0.0144234],[0.0029889,-0.00525536,-0.0228358,0.0061274,-0.00659752,-0.0183115,0.0132653,0.00351938,0.0256416,0.213705,0.000962054,-0.0317133,0.0395422,-0.0743161,0.0325554,0.0558501,-0.3564,-0.00495707,0.00510246,0.00790304,0.148268,-0.022723,-0.023256,0.0361796,0.00357024],[0.414888,0.0856235,0.581575,-0.0321358,1.21915,0.745405,0.365924,0.281719,0.168497,-4.96391,0.176876,-0.200839,-0.335385,25.2521,0.333793,-0.3564,17.0569,0.0790253,0.191257,-0.00624334,-0.0569991,0.304243,3.28239,1.05684,0.239365],[0.00609627,0.0166225,0.0637664,0.00332264,-0.0217714,0.034137,-0.00902675,-0.00128453,-0.00970021,-0.178944,-0.000403744,0.00368463,-0.0124129,-0.0737184,-0.00203376,-0.00495707,0.0790253,0.0958347,-0.00958324,-0.00205862,-0.121313,-0.0304875,0.0946596,-0.0552191,-0.000508175],[0.0143102,-0.0352582,-0.126005,0.0571407,0.0354723,-0.0476776,0.0211023,0.000217412,0.0142588,0.0466765,-0.000592882,-0.00390934,-0.00524584,0.253901,0.0149655,0.00510246,0.191257,-0.00958324,0.323902,-0.00508154,0.168589,0.0921296,0.152492,0.127921,-0.0140411],[0.00159115,-0.00122312,-0.000102076,0.00264692,-0.00762376,-0.00080847,0.0308007,0.00488801,0.0071559,-0.0427823,0.00312226,-0.0258644,0.00930011,0.217184,0.00698614,0.00790304,-0.00624334,-0.00205862,-0.00508154,0.0201449,0.11726,0.0047748,0.0233454,0.0277287,0.00216313],[0.211303,0.132612,-0.388383,0.0934755,0.144051,-0.317591,0.416118,-0.0171562,0.118447,0.535283,-0.0209009,-0.310869,0.0989467,5.2939,0.122577,0.148268,-0.0569991,-0.121313,0.168589,0.11726,5.45428,0.281838,1.53781,0.820413,0.148795],[0.0027453,-0.107815,-0.258772,0.0472871,0.178961,-0.0357911,0.0284712,0.0209921,-0.00413029,0.280047,0.0079163,0.00250921,0.0123307,0.222273,-0.0119356,-0.022723,0.304243,-0.0304875,0.0921296,0.0047748,0.281838,0.695525,0.316947,0.188677,0.0953046],[0.39308,0.282015,0.25398,0.147637,0.580868,0.262585,0.159541,0.119086,0.0219806,-0.955918,0.0472392,-0.143064,-0.0712056,7.61042,0.0764269,-0.023256,3.28239,0.0946596,0.152492,0.0233454,1.53781,0.316947,4.75131,0.292296,0.224918],[0.0484388,-0.0216968,0.00200494,0.014652,0.171118,0.0787746,0.194703,0.0242053,0.0780554,-0.307298,0.00325559,-0.125123,0.0851536,4.71765,0.0883881,0.0361796,1.05684,-0.0552191,0.127921,0.0277287,0.820413,0.188677,0.292296,1.11021,0.160848],[0.0179047,0.00316019,-0.0635618,8.07411e-05,0.196162,0.173602,0.0321986,0.0231047,0.00183193,0.259285,0.0197706,-0.031925,-0.0096256,1.10565,0.0144234,0.00357024,0.239365,-0.000508175,-0.0140411,0.00216313,0.148795,0.0953046,0.224918,0.160848,0.534776]],"n":25,"lags":3}