{"betahat":[[-0.282638,-1.3485,-1.29205,1.08664,-0.342558,-1.83353,0.929056,-0.179267,0.068974,-4.91057,37.348,0.186806,-0.171492,3.9195,0.0448764,1.2683,0.17951,4.03329,2.19585,-0.281345],[1.08383,0.113557,0.571227,-0.00761878,0.283686,0.554871,0.0248814,0.0243122,0.020524,-0.193408,0.688809,0.0305036,-0.0121822,0.813508,-0.0151105,-0.0751499,0.0300686,0.605483,0.141332,-0.0914421],[0.0248195,0.977237,0.147015,-0.0333676,0.113272,0.296503,0.0693232,0.00253982,0.0353625,0.377177,1.35929,0.0656536,0.0114738,0.44467,-0.000760903,0.0261638,0.00862413,-0.00420482,0.212506,0.0075991],[-0.00404152,-0.0150849,0.636493,-0.00520918,-0.0139946,-0.210079,-0.0166936,0.00891446,-0.00531515,-0.154502,-0.410689,-0.0045848,0.000150818,-0.0859134,-0.0115591,-0.00288141,-0.00122631,-0.014316,-0.0658115,-0.000920835],[0.388002,0.704503,0.32958,0.916121,0.479783,0.49729,0.0128406,0.0296541,0.00985353,0.48474,3.83592,-0.0232384,-0.044257,0.966457,-0.0501754,-0.308641,-0.0217568,0.780924,0.17495,0.0256105],[0.0149994,-0.00948435,0.117823,-0.017603,1.03572,0.125489,0.0396251,0.0369873,-0.0113549,-0.196853,0.673884,-0.0295981,-0.00656782,-0.0655459,0.00628593,-0.0089423,0.0167533,0.0381719,0.0296518,-0.0344335],[0.0148222,0.0109112,-0.118187,-0.00186666,-0.0353972,0.873752,-0.0195543,-0.00343054,0.00258758,-0.133938,-0.572588,-0.0158535,0.0129825,-0.248126,-0.0111705,-0.00859328,-0.0137007,-0.0999367,-0.0134324,0.0177509],[0.037993,0.136079,-0.256915,-0.00298571,-0.0427821,-0.0977789,0.834738,0.0388125,0.0163559,0.253271,-1.17977,0.00604753,0.0222641,-0.18754,-0.0230304,-0.0724915,-0.138543,0.107471,-0.20874,0.0960283],[-0.19189,-0.210865,0.296941,0.189108,-0.60558,-0.330785,-0.114978,1.1663,-0.0347013,0.535281,-1.7026,-0.0972674,0.0217568,-1.98503,-0.0181711,0.0612893,-0.00421805,-1.22335,0.00502604,0.517655],[0.305678,0.0431583,0.310306,-0.0299966,0.635306,0.194268,0.269826,0.188676,1.14457,-0.123201,7.67151,0.074446,0.104176,0.0220888,0.0195786,-0.0543187,0.0883404,1.11519,0.448752,0.257744],[-0.00284623,0.00188048,0.0349254,-0.00598757,0.037477,0.0589325,0.0079843,-0.00457348,-0.00385716,1.29862,-0.36528,-0.000481825,0.00988827,-0.19417,0.00746363,0.00538141,0.00218893,0.00577246,-0.000120936,0.0617978],[-0.00115644,-0.00372967,-0.013794,-0.00172776,0.00388503,0.0037295,-0.000183759,0.000631515,-0.00353625,0.0163974,0.925239,-0.00216149,0.000978139,-0.0605881,0.00250377,0.00422436,0.000494311,-0.0129411,0.00580172,0.00958902],[0.108711,0.0956613,0.316118,-0.113805,0.363866,0.326687,-0.192161,0.10721,-0.0348409,-0.396729,-4.1754,0.98981,-0.0428479,1.70673,-0.0961794,0.0295371,-0.10277,0.442867,-0.709,-0.10037],[-0.277819,-0.0409225,-0.492362,0.162141,-0.934453,-0.503606,-0.141088,-0.130284,0.0714598,-0.808311,-4.76639,-0.0320065,0.942164,-2.21477,0.0453644,-0.0460884,-0.0682007,-1.04267,0.0896938,0.162862],[0.0214723,0.00407658,0.0619649,-0.00344487,0.0667625,0.0744165,0.000516265,0.00865257,0.00776587,0.0294151,0.100845,0.0126666,0.00585652,1.17134,-0.000693627,-0.0103045,0.00144233,0.0987417,-0.0140141,0.0324636],[-0.0232825,0.0291071,0.0967098,-0.14974,-0.220636,-0.0145282,0.0955331,-0.115207,-0.132979,-2.47871,6.37266,-0.175051,-0.0899915,-3.09839,1.00085,-0.113531,0.0191735,0.570176,0.0300174,0.0894668],[0.0544894,0.0423938,-0.193678,0.143034,0.0869794,0.102835,-0.0131958,0.0151944,0.0231021,-0.313161,-0.277651,0.0380632,-5.25448e-05,0.775713,-0.044843,1.04982,-0.0238183,0.48446,-0.0723566,-0.0029875],[-0.120065,-0.262568,-0.58182,0.0225703,0.16112,-0.211332,-0.770947,0.0638266,-0.0455297,1.07255,-0.769868,-0.0419396,-0.13639,0.8889,0.00344877,0.118758,0.463488,-0.237708,-0.828266,-0.0114866],[0.0378043,0.0458697,0.0383463,0.0254813,0.123773,0.0850971,0.035033,0.00161566,0.00675289,-0.17357,0.813193,0.00682165,-0.0129685,0.041267,0.002789,-0.0182081,0.0173773,0.173367,0.108478,0.0089815],[0.0227682,0.036445,-0.0699393,-0.0110608,0.0675196,0.0319904,0.213818,0.00818678,0.0429981,-0.0107015,1.47216,0.0299517,0.0153417,-0.0826908,-0.0123,-0.041033,0.0627283,-0.134669,0.622971,-0.0401581],[0.037124,0.0166129,0.0382339,0.0234851,-0.0597101,-0.147791,-0.0614415,-0.0253427,-0.0302252,-0.534082,-1.01344,-0.0322861,-0.0463809,0.387627,-0.0069896,0.0151271,-0.0146939,-0.400832,-0.0372818,0.496063],[-0.053011,-0.0845601,-0.283258,-0.0202995,-0.152905,-0.316304,3.84316e-05,-0.0199345,-0.000685897,0.144916,-0.591935,-0.0332115,0.0110033,-0.620461,0.00900533,0.00711661,-0.0223878,-0.441413,-0.0921219,0.1047],[-0.0198704,-0.024408,0.0255542,0.04099,-0.0465504,-0.138206,-0.0154551,0.00180932,-0.0109938,-0.222428,-0.631158,-0.0296428,-0.00603872,-0.114371,-0.00601338,-0.0339537,-0.00866476,0.0162806,-0.0749291,0.0117818],[0.00931083,-0.00344588,0.34242,-0.00258772,0.0500508,0.209114,0.0210649,0.000784206,0.00230004,0.0575927,0.684347,0.00112969,-0.00470911,0.186213,0.00372734,-0.000436823,0.00772533,0.021553,0.0394934,-0.00684978],[-0.26999,-0.383198,-0.302259,0.0549403,-0.409409,-0.275066,-0.0503342,-0.0472691,-0.0566658,0.19569,-3.91202,-0.0358257,0.029408,-1.49729,0.100917,0.206025,-0.00863248,-0.659796,-0.39087,-0.0282488],[-0.00753448,0.0180769,-0.168789,-0.0010125,-0.0126182,-0.0839521,-0.011953,-0.0250793,0.0133172,0.218998,-0.516579,0.0201064,0.00878407,0.0570436,-0.00222551,-0.00788962,-0.00971247,-0.0250955,0.00632653,0.0411084],[-0.00282286,0.00181721,0.124959,0.00562476,0.0562468,0.140151,0.0204695,-0.00190833,0.00606088,0.211899,0.290511,0.0160696,-0.000748858,0.103002,0.00121089,-0.00380729,0.0119385,0.0377095,0.0413301,-0.00325938],[-0.0253455,-0.0692847,0.349816,-0.00704638,0.000880497,0.10826,0.142169,-0.0051516,0.0117094,-0.189506,-0.279331,0.0271013,0.0132521,0.196065,0.0109606,0.0369239,0.136461,-0.129634,0.239287,-0.0507822],[0.0519767,0.0957438,-0.480258,-0.0890287,0.121047,-0.2295,0.136592,-0.135275,0.02336,-0.399274,0.455276,0.047324,0.100011,0.468982,-0.0297073,-0.0184681,0.0605747,0.829537,0.264115,-0.00462792],[-0.289997,-0.109554,-0.185653,-0.00975504,-0.373681,-0.254536,-0.191023,-0.160141,-0.124104,-0.271029,-5.98072,-0.060031,-0.12261,-0.422205,-0.0362634,0.0484854,-0.0533771,-1.44947,-0.434868,-0.405915],[0.017308,0.00933443,-0.023352,0.00682429,0.00721747,-0.0338001,-0.00185004,0.00874134,0.00633572,-0.30372,0.250498,0.00513914,-0.00696169,0.274328,-0.00473071,-0.0094502,-0.000331454,0.039685,0.031693,-0.0271671],[-0.000382416,0.00147335,0.00851519,0.00145297,-0.00401668,-0.00259141,-0.0032125,-0.00127395,0.00279057,0.0343148,-0.0428287,0.00201598,0.000991539,0.0192486,-0.00265993,-0.00157922,-0.00150609,0.00286347,-0.00543966,-0.00776891],[-0.0123297,0.0477835,-0.181761,0.131701,-0.0966535,0.018879,0.106082,-0.0564217,-0.0280629,0.523407,0.880364,-0.0542346,-0.0138365,-0.689879,0.0559938,0.0245675,0.082449,0.311451,0.215497,0.00735753],[0.265966,0.0493319,0.515145,-0.0970171,0.853389,0.521101,0.0908594,0.20266,-0.103327,-0.13415,3.7179,-0.0201033,0.0148339,1.71405,-0.0400844,0.0501456,0.07728,0.828376,-0.346577,0.256956],[-0.0161624,0.00103495,-0.0623285,0.00363589,-0.0490985,-0.0596804,-0.00368515,-0.0100258,-0.00658981,0.00964741,-0.163967,-0.0144809,-0.00313391,-0.185137,0.00227465,0.00293072,-0.00144554,-0.0689771,0.0026605,-0.0259739],[0.0909828,0.0347032,0.456138,0.145949,0.538024,0.448609,0.103332,0.0935229,0.193443,1.89834,-7.14975,0.166912,0.095786,4.6082,0.204779,0.149289,0.0170674,-0.54458,0.465857,0.108151],[-0.0308653,0.0344389,0.0442055,-0.0975523,-0.0834059,-0.117149,-0.00269066,-0.0310471,-0.0227106,0.252663,0.228513,-0.0435773,-0.0142352,-0.496123,0.0197201,-0.0172764,0.00804849,-0.460863,0.123215,0.0317596],[0.0398337,0.0501128,0.774214,0.0141451,-0.0930697,0.358692,0.663941,0.0400136,0.0256275,0.0825177,-0.982745,0.0345875,0.172518,-1.9871,0.0188543,-0.0421064,0.490756,-0.181779,-0.109756,0.0932251],[-0.00334024,0.00481592,0.0401826,-0.00790094,0.00389476,0.0285882,0.00173717,-0.00403826,0.0007131,-0.0032284,-0.0385122,0.00993358,0.0170947,0.0126369,0.0122556,-0.0122954,-0.00464194,0.113847,0.0446738,0.0700674],[-0.000827552,0.0278688,0.0592657,0.00505277,-0.0586986,-0.0434342,0.0618003,0.0156202,0.000110031,-0.00727438,-0.46003,-0.00227174,0.0114043,-0.277452,0.00334571,-0.0307885,0.00342484,0.13315,-0.072157,-0.00421603],[-0.0384215,-0.0289946,-0.0193166,-0.0297509,-0.0414668,0.0425114,0.0564507,0.00186088,0.0188073,0.613189,-0.315914,0.021768,0.0260183,-0.335907,-0.00491853,0.00804242,0.000325009,-0.0049398,0.203485,0.138691],[-0.0308417,-0.0289978,-0.287892,0.0279031,-0.130829,-0.238556,-0.0249286,-0.00437971,-0.0198381,0.0484408,-0.0971483,0.00270131,0.00117871,-0.193069,0.00610905,0.0680341,-0.00767899,-0.164068,-0.049261,-0.013292],[-0.00496696,0.0471672,-0.172482,-0.00764296,-0.0667696,-0.158285,-0.0538787,-0.00435146,-0.0243659,-0.15481,-0.728351,-0.0360145,-0.00543489,-0.3303,0.00677845,0.00779219,4.33756e-05,-0.0120774,-0.137639,-0.0194271],[-0.00534281,0.0184123,0.0210179,0.00780557,-0.0361394,0.000877544,-0.00436113,-0.00969094,0.00302024,0.0965484,-0.273267,0.00343824,0.00454343,-0.100014,0.00783532,0.00340978,-0.00650171,-0.00722254,0.0264252,0.00775517],[-0.118007,-0.321282,-0.0272186,0.0288999,-0.0703606,-0.222166,0.0374786,0.0176147,0.0468215,-0.680462,0.0756938,0.0590643,0.0148463,0.530889,-0.0507412,0.102591,0.0303892,-0.121173,0.215876,0.0026107],[-0.00751376,-0.00861145,0.0511015,0.0185841,-0.0232487,-0.0415426,-0.027713,-0.0119159,-0.00198732,-0.0224186,-0.158064,0.00944595,-0.00224058,0.00831784,-0.00405266,0.0168328,-0.00704429,-0.0131954,-0.0361649,-0.00671598],[-0.0120516,-0.0127635,-0.00660454,-0.00378806,-0.0209825,-0.0139257,-0.000923143,0.0053359,-0.00866086,-0.0782281,0.281966,-0.000247693,-0.0122558,0.145114,0.0099648,0.0124156,0.00176719,0.0621081,-0.0280015,-0.0145171],[-0.01281,-0.0667361,-0.0929457,0.00978277,0.0415038,-0.0105894,0.0228993,-0.0337375,-0.0280914,-0.0642358,1.45797,-0.0331065,-0.0355509,-0.00617513,0.012092,0.0355176,0.00201523,0.0214857,-0.0311419,-0.0455668],[0.0232324,0.0054166,-0.208785,-0.0157629,0.173989,0.246409,0.0220389,-0.0849419,0.0469228,-0.441889,1.40687,0.0669788,-0.0400268,0.767502,0.0639335,0.0253311,-0.0339078,0.126058,-0.112816,-0.371133],[0.0115078,0.128147,-0.242476,-0.0662943,-0.0534584,0.125026,-0.0480105,-0.0222695,-0.0726673,0.394516,-0.37291,-0.0329223,-0.0403993,1.25381,0.0479715,-0.0894619,-0.0234747,0.619002,-0.119356,0.219437],[-0.0103089,-0.0123352,-0.00603609,0.00226637,-0.0350567,-0.0183487,-0.00682008,-0.00151984,-0.00190987,-0.03104,0.075133,-0.00106517,-0.00349728,-0.0323787,0.00322437,0.00593231,-0.00139422,-0.0340371,-0.0294269,-0.00995703],[0.00165729,0.00188383,0.00530486,-0.00080265,0.000774534,-0.000579661,0.00219596,0.000983043,0.000546745,-0.0472232,0.0595835,0.000215719,-0.0016163,0.0423784,0.00063189,-0.00291815,0.000974803,0.00423932,-0.00166958,0.000313296],[-0.0038263,-0.0839877,0.232474,0.0289974,0.00368114,0.0142605,0.0846109,0.00843939,0.0514611,0.114777,3.87604,0.0436918,0.0207609,-0.156595,0.0262072,-0.0307149,0.0263639,-0.193563,0.431928,0.296057],[-0.00559998,0.00620408,-0.0102002,-0.0722316,0.0214058,-0.012693,0.0296683,-0.0730246,0.0433128,0.917461,0.578973,0.0385943,0.00171548,0.0368038,-0.0304128,-0.00937312,-0.0106916,0.0343894,0.17023,-0.386478],[-0.0054538,-0.00507533,0.000337984,0.000360522,-0.0176876,-0.0141683,0.00303889,0.00149427,-0.00124783,-0.0316647,0.0561537,0.00167371,-0.00219018,0.00556465,-0.00141374,0.00734828,-5.60323e-05,-0.0318486,0.0120579,-0.00469127],[-0.0667111,-0.0572282,-0.531254,0.00246512,-0.32205,-0.423878,-0.203839,0.0210548,-0.0642554,0.558553,0.680594,0.00743866,-0.00719093,-1.49571,-0.208908,-0.0386829,-0.0374299,-0.0211915,-0.515735,-0.197996],[-0.0164831,-0.066661,0.125465,-0.0433374,0.0153503,0.0235805,0.0178912,0.0126665,0.0029364,0.0888112,0.0505262,0.00896272,0.014656,-0.215374,0.0264122,-0.0396085,0.0137703,-0.0112663,-0.0197409,-0.0282168],[0.0647984,0.151833,-0.236066,-0.0154906,-0.0218669,-0.135713,0.0180749,-0.0812819,0.0302524,-0.821056,-0.154931,0.0131885,0.011561,0.250704,-0.0182843,-0.0294103,-0.00834744,0.549999,0.806948,-0.0981777],[0.0230336,0.028681,0.061989,-0.0108505,0.00893924,0.0191024,-0.00103521,0.00571726,0.00701672,0.121994,0.125308,0.0118026,0.0148111,-0.025513,-0.000812206,-0.0239233,-0.00437216,0.111292,-0.0574764,-0.101007],[-0.018163,-0.0318941,-0.0423773,-0.0176675,-0.0279723,-0.0299189,-0.0209911,0.00876671,0.00142559,-0.0648816,-0.201199,0.00312026,0.00434248,-0.0113902,-0.00219538,0.00479068,-0.0130564,0.109061,0.166787,-0.0182394],[0.0101781,0.031457,0.0400759,-0.00469819,-0.0330992,-0.0373932,-0.0552009,-0.0164643,-0.0142982,-0.169052,-0.541486,-0.0230434,0.00843526,-0.395502,-0.000530699,-0.0247036,0.00471902,0.0926093,-0.185101,-0.0371678]],"sigmahat":[[0.147173,0.179694,0.240958,-0.0162987,0.27832,0.272426,-0.000317399,0.01883,0.00624743,0.191121,0.570108,0.0210732,0.00881254,0.332439,-0.000799672,-0.122566,0.00388375,0.342503,-0.066994,0.0227212],[0.179694,0.43014,0.428344,-0.0704147,0.18567,0.347034,-0.0180215,-0.012419,-0.0115539,0.354397,-0.247833,0.00743253,0.00716624,-0.207313,-0.00748284,-0.29153,0.00748988,0.388376,-0.275242,0.0121075],[0.240958,0.428344,2.75073,-0.156943,0.287264,1.32894,0.031213,0.0341202,0.0093668,0.226888,1.25598,0.00327231,-0.00679498,0.164674,-0.0159003,-0.329508,0.0252317,0.708798,-0.422672,-0.0343682],[-0.0162987,-0.0704147,-0.156943,0.102238,-0.0133906,-0.0779689,0.00228551,-4.84634e-06,0.00244391,-0.0389337,-0.162508,0.00114381,0.00618345,-0.0017491,0.00261376,0.0733381,-0.000616274,-0.0312156,0.089334,0.00800531],[0.27832,0.18567,0.287264,-0.0133906,1.02824,0.744116,0.0167494,0.0806517,0.0165993,0.794797,2.21911,0.0553944,0.00410841,1.39916,0.00188496,-0.119374,-0.00745873,0.822214,0.0886699,0.259598],[0.272426,0.347034,1.32894,-0.0779689,0.744116,1.29717,0.0281268,0.068975,0.00948877,0.852571,1.67855,0.0393666,0.00309506,0.728937,0.00179955,-0.251191,0.0116073,0.911181,-0.1914,0.266096],[-0.000317399,-0.0180215,0.031213,0.00228551,0.0167494,0.0281268,0.165255,0.0143665,0.0295542,-0.11154,2.38907,0.0329748,0.0124006,0.439355,0.00576541,0.00367685,0.0448666,0.0901433,0.209562,0.0457568],[0.01883,-0.012419,0.0341202,-4.84634e-06,0.0806517,0.068975,0.0143665,0.0417249,0.0118634,-0.0467317,0.76952,0.0134672,0.00166114,0.342018,-0.00224442,0.00406381,0.00583397,0.147765,0.0173087,0.0428864],[0.00624743,-0.0115539,0.0093668,0.00244391,0.0165993,0.00948877,0.0295542,0.0118634,0.0525444,-0.0243374,0.911653,0.0448029,0.031571,0.165044,0.00240961,-0.00253179,0.00686149,0.0047811,0.0944692,0.0128057],[0.191121,0.354397,0.226888,-0.0389337,0.794797,0.852571,-0.11154,-0.0467317,-0.0243374,8.30224,-13.0112,0.0543421,0.290775,-5.78025,-0.0686215,-0.294692,-0.0454717,-0.634898,-0.420494,0.477781],[0.570108,-0.247833,1.25598,-0.162508,2.21911,1.67855,2.38907,0.76952,0.911653,-13.0112,120.392,1.1615,-0.263395,26.9818,0.258736,-0.0236536,0.39962,6.49817,4.70759,1.31892],[0.0210732,0.00743253,0.00327231,0.00114381,0.0553944,0.0393666,0.0329748,0.0134672,0.0448029,0.0543421,1.1615,0.0700424,0.0405732,0.343388,-0.00159402,-0.0130096,0.00830539,0.0309489,0.0930162,0.0223796],[0.00881254,0.00716624,-0.00679498,0.00618345,0.00410841,0.00309506,0.0124006,0.00166114,0.031571,0.290775,-0.263395,0.0405732,0.0727119,-0.495822,0.000487344,-0.0113742,0.00827247,-0.0802175,0.0398578,0.0116433],[0.332439,-0.207313,0.164674,-0.0017491,1.39916,0.728937,0.439355,0.342018,0.165044,-5.78025,26.9818,0.343388,-0.495822,21.3354,0.0129715,0.277201,0.00808884,3.57989,1.56477,0.297163],[-0.000799672,-0.00748284,-0.0159003,0.00261376,0.00188496,0.00179955,0.00576541,-0.00224442,0.00240961,-0.0686215,0.258736,-0.00159402,0.000487344,0.0129715,0.0316597,0.00457206,0.00134152,0.00855434,0.00176348,-0.0104361],[-0.122566,-0.29153,-0.329508,0.0733381,-0.119374,-0.251191,0.00367685,0.00406381,-0.00253179,-0.294692,-0.0236536,-0.0130096,-0.0113742,0.277201,0.00457206,0.258687,-0.00960503,-0.267409,0.222041,-0.0235867],[0.00388375,0.00748988,0.0252317,-0.000616274,-0.00745873,0.0116073,0.0448666,0.00583397,0.00686149,-0.0454717,0.39962,0.00830539,0.00827247,0.00808884,0.00134152,-0.00960503,0.0280624,0.0184719,0.0150027,0.00749186],[0.342503,0.388376,0.708798,-0.0312156,0.822214,0.911181,0.0901433,0.147765,0.0047811,-0.634898,6.49817,0.0309489,-0.0802175,3.57989,0.00855434,-0.267409,0.0184719,3.99737,-0.0330565,0.342847],[-0.066994,-0.275242,-0.422672,0.089334,0.0886699,-0.1914,0.209562,0.0173087,0.0944692,-0.420494,4.70759,0.0930162,0.0398578,1.56477,0.00176348,0.222041,0.0150027,-0.0330565,1.6488,0.179643],[0.0227212,0.0121075,-0.0343682,0.00800531,0.259598,0.266096,0.0457568,0.0428864,0.0128057,0.477781,1.31892,0.0223796,0.0116433,0.297163,-0.0104361,-0.0235867,0.00749186,0.342847,0.179643,0.757222]],"n":20,"lags":3}