{"betahat":[[-0.574558,-2.19403,0.612426,1.16183,-1.26984,-1.83637,0.0673174,-0.173216,0.128145,-11.6684,15.0924,0.270717,0.101633,5.0262,-0.115785,2.24709,0.115634,9.56763,0.107617,-1.77126],[1.07647,0.110416,0.501202,-0.0113268,0.263571,0.52366,0.00373498,0.021785,0.0193297,-0.268941,0.64741,0.0330401,-0.0199533,0.967152,-0.0184756,-0.0748816,0.0269415,0.647751,0.147558,-0.0803545],[0.0287814,0.973248,0.148039,-0.0350386,0.140908,0.297573,0.0739393,0.00121457,0.0338589,0.41421,1.40826,0.0632199,0.00574752,0.572546,-0.000644341,0.0250606,0.0507457,0.00560106,0.218977,0.0109019],[-0.00669707,-0.0211049,0.596976,-0.00164077,-0.00786741,-0.223917,-0.0222698,0.00918854,-0.00395175,-0.108031,-0.391844,-0.0058016,0.00124186,-0.111649,-0.0084865,0.00159125,0.0157647,-0.0195058,-0.049732,-0.00119809],[0.387918,0.711338,0.387811,0.886477,0.447515,0.521641,0.0114171,0.0243157,-0.00107612,0.2892,3.72085,-0.0265677,-0.062648,1.23138,-0.0502945,-0.315243,-0.158629,0.814427,0.0982869,0.00924294],[0.00743792,-0.0180734,0.121052,-0.0150468,1.01317,0.115088,0.0399017,0.0320178,-0.0140192,-0.269911,0.585195,-0.0338389,-0.0113996,-0.00365742,0.00282656,-0.00259839,-0.00239108,0.0502159,0.0351379,-0.0369273],[0.0112744,0.00290908,-0.142128,0.00185132,-0.0343351,0.857534,-0.0212417,-0.00140963,0.00392759,-0.0944106,-0.506049,-0.0140287,0.0154481,-0.278405,-0.0103658,-0.00358081,-0.0285335,-0.094324,-0.00632525,0.0170357],[0.0205573,0.119337,-0.384911,-0.00743685,-0.0109181,-0.129571,0.655005,0.0370926,0.00371051,0.431575,-1.90293,-0.00975887,-0.00222695,-0.246028,-0.00668154,-0.0489703,-0.247514,0.148818,-0.250967,0.0580214],[-0.207124,-0.244826,0.153729,0.192056,-0.633307,-0.440603,-0.152892,1.1614,-0.0241279,0.378075,-1.14777,-0.0960795,0.0107933,-1.67252,-0.0217746,0.0759946,-0.213819,-1.12954,0.0101391,0.516555],[0.278353,0.0406982,0.450033,-0.0693367,0.535712,0.216786,0.284891,0.165223,1.11802,-0.901956,7.71196,0.0773172,0.0692724,0.938715,0.0142741,-0.0428121,0.170284,1.1498,0.369979,0.206531],[-0.000581409,0.0088997,0.0669081,-0.0112996,0.0301897,0.0678137,0.0179077,-0.00687029,-0.00478731,1.19229,-0.296313,0.00105908,0.00709065,-0.085774,0.00603743,0.00250114,0.0159597,0.0127706,-0.00506988,0.061904],[-0.00155742,-0.00449551,-0.0118578,-0.00246736,0.00220851,0.0031609,-0.000193874,0.000424567,-0.00383343,0.0026692,0.941592,-0.00200037,-8.90971e-05,-0.0366238,0.00187813,0.00430865,-0.00326321,-0.0147143,0.00290822,0.0101336],[0.121514,0.0886701,0.281069,-0.0885035,0.41282,0.399544,-0.170866,0.123412,-0.0266431,0.17818,-4.61065,0.989893,-0.00251941,0.845546,-0.0690174,0.0363644,-0.124862,0.395507,-0.633962,-0.0989611],[-0.274388,-0.0386946,-0.472733,0.15199,-0.90707,-0.506408,-0.218688,-0.124197,0.0692236,-0.944003,-4.66831,-0.0362746,0.913702,-1.93095,0.0426858,-0.0353327,-0.14718,-0.921512,0.0735255,0.136127],[0.0210471,0.00714655,0.075177,-0.00517708,0.0640758,0.0849332,0.00558648,0.00950215,0.00680173,0.0486386,0.0559873,0.01281,0.0080763,1.11099,0.00131251,-0.0104262,0.0210765,0.0959762,-0.0109134,0.0329158],[0.0192106,0.0646055,0.185181,-0.116211,-0.13348,-0.000531761,0.115803,-0.0997443,-0.101448,-2.45922,6.57356,-0.171509,-0.0773384,-2.9186,0.997749,-0.1414,-1.93526,0.671086,-0.0776341,0.0916699],[0.0669512,0.0579091,-0.244085,0.145977,0.115047,0.0807429,0.00393775,0.0106354,0.0308779,-0.305874,-0.125473,0.0421173,0.00585117,0.874561,-0.0420467,1.03469,0.0497896,0.481738,-0.0140977,-0.0175087],[0.0171965,-0.017905,-0.291199,0.0253599,0.0775149,-0.197787,-0.0839052,0.000154036,0.0263872,0.20019,0.732909,0.00839204,-0.0201333,0.49128,-0.0574528,-0.0499303,1.01893,-0.0178931,-0.071038,0.0624074],[0.0447523,0.0548991,0.0444582,0.0272525,0.134831,0.0871964,0.0353386,0.00174502,0.00936964,-0.153662,0.771111,0.00852634,-0.00875931,-0.00663739,0.00145778,-0.026157,-0.00541066,0.140017,0.105433,0.00317096],[0.0294746,0.0429028,-0.061116,-0.00973877,0.0875855,0.0432189,0.22946,0.0116697,0.0462555,0.0483717,1.67661,0.0305504,0.0184245,-0.0878685,-0.0139039,-0.0476301,0.11022,-0.119643,0.609685,-0.0257918],[0.0343567,0.0160995,0.0604719,0.0188591,-0.0830752,-0.152635,-0.066229,-0.0264026,-0.0338701,-0.521692,-1.24649,-0.0355984,-0.0464475,0.294945,-0.00515318,0.0193565,0.0361033,-0.43009,-0.0346364,0.457855],[-0.0544991,-0.0924861,-0.229093,-0.0201103,-0.152794,-0.303489,0.0118497,-0.017423,0.00215859,0.115074,-0.551131,-0.0329579,0.0132877,-0.656674,0.0102597,0.010282,-0.00118289,-0.501507,-0.115612,0.0859963],[-0.0266879,-0.028427,0.0110664,0.0399819,-0.064385,-0.138525,-0.0152736,0.00443021,-0.00950703,-0.255756,-0.563209,-0.0260898,-0.00257613,-0.172123,-0.0043876,-0.0272194,-0.00350396,0.026347,-0.0667293,0.0121631],[0.0113203,0.00307843,0.380281,-0.00683597,0.0451374,0.225868,0.0325921,0.00138253,0.00158822,0.068615,0.658398,0.00292271,-0.00203781,0.146751,0.00243289,-0.00732601,-0.000172352,0.0170054,0.0216428,-0.00310654],[-0.263635,-0.381559,-0.34424,0.0770802,-0.385574,-0.304853,-0.0506141,-0.0447054,-0.0484083,0.270777,-3.73419,-0.0314045,0.0408892,-1.50855,0.0947334,0.206136,0.120269,-0.66858,-0.328079,-0.021712],[-0.00366522,0.0250816,-0.158158,-0.00386876,-0.0105582,-0.0774748,-0.0151843,-0.0227025,0.0147802,0.241336,-0.487695,0.0227774,0.0115475,0.00293441,-0.00066757,-0.0115822,-0.00230334,-0.0434627,-0.0190499,0.0353742],[-0.0014096,0.00561536,0.149784,0.00358821,0.0501462,0.154278,0.0308391,-0.00333926,0.00594482,0.191231,0.197251,0.0155243,-0.000774413,0.0954868,0.00139249,-0.00800476,0.0279835,0.031041,0.0331703,-0.000106379],[-0.0129843,-0.0596164,0.493528,0.0050037,-0.0492397,0.150665,0.352448,0.00145612,0.0220951,-0.306193,0.171625,0.0381907,0.0457612,-0.0120626,-0.00329076,0.0139891,0.298635,-0.190544,0.252767,-0.00246411],[0.0606812,0.130475,-0.42746,-0.0656485,0.145818,-0.156169,0.177356,-0.128253,0.0260405,-0.090957,0.188397,0.0546212,0.133295,-0.184628,-0.0348257,-0.0450249,0.133399,0.761678,0.275762,0.0376228],[-0.261519,-0.0640776,-0.211001,-0.0133249,-0.362838,-0.26097,-0.208362,-0.160798,-0.131724,-0.145824,-6.09261,-0.0693545,-0.11903,-0.67093,-0.0334986,0.0132856,-0.149286,-1.39767,-0.457542,-0.391956],[0.0163591,0.00669496,-0.0333094,0.00778006,0.00976707,-0.035798,-0.00972328,0.00924479,0.00523279,-0.296054,0.246224,0.00412491,-0.009124,0.303184,-0.00504826,-0.00757299,-0.0193323,0.0454619,0.0314394,-0.0263618],[-2.90901e-05,0.00189587,0.00762574,0.00154175,-0.002262,-0.00260148,-0.00333779,-0.00124323,0.00307059,0.0396431,-0.0550358,0.00208602,0.00125834,0.0168083,-0.00251613,-0.00178284,0.00471544,0.00315761,-0.00418553,-0.007813],[-0.00139551,0.076132,-0.068241,0.112388,-0.101232,0.038324,0.11194,-0.0617023,-0.0307245,0.200699,0.999503,-0.0525674,-0.0289661,-0.222178,0.0376362,0.00482615,0.0143202,0.400831,0.173117,0.0362981],[0.25544,0.0347684,0.523727,-0.0771856,0.784644,0.487254,0.183085,0.193035,-0.0934254,-0.183498,3.55506,-0.0136613,0.0313574,1.49746,-0.0522782,0.0539272,0.160589,0.669529,-0.305505,0.240382],[-0.0165694,-0.000339623,-0.0675488,0.00404335,-0.0503792,-0.0652231,-0.0078067,-0.0109209,-0.00722742,-0.0118553,-0.132763,-0.015459,-0.00617886,-0.142949,0.000652419,0.00324233,-0.0208046,-0.0668264,-0.00107627,-0.0256414],[0.0836426,0.0218742,0.111739,0.146214,0.527509,0.243208,0.00418435,0.0802074,0.192587,1.79328,-6.43727,0.174304,0.0463326,5.33926,0.128626,0.103239,1.5559,-0.553537,0.432528,0.195852],[-0.0366414,0.0269293,0.0863758,-0.0987787,-0.0959348,-0.101272,-0.0062252,-0.0301085,-0.023604,0.225495,0.149802,-0.0428782,-0.0166015,-0.512729,0.0194858,-0.00803173,-0.0480486,-0.449734,0.105561,0.0313615],[0.0233765,0.0283412,0.197783,0.00613851,0.104533,0.196588,0.123658,0.022279,0.00459911,0.402511,-0.411819,-0.00198032,0.0654152,-0.911381,0.0778204,0.0278588,-0.074755,0.00858606,0.0790095,-0.031376],[0.00221458,0.00808006,0.0379875,-0.00637427,0.0226587,0.0340688,-0.00563167,-0.00243889,0.00292238,0.024127,-0.0532088,0.0114386,0.0191443,0.0100026,0.0131593,-0.0153679,0.00289552,0.0859159,0.0414014,0.0693224],[-0.00584924,0.0167987,0.0649303,0.00729314,-0.0595786,-0.0365888,0.067718,0.0194678,0.00100032,0.0663421,-0.522788,-0.00111573,0.0166729,-0.398382,0.00640772,-0.0223461,-0.0141956,0.0922188,-0.0852211,-0.00834839],[-0.036816,-0.0202704,0.022596,-0.0369989,-0.0632698,0.0430274,0.0504786,-0.0035776,0.0147806,0.480239,-0.376811,0.0181139,0.0186059,-0.248015,-0.00585559,0.00475074,-0.000837943,-0.00937329,0.194778,0.104499],[-0.0219918,-0.0179458,-0.272147,0.031426,-0.110782,-0.22018,-0.015575,-0.0043553,-0.0214878,0.153785,-0.0953379,-8.25463e-05,0.00666376,-0.310347,0.00822151,0.0645895,-0.0257737,-0.146294,-0.0319057,-0.00560589],[-0.00210586,0.055191,-0.159127,-0.00495924,-0.0765301,-0.159073,-0.0586628,-0.00565148,-0.0243511,-0.158479,-0.844244,-0.0371377,-0.00317777,-0.400578,0.00504342,0.00214322,-0.0472824,-0.0320278,-0.152223,-0.0230192],[-0.0047038,0.0178691,0.0225324,0.00847771,-0.0372752,-0.00207467,-0.010276,-0.0105476,0.00235372,0.0389701,-0.264578,0.00284928,0.000765478,-0.0347797,0.00606768,0.0058466,-0.0155877,0.00228939,0.0283787,0.00430671],[-0.124275,-0.329714,-0.0435146,0.0363805,-0.0619286,-0.216773,0.0392125,0.0203728,0.0495052,-0.559792,0.0150534,0.0579763,0.0217486,0.277244,-0.0444388,0.109049,0.0383447,-0.146034,0.229862,0.0124659],[-0.00381874,-0.00700153,0.0371421,0.0188904,-0.00274718,-0.0376609,-0.0246844,-0.00932149,-0.000781584,0.0285884,-0.0963552,0.0110327,-0.000158192,0.000471223,-0.00213083,0.0141211,0.00468591,-0.00710934,-0.0161208,0.00160662],[-0.00993458,-0.00856497,-0.00776521,-0.0054602,-0.0159368,-0.0119719,-0.0095619,0.00474978,-0.0098853,-0.0968872,0.310275,-0.00153996,-0.0147057,0.182582,0.00898439,0.0115825,0.000523053,0.0629118,-0.0268423,-0.0168619],[-0.00762844,-0.0592574,-0.108735,0.00212118,0.059676,-0.0210799,-0.00753738,-0.038566,-0.0257726,-0.1214,1.73356,-0.0283341,-0.0435222,0.258022,0.0100903,0.0344279,-0.0513125,0.039179,-0.00239776,-0.0554519],[0.0047959,-0.0284795,-0.237951,-0.0158434,0.146726,0.223341,0.0184001,-0.0859949,0.0476881,-0.401492,0.943188,0.0672651,-0.0254743,0.564801,0.0794284,0.0518715,0.120307,0.0440973,-0.0831458,-0.363313],[0.0225666,0.101583,-0.315864,-0.0643648,0.0539318,0.120164,-0.0503511,-0.00127474,-0.0499051,0.624484,-0.0111475,-0.0214484,-0.0327465,1.35395,0.0459573,-0.0835116,0.00266182,0.736099,-0.121265,0.238922],[-0.00975696,-0.0146755,-0.021107,0.00393326,-0.0294839,-0.027299,-0.00792402,-0.00088772,5.77559e-05,-0.00895553,0.119527,-0.000691172,-0.00306303,-0.0273377,0.00298077,0.00446182,-0.00441337,-0.0350792,-0.0289357,-0.00623098],[0.0016903,0.00206102,0.0031997,-0.000438323,0.0013345,-0.000188094,0.00201507,0.00113204,0.000440739,-0.0378758,0.0478388,-5.74119e-05,-0.00106927,0.0252156,0.00121477,-0.00297119,-0.000379159,0.00277947,-4.03355e-06,0.000958194],[-0.0021424,-0.0978211,0.236084,0.0380322,0.0536779,0.0305178,0.0463021,0.0143882,0.0449282,0.0473474,4.09454,0.0404375,-0.00792922,0.402725,0.0189241,-0.00413934,0.101412,-0.107666,0.384394,0.3107],[-0.00508485,0.0137445,-0.0148421,-0.0748216,0.0453454,0.0157412,0.00465376,-0.0708824,0.0399511,0.959987,0.56603,0.0308915,-0.00273995,-0.000100475,-0.0271227,-0.0165646,-0.0981212,0.028257,0.111475,-0.333867],[-0.00453725,-0.00620915,-0.0071156,0.00152604,-0.0136138,-0.0184177,0.00273046,0.00150791,0.000185802,-0.0270948,0.0850664,0.0024197,-0.00155365,0.0249862,-0.00169342,0.00673894,-0.000126062,-0.0330894,0.0133685,-0.00502951],[-0.101578,-0.0797296,-0.281654,-0.0293186,-0.39624,-0.233129,-0.124449,0.0196544,-0.0944314,0.680781,-0.271651,-0.00344138,0.0322877,-2.47109,-0.129584,0.0347413,0.371231,-0.129917,-0.374613,-0.282716],[-0.019321,-0.067727,0.119391,-0.0439299,0.00577233,0.0274788,0.00981028,0.0148241,-0.00285946,0.112397,0.0927096,0.00453395,0.00938122,-0.265041,0.0232448,-0.0395985,0.000812178,-0.0152617,-0.0413505,-0.0139621],[-0.0452764,-0.0218798,0.000789617,-0.0190651,-0.147351,-0.00398983,-0.0456781,-0.0127542,-0.0258416,-0.0973997,-0.739579,-0.00650249,-0.018289,-0.270413,-0.00988293,0.0221094,0.0465034,-0.0723249,0.0217261,-0.0128404],[0.0230807,0.0272046,0.0659518,-0.00893625,0.00812101,0.0215927,0.00287122,0.00685359,0.00700924,0.109035,0.108028,0.0120386,0.0171444,-0.0485402,0.00079816,-0.0231631,0.00461499,0.0951146,-0.0577037,-0.100311],[-0.018795,-0.0303158,-0.0509595,-0.0145758,-0.0331635,-0.0331973,-0.00935268,0.00918002,0.00317672,-0.0278331,-0.202502,0.00445195,0.00837778,-0.0958022,-0.00417478,0.00188242,-0.0457632,0.0986109,0.181684,-0.015119],[0.00861297,0.0283465,0.0549277,-0.00617775,-0.0471594,-0.0379047,-0.0589044,-0.0200476,-0.0169155,-0.243562,-0.628844,-0.0234504,0.00284605,-0.301475,-0.00414612,-0.0202247,-0.0118415,0.0830495,-0.196831,-0.0573904]],"sigmahat":[[0.144653,0.178657,0.239859,-0.0164533,0.269709,0.270253,-0.000428902,0.0179529,0.00563428,0.189312,0.518208,0.0207119,0.00933713,0.299684,-0.0015186,-0.121734,-0.000102598,0.340284,-0.0679961,0.0220227],[0.178657,0.427594,0.420433,-0.0678322,0.183283,0.344633,-0.0151889,-0.0122135,-0.0104409,0.367243,-0.274639,0.00899571,0.0109042,-0.240965,-0.00863223,-0.29031,-0.013179,0.394113,-0.269052,0.0143678],[0.239859,0.420433,2.71887,-0.153516,0.306001,1.32169,0.0556443,0.0378825,0.0187761,0.43363,1.26473,0.0107883,0.0112856,-0.0528875,-0.0178592,-0.339672,-0.00313057,0.687252,-0.420815,-0.00288825],[-0.0164533,-0.0678322,-0.153516,0.0977541,-0.0183016,-0.0770796,0.00213181,-0.000678954,0.00018541,-0.0674449,-0.175828,-0.000260359,0.00300928,0.0234648,0.00291157,0.0713422,0.00767924,-0.0313781,0.0826096,0.0045968],[0.269709,0.183283,0.306001,-0.0183016,0.984259,0.729926,0.0026763,0.0748753,0.0122189,0.710149,2.03803,0.0514548,-0.00154934,1.40161,-0.00142237,-0.116048,-0.000454587,0.807842,0.0621725,0.235302],[0.270253,0.344633,1.32169,-0.0770796,0.729926,1.27464,0.0323847,0.066403,0.0123343,0.882996,1.6265,0.0391043,0.00677134,0.66751,-0.00186924,-0.257762,0.00537872,0.894325,-0.221513,0.259431],[-0.000428902,-0.0151889,0.0556443,0.00213181,0.0026763,0.0323847,0.192599,0.0133716,0.0295977,-0.107887,2.34538,0.0328865,0.0169502,0.360099,0.00428051,0.000554297,0.0735924,0.0780955,0.215171,0.0496848],[0.0179529,-0.0122135,0.0378825,-0.000678954,0.0748753,0.066403,0.0133716,0.040742,0.0110759,-0.0609422,0.742197,0.0128855,0.00100861,0.346949,-0.00294735,0.00380365,0.00735398,0.142827,0.0101302,0.04105],[0.00563428,-0.0104409,0.0187761,0.00018541,0.0122189,0.0123343,0.0295977,0.0110759,0.0504075,-0.0357742,0.87069,0.0436927,0.0304976,0.160804,0.00219942,-0.00255837,0.0202321,0.00617622,0.0922538,0.0113941],[0.189312,0.367243,0.43363,-0.0674449,0.710149,0.882996,-0.107887,-0.0609422,-0.0357742,7.45244,-12.2114,0.0548752,0.242029,-4.68925,-0.0870618,-0.292523,-0.0257009,-0.52513,-0.522744,0.448388],[0.518208,-0.274639,1.26473,-0.175828,2.03803,1.6265,2.34538,0.742197,0.87069,-12.2114,117.269,1.11905,-0.245772,25.7616,0.288408,-0.0093737,0.638755,6.08408,4.73343,1.21603],[0.0207119,0.00899571,0.0107883,-0.000260359,0.0514548,0.0391043,0.0328865,0.0128855,0.0436927,0.0548752,1.11905,0.0689636,0.0407941,0.322877,-0.00183012,-0.0141801,0.0307666,0.0315338,0.0888855,0.0209642],[0.00933713,0.0109042,0.0112856,0.00300928,-0.00154934,0.00677134,0.0169502,0.00100861,0.0304976,0.242029,-0.245772,0.0407941,0.0700852,-0.442085,-0.00205265,-0.014017,0.0111037,-0.0662183,0.0318949,0.0103974],[0.299684,-0.240965,-0.0528875,0.0234648,1.40161,0.66751,0.360099,0.346949,0.160804,-4.68925,25.7616,0.322877,-0.442085,19.5583,0.0547942,0.298857,0.6516,3.30933,1.64853,0.262754],[-0.0015186,-0.00863223,-0.0178592,0.00291157,-0.00142237,-0.00186924,0.00428051,-0.00294735,0.00219942,-0.0870618,0.288408,-0.00183012,-0.00205265,0.0547942,0.0292665,0.00479017,0.0128057,0.0107495,-0.0025397,-0.0101428],[-0.121734,-0.29031,-0.339672,0.0713422,-0.116048,-0.257762,0.000554297,0.00380365,-0.00255837,-0.292523,-0.0093737,-0.0141801,-0.014017,0.298857,0.00479017,0.256012,0.00266646,-0.270283,0.21882,-0.0254952],[-0.000102598,-0.013179,-0.00313057,0.00767924,-0.000454587,0.00537872,0.0735924,0.00735398,0.0202321,-0.0257009,0.638755,0.0307666,0.0111037,0.6516,0.0128057,0.00266646,0.224523,-0.00721776,0.0802007,0.0605484],[0.340284,0.394113,0.687252,-0.0313781,0.807842,0.894325,0.0780955,0.142827,0.00617622,-0.52513,6.08408,0.0315338,-0.0662183,3.30933,0.0107495,-0.270283,-0.00721776,3.87334,-0.010992,0.306565],[-0.0679961,-0.269052,-0.420815,0.0826096,0.0621725,-0.221513,0.215171,0.0101302,0.0922538,-0.522744,4.73343,0.0888855,0.0318949,1.64853,-0.0025397,0.21882,0.0802007,-0.010992,1.69504,0.159868],[0.0220227,0.0143678,-0.00288825,0.0045968,0.235302,0.259431,0.0496848,0.04105,0.0113941,0.448388,1.21603,0.0209642,0.0103974,0.262754,-0.0101428,-0.0254952,0.0605484,0.306565,0.159868,0.715526]],"n":20,"lags":3}