{"betahat":[[-0.287347,-0.965906,1.6086,-1.09489,-4.59491,-2.6242,1.81321,1.80178,0.0997263,-11.9198,-12.0816,-0.0195644,-0.0818598,5.12859,-0.197989,1.25559,-0.000387536],[0.954754,0.0103648,0.160124,0.293156,0.223298,0.0903754,-0.1609,-0.0828832,0.235877,1.53108,-1.19885,-0.0247901,0.0204807,-0.644518,-0.248455,-0.033327,0.0643657],[0.0519118,1.03048,0.853715,-0.0688311,-0.871304,1.16677,0.0924747,-0.14835,-0.0772939,-1.19982,-1.31061,-0.00291192,0.000887969,-0.122382,-0.212005,0.136408,-0.00791505],[0.0276833,-0.0123077,0.835182,-0.00654035,0.148705,-0.0594267,-0.00561912,0.0127182,0.020642,0.0016777,0.507877,0.0082854,-0.00197673,0.24128,0.095422,0.0148477,-0.00767924],[0.109977,0.108198,0.609222,0.83342,0.169167,1.22264,-0.0834968,-0.107299,0.0982991,1.43094,5.38233,0.147682,0.069782,0.353521,-0.199661,0.150231,0.0644244],[-0.00983308,0.0394093,-0.100349,-0.0417494,0.479122,-0.278505,-0.0105863,-0.0219356,-0.0155394,-0.0463889,-0.236434,0.000531334,0.0135361,-0.198841,-0.115579,0.00832553,-0.00752039],[-0.0161002,0.0162135,-0.0731712,-0.0486092,0.0170993,0.643051,-0.02992,-0.00599296,-0.0282152,0.0282313,-0.423821,0.00191055,-0.000547132,0.0391102,0.0706572,-0.0580236,0.00071191],[-0.0860202,0.0356397,-0.232082,0.282204,-0.103025,0.124227,1.13469,-0.0362415,0.371451,1.35964,2.86543,0.0270945,0.0309598,-0.0942747,0.940041,0.0490345,-0.00244057],[-0.142325,-0.1157,0.379792,-0.0192492,0.098456,1.49932,-0.15273,0.873697,-0.146545,0.373288,3.62812,0.035518,0.0239828,-0.170822,0.0722716,-0.333623,-0.0319611],[-0.114402,-0.188209,-0.490527,-0.223258,0.254897,-0.39374,0.11473,-0.0833014,1.33113,0.0879768,-0.218796,0.0375115,0.054042,-0.589874,-0.478087,0.178787,-0.0352253],[0.0502815,0.0593743,0.127849,0.0132876,-0.197254,0.185545,-0.0452086,0.00198425,-0.0146095,1.11428,0.540848,-0.00333143,-0.00838948,0.0403292,0.055886,-0.0058254,0.00354713],[-0.000542098,0.000452116,0.018189,0.00988743,-0.0316579,0.0478493,-0.0102075,-0.00896474,-0.00351231,0.0521494,0.886127,0.00216311,0.00337869,-0.0626488,-0.0553003,0.00928469,-0.00141513],[0.269683,0.309952,0.405728,0.196167,1.59632,0.279873,0.236172,0.565931,0.01259,2.16777,3.33441,0.830053,-0.114637,1.64955,1.59848,0.0371189,0.0642085],[0.401333,0.227802,3.47966,0.454332,1.6338,0.73533,-0.486554,-0.196638,0.171243,-5.09018,-5.04013,0.125014,1.14993,-1.78966,0.619868,-0.136478,0.204243],[0.0365301,0.0155648,0.0510781,0.0176898,0.0148587,-0.070296,0.0265215,-0.0186914,0.021343,-0.243709,0.231631,0.0143399,0.00496544,1.06763,0.136619,0.00849785,-0.000343973],[0.044313,0.0873279,0.00488927,0.020256,-0.0218424,-0.0487564,0.00959609,-0.0360427,0.0466659,-0.350655,-0.999242,-0.0267541,-0.00228464,-0.111771,0.230345,-0.039389,0.0186537],[0.177999,0.0388366,0.440987,-0.0779211,0.341287,0.807022,0.0490063,-0.0182398,-0.0575127,-0.00771403,0.585433,-0.000655369,-8.30511e-05,0.222055,-0.353332,0.495617,0.0270099],[0.17775,0.521382,-0.273325,0.0059369,0.920316,0.503396,0.983751,0.44653,-0.338921,2.24795,3.37349,-0.000559635,-0.148078,3.17897,-0.278488,0.758758,0.957563],[-0.014347,-0.125023,-0.0629615,-0.184669,0.214108,0.921526,0.0362744,0.0365083,-0.161565,-0.472358,4.06169,0.0989768,0.0246366,1.33781,0.570088,0.150667,-0.0727881],[0.0127817,0.0752526,-0.125073,0.0498299,0.968396,0.143144,-0.180799,0.0485211,0.0265264,0.919323,2.61713,-0.0136442,-0.00462413,0.188076,0.0393168,-0.0979206,-0.012807],[-0.021894,-8.84954e-05,0.0379167,0.0176385,-0.0966293,-0.0694916,0.00855188,-0.0192226,-0.0119357,0.0558653,-0.024716,-0.00850392,-0.0032536,-0.0699758,-0.0823316,-0.0204631,0.00646446],[-0.169991,-0.0669875,-0.861054,0.175261,-0.484536,-1.77304,0.171093,0.057437,0.0164098,-0.485196,-4.514,-0.131839,-0.0805148,-0.461672,0.0905072,-0.223195,-0.034777],[0.0097167,-0.027029,0.110405,0.0501246,0.263834,0.267848,0.00654457,0.00258472,0.0181304,0.0536988,0.0612681,-0.00791073,-0.020976,0.279085,0.140152,-0.0367226,0.000891073],[0.00555549,-0.0245194,0.00274654,0.0300067,-0.016111,0.136084,0.0131886,0.000895339,0.0294402,-0.0963987,-0.0166525,0.00786709,0.00819923,-0.110512,-0.0366663,-0.0041585,0.00296832],[-0.00795782,-0.0038393,-0.136532,-0.195959,0.00228349,-0.425899,-0.0948241,-0.0559927,-0.250079,-0.67684,-2.38168,-0.00954652,-0.00879163,-0.0551928,-0.748851,-0.107533,0.0126724],[0.0735384,0.0474646,-0.0159765,0.100753,0.144963,-0.803626,-0.025025,-0.0309905,-0.0689049,-0.546706,-3.82928,-0.108761,-0.122714,0.410096,-0.0326176,0.241774,0.0297108],[0.0354297,0.101695,-0.193921,0.138514,0.516733,0.0187021,-0.143707,0.0362482,-0.272938,0.421573,-0.729455,-0.00942436,-0.0368,0.477613,0.37609,-0.133254,0.0345476],[-0.0415435,-0.040941,-0.13656,-0.0219131,0.180728,-0.173457,0.0103709,-0.00550453,0.00689425,-0.203088,-0.412241,0.00752809,0.0132398,0.00248844,-0.00895482,0.0028147,0.0034142],[0.00570429,0.00881693,-0.00770464,-0.0151141,0.0255658,-0.000343736,0.00268965,0.00180914,0.0011052,-0.0264167,0.0576226,0.000188728,-0.000339906,0.0389972,0.0362495,-0.0153423,0.00230351],[-0.0433343,0.181211,0.321542,-0.18928,-0.975382,0.542702,-0.0156468,-0.566521,-0.126866,-0.963942,-4.09952,0.0456793,-0.00142912,-0.335599,-1.34042,-0.199645,-0.111127],[-0.345927,-0.160711,-2.33912,-0.291491,-2.69334,-0.183021,0.281258,-0.0245593,-0.176567,3.51655,3.48121,-0.164335,-0.229704,1.35278,-0.0864709,-0.212046,-0.208744],[-0.0271698,0.013128,-0.0576695,0.010715,-0.0489394,0.0942914,-0.0227708,0.00600625,-0.0135003,0.0471358,0.0190384,-0.0121933,-0.00583657,0.000527885,-0.108805,-0.00746971,-0.00516803],[0.0660591,0.0598506,-0.117112,-0.0700672,-0.0584571,-0.149956,0.0540266,-0.0469451,0.0207894,-0.207983,0.620586,0.0175935,0.0158027,0.0135251,0.289199,0.126063,-0.0102648],[-0.0408162,0.11817,-0.208538,0.0855847,-0.577737,-0.511344,0.0133146,-0.053745,0.0188905,0.0320117,-0.567273,0.008185,0.0111073,-0.267917,0.159052,0.0391084,0.00413303],[-0.427493,-0.603593,-0.95346,0.303622,0.820343,-0.965406,-0.993965,-0.33341,-0.089906,-3.14484,-2.91845,0.0280643,0.170543,-3.9001,-0.177802,-0.868002,-0.00639785],[0.0595928,0.114654,-0.0971451,-0.108481,-0.437357,-1.01191,0.124627,0.0463769,-0.074314,-1.05879,-2.86289,-0.0741923,-0.045121,-0.69326,-0.32161,-0.117339,0.00842005],[-0.0646928,-0.105741,-0.728617,0.019007,-0.0970382,-1.30992,0.088325,0.0998299,0.0507661,0.280401,-1.30658,0.0165503,0.00373277,-0.0656711,0.172704,-0.0384846,0.0207186],[-0.00579833,0.0123954,0.126829,-0.0110845,-0.0520737,0.128769,-0.00293195,0.00650816,-0.00870039,-0.0576379,-0.483562,0.000206279,0.00521943,-0.171196,-0.0130427,0.00558026,0.00121518],[0.0600145,-0.0412143,0.251856,-0.00868072,0.315409,0.550412,-0.087594,0.049868,-0.11471,-0.945799,-0.868346,-0.0158494,0.010729,0.108181,0.10918,0.0729682,-0.0296505],[0.000133335,-0.0123821,-0.00993081,-0.0083608,0.257096,0.0107584,0.00405907,0.0193484,-0.00259716,-0.00733453,0.175579,0.00737483,0.00743703,-0.0801675,-0.0245373,0.0284472,0.00662286],[0.0105369,0.00830297,0.0703683,0.0186119,-0.000913108,0.220704,0.016724,0.00509425,-0.00121998,0.0680258,0.440121,-0.00978858,-0.00765947,0.0714888,-0.033936,0.0621539,-0.00368273],[0.0940668,-0.03181,0.368996,-0.086204,0.101234,0.302123,-0.0398108,0.0921955,-0.121365,-0.682795,-0.482706,-0.0175447,-0.0221612,0.149567,-0.19119,0.0586736,-0.0102448],[0.0797361,0.0978119,-0.2491,-0.0886557,-0.101374,-0.520891,0.154282,0.113418,0.175387,0.559841,1.65714,0.0750643,0.0953067,-0.394131,-0.00176725,0.163399,-0.00121235],[0.0499212,0.0178793,0.395735,0.0705677,-0.491509,0.353991,0.00435944,0.0645616,-0.102411,-0.161752,0.967424,0.000366239,-0.00401889,0.126301,0.116403,-0.0649696,0.0140678],[-0.00890977,-0.0183505,0.00814556,0.00850864,0.0158282,-0.0129858,0.0345962,0.0035251,0.00768236,0.0878521,-0.132167,-0.00419189,-0.00482385,-0.0429507,-0.0469486,0.00257227,-0.00693906],[-0.00528496,-0.00909458,-0.0109465,0.0052421,0.00599987,-0.0483362,0.00759496,0.00706969,0.00246831,-0.0265508,0.0455578,-0.00243369,-0.00303193,0.0228649,0.0187205,0.00559983,-0.000841666],[-0.13313,-0.290326,-0.547712,0.0616142,-0.325704,-0.504228,-0.30072,-0.107255,0.102752,-0.0723319,-0.343759,0.00287372,0.0227618,-1.20976,-0.202201,0.0478632,0.00340135],[-0.027367,-0.0111515,-1.16243,-0.118974,0.850145,-0.547939,0.155068,0.226094,-0.0112244,2.15612,1.4533,0.00991271,0.041814,0.588106,-0.527513,0.251472,0.0141301],[-0.00919761,-0.0288061,0.00767945,-0.0283307,0.0362098,-0.0226269,-0.00343413,0.0125067,-0.0078223,0.196208,-0.24704,-0.00212118,0.000907541,-0.0676804,-0.0277069,-0.000272293,0.00544701],[-0.0842273,-0.0459439,-0.223662,0.0348839,0.224746,-0.0975679,-0.082595,-0.00166285,-0.0295285,0.453645,0.131064,0.0205058,0.0174779,-0.334365,0.0117991,-0.132455,0.00121419],[0.000459154,-0.117046,-0.361675,0.155179,0.254322,-0.425792,-0.0667442,-0.0886718,0.0462813,-0.147262,-0.919701,0.0251593,0.0269831,-0.429645,0.143988,-0.0230997,0.0404887],[0.273592,0.148964,1.48963,-0.295631,-1.66912,0.936908,0.0438419,-0.155605,0.409502,0.176003,-0.152856,-0.00986031,0.0209431,0.524116,0.194985,0.164613,-0.019498]],"sigmahat":[[0.175199,0.0831391,0.442843,0.0234038,0.108843,0.499798,0.0327298,0.00669059,0.000489725,0.124857,0.565395,-0.00573887,-0.012563,0.219136,-0.0816025,0.0412498,0.00634887],[0.0831391,0.201203,0.0279851,0.0302674,-0.0133065,0.0264575,-0.0906846,-0.057714,0.0148037,0.856549,0.162436,-0.0189724,-0.0197974,-0.0108146,-0.0636769,-0.0781457,0.00978351],[0.442843,0.0279851,4.83009,-0.106408,-1.3038,4.37937,0.749698,0.244303,-0.160784,-1.95422,2.66516,-0.0382955,-0.0561287,1.08469,-0.115438,0.939391,-0.0715069],[0.0234038,0.0302674,-0.106408,0.233612,0.0845509,-0.206391,-0.0744194,-0.0529835,0.00439672,0.103005,0.0242919,-0.0194938,-0.0186823,0.0283637,0.0800384,-0.11182,0.0173448],[0.108843,-0.0133065,-1.3038,0.0845509,5.83258,-0.488822,-0.272364,-0.13585,-0.133579,1.18512,-1.04104,0.0556166,0.0792987,0.0747159,-0.344731,-0.101302,0.0346581],[0.499798,0.0264575,4.37937,-0.206391,-0.488822,6.78214,0.581538,0.154797,-0.114189,-0.76015,4.95184,0.0151135,-0.0229946,0.866454,-0.58083,0.986442,-0.104181],[0.0327298,-0.0906846,0.749698,-0.0744194,-0.272364,0.581538,0.398127,0.125356,-0.0386129,-0.834866,0.056743,-0.00805106,-0.00732973,0.456425,0.0129462,0.339011,-0.0299727],[0.00669059,-0.057714,0.244303,-0.0529835,-0.13585,0.154797,0.125356,0.136064,-0.0249117,-0.363518,0.0780398,-0.000157148,-0.00231918,0.205363,0.0705432,0.118324,-0.00981209],[0.000489725,0.0148037,-0.160784,0.00439672,-0.133579,-0.114189,-0.0386129,-0.0249117,0.142233,0.304527,-0.146905,0.00888369,0.0112571,-0.220812,0.0639922,-0.0460763,0.00509725],[0.124857,0.856549,-1.95422,0.103005,1.18512,-0.76015,-0.834866,-0.363518,0.304527,14.3436,4.38851,-0.0298806,-0.137776,0.14922,0.66532,-0.751301,0.155762],[0.565395,0.162436,2.66516,0.0242919,-1.04104,4.95184,0.056743,0.0780398,-0.146905,4.38851,58.2567,0.47602,0.0824017,7.6556,2.80752,1.5583,-0.195886],[-0.00573887,-0.0189724,-0.0382955,-0.0194938,0.0556166,0.0151135,-0.00805106,-0.000157148,0.00888369,-0.0298806,0.47602,0.035001,0.0318008,-0.0988926,-0.00456183,0.0229084,0.00319491],[-0.012563,-0.0197974,-0.0561287,-0.0186823,0.0792987,-0.0229946,-0.00732973,-0.00231918,0.0112571,-0.137776,0.0824017,0.0318008,0.0413472,-0.237164,-0.0628028,0.0185869,0.00297121],[0.219136,-0.0108146,1.08469,0.0283637,0.0747159,0.866454,0.456425,0.205363,-0.220812,0.14922,7.6556,-0.0988926,-0.237164,5.28241,1.24257,0.52227,-0.046934],[-0.0816025,-0.0636769,-0.115438,0.0800384,-0.344731,-0.58083,0.0129462,0.0705432,0.0639922,0.66532,2.80752,-0.00456183,-0.0628028,1.24257,1.67573,0.00049704,-0.00417522],[0.0412498,-0.0781457,0.939391,-0.11182,-0.101302,0.986442,0.339011,0.118324,-0.0460763,-0.751301,1.5583,0.0229084,0.0185869,0.52227,0.00049704,0.594908,-0.0391628],[0.00634887,0.00978351,-0.0715069,0.0173448,0.0346581,-0.104181,-0.0299727,-0.00981209,0.00509725,0.155762,-0.195886,0.00319491,0.00297121,-0.046934,-0.00417522,-0.0391628,0.0177038]],"n":17,"lags":3}