{"betahat":[[-0.192033,-0.76893,1.89183,-1.02711,-4.03206,-1.92607,1.80652,1.60825,-0.0477468,-10.4282,-10.5391,-0.0464606,-0.0931183,4.62946,-0.17642,1.30051,-0.0170759],[0.961925,0.0130535,0.110695,0.269215,0.238792,0.106415,-0.15265,-0.0941168,0.222966,1.38945,-0.805609,-0.0219242,0.0204545,-0.579201,-0.23176,-0.0221439,0.054566],[0.067513,1.05754,0.824903,-0.046444,-0.834231,1.09028,0.0712597,-0.149926,-0.0728676,-1.18486,-1.19024,-8.50439e-05,0.0031235,-0.0867515,-0.227311,0.101674,-0.00573208],[0.0245397,-0.00674792,0.841764,-0.00740664,0.144536,-0.0834533,-0.00923141,0.00914325,0.0233532,0.0185183,0.382648,0.00626003,-0.0029295,0.212106,0.0884217,0.00305908,-0.00649438],[0.11111,0.126065,0.615941,0.853553,0.114583,1.20432,-0.0781727,-0.113553,0.0927648,1.44568,5.18161,0.139744,0.0669493,0.345194,-0.231297,0.150535,0.0622997],[-0.00842813,0.0388896,-0.0961568,-0.0392685,0.499411,-0.289406,-0.0085431,-0.0189292,-0.0174011,-0.0528487,-0.249616,0.000225372,0.0123946,-0.183154,-0.108222,0.00530016,-0.00703835],[-0.0148295,0.0125779,-0.0649115,-0.047762,0.0077452,0.682019,-0.0243934,-0.00221107,-0.0288931,0.0249949,-0.411427,0.00176648,-0.000737429,0.0469396,0.0714149,-0.0508786,3.02076e-05],[-0.0844508,0.0210135,-0.28128,0.273862,-0.0262235,0.0968791,1.12504,-0.0455498,0.343518,1.21174,2.66033,0.0315548,0.0325815,-0.0877489,0.85555,0.00893519,0.00141603],[-0.131254,-0.116671,0.397504,-0.00796754,0.0269754,1.40817,-0.14119,0.904033,-0.144697,0.332199,3.23851,0.0284232,0.0148188,-0.0663803,0.100947,-0.333429,-0.027173],[-0.105283,-0.149767,-0.506924,-0.202249,0.240176,-0.453078,0.114909,-0.0784976,1.32487,0.147944,-0.6382,0.0310066,0.0495929,-0.556779,-0.472139,0.147388,-0.0333516],[0.0476859,0.0559546,0.125104,0.0115941,-0.197645,0.186601,-0.0423821,0.0020791,-0.0151151,1.1195,0.501515,-0.00358835,-0.00836033,0.0368389,0.0508626,-0.00152508,0.00350834],[7.16096e-05,0.0010876,0.0167503,0.00900765,-0.025922,0.0426895,-0.010787,-0.00914552,-0.00357991,0.0483062,0.91095,0.0023515,0.00326587,-0.0612037,-0.0515128,0.00781818,-0.0011049],[0.270934,0.30028,0.428852,0.247811,1.37875,0.243791,0.139511,0.520158,0.00169089,1.85346,2.9077,0.862232,-0.0878976,1.48932,1.38912,-0.0775735,0.0829613],[0.362599,0.224012,3.08925,0.404858,1.64362,0.597746,-0.423289,-0.189268,0.196232,-4.76023,-5.55322,0.102347,1.14122,-1.80395,0.531193,-0.148989,0.183029],[0.0355353,0.0197704,0.0476746,0.018961,-0.0150983,-0.0668425,0.0257855,-0.0164118,0.0236025,-0.215809,0.151214,0.011934,0.00462393,1.0681,0.111328,0.00593618,-0.000908203],[0.0423755,0.0809504,-0.00350325,0.0207346,0.00923256,-0.046395,0.0107912,-0.0358139,0.0444954,-0.298917,-0.871608,-0.0237875,-0.00184795,-0.116429,0.270015,-0.0349505,0.0176574],[0.162917,0.0361525,0.480755,-0.0752381,0.332682,0.814825,0.0630143,-0.00616698,-0.0534215,0.0176588,0.83973,0.00242806,0.00457324,0.190028,-0.301965,0.557945,0.0212851],[0.153725,0.508972,-0.390593,-0.0273499,1.00014,0.373241,0.886105,0.43594,-0.336544,2.54836,3.31649,0.0156446,-0.143942,2.90456,-0.181067,0.65367,0.988329],[-0.0155518,-0.119607,-0.057569,-0.170602,0.213872,0.796353,0.0172827,0.0495297,-0.152287,-0.405472,3.49634,0.0918052,0.0272244,1.14134,0.501773,0.116442,-0.0614886],[-0.0014745,0.0382615,-0.173497,0.0341545,0.930176,0.0580755,-0.14783,0.0567192,0.0317241,0.861098,2.37668,-0.00811627,-0.00108281,0.180688,0.0678601,-0.0803436,-0.0114302],[-0.0190266,-0.00389916,0.057174,0.0179559,-0.0904535,-0.0247667,0.0134413,-0.0175502,-0.015315,0.0464134,0.0358841,-0.0069275,-0.00233334,-0.0603623,-0.0794486,-0.00742442,0.00582861],[-0.159829,-0.0898531,-0.826325,0.162062,-0.393372,-1.73243,0.161561,0.0671263,0.0153027,-0.535313,-4.3768,-0.125059,-0.0775416,-0.427391,0.150824,-0.212423,-0.0323029],[0.0094474,-0.0258994,0.114388,0.0498137,0.257419,0.28364,0.00723107,0.00232845,0.0191525,0.0707005,0.0557298,-0.00732163,-0.0195015,0.253575,0.134077,-0.031848,0.000864515],[0.00544572,-0.0186365,-0.00129428,0.0300943,-0.0163153,0.117399,0.00956693,-0.00200905,0.0285751,-0.0950179,0.00670508,0.00792851,0.00854507,-0.104722,-0.0406833,-0.00640461,0.00286693],[-0.00144209,0.00140787,-0.0461089,-0.193443,-0.104789,-0.365943,-0.0875672,-0.0410905,-0.227106,-0.650109,-2.12285,-0.0092207,-0.00731259,-0.060255,-0.689519,-0.0651578,0.0103238],[0.0652734,0.0473256,-0.104075,0.0914684,0.207653,-0.784507,-0.0234153,-0.0416021,-0.0512175,-0.476968,-3.33698,-0.0908038,-0.102172,0.302586,-0.0339951,0.248709,0.026117],[0.0414779,0.072387,-0.126911,0.121667,0.442648,0.0780002,-0.145243,0.0315691,-0.25299,0.320294,-0.394906,-0.00664907,-0.0324899,0.421062,0.351543,-0.121809,0.0360944],[-0.0387054,-0.0391598,-0.129722,-0.0206054,0.189418,-0.165731,0.0101585,-0.00423695,0.00602855,-0.190642,-0.416129,0.00745822,0.0130146,-0.00159586,-0.0109157,-0.00140902,0.00344458],[0.00473986,0.00753825,-0.0078656,-0.0137079,0.0225269,-0.000454726,0.00368632,0.00237082,0.000916476,-0.0250193,0.0450466,7.44104e-05,-0.000469084,0.0400829,0.0350768,-0.0137088,0.00194449],[-0.0606136,0.128061,0.212802,-0.211736,-0.83373,0.709727,-0.0011891,-0.526214,-0.105378,-0.90857,-3.33286,0.0425896,-0.00250515,-0.310515,-1.18547,-0.13358,-0.124503],[-0.294682,-0.165296,-1.97622,-0.279111,-2.42917,-0.0840594,0.277138,-0.0214928,-0.203536,3.19159,3.47914,-0.128994,-0.190421,1.20777,-0.181812,-0.137482,-0.18362],[-0.0240219,0.00893747,-0.0511309,0.00828937,-0.0224216,0.0895696,-0.0223484,0.00268714,-0.0132633,0.0307695,0.0694465,-0.0101738,-0.00474357,-0.00610418,-0.0882298,-0.00626391,-0.00408576],[0.0562609,0.0552471,-0.106795,-0.0691393,-0.0642809,-0.133734,0.0528992,-0.0437138,0.0189681,-0.162309,0.631773,0.0162036,0.0143793,0.0276504,0.287042,0.131313,-0.0107876],[-0.0393903,0.111248,-0.223703,0.0812311,-0.541761,-0.478637,0.00400609,-0.057028,0.0241788,0.0850575,-0.480293,0.00466006,0.0056668,-0.202878,0.170189,0.0389249,0.00350517],[-0.386816,-0.572244,-0.708287,0.330045,0.60896,-0.565185,-0.870509,-0.357574,-0.0774221,-2.98286,-2.60279,0.00536652,0.146456,-3.47061,-0.127589,-0.731296,-0.026965],[0.053623,0.106549,-0.0531326,-0.0986118,-0.452623,-0.902793,0.135368,0.0445871,-0.0706755,-0.983998,-2.69069,-0.0698824,-0.0476805,-0.562106,-0.269994,-0.0942989,0.0069221],[-0.0660411,-0.0958023,-0.651406,0.0122913,-0.0958994,-1.14837,0.0765709,0.0932064,0.0411473,0.323728,-1.1864,0.00819987,-0.00204206,-0.0939138,0.159465,-0.0213292,0.0171611],[-0.00552384,0.0106421,0.100993,-0.0105432,-0.0540719,0.108106,-0.00420639,0.00840957,-0.00802584,-0.0649882,-0.418759,0.000662329,0.00525709,-0.151662,-0.00893916,0.00434306,0.000667426],[0.0487148,-0.0362163,0.210379,-0.015617,0.278829,0.528095,-0.0833884,0.0464288,-0.108063,-0.910361,-0.804727,-0.0146857,0.0105909,0.0822246,0.0804923,0.0618895,-0.0299974],[-0.0010083,-0.0129901,-0.0181625,-0.0105363,0.243219,0.00582386,0.00132043,0.016595,-0.00175025,-0.0178064,0.194302,0.00709543,0.00710514,-0.0703574,-0.0258262,0.0265767,0.00617077],[0.00937608,0.00605412,0.0661597,0.0176712,0.00862349,0.200472,0.0148245,0.00421749,0.000328923,0.0699412,0.404562,-0.00969971,-0.00781159,0.0578526,-0.0306923,0.0572668,-0.00289766],[0.0859451,-0.022426,0.327606,-0.0803899,0.131348,0.269328,-0.0374467,0.0866085,-0.116408,-0.561545,-0.536445,-0.0223281,-0.0252631,0.148096,-0.166,0.0563291,-0.0117486],[0.0785928,0.0962845,-0.192022,-0.086526,-0.111333,-0.476839,0.142472,0.0984917,0.161347,0.446269,1.25258,0.0631405,0.084738,-0.377073,-0.0523926,0.143445,-0.000220339],[0.0407231,0.0224298,0.374837,0.0687318,-0.432246,0.354511,0.00829379,0.0624547,-0.113263,-0.168579,0.999542,-0.000593982,-0.00589523,0.151773,0.126687,-0.0505527,0.00886563],[-0.0091106,-0.0167997,0.00413607,0.00892681,0.00788928,-0.0215251,0.0320693,0.0022101,0.00905985,0.0700475,-0.0877923,-0.00387545,-0.00465408,-0.035211,-0.0399435,0.00265576,-0.00694528],[-0.00488943,-0.00851661,-0.00921707,0.00471037,0.00298913,-0.0430188,0.00715991,0.00674989,0.00276459,-0.0240572,0.0364922,-0.00248944,-0.00280524,0.020737,0.016307,0.00556748,-0.000804409],[-0.134091,-0.268104,-0.526868,0.0374776,-0.247707,-0.654161,-0.215657,-0.0800402,0.0912903,0.0337068,-0.639751,-0.0011546,0.0188568,-1.1447,-0.184448,0.106234,0.00174233],[-0.0515952,-0.0208383,-1.14149,-0.0935352,0.657779,-0.53009,0.106451,0.213763,0.000159589,1.93976,1.96274,0.00556113,0.0230875,0.733134,-0.331678,0.212724,0.00452485],[-0.0113753,-0.0287644,0.00419309,-0.0271823,0.0388166,-0.021826,-0.00326428,0.0135664,-0.0102717,0.184621,-0.217972,-0.00174197,0.000150935,-0.0618706,-0.0229644,0.000775981,0.00493727],[-0.0788865,-0.0482977,-0.203263,0.0320799,0.215319,-0.0788128,-0.0789836,0.00395011,-0.0293105,0.454563,0.0425928,0.0175615,0.0153625,-0.31282,0.016795,-0.125178,0.00175492],[-0.000956967,-0.116832,-0.31991,0.145506,0.211026,-0.416619,-0.0555637,-0.0770179,0.0426182,-0.199613,-0.939684,0.0201292,0.0210656,-0.380053,0.151253,-0.0111265,0.0375241],[0.251336,0.130057,1.33859,-0.293927,-1.52366,0.60821,0.000820171,-0.122984,0.387566,0.00118471,-0.690402,-0.0211908,0.0158158,0.469738,0.104747,0.10973,-0.0170871]],"sigmahat":[[0.186755,0.090439,0.456321,0.0234663,0.11916,0.50966,0.0280496,0.00477452,0.00214202,0.141569,0.587351,-0.0049544,-0.0124048,0.231225,-0.078324,0.0381678,0.00789257],[0.090439,0.222162,0.0286616,0.0315144,-0.0357738,0.0218382,-0.10012,-0.0654951,0.0195954,0.909641,0.179715,-0.0198383,-0.020175,-0.0278758,-0.0665055,-0.0824381,0.0101037],[0.456321,0.0286616,5.00717,-0.117154,-1.3457,4.58356,0.764382,0.259732,-0.17836,-2.12839,2.93227,-0.042005,-0.0605475,1.17365,-0.102359,0.954233,-0.076338],[0.0234663,0.0315144,-0.117154,0.246973,0.082272,-0.214281,-0.0787145,-0.056195,0.00973767,0.146459,0.00919387,-0.0213861,-0.0207218,0.022972,0.0907695,-0.117475,0.0183441],[0.11916,-0.0357738,-1.3457,0.082272,6.37635,-0.388259,-0.311864,-0.149464,-0.139227,1.35687,-0.918668,0.0725503,0.0956301,-0.00225167,-0.392052,-0.107121,0.0409693],[0.50966,0.0218382,4.58356,-0.214281,-0.388259,7.20773,0.583802,0.166436,-0.13841,-0.767891,5.66141,0.0236432,-0.0191185,0.984063,-0.551896,1.00913,-0.111787],[0.0280496,-0.10012,0.764382,-0.0787145,-0.311864,0.583802,0.419349,0.132494,-0.0406224,-0.895086,0.0548337,-0.00997951,-0.00868585,0.480243,0.0151153,0.347371,-0.0314202],[0.00477452,-0.0654951,0.259732,-0.056195,-0.149464,0.166436,0.132494,0.147257,-0.0288112,-0.388555,0.0775342,-0.000763653,-0.00334246,0.23252,0.0728758,0.122252,-0.00975997],[0.00214202,0.0195954,-0.17836,0.00973767,-0.139227,-0.13841,-0.0406224,-0.0288112,0.159023,0.333097,-0.131132,0.00985438,0.01238,-0.229394,0.0733973,-0.0476707,0.00604582],[0.141569,0.909641,-2.12839,0.146459,1.35687,-0.767891,-0.895086,-0.388555,0.333097,15.4083,4.91927,-0.0283744,-0.144931,0.208648,0.687653,-0.766351,0.164537],[0.587351,0.179715,2.93227,0.00919387,-0.918668,5.66141,0.0548337,0.0775342,-0.131132,4.91927,62.048,0.515583,0.0922709,8.0691,3.08415,1.68594,-0.207214],[-0.0049544,-0.0198383,-0.042005,-0.0213861,0.0725503,0.0236432,-0.00997951,-0.000763653,0.00985438,-0.0283744,0.515583,0.0380561,0.0344308,-0.106643,-0.00422028,0.0233358,0.00385502],[-0.0124048,-0.020175,-0.0605475,-0.0207218,0.0956301,-0.0191185,-0.00868585,-0.00334246,0.01238,-0.144931,0.0922709,0.0344308,0.0444009,-0.256214,-0.0685485,0.0189524,0.00343082],[0.231225,-0.0278758,1.17365,0.022972,-0.00225167,0.984063,0.480243,0.23252,-0.229394,0.208648,8.0691,-0.106643,-0.256214,5.66666,1.35998,0.538992,-0.0489801],[-0.078324,-0.0665055,-0.102359,0.0907695,-0.392052,-0.551896,0.0151153,0.0728758,0.0733973,0.687653,3.08415,-0.00422028,-0.0685485,1.35998,1.80075,0.00491585,-0.00313153],[0.0381678,-0.0824381,0.954233,-0.117475,-0.107121,1.00913,0.347371,0.122252,-0.0476707,-0.766351,1.68594,0.0233358,0.0189524,0.538992,0.00491585,0.621719,-0.0407903],[0.00789257,0.0101037,-0.076338,0.0183441,0.0409693,-0.111787,-0.0314202,-0.00975997,0.00604582,0.164537,-0.207214,0.00385502,0.00343082,-0.0489801,-0.00313153,-0.0407903,0.0190314]],"n":17,"lags":3}