{"betahat":[[-2.44679,-4.676,-0.780753,-0.668905,6.31752,-14.4035,6.16754,4.38604,-7.30287,-0.653102,0.486259,27.06,0.0421771,-0.169267,19.4706,17.6271,19.1195,6.76863,12.1411,20.2501,5.66564,21.9125,1.27433,0.0370623],[0.584434,-0.194209,0.4182,0.225546,0.234787,0.233188,-0.135405,0.0841093,2.17809,0.160044,0.147261,-3.4685,-0.0132121,0.0172011,-1.00439,0.0151013,-0.112686,-0.928937,-1.39502,-0.517559,0.0275513,-2.62577,-0.395076,0.034759],[0.359103,1.04952,0.523254,-0.230203,-0.550682,1.13368,0.314123,-0.0563427,-0.493071,-0.01649,-0.347799,0.927272,0.0655388,0.033043,0.751664,-0.0201261,0.145502,0.509948,2.57898,0.0170559,0.191285,1.10127,0.184297,0.0380493],[0.101123,0.0433383,0.65891,0.0108296,0.237622,-0.0643382,-0.0326535,-0.0262883,-0.167053,0.029988,0.0348766,0.671072,0.0112847,0.00738668,0.17879,0.0192069,-0.0184431,0.107095,0.128104,-0.241908,-0.040701,0.426116,0.0685675,-0.000286971],[0.0746857,0.1427,0.672334,0.679406,0.302331,1.30388,-0.077513,-0.156206,0.450392,0.196802,0.0456926,0.298181,0.138148,0.11695,-1.01737,-0.00311755,-0.15437,0.0181668,-0.175203,-0.216581,-0.0261191,-1.14473,0.118851,0.0552175],[-0.00354956,0.0409912,-0.14397,-0.0388651,0.350176,-0.396094,0.014102,-0.022184,-0.233416,-0.000861113,-0.0121918,-0.614386,-0.00651557,0.0146929,-0.219268,-0.0151043,0.0071122,0.0607355,0.0859521,0.0339846,0.0195571,0.00210335,-0.00943239,-0.0110069],[-0.00455502,0.00991265,-0.0258303,-0.0464461,0.0960379,0.603712,-0.0277743,-0.00924332,0.236455,-0.0425767,0.038999,0.52627,0.00172375,-0.0144194,0.240479,-0.00435772,0.0105492,-0.1698,-0.35512,-0.0753148,-0.0307638,0.165032,0.0207948,-0.00501371],[-0.0680197,0.165908,-0.114749,0.352752,0.105918,0.306179,0.875641,-0.0227824,1.78006,0.234242,-0.00783606,4.1253,0.0245296,-0.0017179,0.875781,0.0957631,-0.307173,-0.231474,0.555255,-1.12907,0.0422464,-1.87334,0.0388431,-0.00224005],[-0.0431769,0.0401081,1.4187,-0.240075,0.0911896,2.86519,-0.274182,0.808453,-1.23608,-0.156662,0.251388,-3.22143,-0.00637974,0.0981824,-2.49256,-0.0604265,-0.101677,-0.249253,-0.0423562,0.415447,-0.584624,-2.53749,-0.38887,-0.0843043],[0.0277215,0.0583088,0.0678801,0.020794,-0.0764279,0.112363,-0.0507699,0.0112766,0.92372,-0.0115455,0.0656464,-0.287472,0.00151494,0.00560294,-0.199562,-0.00337693,-0.00205675,-0.0155679,0.0159224,0.00799405,-0.0221695,0.0532864,-0.00638084,0.00843127],[0.0349856,0.11762,-0.795885,-0.547686,-0.323628,0.311066,0.0461532,-0.169001,1.48931,1.28822,-0.270169,2.10727,0.12067,0.0743605,0.390628,0.0993121,-0.300636,0.382448,-0.178073,-0.494826,0.296035,-0.0305744,0.386007,0.0313219],[-0.0294499,0.371938,-0.519818,0.204434,0.169838,0.142767,-0.482084,-0.37499,-0.0399529,-0.244489,1.5016,1.2349,0.00268535,-0.0302229,0.499085,0.214461,-0.470887,-0.441626,-1.09367,-0.32211,-0.562835,-2.23864,0.0236605,0.00973886],[-0.00261288,0.00242535,-0.0745944,0.0178304,0.0184619,-0.0804198,-0.0109398,-0.012623,-0.00101558,0.0008953,-0.00237296,0.517431,0.000575922,0.00552816,-0.0821253,0.0065245,-0.00271077,0.00753284,-0.0141189,-0.0241011,0.00209001,-0.048381,-0.00847425,0.00116004],[-0.195564,0.123418,-1.32501,-0.11473,4.02201,0.820647,0.0901641,0.489961,4.94532,0.13585,-0.530867,-2.33951,0.774951,-0.0403297,-0.123408,-0.17812,0.0867148,-0.404149,5.96075,-1.83836,-0.147094,2.39437,-0.407156,0.105537],[1.36814,0.74113,5.89925,1.02058,0.551584,1.69999,-0.782386,-0.201302,-4.45047,0.129235,1.27033,9.93148,0.164722,0.999104,0.939311,0.194335,-0.335481,-1.20868,-1.98476,0.279485,0.0367643,1.95844,0.00549497,0.234059],[0.077581,0.00364397,0.218198,-0.0188672,0.043879,0.0958938,0.0259889,0.000506851,-0.178119,0.0444729,0.0184656,0.601463,0.026492,0.0148843,0.974078,-0.0166622,0.031658,0.123169,-0.202957,0.244227,0.0620548,0.406128,0.0111133,-0.000168132],[-0.257264,0.0770101,3.28713,-0.479461,-1.68684,4.45576,1.03237e-05,0.129749,-0.471408,0.0273414,0.151009,12.7663,0.0963337,0.0638452,-0.526899,0.327608,0.207102,-1.46699,-1.77879,-0.00321593,0.224312,-2.97936,0.947519,-0.142931],[-0.41004,-0.198051,-0.216449,-0.219771,-0.0336305,0.174418,-0.0188283,-0.073448,-0.108839,-0.0985827,-0.0114761,-3.35187,-0.011604,-0.00533529,-0.632564,0.085424,0.343436,-0.0252014,-2.33523,0.395787,-0.154969,-2.71065,0.288953,-0.0398795],[-0.0639413,-0.0140075,-0.341555,0.0261981,0.454627,-0.326836,-0.10566,-0.100221,-1.10879,-0.0144509,0.0151545,-1.79726,-0.00598155,0.0245348,-0.365857,0.00587816,-0.0168404,0.19715,-0.295896,0.488953,-0.0430163,-0.470018,-0.0773859,0.0105332],[-0.00908537,0.025544,0.0454846,0.0244171,-0.106498,0.135341,-0.0037016,-0.0629902,-0.116986,0.0051515,-0.0193746,0.712671,0.00765239,0.00812201,-0.0817368,0.0102726,-0.0260155,-0.0481902,-0.0583904,0.044336,-0.0480723,0.35204,0.0705408,-0.00358997],[-0.0253885,0.00406257,-0.211428,-0.046441,0.0754576,-0.196908,-0.0167968,0.0318929,-0.127588,-0.00138633,0.0253326,-1.58727,0.00289382,0.0268051,-0.647965,-0.00151229,0.00772289,-0.419959,0.0854057,0.27266,0.0400229,-0.301316,-0.0337789,-0.0165636],[0.0908988,-0.0598732,0.267816,0.22648,-0.326174,0.0133477,0.0352847,-0.0350276,0.270783,-0.0393251,0.150322,0.476312,-0.0108473,0.014805,-1.06965,-0.0178754,0.170524,-1.28305,-1.07002,-0.94956,0.786265,1.04456,0.0527594,-0.0164164],[-0.00868207,0.00938482,-0.00415413,0.0132584,-0.0689832,-0.0163836,0.044069,-0.0155294,0.00545698,0.0162877,-0.0799046,1.55095,0.00664201,-0.0123258,0.460301,0.00555918,-0.0457016,0.0533508,0.190673,0.0510873,0.0633683,0.567655,0.0174217,0.00552856],[-0.0262033,-0.051423,0.310079,0.00609573,-0.240974,0.460187,-0.184379,-0.0458546,-0.921313,-0.179196,0.294806,-4.00251,-0.0577376,-0.00322917,-1.41239,0.0514082,-0.147817,0.585634,-0.0343273,1.11292,-0.336466,-1.04078,-0.00879864,0.0200366],[0.018573,0.32116,-0.472912,-0.199848,0.815981,-0.784251,0.676433,0.877445,-2.66885,-0.367728,-0.141245,10.0273,0.0142727,-0.0997868,6.19864,-0.58495,0.664114,-0.0891097,0.829569,2.26945,0.517382,2.83024,1.1181,0.887584],[0.0477892,-0.142284,-0.614529,-0.108319,-0.0698806,0.323271,0.0291233,-0.121554,-1.93236,-0.125439,-0.0186683,2.36005,0.0768486,0.0701392,0.360111,0.0968633,-0.05766,0.658034,-0.384863,0.346712,-0.146409,1.63638,0.411521,-0.0783909],[-0.145277,0.131507,0.698497,0.19015,0.761159,0.75463,-0.154668,-0.0219518,0.906849,0.0170785,0.226968,-0.705301,-0.126868,-0.0775644,-0.471544,-0.000367149,-0.079621,-0.687461,-1.33195,-0.343145,-0.151519,-0.821549,-0.0679081,-0.0534795],[-0.0721294,-0.0547061,0.0183467,0.0350416,0.0122643,-0.153835,-0.00528668,0.000667229,-0.0199714,-0.0185884,0.00795631,0.43124,0.0037941,0.0064883,-0.0200734,0.0149537,0.0291235,-0.178862,-0.222882,0.0573206,0.0278275,-0.327133,-0.0244804,0.00155926],[-0.109406,-0.0989757,-0.316328,0.162157,-1.31004,-1.05188,0.291279,0.129771,0.0336956,-0.0141379,-0.293544,0.325287,-0.115196,-0.126589,0.426042,-0.0192188,0.193828,-0.0383575,1.0517,0.115575,0.187848,0.639304,-0.195942,-0.0793514],[-0.0119004,-0.035753,0.164604,0.0407822,0.431908,0.332056,0.00159849,0.00489804,0.213276,0.00649649,0.0101162,-0.196428,-0.00615752,-0.0188637,0.174015,-9.55557e-05,-0.0112628,0.00886759,-0.232186,0.0580081,0.00969848,0.0708654,0.000818624,-0.00158405],[-0.0172751,-0.00822375,0.0197337,0.0206585,-0.0994411,0.213965,-0.00226109,-0.00715531,-0.295172,0.0491474,-0.0366167,-0.626853,0.00576593,0.0161686,-0.284165,0.00517465,-0.0225958,0.186663,0.195849,0.0775367,0.0199909,-0.300789,-0.0613108,0.00644607],[-0.00831688,-0.090191,-0.538737,-0.194053,0.197975,-0.635591,0.0735352,-0.0611154,-1.16471,-0.19672,0.0126774,-1.75114,-0.00108935,0.0148327,-0.262731,-0.108973,0.267566,0.187996,-0.202873,1.02708,-0.0890515,1.50773,-0.0573264,0.0111045],[-0.0395145,0.0816971,-0.57034,0.308035,-0.420177,-1.77772,-0.0630534,-0.186,0.565476,-0.0860966,0.0868216,-1.28539,-0.118823,-0.171702,1.00231,-0.0958465,0.231841,-0.319749,-1.96746,-0.255963,0.372625,1.3272,0.218044,0.0623787],[-0.0402164,-0.063281,-0.0136988,-0.0322801,-0.0710707,-0.193274,0.0394818,0.00197958,-0.126426,0.00879318,-0.0306634,0.0919804,-0.00990752,-0.0101895,0.233859,-0.0183776,0.0321738,0.0901503,-0.139684,0.0525505,0.0191008,-0.0102271,0.0121617,-0.00790547],[-0.033973,-0.0842845,0.373358,0.250146,1.66832,0.104006,-0.0567598,-0.0194725,0.277282,-0.317176,0.198275,-1.72493,-0.0461377,-0.0411794,0.0386202,-0.0575035,0.203794,-0.121053,-0.703997,0.329677,-0.31434,-0.484546,-0.000426454,-0.0181883],[0.0830412,-0.152083,0.693383,-0.0998672,-0.110046,0.182524,0.310441,0.238417,0.125776,0.199221,-0.359269,-1.88683,-0.0496301,-0.0344895,-0.117244,-0.100655,0.218571,0.352667,0.865138,0.0514074,0.410367,1.16431,-0.00489535,-0.01323],[0.00894852,-0.00608069,0.0897127,-0.0236791,0.00710368,0.100406,0.0242343,0.0162537,0.054704,-0.00248841,-0.000573904,0.326275,0.000197491,-0.00357569,0.0628782,-0.0094693,0.0234221,0.00142129,-0.0103727,0.0611309,0.0043078,0.135358,0.00662038,-0.00317971],[0.613214,0.356614,1.62735,-0.639271,-1.36216,0.976458,0.028992,-0.385822,-1.98053,-0.109475,0.150007,-4.35161,0.082768,-0.0169433,0.12294,0.138891,0.0805993,1.53508,-0.400784,2.36418,0.00482492,0.339421,-0.392707,-0.127736],[-1.25537,-0.500586,-4.02635,-0.209716,-3.51069,-0.754823,0.0737583,-0.0133221,3.74352,-0.21157,-0.425318,-6.83378,-0.279463,-0.262011,-0.520155,-0.0840474,0.250856,-1.33118,-1.34644,-2.4031,-0.124068,-0.828124,-0.964715,-0.147921],[-0.0217004,0.0234596,-0.161877,0.0207001,-0.153434,0.0833173,-0.00203356,-0.00346539,-0.0217718,-0.0355859,-0.0073783,0.0694783,-0.0152721,-0.0115635,0.0846094,0.00225367,-0.022441,-0.0176007,0.148949,-0.114503,-0.0544895,0.0222415,0.0215676,-0.000256998],[-0.158152,-0.373231,-2.8851,0.240209,1.20764,-3.86018,-0.119369,-0.193217,-3.82836,-0.0278519,0.0164809,-21.6177,-0.24662,-0.0860332,-0.923752,-0.190012,-0.0994421,1.83765,-0.19491,2.31893,-0.0695559,0.538437,-0.9718,0.0283238],[0.260345,0.0779499,0.121794,0.136448,-0.813319,0.311872,0.0991983,0.0252941,-0.616532,0.150341,-0.195292,0.903581,-0.0448019,-0.0790408,0.545934,-0.106479,-0.142103,0.505284,2.0775,0.248726,0.0823106,2.20852,-0.305966,0.0359374],[-0.077925,-0.047294,-0.0240335,0.00600812,0.167314,-0.186608,0.0202268,0.0159351,-0.729817,-0.00531619,-0.0417333,-1.83495,0.0114574,0.0265285,-0.54544,-0.00847583,0.0190734,0.392453,-0.227936,0.290187,0.0435521,-0.0514353,0.00149932,-0.00236522],[0.0152197,-0.000754388,0.121375,-0.0169616,0.065994,0.206975,-0.0456613,0.00898029,-0.0253604,0.000206748,0.0452522,-0.293139,0.0116327,0.0124742,-0.0630276,0.000754849,-0.0102608,0.123893,-0.210449,0.217525,0.00283428,0.0719209,-0.0548065,0.00364646],[0.00258974,0.0194762,0.0767583,0.0298657,0.065461,0.0140479,0.0056875,-0.0311946,0.319818,-0.0023102,-0.0278629,0.712066,-0.0128848,-0.0224437,0.45559,-0.00764033,-0.0223704,0.310631,-0.107012,0.585778,-0.0611168,0.169938,0.0125291,0.0184283],[-0.0232558,0.136233,-0.617367,-0.170612,0.289148,-0.167356,0.0080032,0.0529365,-0.0327332,0.0777216,-0.180663,0.157923,-0.00896851,-0.0481453,0.905453,0.0356206,-0.0608386,1.1435,1.77775,0.207443,0.230408,-0.701384,-0.0333849,-0.0195123],[-0.0426765,0.00146964,-0.0836157,0.0221806,-0.03301,-0.310694,-0.0205126,-0.0364238,-0.238172,-0.0244216,0.0172758,-2.04395,-0.0319347,-0.00920526,-0.401777,0.0211184,-0.065876,0.0493902,0.117968,0.103539,-0.0432834,-0.488817,-0.0316484,-0.00757048],[0.0844901,0.234427,0.10063,0.148763,-1.19605,-0.409606,-0.0555628,-0.0871949,0.336111,0.093008,-0.0543181,1.07654,0.0290548,0.0164033,-0.0976313,0.111635,-0.176894,-0.270563,-0.316561,-0.251607,0.0530328,-0.312129,0.105483,0.0330191],[0.193534,-0.537965,-0.756384,0.269291,1.15056,0.929174,-0.184364,-0.531681,2.30118,-0.128682,0.659036,2.56778,0.135424,0.125059,-4.91293,0.260305,0.0547798,0.166624,-2.64037,-0.686516,-0.484546,2.00537,-0.159176,0.0758058],[0.367739,0.336458,0.196398,-0.117199,-0.165212,-0.556537,0.106361,0.0374426,-0.246205,-0.0346254,-0.128622,1.10973,-0.0636491,-0.08734,0.64437,-0.111956,0.170325,0.270902,1.77972,0.171031,0.118823,0.989425,-0.0163826,0.0436116],[-0.213816,-0.18121,-1.22158,0.0401307,-0.210527,-1.88843,-0.159352,0.0783101,-0.41445,-0.000622086,0.12085,-0.222354,0.0612954,0.044491,-0.279977,0.0204746,-0.0657384,0.177761,-1.24753,0.326427,-0.0397288,-0.279318,-0.116355,0.0154014],[-0.0291724,0.0112186,0.322225,-0.0458182,-0.250911,0.217587,0.0380289,0.0256246,0.185205,-0.011261,-0.0429421,-1.1036,-0.0151137,-0.0139084,-0.158719,-0.0341302,-0.0107228,0.0724702,0.0948421,0.185246,0.0129201,-0.0986793,-0.0441718,-0.00130054],[0.0348076,-0.0436983,-0.355802,0.158393,1.00768,-0.251776,-0.213715,0.02646,-0.48386,-0.18257,0.24781,-0.622119,-0.0229504,0.00963258,0.591803,0.0223367,-0.0394319,0.0203383,-0.87629,0.100861,-0.161619,0.505707,0.0772119,0.0241283],[0.0156261,-0.00529939,-0.0201852,-0.00180308,0.217792,0.0644771,-0.0155777,0.0173205,0.020195,-0.00561815,0.00211304,0.815587,0.0127006,0.00416417,0.0460667,0.0151932,0.00428967,-0.0700001,0.14578,-0.0925577,-0.0292164,-0.0726714,0.00887243,0.0125827],[0.0215781,-0.00191659,0.00555617,0.02589,0.00403483,0.181277,0.0299559,0.0163541,0.0579494,-0.00659493,-0.00222226,0.0996268,-0.0074723,-0.00171662,0.0436875,-0.000768213,0.0119933,-0.0164555,0.158344,-0.00118744,0.0106939,0.135412,0.0405125,-0.00147009],[0.077135,-0.0757435,0.655547,-0.158554,-0.300918,0.332253,0.0514091,0.083815,-0.614822,-0.0372764,-0.00524886,-2.36873,-0.0233555,-0.0130798,-0.610977,0.013125,0.0401486,0.0440066,-0.353746,0.102295,0.0468544,0.366396,0.019511,-0.00888558],[0.134898,0.126783,-0.752424,-0.129033,0.641529,-0.491096,0.109989,0.166043,1.73118,0.0742051,-0.263077,5.74508,0.156037,0.110778,0.588712,0.0955729,-0.0443687,-0.284257,1.01432,-1.0691,-0.141444,0.658309,0.35287,0.0337683],[0.0110463,0.00585094,-0.0589966,0.0115288,0.142818,0.0744664,0.00824308,-0.0139274,0.190829,0.00193856,-0.0324297,0.186686,0.0086351,0.00493488,-0.0395277,0.022696,-0.0335077,-0.0723824,0.127562,-0.0557859,0.00116114,-0.0517819,-0.00761209,-0.000418024],[0.0921121,0.0779536,0.0415692,0.27523,-0.540373,-0.098857,-0.038504,0.0887671,-0.522291,-0.0862179,-0.0119607,0.946041,-0.0343467,-0.0271197,0.139336,-0.0082556,0.0364163,-0.369265,0.955589,-0.780226,-0.120351,0.192963,-0.234174,0.0104541],[-0.0544189,-0.219663,-0.175622,-0.104933,-0.0633121,-0.327213,0.1716,0.136654,-0.0882439,0.0455421,-0.142539,0.644885,0.046795,0.0645384,-0.383187,-0.113831,0.251817,0.0909183,0.233238,0.272592,0.152799,1.07435,-0.0198295,0.00351195],[-0.00640129,0.0064043,-0.0187854,0.00419794,-0.0271519,-0.0237925,-0.0143624,-0.00476497,-0.0523457,0.00262104,0.00218199,0.0885521,-0.00104461,-0.00166096,0.00779097,0.00330481,-0.024193,-0.000198539,0.0408803,-0.0298308,-0.00655607,-0.0955803,-0.000682925,0.00221809],[-0.493392,-0.560914,-0.680375,0.233646,-1.32094,-2.02458,-0.441583,0.0485226,-2.08203,0.101458,0.461345,-6.65794,-0.137539,-0.0461995,-2.78827,-0.0623266,-0.104777,0.16171,-3.65878,0.372491,-0.163446,-2.17813,-0.00301579,-0.0519803],[0.06111,-0.0563485,-1.04485,-0.478684,1.29909,-0.786747,0.438083,0.309411,1.9237,-0.047626,-0.312081,-1.5643,-0.0273322,0.100308,-0.177849,-0.108192,0.13538,0.628425,2.02269,0.126535,0.0932258,-0.773291,0.594425,-0.0590601],[-0.0542918,-0.0282988,-0.0517976,-0.00216288,0.12271,-0.171034,-0.0213892,0.00252186,0.195534,-0.00747765,-0.0136398,-0.674277,-0.0112531,-0.0033727,-0.0531092,0.0140958,-0.00676493,-0.09791,0.0477161,-0.122891,-0.00690009,-0.423662,-0.029341,6.66373e-05],[0.398513,0.268052,-0.38525,0.226268,0.505729,-0.592537,0.100792,0.0733662,4.31637,-0.00782932,-0.134432,8.55119,0.155818,0.0362084,1.23392,-0.125639,-0.138899,-0.410583,2.01988,-2.26541,-0.172183,2.35446,-0.00798017,0.115454],[0.204678,0.142293,0.246668,0.0453864,0.325433,-0.156738,-0.00703161,0.0421828,0.540472,0.0753674,0.0411691,2.34629,0.0364231,0.0437365,0.510167,-0.00307779,-0.125619,-0.15514,0.107803,-0.630023,0.146385,0.623009,0.0688579,-0.00317967],[-0.00409895,-0.0319376,-0.124399,-0.025808,0.208486,-0.15402,-0.0190517,-0.0180393,-0.101758,-0.00898126,-0.0174329,0.942277,0.0153138,-0.00397176,0.2263,0.0101036,0.00661622,0.0366803,-0.134776,-0.101525,-0.0143765,0.0396225,0.048203,-0.0023934],[0.0228522,-0.0176194,0.109539,-0.0328137,-0.168273,0.0875204,0.0684508,0.0231144,0.0954136,0.0304796,-0.0441675,-0.12316,0.00817977,0.0068953,-0.0208872,-0.0114391,0.021132,0.0746548,-0.0761785,0.160628,0.0409727,0.208585,0.0322262,0.00315423],[0.0242738,-0.0235311,0.138666,0.0166913,-0.137329,0.187051,0.0125004,-0.000804932,-0.19128,0.00445192,0.00121304,0.879158,0.00986183,-0.00455784,0.197142,0.00885937,0.0161633,0.110792,0.0185194,0.141307,0.0218778,0.134473,0.0230306,-0.00197847],[-0.079565,-0.043906,0.186025,-0.0264116,-0.322086,0.104703,-0.137828,-0.00351987,-0.0628332,-0.0549368,0.0573193,-0.504995,0.0312922,0.0439867,-0.168544,0.0180122,-0.17042,-0.109684,-0.498416,0.172611,-0.113362,-0.637085,-0.115196,0.0373549],[-0.0126858,0.00830332,-0.0684016,0.042702,0.0197872,-0.0537384,-0.0437294,-0.01793,-0.0888796,-0.0022519,0.0496932,-0.30845,0.00112921,0.00385413,-0.136762,0.0199617,-0.0397847,0.0284305,-0.132361,0.049664,-0.0329274,-0.222692,-0.0182675,0.000838602],[-0.0477755,-0.231612,-0.0112251,0.211341,-0.00981861,0.00315412,-0.00234818,-0.11922,-0.725737,0.0949912,-0.0332632,-0.712455,0.0519038,0.0547768,-0.648275,-0.0127202,-0.0738101,0.38386,-1.27734,0.712988,0.116162,0.179799,0.0051806,0.0323999],[-0.183117,0.39784,2.10447,0.244752,-3.61286,0.931512,-0.235778,-0.403463,0.419952,0.32092,-0.333275,-1.54701,0.0791844,0.148818,0.0573073,0.181186,-0.334899,-0.501713,1.24165,-0.691422,0.14437,-4.55332,-0.37706,-0.0225124]],"sigmahat":[[0.169279,0.0906914,0.259382,0.00262265,0.0719705,0.371806,0.038731,-0.0060798,0.141739,0.0246817,-0.0390783,0.565353,0.00476147,-0.00172013,0.178135,0.0023483,0.00824951,0.00493885,0.330585,-0.165966,0.0127494,0.269691,0.0565505,0.00662575],[0.0906914,0.123487,0.12448,-0.00397472,-0.0254765,0.199399,-0.0104869,-0.0188047,0.206829,0.0108391,-0.01316,0.325818,0.000299253,-0.00322945,0.094068,0.00874959,-0.0317654,-0.0409235,0.279053,-0.200258,-0.00886852,0.00300564,0.0212746,0.00589381],[0.259382,0.12448,1.4588,0.00669779,-0.15946,1.2628,0.121136,0.0148795,0.351724,0.0651607,-0.0549939,-0.0882704,-0.0180739,-0.0201211,0.0323587,-0.0302223,0.0651133,-0.0345443,0.191574,-0.022297,0.0765027,0.382579,0.0387832,-0.00456352],[0.00262265,-0.00397472,0.00669779,0.123961,-0.0132119,-0.0416783,-0.0447943,-0.0145302,-0.166798,-0.00878128,0.0557518,-0.158392,-0.0113493,-0.00856405,-0.0534519,0.0172352,-0.0129468,-0.111151,-0.252975,-0.0720492,-0.0295301,-0.065735,-0.0278964,-0.00206883],[0.0719705,-0.0254765,-0.15946,-0.0132119,3.19004,0.239674,0.0476591,-0.0196686,1.05182,-0.10875,0.00660703,-0.639795,0.0181672,0.0325466,0.192547,0.0130897,0.106178,-0.0995241,0.0715541,0.171676,-0.114863,-0.273959,0.165373,-0.00153648],[0.371806,0.199399,1.2628,-0.0416783,0.239674,2.622,0.179599,-0.0231121,0.717793,0.0875711,-0.155641,1.36162,0.00913286,-0.00604271,0.232418,-0.0136539,0.0408574,0.0477906,0.740872,-0.239227,0.0161365,0.547517,0.160019,0.000474052],[0.038731,-0.0104869,0.121136,-0.0447943,0.0476591,0.179599,0.107677,0.0235672,0.147819,0.0181304,-0.0778285,0.221694,0.000782435,-0.00205438,0.126369,-0.0216271,0.0554837,0.0809082,0.256859,0.0473495,0.0519096,0.260958,0.0374899,-0.00282363],[-0.0060798,-0.0188047,0.0148795,-0.0145302,-0.0196686,-0.0231121,0.0235672,0.0381555,0.0604767,0.00386077,-0.0120186,0.109152,-0.000131277,-0.00066172,0.0228216,-0.00927838,0.0241674,6.58828e-05,0.0545749,-0.013135,0.0203859,0.104022,-0.00666176,-0.00199509],[0.141739,0.206829,0.351724,-0.166798,1.05182,0.717793,0.147819,0.0604767,3.65389,-0.0268561,-0.137032,2.42327,0.039931,0.0220405,0.446512,-0.02945,0.0541582,-0.534749,0.875841,-0.99942,-0.00666155,0.184892,0.106206,0.010515],[0.0246817,0.0108391,0.0651607,-0.00878128,-0.10875,0.0875711,0.0181304,0.00386077,-0.0268561,0.0529078,-0.032582,-0.0093587,-7.80545e-05,-0.00219978,0.0332238,-0.00178202,-0.00357094,0.0855726,0.0730076,0.011676,0.0299774,0.0427358,0.00771413,0.000493914],[-0.0390783,-0.01316,-0.0549939,0.0557518,0.00660703,-0.155641,-0.0778285,-0.0120186,-0.137032,-0.032582,0.125549,-0.142506,-0.00259909,0.00150053,-0.126373,0.0144716,-0.0255448,-0.118911,-0.374199,0.00846989,-0.0484578,-0.142143,-0.033408,-0.00191786],[0.565353,0.325818,-0.0882704,-0.158392,-0.639795,1.36162,0.221694,0.109152,2.42327,-0.0093587,-0.142506,34.8281,0.403499,0.119732,5.39041,0.0833611,-0.00466761,-0.924178,2.14599,-2.16437,-0.006584,2.55601,0.89369,0.0628611],[0.00476147,0.000299253,-0.0180739,-0.0113493,0.0181672,0.00913286,0.000782435,-0.000131277,0.039931,-7.80545e-05,-0.00259909,0.403499,0.0152067,0.010353,0.0281986,0.00326747,-0.00604766,-0.000419204,0.0279884,-0.0127237,-0.00225881,0.0176134,0.0154985,0.00242471],[-0.00172013,-0.00322945,-0.0201211,-0.00856405,0.0325466,-0.00604271,-0.00205438,-0.00066172,0.0220405,-0.00219978,0.00150053,0.119732,0.010353,0.0126296,-0.0361544,0.00274235,-0.00618847,-0.00461094,0.0144055,-0.000188074,-0.00458649,-0.0140659,0.00766339,0.00145206],[0.178135,0.094068,0.0323587,-0.0534519,0.192547,0.232418,0.126369,0.0228216,0.446512,0.0332238,-0.126373,5.39041,0.0281986,-0.0361544,2.21304,-0.00843627,0.0533337,0.241878,0.658844,-0.0392969,0.076365,0.602067,0.235324,0.00819516],[0.0023483,0.00874959,-0.0302223,0.0172352,0.0130897,-0.0136539,-0.0216271,-0.00927838,-0.02945,-0.00178202,0.0144716,0.0833611,0.00326747,0.00274235,-0.00843627,0.0180326,-0.0212051,-0.027365,-0.0283146,-0.0468326,-0.0150506,-0.0971844,0.00181955,0.000261781],[0.00824951,-0.0317654,0.0651133,-0.0129468,0.106178,0.0408574,0.0554837,0.0241674,0.0541582,-0.00357094,-0.0255448,-0.00466761,-0.00604766,-0.00618847,0.0533337,-0.0212051,0.0920556,-0.0102393,-0.0218603,0.0358873,0.0315047,0.235801,0.013552,-0.00632272],[0.00493885,-0.0409235,-0.0345443,-0.111151,-0.0995241,0.0477906,0.0809082,6.58828e-05,-0.534749,0.0855726,-0.118911,-0.924178,-0.000419204,-0.00461094,0.241878,-0.027365,-0.0102393,0.992703,0.344519,0.825378,0.0795752,0.143373,0.0412606,0.00204691],[0.330585,0.279053,0.191574,-0.252975,0.0715541,0.740872,0.256859,0.0545749,0.875841,0.0730076,-0.374199,2.14599,0.0279884,0.0144055,0.658844,-0.0283146,-0.0218603,0.344519,3.58113,-0.540062,0.120639,0.395029,0.0880718,0.0290151],[-0.165966,-0.200258,-0.022297,-0.0720492,0.171676,-0.239227,0.0473495,-0.013135,-0.99942,0.011676,0.00846989,-2.16437,-0.0127237,-0.000188074,-0.0392969,-0.0468326,0.0358873,0.825378,-0.540062,1.91345,0.0464487,-0.0297234,-0.026803,-0.00658858],[0.0127494,-0.00886852,0.0765027,-0.0295301,-0.114863,0.0161365,0.0519096,0.0203859,-0.00666155,0.0299774,-0.0484578,-0.006584,-0.00225881,-0.00458649,0.076365,-0.0150506,0.0315047,0.0795752,0.120639,0.0464487,0.094584,0.160102,0.00751279,-0.00164023],[0.269691,0.00300564,0.382579,-0.065735,-0.273959,0.547517,0.260958,0.104022,0.184892,0.0427358,-0.142143,2.55601,0.0176134,-0.0140659,0.602067,-0.0971844,0.235801,0.143373,0.395029,-0.0297234,0.160102,2.99577,0.12821,0.0017997],[0.0565505,0.0212746,0.0387832,-0.0278964,0.165373,0.160019,0.0374899,-0.00666176,0.106206,0.00771413,-0.033408,0.89369,0.0154985,0.00766339,0.235324,0.00181955,0.013552,0.0412606,0.0880718,-0.026803,0.00751279,0.12821,0.126377,0.00170405],[0.00662575,0.00589381,-0.00456352,-0.00206883,-0.00153648,0.000474052,-0.00282363,-0.00199509,0.010515,0.000493914,-0.00191786,0.0628611,0.00242471,0.00145206,0.00819516,0.000261781,-0.00632272,0.00204691,0.0290151,-0.00658858,-0.00164023,0.0017997,0.00170405,0.00482487]],"n":24,"lags":3,"seasonalRows":0}