{"betahat":[[7.68533,10.0125,-1.82134,9.051,26.5697,8.24614,2.73978,-2.44776,5.0882,5.14616,-0.621841,0.692583,0.662001,0.864057,2.12735,3.39613,7.80377,35.8285,17.5674,-0.307727,8.56699,-21.7575,2.17362],[0.761194,0.0830312,0.313035,-0.104299,0.123198,0.459484,-0.00190494,-0.0269495,0.011921,0.117152,0.00417904,-0.0322675,-0.0220229,-0.0370059,-0.0219174,0.00351992,-0.0137266,-0.0821931,-0.0206396,0.0343044,-0.326738,-0.205131,-0.0418117],[-0.0423647,0.571741,-0.173979,0.00629217,0.171886,-0.00104373,-0.00128518,0.034985,-0.0188145,-0.0714269,0.00886869,0.0144625,0.0128941,0.0255321,0.00260933,-0.0734157,0.0862509,-0.028234,0.00121493,0.00525853,0.464359,0.159875,-0.00580503],[0.0179239,0.00976082,0.74519,0.0179963,0.139737,-0.160885,-0.00296198,-0.00415981,-0.0188922,-0.0230614,-0.00127199,0.00173239,0.0101029,0.00454271,0.011202,-0.0035849,-0.00564978,-0.00697697,-0.015323,0.00055873,0.11781,-0.049325,0.0132898],[0.0328602,-0.0638921,0.0800413,0.478271,0.161872,-0.0765253,0.0195256,-0.00978851,-0.0721482,0.0947788,-0.000996599,0.0141756,0.0180673,0.00879765,0.022927,0.0431738,0.044629,-0.00759465,-0.0300884,0.0093828,-0.0222086,0.016626,0.0139806],[-0.00656825,-0.0303613,-0.0860937,0.0275507,0.531319,-0.0120642,-0.00856516,0.00233775,-0.0033864,0.0233831,-0.00224855,0.00393754,-0.00636037,0.00572442,0.000286536,-0.00159847,-0.00334028,0.00161129,0.00460609,-0.0063707,-0.169713,0.0364362,0.00740177],[0.0528004,0.00574477,0.203081,-0.00538224,0.371323,0.933255,0.0209895,-0.00368847,-0.0171135,-0.0615483,-0.000497637,0.00837999,-0.00829079,0.00907838,-0.00829272,0.0196086,0.0139261,0.0105417,0.0110566,0.00405159,0.11755,-0.00568533,0.00478202],[-0.0400829,-0.0527706,0.0834901,-0.125962,0.387234,0.385967,1.09469,-0.0245113,-0.00942874,0.013164,0.00562394,0.0376292,0.0632632,0.0645789,0.0385505,0.0346624,0.275583,0.124605,0.0814786,0.011819,-0.69544,0.197439,0.037822],[0.0509864,0.167447,-0.312595,-0.46867,-0.538411,0.0188709,-0.155448,0.70648,0.0978332,0.140196,-0.000215827,0.0777274,0.0313853,0.0511356,0.0540593,0.130271,-0.00856028,0.226403,0.528618,0.0397936,-0.255936,0.293622,-0.0292235],[0.276759,0.0803175,0.466466,-0.129532,0.536507,0.259623,-0.0537024,-0.0144984,1.10266,-0.136861,-0.0118063,0.0404811,-0.00234106,0.0506174,-0.00422501,0.131844,0.0129385,-0.0945949,0.032897,-0.0158681,-1.03628,-0.288441,0.0323689],[0.0277063,0.0933691,-0.018807,-0.0132828,-0.0156152,0.0248541,0.00195194,0.0120619,-0.0736301,0.982154,-0.00880339,0.0107766,-0.00352281,0.0158101,0.0190187,0.027536,-0.0349088,0.0282323,-0.0113938,-0.00966255,-0.866614,-0.166462,0.0395108],[-2.30883,-1.45143,-1.61867,-0.709537,-7.75553,-1.88237,0.152967,0.535799,-2.45666,-0.948398,0.698152,-0.168848,-0.324554,-0.336272,-0.251969,-0.664872,-0.71658,0.388644,0.508382,-0.389358,-14.7681,-1.86076,-0.687751],[0.607297,0.229061,0.634674,0.44759,1.48626,0.177165,-0.111005,-0.104826,-0.0699824,0.353497,-0.00260353,1.07592,0.00596033,0.13101,0.0207484,0.220397,-0.0412199,0.217113,0.173545,0.0875703,0.993557,-1.12177,0.229926],[0.51439,0.36133,1.04275,0.351612,0.961309,0.594173,0.248024,-0.0876835,-0.0269133,-0.308525,0.0249522,-0.00699597,1.02052,0.0134633,0.109803,0.0383746,0.120853,-0.181064,0.0107514,0.0306995,2.48821,0.669882,0.113204],[0.0791962,-0.00519994,0.73277,0.166247,-0.301276,-0.209221,0.0679791,-0.104703,-0.335068,0.175971,-0.0057054,0.215082,-0.0484606,1.07926,-0.114135,-0.0884799,-0.308501,0.16127,-0.374424,0.0973165,-0.440177,-0.296508,0.185186],[0.444179,-0.140105,0.174695,-0.144041,0.83826,-0.548429,-0.0183253,0.081854,-0.00867021,0.337672,-1.20349e-05,0.256098,0.0665365,0.302253,1.02037,0.383386,0.0407698,-0.184546,-0.42416,-0.027426,-1.08699,-0.813636,0.198322],[0.226764,0.251648,0.018777,-0.272628,1.39526,0.757638,0.0846357,-0.106732,-0.0422248,-0.404354,-0.0138392,0.0495329,0.0139946,0.0486172,0.0708542,1.13035,0.11645,0.169679,-0.0574399,0.0180028,0.796328,-0.0995355,0.0410454],[-0.107909,0.0473772,-0.667714,-0.103754,-0.69987,-0.105164,-0.053912,-0.0242938,-0.448192,0.0146835,-0.000331887,0.0199996,0.0117582,0.011859,0.0166701,0.0104292,0.800239,0.00106612,-0.113599,0.0083191,-1.0642,-0.232504,0.0130962],[-0.210134,0.0377387,-0.391247,-0.351607,0.330563,-0.320043,0.0908667,-0.0303031,0.183072,0.304767,0.0373461,-0.0173796,0.100678,-0.0260545,-0.0287943,0.128902,0.248892,0.376337,0.438069,-0.010755,0.822435,-0.744269,0.0107918],[-0.0965028,-0.176149,-0.257387,-0.0662339,-0.515164,-0.414474,-0.0902154,0.0708827,0.00143763,0.00151231,-0.00181118,-0.0200936,-0.0569081,-0.0589929,-0.0385242,-0.123551,-0.147541,0.0702187,0.812725,0.00129415,1.02295,0.346693,-0.0693517],[0.00954555,-0.180878,-0.191649,0.193707,2.46377,-0.14253,-0.12918,-0.0895677,0.642533,-1.34876,0.0250327,0.0268881,-0.01408,0.00759172,-0.0281129,-0.209034,0.152638,0.362559,-0.461701,0.644525,-3.47602,0.33356,-0.10675],[0.0265053,0.0145884,0.0369894,0.00576271,0.131865,0.0538084,-0.000773344,0.00615792,0.0123383,0.0138118,-0.000751959,-0.00136434,0.00427601,0.000453963,0.00485953,0.00574475,-0.0120667,-0.0039917,-0.00351453,-0.0143833,-0.310898,0.0175187,0.00566684],[-0.00992171,0.0216581,-0.00682026,0.0254552,-0.0892582,0.0385154,-0.00406311,0.00190296,0.00499032,-0.0141803,0.00519057,0.00367262,-0.00384736,0.00163552,-0.00103945,0.00428188,0.0083105,0.0257556,0.0240056,0.000585031,0.0407708,1.03117,-0.0104342],[0.0219579,0.325129,-0.978745,-0.294907,-0.205958,-0.0847914,-0.332901,0.0509574,0.462104,-0.129888,-0.0102396,0.074223,-0.024226,0.0449215,0.0179112,-0.147296,-0.0403593,0.179751,0.160014,-0.0265572,0.432024,0.163556,0.805809],[0.0953954,-0.0666551,-0.270321,-0.0369764,-0.280008,-0.478653,0.00667066,0.01203,-0.00145505,0.0306647,-0.000998214,0.00982508,0.0124886,0.0126197,0.0042622,-0.0302342,0.015739,0.0308068,0.0186209,-0.0275335,0.103557,0.188623,0.0106119],[0.0197374,0.256215,0.155388,-0.0490234,0.0927225,-0.0398874,0.0292359,-0.0398703,-0.0262803,0.0126768,-0.0107252,0.00214708,0.0273757,0.000554617,0.0246393,0.0534356,-0.0116328,-0.0177382,-0.0109861,-0.0154561,-0.24063,-0.164763,0.0309153],[-0.00217033,0.00345796,0.222588,0.00568861,-0.0352856,0.15539,-0.00518682,0.0109581,0.0290965,0.00799599,0.00210931,-0.00478959,-0.00822986,-0.00402701,-0.00963147,-0.0073068,0.00316112,0.00177293,0.00945828,0.000485887,-0.0325395,0.0217488,-0.0129258],[-0.0447079,0.00425212,-0.272195,0.32584,-0.0624122,0.0566211,-0.0277984,0.00688032,0.0718079,-0.0411524,-0.000707613,-0.010325,-0.0130537,-0.0089076,-0.0165115,-0.024738,-0.0129282,-0.00481873,0.0159395,-0.00408709,-0.154163,0.00778118,-0.0151705],[0.0107899,0.0141452,0.0275694,-0.0123519,0.288683,-0.0195148,0.0101219,0.000993127,-0.0253182,-0.0268402,0.00199905,-0.00306432,0.00300715,-0.00501512,0.00100376,-0.000745294,0.00137104,-0.0054274,-0.00431718,0.0043031,0.0428145,-0.00669641,-0.00439111],[-0.0288943,-0.0133075,-0.182503,-0.0170092,-0.363952,-0.030826,-7.37529e-05,-0.00288107,-0.0131336,0.0237285,0.0018318,-0.00462601,0.0115918,-0.00638162,0.00988479,-0.0136623,-0.000287862,-0.00793312,-0.017951,-0.00203726,-0.0388497,0.0178284,-0.00633871],[-0.0764601,-0.0244464,-0.0782383,0.132138,-0.271182,-0.627755,-0.119994,0.0456193,-0.0947238,-0.119891,0.0044949,-0.0312138,-0.0328522,-0.0420787,-0.0323014,-0.0799281,-0.14943,-0.0308819,-0.0397436,-0.0122293,0.678059,-0.321967,-0.0362576],[0.0732768,-0.0670073,0.542286,0.466134,1.85956,0.202786,0.00171752,0.154584,0.00767996,0.088196,-0.011262,-0.0533612,-0.0517639,-0.0739329,-0.0644617,-0.00643245,-0.000293155,0.0764902,0.0762027,-0.00566657,0.398576,-0.496963,-0.0254902],[-0.161686,-0.0412882,-0.343583,0.0883999,-0.329684,-0.10277,0.0478268,-0.00175006,-0.0652233,0.0277631,0.0063622,-0.0284613,0.0130176,-0.0392887,0.00874102,-0.0710825,-0.0570263,0.0534496,-0.000368801,0.0123483,1.06391,0.189691,-0.031009],[0.00627986,-0.0589695,0.00188159,0.0368534,-0.26818,-0.05046,-0.0301008,-0.0144299,0.0690489,-0.0598554,0.00798353,-0.0118489,-0.00263598,-0.0145398,-0.0216676,-0.0241874,0.0107174,0.00612596,0.0139836,0.00374471,0.500584,0.0888058,-0.0276797],[1.95474,0.712866,-0.27947,0.964935,8.63179,-1.97637,0.690294,-0.171096,0.0727171,0.691424,-0.103575,0.61516,0.0527074,0.377336,0.204547,0.440493,1.33055,0.167907,0.0990054,0.0308882,10.8149,-5.14403,0.846546],[-0.0219511,0.0582305,-0.862128,0.161596,-0.875419,0.663985,0.160916,0.0223149,0.0785238,-0.0313331,0.00780561,-0.133564,0.0140273,-0.0810119,0.0652567,0.11396,0.189734,-0.0731051,0.227252,-0.0922575,-1.13164,0.583524,-0.0716175],[-0.440492,-0.420698,-0.872541,0.0871344,-0.648688,-0.0965172,-0.110407,-0.051579,0.031513,0.599503,0.000582503,0.0145792,-0.100033,-0.0248593,-0.0950325,-0.143716,-0.109453,0.201658,0.36129,0.0394351,1.15576,-0.87567,-0.0931845],[-0.459334,-0.114485,-0.79099,0.000939278,-1.68037,-0.545607,0.190923,0.0583212,0.286816,-0.13713,0.0136108,-0.129154,0.0572758,-0.120689,0.0653541,-0.0109043,0.253688,-0.0226595,-0.0321883,0.024827,0.125315,1.11396,-0.117894],[-0.36591,0.0753459,-0.21499,0.00936194,-0.876792,0.284534,-0.0682477,0.038068,-0.00485321,0.0738201,0.0350913,-0.130128,0.0168523,-0.119737,-0.138444,-0.171571,0.161678,-0.272602,0.0100847,0.0836769,2.13674,0.056617,-0.141305],[-0.191872,-0.191796,0.331839,0.0226521,-1.07616,-0.598278,-0.00503262,0.0700965,-0.0252511,0.284667,0.0077603,-0.029914,0.00326849,-0.0291411,-0.0358538,-0.10128,-0.036521,-0.0420516,0.0122283,-0.00149696,-0.344006,0.248931,-0.0353757],[0.104954,-0.0671275,0.52083,0.162515,0.638334,0.0484155,0.114013,0.0238284,0.0683132,-0.0810311,0.00912084,-0.0101443,0.0365868,0.00491058,0.0173361,0.016888,0.240766,-0.00584859,0.0404634,-0.0113526,2.04067,0.0332856,0.00122165],[0.127067,-0.223957,-0.017228,0.157238,-0.782271,0.268747,-0.000766077,0.0383409,-0.257726,-0.655397,-0.0129194,0.0154945,-0.0430278,0.0224383,0.0201251,-0.169709,-0.0973641,0.0697353,-0.0108412,0.0297171,0.889866,0.990364,-0.0481881],[0.122117,0.136268,-0.00181286,0.109807,0.332103,0.384381,0.0818524,-0.00699505,-0.0211721,-0.29601,0.00349112,0.00362046,0.0363493,0.0399303,0.0187945,0.122888,0.117408,-0.0461694,-0.126794,-0.00371074,-0.503601,-0.0655472,0.0457719],[0.0911855,0.0845577,-0.813886,-0.445822,-1.45327,-0.908858,-0.044342,0.0311555,-0.501062,0.599767,-0.0188023,-0.070091,-0.0438128,-0.0118437,-0.0375816,0.092112,-0.391047,0.16252,-0.245507,0.213185,3.12663,-0.486591,0.06067],[0.0198879,0.00268758,-0.00228995,0.00724857,-0.00376481,-0.0157346,0.00468297,-0.00327211,0.000619778,-0.0112736,-0.000743339,0.00333595,0.00305348,0.00411265,0.00471892,0.00403529,0.0191397,-0.00180774,-0.00765841,-0.000622177,-0.118492,0.024384,-0.000474868],[-0.024996,-0.0225716,-0.094687,-0.0197274,0.0176224,-0.156019,-0.0357191,-0.00226831,0.00468112,0.0739962,0.000967884,-0.00640367,0.00375372,-0.00751624,-0.00826445,-0.00347202,-0.036748,-0.017107,0.00361681,-0.001975,0.0842493,-0.079231,0.00563366],[-0.346725,-0.450207,0.231012,-0.237702,-0.204015,-1.07065,-0.181955,0.116118,-0.601931,0.218902,0.0174174,-0.0573417,-0.047489,-0.0487277,-0.102151,-0.0654729,-0.179073,0.067263,-0.0195091,-0.0291069,-2.09931,0.398509,-0.0517983],[0.142881,-0.0166546,-0.0427838,0.140864,0.155929,0.0197768,-0.0046705,0.0148983,-0.0101006,-0.147734,-0.00316921,0.022374,0.00953609,0.0242995,0.0175842,0.02646,-0.00209851,0.0509118,0.00189996,-0.00674923,0.222663,0.017539,0.0310819],[0.0226209,0.171453,0.0183072,0.0429275,-0.264048,0.0406696,-0.0281484,0.0048605,0.0453711,0.0584881,0.00186229,-0.0165759,-0.0402782,-0.026057,-0.0273155,0.0199761,-0.0749297,0.0459677,0.00988639,0.0102395,-0.225725,0.00646099,-0.0251299],[-0.0161413,-0.0137317,0.0300229,-0.0231795,-0.10486,0.00697881,0.00850172,-0.00702049,-0.00987273,0.0145269,-0.000812268,0.0029483,-0.00181158,-0.000670646,-0.00161502,0.0106487,0.00274071,0.0038743,0.00439436,-0.000986154,-0.0880165,0.0295037,-0.000608409],[0.0116242,0.0594011,0.192428,0.19484,-0.100074,0.0210372,0.00841945,0.00292798,0.000529344,-0.05404,0.00171371,-0.00382785,-0.00487842,0.000169401,-0.00626872,-0.018428,-0.0315483,0.0119561,0.0146355,-0.00530601,0.174285,-0.0241183,0.00119194],[-0.00619619,0.014699,0.0586072,-0.0160752,0.168402,0.0288371,-0.00144688,-0.00308785,0.0288081,0.00393377,0.000280907,-0.000989572,0.0034359,-0.00086473,-0.00135273,0.00112547,0.00128862,0.00299993,-0.0002293,0.00211744,0.123591,-0.0260933,-0.00312202],[-0.0253579,0.0064293,-0.0197271,0.0214338,-0.0105519,0.0936933,-0.0209627,0.00674019,0.0304905,0.037666,-0.0013218,-0.00371074,-0.00318498,-0.00270264,-0.00154601,-0.0066175,-0.0143028,-0.00296297,0.00638547,-0.00190896,-0.0794064,-0.00978396,0.00148252],[0.114802,0.0748228,-0.00502053,-0.00559715,-0.112362,0.242,0.023649,-0.0201721,0.102999,0.107431,-0.0100472,-0.00607541,-0.0305512,-0.0219431,-0.00639477,0.0439755,-0.127604,-0.092713,-0.0377303,8.67429e-05,0.00572741,0.129342,-0.00113061],[0.0377337,-0.0304841,0.334542,0.0263234,-1.40835,0.256043,-0.0592527,0.074098,-0.00012897,-0.00958925,-0.00147171,-0.0229036,0.0215283,-0.0140626,-0.0179609,-0.0104965,-0.0721874,0.0495442,-0.121238,-0.024,-0.488013,-0.163887,-0.00211864],[-0.114264,-0.0382986,-0.120108,0.0397255,-0.212257,-0.150572,0.00963863,0.0146109,-0.0383469,0.108271,0.00553751,-0.0124836,-0.0100754,-0.0117582,-0.00448483,-0.0596891,0.0460493,0.0424734,-0.0319222,0.00378712,-0.0167152,0.108246,-0.00174523],[-0.0340409,-0.0342374,0.0189476,-0.0218345,0.284213,0.0275846,0.0276396,0.00267708,0.00651581,0.0679801,0.000863885,0.000521483,0.00588419,-0.00197759,0.0022765,-0.00327737,0.0237743,-0.0392886,-0.00315061,0.00615512,0.36066,0.079511,-0.0125563],[-0.889018,-0.189322,0.113408,-1.23594,0.174823,-0.82329,-0.170837,0.312859,1.20689,-1.63909,0.00100476,0.0578565,0.176188,0.0976927,0.0477628,-0.0401646,0.256952,-0.296276,0.845551,0.171746,3.88308,3.07451,-0.0935738],[0.0404287,-0.0784826,0.232148,-0.0911017,1.21453,0.230562,0.0296085,0.0334915,-0.211325,-0.073943,0.00309974,-0.0716425,0.0193327,-0.0386237,0.0244657,-0.0813101,-0.00105385,-0.0512855,0.0743134,-0.0371194,0.537498,-0.318644,-0.0330099],[-0.111924,0.0676726,-0.183538,-0.447653,-0.127311,-0.350269,-0.102862,0.030319,-0.0545176,-0.309086,-0.0259071,-0.0273531,-0.0229582,-0.0166791,-0.00472489,-0.00656891,-0.180448,0.223909,0.326832,-0.007507,-2.69603,0.387738,0.0162357],[-0.0771388,-0.0784391,0.15876,-0.205625,-0.251193,-0.178602,0.0291065,0.0363119,0.163568,-0.10083,-0.000299455,-0.0737616,0.0350971,-0.0756238,0.050305,-0.0849878,0.0455768,-0.0789223,-0.120603,-0.00786674,1.08184,-0.122566,-0.0731],[0.0990455,0.34089,0.586833,-0.0370021,-0.365403,1.06991,0.139337,-0.0370209,-0.0106937,-0.480297,-0.0174981,-0.0409939,0.0148356,-0.021269,0.0484435,0.0547888,0.0571383,-0.22736,-0.0919995,-0.0170161,0.102607,0.219389,0.0268729],[-0.0352231,-0.0608,-0.347055,0.24972,-0.316585,-0.157157,-0.0799517,0.0367712,0.0682654,0.118439,0.00610071,-0.0192972,-0.0171188,-0.0190105,-0.0348712,-0.0302891,-0.0801461,-0.130159,0.04361,-0.0165362,-0.457044,-0.147138,-0.00549887],[0.00225471,0.0180972,0.149357,-0.0583636,0.0694466,0.0589258,-0.0613353,0.00145761,0.379943,0.0653124,-0.00882947,-0.00920257,-0.0481223,-0.015797,-0.0335298,-0.0280709,-0.0428334,0.00438007,0.0769743,0.00262125,-0.989471,0.201606,-0.0135037],[0.0471086,0.134494,0.395303,0.176152,0.411345,-0.111485,-0.0985794,0.0165552,-0.000630514,0.390809,-0.0248062,0.0110733,-0.0678721,0.0116075,0.00708535,0.0429854,-0.166876,-0.259741,-0.37142,-0.0142476,-1.55762,-0.108503,0.0396894],[0.000642528,0.0377506,0.218441,-0.0381581,0.0783087,0.0491144,0.0325738,-0.0191186,-0.021304,0.24563,-0.00228576,0.00394962,0.0166298,0.0136402,0.0173592,0.0224816,0.0174478,0.107205,-0.235558,-0.00526338,-0.671146,-0.178338,0.0225476],[-0.361583,-0.0411488,-0.0921288,0.108953,-0.992811,-0.146951,0.045913,0.0559224,-0.0538311,0.642197,0.00830196,-0.047991,-0.0307281,-0.123334,-0.0302236,-0.138648,-0.0780298,0.147785,-0.0234956,-0.000827385,0.525471,0.0978345,-0.0700362],[0.00643204,0.00136062,0.0397506,-0.0101899,0.023477,-0.00107446,-0.00921531,0.000309781,-0.00834914,0.00667652,-0.000714236,0.00140991,-0.00187207,0.000644092,-0.00155823,-0.000141705,-0.0160047,-0.00269902,-0.00263787,-0.00332194,-0.141344,0.00606366,0.000315462],[0.0216134,-0.00503713,0.0960193,-0.0407074,0.0114579,0.0950315,0.0304034,-0.0123147,-0.0165576,-0.0506793,-0.000217391,-0.00179139,-0.00152832,0.000478642,-0.00206164,-0.0100049,0.00969652,0.0020784,0.00409822,0.00530822,0.0196596,-0.0144882,-0.00196587],[0.193123,-0.0427962,0.542273,0.106881,1.01618,0.807227,0.0123222,-0.0616465,0.0886516,-0.0260302,-0.0177688,-0.00991846,-0.0170313,-0.0292978,-0.021767,0.0619709,-0.0134583,-0.0159928,-0.0920428,-0.00551745,0.711488,-0.321973,-0.0254494]],"sigmahat":[[0.451014,0.129871,0.192766,0.117974,1.0162,0.384732,-0.00688155,-0.0132202,-0.0216207,-0.176491,-0.00860987,0.0395916,0.00138349,0.0529201,0.0124785,0.138047,0.0361782,-0.0241507,-0.028558,-0.0211187,-0.0305495,-0.184279,0.0489627],[0.129871,0.343828,0.0797328,0.0757415,0.481783,0.36592,0.022713,-0.0265974,0.0677622,-0.0773247,-0.00557453,0.00466569,-0.013086,0.0143165,0.0010272,0.0923285,0.0266794,-0.0387758,-0.0280247,-0.00571703,-0.195063,-0.207942,0.0126051],[0.192766,0.0797328,2.74329,-0.22185,1.19365,1.15692,0.0826855,-0.0190834,0.0546691,-0.0205187,-0.00644848,0.0387715,0.000918302,0.0526909,-0.000668222,0.00440056,0.104628,0.00163106,-0.052767,0.0118459,0.29245,-0.297814,0.0264254],[0.117974,0.0757415,-0.22185,1.25235,0.12135,0.249493,-0.0172422,0.0341602,0.0798804,-0.142945,-0.00642986,0.0224454,-0.0368106,0.0374585,-0.00973401,0.0245372,-0.0514014,-0.0436857,0.03282,-0.00824905,-0.379226,0.201269,0.02851],[1.0162,0.481783,1.19365,0.12135,10.7359,2.79214,-0.0498542,-0.078033,0.166098,-0.399583,-0.0147521,0.130594,0.00600742,0.193552,0.0379226,0.360767,0.180531,0.00986745,-0.122688,-0.0648301,-0.433381,-0.948938,0.148356],[0.384732,0.36592,1.15692,0.249493,2.79214,4.31907,0.172947,-0.142618,0.202922,-0.220157,-0.0136062,0.0809492,0.00347331,0.127901,0.0371963,0.240791,0.240219,-0.0795514,-0.0417364,-0.0383605,-1.77276,-0.360816,0.0816361],[-0.00688155,0.022713,0.0826855,-0.0172422,-0.0498542,0.172947,0.148984,-0.0179784,-0.0272458,-0.043228,0.000418361,-0.000107912,0.0304244,0.00244897,0.0362929,0.0224877,0.123448,0.00789998,-0.0132798,0.00918909,0.512554,0.064391,0.00250577],[-0.0132202,-0.0265974,-0.0190834,0.0341602,-0.078033,-0.142618,-0.0179784,0.059257,-0.00917431,-0.00883141,-0.00136626,0.00176354,0.0031197,0.00545114,0.00620422,-0.0115073,-0.0235284,0.0161329,0.0325658,-0.00176038,-0.0470141,0.0622386,0.00461954],[-0.0216207,0.0677622,0.0546691,0.0798804,0.166098,0.202922,-0.0272458,-0.00917431,0.486994,0.0149276,-0.00232159,-0.0082615,-0.00798612,-0.0111402,-0.00895317,0.0374434,0.0125935,-0.0582255,-0.00255202,0.00157123,0.103476,-0.180669,-0.0212086],[-0.176491,-0.0773247,-0.0205187,-0.142945,-0.399583,-0.220157,-0.043228,-0.00883141,0.0149276,1.00701,0.00262434,-0.00904104,0.00690857,-0.0147227,-0.00820971,-0.0993761,-0.0618159,0.0501378,-0.00748639,-0.000566344,0.140333,-0.136606,-0.0112463],[-0.00860987,-0.00557453,-0.00644848,-0.00642986,-0.0147521,-0.0136062,0.000418361,-0.00136626,-0.00232159,0.00262434,0.0020675,-0.00244116,0.000564815,-0.00290153,-0.00198579,-0.00556502,0.00269688,-0.000112785,0.000353902,0.00151489,0.0603796,0.00722477,-0.00261535],[0.0395916,0.00466569,0.0387715,0.0224454,0.130594,0.0809492,-0.000107912,0.00176354,-0.0082615,-0.00904104,-0.00244116,0.022655,0.00309391,0.0246395,0.00979607,0.0173524,0.00317024,0.0144357,-0.00658375,-0.00322965,-0.152492,0.0184584,0.0163012],[0.00138349,-0.013086,0.000918302,-0.0368106,0.00600742,0.00347331,0.0304244,0.0031197,-0.00798612,0.00690857,0.000564815,0.00309391,0.0338743,0.00640645,0.0294372,0.00477287,0.037874,0.000190295,-0.00906589,-0.00107777,0.0581882,0.040655,0.00661775],[0.0529201,0.0143165,0.0526909,0.0374585,0.193552,0.127901,0.00244897,0.00545114,-0.0111402,-0.0147227,-0.00290153,0.0246395,0.00640645,0.0347249,0.015731,0.0231784,0.00945869,0.0142456,-0.00193492,-0.00460628,-0.205718,0.0308571,0.0233051],[0.0124785,0.0010272,-0.000668222,-0.00973401,0.0379226,0.0371963,0.0362929,0.00620422,-0.00895317,-0.00820971,-0.00198579,0.00979607,0.0294372,0.015731,0.04288,0.0146801,0.0365016,0.0123934,-0.00615383,-0.00348372,-0.074899,0.038998,0.0136038],[0.138047,0.0923285,0.00440056,0.0245372,0.360767,0.240791,0.0224877,-0.0115073,0.0374434,-0.0993761,-0.00556502,0.0173524,0.00477287,0.0231784,0.0146801,0.15263,0.0387081,0.0118345,-0.0312083,-0.00291438,-0.0388759,-0.116602,0.0165769],[0.0361782,0.0266794,0.104628,-0.0514014,0.180531,0.240219,0.123448,-0.0235284,0.0125935,-0.0618159,0.00269688,0.00317024,0.037874,0.00945869,0.0365016,0.0387081,0.223249,-0.00577894,-0.0483155,0.00253884,0.435146,0.0245724,0.00672255],[-0.0241507,-0.0387758,0.00163106,-0.0436857,0.00986745,-0.0795514,0.00789998,0.0161329,-0.0582255,0.0501378,-0.000112785,0.0144357,0.000190295,0.0142456,0.0123934,0.0118345,-0.00577894,0.200813,0.0748202,0.00167983,0.0545171,0.109782,0.00532262],[-0.028558,-0.0280247,-0.052767,0.03282,-0.122688,-0.0417364,-0.0132798,0.0325658,-0.00255202,-0.00748639,0.000353902,-0.00658375,-0.00906589,-0.00193492,-0.00615383,-0.0312083,-0.0483155,0.0748202,0.343518,-0.00572961,-0.232196,0.134058,0.0032208],[-0.0211187,-0.00571703,0.0118459,-0.00824905,-0.0648301,-0.0383605,0.00918909,-0.00176038,0.00157123,-0.000566344,0.00151489,-0.00322965,-0.00107777,-0.00460628,-0.00348372,-0.00291438,0.00253884,0.00167983,-0.00572961,0.0139959,0.233234,0.0144979,-0.00643687],[-0.0305495,-0.195063,0.29245,-0.379226,-0.433381,-1.77276,0.512554,-0.0470141,0.103476,0.140333,0.0603796,-0.152492,0.0581882,-0.205718,-0.074899,-0.0388759,0.435146,0.0545171,-0.232196,0.233234,19.767,-0.832545,-0.161061],[-0.184279,-0.207942,-0.297814,0.201269,-0.948938,-0.360816,0.064391,0.0622386,-0.180669,-0.136606,0.00722477,0.0184584,0.040655,0.0308571,0.038998,-0.116602,0.0245724,0.109782,0.134058,0.0144979,-0.832545,2.25851,-0.00400312],[0.0489627,0.0126051,0.0264254,0.02851,0.148356,0.0816361,0.00250577,0.00461954,-0.0212086,-0.0112463,-0.00261535,0.0163012,0.00661775,0.0233051,0.0136038,0.0165769,0.00672255,0.00532262,0.0032208,-0.00643687,-0.161061,-0.00400312,0.0315289]],"n":23,"lags":3}