{"betahat":[[0.262416,0.0864295,0.793092,0.629014,1.63396,0.398249,0.207074,0.0473048,-0.0872938,0.196213,-0.202925,-0.156413,-0.111163,0.000485049,0.355263,0.362216,0.146209,0.206917,-0.0802103,-0.00185196,7.00231,-0.10174,0.61416],[0.989514,0.242985,0.574115,-0.265514,0.77857,1.18622,-0.0628132,-0.0407389,-0.0177425,0.0221488,0.0205647,0.0116515,0.0301117,1.96506e-05,0.0493082,-0.0419225,-0.0805874,-0.0222177,0.0150142,-0.0139937,-0.805365,-0.0243871,-0.486529],[-0.0596156,0.574844,0.0183123,-0.156347,0.119952,0.119116,0.0153405,0.035581,0.0285179,0.0464993,0.0167865,0.0307794,0.000860214,0.000100933,0.0662765,-0.027914,-0.0822784,-0.0148038,0.0380531,0.0355804,0.134445,0.00640546,0.914453],[0.0118272,0.0390932,0.707167,0.0732917,-0.0508512,-0.0523815,0.00418982,-0.0170352,-8.64785e-05,0.0388541,0.0224392,0.00550356,0.0179818,-9.57849e-05,-0.0515318,-0.0269211,0.0439258,0.0115416,0.0228869,0.0178602,-0.128531,0.00195667,1.0229],[0.0248546,-0.0526782,0.0359186,0.460011,0.257561,-0.0972413,0.00759585,-0.0296542,0.00349493,-0.0303767,0.0129097,-0.00432349,0.0132736,-4.9904e-05,0.0240526,-0.0335583,-0.023515,0.0327503,0.0223856,0.0185137,0.212147,-0.00682386,1.15434],[-0.00789737,-0.0323383,-0.104969,0.036494,0.396839,-0.0722208,0.00743286,-0.00659079,-0.00158289,0.00677586,-0.00639051,-0.00164274,-0.00151622,-2.41106e-05,0.00820773,0.00746562,-0.0187911,-0.00652381,-0.0106104,-0.0044841,0.142852,-0.00767843,-0.0643976],[0.050136,0.00606981,0.145885,0.0142745,0.316587,0.724767,0.0174343,-0.00517209,-0.00245717,-0.0215475,-0.00555945,-0.00333454,-0.00913936,8.30365e-05,-0.00879729,-0.00516409,0.0371289,0.0148088,-0.000501241,-0.0122535,0.12162,0.00823774,0.147634],[-0.193191,-0.161204,-0.520332,-0.190254,-0.107049,-0.582774,1.02554,0.0281434,0.0396787,0.080601,0.0341843,0.0396917,0.00563763,-0.00028674,0.0674149,-0.137827,-0.0723322,0.035829,0.0043479,-0.0408577,-1.5423,-0.0622044,-0.987606],[0.168879,0.220572,-0.400586,-0.303412,-0.251888,-0.172395,-0.0124784,0.965697,0.0764211,0.0770129,0.0188949,0.0781938,0.0676845,-0.000452663,0.288613,-0.0820606,-0.0660106,-0.0403186,0.0364069,0.0505569,-1.00013,-0.0671581,-4.16885],[0.148308,0.12562,-0.09495,-0.00259127,-0.379776,-0.567407,-0.0471077,0.00876128,1.08938,-0.0232831,0.0366749,0.0654743,0.0311587,8.44214e-05,0.330468,-0.0146536,-0.297404,0.124518,0.0729212,0.103286,1.08415,-0.0103012,8.3176],[0.121693,0.000763147,0.156593,-0.0734969,0.0876829,-0.000748381,-0.0557032,-0.0537135,0.00577515,1.02604,-0.0049013,0.00829582,-0.0239652,-0.000222561,0.0461554,0.0880501,0.0356934,0.00967853,-0.00424512,-0.0251464,-0.0737029,-0.0428856,1.09717],[0.18803,0.16464,1.5322,0.195866,0.116653,0.519553,0.217356,0.0603746,0.00629479,0.120403,1.13303,0.00973324,0.0731047,-0.00161256,-0.663688,-0.224924,0.440446,0.0326755,-0.0352486,-0.0560463,1.54113,-0.0124072,-2.29947],[-0.0770736,0.125876,-0.60515,0.170261,-1.28323,-0.750236,-0.0720987,-0.135359,0.259321,-0.648469,-0.0166775,1.24127,-0.0708001,0.000342923,-0.0563622,-0.0225322,0.101512,-0.0488703,-0.113074,-0.154779,0.226927,-0.155779,-5.64858],[-0.267646,-0.0941279,-0.18568,0.324224,-2.28061,-1.26134,-0.0095558,-0.0268674,0.134663,-0.191102,-0.0204153,0.134555,1.04474,0.00265082,-0.252652,0.118343,0.294551,0.0341621,-0.030034,0.0467546,1.21895,0.0189644,-0.0308168],[61.3541,-21.9748,15.5796,3.77135,-65.7668,7.1955,3.67373,17.309,-3.08605,10.9087,21.2394,5.83432,10.7887,0.890281,-59.3396,-12.062,36.5914,-9.52424,-2.42227,10.36,9.98089,16.5366,-25.8796],[-0.0124235,-0.0102777,0.0886856,0.0767145,-0.226,-0.139102,0.00136057,0.0201477,0.00243673,-0.0872926,-0.00447547,0.00254757,-0.0121754,-0.000174674,0.949519,0.0238336,-0.108321,0.0203262,-0.00618786,-0.00519435,0.286271,-0.00100262,-0.446974],[-0.0255202,-0.0604122,0.328159,0.0569769,-0.227949,-0.170275,-0.0157308,0.0731917,0.010981,0.0728977,0.021576,0.00847141,0.010594,-0.000107549,-0.175569,1.13101,0.266335,-0.003974,-0.0220838,-0.00230429,-0.555015,0.0604828,-1.24432],[0.00404647,0.0396934,-0.161598,-0.0311642,0.218764,-0.0111769,0.0146188,-0.0141576,0.0104227,-0.108592,-0.0227655,-0.00466817,-0.00998067,-0.000155104,0.620242,-0.194844,0.48713,0.0639533,0.041582,0.0312589,1.15515,-0.086787,3.53178],[0.126831,0.107904,-0.539353,-0.0221642,-0.209295,0.828193,0.349882,-0.00259745,-6.30042e-06,-0.345737,0.143236,0.0393577,0.122356,-0.000403254,-0.065684,-0.156078,0.11107,1.43422,0.151318,0.0666104,-1.77691,0.122801,1.8722],[-0.0368349,0.039429,-0.294416,-0.607832,1.39935,0.312199,-0.0378023,-0.190957,0.0766366,-0.189578,0.100855,0.0708403,0.0970077,-0.00130737,0.251371,0.421552,-0.288403,-0.067836,1.2516,0.179177,-5.03901,-0.195827,-2.09511],[0.376238,-0.0472912,-0.0095831,0.330227,1.75818,-0.359549,0.0268586,0.0502219,0.0588422,-0.0148154,-0.0326724,0.0637162,0.00399555,0.000683613,0.532939,-0.158444,-0.486927,0.0478557,0.0260711,1.04772,1.20257,-0.226539,4.77671],[-0.0168152,-0.0216784,-0.0543841,-0.0127724,-0.143284,-0.0725195,-0.00728939,0.00208617,0.00300287,0.0392712,0.00485694,0.0002951,0.00432125,1.64378e-05,-0.0114652,-0.0164042,0.00652784,0.00456198,0.00309425,0.0080282,1.03107,0.0148655,0.0761179],[-0.150766,0.0167868,-0.248697,-0.467399,-2.10428,0.257524,-0.13706,-0.0730411,-0.113321,0.0345309,-0.0147061,-0.0827447,-0.00484937,-0.000229482,-0.343163,-0.12145,0.102412,-0.0343944,-0.0489653,-0.073596,-1.66855,1.16672,-7.41562],[0.00354678,0.0053181,-0.0033398,-0.0120436,0.0117042,0.0205224,9.62105e-05,-0.00270169,-0.00193405,0.00871848,-0.000912542,-0.0020007,-0.00109609,1.42467e-05,0.00705374,-0.00593465,-0.00643807,0.000585978,0.000253322,0.00160137,0.0155332,0.000514606,1.0443],[0.016266,-0.0675913,-0.341334,-0.0215314,-0.690544,-0.914181,0.079066,0.000722052,0.0142635,0.000511437,-0.00862373,-0.00287455,-0.0163225,0.000436067,0.0374532,0.00591371,0.0198023,0.0306269,-0.00702754,0.00905886,0.354967,0.0129942,1.3481],[-0.0421059,0.185826,0.166089,-0.00975751,0.101306,-0.0437891,-0.0219507,-0.0150411,-0.00971311,-0.111935,0.0304156,-0.00461968,0.0130306,-0.000256703,-0.0975521,0.119032,0.148485,-0.0234315,-0.00272951,-0.0130715,-0.260481,0.0240938,-1.06729],[0.0473118,0.00881577,0.289576,-0.00378457,0.0905371,0.153361,-0.0129623,0.0111269,-0.00130897,0.0150778,-0.0163173,-0.000871635,-0.0133013,2.30217e-05,0.0447889,0.00977226,-0.0193438,-0.0114664,-0.0345269,-0.0229812,0.348552,-0.0105637,-0.486797],[-0.0375693,-0.00888088,-0.229135,0.372346,-0.0574573,0.101744,-0.0234027,0.0137063,-0.00535068,0.0455257,-0.0186757,-0.00639602,-0.0186159,-3.30541e-05,0.0421095,0.0412255,-0.00912789,-0.0262962,-0.0099245,-0.0105615,-0.160138,0.00627064,-0.631978],[0.0276365,0.0272689,0.0769053,-0.0146289,0.411363,0.0372884,0.00929698,0.00332708,0.00132676,-0.0357313,0.00737497,0.000822583,0.00968381,5.72074e-05,-0.00567982,-0.00602518,0.00910578,0.00972098,0.0161363,0.0168891,0.0335063,0.0127121,0.173806],[-0.0314433,-0.0161165,-0.184975,-0.0456648,-0.24414,0.113714,0.00515298,0.00245863,0.00339914,-0.00341102,0.0159039,0.00242834,0.0139707,-6.75282e-05,0.0169761,-0.00272025,-0.060688,-0.00391902,0.00783692,0.0173788,-0.218351,0.00052496,-0.0728093],[0.0726677,0.115278,0.145831,0.0572301,-0.100057,-0.024036,-0.0457548,-0.020266,0.000868685,-0.223242,0.0192387,0.0102339,0.0189007,0.000525675,-0.099065,0.0809095,0.124561,-0.0325579,0.00356823,0.0441031,0.620921,0.0673682,0.402846],[-0.0229167,-0.0897715,-0.143488,0.354089,1.90638,0.0612644,-0.125819,0.0832318,-0.0650101,-0.0818457,-0.0289846,-0.0684988,-0.0535551,0.0006213,-0.232114,0.17254,0.15991,0.0392977,-0.128719,-0.0929095,3.52839,0.037859,3.57937],[0.066571,-0.0788727,-0.455851,0.288172,-0.182888,0.988615,0.0167008,0.00162083,-0.125538,-0.00250232,-0.0589049,-0.106752,0.00840079,-0.000258593,0.275468,0.00662783,-0.238015,-0.0107049,0.0747231,0.0876422,0.431685,0.0519887,-0.0452419],[-0.0155787,0.027298,-0.112762,0.114126,-0.0938377,0.127772,0.0421776,0.0144202,0.00114886,-0.081182,0.00669542,-0.00245689,0.0128524,9.23756e-05,0.0774919,-0.128684,-0.135267,-0.00967254,0.00564298,0.0254464,-0.338788,0.0204721,-1.08285],[-0.0653025,-0.251972,-0.829748,-0.0676068,0.587778,0.115858,-0.0785615,-0.0416133,0.021958,-0.104701,-0.0669386,0.00350905,-0.0313138,0.000993564,0.419039,0.145527,-0.175453,-0.0475005,0.0328537,0.0525999,-1.35407,-0.0125984,1.67468],[0.0633303,-0.0353627,-0.463511,0.21322,0.417562,0.257927,0.0648894,0.0313596,-0.172921,0.533012,-0.00701082,-0.182464,-0.0162591,-0.00121281,-0.0487337,0.0841834,0.0077581,-0.0532277,0.0298389,0.0239732,-0.0233862,0.0751713,1.9726],[0.139683,-0.00383932,0.522557,-0.270857,1.29082,0.556532,-0.0918605,0.029137,-0.0529823,-0.0387084,0.00237908,-0.0538042,-0.0698295,-0.00180357,0.169542,0.00882517,-0.143218,-0.0569332,0.0229197,-0.0884934,-1.28316,-0.0754033,-0.0497319],[-20.4312,75.4868,19.4632,-4.47958,165.174,112.926,8.38875,-31.3083,-2.47541,20.2267,-15.1191,-2.30664,-3.8302,-0.0414184,58.4017,34.5524,-23.1513,12.537,1.92947,-4.75636,90.323,-6.55923,719.59],[0.00871365,-0.0118802,-0.0243546,-0.0328572,0.144662,0.0810481,0.0158348,-0.00374387,-0.00206562,0.0722369,0.00579068,-0.00297764,0.0126666,7.19323e-05,0.0154719,0.0142231,0.103211,-0.00403967,-0.00111163,0.00213086,-0.137391,0.00933755,0.329306],[0.079955,0.100045,-0.18921,-0.160868,0.348468,0.0839806,-0.0267822,-0.0931996,-0.0120139,-0.0183033,-0.0167043,-0.00856699,-0.0159986,0.000182987,0.014454,-0.0353975,-0.142874,-0.0336632,0.0127678,-0.0211865,0.109561,-0.0291222,-1.29641],[-0.0199913,-0.0384684,0.117639,-0.0111363,-0.133918,0.0140763,-0.00874695,0.00896196,-0.00222262,0.0686663,0.0189718,0.0086084,0.00910047,0.000166762,-0.427731,0.138658,0.317861,-0.0531247,-0.0210549,-0.0115332,-0.705294,0.0533424,-2.63115],[-0.206803,-0.0960571,0.505368,-0.0207029,-0.109868,-0.164814,-0.0625124,-0.00821984,0.0173555,-0.232591,-0.0541472,-0.000609547,-0.00756512,0.000256204,0.373715,0.0932727,-0.385406,-0.161784,0.0149825,0.0603529,0.851655,-0.0878538,1.40778],[0.0579979,-0.101977,0.550013,0.815537,-1.36164,-0.219912,-0.0196053,0.0796382,-0.0258088,0.15908,-0.0816166,-0.0118154,-0.0857034,0.00081543,-0.264437,-0.0763126,0.362368,-0.0380026,-0.158829,-0.136802,3.12231,0.0907885,-2.48133],[-0.100869,0.224857,0.259991,0.00449418,-0.684693,0.860269,-0.155086,-0.0872306,-0.0438874,0.312059,-0.0211206,-0.0339132,-0.0593506,-7.70041e-05,-0.421138,0.0528088,0.4194,-0.0800315,-0.0452355,-0.114964,-1.39236,0.124815,-6.01041],[0.00298643,0.021867,0.053301,-0.000866228,0.108602,0.0494838,0.00147977,-0.00419487,-0.00461594,-0.0154112,-0.00111362,-0.00225235,-0.00389528,9.85043e-06,0.0144145,0.0131028,-0.00509031,0.00314757,-0.00298822,-0.00676258,-0.0712981,-0.00735079,0.19304],[0.0742132,-0.0546804,0.516195,0.545972,2.25661,0.0191447,0.046998,0.0563521,0.0857928,0.0972123,-0.025738,0.0763717,-0.0224527,0.000266138,0.248014,0.0506834,-0.0824837,-0.00359845,-0.0134202,0.000835495,0.795854,-0.172382,3.9434],[-0.00624299,-0.00938676,-0.00338797,0.0177423,-0.0104171,-0.0159805,0.00212002,0.00266799,0.00122884,-0.0101197,0.00117899,0.00147818,0.00108852,-1.05727e-05,-0.0112624,0.00468661,0.0102322,-0.00133716,7.13538e-05,-0.000246822,0.0132442,0.000495648,-0.00890465],[-0.00578291,-0.175393,-0.232783,0.287061,-0.0880306,-0.272032,-0.0162513,0.0400167,0.00347921,-0.0226594,-0.0119401,-0.00877684,-0.0137887,-0.000455724,-0.086762,0.0360094,0.0607859,-0.00840819,-0.00798718,0.00493577,0.450421,0.0113934,-0.861526],[0.101719,0.23933,-0.184406,0.166121,-0.221264,-0.075327,0.00661029,-0.0205399,-0.0188046,0.0654357,-0.0472013,-0.0261597,-0.0138905,0.000155761,0.0312754,-0.0911172,-0.066206,0.0382353,-0.0353237,-0.0225078,0.126056,-0.0304989,0.152859],[-0.0591426,-0.0479085,0.00324035,-0.0694801,-0.0396817,-0.100982,0.00877665,0.00590756,0.00139582,-0.0539267,-0.00612058,-0.00463187,-0.0046795,7.27506e-05,0.00674185,0.0171496,-0.0245797,-7.24487e-05,0.0116384,0.00512236,-0.219963,0.0086069,-0.535942],[0.0127123,0.0615601,0.193219,0.167655,-0.200104,-0.00449655,0.015809,0.0159486,0.00185626,-0.0151498,0.00576768,0.0107199,0.00534343,8.29521e-05,-0.0661596,-0.00766688,0.0326411,-0.00645104,-0.012461,-0.00795022,-0.0519831,0.000554072,-0.522284],[-0.0197456,0.00506755,0.0280591,-0.0218447,0.191759,0.0349217,-0.0167268,0.00326418,0.000256557,0.0289518,-0.000982882,0.000820484,-0.00816635,-3.31052e-05,-0.00252578,-0.00144006,0.00968389,-0.00319364,-0.00552688,-0.0124036,-0.176303,-0.00503287,-0.109301],[-0.0187004,0.0100412,0.0390838,0.0314103,-0.0724616,0.161497,-0.0225844,0.00271535,-0.000941347,0.0249536,-0.0103429,0.00090637,-0.00483006,-1.55265e-05,-0.00817401,0.00788653,0.0235556,-0.0108857,-0.00733583,-0.00512328,0.0967902,-0.00876316,-0.0746853],[0.120505,0.0459088,0.3745,0.133057,0.207056,0.606785,0.0202044,-0.00786872,-0.040545,0.14261,-0.0534212,-0.049924,-0.0245361,-0.00023897,0.0316822,0.0569173,-0.0522538,-0.00326219,-0.00791208,-0.00323839,0.921528,-0.00516535,0.584923],[-0.131353,-0.120788,0.57052,-0.0568702,-1.67119,0.147797,0.1276,-0.0532309,-0.0124722,0.00340522,0.00941189,-0.0103684,-0.0159468,-0.00019152,-0.0475384,-0.0979006,-0.103173,-0.00263913,0.0947576,0.041433,-2.55826,0.0287785,0.438712],[-0.131215,-0.147511,0.79977,-0.259004,0.961282,-0.117392,0.0354837,0.0819618,-0.0329814,-0.264641,0.0461011,-0.0206613,0.026283,0.000491819,-0.204614,-0.10711,0.200556,0.0321138,-0.0400432,-0.0271804,-0.335068,0.0349238,-2.68676],[-0.106112,-0.0280498,-0.0438692,-0.0405878,0.00617322,-0.127012,0.0135365,0.0392853,-0.00692422,0.0551517,-0.00179331,-0.00583955,0.0111134,0.000130186,-0.123663,0.0406385,0.0995835,-8.60772e-06,-0.00139934,-0.000298653,0.412451,0.0224146,-0.0142849],[-0.144423,0.102739,-0.712647,-0.16562,-0.770755,-0.618599,-0.140258,-0.0243026,-0.0258889,-0.0313524,-0.0794354,-0.0100092,-0.0493679,0.000696768,0.208297,0.0369807,-0.237897,-0.0074926,-0.00537013,-0.00701266,-0.211262,0.020098,0.191772],[-0.0627373,-0.031786,0.782333,-0.419921,0.529843,0.108737,0.0646907,0.0790922,-0.0727127,0.266061,0.0275976,-0.0682872,0.0299572,0.000318631,-0.182702,-0.0795241,0.113507,0.0192152,0.0169225,0.0310882,-0.941261,0.0539429,0.784868],[0.129651,0.144498,-0.256394,-0.105488,0.920645,0.776157,0.105672,-0.0041057,-0.0760204,0.235308,0.0114718,-0.0712863,0.0159269,-0.000753669,0.0636775,-0.156713,-0.13128,0.0127354,-0.000147808,0.0276167,-0.0577614,0.0513402,-0.426969],[-40.9229,-53.5119,-35.0427,0.708261,-99.4075,-120.122,-12.0625,13.9993,5.56146,-31.1354,-6.12027,-3.52768,-6.95852,0.151137,0.93792,-22.4905,-13.4402,-3.01279,0.492794,-5.60364,-100.304,-9.97732,-693.711],[0.00370742,0.0221569,-0.0643268,-0.0438398,0.0813313,0.0580575,-0.0171949,-0.0164027,-0.000370713,0.0150524,-0.00131357,0.00043034,-0.000490123,0.000102726,0.0350133,-0.0380555,0.00510713,-0.0162829,0.00729965,0.00306518,-0.148842,-0.00833434,0.117737],[-0.0544349,-0.0396301,-0.138934,0.103916,-0.120509,0.0863104,0.0425198,0.0200093,0.00103401,-0.0545878,-0.00486833,9.69926e-05,0.00540657,-7.54363e-05,0.161114,-0.0956095,-0.12346,0.0376424,0.00931365,0.0234921,0.445496,-0.0313592,2.54087],[0.0164511,1.58623e-05,0.052723,0.0730541,-0.0590216,-0.00307683,0.0047411,0.0100592,-0.00628054,0.0500898,0.00341474,-0.00189067,0.000902717,9.25048e-06,-0.151793,0.0431802,0.160975,-0.00516033,-0.0226664,-0.0178257,-0.366387,0.0279648,-0.540976],[0.0799558,-0.0118631,0.0340162,0.0429043,0.319135,-0.663383,-0.287366,0.0108276,-0.0173462,0.578301,-0.0890824,-0.0387457,-0.114786,0.000147006,-0.30799,0.0628047,0.274305,-0.272415,-0.166296,-0.126954,0.925421,-0.0349481,-3.27957],[-0.0123374,0.0125079,-0.409511,-0.168747,0.169294,-0.175917,-0.0191454,0.0875656,-0.0295072,-0.0320206,-0.0215592,-0.023417,-0.0173806,0.000474994,-0.0332317,-0.090671,0.0263172,0.0611644,-0.152389,-0.0886252,1.853,0.0614756,3.25246],[-0.233548,-0.128135,-0.183174,-0.36074,-1.03862,-0.383771,0.11169,0.0270004,-0.016716,-0.288122,0.0447779,-0.0277643,0.0410493,-0.000612769,-0.111334,0.0914504,0.0604491,0.0226432,0.0110136,0.0436621,-0.0526921,0.0934068,0.431301],[0.0138093,-0.000219083,0.00117889,0.0137023,0.034653,0.0230442,0.00582095,0.00212335,0.00161355,-0.0239005,-0.0037355,0.00195526,-0.000421345,-2.64475e-05,-0.00281556,0.0032976,-0.00154716,-0.00765198,-9.86921e-05,-0.00125588,0.0405004,-0.00752342,-0.267974],[0.0886188,0.0557154,-0.228976,-0.0960047,-0.138351,-0.260068,0.0927297,0.0181946,0.0287399,-0.12157,0.0405152,0.00849118,0.0263955,-4.05146e-05,0.0964025,0.0643149,-0.026093,0.0332237,0.0641255,0.0719243,0.774836,0.000574984,3.36112],[0.00261898,0.00408588,0.00623727,-0.0057739,-0.00162111,-0.00458834,-0.00221629,-6.60969e-06,0.000705992,0.0012303,-0.000300866,0.000526352,-8.33533e-06,-3.28733e-06,0.00401905,0.00123301,-0.00365741,0.000697416,-0.000323371,-0.00137877,-0.0293408,-0.000978133,-0.0394471]],"sigmahat":[[0.260331,0.0989417,0.0868347,0.132439,0.477038,0.241161,0.00691145,-0.0261096,-0.00794205,0.0782311,0.00290265,-0.00641428,-0.00522805,-0.000163476,0.033297,-0.00656399,-0.0376209,0.00597673,-0.0165718,-0.0184148,-0.050154,-0.0082908,0.030568],[0.0989417,0.333302,0.00190298,0.0627068,0.0875765,0.292115,-0.00187724,-0.0378266,-0.00952414,0.10441,-0.0142504,-0.00173674,-0.00739317,0.000147908,-0.00339983,-0.0471263,-0.0109636,0.0178714,-0.0121213,-0.0217878,-0.136443,-0.00288858,-0.0117788],[0.0868347,0.00190298,2.39699,-0.412658,0.571806,0.822066,0.0832615,-0.00355025,-0.0194706,0.0235058,-0.00191106,-0.0129765,-0.0376329,-0.000420676,0.139657,-0.121749,-0.145562,0.0769831,0.00806186,-0.057967,-0.812583,-0.0544912,1.22841],[0.132439,0.0627068,-0.412658,1.49774,0.128934,0.041169,-0.0389831,0.0405348,0.00435919,0.17663,-0.0439798,0.00979473,-0.0322198,0.000146376,0.165835,0.0176114,-0.0981477,-0.0261811,-0.0762645,-0.049132,1.16954,-0.0339098,-0.149936],[0.477038,0.0875765,0.571806,0.128934,7.31414,1.43153,-0.0257405,0.0686774,-0.0190743,0.380168,0.0116438,-0.0238865,0.00748455,-0.000332632,0.291627,0.0340976,-0.14269,0.0810519,-0.0565845,-0.0268341,1.08417,-0.0533346,4.27232],[0.241161,0.292115,0.822066,0.041169,1.43153,3.19017,0.0311613,-0.145199,-0.0274519,0.287116,-0.0110003,-0.0187635,-0.0135497,-0.000146511,0.109263,-0.124594,-0.050286,0.0531868,-0.00886316,-0.0325505,-1.14748,0.018751,-0.22062],[0.00691145,-0.00187724,0.0832615,-0.0389831,-0.0257405,0.0311613,0.134474,-0.0112891,-0.00229197,-0.0313918,0.0243931,-0.00373378,0.0286154,-1.60092e-05,-0.0023562,-0.0249498,-0.0223387,0.0453458,0.0216482,0.0353637,-0.0730138,0.0183861,1.84711],[-0.0261096,-0.0378266,-0.00355025,0.0405348,0.0686774,-0.145199,-0.0112891,0.0550884,0.00302436,-0.0103227,0.00233223,0.00587643,0.00563967,4.14522e-05,0.0285374,0.00605338,-0.010914,-0.000755248,0.00278165,0.00961469,0.398523,-0.00417351,0.237291],[-0.00794205,-0.00952414,-0.0194706,0.00435919,-0.0190743,-0.0274519,-0.00229197,0.00302436,0.00844221,-0.0118589,0.00158471,0.00733694,0.00224177,4.44604e-05,-0.004257,0.0015472,0.00590488,-0.000864406,0.00021922,0.00105426,0.0084837,-0.00256056,-0.107821],[0.0782311,0.10441,0.0235058,0.17663,0.380168,0.287116,-0.0313918,-0.0103227,-0.0118589,0.487522,-0.0172539,-0.0108984,-0.0270989,5.99227e-07,-0.116236,0.025109,0.129981,-0.0235565,-0.0507083,-0.0476996,-0.0649527,0.0116536,-0.408384],[0.00290265,-0.0142504,-0.00191106,-0.0439798,0.0116438,-0.0110003,0.0243931,0.00233223,0.00158471,-0.0172539,0.0345422,0.00386446,0.0279538,7.34969e-06,-0.0340473,-0.000254427,0.0277961,0.0115952,0.0142671,0.0272608,-0.118047,0.0266819,0.498602],[-0.00641428,-0.00173674,-0.0129765,0.00979473,-0.0238865,-0.0187635,-0.00373378,0.00587643,0.00733694,-0.0108984,0.00386446,0.0104971,0.00480887,7.12247e-05,-0.0130096,0.00245989,0.0162974,-0.00215598,-0.0003159,0.00175244,0.0206038,1.64559e-05,-0.122732],[-0.00522805,-0.00739317,-0.0376329,-0.0322198,0.00748455,-0.0135497,0.0286154,0.00563967,0.00224177,-0.0270989,0.0279538,0.00480887,0.033097,5.32143e-05,-0.0162831,-0.00401936,0.0105753,0.0131362,0.018806,0.0347494,0.00770395,0.0245737,0.683128],[-0.000163476,0.000147908,-0.000420676,0.000146376,-0.000332632,-0.000146511,-1.60092e-05,4.14522e-05,4.44604e-05,5.99227e-07,7.34969e-06,7.12247e-05,5.32143e-05,3.04009e-06,-0.000387007,2.09683e-05,0.000438062,-6.95749e-05,-4.44238e-05,1.85475e-05,-0.000317917,0.000153722,-0.00404631],[0.033297,-0.00339983,0.139657,0.165835,0.291627,0.109263,-0.0023562,0.0285374,-0.004257,-0.116236,-0.0340473,-0.0130096,-0.0162831,-0.000387007,1.09343,-0.143152,-0.930007,0.112807,0.0738791,0.0590251,0.86265,-0.132401,5.98728],[-0.00656399,-0.0471263,-0.121749,0.0176114,0.0340976,-0.124594,-0.0249498,0.00605338,0.0015472,0.025109,-0.000254427,0.00245989,-0.00401936,2.09683e-05,-0.143152,0.197623,0.169441,-0.0417606,-0.0129084,-0.0110265,-0.0160947,0.0128387,-1.47642],[-0.0376209,-0.0109636,-0.145562,-0.0981477,-0.14269,-0.050286,-0.0223387,-0.010914,0.00590488,0.129981,0.0277961,0.0162974,0.0105753,0.000438062,-0.930007,0.169441,0.932903,-0.11462,-0.0751755,-0.0545981,-0.5324,0.117332,-5.47765],[0.00597673,0.0178714,0.0769831,-0.0261811,0.0810519,0.0531868,0.0453458,-0.000755248,-0.000864406,-0.0235565,0.0115952,-0.00215598,0.0131362,-6.95749e-05,0.112807,-0.0417606,-0.11462,0.0581726,0.0182357,0.0211647,0.107339,-0.00564817,1.85118],[-0.0165718,-0.0121213,0.00806186,-0.0762645,-0.0565845,-0.00886316,0.0216482,0.00278165,0.00021922,-0.0507083,0.0142671,-0.0003159,0.018806,-4.44238e-05,0.0738791,-0.0129084,-0.0751755,0.0182357,0.0412897,0.0375397,-0.0334746,0.00779976,0.827219],[-0.0184148,-0.0217878,-0.057967,-0.049132,-0.0268341,-0.0325505,0.0353637,0.00961469,0.00105426,-0.0476996,0.0272608,0.00175244,0.0347494,1.85475e-05,0.0590251,-0.0110265,-0.0545981,0.0211647,0.0375397,0.0579949,0.11643,0.0230375,1.3161],[-0.050154,-0.136443,-0.812583,1.16954,1.08417,-1.14748,-0.0730138,0.398523,0.0084837,-0.0649527,-0.118047,0.0206038,0.00770395,-0.000317917,0.86265,-0.0160947,-0.5324,0.107339,-0.0334746,0.11643,13.3674,-0.20602,11.6284],[-0.0082908,-0.00288858,-0.0544912,-0.0339098,-0.0533346,0.018751,0.0183861,-0.00417351,-0.00256056,0.0116536,0.0266819,1.64559e-05,0.0245737,0.000153722,-0.132401,0.0128387,0.117332,-0.00564817,0.00779976,0.0230375,-0.20602,0.0594232,-0.359247],[0.030568,-0.0117788,1.22841,-0.149936,4.27232,-0.22062,1.84711,0.237291,-0.107821,-0.408384,0.498602,-0.122732,0.683128,-0.00404631,5.98728,-1.47642,-5.47765,1.85118,0.827219,1.3161,11.6284,-0.359247,113.864]],"n":23,"lags":3}