{"betahat":[[6.06285,3.7569,5.19002,-1.02477,21.6071,13.4233,4.26032,-1.96427,6.38757,0.679522,0.304775,-0.55216,1.11764,-0.0485373,1.31702,0.0264573,3.5764,36.7678,38.0732,-0.0455466,9.99703,9.46555,0.750631],[0.584097,0.266824,0.625576,0.0775227,-0.329237,0.786794,0.00437211,-0.00703132,0.089557,0.420396,0.00372957,-0.0214527,-0.0386809,0.00306412,-0.000961898,-0.0672476,0.00914739,-0.148468,-0.0414756,-0.00781247,-2.46166,0.167408,0.0233529],[-0.119313,0.345055,-0.0942938,-0.0819696,-0.228992,0.128626,0.0915474,0.0802535,-0.115516,-0.0998493,0.0087567,0.0272587,0.00174377,0.0298974,0.0117036,-0.144672,0.128234,0.00224529,0.0673108,0.0169761,0.817775,0.261697,-0.0217405],[0.00873661,0.0295325,0.483082,0.119838,0.0779611,-0.170735,-0.0127867,-0.000577173,-0.00538076,0.0369298,-0.00101915,0.0108807,0.00544333,0.0172729,0.0230136,-0.011915,0.00308467,-0.03876,-0.0520169,-0.00334697,-0.0172311,0.0499982,0.0312237],[0.0290788,-0.110098,-0.0691349,0.298513,0.183495,-0.272937,-0.0133468,-0.0314871,-0.06279,0.0811962,0.00130693,0.0123377,0.027128,-8.14777e-06,0.0121549,0.0574114,0.021299,-3.94666e-05,-0.0613571,0.0159384,0.245174,-0.0617124,-0.00241413],[-0.0050366,-0.068444,-0.155092,0.0905967,0.233767,-0.151656,0.00458174,-0.00599878,0.0137616,0.0840408,-0.0023346,-0.000957691,-0.0133493,-0.00280134,-0.000783849,0.00586156,0.00591708,0.00215797,-0.0109879,-0.00288643,0.108211,0.00785299,0.00148256],[0.037211,0.00423513,0.198116,0.0274163,0.462394,0.679583,0.0129235,0.00268947,0.0191874,-0.134922,-0.00098684,-0.00512749,-0.0275152,-0.00764266,-0.0173243,0.0193195,0.00515679,0.00371616,0.00836579,-4.36525e-05,0.358632,-0.0233207,-0.00876013],[-0.0522214,-0.136316,-0.282389,-0.23068,-0.798016,-0.210384,1.11916,-0.0953806,0.13841,-0.0997396,0.017412,-0.0348106,0.0754969,-0.0243464,-0.0151304,0.134686,0.452627,0.0984085,0.261712,0.0296167,0.450456,-0.595048,0.0217567],[0.0708086,0.410824,0.65495,-1.68101,-0.50463,-0.0379626,0.0722543,0.775338,0.0032626,-0.45306,0.0189986,0.0515114,0.0259764,0.0386301,0.0907424,0.419553,0.342559,0.339426,0.508761,0.0544286,3.59129,0.117289,-0.0737607],[0.157231,0.0619503,0.27734,-0.334905,0.0631863,-0.0547183,-0.033738,-0.13017,0.938298,-0.064454,0.0116712,-0.0203386,-0.0153225,-0.0234933,-0.0384382,0.150032,0.129154,-0.192043,-0.140445,0.0062957,-0.601507,-0.46868,-0.0291843],[-0.189938,0.0189599,-0.148039,-0.132563,-0.8314,-0.0531192,0.0112114,-0.0192361,-0.135453,0.990199,-0.00105006,-0.0189418,-0.0174755,-0.025386,-0.000570661,-0.0431846,-0.0949373,0.0799462,0.0848972,0.00819288,-0.858406,-0.100286,0.0237988],[-0.817673,-0.18193,12.8097,-0.737963,4.06682,9.54153,1.70632,0.702012,-2.30294,-5.49003,0.287759,0.0467075,-0.741669,-0.020409,0.515622,0.557885,0.0147372,0.300614,0.846659,-0.41173,-12.1219,-2.56035,-0.374454],[1.69242,0.854174,1.14245,-0.359145,5.93629,2.05898,0.0123384,-0.341944,-0.727078,1.03868,0.0264576,0.970437,0.246479,0.146969,0.26283,1.16776,0.545103,0.490804,-0.283493,0.0156487,2.87767,-2.79735,0.402102],[-0.493933,-0.0821472,-1.25473,-0.0535724,-1.95141,-1.95365,-0.175109,-0.120886,-0.269819,0.479624,0.0787276,0.0124496,1.02346,0.0350686,-0.0779378,-0.226172,-0.255356,0.226486,-0.542676,0.0669292,3.37878,0.479244,-0.0234914],[-0.0584794,-0.261482,0.535578,1.16239,-2.81469,-2.47275,0.291879,0.0523704,-0.11276,0.0396685,0.022091,0.356966,-0.260758,1.16757,-0.036035,-1.05491,-0.269648,-1.42012,-0.505637,0.160505,-1.39047,1.24741,0.441099],[0.589942,-0.111071,1.24871,0.217768,0.909177,-0.695635,0.60267,-0.0324466,0.159355,-0.347711,-0.0144558,0.107308,0.0700931,0.112476,1.09503,0.400137,0.297371,-0.804029,-0.433675,0.0580137,3.45882,-0.0602001,0.111038],[0.0636476,0.265332,-1.00321,-0.702182,0.287657,0.215897,-0.0299098,-0.116084,-0.215285,-0.554412,-0.0120558,0.0353578,0.0538077,0.0176623,0.048275,1.00195,0.0241157,0.203668,0.101518,0.034409,1.92461,0.68227,0.0414321],[-0.280516,0.0497668,-0.702724,-0.346439,-0.734372,-0.00465275,-0.109188,0.0218851,-0.456716,0.0879584,0.00580663,0.0430637,0.110701,0.040299,0.0443865,-0.0350086,0.661897,0.122843,-0.148652,0.0184247,-1.41242,0.150112,0.0299224],[-0.0347722,-0.00433489,-0.652237,0.749555,0.998259,1.6187,-0.0115148,-0.118217,0.205508,0.501497,0.062734,0.0469446,0.112074,0.0509565,-0.0506484,0.234675,0.282362,0.616585,0.742727,-0.0149993,-1.9941,-0.215917,0.0939461],[-0.369676,-0.367234,-0.241717,0.415451,-0.986287,-0.295623,0.0702971,0.142035,-0.0362962,0.122816,-0.0151124,0.0257774,-0.160379,-0.0126585,-0.00425186,-0.40284,-0.0422533,0.120884,1.06543,0.0124423,1.16289,0.798146,-0.0134643],[0.484422,-1.31887,0.881713,-0.210026,6.0727,-1.85022,0.625698,-0.462436,1.12567,-5.42636,0.0519575,-0.191866,0.144095,-0.312091,-0.0937937,0.364118,1.76247,-0.0519761,-2.18888,0.767595,11.8836,-0.765194,-0.443896],[0.0245,-0.00248595,0.002056,0.0508139,0.141289,0.12354,0.000177878,0.00829549,-0.00173948,-0.0083544,0.00068271,-0.00119718,-0.00649215,0.00039914,0.00360691,-0.000507914,-0.0247104,-0.0057321,0.0152198,-0.00491349,-0.429667,0.0114026,0.00379964],[-0.0446058,0.0430377,-0.0567077,0.0875561,-0.246544,0.161117,-0.00401896,0.00195683,0.0214649,-0.0299536,-0.000225558,0.00691182,-0.00873416,0.00814229,-0.00187562,0.034616,0.03947,0.0383163,0.0152223,0.000974216,-0.0786797,1.15139,0.00800889],[-0.154063,0.189933,-4.27125,1.01725,-0.722446,-0.209807,-0.659656,0.0019263,1.019,0.341115,-0.0582686,0.0891197,0.0521099,0.0816325,0.0504353,0.04472,-0.110145,1.1019,0.353491,-0.0408791,-2.12877,0.762855,0.490019],[0.242121,-0.0699979,-0.410207,-0.344583,0.192171,-0.789911,-0.0479506,-0.000279339,0.0555506,-0.109576,-0.00258324,0.0127789,-0.0123593,-0.00415705,-0.0224998,0.0743607,-0.106621,0.00998628,-0.0172831,0.0280375,1.96058,-0.58278,-0.0624433],[-0.0241634,0.313597,-0.0797288,0.0102899,0.240686,-0.140598,-0.0419702,-0.0504119,-0.0581651,0.225241,-0.0112039,0.00323903,0.035831,0.0180544,0.0534557,0.00666485,-0.0342728,0.0155669,0.0254423,-0.0245334,-0.849899,0.0512073,0.0455222],[0.0575124,0.0191415,0.482476,-0.000803994,0.305331,0.332195,-0.00344683,0.00588791,0.0552166,-0.0560537,0.00302806,-0.0100083,-0.0234131,-0.00795381,-0.0246864,0.00421147,0.00439841,-0.0110216,0.0133733,0.00435794,0.316381,-0.0835805,-0.0149012],[-0.0297957,0.00747299,-0.153458,0.371491,-0.0108653,0.229722,-0.0227625,0.0147644,0.085868,0.0124034,-0.00209713,-0.0146065,-0.0222303,-0.0142324,-0.024733,-0.0356976,-0.00799714,-0.0017811,0.0505554,-0.0115637,-0.191617,-0.0306701,-0.0162849],[0.0209128,0.0341232,0.107302,0.0092997,0.463785,0.0268895,0.014225,0.00865368,-0.0387329,-0.0651951,0.0015536,0.000589224,0.0187704,0.00119307,0.00952971,-0.00289013,0.00855583,-0.015899,-0.0211714,0.00254773,-0.00297274,0.0309649,-0.000439691],[-0.0386933,-0.0144352,-0.275279,-0.106518,-0.470677,0.0650923,0.017675,0.000708738,-0.0203401,0.0858142,0.00279729,0.00350339,0.0313043,0.00402546,0.0208662,0.00108376,0.0167781,0.0140134,-0.0141777,-0.0012046,-0.259159,0.0716728,0.000346301],[-0.0299659,0.184472,0.0392795,0.297244,0.843899,-0.177896,-0.179087,0.0869299,-0.270325,0.168448,-0.00828586,0.0473365,-0.0451714,0.0686053,0.0227343,-0.150475,-0.2426,0.0171989,-0.0663489,-0.0395961,-0.724605,0.0517491,0.00680687],[0.0399386,-0.121684,-0.492848,1.26807,2.30612,0.25056,-0.255173,0.0978806,-0.0184213,0.899182,-0.0229831,-0.0259154,-0.151703,-0.0315987,-0.0777343,-0.205352,-0.23064,0.440867,0.420677,-0.064016,-5.6821,-0.218937,3.71078e-05],[0.00855201,-0.00368123,-0.483802,0.288785,-0.0418933,0.211183,0.0110169,0.0511178,0.0440293,-0.174828,-0.00591314,0.0130064,0.00430741,0.0104399,0.0210855,-0.00178398,-0.133355,0.0619227,0.0790514,-0.00218685,0.733871,0.191405,-0.000301663],[0.169926,0.0667441,0.0514562,0.0410157,0.234393,-0.192788,-0.0435358,0.0175399,0.193494,-0.0198985,0.0069322,0.00972613,0.0387428,0.0225465,0.000211225,0.0183437,0.0735385,-0.0352006,-0.101161,-0.0050979,0.0833699,0.121835,-0.0104951],[-0.657988,0.0275908,-6.18797,-1.08839,-4.20351,-8.6081,2.10595,-1.00716,-3.3729,2.92567,0.0496042,0.118044,-0.220609,-0.23178,0.544539,-0.367519,2.36058,2.05959,0.129647,0.348629,18.5145,-5.7828,0.70708],[-0.127384,-0.0711429,-0.59807,-0.483836,0.337126,2.34239,0.233487,0.0364553,-0.0627558,-0.00623401,0.00646187,-0.183853,0.0303984,-0.112985,0.15964,0.30618,0.167338,0.131952,0.590348,-0.107044,0.100418,-0.909891,-0.117829],[0.485382,0.295924,0.776925,-0.237557,4.51327,1.71515,-0.350084,-0.0470103,0.424433,0.415664,-0.00111416,0.0389542,-0.265085,0.0182032,-0.21892,0.401431,0.109452,0.00574711,0.146256,-0.0308812,-0.397313,-1.55484,0.0158394],[-0.210133,0.174868,-0.295091,-0.522179,-1.4028,1.37899,-0.0193434,-0.0465618,1.12135,-0.473879,0.0375578,-0.227528,0.00464282,-0.269914,-0.188289,0.239357,0.0630741,-0.38654,0.104503,-0.000956044,0.717016,0.271893,-0.229312],[-0.332111,0.187168,0.820451,0.483479,-1.57527,2.19622,-0.40655,0.114371,0.027881,1.19074,0.0151506,0.0304041,0.043813,0.083207,-0.11326,-0.38996,-0.189529,0.12524,0.389749,-0.0249852,-3.05509,-0.640812,-0.0680849],[0.0395398,-0.204649,1.4268,0.122798,0.574227,0.0486205,0.0903153,0.103955,0.142986,0.423356,0.0136352,-0.0284039,0.0242688,-0.0172268,-0.0183971,0.00102546,0.154615,-0.0196442,-0.107125,-0.0155231,-1.31882,-0.535016,-0.0281034],[0.22558,-0.192362,0.583663,0.389787,0.180546,0.21289,0.21036,0.00413202,-0.078221,-0.14318,0.0152708,-0.0169676,0.0121367,-0.00398748,0.0339337,0.0525192,0.367708,-0.0677899,0.0858106,-0.0133877,2.50791,-0.20567,-0.0133292],[0.319126,0.0389392,-0.130536,-1.3758,-0.769781,-1.56433,0.337052,0.168862,-0.324834,-1.15072,-0.0308921,-0.0947345,-0.00940547,-0.0692972,0.0962706,-0.1814,0.16448,-0.083035,0.311894,0.0165482,4.69689,0.253163,-0.011664],[0.401016,0.267193,0.143477,-0.212317,0.782864,0.567337,-0.0125726,-0.0961146,0.216447,-0.511995,0.00989301,-0.0246877,0.138605,0.0128479,0.00974187,0.407855,0.0289502,-0.17529,-0.477281,-0.000401879,0.707629,-0.696774,-0.00679751],[-0.935759,1.65006,-0.61989,-1.53901,-10.3222,1.01535,-0.380961,-0.0142774,-1.11435,4.14734,-0.0364098,-0.0585123,-0.0192537,0.0098159,0.0967212,-0.858942,-1.39774,0.522501,1.26477,0.0473726,-11.7445,-1.02135,0.136329],[0.0250183,-0.0216577,-0.0242248,0.0436912,0.0825819,0.0237912,0.00369108,-0.00117422,0.010237,-0.0471771,-4.94093e-05,0.00461856,-0.00344367,0.00293402,-0.000123471,-0.0166107,0.0200925,-0.00965222,0.00680541,-0.00043428,-0.286899,0.0606065,-0.000648859],[0.0248985,-0.02738,-0.089152,0.0717115,0.220255,-0.341042,-0.0234134,0.0150546,0.00163538,0.0853975,0.00405148,-0.00340042,0.037492,-0.00537557,0.0106864,-0.0626103,-0.0465428,-0.0384416,0.0299969,-0.00988477,0.163912,-0.219936,0.0039684],[-0.692586,-1.07404,0.0739781,0.0476253,-0.598809,-3.64372,-0.454612,0.383956,-1.32857,0.144443,0.0174511,0.0618075,-0.237403,0.0312604,-0.33937,-0.14098,-0.828271,0.535077,0.204929,0.0267215,-2.78266,1.28766,0.11717],[0.173574,-0.196915,-0.215363,0.266852,0.136277,0.00294356,0.0435219,0.00728558,-0.145048,-0.310509,-0.00115093,0.00867051,0.051047,0.00106904,0.0234547,-0.00718309,0.0974241,0.138135,0.0583026,-0.0202302,0.499118,0.415317,0.039072],[0.143618,0.341342,0.173977,0.0718665,-0.0114929,0.0124928,-0.0496799,-0.0298696,0.17368,-0.125853,0.00244281,-0.0304729,-0.0375851,-0.0479341,-0.0652018,0.138125,-0.0940105,-0.0179904,-0.0929691,0.00756677,0.0315751,-0.313407,-0.023797],[-0.0660968,-0.048472,0.0335374,-0.118423,-0.382012,-0.161221,0.0160843,-0.00545306,-0.0495685,0.0187603,-0.00202702,-0.000857481,0.0179366,-0.00931293,0.00163999,0.00765224,-0.00740113,0.0485275,0.0366225,-0.00104682,-0.301093,0.0334877,-0.0163243],[0.000807747,0.102894,0.222676,0.329276,-0.172009,0.0441581,0.0362629,0.016726,-0.0230608,-0.0938653,0.000801995,0.00223212,-0.00485268,0.0142053,0.0126587,-0.0216298,-0.0130141,0.00140217,0.0104785,-0.00439973,-0.0541113,0.0920156,0.0186805],[-0.016151,0.0339561,0.0479371,-0.0994,0.299991,0.123696,-0.0189465,-0.00253589,0.0245896,-0.0185461,0.000761696,0.00039121,-0.00550717,0.00163393,-0.00876299,-0.00342922,-0.0145019,0.0128257,0.0311228,0.000302831,-0.108998,-0.0382193,-0.00100361],[0.00114273,0.00986338,0.0772028,0.0790632,0.00786549,0.254222,-0.030792,-0.00328234,0.000859666,0.0491417,-0.00180613,0.00164636,-0.00380503,0.00361899,-0.00358903,-0.0208062,-0.0218905,-0.0183142,0.00466716,0.0012356,-0.101427,-0.0480135,0.00846703],[0.0809323,-0.0495263,0.24317,-0.0666601,-0.0477409,0.38583,0.0588115,0.00917593,0.130193,-0.0677464,-0.00912391,-0.0124156,-0.030508,-0.0441877,-0.00771299,0.0150065,-0.210562,-0.11499,-0.195015,0.00987128,0.268501,0.544702,-0.0284207],[-0.0365017,-0.371462,0.589897,0.381085,-2.04628,0.11315,-0.0137049,0.123985,-0.0429424,-0.369564,-0.00656856,0.00777322,0.0778032,-0.00808201,-0.0549023,-0.0577096,-0.244156,-0.0854312,-0.255471,0.0401184,2.47892,-0.104097,0.0435256],[-0.165222,-0.0572057,0.206113,0.0464637,-0.0218584,-0.154102,0.0240092,0.0784247,0.0179504,0.238902,-0.00576451,0.00721829,0.0110515,0.0130069,0.0174515,-0.147581,0.00508405,0.130255,0.0620667,-0.00403806,-0.128237,0.276042,0.0293915],[0.0206413,-0.0850012,0.0979739,0.0912392,0.598111,0.248112,0.0320606,0.00159936,-0.056939,0.0267495,-0.0058761,0.00909061,-0.0211568,0.00267423,6.78882e-06,0.0257147,0.0212893,-0.046704,0.0136314,-0.00304103,0.776916,-0.022893,-0.0136021],[-1.96944,0.181229,-0.931649,-3.23358,-0.267228,-3.53662,-0.41679,0.239687,1.36261,-2.39087,-0.0178208,0.261961,0.207061,0.159576,0.0449024,0.082749,0.682498,-0.845671,-2.68767,-0.101313,-1.56096,7.05326,-0.278012],[-0.0981247,-0.324104,0.626763,-0.313646,0.492476,-0.753405,-0.0670613,0.170017,-0.368411,-0.0371001,-0.0243782,0.00400913,0.0681855,0.0382753,0.134491,-0.213066,0.000449281,-0.0888643,-0.0753883,-0.052376,-1.41153,-0.714538,-0.0099171],[-0.133142,-0.242576,-0.336374,0.0631323,-2.7098,-1.39627,-0.141107,0.271485,-0.0260255,-0.494859,-0.0403903,-0.00511416,0.103903,0.0225926,0.0991312,-0.235534,-0.459466,-0.00669117,0.417709,-0.0241322,-2.07777,0.268831,0.0874418],[-0.193376,0.0946533,0.999685,-0.346933,-1.15033,-0.414098,0.0560408,0.106933,0.523083,-0.348499,0.00170478,-0.0640407,0.12051,-0.075227,0.00965805,-0.373581,0.0915268,-0.253857,-0.338571,0.00441847,2.33782,0.170426,-0.127514],[-0.156415,0.480438,-0.469456,-0.880602,-0.03883,0.424552,0.243777,-0.13911,-0.588181,-1.22789,-0.0193324,-0.12975,0.0217312,-0.111386,0.0162893,0.370513,0.238679,0.281997,0.0662123,0.00565846,-0.550358,1.11615,-0.020891],[-0.10383,-0.0611735,-0.421139,0.578996,-0.862275,-0.264588,-0.0610346,0.0122692,0.072556,0.131312,-0.00155343,-0.00694902,-0.0781704,-0.000415472,-0.0301688,-0.00405116,-0.178704,-0.186228,0.00314715,-0.018919,-0.608999,-0.145678,-0.0133337],[0.0540756,0.141289,0.118761,-0.0425601,0.551447,-0.208825,-0.101926,-0.025417,0.533503,0.0562637,-0.0211327,-0.0259851,-0.122987,-0.036259,-0.0782419,-0.0181683,-0.0300909,-0.05517,0.0629231,-0.00513999,-1.10414,0.0566054,-0.0165204],[-0.303122,-0.0658626,0.757878,0.60723,-0.253272,-0.151775,-0.335059,-0.0367909,0.0804938,0.67286,-0.0316771,0.0480881,-0.10337,0.0187802,-0.0453509,-0.0512774,-0.455695,-0.447219,-0.973971,-0.00193682,-2.66028,0.018281,-0.079111],[-0.0490633,0.095015,0.0758,-0.165924,0.0710083,-0.318707,-0.0341555,-0.0184128,-0.225132,0.418382,0.00400431,-0.00388976,0.00446584,0.000210609,0.000957818,-0.00640326,0.0075413,0.146299,-0.363106,-0.0147022,-1.93656,-0.111963,0.0229776],[0.552689,-0.375484,-1.35877,1.29269,6.25659,0.63571,-0.00941371,0.27949,0.0849391,1.31069,-0.0409875,0.139673,-0.00514363,0.147038,0.205534,0.485062,-0.177804,0.357575,0.0325325,0.0757587,2.84502,0.683238,0.246568],[0.00338196,-0.015426,0.0393405,-0.0359081,-0.056488,-0.0235734,-0.00720631,-0.000209758,-0.0164981,0.00986264,-0.00119142,0.0007263,-0.0081615,-0.000711126,-0.00532992,-0.0125057,-0.0303824,-0.00287016,0.0209173,-0.000771327,-0.140489,0.0142731,-0.00485871],[0.019511,-0.00343305,0.152644,-0.156919,-0.0174718,0.203823,0.0259568,-0.0232072,-0.0149766,-0.0803183,-0.00281557,-0.00237315,-0.0196233,-0.00215521,-0.0124924,0.0358861,0.00978174,0.00599985,-0.0359669,0.0102039,-0.0561057,-0.0388303,-0.01226],[-0.029803,0.0650459,0.0274775,0.764473,0.106789,0.787227,0.200569,-0.282093,0.227178,-0.0972728,-0.00242484,-0.0843755,-0.0606739,-0.11798,-0.140637,-0.211655,0.0419031,0.0349753,0.306839,0.0347269,1.42978,0.943396,-0.110368]],"sigmahat":[[0.153959,0.0661006,-0.0221145,0.100416,0.326881,0.0822563,-0.00794648,-0.00387183,0.0486956,-0.115706,7.45531e-05,-0.00217725,-0.00510367,-0.00159954,-0.0135209,0.0735815,0.00404225,-0.0271042,-0.0507228,0.00370333,0.473147,-0.0977964,-0.00353283],[0.0661006,0.217032,-0.0321189,0.0601904,0.195357,0.16347,0.0134731,-0.0241733,0.0634762,-0.0800537,-0.00139721,-0.00526611,-0.0125701,-0.00160245,-0.00992074,0.0606656,0.00493219,-0.0265561,-0.0233726,0.00194679,-0.00573551,-0.133193,-0.00772698],[-0.0221145,-0.0321189,1.20132,-0.294337,-0.0617786,0.179242,0.0381259,0.0154166,0.0724454,0.0760715,0.00536445,-0.015542,0.0052021,-0.0102328,-0.0152,-0.091513,0.085272,-0.0420639,-0.0416901,0.00790665,0.386015,-0.111859,0.0053599],[0.100416,0.0601904,-0.294337,0.933223,-0.0680748,-0.147357,-0.0323576,0.0380091,0.0310158,-0.0652952,-0.00682253,0.0112772,-0.0469813,0.0142903,-0.0282725,0.00643274,-0.089118,-0.0458779,0.0425012,0.00329291,0.0688823,0.0714022,0.0021675],[0.326881,0.195357,-0.0617786,-0.0680748,4.12533,0.883034,-0.0846023,-0.00836291,0.240714,-0.301302,0.00933403,0.00489208,-0.00291205,0.00474486,-0.0175261,0.194643,0.012198,-0.0216714,-0.16223,-0.0184137,0.371316,-0.133885,-0.00228085],[0.0822563,0.16347,0.179242,-0.147357,0.883034,1.66431,0.0628605,-0.11064,0.118308,-0.0228273,0.00855543,-0.00544069,0.0155649,-0.0107275,-0.0123449,0.0792847,0.10219,-0.0664346,-0.084236,0.00186179,0.51007,-0.357391,-0.0291233],[-0.00794648,0.0134731,0.0381259,-0.0323576,-0.0846023,0.0628605,0.0814065,-0.00506957,-0.0324845,-0.0297967,-0.000141705,-0.00297357,0.0088874,-0.00187931,0.0204988,-0.00485781,0.0632228,-0.0011923,0.0184852,-0.00182498,0.190608,0.0116455,0.00214968],[-0.00387183,-0.0241733,0.0154166,0.0380091,-0.00836291,-0.11064,-0.00506957,0.0396613,-0.00830474,-0.000765248,-0.00022105,0.00112957,-0.00156454,0.00348516,0.00559079,-0.0180894,-0.0163748,0.0156095,0.0355675,-0.00317599,-0.00334319,0.046578,0.00749395],[0.0486956,0.0634762,0.0724454,0.0310158,0.240714,0.118308,-0.0324845,-0.00830474,0.230552,-0.0547544,0.00188213,-0.00769807,-0.0088695,-0.00938416,-0.0250227,0.0163081,-0.0114313,-0.0539164,-0.0359843,0.00175531,0.190098,-0.0765361,-0.0169201],[-0.115706,-0.0800537,0.0760715,-0.0652952,-0.301302,-0.0228273,-0.0297967,-0.000765248,-0.0547544,0.461455,0.00127398,0.00502162,-0.01192,0.00556037,0.0119131,-0.0933371,-0.0302148,0.0445226,0.0754562,0.00028918,-0.498637,0.0667771,0.00800202],[7.45531e-05,-0.00139721,0.00536445,-0.00682253,0.00933403,0.00855543,-0.000141705,-0.00022105,0.00188213,0.00127398,0.000966834,-8.41866e-05,0.00150321,-6.92655e-06,-0.000793625,-0.00146122,0.00186212,4.90241e-05,-0.00102022,0.000282701,0.0318953,-0.000950699,0.00017057],[-0.00217725,-0.00526611,-0.015542,0.0112772,0.00489208,-0.00544069,-0.00297357,0.00112957,-0.00769807,0.00502162,-8.41866e-05,0.00461394,0.000705096,0.0033765,0.00151148,-0.00406927,-0.00297552,3.26837e-05,-0.00140784,0.000225273,-0.030956,0.0118971,0.00214119],[-0.00510367,-0.0125701,0.0052021,-0.0469813,-0.00291205,0.0155649,0.0088874,-0.00156454,-0.0088695,-0.01192,0.00150321,0.000705096,0.02453,0.00150194,0.0109523,-0.00386458,0.0141469,0.000735329,-0.0238266,-0.000456144,0.0572056,-0.00506259,0.00200047],[-0.00159954,-0.00160245,-0.0102328,0.0142903,0.00474486,-0.0107275,-0.00187931,0.00348516,-0.00938416,0.00556037,-6.92655e-06,0.0033765,0.00150194,0.0054059,0.00280273,-0.00457523,-0.00156543,0.000685895,0.00251346,-0.000151278,-0.0404363,0.0102886,0.00354095],[-0.0135209,-0.00992074,-0.0152,-0.0282725,-0.0175261,-0.0123449,0.0204988,0.00559079,-0.0250227,0.0119131,-0.000793625,0.00151148,0.0109523,0.00280273,0.0217673,-0.00593721,0.0162717,0.00881946,0.00749464,-0.00325003,-0.078129,0.00916897,0.00511414],[0.0735815,0.0606656,-0.091513,0.00643274,0.194643,0.0792847,-0.00485781,-0.0180894,0.0163081,-0.0933371,-0.00146122,-0.00406927,-0.00386458,-0.00457523,-0.00593721,0.108573,-0.00130568,0.000551656,-0.0314591,0.00209362,0.0992501,-0.100428,-0.00884411],[0.00404225,0.00493219,0.085272,-0.089118,0.012198,0.10219,0.0632228,-0.0163748,-0.0114313,-0.0302148,0.00186212,-0.00297552,0.0141469,-0.00156543,0.0162717,-0.00130568,0.118266,-0.00625884,-0.0259302,-0.00286025,0.264706,-0.0263264,0.00233352],[-0.0271042,-0.0265561,-0.0420639,-0.0458779,-0.0216714,-0.0664346,-0.0011923,0.0156095,-0.0539164,0.0445226,4.90241e-05,3.26837e-05,0.000735329,0.000685895,0.00881946,0.000551656,-0.00625884,0.115274,0.112169,-0.00156095,-0.0631205,0.0175658,0.00434247],[-0.0507228,-0.0233726,-0.0416901,0.0425012,-0.16223,-0.084236,0.0184852,0.0355675,-0.0359843,0.0754562,-0.00102022,-0.00140784,-0.0238266,0.00251346,0.00749464,-0.0314591,-0.0259302,0.112169,0.326325,-0.0034203,-0.205197,0.0753816,0.00531357],[0.00370333,0.00194679,0.00790665,0.00329291,-0.0184137,0.00186179,-0.00182498,-0.00317599,0.00175531,0.00028918,0.000282701,0.000225273,-0.000456144,-0.000151278,-0.00325003,0.00209362,-0.00286025,-0.00156095,-0.0034203,0.00267655,0.04901,0.00347571,-0.000810857],[0.473147,-0.00573551,0.386015,0.0688823,0.371316,0.51007,0.190608,-0.00334319,0.190098,-0.498637,0.0318953,-0.030956,0.0572056,-0.0404363,-0.078129,0.0992501,0.264706,-0.0631205,-0.205197,0.04901,8.3624,-0.0453563,-0.0346056],[-0.0977964,-0.133193,-0.111859,0.0714022,-0.133885,-0.357391,0.0116455,0.046578,-0.0765361,0.0667771,-0.000950699,0.0118971,-0.00506259,0.0102886,0.00916897,-0.100428,-0.0263264,0.0175658,0.0753816,0.00347571,-0.0453563,1.21481,0.00448618],[-0.00353283,-0.00772698,0.0053599,0.0021675,-0.00228085,-0.0291233,0.00214968,0.00749395,-0.0169201,0.00800202,0.00017057,0.00214119,0.00200047,0.00354095,0.00511414,-0.00884411,0.00233352,0.00434247,0.00531357,-0.000810857,-0.0346056,0.00448618,0.00953338]],"n":23,"lags":3}