{"betahat":[[-2.47904,-2.35925,-1.46595,-1.64227,-5.68058,-3.7889,1.22035,-0.429218,0.286841,0.216937,-0.0239008,-0.585181,2.139,1.58764,0.892165,0.349754,0.287946,9.42051,0.256472,42.6494],[1.07134,0.0338332,0.0868524,0.0658503,0.218682,0.1407,0.00698072,-0.00455275,-0.00375498,-0.000633812,-0.000129431,0.0744395,0.0070749,-0.0807827,0.00621721,0.00694678,0.00652576,0.1092,-0.0154071,0.541104],[0.073135,1.02166,0.0635456,0.0731629,0.282779,0.207313,-0.00357214,-0.0236548,-0.00738979,-0.00879427,-1.5848e-05,0.0592095,0.0102315,-0.0820661,0.000642222,-0.00175105,0.00233884,0.0990066,-0.0161775,0.458912],[0.128135,0.101193,1.19988,0.108367,0.236676,0.135189,-0.00941107,0.0125406,0.00864577,0.00158399,-0.000316681,0.0991146,-0.000632537,-0.0945154,-0.00258651,0.00016328,0.00366012,0.131762,-0.0136976,0.517011],[-0.0242632,-0.0860903,0.0131518,0.97472,0.0191815,-0.0433608,-0.00481399,-0.00466977,-0.0181634,-0.00358736,0.000233557,-0.00539654,0.031619,-0.0186096,0.00286693,-0.0115435,0.000864087,-0.0148867,-0.0103109,0.280561],[-0.0344768,-0.0246035,-0.043047,-0.0471534,0.886934,-0.0392345,0.0160307,-0.00352885,0.00313096,0.0105835,-0.000136324,-0.0141793,-0.000950095,0.00830234,0.010652,0.0130767,0.00672057,-0.178637,0.00328034,0.321853],[0.0215245,0.0230817,0.0668223,0.00314412,0.0474532,0.989786,0.0103858,-0.00592377,0.0115861,0.015277,-6.9515e-05,0.0188574,-0.0112419,-0.0207885,0.00939552,0.017799,0.0175728,-0.368119,0.0215705,0.17069],[0.279401,0.217374,0.351004,0.249397,0.502366,0.513032,0.971325,0.0392055,0.0830429,-0.024547,-0.000452849,0.258029,0.0941194,-0.131026,0.00274589,0.0402575,-0.0128775,-0.0721033,-0.0880013,1.01319],[-0.363631,-0.414973,-0.578925,-0.263685,-0.347986,-0.768604,-0.258945,0.913131,-0.0872417,-0.063392,0.00331363,-0.123087,0.191559,0.0745299,-0.0975213,0.0680686,0.121231,2.86302,-0.0558516,-6.36977],[0.0940912,-0.0527453,0.173802,0.160759,-0.064984,-0.459872,0.0706511,-0.0560725,1.14856,-0.0301745,-0.00232557,0.0128859,0.0632246,-0.0763243,-0.00824352,-0.121187,-0.0970593,-1.62479,0.0810304,-4.12133],[-0.586098,-0.675204,-0.574503,-0.61016,-1.0719,-0.76663,0.272063,-0.165508,0.202673,1.14008,0.0004964,-0.572922,-0.152856,0.334505,-0.00372712,-0.0738175,0.00542916,2.26946,0.0357418,1.14149],[-2.97171,-10.0354,-6.17054,-7.90672,11.0115,-13.2017,2.11879,-0.293156,-2.3904,-0.395476,1.21391,9.48543,-1.86427,-3.39879,-3.19975,-0.812981,-0.749763,148.252,-9.42676,153.729],[-0.218462,-0.222932,-0.263897,-0.207115,-0.173432,-0.230196,-0.0284381,-0.0168449,-0.00282796,-0.0217643,0.000625514,0.828265,-0.00282733,0.0736183,9.71732e-05,-0.034098,-0.0367124,0.549787,0.0117788,-1.15128],[-0.0557806,0.059407,-0.0589648,-0.0231977,-0.341288,-0.260949,-0.00495099,0.0172834,-0.0265681,0.00192663,0.000835488,-0.0376041,1.08457,0.0423347,-0.00242779,-0.0214864,0.0234037,-0.834688,0.0295371,0.0367813],[1.33607,1.26368,1.48016,1.17501,2.27136,1.62712,0.0208453,0.0889622,0.00972202,0.00252271,9.33857e-05,0.757298,-0.203534,0.326485,0.091173,0.0344195,0.0443306,1.11592,-0.107048,5.49418],[0.195522,0.343965,-0.101763,0.198234,0.468282,0.493922,0.306146,0.0335582,-0.00839859,0.153001,0.000411584,-0.0273179,-0.311199,-0.0106627,1.37424,0.224271,0.115472,-2.65269,0.0619167,0.559811],[0.415498,0.325284,0.593262,0.237237,0.461957,0.623565,-0.0565966,0.0847083,0.0359457,-0.0164634,0.00321747,0.223431,0.125979,-0.226793,0.028258,1.10419,0.0426285,-2.1434,-0.364594,-1.2702],[0.484994,0.465349,0.227563,0.374365,0.720418,0.463164,-0.0250779,0.0415804,0.0647152,-0.0290135,0.000676061,0.338683,-0.0672286,-0.212211,-0.000958843,-0.0125348,0.978444,1.13147,-0.241455,-0.699528],[0.0181366,0.00614325,0.0219941,0.0113075,0.0503767,0.0433372,-0.00700664,0.0011036,0.00112078,0.00160841,8.6479e-05,0.00547917,-0.0111464,-0.00473401,0.00339583,0.000912514,0.00490681,0.996502,0.00995413,-0.0646828],[-0.209895,-0.178168,-0.160751,-0.0645435,-0.596735,-0.343251,-0.141721,0.0305462,-0.143009,-0.00742661,-0.0010557,-0.222603,0.040047,0.0838611,-0.0398054,-0.0309577,-0.0584868,-2.45828,1.03776,-4.88085],[-0.00212074,-0.00274767,0.00285285,-0.00550773,-0.00115024,0.00738902,0.000744821,-0.00325608,0.000791231,-0.00137996,-5.00048e-05,-0.00087621,-0.00548784,-0.00118368,0.000545814,-0.00152235,0.000221063,-0.0269775,0.00442526,1.04129],[-0.043485,-0.0128582,-0.0659322,-0.0401191,-0.14188,-0.0756136,-0.00495714,0.0050473,0.00245465,-0.000917856,9.71639e-05,-0.0439746,0.00844101,0.0552361,-0.00341561,-0.00434595,-0.00392441,-0.0248572,0.00761945,-0.187235],[-0.0600684,-0.0246416,-0.0662707,-0.0524737,-0.205605,-0.139605,0.00479638,0.019245,0.00663618,0.00455908,8.76508e-05,-0.0565708,0.0131486,0.0606167,-0.00044083,0.000941777,-0.000198724,-0.0915702,0.0157285,-0.116336],[-0.0884908,-0.0572803,-0.153746,-0.0722552,-0.167591,-0.0970301,0.00359638,-0.00976256,-0.00495763,-0.00554247,9.96222e-05,-0.0565394,0.00857229,0.0663518,0.00130752,-0.0066709,-0.00778611,0.0369707,-0.000117027,-0.256604],[0.0289058,0.0759933,-0.00731454,0.025617,0.0131374,0.0559446,0.0149383,0.00694398,0.0125849,0.00627252,-0.000151636,0.0131158,-0.00206561,0.00952124,0.0012098,0.00944389,0.00654851,0.122113,0.00560802,0.254207],[0.0317285,0.0332668,0.0315797,0.0335903,0.0929038,0.0506461,-0.00494257,0.00116728,-0.0024909,-0.0056409,0.00011767,0.0200158,0.000150295,-0.00494052,-0.00705305,-0.00806716,-0.00263169,0.165121,-0.00465401,-0.0417397],[0.0111662,0.0205855,-0.0273812,0.013004,-0.00168769,0.0434434,-0.00684949,0.00304064,-0.00970727,-0.0111678,6.5268e-05,-0.00177434,-0.00293958,0.00203109,-0.000827014,-0.0143144,-0.0120173,0.282438,-0.0176777,-0.0422226],[-0.241696,-0.211158,-0.313131,-0.171429,-0.384986,-0.562682,-0.02938,-0.00416816,-0.0208852,0.0436743,0.000523079,-0.210839,-0.0544358,0.0903963,-0.0195756,0.00542116,0.0408178,-0.448414,0.120179,-2.35183],[0.0960381,0.142178,0.250802,0.0969832,-0.0960022,0.220795,0.0470111,0.0778348,0.0407326,0.0078068,-0.00148366,-0.0616065,0.0333757,0.0721776,-0.0269333,-0.0580524,-0.0792723,-1.96949,0.0711936,1.27438],[0.0985286,0.176955,-0.192709,0.11021,0.343939,0.334633,0.0688718,0.0955865,-0.171934,0.0163703,0.00176097,0.0225006,0.0145343,-0.0315291,-0.013083,0.0698078,0.0963711,0.0287806,0.147406,2.94701],[0.0822719,0.0922906,0.254468,0.215624,0.314713,0.165324,-0.145054,0.0985596,-0.110435,-0.15537,-0.000454844,0.191111,0.11806,-0.00482903,-0.0464448,0.0321791,-0.0603567,-2.50847,-0.0564842,-2.57111],[13.4329,11.8981,19.2468,9.92925,15.5798,26.2422,6.06933,0.264997,5.8225,2.79998,-0.34366,1.57257,1.8983,-1.83907,4.82111,5.85926,3.58693,-20.9696,0.25219,61.3421],[0.139391,0.18559,0.119424,0.133522,0.0641952,0.145604,0.0313284,0.0126485,-0.000431253,0.0182651,-0.000314624,0.115381,0.00786369,-0.0607537,0.00803027,0.0269574,0.0309149,-0.410892,0.00838051,0.641429],[-0.00180404,-0.0364198,-0.0351533,-0.0161037,0.020522,0.0152587,0.0142193,-0.0126048,0.0154588,-0.0169912,-0.000326389,-0.0110721,-0.0015391,0.00256144,-0.0236626,0.011746,-0.0405194,0.393495,-0.0195679,-1.07421],[-0.72305,-0.76981,-0.646142,-0.655941,-1.20914,-0.837917,-0.0157831,-0.0496712,-0.00307693,-0.00896815,0.000368025,-0.425817,0.0652171,0.379582,-0.0567415,-0.0520032,-0.0422382,-0.263615,0.0315394,-2.77726],[0.261779,0.187096,0.377829,0.231798,0.377908,0.0892358,-0.133931,0.019139,0.0295974,-0.0502336,-0.000413743,0.257419,0.183646,-0.193072,-0.146289,-0.06137,0.00713096,2.0524,-0.0932561,2.74272],[-0.152985,-0.14707,0.0495201,-0.137954,0.023751,-0.171523,0.0170731,-0.08763,-0.0231097,-0.00105837,-0.00105991,-0.143519,-0.0246872,0.166012,-0.0498809,-0.0861214,-0.0368746,1.59239,0.139644,-1.71149],[-0.114204,-0.0752815,0.0313776,-0.150699,0.122592,0.0644003,-0.0355126,-0.0427108,-0.0480777,-0.0664727,0.000310516,-0.180028,-0.00691842,0.137129,-0.0288795,-0.0372066,-0.0831491,-0.700296,0.109559,-1.80719],[-0.0114277,-0.00264422,-0.0108288,-0.00791992,-0.0406908,-0.0367511,0.00326824,-0.000874966,-0.00425227,-0.00387668,2.21037e-05,0.000808579,0.009417,0.00201339,-0.0010351,-0.00388642,-0.00728171,-0.036135,-0.00204708,0.0485844],[0.0999357,0.0228326,0.0612735,-0.0108756,0.287577,0.126625,0.102092,-0.0330625,0.132871,-0.00877447,0.000473346,0.0341981,0.0612135,0.0549828,-0.0117872,-0.00976882,0.0223667,0.65325,0.00393983,2.95999],[-0.00480779,-0.00232839,-0.0105782,-0.00060211,-0.0114468,-0.0112384,-0.00277545,0.00212238,-0.00156954,-7.62897e-05,6.81014e-06,-0.00443961,0.00375575,0.00403436,-0.00133321,-0.000165916,-0.00137353,-0.00857351,-0.000914944,-0.125328],[-0.0278763,-0.0209947,-0.0209676,-0.0257438,-0.0768198,-0.065129,-0.00202615,-0.000492015,0.00129223,0.00155016,3.26166e-05,-0.0304737,-0.015525,0.0255477,-0.00280591,-0.00260844,-0.00260563,-0.0843836,0.00779389,-0.354343],[-0.0130969,0.00294889,0.00266625,-0.0207124,-0.0771973,-0.0677594,-0.00122454,0.00441113,0.000745447,0.00423526,-7.13961e-05,-0.0026566,-0.023388,0.0214566,-0.00020881,0.000799997,-0.00214405,-0.00749629,0.000457587,-0.343098],[-0.0396855,-0.0439444,-0.0462337,-0.0361366,-0.069157,-0.0382739,0.00582429,-0.00277708,-0.00369695,0.0039578,0.000217379,-0.0425956,-0.00794408,0.0281776,0.00128328,0.00649317,0.00411925,-0.168745,0.0138217,-0.260722],[-0.00464773,0.0100906,-0.00588325,-0.000337183,-0.0322999,-0.0126075,-0.0101286,-0.00226743,0.00556495,-0.00268585,-8.13058e-05,-0.00771829,-0.0295699,0.00908237,-0.00408088,0.00209234,-0.00741456,-0.10721,0.00470837,-0.535396],[0.00272005,-0.00869148,0.0113809,0.0135508,0.0201212,-0.011507,-0.0111051,0.00237158,-0.000662625,-0.00494939,1.95573e-05,-0.00584889,0.000774666,-0.00336945,-0.00361458,-0.0050253,-0.00409955,0.0133771,0.00138848,-0.281394],[-0.0327097,-0.0436944,-0.039523,-0.016152,-0.0457724,-0.033345,-0.00354521,0.00289277,-0.00190061,-0.00411534,5.2081e-06,-0.0170949,0.0141593,0.0187516,-0.00858516,-0.00350536,-0.00556718,0.0855563,-0.0038783,-0.12969],[-0.0376202,-0.0061526,-0.0380628,-0.0778335,-0.117093,0.0496143,0.0579568,-0.034946,-0.0622622,-0.0191423,-6.50105e-05,-0.0470908,-0.0398754,0.0405254,0.0168173,-0.0457288,-0.027951,0.520949,-0.0321459,1.33282],[0.365809,0.377247,0.480974,0.229435,0.639239,0.784336,0.140516,-0.00446945,0.0499015,0.0420165,-0.00201669,0.226049,-0.255333,-0.20396,0.0778929,-0.00257342,-0.0403385,-0.852202,-0.0277374,4.57973],[-0.0918446,0.0227255,-0.224766,-0.0569075,-0.120914,0.03153,-0.0950794,0.0148719,-0.0791588,0.0208924,-0.000583627,-0.0173866,-0.0438959,0.0554319,0.0376678,0.0227921,0.0264855,0.783137,-0.0846286,1.61564],[0.326896,0.41358,0.142964,0.223762,0.512445,0.451515,-0.100268,0.0858257,-0.0645766,-0.00292322,-0.000272834,0.305712,-0.0862033,-0.257117,0.032009,0.0489834,0.0415307,0.252934,0.0026781,1.91447],[-10.4612,-1.86267,-13.0763,-2.02253,-26.5913,-13.0404,-8.18813,0.0281588,-3.4321,-2.4045,0.129754,-11.058,-0.0340322,5.23786,-1.62136,-5.04628,-2.83716,-127.283,9.17457,-215.071],[0.0790826,0.0373498,0.14442,0.0736165,0.109293,0.0845623,-0.00290142,0.00421129,0.00323484,0.00349692,-0.000309823,0.0563662,-0.00507308,-0.0128811,-0.00812116,0.0071278,0.00579231,-0.138837,-0.0201488,0.508756],[0.0574993,-0.0230697,0.0939745,0.0392376,0.320637,0.245534,-0.00926276,-0.00467402,0.0110903,0.0150711,-0.000508154,0.048624,-0.0830701,-0.0448481,0.0261052,0.009718,0.0171051,0.441221,-0.00995778,1.03671],[-0.198701,-0.141054,-0.294944,-0.189204,-0.357406,-0.240488,0.00574099,-0.0128564,0.00263015,0.00591743,0.000130013,-0.116157,-0.00343699,0.113621,-0.00343193,-0.0103262,-0.00378911,-0.119066,0.0163216,-0.655185],[-0.457147,-0.530934,-0.276262,-0.429838,-0.845696,-0.583136,-0.172265,-0.0525929,-0.0213159,-0.102761,8.2516e-06,-0.229954,0.127326,0.203603,-0.227932,-0.162955,-0.122601,0.600955,0.0313804,-3.30846],[-0.156907,-0.174816,-0.185318,-0.160031,-0.415529,-0.314561,0.0148254,-0.0320269,0.0495293,0.0575202,-0.00277852,-0.0425649,0.0512439,0.114991,-0.00504311,-0.036881,0.00911275,1.79337,0.0418781,4.35192],[-0.298318,-0.319738,-0.176184,-0.226176,-0.556253,-0.228997,-0.000310676,-0.0159078,-0.00809636,0.0545753,-0.000865678,-0.107419,0.0523453,0.0451686,0.0107859,0.0427105,0.026884,-0.638028,0.0974811,0.761062],[-0.0057133,-0.00262623,-0.0104926,-0.00241828,-0.00762464,-0.0055874,0.00363945,-5.2983e-05,0.00290536,0.00221809,-9.9167e-05,-0.00557579,0.00129927,0.00214408,-0.00211712,0.0029299,0.00234013,0.0401093,-0.00785429,0.00993191],[0.0220727,0.0934607,-0.0502462,0.00915814,0.118159,0.082353,0.0519357,0.0159163,-0.00478698,0.0198357,0.000508648,0.0970983,-0.0317777,-0.0525288,0.015348,0.0670582,0.0320456,1.01614,-0.113294,1.07427],[0.0033038,0.00197924,0.00167054,0.00308907,0.00693929,-0.00102961,0.00168384,0.00109513,0.000718585,0.00118735,4.8656e-05,0.00282547,0.00131926,-0.0020442,-9.1389e-05,0.000985161,0.000821731,0.0205446,-0.00237116,0.01452]],"sigmahat":[[1.68566,1.52249,1.81319,1.36759,2.99125,2.16869,0.0315256,0.0978963,-0.0126062,-0.00800087,-0.000734705,0.938739,-0.186485,-0.843754,0.112138,0.091639,0.0696387,0.801719,-0.115399,6.05157],[1.52249,1.54321,1.57262,1.27613,2.60884,1.93591,0.0190362,0.0969831,-0.0169962,-0.00973074,-0.000768394,0.870337,-0.174807,-0.768315,0.110724,0.0878332,0.0620103,1.00179,-0.120852,5.33949],[1.81319,1.57262,2.30362,1.47634,3.39014,2.5186,0.0287864,0.0918532,-0.00556112,-0.00954576,-0.000969647,1.0567,-0.202502,-0.931918,0.111918,0.103515,0.0732936,0.601236,-0.118005,6.5184],[1.36759,1.27613,1.47634,1.21384,2.47378,1.75907,0.0114973,0.0899548,-0.0173427,-0.0163053,-0.000669543,0.807525,-0.157986,-0.730089,0.0962195,0.0790366,0.0517963,0.628027,-0.106447,4.68011],[2.99125,2.60884,3.39014,2.47378,6.3517,4.35144,0.0986583,0.154619,-0.0108178,-0.0150842,-0.0013277,1.72782,-0.337872,-1.61248,0.194958,0.165751,0.130734,1.29109,-0.16319,10.6479],[2.16869,1.93591,2.5186,1.75907,4.35144,3.74751,0.0265085,0.106235,-0.0019018,-0.0010246,-0.00144184,1.2667,-0.20401,-1.14987,0.134427,0.148863,0.118605,1.12517,-0.119003,7.18286],[0.0315256,0.0190362,0.0287864,0.0114973,0.0986583,0.0265085,0.135988,-0.0015718,0.0148896,0.0261937,-0.000236597,0.0296104,0.0132579,-0.0144615,0.0273612,0.0236416,0.0277912,0.170111,0.00229712,2.16793],[0.0978963,0.0969831,0.0918532,0.0899548,0.154619,0.106235,-0.0015718,0.0251846,-0.00359972,0.00179327,5.34777e-05,0.057597,-0.0166709,-0.0514135,0.00624758,0.0101592,0.0074865,0.023708,-0.0065066,0.193594],[-0.0126062,-0.0169962,-0.00556112,-0.0173427,-0.0108178,-0.0019018,0.0148896,-0.00359972,0.0265244,0.00948776,-0.000311108,0.000893829,0.00743543,0.0100782,-0.000732415,0.00723827,0.00786831,0.177553,-0.00113457,0.391104],[-0.00800087,-0.00973074,-0.00954576,-0.0163053,-0.0150842,-0.0010246,0.0261937,0.00179327,0.00948776,0.0340666,-0.00014031,-0.00666387,-0.00593053,0.00845439,0.0103162,0.023238,0.0331921,0.116687,0.0135679,0.711114],[-0.000734705,-0.000768394,-0.000969647,-0.000669543,-0.0013277,-0.00144184,-0.000236597,5.34777e-05,-0.000311108,-0.00014031,2.63418e-05,-0.000654139,-0.000336693,0.000357539,-0.000156144,-0.000385455,-0.000233791,-0.00460315,0.000207398,-0.00777787],[0.938739,0.870337,1.0567,0.807525,1.72782,1.2667,0.0296104,0.057597,0.000893829,-0.00666387,-0.000654139,0.668377,-0.0654648,-0.529145,0.0658342,0.0647584,0.040867,0.924711,-0.0968073,3.96715],[-0.186485,-0.174807,-0.202502,-0.157986,-0.337872,-0.20401,0.0132579,-0.0166709,0.00743543,-0.00593053,-0.000336693,-0.0654648,0.155968,0.104742,-0.033165,-0.00986922,-0.00852112,0.165834,0.00445617,-0.614789],[-0.843754,-0.768315,-0.931918,-0.730089,-1.61248,-1.14987,-0.0144615,-0.0514135,0.0100782,0.00845439,0.000357539,-0.529145,0.104742,0.527681,-0.0632163,-0.0489386,-0.0322974,-0.285637,0.0593031,-2.86798],[0.112138,0.110724,0.111918,0.0962195,0.194958,0.134427,0.0273612,0.00624758,-0.000732415,0.0103162,-0.000156144,0.0658342,-0.033165,-0.0632163,0.0421504,0.0205593,0.0170346,0.119489,-0.00767523,1.21007],[0.091639,0.0878332,0.103515,0.0790366,0.165751,0.148863,0.0236416,0.0101592,0.00723827,0.023238,-0.000385455,0.0647584,-0.00986922,-0.0489386,0.0205593,0.0567968,0.0425867,0.235125,-0.0127679,1.01425],[0.0696387,0.0620103,0.0732936,0.0517963,0.130734,0.118605,0.0277912,0.0074865,0.00786831,0.0331921,-0.000233791,0.040867,-0.00852112,-0.0322974,0.0170346,0.0425867,0.0527119,0.20496,0.0109349,1.14898],[0.801719,1.00179,0.601236,0.628027,1.29109,1.12517,0.170111,0.023708,0.177553,0.116687,-0.00460315,0.924711,0.165834,-0.285637,0.119489,0.235125,0.20496,18.1232,-0.598723,19.0283],[-0.115399,-0.120852,-0.118005,-0.106447,-0.16319,-0.119003,0.00229712,-0.0065066,-0.00113457,0.0135679,0.000207398,-0.0968073,0.00445617,0.0593031,-0.00767523,-0.0127679,0.0109349,-0.598723,0.0911717,-0.831412],[6.05157,5.33949,6.5184,4.68011,10.6479,7.18286,2.16793,0.193594,0.391104,0.711114,-0.00777787,3.96715,-0.614789,-2.86798,1.21007,1.01425,1.14898,19.0283,-0.831412,110.267]],"n":20,"lags":3}