{"betahat":[[-0.00956741,0.0188756,-0.0372348,0.0174052,-0.0438325,-0.110326,0.0345779,0.0279451,0.00382895,0.343213,0.00295362,-0.0142789,-0.0220232,-0.00599919,-0.00150394,0.362931,0.666015,0.0187452,0.116785,-0.00745918,-0.268897,1.34969,-0.0076858],[0.0969652,0.0720278,0.059343,0.0402958,0.261427,0.198929,0.0368099,-0.0105439,-0.057797,-0.0363699,0.00208366,0.0233801,-0.0130094,0.0272098,-0.00590801,-0.0342294,-0.0230092,0.0286058,0.0147985,-0.000497077,-0.51833,0.0538077,0.0225687],[0.0340872,0.0515032,-0.0206396,0.0477351,0.0973697,0.108617,0.0239575,-0.00692514,0.101018,-0.0410664,-0.00943204,-0.00517953,-0.0389094,-0.00632954,-0.0023447,-0.0460851,0.00629782,0.00995125,0.0866029,-0.00777956,-0.271198,-0.0333432,-0.00973716],[0.0678962,0.0338362,0.223336,-0.0397215,0.206896,0.177741,0.000490456,-0.00573418,-0.0818724,0.049676,0.00591349,0.037872,0.00751976,0.0533428,0.00788695,0.0163698,-0.028562,0.0230353,-0.056778,0.0138952,-0.547465,0.00929454,0.0478367],[-0.011927,-0.0368495,-0.219449,0.061152,0.0379254,-0.121808,-0.124548,-0.0365248,-0.157008,0.0273705,0.00771593,-0.0352707,-0.0206062,-0.0634618,-0.00326247,0.0598674,0.0585659,0.0594754,-0.113168,-0.0318786,-0.961682,0.0469959,-0.0426202],[0.0207009,0.0214048,0.0207926,-0.00171186,0.051899,0.0497594,0.028154,0.00767841,0.026238,-0.0472115,0.00158804,0.00366888,0.00449247,0.00685553,0.00087194,-0.0204967,0.00987207,0.00350886,0.00794698,0.00135031,-0.0164073,-0.0147938,0.00332662],[0.00158409,0.0128555,0.0228544,-0.00853996,0.0240164,0.0592164,0.0148042,0.00539244,-0.0109547,-0.0515791,-0.00177798,-0.00401384,0.0196891,0.00265484,0.00780895,-0.0317444,0.0285599,0.00669374,-0.008168,0.00669497,0.0689232,-0.0921728,0.00011764],[-0.0630748,-0.149491,0.162049,-0.105233,-0.0457925,0.105573,0.0846884,-0.0029231,0.34912,-0.0955964,-0.00377052,0.0616088,-0.00035302,0.0673548,-0.00573351,-0.146753,-0.219023,-0.0304187,0.0851904,-0.0488447,-3.27847,-0.0262072,0.0512559],[-0.0362177,0.0210503,-0.179704,-0.00621324,-0.144316,-0.19223,-0.0688679,0.542992,-0.353652,-0.613745,0.00642366,-0.0229077,-0.0395491,-0.0294182,-0.0333375,-0.400085,-0.379406,0.158043,0.183289,-0.0408462,-0.317652,0.330479,-0.0168456],[0.00569028,0.00700674,0.00570972,0.00222172,0.0137701,0.0134191,-0.00366367,-0.00272039,0.400001,-0.0325414,0.000625284,0.00229081,0.0055516,0.00362267,0.000934304,0.00250653,0.0090624,0.00349131,0.0126473,0.00131004,-0.0348187,-0.0114605,0.00287905],[-0.00229163,-0.0103655,0.000796956,0.0028754,-0.0236002,-0.0373435,0.0027634,-0.00226614,-0.0598626,0.154463,-0.000652765,-0.00055221,-0.00321771,-0.000358893,0.00238623,-0.0042136,-0.0195987,-0.00409882,0.0190729,-0.00148528,0.107233,0.0180711,0.00164142],[-0.00376223,0.0566401,-0.0749631,0.0343302,-0.078764,-0.0697569,-0.0287956,0.0149051,0.0324015,-0.427374,0.0401673,-0.0781689,-0.0224597,-0.0835997,-0.0390407,-0.174187,0.073839,-0.0118335,0.0401608,-0.0416243,0.369618,0.200178,-0.0434039],[0.0084925,-0.0373803,0.0917414,-0.0054163,-0.0167196,-0.0858931,0.00105354,-0.0109993,-0.0732491,-0.000189332,0.00311627,0.0809701,0.000471163,0.0652138,-0.0169466,-0.0567425,-0.0694353,-0.049795,-0.0844742,-0.00210643,0.101607,-0.0712,0.0570282],[0.020366,0.0493168,-0.0347611,0.0211634,-0.00563494,-0.0476428,-0.0224334,0.00529452,0.038732,0.051334,0.0074926,-0.00594614,0.0397061,-0.00311665,-0.00216361,-0.0961369,-0.00462951,-0.00181673,-0.0141392,-0.0121962,0.422303,-0.0817751,-0.00230218],[0.0165163,-0.038126,0.0828288,-0.0092814,0.0316567,-0.0416586,0.00864158,-0.00909995,-0.0326599,-0.0502677,0.00447254,0.0683675,-0.000395181,0.0618667,-0.0115996,-0.0344992,-0.030761,-0.0237307,-0.0460128,0.00238186,-0.134795,-0.0404122,0.0539984],[0.0638039,0.00276372,0.0892269,-0.00225302,0.0447589,0.047101,0.00936131,-0.0324893,-0.0845061,0.296152,-0.00475665,0.0507433,0.0639229,0.0580809,0.0460919,0.0417222,0.0200576,-0.0234599,-0.0405944,0.0155086,0.231306,-0.246679,0.0472137],[0.0372962,0.019455,0.0795714,-0.00568014,0.0889136,0.135613,-0.00975507,-0.0815862,0.462596,0.0580577,-0.0059177,0.00981606,-0.035958,0.0116345,0.00456292,0.68251,0.0189221,0.00544733,-0.104277,-0.0015629,-0.283584,0.541617,0.00867286],[0.0116076,0.00109199,0.0132513,-0.00240232,0.0442033,0.0942474,-0.00231858,0.00457512,-0.0826706,-0.010858,-0.000285773,0.00858129,0.0277932,0.0135376,0.0170748,0.0129784,0.668232,0.000454046,-0.0579608,-0.00981312,0.124051,0.197017,0.0123181],[0.00343624,0.0108491,-0.0726009,0.00700114,0.147719,0.214919,0.0232775,0.0704172,-0.21896,-0.249071,0.015265,-0.0312285,0.110725,-0.00930771,0.0325752,0.00865574,-0.0113064,0.636904,0.0471524,0.00286556,1.03343,0.30886,-0.0111347],[-0.10164,-0.129918,0.0648327,-0.030635,-0.289127,-0.148526,0.0238332,0.00656751,0.491551,0.242873,-0.00741476,-0.00570053,-0.104186,-0.0144417,-0.00312269,-0.162106,-0.0264609,0.00550788,0.631082,-0.0260029,-0.331223,0.540633,-0.0125071],[0.0205594,0.039604,-0.00133055,0.0148124,-0.0151203,0.068239,-0.0455882,-0.00533839,0.172757,-0.0304295,-0.00245965,0.000819886,-0.00304628,-0.00234421,-0.00885629,-0.0155639,-0.160651,0.0039194,-0.0283937,-0.101093,-0.0282865,-0.055416,0.00199662],[-0.00118166,-0.0020115,-0.00951104,0.000743136,0.00190534,0.00153764,0.00631853,-0.000739824,-0.00129845,0.00376318,0.000225253,-0.00108025,0.00430467,-0.000439578,0.00268448,-0.00119699,0.0185508,-0.000130145,-0.00877002,0.00741967,-0.0168939,-0.00204057,-8.23483e-05],[0.00513136,0.0165832,-0.0206545,0.00464971,-0.000385807,-0.0234816,-0.00318762,0.00573499,-0.010436,-0.016384,0.00128434,-0.00584999,-0.000808091,-0.00770221,-0.00908198,0.0393074,0.029327,0.0086017,0.0385636,0.0020778,-0.088344,0.42178,-0.00641504],[-0.0248617,-0.0676071,0.0798909,-0.00322227,-0.117759,-0.126105,-0.0144833,0.00542223,-0.144044,-0.048551,0.00645439,0.0619781,0.017693,0.0508442,-0.0148035,-0.130872,-0.074413,-0.0378125,-0.0739746,-0.0120523,0.238265,0.00754093,0.0481157],[-0.022913,-0.0471273,0.0111938,-0.0231627,0.0297522,0.0500163,0.0113467,0.00320104,-0.0396595,-0.0604715,0.000883795,0.000397533,0.00585353,0.000942821,-0.00467729,-0.0369771,0.0113514,0.0155515,0.00676096,0.00143048,-0.174906,0.0490187,0.00121941],[-0.0217055,-0.0438311,0.00118452,-0.0223783,0.0159188,0.0208475,0.0153791,0.000893301,-0.0193178,0.0211305,-0.00244537,-0.00190104,-0.00221118,-0.00164392,0.003645,-0.00520001,0.00378633,0.00471732,0.00667498,-0.000423286,-0.168464,-0.0124493,-0.00324666],[0.00576674,0.00725213,-0.00137183,0.00755382,0.0113527,-0.00297644,-0.00203973,0.00173596,-0.014571,0.000522037,-1.64751e-05,0.00219593,-0.00526062,0.0045844,-0.00760949,-0.0262811,-0.00446092,0.00813926,-0.00965655,0.000840437,0.0755372,0.0603669,0.00552004],[0.00173429,0.000488818,-0.0136768,-0.0338496,0.130684,0.0701698,0.0414813,-0.018945,-0.0691412,-0.0839905,0.00177347,-0.0181332,0.00235218,-0.021914,0.00162695,0.0674844,0.0785298,0.000206348,-0.0286523,0.0103298,0.401714,0.010292,-0.0175114],[-0.00772522,-0.00805994,0.00162925,-0.00832386,-0.00812353,0.0171165,0.00618391,0.000659789,-0.0011705,-0.0230787,0.000690227,-0.0006994,0.00342912,0.000481225,0.000304198,-0.00949005,0.00488679,0.00518984,0.00324055,0.00295818,-0.0449316,0.0129199,0.000464671],[-0.00816519,-0.0088802,0.00200658,-0.00819902,-0.0113633,0.00420893,0.00366825,0.000953846,-0.0114739,-0.00625058,-0.000574916,-0.00145632,0.00425221,0.000298734,0.000999289,-0.0107997,0.00420568,0.00466326,-0.00101023,-0.00150986,-0.0424268,-0.00668432,-0.000136798],[-0.0196557,-0.0129046,-0.015239,0.0055237,-0.101619,-0.110842,-0.0248069,0.00952168,-0.0473409,-0.018644,0.0033445,0.0121154,0.0074011,0.00828084,-0.00723919,-0.0697744,-0.0593042,-0.0151933,0.0269182,-0.00290722,-0.377058,0.0275902,0.00928014],[0.0455046,0.00668573,0.100706,-0.0127947,0.142357,0.0943846,-0.0214665,0.0985809,0.043383,-0.159799,-0.00473208,0.019073,-0.0124253,0.0144069,-0.00296998,0.082019,-0.0281783,0.0388435,-0.0128954,0.025843,-0.689212,0.0103006,0.0138058],[0.000853544,0.000326845,0.00104945,-0.00046062,0.00281732,0.00140499,0.000466517,-0.00129996,0.0827314,-0.00481942,0.00016232,0.000775985,0.00218103,0.00106543,0.00054029,-0.00263615,0.00268631,0.000183046,0.00262824,4.58138e-06,0.0480992,0.0024963,0.000878105],[-0.00365802,-0.00461128,-0.0040159,-0.00017632,-0.00976103,-0.0102212,-0.0002615,-0.000223125,-0.0122664,0.0197931,0.000388445,-0.00106716,0.000962345,-0.00128743,-0.000939894,-0.00302798,-0.00158342,-0.00152409,0.00314639,-0.000367192,0.0184302,0.0131708,-0.000613625],[-0.00405511,0.0158523,-0.0232624,0.00516773,-0.00868898,0.0340143,0.0145914,0.0107329,0.093314,-0.0683386,-0.000764224,-0.00790513,-0.0212149,-0.0141471,-0.0104055,-0.0227632,0.0282686,0.00364845,0.00466855,0.00675887,-0.0872513,0.0401789,-0.0069616],[-0.00345864,-0.00917331,-0.00868788,0.00768272,-0.0202802,-0.0438571,-0.00540947,0.00604689,-0.0531752,0.0208827,0.00105467,0.0052961,-0.00118549,0.0036649,-0.00417449,-0.0196445,-0.0391063,-0.00476759,-0.00872408,0.00230945,0.0982356,0.0488173,0.00423843],[0.0112199,0.0176731,-0.00731774,0.00292277,0.0333499,0.011577,0.00414522,0.00337217,0.00231287,0.0183272,-2.51121e-05,0.00062682,-5.23493e-05,0.00133586,-0.00248168,-0.0130266,-0.00183131,-0.00681435,0.00342583,0.00124547,-0.00885817,-0.0205592,0.000469208],[-0.00517763,-0.010289,-0.00599288,0.000485877,-0.0187557,-0.0347443,0.00274469,0.00678664,-0.0575617,0.00625179,0.00218024,0.00460555,0.00124171,0.00346479,-0.00486523,-0.0326748,-0.0113056,-0.00300302,-0.00799746,0.00233495,0.137115,0.0288498,0.00339404],[-0.00222361,-0.0122934,0.023104,0.00316024,-0.00601895,-0.01211,-0.00482134,-0.00146727,-0.0372074,0.0479168,0.00236892,0.00528292,0.00590339,0.00456648,-0.00506113,-0.0223618,-0.00385288,-0.00508882,-0.0116574,-0.003912,-0.0282215,-0.0743778,0.00416316],[-0.020003,-0.0256625,0.00459087,-0.0106653,-0.030883,-0.0137192,0.00318105,-0.00730583,0.0718917,0.0752181,0.000571411,0.000919975,0.000314279,0.00277586,0.00215714,0.0891394,-0.0146893,0.00237104,-0.00627016,-0.00163679,-0.0104623,0.170182,0.00199423],[-0.00991415,-0.0158354,1.52204e-05,-0.00436298,-0.0088214,-0.0226329,0.00666791,0.00972278,-0.105386,0.041883,0.00103112,0.00559258,0.00372014,0.00595032,0.0035861,-0.0162735,0.160507,-0.00653383,0.000707684,0.01544,-0.0467198,0.0686543,0.00447535],[-0.0231339,-0.0449293,0.0336488,0.00429202,-0.0787833,-0.0695405,0.0516602,-0.00269048,-0.165882,-0.0308578,-0.0058058,0.0285945,0.00159928,0.0253432,0.00682739,0.0193615,-0.0122325,0.0798762,-0.0371676,0.00954065,0.0354425,0.202851,0.0196521],[0.0159686,0.00441932,0.0241909,0.00246237,0.0365228,0.0367437,-0.00948001,-0.0097956,0.133524,-0.0578076,-0.00124532,-0.00410672,0.000906399,-0.00384043,-0.000857595,0.0319527,0.0538331,0.000746776,0.0461845,0.0013243,0.174193,0.128149,0.00127491],[-0.00585755,-0.00730639,-0.00163329,6.9509e-05,0.006576,-0.00214233,-4.3629e-05,0.00628792,-0.0691054,-0.0249969,0.00180006,0.000285795,0.00713383,0.000964361,-0.00053422,-0.0154107,0.0342845,0.00683206,-0.00621185,0.0217702,-0.149153,-0.011432,0.000953936],[0.00132247,0.00232941,0.000264441,0.00171334,0.00253356,0.00162865,-0.00168907,0.000139821,0.00727651,7.27861e-05,1.58034e-06,9.87151e-05,0.000975733,0.000171956,-0.000343012,-3.70562e-05,-0.000834291,-0.000404695,-0.00247603,-0.000647932,-0.0225548,-0.00169766,0.000231764],[0.00258949,0.00718982,-0.00470408,0.00316164,0.00398933,-0.00756283,-0.00176603,0.00199987,-0.0185106,0.00603237,0.000301366,-0.00238146,-0.000650461,-0.00305691,-0.00234042,0.0051593,0.00483378,0.00246429,0.0126888,-0.00113385,-0.0058292,0.0948887,-0.00258941],[-0.0206686,-0.0196522,-0.0161965,-0.000576535,-0.0384649,-0.0334619,-0.00271435,0.0107801,-0.0639152,-0.0263617,0.00249251,-0.00358158,0.0081653,-0.00498611,-0.00751985,-0.0474839,-0.00331537,0.00153575,-0.0184902,0.00467545,0.171505,0.0692286,-0.0048686],[-0.0101392,-0.0067411,-0.00200336,-0.010692,-0.0209051,-0.0184891,0.00751785,0.00330357,-0.0147937,-0.0260414,0.00100342,-0.00346524,0.00359335,-0.00190251,-0.000846394,-0.022221,-0.00288601,0.00327673,0.0133801,9.39404e-05,0.0235112,0.00865691,-0.00240317],[-0.00237447,-0.00553035,0.0142846,-0.00939613,-0.0105346,-0.0109737,0.0126134,0.00140939,-0.00465605,0.000199207,0.0011065,-0.000114644,0.00182346,0.00157468,0.00337571,-0.00271741,0.00154147,0.00257707,0.0133762,0.00328767,0.0243658,-0.0029877,-0.000275401],[-0.00509305,-0.0053499,-0.0199334,0.00518325,-0.0170158,-0.026108,-0.0021251,0.00368038,-0.00579538,-0.00593123,0.000140764,-0.00333029,0.00164527,-0.00214395,-0.00380392,-0.02638,0.00372888,0.0100157,-0.00159081,0.00268313,0.0067307,0.0325543,-0.00213069],[0.00129922,0.0130114,0.0129912,-0.0196001,0.0280658,0.0595164,0.0264791,-0.0061164,-0.00180717,-0.061022,-0.000411462,-0.00576403,0.0086238,-0.00235336,0.00347771,0.0165228,0.0310066,0.0126269,0.0304353,0.00808481,-0.1905,-0.0283601,-0.00590007],[-0.00499524,-0.00462066,-0.00195021,-0.0017639,-0.0149865,-0.0105958,0.00169062,0.00147334,-0.00218521,-0.00363458,0.000100607,1.34176e-05,0.00153877,0.000448757,0.000618817,-0.00904062,-0.00368833,0.000362002,0.00431399,-0.00061652,0.0348666,0.00523556,0.000150686],[-0.00261746,-0.00439179,0.000563464,-0.000989815,-0.0067059,-0.0122447,0.00257605,0.00243613,0.00194358,0.00415446,0.000326581,0.000446209,0.000617473,0.00164794,0.000422174,-0.00792818,-0.00230009,-0.00142804,0.00437182,-9.36938e-05,0.0109905,0.00564496,0.000603268],[-0.00818392,-0.000517627,-0.0288339,0.00392852,-0.0454909,-0.0555862,-0.0136542,0.00506805,-0.0531187,0.00672245,-0.00113006,0.000609928,-0.00284885,-0.0040209,-0.00385022,-0.031871,-0.0478972,-0.00825559,0.0106364,-0.0171688,0.219849,0.0412184,-0.00206544],[0.0458286,0.0363294,0.0873293,-0.00977513,0.0959788,0.118593,-0.0145409,0.031749,0.145797,-0.083223,-0.00347468,0.0106625,-0.00850568,0.0123585,0.00352455,0.115355,-0.00292286,0.0267219,-0.0347262,0.00133473,-0.533094,-0.026856,0.0117482],[0.000107517,0.000306727,-0.000218127,0.000284446,-8.76021e-05,-0.000903841,0.000795244,-0.000203364,0.036937,-0.000624406,5.64933e-05,0.000439272,0.000761626,0.000571608,0.00030863,-0.00270996,0.00224737,-0.000186217,0.00232081,0.000933303,0.0116955,0.00134048,0.000393742],[-0.000556614,4.79209e-05,-0.00248026,9.25666e-05,-0.000480574,-0.00143279,0.000458372,0.000415275,-0.00218047,-0.000730098,0.000274611,-0.000660278,0.000366555,-0.000744565,-0.00100125,-0.00238228,-0.00170053,-0.000968186,0.000935503,0.000117055,0.0170201,0.00373547,-0.000497828],[-0.0153004,-0.0130632,-0.00214971,-0.000787533,-0.0561335,-0.0248776,0.00569908,0.00699055,-0.0507193,0.0448282,-0.00539742,-0.00278531,-0.0135243,-0.00543462,0.000215304,-0.0513915,-0.0211833,-0.000537629,-0.00090124,-0.006511,-0.0708461,0.0130411,-0.0031113],[-0.00324614,-0.0020086,-0.0117123,0.0028029,-0.0158915,-0.0331854,-0.00347851,0.000586074,0.00431085,0.0374489,-0.000343034,-0.0015775,-0.0018464,-0.00141303,0.000132569,-0.00616375,-0.00142077,-0.00199328,0.00356935,0.00226733,0.034538,0.0323976,-0.00105493],[-0.0047709,-0.00632871,-0.0023575,-0.000912017,-0.0111159,-0.0108784,0.00410766,0.00182509,-0.0166327,0.0137809,-0.00077578,0.00169756,-0.0040411,0.000514252,0.000971631,-0.0102904,-0.00262202,-0.00571943,0.00575632,-0.00236353,0.0191895,0.00929056,0.000639566],[-0.00763861,-0.00711645,-0.00912692,0.00226906,-0.0283724,-0.0308314,-0.000509518,0.00371482,-0.0145761,0.0142573,8.88499e-05,-0.00137606,-0.0030284,-0.00183851,-0.00144451,-0.0252114,-0.0215398,0.00091507,0.00321796,-0.00092774,0.00986537,0.0180788,-0.00063422],[0.00264951,0.000186583,0.00404233,0.00296469,0.0094336,-0.00743869,-0.00391609,5.79405e-05,-0.0153889,0.00474732,0.000481094,0.00235895,-0.000631682,0.00294621,-0.0012326,-0.000761423,-0.00143278,-0.00361943,-0.0111282,-0.00216338,0.00698616,-0.00863338,0.00339469],[-0.014059,-0.012984,-0.00750634,-0.00312086,-0.0426698,-0.0426734,0.00393818,-0.00199623,0.0566788,0.0367104,0.0010926,-0.000383663,0.0014671,-7.68709e-05,-0.000588743,0.0123722,-0.0143445,-0.00298925,0.0106602,-0.00180314,0.101717,0.0958877,1.22706e-06],[-0.00531143,-0.00653028,0.000262377,-0.00144404,-0.0145759,-0.0145631,0.00142614,0.0056042,-0.0465674,0.0448635,-0.000874371,0.00227313,-0.00399325,0.00112844,0.000819526,-0.00737545,0.0375608,-0.00843059,0.00658232,-0.00308426,0.0722346,0.0373327,0.000952397],[0.0100946,-0.0022838,0.0239367,0.000572176,0.00142652,-0.0278461,0.0104674,-0.00161975,-0.134116,0.00297522,-0.00593898,0.0221363,0.00111955,0.0209457,0.00721701,0.0453092,-0.0648326,0.00788623,-0.0456534,0.00351713,-0.121795,0.115072,0.015222],[0.0127062,0.0102558,0.00560222,0.00723639,0.0338161,0.0348774,-0.00663604,-0.00642105,0.0675153,-0.0904445,0.000115518,-0.00324546,0.00936684,-0.000890672,-0.000749225,0.0299523,0.0471041,0.00601771,-0.0162772,0.00420346,0.142633,0.0694243,0.000284187],[-0.000819116,0.00127411,-0.00245233,-0.000326329,-0.00701285,-0.00363536,-0.00318488,-0.000450001,0.000935703,0.00256601,-0.000179398,-0.000831615,0.0029264,-0.00113011,0.00102175,-0.00890823,-0.013921,-0.00087436,-0.00209936,-0.009491,0.103659,-0.00546165,-0.000804708],[0.000425875,0.00070134,-2.68771e-05,-6.21302e-05,0.00115854,0.00162399,-0.000900989,0.0002084,-0.00256152,-0.00260215,4.98018e-05,0.000115334,0.000938577,4.96922e-05,0.000187205,-0.000470814,-0.000517603,3.538e-05,-0.00105277,-0.000132841,-0.00703425,-0.00236184,0.000169391],[-0.000823495,0.000881269,-0.0026027,0.000758678,-0.000924839,-0.00393793,-0.000498061,0.000557429,-0.0127248,0.00500208,-5.45863e-05,-0.000977677,-0.00086852,-0.00145837,-0.000794131,0.00122248,0.0016078,0.00101822,0.00608492,-0.000598486,-0.0036562,0.0365567,-0.00128281],[0.00213773,0.00679899,-0.0203568,0.00286645,-0.000442697,-0.0183268,-0.00410425,0.00514677,-0.0110354,0.0137239,0.000240977,-0.00194126,-0.000960202,-0.00155112,-0.00203361,-0.0177937,-0.0205611,0.00253304,0.00161516,-0.000272677,-0.0310174,0.0102238,-0.00162488]],"sigmahat":[[0.324167,0.311461,0.193755,0.0498446,0.82489,0.652108,-0.015598,-0.0763439,0.328452,-0.131091,-0.00271617,0.0386234,0.0482863,0.0565787,0.0188685,0.423971,0.102606,-0.0150914,-0.334084,0.0267462,-0.246372,-0.326182,0.041203],[0.311461,0.447599,-0.0132181,0.0877178,0.692816,0.582333,-0.0716249,-0.0299427,0.196856,-0.249021,-0.00234375,-0.00623606,0.0501611,0.00363381,0.00289924,0.317454,0.0554646,-0.00800422,-0.324977,0.0103377,-0.107675,-0.47049,-0.000883979],[0.193755,-0.0132181,0.772735,-0.0846335,0.570593,0.654715,0.108393,-0.212855,1.12552,0.151892,-0.00380745,0.121311,0.0139895,0.15827,0.0384961,0.730311,0.274608,-0.00485919,-0.0993165,0.0261162,-0.828522,0.79249,0.124372],[0.0498446,0.0877178,-0.0846335,0.083074,0.0436391,-0.030156,-0.0478126,0.00608014,0.0744881,0.0497697,0.000227783,-0.0176437,-0.0169967,-0.0249252,-0.0134526,0.0887001,0.104307,0.0113645,0.0359281,-0.0111901,0.270881,0.414445,-0.017921],[0.82489,0.692816,0.570593,0.0436391,3.00959,2.26702,0.0539584,-0.214208,0.693593,-0.850508,-0.00188681,0.112252,0.184094,0.171722,0.0445286,1.09709,0.310843,0.0215375,-1.13388,0.127217,-1.57383,-1.79685,0.103015],[0.652108,0.582333,0.654715,-0.030156,2.26702,2.50235,0.0770967,-0.243143,1.18914,-0.823477,-0.0143219,0.0907235,0.193485,0.160882,0.081708,1.17536,0.412923,0.113213,-0.854574,0.0757365,-1.86935,-1.17775,0.100735],[-0.015598,-0.0716249,0.108393,-0.0478126,0.0539584,0.0770967,0.16607,-0.0566452,0.0686323,0.0601726,0.000223528,0.030483,0.019575,0.0440351,0.0249023,0.220657,0.465609,0.0354114,-0.0380776,0.0604401,0.360905,0.748413,0.0298012],[-0.0763439,-0.0299427,-0.212855,0.00608014,-0.214208,-0.243143,-0.0566452,1.00976,-2.37556,-2.19941,-0.000915129,-0.0620807,-0.0386093,-0.0815643,-0.0280143,-3.98921,-4.95287,0.474066,0.375859,-0.0188768,-0.393515,-9.97792,-0.0632505],[0.328452,0.196856,1.12552,0.0744881,0.693593,1.18914,0.0686323,-2.37556,33.3933,6.6643,-0.00787233,0.0654886,-0.05832,0.203604,0.0532612,21.0537,27.9083,1.33285,4.40145,0.00988114,-2.55272,69.7532,0.141927],[-0.131091,-0.249021,0.151892,0.0497697,-0.850508,-0.823477,0.0601726,-2.19941,6.6643,13.2325,-0.00700808,0.0628346,-0.0138375,0.0813065,0.125742,22.5325,39.165,0.600055,3.28783,-0.0114627,0.544906,84.9093,0.0925785],[-0.00271617,-0.00234375,-0.00380745,0.000227783,-0.00188681,-0.0143219,0.000223528,-0.000915129,-0.00787233,-0.00700808,0.00609784,-0.00181435,0.00834309,-0.00117725,-0.00291846,0.00301747,0.0500758,0.00380545,-0.00802424,0.0017094,0.0774677,0.0844619,-0.000238713],[0.0386234,-0.00623606,0.121311,-0.0176437,0.112252,0.0907235,0.030483,-0.0620807,0.0654886,0.0628346,-0.00181435,0.0677654,0.021355,0.0724574,0.0125013,0.153218,0.185311,-0.0528394,-0.141268,0.0080941,-0.275749,0.0870757,0.0560829],[0.0482863,0.0501611,0.0139895,-0.0169967,0.184094,0.193485,0.019575,-0.0386093,-0.05832,-0.0138375,0.00834309,0.021355,0.109151,0.034478,0.025054,0.0334571,0.191097,0.0145042,-0.227271,0.0176535,0.095549,-0.224279,0.023565],[0.0565787,0.00363381,0.15827,-0.0249252,0.171722,0.160882,0.0440351,-0.0815643,0.203604,0.0813065,-0.00117725,0.0724574,0.034478,0.0869669,0.0205862,0.253464,0.280861,-0.0433821,-0.178576,0.0150676,-0.338932,0.190728,0.0660342],[0.0188685,0.00289924,0.0384961,-0.0134526,0.0445286,0.081708,0.0249023,-0.0280143,0.0532612,0.125742,-0.00291846,0.0125013,0.025054,0.0205862,0.037404,0.13195,0.221014,-0.00190183,-0.0506127,0.0114967,0.0107952,0.0715636,0.0148456],[0.423971,0.317454,0.730311,0.0887001,1.09709,1.17536,0.220657,-3.98921,21.0537,22.5325,0.00301747,0.153218,0.0334571,0.253464,0.13195,57.7279,94.6564,4.80923,9.04535,0.0599784,-3.87447,216.43,0.205538],[0.102606,0.0554646,0.274608,0.104307,0.310843,0.412923,0.465609,-4.95287,27.9083,39.165,0.0500758,0.185311,0.191097,0.280861,0.221014,94.6564,176.435,8.57687,18.9342,0.0963119,-6.39878,385.896,0.247211],[-0.0150914,-0.00800422,-0.00485919,0.0113645,0.0215375,0.113213,0.0354114,0.474066,1.33285,0.600055,0.00380545,-0.0528394,0.0145042,-0.0433821,-0.00190183,4.80923,8.57687,1.93516,2.09371,0.000845456,-0.87165,23.8533,-0.0343427],[-0.334084,-0.324977,-0.0993165,0.0359281,-1.13388,-0.854574,-0.0380776,0.375859,4.40145,3.28783,-0.00802424,-0.141268,-0.227271,-0.178576,-0.0506127,9.04535,18.9342,2.09371,5.0707,-0.0646016,-0.60935,47.9028,-0.126634],[0.0267462,0.0103377,0.0261162,-0.0111901,0.127217,0.0757365,0.0604401,-0.0188768,0.00988114,-0.0114627,0.0017094,0.0080941,0.0176535,0.0150676,0.0114967,0.0599784,0.0963119,0.000845456,-0.0646016,0.0832053,-0.0479813,-0.0739358,0.00964612],[-0.246372,-0.107675,-0.828522,0.270881,-1.57383,-1.86935,0.360905,-0.393515,-2.55272,0.544906,0.0774677,-0.275749,0.095549,-0.338932,0.0107952,-3.87447,-6.39878,-0.87165,-0.60935,-0.0479813,35.0878,-13.0009,-0.258891],[-0.326182,-0.47049,0.79249,0.414445,-1.79685,-1.17775,0.748413,-9.97792,69.7532,84.9093,0.0844619,0.0870757,-0.224279,0.190728,0.0715636,216.43,385.896,23.8533,47.9028,-0.0739358,-13.0009,890.401,0.271592],[0.041203,-0.000883979,0.124372,-0.017921,0.103015,0.100735,0.0298012,-0.0632505,0.141927,0.0925785,-0.000238713,0.0560829,0.023565,0.0660342,0.0148456,0.205538,0.247211,-0.0343427,-0.126634,0.00964612,-0.258891,0.271592,0.0534988]],"n":23,"lags":3}