{"betahat":[[0.127622,-0.159738,1.14707,0.48883,-0.150651,0.723606,1.01571,-0.171741,0.0200696,0.491748,0.0102488,0.109735,0.173519,-0.0122917,0.808365,1.65862,0.556816,0.761869,0.439339,0.505092,15.2156,0.137154,38.9102],[0.951228,-0.0455743,-0.0704217,0.0289931,0.0928438,0.0613353,0.0216258,0.00389111,0.00659706,-0.0448481,-0.0369878,0.00145213,-0.00861165,-0.000674183,0.374938,-0.0388484,-0.339532,0.0355013,0.0495561,0.0177537,0.737863,-0.0583391,1.39958],[-0.0192464,0.865851,-0.042518,0.0348152,0.262059,0.390365,-0.00472868,-0.0786158,0.00858857,0.0242413,-0.0391903,0.0103718,-0.0256504,-0.000282334,0.24396,0.114552,-0.250724,-0.0307281,-0.00388665,0.027595,0.870587,-0.0441993,1.79048],[0.0289206,0.097382,0.98778,0.0109925,0.0299776,-0.00231789,0.00603554,0.00401893,0.00284611,0.0502213,-0.00568857,0.0155157,0.0065021,-0.000539661,0.136511,-0.0788506,-0.109851,-0.00160007,0.00497422,-0.00284503,0.140216,-0.0170563,0.648332],[0.142042,0.18603,-0.0248861,1.03301,0.0589018,-0.262169,0.021642,0.00326934,-0.0444736,-0.235671,0.0347505,-0.0976747,0.0164976,0.00106868,0.336845,-0.206794,-0.302238,0.133179,-0.0334798,-7.87118e-05,-0.359141,-0.069537,3.50728],[-0.00148344,0.0223793,-0.0148704,-0.0354207,0.810527,0.0609396,0.0242229,0.00415919,0.000305294,0.0261779,0.0248436,0.00688942,0.016738,-0.000251715,0.034784,-0.0211934,-0.0505552,0.0337526,0.0419124,0.0132752,-0.375611,-0.000628011,1.09019],[0.0156465,0.0396574,0.0777541,-0.0104183,0.049184,0.871848,0.024889,-0.00687893,0.0101768,-0.0220303,0.0168212,0.0217005,0.0195458,4.91812e-05,0.0495781,-0.0139784,-0.0392114,0.00712022,0.0289191,0.033253,-0.496557,0.0351465,0.190933],[0.0455611,-0.00998299,0.0910063,0.020261,0.245152,0.319851,0.8097,0.0274532,0.0696945,0.993801,0.0191866,0.0695147,-0.0259729,-0.000180536,0.156948,0.0449204,-0.0284624,-0.00280129,-0.0175242,-0.0538088,-0.42477,-0.0590885,-1.22951],[-0.144466,0.027621,-0.585206,-0.0152905,-0.13212,-0.601851,-0.213334,0.901763,-0.0110098,-0.422143,-0.0396605,-0.038492,-0.0147681,0.00307651,0.145223,0.0437713,-0.132616,-0.00590544,0.195936,0.221497,3.23269,-0.0432259,-4.67253],[0.032148,-0.00226734,0.0310571,0.0374034,-0.196458,0.00424043,-0.0845822,0.0416341,1.06122,-1.06088,0.00907924,0.0512161,-0.00127113,-0.00189253,0.102161,0.0369382,-0.113197,-0.0509891,-0.0133612,0.0340744,1.06161,0.0772529,-3.15879],[0.0313812,-0.00352713,0.109624,0.0119466,0.054854,0.118536,-0.11016,0.00749584,-0.0070854,1.20081,0.0210979,0.00129294,0.0159575,0.00048954,-0.0525805,-0.0341755,0.0488129,0.00307161,-0.0213835,-0.00705206,-0.206467,0.0309537,-0.753121],[0.0834851,-0.166574,0.329124,-0.0614011,0.282647,-0.231637,0.189708,-0.141914,0.0783063,-0.350151,1.07368,0.127478,0.148901,0.00182141,-0.534198,-0.0998546,0.40297,-0.0260405,-0.0177969,0.0373641,1.59644,-0.0628696,1.79408],[-0.0755732,-0.197542,-0.0833333,-0.00346921,-0.246777,-0.704983,0.054491,-0.124173,0.232037,-0.332299,-0.0604471,1.14534,-0.0476514,-0.00180892,-0.0359856,0.0919662,0.00768752,0.0122318,-0.178731,-0.155521,-1.91436,0.00174229,-3.84057],[-0.130795,-0.20369,-0.186603,-0.211298,-0.129333,0.16775,0.216356,-0.0834535,0.112369,-0.100806,0.108773,0.111553,1.09323,0.000350514,-0.0862457,-0.127957,-0.0636886,0.0622473,-0.0409258,0.0372736,2.34234,0.113709,3.02179],[-3.23515,-10.8626,-4.84834,-9.44809,10.4928,-14.8561,1.33514,-1.0606,-2.0998,-18.9165,-2.11374,-1.72496,-1.1574,1.23055,14.3517,-0.672429,-6.83132,-3.67193,-2.00309,-1.52084,155.1,-10.844,187.533],[-0.00838799,-0.0322677,0.0669357,0.0281661,-0.00802629,-0.0889317,-0.0150274,0.016209,0.00341352,-0.0774682,-0.000120263,0.00139477,-0.00357014,0.000703129,0.893925,0.0749834,-0.0425677,0.00583417,-0.015687,-0.00154587,0.655472,0.00635532,-0.311269],[-0.0832579,0.0238887,-0.034328,-0.0719637,-0.385443,-0.211941,0.0023549,0.00864577,0.00236049,-0.11165,-0.00134607,-0.016305,0.00483093,0.000785819,-0.099951,1.08596,0.129884,0.00661046,-0.0140332,0.0143102,-0.997102,0.037176,0.384785],[0.0638068,0.142586,-0.134533,0.0151176,0.315148,0.158155,0.000810034,-0.00200435,0.00121108,0.199267,-0.0438062,-0.00957522,-0.0474056,0.000751704,0.470792,-0.249136,0.596687,0.0577586,-0.00774781,-0.031891,1.18717,-0.0930914,3.07281],[0.198249,0.42098,-0.220584,0.162418,0.525643,0.642997,0.396148,0.0620257,-0.0268148,-0.0526593,0.161031,0.0192495,0.163722,0.000302648,-0.172521,-0.291894,0.168723,1.36571,0.265876,0.128105,-2.78749,0.107038,-0.9572],[-0.0169077,0.0431486,-0.179977,-0.0598198,-0.395799,-0.101615,-0.123894,0.0953758,0.00181736,0.333022,-0.0374838,-0.0465589,-0.0811564,0.00362974,0.237523,0.141172,-0.320279,0.019867,1.07399,-0.0166069,-2.92619,-0.418955,-2.40259],[0.281851,0.172059,0.373083,0.21062,0.0401404,0.265488,-0.0998328,0.0551733,0.0992041,0.173438,-0.0194821,0.141597,-0.00673809,-0.00031992,0.189232,0.0741417,0.00464499,-0.0503347,-0.0365856,0.976506,1.30531,-0.230846,-1.25028],[0.0124633,-0.00128341,0.011695,0.0019381,0.0576152,0.0405336,-0.00640592,-0.000532068,0.00347813,0.00581001,0.00203405,0.00140754,0.00172525,0.000101414,-0.00849933,-0.0166087,0.00641047,0.00332073,-2.56552e-05,0.00400834,0.981029,0.0111433,-0.168663],[-0.238438,-0.17402,-0.340079,-0.0407789,-0.608654,-0.405858,-0.166513,0.0359471,-0.15197,-0.135408,0.0195404,-0.180822,-0.0216738,-0.00122909,-0.154793,0.00108792,-0.0330373,-0.0262225,-0.0288778,-0.0575832,-2.80659,1.04695,-5.35028],[-0.00163204,-0.000724725,0.00287262,-0.00431813,-0.00563668,0.00507969,0.00298321,-0.00338421,1.06398e-06,0.00229671,-0.00221552,0.000654261,-0.00169614,-5.84338e-05,0.0021164,-0.00380109,-0.00421344,0.000377499,-0.000701766,0.00151331,-0.028871,0.00503353,1.07881],[0.0226339,0.0136703,-0.000327034,-0.025805,-0.010322,-0.00156876,-0.0601925,-0.00698518,-0.0124342,0.038454,0.0158088,-0.0113508,-0.0164933,0.000599957,-0.351832,0.0297894,0.322214,-0.0387325,-0.0362991,-0.0451564,-0.737777,0.0336046,-2.04771],[-0.0989021,-0.0482357,-0.145298,-0.0887572,-0.131612,-0.261515,0.0188377,0.0519423,-0.00116621,-0.0194307,0.0395186,-0.00230817,0.0168541,0.000682294,-0.380995,-0.0869581,0.307008,0.0158666,-0.00164464,-0.0281405,-1.35019,0.0816556,-1.79008],[0.0203158,0.0300018,-0.0493123,0.0371369,-0.00710165,-0.0565484,-0.0316965,-0.00656014,-0.00527564,0.0703653,-0.0176697,-0.0146388,-0.0341553,0.000172653,-0.145332,0.0613118,0.11907,-0.00975154,-0.0308284,-0.0385787,0.122502,-0.0206214,-0.974903],[0.00053198,0.0719151,-0.115125,0.0320751,0.183678,0.152359,0.0408533,-0.00714423,0.0122681,0.130299,-0.0270636,0.0431056,-0.00594425,-0.000721764,-0.464143,0.114244,0.342259,-0.0750596,0.00914087,-0.0165432,0.355103,0.0523297,-1.65871],[0.0120612,-0.0130532,0.056288,0.0102259,0.217333,0.0677168,0.00298893,-0.00939395,-0.00424876,-0.0482248,-0.0147653,-0.00692865,-0.00719011,0.000263315,-0.0176548,0.0102536,0.0577074,-0.030342,-0.0251175,-0.00697446,0.21355,-0.00256846,-0.474561],[-0.00626474,-0.0125857,-0.0414132,-0.00851856,-0.0399951,0.109007,-0.0169166,-0.00267525,-0.0117957,0.0282717,-0.00909764,-0.0212835,-0.0155447,2.47838e-05,-0.0358703,-0.030687,0.0143699,0.00782462,-0.0253564,-0.023539,0.316992,-0.0254109,-0.368664],[-0.149868,-0.0847113,-0.312614,-0.0628325,-0.3024,-0.618393,0.088544,0.00417455,-0.0188222,-1.14257,0.0125597,-0.0204067,0.0419169,0.000117189,-0.175023,-0.0361441,0.00605474,-0.0151761,0.049768,0.0680236,-0.362188,0.110281,-1.60621],[0.202171,0.110947,0.497568,0.153473,0.280488,0.203605,-0.0600627,0.081934,0.00185748,0.518905,-0.0245883,-0.0295171,-0.0240308,-0.00119967,-0.350823,-0.0512871,0.314572,-0.080323,-0.162508,-0.1881,-3.35662,0.12018,-3.56719],[0.0681553,0.0574904,-0.0917431,0.0674791,0.682235,0.342213,-0.0158099,0.0289055,-0.166387,0.279004,-0.0220743,-0.126762,0.0134229,0.00544371,0.0341409,-0.110308,-0.0277482,0.0249936,0.0508652,0.0702546,0.161038,0.044131,3.26635],[-0.042638,-0.0300407,-0.0855614,-0.0333093,-0.00847374,-0.0717084,0.050429,-0.0058289,0.000774984,-0.155654,-0.0129876,-0.00815112,-0.00632377,-0.00065313,0.021383,-0.00111546,-0.0504305,0.00784843,0.0098475,0.00204201,-0.000858486,-0.0142484,-0.125595],[0.0102773,0.148685,-0.173156,0.191978,0.00535168,0.178293,-0.0854456,0.154838,-0.0141079,-0.299385,-0.0508529,-0.0898515,-0.0887396,0.000256325,0.219412,0.0164156,-0.0868825,-0.0412128,0.00922808,-0.0312784,-1.9564,0.0215641,-2.34555],[0.0460732,0.118416,-0.00206886,0.0453077,-0.0368341,0.256941,0.127854,0.10746,-0.172885,0.0257435,0.0644807,-0.117297,0.0455758,0.000451429,0.0285282,0.0564835,-0.0677546,-0.00717487,0.130902,0.136108,-0.628209,0.204878,3.43262],[0.0765526,0.112942,0.287367,0.208627,0.219115,0.0195442,-0.115945,0.04831,-0.0537541,0.220011,-0.0922228,-0.0738315,-0.136916,-0.00121773,0.0105562,0.141617,0.095432,-0.04003,0.040694,-0.0710696,-2.67098,-0.137735,-2.78982],[13.7321,11.6426,16.0169,9.0031,22.8535,30.5812,7.43184,-0.202883,5.01527,11.6775,3.99426,5.97302,4.2749,-0.410498,-1.73492,-0.153155,1.01428,6.46345,7.4266,4.57333,-9.15597,0.308027,55.4106],[-0.00330861,-0.0117934,0.0379551,0.00996242,-0.114874,-0.0123655,0.0438008,-0.0103002,-0.000827021,0.018081,0.00566253,-0.000406217,0.00822591,-0.000330363,0.055644,-0.0216098,0.0483489,0.00779559,0.00678321,0.00531048,-0.436565,0.0190227,0.439542],[0.0257682,0.040977,-0.119219,-0.00761185,0.096346,0.0761775,0.00556604,-0.00598845,-0.000675307,0.0943436,-0.00860694,0.00903162,-0.0136725,-0.000180224,0.071041,-0.0150756,-0.110524,-0.0271678,0.0291811,-0.0273899,0.156859,-0.0253807,-1.84252],[-0.0403147,-0.0708399,0.0800755,-0.0180787,-0.244206,-0.11592,-0.00159856,0.00715153,-0.00900906,0.000776442,0.0200094,-0.00967171,0.0165604,-7.62959e-05,-0.214873,0.110079,0.13042,-0.0367995,-0.00910967,0.0132162,-0.471916,0.012117,-1.45666],[-0.0386011,-0.190456,0.254544,-0.00260536,-0.273271,-0.434565,-0.166532,-0.0141858,0.0363691,-0.0685154,-0.0647379,0.0188573,-0.0518874,-0.00028185,0.257207,0.227892,-0.178218,-0.151719,-0.084016,0.00884336,2.43452,-0.118925,3.97254],[0.112776,0.0573387,0.458961,0.0568331,0.603296,0.257222,0.0904073,-0.10304,-0.023564,-0.00866674,0.000174119,-0.0109654,0.0160364,-0.00137071,-0.167163,-0.0641039,0.191046,-0.0402345,-0.065772,-0.0148937,1.78932,0.197819,-1.77704],[0.031394,0.0949925,-0.0286585,-0.10152,0.720805,0.266605,0.0159875,-0.0646039,-0.0796206,0.187934,-0.0246274,-0.0814717,-0.0761359,0.000738805,-0.188008,-0.092979,0.0962922,0.000868335,-0.0301159,-0.0823364,-0.705692,0.118073,-1.53606],[-0.0100735,-0.00147262,-0.00675489,-0.00281508,-0.050119,-0.0444369,0.00399921,-0.000681785,-0.00613052,0.0123863,-0.00390512,-0.00533513,-0.00494442,3.36459e-05,0.00927143,0.0168019,-0.00298542,-0.0013163,-0.0054652,-0.00809817,-0.0193505,-0.00267103,0.149721],[0.263756,0.176352,0.278418,0.0980322,0.451894,0.29461,0.115524,-0.025799,0.120872,-0.108052,-0.0172202,0.172096,-0.00451268,0.000351561,0.124123,0.0673215,-0.0185252,-0.00466497,-0.0115884,0.0343274,0.703372,0.0415313,3.94386],[-0.000116067,-0.00013726,-0.00348779,0.00302909,0.000888612,-0.00197241,-0.0030712,0.00224193,-0.00102378,-0.0078525,0.000643312,-0.00183927,5.61581e-05,3.80137e-06,-0.00534166,0.00221472,0.00570894,-0.000650584,-0.000578249,-0.0023645,-0.00206971,-0.0018222,-0.118645],[0.0261138,0.0318801,0.0707208,-0.0032031,-0.0826213,-0.0598455,0.0385476,0.00309374,0.00583778,0.00636658,0.0211814,0.00990213,0.02511,7.44321e-05,-0.0231195,0.00906709,0.0173099,0.00322713,-0.0132654,0.0274043,5.76975e-06,0.0247483,0.647705],[0.118107,0.18233,0.187753,0.0539186,-0.130434,-0.128961,-0.0140935,0.0266687,-0.00742025,-0.00486422,-0.000334746,-0.00806749,0.00878514,-0.00039942,0.136998,-0.0276081,-0.0562818,0.0148576,0.00551062,0.000524141,0.479358,-0.0374522,-0.00109968],[-0.0492776,-0.12741,0.0614247,-0.0481439,-0.0230719,0.0586608,0.0256669,0.00253446,0.00242379,-0.120628,0.0233592,-0.000875498,0.0276521,0.000367262,0.00878538,0.0175162,-0.0092086,0.0113588,0.0258352,0.0414066,-0.262514,0.0376784,0.326732],[-0.14259,-0.257999,0.139986,-0.0651172,-0.242633,0.109762,-0.0625087,0.00387442,0.0322021,0.105326,-0.00768475,0.0545669,-0.0105535,-0.000346243,0.127257,0.0925276,-0.0400142,-0.0581279,0.024316,0.0166119,0.00391161,0.0172108,-1.84866],[-0.0106329,-0.00937274,-0.0414806,0.0251797,-0.0279288,-0.128822,-0.0272199,0.00524399,0.00393715,0.0219924,-0.0100868,2.85384e-05,-0.00956395,-1.11554e-05,-0.0171484,0.0109191,-0.00713886,-0.00341386,-0.0168199,-0.00633202,0.161658,0.00320835,-0.616585],[-0.00943444,-0.0271506,-0.0363832,0.0189061,-0.00922248,0.0189506,-0.00799281,0.00955667,0.00160407,-0.00637463,-0.00772668,-0.000439723,-0.00401402,-7.32163e-05,-0.013716,0.0446486,0.0248203,-0.014975,-0.00359696,-0.00973713,0.178926,-0.00970373,0.176356],[0.104094,0.0944455,0.221318,0.0424201,0.0567881,0.297982,0.101634,-0.0315614,-0.0508778,0.148363,-0.0317475,-0.0491408,-0.0159506,6.52772e-05,0.0180152,-0.0089106,0.0223354,0.017947,-0.0322805,-0.0142593,0.786068,-0.0511677,2.82933],[-0.0096473,-0.0782194,0.14865,-0.125143,-0.016374,0.571231,0.203429,0.00334441,0.00538362,-0.0231936,0.0528384,0.0644248,0.0300994,-0.00188791,0.205903,-0.025039,-0.19577,0.0469029,-0.0315974,-0.0360003,0.15666,-0.0842107,7.42411],[-0.0565722,0.00612384,-0.124625,-0.036566,-0.230859,-0.0701998,-0.106449,-0.0156289,-0.0176587,0.314918,0.00672564,-0.0349323,0.00678341,-0.000152612,-0.120206,-0.0902324,0.106225,0.0180326,-0.0933486,-0.0925929,-0.679258,0.00523593,-3.26809],[0.011162,0.0335485,-0.0243832,0.0212617,-0.0466438,-0.0470195,0.0599387,-0.00169049,0.00636833,-0.0457852,-0.00801894,0.00692328,-0.00955824,0.000161582,0.0309636,0.0353987,0.00179625,-0.0108968,0.0114823,0.00503241,0.206592,-0.0166248,0.880954],[-0.1391,-0.0503142,-0.245135,-0.191158,-0.303087,-0.00421034,-0.110077,0.00931429,-0.0580962,0.472757,-0.0467807,-0.0336292,-0.0714682,-0.0014816,0.214402,0.00636024,-0.247105,0.0224838,-0.0128766,-0.0222193,0.275719,0.0319966,0.231496],[0.0378478,0.0986112,0.102888,0.0523958,0.068155,0.176242,-0.0552785,0.0234642,-0.0237323,0.331584,0.0175483,-0.0234327,0.00883364,-0.00234084,0.0269936,-0.00923238,0.0280634,0.0194189,0.0597828,0.0270593,1.24766,-0.163724,2.3558],[0.03165,0.0643061,-0.117129,-0.0403631,0.00344248,-0.0669026,-0.0886558,0.0453605,-0.0450735,-0.132206,-0.0248261,-0.0180567,0.0319535,0.000360171,0.0811699,-0.0857968,-0.0111635,-0.00886373,0.0140113,0.0289657,0.494496,0.0068921,0.544961],[-10.497,-0.780088,-11.1688,0.444862,-33.3464,-15.7251,-8.76689,1.26346,-2.91546,7.23886,-1.88047,-4.24804,-3.11745,0.179952,-12.6169,0.825618,5.81705,-2.7915,-5.42348,-3.05245,-145.944,10.5361,-242.941],[0.0116207,0.0439464,-0.104942,-0.0381705,0.122829,0.101128,-0.0288186,-0.0059154,-0.00258624,0.059351,-0.00553818,-0.000988884,-0.00465495,-0.000372107,0.0504136,-0.0534275,-0.00577914,-0.0136289,0.00887734,-0.00378087,-0.219014,-0.0253743,-0.129115],[0.0574279,-0.0649209,0.153484,0.0795521,0.289036,0.135615,-0.00791156,-0.00266061,-0.00170185,0.0173403,0.00995918,0.00725514,0.00884885,-0.000605306,0.0288361,-0.0709119,-0.0193163,0.0205883,-0.0151458,0.0130767,0.840064,-0.0117791,1.45722],[0.0622511,0.00618045,0.20482,0.0812439,-0.0254507,0.0386882,0.0338457,0.00137745,0.00996493,-0.0294011,0.0206849,0.0194733,0.0188039,-0.00022683,-0.11482,0.0565904,0.150662,-0.00157525,-0.0071104,0.00755941,-0.185385,0.027195,0.100717],[-0.159852,-0.23081,-0.034133,-0.159837,-0.252726,-0.208985,-0.229762,-0.0477742,-0.00956004,0.120734,-0.0963283,-0.0381553,-0.111871,-1.84172e-05,-0.0845844,0.0638422,0.00934018,-0.213999,-0.181911,-0.136991,0.351983,0.0118564,-3.02016],[0.00176519,-0.0585544,0.0660179,0.00166086,-0.299396,-0.258962,0.0805073,-0.0206242,0.051732,0.0462942,0.0686912,0.0898165,0.0875437,-0.00314164,0.0130249,0.0909342,0.103908,0.00440636,-0.0167111,0.0516086,2.12213,0.0462069,6.5624],[-0.274826,-0.238568,-0.326135,-0.149683,-0.499865,-0.341747,0.0559033,-0.0125908,-0.0286047,-0.159336,0.0226194,-0.0481289,0.0492032,-0.000485344,-0.0262397,0.0542717,-0.0370799,0.0273516,0.0454871,0.0371411,-0.518415,0.0958038,1.00222],[-0.00242016,0.00260275,-0.00486398,0.0009685,-0.00750116,0.00344403,0.00226566,0.00127454,0.00261782,-0.0187729,0.00176566,0.00382875,0.00310965,-0.000130584,-0.000465699,-0.000528324,-0.003723,-0.00184205,0.0053968,0.00394341,0.0368156,-0.00852439,0.0121705],[-0.00450298,0.0305911,0.0465418,-0.0133422,0.122781,0.107257,0.0429028,0.0158467,0.0180713,0.166423,0.0161317,-0.0133469,0.0336379,0.000945064,-0.0277083,-0.0177891,0.0945913,0.000210296,0.0623981,0.027409,1.35726,-0.129872,0.433381],[0.000441607,0.000261914,-0.00293234,4.00752e-05,0.00327525,-0.00474457,-0.000371332,0.00110449,0.0011391,0.0034388,0.00144127,0.0012261,0.00153567,5.34935e-05,0.00133967,0.00126495,-0.000947681,-0.000281148,0.00075918,0.000560697,0.0165344,-0.00222775,-0.0191661]],"sigmahat":[[0.352771,0.312063,0.409595,0.206126,0.487437,0.422699,0.0148457,0.00879928,0.00397521,0.0414957,0.00200305,0.00769776,0.00617011,-0.000312026,0.0612605,0.00118474,0.0199977,0.000725175,0.0118264,0.0199522,0.511728,-0.0222362,1.5808],[0.312063,0.395311,0.274252,0.195175,0.338758,0.379701,-0.0090686,0.0126405,-0.00318545,0.0904506,-0.00640784,0.000853163,0.00269186,-0.00037577,0.0301098,-0.00191647,0.0478653,0.00291026,0.0131859,0.0152309,0.686951,-0.0306272,0.703417],[0.409595,0.274252,0.824872,0.264424,0.579988,0.542123,0.0292514,-0.00283485,0.00813677,0.0878315,-0.00151938,0.0107612,0.00196817,-0.000563011,0.221904,0.0179069,-0.0851178,0.00300201,0.020218,0.0248862,0.601778,-0.0447053,2.88477],[0.206126,0.195175,0.264424,0.186181,0.200898,0.167299,-0.00202253,0.0161293,0.00213752,0.0327098,-0.00892182,-0.000716907,-0.00413243,-0.000367385,0.0711976,0.0124374,-0.00658362,0.00386332,0.0130275,0.0121955,0.367515,-0.0306047,0.984832],[0.487437,0.338758,0.579988,0.200898,1.73993,1.15061,0.0720039,-0.0229466,0.0244927,-0.0348152,0.0142748,0.0384314,0.0118027,-0.000645907,0.0277043,-0.02791,0.0624277,-0.0162233,0.0167291,0.0212245,0.57566,0.0355551,1.38342],[0.422699,0.379701,0.542123,0.167299,1.15061,1.5486,-0.00647258,-0.019829,0.0105507,0.122058,0.00513865,0.0287528,0.0154645,-0.00103513,0.0733123,0.0176158,0.0273198,-0.0192552,0.043661,0.042302,0.789234,0.00989905,0.340351],[0.0148457,-0.0090686,0.0292514,-0.00202253,0.0720039,-0.00647258,0.152245,-0.00147237,0.00932927,-0.0812557,0.0325969,0.0156859,0.0328746,-0.000226555,0.0138526,0.0196917,0.00296971,0.0316258,0.019115,0.0301238,0.181911,0.00893618,2.45229],[0.00879928,0.0126405,-0.00283485,0.0161293,-0.0229466,-0.019829,-0.00147237,0.0220515,-0.00142152,-0.0160247,0.00105149,-0.00272539,0.00287645,7.8965e-05,0.012962,-0.00616362,-0.00915331,0.000192874,0.00662646,0.00596826,0.0235039,-0.00321542,-0.0257419],[0.00397521,-0.00318545,0.00813677,0.00213752,0.0244927,0.0105507,0.00932927,-0.00142152,0.016595,-0.00346841,0.00469142,0.0179545,0.0059786,-0.000285054,0.00507863,0.00303222,0.00229336,0.00119129,0.00444524,0.00544612,0.125383,-0.00519389,0.245365],[0.0414957,0.0904506,0.0878315,0.0327098,-0.0348152,0.122058,-0.0812557,-0.0160247,-0.00346841,0.725922,-0.0211956,0.00670939,-0.0317221,0.000117577,0.00184743,-0.0170323,0.0274014,0.00881573,-0.00908939,-0.0422205,0.850705,-0.0758978,0.272269],[0.00200305,-0.00640784,-0.00151938,-0.00892182,0.0142748,0.00513865,0.0325969,0.00105149,0.00469142,-0.0211956,0.0384595,0.00856735,0.0354472,-0.000158427,-0.0250145,-0.00075367,0.0206145,0.00804112,0.0218308,0.0329326,0.0164902,0.0161478,0.74223],[0.00769776,0.000853163,0.0107612,-0.000716907,0.0384314,0.0287528,0.0156859,-0.00272539,0.0179545,0.00670939,0.00856735,0.0285237,0.0107081,-0.000324577,0.00346111,0.00582772,0.0113717,0.000227653,0.00674688,0.00850099,0.246965,-0.00211025,0.495149],[0.00617011,0.00269186,0.00196817,-0.00413243,0.0118027,0.0154645,0.0328746,0.00287645,0.0059786,-0.0317221,0.0354472,0.0107081,0.0410954,-0.000192305,-0.017872,-0.0016575,0.0192822,0.00980183,0.0265545,0.0402035,0.165873,0.0166507,0.854176],[-0.000312026,-0.00037577,-0.000563011,-0.000367385,-0.000645907,-0.00103513,-0.000226555,7.8965e-05,-0.000285054,0.000117577,-0.000158427,-0.000324577,-0.000192305,3.08155e-05,-0.000532212,-0.000483414,0.000148383,-0.000148746,-0.000457577,-0.000315188,-0.0056068,0.000186054,-0.00762654],[0.0612605,0.0301098,0.221904,0.0711976,0.0277043,0.0733123,0.0138526,0.012962,0.00507863,0.00184743,-0.0250145,0.00346111,-0.017872,-0.000532212,0.415693,0.0123813,-0.289855,0.025355,0.0311124,0.0119999,0.895794,-0.0795505,2.35756],[0.00118474,-0.00191647,0.0179069,0.0124374,-0.02791,0.0176158,0.0196917,-0.00616362,0.00303222,-0.0170323,-0.00075367,0.00582772,-0.0016575,-0.000483414,0.0123813,0.172318,0.0420473,-0.0229624,-0.00177032,-0.00202643,0.217148,-0.00386477,-0.0713346],[0.0199977,0.0478653,-0.0851178,-0.00658362,0.0624277,0.0273198,0.00296971,-0.00915331,0.00229336,0.0274014,0.0206145,0.0113717,0.0192822,0.000148383,-0.289855,0.0420473,0.334905,-0.0236023,-0.0164501,-0.00794395,-0.0958023,0.0356109,-1.13403],[0.000725175,0.00291026,0.00300201,0.00386332,-0.0162233,-0.0192552,0.0316258,0.000192874,0.00119129,0.00881573,0.00804112,0.000227653,0.00980183,-0.000148746,0.025355,-0.0229624,-0.0236023,0.041136,0.0172261,0.0158305,0.176573,-0.00490673,1.16519],[0.0118264,0.0131859,0.020218,0.0130275,0.0167291,0.043661,0.019115,0.00662646,0.00444524,-0.00908939,0.0218308,0.00674688,0.0265545,-0.000457577,0.0311124,-0.00177032,-0.0164501,0.0172261,0.061879,0.0469447,0.306983,-0.0125969,0.897037],[0.0199522,0.0152309,0.0248862,0.0121955,0.0212245,0.042302,0.0301238,0.00596826,0.00544612,-0.0422205,0.0329326,0.00850099,0.0402035,-0.000315188,0.0119999,-0.00202643,-0.00794395,0.0158305,0.0469447,0.0612879,0.241386,0.0159576,1.21502],[0.511728,0.686951,0.601778,0.367515,0.57566,0.789234,0.181911,0.0235039,0.125383,0.850705,0.0164902,0.246965,0.165873,-0.0056068,0.895794,0.217148,-0.0958023,0.176573,0.306983,0.241386,22.0452,-0.695869,23.2432],[-0.0222362,-0.0306272,-0.0447053,-0.0306047,0.0355551,0.00989905,0.00893618,-0.00321542,-0.00519389,-0.0758978,0.0161478,-0.00211025,0.0166507,0.000186054,-0.0795505,-0.00386477,0.0356109,-0.00490673,-0.0125969,0.0159576,-0.695869,0.107252,-0.790541],[1.5808,0.703417,2.88477,0.984832,1.38342,0.340351,2.45229,-0.0257419,0.245365,0.272269,0.74223,0.495149,0.854176,-0.00762654,2.35756,-0.0713346,-1.13403,1.16519,0.897037,1.21502,23.2432,-0.790541,123.114]],"n":23,"lags":3}