{"betahat":[[3.31338,3.97908,5.50986,2.8776,-1.8167,-0.516812,0.014225,0.104466,0.284397,0.216723,3.03449,10.8141,0.25127,-0.345996,6.38265,5.00822,0.779621,-0.118298],[0.967273,0.0542945,-0.21634,-0.186997,0.350437,-0.0839746,-0.0543427,-0.0533043,0.0163045,-0.0339821,-0.0108548,-1.11938,-0.0697526,-0.0399556,-0.770721,-0.0483292,-0.232181,-0.015986],[0.00666164,0.841127,0.166443,-0.0463014,0.10837,0.238576,-0.0459336,0.011241,-0.0126175,-0.00359395,0.133069,-0.108703,0.0306582,0.0207367,0.0425315,-0.168202,0.00159755,-0.00440609],[-0.0375753,-0.00905486,0.849835,-0.0306931,-0.0216676,0.075473,-0.0230389,-0.00347704,0.0184779,0.0131405,0.147745,0.638916,0.011516,0.00362574,0.376668,0.0866936,0.0508122,0.0121217],[0.0261374,0.018707,0.0860192,1.01513,-0.257875,0.0880596,0.0403378,-0.0314057,-0.0117877,0.0200618,-0.0167429,1.77393,0.0145148,0.0215597,0.243391,0.0706683,0.118616,-0.0108358],[-0.0364192,-0.00432617,0.0601072,-0.067603,0.705977,0.148009,-0.0169021,0.013303,0.00862193,-0.00250396,0.00772886,-0.0780392,-0.00345398,-0.00942982,0.0963409,-0.0598664,0.037076,0.00363328],[0.0437892,0.0850989,0.162671,0.0315755,-0.0521295,0.840026,0.034053,-0.00882868,0.00260312,0.000710776,0.150217,0.316215,0.0205791,0.0175512,0.00649082,-0.00636934,0.031569,0.00362205],[-0.0869304,-0.0984854,-0.426562,-0.0281418,0.451495,-0.225055,1.19566,-0.00986201,-0.0344757,-0.0256783,-0.000582584,-3.69929,-0.0277155,0.0701717,-1.80339,-0.270863,0.00788014,-0.00152266],[-0.0625746,-0.233457,-1.59349,-0.641213,0.744642,-1.29128,0.0675456,0.817286,-0.0306252,-0.0896339,1.56141,0.0728929,0.0840666,0.0450782,0.569829,-0.353405,-0.134701,-0.059399],[0.0304238,0.0556602,0.377967,-0.21847,-0.358909,0.0394675,0.330164,-0.0167855,1.27309,0.0525977,-0.106526,1.87791,0.0226089,-5.33957e-05,1.39076,-0.174862,-0.226329,0.111615],[0.185481,0.329825,1.59986,0.104448,-0.14616,1.02058,0.189033,0.119551,0.24124,1.11458,-0.599311,4.26863,-0.00467724,-0.121761,1.21494,1.22276,0.75992,0.0048876],[-0.00188821,-0.00814108,-0.00350238,-0.00934669,0.18662,0.00648976,-0.0258295,0.00265689,0.0159293,0.00334732,1.08954,0.82602,0.0062733,-0.00141849,0.104198,0.138025,0.00454666,0.00967553],[-0.00297645,0.00368574,-0.0115874,-0.00607569,-0.0228187,-0.0136998,0.00761678,0.00205862,-0.00230574,-0.00292953,-0.0402174,0.976449,-0.00324688,-0.000980661,-0.0541736,-0.0186078,-4.11351e-05,0.00100922],[0.454237,0.643055,-0.0903715,-0.29683,0.840796,-0.466575,-0.0101247,0.000861727,0.067457,0.166931,0.48752,-3.11442,1.13674,0.123165,0.423114,0.902661,-0.963633,0.121365],[-0.226928,-0.639436,-0.966256,-0.307818,0.653285,-1.2441,-0.0532423,-0.0246083,-0.0699466,-0.190643,-0.0519957,-2.66811,-0.038124,0.966664,-2.01631,-0.877121,0.294051,0.00346368],[0.000711897,-0.0191883,-0.0186822,0.0106783,0.0474737,0.00411048,-0.00340009,-0.00455062,-0.000683348,0.00809988,0.00116538,-0.187134,0.00641398,0.00391742,1.07129,0.0434354,-0.000210888,0.00393203],[-0.0801801,-0.0773165,-0.101901,0.064061,-0.149687,0.178439,0.029264,-0.0191276,0.0180841,0.0109021,0.0152126,0.0424264,-0.011756,-0.00278018,-0.225144,0.252163,0.102668,0.0177831],[0.0156944,-0.0183948,0.103398,-0.0176182,0.157188,0.212615,0.0958611,-0.0285201,0.051295,0.0182001,-0.0801764,1.54459,0.0144602,-0.00232557,0.477255,-0.108251,0.542778,0.0236393],[-0.426888,-0.118725,-1.908,0.542251,-1.32679,-0.330835,-0.259739,-0.0401525,-0.135664,-0.170833,0.747094,-0.223801,-0.198715,-0.137059,1.42661,-1.31,0.693614,1.03268],[0.0206735,-0.079253,0.369461,0.0924723,-0.133102,0.249907,0.0317076,0.0103026,0.0256471,0.0209526,0.0670177,1.08697,0.0325969,-0.000866889,0.692749,0.25941,0.184319,0.0151777],[-0.0142869,-0.0378807,-0.133645,0.04189,0.308063,0.038176,0.0502815,-0.0303524,0.0293611,0.0157031,-0.166738,0.213676,-0.0155415,-0.016705,0.0819222,0.172053,0.0304231,0.017254],[0.0128009,0.008596,0.0820726,0.0254053,-0.0189238,-0.0752152,0.00954074,0.00342758,-0.014817,-0.0134189,-0.0782993,-0.734957,-0.0102084,0.00368454,-0.392109,-0.0970189,-0.0285822,-0.0164519],[-0.0365894,-0.0644653,-0.0192023,-0.0163908,0.154808,-0.0771179,0.00130004,9.13381e-05,0.00706586,-0.00283262,-0.139404,-1.24346,-0.00223598,-0.00168204,-0.360398,-0.144315,-0.0627496,5.84775e-05],[0.0525459,0.044866,0.0310156,0.025787,0.178943,-0.0606911,0.0203692,-0.0101261,-0.00311546,0.00478832,0.0370126,0.201092,0.00662933,0.00792298,-0.0656445,0.0972084,-0.0106454,-0.00292276],[-0.0249375,-0.0168081,-0.0813755,-0.00459643,-0.0466886,0.130379,-0.00780931,0.0127795,-0.00764067,-0.0106362,-0.200505,-0.203637,-0.0251388,-0.00748352,-0.248018,-0.0506697,-0.0581377,-0.00933525],[-0.0585982,-0.0591158,-0.0088606,-0.0511371,-0.327766,0.0178081,-0.16234,0.013866,0.0240661,0.0421781,0.301293,2.11925,0.0467898,-0.00943032,1.0574,0.0576663,0.0570718,0.000889698],[-0.23421,-0.405582,-0.0126655,0.00185898,-0.717662,0.768018,-0.00117941,0.1481,-0.0315693,-0.013117,-0.924471,0.123117,-0.0915875,-0.0196555,-0.718227,-0.0411108,0.492287,0.0309285],[-0.01214,-0.116781,-0.44331,0.20818,0.634514,-0.368109,-0.18356,-0.0151692,-0.194674,-0.0686411,-0.0593725,-2.71319,-0.000799539,0.0452591,-1.50969,-0.00927633,0.106612,-0.0646568],[-0.0105211,-0.366681,-0.702801,-0.253805,0.739531,0.226466,0.0141169,-0.0883127,-0.0439645,-0.0192472,0.00335066,-0.426645,0.0768142,0.116578,-0.567235,-0.605863,-0.341819,-0.0157148],[0.0121822,0.00674777,-0.0025227,0.0114874,-0.111348,-0.0366116,0.0253447,-0.00424825,-0.018457,-0.000124977,-0.178474,-0.5787,0.000542969,0.0057469,-0.125956,-0.0877479,-0.0222279,-0.0043678],[0.0029143,-0.00186022,0.00420994,0.00747157,0.0138007,0.0164328,-0.0104757,-0.00171186,0.000863875,0.0016936,0.0175933,-0.0108645,0.00238803,0.00139867,0.0272656,0.0158565,-0.00213659,-0.00100844],[-0.163024,-0.386478,0.383596,0.208826,0.676259,0.913685,-0.199654,-0.103497,-0.0265962,-0.164102,0.0221298,-0.783627,-0.160219,-0.0922779,-0.569062,-0.603872,0.471431,-0.0968272],[0.316949,0.569044,0.589902,0.172052,0.461847,0.924233,0.188234,0.00894252,0.112384,0.176521,-0.169352,2.6092,0.00886728,0.0446941,1.38226,0.914294,-0.348582,0.0441572],[-0.00526063,0.00300547,0.019539,-0.00438314,-0.0351759,0.0311473,0.000677268,-0.000327866,-0.00299184,-0.00806072,-0.00496981,0.00351695,-0.0105403,-0.00131061,-0.0855523,-0.0539094,-0.0108644,-0.00479465],[0.0533237,0.0104832,-0.0144911,-0.0532698,0.117818,0.00528637,0.0109512,0.000559311,0.0057713,0.00605128,0.0791797,-0.0329848,0.00579061,0.0116868,-0.0209622,0.0582373,0.0840262,0.00435004],[-0.135218,-0.180322,-0.361459,0.0304482,-0.147232,-0.143119,0.0886159,-0.00394591,-0.00141447,0.00250346,-0.339307,-0.118186,0.00845274,0.014611,-0.55489,0.0802327,-0.150118,-0.0174089],[0.378006,0.0588788,2.5453,-0.463318,1.03322,0.350305,0.00584337,0.0448824,0.0789459,0.0538642,-0.392578,-0.746247,0.126827,0.0891438,-0.372989,1.19031,-0.622095,-0.0621436],[0.0119587,0.0248914,-0.153268,0.0944923,-0.21744,-0.165882,0.0226536,0.043007,-0.0419561,0.0130281,-0.056203,0.0326272,0.0371584,0.0408268,0.0781621,-0.211197,0.0478889,0.000816941],[0.00750526,0.196655,-0.0329882,0.00437005,-0.416543,-0.276687,-0.00431908,0.0191191,-0.0167507,-0.0121107,0.0336156,-0.104706,-0.0151116,-0.00402498,-0.124209,-0.00401616,-0.0319863,-0.0128363],[0.0246254,0.00035943,0.0677357,0.00526905,0.0404052,-0.000239191,0.013541,5.97633e-05,-0.00366675,0.000272799,-0.0695073,0.0964204,-0.00130097,-0.00730121,0.015715,0.0100806,-0.0221997,0.00434292],[0.0103071,0.0456375,-0.0670441,0.00117632,0.102941,-0.0108631,-0.0415904,0.0313295,0.00472066,-0.017219,0.156116,-0.529933,-0.0122643,-0.0198654,0.117318,0.0734724,-0.0557901,0.0107949],[-0.0162147,-0.0405701,-0.0912446,0.0417837,0.114873,-0.087267,-0.00347131,-0.00317069,-0.00552954,-0.00231118,-0.0448249,-0.123135,-0.0031923,0.00150239,-0.0305843,-0.0374753,-0.026447,-0.00070689],[-0.0189922,-0.068382,-0.0815879,-0.0270132,0.0986218,0.029579,-0.0262052,-0.0039364,0.00501497,0.00990106,0.0501959,-0.112576,0.00455439,-0.0100585,0.241667,0.0567651,0.0265668,0.0057227],[0.144606,0.156748,0.43361,0.0787093,-0.123282,0.208055,-0.0330998,-0.00393905,0.0103477,-0.016504,-0.301261,1.58228,-0.0190016,-0.0607,0.747817,0.211935,-0.0647794,0.000711303],[0.295025,0.606189,1.7015,0.526961,0.17064,0.650611,-0.0939953,-0.00288742,0.0371538,0.0723402,-0.785511,-1.1802,-0.0177832,-0.0380663,-0.00147359,0.376506,-0.410365,0.0205622],[-0.0474541,0.0834066,-0.0135274,0.0223802,-0.370807,0.262974,-0.145969,0.0407897,-0.10654,0.0121773,0.131194,0.753997,-0.0185177,-0.0327804,0.224995,0.246003,0.075583,-0.0525862],[-0.165608,0.0257516,-0.873314,0.1014,-0.395788,-1.14376,-0.215423,-0.0172098,-0.191098,-0.103494,0.687983,-3.67186,-0.0755272,-0.00159422,-0.726388,-0.435663,-0.417515,0.00827179],[-0.0103672,0.00136256,0.00604684,-0.00218636,-0.0755564,0.0297259,0.000390013,0.00155937,0.00250576,-0.00324473,0.0882437,-0.247868,-0.00685349,-0.00431069,0.0209464,-0.0501635,0.0176459,-0.00531654],[-0.00126684,-0.00315307,0.00527401,-0.00267711,0.00881396,-0.00376478,0.00311747,0.000105602,0.00137712,0.00110532,0.0217737,0.0248086,0.000799242,-0.0003219,0.0290697,0.00134084,0.00260073,0.000118327],[-0.312537,-0.317651,-0.309474,0.092708,-1.30674,-0.357922,0.182023,0.0983788,-0.0342537,-0.00588632,-0.499807,3.7657,0.00312068,-0.0470658,0.195441,-0.20601,0.462365,-0.019442],[-0.093737,0.046889,0.31093,0.11487,-1.0222,0.311902,-0.168203,0.0190624,-0.048388,0.0138483,0.235105,0.029533,0.0216579,-0.0282361,0.507326,-0.0369664,0.0417401,-0.0496061],[0.00379575,0.0153493,-0.00264735,-0.00627438,-0.0126296,-0.0352195,0.0034818,0.00487234,0.00360096,-1.86346e-05,0.00222838,0.184825,0.00416433,-0.00242264,0.0138862,0.00913498,0.0112903,0.000913094],[0.0122036,0.0319098,0.0160477,0.021244,0.0695974,-0.103372,-0.00795777,-0.0108213,-0.00560425,-0.00966797,0.0185051,-0.08281,0.00272074,0.0100185,-0.185183,0.0789708,-0.052163,0.00178195],[0.0409469,0.0840006,0.332599,-0.0625226,-0.0172249,0.00398523,-0.0282622,0.0120442,-0.0103635,0.0210815,0.0967889,-0.528559,-0.00303684,0.0201254,-0.274759,0.0977841,0.0972409,0.0115768],[0.0477544,-0.0114367,-0.674,-0.0973165,0.353247,-0.0836238,0.259239,0.000690617,0.0235733,0.0950364,-0.786969,0.35262,0.0436946,0.0536233,-1.45463,-0.084677,-0.137907,-0.0115232]],"sigmahat":[[0.629602,0.442212,1.05593,0.188608,0.566295,0.000758829,0.0976076,0.0219958,0.0202406,0.0206732,-0.0959172,-0.871193,0.00505639,0.0112883,-0.37263,0.399438,0.0751139,-0.00510032],[0.442212,0.821107,0.69708,0.177743,-0.530632,-0.297125,0.065382,0.0357813,0.00671365,-0.00613088,0.356284,0.257312,-0.027254,-0.00900006,-0.0028841,0.544299,0.115363,-0.00546176],[1.05593,0.69708,5.51907,0.337974,0.187697,1.73688,0.205976,-0.00531859,0.0304744,0.0161996,-0.207072,-0.565012,-0.0403932,-0.0367047,1.50952,1.19715,-0.0233466,-0.0118445],[0.188608,0.177743,0.337974,0.763157,-0.430265,-0.291536,0.0668478,-0.0133025,-0.0398374,-0.0149619,0.0704479,-1.20733,-0.0406365,-0.00953256,-0.20979,-0.145222,-0.00703628,-0.0509239],[0.566295,-0.530632,0.187697,-0.430265,7.88668,1.73838,-0.127632,-0.0979,0.207643,0.0871944,-0.962913,-3.83735,0.054065,0.0172381,-0.938719,0.945071,-0.44641,0.0939421],[0.000758829,-0.297125,1.73688,-0.291536,1.73838,4.31076,-0.0435778,-0.0563153,0.157889,0.0870395,0.732547,5.26693,0.00640247,-0.111354,3.82203,1.01168,0.28644,0.0808489],[0.0976076,0.065382,0.205976,0.0668478,-0.127632,-0.0435778,0.308847,0.00318991,0.0149305,0.0307053,-0.466249,1.36647,0.0223171,0.0418637,-0.271783,-0.0346467,0.0584654,0.0113934],[0.0219958,0.0357813,-0.00531859,-0.0133025,-0.0979,-0.0563153,0.00318991,0.0521357,-0.00521117,0.00122731,0.106564,-0.120321,0.00419841,0.00410728,0.00684299,0.0115086,0.0561546,0.00237229],[0.0202406,0.00671365,0.0304744,-0.0398374,0.207643,0.157889,0.0149305,-0.00521117,0.0743053,0.0348488,0.166943,1.27164,0.0200435,-0.00846919,0.400226,0.161459,0.0606525,0.0244328],[0.0206732,-0.00613088,0.0161996,-0.0149619,0.0871944,0.0870395,0.0307053,0.00122731,0.0348488,0.0791221,0.0559942,1.18174,0.0543478,0.0339963,0.273762,0.0776137,0.0690162,0.0226134],[-0.0959172,0.356284,-0.207072,0.0704479,-0.962913,0.732547,-0.466249,0.106564,0.166943,0.0559942,8.51523,6.90741,0.00279392,-0.174952,5.18986,0.856413,1.10634,0.0838462],[-0.871193,0.257312,-0.565012,-1.20733,-3.83735,5.26693,1.36647,-0.120321,1.27164,1.18174,6.90741,110.542,0.8514,-0.291806,19.4119,6.35079,3.88643,0.514056],[0.00505639,-0.027254,-0.0403932,-0.0406365,0.054065,0.00640247,0.0223171,0.00419841,0.0200435,0.0543478,0.00279392,0.8514,0.070361,0.0426097,0.271892,0.0424197,0.0687781,0.0182233],[0.0112883,-0.00900006,-0.0367047,-0.00953256,0.0172381,-0.111354,0.0418637,0.00410728,-0.00846919,0.0339963,-0.174952,-0.291806,0.0426097,0.076821,-0.521472,-0.0683443,-0.00239621,0.00247776],[-0.37263,-0.0028841,1.50952,-0.20979,-0.938719,3.82203,-0.271783,0.00684299,0.400226,0.273762,5.18986,19.4119,0.271892,-0.521472,20.0414,2.78155,1.47953,0.286683],[0.399438,0.544299,1.19715,-0.145222,0.945071,1.01168,-0.0346467,0.0115086,0.161459,0.0776137,0.856413,6.35079,0.0424197,-0.0683443,2.78155,3.77884,0.0651887,0.0914322],[0.0751139,0.115363,-0.0233466,-0.00703628,-0.44641,0.28644,0.0584654,0.0561546,0.0606525,0.0690162,1.10634,3.88643,0.0687781,-0.00239621,1.47953,0.0651887,1.10778,0.0294783],[-0.00510032,-0.00546176,-0.0118445,-0.0509239,0.0939421,0.0808489,0.0113934,0.00237229,0.0244328,0.0226134,0.0838462,0.514056,0.0182233,0.00247776,0.286683,0.0914322,0.0294783,0.0372662]],"n":18,"lags":3}