{"betahat":[[6.19292,5.31772,8.68198,4.23673,2.86929,-0.0378905,-1.52396,-0.249752,1.56382,1.08089,15.6769,5.1843,-8.0167,1.28304,0.327958,0.316618,5.67455,1.20053,-1.64283,1.90499,-0.0234101],[0.852423,-0.0976845,-0.411168,-0.232518,0.418183,-0.161522,-0.0581519,-0.0433682,-0.00797613,-0.0538151,0.212448,-0.127966,-1.4104,-0.0665868,-0.0314999,-0.892657,-0.107584,-0.0136701,-0.492296,-0.252556,-0.0235861],[-0.00749139,0.807672,0.0677153,-0.0762659,0.128387,0.191078,-0.059907,0.0231674,-0.0132592,-0.00338052,-0.26329,0.147681,-0.611092,0.0329546,0.0294918,-0.118142,0.0844134,-0.00848208,-0.319524,0.00943532,-0.000267545],[-0.0483219,-0.00391286,0.80634,-0.0288649,-0.0836191,0.066653,-0.0158712,-0.00126255,0.0190748,0.0144769,0.0169635,0.155268,0.77188,0.00995423,0.00294593,0.379293,-0.0695456,0.0117924,0.099031,0.047348,0.0161701],[-0.0201231,-0.0856161,-0.012679,0.89813,-0.0635123,0.0810319,0.0164949,-0.0197981,-0.0380663,-0.00365892,-0.0717032,-0.0563707,1.02573,0.00486451,0.020061,0.19767,-0.0543681,-0.0200721,-0.433493,0.175684,-0.0201146],[-0.0400983,0.01604,0.0643323,-0.0454262,0.627641,0.14722,-0.0118248,0.0122252,0.0126764,0.000534024,-0.00610395,0.0174013,-0.0660985,-0.00521804,-0.0101423,0.0700241,-0.00288052,0.00385435,0.00910801,0.0303287,0.00692218],[0.0521497,0.0928906,0.145572,0.0352883,-0.072516,0.76971,0.0354102,-0.0105137,-0.00051983,0.000149306,-0.0529805,0.163622,0.467704,0.0217571,0.0172842,0.0484872,0.0041123,0.00205681,0.0866098,0.049821,0.00778005],[0.0697559,0.104825,-0.137605,0.0747097,0.247326,-0.34944,1.15087,-0.00455205,-0.0510095,-0.0444974,-0.135516,0.160204,-4.51741,-0.0544021,0.0561581,-1.99372,-0.0370421,-0.00676601,-0.128376,0.0786958,-0.030463],[0.0107191,-0.227067,-1.41631,-0.58869,1.02321,-1.18546,0.0756635,0.686692,-0.0304965,-0.142044,-1.37688,1.02928,-4.25609,0.00315288,0.0481327,-1.09326,-0.072735,-0.0445079,-1.92991,-0.302764,-0.121288],[-0.196979,-0.125592,0.389507,-0.344254,-0.323584,0.683925,0.322315,-0.0472456,1.17939,0.0532655,0.329554,-0.393435,3.99894,0.0101097,-0.0150813,2.67138,0.217339,0.216311,-0.965663,-0.0767184,0.110838],[0.108727,0.275612,0.907164,-0.0697291,0.473451,1.00085,0.0901804,0.115508,0.282613,1.12087,-0.497478,-0.544365,2.16224,-0.00842841,-0.100958,0.512347,-0.672278,0.143349,0.940318,0.63091,0.0156247],[0.0896358,0.143895,0.32735,0.0835187,-0.136408,0.0520861,0.00121968,-0.00769451,0.00638636,0.00348939,1.27593,0.0967476,-0.0579778,-0.00990242,-0.010691,0.218156,-0.0015137,-0.00594107,0.281676,-0.0154349,-0.0135051],[0.0130716,0.00765318,0.0560135,-0.00430171,0.158418,0.0317202,-0.0268872,0.00161552,0.0171857,0.00173708,-0.00931797,1.10519,1.03781,0.00723051,-0.00321895,0.163365,-0.0224037,0.0104898,0.2484,0.0193544,0.00695367],[-0.00204639,0.00621608,-0.00127475,-0.00352297,-0.0295773,-0.00433979,0.00763362,0.00151467,-0.00121291,-0.00187802,-0.00628017,-0.0347058,0.94051,-0.00209828,0.000259813,-0.0424342,0.00599919,-0.000629798,0.00580987,0.00439023,0.000510387],[0.567073,0.713232,0.760985,-0.248556,0.481163,-0.378569,0.0705022,0.0238104,0.038745,0.142807,-0.0397878,0.370357,-2.45095,1.09326,0.100398,1.18372,-1.13355,0.0617747,2.24193,-1.00716,0.100106],[-0.0164999,-0.408784,-0.293404,-0.153701,0.517731,-1.02034,-0.12296,-0.0634054,-0.059466,-0.175403,-0.575344,0.454226,-0.484766,-0.0133132,0.898014,-1.30293,0.480817,-0.077018,0.324256,0.397883,-0.00624774],[0.00266505,-0.0158505,-0.0306696,0.0219532,0.00898489,-0.0223787,-0.0052962,-0.00212827,-0.00122598,0.00805351,0.0372948,0.0203547,-0.335085,0.00627046,0.00463743,0.974383,0.00534847,-0.00458206,0.0105857,0.00806198,0.00306644],[0.0596144,0.151199,-0.381225,0.0479845,-0.107272,-0.371141,-0.0116031,-0.0102619,0.00841018,0.0310698,-0.00153839,-0.0092041,0.21286,0.00855819,0.0188014,-0.433411,0.93445,0.0129819,0.300308,-0.152277,0.000291724],[0.034079,-0.287091,-0.5425,-0.394895,0.607659,-0.892423,-0.0190974,0.0584767,0.0184136,-0.15227,0.0164167,0.0465712,-3.92167,-0.0782951,-0.0725329,-1.57444,0.395038,1.06523,-0.401257,-0.289393,0.0575415],[-0.0139743,-0.0203028,-0.101567,0.0297573,0.157054,0.048753,0.0140881,-0.0127373,0.00589901,0.0159762,-0.0610245,-0.0547702,0.368601,0.00545637,-0.00526583,0.0494223,0.0140979,0.00950775,0.488888,-0.0120723,0.00630154],[-0.0388725,-0.0743356,0.0600729,-0.0334097,0.0941902,0.10252,0.131213,-0.0334571,0.0417079,0.0130544,-0.405651,-0.20821,1.53082,0.00784174,0.00504779,0.30563,0.0950694,0.0194207,-0.575962,0.381914,0.0337221],[-0.0864905,0.229899,-1.5189,0.734633,-1.19687,-0.197983,-0.251085,-0.085681,-0.0973261,-0.136338,0.912155,0.738708,1.31923,-0.199405,-0.107519,1.06488,-0.105445,0.0281667,-0.716263,0.900833,0.975359],[0.0872059,0.0116673,0.3887,0.0982612,-0.149586,0.175967,0.0362381,0.0133316,0.0324155,0.0321509,-0.0754549,0.103689,0.985909,0.0322948,-0.00411339,0.751881,0.0598031,0.0196165,0.434453,0.175128,0.0160087],[0.0162888,0.0188008,-0.063112,0.0725184,0.308771,0.00586832,0.0667428,-0.0292444,0.0219836,0.0119799,0.211081,-0.199454,0.375806,-0.0205467,-0.0249819,0.235245,-0.111948,0.00958209,0.275996,0.023133,0.0112312],[0.0159001,0.00356314,0.0644911,0.0200451,0.0267354,-0.085413,0.00162112,0.00192896,-0.0147135,-0.0151562,-0.00122754,-0.0751775,-0.8655,-0.0104465,0.00352186,-0.429902,0.0863597,-0.00626591,-0.103595,-0.0258919,-0.0178659],[-0.0415945,-0.0232379,-0.0375769,0.0495178,0.0576864,-0.104703,0.00301771,-0.0139279,0.0126726,0.00197811,0.0863267,-0.148857,-1.08567,-0.00684646,-0.00889147,-0.416177,0.0668056,0.0106487,0.0749928,-0.124868,0.00342772],[0.0629593,0.0318869,0.0530508,6.1582e-06,0.236129,-0.0387434,0.0165601,-0.00809813,-0.00460455,0.00407849,0.000868512,0.0379634,0.165099,0.00902257,0.0094597,-0.0317604,-0.0172332,-0.00122095,0.0790345,0.000433753,-0.00645163],[-0.0440924,-0.0415633,-0.0807552,-0.00446155,-0.0463272,0.181913,-0.00830801,0.01344,-0.00730757,-0.0115014,0.00995371,-0.234525,-0.464277,-0.0286,-0.00568618,-0.341552,-0.000340602,-0.00116367,-0.156525,-0.07137,-0.0135573],[-0.137612,-0.114025,-0.173222,-0.0858902,-0.287343,0.020261,-0.135857,0.0127878,0.0332673,0.0610859,-0.0110737,0.329187,2.97139,0.0658973,-0.000281654,1.2325,-0.0120913,0.00526164,0.230699,0.00497271,0.0138937],[-0.108998,-0.214569,-0.18882,-0.131304,-0.28503,0.603926,-0.0042219,0.165514,-0.0370117,0.00253914,0.51157,-0.699584,2.11756,-0.0638444,-0.0266737,0.0479003,0.366513,0.034453,0.519044,0.358956,0.0749882],[0.000371059,-0.14486,-0.34701,0.266784,0.497284,-0.51561,-0.219237,-0.0305456,-0.167951,-0.0680397,0.0337354,0.0805821,-4.66794,0.0367583,0.0942953,-2.19752,0.159313,-0.182625,0.387054,-0.0647933,-0.0689581],[0.0807305,-0.190857,-0.204482,-0.0585102,-0.0897335,0.443169,0.134599,-0.093797,-0.0338393,0.000155758,0.140501,0.228453,3.33471,0.104151,0.11718,0.0989784,0.76825,-0.0618409,0.335151,-0.164529,-0.0236754],[-0.0755715,-0.109973,-0.237524,-0.0445385,0.0178352,0.00321923,0.0344336,-0.0020143,0.00573058,0.000500588,-0.204197,-0.08994,0.83063,0.00450526,0.00581176,-0.171506,-0.0107251,0.0091087,-0.134553,0.0281726,0.013883],[0.00712982,0.000141483,-0.0338758,0.0161898,-0.124011,-0.0649857,0.0287672,-0.00208312,-0.0202799,0.00263308,-0.00572151,-0.196712,-0.696917,0.000206285,0.00757332,-0.171761,0.00949862,-0.00999868,-0.16333,-0.0236677,-0.00369018],[0.00519195,0.00176807,0.00600424,0.00895847,-0.00046556,0.0064063,-0.00727189,-5.22902e-05,0.000370712,0.00154262,0.00269587,0.0141288,0.0652094,0.00225874,0.000196224,0.0410491,-0.00909273,-0.000337209,0.0398024,-0.000820939,-0.000657453],[-0.223565,-0.418114,-0.0517494,0.270917,0.574045,0.822608,-0.265941,-0.15295,0.0151087,-0.143733,-0.1824,0.319901,-1.95528,-0.182002,-0.0793205,-1.37499,0.842525,-0.038627,-1.42304,0.449287,-0.0721536],[0.164203,0.367307,0.163245,0.0263336,0.544459,0.801565,0.168003,0.0225403,0.0819447,0.157334,0.387939,-0.466854,1.22219,-0.0213044,0.0424956,1.17896,-0.455838,0.0615058,0.173276,-0.442361,0.0323735],[-0.000338667,0.00950939,0.0233429,-0.0086834,-0.00652116,0.0498489,0.00328847,-0.00080415,-0.00103726,-0.00710772,-0.0311663,-0.00264644,0.12955,-0.0107914,-0.00198685,-0.0315161,-0.00906554,0.00276443,-0.026381,-0.00714183,-0.00247131],[-0.0243975,-0.0282564,0.245586,-0.00334017,0.0473022,0.0799814,0.046547,0.00757254,-0.0231632,-0.0394105,-0.0579394,-0.0898573,-0.0183303,-0.0147161,-0.0113619,0.232257,0.0269926,-0.00740311,-0.19824,0.106725,0.00872637],[0.0180255,0.261687,-0.131099,0.230984,-0.181343,0.412878,0.0721418,-0.0585198,0.00837995,0.118257,-0.0442834,0.27314,3.8845,0.0889734,0.0598903,1.2548,-0.634986,-0.0722164,0.817867,0.504821,-0.00619926],[-0.037783,-0.0690124,-0.0425148,-0.0313436,-0.0441795,0.0179434,0.0108181,-0.00238607,-0.00576756,0.00063454,-0.0804398,-0.0494473,-0.368857,-0.000758387,0.00759859,-0.121212,0.0331682,-0.00286472,-0.114181,0.0192635,-0.00291503],[-0.121227,-0.1644,-0.269745,0.042738,-0.0201925,-0.0988307,0.0898911,-0.0166609,0.0100453,0.00254473,-0.255144,-0.345744,-0.424477,0.00739191,0.00930548,-0.562963,-0.030104,0.014054,0.0356117,-0.229278,-0.0192178],[0.345775,0.0583056,2.792,-0.408393,0.550539,0.0502452,-0.0182205,0.0723465,0.0154276,0.0416603,-0.883276,-0.66972,-0.316232,0.125216,0.0727843,-0.238394,0.249785,-0.0657666,2.28613,-0.846686,-0.0967345],[0.0601773,0.0858792,0.022233,0.134198,-0.268645,-0.0143489,0.0219482,0.0300361,-0.024487,0.0216367,-0.137353,0.0241289,0.425721,0.0342701,0.0355901,0.141175,0.0475591,-0.00597736,0.0576589,0.0773766,0.00756645],[-0.00903403,0.173317,-0.00480275,0.00369025,-0.437124,-0.196763,-0.00680745,0.0060734,-0.00877441,-0.00863551,0.0517156,0.0517615,0.237056,-0.0124367,-0.00454493,-0.116273,0.0272804,-0.0011364,0.0433471,-0.032631,-0.0109746],[0.0320589,7.48831e-05,0.128229,0.00892949,0.0570338,0.0188947,0.014327,-0.000664261,-0.00442298,0.000587702,-0.016177,-0.0802881,0.0935681,0.000439869,-0.00649789,0.0510119,-0.0167799,-0.00553562,0.003833,-0.02167,0.00168739],[0.0614959,0.108638,0.0496995,0.0521994,0.00576807,0.0236092,-0.0193349,0.0337677,0.0253836,0.00175657,-0.0151872,0.205434,0.0641378,0.00205129,-0.0111713,0.219581,-0.0128034,0.00938617,0.35866,-0.0505553,0.0167228],[-0.0230258,-0.0479992,-0.117431,0.0454434,0.135977,-0.108158,-0.00482719,-0.00413348,-0.00818629,-0.00476011,0.00496751,-0.0558149,-0.100358,-0.00394868,0.000596786,-0.0383927,0.0200002,-0.0026906,-0.0889934,-0.030963,-0.000490513],[-0.00825226,-0.0514579,-0.0654262,-0.0308695,0.11896,0.0481541,-0.0270839,-0.00290462,0.00770464,0.0111882,0.0424645,0.07071,-0.00397094,0.00672076,-0.011664,0.293106,-0.00377376,-0.000952272,0.0693565,0.0212655,0.00572425],[0.0662026,0.00829291,0.307977,0.010286,0.0397601,0.33077,-0.0145091,-0.00811102,0.0172994,-0.0166197,0.143398,-0.490781,1.55341,-0.0114313,-0.0559801,0.765346,0.0465377,0.00111737,-0.101946,-0.0845226,0.0166214],[0.0545366,0.391297,1.66568,0.448857,-0.415155,0.730094,-0.0919903,0.0243853,-0.0123269,0.0555949,0.818959,-0.700984,-0.147612,0.00697703,-0.0273771,0.694475,-0.57065,-0.0714683,1.31269,-0.349439,0.035808],[0.0190453,0.126219,-0.217639,0.0375574,-0.427627,-0.109321,-0.104856,0.0655014,-0.086679,0.00062733,0.0376185,0.145456,-0.325622,-0.0163466,-0.0376418,-0.03714,0.0507789,-0.0607283,0.174824,0.0831408,-0.0306687],[-0.100433,0.0243456,-0.52294,0.0864033,-0.141397,-1.07183,-0.198643,0.0170938,-0.171366,-0.122403,0.302392,0.939609,-4.03172,-0.0711154,-0.0114016,-0.566164,-0.133462,-0.043686,-0.468992,-0.336339,0.00847366],[-0.0160086,-0.0348442,-0.093223,-0.0390299,0.115375,-0.0531391,-0.0346323,0.00971291,-0.0120442,-0.00380919,-0.0763179,-0.00204745,-0.740008,0.00555022,0.00482897,-0.039205,0.0118201,-0.00317239,-0.144381,-0.0109762,-0.00013218],[-0.0201375,-0.00786021,-0.0216487,-0.0118847,-0.0354758,0.0315798,-0.00196934,0.000355507,0.00308992,-0.00453202,0.0146694,0.0876854,-0.342654,-0.00753355,-0.004316,0.00606165,0.0136661,-0.000493346,-0.0855984,0.00415793,-0.00323125],[-0.00463847,-0.00957215,-0.00404497,-0.00709996,0.0300892,-0.0047705,-0.000312511,-0.000201482,0.00138537,0.000290282,6.09173e-06,0.0180149,-0.0414767,-0.000105308,-0.000505528,0.0148552,0.0036741,0.00105488,-0.0413944,-0.00188879,0.000203759],[-0.314777,-0.308047,-0.412051,0.0493566,-0.727903,-0.279085,0.154348,0.101849,-0.00462026,-0.0141893,-0.189992,-0.443401,3.45087,-0.00278185,-0.069306,0.32869,0.11956,-0.0368126,-0.611157,0.565133,0.00966013],[-0.178966,0.0328459,-0.171018,0.133929,-1.21931,-0.0280345,-0.108631,0.061849,-0.0577451,0.0305347,0.138009,-0.0245877,0.147599,0.0242704,-0.00248283,-0.00547113,-0.314112,0.00675252,-0.236536,0.0167359,-0.0378581],[-0.00288323,0.00536174,0.00484129,-0.0123541,-0.00332736,-0.0258771,0.00482225,0.00277173,0.00207418,-0.000840367,-0.0105544,-0.0241678,0.211052,0.0045288,-0.00210353,0.0504147,0.00421785,0.00144666,0.0171713,-0.000860128,-0.00052737],[-0.0297954,-0.11479,0.140448,-0.0378325,0.0314376,0.281987,-0.0347456,0.00410212,0.0127959,0.00801187,0.0521675,0.128577,-0.126076,0.00215768,-0.00774142,0.154965,0.0244902,-0.00451968,-0.0687402,0.0567434,-0.00756862],[-0.212906,-0.0761703,0.417366,-0.0168016,-0.469002,0.464732,-0.0630417,0.0306174,-0.0753314,0.00479512,-0.114626,-0.293084,0.596509,-0.0223577,-0.00364063,0.737048,0.128516,-0.0240982,-0.536438,-0.240242,-0.0431101],[0.0247868,0.0305226,0.0222281,-0.0100991,0.165618,-0.00953326,-0.00598751,-0.000314398,0.00175349,-0.00490908,-0.0333096,-0.0270081,-0.250778,-0.00103819,0.00326301,-0.153863,0.032601,-0.000118438,-0.0571682,-0.00682782,0.00101526],[0.01423,0.0750155,0.375486,-0.0426908,-0.162409,0.0284692,-1.56572e-05,-0.00136307,-0.010285,0.0320252,0.00320316,0.0101294,-0.262231,-0.00814276,0.0232062,-0.379256,-0.164003,-0.0075978,-0.050956,0.00423998,0.0142305],[-0.0637926,-0.316791,-0.935173,-0.231662,0.793296,-0.0572833,0.314216,0.021638,0.0264703,0.0648284,-0.110053,-1.23243,-1.55095,0.00347036,0.0414321,-1.93374,-0.124177,0.016848,-1.58517,-0.16083,-0.0194575]],"sigmahat":[[0.618193,0.426339,1.1098,0.127959,0.427697,0.14755,0.132386,0.0275684,0.0282124,0.0333433,0.155362,-0.0601528,-0.100137,0.0305042,0.0316094,-0.182062,-0.0913895,0.000757718,1.12297,0.0953313,0.00233308],[0.426339,0.722571,0.833203,0.093988,-0.583179,0.0264534,0.109466,0.0287003,0.028265,0.0160811,0.0860817,0.313716,1.43204,0.00992772,0.0143601,0.107195,-0.21985,0.00752769,1.64573,0.126213,0.00395522],[1.1098,0.833203,4.98415,0.306115,-0.0860203,1.53734,0.269565,0.0171341,0.0539831,0.0559085,0.049011,0.0106113,1.00289,0.0300044,0.0156629,1.32616,-0.341249,-0.0245681,2.98405,0.0194461,0.0101148],[0.127959,0.093988,0.306115,0.612716,-0.323922,-0.11118,0.0607244,-0.0166111,-0.0288278,-0.0066873,0.0530358,0.0124625,-0.599107,-0.0225737,0.00234798,-0.334899,0.0456522,-0.0076125,0.464486,-0.049308,-0.0356574],[0.427697,-0.583179,-0.0860203,-0.323922,6.784,0.843259,-0.163407,-0.0212969,0.0874924,-0.00782195,0.372393,-0.824515,-7.32963,-0.0347185,-0.0106352,-0.613077,0.0805259,0.0228471,-2.48563,-0.275193,0.0275349],[0.14755,0.0264534,1.53734,-0.11118,0.843259,3.56213,0.0155525,-0.022347,0.138802,0.0739312,0.0900845,1.01278,4.91179,0.00513298,-0.0967512,3.53092,-0.195715,0.0151805,1.06006,0.395099,0.0751423],[0.132386,0.109466,0.269565,0.0607244,-0.163407,0.0155525,0.266714,0.00165839,0.0204728,0.0388079,-0.102592,-0.361545,1.68307,0.029945,0.0386129,-0.24536,-0.0424855,0.0122567,0.452451,0.0753183,0.0142399],[0.0275684,0.0287003,0.0171341,-0.0166111,-0.0212969,-0.022347,0.00165839,0.0404303,-0.00239444,0.00504023,0.00130675,0.0512935,-0.112025,0.00416081,0.00418847,-0.0260865,-0.0170849,0.000965173,0.0797467,0.0293812,0.00202628],[0.0282124,0.028265,0.0539831,-0.0288278,0.0874924,0.138802,0.0204728,-0.00239444,0.0618263,0.0266509,-0.0134554,0.173003,1.05793,0.0151376,-0.00681299,0.367091,0.00122214,0.0232509,0.166623,0.0913369,0.0197733],[0.0333433,0.0160811,0.0559085,-0.0066873,-0.00782195,0.0739312,0.0388079,0.00504023,0.0266509,0.0699104,-0.0313098,0.0548291,1.17623,0.0497693,0.0310425,0.289296,-0.0354772,0.0109772,0.161998,0.0871614,0.0185141],[0.155362,0.0860817,0.049011,0.0530358,0.372393,0.0900845,-0.102592,0.00130675,-0.0134554,-0.0313098,1.31293,-0.284754,-1.52734,-0.0378131,-0.0634492,0.257565,0.109637,-0.0109523,-0.181363,-0.0919222,-0.0140188],[-0.0601528,0.313716,0.0106113,0.0124625,-0.824515,1.01278,-0.361545,0.0512935,0.173003,0.0548291,-0.284754,7.51965,6.98024,0.0123856,-0.131552,4.45362,0.202793,0.0249603,1.5418,0.826418,0.0679536],[-0.100137,1.43204,1.00289,-0.599107,-7.32963,4.91179,1.68307,-0.112025,1.05793,1.17623,-1.52734,6.98024,121.381,0.973884,-0.339981,22.3989,-2.06387,0.55349,12.7654,3.97645,0.475272],[0.0305042,0.00992772,0.0300044,-0.0225737,-0.0347185,0.00513298,0.029945,0.00416081,0.0151376,0.0497693,-0.0378131,0.0123856,0.973884,0.06539,0.0392485,0.305653,0.0142898,0.00387326,0.21223,0.0702377,0.0138035],[0.0316094,0.0143601,0.0156629,0.00234798,-0.0106352,-0.0967512,0.0386129,0.00418847,-0.00681299,0.0310425,-0.0634492,-0.131552,-0.339981,0.0392485,0.0708375,-0.472375,0.0376878,0.000500986,0.0308816,0.0114282,0.00125952],[-0.182062,0.107195,1.32616,-0.334899,-0.613077,3.53092,-0.24536,-0.0260865,0.367091,0.289296,0.257565,4.45362,22.3989,0.305653,-0.472375,18.2643,-0.52474,0.075078,3.97691,1.13466,0.258469],[-0.0913895,-0.21985,-0.341249,0.0456522,0.0805259,-0.195715,-0.0424855,-0.0170849,0.00122214,-0.0354772,0.109637,0.202793,-2.06387,0.0142898,0.0376878,-0.52474,0.972126,-0.000143552,-0.99846,0.040662,-0.00525273],[0.000757718,0.00752769,-0.0245681,-0.0076125,0.0228471,0.0151805,0.0122567,0.000965173,0.0232509,0.0109772,-0.0109523,0.0249603,0.55349,0.00387326,0.000500986,0.075078,-0.000143552,0.0217195,0.0315661,0.0159547,0.00579452],[1.12297,1.64573,2.98405,0.464486,-2.48563,1.06006,0.452451,0.0797467,0.166623,0.161998,-0.181363,1.5418,12.7654,0.21223,0.0308816,3.97691,-0.99846,0.0315661,9.615,0.488889,0.0446652],[0.0953313,0.126213,0.0194461,-0.049308,-0.275193,0.395099,0.0753183,0.0293812,0.0913369,0.0871614,-0.0919222,0.826418,3.97645,0.0702377,0.0114282,1.13466,0.040662,0.0159547,0.488889,0.886529,0.0416105],[0.00233308,0.00395522,0.0101148,-0.0356574,0.0275349,0.0751423,0.0142399,0.00202628,0.0197733,0.0185141,-0.0140188,0.0679536,0.475272,0.0138035,0.00125952,0.258469,-0.00525273,0.00579452,0.0446652,0.0416105,0.0309256]],"n":21,"lags":3}