{"betahat":[[5.76662,4.99797,6.83662,4.86615,-0.42232,-0.955502,-1.0121,-0.258291,1.09281,0.680107,12.2218,7.85016,6.78008,0.5243,-0.0966198,-4.13073,1.4234,3.42587,0.0955927],[0.871871,-0.0603574,-0.417658,-0.223485,0.352589,-0.191935,-0.0544337,-0.0460112,-0.00567448,-0.0499789,0.179515,-0.0985174,-1.21621,-0.0658076,-0.0280692,-0.931047,-0.363874,-0.254912,-0.0184416],[-0.00364459,0.821007,0.102164,-0.0717931,0.125359,0.190979,-0.0463082,0.021884,-0.0136939,-0.00625107,-0.249522,0.089918,-0.474666,0.0315764,0.027392,-0.0735408,-0.337746,0.00546511,0.000611474],[-0.0493304,-0.0180661,0.839534,-0.028677,-0.0615546,0.0997034,-0.0185325,-0.0026814,0.0203881,0.0151971,0.0227671,0.152772,0.726549,0.0124091,0.00363718,0.403884,0.0702984,0.0567931,0.0145307],[0.00892949,-0.0485324,-0.0606132,0.934168,-0.0713855,-0.00591383,0.0184925,-0.0226554,-0.0323428,0.00128413,-0.063743,-0.0652333,1.02169,0.00460299,0.0229858,0.0313417,-0.367471,0.150354,-0.0197658],[-0.0416091,0.0107201,0.0741506,-0.0460797,0.634853,0.147608,-0.0129474,0.0131797,0.0114913,-0.000716576,-0.00301436,0.0137244,-0.113618,-0.00591664,-0.0107589,0.0709866,-0.0108773,0.0271694,0.00584886],[0.0493392,0.0860822,0.149199,0.0332426,-0.0691796,0.808615,0.0342225,-0.00964355,0.00218717,0.00288702,-0.0417421,0.169471,0.490954,0.0240034,0.0183141,0.0709471,0.0906652,0.0533798,0.00653959],[0.0434218,0.0672589,-0.185993,0.0529584,0.269008,-0.325986,1.16258,-0.0067545,-0.0478388,-0.039203,-0.116222,0.120388,-4.48141,-0.0448877,0.0592871,-1.93348,-0.221437,0.0661817,-0.0276587],[-0.0422696,-0.286568,-1.45192,-0.643173,0.993701,-1.18248,0.0587151,0.730519,-0.0400819,-0.145092,-1.43863,1.12388,-4.04092,0.00387709,0.0440257,-0.801386,-1.81396,-0.237324,-0.109117],[-0.0246708,-0.026896,0.0393933,-0.392477,-0.0391244,0.151774,0.352657,-0.0492346,1.24477,0.0386048,0.353252,-0.379431,3.13989,0.0157905,-0.0172592,1.80551,-0.621531,-0.193312,0.140756],[0.0682804,0.142035,1.42924,-0.0794794,0.441625,1.24919,0.105144,0.127693,0.26121,1.07849,-0.515167,-0.585201,1.58223,-0.0367865,-0.125103,0.759694,0.6504,0.726136,0.0160277],[0.0940094,0.154416,0.323948,0.0915842,-0.137034,0.0408405,-0.00310437,-0.00874348,0.00715395,0.00770951,1.30441,0.092048,-0.100719,-0.00609099,-0.00605814,0.194934,0.262424,-0.0242052,-0.0140292],[0.0114892,0.0101689,0.0370088,-0.00522783,0.151387,0.0201105,-0.0276303,0.00205996,0.0168811,0.00353162,-0.00959291,1.11041,1.04306,0.00832255,-0.00211849,0.152521,0.248458,0.0122828,0.00745489],[-0.00266908,0.00544439,-0.00475165,-0.00394459,-0.0308418,-0.0100371,0.00706922,0.00176067,-0.00170324,-0.00239729,-0.00682076,-0.0339197,0.944904,-0.00236918,6.3847e-05,-0.0461734,0.00300884,0.00396946,0.000727461],[0.580132,0.814721,0.277859,-0.212561,0.576601,-0.577719,0.0603209,0.00334388,0.0508869,0.183686,0.0530048,0.189909,-2.41318,1.14207,0.128603,1.07803,2.19145,-1.09511,0.0903249],[0.0191497,-0.336674,-0.493239,-0.173627,0.566346,-1.27496,-0.110003,-0.06498,-0.0452279,-0.168972,-0.578609,0.493643,-0.59136,-0.0212551,0.920956,-1.70848,0.410068,0.280751,0.00152643],[-0.00219589,-0.0187939,-0.029422,0.0184731,0.0076685,-0.0128932,-0.00424265,-0.00203884,-0.00198556,0.00763447,0.0329832,0.0141233,-0.311003,0.00579185,0.0046602,0.991306,0.000938398,0.00440766,0.00314931],[-0.0233055,-0.0389574,-0.0679389,0.0237044,0.160939,0.0890136,0.0127712,-0.0107518,0.00345195,0.011614,-0.0617538,-0.0416112,0.29908,0.00259901,-0.00757667,0.0747287,0.478338,0.00774995,0.00539007],[-0.0176798,-0.0660114,0.0984321,-0.0185255,0.124983,0.152777,0.117581,-0.0340381,0.0464057,0.0192625,-0.38728,-0.161242,1.41355,0.00658396,0.00473164,0.287506,-0.518437,0.408273,0.027928],[-0.155234,0.147353,-1.61913,0.712827,-1.16775,-0.292404,-0.262872,-0.0750881,-0.113542,-0.166238,0.837401,0.837112,0.529874,-0.218029,-0.119424,1.10902,-0.821028,0.871771,1.00022],[0.0742561,-0.0245041,0.43299,0.0990226,-0.101164,0.239159,0.0367418,0.0160015,0.0307856,0.028344,-0.0616633,0.0750582,0.802695,0.0297409,-0.00557915,0.770322,0.343257,0.188861,0.0120761],[0.00987334,0.00164716,-0.0904752,0.0709247,0.302523,0.0107487,0.0510613,-0.0300522,0.0255086,0.0160007,0.21933,-0.129805,0.256067,-0.0182626,-0.0236317,0.18938,0.267428,0.0218191,0.0110703],[0.017859,0.0110784,0.0719207,0.0187585,0.0148014,-0.0901517,0.00586456,0.00335148,-0.0155299,-0.0159316,-0.00464229,-0.0778933,-0.827924,-0.0119109,0.00328947,-0.429755,-0.0901367,-0.0257536,-0.017095],[-0.0578437,-0.0486916,0.0149176,0.0214489,0.0778627,-0.0410833,0.00493533,-0.0105975,0.00885586,-0.000640914,0.0772787,-0.167177,-1.04808,-0.00313924,-0.00719443,-0.281662,0.0132919,-0.0936976,0.00441959],[0.0627037,0.0357903,0.0383457,0.00111429,0.234283,-0.0461401,0.0159614,-0.00941475,-0.00389493,0.0042528,0.00140146,0.0361167,0.197768,0.00886374,0.00946008,-0.0360215,0.0863331,-0.000362113,-0.00546109],[-0.0426712,-0.0340265,-0.0862707,-0.0018867,-0.0599793,0.148979,-0.00755769,0.0130759,-0.0088201,-0.0124101,0.00479399,-0.233024,-0.477132,-0.0291398,-0.00588836,-0.351319,-0.151885,-0.0744182,-0.0123483],[-0.111047,-0.100662,-0.0970076,-0.0754945,-0.249526,0.0573691,-0.14667,0.0139683,0.0309704,0.0561856,0.000334859,0.333861,2.77966,0.0643419,-0.00354024,1.27989,0.269434,0.0277253,0.0123811],[-0.101751,-0.229291,0.0625498,-0.0901625,-0.326305,0.832143,-0.000331814,0.165597,-0.0407589,0.00650903,0.552492,-0.661902,2.49412,-0.0641515,-0.0320286,0.166959,0.573634,0.432964,0.0628383],[-0.0603296,-0.178197,-0.310518,0.272278,0.50826,-0.444036,-0.222863,-0.0193968,-0.195695,-0.074306,-0.0241216,0.11564,-4.42755,0.0263115,0.0871386,-1.92192,0.30556,-0.00895114,-0.0817226],[0.058258,-0.229871,-0.39937,-0.11825,-0.0818587,0.386516,0.0929554,-0.102029,-0.0225619,0.0134226,0.183647,0.35185,3.32016,0.108511,0.112403,0.0593034,0.257619,-0.173767,-0.0211975],[-0.0781658,-0.111421,-0.230816,-0.0506968,0.0175648,0.0195495,0.0346661,-0.00169001,0.00366335,-0.00163738,-0.21896,-0.0901411,0.82909,0.00240007,0.00329513,-0.132643,-0.125767,0.0286299,0.0142674],[0.00821131,-0.00152293,-0.0229813,0.0146553,-0.113991,-0.0586772,0.0300114,-0.00291209,-0.020519,0.000551901,-0.00296527,-0.201784,-0.700182,-0.000708564,0.0068723,-0.165029,-0.167334,-0.0205508,-0.00336832],[0.00586451,0.00293013,0.0062184,0.0084271,2.919e-05,0.00923223,-0.00661755,-0.000303889,0.000537442,0.00190978,0.00258864,0.0176484,0.0643489,0.00233522,0.000606917,0.036833,0.0398457,-0.000704082,-0.000635004],[-0.260169,-0.529706,0.368508,0.23905,0.589983,1.14859,-0.244568,-0.124915,0.00062764,-0.175216,-0.19046,0.293291,-1.81889,-0.195292,-0.101747,-1.0587,-1.51369,0.554206,-0.0743753],[0.164585,0.360915,0.408149,0.0789296,0.487408,0.950689,0.190583,0.0195591,0.0800291,0.155791,0.376468,-0.488465,1.39208,-0.00562421,0.0532027,1.39933,0.194089,-0.370377,0.0321325],[0.0021666,0.00923785,0.0258807,-0.00921578,-0.00232244,0.0456186,0.00172718,-0.00106387,-0.000538592,-0.00726552,-0.0298122,0.00400252,0.115362,-0.0104887,-0.00261031,-0.0324635,-0.0210557,-0.00363062,-0.00268733],[-0.0331338,-0.0674073,-0.0498561,-0.032242,-0.0332376,0.0118973,0.00734403,-0.00205174,-0.00345607,0.00221024,-0.0752737,-0.0390715,-0.387279,-0.000766736,0.00718449,-0.130394,-0.0953106,0.0173828,-0.00350852],[-0.115159,-0.135428,-0.300611,0.0485378,-0.0666488,-0.147708,0.0866488,-0.0134078,0.0076448,0.00111278,-0.251743,-0.341095,-0.369088,0.00440166,0.00911522,-0.596673,0.0755,-0.233535,-0.0194071],[0.306299,-0.0338327,2.73348,-0.492374,0.654145,0.166625,0.00746941,0.0617721,0.0320323,0.0461656,-0.808113,-0.69267,-0.0281545,0.15049,0.0728407,0.017673,2.05793,-0.745976,-0.0874811],[0.053671,0.0847061,-0.0155613,0.124345,-0.251363,-0.0470962,0.0177111,0.0300274,-0.0251342,0.0216187,-0.118101,0.0233429,0.413749,0.0360693,0.0336369,0.16131,0.0203798,0.0659892,0.00637213],[-0.00647407,0.17713,-0.0119641,0.000724075,-0.427789,-0.201549,-0.00471485,0.00819224,-0.0118448,-0.00976792,0.0298091,0.0397425,0.219173,-0.0133041,-0.00377258,-0.114973,0.0700479,-0.0273595,-0.0116724],[0.0311404,0.00673278,0.0876439,0.00977604,0.0469177,-0.00954678,0.0127128,-0.000640272,-0.00488399,0.000685048,-0.0184697,-0.0751152,0.101873,-0.000497324,-0.00695141,0.0267294,0.0192856,-0.0311975,0.00257031],[0.0486156,0.0969723,0.0453817,0.0441158,-0.0065254,0.0472194,-0.0233123,0.0333038,0.0234799,-0.000609194,-0.0140022,0.23238,0.0286523,-0.00141031,-0.0157854,0.251597,0.354143,-0.0565835,0.0153701],[-0.0212896,-0.0465794,-0.112673,0.0448574,0.130716,-0.101345,-0.00308878,-0.00374944,-0.00768458,-0.00365579,0.00142129,-0.0500832,-0.0857486,-0.00303632,0.00124343,-0.0348391,-0.0760011,-0.0270319,-0.000392535],[-0.00692908,-0.0522233,-0.0634882,-0.0314885,0.129236,0.0422826,-0.0266331,-0.00339165,0.00655213,0.00940777,0.0364721,0.0632824,-0.0145477,0.00508805,-0.0124552,0.280845,0.0606781,0.0207579,0.00580184],[0.0652493,0.0314687,0.280331,0.0209894,-0.0187722,0.270752,-0.015597,-0.00701361,0.0163807,-0.0170789,0.11301,-0.456976,1.70689,-0.0192646,-0.0558264,0.661012,-0.0501229,-0.0948939,0.0152205],[0.121179,0.464119,1.58694,0.50192,-0.37799,0.591424,-0.0832689,0.00413745,0.00921586,0.063851,0.853655,-0.782399,-0.470396,0.00751216,-0.0224072,0.398594,1.24032,-0.404683,0.030217],[-0.0511963,0.156831,-0.0888767,0.0836083,-0.715875,0.123621,-0.11109,0.0686258,-0.121242,0.0236782,-0.0548669,0.0875838,0.883908,-0.0174461,-0.0282467,0.34207,0.198353,0.114327,-0.0477136],[-0.0724606,0.151516,-0.863573,0.130704,-0.226894,-1.3384,-0.193276,0.0118478,-0.185864,-0.102993,0.285362,0.795229,-3.79045,-0.0661301,0.00828581,-0.83325,-0.272609,-0.437747,0.0128499],[-0.0176386,-0.0436723,-0.0964948,-0.0413259,0.117276,-0.0591482,-0.0307701,0.0105806,-0.0109242,-0.00601057,-0.0890712,0.00115587,-0.707666,0.00379729,0.00278683,-0.0554123,-0.135006,-0.00380273,-2.15789e-05],[-0.0193364,-0.00813929,-0.0136035,-0.00936336,-0.0387687,0.0369506,-0.00249322,0.000817545,0.00369483,-0.00405919,0.0123729,0.0895509,-0.340688,-0.00764919,-0.00460176,0.00965644,-0.0796942,0.00820189,-0.00401214],[-0.00521225,-0.00944189,-0.00285848,-0.0068533,0.0285624,-0.00242242,-0.00026898,-0.000162612,0.00114796,0.000243578,-7.01539e-05,0.015661,-0.0298063,-9.81032e-05,-0.00066651,0.0201268,-0.0384977,-0.00176485,4.95722e-05],[-0.300792,-0.29516,-0.435692,0.0371056,-0.814416,-0.377589,0.146511,0.0942493,-0.00934838,-0.0137623,-0.142961,-0.344636,3.63408,-0.00451374,-0.064192,0.225272,-0.540306,0.515383,0.00640167],[-0.183796,-0.0304051,-0.0241818,0.101672,-1.12353,0.204626,-0.135779,0.0604583,-0.0556098,0.0235041,0.178877,0.00225525,-0.328686,0.0154859,-0.0218676,0.18498,-0.428267,0.0839617,-0.0422428],[-0.00122966,0.00797232,0.000920078,-0.00928719,-0.00496089,-0.0310146,0.00467788,0.00303344,0.00228167,-0.000256808,-0.00727759,-0.0252322,0.199329,0.00480391,-0.00164046,0.039871,0.0190216,-0.00117459,-0.00045008],[0.0285123,0.0400698,0.00937991,-0.00699432,0.161063,-0.0293892,-0.00543759,-0.000735276,0.00186341,-0.00385536,-0.0354207,-0.0310666,-0.22404,-0.000255414,0.0045941,-0.168436,-0.0424101,-0.0160694,0.00197237],[0.0188504,0.067499,0.40642,-0.0444522,-0.138285,0.0529472,-0.00682138,0.00204176,-0.00904048,0.0310173,0.0147772,0.0323815,-0.383456,-0.00827783,0.0225388,-0.35087,-0.0430996,0.0217548,0.0130462],[-0.0613099,-0.174508,-0.936818,-0.177943,0.573968,-0.0804306,0.276396,0.0193767,0.0155277,0.086792,-0.133086,-1.18039,-1.21049,0.00735171,0.0513739,-1.87046,-1.34416,-0.280897,-0.032147]],"sigmahat":[[0.660447,0.468845,1.09237,0.155162,0.460801,0.0908105,0.134839,0.0238641,0.0361525,0.0379265,0.179888,-0.0488898,-0.0623078,0.031502,0.0338516,-0.297595,1.17269,0.102059,0.00371008],[0.468845,0.809537,0.770406,0.12933,-0.6255,-0.102246,0.115229,0.0257635,0.0316175,0.0227891,0.0923945,0.329996,1.63739,0.011196,0.0196572,-0.0123641,1.73975,0.119083,0.0072551],[1.09237,0.770406,5.26296,0.309682,-0.0418844,1.79244,0.260865,0.015505,0.0610027,0.0496663,0.10317,0.0395634,1.14221,0.023611,0.00335912,1.58441,2.7695,0.100389,0.0103406],[0.155162,0.12933,0.309682,0.65499,-0.313592,-0.150824,0.0598594,-0.0208501,-0.0244037,-0.00167653,0.0726161,0.0225854,-0.62894,-0.0230112,0.00388335,-0.414588,0.475072,-0.0495055,-0.0362459],[0.460801,-0.6255,-0.0418844,-0.313592,7.1578,0.923845,-0.148743,-0.0281307,0.0973013,-0.0113303,0.382005,-0.873342,-7.98771,-0.0330107,-0.00768937,-0.685704,-2.40234,-0.296833,0.0211864],[0.0908105,-0.102246,1.79244,-0.150824,0.923845,4.02403,0.00234844,-0.0203116,0.145605,0.0746894,0.126693,1.13549,5.30766,0.00723974,-0.10843,4.01935,0.928061,0.483769,0.0744539],[0.134839,0.115229,0.260865,0.0598594,-0.148743,0.00234844,0.278139,0.00172278,0.0206374,0.037202,-0.111745,-0.381035,1.73245,0.0289214,0.0396329,-0.264415,0.423009,0.079297,0.0166277],[0.0238641,0.0257635,0.015505,-0.0208501,-0.0281307,-0.0203116,0.00172278,0.0440898,-0.00324075,0.00500576,-0.00180554,0.0570355,-0.0898654,0.00462553,0.00403163,-0.0106837,0.0761282,0.0353926,0.00232616],[0.0361525,0.0316175,0.0610027,-0.0244037,0.0973013,0.145605,0.0206374,-0.00324075,0.0676852,0.0293398,-0.00762832,0.189496,1.07579,0.0168204,-0.00608664,0.365757,0.182543,0.0953239,0.0205323],[0.0379265,0.0227891,0.0496663,-0.00167653,-0.0113303,0.0746894,0.037202,0.00500576,0.0293398,0.0753071,-0.026878,0.0654083,1.23751,0.0532274,0.0335637,0.29157,0.184834,0.0874947,0.0187458],[0.179888,0.0923945,0.10317,0.0726161,0.382005,0.126693,-0.111745,-0.00180554,-0.00762832,-0.026878,1.39447,-0.275197,-1.64376,-0.0314848,-0.0623485,0.264528,-0.137338,-0.0669346,-0.0157676],[-0.0488898,0.329996,0.0395634,0.0225854,-0.873342,1.13549,-0.381035,0.0570355,0.189496,0.0654083,-0.275197,7.94034,7.54752,0.0139875,-0.136806,4.68814,1.74327,0.899401,0.0746315],[-0.0623078,1.63739,1.14221,-0.62894,-7.98771,5.30766,1.73245,-0.0898654,1.07579,1.23751,-1.64376,7.54752,125.859,1.01733,-0.317273,23.1217,13.7714,4.24638,0.506718],[0.031502,0.011196,0.023611,-0.0230112,-0.0330107,0.00723974,0.0289214,0.00462553,0.0168204,0.0532274,-0.0314848,0.0139875,1.01733,0.0700645,0.0416549,0.330436,0.221302,0.073027,0.0139392],[0.0338516,0.0196572,0.00335912,0.00388335,-0.00768937,-0.10843,0.0396329,0.00403163,-0.00608664,0.0335637,-0.0623485,-0.136806,-0.317273,0.0416549,0.0737187,-0.486219,0.0354362,0.00828187,0.00147467],[-0.297595,-0.0123641,1.58441,-0.414588,-0.685704,4.01935,-0.264415,-0.0106837,0.365757,0.29157,0.264528,4.68814,23.1217,0.330436,-0.486219,19.5608,4.01162,1.27002,0.261809],[1.17269,1.73975,2.7695,0.475072,-2.40234,0.928061,0.423009,0.0761282,0.182543,0.184834,-0.137338,1.74327,13.7714,0.221302,0.0354362,4.01162,9.78362,0.507671,0.0562996],[0.102059,0.119083,0.100389,-0.0495055,-0.296833,0.483769,0.079297,0.0353926,0.0953239,0.0874947,-0.0669346,0.899401,4.24638,0.073027,0.00828187,1.27002,0.507671,0.983594,0.0460365],[0.00371008,0.0072551,0.0103406,-0.0362459,0.0211864,0.0744539,0.0166277,0.00232616,0.0205323,0.0187458,-0.0157676,0.0746315,0.506718,0.0139392,0.00147467,0.261809,0.0562996,0.0460365,0.0327232]],"n":19,"lags":3}