{"betahat":[[4.26162,5.03671,7.59287,3.65623,-2.27067,-0.454606,-0.330721,0.0492848,0.423647,0.375234,3.77477,11.4424,0.32787,-0.332583,6.18075,6.24225,0.908842,-0.19008],[0.956583,0.0403447,-0.227936,-0.185677,0.353214,-0.0889511,-0.0506512,-0.0530758,0.0109281,-0.0337146,-0.0581357,-1.028,-0.0709899,-0.0371429,-0.81979,-0.0689696,-0.249316,-0.0178052],[0.0112458,0.849085,0.167744,-0.0557373,0.119924,0.243746,-0.0473087,0.013807,-0.0103429,-0.00109632,0.138887,-0.170355,0.032931,0.020838,0.0970873,-0.15484,0.00322654,-0.00262573],[-0.0390569,-0.0104339,0.846782,-0.0316117,-0.0237202,0.0787752,-0.0219629,-0.00294401,0.0193877,0.0137367,0.151807,0.652652,0.0127595,0.00486109,0.373845,0.0877975,0.0509793,0.0126116],[0.0279361,0.0162049,0.0712533,0.999521,-0.213101,0.0855314,0.0313784,-0.0305646,-0.0118972,0.0181522,-0.0100231,1.69112,0.0127838,0.0197327,0.245587,0.0951383,0.129133,-0.012788],[-0.0374388,-0.00160925,0.0555391,-0.0668812,0.697652,0.146732,-0.0159483,0.01371,0.00942527,-0.00196877,0.0114365,-0.0704154,-0.00291635,-0.0086182,0.0948405,-0.0617306,0.0375354,0.00390559],[0.0449575,0.0853348,0.159464,0.0337759,-0.0527666,0.833575,0.0306748,-0.00840392,0.00163574,0.000337141,0.152554,0.302477,0.0200028,0.0159878,0.0198623,-0.00244621,0.0332885,0.00360581],[-0.0764277,-0.0859746,-0.42188,-0.0226686,0.461375,-0.223776,1.1766,-0.0118097,-0.0344899,-0.0280059,0.0422738,-3.85827,-0.0330105,0.0641762,-1.82264,-0.264257,0.0239148,-0.00252328],[-0.0557404,-0.221129,-1.5433,-0.623308,0.73473,-1.24545,0.0764449,0.791935,-0.0442318,-0.10454,1.47252,-0.267839,0.0712706,0.0440313,0.446601,-0.42385,-0.16141,-0.0720444],[0.0337578,0.0720508,0.308938,-0.273117,-0.284907,0.00629693,0.333669,-0.0168206,1.26057,0.0458739,-0.12975,1.65653,0.0225066,0.00691506,1.42644,-0.160482,-0.195319,0.113367],[0.167107,0.291427,1.66622,0.0775862,-0.0649799,1.14083,0.175062,0.116989,0.240803,1.11139,-0.592458,4.16749,-0.00905565,-0.128533,1.3277,1.24012,0.73248,0.00433026],[-0.00179252,-0.0100488,-0.00951072,-0.00890764,0.190859,0.00547596,-0.0292876,0.00275552,0.0152578,0.00239352,1.08441,0.805554,0.00575526,-0.00212741,0.099619,0.13197,0.0065365,0.00913972],[-0.00275385,0.0036234,-0.00938723,-0.00695899,-0.0224924,-0.013011,0.00756941,0.00226479,-0.00230963,-0.00301304,-0.0405814,0.969991,-0.00318606,-0.00109588,-0.0512362,-0.0175063,0.000460206,0.000990003],[0.431923,0.633986,-0.23393,-0.30336,0.823074,-0.516672,-0.0217275,0.00935292,0.0681477,0.157545,0.583475,-3.48901,1.12201,0.122228,0.343822,0.809051,-0.934291,0.127032],[-0.180686,-0.598017,-0.835278,-0.307109,0.709378,-1.26634,-0.0717372,-0.0339705,-0.0790684,-0.201201,-0.0414197,-2.80014,-0.0424535,0.951815,-2.05533,-0.822566,0.282808,0.000261896],[0.00313149,-0.0164729,-0.0107645,0.0106991,0.0512934,0.00430207,-0.00327323,-0.00496514,-0.000982268,0.00818191,-0.0026253,-0.192986,0.00653566,0.00379811,1.06506,0.0505793,-0.00287467,0.00356865],[-0.0858182,-0.0831738,-0.115048,0.0658333,-0.161563,0.176483,0.0306521,-0.0211924,0.018807,0.00950747,0.0311641,0.040589,-0.0134536,-0.00306399,-0.25286,0.213511,0.1039,0.0183623],[0.00957648,-0.0216154,0.112361,-0.00830932,0.121948,0.20576,0.110762,-0.029256,0.0543552,0.0232129,-0.109687,1.65018,0.018592,0.00196301,0.454528,-0.103879,0.501859,0.0251283],[-0.396189,-0.114878,-1.88302,0.552091,-1.26978,-0.269627,-0.242151,-0.036885,-0.138246,-0.163882,0.609341,0.383103,-0.196276,-0.137755,1.42067,-1.17451,0.713853,1.01765],[0.0200745,-0.0706058,0.377226,0.0871625,-0.151687,0.248949,0.0320218,0.0092258,0.0289684,0.0192019,0.103331,0.978898,0.0331754,-0.00168101,0.741929,0.276713,0.183263,0.01603],[-0.0197929,-0.0421105,-0.142248,0.0444416,0.282492,0.030187,0.0526607,-0.0300476,0.0283265,0.0146412,-0.174592,0.263299,-0.0166513,-0.0171057,0.033839,0.160357,0.0286106,0.0161171],[0.0128139,0.0093656,0.07722,0.0277074,-0.0204065,-0.0833838,0.00773565,0.00297243,-0.0153834,-0.015053,-0.0763452,-0.762568,-0.0127001,0.00189172,-0.394766,-0.0999844,-0.0271899,-0.016757],[-0.0458104,-0.0700728,-0.0209575,-0.00744819,0.123828,-0.0695552,0.00288649,-0.00275779,0.00373366,-0.00560927,-0.14302,-1.20911,-0.00360158,-0.00192183,-0.355164,-0.173246,-0.0743522,-0.000974095],[0.0520853,0.041199,0.0289849,0.0261516,0.182522,-0.0607066,0.0186666,-0.0100771,-0.00369197,0.00441719,0.0368538,0.171073,0.00638507,0.00808711,-0.0810043,0.0924948,-0.00994446,-0.00320422],[-0.0248135,-0.0159783,-0.0745005,-0.00473954,-0.0515873,0.130138,-0.00494337,0.0127107,-0.00697107,-0.0101,-0.196912,-0.186015,-0.0247368,-0.0061246,-0.260168,-0.0542201,-0.059623,-0.00969708],[-0.0664337,-0.0749776,-0.0204534,-0.061159,-0.327641,0.0169497,-0.14789,0.0155781,0.02122,0.041329,0.267932,2.22145,0.0511198,-0.00535046,1.07011,0.0381246,0.0525961,0.00119428],[-0.247388,-0.448837,-0.0608449,-0.0648641,-0.583759,0.820821,-0.0202901,0.153588,-0.0232246,-0.00640696,-0.871972,0.202166,-0.0803057,-0.0158576,-0.672839,0.0527134,0.481682,0.043907],[-0.0296154,-0.141352,-0.375941,0.256439,0.532427,-0.330027,-0.191658,-0.0163504,-0.192023,-0.0692715,-0.0369838,-2.6154,-0.0031227,0.0398358,-1.50605,-0.0528955,0.0580089,-0.0669177],[0.0215619,-0.322735,-0.674812,-0.23503,0.656278,0.210778,0.0274809,-0.0865172,-0.0436903,-0.0195473,0.0467008,-0.159131,0.0804834,0.117272,-0.518393,-0.518742,-0.293964,-0.0213042],[0.0126367,0.00784725,0.00619564,0.0124962,-0.109662,-0.036712,0.0276761,-0.00431164,-0.0181044,0.00066384,-0.179573,-0.584789,0.00049374,0.00610282,-0.126572,-0.0830814,-0.0255075,-0.00421572],[0.00169662,-0.00306876,-0.000235767,0.00723385,0.0126122,0.015371,-0.01075,-0.00163961,0.000718035,0.00159783,0.016745,-0.0156034,0.00239686,0.00144288,0.0264441,0.0146495,-0.00231628,-0.000840943],[-0.153402,-0.385208,0.49764,0.202815,0.828833,0.982703,-0.203139,-0.114893,-0.0180103,-0.153994,-0.0129245,-0.76936,-0.152363,-0.093897,-0.532342,-0.522536,0.408211,-0.0964278],[0.292804,0.532097,0.522822,0.131769,0.511106,0.950404,0.185692,0.0119153,0.115953,0.183975,-0.143029,2.43633,0.00989722,0.048717,1.47504,0.859792,-0.30647,0.0524153],[-0.00686903,0.0020951,0.0155186,-0.00409913,-0.0385717,0.033044,0.00119382,0.000162365,-0.00257452,-0.00744831,0.000632176,0.0243776,-0.0104186,-0.00107871,-0.0746411,-0.0587955,-0.00697115,-0.00439724],[0.0556999,0.00911549,-0.0212685,-0.0505194,0.115318,0.0016578,0.0157213,-0.000312394,0.00521974,0.00594264,0.0712428,-0.0350158,0.006604,0.0137236,-0.0588346,0.034175,0.0884887,0.00377528],[-0.13568,-0.187139,-0.364608,0.0359061,-0.140648,-0.143638,0.0926387,-0.00956841,0.000649702,0.00223198,-0.358142,-0.0851338,0.00756347,0.0135909,-0.593257,0.0685196,-0.163157,-0.0180935],[0.304071,0.0024219,2.48359,-0.498167,0.983372,0.291224,-0.0389096,0.0405707,0.0706258,0.0379952,-0.353227,-1.38404,0.107078,0.0876661,-0.597476,0.979525,-0.654544,-0.0567843],[0.0232029,0.030154,-0.149535,0.0984854,-0.201666,-0.159992,0.0186741,0.0438566,-0.0399082,0.0145081,-0.0451861,0.0497016,0.0378205,0.0388288,0.0780794,-0.20794,0.06609,0.00178639],[0.00836874,0.192876,-0.0258083,0.0112528,-0.402568,-0.273915,-0.00529364,0.0162519,-0.018,-0.0135506,0.0356895,-0.0922763,-0.0162709,-0.00372494,-0.130616,-0.00577452,-0.0317887,-0.013476],[0.0260193,0.000922167,0.0754168,0.0038958,0.0438738,0.00454399,0.0143075,-1.38372e-05,-0.00401919,0.00130246,-0.0755005,0.110808,-5.16274e-05,-0.00674546,0.0212719,0.0118396,-0.0237497,0.00416227],[0.0176573,0.0536888,-0.0506775,0.00782416,0.0890882,-0.0159582,-0.0341742,0.0333474,0.00815497,-0.0125289,0.153066,-0.480835,-0.00915805,-0.0177933,0.109977,0.0778341,-0.0546585,0.0137858],[-0.0147763,-0.0396448,-0.0847359,0.0407027,0.119528,-0.0860356,-0.00270728,-0.00362616,-0.00577525,-0.00249513,-0.0483247,-0.100539,-0.00349418,0.000520622,-0.0137642,-0.0310065,-0.0276245,-0.000698089],[-0.0203532,-0.0694842,-0.0854418,-0.0290671,0.104075,0.0361566,-0.0256605,-0.00428354,0.00529279,0.00971846,0.0442775,-0.116213,0.00472226,-0.00985614,0.240456,0.0562764,0.0263236,0.00610255],[0.141586,0.159656,0.439878,0.0830372,-0.13298,0.207901,-0.0283905,-0.00368833,0.0131542,-0.0133466,-0.310825,1.63821,-0.0180045,-0.0587771,0.755042,0.224138,-0.0763568,0.00143568],[0.29234,0.617793,1.72257,0.530271,0.133571,0.619503,-0.0859744,0.00129624,0.03203,0.0712514,-0.826507,-1.21495,-0.0232916,-0.0415434,0.042616,0.373508,-0.405257,0.0194134],[-0.0446161,0.0962402,-0.0169743,0.0331169,-0.405419,0.24256,-0.134328,0.0409008,-0.106365,0.0192394,0.0937696,0.808106,-0.0106942,-0.0262742,0.246382,0.279965,0.077678,-0.0508749],[-0.171284,0.0330906,-0.940081,0.0969474,-0.352447,-1.21116,-0.220409,-0.00994201,-0.181792,-0.0984093,0.735232,-3.74987,-0.0725985,-0.000297634,-0.794658,-0.476039,-0.420292,0.0145079],[-0.0107211,0.00227701,0.0036492,-0.00365501,-0.0813155,0.0305343,0.0015259,0.00154728,0.00285101,-0.00303496,0.0939634,-0.219792,-0.00626953,-0.0039456,0.0260482,-0.0485187,0.0186619,-0.004926],[-0.000927673,-0.00245787,0.00627831,-0.00220292,0.00952746,-0.00389631,0.00335078,3.49384e-05,0.00152404,0.00116951,0.0236402,0.0322986,0.000679486,-0.000303968,0.0285028,0.00116815,0.00266899,5.67464e-05],[-0.312106,-0.330022,-0.311217,0.100551,-1.39592,-0.367355,0.195614,0.0972618,-0.0379313,-0.00825843,-0.544206,4.10034,0.00181136,-0.0521463,0.282559,-0.167213,0.493674,-0.0195603],[-0.121578,0.0345216,0.214775,0.145011,-1.11984,0.293096,-0.159584,0.0282359,-0.0461906,0.0140414,0.195926,0.309119,0.0214465,-0.0247826,0.41275,-0.0391502,0.0173243,-0.0540806],[0.00269418,0.0131455,-0.00741471,-0.00681124,-0.0128924,-0.0366669,0.0032037,0.00479207,0.00348808,-0.000728058,-0.000245725,0.170354,0.00391552,-0.00245494,0.00888483,0.00638616,0.0101356,0.000920648],[0.0110408,0.0325876,0.00822206,0.0225062,0.0723505,-0.100813,-0.00716378,-0.0100883,-0.00468255,-0.00933823,0.0251562,-0.117295,0.00332393,0.0115139,-0.197129,0.0598073,-0.0460383,0.00317264],[0.0449977,0.08585,0.344406,-0.065757,-0.0100378,0.0114506,-0.0186695,0.0107425,-0.00935084,0.0256738,0.0568379,-0.462699,0.000117872,0.0238245,-0.309156,0.104064,0.0778863,0.0122776],[0.0961653,0.0132462,-0.636577,-0.078188,0.39402,-0.102373,0.289773,0.00205836,0.0263801,0.0983168,-0.869807,0.2117,0.0488692,0.0572212,-1.43062,-0.0959643,-0.135611,-0.0176021]],"sigmahat":[[0.621806,0.432117,1.03035,0.182103,0.582414,0.000751886,0.0998397,0.0216852,0.0202592,0.0211081,-0.114159,-0.908787,0.00559343,0.0137036,-0.396522,0.398769,0.067323,-0.00362144],[0.432117,0.804965,0.665045,0.16413,-0.499702,-0.292768,0.0636484,0.0327209,0.00610813,-0.00664302,0.336225,0.247134,-0.0277509,-0.00773412,-0.0224714,0.538676,0.101998,-0.00335781],[1.03035,0.665045,5.37786,0.338147,0.258615,1.72176,0.196253,-0.00302177,0.0319506,0.0185457,-0.162735,-0.693299,-0.0391787,-0.0348844,1.48756,1.14659,-0.0166923,-0.00996914],[0.182103,0.16413,0.338147,0.742989,-0.411992,-0.28259,0.0634386,-0.013995,-0.0429097,-0.0191414,0.0571085,-1.22381,-0.0439576,-0.0125335,-0.211468,-0.13705,-0.0223548,-0.050303],[0.582414,-0.499702,0.258615,-0.411992,7.72897,1.71974,-0.103248,-0.0878559,0.210711,0.0959525,-0.92425,-3.70385,0.0649376,0.0251681,-0.873669,0.912933,-0.394946,0.0892459],[0.000751886,-0.292768,1.72176,-0.28259,1.71974,4.33585,-0.0481814,-0.0454062,0.160294,0.09482,0.820474,5.29249,0.0128899,-0.108101,3.89039,1.01193,0.322038,0.0792606],[0.0998397,0.0636484,0.196253,0.0634386,-0.103248,-0.0481814,0.300685,0.0010136,0.0150035,0.0292272,-0.4711,1.29025,0.0217757,0.0402066,-0.279914,-0.0256327,0.0547423,0.0126181],[0.0216852,0.0327209,-0.00302177,-0.013995,-0.0878559,-0.0454062,0.0010136,0.0510334,-0.00519672,0.00105061,0.106934,-0.151401,0.00342416,0.00355377,0.00821281,0.00593473,0.0535906,0.00274873],[0.0202592,0.00610813,0.0319506,-0.0429097,0.210711,0.160294,0.0150035,-0.00519672,0.0732288,0.03464,0.160757,1.27548,0.0203804,-0.00779531,0.403021,0.166223,0.0635305,0.023529],[0.0211081,-0.00664302,0.0185457,-0.0191414,0.0959525,0.09482,0.0292272,0.00105061,0.03464,0.0785453,0.058882,1.17749,0.0544008,0.0335823,0.282611,0.0816782,0.0710277,0.0219186],[-0.114159,0.336225,-0.162735,0.0571085,-0.92425,0.820474,-0.4711,0.106934,0.160757,0.058882,8.41918,7.09504,-0.000738787,-0.174658,5.19798,0.906695,1.08025,0.0772352],[-0.908787,0.247134,-0.693299,-1.22381,-3.70385,5.29249,1.29025,-0.151401,1.27548,1.17749,7.09504,110.201,0.851545,-0.293672,19.556,6.50116,3.95985,0.511135],[0.00559343,-0.0277509,-0.0391787,-0.0439576,0.0649376,0.0128899,0.0217757,0.00342416,0.0203804,0.0544008,-0.000738787,0.851545,0.0699101,0.0421056,0.271767,0.0453267,0.0695749,0.017781],[0.0137036,-0.00773412,-0.0348844,-0.0125335,0.0251681,-0.108101,0.0402066,0.00355377,-0.00779531,0.0335823,-0.174658,-0.293672,0.0421056,0.0758356,-0.526503,-0.0653228,-0.001803,0.00227622],[-0.396522,-0.0224714,1.48756,-0.211468,-0.873669,3.89039,-0.279914,0.00821281,0.403021,0.282611,5.19798,19.556,0.271767,-0.526503,20.0807,2.77553,1.47769,0.285835],[0.398769,0.538676,1.14659,-0.13705,0.912933,1.01193,-0.0256327,0.00593473,0.166223,0.0816782,0.906695,6.50116,0.0453267,-0.0653228,2.77553,3.66303,0.108499,0.0931556],[0.067323,0.101998,-0.0166923,-0.0223548,-0.394946,0.322038,0.0547423,0.0535906,0.0635305,0.0710277,1.08025,3.95985,0.0695749,-0.001803,1.47769,0.108499,1.07092,0.0301006],[-0.00362144,-0.00335781,-0.00996914,-0.050303,0.0892459,0.0792606,0.0126181,0.00274873,0.023529,0.0219186,0.0772352,0.511135,0.017781,0.00227622,0.285835,0.0931556,0.0301006,0.0361589]],"n":18,"lags":3}