{"betahat":[[14.2205,4.23525,-2.8504,4.81593,14.7782,19.825,-1.38537,-1.64311,5.77343,-5.31077,-0.716076,1.44557,-1.22499,0.857293,0.339366,7.72165,0.120417,6.50074,1.07217,3.54941,-13.7448,-151.518,1.1329],[0.930262,0.0258844,0.304349,0.0194918,0.143722,0.309151,0.00216177,-0.00672198,0.0361631,-0.00931496,0.000842958,0.0286891,0.00839529,0.0334871,0.0202775,0.0371214,0.0015289,-0.0304581,-0.0368103,0.0209231,-0.082903,-0.120445,0.0184457],[0.0350912,0.774357,0.00113207,-0.0699614,0.0567497,-0.0117501,-0.0466756,-0.000780621,-0.167489,-0.014182,0.00416525,-5.30984e-05,-0.0067729,-0.0141327,-0.0130228,0.0271385,-0.00937272,-0.0158233,-0.0270695,0.00315483,-0.14625,-0.101171,-0.00975673],[-0.013084,0.00471224,0.711937,-0.0030696,-0.0211731,-0.0534878,-0.000870019,0.00131762,0.00494296,-0.00752556,0.000154235,-0.00057566,-0.00156556,4.22289e-05,-0.00188788,-0.00541426,0.000255709,0.0051883,0.00821093,0.00035767,0.051289,0.0809599,0.000476294],[-0.106889,0.152354,0.295403,0.907113,-0.209156,-0.00802747,0.0374956,-0.0314843,-0.05489,-0.0389415,0.00527231,-0.00418473,-0.00632253,-0.0136896,-0.016872,0.0569228,0.0568949,-0.0481204,-0.0573669,0.00113245,-0.346885,-0.250546,-0.007938],[0.022056,0.035089,0.427535,-0.00775568,0.99509,0.0931108,0.0116904,-0.00406671,-0.00899107,-0.00348703,-0.000288717,0.0068376,-0.0029543,0.0110675,0.000670655,0.0301591,0.000333277,-0.0105792,-0.0345969,0.00696034,-0.147418,-0.342272,0.00280702],[0.0152246,0.0142874,0.0184099,0.0207174,-0.0554443,0.868021,-0.00564899,-0.00607882,0.00591104,-0.0050463,-0.00732909,-0.00296431,-0.0034455,-0.00399131,-0.00533079,0.0126932,-0.00483955,0.00247449,-0.00426691,0.0121324,0.00837218,0.0501334,4.90264e-05],[-0.107615,-0.0619548,0.974976,0.173765,-0.19497,0.051302,0.94321,-0.000913671,0.146262,-0.0288097,0.00583044,0.0107107,0.00496302,0.0152816,-0.024327,0.0352248,-0.0450773,0.00908994,0.026305,0.00837429,-0.228929,-0.125459,0.00671533],[-0.442631,-0.026658,5.33114,0.0189172,-1.41265,-0.214325,-0.671376,1.13879,0.0514879,0.131396,-0.0743877,0.0948546,0.0608372,0.0623579,0.00833576,0.00586135,-0.432557,-0.0263882,-0.00958597,0.0231666,-1.43781,-0.578768,0.0155731],[0.018566,-0.0138149,0.594765,0.0247543,0.18715,0.276869,-0.0116798,-0.00386059,0.921236,-0.0111886,-0.00126423,-0.0106228,-0.00652392,-0.0106356,-0.00404198,-0.00998725,-0.00178001,0.0188386,-0.00322884,0.00191012,0.582695,0.0453848,-0.00477683],[-0.00895536,-0.0587287,-0.258025,0.0404206,0.20337,0.42388,0.104031,0.0178173,-0.214531,1.00002,-0.00638757,-0.00152305,-0.00332849,0.0121545,0.0182227,0.015404,-0.00636083,0.0420609,0.164229,0.0114931,-0.647545,0.0968308,0.0196632],[0.299364,0.607451,8.33216,0.0319572,-0.137388,1.98841,0.13661,-0.200426,0.265312,-0.314067,0.859546,0.0587141,0.175937,0.0781015,0.0890455,0.0518798,0.181635,-0.179765,-1.22189,0.023717,0.988571,11.7323,-0.0112981],[-0.172884,-0.27866,-1.02101,0.00220072,-0.372243,-0.529568,-0.395265,-0.000983455,-0.0607695,0.314583,-0.046093,0.970829,-0.0978928,-0.0399105,-0.115617,0.0682779,-0.373664,0.185616,-0.0114561,-0.0638347,-1.80461,-0.209746,0.00478522],[-0.447159,-0.265806,-1.69417,-0.125185,-0.0797931,-0.762465,-0.0523482,-0.0367279,-0.728152,-0.00473931,0.0169422,0.0477631,0.974738,0.0767866,0.0978135,-0.00745891,0.14192,-0.131438,0.21338,-0.0128148,0.900426,1.91016,0.0289774],[0.17773,-0.230124,1.80533,-0.0107374,0.162921,0.553939,-0.257705,-0.00225867,-0.395471,0.0737437,0.0145936,0.236242,-0.0430336,1.10904,-0.0495845,-0.147388,-0.171207,-0.0824399,-0.156469,0.0603152,1.542,2.99367,0.134088],[-0.0530945,-0.0952336,-0.627785,-0.297952,0.582308,0.87687,0.0493989,0.00720533,-0.30399,0.259988,0.0408966,0.209086,0.0537167,0.247411,0.997126,0.162735,0.0901462,-0.0337005,-0.137536,-0.0102694,-0.159254,-1.70334,0.124766],[0.0323884,0.0375602,-0.213435,-0.0520223,0.0166605,0.178547,0.0964784,0.016209,0.327028,-0.0138857,-0.012842,0.0261625,0.0194353,0.0411541,0.0337303,1.05027,0.0598896,0.0949889,0.0174171,0.0400241,-0.669553,0.173057,0.0217088],[-0.0820776,0.0866454,-0.427428,-0.0374615,-0.11565,-0.135912,-0.148497,0.00361952,-0.228765,0.00503736,-0.00199577,0.0119707,0.0232806,0.00790938,0.0216985,-0.0119187,0.820528,-0.0435062,-0.0488048,0.00935264,0.00601666,-0.0559683,0.0057252],[0.0186987,0.110564,1.253,-0.191936,0.199709,0.380433,0.0821463,-0.0121183,-0.0581866,0.0412546,-0.0106667,-0.0242858,-0.0550243,-0.0362006,-0.0698483,0.117748,0.0226356,0.711119,0.178002,0.00392689,-1.34352,1.4581,-0.00458821],[0.141573,-0.143731,0.873372,0.000366968,0.248855,0.341587,-0.0616235,0.0149505,0.0340441,0.0813124,-0.0271132,-0.00123218,0.000786132,-0.0140144,-0.00158339,-0.106927,-0.0622824,0.178322,0.695,-0.018109,0.708214,-0.08335,0.000930534],[-0.744283,0.154903,2.68518,-0.151641,0.215896,-0.260591,0.0609019,0.0730144,0.152354,0.422284,-0.019583,-0.0852386,0.0581913,-0.0225927,0.0155134,-0.416385,-0.129869,-0.0210486,-0.750138,0.667585,-0.130558,-3.52175,-0.0506723],[-0.0175558,-0.0301816,-0.238462,0.0255,0.0399128,-0.0350178,-0.0158241,0.001394,0.0510745,0.0142192,0.00181871,-0.00251172,-0.00521724,-0.00443016,-0.00498128,-0.0120527,-0.00238767,-8.91759e-05,0.0235238,-0.0103258,-0.280999,0.100155,-0.00168345],[-0.00244883,-0.00608217,-0.0429329,0.000196211,0.0176456,0.0123899,0.00379299,0.00182095,0.00256791,-0.00521861,0.00059267,0.00134931,-0.000818234,0.00203453,-0.000767442,-0.00106784,0.00461683,0.00507397,-0.00265142,0.000314589,0.00125014,0.945598,0.00113022],[0.309703,0.686733,3.01775,-0.4488,-0.965144,-0.704664,0.331446,-0.0258353,0.207148,-0.258138,0.0652187,0.0120571,0.120228,0.0549197,0.0643263,0.209882,0.340771,-0.657314,-0.201212,0.238547,3.5944,0.198276,1.02387],[0.00153444,-0.0405683,-0.497984,-0.0154651,-0.0965821,-0.243521,0.00376257,0.00538633,-0.00286419,-0.0018831,-0.00540528,-0.0200087,-0.00780064,-0.0226425,-0.0111958,-0.0155235,-0.000135623,0.0192397,0.0241524,-0.0247016,-0.0998057,0.344583,-0.0089926],[-0.117942,0.129481,-0.423591,0.00466609,-0.0512561,0.00567714,0.0383326,0.0014479,0.104813,0.0163668,-0.00629549,-0.00541738,0.00380139,0.00644274,0.00391056,-0.0237978,0.00942913,0.00992519,-0.00568595,-0.010279,-0.0233222,0.284732,0.00447388],[0.0131681,0.00561747,0.119794,-0.00279962,0.0246502,0.0373159,-0.00222722,-0.000949494,-0.00137078,0.00456735,0.000611639,-0.000705941,-8.17265e-05,-0.00136513,-0.00119567,0.00277764,-0.00204567,-0.00396615,-0.00692385,-0.00102634,-0.00803203,-0.0569282,-0.000445974],[0.0798639,-0.082885,-0.544385,0.037277,0.192902,-0.024143,-0.0376045,0.0165764,0.0917046,0.0378916,-0.000850243,-0.00380952,0.00323904,0.0031384,0.00463253,-0.0410946,-0.0472013,0.0288609,0.0533279,0.000628156,0.452385,0.344182,0.00120497],[-0.012297,-0.026039,-0.286332,0.0177829,0.0209682,-0.0618228,0.00168427,0.00419779,-0.0190534,-0.00571548,0.00103236,-0.00299816,-0.000178483,-0.00662473,6.78762e-05,-0.018793,0.00653565,0.00506368,0.0101971,-0.00592341,0.119455,0.334581,-0.00266336],[-0.00340307,-0.0038153,-0.0336756,-0.0206931,0.0440624,0.0705734,0.0114868,0.00520524,-0.0194167,-0.000193622,0.00758082,-0.00126364,0.000954589,-0.00184481,0.000964427,-0.0153585,0.0106288,-0.00875136,-0.00567788,-0.0112456,0.0481866,-0.000909733,-0.00257596],[0.0216957,0.0818364,-0.781518,-0.10101,0.0850434,0.00593458,0.0355694,0.00318937,-0.0219487,-0.00918887,-0.00173139,-0.00940914,0.0057543,-0.00641423,0.0208913,-0.0361358,0.0666889,0.010215,0.000418636,-0.00811139,0.209896,0.112481,-0.00402389],[0.240421,-0.00622625,-3.29167,-0.0497727,0.585153,-0.26988,-0.0645962,-0.160849,0.158943,0.00666723,0.0162608,-0.082068,-0.146778,-0.110887,-0.0943096,-0.00930753,-0.176709,-0.0192838,-0.0433657,-0.0609627,0.959004,2.03565,-0.0583499],[-0.0342251,-0.0102223,-0.490507,-0.0429652,-0.149169,-0.200064,0.0125082,0.000232042,0.0679965,0.012132,0.0047815,0.00503864,0.00615448,0.00419907,0.00056216,0.0090254,0.0118918,-0.0139158,0.00607707,0.00613438,-0.314019,0.176051,0.00196224],[0.0365306,0.000633982,0.632087,0.0131302,-0.113708,-0.177356,-0.0691982,-0.00708555,0.175059,-0.0451679,0.00877165,0.00809307,-0.00245114,0.00274627,-0.0145379,-0.0157063,0.0141191,-0.0374073,-0.125302,0.00110235,0.645655,0.597568,-0.00992519],[0.388456,-0.117964,-1.40267,0.109632,-0.126307,-1.02136,-0.101137,0.0152513,0.0668773,0.480049,-0.05625,0.00546341,0.00301089,-0.0693786,0.0420956,-0.00176434,-0.167514,-0.025369,0.0275358,0.0501205,-1.02239,1.33822,0.011736],[-0.00492024,0.10714,-0.422893,0.120456,-0.013236,-0.433239,0.00886786,0.0146609,0.0494258,-0.0337485,0.0105709,-0.110211,-0.00970109,-0.0613149,0.0352897,0.0444484,0.0406581,0.146736,-0.125714,0.00614583,-0.955037,-0.932058,-0.0554334],[0.357633,-0.265412,0.352473,-0.0629089,0.352967,0.381125,-0.13731,0.0822761,-0.0328611,0.145056,0.0060885,0.0228813,-0.0984053,-0.0341761,-0.0975305,-0.153803,-0.0911166,0.0380704,0.147359,0.0113553,-0.814995,-0.218573,-0.00234104],[-0.116256,0.121122,-0.0118049,0.212847,-0.224082,-0.402405,0.115855,-0.0372412,0.0506298,-0.104237,0.0334394,-0.0765686,0.0269956,-0.0676198,0.0354822,-0.0850117,0.11088,-0.0158921,-0.0889906,-0.0308633,0.633616,-0.200222,-0.0665562],[-0.215453,0.220034,1.20078,0.127912,-0.231776,-0.0716828,-0.139552,-0.0260696,0.0206395,-0.0502612,-0.0317766,-0.0861957,-0.0162282,-0.0860766,-0.109599,-0.092759,-0.0942285,0.176877,0.288019,-0.0248549,-0.574777,-1.90752,-0.0389942],[-0.0805448,-0.0832192,0.660359,0.0819395,0.051565,0.0444384,-0.0361127,-0.00735638,-0.221069,0.0152628,0.00960593,-0.016424,0.00203406,-0.0187763,-0.0116987,-0.034937,0.00446611,-0.0560794,-0.0375917,-0.0278908,0.107375,-0.282447,-0.0142488],[0.0285219,-0.0274812,0.129218,0.00403403,0.107022,0.19583,0.132898,-0.0052497,0.155681,-0.0214845,0.000334466,-0.00331524,0.0048198,0.00445043,-0.00281871,0.0148565,0.200371,0.0489127,0.0463856,-0.007702,-0.108139,0.370719,0.00171275],[0.131417,-0.0224043,-0.148926,0.183203,0.0206981,-0.131083,-0.0764556,0.00998338,0.360172,-0.00853582,-0.000271716,0.0155199,0.01176,0.0263981,0.0278391,-0.10317,0.0114148,-0.116497,0.00552108,-0.00843037,1.03658,-0.699908,-0.00598006],[-0.0684711,0.105953,-0.250125,0.0313545,-0.0648268,-0.162279,0.0504904,-0.00427957,0.016319,-0.0510579,0.00337628,-0.00768393,0.0105249,-0.00144658,0.00146002,0.0359966,0.042245,-0.0104369,-0.0559341,-0.00292071,-0.372709,-0.71651,-0.0101355],[-0.251177,-0.203045,0.875073,0.00512387,-0.596544,0.132665,-0.23622,0.0337544,0.676204,-0.10976,0.0609173,-0.0467939,-0.0728006,-0.0440252,-0.103937,-0.140538,-0.142009,0.0544256,-0.226988,0.0158627,0.774612,0.560499,-0.0378962],[0.00412132,-0.0172989,-0.0353652,-0.0163377,0.0189441,0.0178635,-0.00478977,0.00120324,-0.0124063,0.0161903,2.4195e-05,0.00355452,0.00242499,0.00477512,0.00442481,0.00161032,-0.00722552,0.00136936,0.0189707,-0.000903702,-0.0972917,0.0369192,0.00364559],[-0.0111714,0.000526089,-0.0297813,0.000734363,-0.0218313,-0.0186711,0.00577363,0.000156072,-0.00743929,0.000776931,-0.000509015,0.000280478,0.000663222,0.000510961,0.00106987,-0.00343823,0.00536696,-0.000187233,0.00504211,-0.000104467,0.0282865,-0.0865321,0.000142286],[0.0207444,0.019969,-0.90094,0.160888,0.283033,0.108456,0.351272,0.0242385,-0.138574,0.010509,0.0203273,-0.112846,0.0829011,-0.0801927,0.0543361,0.0364631,0.196119,0.027752,0.136362,-0.0808113,-0.595368,0.50297,-0.113065],[0.0670931,0.014257,0.194824,-0.00433692,-0.0491687,-0.0672391,-0.00559595,0.00140689,-0.0336636,0.0113337,0.00468687,-0.0086731,-0.000415716,-0.0107344,-0.00897313,-0.0215681,-0.00114729,0.0120384,0.0127472,0.00379069,0.18433,-0.208772,-0.00938716],[0.0814387,0.0941202,0.422489,0.0648153,-0.00796152,0.00266884,0.0087874,-0.000373406,0.0603267,-0.00152543,0.00213983,0.00545124,0.00322613,0.00769175,0.00918306,-0.0033423,0.000347836,0.0087351,0.0346268,0.00706547,0.168261,-0.168747,0.00517545],[-0.00335648,-0.00941954,0.113898,0.00699555,-0.0061875,0.00795084,0.00239211,-0.000412389,-0.00170581,0.0040971,-0.000796127,0.000590626,0.00100714,0.000470827,0.00238501,0.000958865,0.00123652,-0.00335531,-0.00165513,-8.33169e-05,-0.0432758,0.0236637,-0.000347056],[0.0253009,-0.0685369,0.246225,0.0537981,0.0140429,0.0289068,0.000291161,0.0150694,-0.0370252,0.00191794,-0.00423917,0.00770395,0.00335414,0.0103032,0.012261,-0.016157,-0.00935155,0.0224711,0.00676462,-0.00209287,-0.113285,-0.0756566,0.00660097],[-0.00926221,-0.0092404,-0.134804,-0.0108656,-0.0194652,-0.0350446,-0.0130328,3.84353e-05,0.0269273,0.0093375,-0.000557131,-0.0036139,0.00329795,-0.00406083,-0.000616032,-0.0113272,-0.00654702,0.00593607,0.0232622,-0.000924782,0.027298,0.0351457,8.88422e-05],[-0.0120673,-0.00984773,0.0175053,-0.000860075,0.00682763,0.0545073,-0.00580925,0.00103642,0.0120206,0.0055641,-6.7698e-05,0.00428717,0.00256509,0.00596789,0.00433605,0.00236379,-0.00534019,0.00674992,0.00892927,-0.000960937,-0.060774,-0.0261236,0.00259231],[0.0841299,-0.0188677,-0.189855,-0.0758274,0.108233,-0.0618351,0.0199011,-0.00130152,-0.126363,0.0398472,-0.0035084,-0.00137571,-0.0100702,-0.00850202,0.00380052,6.53856e-05,-0.0217741,-0.0142361,-0.0242793,-0.000532159,0.0116162,0.0476153,-0.00270193],[0.155279,-0.147266,-1.22788,-0.0967643,0.904843,0.76197,0.179468,-0.102313,-0.114783,-0.0922435,0.0650463,-0.0354061,-0.00850118,-0.0251482,-0.0300351,0.0791814,0.0586645,-0.172855,-0.103186,0.00332959,-0.0230266,0.327802,-0.00789528],[0.0118213,0.0275558,-0.109772,0.0207765,-0.0373222,-0.0777122,0.00369168,0.00272544,-0.00060991,0.00162945,-0.00342136,0.00512439,0.00186544,0.00546647,0.00467974,-0.00082795,-0.00590776,-0.000650011,0.00395141,-0.0101769,-0.27752,-0.158531,0.00215272],[-0.0293195,0.0587391,-0.378334,-0.0530497,-0.0924335,-0.24722,-0.0342446,-0.0108554,0.0400077,0.0435958,-0.00233096,-0.00689168,0.00575536,-0.0151921,-0.00388798,0.000575437,-0.00786566,-0.00252761,-0.0376519,-0.0130308,0.004752,-0.664377,-0.0097984],[-0.115134,0.0253137,-0.495978,0.385725,0.716544,0.937184,-0.383668,-0.000700811,0.433544,-0.254965,0.00659635,-0.0870459,-0.0404085,-0.118416,-0.109536,0.0662799,-0.380817,-0.315412,-0.0712677,-0.0697453,0.584954,-5.52916,-0.0458004],[0.0440695,-0.0447138,-0.647976,-0.0248333,-0.0719313,-0.138128,-0.0504707,0.0187275,0.126322,0.0196992,-0.0210343,-0.0506171,-0.0110101,-0.0392862,0.0153268,0.0376363,-0.0329521,0.166571,0.077783,0.015721,-0.359768,-0.983023,-0.0107799],[0.105341,-0.0184001,0.0364631,0.0701606,-0.00795316,0.206781,0.122198,0.0250963,-0.0554615,-0.186121,-0.0202026,-0.0316057,-0.0359459,-0.0374716,-0.0212222,-0.0137315,-0.0490188,0.0366344,0.0453268,0.0114602,-0.961257,-0.685834,-0.0075209],[0.121945,0.00928383,-0.399581,0.0508476,0.0405785,0.0203175,0.0363214,-0.0160321,0.0419105,-0.0666854,-0.0112149,-0.0318005,0.00237298,-0.0389273,0.030443,-0.0157045,0.0109252,0.0457863,-0.0103424,-0.0150044,-0.152957,0.079598,-0.00991478],[-0.153013,0.00703803,-1.41562,0.0537432,0.0398717,0.147781,0.146962,-0.0218543,-0.21999,-0.273058,-0.0288016,-0.0248347,0.00167618,-0.0109501,0.0278698,0.0534915,0.0309838,0.0729418,0.157724,0.0194864,-0.863012,-1.35953,-0.00691946],[0.0499046,0.0434027,-0.445762,-0.0307384,-0.0699777,-0.227077,-0.0594897,-0.00872056,-0.106307,-0.000437224,0.00361877,-0.0095616,-0.0208636,-0.0219071,-0.0215986,-0.015906,-0.0638868,-0.0338065,0.0226943,-0.0115391,0.574982,0.151703,-0.00723086],[0.0526535,-0.0584284,0.292407,0.0305437,0.0060237,-0.0678235,0.0147365,0.00252396,0.0681368,0.0187819,0.00198141,-0.00860155,-0.0273997,-0.0121718,-0.0182941,-0.00332367,-0.0215775,-0.000458793,0.00656887,-0.0018464,0.0889547,-0.301773,-0.00741782],[-0.131408,-0.16415,-0.553054,-0.0181891,-0.205579,-0.142024,-0.0489125,0.00664431,-0.145304,-0.0299946,0.00450872,0.0101519,0.0282134,0.0112039,0.0299746,-0.0324622,-0.0801631,-0.234171,0.0632563,0.0035878,0.786872,-0.452048,0.00763462],[-0.0388959,0.0228106,-0.133197,0.0464514,0.0486662,0.0876906,0.0493214,-0.0105654,0.00859718,-0.0288026,0.00587844,-0.00348534,0.00302146,0.00400554,0.0053255,0.0405853,0.0219472,-0.0100012,-0.154929,-0.0088955,-0.360752,0.336092,0.00157121],[-0.142094,-0.159799,-1.34579,0.143035,-0.491868,-0.657431,-0.0873429,0.013231,-0.0438715,0.0816024,-0.0223276,-0.0468391,-0.0569998,-0.0910987,-0.0555699,-0.0927288,-0.0810404,0.0464095,0.0339565,0.0391977,1.93587,-1.11961,-0.052267],[0.00457691,-0.0042063,-0.0575996,-0.000601766,0.0266193,0.0195465,-0.00284176,-0.00178218,-0.00327467,0.000886289,-0.00106757,0.000183101,-0.00154483,-0.00129801,9.2328e-05,-2.57164e-05,-0.00542168,-0.00122614,0.00417501,-0.000444894,0.00329997,-0.00853395,0.000755197],[-0.001675,0.00462858,0.0412078,-0.000795859,-0.00727605,-0.00345642,-0.00347636,0.000239875,-0.00337969,0.00247444,0.000784778,-0.000792553,-0.000604094,-0.000822307,-0.000747224,-0.000934423,-0.00419066,0.000690697,0.00404318,-0.00018578,0.00309502,-0.0473745,-0.000610531],[0.0138791,0.0366015,-1.21641,-0.00644102,0.228402,0.248365,0.107364,0.0171608,0.292602,0.0606608,-0.0136088,-0.00729792,0.0270417,-0.0112837,0.0289003,0.0209512,0.0730338,0.132633,0.2457,-0.00765733,0.0182037,1.15313,-0.00728538]],"sigmahat":[[1.2185,0.225907,1.6776,0.00298522,0.629774,0.384322,-0.02102,0.00883043,-0.0871454,0.00399928,-0.00262101,0.0243756,-0.015084,0.0350452,0.01302,0.0668345,-0.0489013,0.0123664,-0.0718821,0.0645397,0.57196,1.35236,0.0221045],[0.225907,0.888401,0.209761,-0.0731879,-0.0499749,-0.0591804,0.0491145,-0.0221894,-0.0500817,-0.0448916,0.00811798,-0.0103518,0.0250201,0.00086312,0.0218713,0.0407239,0.020526,-0.00864989,-0.138488,-0.0163872,-0.114892,-0.36534,-0.005687],[1.6776,0.209761,33.5649,0.141123,-0.742955,3.58659,0.325669,-0.0645627,-0.190222,-0.328433,0.000525192,0.200628,0.10613,0.222595,0.0169922,0.222231,0.298298,0.336723,-0.196693,0.183197,3.47695,0.951048,0.0810404],[0.00298522,-0.0731879,0.141123,0.547276,0.0644199,0.104222,0.0220136,0.00177231,0.0439742,-0.0222863,-0.00682781,-0.00568141,0.00810123,-0.00547029,0.0155734,-0.0312111,0.0135559,-0.0106763,0.0345471,0.00244325,0.267433,0.0129256,-0.00924067],[0.629774,-0.0499749,-0.742955,0.0644199,2.46185,2.27593,0.0673804,0.0107568,-0.237605,-0.0241795,0.0011887,0.0430349,0.0141234,0.0600302,0.0638606,0.0887544,0.0615751,0.0343758,-0.0522687,0.00704315,-0.391258,1.15404,0.0272459],[0.384322,-0.0591804,3.58659,0.104222,2.27593,4.24169,0.257902,0.00306285,-0.213411,-0.201505,-0.0107717,0.0879461,0.0347538,0.114093,0.0701277,0.14827,0.162239,0.066588,-0.039345,0.042781,0.0141807,1.26157,0.0521875],[-0.02102,0.0491145,0.325669,0.0220136,0.0673804,0.257902,0.344308,-0.0134043,-0.207174,-0.0494745,0.000862462,0.00916396,0.0553263,0.0211733,0.0484733,0.0364895,0.244733,-0.00932452,-0.00397699,0.00810464,-0.0975595,0.0374402,0.00102657],[0.00883043,-0.0221894,-0.0645627,0.00177231,0.0107568,0.00306285,-0.0134043,0.0151459,0.00547137,0.00856312,-0.00221491,0.00249885,-0.00393245,0.00277011,-0.00133841,-0.012432,-0.00755245,0.00414663,0.0158728,-0.00177113,-0.0261801,0.00251718,0.00116336],[-0.0871454,-0.0500817,-0.190222,0.0439742,-0.237605,-0.213411,-0.207174,0.00547137,1.60091,-0.00401073,0.013688,-0.00773924,-0.0549944,0.00576216,-0.068302,-0.112564,-0.0852524,0.0781561,0.137027,0.00319441,0.2133,1.75734,-0.00369159],[0.00399928,-0.0448916,-0.328433,-0.0222863,-0.0241795,-0.201505,-0.0494745,0.00856312,-0.00401073,0.275757,-0.00189829,-0.00846963,0.00639714,-0.0125431,-0.00192925,-0.0261389,-0.0134632,0.00517779,0.0473003,-0.0114578,-0.297512,-0.435401,-0.00405359],[-0.00262101,0.00811798,0.000525192,-0.00682781,0.0011887,-0.0107717,0.000862462,-0.00221491,0.013688,-0.00189829,0.0126077,-0.000453859,0.0033796,-0.000337459,0.000357681,-0.004271,0.00129357,-0.00899496,-0.0179219,-0.000311019,0.142434,0.0157248,-0.00210851],[0.0243756,-0.0103518,0.200628,-0.00568141,0.0430349,0.0879461,0.00916396,0.00249885,-0.00773924,-0.00846963,-0.000453859,0.0247832,0.000777606,0.025273,0.0068098,0.0138039,0.00930174,-0.00159699,3.37959e-05,0.0101837,-0.00600923,-0.120866,0.0125527],[-0.015084,0.0250201,0.10613,0.00810123,0.0141234,0.0347538,0.0553263,-0.00393245,-0.0549944,0.00639714,0.0033796,0.000777606,0.0358618,0.00464836,0.0276627,0.00295163,0.0434776,-0.00754878,0.00212884,0.000493343,0.0284233,-0.183714,0.00060328],[0.0350452,0.00086312,0.222595,-0.00547029,0.0600302,0.114093,0.0211733,0.00277011,0.00576216,-0.0125431,-0.000337459,0.025273,0.00464836,0.0356794,0.0122462,0.0216261,0.0194273,-0.00464136,-0.00655308,0.0128749,-6.88074e-05,-0.103994,0.0151198],[0.01302,0.0218713,0.0169922,0.0155734,0.0638606,0.0701277,0.0484733,-0.00133841,-0.068302,-0.00192925,0.000357681,0.0068098,0.0276627,0.0122462,0.0401515,0.00983018,0.0381731,-0.00553936,-0.0073299,0.00291444,0.0159307,-0.237643,0.00382153],[0.0668345,0.0407239,0.222231,-0.0312111,0.0887544,0.14827,0.0364895,-0.012432,-0.112564,-0.0261389,-0.004271,0.0138039,0.00295163,0.0216261,0.00983018,0.131371,0.0239988,0.00322301,-0.0725315,0.0221189,-0.234205,-0.300116,0.0112303],[-0.0489013,0.020526,0.298298,0.0135559,0.0615751,0.162239,0.244733,-0.00755245,-0.0852524,-0.0134632,0.00129357,0.00930174,0.0434776,0.0194273,0.0381731,0.0239988,0.265175,-0.0182016,-0.0254806,0.00588534,-0.115053,-0.216334,-0.000368385],[0.0123664,-0.00864989,0.336723,-0.0106763,0.0343758,0.066588,-0.00932452,0.00414663,0.0781561,0.00517779,-0.00899496,-0.00159699,-0.00754878,-0.00464136,-0.00553936,0.00322301,-0.0182016,0.298835,0.162412,0.000993084,0.117971,0.680949,-0.00399096],[-0.0718821,-0.138488,-0.196693,0.0345471,-0.0522687,-0.039345,-0.00397699,0.0158728,0.137027,0.0473003,-0.0179219,3.37959e-05,0.00212884,-0.00655308,-0.0073299,-0.0725315,-0.0254806,0.162412,0.492592,-0.0172101,0.222481,0.0420295,-0.00195524],[0.0645397,-0.0163872,0.183197,0.00244325,0.00704315,0.042781,0.00810464,-0.00177113,0.00319441,-0.0114578,-0.000311019,0.0101837,0.000493343,0.0128749,0.00291444,0.0221189,0.00588534,0.000993084,-0.0172101,0.0362607,0.250589,-0.152599,0.00646796],[0.57196,-0.114892,3.47695,0.267433,-0.391258,0.0141807,-0.0975595,-0.0261801,0.2133,-0.297512,0.142434,-0.00600923,0.0284233,-6.88074e-05,0.0159307,-0.234205,-0.115053,0.117971,0.222481,0.250589,18.4429,2.62263,-0.0498142],[1.35236,-0.36534,0.951048,0.0129256,1.15404,1.26157,0.0374402,0.00251718,1.75734,-0.435401,0.0157248,-0.120866,-0.183714,-0.103994,-0.237643,-0.300116,-0.216334,0.680949,0.0420295,-0.152599,2.62263,77.2379,-0.0107247],[0.0221045,-0.005687,0.0810404,-0.00924067,0.0272459,0.0521875,0.00102657,0.00116336,-0.00369159,-0.00405359,-0.00210851,0.0125527,0.00060328,0.0151198,0.00382153,0.0112303,-0.000368385,-0.00399096,-0.00195524,0.00646796,-0.0498142,-0.0107247,0.0120631]],"n":23,"lags":3}