{"betahat":[[1.31456,0.348648,4.47176,0.813576,1.69358,1.63096,0.00902081,0.22015,-0.084953,-0.199361,0.000180915,0.6164,0.0535274,-0.185759,0.0794094,-0.0917415,-0.114745,5.25249,-0.276116,-0.898205],[0.738796,-0.204979,0.0935587,0.0787316,-0.146037,-0.144246,0.0189658,-0.00682635,0.0186475,0.0123376,6.35221e-05,-0.0194915,0.0503269,0.0849633,-0.00825602,0.000617633,0.012942,-0.127304,0.00419909,0.134693],[0.0722421,1.00669,0.0645967,-0.0277151,0.0895246,0.128624,0.0167123,-0.0294787,-0.00977019,-0.015906,-9.25078e-05,0.0829925,-0.0114628,-0.123433,0.0132006,0.00604833,-0.0130116,-0.0968514,-0.0182866,-0.275136],[-0.0127385,0.0414432,0.666543,-0.00951504,-0.0110919,-0.0665889,-0.00302887,-0.0062507,-0.000719244,-0.00283609,-2.06886e-05,0.025723,-0.0130272,-0.0237615,0.00119111,-0.00299225,-0.00485829,-0.0365269,-0.00828735,0.00114521],[-0.242908,-0.468399,-0.468562,0.802688,-0.223382,-0.0933955,-0.118253,0.0441839,0.0197895,0.000257617,9.51562e-05,-0.276862,0.0854311,0.255803,-0.0483301,-0.00717359,-0.0440677,-0.172216,0.0181878,-2.60164],[0.0489802,0.108746,1.09445,-0.112185,0.980594,0.232986,0.00624904,-0.000632902,0.0162024,0.00118802,-1.85117e-05,0.0341678,-0.0103175,-0.0202568,0.000732186,-0.00198112,0.0117429,0.15089,-0.00925862,0.913686],[0.0304524,-0.0232187,-0.43702,0.0334394,0.143719,1.0254,-0.00985104,-0.0208188,0.00343815,-0.0187227,5.66856e-06,-0.0322884,-0.0200289,0.00683759,-0.0075182,-0.00910651,-0.0256185,-0.307833,-0.00718514,-0.845051],[-0.496278,-0.424804,-0.478488,0.209376,-1.20551,-1.16674,0.863276,0.135094,0.0315969,-0.0214688,3.39684e-05,-0.209616,-0.0114395,0.243359,-0.037024,-0.0540537,-0.0752414,-0.612401,-0.00628643,-3.052],[-0.0846972,-0.265593,0.188705,-0.156473,-0.223592,-0.196756,0.0285667,0.444459,0.0265486,-0.0054652,0.000100946,-0.227871,0.126014,0.142572,-0.0810047,-0.0272461,0.0286145,-0.430498,0.0472955,-1.43553],[-0.274918,-0.170809,-0.471239,-0.54046,-0.618106,-0.689951,-0.336752,0.136198,1.36054,-0.0363454,0.000944267,-0.18393,0.0795105,0.143523,-0.0948365,-0.0132836,-0.0250632,0.397258,-0.0631376,-2.47111],[0.0685228,-0.668892,-2.3303,0.267812,1.15247,0.612655,0.124912,0.17506,0.145514,1.1337,9.78977e-05,-0.194005,0.0265984,0.110137,0.215586,0.0171573,0.091373,3.62673,-0.140007,6.51323],[-118.709,-106.346,1440.07,256.574,-132.55,177.42,-1.38283,44.8316,-0.753596,33.045,0.818318,-112.817,-32.361,80.4921,4.13508,-13.9242,6.63646,50.3756,15.0078,2.48426],[0.148752,-0.0129779,-0.30392,0.00675839,-0.146265,-0.216833,-0.0789457,-0.00826372,-0.00845502,0.0109892,1.99805e-05,0.933535,0.0527322,-0.09033,0.0269877,0.00139605,0.0310472,0.86143,0.0269888,0.36862],[-0.145368,0.116789,0.481622,0.394699,-0.538045,-0.466843,-0.137745,-0.0174413,-0.000742212,-0.00201137,-0.000240254,-0.106041,1.33572,0.236843,0.0181598,-0.0644821,-0.0198716,-0.2799,0.0385451,-1.77236],[0.701989,1.40779,1.97543,0.0187962,0.226931,0.370348,0.0630775,0.0614025,-0.00245647,-0.0362368,-0.000273732,0.771005,-0.223247,0.340237,0.0723579,0.0288669,0.00999018,1.16156,-0.130678,3.84542],[-0.502162,0.590549,-3.39658,-0.0909942,-0.0409108,-0.198861,0.661596,-0.189579,0.0202825,0.172882,-6.3049e-05,0.12478,-0.160107,-0.0471716,1.51479,0.167425,0.118932,-2.02873,0.157537,3.06908],[-0.279017,0.653379,-4.29024,-0.411254,0.225196,0.169141,0.125955,-0.0930527,0.0620036,0.139639,-0.000887163,0.336829,0.179216,-0.435025,-0.0390137,1.30887,0.175443,-6.93576,-0.17996,-2.36095],[0.295459,0.627687,2.92293,0.172916,-0.426523,-0.0981632,-0.143775,0.0445444,0.0511136,-0.0516647,-9.44283e-05,0.29504,-0.0593986,-0.128093,-0.0317904,-0.132009,0.987198,3.31043,-0.164309,-0.666414],[0.00388176,0.053445,-0.134254,0.0139716,0.0102791,0.00455896,0.021578,-0.00814332,-0.0022191,0.00333977,-1.15054e-05,0.0232495,-0.024842,-0.0206885,0.00962689,0.00565505,0.0107129,1.03522,0.0128165,0.106589],[-0.0543506,0.210302,-0.301202,-0.202981,-0.449417,-1.07194,-0.0729158,-0.108093,-0.0952077,0.0387984,0.00031247,-0.205788,-0.178237,-0.0649133,-0.0116006,-0.000551868,-0.0178668,-2.36901,1.21641,-6.45564],[0.0174852,0.013274,0.153799,0.0149447,0.0157378,0.0263492,0.0017054,0.00377957,-0.00193377,0.000446666,3.54639e-06,0.00742815,-0.00591039,-0.00887848,-0.000101775,0.000895043,0.00265075,0.00787684,-0.000410776,1.1481],[0.127169,0.166031,-0.24639,-0.057419,-0.0732601,-0.143748,0.000720894,0.0490379,-0.0193666,-0.0138228,-5.14524e-05,0.010194,0.00172958,-0.0308369,0.0103388,-0.0105791,-0.012337,0.271053,0.000945536,0.418747],[-0.0295364,0.0122626,-0.14526,0.00276504,-0.0988587,-0.183006,-0.0129624,0.0156758,0.00494206,0.00624825,3.89697e-05,-0.0604227,0.0426554,0.0812079,-0.0122325,-0.00486201,0.00400932,0.0622802,0.00743434,0.340566],[0.0219154,-0.0171432,0.164973,0.00218195,0.0143618,0.0447663,0.0011992,-3.99554e-05,-0.000141751,-0.00112726,2.35944e-05,-0.0109491,0.0142319,0.0156979,-0.00114214,-0.00682392,-0.00234791,0.105081,0.00184967,-0.0405284],[0.244064,0.256201,-0.48048,0.179103,0.515816,0.308935,0.0851484,-0.0452077,-0.013909,0.0133057,-6.80234e-05,0.212651,-0.0110449,-0.18238,0.0494931,-0.0240137,0.0317592,1.02982,-0.0131425,2.69473],[-0.0233281,-0.0657666,-0.737833,0.121557,0.0649086,-0.144596,0.01203,-0.0086836,-0.00602553,0.00618432,6.68973e-06,-0.00667972,0.00423103,0.0027183,0.013781,0.0122091,0.00310345,-0.00960541,0.0161164,-0.314684],[0.0256657,0.053532,0.305345,-0.0116526,0.0363239,0.109379,0.0358673,-0.00413373,0.00345553,0.0175694,5.00199e-06,0.0524796,0.00692883,-0.0176477,0.0194341,0.0128116,0.0209871,0.255725,0.00372472,0.667544],[0.234958,0.212541,0.240468,-0.103176,0.755425,0.816152,0.132401,-0.126749,0.0115881,0.0360318,0.000160948,0.0848988,-0.0476822,-0.135595,0.020542,0.0412479,0.0723943,-0.316334,0.0293967,1.04288],[-0.0279036,0.0451973,0.377239,0.13821,0.151289,0.2203,-0.164049,0.411429,0.00498618,0.00749223,-5.22454e-05,0.182787,0.0403349,-0.0883621,0.0141087,0.0219311,-0.0265842,-0.634435,-0.00903257,-2.15271],[0.130522,0.306109,1.09362,0.294107,-0.339615,-0.436183,0.391019,-0.199557,-0.25678,-0.0039549,-0.000725757,0.252861,0.0698993,-0.159677,0.039635,0.0119457,-0.00917045,0.728054,0.0441958,3.47887],[0.0164889,0.0730038,4.22952,-0.332038,-0.842571,-0.283393,-0.257553,-0.330091,-0.0461142,-0.0754262,1.16973e-05,0.00959846,0.154343,0.0972455,-0.170972,0.00689084,-0.0766651,-3.45858,0.0461421,-4.89637],[-3.74568,57.3711,-462.751,-162.045,-162.216,-341.353,70.0051,37.7598,-4.74802,-28.601,-0.0950689,63.3597,82.1327,10.765,12.0887,-7.9195,-13.194,242.296,-8.52429,1199.2],[-0.102383,0.0702026,0.430397,-0.0539936,0.0142025,0.109856,0.0803289,0.01226,0.00248811,0.00278582,-6.82568e-05,0.0338851,-0.0364289,0.0615615,-0.0114319,-0.000447687,-0.0168782,-0.649725,-0.0114979,-0.275003],[-0.0397266,-0.53861,-1.29176,-0.385486,0.228092,0.064384,0.082459,0.0985083,0.00334372,0.0178808,0.000205034,-0.0487925,-0.11742,-0.0614177,-0.0468421,0.0269471,-0.00372105,0.204812,-0.0125629,-0.434631],[-0.478764,-1.19552,-1.72835,0.0196142,-0.12546,-0.26775,-0.0553498,-0.0231348,0.00679218,0.0291379,0.000247928,-0.560039,0.206403,0.460466,-0.0559396,-0.0198272,0.00379011,-0.448027,0.0911748,-2.6051],[0.772441,0.507169,3.99764,0.225341,0.375954,0.671959,-0.222562,0.0919783,0.00807226,-0.0317258,4.16115e-05,0.373531,0.159041,-0.335388,-0.180793,-0.00403481,0.0334199,1.6015,-0.118869,0.931836],[0.224834,-0.450265,3.52579,0.207954,-0.581467,-0.800146,-0.158167,0.132267,-0.0344704,-0.138054,0.000476883,-0.316789,-0.106111,0.381817,-0.0486762,-0.188091,-0.142783,4.6858,0.0623329,-2.41964],[-0.127473,-0.346345,-1.40882,-0.354357,0.184147,-0.200408,0.00384076,-0.129674,-0.0179903,-0.0258065,-9.657e-05,-0.335747,-0.0111152,0.239864,-0.0621876,0.0482456,-0.0745736,-3.14829,0.0660792,-2.42494],[-0.0164771,-0.0100462,-0.0133555,-0.0223316,-0.0273197,-0.0123912,-0.0098343,-0.00530952,-0.00219633,-0.00624765,1.19812e-05,-0.00792431,0.0217679,0.0119431,-0.000160555,-0.00532151,-0.00739451,-0.0586197,-0.00552607,0.279386],[0.129439,-0.367273,0.897885,0.0818354,0.226443,0.647312,-0.0768123,-0.0121684,0.0781531,-0.0517117,-0.000160095,0.151997,0.137829,0.110276,-0.0131091,-0.0308435,-0.033482,1.22392,-0.174166,3.80713],[-0.0124079,-0.00967287,-0.0530845,-0.0107406,-0.00829104,-0.00312805,-0.00149271,-0.00605933,0.00147134,-0.00143823,-4.00865e-06,-0.00824235,0.00430767,0.0102314,-0.000608292,-6.94553e-05,-0.00166517,0.0189263,0.000258944,-0.0606282],[0.134036,0.0389486,0.152831,-0.0213125,0.219297,0.287994,-0.0196866,-0.0422116,0.000719068,0.00148523,-1.20698e-05,0.0092975,-0.0520564,-0.0541264,-0.00208273,0.00996143,-0.000605064,-0.143748,-0.00514462,-0.553439],[-0.0427058,-0.0189526,0.0806638,0.0249501,0.00933396,0.0543823,-0.00374989,0.0138029,0.00482812,0.00965772,5.35381e-05,-0.0225698,-0.0311926,0.0422248,-0.000968051,-0.00118633,0.00900232,0.0345715,0.0108522,-0.0654291],[-0.00917683,-0.0243,0.168483,0.00733318,-0.00326996,0.0218225,0.00182963,0.00629062,0.000860986,0.00396335,-2.90587e-06,-0.0147739,-0.00120463,0.00806363,-4.89571e-05,0.00981618,0.00720621,-0.0685536,0.00643768,0.0393831],[-0.00115595,0.212198,0.949043,0.0182085,-0.292434,-0.21554,0.0331048,0.00102375,-0.00588051,-0.0135633,-2.71328e-05,0.0642108,-0.0743861,-0.0734232,-0.00116297,0.0311873,0.0123085,-0.8576,-0.00504528,-0.0930858],[-0.025652,-0.0429797,-0.356618,-0.00937137,-0.0455029,-0.0883893,-0.018279,0.00931648,-0.0101769,-0.00737232,1.18219e-05,-0.027488,0.00608652,0.0175385,-0.0145131,-0.010228,-0.0148463,-0.141285,-0.00685782,-0.599001],[-0.056118,-0.0303132,0.131676,-0.0217868,-0.180043,-0.134779,-0.0260162,0.0249526,-0.00689369,0.00115338,-1.06706e-05,-0.0201912,0.0131002,0.0108101,-0.0119159,-0.00370505,0.00463148,0.0521084,0.00346043,0.177508],[0.261321,0.212263,0.238021,-0.1062,0.450083,0.350586,0.00432309,-0.00834545,-0.0431851,-0.014563,-0.000194916,0.124717,0.0591218,-0.107764,0.016482,0.0128057,0.00284715,0.928736,-0.0231102,2.00912],[0.11275,0.220683,-0.56511,0.0182183,0.0723922,-0.0232924,0.135409,0.143949,-0.0315465,-0.00202166,-4.88268e-05,0.0451734,-0.166285,-0.054265,0.0669002,0.0053224,-0.00200976,1.06511,-0.038252,3.5885],[0.143643,-0.134393,-0.614412,0.244842,0.949731,1.11797,-0.0527831,0.0653815,-0.104284,0.0394995,-0.000218324,-0.0678384,-0.150354,0.0164412,0.0551809,0.000283092,0.0339017,-1.11177,0.0189282,-1.01125],[-0.0853036,0.595631,-1.89905,0.0639822,-0.31026,-0.329638,0.132724,0.155276,-0.0994074,-0.0583978,-0.000109403,0.184362,-0.181162,-0.207237,-0.0446874,-0.0241712,-0.0147968,-0.167455,0.0938317,-1.61961],[122.455,48.9747,-977.32,-94.5292,294.767,163.933,-68.6223,-82.5913,5.50161,-4.44406,0.276751,49.4577,-49.7718,-91.2571,-16.2237,21.8437,6.55757,-292.671,-6.48347,-1201.69],[-0.0463691,-0.0572247,-0.126477,0.0472352,0.132063,0.106978,-0.00138318,-0.00399624,0.00596691,-0.013775,4.82763e-05,0.0325798,-0.0163033,0.0287686,-0.0155558,-0.000948362,-0.014169,-0.211704,-0.0154909,-0.0936166],[0.185094,0.421821,0.810142,-0.00921335,0.309953,0.402459,0.0552863,-0.081067,-0.00260151,-0.0158694,3.52196e-05,0.154833,-0.218299,-0.175426,0.0286823,0.037535,0.0235927,0.0750886,-0.0259822,2.20699],[-0.223029,-0.211879,-0.246457,-0.0384378,-0.101206,-0.102302,-0.00771622,-0.0382757,-0.00432726,0.00708076,2.58019e-05,-0.210799,0.0166956,0.199139,-0.0164024,-0.00904177,-0.0137792,-0.713413,0.0394617,-1.23915],[-0.270279,-1.09772,-0.601063,-0.134346,-0.335044,-0.473099,-0.439033,0.0976011,-0.0283548,-0.141156,2.14374e-05,-0.498311,0.00106543,0.38256,-0.333996,-0.16339,-0.152352,0.427233,-0.0386679,-4.00092],[0.050922,-0.209568,0.782967,0.201427,0.344849,0.620115,0.0358211,-0.0364082,-0.028105,-0.00231866,0.000411323,-0.0195798,-0.0684457,0.055606,0.0874575,-0.122967,-0.0332188,2.27438,0.117987,4.7755],[-0.168545,-0.281879,-1.51362,0.181071,0.241637,0.297913,0.140062,0.0853879,-0.0331414,0.0773148,0.000191193,0.0406105,0.070557,-0.111514,0.0938634,0.0835748,0.0872009,-0.161511,0.0982072,3.08651],[0.0125958,-0.043398,0.14761,0.00836004,0.0170405,0.0078323,-0.0117435,0.0134527,0.00441538,0.00290797,-4.75947e-07,-0.0153248,0.00307441,0.00874515,-0.0094661,-0.000333535,-0.00331828,0.0234035,-0.00729033,-0.38597],[-0.0750867,0.15705,-0.596796,0.12109,0.223179,0.424852,0.149674,0.120246,0.0170727,0.0129059,-0.00015239,0.0537603,0.0402974,-0.045376,0.0246845,0.0314155,0.0513321,1.14442,-0.0422786,2.64782],[-0.00507844,-0.00360286,-0.100718,-0.0042046,-0.00744724,-0.0232219,-0.000213119,0.00228069,0.000462385,0.000991237,4.63462e-07,0.00081371,0.0016023,-0.00135258,0.000709778,-0.000825802,-0.000985823,-0.0268041,0.000151887,-0.0874984]],"sigmahat":[[1.04504,1.1788,2.45995,0.0110718,0.735654,0.862734,0.0457782,-0.0257519,-0.0137573,-0.00802275,-0.000170261,0.59068,-0.0901016,-0.578024,0.0747152,0.0424892,0.0393716,0.78147,-0.093582,3.51691],[1.1788,2.68863,3.7059,-0.065316,0.569781,0.925477,0.192178,-0.0835309,-0.0203219,0.0310276,-0.000428898,1.17113,-0.242472,-1.05923,0.154672,0.117353,0.120144,0.851137,-0.12914,8.66164],[2.45995,3.7059,25.1027,-0.128315,0.939099,3.85231,0.229424,-0.0366868,0.00206559,-0.0999973,-0.000899229,1.74188,-0.0417005,-1.55919,0.0349542,0.0728574,0.112567,2.32854,-0.32564,8.59584],[0.0110718,-0.065316,-0.128315,0.278748,-0.0507057,-0.133532,0.00950738,0.00199382,0.00360467,0.00135719,1.43557e-06,0.0166839,0.00596103,0.00650296,0.0104595,0.0014052,0.00297188,0.338319,0.00508983,0.550137],[0.735654,0.569781,0.939099,-0.0507057,1.84295,1.82687,0.0485376,-0.131588,0.00214068,0.00478302,6.22755e-05,0.381921,-0.0236101,-0.320856,0.0490285,0.0428925,0.0382724,-0.177226,-0.0359562,1.05341],[0.862734,0.925477,3.85231,-0.133532,1.82687,2.58737,0.0827119,-0.1321,0.00241699,0.0191698,-4.97856e-05,0.539124,0.00100322,-0.437802,0.0549909,0.0667357,0.0851093,0.129232,-0.0304888,2.04188],[0.0457782,0.192178,0.229424,0.00950738,0.0485376,0.0827119,0.205955,-0.0473619,-0.00442472,0.0327668,-7.99648e-05,0.101667,-0.0209088,-0.0990465,0.0576056,0.0344109,0.0378608,-0.201511,0.0122283,2.60088],[-0.0257519,-0.0835309,-0.0366868,0.00199382,-0.131588,-0.1321,-0.0473619,0.186317,0.0017958,-0.00313808,5.47337e-05,-0.0314127,-0.00303839,0.0187669,-0.0190311,-0.00284555,0.00189215,0.410924,0.00269437,-0.897141],[-0.0137573,-0.0203219,0.00206559,0.00360467,0.00214068,0.00241699,-0.00442472,0.0017958,0.00717876,0.00246608,1.36939e-05,-0.00840218,0.00131001,0.00823753,-0.00237506,0.000312586,0.000340751,-0.00572073,-0.000886701,-0.0871602],[-0.00802275,0.0310276,-0.0999973,0.00135719,0.00478302,0.0191698,0.0327668,-0.00313808,0.00246608,0.0314887,5.24502e-06,-0.00240585,-0.00812589,-0.00468506,0.013091,0.0172841,0.0275567,-0.0501446,0.0185862,0.513219],[-0.000170261,-0.000428898,-0.000899229,1.43557e-06,6.22755e-05,-4.97856e-05,-7.99648e-05,5.47337e-05,1.36939e-05,5.24502e-06,4.07326e-07,-0.000191303,1.22642e-05,0.000173311,-3.0888e-05,-2.20634e-05,-1.38738e-05,-0.000183396,4.58402e-05,-0.00225282],[0.59068,1.17113,1.74188,0.0166839,0.381921,0.539124,0.101667,-0.0314127,-0.00840218,-0.00240585,-0.000191303,0.693206,-0.0670023,-0.581062,0.0634642,0.0526228,0.05077,0.603704,-0.0765138,4.04642],[-0.0901016,-0.242472,-0.0417005,0.00596103,-0.0236101,0.00100322,-0.0209088,-0.00303839,0.00131001,-0.00812589,1.22642e-05,-0.0670023,0.15029,0.0956527,-0.0257458,-0.00831639,-0.00839762,0.0260431,0.00578435,-0.799404],[-0.578024,-1.05923,-1.55919,0.00650296,-0.320856,-0.437802,-0.0990465,0.0187669,0.00823753,-0.00468506,0.000173311,-0.581062,0.0956527,0.590205,-0.0672523,-0.0534911,-0.0486931,-0.330885,0.0653905,-3.66085],[0.0747152,0.154672,0.0349542,0.0104595,0.0490285,0.0549909,0.0576056,-0.0190311,-0.00237506,0.013091,-3.0888e-05,0.0634642,-0.0257458,-0.0672523,0.0392396,0.0148268,0.0166793,0.051036,-0.000629243,1.24361],[0.0424892,0.117353,0.0728574,0.0014052,0.0428925,0.0667357,0.0344109,-0.00284555,0.000312586,0.0172841,-2.20634e-05,0.0526228,-0.00831639,-0.0534911,0.0148268,0.03175,0.0280479,-0.0521828,0.00664695,0.698657],[0.0393716,0.120144,0.112567,0.00297188,0.0382724,0.0851093,0.0378608,0.00189215,0.000340751,0.0275567,-1.38738e-05,0.05077,-0.00839762,-0.0486931,0.0166793,0.0280479,0.0421905,0.0638718,0.0168064,0.924782],[0.78147,0.851137,2.32854,0.338319,-0.177226,0.129232,-0.201511,0.410924,-0.00572073,-0.0501446,-0.000183396,0.603704,0.0260431,-0.330885,0.051036,-0.0521828,0.0638718,9.82202,-0.129836,6.14413],[-0.093582,-0.12914,-0.32564,0.00508983,-0.0359562,-0.0304888,0.0122283,0.00269437,-0.000886701,0.0185862,4.58402e-05,-0.0765138,0.00578435,0.0653905,-0.000629243,0.00664695,0.0168064,-0.129836,0.0402203,-0.152206],[3.51691,8.66164,8.59584,0.550137,1.05341,2.04188,2.60088,-0.897141,-0.0871602,0.513219,-0.00225282,4.04642,-0.799404,-3.66085,1.24361,0.698657,0.924782,6.14413,-0.152206,77.4819]],"n":20,"lags":3}