{"betahat":[[6.93484,0.294495,0.0290821,13.4131,15.7691,-2.43322,17.4806,22.244,0.290545,-0.460491,11.5759,-0.256422,-0.0487061,-0.0697845,4.09428,1.1767,-0.189287],[0.961469,0.103168,0.0341192,0.27918,0.247192,-0.0185515,-0.21848,0.57687,0.00600174,-0.0113622,0.0650464,0.0237009,-0.0136255,0.00181738,-0.0904739,0.0657321,-0.0138294],[-0.0202388,0.945578,0.00827044,0.371065,1.02723,-0.145926,0.45071,2.90019,0.0485042,0.0169829,0.535422,0.0329382,0.0202777,0.00115746,0.057611,0.332124,-0.0368499],[0.181686,0.370015,0.973492,0.269979,0.217195,0.451652,0.53719,-0.984948,-0.0850559,-0.0339332,-0.346038,0.0577455,0.0623954,0.0351606,-0.55589,-0.145728,-0.0979695],[0.0111177,-0.0212081,-0.0100033,0.88523,-0.0540183,0.0198768,0.00360251,-0.0230719,-0.00348554,0.00793481,-0.099183,-0.00196588,-0.00504458,0.000230156,-0.0489332,0.0088181,0.0077385],[0.0316118,0.00347027,0.012212,0.0424136,0.934395,0.0103099,-0.142045,-0.228795,-0.00647382,-0.00668672,0.063068,0.00243076,-0.0014929,0.000542342,-0.0011281,-0.0127702,0.000716825],[-0.0311692,-0.0351435,-0.0109197,-0.203395,-0.3504,1.11178,0.349563,-0.0551759,0.00766051,0.0233681,-0.0392463,-0.0018015,-0.00179894,0.00147274,0.0107563,0.124593,-0.00360475],[0.0325569,0.00752603,0.0062068,-0.0228057,0.0198713,0.00409971,1.23827,0.0196558,0.000768636,0.000830022,0.0221594,0.000277374,0.00224113,8.78987e-05,0.0177717,0.00204702,0.00187316],[0.0015354,0.00564815,0.00470987,0.0485743,0.0391236,0.000141834,-0.161676,1.02267,0.000442266,0.0017691,-0.0310067,-2.65031e-05,0.00114403,0.000831048,0.00511312,-0.00126653,0.00046387],[-0.100745,-0.435731,0.0182766,0.786648,-0.0554405,-1.32828,2.17587,-1.81432,1.057,0.0281815,0.768935,-0.0861726,-0.0596901,-0.00685504,0.614557,-0.626915,0.110031],[0.35321,0.339287,0.0269265,-1.68951,-1.24525,0.269903,-1.79657,-1.99339,-0.0481034,0.941809,-1.30109,0.00523313,0.0399819,0.0440369,-0.682986,-0.173316,0.0793451],[0.0159261,7.92597e-05,-0.00181573,0.0627678,-0.0134721,0.0253264,0.0509808,-0.131588,0.00917944,0.00615077,1.05596,0.00171664,-0.00547995,-0.0013275,0.00487294,0.0018941,0.00664312],[0.209661,-0.150572,0.0130738,-1.80972,-2.43606,0.650909,-2.38757,-3.36203,-0.0697281,0.0227551,-2.64389,1.2496,0.197069,0.000745685,0.187761,-0.555034,0.0792856],[-0.285025,-0.0989185,-0.16695,-0.831786,-0.333615,0.0638296,-4.33191,-2.42041,0.0406859,0.10377,-2.80022,0.0793747,1.32299,0.0411332,-0.930651,0.039279,-0.0409436],[-0.9907,-1.38769,-0.0668125,-0.993919,-0.840762,-2.53992,2.78784,-2.25706,-0.0928809,-0.183874,4.81213,-0.0266585,-0.0607221,0.891119,0.979647,0.60592,0.178657],[-0.0201669,-0.0190217,0.0196581,0.161189,0.460721,-0.0916306,0.249209,1.46641,0.0100003,-0.00873286,0.205757,-0.00143523,0.0218139,-0.00498891,0.673546,0.098508,0.0472082],[-0.112545,-0.0647706,-0.0609633,-0.0331814,0.160948,-0.030159,-0.837486,0.659261,0.0015489,0.0257096,-0.669631,0.0203431,0.0135962,-0.00827481,-0.0980423,0.52778,0.0597763],[-0.339921,0.0458448,0.000865753,0.0709877,-0.689071,0.150364,1.94731,-0.847841,-0.100333,-0.0557601,0.0508901,-0.00646137,0.0252863,0.0543063,-0.299447,0.0639101,0.977782],[0.044898,-0.051135,-0.0143797,-0.20277,-0.142742,0.0810183,0.416388,-0.285904,-0.00449623,0.00842475,0.0442806,-0.010321,0.00244484,-0.00449646,0.150904,-0.0918826,0.0161105],[-0.0282252,-0.0877126,-0.00213038,-0.310235,-0.945755,-0.0333633,-1.03213,-1.68095,-0.0569665,-0.0303498,-0.602239,-0.0161799,-0.0071605,-0.0015545,-0.028714,-0.3222,-0.00298457],[-0.0284416,-0.273025,-0.0549091,-0.536713,-0.746811,-0.398311,-1.4466,0.133544,0.0289755,0.0162575,0.124802,-0.02391,-0.0510009,-0.0548496,0.378119,0.0985673,0.0731914],[-0.0190658,0.0170577,0.00415279,0.0799441,0.0691602,0.00372976,-0.0656976,0.0333524,0.00318254,-0.0023899,-0.0148487,0.000814185,-0.000200135,0.00180252,0.0197729,-0.0070227,-0.00191929],[-3.11727e-05,0.00185519,-0.0101698,-0.0134612,0.0452587,6.11475e-05,0.0349031,0.219049,0.00316411,0.00532526,-0.0756319,-0.000729873,-0.000475591,4.25235e-05,0.000841093,0.0100182,-0.00285997],[0.0476462,0.0191919,-0.00250509,0.128014,0.209278,-0.153722,-0.0990951,0.134451,-0.00593468,-0.0168798,-0.0148379,0.00243357,0.00425331,-0.00440072,-0.0072683,-0.082746,-0.0171813],[-0.024202,-0.0013892,-0.00363205,0.0318589,0.0164681,-0.00342725,-0.1694,0.080445,-0.000590069,-0.00135659,0.00882799,0.000231078,-0.00107965,8.01119e-05,-0.00836569,0.00311481,-0.00115011],[0.00167131,-0.00137885,-0.00363498,-0.0234216,-0.0342449,0.0193775,0.103479,-0.0442114,0.000104661,-0.000322163,0.00720359,0.000282856,0.000128071,0.000137511,-0.00977204,-0.00034549,-0.00115908],[-0.111567,0.189383,-0.128461,-0.996356,-0.280162,0.555945,-0.260201,0.118265,-0.0926794,-0.0376891,-0.828604,0.0480228,0.0198209,-0.043481,-0.278216,0.426993,-0.0729347],[-0.174522,-0.274597,-0.055696,0.907158,1.78386,-0.756435,2.13311,3.27913,0.011894,0.045577,1.12914,0.00559839,0.00304134,-0.0553095,0.680609,0.136492,0.0921283],[-0.0153892,-0.00132168,0.00109844,-0.0707107,-0.0818949,0.00887657,-0.114802,-0.067848,-0.0115205,-0.00384766,-0.083664,-0.000635706,0.0032949,-0.00177194,-0.0128453,-0.0113997,-0.00741699],[-0.208596,0.160536,0.0163351,1.16607,1.59845,0.0157855,1.29706,2.24502,0.0322133,0.0132488,0.589582,-0.138578,-0.099075,-0.0029989,-0.401699,0.426048,-0.0600003],[0.125891,-0.0146702,0.124347,0.0982876,-0.0540637,0.31318,2.27721,-2.33309,-0.100502,-0.0960036,0.885122,-0.0527688,-0.222957,-0.0145455,0.588855,-0.516992,0.0261596],[0.651169,0.895713,0.162962,-0.450414,1.5357,2.14133,-1.76373,0.109213,0.166122,0.131887,-1.10905,-0.00949712,0.0188323,0.0456934,-0.565372,-0.763623,-0.129485],[-0.0530588,0.0413298,-0.0108401,-0.101819,-0.42635,0.00582409,-0.50184,-0.56919,0.00372167,0.028811,-0.235919,-0.0114635,-0.00634861,0.00455268,0.0115611,0.0237934,0.015743],[-0.196088,-0.0752185,0.0313639,-0.525855,-0.77311,0.00105972,-0.275481,-1.96147,0.0203923,0.045707,-0.453405,0.00766456,-0.00823784,-0.0130306,-0.131685,0.0994602,-0.0230723],[0.161735,-0.03591,-0.0139653,-0.882277,-0.387669,0.275404,-0.0287487,-0.140084,0.102656,0.0869307,-0.088515,0.00183908,-0.0118267,-0.038005,0.00340319,0.103548,0.076338],[-0.00645535,-0.0520289,-0.0197525,-0.0765311,-0.10459,-0.0624865,-0.197889,-0.290789,-0.00150001,0.00294756,-0.109318,-0.0133821,0.0111821,0.00267979,-0.060475,0.0261919,-0.00227567],[0.0481725,0.142092,-0.00616581,-0.0611685,-0.0816034,0.179251,0.581292,-1.21769,0.00851226,0.0134072,0.0666508,-0.0167701,-0.0131249,0.000394207,-0.0290088,-0.00970423,0.0398407],[-0.240773,-0.0525115,-0.0333222,-0.0122293,-0.201508,0.297548,-0.0923971,-0.427863,0.0225936,0.0204451,-0.226979,0.00370653,0.0252531,0.0139113,-0.0194047,-0.0759964,0.0408877],[0.00794607,0.00416135,0.00584694,0.0347609,-0.0152351,-0.0235996,0.0622056,-0.010296,0.000303805,-0.00553985,0.114039,0.00115223,0.00524593,-0.00203258,0.0291336,-0.0017902,-0.00581532],[-0.0315824,-0.00531362,-0.00204422,-0.0289978,0.0202392,-0.0103633,0.10721,0.00966962,0.00330915,0.00136414,0.0125802,-0.0017012,0.00196918,-0.000584861,0.000263085,0.00275138,0.00214566],[-0.0168131,0.0158339,0.0134135,0.0745775,0.14052,0.0414806,-0.251511,-0.077911,-0.00171529,-0.00647366,0.0534794,-0.000630182,-0.00246262,0.00295144,-0.0036041,-0.0416722,0.0207842],[-0.00781257,-0.00549952,-0.00251138,-0.0100603,-0.0358838,-0.000311158,-0.0786474,-0.0973161,-0.000349362,0.000662555,-0.034866,-0.000294057,-0.00102007,-0.000178795,-0.00988366,-0.00456871,-0.000851344],[-0.00195906,-0.00347533,-0.000830521,-0.0250502,-0.00827199,-0.0168017,0.0641612,0.0060194,-0.000654092,-0.00141753,0.0263141,-0.000139508,-0.00115314,-0.000967976,0.00403424,0.00104363,0.00091678],[0.18813,0.21702,0.0925816,0.231251,0.385211,0.688546,-1.752,1.61565,0.0152651,-0.00179614,0.0680157,0.04405,0.042286,0.0481827,-0.321352,0.161811,-0.0189368],[-0.173097,-0.0752232,0.027918,0.771682,-0.429987,0.393984,-0.316722,-1.19027,0.0274455,-0.0045783,0.21425,-0.0037907,-0.0387883,0.0118752,0.00342475,0.0264256,-0.172568],[-0.00145946,0.00112402,0.000503644,0.0066555,0.0934368,-0.0335941,0.0622784,0.198984,0.00236057,-0.00208578,0.0253904,-0.0010934,0.00221267,0.00310386,0.00742247,0.00994131,0.000841772],[-0.0232055,-0.00240627,-0.0127693,0.47363,0.663354,-0.648169,1.06855,0.765478,0.0337228,-0.0377873,2.02445,-0.113449,-0.0958687,0.00436204,0.209552,0.0933541,-0.0195335],[0.0770534,0.0990143,0.0378308,0.631131,0.316945,-0.393525,1.87242,4.77158,0.0598504,-0.0064713,1.8757,-0.0330514,-0.106156,-0.0243886,0.319956,0.492966,0.0144861],[0.12504,0.428621,-0.0747953,1.28632,-0.633119,0.401254,-1.09646,1.71069,-0.0764056,0.0439692,-3.77975,0.0223241,0.0322954,0.0381284,-0.368277,0.174043,-0.0613617],[0.0534959,-0.00344577,0.0116866,0.0181627,-0.00416468,0.076999,-0.0536298,-0.743689,-0.00393721,0.0153293,-0.248065,-0.00242884,-0.00620791,0.00304632,0.00714624,-0.0805474,-0.00598033],[0.137,0.0853258,0.0265611,0.163078,-0.159492,0.105161,-0.125761,-0.117267,0.0202427,0.00325737,0.20297,0.0143901,-0.00695513,0.0123396,0.115196,0.112429,0.00522447],[0.0361088,-0.0569865,0.00278688,0.601369,0.709906,-0.368784,-1.87616,0.0488368,-0.0208498,-0.0211003,-0.22159,0.0149325,-0.00330185,-0.0137264,0.167488,-0.204291,-0.112925]],"sigmahat":[[1.89564,0.376125,0.046035,1.13459,1.5081,0.17036,0.921556,2.60244,-0.0300224,-0.0638573,1.50609,0.0218681,0.0198452,0.00266049,0.338098,-0.0236123,0.0631747],[0.376125,0.438593,0.0126565,0.461785,0.167822,0.377783,-0.0179973,-0.431107,-0.0135884,-0.0199421,0.505304,-0.00084937,0.0138537,0.0287862,0.0525367,-0.0448272,-5.6811e-05],[0.046035,0.0126565,0.164031,0.0811424,0.227654,0.0617348,0.0101393,0.179854,0.012717,0.00273546,0.232989,-0.00205213,0.000953066,-0.00128656,0.0955707,-0.0105077,0.00872118],[1.13459,0.461785,0.0811424,10.3386,7.55671,0.212905,4.64554,6.9685,0.0159453,-0.217693,4.70149,-0.0351069,-0.0426386,0.0592972,1.21793,0.374862,-0.127271],[1.5081,0.167822,0.227654,7.55671,18.3351,-1.14576,5.38366,32.681,0.315315,-0.152448,8.42214,0.0296163,-0.13003,0.02108,1.7959,1.55827,0.123319],[0.17036,0.377783,0.0617348,0.212905,-1.14576,3.10926,0.275952,-8.23656,-0.0609862,0.0792848,-1.58347,0.0149064,0.0244596,0.0184005,-0.299188,-0.504898,-0.0227514],[0.921556,-0.0179973,0.0101393,4.64554,5.38366,0.275952,64.1505,3.50766,-0.0402424,-0.447578,8.97123,-0.273523,-0.320848,-0.0657424,0.8558,-0.23435,0.14438],[2.60244,-0.431107,0.179854,6.9685,32.681,-8.23656,3.50766,127.284,1.41403,-0.0803819,23.6359,0.0859255,-0.464358,0.0281827,4.1018,6.72999,0.844755],[-0.0300224,-0.0135884,0.012717,0.0159453,0.315315,-0.0609862,-0.0402424,1.41403,0.084724,0.0492354,0.386303,0.00288753,-0.00583402,0.00327059,0.0564486,0.142147,0.0145908],[-0.0638573,-0.0199421,0.00273546,-0.217693,-0.152448,0.0792848,-0.447578,-0.0803819,0.0492354,0.0812846,-0.418545,0.00736761,0.00728011,9.00124e-05,-0.0709983,0.0556161,0.00804207],[1.50609,0.505304,0.232989,4.70149,8.42214,-1.58347,8.97123,23.6359,0.386303,-0.418545,18.6796,-0.0796665,-0.184886,-0.0610961,2.77348,1.11727,0.240563],[0.0218681,-0.00084937,-0.00205213,-0.0351069,0.0296163,0.0149064,-0.273523,0.0859255,0.00288753,0.00736761,-0.0796665,0.0291752,0.00296832,-0.000106278,0.0123683,0.0227303,-0.00549364],[0.0198452,0.0138537,0.000953066,-0.0426386,-0.13003,0.0244596,-0.320848,-0.464358,-0.00583402,0.00728011,-0.184886,0.00296832,0.0378493,-0.0020401,-0.060367,-0.0195914,-0.0016866],[0.00266049,0.0287862,-0.00128656,0.0592972,0.02108,0.0184005,-0.0657424,0.0281827,0.00327059,9.00124e-05,-0.0610961,-0.000106278,-0.0020401,0.0211569,-0.013017,-0.00548726,-0.0039421],[0.338098,0.0525367,0.0955707,1.21793,1.7959,-0.299188,0.8558,4.1018,0.0564486,-0.0709983,2.77348,0.0123683,-0.060367,-0.013017,1.58305,0.173523,0.014877],[-0.0236123,-0.0448272,-0.0105077,0.374862,1.55827,-0.504898,-0.23435,6.72999,0.142147,0.0556161,1.11727,0.0227303,-0.0195914,-0.00548726,0.173523,1.06454,0.0103698],[0.0631747,-5.6811e-05,0.00872118,-0.127271,0.123319,-0.0227514,0.14438,0.844755,0.0145908,0.00804207,0.240563,-0.00549364,-0.0016866,-0.0039421,0.014877,0.0103698,0.131955]],"n":17,"lags":3}