{
  "betahat": [
    [
      1.1500000000000001,
      1.0350000000000001,
      0.92,
      1.2650000000000001,
      0.805,
      0.6900000000000001,
      1.2650000000000001,
      1.1500000000000001,
      0.46,
      0.805,
      0.644,
      0.46,
      0.115,
      0.552,
      1.0350000000000001,
      0.9660000000000001,
      0.46,
      0.34500000000000003,
      0.046000000000000006,
      0.34500000000000003,
      0.46,
      0.41400000000000003,
      -0.069
    ],
    [
      0.65,
      0.0027537551483989287,
      -0.00022500165792017858,
      -0.0009499360810822455,
      -0.0014531573309879643,
      -0.0024716526369740156,
      0.000031743769747294426,
      -0.00022533568403427352,
      0.00008875068595300517,
      0.0039057589858233865,
      0.00038979280863386643,
      -0.0023676035860652747,
      -0.004165413529757887,
      0.0005835078321637788,
      -0.0034804156548595344,
      0.003791718823041517,
      -0.0016148131276965906,
      0.000724132234203565,
      0.001956357314298436,
      0.0045769844470336385,
      -0.001159882371136074,
      0.0013722875167882,
      0.0019706707592814852
    ],
    [
      0.0010433835345329424,
      0.655,
      -0.00018626650802083144,
      0.004174246840749125,
      -0.004279624803051159,
      0.0047306096633780645,
      -0.0032762959259792267,
      -0.0003333727908160467,
      0.0007348165362940695,
      -0.0012791088457415366,
      -0.0003298059385183727,
      0.004578523742054161,
      0.0004254208362604839,
      -0.0027432641103887923,
      -0.0025107198367128316,
      0.00043988532035369013,
      -0.001969149143300537,
      0.00021620424167217766,
      0.003393565560662024,
      0.00027646878958055955,
      -0.0006054089895858516,
      0.0009586041378779608,
      -0.0016352513518102009
    ],
    [
      -0.0029239046780825317,
      -0.00018325079097968543,
      0.66,
      -0.0007664869630742533,
      -0.0031951901637552616,
      0.0014226042025220554,
      0.0024534466330351857,
      0.004547376552589455,
      -0.0005364188882978271,
      0.0016504385155936751,
      0.0030394638599651213,
      0.0035744759256819926,
      0.004211021650181957,
      0.0019009894174585606,
      -0.001093619766616236,
      0.0027511144558837277,
      0.0025008325390862463,
      -0.001548456707008985,
      -0.004194049178753307,
      -0.00023603533844254176,
      0.003788659040175364,
      0.0033326832035001043,
      -0.0001847644945982574
    ],
    [
      -0.0020641435439022727,
      0.0024707026003064248,
      -0.002730020517276344,
      0.665,
      -0.0034695570075043247,
      0.0009983045083768083,
      0.001373293537395668,
      -0.0019113284828280097,
      -0.004271914965465049,
      -0.0026243098015580535,
      -0.0034941196022891963,
      0.0037528514597033793,
      -0.002978718331422139,
      0.0020195190614222015,
      0.0037127225055570336,
      0.0015273461287329936,
      -0.0045398504108435205,
      0.001244113682896957,
      -0.0006887483864429567,
      -0.0008602898172624074,
      0.00010515632611841852,
      0.00002424767163996977,
      -0.004789466823930377
    ],
    [
      0.0004677093681724087,
      -0.004001945745723084,
      0.0037573354797073156,
      0.00011896309775848435,
      0.67,
      0.001218552570979221,
      0.0029938945948108087,
      -0.0009160122503483726,
      0.004333259215458958,
      0.00022469748980573413,
      0.004508035092370482,
      -0.0017663083764067867,
      0.0037764409231489404,
      0.0017884697005077022,
      -0.00035527678435440805,
      -0.0035461902707083783,
      0.003828304641956708,
      0.0009572653459219893,
      0.0023967251547529988,
      -0.00477177485799944,
      -0.004528136604482933,
      -0.0020399388576902823,
      0.002422116966097283
    ],
    [
      -0.002118112165474262,
      -0.002438720807717085,
      -0.004653846022926149,
      -0.0005040046836478696,
      -0.0014062772680411384,
      0.675,
      -0.003428565259714822,
      0.001443781662684529,
      -0.004920754959886653,
      -0.00441725652617815,
      -0.0030610427385654583,
      -0.003126273077223187,
      -0.003965675811376923,
      -0.0019886631118033837,
      -0.0013557242874481345,
      -0.0018287119201810965,
      -0.0007475955750679165,
      0.0024346035887834907,
      -0.004283126886774287,
      0.0043102946987862364,
      0.003420928919785198,
      -0.0007753749662873122,
      -0.0008425333264332414
    ],
    [
      -0.003153463410896338,
      -0.004141244511975247,
      -0.004992161716549657,
      0.00496475090651713,
      -0.0008711068770070707,
      -0.003921739397595257,
      0.68,
      -0.0015839336563145845,
      0.0005344638287984572,
      -0.0018467598669599595,
      -0.002111386559463062,
      -0.0023034019942200115,
      -0.003959056034812689,
      -0.000996900527550566,
      -0.0014114831061520494,
      0.00215181176872661,
      -0.0040316701493824094,
      0.0024582768287440037,
      0.0030775277732057395,
      0.0034865721008068462,
      -0.001623893669369143,
      -0.003613187462671801,
      -0.001836256808293697
    ],
    [
      0.0014692423813107115,
      0.0003702848968523753,
      -0.0014826506798775153,
      0.00012712039141768328,
      -0.0024667565823638447,
      0.0013723222945010982,
      -0.003281055732425591,
      0.685,
      0.000286978409108718,
      -0.0014948964729655945,
      0.003667687191761457,
      -0.0004951703965140508,
      -0.0034694712907280436,
      -0.0037391943287666063,
      -0.004789198627456113,
      0.0009856208977019065,
      0.004651767515083778,
      0.0033264145023944947,
      -0.0049354336988998585,
      0.0008406570601420027,
      -0.004241437282009033,
      -0.004852390861322395,
      0.00039757442896283914
    ],
    [
      -0.004151983725039386,
      -0.002057594262094937,
      0.004477369396338038,
      0.0011337234302503684,
      0.00020777334827507988,
      -0.004726511094121715,
      0.0002779829748843654,
      0.004950883978231167,
      0.6900000000000001,
      0.0011516355203765594,
      -0.00380690516295729,
      0.0008790279433156112,
      -0.0022463431281035608,
      -0.002611727798989847,
      0.0010560785249386219,
      0.0043081501516904356,
      -0.0010503231717238816,
      0.004596994514502624,
      -0.003234020781100373,
      -0.0004332582072734259,
      -0.004989594995986382,
      -0.0007348500489657161,
      0.002574100105877013
    ],
    [
      0.0017164099549237632,
      -0.003102577503160351,
      -0.004997665158346636,
      0.0036150120761692553,
      0.00014721914777767077,
      -0.0044729813086003215,
      -0.0016406335156585116,
      -0.0008828148902761424,
      -0.002052730955570794,
      0.6950000000000001,
      0.0030822168893580425,
      0.0031409100721910034,
      0.00491099105783162,
      -0.001968137769483358,
      -0.0022689402577967923,
      -0.003153518255807677,
      -0.001841262306799043,
      0.0011716579012622309,
      0.004512310319697652,
      0.0038843471419603495,
      -0.00037320804546241203,
      -0.0034230771783656036,
      0.0029724616660108108
    ],
    [
      0.004943541413146766,
      0.0003538641128876252,
      0.004586392058621529,
      0.0010222493405515599,
      -0.0002713658050026968,
      -0.0022510881366010894,
      -0.004663190581821324,
      0.0048018058583908394,
      -0.003258379851907469,
      0.0040714505233745224,
      0.7000000000000001,
      -0.0037911226117770913,
      0.003823262560919041,
      0.004632104679600688,
      0.0015333112338779275,
      0.002450475615605996,
      -0.0041269599663365545,
      -0.00283058807523499,
      -0.0007536050053426391,
      -0.0021153842523033007,
      -0.004241356598095618,
      0.004798664601620169,
      -0.004112988714947066
    ],
    [
      0.00459464442891848,
      -0.00221012038990273,
      -0.0000480916528569586,
      -0.0023375004644916775,
      -0.0019607335741948684,
      0.0045116483913690076,
      -0.004958557189703683,
      0.004827766464571371,
      -0.0010595230829327474,
      0.003713441194980194,
      0.003946214164417567,
      0.7050000000000001,
      0.00009481039117904323,
      0.002369142602236416,
      -0.004332171455834995,
      0.0016122639410732532,
      0.0015952599818480763,
      0.0019189294453728434,
      -0.0001626475056530352,
      -0.004014532771183676,
      0.0024275158195916657,
      0.0022916842890156985,
      -0.004499260148157023
    ],
    [
      0.003045411685259145,
      0.000039017507080725265,
      0.004508323363848324,
      -0.003654389000063627,
      -0.0029862750946191884,
      -0.003478781920589287,
      0.0048319398556261285,
      0.0036749792254678337,
      -0.0029523002272414736,
      -0.0011199038793806438,
      0.002709029402587473,
      0.0007950499017783396,
      0.71,
      -0.0020434879014566,
      0.0014391964447390594,
      -0.001092919653799509,
      0.00024126562755235836,
      -0.0024989955025604684,
      -0.004757298528614962,
      -0.0013815020277599,
      -0.0005611560716553243,
      0.0011044021755061517,
      -0.00023899724695377377
    ],
    [
      0.00007491754511550264,
      -0.001433251335907322,
      -0.0029479993007675855,
      0.00009080772091129896,
      0.0015104306512235578,
      0.0030352817909041854,
      -0.002057561723970449,
      -0.0024275293609179395,
      0.0013337858425164328,
      0.0014519325216857837,
      -0.0012030704028809169,
      -0.003571639207504407,
      0.004804724150516695,
      0.7150000000000001,
      -0.0008394244822186092,
      0.0031920352587911996,
      -0.004061531260596709,
      -0.0011722068102110739,
      0.004817641389951457,
      -0.000006137017649270327,
      -0.004464061813283458,
      0.000324642630880454,
      0.0007879937526684055
    ],
    [
      0.002212385706383808,
      0.0038382873628446104,
      0.00047474245902593196,
      0.003084415945121206,
      -0.0030731171950646318,
      -0.0001360457988979058,
      0.0003137883816130649,
      -0.0018246118455434424,
      -0.0022236828584394686,
      -0.0009777802944715818,
      0.0012922793673327381,
      0.0005115369472533371,
      -0.004497138108947216,
      -0.002222076920538447,
      0.72,
      0.0024972986624292883,
      -0.00380572211751286,
      -0.0019662559924976185,
      0.0018109381077943266,
      -0.0017410210491719225,
      0.004711052205675948,
      0.003250694837256869,
      0.000709297328830616
    ],
    [
      0.0025486654049288516,
      -0.0007185587354536205,
      0.003699783617967527,
      -0.000943738422438929,
      0.0018560410611536172,
      -0.004150848547428281,
      -0.0010510255435544603,
      -0.004900313084245436,
      0.004457953672484203,
      0.0015045313075560118,
      -0.004242820404581991,
      -0.0008204437834296097,
      -0.004612738562488303,
      0.0004382180056018825,
      -0.0008649278663908677,
      0.725,
      0.004834315894079378,
      0.00033308399199262874,
      0.0041130013487057715,
      -0.0003099702584457087,
      -0.003111588204959692,
      0.004879001028026564,
      -0.0015249376544911276
    ],
    [
      -0.0013654676865657933,
      -0.0025046260324335947,
      -0.0011507749539928435,
      0.0014800238261650778,
      -0.0005439344538520885,
      0.0011606625201024134,
      0.001736812907399108,
      0.004353943908190372,
      0.0028945607370686986,
      0.0023766500955438442,
      -0.00014151925834259284,
      0.002024477065513928,
      -0.0035325146739661186,
      0.000997182204259417,
      0.0032632701825805,
      0.003444132293340858,
      0.73,
      -0.0027043995941282285,
      -0.00006095574877797105,
      0.003928314001028379,
      -0.00289589681085755,
      -0.00410794284377195,
      0.0044838831655737675
    ],
    [
      0.0028542759132328577,
      -0.004617167478051539,
      -0.0018623917523672563,
      0.0037084764588823705,
      0.0046788841182332196,
      -0.003505643534423848,
      0.0026075685921838954,
      -0.00482803836044514,
      0.00037577904398561346,
      0.004327733978611352,
      0.0027654464618372667,
      0.00019896707072766917,
      -0.0011350868587502161,
      0.0034316768508744076,
      -0.0011702086444257164,
      0.0018274332355056112,
      -0.003748258441744381,
      0.735,
      -0.004256912927256756,
      -0.002749921034182177,
      -0.00006085237053662596,
      0.0026077527048099357,
      0.0046828130414734905
    ],
    [
      0.0019533104036655556,
      0.0018569826074547225,
      -0.0019170983722727498,
      0.003095669962245433,
      0.000833951330477023,
      -0.00012160640898307263,
      -0.0021638242847764476,
      -0.00015958033702036413,
      0.0003238531725124738,
      0.002338155845562009,
      0.0002282127285199498,
      -0.003981475661861071,
      -0.004409349482262863,
      0.004961268799666117,
      -0.0022846654540711843,
      -0.0032615130115282833,
      0.000543955438452528,
      0.001849334306209045,
      0.74,
      -0.00025481300543006124,
      0.0024717848441423084,
      0.0038502970770808863,
      -0.0018783962625474348
    ],
    [
      0.0019220961457904195,
      -0.004134552585989251,
      0.0031591719007119344,
      -0.004398025527748084,
      -0.003469389711508106,
      -0.0018523449039920536,
      -0.0021704778083076314,
      0.002086417291183247,
      -0.0016161600702947366,
      -0.001507488812182307,
      0.0011527962344212695,
      0.004954569610933137,
      0.001412744258960663,
      0.003333171082934121,
      -0.0036805232580513292,
      -0.0014849118262811611,
      -0.0030738350308771078,
      0.004452324627379671,
      -0.0046224572829724545,
      0.745,
      0.0018291811203248276,
      -0.0020676029640815273,
      -0.0017916122457160878
    ],
    [
      -0.001627322065676351,
      0.0038553499000995874,
      0.0045162490358177055,
      -0.003677743445326092,
      -0.0030587543362624106,
      0.0019409437564090726,
      -0.0032044438367832173,
      0.00191902181787998,
      -0.0036487963877031705,
      0.0008128691067542327,
      -0.004755057468480779,
      -0.0033716574537230783,
      0.002565947688906802,
      0.0014684203897323324,
      -0.0011767101018788084,
      -0.0021125107369845144,
      -0.0037609801082864602,
      0.004947629761802193,
      0.0017587939467714664,
      -0.0041376825899755885,
      0.75,
      0.0015436447996959846,
      0.00464865955797072
    ],
    [
      0.0016870033539228202,
      0.004248817790860793,
      0.0016803061074246628,
      -0.0026704341341580906,
      0.0005515731811741809,
      -0.0006067838995116626,
      -0.004264582485294195,
      -0.004900353699158888,
      0.002344399301125748,
      -0.0008567847842291099,
      -0.00455696360550687,
      -0.0017023537067002194,
      -0.00439686380187432,
      -0.0037566420211880016,
      0.0018526980270883798,
      -0.0022909284108780237,
      0.004683822532250561,
      -0.00476749930854312,
      0.000747367636119518,
      0.00158003487517292,
      0.004096759351441528,
      0.755,
      -0.00027661058830780405
    ],
    [
      -0.004270349132599536,
      0.0010932051470942162,
      0.0034498194651907555,
      -0.002191053609053124,
      0.000903176109555619,
      -0.00496350429906685,
      -0.004385771042270685,
      -0.0023846646507877534,
      0.0013675605425830463,
      -0.0002498941476444383,
      -0.0022980849458859253,
      0.0006700023151641044,
      -0.0030859936543422227,
      0.00007986681453006294,
      -0.0030924039979972084,
      0.0019097399815837068,
      0.002767795654607832,
      0.0003166854294974786,
      -0.00444860189749472,
      -0.0036617342928912545,
      0.0001574166507704944,
      0.002665241223284045,
      0.76
    ],
    [
      0.05,
      0.0006247019017018118,
      -0.00032246279359480877,
      -0.001001774826540436,
      -0.0018839804915230973,
      0.0003561167442635982,
      -0.002200553112440247,
      0.002100222387590479,
      -0.0009548594528960697,
      -0.0010670179552626203,
      -0.0011560349106953815,
      -0.0009501896733824466,
      -0.0013394992403039751,
      0.000462004476184219,
      0.0022078772582449116,
      0.0019657138037445445,
      0.0011800692457970996,
      -0.0006516331284672083,
      0.001797137406634175,
      0.002411984489004051,
      -0.0001473817996792204,
      -0.0006819272830038014,
      0.0016322421816939781
    ],
    [
      -0.0016170819762637346,
      0.05,
      -0.0021538997089503853,
      -0.000582800287175389,
      0.0002967595975581816,
      -0.0023852283298713595,
      0.0021392896197508383,
      -0.0015239299238446824,
      -0.00016511579049428016,
      -0.000987401579008711,
      0.0018423050005485875,
      0.0018382747779509456,
      -0.0011987547510718688,
      -0.0013582857536136217,
      -0.000024313912340981902,
      -0.002411025613001403,
      0.0009243159487633079,
      0.0023005586441003324,
      0.0024101817602301015,
      0.0000020465597258945146,
      0.000304715607541175,
      -0.0012074695209017417,
      0.0017524958123859436
    ],
    [
      0.0019501933276386196,
      0.0017527841866629523,
      0.05,
      0.001795951653225456,
      0.0010388754110071997,
      0.00016234988008925755,
      0.0024710230622021255,
      -0.0013588504198674112,
      0.0003573586573741416,
      -0.000021512604426531246,
      -0.001439429607993824,
      -0.00025080070944070385,
      -0.0010793977653377085,
      -0.001400526156942814,
      -0.0001636719531089037,
      -0.002130558273640828,
      -0.0014506522919799402,
      0.0022069715514907553,
      -0.0018656743195658854,
      0.0009299454072026525,
      0.0002844095262966173,
      0.0015327542634000057,
      -0.0010618227502746614
    ],
    [
      -0.00013850450704283257,
      -0.0015353518720700055,
      -0.002410430132609646,
      0.05,
      -0.0005301038520873381,
      -0.002291040171412504,
      0.002395083058598303,
      -0.0005038293680402406,
      -0.00058318436450706,
      0.0008548985045258062,
      0.0015536773354460265,
      -0.0002734255271836117,
      0.0004669744763356454,
      0.0015069080349323716,
      -0.0005662082279983193,
      -0.000902051329710829,
      0.00027280136744172736,
      0.0003674318244829833,
      -0.00021164988620077098,
      0.0007290180089585318,
      0.0006778230955982645,
      0.0008937929061734063,
      0.00214695208381968
    ],
    [
      -0.0006977348858243282,
      -0.002415771656910468,
      0.0011601089765890494,
      0.0022873445093026666,
      0.05,
      -0.00036213270610254035,
      0.001668526113536557,
      -0.0019765629553481425,
      0.000926282035197189,
      -0.001689539186493496,
      -0.0017466660577297078,
      -0.0010657189634761355,
      0.0009500484898421602,
      0.0003214296180376819,
      -0.0004182187973565843,
      0.000688414828390208,
      -0.0016300939362684508,
      -0.00046291893354398093,
      -0.0003072367876053861,
      -0.0007537637618875259,
      -0.0003661261395819482,
      0.0008714703300919946,
      0.0008309366817839837
    ],
    [
      0.0017032187085865536,
      0.0017592749923298645,
      -0.0012465355986736593,
      -0.0014194472566573958,
      0.0022781398982112734,
      0.05,
      0.0005242820669145642,
      0.0007832424491970302,
      0.0005457911855416286,
      0.0010376432696224214,
      0.0019455980074060087,
      0.001027848650972565,
      -0.001816943013639154,
      -0.0022268696975929736,
      -0.00105793034928501,
      -0.00012843117756327515,
      -0.00022168739670140993,
      -0.0006108907297128208,
      -0.0013752048147556873,
      0.0001394622727627004,
      0.00238548473591685,
      -0.0002404725209557923,
      -0.002334529455005834
    ],
    [
      0.0013979922150173785,
      0.0006624283967714239,
      -0.0022361943592055277,
      0.0006196005358853662,
      0.0003802615433287404,
      -0.00008421095218022923,
      0.05,
      -0.00012405778880208773,
      0.0023258006316741555,
      -0.0020542266397037923,
      0.0016600902127651663,
      0.0004203059330085357,
      -0.0022308449150493194,
      0.002187913899033118,
      0.002045566489627316,
      0.002166007138662829,
      -0.00018745753860371694,
      0.0023961009881064955,
      -0.00021379412670855191,
      0.00017621459124729234,
      -0.000686566455250649,
      -0.001965513940655791,
      -0.0009566277067461815
    ],
    [
      0.0014749399569396549,
      -0.0017731984664803202,
      0.0022108525771216514,
      0.001683107023500101,
      0.0017840933713034867,
      -0.0006617418969582257,
      -0.0008668703798719601,
      0.05,
      0.0024014252224910204,
      0.0022355206941851147,
      0.002314772005217621,
      0.002055740313823933,
      0.0022154193712883388,
      -0.0020329010579316132,
      -0.001184498408480872,
      0.00243189970078327,
      0.0005879861902523265,
      0.0024722096976819772,
      0.0009348087369828518,
      -0.00043976353433434866,
      0.002201866037462167,
      -0.0023653843273904597,
      -0.0006704177429044778
    ],
    [
      0.0012143694734917455,
      -0.0016306222625722844,
      0.001688394706848495,
      -0.0013685990797582604,
      0.0003878989728711768,
      -0.00034689798008636144,
      0.00009895174052770296,
      0.0012191530067321699,
      0.05,
      0.00046992757230464587,
      0.0017674749998920092,
      -0.0020957748061877237,
      -0.00167782909043254,
      0.0005416254072153293,
      -0.0011031037798389465,
      0.0009465494292876443,
      0.000596091992834793,
      0.0008339193562441361,
      -0.0022792451095835433,
      -0.001158345403835943,
      0.001190677851068206,
      -0.0016548151825431213,
      -0.0024514969675918253
    ],
    [
      -0.0020670305213691476,
      0.00017550624132888436,
      -0.0023473467840089334,
      0.0017045136364469882,
      0.0022249162977070725,
      -0.0006905874748617647,
      -0.0008031219344479746,
      0.001546580059023971,
      0.0006053072381807079,
      0.05,
      -0.002175136056170509,
      0.0021381356640570236,
      -0.0013561101087932637,
      0.002446671227631927,
      0.0015404826613232847,
      -0.002266299593199158,
      -0.0008051982057965357,
      -0.0010920685037208978,
      -0.0005198720197773632,
      0.0010169003005218713,
      0.002082845707968457,
      0.0008251327009561671,
      -0.0017638335256708903
    ],
    [
      -0.0004671252341794796,
      0.0010232764336996147,
      0.0023946315956302434,
      -0.0009663724888097758,
      0.0022522415390968165,
      0.0014716335911147628,
      -0.0005461178067925621,
      -0.0016086390545890028,
      -0.0003025697330952304,
      0.00122769587668352,
      0.05,
      -0.0010368302542034535,
      -0.0011083878625520005,
      0.0009924887108589153,
      -0.0010375948263305335,
      0.0018822438093613492,
      -0.0006218011430677095,
      0.00038612131891254455,
      -0.0009578467973175331,
      -0.0006884190394967216,
      0.0017927532130533619,
      0.001809609745828935,
      0.0014006458242657204
    ],
    [
      -0.000738442984570894,
      -0.00015347308097531377,
      0.0021820997020071697,
      -0.000026381664836903074,
      -0.0007009692187144179,
      -0.0004574171961673002,
      -0.0006725737985777335,
      -0.0014726960621377994,
      0.001187968752016173,
      0.0006130987945620181,
      -0.0016706663143044266,
      0.05,
      -0.0014370199956570773,
      0.0017863921993930133,
      0.00013681853680342027,
      -0.001458832972628501,
      0.00024848356602160895,
      0.0016788085829649423,
      0.0014388302362176497,
      -0.001799176782963855,
      0.0009728111967386877,
      0.002410295850781492,
      0.0004343419443083962
    ],
    [
      0.0017693464266096916,
      -0.000006244063805425082,
      0.00038341117695515957,
      -0.0010104133926926051,
      0.0001887651307286964,
      -0.001955940802098848,
      -0.000714249142627007,
      0.0010513919344684387,
      0.0010914309913193322,
      -0.0005654988408905604,
      0.0012043800420369444,
      -0.00000459931468696495,
      0.05,
      0.0022238667023106316,
      0.0004118377599780887,
      0.0006178450477513975,
      -0.00034634447437964733,
      -0.00043490076352551647,
      -0.00044718656945922145,
      -0.0019559209899095873,
      -0.0019903025570105603,
      -0.0016258530760893443,
      -0.0017588817627183396
    ],
    [
      0.0016925334175923478,
      -0.001243522942411368,
      0.0020660421233784834,
      0.0021211733040952608,
      0.0008427171000861378,
      0.0005166273512864306,
      0.0015632050516344142,
      -0.001329991552946923,
      0.0013497269317435977,
      0.0008745397906684638,
      -0.0008417563204854828,
      -0.0022089725947548188,
      0.0016385159126737926,
      0.05,
      -0.0002240802871134273,
      -0.00011958964516096016,
      0.0017875175710942383,
      0.002217727498880098,
      -0.0003337101524766439,
      0.0018245042908497666,
      0.000995549563043524,
      -0.0017692599934959951,
      0.0009230561387431324
    ],
    [
      0.0008036834817638405,
      0.0005577442676695943,
      -0.0006577072013608887,
      0.00015258268703022049,
      0.00007610342110005775,
      -0.0005811963088828254,
      -0.0013088638401711284,
      0.002457074902623665,
      -0.0006890132335525801,
      0.001214603854513957,
      -0.0013430518803505065,
      0.0006620002652282608,
      0.0018575193121982702,
      -0.0006259559815464477,
      0.05,
      0.0024730154836250873,
      -0.0005067504770654197,
      -0.002230832825044401,
      0.001844571655864874,
      0.002487532600988087,
      -0.0021141837841666,
      0.00020989322601070338,
      -0.0002869725781670285
    ],
    [
      -0.001167954952083239,
      -0.0021682619175247353,
      -0.00005978574919016211,
      0.00003556902955366481,
      -0.002365556965232799,
      0.0018302341423021673,
      -0.00026191373879145164,
      -0.002286202521498413,
      0.0008223645819781045,
      0.0012638654568331885,
      -0.0018273924084549066,
      -0.0004681828367517171,
      -0.0024157903757391986,
      -0.001616353240181242,
      -0.00013603906968349011,
      0.05,
      0.0011289459047447525,
      -0.0009883448164302367,
      0.001108384309549496,
      -0.0009698905154320348,
      0.0001594516605944718,
      -0.0012611496609748452,
      0.0004980630771411032
    ],
    [
      0.00038158250365784464,
      0.0022430348230289667,
      0.0009627513961852918,
      -0.0010129195085183918,
      0.00011816172719782637,
      0.0009434142578022587,
      -0.0007771334333752477,
      0.0006309048139461604,
      0.001318720122766015,
      -0.0003966110747533613,
      -0.0010167504014283813,
      -0.0012564074249836977,
      0.0012712137151815984,
      0.00013447431928294341,
      -0.0016061714798781934,
      0.0017168441339738382,
      0.05,
      0.0004015501930177057,
      -0.0011917060576886597,
      0.0015950524989776216,
      0.0014888491468111609,
      -0.0008337245677812588,
      0.000015323221760067397
    ],
    [
      0.0004048134412868898,
      -0.0005108055806164814,
      0.00004064527214702296,
      0.0012477858927645768,
      -0.0014628088266457496,
      -0.0010444475698919463,
      0.0023925122755784132,
      -0.0009464854014781144,
      0.00032689639667247804,
      -0.0016499734187930004,
      0.001214321267523325,
      -0.0007537473441233366,
      0.0020584899516083587,
      0.0009736925406404751,
      -0.0023226163870070315,
      0.0015339758765650713,
      -0.002023415044005147,
      0.05,
      0.0008975055700211532,
      0.00012610924402749578,
      -0.00047540229701653283,
      -0.002099712515165071,
      0.0012930421202553067
    ],
    [
      -0.0015664988907388134,
      0.0016178251783538434,
      -0.002271043083981367,
      -0.0002823104502199514,
      0.002150676595467067,
      0.00037077310827419166,
      -0.0018157152087983576,
      0.0013576420872456908,
      0.00048247068705939867,
      0.00031400549489835283,
      -0.002197689395742547,
      0.0019843467952226778,
      -0.0016394944327664895,
      -0.0004918159933900457,
      0.002042754670342961,
      0.001506809749127225,
      0.001353979634315824,
      0.000008638817869849326,
      0.05,
      0.0005382638393789508,
      0.0021404957548105796,
      0.0014686350458332277,
      -0.0005251733871935671
    ],
    [
      -0.0019518001698016873,
      -0.0013002686100657746,
      0.0018787299126842372,
      -0.0018332797300602134,
      -0.0024257611176313355,
      0.0008527908158304399,
      -0.0021563352784455935,
      -0.0004642410156288823,
      -0.0020063415893933423,
      0.00028513312314374154,
      -0.0003575623165113129,
      0.00010315740103107207,
      -0.00040087073226003245,
      -0.0002751614902013011,
      0.00003424382608529952,
      0.0024031383058503108,
      0.000981576909646048,
      -0.00029748187968666183,
      0.0013949114222340131,
      0.05,
      -0.0006183315255427791,
      0.001515261779209174,
      -0.00028336950404799443
    ],
    [
      0.0015190758956264672,
      -0.0016321017946309246,
      -0.00045911697242161044,
      -0.00017794299184529017,
      -0.001580050472365988,
      -0.001170092155396717,
      0.002386988143481649,
      0.0024072004973829564,
      -0.0004399613094549526,
      0.0001973969311611268,
      -0.0009817590218737082,
      0.001758896777599992,
      0.001105311026641076,
      0.0011556093993136574,
      -0.0009508470890042098,
      -0.0021606010824765753,
      0.0008975469781388645,
      0.00012306644313476834,
      0.0016109478328352933,
      -0.0007351147792853508,
      0.05,
      -0.0003141570654615533,
      -0.00029783173123478
    ],
    [
      -0.002352834286549347,
      -0.00044092111722118246,
      0.001158975264287988,
      -0.0007849261025915533,
      -0.0022822636930809924,
      0.0012393342787813367,
      -0.0011346417997854308,
      -0.0014234001619889058,
      0.002120749723127282,
      -0.000823871161891665,
      0.0004891265190873929,
      0.0007386871637592574,
      0.001819921065971537,
      0.00105263400147261,
      0.002291847834390138,
      -0.0017557988160761785,
      -0.002413729524346453,
      0.00003834941313531792,
      -0.0005686873768149858,
      0.0024565995457298275,
      -0.0008115322670491388,
      0.05,
      0.00068682255367287
    ],
    [
      -0.00027487545110396527,
      -0.0007373198657949786,
      0.0010461314924190414,
      -0.0016341957896065073,
      0.000412223964820303,
      0.0012931612028726637,
      -0.0011642175463672045,
      -0.0010826702072462369,
      0.000037401051079967164,
      -0.001137075096600988,
      -0.0008680429503501886,
      0.00025057590233757977,
      0.00011790832813087793,
      0.0018428056420013439,
      -0.0021527795270567095,
      0.0011113014618919727,
      0.0008239203762606717,
      0.0016546212287924845,
      -0.0015263996663164503,
      0.002351394959351636,
      0.0015831447222798701,
      -0.0009002718502843099,
      0.05
    ]
  ],
  "sigmahat": [
    [
      0.44999999999999996,
      0.02134537420613656,
      0.02012461179749811,
      0.02359819908382841,
      0.0188248505970167,
      0.017428425057933374,
      0.02359819908382841,
      0.01161895003862225,
      0.014230249470757706,
      0.01299038105676658,
      0.01299038105676658,
      0.02598076211353316,
      0.02598076211353316,
      0.015588457268119896,
      0.01299038105676658,
      0.01299038105676658,
      0.02598076211353316,
      0.02598076211353316,
      0.02598076211353316,
      0.01299038105676658,
      0.02598076211353316,
      0.013499999999999998,
      0.01299038105676658
    ],
    [
      0.02134537420613656,
      0.40499999999999997,
      0.019091883092036785,
      0.022387217334898946,
      0.017858821349685985,
      0.016534055763786453,
      0.022387217334898946,
      0.011022703842524302,
      0.013499999999999998,
      0.012323757543866238,
      0.012323757543866238,
      0.024647515087732476,
      0.024647515087732476,
      0.014788509052639485,
      0.012323757543866238,
      0.012323757543866238,
      0.024647515087732476,
      0.024647515087732476,
      0.024647515087732476,
      0.012323757543866238,
      0.024647515087732476,
      0.012807224523681937,
      0.012323757543866238
    ],
    [
      0.02012461179749811,
      0.019091883092036785,
      0.36,
      0.021106870919205434,
      0.016837458240482737,
      0.015588457268119894,
      0.021106870919205434,
      0.010392304845413265,
      0.012727922061357855,
      0.01161895003862225,
      0.01161895003862225,
      0.0232379000772445,
      0.0232379000772445,
      0.0139427400463467,
      0.01161895003862225,
      0.01161895003862225,
      0.0232379000772445,
      0.0232379000772445,
      0.0232379000772445,
      0.01161895003862225,
      0.0232379000772445,
      0.012074767078498866,
      0.01161895003862225
    ],
    [
      0.02359819908382841,
      0.022387217334898946,
      0.021106870919205434,
      0.49499999999999994,
      0.019743669871632275,
      0.018279086410430908,
      0.024749999999999998,
      0.012186057606953939,
      0.0149248115565993,
      0.01362442659343871,
      0.01362442659343871,
      0.02724885318687742,
      0.02724885318687742,
      0.016349311912126456,
      0.01362442659343871,
      0.01362442659343871,
      0.02724885318687742,
      0.02724885318687742,
      0.02724885318687742,
      0.01362442659343871,
      0.02724885318687742,
      0.014158919450297045,
      0.01362442659343871
    ],
    [
      0.0188248505970167,
      0.017858821349685985,
      0.016837458240482737,
      0.019743669871632275,
      0.315,
      0.014581666571417684,
      0.019743669871632275,
      0.00972111104761179,
      0.01190588089979066,
      0.01086853255964208,
      0.01086853255964208,
      0.02173706511928416,
      0.02173706511928416,
      0.013042239071570495,
      0.01086853255964208,
      0.01086853255964208,
      0.02173706511928416,
      0.02173706511928416,
      0.02173706511928416,
      0.01086853255964208,
      0.02173706511928416,
      0.01129491035821002,
      0.01086853255964208
    ],
    [
      0.017428425057933374,
      0.016534055763786453,
      0.015588457268119894,
      0.018279086410430908,
      0.014581666571417684,
      0.26999999999999996,
      0.018279086410430908,
      0.009,
      0.011022703842524302,
      0.010062305898749055,
      0.010062305898749055,
      0.02012461179749811,
      0.02012461179749811,
      0.012074767078498864,
      0.010062305898749055,
      0.010062305898749055,
      0.02012461179749811,
      0.02012461179749811,
      0.02012461179749811,
      0.010062305898749055,
      0.02012461179749811,
      0.010457055034760026,
      0.010062305898749055
    ],
    [
      0.02359819908382841,
      0.022387217334898946,
      0.021106870919205434,
      0.024749999999999998,
      0.019743669871632275,
      0.018279086410430908,
      0.49499999999999994,
      0.012186057606953939,
      0.0149248115565993,
      0.01362442659343871,
      0.01362442659343871,
      0.02724885318687742,
      0.02724885318687742,
      0.016349311912126456,
      0.01362442659343871,
      0.01362442659343871,
      0.02724885318687742,
      0.02724885318687742,
      0.02724885318687742,
      0.01362442659343871,
      0.02724885318687742,
      0.014158919450297045,
      0.01362442659343871
    ],
    [
      0.01161895003862225,
      0.011022703842524302,
      0.010392304845413265,
      0.012186057606953939,
      0.00972111104761179,
      0.009,
      0.012186057606953939,
      0.12,
      0.007348469228349534,
      0.00670820393249937,
      0.00670820393249937,
      0.01341640786499874,
      0.01341640786499874,
      0.008049844718999243,
      0.00670820393249937,
      0.00670820393249937,
      0.01341640786499874,
      0.01341640786499874,
      0.01341640786499874,
      0.00670820393249937,
      0.01341640786499874,
      0.00697137002317335,
      0.00670820393249937
    ],
    [
      0.014230249470757706,
      0.013499999999999998,
      0.012727922061357855,
      0.0149248115565993,
      0.01190588089979066,
      0.011022703842524302,
      0.0149248115565993,
      0.007348469228349534,
      0.18,
      0.008215838362577492,
      0.008215838362577492,
      0.016431676725154984,
      0.016431676725154984,
      0.009859006035092991,
      0.008215838362577492,
      0.008215838362577492,
      0.016431676725154984,
      0.016431676725154984,
      0.016431676725154984,
      0.008215838362577492,
      0.016431676725154984,
      0.008538149682454624,
      0.008215838362577492
    ],
    [
      0.01299038105676658,
      0.012323757543866238,
      0.01161895003862225,
      0.01362442659343871,
      0.01086853255964208,
      0.010062305898749055,
      0.01362442659343871,
      0.00670820393249937,
      0.008215838362577492,
      0.15,
      0.0075,
      0.015,
      0.015,
      0.009,
      0.0075,
      0.0075,
      0.015,
      0.015,
      0.015,
      0.0075,
      0.015,
      0.007794228634059948,
      0.0075
    ],
    [
      0.01299038105676658,
      0.012323757543866238,
      0.01161895003862225,
      0.01362442659343871,
      0.01086853255964208,
      0.010062305898749055,
      0.01362442659343871,
      0.00670820393249937,
      0.008215838362577492,
      0.0075,
      0.15,
      0.015,
      0.015,
      0.009,
      0.0075,
      0.0075,
      0.015,
      0.015,
      0.015,
      0.0075,
      0.015,
      0.007794228634059948,
      0.0075
    ],
    [
      0.02598076211353316,
      0.024647515087732476,
      0.0232379000772445,
      0.02724885318687742,
      0.02173706511928416,
      0.02012461179749811,
      0.02724885318687742,
      0.01341640786499874,
      0.016431676725154984,
      0.015,
      0.015,
      0.6,
      0.03,
      0.018,
      0.015,
      0.015,
      0.03,
      0.03,
      0.03,
      0.015,
      0.03,
      0.015588457268119896,
      0.015
    ],
    [
      0.02598076211353316,
      0.024647515087732476,
      0.0232379000772445,
      0.02724885318687742,
      0.02173706511928416,
      0.02012461179749811,
      0.02724885318687742,
      0.01341640786499874,
      0.016431676725154984,
      0.015,
      0.015,
      0.03,
      0.6,
      0.018,
      0.015,
      0.015,
      0.03,
      0.03,
      0.03,
      0.015,
      0.03,
      0.015588457268119896,
      0.015
    ],
    [
      0.015588457268119896,
      0.014788509052639485,
      0.0139427400463467,
      0.016349311912126456,
      0.013042239071570495,
      0.012074767078498864,
      0.016349311912126456,
      0.008049844718999243,
      0.009859006035092991,
      0.009,
      0.009,
      0.018,
      0.018,
      0.216,
      0.009,
      0.009,
      0.018,
      0.018,
      0.018,
      0.009,
      0.018,
      0.009353074360871938,
      0.009
    ],
    [
      0.01299038105676658,
      0.012323757543866238,
      0.01161895003862225,
      0.01362442659343871,
      0.01086853255964208,
      0.010062305898749055,
      0.01362442659343871,
      0.00670820393249937,
      0.008215838362577492,
      0.0075,
      0.0075,
      0.015,
      0.015,
      0.009,
      0.15,
      0.0075,
      0.015,
      0.015,
      0.015,
      0.0075,
      0.015,
      0.007794228634059948,
      0.0075
    ],
    [
      0.01299038105676658,
      0.012323757543866238,
      0.01161895003862225,
      0.01362442659343871,
      0.01086853255964208,
      0.010062305898749055,
      0.01362442659343871,
      0.00670820393249937,
      0.008215838362577492,
