{"betahat":[[6.08476,-0.13812,0.120193,11.1376,14.3143,-2.81687,17.6296,18.0318,0.214156,-0.474804,10.1221,-0.217661,-0.0421191,-0.0572802,3.97609,0.795516,-0.173887],[0.948817,0.113648,0.0361648,0.286882,0.270972,-0.00457993,-0.277656,0.556801,0.00725168,-0.0114923,0.0625199,0.0211189,-0.0133681,-0.000524428,-0.100848,0.0582384,-0.0165651],[0.0297986,0.945239,0.00250725,0.40152,1.16637,-0.135808,0.580982,3.12877,0.044215,0.0136837,0.62022,0.034718,0.0237306,-0.00124652,-0.08152,0.317876,-0.0167985],[0.100282,0.379839,0.991061,0.209372,0.0331147,0.486878,0.236196,-1.32509,-0.0863538,-0.0211066,-0.535223,0.0498061,0.0590003,0.0148788,-0.592957,-0.240718,-0.0962199],[0.00644551,-0.0257253,-0.00918539,0.881584,-0.0700989,0.0190381,-0.00555718,-0.0513003,-0.0034175,0.00883014,-0.109228,-0.00251745,-0.0051112,0.000333167,-0.0547607,0.0132851,0.00768878],[0.0362819,0.00298384,0.0119149,0.0481476,0.926776,0.00891202,-0.125024,-0.23321,-0.00694913,-0.00779129,0.0658013,0.00295981,-0.00134805,0.000102734,-0.00503767,-0.0122925,0.000310857],[-0.0310278,-0.032168,-0.0147804,-0.179078,-0.301594,1.11988,0.357735,0.0201104,0.0052843,0.0202126,0.000199562,-0.00191223,-0.00151818,0.000417336,0.0212148,0.106288,-0.00345164],[0.0309833,0.00647115,0.0062267,-0.0252761,0.0242583,0.00320113,1.23842,0.0303127,0.000825644,0.000703041,0.0232172,0.000283732,0.00224202,0.000353582,0.0218276,0.00542949,0.00174042],[0.00407448,0.00475531,0.00447347,0.0536389,0.0522176,-0.00414601,-0.165766,1.06141,0.0008112,0.00133647,-0.0214992,9.20633e-05,0.000836343,0.000367951,0.0081078,-0.000148739,0.000931679],[-0.187709,-0.528762,0.0205997,0.690212,-0.0992127,-1.38084,2.4373,-1.67734,1.06517,0.0379911,0.781218,-0.0873464,-0.0650018,0.00639267,0.746716,-0.497646,0.121491],[0.472711,0.393374,0.0219508,-1.81127,-1.33045,0.279142,-1.84145,-2.1904,-0.0431096,0.946359,-1.16713,0.00286986,0.0361695,0.0126422,-0.903494,-0.228683,0.0620253],[0.0111277,-0.00330224,-0.00059162,0.0514901,-0.0310072,0.0265805,0.0316443,-0.176928,0.00978641,0.00742112,1.04457,0.00182789,-0.0050851,-0.000311321,0.005703,0.00235596,0.0055745],[0.0430081,-0.288772,-0.00056453,-2.01866,-2.41773,0.454729,-2.54988,-3.16936,-0.0625386,0.0271103,-2.51411,1.25778,0.197199,-0.00939757,0.199122,-0.42974,0.0725389],[-0.286611,-0.0433332,-0.178597,-0.785139,-0.233588,0.152598,-4.90174,-2.00542,0.0370696,0.100525,-2.93591,0.0758954,1.33491,0.0173464,-0.976347,0.0984524,-0.0529758],[-4.78863,-4.29191,-0.438122,-4.23119,0.96744,-9.59811,1.15719,2.14425,-0.15832,-0.323773,9.19307,-0.0111178,-0.177864,0.854906,2.74221,3.79967,0.218458],[0.0457524,0.0430251,-0.00254635,0.252294,0.612762,-0.0572961,0.433968,1.75114,0.0084576,-0.0180493,0.338797,0.000667653,0.017404,-0.00172212,0.65245,0.127444,0.0467449],[-0.143003,-0.0264935,-0.0487462,-0.0682067,-1.41071e-06,0.064038,-0.984619,0.209603,-0.00874821,0.0291175,-0.885045,0.023171,0.0206432,-0.00642621,-0.236336,0.523196,0.0440399],[-0.369043,0.0338871,0.0224767,-0.0789898,-0.831026,0.129646,2.27868,-0.988756,-0.111203,-0.0618875,0.214084,-0.0166416,0.0234922,0.010656,-0.573275,-0.061549,1.00884],[0.0531576,-0.0542344,-0.0200038,-0.179601,-0.15218,0.059267,0.495696,-0.19293,-0.0047122,0.00752402,0.0615332,-0.00892533,0.000455529,-0.00127746,0.168479,-0.063295,0.0193744],[-0.0674143,-0.098912,-0.00127557,-0.347179,-1.00782,-0.062289,-1.11211,-1.65206,-0.0477293,-0.0243073,-0.587087,-0.016568,-0.0079035,0.00145308,0.0810031,-0.246984,-0.00389183],[0.0429975,-0.256452,-0.0642477,-0.508429,-0.658619,-0.414633,-1.21367,0.294798,0.0294991,0.00717387,0.246534,-0.0228124,-0.0531812,-0.0231178,0.36171,0.186326,0.0745469],[-0.0135458,0.0242833,0.0025614,0.0805234,0.0751585,0.00932361,-0.0736498,0.0434877,0.00329265,-0.00233224,-0.0153877,0.00143323,-0.000333305,-6.18185e-05,0.0154834,-0.0114062,-0.0018534],[-0.00211821,0.00213263,-0.010466,-0.0203855,0.0549388,-0.000879431,0.0331647,0.24923,0.00372713,0.00608566,-0.0735081,-0.00105648,-0.000447228,-0.000118523,0.0101504,0.00705395,-0.00207614],[0.0414318,0.0114272,-0.00262541,0.108677,0.159409,-0.167492,-0.0927433,0.0712009,-0.00238702,-0.0126515,-0.0476095,0.00304349,0.00326458,-0.00147419,-0.043663,-0.0594187,-0.0143104],[-0.023073,-0.000146527,-0.00357161,0.0331881,0.00842128,-0.00272514,-0.171729,0.0707726,-0.000454576,-0.00118712,0.00668481,0.000289361,-0.00121446,-0.000355379,-0.0109926,0.000423317,-0.00111613],[-0.000326492,-0.00102613,-0.00319402,-0.0258441,-0.0403807,0.0217605,0.102664,-0.06486,-0.000167155,-0.00023887,0.00391164,0.000139679,0.000474167,-6.2851e-05,-0.00977212,-0.00409419,-0.00152133],[-0.0547013,0.261233,-0.117259,-0.906255,-0.355585,0.68359,-0.413043,-0.235188,-0.104395,-0.0426729,-1.07822,0.0464887,0.0256518,-0.0235967,-0.322829,0.244711,-0.0967921],[-0.209638,-0.316937,-0.0592789,1.00769,1.83021,-0.725848,2.27667,3.46638,-0.00214881,0.0314831,1.09185,0.00893988,0.00697088,-0.0200278,0.935951,0.230314,0.104316],[-0.0137576,0.0011742,0.0001678,-0.0596655,-0.0736557,0.00788433,-0.1254,-0.0375418,-0.0123641,-0.00509587,-0.0825685,-0.000695975,0.00267826,-0.000414076,-0.0144359,-0.0106755,-0.00768927],[-0.200154,0.223161,0.0277031,1.2453,1.46667,0.138882,1.28517,1.73151,0.0217468,0.00801461,0.45355,-0.144316,-0.100691,0.00538746,-0.343499,0.37352,-0.0536061],[0.136096,-0.0199196,0.135676,0.102329,-0.192287,0.29089,3.04396,-2.89921,-0.103346,-0.09542,0.985339,-0.0493336,-0.232904,-0.00782399,0.567768,-0.576844,0.0280954],[2.96196,2.75747,0.415776,-0.95967,4.18384,7.20694,0.606719,-3.42263,0.219618,0.0586089,2.01475,-0.0528181,0.0275102,0.0535243,-0.506032,-3.71624,-0.243238],[-0.0620383,0.00453895,-0.0026691,-0.150225,-0.370964,-0.01501,-0.379182,-0.617818,0.00479451,0.0315996,-0.217412,-0.0103074,-0.00144919,0.000601834,0.0697743,0.0321476,0.0136729],[-0.169608,-0.0524809,0.0204981,-0.501797,-0.753735,-0.0110008,-0.221588,-1.85319,0.029057,0.0520539,-0.331407,0.00909291,-0.00751476,-0.0036259,-0.00964007,0.14352,-0.00824375],[0.262347,-0.00240699,-0.0383464,-0.780167,-0.234197,0.329835,-0.102726,0.217759,0.109239,0.0859284,-0.00671776,0.0124221,-0.00821457,-0.00703465,0.151392,0.216014,0.0736807],[-0.00200434,-0.0593971,-0.0161661,-0.107359,-0.118898,-0.0546606,-0.218101,-0.363812,-0.00253984,0.00397443,-0.124031,-0.0121947,0.0129142,0.0018044,-0.0676528,0.00507245,-0.0028059],[0.037457,0.153666,-0.00124806,-0.0546876,-0.159054,0.198215,0.530311,-1.47682,0.00352164,0.0106481,-0.0332281,-0.0181518,-0.01582,-0.000199853,0.000523829,-0.0708257,0.0207058],[-0.268022,-0.0831587,-0.030914,0.00408313,-0.0733602,0.255002,0.0404022,-0.278522,0.0265974,0.0184873,-0.116949,0.00387755,0.0249794,0.00359049,0.0504496,-0.0400033,0.0332883],[0.00711102,0.00145499,0.00662281,0.0378609,-0.00510715,-0.0283376,0.0792331,0.00777926,0.000124432,-0.00649415,0.124651,0.0010846,0.00544599,-0.000270544,0.0392706,-0.00187455,-0.00583213],[-0.0341531,-0.00510314,-0.00144898,-0.0277814,0.0182327,-0.00800925,0.0918569,-0.0160905,0.00322087,0.00170771,0.00775306,-0.0019035,0.00179644,1.64239e-05,-0.00511679,0.00523987,0.00176799],[-0.0107208,0.0206668,0.0174357,0.0698493,0.141722,0.0474189,-0.265862,-0.091069,-0.00288876,-0.00753702,0.0466732,-0.00113974,-0.00174186,0.00106275,0.0223473,-0.0467604,0.0177514],[-0.00750012,-0.00580464,-0.00255199,-0.0090324,-0.0326418,-5.23139e-05,-0.0735269,-0.0996585,-0.000489662,0.000583951,-0.0325142,-0.000423065,-0.000944784,1.87725e-05,-0.0112052,-0.00550171,-0.000687359],[-0.00288629,-0.00321344,-0.00118046,-0.0278487,-0.0142884,-0.0157911,0.0672984,-0.00666338,-0.000726873,-0.0010868,0.0201439,-0.000148016,-0.00121633,-0.000304157,0.00152296,0.00387948,0.000768137],[0.24106,0.252863,0.0832405,0.264898,0.474204,0.643694,-1.89488,1.79427,0.0212445,-0.00195402,0.242006,0.0456111,0.0432105,0.0173488,-0.421393,0.218944,-0.0173493],[-0.266322,-0.0850594,0.0367987,0.795173,-0.425077,0.380964,-0.423723,-1.2317,0.0378254,0.00941163,0.095466,-0.00600427,-0.0400268,0.00763514,-0.03235,-0.0132696,-0.168979],[0.00227123,0.00214759,0.000294285,0.00772593,0.10324,-0.0338194,0.0933016,0.213871,0.0025648,-0.00218288,0.0362801,-0.00112797,0.00243355,0.000743176,0.00831753,0.00853492,0.00210783],[0.140819,0.0763368,-0.0154949,0.631099,0.796666,-0.574181,1.20345,1.18822,0.0389052,-0.0351104,2.03496,-0.115845,-0.0948732,0.00513321,0.131398,0.0324592,-0.017791],[0.108985,0.0614804,0.0424555,0.603232,0.335669,-0.442401,1.74744,4.88383,0.0655867,-0.00470081,1.91709,-0.0312105,-0.106251,-0.00809343,0.388421,0.481101,0.0249099],[0.267617,1.16754,-0.139413,4.44098,-4.76372,2.02942,-4.67523,2.9483,-0.0169242,0.323174,-11.8801,-0.00810715,0.105247,0.0749553,-2.35464,0.399678,-0.0293678],[0.0251738,-0.0185712,0.0135035,0.0683705,-0.0508175,0.0637306,-0.15571,-0.761633,-0.00581609,0.00986635,-0.299326,-0.00331688,-0.0082086,0.00213608,0.0124033,-0.0922068,-0.012358],[0.160884,0.0652964,0.0254529,0.2367,-0.0133447,0.0380426,-0.0820403,0.206326,0.0229378,-0.00137088,0.280471,0.0139988,-0.00892696,0.00611227,0.106925,0.107537,0.00509555],[0.0159582,-0.0595781,0.00988786,0.707799,0.762439,-0.386693,-2.08817,-0.0506304,-0.0143224,-0.0152916,-0.422547,0.0153416,-0.00485136,-0.000940091,0.294709,-0.205797,-0.125516]],"sigmahat":[[1.79412,0.354539,0.0351577,1.01399,1.44516,0.112795,0.767329,2.49216,-0.0325717,-0.0605961,1.45795,0.0219611,0.0168518,0.00577001,0.24427,0.0300203,0.0499041],[0.354539,0.440418,0.0104851,0.455217,0.155088,0.349336,-0.136399,-0.396876,-0.0139261,-0.0168491,0.444434,-0.00117886,0.0106022,0.0102212,0.0172216,-0.0887784,-0.00901489],[0.0351577,0.0104851,0.164414,0.062236,0.238705,0.0622825,0.0147929,0.153652,0.0128511,0.00272881,0.238034,-0.00313896,0.00142861,-0.000290653,0.123874,-0.00310914,0.00818356],[1.01399,0.455217,0.062236,9.94881,7.23948,0.170343,4.42491,6.50511,0.0145194,-0.205561,4.45252,-0.0294516,-0.0361596,0.0208098,1.02,0.249004,-0.0919022],[1.44516,0.155088,0.238705,7.23948,17.7876,-0.971123,5.17794,31.2414,0.315094,-0.118769,7.74568,0.0345578,-0.114113,0.00819476,1.33846,1.48773,0.144127],[0.112795,0.349336,0.0622825,0.170343,-0.971123,2.95038,0.22678,-7.77674,-0.0562592,0.08069,-1.52913,0.0176788,0.0195733,0.0068245,-0.30036,-0.481581,-0.0412341],[0.767329,-0.136399,0.0147929,4.42491,5.17794,0.22678,62.9419,2.60829,-0.0483264,-0.423323,8.49057,-0.245297,-0.319157,-0.0434376,0.243663,-0.322651,0.104197],[2.49216,-0.396876,0.153652,6.50511,31.2414,-7.77674,2.60829,123.339,1.37437,-0.02809,22.0565,0.0695458,-0.41823,0.0301612,3.18848,6.9353,0.827324],[-0.0325717,-0.0139261,0.0128511,0.0145194,0.315094,-0.0562592,-0.0483264,1.37437,0.0834425,0.049019,0.371467,0.0021234,-0.00519238,0.000846917,0.0549122,0.139339,0.0136065],[-0.0605961,-0.0168491,0.00272881,-0.205561,-0.118769,0.08069,-0.423323,-0.02809,0.049019,0.0808219,-0.416321,0.00718661,0.00712065,0.000228785,-0.043346,0.0622119,0.00714061],[1.45795,0.444434,0.238034,4.45252,7.74568,-1.52913,8.49057,22.0565,0.371467,-0.416321,18.5775,-0.0846767,-0.178551,-0.0152904,2.53855,1.01126,0.236857],[0.0219611,-0.00117886,-0.00313896,-0.0294516,0.0345578,0.0176788,-0.245297,0.0695458,0.0021234,0.00718661,-0.0846767,0.0278611,0.0034831,-0.000551771,0.0111254,0.0177201,-0.00479544],[0.0168518,0.0106022,0.00142861,-0.0361596,-0.114113,0.0195733,-0.319157,-0.41823,-0.00519238,0.00712065,-0.178551,0.0034831,0.0376633,-0.000272841,-0.0545761,-0.0250397,-0.00156984],[0.00577001,0.0102212,-0.000290653,0.0208098,0.00819476,0.0068245,-0.0434376,0.0301612,0.000846917,0.000228785,-0.0152904,-0.000551771,-0.000272841,0.00246199,-0.00718058,-0.000835026,-0.00112108],[0.24427,0.0172216,0.123874,1.02,1.33846,-0.30036,0.243663,3.18848,0.0549122,-0.043346,2.53855,0.0111254,-0.0545761,-0.00718058,1.69266,0.12416,0.02681],[0.0300203,-0.0887784,-0.00310914,0.249004,1.48773,-0.481581,-0.322651,6.9353,0.139339,0.0622119,1.01126,0.0177201,-0.0250397,-0.000835026,0.12416,1.04585,0.0419913],[0.0499041,-0.00901489,0.00818356,-0.0919022,0.144127,-0.0412341,0.104197,0.827324,0.0136065,0.00714061,0.236857,-0.00479544,-0.00156984,-0.00112108,0.02681,0.0419913,0.108181]],"n":17,"lags":3}