{"betahat":[[6.05754,-0.025454,0.0598247,11.1528,13.6086,-2.76475,17.3097,18.2203,0.204669,-0.393853,9.66903,-0.227538,0.0147608,-0.117,3.79567,0.777353,-0.125057],[0.9609,0.115452,0.0390441,0.301476,0.252173,-0.0241021,-0.271486,0.554625,0.00649272,-0.013842,0.0888126,0.0234426,-0.0136399,0.00226754,-0.104155,0.0692118,-0.012415],[0.0124627,0.948292,0.00145178,0.453313,1.30433,-0.132683,0.619348,3.36542,0.0515538,0.0173727,0.598519,0.0359523,0.0271268,-0.00206621,-0.0879328,0.33697,-0.0251395],[0.151329,0.384597,0.995714,0.189323,0.114503,0.473468,0.397258,-1.15583,-0.0851155,-0.0212317,-0.468146,0.0496517,0.0604545,0.0391488,-0.621462,-0.237581,-0.0933225],[0.0100447,-0.0243252,-0.0107726,0.869138,-0.0631786,0.0202931,-0.00152275,-0.0142,-0.00328579,0.00924606,-0.118122,-0.00292125,-0.00486068,0.000606683,-0.0616694,0.0153559,0.00889825],[0.0328717,0.00317583,0.0131002,0.0452515,0.917054,0.00722256,-0.137174,-0.274316,-0.0071648,-0.00811485,0.0681827,0.00302992,-0.00172987,0.000401689,-0.00346486,-0.0150153,-0.000672192],[-0.0273607,-0.0342586,-0.0117971,-0.186851,-0.345755,1.1286,0.364547,-0.0235943,0.00634449,0.0225976,-0.0367826,-0.00210074,-0.00134278,0.00204873,0.0231732,0.111063,-0.00283441],[0.0333388,0.0074728,0.00654921,-0.0275809,0.0197825,0.0075536,1.24527,0.0122557,0.00103319,0.00114418,0.0169516,0.000609319,0.00262085,0.000213145,0.021837,0.00410484,0.00180746],[0.00421514,0.00515357,0.00483732,0.058482,0.0562575,-0.00447337,-0.168747,1.07567,0.00125989,0.00162874,-0.021741,5.65764e-05,0.000981637,0.00141533,0.0101771,0.00181029,0.000880085],[-0.212595,-0.540931,0.0266976,0.809252,0.0328176,-1.49262,2.24808,-1.38002,1.09338,0.0541289,0.766197,-0.0939428,-0.066945,-0.00516293,0.779808,-0.511184,0.121823],[0.427911,0.399768,0.0171077,-1.95263,-1.38996,0.327654,-1.70345,-2.28204,-0.0434247,0.947438,-1.25595,0.00459802,0.0409472,0.0446647,-0.974291,-0.200401,0.0667714],[0.0114688,-0.00487216,-0.000637213,0.0563834,-0.0391512,0.0299158,0.0427188,-0.207143,0.00979432,0.0078798,1.03372,0.00177562,-0.00528215,-0.00113056,0.0043082,0.00262041,0.00599317],[0.243814,-0.211909,0.0169524,-2.00142,-2.59605,0.650613,-2.41962,-3.51083,-0.0696792,0.025494,-2.72382,1.284,0.216459,-0.00371682,0.212443,-0.568316,0.0826382],[-0.271801,-0.0602192,-0.177593,-0.749329,-0.258754,0.111601,-4.4612,-2.03097,0.0383678,0.0977755,-2.85531,0.076249,1.3509,0.0489744,-1.03157,0.128365,-0.0503183],[-1.15077,-1.45261,-0.142913,-1.16415,-0.81849,-2.62352,2.5645,-2.64421,-0.105513,-0.176165,4.8404,-0.00466271,-0.0616106,0.880579,0.850118,0.914571,0.181165],[0.0490953,0.0414567,-0.00165752,0.249256,0.649788,-0.0586929,0.533358,1.81922,0.00707551,-0.0234971,0.437288,0.000915197,0.0163538,-0.00502641,0.662375,0.130331,0.0476758],[-0.171414,-0.0465505,-0.057758,-0.0992199,0.0265214,0.0527488,-1.00438,0.142069,-0.0165969,0.0250847,-0.891834,0.0220527,0.0199248,-0.015654,-0.253162,0.519452,0.0434568],[-0.365865,0.0479314,0.0193065,-0.0200743,-0.918321,0.110438,2.29858,-1.03039,-0.122979,-0.0700781,0.0975121,-0.0146549,0.0268588,0.0616932,-0.626426,-0.0907289,1.00796],[0.0666804,-0.0458264,-0.0187085,-0.186682,-0.124046,0.0893899,0.546227,-0.195784,-0.00337388,0.00849688,0.0997604,-0.00899842,0.000481628,-0.00423394,0.184927,-0.0799218,0.0176851],[-0.0551041,-0.105522,0.00154552,-0.403369,-1.11204,-0.0815207,-1.25118,-1.72548,-0.0565867,-0.0313257,-0.582417,-0.0180069,-0.0113856,0.000638814,0.0817813,-0.270078,0.000109376],[0.0212121,-0.274601,-0.0722794,-0.507317,-0.684495,-0.495787,-1.26863,0.244617,0.0279627,0.0025021,0.281709,-0.0224258,-0.061529,-0.0601736,0.401795,0.190108,0.0718104],[-0.0195494,0.0224994,0.00349099,0.091803,0.0773723,0.00775102,-0.080226,0.0229982,0.00274565,-0.00272749,-0.0132179,0.00109439,-0.000774941,0.00193397,0.0176231,-0.0126409,-0.00191429],[0.00252303,0.0018577,-0.0115229,-0.0140574,0.0605771,-0.000734494,0.0371003,0.285346,0.00360989,0.00629039,-0.0811129,-0.000888111,-0.000248666,-0.000499251,0.0132486,0.00907871,-0.00159622],[0.0492214,0.0174932,-0.00458258,0.116257,0.190204,-0.179071,-0.071097,0.12121,-0.00329297,-0.0152493,-0.0126296,0.00319759,0.0035528,-0.00516107,-0.0492367,-0.0614889,-0.0169207],[-0.0258132,-0.00218659,-0.00388609,0.0384987,0.017583,-0.00884338,-0.178831,0.0955431,-0.000661847,-0.00173647,0.0173862,-5.02378e-05,-0.0014754,0.000102234,-0.00847375,0.00263156,-0.00115328],[0.000753285,-0.000965859,-0.00346398,-0.026566,-0.0408614,0.0235708,0.10457,-0.0694562,-0.000371002,-0.000441958,0.00199593,0.000182091,0.000548583,-0.00012455,-0.0127103,-0.00589268,-0.00157103],[-0.0984214,0.217684,-0.138458,-0.983288,-0.441037,0.679692,-0.159015,-0.676758,-0.133066,-0.0662162,-1.04918,0.051169,0.0177675,-0.0535664,-0.319468,0.28268,-0.117816],[-0.15615,-0.306563,-0.0442295,1.11382,2.10331,-0.778833,2.00902,4.16606,-0.00613795,0.0348363,1.15912,0.00773266,0.00971802,-0.0659882,1.04344,0.226679,0.118077],[-0.0147733,0.00266047,0.000564136,-0.0686706,-0.0796867,0.0097247,-0.135044,-0.036166,-0.0132056,-0.00563747,-0.0723216,-0.000777846,0.00283338,-0.00215902,-0.0140528,-0.0121464,-0.00788912],[-0.282254,0.197815,0.022056,1.36734,1.67086,0.0922196,1.21755,1.9987,0.0220881,0.0130132,0.397165,-0.158916,-0.111313,-0.00594412,-0.385164,0.467401,-0.0638505],[0.179226,-0.00167175,0.142084,-0.0349976,-0.163305,0.352873,2.5394,-3.33402,-0.108537,-0.0967257,0.919452,-0.0468021,-0.249437,-0.0195042,0.666322,-0.679569,0.0291109],[0.828139,0.930708,0.238828,-0.497811,1.79948,2.20064,-0.804874,0.981932,0.220463,0.147429,-0.522296,-0.0234344,0.034625,0.0446283,-0.0172168,-0.969585,-0.127747],[-0.0664902,0.00509701,-0.00213626,-0.160057,-0.395373,-0.0106213,-0.435744,-0.66121,0.00709338,0.0351346,-0.240128,-0.00956649,-0.000149044,-0.00197881,0.0808227,0.033602,0.0137349],[-0.184109,-0.0506393,0.0242863,-0.548709,-0.800371,0.00206238,-0.236288,-1.87697,0.0358615,0.0577189,-0.297806,0.00852011,-0.00914258,-0.00732067,-0.00379594,0.151719,-0.00653186],[0.247404,-0.00293002,-0.0428023,-0.897896,-0.255003,0.362122,0.0460544,0.181088,0.118127,0.0905773,0.00602402,0.0028268,-0.0104477,-0.0461631,0.177046,0.225953,0.082429],[-0.0276441,-0.0696267,-0.0203424,-0.114926,-0.128258,-0.0652766,-0.274859,-0.358838,-0.00311763,0.00535077,-0.188572,-0.0144469,0.0131572,0.00196802,-0.0807937,0.0107278,-0.00527058],[0.0424212,0.157188,-0.00302886,-0.0503272,-0.192631,0.214204,0.631194,-1.63973,0.00503651,0.0139659,-0.0162429,-0.0179531,-0.0157438,0.00142811,0.00604586,-0.0668316,0.0250257],[-0.256824,-0.0586852,-0.0219623,0.0627269,-0.0957919,0.359709,0.0134011,-0.369039,0.0289312,0.0231416,-0.147626,0.00335537,0.0303828,0.0130291,0.0429427,-0.0563585,0.0351651],[0.00950772,0.00183289,0.00727924,0.0390068,-0.0142607,-0.0280244,0.0817741,-0.00887306,0.000539204,-0.00651665,0.131359,0.00182684,0.0056358,-0.00254056,0.0440396,-0.00271782,-0.00698342],[-0.0353904,-0.00502568,-0.00157895,-0.0312359,0.0222975,-0.00646763,0.100083,-0.0111362,0.00355335,0.00182504,0.0129574,-0.00214221,0.00197858,9.74402e-05,-0.00978862,0.00593049,0.00226864],[-0.0221809,0.0166997,0.0163773,0.0701412,0.155104,0.0503204,-0.294203,-0.0975232,-0.00303536,-0.00732965,0.0489621,-0.0011053,-0.00221919,0.00311926,0.02604,-0.0494622,0.019746],[-0.00745358,-0.0049714,-0.00261271,-0.0122405,-0.0378994,0.00160901,-0.0726449,-0.107365,-0.000467396,0.00068839,-0.0367331,-0.000451664,-0.00107922,-0.000326096,-0.0137139,-0.00640597,-0.000729739],[-0.00400803,-0.00363892,-0.0012341,-0.0319244,-0.0176798,-0.0173214,0.0681799,-0.0162591,-0.000966896,-0.00118597,0.0215117,-0.000161424,-0.00145146,-0.00126768,0.00244794,0.00353138,0.000790181],[0.29103,0.302595,0.0975822,0.210885,0.434523,0.759963,-1.99462,1.96232,0.0255438,0.00600295,0.265079,0.0467728,0.0521179,0.0582937,-0.466989,0.20847,-0.000969211],[-0.270624,-0.102122,0.0254435,0.846919,-0.63932,0.390145,-0.267716,-1.82779,0.0420694,0.00557745,0.132441,-0.00733648,-0.0493609,0.0215583,-0.067382,-0.0307251,-0.187998],[0.00262884,0.00209986,-4.21558e-05,0.0113989,0.117514,-0.0393106,0.0912486,0.24286,0.00341396,-0.00212261,0.037338,-0.00101073,0.00245258,0.00330237,0.00941258,0.00975412,0.00190306],[0.0199153,0.0244721,-0.028249,0.499054,0.788128,-0.720894,1.12802,1.28614,0.0452393,-0.0392567,2.30077,-0.127279,-0.104141,0.01256,0.15879,0.0812657,-0.0175313],[0.0299998,0.0547207,0.033657,0.689128,0.343878,-0.472129,1.76937,5.36639,0.0698511,-0.000206707,1.89485,-0.0343747,-0.105565,-0.027069,0.347081,0.56241,0.020347],[0.183729,0.47418,-0.0857496,1.5809,-0.889786,0.412863,-1.98994,1.59043,-0.113146,0.0265389,-4.40243,0.0244536,0.0227932,0.0579872,-0.812181,0.0839999,-0.059542],[0.0300428,-0.0177371,0.0138679,0.0860334,-0.0497143,0.0751852,-0.17837,-0.815091,-0.00690583,0.0106968,-0.340067,-0.00268309,-0.00890612,0.0086226,0.00865519,-0.102521,-0.0152976],[0.179265,0.0770325,0.0292576,0.283592,-0.013346,0.0664813,-0.102756,0.220614,0.0253579,0.00011922,0.250302,0.0151756,-0.00903902,0.0164592,0.107863,0.116977,0.00555628],[0.0011392,-0.0861925,0.0118695,0.767242,0.937974,-0.44922,-2.31217,0.17829,-0.0124421,-0.0139099,-0.307265,0.0212118,-0.00835274,-0.0143217,0.333706,-0.165201,-0.132104]],"sigmahat":[[1.89763,0.386361,0.0506569,1.09125,1.45425,0.199265,0.921114,2.38527,-0.0328463,-0.0626538,1.50405,0.0261632,0.0204257,0.00216346,0.244256,-0.0239263,0.0573553],[0.386361,0.437008,0.0137894,0.465382,0.107341,0.376769,-0.0155347,-0.579865,-0.014301,-0.0184378,0.515825,-0.000551868,0.0119463,0.0300863,0.0208272,-0.116062,-0.00368716],[0.0506569,0.0137894,0.164731,0.0752214,0.232497,0.0698904,0.0212851,0.164382,0.0120964,0.00286711,0.229717,-0.00227145,0.00240457,-0.00283813,0.125145,-0.00849777,0.00885898],[1.09125,0.465382,0.0752214,10.0177,7.26093,0.269369,4.99737,6.2345,0.0180358,-0.205423,4.54508,-0.0269764,-0.0385738,0.0642934,1.0537,0.220996,-0.0803759],[1.45425,0.107341,0.232497,7.26093,17.7436,-0.995249,5.29801,31.0224,0.303009,-0.13964,8.00975,0.0331063,-0.126864,0.0209573,1.41535,1.49011,0.140013],[0.199265,0.376769,0.0698904,0.269369,-0.995249,3.02161,0.508034,-7.90327,-0.0555461,0.0775504,-1.42505,0.0197433,0.0217086,0.0183542,-0.300586,-0.550729,-0.0317326],[0.921114,-0.0155347,0.0212851,4.99737,5.29801,0.508034,62.179,1.41128,-0.0844087,-0.437612,7.90644,-0.246922,-0.311167,-0.0598835,0.216193,-0.537247,0.0933551],[2.38527,-0.579865,0.164382,6.2345,31.0224,-7.90327,1.41128,122.295,1.37211,-0.0412149,22.2783,0.0613855,-0.43952,0.0278766,3.34027,6.98434,0.81183],[-0.0328463,-0.014301,0.0120964,0.0180358,0.303009,-0.0555461,-0.0844087,1.37211,0.0812324,0.0484125,0.356484,0.00215166,-0.00480956,0.00259227,0.0490199,0.136255,0.0134667],[-0.0626538,-0.0184378,0.00286711,-0.205423,-0.13964,0.0775504,-0.437612,-0.0412149,0.0484125,0.0798349,-0.406603,0.00705582,0.00710252,-0.000293131,-0.046678,0.0617164,0.00764916],[1.50405,0.515825,0.229717,4.54508,8.00975,-1.42505,7.90644,22.2783,0.356484,-0.406603,17.9204,-0.072974,-0.170775,-0.0522399,2.50563,0.930693,0.211649],[0.0261632,-0.000551868,-0.00227145,-0.0269764,0.0331063,0.0197433,-0.246922,0.0613855,0.00215166,0.00705582,-0.072974,0.027497,0.00326619,-0.000199716,0.014133,0.0167896,-0.00469852],[0.0204257,0.0119463,0.00240457,-0.0385738,-0.126864,0.0217086,-0.311167,-0.43952,-0.00480956,0.00710252,-0.170775,0.00326619,0.0367274,-0.00212409,-0.0525867,-0.0264789,-0.00088467],[0.00216346,0.0300863,-0.00283813,0.0642934,0.0209573,0.0183542,-0.0598835,0.0278766,0.00259227,-0.000293131,-0.0522399,-0.000199716,-0.00212409,0.0208486,-0.0155486,-0.0140719,-0.00380934],[0.244256,0.0208272,0.125145,1.0537,1.41535,-0.300586,0.216193,3.34027,0.0490199,-0.046678,2.50563,0.014133,-0.0525867,-0.0155486,1.67207,0.118253,0.0247336],[-0.0239263,-0.116062,-0.00849777,0.220996,1.49011,-0.550729,-0.537247,6.98434,0.136255,0.0617164,0.930693,0.0167896,-0.0264789,-0.0140719,0.118253,1.04909,0.0385813],[0.0573553,-0.00368716,0.00885898,-0.0803759,0.140013,-0.0317326,0.0933551,0.81183,0.0134667,0.00764916,0.211649,-0.00469852,-0.00088467,-0.00380934,0.0247336,0.0385813,0.105219]],"n":17,"lags":3}