{"betahat":[[12.2834,1.1337,-1.33977,34.0409,25.7956,-11.8611,-50.3015,-0.0978682,6.53546,18.7835,1.79642,-0.248079,32.8927,-1.88719,-4.93541,1.47697,12.623,-22.7597,1.88877,11.2091,-9.74393,0.53411],[0.414659,-1.6991,-0.22419,-2.345,-1.2113,-2.4777,-4.10009,-0.0419375,1.44929,4.77729,0.116852,0.26807,-3.86785,0.0432346,0.0516492,-0.190638,-4.17272,-0.858025,0.0459248,0.522359,1.69051,0.0576921],[-0.196261,-1.08289,0.0661342,-3.22598,-0.100234,-2.04246,-1.58081,0.00152711,0.819776,5.94702,-0.199846,-0.142946,-1.94857,0.04583,-0.0523153,-0.24101,-3.77358,-2.02854,0.0104836,-0.553819,-0.25533,0.0740828],[-0.1889,-0.350023,0.389451,-3.23995,-1.45692,-0.979753,-0.509751,0.0352553,0.536808,-2.76274,0.036238,0.108857,-0.542544,0.0936772,-0.105095,-0.246572,-2.22781,-1.40577,0.0237581,-0.109851,0.817884,0.0566333],[1.01962,-0.0148491,0.00983915,-0.0141382,0.182163,0.00224658,0.437479,0.0120264,-0.0391939,1.15504,0.0201656,-0.00712632,0.563986,-0.00039732,-0.0150212,-0.00274291,0.0147114,0.0796813,-0.00383807,0.176379,0.0108069,-0.00532516],[-0.312503,1.02545,0.0517606,-0.404082,0.744725,-0.00488029,1.20163,0.0263221,0.0105585,1.18635,-0.00856342,-0.045542,0.606741,-0.00791166,0.00623408,-0.0178745,-0.0595103,-0.0619078,-0.00675506,-0.40115,-0.00190773,-0.0096983],[-0.147136,0.140172,0.742153,-0.585557,-0.306722,-0.28568,0.195432,0.0324332,-0.335489,0.391904,-0.0455625,-0.0235252,-0.66053,0.0988979,0.0553621,0.0217414,-0.592191,-0.228752,0.0178998,-0.638934,-0.019496,-0.0479305],[0.0186965,-0.0103936,0.00652694,0.876336,-0.0247669,0.0265103,0.0549151,-0.0015626,1.25477e-05,0.134225,-0.00111375,0.00215976,0.00656524,-0.00395414,-0.00102818,0.00117629,-0.0425942,0.00459334,0.000602121,-0.0255323,-0.0133388,0.00284427],[-0.0213763,-0.00397074,0.0102146,-0.0100859,0.827124,0.00654919,-0.0994303,-0.000806674,0.00448233,-0.30503,-0.00695743,-0.00465126,0.00617634,0.00141069,0.00201158,0.0017757,-0.0332006,-0.016934,-0.000169456,-0.06268,-0.0275979,-0.00308305],[0.0612937,-0.0389265,-0.00298451,-0.107608,-0.249892,1.03561,0.311061,-0.0125304,-0.00216409,-0.0874873,-0.00794411,0.00504138,0.00260281,-0.00635631,-0.00590643,0.00273881,-0.154183,-0.0242409,-0.00374842,0.0153336,-0.000298207,-0.00398849],[0.00516933,0.00867348,0.00439015,-0.0298025,0.00420211,0.0105842,1.14827,0.00237994,-0.0012603,-0.0433913,0.000620226,0.00176392,-0.0116171,0.00131155,0.00128212,0.000400689,0.0918824,0.0322152,0.000858207,0.0158169,0.00479763,0.0010753],[0.970006,-0.0768695,0.544689,3.9543,3.65158,0.959018,-1.93422,0.995113,0.697036,3.21019,-0.290435,-0.0512305,0.264079,0.0914881,-0.259356,-0.0407916,0.721811,-1.55173,0.0804342,0.969329,0.033097,0.153566],[0.0830526,0.0155198,-0.0248245,-0.226285,-0.13295,0.0234126,-0.354235,-0.00560738,1.18994,0.69818,0.00840538,0.00911922,-0.296785,0.0115204,-0.0148971,0.00808013,0.11693,-0.109148,0.0198767,-0.0493121,-0.0641035,-0.00555552],[-0.00281446,0.00288756,-0.000476718,0.0486196,0.0208992,0.00100049,-0.150432,0.00141202,-0.00595056,0.902605,0.000584802,0.000989265,-0.0163548,-0.00209004,0.00229528,0.00144908,-0.0202426,0.0131005,-0.00118001,0.00400061,0.0132928,-0.000494348],[-0.0933296,-0.433361,0.0031408,1.14132,-0.894855,-0.722334,1.07955,-0.0230501,0.145216,-7.25522,0.835427,0.0617207,-1.22582,-0.0626532,-0.0893024,-0.0607382,0.291421,-0.142834,-0.0439944,0.967663,-0.528101,0.103131],[0.485167,0.139649,0.232886,-1.05287,0.279654,-0.655123,-1.43684,0.0549993,0.377966,0.460784,-0.0270923,0.79767,-0.357138,0.0609257,-0.0382174,0.0343029,1.00418,1.05909,0.0413162,-0.991343,0.16657,-0.00944461],[0.030503,-0.00129032,-0.00367214,0.138465,0.0303093,0.0187163,-0.0189802,-8.90728e-05,0.00393225,-0.0297015,0.00791869,0.00433344,0.999086,0.00049677,-0.00107919,-0.00063083,-0.012314,-0.027587,-0.00151248,0.0404294,0.0112253,0.00432655],[0.552557,-0.356197,0.224668,1.41283,-0.62514,0.983887,-0.759495,-0.0196821,-0.234872,6.26029,0.163571,0.104344,-0.420644,0.87749,0.188409,-0.0227968,-0.189357,0.630202,0.0364654,0.887688,0.619927,0.0753824],[-0.771001,0.0518675,-0.332577,-2.53191,-0.654939,0.148481,-4.62593,-0.107023,0.638051,-2.91537,0.0639716,0.100882,-2.63088,0.20297,0.886589,0.0702592,-1.92802,-0.558869,0.00087201,-1.68866,-0.157636,0.0925813],[-0.399998,-0.227845,0.037853,-0.458371,-0.465463,-0.0691675,5.28531,0.0915161,0.15755,-10.1422,-0.160707,-0.259919,6.5448,-0.00727994,-0.0418496,0.870968,-0.147465,-0.0875815,-0.00174632,0.196351,-0.346436,-0.119475],[-0.028146,0.0225138,0.0294664,-0.0170735,0.101335,-0.0980327,0.242605,0.00967026,0.0534919,0.54443,0.00727806,-0.0096345,0.049346,0.0119811,-0.0141391,-0.00313996,-0.186078,-0.033704,0.00128995,-0.0545547,-0.00732194,0.00585314],[-0.0101876,0.0394222,0.00690664,0.185567,0.440058,-0.0335778,0.301346,0.00850237,-0.0134359,0.88855,-0.000358202,-0.0161364,0.44585,0.00209959,-0.0143341,0.00114692,0.00849047,0.987354,0.00233859,0.211768,0.0313714,0.00564882],[0.184907,-0.157285,-0.0956226,1.54988,6.48309,0.760727,-0.462941,0.0555259,0.60563,15.2943,0.143186,-0.0519673,5.35994,-0.169055,-0.150719,-0.0536845,1.33688,2.03254,0.976628,0.128512,0.791924,0.0976426],[-0.0776904,0.0608654,-0.0222199,-0.0169683,0.536916,-0.0281942,0.244215,-0.00422026,0.00338581,1.76073,0.0233284,-0.00902385,0.380384,0.0234641,-0.0186907,-0.00131699,0.323826,-0.0840836,0.00106612,0.422222,0.118828,0.0231417],[0.0334315,-0.00795689,-0.00317307,-0.162143,-0.430677,0.161457,-1.26178,-0.0102116,-0.114201,-1.39713,0.0270526,0.0604656,-1.09179,0.00527592,0.0308167,0.00194181,-0.298779,-0.00680947,0.00126984,-0.214971,0.254867,0.0248207],[0.793531,-0.173935,0.131999,0.190388,-1.01699,-0.724941,3.99413,-0.00139919,0.508409,-0.301535,-0.0698909,0.0243555,-0.269148,-0.0668474,-0.0064296,0.0911688,-0.98123,-0.420447,0.039993,-0.175301,0.12384,1.10748],[-0.0457501,0.0119697,-0.0184725,-0.0829743,-0.266484,0.0288191,-0.182588,-0.0109496,0.0469028,-1.58946,-0.0278654,-0.00426305,-0.515897,0.00372684,0.00714545,0.000144038,-0.0471342,-0.0313704,-0.00480631,-0.0867811,-0.0353426,-0.00618179],[0.117604,-0.0560804,-0.0041238,0.121092,-0.750359,-0.0400672,-1.22369,-0.00358524,-0.0120323,-1.12956,0.00747543,0.0316254,-0.433347,0.0098358,-0.00735235,0.0189497,0.156297,0.166391,0.00203412,0.146775,-0.0377709,-0.00617308],[0.213883,0.00720585,-0.0643862,0.320992,-0.221547,-0.330125,-1.68282,-0.0324022,-0.0185778,0.222188,0.0278061,-0.0139044,0.702166,-0.00748002,-0.0586192,-0.0234904,0.580168,-0.357678,-0.00335489,0.421998,0.0317457,0.0171405],[-0.0133031,0.0123391,-0.00453354,0.076547,0.0195586,0.000107474,-0.09723,0.00104251,0.000157805,-0.178643,0.000718676,0.00075747,-0.0823613,0.00159807,-0.00156582,0.000760568,-0.00950564,0.00243333,-0.00039008,0.013335,0.00835342,-0.00251041],[0.0230117,0.00752437,-0.00816939,0.0385851,0.127496,0.00237119,0.0611326,0.00162286,-0.0031061,0.297015,0.00431405,0.00449727,-0.0196032,-0.00116182,-0.00158433,-0.00101787,0.0431076,0.0165508,0.00104332,0.0594628,0.0197057,0.00159734],[-0.0369358,0.0292564,0.00404657,0.100482,0.136029,-0.109267,0.056012,0.0119749,-0.000947201,0.21159,0.00990818,-0.000794305,-0.00418803,0.00702945,0.00680752,-0.0040128,0.127314,0.0183771,0.00631109,-0.0467804,0.0146304,0.00106555],[0.00634661,0.000707302,-0.00378391,0.0670872,0.0381632,-0.0107114,-0.183015,-0.000779082,0.00149288,0.140141,-7.5202e-05,-0.0010849,0.0200286,-0.00043602,0.00224283,0.000529579,-0.0675603,-0.00731294,-0.00117571,-0.00130331,0.0106702,-0.00107846],[-0.582678,-0.0374754,-0.288928,-2.958,-5.35385,0.141115,-0.209517,-0.0813386,-0.868451,-11.3141,-0.17531,-0.151084,-3.3855,0.0824811,0.0513826,-0.0241134,-0.990279,1.36624,-0.0335305,-1.49813,-0.536847,-0.191139],[-0.0610485,-0.0117817,0.0323124,0.148685,0.185562,-0.00888013,0.556053,0.00471376,-0.144874,-0.253321,-0.0085254,-0.00758591,0.224466,-0.00414586,0.003873,-0.00105023,0.0989839,0.0422178,-0.00888944,0.0352045,0.0524513,0.00127546],[0.00996865,-0.0043569,-0.00236365,-0.0158493,-0.00897008,0.0102064,0.105777,-0.00158183,-0.000792311,0.00247362,0.00151368,0.0012129,0.00317438,0.00102873,-0.000524523,-0.00110184,0.00161704,0.00594468,0.000700351,0.00243508,-0.00131011,-0.000361717],[0.195836,0.201322,-0.190505,-0.41032,-0.555175,0.689073,0.402869,0.00801745,-0.322528,-2.81212,-0.129653,-0.074364,-0.803029,-0.0241822,0.0189313,-0.0385204,-1.11542,-0.0905218,-0.0140911,-0.0303494,-0.271956,-0.0794313],[-0.0155237,-0.13397,-0.15727,0.705808,1.22579,-0.461902,1.43883,-0.017116,-0.280744,2.09604,-0.0417889,-0.0272793,0.937438,0.0487477,0.0555507,-0.0160326,0.372197,-0.368078,-0.0119659,1.09262,-0.161194,0.0343091],[-0.0122851,0.000121595,0.000458289,-0.0833428,-0.0868084,0.0104963,-0.0584996,-0.00224342,-0.00246704,-0.081114,-0.00989603,-0.00213873,-0.0697025,-0.00187744,0.00265446,-0.00122427,-0.00624297,0.0296118,-0.000741983,-0.040817,-0.00730766,-0.00668275],[-0.131697,0.18062,-0.140894,-1.75077,-0.0893605,-0.117936,-0.464583,-0.00838538,0.133891,-6.8174,-0.0859924,0.0406813,-1.44023,-0.0359697,0.016048,-0.00489098,1.14173,-0.163744,-0.0120317,-0.211363,-0.614003,-0.0739556],[0.309923,-0.119242,0.183204,1.60113,0.415383,0.419017,2.53937,0.0284829,-0.241812,-1.69429,-0.166842,-0.136435,0.397651,-0.0442942,-0.128436,-0.0367781,0.15769,0.360438,-0.0146283,0.589815,-0.228058,-0.0675621],[-0.389795,0.133379,0.178111,-1.9545,0.973491,0.92906,0.472983,-0.0334339,0.0796936,1.9989,0.359426,0.324137,-1.4191,-0.125306,0.0856476,0.00317829,-0.700932,0.162238,-0.00503771,0.979506,0.3497,0.0614271],[0.00771567,0.0201231,0.0132582,0.0544051,0.118889,0.0100248,0.265177,0.00531133,0.00847263,0.303361,0.0114113,-0.00269937,0.256509,0.00991731,-0.00815643,-0.00380058,0.182857,0.0213537,0.00454774,0.0712538,0.0495374,0.00116229],[0.0109264,-0.0235075,-0.0073218,-0.124001,-0.355312,0.0147504,0.0657558,-0.00672681,-0.00709283,-0.579206,-0.000472909,-0.000232803,-0.140861,0.00121064,0.0093121,0.000342755,0.0393393,0.0114538,-0.00248009,-0.16084,-0.0176457,-0.00600025],[0.79139,0.252428,0.304587,3.4758,-0.985042,-0.210108,2.03637,0.123752,0.332066,-7.18802,0.17574,0.12138,-2.09368,0.0926301,0.00186679,0.0269541,-2.31432,-0.80416,-0.0281102,0.853842,-0.212734,0.0059222],[-0.163477,0.0189538,0.00208116,-0.366139,-0.100513,-0.0722718,-0.296931,0.000127129,0.0027729,0.169255,0.000758538,0.0124224,-0.00665524,0.0152348,-0.0189118,-0.00217124,-0.0792472,-0.0125651,0.000223379,0.0398531,0.0340026,0.00895172],[-0.130068,-0.0327893,-0.00873967,-0.65208,-0.746806,0.0164602,-0.61685,-0.0125984,-0.074865,-0.41428,0.0203297,0.0166811,-0.274783,-0.00815113,0.0109862,0.0085047,0.03065,-0.102472,-0.00392195,-0.0786004,-0.0156754,0.0157304],[-0.462974,0.177754,-0.00332212,-0.860764,0.233136,0.805405,-0.719595,0.024665,-0.158684,2.183,0.108951,0.0227278,1.30313,0.0371453,0.000923312,-0.0394008,1.06597,0.534978,-0.0416335,-0.229886,-0.0259523,-0.131783],[0.0192834,0.0072823,0.00741376,0.0888386,0.103064,-0.0364255,-0.172543,-0.000820275,-0.0125729,0.535255,0.00861576,0.010905,-0.00944225,-0.00275817,0.0144866,0.000861045,0.0467,-0.0386283,0.0084516,-0.0797363,0.0317592,0.0114591],[0.194719,0.029565,-0.046929,0.286111,0.0182069,0.0464331,0.0329557,-0.0225539,0.000414649,-0.00111028,0.001556,0.0137569,-0.160686,-0.00211203,0.0031886,-0.00120343,-0.0973151,-0.102774,0.00482619,0.253647,0.0435687,0.0161786],[-0.115699,-0.0965758,-0.0845227,0.0916328,0.243466,0.175103,-0.686483,-0.0168093,-0.126003,0.880691,0.00881728,-0.0155212,0.0780922,0.0600972,0.0256958,0.0153486,-0.310592,0.0226247,-0.0153542,0.0688839,-0.0615968,0.0103054],[-0.0050745,-0.00179611,-0.00204977,0.0459597,0.00507883,-0.02668,0.0467778,0.000524612,-0.000128393,0.046271,0.000436767,-0.00288341,0.077488,0.00247345,0.00253002,-0.00204224,0.0539384,-0.00640526,-0.000210137,0.0126533,0.00522062,-0.000336639],[-0.00127059,-0.00320737,-0.00213885,-0.0280773,0.0448625,-0.00885831,0.0403972,-0.000766682,-0.00159789,0.007331,0.00256172,6.76048e-05,0.0150957,-0.000207543,-0.000432815,-0.000862872,-0.00903505,0.00093074,-0.000873206,0.00329283,0.00797446,0.00146443],[-0.026158,0.00505124,-0.000538461,-0.00334406,0.0876778,0.0634735,-0.354253,-0.000131686,0.00367598,-0.142509,-0.000678836,-0.00313765,-0.0155547,2.29885e-05,0.00125364,0.00156607,0.0170789,0.00252049,-0.00363313,0.0294289,-0.0114413,0.00353624],[-0.00943355,-0.00280785,-0.00195221,-0.039652,-0.044,-4.06197e-05,-0.104415,-0.00130148,0.00438275,-0.10444,-0.00210466,0.00189639,-0.0595036,0.00220178,1.60131e-05,-0.00111484,0.00406624,-0.0149076,-0.000138225,-0.0160402,-0.0080125,-0.00119803],[-0.377165,-0.116733,-0.135392,-0.584068,0.602827,-0.0201445,3.20382,-0.0595844,0.141003,0.448776,0.107741,0.170063,-0.866368,0.0278362,-0.06516,0.0289722,-0.338985,0.814692,-0.0448904,-0.14099,0.0769974,-0.0257714],[-0.0293178,-0.000729644,-0.00705822,0.0726723,-0.0521405,-0.013468,-0.146338,0.00123549,-0.0490136,-0.414531,-0.000373019,-0.00235594,0.0704863,-0.00811751,0.0140438,-0.00715251,-0.212367,0.0679073,-0.0109293,0.0054977,0.0149753,0.00477076],[-0.00881504,0.002739,0.000831719,-0.0509739,-0.044076,-0.000653675,0.0467946,-1.47809e-05,-0.000235877,-0.0620671,-0.000676845,-0.000785446,0.019843,0.00246579,-0.00190472,-0.000755289,0.00464264,0.00136587,0.000623376,-0.0115734,-0.00613262,0.000193839],[-0.090393,0.190787,0.0730605,-0.134836,0.351858,0.362847,-1.2227,0.0352592,-0.294718,3.29341,0.0289112,-0.020124,0.119575,0.0191974,0.0305325,0.0606369,-0.271344,-0.0709789,-0.00197613,-0.476229,0.200963,0.0327949],[-0.228814,-0.173835,-0.056555,0.00823584,-1.01537,0.0851586,-0.81988,-0.0595731,-0.326546,-2.11612,-0.000675156,0.0315154,-0.860556,-0.00550253,0.0203615,0.0117395,-0.474635,-0.114495,-0.0143623,-0.231029,-0.068803,-0.101506],[-0.0172425,-0.00188592,0.00187665,-0.0529247,0.0471075,-0.0129422,0.131936,0.0023235,-6.45692e-05,0.124082,0.00238987,-0.0002879,0.0272082,-0.00119618,0.000949056,0.00172043,0.00293707,-0.00542941,0.00133422,-0.00188107,0.00317245,0.00265308],[-0.234136,0.160697,0.0369478,-0.363344,-0.405686,-0.669872,1.26233,0.0412774,0.201935,-1.90194,-0.0699395,-0.105937,1.74488,-0.0572681,0.0700671,0.0355559,0.193115,-0.259094,-0.0286259,-0.372066,-0.264499,-0.00834318],[0.182004,0.00130619,0.121187,1.08381,0.645376,-0.565958,1.81119,0.0597226,-0.417404,4.2211,0.0175126,-0.0443212,1.81448,-0.01906,-0.145559,-0.0296416,0.629636,0.128494,0.007183,0.608176,0.328609,-0.0350529],[-0.0946545,0.137227,0.078313,-0.451557,-1.97825,0.488517,-1.65262,-0.0378192,-0.273597,0.79571,-0.0982758,0.0228131,-3.61526,-0.10496,0.105444,-0.0431061,-0.776776,-0.271545,0.0433336,-0.865552,0.125436,-0.0176958],[-0.0118512,-0.0207171,0.00416219,0.0111252,0.0409853,0.011762,0.0858831,-0.0010321,0.0097083,-0.193481,0.000186822,0.00127188,-0.0258377,0.00413639,-0.00336843,0.0016352,-0.0785447,-0.00529617,0.00344878,0.00392518,-0.0307429,-0.00355976],[0.00136887,-0.0170877,0.00129233,-0.0510686,-0.072814,0.0189883,-0.372681,-0.00167205,0.0179993,-0.268975,0.0017324,0.016714,-0.293838,-0.00299004,0.00660876,-0.00128687,-0.0532396,0.00057676,6.94217e-05,-0.0462525,-0.0102694,0.000804403],[-1.63815,0.215068,-0.114778,-4.94956,-3.50696,-0.383987,-0.45381,-0.00965382,-0.179888,1.50671,-0.16661,-0.0953754,-1.35468,0.121272,-0.0277467,0.0404993,0.458941,-0.52763,-0.0903778,-1.59909,-0.243476,-0.0496142],[-0.0593771,0.0245412,0.0116651,-0.0248836,-0.0424007,0.0655298,-0.195593,0.00393827,-0.0156312,-0.293405,0.00130738,0.00506925,-0.197812,0.00654976,-0.021857,0.0121767,0.00319899,-0.0225976,-0.00163396,-0.0447321,-0.0180196,0.00172157],[-0.100038,0.005214,0.0423968,-0.195356,-0.0780273,-0.0691345,-0.156315,0.00966529,-0.00423251,0.549553,0.0199233,-0.000701207,0.163811,0.000720046,-0.0025224,-0.00228331,0.157033,0.00954154,0.00627373,0.11857,0.0721869,0.0286311],[-0.544385,-0.00261024,-0.0355549,-0.45796,0.444475,0.0869574,-2.40921,-0.0154746,-0.0676943,0.342524,0.0632952,0.0169784,0.183451,-0.0165495,0.00577698,-0.0106731,0.291268,-0.136298,0.00107322,-0.205024,-0.201125,-0.0748342]],"sigmahat":[[1.72101,-0.0707741,0.0126761,3.61299,2.00964,-0.015489,1.18602,0.0137206,-0.0111963,3.23437,0.0628121,-0.0029662,1.36209,-0.0138573,-0.0461856,-0.00990278,0.301046,-0.0553152,0.0280152,1.00115,0.357375,0.0345267],[-0.0707741,0.188556,-0.0115933,-0.0828007,-0.0887618,-0.00748533,-0.239297,0.0149317,-0.0726863,0.0370652,-0.00877971,-0.00958021,0.129068,-0.00476442,-0.00279981,0.00782538,0.187765,0.00354342,0.00376337,-0.0177217,0.00696928,0.00303814],[0.0126761,-0.0115933,0.101879,0.169103,0.229724,0.00219674,-0.121237,0.0122053,0.00827337,0.728046,0.0167581,0.00137903,0.223999,0.0113236,-0.0023646,0.00357624,0.0701422,0.0117875,0.00737113,0.119319,0.0423575,0.00660341],[3.61299,-0.0828007,0.169103,14.7953,9.6139,-0.474278,4.689,0.14435,-0.552735,14.2915,0.166732,-0.126604,5.90279,-0.0962099,-0.0509257,-0.00278049,0.439743,-0.0204859,0.0828108,3.16808,1.2794,0.0991779],[2.00964,-0.0887618,0.229724,9.6139,15.9735,-0.597739,5.19781,0.211093,-0.313814,28.0871,0.302755,-0.0497049,7.10849,-0.114979,0.00710517,0.0157414,1.2274,0.307974,0.125798,2.91619,1.82476,0.197998],[-0.015489,-0.00748533,0.00219674,-0.474278,-0.597739,1.69315,0.33959,-0.0488713,-0.0935883,-3.66199,-0.0195502,0.0511903,-1.28743,0.0301596,0.00168819,-0.00669994,-0.305829,-0.0673933,0.00132347,-0.167643,-0.301779,-0.0311913],[1.18602,-0.239297,-0.121237,4.689,5.19781,0.33959,50.6276,0.140394,-0.712396,7.63321,-0.0525311,-0.288284,5.07587,-0.124055,-0.263979,-0.0768179,3.0345,0.39323,0.0246797,-0.0751714,0.601188,0.0799572],[0.0137206,0.0149317,0.0122053,0.14435,0.211093,-0.0488713,0.140394,0.0173131,-0.00356747,0.671065,0.00288839,-0.0123788,0.252562,-0.0021914,-0.00613072,0.00231164,0.123172,0.0343546,0.00167826,0.0632377,0.0469724,0.00521658],[-0.0111963,-0.0726863,0.00827337,-0.552735,-0.313814,-0.0935883,-0.712396,-0.00356747,0.513958,0.103335,0.0150213,0.00923371,-0.145778,0.0120406,-0.00961241,-0.00124573,0.191376,0.0200979,-0.0025981,-0.156131,-0.00650758,0.00274539],[3.23437,0.0370652,0.728046,14.2915,28.0871,-3.66199,7.63321,0.671065,0.103335,106.566,1.06387,-0.139207,23.5802,-0.352345,-0.0347457,0.0586093,6.2256,2.03713,0.34084,6.29672,6.16554,0.700524],[0.0628121,-0.00877971,0.0167581,0.166732,0.302755,-0.0195502,-0.0525311,0.00288839,0.0150213,1.06387,0.055941,0.0318145,0.314784,-0.00159875,-0.00326783,0.00115369,-0.00524331,-0.00441738,0.004785,0.115831,0.0754844,0.014497],[-0.0029662,-0.00958021,0.00137903,-0.126604,-0.0497049,0.0511903,-0.288284,-0.0123788,0.00923371,-0.139207,0.0318145,0.0531605,-0.281499,0.00150869,0.00264318,0.000323898,-0.116944,-0.015185,-0.00073511,0.0165026,-0.00212223,0.00270793],[1.36209,0.129068,0.223999,5.90279,7.10849,-1.28743,5.07587,0.252562,-0.145778,23.5802,0.314784,-0.281499,14.5999,-0.0681921,-0.115553,-0.0709648,2.34904,0.402068,0.0935385,2.63412,1.45394,0.202095],[-0.0138573,-0.00476442,0.0113236,-0.0962099,-0.114979,0.0301596,-0.124055,-0.0021914,0.0120406,-0.352345,-0.00159875,0.00150869,-0.0681921,0.063612,0.0181801,0.000551885,0.0639567,-0.0195164,0.00124186,-0.0317151,-0.0519761,-0.00554849],[-0.0461856,-0.00279981,-0.0023646,-0.0509257,0.00710517,0.00168819,-0.263979,-0.00613072,-0.00961241,-0.0347457,-0.00326783,0.00264318,-0.115553,0.0181801,0.0642847,-0.00132474,-0.135892,-0.00743719,-0.000817441,-0.06735,-0.00283198,-0.000187841],[-0.00990278,0.00782538,0.00357624,-0.00278049,0.0157414,-0.00669994,-0.0768179,0.00231164,-0.00124573,0.0586093,0.00115369,0.000323898,-0.0709648,0.000551885,-0.00132474,0.0119168,-0.00355508,-0.00279323,0.000182417,-0.015558,0.00205756,-0.00154015],[0.301046,0.187765,0.0701422,0.439743,1.2274,-0.305829,3.0345,0.123172,0.191376,6.2256,-0.00524331,-0.116944,2.34904,0.0639567,-0.135892,-0.00355508,5.30757,0.176032,0.0347971,0.317181,0.313952,0.0333704],[-0.0553152,0.00354342,0.0117875,-0.0204859,0.307974,-0.0673933,0.39323,0.0343546,0.0200979,2.03713,-0.00441738,-0.015185,0.402068,-0.0195164,-0.00743719,-0.00279323,0.176032,0.866862,-0.0116429,0.0524904,0.19501,-0.00515264],[0.0280152,0.00376337,0.00737113,0.0828108,0.125798,0.00132347,0.0246797,0.00167826,-0.0025981,0.34084,0.004785,-0.00073511,0.0935385,0.00124186,-0.000817441,0.000182417,0.0347971,-0.0116429,0.00868117,0.0202623,0.0149463,0.00178435],[1.00115,-0.0177217,0.119319,3.16808,2.91619,-0.167643,-0.0751714,0.0632377,-0.156131,6.29672,0.115831,0.0165026,2.63412,-0.0317151,-0.06735,-0.015558,0.317181,0.0524904,0.0202623,2.36697,0.469113,0.0650176],[0.357375,0.00696928,0.0423575,1.2794,1.82476,-0.301779,0.601188,0.0469724,-0.00650758,6.16554,0.0754844,-0.00212223,1.45394,-0.0519761,-0.00283198,0.00205756,0.313952,0.19501,0.0149463,0.469113,0.72261,0.0497992],[0.0345267,0.00303814,0.00660341,0.0991779,0.197998,-0.0311913,0.0799572,0.00521658,0.00274539,0.700524,0.014497,0.00270793,0.202095,-0.00554849,-0.000187841,-0.00154015,0.0333704,-0.00515264,0.00178435,0.0650176,0.0497992,0.0236118]],"n":22,"lags":3,"seasonalRows":3}