{"betahat":[[2.49713,0.201022,-1.39157,2.97557,3.11991,0.138317,-0.11523,-0.283011,-0.134127,2.17503,-0.0554487,-0.159745,-0.0192329,-0.000280984,0.733956,0.30769,-0.190657,0.362302,0.0589564,0.17737,8.97435,-0.0771693,11.8663],[0.810291,0.0625652,-0.390013,0.0332787,0.0785807,0.222325,0.0241444,-0.00647709,-0.00358992,0.0317503,0.0133004,-0.00497606,0.00328227,-4.86691e-05,0.0338309,0.012846,-0.0162196,0.00629843,0.0119724,0.0124234,0.0392986,0.0127262,0.0576387],[-0.0358548,0.970931,2.03025,-0.115143,0.223342,0.779698,0.0557623,-0.027377,-0.00497634,-0.0675462,-0.0133942,-0.00986928,0.0319712,-9.38936e-05,0.300847,-0.0660624,-0.330713,0.0690913,0.0334904,0.0143817,0.0797784,-0.0486846,2.58627],[-0.0034489,-0.00131254,0.55444,0.00232873,0.00727858,-0.107689,-0.000292837,0.000698319,-0.000274654,-0.000102138,0.000445024,-0.000434257,0.000566464,-1.05093e-06,-0.00328188,-0.000482474,0.000938381,0.00055144,0.000766686,0.000605936,-0.0215022,0.00127392,-0.0104066],[-0.044349,0.192575,1.1415,0.627892,-0.178275,-0.283102,0.0195211,-0.0432643,0.00109193,0.121004,-0.00169782,-0.00178996,-0.0301101,-8.20613e-05,-0.0402604,-0.0421422,0.0270115,0.0168775,-0.00853463,-0.00462314,0.119012,-0.0194514,0.506008],[-0.0492157,0.0310492,0.446932,-0.0719426,0.705078,-0.104525,0.00181132,-0.014858,0.00167943,0.020591,0.00672402,0.00404787,0.0175857,1.62951e-05,-0.0314563,0.00824694,0.0337981,-0.00439817,-0.00716407,-0.0033558,-0.216458,0.00890895,0.0123418],[0.00475162,-0.0217949,-0.826828,-0.00530265,-0.00162541,0.644388,-0.000981537,-0.0023693,0.000545349,0.0148109,0.000120253,0.000894362,0.000685598,4.9961e-06,-0.0201803,0.00546116,0.0172426,-0.00204442,-0.00407095,-0.00353806,-0.0266439,-0.000398716,-0.184951],[0.168305,0.286612,1.78948,0.273774,-0.0902063,-0.724637,0.904942,-0.0664197,0.030988,1.11731,-0.033445,0.0299733,-0.0172202,0.000133746,0.214284,0.00803825,-0.109292,0.0186599,0.0278784,0.00368298,0.14776,-0.0443136,-1.43922],[-0.159106,0.712594,-26.4427,0.225401,0.5993,-6.96027,-0.0147993,1.07195,0.000959405,-0.270975,0.0134454,0.0108105,0.142296,-0.000106015,0.361752,-0.165311,-0.261325,0.117959,0.0120131,0.0138723,-0.590258,-0.0806306,2.1661],[-2.10304,0.823988,-11.3974,-0.212702,-1.71763,-2.53646,-0.0192837,-0.0371777,1.04317,1.28927,0.0480771,0.0243581,-0.341423,-0.000326961,0.18096,0.124058,-0.157279,0.0824057,-0.0439138,0.0831558,0.877257,0.0637957,6.38384],[0.0592466,0.0608264,-3.08375,0.0712823,0.0686836,-0.834939,-0.0711212,-0.0264758,-0.00360586,1.36381,-0.0142814,0.00012677,-0.0140041,0.000118406,0.0114093,-0.0154142,0.00141293,-0.00792957,0.00858842,0.00895318,0.233659,0.00291085,-0.749473],[-0.491932,-0.787289,-6.9796,-0.0444202,-1.77529,-5.68363,-0.11664,0.127294,0.00726796,-0.728329,1.0386,0.00425086,-0.0599548,0.00033426,-0.875455,-0.241994,0.707339,0.0168825,0.0272569,0.0215655,2.55394,0.00662276,-3.46023],[0.114414,-0.999741,2.523,0.229815,0.30555,0.13286,-0.0940595,0.111023,0.288608,-0.468064,-0.0310148,1.24518,0.306203,0.00095609,0.0142785,0.0817011,0.156059,-0.0438502,-0.0215551,-0.0613852,2.3682,-0.0920047,-5.78637],[0.100934,-0.281251,-1.19012,0.625637,0.136783,0.749178,-0.0473365,0.0720235,0.0164621,-0.629419,0.0882225,0.0571359,1.4003,0.000159905,-0.0661363,-0.169424,-0.114737,0.00249953,-0.00936449,-0.0111756,-0.754059,0.0192097,0.883704],[323.613,-40.3133,-201.029,26.5945,-85.3333,-826.566,-2.04578,22.0295,-0.389224,-396.239,32.9064,3.03837,51.8378,0.838555,-44.4832,-20.0638,-0.78909,16.345,25.2728,36.0224,96.4065,12.1804,686.63],[0.213608,-0.0689448,1.12683,0.0316089,-0.0594105,0.082105,-0.0798461,0.0540901,-0.000771619,-0.0678884,0.00120742,0.00161932,0.0180137,5.18155e-05,0.826885,0.0371563,-0.00317636,-0.000510054,-0.01736,-0.0107457,0.335654,0.0200334,-0.873064],[0.115061,0.0541427,6.71459,0.00166681,-0.107502,1.92069,-0.0955172,0.0502672,0.00530182,-0.0654679,-0.0254937,-0.0120522,0.0299661,-0.00016795,-0.138585,1.01796,0.109458,-0.0146085,-0.012863,-0.0336061,-1.20863,0.0308932,-1.93319],[-0.593197,0.170473,1.19972,-0.412108,-0.564248,0.493979,-0.00283454,-0.028578,0.00850468,0.0919231,0.00640545,-0.00151565,0.0112057,-0.000140349,0.44363,-0.158039,0.65482,0.0518229,0.0292887,0.0227291,0.759578,-0.0542842,3.05101],[0.170023,0.608256,-15.0609,-0.539622,1.19892,-1.07724,0.798106,0.026906,0.0250758,-1.17799,0.13556,0.0553354,-0.0149988,7.14731e-05,-0.45138,-0.292719,0.354818,1.35375,0.0976197,-0.00597743,-2.74359,0.125074,-0.992701],[-0.202025,0.700694,14.5625,0.679866,-1.34361,0.0611928,0.223195,-0.078833,0.0642495,-0.174161,0.16535,0.0531205,0.038169,-0.00115846,0.103235,0.364965,-0.164028,-0.064491,1.19798,0.167095,-5.98723,-0.188868,-1.62459],[-0.199797,0.0361193,-6.44665,-0.282818,1.86522,0.46975,-0.125617,-0.152552,0.15447,0.394603,-0.0940272,0.143358,0.0384983,-2.50222e-05,0.286222,0.00167193,-0.166064,-0.00898524,-0.109359,0.938867,0.997023,-0.224797,-0.746037],[0.0461742,-0.00900022,0.0592309,0.033039,0.06329,0.011583,0.000314389,0.00304005,0.00519728,0.0276335,0.00380532,0.000902191,0.0121076,3.42958e-07,0.00315633,-0.0125848,-0.00613024,0.00247692,0.00552921,0.00968915,0.946508,0.0134421,-0.0879066],[-0.00759254,-0.274684,16.5164,0.206678,0.784483,5.5224,-0.0486701,0.00101802,-0.116059,-0.236642,-0.0528412,-0.086403,0.0793078,0.00045143,-0.107897,-0.141012,-0.0757753,-0.0339048,-0.0655184,-0.0839918,-1.63374,1.1624,-6.92685],[-0.0362831,0.00761609,-0.0475386,0.00216101,-0.0589747,-0.0182071,-0.0016557,-0.00113337,-0.00287817,0.0190873,0.00155607,-0.00240993,0.00374569,7.28671e-06,0.0020144,-0.00135399,-0.00213328,8.63062e-05,0.0023708,0.00343728,-0.025607,0.00336469,1.04219],[0.16927,-0.0338104,1.65265,-0.0574955,-0.0961886,0.220052,-0.0231987,-0.000569735,0.00187168,-0.000837729,-0.00706752,0.00328585,-0.00726734,3.07028e-05,-0.0490208,-0.00138083,0.0269335,-0.0126128,-0.011116,-0.0131844,-0.0077087,-0.00541607,-0.461296],[-0.295894,0.0355836,1.83518,-0.0152238,-0.373316,0.503217,-0.0144214,0.00676615,0.0024676,-0.0427902,0.0174391,0.00498518,0.00215488,6.16475e-05,-0.306227,0.0474652,0.321275,-0.0493822,-0.0235822,-0.0158246,-0.356045,0.0531411,-2.2599],[0.00508652,0.000748088,0.302916,-0.00434723,0.00829636,0.0958529,0.00169801,-2.66899e-05,0.000241988,-0.00235164,0.000562285,0.000438399,0.000572269,3.0622e-06,-0.00120851,0.000940601,0.00252064,-3.66272e-05,-1.78855e-05,3.84684e-06,0.00616583,-0.000280341,0.012095],[-0.0985416,-0.0700896,-2.62735,0.187784,0.178162,0.277647,-0.0145654,0.00603854,-0.000283548,-0.109286,-0.00182506,-0.0013765,-0.00141299,8.09318e-06,0.017225,0.0140903,-0.025389,-0.0131932,0.0140983,-0.00235358,-0.442414,0.00507241,-0.554779],[0.0305707,-0.000243382,-0.863736,0.0473413,0.182228,-0.140727,-0.0107632,0.0155998,-9.00134e-05,0.00190361,-0.00390903,-0.00245541,-0.0117278,-6.35057e-06,0.0261599,0.00435573,-0.0218265,0.00095916,0.00386069,0.00238773,0.0982746,-0.00591238,-0.275145],[-0.0189686,0.0192846,0.61033,-0.00253563,0.0222126,0.327489,0.000932213,0.00242236,-0.000573543,-0.0160823,0.00105881,-0.000589604,0.00183911,6.53265e-06,0.00497273,-2.61926e-05,-0.00171235,0.00122725,0.00325413,0.00314532,-0.0134551,0.00265467,0.101077],[-0.283042,-0.152872,0.484679,-0.217809,0.0369111,1.23484,-0.0405266,0.0249233,0.0054427,-0.83378,0.0693935,-0.00195976,0.0373996,7.86727e-05,-0.13826,-0.0605743,0.00342177,0.00060823,0.0153588,0.0542355,-0.918939,0.0839883,-0.253776],[-0.422323,-0.293846,22.2109,-0.11722,-1.11971,5.80152,0.0259238,-0.109659,-0.00179163,0.0238791,-0.0362282,-0.0030961,-0.0252291,0.000186938,-0.483034,0.121183,0.495225,-0.0763493,-0.0880286,-0.0479261,1.78404,0.0741764,-3.40256],[1.457,0.0128977,-2.35055,0.688812,0.833954,-0.984658,0.20565,-0.0182549,-0.126104,0.112905,0.0205848,-0.0798132,0.317638,4.96183e-05,0.105474,-0.147624,-0.136769,0.0247822,0.115721,0.142044,-0.24871,0.0975097,3.75366],[0.155174,-0.0347575,2.19399,-0.0699936,0.170758,0.660026,0.055118,0.0191549,0.000193357,-0.248995,0.00336582,-0.000729264,0.0100112,-0.000103157,-0.00984857,0.0111606,-0.00444452,0.00138879,-0.0050068,-0.0149666,-0.18934,-0.00932378,0.126542],[-0.286714,0.989314,5.2497,-0.0382194,-0.421535,2.50468,0.177066,-0.0742486,0.051298,0.520978,-0.0342084,0.027949,0.109239,-0.000145469,0.578798,0.133098,-0.384475,-0.0229272,0.0317149,-0.016665,-2.0844,-0.0609213,2.23372],[0.564523,0.541419,5.27056,0.0134701,0.414361,1.7939,0.134802,-0.145929,-0.18343,-0.237257,-0.0476092,-0.194934,-0.218596,-0.000634782,0.0484433,0.111746,-0.134666,-0.0688164,0.00787655,-0.062136,-1.34109,0.0208929,-0.228097],[-0.335236,0.139641,2.50141,-0.631485,-0.553474,-0.769625,-0.0239709,-0.0267444,-0.0241403,0.0541434,-0.0649759,-0.0395076,-0.359589,2.508e-05,0.112562,0.154977,0.0556703,-0.0282009,-0.00110488,-0.032496,-0.207716,-0.0353087,-0.809253],[-151.442,70.9931,1374.39,48.2526,99.1301,889.851,92.4617,-58.0764,-1.41213,468.465,-44.5135,0.998962,-52.1324,-0.09404,24.0991,46.0984,28.8922,4.80048,-20.4083,-35.6451,-89.0701,-11.1123,17.8374],[0.0816307,-0.0125698,-2.38178,0.23402,0.210365,-0.729118,0.0778078,-0.00853772,-0.000178577,0.0139926,0.00536323,-0.00232027,0.00679499,-7.13171e-05,0.104699,0.00647542,0.0305058,0.0095004,0.00739895,0.0105992,-0.139672,-0.00231082,0.806981],[0.00740947,-0.0298705,-0.469986,-0.30961,0.535409,0.437555,0.0400883,-0.0926057,-0.000490555,-0.14015,0.0126373,0.00968688,0.000622035,0.000196791,-0.0753145,0.0462779,0.0484836,-0.0500312,0.00436795,-0.00744348,0.405537,-0.00404766,-1.47291],[0.353802,-0.102552,0.439746,0.0611669,0.254285,-0.116044,-0.0351188,0.0191546,-0.00103346,-0.0595378,0.000160682,0.00696727,-0.00917638,9.48442e-05,-0.286555,0.106017,0.179987,-0.0450504,-0.0137537,-0.00210547,-0.381795,0.0284136,-2.24893],[0.459375,-0.46136,15.5374,0.136844,-0.912974,1.72678,-0.426928,0.0496856,0.00372513,0.494736,-0.0237018,-0.00541361,0.0911322,1.91163e-05,0.388436,0.237465,-0.293876,-0.143458,0.0181526,0.089006,1.28356,-0.0420847,1.87198],[0.278874,-0.482235,-16.79,-0.43728,1.18626,-0.162351,-0.13371,0.148655,-0.00595344,-0.224269,-0.132512,0.0122727,0.00138818,0.000746936,-0.108195,-0.000627981,0.215558,-0.0574309,-0.136043,-0.126654,4.20013,0.06189,-2.20337],[-0.155085,0.39302,2.08802,-0.211747,-0.830373,2.0428,0.126377,0.139422,-0.0855818,0.121682,0.0164956,-0.0663257,-0.108184,-3.8025e-05,-0.315162,-0.0568538,0.248347,-0.0461199,0.0466354,-0.0486936,-1.40051,0.09272,-2.85881],[0.0269887,0.00236729,-0.435293,-0.00929385,-0.0474605,-0.301029,-0.0097373,0.00575578,-0.00690861,-0.0119716,-0.00476692,-0.00452878,-0.0124773,3.24262e-06,0.00875545,0.0156833,0.00309577,0.00420711,-0.00629215,-0.0103048,0.0116707,-0.00800531,0.299626],[-0.997231,0.308054,-10.3231,-0.0221975,-0.781357,-1.63874,0.0612939,0.0466201,0.08872,0.425827,-0.0231253,0.0753027,-0.114641,-0.000337073,0.140195,0.125257,0.0307345,-0.0252775,0.00246818,0.00126609,0.795176,-0.178788,3.1781],[0.0496189,-0.00323046,0.229329,-0.00426811,0.0363922,0.0578426,-0.00418416,0.000718181,0.00149409,-0.00645873,-0.000570927,0.00167731,-0.00338614,-5.43009e-06,-0.010264,0.00574185,0.0112255,-0.00194175,-0.00175503,-0.00245245,0.0335312,-0.000812416,-0.0377719],[0.0203845,-0.0287689,-1.26305,0.0242663,0.0174922,-0.44262,-0.000923455,0.00705632,0.00171854,-0.0309265,-0.0062294,0.00168857,0.00397911,1.79473e-05,0.0152065,-0.0114634,-0.0107229,0.00633094,-0.000858978,0.000760627,-0.0315103,-0.00730969,0.404052],[0.331734,-0.00652989,-3.86512,0.130374,0.149944,-1.28286,-0.0413327,0.0206119,0.00250865,0.110324,-0.00404425,0.00488374,-0.0341269,3.22463e-05,0.0053804,0.0185981,0.00943761,-0.0197044,-0.00991145,0.00144144,0.276314,-0.00445578,-0.326255],[-0.00164229,0.000331197,0.133073,0.00230608,-0.0156493,0.00900225,-0.00139153,-0.000589917,4.25329e-05,0.00244278,-0.00100994,-5.31267e-07,-0.00117267,-2.03285e-06,0.0045685,-0.00041913,-0.00349918,-0.000479777,-0.00076888,-0.000622694,0.015827,-0.00103522,-0.000634979],[0.142874,-0.12251,1.48587,0.184335,6.98729e-05,0.0053802,-0.0049378,0.0372339,-0.000806927,-0.0117479,0.00352478,0.00316674,0.0315189,7.39668e-05,0.0230427,0.0280497,-0.00162568,-0.00366899,-0.00556949,0.00697357,0.323477,0.0143786,0.0489893],[0.0186182,-0.0308261,0.415997,0.0246909,0.112502,0.24473,0.00898047,-0.000727551,-0.00158875,-0.0225004,-0.00280955,-0.00159482,-0.00586568,-9.97672e-06,0.00532248,-0.0125966,-0.011986,0.00346084,0.00329985,0.000968151,0.118286,-0.00299791,0.263392],[0.014266,0.00241709,0.214061,0.00796857,-0.0207025,0.0270549,6.76648e-05,-2.22009e-05,3.20895e-05,0.00126379,-0.00117658,-0.000304179,-0.00253627,-1.15423e-05,0.0152362,-0.00541596,-0.0155431,0.000837813,0.000806333,0.000387758,0.040305,-0.00226766,0.0843898],[0.114691,-0.133763,-2.27378,-0.0559303,0.0532017,-0.5102,0.1356,0.0414954,-0.0364268,-0.283505,-0.0359472,-0.0280106,-0.0201875,-0.000212425,-0.0760182,0.0525312,0.105867,-0.0192604,-0.0432439,-0.0579178,0.771343,-0.0396744,1.6931],[0.550362,-0.39318,4.8095,-0.153235,0.530255,1.41939,-0.0178755,0.0240244,0.00101639,0.251747,0.0215286,-0.00653242,-0.112518,-7.00605e-05,0.104851,0.03071,-0.225547,-0.0494989,0.0764215,0.0348866,-1.24835,0.00985766,0.99174],[0.556126,-0.0610674,4.16066,-0.188408,0.165749,-0.198332,-0.0458842,0.00352246,-0.0299018,0.126956,0.0380783,-0.0261481,0.110395,3.24042e-05,-0.150141,-0.184804,0.17184,0.0657741,-0.0372877,-0.0357785,0.389183,-0.000778214,-0.696387],[-0.2143,-0.0261462,0.888488,-0.00126159,-0.239402,0.174222,0.0160504,0.00740907,0.00341332,-0.115157,0.0109397,0.000607122,0.00405353,-1.52632e-05,-0.00149866,0.00427299,0.0030129,0.00660614,-0.00357679,0.00600957,-0.0442512,0.00641447,0.624099],[0.533781,-0.180591,2.09341,-0.105197,2.04319,3.42266,-0.0844519,-0.0665761,-0.0520843,0.187078,-0.0196465,-0.0206735,-0.0433916,-0.000121428,0.265729,0.0470794,-0.302009,-0.0143544,-0.0566931,-0.00920979,-0.505143,0.0485825,0.563325],[-0.1699,-0.0638512,-5.64088,-0.460777,0.172457,-1.18745,-0.108483,0.10701,-0.0587782,-0.304846,0.0184658,-0.0570148,-0.16206,-0.000259707,-0.142684,-0.0910094,0.0406509,0.0250769,0.021026,0.0213246,-1.23338,-0.0164569,-0.691431],[0.0631053,0.0967235,-0.753887,-0.21489,0.291222,0.261982,0.0427995,-0.0621121,0.00430387,0.359023,-0.0402038,-0.0252247,-0.102234,-0.000110591,-0.0841052,-0.0425188,0.0667358,0.0031316,-0.00448924,0.012695,0.561071,0.00904381,-1.14817],[-172.171,-30.6798,-1173.36,-74.8471,-13.7968,-63.2849,-90.4159,36.0468,1.80135,-72.2256,11.6071,-4.03734,0.294563,0.255485,20.3841,-26.0346,-28.1031,-21.1455,-4.86447,-0.37724,-7.33628,-1.06809,-704.467],[-0.295248,0.0815084,1.25517,-0.265606,-0.150981,0.647034,0.00204599,-0.0455534,0.000949611,0.0539014,-0.00657141,0.000699454,-0.0248143,1.9498e-05,0.0684152,-0.0436286,-0.0273279,-0.00898645,0.00995634,0.000143876,-0.195924,-0.0177223,0.0661556],[-0.122485,-0.0242894,-6.24437,0.307952,-0.427931,-2.35823,0.0554328,0.0423445,-0.00481082,0.20559,0.0128563,0.0023656,-0.0305863,-2.88333e-05,0.213899,-0.0642386,-0.157939,0.0646451,0.00848871,0.0410465,0.803153,-0.0268456,3.40619],[0.267943,-0.0781936,-2.5035,0.36075,0.303006,-0.736443,0.0280079,0.0316973,-0.00440659,-0.0724368,-0.00842337,-0.00186858,0.00782331,5.67296e-05,-0.098891,0.0384854,0.116906,-0.00137375,-0.0158477,-0.0169367,-0.30885,0.0174742,-0.502248],[-0.629417,-0.146938,-0.476751,0.402867,-0.286081,-0.649821,-0.371137,-0.0765834,-0.0287972,0.683265,-0.111855,-0.049921,-0.0761472,-9.06063e-05,0.0629695,0.0552501,-0.0609597,-0.21027,-0.115781,-0.0830289,1.46025,-0.0829901,-0.878855],[-0.597585,-0.553806,8.91091,-0.113943,-0.505803,2.36508,-0.113736,-0.0112141,-0.0335099,0.017945,-0.0507041,-0.0241234,-0.0525539,0.000479202,-0.030305,-0.051667,0.0586466,0.0258529,-0.140619,-0.0927565,1.8132,0.0872207,1.26374],[0.309652,-0.336747,6.64366,0.287982,-0.893838,-1.55052,-0.0200811,-0.000703334,-0.0706304,-0.521331,0.0618902,-0.0686355,0.0835091,6.87228e-05,0.0345787,0.0393032,-0.0695133,0.0329408,0.0584197,0.0766203,0.125121,0.12143,2.40792],[-0.0730868,0.00656792,0.374124,-0.0235041,-0.0160164,0.28836,0.00950876,-0.00876094,0.00171097,-0.0156407,0.000965123,0.00361678,0.000330028,-3.63241e-06,-0.0118142,-0.00310354,0.00296082,-0.00661368,0.000750841,0.00061005,0.0420207,-0.00543621,-0.210511],[0.938776,0.0341246,-5.9616,-0.242319,-0.0229117,-3.74755,-0.0232276,-0.0474569,0.0301819,-0.192711,0.0753661,0.0167184,0.045494,-0.000149036,-0.0138028,0.007163,0.0328785,0.0509909,0.070535,0.0815953,0.649505,0.00335439,3.57123],[-0.0128623,-0.00454132,-0.169527,0.00163128,0.0241014,-0.034305,0.00587066,0.000311045,0.00139328,-0.0126017,-0.00103595,0.000747094,-0.000398489,-1.44834e-06,0.00804899,-0.00441492,-0.00899539,0.00181479,-0.000645225,-0.00102816,-0.00837848,-0.00251414,-0.0102915]],"sigmahat":[[6.75636,-0.310819,-1.49146,0.703124,5.63159,-2.57883,-0.0744865,0.125008,0.0160945,-0.188408,-0.0223082,0.013184,0.0938335,0.000191872,0.160064,0.142329,-0.181082,-0.0275627,0.00269072,0.00205312,-0.203147,-0.0325831,-4.33328],[-0.310819,1.24046,-1.95659,-0.137499,-0.668437,-0.485753,-0.0196769,-0.113752,-0.0307314,0.356595,0.00432407,-0.0276884,-0.00186981,-0.000317174,0.0929039,-0.0671062,-0.026282,-0.0198618,0.0260475,0.0136345,-0.650574,-0.0107009,0.461081],[-1.49146,-1.95659,810.515,-11.0036,-6.53817,219.35,-0.390377,-2.20765,-0.393219,-0.743039,0.09302,-0.324796,-0.17582,0.000401895,-4.5163,0.388767,1.69867,-0.982721,-1.1083,-0.722898,-14.8151,1.53723,-62.7251],[0.703124,-0.137499,-11.0036,1.88772,0.20581,-3.81116,0.0399109,0.122439,0.00570441,0.272498,-0.037296,-0.00945145,0.0526567,1.2346e-05,0.294252,0.157963,-0.161511,0.0171542,-0.00552071,0.055734,1.28578,-0.0252887,2.07275],[5.63159,-0.668437,-6.53817,0.20581,11.7043,5.60315,-0.135661,0.0673174,0.0336332,-0.153186,-0.0715233,0.0427056,-0.0633046,0.000502501,0.0829074,0.265715,-0.134308,-0.062293,0.0443819,-0.0648955,-0.662934,-0.0557934,-9.87575],[-2.57883,-0.485753,219.35,-3.81116,5.60315,86.3704,0.0114284,-0.789535,-0.0978259,-0.591954,0.00838958,-0.0427842,-0.150117,0.000485345,-1.32158,0.0719359,0.312016,-0.303707,-0.134755,-0.220516,-5.73676,0.476447,-24.0687],[-0.0744865,-0.0196769,-0.390377,0.0399109,-0.135661,0.0114284,0.174184,-0.00256715,0.000392862,-0.116562,0.0235781,-0.000941531,0.0306401,-0.000102023,0.0505941,-0.0186362,-0.048229,0.046474,0.0273101,0.0259842,-0.0264692,0.00862283,1.51252],[0.125008,-0.113752,-2.20765,0.122439,0.0673174,-0.789535,-0.00256715,0.0737493,0.00454919,-0.102707,0.000153022,0.00497746,0.00908805,2.26904e-05,0.0621605,0.0160001,-0.0430124,0.0078585,0.00166989,0.004794,0.0973998,-0.0101401,0.445682],[0.0160945,-0.0307314,-0.393219,0.00570441,0.0336332,-0.0978259,0.000392862,0.00454919,0.00884529,-0.0170188,0.00197214,0.00736718,0.0080117,9.80903e-06,-0.000518465,0.000443742,0.00305459,-0.00010016,0.00151193,0.00204172,0.0131941,-0.00312988,-0.0938771],[-0.188408,0.356595,-0.743039,0.272498,-0.153186,-0.591954,-0.116562,-0.102707,-0.0170188,1.50847,-0.045372,-0.0177456,-0.101418,-0.000182748,-0.00404304,0.0876742,0.0386487,-0.0386948,-0.0132182,0.00497185,1.00499,-0.0267062,0.164176],[-0.0223082,0.00432407,0.09302,-0.037296,-0.0715233,0.00838958,0.0235781,0.000153022,0.00197214,-0.045372,0.0298781,0.00395433,0.0280052,-1.73002e-05,-0.0076333,-0.0148482,-0.00614682,0.0122859,0.0203151,0.0281445,-0.103606,0.0184008,0.543282],[0.013184,-0.0276884,-0.324796,-0.00945145,0.0427056,-0.0427842,-0.000941531,0.00497746,0.00736718,-0.0177456,0.00395433,0.0103403,0.0122675,1.47582e-05,-0.00443372,-0.000958072,0.00769551,-0.00143561,0.00206299,0.00283444,0.0156164,-0.00151466,-0.0794336],[0.0938335,-0.00186981,-0.17582,0.0526567,-0.0633046,-0.150117,0.0306401,0.00908805,0.0080117,-0.101418,0.0280052,0.0122675,0.125751,3.40082e-05,-0.0101074,-0.0324402,0.00432757,0.0218765,0.0243488,0.0363804,0.0964738,0.0229559,0.845405],[0.000191872,-0.000317174,0.000401895,1.2346e-05,0.000502501,0.000485345,-0.000102023,2.26904e-05,9.80903e-06,-0.000182748,-1.73002e-05,1.47582e-05,3.40082e-05,5.7909e-07,-0.000149724,-1.18372e-05,0.000135196,-2.14825e-05,-3.41134e-05,-1.78376e-05,8.47709e-05,4.58201e-05,-0.00198364],[0.160064,0.0929039,-4.5163,0.294252,0.0829074,-1.32158,0.0505941,0.0621605,-0.000518465,-0.00404304,-0.0076333,-0.00443372,-0.0101074,-0.000149724,0.68962,-0.049387,-0.536555,0.0511684,0.03883,0.0387868,0.139209,-0.0693243,3.50548],[0.142329,-0.0671062,0.388767,0.157963,0.265715,0.0719359,-0.0186362,0.0160001,0.000443742,0.0876742,-0.0148482,-0.000958072,-0.0324402,-1.18372e-05,-0.049387,0.159914,0.0767022,-0.0317778,-0.010219,-0.0156728,0.166742,-0.00856736,-0.891448],[-0.181082,-0.026282,1.69867,-0.161511,-0.134308,0.312016,-0.048229,-0.0430124,0.00305459,0.0386487,-0.00614682,0.00769551,0.00432757,0.000135196,-0.536555,0.0767022,0.535517,-0.055776,-0.041445,-0.0452748,0.0864851,0.047755,-3.17168],[-0.0275627,-0.0198618,-0.982721,0.0171542,-0.062293,-0.303707,0.046474,0.0078585,-0.00010016,-0.0386948,0.0122859,-0.00143561,0.0218765,-2.14825e-05,0.0511684,-0.0317778,-0.055776,0.0457876,0.0148636,0.0171487,0.0377072,0.00398778,1.32986],[0.00269072,0.0260475,-1.1083,-0.00552071,0.0443819,-0.134755,0.0273101,0.00166989,0.00151193,-0.0132182,0.0203151,0.00206299,0.0243488,-3.41134e-05,0.03883,-0.010219,-0.041445,0.0148636,0.0393672,0.0359437,-0.126605,0.0123764,0.804235],[0.00205312,0.0136345,-0.722898,0.055734,-0.0648955,-0.220516,0.0259842,0.004794,0.00204172,0.00497185,0.0281445,0.00283444,0.0363804,-1.78376e-05,0.0387868,-0.0156728,-0.0452748,0.0171487,0.0359437,0.0558161,0.0426003,0.0231284,1.18531],[-0.203147,-0.650574,-14.8151,1.28578,-0.662934,-5.73676,-0.0264692,0.0973998,0.0131941,1.00499,-0.103606,0.0156164,0.0964738,8.47709e-05,0.139209,0.166742,0.0864851,0.0377072,-0.126605,0.0426003,12.4691,-0.0792612,7.29807],[-0.0325831,-0.0107009,1.53723,-0.0252887,-0.0557934,0.476447,0.00862283,-0.0101401,-0.00312988,-0.0267062,0.0184008,-0.00151466,0.0229559,4.58201e-05,-0.0693243,-0.00856736,0.047755,0.00398778,0.0123764,0.0231284,-0.0792612,0.0442867,0.0759961],[-4.33328,0.461081,-62.7251,2.07275,-9.87575,-24.0687,1.51252,0.445682,-0.0938771,0.164176,0.543282,-0.0794336,0.845405,-0.00198364,3.50548,-0.891448,-3.17168,1.32986,0.804235,1.18531,7.29807,0.0759961,88.8444]],"n":23,"lags":3}