{"betahat":[[34.3676,10.6472,172.402,25.8884,34.8474,60.0864,9.68254,-4.03555,15.5977,2.02973,-2.80656,-2.60361,0.138375,-3.9872,0.85544,1.25692,5.22374,2.48316,-9.9876,11.6768,-46.7164,-48.8152,0.580021],[0.752616,0.0649723,-0.44973,0.0354428,-0.0591116,-0.0538581,0.00944188,-0.0122952,0.0266975,0.00918031,0.00261949,0.00632315,0.00498151,0.00367668,0.00388334,0.0298154,-0.00949513,-0.0226217,-0.0306704,0.00584863,-0.438182,-0.194215,0.0101724],[-0.23708,0.887503,0.730565,-0.143081,-0.180651,0.22424,0.0265877,0.0102138,-0.0302317,-0.048397,-0.00227998,0.00193166,-0.00777879,-0.000570694,0.00126332,-0.0211404,0.0251881,0.0182577,0.0189794,0.00877191,-0.388705,0.0918109,0.00740795],[-0.0199101,-0.00517595,0.416877,0.00530963,-0.00384048,-0.147172,-0.0014174,0.000878454,0.00389542,0.00259495,8.07908e-05,0.000259873,-0.00020852,0.000253896,1.96348e-06,-0.000815942,-0.00148823,-0.00166053,0.00435847,0.000134343,-0.0349281,-0.0382938,0.000782258],[0.011063,0.106835,-0.714609,0.749081,0.144294,0.00155373,-0.00492667,-0.0189407,0.0722106,0.0685745,-0.00382216,0.00529915,0.00100662,0.0106958,0.00425341,0.0274386,0.00570041,-0.0104678,-0.0424698,0.014497,-0.0992811,-0.527359,0.0122664],[0.0446801,0.040242,-0.0408737,-0.0600285,0.739043,-0.279523,0.0128573,-0.00836769,0.00754985,0.0246391,-0.00164178,0.00469213,0.00445233,0.00606312,0.00938378,0.0109289,0.0123021,0.0173563,-0.0143893,-0.00524462,-0.109993,-0.685282,0.00588084],[0.0163162,-0.00478745,-0.535192,-0.017204,-0.020081,0.717836,-0.00407763,0.000603445,0.00846965,0.00652469,0.000863287,0.000756189,1.50949e-05,0.00100811,-0.000153152,-0.00066814,-0.00606594,0.0050361,-0.00298804,-0.00254399,-0.00323692,0.03179,-0.000445427],[-0.427259,0.0832613,1.33563,0.205114,-0.165537,0.345812,0.924867,-0.0340316,0.579305,0.216954,0.00893494,0.00414742,-0.0174469,0.00933268,-0.0261312,-0.0310857,-0.0766485,0.0418595,-0.0426838,-0.00948126,-2.3287,-2.01878,0.022928],[-1.18077,0.448061,-6.62902,0.169367,-1.15665,-2.40351,-0.0614094,0.8566,0.550253,0.0231187,-0.0428685,-0.00544394,0.0133699,-0.0424923,0.0298123,-0.00313354,-0.0682997,0.0134881,0.526916,-0.128943,-2.18293,-1.28537,-0.0251734],[0.0479057,0.0277203,-2.12324,0.0109221,0.120437,-0.568884,-0.0526548,-0.0223527,1.18389,-0.0354039,-0.0127713,0.00175932,0.000752621,0.00178859,0.00139306,0.0202882,-0.0365421,0.0531909,-0.0802858,0.00661509,-0.422239,-0.023977,0.00550999],[-0.142287,-0.0384348,-2.19172,-0.0578184,-0.482653,-1.29858,0.00879596,-0.0160093,0.126257,1.07851,-0.0258383,0.0105345,0.0046945,0.0155049,0.0197754,0.0254792,-0.00449396,0.0249405,-0.0147832,0.0159477,0.30948,-0.838913,0.0375261],[-0.717414,0.0689663,9.52167,-0.0666118,-0.888335,3.61097,0.0875661,-0.042356,-0.298582,0.205058,0.890057,-0.0204151,0.0728885,0.0155278,0.0255485,0.0681304,-0.0679227,-0.129138,-0.801042,-0.0121646,1.80814,2.35254,-0.0679038],[-0.0686136,-0.0294921,1.72035,0.981342,0.96934,2.0275,-0.240927,-0.163421,0.756037,-0.00319331,-0.0681045,1.02058,-0.001718,0.0445964,-0.0289739,0.138845,-0.2864,-0.566966,-0.473384,-0.0659488,-2.8205,-3.95067,0.088797],[-1.30458,-0.0956912,-3.11765,-0.194744,-0.85978,-2.4878,0.228547,0.0408471,-0.723228,0.382878,0.0137824,0.0807749,1.04161,0.144671,0.248383,0.210275,0.232472,0.225422,0.0680404,-0.0172475,-5.04988,-2.41186,0.171675],[-0.884062,-0.0246346,-0.952367,0.012487,-0.954183,-1.27682,-0.129556,0.100014,-0.570115,0.155622,0.0543345,0.262645,-0.0590991,1.11292,-0.0741313,0.0146204,-0.0499281,0.450544,0.714393,0.0696152,-1.83539,6.93925,0.109186],[-0.188279,-0.147804,-0.933548,0.188658,-0.577414,-0.656415,0.0289133,-0.0904435,-0.286723,0.418653,0.065978,0.218,0.0578465,0.204511,0.88796,0.15642,0.0975222,-0.0494296,-0.204217,-0.176512,2.20492,-2.60427,0.0706638],[-0.00155168,0.44848,2.82394,0.300398,-0.392354,0.805163,0.132716,-0.224829,0.687122,-0.0656419,-0.00117525,0.0293025,0.0187014,0.0506331,0.0339499,1.1881,0.0953676,0.0418292,-0.0862445,-0.0122305,-1.408,-1.13283,0.0539082],[0.0779404,0.15844,-7.78081,-0.281131,-0.136853,-2.80671,0.0442228,-0.0289342,-0.0145636,-0.259351,-0.0257068,0.0293192,0.0681569,0.0411186,0.0490311,-0.0105491,0.925794,0.00051045,0.0278685,0.04957,3.75219,1.03515,0.0195193],[0.768181,0.163514,2.07406,-0.230704,-0.290672,-0.311612,-0.0087191,-0.0631842,0.0770862,0.131073,-0.0430542,0.0249189,-0.00260161,0.0235236,-0.00406035,0.0671038,0.0280796,0.798557,0.0342312,0.00473592,2.2954,1.09618,0.0444143],[0.140943,-0.0667004,-0.967851,0.00513623,0.120541,-0.310197,-0.0154913,0.0319055,-0.119414,-0.0335254,0.0453593,-0.00200064,0.0170606,-0.00134713,0.0076097,-0.000142844,-0.00437205,0.0672807,0.607956,-0.0385037,0.146252,-0.363143,0.00479271],[-0.553823,-0.0130103,1.35199,0.0867694,-0.0606278,0.928748,0.0919448,0.00844816,0.0226459,-0.143317,-0.0593096,0.00628347,0.0183599,0.0581943,0.0641493,0.0525109,0.0123515,-0.00757581,0.0660928,-0.031137,-1.52043,2.06468,0.046354],[-0.068571,0.0277404,-0.255007,-0.0167831,-0.0165083,-0.0410239,0.00795684,0.00289251,0.022156,-0.0170529,-0.00177258,-0.00117561,0.00310111,-0.000589859,0.000360626,0.00375611,0.0182538,0.00980399,-0.00509276,-0.00367979,-0.276472,-0.190526,-0.00289846],[-0.015871,-0.0213698,0.251891,-0.00883793,-0.0173316,0.0303668,-0.00421216,-0.000396111,-0.0157189,-0.00348131,0.000578795,0.000146008,0.000112269,-0.000633921,-0.000991679,-0.00943445,-0.00186414,-0.00240281,-0.0120822,0.00054354,-0.0156347,0.887912,-0.000278353],[-1.27631,0.298197,1.74716,0.0875354,-1.25153,1.32203,0.127375,-0.0389444,0.755598,0.0614654,0.100088,-0.0713304,0.0318879,-0.0452471,0.0162959,-0.320114,-0.0720766,0.154659,-0.863338,-0.15178,-1.68627,-2.45586,0.749915],[0.168516,-0.0364441,0.705575,0.00108726,-0.0334729,0.108439,0.0024216,0.00362329,0.00125985,0.0185628,-0.000556924,-0.00375955,-0.00190133,0.000302887,-0.00256394,-0.0190661,0.0138935,0.00958415,0.0110599,-0.00362368,0.161166,-0.0903602,-0.00291855],[-0.0819121,0.0413966,0.159974,0.10342,-0.0773264,-0.0010407,0.00203738,-0.00333349,-0.0196298,0.074245,0.00329729,0.00133474,0.0140991,0.00370146,0.0077769,0.0117873,0.00619867,0.0105921,-0.0113476,-0.0110922,0.155549,-0.58041,-0.0117412],[0.00681448,-0.00421721,0.211778,-0.00101526,0.0103407,0.0710594,0.000735153,0.000635903,-0.000696987,0.00264392,-0.000254776,0.000404562,0.000421803,0.000593129,0.000458374,-0.00077004,0.000712084,0.000243448,0.00269894,-0.000754128,-0.00608944,-0.00848634,0.000496281],[-0.007497,-0.0332797,-0.406873,0.13796,-0.0709018,0.0165835,0.0182627,0.00347558,-0.0687918,-0.0667432,0.00166158,-0.000754226,-0.00490239,-0.00466377,-0.00538532,-0.0102961,0.00719426,0.0167835,0.0246572,-0.0103044,0.180522,0.265761,-0.00344051],[-0.045791,-0.0172111,-0.197937,0.0388518,0.206628,0.137779,-0.0132393,0.00219517,-0.00774272,-0.00909703,0.00228667,-0.00189658,-0.00206958,-0.00222143,-0.00576827,-0.00327768,-0.00792763,-0.0163226,-0.00493912,-0.00326451,-0.031474,0.484068,-0.00608287],[-0.0267332,-0.00300652,0.478202,0.00295206,0.0279667,0.27332,0.00100672,0.000646338,-0.00555543,-0.00588448,-0.000108706,0.000341987,0.000245079,0.000463288,0.000561201,0.00107669,0.00479982,-0.00251418,0.00554828,-0.000183046,-0.0853162,-0.0357371,0.000582007],[0.466393,-0.0252092,-1.87321,-0.0487112,0.278599,-0.52391,0.012648,0.0260795,-0.495168,-0.255223,-0.00348292,0.0032348,0.0400386,0.00287962,0.045031,-0.00376892,0.0475025,-0.0684184,-0.068498,0.0075833,1.15398,1.77757,0.0180525],[0.293221,-0.112009,3.96515,-0.0801026,0.577505,1.92684,0.0224363,0.0275545,0.168018,-0.0374996,0.0236049,0.0051273,-0.0215666,0.00743734,-0.0170016,0.0191771,-0.00301113,0.00942843,-0.0366922,0.100314,-0.737757,1.9714,-0.0305919],[0.0502537,-0.0114134,1.1537,-0.0252183,0.00868979,0.347261,0.0459165,0.0160623,-0.166119,0.0219236,0.0126926,-0.00303085,0.00275011,-0.0015007,-0.000398475,-0.00670388,0.0258195,-0.0240189,0.0310383,0.00283685,0.676328,0.302546,-0.00959824],[0.0842137,-0.0416774,1.13255,0.0759249,0.344553,0.643275,-0.0347952,0.00230056,-0.0739327,-0.100877,0.0144496,-0.00744548,-0.0079891,-0.0122753,-0.0190114,-0.0341844,-0.0281907,0.00377566,-0.0583017,-0.0323933,0.0306843,0.258961,-0.0206677],[0.369617,-0.130342,-1.87507,-0.107272,-0.0201917,-1.96544,-0.00837405,-0.02429,-0.131747,0.0672432,-0.173537,0.038499,-0.0500246,0.0100835,-0.0258439,-0.0540113,0.061881,-0.0127044,-0.541754,-0.0535602,-4.1979,-0.833952,0.0370721],[1.00221,0.0454577,3.0025,-0.103633,0.688182,0.801794,0.151044,0.00810343,-0.201721,-0.158858,0.116137,-0.167703,0.0157784,-0.0997177,0.034207,-0.0451565,0.106046,-0.191724,0.229592,0.0523944,1.87075,-0.966114,-0.0200151],[-0.494269,0.147564,-2.65825,-0.280279,-0.152444,1.36527,-0.157272,0.00667999,0.342975,0.595086,0.0738146,0.065289,-0.114214,0.0127913,-0.089583,-0.0847196,-0.073804,0.104608,0.680363,-0.101329,2.15293,-3.54686,0.0245212],[0.208151,0.0253374,-2.94111,-0.127147,0.174553,-0.69919,0.273507,0.0643052,-0.444508,-0.290699,0.00521446,-0.134413,0.0539686,-0.111749,0.0401996,-0.17211,0.250155,-0.0155091,-0.170016,0.151718,3.79192,-0.504096,-0.123695],[0.193247,0.2695,-2.98755,-0.404685,0.140398,-0.35261,-0.102441,0.139342,0.114975,-0.155414,-0.0901064,-0.156733,-0.0337073,-0.158872,-0.148921,-0.197225,-0.186412,-0.289062,-0.0776683,0.523952,0.447338,-1.3312,-0.116982],[-0.133374,-0.370761,-2.5185,-0.142796,0.338872,-0.772608,-0.0410142,0.188087,-0.45898,0.0337933,0.0135064,-0.0252595,0.00534967,-0.0336634,-0.00752642,-0.126063,-0.000146167,-0.0135042,0.126917,0.0272052,1.19409,0.712146,-0.0453494],[-0.0610762,-0.0745997,8.90377,0.179232,-0.0586095,3.09173,-0.0523851,0.029025,-0.0576226,0.115097,0.0218999,-0.0157873,-0.0282345,-0.0155183,-0.0232836,-0.0114355,0.117799,0.00661884,-0.0557047,-0.0367453,-3.87193,-0.572338,0.0212908],[-0.215519,-0.137211,1.63874,0.22139,0.337252,1.40273,0.0250597,0.0309775,-0.0626009,-0.0852259,0.0144416,-0.0239913,0.0145211,-0.020515,0.0180331,-0.0629458,-0.00709599,-0.0421944,0.114036,0.0873987,-0.257635,0.328047,-0.0361232],[0.0131688,-0.0344276,-0.880716,0.0357078,0.0583811,-0.235018,-0.0120489,0.0079214,-0.0473974,0.01819,0.0187798,-0.00674555,-0.0107076,0.00178452,0.00110377,-0.0185451,0.00511335,-0.0203939,0.19657,0.0228147,-0.20469,-0.0715957,-0.00127255],[0.253939,0.110916,-0.114163,0.448182,0.522021,0.53151,0.0963453,-0.0965866,0.0341189,0.00826583,-0.0254512,0.0134549,0.00910077,0.025922,0.0551544,0.065728,0.0250089,0.00576001,-0.147283,0.212463,-0.221668,0.919316,0.0150762],[-0.0390662,0.00321462,0.0402498,-0.0174887,-0.00611248,0.0327837,-0.00879486,0.000424162,0.0206645,0.00522119,-0.00192429,-0.00251602,-0.0010101,-0.00367945,-0.000612451,0.000504455,-0.0105586,0.000800884,-0.00179544,-0.00175278,-0.042353,-0.159068,-0.00182061],[0.00199822,0.0123883,-0.180248,-0.00149408,-0.00717973,-0.0274416,-0.00358457,0.00163252,0.0112315,0.0126269,0.000920339,-0.000177734,-0.000166288,-0.000713438,-0.000481564,0.00261035,-0.00229052,0.00106205,0.00107533,0.0022564,-0.0238416,-0.0831545,0.000143778],[0.922442,-0.408836,-7.40636,0.635382,0.0275426,-3.87294,0.0222271,0.0288761,0.298091,-0.0397633,0.032056,-0.0248374,-0.0178537,-0.0436942,-0.0333978,-0.00402626,0.116721,0.286128,0.0755373,-0.0698816,1.53927,0.704889,0.0161108],[0.0742363,-0.0269735,-0.232652,-0.0383077,0.0904137,-0.0455123,-0.0116501,0.00869959,-0.0301435,-0.0284151,-0.0018291,-0.00236508,-0.00291288,-0.00373678,-0.00122269,-0.0100964,-0.00402695,0.0119136,0.0182019,-0.00357169,0.274513,0.288567,-0.00724496],[0.31604,0.0703126,-0.856052,0.0370709,0.254888,-0.213334,-0.029025,-0.0065156,0.0481688,-0.0267849,-0.000798443,-0.00292567,-0.00628799,-0.00266214,-0.00898635,0.00944651,-0.0314332,-0.0279183,-0.00571208,0.0015195,0.237044,0.499292,0.00428137],[0.00311694,3.50415e-05,0.0403741,0.000757855,-0.00782511,-0.0112621,-0.000902498,-0.000240808,0.00100494,0.00118097,-0.000324055,0.000105737,-0.000682837,7.96774e-05,-0.000490999,-0.000352873,-0.000692151,0.00102385,0.00210916,0.000448533,0.0229061,0.00298439,-0.0004831],[-0.00652627,-0.0721963,1.12682,0.106279,-0.0748671,-0.0124046,-0.0130201,0.0155716,-0.00631306,-0.00225583,0.00194778,-0.00439233,0.00409818,-0.0057131,0.00120704,-0.0165751,-0.0120898,-0.00603203,0.017674,-0.00558207,-0.0743909,0.259144,-0.00874735],[-0.000139827,-0.0216669,0.282376,0.0172557,0.0478849,0.149332,0.000715631,0.00610575,-0.00350636,-0.0160452,-5.92825e-05,-0.0025411,-0.0021099,-0.00341351,-0.0034841,-0.00687342,-0.0038429,-0.00294503,0.0163635,0.00646421,0.139266,0.216656,0.000322489],[0.0109088,0.00342377,0.036152,0.0120525,-0.0127184,-0.0129911,0.00176578,-0.000436139,-0.00313752,0.00165805,-0.000379264,-0.000741326,-0.000385486,-0.000949484,-0.000466784,-0.00145051,0.000257087,-0.00336781,-0.00020974,0.00109851,0.0762464,0.013167,3.04199e-05],[-0.0386633,-0.0580949,0.579371,-0.162619,-0.109923,0.196849,0.0606622,0.00864765,-0.087184,0.0361199,-0.0051214,-0.00676997,-0.0223582,-0.0113555,-0.0188028,0.0353706,0.028948,0.0281794,0.10902,-0.000638129,1.19702,0.277183,-0.0411128],[0.440907,-0.160816,0.199816,-0.102323,0.576327,0.164369,0.0357922,0.0194386,-0.038313,-0.0427174,-0.00395367,0.00701083,0.00429626,0.0226357,-0.007374,0.0308506,0.0668,0.0567011,-0.126211,0.016553,1.17098,0.127015,0.00868556],[-0.108746,-0.00907052,0.959491,0.0082345,-0.141842,0.224057,0.00807654,0.00584283,-0.0307235,0.00952329,-4.654e-05,0.00195996,-0.00216407,0.000619222,-6.45527e-05,-0.0100763,0.0131601,-0.0268764,0.0602461,-0.00981888,-0.193401,-0.275485,0.00301598],[0.0549183,0.0799388,1.06365,-0.0194328,0.138393,0.657552,0.0236094,0.014578,-0.0539215,0.010887,0.0112985,-0.0034248,0.00209919,-0.00368548,-0.0024698,0.00774226,0.0313898,-0.0261041,0.0770289,0.0154113,-0.293262,0.620398,-0.0176065],[0.260682,0.0611397,-3.65642,-0.0395443,0.204516,-0.952659,0.11032,-0.0276996,-0.0825273,-0.264355,-0.0492373,-0.0119796,0.00381332,-0.0175436,-0.0152202,-0.0487682,0.0492405,0.0550055,-0.185207,0.0510853,3.07945,-1.90854,0.00993337],[-0.0105076,-0.139074,2.1316,-0.239406,-0.104668,0.412604,-0.0307437,0.0272889,0.012325,0.250445,0.0297496,-0.0775587,-0.0227182,-0.0605382,-0.0144324,-0.0439736,-0.0394944,-0.0473681,-0.125448,-0.109375,-0.911154,0.96943,-0.0377819],[0.255617,-0.289813,-1.00425,-0.0903705,0.0874783,-0.608578,-0.298291,-0.00488606,-0.0246955,-0.228636,-0.0486976,-0.00404635,-0.0320333,-0.00206861,-0.0161612,-0.0350514,-0.220305,0.275616,0.18206,-0.000933572,1.59453,1.00753,0.0383071],[0.043979,-0.191713,-3.51719,-0.0912895,0.0189712,-1.06735,-0.0373393,0.104597,-0.0400202,0.0308025,-0.0765191,-0.0441043,0.0170491,-0.0550476,0.034438,-0.086291,-0.00597789,0.0346661,-0.039888,0.036406,2.07414,-0.0893897,-0.0686485],[0.0556807,-0.00795099,1.19466,-0.132622,-0.572709,-0.720512,-0.024584,-0.0779641,-0.0565893,-0.267143,-0.046679,-0.0242069,-0.0301088,-0.023565,0.00571477,0.105689,-0.0361741,-0.0123781,0.466303,0.0066942,-2.80655,2.90687,0.0255065],[0.131747,-0.0793598,-0.260475,-0.158125,0.0493242,-0.0209338,-0.0921091,0.0371299,-0.232327,0.0297603,-0.0114491,-0.00385346,-0.0241831,-0.0165323,-0.0266,-0.0628852,-0.095472,-0.0266854,-0.0382493,-0.0162811,0.227184,0.443919,-0.00874166],[-0.0147379,-0.0867846,-1.02157,0.0976559,0.197911,-0.257199,0.00555876,0.000776061,0.0707,0.1412,0.00474579,-0.0128398,-0.0401406,-0.0247337,-0.0259098,0.0214812,-0.0454025,-0.00862204,0.0253851,-0.016014,0.127495,-0.418633,-0.0407488],[-0.406542,0.0142227,-1.50079,-0.125504,-0.0554251,-0.406974,-0.0299217,0.0279661,0.0192761,0.0134315,-0.0278581,-0.00222024,-0.0147317,0.00723252,-0.0208828,-0.0122099,-0.0467277,-0.0721903,-0.214647,-0.0188716,-1.39073,-0.591261,-0.0191523],[0.048747,-0.0187146,0.0962717,0.0112957,0.0412669,-0.0489785,-0.00185346,0.0130022,-0.0764314,-0.0570748,0.0244513,-0.0028168,-0.000328785,-0.00662602,-0.0126513,0.000762019,0.00281231,0.0181383,0.16685,0.0120199,0.541952,0.243362,0.00702316],[-0.0365971,-0.0567115,0.541334,-0.182134,-0.127508,-0.293398,-0.0346746,0.0275952,-0.00251598,0.103246,0.0543372,-0.0155045,-0.00623517,-0.0250531,-0.00549856,-0.0172235,-0.03734,0.0296785,0.08797,0.00671247,-0.616132,0.736369,-0.0184256],[-0.0184707,0.00183604,0.152582,-0.00825162,-0.027684,0.0425338,-0.00403818,-0.000214469,-0.00777502,0.0150395,0.00138993,-0.000675707,0.000822862,-0.00105778,0.000967987,-0.00133106,0.00122705,-0.0019194,0.0132179,-0.00249577,-0.0968508,-0.0673168,0.000371973],[-0.00983923,0.00456965,-0.0698333,0.00404717,-0.0145256,-0.0315794,-0.00669378,0.000108618,0.00354165,0.00270705,0.000985544,-0.00101138,-0.00163915,-0.00100032,-0.00235702,0.00226325,-0.00611476,0.00497877,0.00333928,0.00209613,0.0372379,0.0313953,-0.000965248],[-0.126233,0.311347,6.9366,-0.447216,0.866441,2.71199,-0.207679,-0.0951441,0.468302,-0.0874365,-0.089148,0.0219488,-0.00875336,-0.00517833,0.00920631,0.252918,-0.199606,0.236843,-0.287001,-0.0208456,-2.33219,-0.855368,0.0172935]],"sigmahat":[[7.06174,-0.495854,-7.57166,0.946414,4.7332,-4.36453,-0.0458492,0.0784845,0.120009,-0.739427,0.021516,0.0306337,0.0292963,0.0433888,0.0547147,-0.114375,0.0170455,-0.1197,-0.441508,0.0342732,11.5361,9.29148,0.00221629],[-0.495854,1.21151,4.29103,-0.457243,-0.455339,2.0926,0.0835478,-0.176239,0.188374,-0.121469,-0.0259889,-0.00838377,0.00326078,-0.00627439,-0.0105749,0.289622,0.0657531,0.0145531,-0.302562,0.00711791,-0.849979,0.39816,0.00578866],[-7.57166,4.29103,579.607,-8.91669,-20.6333,147.485,-1.46981,-0.896783,-0.132917,-1.45008,0.129396,0.0972561,-0.414329,0.075298,-0.376211,1.40124,-0.952943,2.011,0.955477,-0.593983,-33.4737,12.8276,-0.534875],[0.946414,-0.457243,-8.91669,2.85728,1.07326,-2.94401,0.0224054,0.03798,0.385148,-0.193509,0.100414,-0.0360843,-0.0075401,-0.047383,0.0307185,-0.171536,-0.0393572,-0.122093,0.12581,-0.086504,1.30041,-0.126541,-0.0207063],[4.7332,-0.455339,-20.6333,1.07326,10.6532,0.877226,-0.234911,0.109117,0.184229,-1.03334,-0.0229023,0.0100378,-0.0666037,-0.00397335,-0.0272997,-0.054607,-0.126634,-0.622182,-0.98122,-0.0186132,7.71628,9.93439,-0.0113942],[-4.36453,2.0926,147.485,-2.94401,0.877226,58.6762,-0.289073,-0.406553,-0.63223,-1.11809,-0.0578162,0.0358585,-0.173012,0.0558763,-0.123689,0.751687,0.00151686,-0.00411681,-0.353889,-0.16957,-10.034,3.96192,-0.130279],[-0.0458492,0.0835478,-1.46981,0.0224054,-0.234911,-0.289073,0.248828,-0.027063,-0.131308,0.0443342,-0.003654,0.00645832,0.0297114,0.0198223,0.0349555,0.0323759,0.175959,0.00850162,-0.0718431,0.00266597,0.177837,-0.665664,0.0170286],[0.0784845,-0.176239,-0.896783,0.03798,0.109117,-0.406553,-0.027063,0.0878713,-0.0417664,0.00356249,0.00630555,-0.0037033,6.99123e-05,-0.00892426,-0.00345413,-0.0673878,-0.0197138,-0.0212121,0.089175,0.00833499,0.180745,0.225254,-0.0165561],[0.120009,0.188374,-0.132917,0.385148,0.184229,-0.63223,-0.131308,-0.0417664,1.44085,-0.0412423,-0.0443783,0.0167121,-0.0466494,0.00821658,-0.0198078,0.0898062,-0.116466,0.0484775,-0.137089,0.0166583,-2.22695,-2.19134,-0.00170674],[-0.739427,-0.121469,-1.45008,-0.193509,-1.03334,-1.11809,0.0443342,0.00356249,-0.0412423,1.26963,0.0391172,-0.00953085,0.0385509,-0.0101336,0.0300567,-0.0229222,0.0454092,0.0688058,0.120412,-0.00283302,-2.94578,-3.59085,0.00898652],[0.021516,-0.0259889,0.129396,0.100414,-0.0229023,-0.0578162,-0.003654,0.00630555,-0.0443783,0.0391172,0.0537161,-0.00855249,0.00031358,-0.0115815,-0.00406572,-0.018941,-0.00672656,-0.0134659,0.124026,-0.00759756,0.122096,0.187329,-0.00327253],[0.0306337,-0.00838377,0.0972561,-0.0360843,0.0100378,0.0358585,0.00645832,-0.0037033,0.0167121,-0.00953085,-0.00855249,0.0281623,0.00373659,0.0294197,0.0109757,0.0229023,0.0142171,0.0117893,0.0167937,0.00593258,0.0404557,0.121422,0.0130824],[0.0292963,0.00326078,-0.414329,-0.0075401,-0.0666037,-0.173012,0.0297114,6.99123e-05,-0.0466494,0.0385509,0.00031358,0.00373659,0.0323398,0.00734333,0.0288701,-0.000137929,0.0307821,-0.0032175,-0.0130362,0.00593482,0.245603,-0.36703,0.00170801],[0.0433888,-0.00627439,0.075298,-0.047383,-0.00397335,0.0558763,0.0198223,-0.00892426,0.00821658,-0.0101336,-0.0115815,0.0294197,0.00734333,0.0398487,0.0159915,0.0293198,0.0231094,0.0198464,0.0232708,0.00279872,0.0801595,0.0294328,0.0171085],[0.0547147,-0.0105749,-0.376211,0.0307185,-0.0272997,-0.123689,0.0349555,-0.00345413,-0.0198078,0.0300567,-0.00406572,0.0109757,0.0288701,0.0159915,0.0407597,0.00811521,0.0372604,-0.00606046,-0.0118643,-0.00223903,0.0679661,-0.454975,0.00834703],[-0.114375,0.289622,1.40124,-0.171536,-0.054607,0.751687,0.0323759,-0.0673878,0.0898062,-0.0229222,-0.018941,0.0229023,-0.000137929,0.0293198,0.00811521,0.181248,0.0303244,0.0333449,-0.0579667,-0.00760318,-0.250961,0.233866,0.024866],[0.0170455,0.0657531,-0.952943,-0.0393572,-0.126634,0.00151686,0.175959,-0.0197138,-0.116466,0.0454092,-0.00672656,0.0142171,0.0307821,0.0231094,0.0372604,0.0303244,0.207409,0.00492747,-0.0492248,-0.00341558,-0.0908052,-0.93291,0.0171189],[-0.1197,0.0145531,2.011,-0.122093,-0.622182,-0.00411681,0.00850162,-0.0212121,0.0484775,0.0688058,-0.0134659,0.0117893,-0.0032175,0.0198464,-0.00606046,0.0333449,0.00492747,0.412392,0.150208,0.0322286,0.411782,-0.543066,0.0040702],[-0.441508,-0.302562,0.955477,0.12581,-0.98122,-0.353889,-0.0718431,0.089175,-0.137089,0.120412,0.124026,0.0167937,-0.0130362,0.0232708,-0.0118643,-0.0579667,-0.0492248,0.150208,1.59658,0.0128166,0.976533,-0.491045,0.0208629],[0.0342732,0.00711791,-0.593983,-0.086504,-0.0186132,-0.16957,0.00266597,0.00833499,0.0166583,-0.00283302,-0.00759756,0.00593258,0.00593482,0.00279872,-0.00223903,-0.00760318,-0.00341558,0.0322286,0.0128166,0.206508,0.655001,-0.224666,-0.00351309],[11.5361,-0.849979,-33.4737,1.30041,7.71628,-10.034,0.177837,0.180745,-2.22695,-2.94578,0.122096,0.0404557,0.245603,0.0801595,0.0679661,-0.250961,-0.0908052,0.411782,0.976533,0.655001,73.2953,22.8265,-0.255206],[9.29148,0.39816,12.8276,-0.126541,9.93439,3.96192,-0.665664,0.225254,-2.19134,-3.59085,0.187329,0.121422,-0.36703,0.0294328,-0.454975,0.233866,-0.93291,-0.543066,-0.491045,-0.224666,22.8265,93.8057,-0.459714],[0.00221629,0.00578866,-0.534875,-0.0207063,-0.0113942,-0.130279,0.0170286,-0.0165561,-0.00170674,0.00898652,-0.00327253,0.0130824,0.00170801,0.0171085,0.00834703,0.024866,0.0171189,0.0040702,0.0208629,-0.00351309,-0.255206,-0.459714,0.0401501]],"n":23,"lags":3}