{"betahat":[[-11.5901,15.7418,278.545,3.2882,4.1984,107.776,-1.37,-1.80157,12.9522,-10.6421,-1.29722,-0.35801,-0.829702,-0.97778,-1.86501,3.87264,0.419345,24.8366,2.82793,3.31185,44.8434],[0.869036,0.0393332,-0.98821,0.099763,0.0974284,-0.156239,0.00339124,0.00349109,0.00538589,-0.0246101,0.00945944,-0.00489879,0.00141531,-0.00722789,-0.000788545,0.0160126,-0.0364997,-0.0102503,-0.0260063,0.00709187,-0.26068],[-0.0953118,0.821679,0.98491,-0.201279,-0.0302518,-0.0441856,0.0172392,-0.0112593,-0.0508019,-0.0546055,0.00109524,0.005315,-0.0163358,0.00362878,-0.00150428,-0.0242292,0.0285392,-0.0513259,0.0448675,-0.0301938,-1.01757],[-0.0118518,-0.00336609,0.365809,0.00168346,-0.000211946,-0.156095,-0.00263908,0.00132661,0.0029087,0.00565028,0.000399778,-0.000351094,0.000110544,-0.00050779,1.91168e-05,-0.00163035,-0.00136055,-0.00316533,0.00317621,0.000349915,-0.0327537],[0.0681791,0.152856,1.81168,0.587095,-0.0244583,0.0168371,-0.0270089,-0.0180195,0.0730128,-0.0116155,-4.86234e-05,0.0043661,-0.0110422,0.00278463,-0.00726908,0.0456973,-0.0138183,-0.0100455,-0.0792222,0.00835569,-0.0421646],[-0.045068,0.0406704,-0.550118,-0.0619011,0.656616,-0.455899,0.0053787,-0.00895004,-0.00660984,0.0784819,0.00288673,0.00099876,0.00773307,0.00339262,0.00761124,0.00510007,0.0096141,0.0387475,0.00531243,0.00103265,-0.204592],[0.00700294,-0.00532036,-0.646972,-0.0109922,-0.0349953,0.622806,-0.00288231,-0.00294739,0.0126622,0.00862374,0.000123774,0.000444181,-6.19958e-05,0.000738819,-0.000674645,0.00142988,-0.00816394,0.0135709,-0.00780792,-0.000635348,-0.0411166],[-0.248256,0.123497,5.7659,0.327893,-0.196515,1.31022,0.950284,-0.0389029,1.19984,0.0469138,-0.0118435,0.0106373,-0.06782,0.0206057,-0.0398936,-0.0155746,-0.00362191,0.0641153,-0.26587,-0.0567625,-4.6648],[-0.50549,1.00022,-16.9551,0.228938,0.0450549,-5.39386,0.0334711,0.775565,0.372479,0.378064,-0.00730087,-0.0374228,0.024157,-0.0622225,0.0831423,0.20905,0.109532,-0.37617,1.05704,-0.187576,-5.26395],[0.0773666,0.0305108,-5.47066,0.0675868,0.122872,-1.47249,-0.041952,-0.022342,1.2411,-0.0300839,-0.0268473,-0.00421713,-0.00325365,-0.00591657,-0.000891267,-0.0105243,-0.0182885,0.0758188,-0.131982,0.00549374,-0.578638],[-0.199952,-0.0470622,-5.25378,0.131493,-0.337624,-1.90393,-0.068832,0.00361112,0.263331,1.22483,-0.0205777,-0.0147028,0.0018938,-0.018895,0.0168704,0.0522486,-0.0779276,-0.0290157,-0.0423166,-0.0216654,0.178166],[-1.13482,0.00390898,9.85495,0.347755,-1.71153,4.16645,-0.0515803,-0.0434549,-0.597678,0.371083,1.04513,-0.0465452,0.0350022,-0.00182906,-0.0582751,-0.0761496,-0.214254,-0.0635605,0.161945,0.160428,2.92039],[0.401534,0.219704,5.32936,-0.396829,1.32912,3.04297,-0.257333,-0.0956362,-0.105775,1.20381,-0.24835,0.828284,0.0401597,-0.0775248,0.0171088,-0.0985808,-0.511802,-0.456117,-1.69008,0.172503,6.7138],[-1.7867,0.0886089,-4.47378,0.978244,-2.24703,-3.58713,0.288581,0.0469903,0.131203,0.452245,-0.114739,-0.0502298,0.946464,0.00231839,0.204503,0.256573,-0.0218321,-0.346983,-0.452819,-0.255813,-8.18204],[-0.520518,-0.844126,-0.284811,0.509008,-1.56263,-3.66385,-0.125117,0.0443402,0.414553,0.105015,0.164169,0.52486,0.0373,1.31054,0.0923495,-0.0788877,0.198973,0.220337,0.453063,-0.303967,-11.5961],[0.139475,0.0410685,-3.02994,-0.531353,0.415731,-0.5359,0.0341244,-0.106071,-2.01118,0.14862,0.307604,0.175643,0.10121,0.200886,0.822858,-0.0155475,0.525715,0.808893,0.225044,0.298096,5.43214],[0.10973,0.362286,1.53829,0.273487,-0.189289,0.544124,0.102935,-0.171218,0.216343,-0.0903916,0.0201642,-0.0330861,0.0343156,-0.034492,0.0268869,1.0645,0.0955456,-0.102256,-0.159361,0.000807354,1.17424],[0.951083,0.309795,-13.1708,-0.108667,0.87476,-4.75525,0.0642881,-0.00666465,-0.0772471,-0.238245,0.00347857,0.004883,0.135994,0.020725,0.0934105,0.0374572,0.864612,-0.0692316,0.140803,0.0605652,5.72589],[0.970436,0.160651,1.95872,-0.0298354,0.158767,-0.416475,-0.0148859,-0.0417662,0.070067,-0.0874341,0.000790909,-0.016283,-0.04855,-0.0173682,-0.0372232,0.0466176,0.0130682,0.722545,0.186056,0.0178053,2.89671],[0.168673,-0.0574986,-1.19483,-0.00330109,0.258864,-0.298447,0.0197884,0.024902,-0.102869,-0.0573526,0.029784,0.000915382,0.0279224,0.00238819,0.0235387,0.00495486,0.0192118,0.0606235,0.501295,-0.0700111,-0.138868],[0.00808123,0.0702831,6.24144,-0.626989,-0.387936,-0.45441,-0.710928,0.145292,-0.163374,0.474443,-0.0368853,-0.0620776,-0.115176,-0.0206034,-0.182112,-0.00185621,-0.646922,0.284178,0.451509,0.331802,-6.5563],[-0.0767679,0.0217482,-0.496224,-0.0160742,-0.0457661,-0.0747156,0.0175832,-0.00649447,0.0328082,-0.00996398,-0.00524083,0.000599123,0.00592758,0.000872509,0.00377874,0.00730854,0.031364,-0.0012796,-0.0332989,-0.00542123,-0.282434],[0.100305,-0.000358774,1.92829,-0.0808674,-0.176854,0.380112,0.01083,-0.00809867,0.0127333,0.0464385,-0.00836824,0.00328061,0.00437293,0.00504012,0.0043169,-0.0123471,0.034072,-0.00197903,-0.0369138,-0.0134751,0.049009],[-0.261035,0.0986692,0.486315,0.116628,-0.253282,0.367052,0.0150045,0.0139975,-0.0165709,0.152183,0.000415915,-0.000925752,0.023895,-0.0018384,0.0138054,0.00825305,0.00930836,0.0143653,-0.0660368,0.016713,0.0868513],[0.00908782,-0.00500823,0.234877,-0.00244302,0.0133585,0.0731643,0.00198233,0.000354345,-0.00230901,0.00101534,-0.000162861,0.000393276,0.000396878,0.000669877,0.000454648,-0.000583949,0.000928531,0.000145671,0.00141624,-0.000144326,0.000913622],[-0.178396,-0.0374639,-2.75907,0.209207,0.164431,0.321011,0.0242933,-0.00408771,-0.0811339,-0.0208046,-0.00019302,-9.00607e-05,0.00552317,-0.00128109,0.0024118,-0.0143089,0.0179242,-0.00702018,0.0154106,0.00474114,-0.0979856],[-0.0102847,0.0160291,0.0648149,0.0141044,0.173875,0.196261,-0.00517547,0.0037239,0.0232168,-0.0469976,-0.00306619,-0.000223831,-0.00456975,-0.00159947,-0.00513896,0.00543644,-0.00511466,-0.0226924,-0.0167006,0.000366175,0.00475971],[-0.0252693,0.00128241,0.472654,-0.00167278,0.0453836,0.338059,0.000242293,0.00214109,-0.0105657,-0.00551883,0.000214041,-0.000576273,0.000749153,-0.000294296,0.000731624,-0.000515832,0.00578175,-0.00420382,0.0110331,7.44916e-05,-0.0820663],[0.258465,0.084522,-4.70556,-0.210903,0.3903,-0.962213,-0.0704362,0.0085899,-0.950047,-0.154311,0.00740778,0.0237441,0.10985,0.0186102,0.0981821,0.0302442,-0.0498657,-0.182721,-0.0906742,-0.00493716,2.48434],[-1.04529,-0.175645,15.1007,-0.159744,-1.18798,5.17015,0.0938605,0.0329064,0.129141,-0.17687,-0.00417597,0.00341398,-0.0350129,0.0191462,-0.0531868,-0.0059235,-0.092823,0.385414,0.1441,0.107042,0.38748],[0.119147,0.002195,3.50658,-0.100293,0.147068,1.053,0.0595433,0.00791786,-0.23901,-0.0166056,0.0239429,0.00076922,0.00229733,0.00552375,-0.00250494,0.0280172,0.0247835,-0.0503958,0.00880247,-0.0143961,0.942025],[0.226057,-0.0277782,4.64353,-0.0337563,0.086084,0.724668,0.0020507,-0.0111412,-0.0413992,-0.255948,0.00649232,0.00424313,0.00482042,0.00997351,-0.0166954,-0.0705468,-0.00646911,0.0667526,-0.161815,0.0131775,-0.0831662],[0.432851,-0.0584713,-5.54242,-0.601356,0.678887,-2.98015,0.106559,-0.0293533,-0.409195,0.0228543,-0.226382,-0.0058439,-0.0216571,-0.0239477,0.0244517,-0.0677131,0.209861,0.0441175,-1.0145,-0.21527,-5.19044],[0.890055,-0.049437,2.69719,0.771929,0.517597,1.83232,0.441258,0.0160029,-0.230499,-0.224985,0.417366,-0.204987,0.0173821,-0.0835268,0.0399536,0.0756328,0.212676,-0.0390135,2.06282,-0.123261,0.971881],[-1.03038,0.299205,-9.15485,-0.227757,-0.206006,1.17104,0.161641,-0.0788931,0.59322,1.15399,0.128572,0.138293,-0.0907078,0.0942534,-0.0625407,-0.113788,0.135593,0.188125,0.769886,0.117981,3.10339],[-0.0949174,0.779459,-4.37064,-0.0710357,0.542847,-0.457116,0.121839,-0.0810208,0.51464,-1.16133,-0.141008,-0.141712,-0.0461824,-0.171866,-0.118263,0.171227,0.106979,-0.0730776,-1.04605,0.0259581,-2.92383],[-0.220162,0.173116,-0.954236,-1.3017,-0.219085,1.83589,-0.0135209,0.271989,0.71338,-0.564621,-0.305023,-0.0351,0.00260702,-0.00964806,-0.0860741,-0.00377219,-0.243663,-0.326434,0.175688,0.285609,5.1605],[-0.226357,-0.336774,-3.43412,0.00478953,0.190672,-1.33085,-0.00718623,0.205854,-0.204946,0.072745,-0.00292464,0.0159897,-6.98345e-05,0.0127625,0.0152664,-0.0417308,0.0390319,0.0152145,0.362032,0.00627799,-0.685234],[-0.638323,-0.161974,15.3675,-0.00515576,-0.847818,5.26858,-0.108368,0.00104547,-0.0855083,0.0897962,0.00504241,0.00904688,-0.061124,-3.99354e-05,-0.0478827,-0.031808,0.156405,0.087681,-0.153797,-0.0421,-5.24398],[0.036192,-0.142727,8.2334,-0.0673691,0.675389,3.01421,-0.0115,-0.00375771,0.01403,-0.104534,-0.0346649,0.0218655,0.0545627,0.0252619,0.0720734,-0.0510359,-0.00862152,-0.138564,0.119084,-0.0128394,-0.87247],[0.0964626,-0.0684313,-1.3051,0.0342443,0.0644597,-0.515085,-0.0473282,0.0190203,0.0196763,0.10208,0.00386157,-0.00263773,-0.0192874,0.00488092,-0.00315444,-0.0334442,-0.0189267,-0.0353593,0.111142,0.0370907,-0.626922],[-0.522625,0.519586,0.557856,-0.154134,-0.929702,-0.0418165,0.0541918,-0.133602,0.0233603,-0.166065,-0.102185,-0.020037,0.054444,-0.0123563,0.0827357,0.147446,0.0497461,0.199095,-1.16952,0.364185,2.21268],[-0.0385335,-0.00409398,-0.116781,-0.0232057,-0.00879634,0.0206945,-0.0109015,-0.000193191,0.0216144,0.0259434,-0.00289842,-0.000283848,0.000594737,-0.000889967,0.00125148,0.00402953,-0.0109719,0.00131136,0.00647855,0.000488854,-0.0830218],[0.0293223,-0.0383323,-0.941332,-0.0190288,0.0778647,-0.223363,-0.0130618,0.00445876,-0.0203459,-0.0213604,-0.00106097,0.00161901,-0.00554299,0.00223459,-0.00320369,-0.00325359,0.00311369,0.010577,0.0608811,0.00584883,0.208386],[0.356009,0.0787158,-1.46638,0.0841762,0.28178,-0.322582,-0.0318454,-0.00273938,0.0658167,-0.0968198,-0.00133766,-0.00434939,-0.00741786,-0.00169103,-0.0120902,0.015681,-0.0376129,0.0364311,0.0215844,0.0132653,0.926715],[-0.000154608,-0.000700644,0.0951896,0.00260926,-0.0157715,-0.000170511,-0.00140401,5.57351e-05,0.000874656,-1.11388e-05,-0.000189265,0.000291467,-0.00103722,0.000182216,-0.000719183,-0.000737455,-0.000997124,0.000922584,0.00485309,0.000538717,0.0258496],[0.11042,-0.114923,0.962579,0.202217,-0.139253,-0.330087,0.00353173,0.0220405,0.00690199,0.0325592,0.000174936,-0.00427745,0.00562192,-0.00145934,0.00499503,-0.0310453,-0.00347389,0.0163285,0.0634221,-0.0135355,0.13586],[0.0555613,-0.0560393,0.505717,0.0476884,0.164751,0.258545,0.00125657,0.00499642,-0.0193027,-0.0299682,0.000375925,-0.00073378,-0.00279994,-0.00168416,-0.00203739,-0.0102156,-0.00370163,-0.0179302,0.00733274,-0.00212133,0.195767],[0.0189649,0.0011453,0.137331,0.0126266,-0.0152878,0.0146228,0.00277194,0.00118913,-0.00307721,-0.000574621,-0.000197298,0.000272877,-0.000605894,-0.000242268,0.000126154,-0.00190262,0.00230281,-0.010064,-0.00128332,0.000414917,0.117],[-0.00935209,-0.208311,-1.04907,-0.117014,-0.194803,-0.34309,0.121053,0.0300066,-0.251535,0.108313,0.00446922,-0.0342125,-0.0416275,-0.0388818,-0.0577798,-0.0147729,0.0541692,0.118009,0.352508,0.0610267,2.17129],[0.965447,-0.504026,-2.8551,-0.104861,1.02678,-0.401321,-0.00338765,0.0843252,-0.0465625,-0.130921,0.00249066,0.0364328,0.0431315,0.0395057,0.0160792,-0.0430643,0.0889587,0.248887,-0.438901,0.0976633,3.92078],[-0.192909,-0.0322982,1.91041,0.0283473,-0.2707,0.399194,-0.0174135,0.0153003,-0.0163682,0.0437436,0.00366406,0.00324443,0.0016246,0.000195132,0.00365113,-0.0164777,-0.00555585,-0.0313519,0.131369,0.00862518,-0.327822],[-0.0229965,0.0752001,0.58615,-0.0953826,0.259282,1.1778,0.066615,0.0076439,-0.219383,0.0258822,0.0140605,0.0101053,-0.00715974,0.00861335,-0.00079181,0.0187935,0.0839335,-0.0370773,0.207438,0.00832786,-0.091493],[0.522321,-0.0138251,-3.58825,-0.272889,0.214312,-1.58725,0.014208,0.0392836,-0.0646494,-0.373404,-0.0595656,0.00237938,0.013423,-0.0239559,-0.0258326,-0.0697003,-0.00139771,0.142302,-0.383777,0.0863235,4.72075],[0.29554,0.0259388,10.7817,-0.257613,-0.102094,1.59748,-0.0939138,-0.0458703,0.366112,0.709843,0.0970555,-0.0550639,0.0188,-0.0345931,0.0304559,0.00378106,-0.0804595,0.131956,-0.732767,-0.154808,-1.84213],[0.544553,-0.645806,-0.58119,0.197395,0.32131,-0.712482,-0.297821,0.0424896,-0.449916,-0.347804,0.00348196,-0.0182752,-0.0454569,-0.0208903,-0.0419955,-0.292615,-0.244964,0.623674,0.268441,0.0408735,2.20052],[0.0323602,-0.242092,-10.4876,-0.124623,0.672687,-2.41249,-0.322771,0.139577,0.060735,-0.292042,-0.269383,-0.0550709,-0.00562948,-0.100149,0.0030819,-0.0910061,-0.0649527,0.046497,-0.347749,0.176488,4.39637],[0.181707,0.129603,5.84617,0.0652046,-0.747056,-0.38869,-0.0632667,-0.0539976,-0.17659,-1.00741,0.0381899,-0.10697,-0.0538416,-0.113301,0.00548367,0.188037,-0.140733,-0.00818683,1.21002,-0.132075,-0.97199],[0.115879,-0.0255753,1.92085,-0.278306,-0.00536842,0.792767,-0.0953865,-0.0348577,-0.0123958,0.0185859,-0.0168612,0.0171048,-0.0342512,0.021763,-0.042132,-0.02295,-0.134462,0.0867567,-0.203296,-0.00738678,-0.490377],[-0.310208,-0.149095,-2.16508,0.115055,-0.0250702,-0.507817,0.0460766,0.00519221,0.161732,0.149519,-0.00841462,-0.0137035,-0.0745007,-0.0202895,-0.0448218,-0.00580183,-0.0203933,-0.0193857,0.00661349,-0.0195626,-0.491852],[-0.518681,-0.126845,-4.97548,0.0423619,-0.335135,-1.15408,-0.0087036,0.0368826,0.0754042,0.124646,-0.0246662,-0.0088338,-0.0176817,-0.00980336,-0.0308916,-0.0538251,-0.0462519,-0.302666,-0.498423,-0.00419894,-2.67418],[0.0409848,-0.0250777,0.46771,0.0324889,0.0059162,0.0713763,0.0120865,1.13768e-05,-0.0534489,-0.0848158,0.0217272,-0.00181483,-0.00278594,-0.0075196,-0.0188029,0.00855019,0.00867535,0.000351914,0.10609,0.0207363,0.942841],[0.169453,-0.240475,1.08315,0.5337,-0.12627,-0.0572236,-0.0620938,-0.0684563,0.208837,0.5915,0.293611,0.0423318,0.0107943,0.00706407,0.0214025,-0.0635132,-0.00528291,0.0475544,0.405291,-0.0228376,0.208285],[-0.00522858,0.0177067,0.296464,-0.0181076,-0.0267245,0.0744014,-0.00391798,0.000549966,-0.00774062,0.0153154,0.00119618,-0.000881473,0.00122052,-0.000689922,0.00163446,0.00388983,0.000367423,-0.00133166,0.0243609,-0.00185797,-0.107154]],"sigmahat":[[6.44975,-1.02314,-14.0831,1.41407,5.31032,-6.75373,-0.0353582,0.209473,-0.0615193,-0.601251,0.0365366,0.0189637,0.0183444,0.019771,0.0112433,-0.268853,-0.00515843,-0.0648129,-0.257203,-0.0231316,12.3157],[-1.02314,1.27288,6.67316,-0.737178,-0.660453,3.52541,0.0321625,-0.166976,0.17834,-0.0628647,-0.0293616,-0.0164814,-0.00750104,-0.0174064,-0.0174375,0.320591,-0.00785467,-0.0040349,-0.406211,0.0184166,-0.904006],[-14.0831,6.67316,705.179,-15.401,-27.5871,173.544,-1.66793,-2.07518,0.322535,-1.60912,-0.148832,-0.358263,-0.306043,-0.364991,-0.461131,1.50334,-1.97815,3.6949,-3.07562,-0.0258339,-39.7602],[1.41407,-0.737178,-15.401,2.22069,1.18534,-5.1947,0.0367783,0.172077,0.16533,-0.0717095,0.0487838,0.00158171,-0.0109856,-0.00260311,0.0132167,-0.235895,0.0113926,-0.0453071,0.280485,-0.0477867,3.08015],[5.31032,-0.660453,-27.5871,1.18534,10.9894,-1.54954,-0.0160989,0.156426,-0.0192128,-1.19916,-0.0889476,0.035854,-0.082465,0.0389978,-0.0689548,-0.0387038,-0.0321471,-0.338618,-0.890981,-0.0322457,9.00509],[-6.75373,3.52541,173.544,-5.1947,-1.54954,69.1934,-0.211534,-0.774275,-0.100127,-1.21917,-0.2084,-0.0932706,-0.189435,-0.0653967,-0.186477,1.0297,-0.181074,0.568741,-1.83127,-0.0109065,-15.4487],[-0.0353582,0.0321625,-1.66793,0.0367783,-0.0160989,-0.211534,0.197991,-0.00812502,-0.108485,0.0329787,-0.000214281,-0.00164091,0.0253521,0.00175857,0.0292597,0.0293768,0.139344,-0.0377826,-0.114069,-0.0333405,-0.176909],[0.209473,-0.166976,-2.07518,0.172077,0.156426,-0.774275,-0.00812502,0.0515308,-0.0305496,0.00229084,0.00509641,0.000753955,0.00348346,0.00137753,0.00356075,-0.0513158,0.00244769,-0.0139049,0.120041,-0.000788895,0.377762],[-0.0615193,0.17834,0.322535,0.16533,-0.0192128,-0.100127,-0.108485,-0.0305496,1.11711,0.0225952,-0.0508236,-0.0087748,-0.0561592,-0.0212405,-0.0456396,0.0050552,-0.0924319,0.14072,-0.200829,0.0414221,-0.854886],[-0.601251,-0.0628647,-1.60912,-0.0717095,-1.19916,-1.21917,0.0329787,0.00229084,0.0225952,0.733384,0.0330221,0.0112556,0.0196278,0.0122511,0.0362962,-0.060395,0.0380552,-0.0201957,0.0992904,-0.0339242,-2.12642],[0.0365366,-0.0293616,-0.148832,0.0487838,-0.0889476,-0.2084,-0.000214281,0.00509641,-0.0508236,0.0330221,0.0486626,0.000810412,0.00213406,0.00152545,-0.0015117,0.000463218,-0.00343556,-0.0102347,0.184806,-0.00640257,0.213267],[0.0189637,-0.0164814,-0.358263,0.00158171,0.035854,-0.0932706,-0.00164091,0.000753955,-0.0087748,0.0112556,0.000810412,0.00714318,0.00223143,0.00561942,0.00270608,-0.00535733,0.00216267,-0.00550662,-0.00375094,0.00104256,0.0505231],[0.0183444,-0.00750104,-0.306043,-0.0109856,-0.082465,-0.189435,0.0253521,0.00348346,-0.0561592,0.0196278,0.00213406,0.00223143,0.0299253,0.00440372,0.0244706,-0.00949493,0.0273711,-0.018454,-2.94067e-05,-0.00626351,0.0955754],[0.019771,-0.0174064,-0.364991,-0.00260311,0.0389978,-0.0653967,0.00175857,0.00137753,-0.0212405,0.0122511,0.00152545,0.00561942,0.00440372,0.00838347,0.00451275,-0.00713789,0.0034733,-0.00737945,-3.04322e-05,-0.0013866,0.0204005],[0.0112433,-0.0174375,-0.461131,0.0132167,-0.0689548,-0.186477,0.0292597,0.00356075,-0.0456396,0.0362962,-0.0015117,0.00270608,0.0244706,0.00451275,0.0291487,-0.0105916,0.0297878,-0.0209756,-0.0037004,-0.0136862,-0.0843845],[-0.268853,0.320591,1.50334,-0.235895,-0.0387038,1.0297,0.0293768,-0.0513158,0.0050552,-0.060395,0.000463218,-0.00535733,-0.00949493,-0.00713789,-0.0105916,0.138411,0.00307764,-0.00968636,-0.0899797,-0.00397098,-0.0181616],[-0.00515843,-0.00785467,-1.97815,0.0113926,-0.0321471,-0.181074,0.139344,0.00244769,-0.0924319,0.0380552,-0.00343556,0.00216267,0.0273711,0.0034733,0.0297878,0.00307764,0.16899,-0.0285707,-0.0493753,-0.0236233,-0.270776],[-0.0648129,-0.0040349,3.6949,-0.0453071,-0.338618,0.568741,-0.0377826,-0.0139049,0.14072,-0.0201957,-0.0102347,-0.00550662,-0.018454,-0.00737945,-0.0209756,-0.00968636,-0.0285707,0.272578,0.110462,0.0151727,-0.326906],[-0.257203,-0.406211,-3.07562,0.280485,-0.890981,-1.83127,-0.114069,0.120041,-0.200829,0.0992904,0.184806,-0.00375094,-2.94067e-05,-3.04322e-05,-0.0037004,-0.0899797,-0.0493753,0.110462,2.35291,0.022499,1.11604],[-0.0231316,0.0184166,-0.0258339,-0.0477867,-0.0322457,-0.0109065,-0.0333405,-0.000788895,0.0414221,-0.0339242,-0.00640257,0.00104256,-0.00626351,-0.0013866,-0.0136862,-0.00397098,-0.0236233,0.0151727,0.022499,0.0518904,0.657],[12.3157,-0.904006,-39.7602,3.08015,9.00509,-15.4487,-0.176909,0.377762,-0.854886,-2.12642,0.213267,0.0505231,0.0955754,0.0204005,-0.0843845,-0.0181616,-0.270776,-0.326906,1.11604,0.657,61.7692]],"n":21,"lags":3}