{"betahat":[[4.16032,0.697949,43.131,2.4827,5.98904,11.1836,-0.626029,-0.271402,-0.202939,0.0596442,-0.00143821,8.82411,0.447663,0.247329,1.23901,1.15993,0.362843,-0.0167278],[0.796169,0.072257,-0.713716,0.0311944,0.00704532,0.0767383,0.0212907,-0.00725239,-0.00416606,0.00418279,-5.44787e-05,0.120506,0.0126207,0.0151798,-0.0292383,0.0487629,0.00246899,-5.99584e-05],[-0.00678381,0.868138,0.281084,-0.142085,0.0363943,-0.0368453,0.0442024,-0.0158572,0.00299762,0.0165032,-3.67824e-05,0.904199,0.00776878,-0.00656831,0.191065,-0.157879,0.182278,0.00628016],[-0.00472882,0.000956135,0.566558,0.00172809,0.00323413,-0.106319,-0.000389947,0.000827866,-0.000453552,0.000817101,-1.51133e-06,-0.0112035,0.000324308,0.000729709,-0.0134726,-0.000985894,0.00111812,-0.000215802],[-0.0475051,0.149817,1.44824,0.679942,-0.0766355,0.0565358,-0.0123145,-0.0334,-0.000764359,-0.0237247,-5.56144e-05,0.377346,3.75404e-05,-0.016967,0.188712,0.0663891,0.0106468,0.000301755],[-0.0816832,0.0380602,0.554658,-0.0464397,0.693452,-0.0831623,0.00956812,-0.0105774,0.00274183,0.0150722,-4.47625e-06,0.214562,0.00234421,0.0107703,-0.104518,-0.0104863,0.0306163,0.00180027],[0.00277828,-0.00417468,-0.739002,-0.00659448,-0.028608,0.658875,-0.0014932,-0.00194125,0.000435485,0.00199247,-1.71979e-06,-0.053461,-0.00186733,-0.00127097,-0.0139935,-0.00778675,-0.00703918,4.08254e-05],[-0.428059,0.024228,8.32929,0.285193,-0.726279,1.22718,0.932386,-0.0483076,0.023192,-0.0504947,0.000121691,-1.12234,0.00259158,-0.00894524,-0.177822,-0.323644,-0.425718,0.00741142],[-1.19044,0.118276,-11.7322,0.249807,-1.05048,-4.59834,-0.00934797,1.1402,0.00745582,0.202597,-0.000209374,3.42031,0.0120416,-0.0198466,1.18523,0.377128,0.309426,-0.00442692],[-0.291456,-0.602304,-8.722,-0.154574,0.265945,-2.723,-0.345974,0.199973,1.16672,0.127875,0.000756708,-1.47343,0.0729541,0.101892,-0.471066,0.298074,-0.295593,0.149776],[-0.490933,-0.479624,1.20346,0.397919,-0.818532,0.543941,-0.00204088,0.095029,0.0493094,1.29217,0.000188036,0.850353,-0.0523683,-0.0258769,-0.48119,-0.390972,0.0314925,0.0194823],[335.047,57.1048,-499.053,-3.3557,-46.4446,-559.169,15.7487,9.47441,-2.17606,42.9167,0.890181,546.946,21.0359,5.2572,146.216,83.5943,-0.691933,0.0693523],[-0.0804337,0.00878071,0.0945812,0.00704483,-0.120237,0.0018602,0.00212872,0.000340776,-0.00254504,0.00372661,5.30775e-06,1.08265,0.00485018,0.00549095,-0.0366697,-0.0074516,0.00983109,-0.00016596],[-0.900761,0.139152,4.49311,-0.877239,0.161563,0.0946998,-0.29175,-0.124561,0.116623,-0.152543,-0.000235848,-3.1464,0.878841,-0.107282,0.22298,0.451706,-0.381478,0.112626],[0.61259,0.152865,3.4202,1.25946,0.333292,-0.357601,0.0965794,-0.052544,-0.0324719,0.304908,0.000113798,-7.59643,0.0707007,1.14936,-1.94653,-0.0999582,-0.192271,0.0233752],[0.117351,0.00360146,0.123464,0.0482963,0.201731,0.165431,0.00165424,-0.0115574,0.00229621,0.0279703,2.38123e-05,-0.151913,0.0139812,0.00751112,0.995473,-0.0135911,0.0183986,-0.002792],[0.114072,0.208456,-4.75923,0.0385931,-0.00665197,-0.801968,-0.00646471,-0.0475886,-0.00646982,-0.0128579,3.85816e-05,0.101743,-0.0598398,-0.054976,0.152938,0.483887,-0.118415,-0.00459139],[0.471266,0.0964031,-7.39329,-0.0788783,0.812262,-1.65565,0.159055,0.0224922,0.0212695,0.0155309,-4.3252e-05,0.0275228,0.000487894,0.00799887,-0.0816865,0.238723,0.462326,0.0220389],[-1.14228,0.297293,0.163964,0.502985,-3.84388,-2.60724,0.377521,-0.20972,0.20499,0.127767,-0.000994724,7.56753,0.166762,0.0147304,2.62318,-0.523874,0.153946,1.15137],[0.153023,-0.038174,1.97555,-0.0650124,-0.0614279,0.332951,-0.0214518,0.00464537,0.00279058,-0.00605714,3.11586e-05,-0.398488,-0.00989515,-0.00774125,-0.0714629,-0.0659712,-0.0543392,-0.000702095],[-0.220323,0.0841753,1.40377,0.0734643,-0.301999,0.476441,-0.00737629,0.0161879,0.00138147,0.00258822,-6.01004e-06,-0.673655,-0.00459757,0.0101054,-0.248689,0.0906912,-0.08459,-0.00267793],[0.0062245,-0.00213005,0.291704,-0.00269803,0.0116733,0.0974817,0.00189556,-0.000187411,0.000412428,0.000195369,3.47261e-06,0.0252007,7.27749e-05,-0.000225631,0.00451936,0.00081109,0.00290015,0.000172165],[-0.0827032,-0.0721236,-2.70709,0.172112,0.158654,0.0396063,0.0021935,0.00840936,-0.00232027,-0.00337913,1.96387e-05,-0.473978,-0.00189671,0.00664834,-0.290492,-0.0815576,-0.0363891,-0.0035429],[0.0358997,0.00165795,-0.68383,0.0117247,0.177328,-0.027061,-0.0203815,0.00837453,-0.002145,-0.0116724,6.64426e-06,-0.378839,-0.0019419,-0.00659586,0.0500402,0.0159998,-0.0561155,-0.000337525],[-0.0162299,0.00512178,0.527717,-0.00224556,0.0438151,0.322631,0.000911456,0.0015787,-0.000300066,-6.41012e-05,9.94439e-06,0.0475931,0.00193856,0.0014489,0.00667818,0.0097519,0.00748746,-0.000188799],[0.297279,0.128715,-9.10283,-0.15358,0.656163,-1.64814,-0.0600006,0.00326554,0.00130657,0.0539937,6.62373e-05,-0.76409,0.0452024,0.0456119,0.0185088,0.194305,0.145407,0.00509006],[0.162761,-0.0153898,11.1422,-0.152373,0.205512,4.47801,0.0710657,-0.0909026,0.000390935,-0.0414493,0.000153107,-1.86409,-0.0134618,-0.00481895,-0.218638,-0.194582,-0.193939,-0.00933056],[1.02028,0.432838,1.73854,0.491402,1.07867,0.279564,0.317288,-0.106724,-0.172524,-0.0326798,-0.000554128,0.728535,0.0127443,0.0330748,-1.32151,0.0416479,0.713663,-0.0992898],[0.0207052,0.0979282,-1.65187,-0.446847,0.0216715,-1.29837,0.0248723,-0.0355386,-0.0315586,-0.299806,5.72235e-05,-0.160821,-0.0163264,-0.0287489,-0.0237938,0.158192,0.16228,-0.0162676],[-163.747,-21.4226,2369.64,72.6071,160.416,981.259,103.45,-40.1154,2.95512,-39.924,-0.139045,527.754,-18.3294,-7.03205,-112.116,-19.0276,159.693,-1.38932],[0.0837566,-0.00541614,0.043572,-0.00656299,0.0910133,0.0361826,-0.0065341,0.000908944,0.00166782,-0.00239712,-5.06613e-06,-0.0276535,-0.00136356,-0.00228594,0.0385069,0.0091296,-0.0113208,0.000445944],[0.183026,0.0117799,-8.13465,0.118746,0.175267,1.18721,0.235742,0.272889,-0.0127491,0.0325053,8.75264e-05,-0.939807,0.0130716,0.0406361,-1.34982,-0.15478,0.137825,-0.023848],[-1.43174,0.0334653,-3.92725,-0.634903,-0.0125387,2.29509,0.058508,0.0508347,0.0547619,-0.202628,-0.000139703,3.56023,-0.136427,-0.180615,1.43601,0.246809,0.0575133,-0.0112106],[-0.00968426,-0.00859028,-0.585746,-0.0437691,-0.143797,-0.413966,-0.00949039,0.00846519,-0.00287985,-0.0306203,-1.72125e-05,0.196826,-0.0139525,-0.00686738,-0.0335071,0.0154411,-0.0405665,-0.000615298],[-0.0823921,0.0915529,4.83447,0.0579082,-0.0529084,0.81916,0.0701228,0.019408,-0.0151111,0.0665569,-3.97274e-06,0.484603,0.0178604,0.0173415,0.0348529,0.252935,0.201835,-0.0115521],[-0.0751067,0.164305,4.14929,-0.164436,-0.277114,1.22674,0.0426783,-0.0149825,0.0171694,0.0198013,3.5338e-05,-0.175427,0.0140382,0.0258181,-0.299067,-0.0954811,0.247306,0.0147602],[0.348187,0.205918,5.00567,-0.00463487,1.48029,4.12222,-0.146441,0.053139,-0.148833,-0.156182,0.000471421,-3.7037,-0.211073,-0.0881706,-0.785246,0.323755,-0.593926,-0.152894],[0.0503336,-0.0341548,-1.26271,0.0338997,0.0536249,-0.410184,0.000288953,0.00263787,0.00137099,0.00185969,2.32686e-05,0.279351,-0.00272368,-0.00742874,0.100589,0.0172137,0.0522248,0.000759217],[0.227033,0.0475832,-1.68425,0.0686337,0.265288,-0.439729,-0.0367836,-0.000305091,-0.00437629,-0.0190695,4.28089e-05,-0.229926,-0.00316612,-0.00353145,0.0576804,0.0671635,-0.0975225,-0.00360077],[-0.00172233,-6.59847e-05,0.101444,0.00168424,-0.0152719,-0.00266909,-0.00150105,-0.000339778,4.64956e-05,-0.00106275,-1.60143e-06,-0.0131633,-0.000536469,-0.000653458,0.00965344,0.00018245,-0.00321577,1.6801e-05],[0.129994,-0.0778432,1.25879,0.147944,-0.0824548,-0.096358,0.0102384,0.0250336,0.00308774,0.0271019,3.5995e-05,0.0978537,0.00185457,0.0103172,0.101899,0.0151679,0.0261581,0.00324028],[0.0453322,-0.039799,0.128123,0.0348724,0.128057,0.109042,0.0109647,0.00222998,-0.000607292,-0.00342662,-2.25631e-06,0.166001,-0.000405564,-0.0041697,0.054296,-0.00550613,0.02591,-0.00146891],[0.0134838,-0.00142891,0.202699,0.00914429,-0.0159837,0.0144581,0.00064769,0.000466246,-0.00013894,-0.00194542,-8.13014e-06,0.00688553,-0.000115195,-0.000222803,0.00752613,-0.00199166,-2.00373e-05,0.000134074],[0.130446,-0.153133,0.768628,-0.13155,0.0693115,0.419267,0.127712,0.0450671,-0.0244842,-0.00355208,-0.000187845,1.88687,-0.0477973,-0.0366694,0.159552,0.129495,0.280417,-0.0124834],[0.990315,-0.0438377,0.555592,-0.141754,0.93963,0.305773,-0.0926506,-0.0813786,-0.00366854,-0.145595,9.43892e-05,-1.699,0.0119149,0.026066,-0.735782,-0.159492,-0.221906,0.0147095],[0.280889,0.0218524,-3.27231,-0.211586,0.62026,-0.628796,0.053062,0.0295734,-0.0578392,0.0277917,-0.0002686,0.576229,0.0637726,-0.0015933,1.2079,-0.03719,0.444749,-0.0265684],[-0.0157674,0.229131,0.74851,-0.274163,0.0831611,0.424914,0.0182202,-0.0415798,-0.0274848,-0.0949435,-0.00022103,-0.533706,0.0110453,0.0200766,0.106262,0.0838706,-0.181153,-0.010746],[-171.3,-35.6824,-1870.59,-69.2512,-113.972,-422.091,-119.199,30.641,-0.779056,-2.99267,0.248864,-1074.7,-2.70648,1.77484,-34.0989,-64.5666,-159.001,1.31996],[0.000444836,-0.00502955,-0.137867,-9.13873e-05,0.0362477,-0.0313948,0.00473423,-0.00106649,0.000972222,-0.00144681,1.92805e-06,-0.0714296,-0.00348527,-0.00305077,-0.00100112,-0.00261093,0.00274196,-0.000277168],[0.973449,-0.147483,6.19731,0.494188,0.205058,-0.334458,-0.0901366,-0.0828501,-0.0636099,0.149657,0.000224824,0.0195244,0.0166891,0.0258353,0.454077,-0.206058,-0.183803,-0.0627892],[0.450296,-0.0279205,2.26904,-0.741663,-0.680162,-1.34694,-0.202326,-0.00360844,0.00111997,-0.0724681,-9.43523e-05,3.56562,0.0597692,0.00793395,0.494076,-0.0914269,-0.0590731,0.00611596],[-0.106842,0.00430034,0.452401,-0.00354061,-0.0572325,0.245777,0.0084876,0.00305544,0.000484529,0.00227155,-6.12031e-06,-0.0469853,-5.52927e-05,-0.000538815,0.0364693,-0.00196049,0.0233866,0.00332173],[0.142835,0.0367009,-0.018103,-0.101352,0.288193,0.491439,0.0304457,-0.0115647,-0.00453176,0.0239112,-2.7545e-05,0.807472,0.0219811,0.0320155,-0.188566,-0.126033,0.105433,0.0022258],[-0.15388,0.00832139,-0.782516,-0.0123008,-0.00570242,-0.16034,0.000118411,0.00134116,0.00333743,-0.017447,1.5493e-05,0.140506,0.0119982,0.000279466,0.179129,0.0312491,0.00629879,0.0091634],[-0.219215,-0.173277,3.84249,-0.485844,0.126322,1.34357,-0.194538,0.00462023,-0.0845646,-0.0613177,0.000561612,-2.04524,-0.0248096,-0.00447708,-0.146237,-0.208285,-0.369528,-0.0882508]],"sigmahat":[[8.51142,-1.60701,-9.21265,1.81584,7.09327,-6.32705,-0.180387,0.283954,-0.0264698,0.070326,0.000720522,-6.91021,-0.0662889,-0.0368392,0.494132,-0.0158905,0.410122,-0.0393325],[-1.60701,1.70358,11.3559,-1.0301,-1.21038,5.0025,-0.00404946,-0.260805,0.00207035,-0.0525155,-0.000593774,-0.314588,0.0474357,0.0318136,-1.19777,0.0403785,-0.912105,0.0310516],[-9.21265,11.3559,936.621,-19.3686,-22.4888,245.707,-0.1347,-2.60336,-0.177366,0.0490141,-0.00735429,-34.3989,-0.157615,0.497645,-25.9678,-3.77234,-10.5498,-0.250542],[1.81584,-1.0301,-19.3686,2.67978,1.35908,-6.71891,0.0245603,0.212398,-0.0347087,0.0457007,0.000463497,0.311313,-0.00715572,-0.0207623,1.1666,0.160761,0.801537,-0.0417888],[7.09327,-1.21038,-22.4888,1.35908,12.8367,-0.128498,-0.274633,0.222462,-0.00888942,-0.123528,0.000937189,-11.1025,-0.120207,-0.0774189,0.277819,0.370294,0.0186859,-0.0385912],[-6.32705,5.0025,245.707,-6.71891,-0.128498,94.1926,0.169609,-0.930752,0.0201113,-0.134471,-0.00207472,-15.4788,-0.00543015,0.224731,-8.78763,-0.870339,-3.23126,-0.00897271],[-0.180387,-0.00404946,-0.1347,0.0245603,-0.274633,0.169609,0.241101,-0.0036986,0.00248721,0.0242673,-0.000133405,1.75781,0.0264739,0.0243374,0.00469258,-0.00045297,0.427633,0.00747474],[0.283954,-0.260805,-2.60336,0.212398,0.222462,-0.930752,-0.0036986,0.0827919,0.00174133,0.0165352,0.00010046,0.0461109,-0.00865073,-0.00325046,0.146446,0.00552891,0.166571,-0.00280748],[-0.0264698,0.00207035,-0.177366,-0.0347087,-0.00888942,0.0201113,0.00248721,0.00174133,0.0112638,0.0128256,3.02636e-06,-0.0183643,0.00483681,0.0033059,0.00714162,-0.00549861,-0.000683793,0.00713603],[0.070326,-0.0525155,0.0490141,0.0457007,-0.123528,-0.134471,0.0242673,0.0165352,0.0128256,0.126129,4.85683e-05,0.83341,0.0354172,0.0282057,0.226932,-0.0300074,0.109739,0.00895947],[0.000720522,-0.000593774,-0.00735429,0.000463497,0.000937189,-0.00207472,-0.000133405,0.00010046,3.02636e-06,4.85683e-05,8.11617e-07,-0.00108185,-1.53217e-05,8.10597e-06,0.000656996,-4.64309e-05,0.00012745,-1.13434e-05],[-6.91021,-0.314588,-34.3989,0.311313,-11.1025,-15.4788,1.75781,0.0461109,-0.0183643,0.83341,-0.00108185,74.485,0.917212,0.337259,11.9953,0.607717,5.89716,0.0299112],[-0.0662889,0.0474357,-0.157615,-0.00715572,-0.120207,-0.00543015,0.0264739,-0.00865073,0.00483681,0.0354172,-1.53217e-05,0.917212,0.0552465,0.0386742,0.111117,-0.00914767,0.0767187,0.00959917],[-0.0368392,0.0318136,0.497645,-0.0207623,-0.0774189,0.224731,0.0243374,-0.00325046,0.0033059,0.0282057,8.10597e-06,0.337259,0.0386742,0.0421047,-0.132049,-0.0237019,0.0560525,0.00800246],[0.494132,-1.19777,-25.9678,1.1666,0.277819,-8.78763,0.00469258,0.146446,0.00714162,0.226932,0.000656996,11.9953,0.111117,-0.132049,9.40007,0.686655,1.14303,-0.032472],[-0.0158905,0.0403785,-3.77234,0.160761,0.370294,-0.870339,-0.00045297,0.00552891,-0.00549861,-0.0300074,-4.64309e-05,0.607717,-0.00914767,-0.0237019,0.686655,0.567666,-0.00899822,0.00293038],[0.410122,-0.912105,-10.5498,0.801537,0.0186859,-3.23126,0.427633,0.166571,-0.000683793,0.109739,0.00012745,5.89716,0.0767187,0.0560525,1.14303,-0.00899822,2.0919,-0.00119534],[-0.0393325,0.0310516,-0.250542,-0.0417888,-0.0385912,-0.00897271,0.00747474,-0.00280748,0.00713603,0.00895947,-1.13434e-05,0.0299112,0.00959917,0.00800246,-0.032472,0.00293038,-0.00119534,0.00970813]],"n":18,"lags":3}