{"betahat":[[2.15471,-0.343464,3.6483,3.2526,0.203508,-3.81596,0.308972,0.90934,0.0906223,0.361343,0.125582,2.83001,-2.48729,-0.0832185,0.0359657,-3.40805,7.09313,0.0467378,0.670777,1.28447,-0.25239],[0.681393,0.0515048,-0.130176,-0.0509607,-0.431467,0.299006,-0.0529582,-0.0652982,0.0324103,0.476691,0.00861636,0.0681789,0.0256997,-0.00162316,-0.0183794,0.285639,0.0298067,0.0395478,-0.0331866,-0.166616,0.0133477],[0.148921,0.881166,0.69735,0.0482996,0.323931,0.251724,0.0136965,-0.0430405,0.0162355,-0.0464802,0.029356,0.12658,1.33715,-0.0128114,-0.0158466,0.543479,-0.159475,0.018771,0.108306,0.0434598,0.028351],[-0.0178968,-0.0105444,0.585229,-0.019018,0.143637,-0.0349195,-0.00230094,-0.0111285,0.0284231,0.00924483,0.0213543,-0.0283441,-0.224035,-0.000543929,0.000577728,-0.0407257,0.010557,0.00905192,-0.00533561,-0.0372737,-0.00245938],[-0.167542,0.200523,-0.555772,0.487415,-0.373563,0.306222,0.00268573,0.0247857,0.0158969,0.249457,-0.0187796,-0.113298,1.08524,0.00703511,-0.0239433,0.300522,-0.445174,-0.000838943,-0.0388116,0.0504183,0.00908806],[-0.0339239,0.0521773,0.111729,-0.016375,0.652857,-0.0463201,0.0120418,0.0142201,-0.0134615,0.0135493,-0.0064257,0.00310547,0.382659,0.00808768,0.00499025,-0.0297232,-0.134552,-0.00265586,-0.00940805,0.0576189,-0.00122734],[0.0758164,-0.0132102,-0.0512717,-0.0106521,0.0100627,0.719004,0.00279768,-0.00233708,-0.00418169,-0.112891,-0.0075037,-0.00721224,0.318814,0.00591861,0.00169441,0.0613873,0.0880819,-0.00751341,0.0150441,0.0370204,0.00341822],[-0.0950819,-0.0648908,0.185547,-0.218648,0.594183,0.897989,1.08978,-0.0744439,0.0928171,0.146414,0.0881631,-0.0773413,0.545574,0.0272458,0.0275372,-0.504338,0.755272,0.0143637,-0.00841496,-0.0635059,0.0185289],[-0.0814896,0.15692,-0.337695,-0.262554,-0.177782,0.732766,-0.0365609,0.695193,-0.106631,0.512017,-0.130989,0.134219,1.85558,-0.0252986,-0.0678339,0.490557,-0.35846,-0.0121953,0.0942926,-0.0870624,-0.00528181],[0.106127,0.0265917,-0.651916,0.188342,0.69821,0.154212,-0.0306086,0.00921764,1.07871,0.608191,0.0703134,0.19317,0.732152,0.013047,0.0302251,0.442761,1.0686,0.087951,0.15587,0.074344,0.0427108],[-0.0516242,0.127413,0.210028,0.0142018,-0.0500659,0.354433,-0.0776629,-0.0214202,-0.0518832,1.20238,-0.0421079,0.201626,0.00698945,0.00887895,0.00722836,-0.0175578,0.0909676,-0.0388276,0.0534377,-0.0210456,0.00638735],[-0.210361,-0.0527122,-0.502064,-0.385613,-0.0127097,0.38216,0.000946632,0.181573,0.160471,0.363206,1.05696,0.125192,0.345986,0.0109781,0.0400894,-0.406187,-0.647052,0.182149,0.139516,0.0653737,-0.0386353],[0.0775168,0.138604,0.39121,0.0173335,0.154389,0.378128,0.00623124,-0.0277299,0.00336917,0.0730598,0.0175567,1.08635,0.0911406,-0.00417408,0.000774516,0.0112908,-0.0143212,0.00865869,-0.0113284,0.0486597,-0.00416564],[-0.00462707,-0.0125047,-0.00133464,0.01489,-0.0574864,-0.0743881,0.0116463,0.00149451,0.00245704,-0.0543448,0.00379538,0.00399325,0.961202,-0.00240324,0.00136033,-0.0650575,0.0259454,-0.00115189,-0.00918459,2.57695e-05,-4.79738e-05],[0.0916059,0.766741,1.50316,-0.630163,-1.22106,0.979733,-0.149119,0.224812,-0.0862037,2.80102,-0.0827972,0.379483,1.23159,1.01487,-0.191529,3.33155,1.69578,0.0555255,0.733695,-0.531543,0.187452],[-0.368362,-0.0990111,-2.53779,-0.123607,0.163776,-0.74399,0.164407,0.311256,0.0838784,-1.57666,0.158886,-0.790737,-3.26449,0.00278814,1.18359,-3.46,-1.95405,0.263409,-0.260981,0.232311,-0.0347258],[-0.0220091,0.0310769,0.209673,-0.0186385,-0.106131,0.0494831,0.00907156,-0.000150533,0.0128777,-0.029739,0.00498987,0.00998044,0.128933,0.0151482,0.009877,1.11189,0.0667162,0.00315704,0.0219621,0.0231569,0.0086285],[0.0179347,-0.0151244,0.196001,0.0307494,-0.257911,-0.20895,-0.00301576,0.00456131,0.0110914,-0.117332,0.0209281,0.0565351,-0.423461,0.000716907,0.0108642,-0.159572,1.03244,0.0114937,-0.0116363,-0.0411807,-0.00207122],[-0.101845,0.239579,0.270251,0.3216,-0.624943,0.144218,-0.0308893,-0.381839,-0.0681252,-0.953821,-0.0360325,-0.0995512,-0.225307,0.0109811,-0.0248603,0.671598,0.747184,0.924151,0.0486388,-0.276966,0.00322053],[0.216435,0.0249566,0.182281,0.0614307,0.601055,0.127288,0.0250597,-0.0185221,0.0175977,0.20375,0.0219838,-0.00721172,1.31062,0.0106706,-0.00949135,0.384155,0.0234717,0.00552069,0.783236,0.171817,-0.00304061],[0.0183882,-0.0647858,-0.184594,0.0160754,0.339144,0.0722113,0.0606281,-0.155503,0.0119131,-0.0855105,0.0302466,-0.00019464,-0.202951,0.00993014,0.0155459,-0.268806,-0.422132,0.0247492,0.0677063,0.350741,0.0150257],[0.554421,-0.661716,2.40005,0.681948,-0.287978,-1.22984,-0.229396,-0.0318501,0.280728,0.523344,0.421271,-0.555959,-0.914195,-0.238694,-0.0744593,-1.16903,-2.03008,0.200456,-0.3173,-0.316226,1.18106],[0.206797,0.00607479,0.28402,0.0278904,0.332266,-0.0133308,0.0598827,0.102762,-0.0302686,-0.233234,-0.0142927,-0.0460256,0.165603,0.0185802,0.0241572,-0.0889706,0.00967288,-0.0316077,0.101948,0.21323,-0.0080917],[-0.108514,0.206765,-0.419622,-0.114551,-0.164317,0.229628,-0.00477362,0.0225615,0.0194275,0.265243,-0.00286413,0.0381639,0.110953,0.0227052,0.00372295,-0.170412,0.42778,-0.00252466,-0.0656701,0.125575,-0.0113937],[0.0213236,0.0161272,0.390301,0.0211018,-0.0814445,0.0850967,0.0042249,0.0131589,-0.0169907,0.00894064,-0.0119069,0.0315583,0.0748325,-0.00121526,-0.00168054,0.0297588,0.0428941,0.00037193,0.0119946,0.0369256,0.000826261],[0.0940379,-0.188391,0.526574,0.291147,0.322627,-0.277093,0.0236417,-0.0129511,-0.0474148,-0.253405,-0.037267,0.0731035,0.659215,0.0122441,0.0138729,0.133872,0.823032,-0.0102884,0.0641855,0.00410984,0.00999782],[0.0249067,-0.0697679,-0.0778481,0.0018457,0.233056,-0.0252696,0.0074198,1.91376e-05,0.0150558,-0.0546449,0.0113572,-0.0179614,-0.276562,-0.00239921,0.00253479,-0.00641116,-0.0201348,0.000106556,0.011426,-0.0453592,0.00148731],[-0.0383292,0.000133258,0.0439247,0.0283606,0.0448368,0.245098,0.00545586,-0.00511856,0.0126537,0.0726218,0.018076,-0.00960155,-0.144147,-0.00257708,-0.00154108,-0.0318867,0.0894496,0.00838675,-0.0147252,-0.0235187,0.000376954],[0.000522817,-0.170877,-0.714188,0.32476,-0.216355,-0.990767,0.0117722,0.0747968,-0.0599482,-0.655265,-0.0549314,-0.150908,-0.863692,-0.0100838,0.000867594,0.00259358,-0.364378,-0.0670522,-0.0832122,0.151865,-0.0135785],[0.362653,0.230501,1.11429,-0.0487748,0.647086,0.451001,-0.0143259,-0.0898525,0.0851455,-0.0167639,0.0717045,-0.0454453,-0.274655,0.00993508,0.00678792,0.310237,0.159115,0.0907479,0.0947266,-0.00538838,0.0260112],[0.114425,-0.00364458,0.520686,-0.129212,-0.0944966,-0.105817,-0.00469347,-0.0388336,-0.0754675,-0.425368,-0.0402442,-0.103797,-1.36719,-0.0270019,-0.0261203,-0.484263,-0.936104,-0.0268705,-0.0927036,-0.178525,-0.0391221],[0.0137937,-0.0361335,-0.342038,-0.0378836,0.185313,-0.086864,0.0493708,0.00834274,0.0345683,-0.122093,0.0300529,-0.118954,0.0236596,-0.00328772,-0.00746392,0.0393682,-0.0302674,0.0292267,-0.0498034,-0.00810168,-0.00395576],[0.28801,0.090462,0.304749,0.264076,0.174558,-0.412485,0.0146307,-0.122689,-0.177844,-0.32321,-0.0975137,-0.144947,0.0431673,0.00303835,-0.0321161,0.383301,0.746908,-0.218746,0.0374467,-0.0116461,0.036902],[-0.0180446,-0.0579753,-0.0569125,-0.0349216,-0.234291,-0.236065,-0.00662228,0.0356134,-0.00938334,-0.0564667,-0.0200845,-0.0306668,0.0741324,0.0025161,-0.00205973,0.113004,0.0639086,0.00918677,0.0216162,-0.050354,0.00187814],[-0.00686424,0.00379486,0.00819028,-0.000776069,0.016293,0.0485738,-0.00686149,-0.00151866,0.00224356,0.0112142,-0.000133963,0.00772518,0.0484595,0.00189696,4.24115e-05,0.0285824,-0.0047157,0.00287039,0.0133734,-0.000482276,-0.00139781],[0.219424,-0.122905,-0.215181,0.405036,2.43361,1.12675,0.0478786,-0.349479,0.0685968,-1.29102,0.056369,-0.350813,-2.74691,-0.0545867,0.0850961,-2.3369,-2.06666,-0.262241,0.0329072,0.408937,-0.124534],[0.692563,0.318651,3.49174,0.227367,1.16571,1.88879,-0.066536,-0.24673,-0.113504,0.280321,-0.148298,0.749847,2.39431,-0.0440993,-0.17314,2.80593,1.81502,0.0796202,0.355514,-0.122812,0.0882493],[0.0408398,-0.0427062,-0.197439,0.0426887,0.0653189,-0.147329,-0.0051163,-0.00744935,-0.00345573,-0.00125283,0.0062734,-0.0196051,-0.118707,-0.0163601,-0.00417268,-0.134157,-0.142162,-0.00370054,-0.030766,-0.0258636,-0.00742638],[0.00430204,0.0383076,-0.214569,-0.0213202,0.303207,0.266584,0.000170919,0.00309347,-0.00590413,0.196249,-0.0167964,-0.0194721,0.3988,0.00262527,-0.0107595,0.166988,0.0652303,-0.00218687,-0.000234858,0.0394578,0.00235012],[0.273034,-0.225334,0.416987,-0.285861,1.01429,0.109818,0.119531,0.262404,0.129014,0.678528,0.110984,0.227815,0.129246,0.00589645,-0.0103466,-0.0861466,-0.477648,0.186269,0.0273707,0.298157,-0.0116056],[-0.0325815,0.0281923,-0.188056,-0.0033459,0.129857,0.201003,-0.0626857,-0.0502675,-0.035699,-0.13767,-0.0483581,-0.0778806,-2.05508,-0.0324738,0.00161443,-0.556578,-0.148308,-0.0142942,-0.146476,-0.179513,-0.0111804],[0.237319,-0.0439791,0.551469,-0.0347427,-0.0291554,-0.428646,0.0748922,0.01053,0.0323802,-0.140875,0.0318296,-0.0299643,-0.593208,0.0181353,0.0227702,-0.194963,-0.0682333,0.0360875,-0.0892692,0.278376,0.0173692],[-0.0248567,-0.304303,-2.04902,-0.326913,-1.38812,-3.54289,0.767171,0.302474,0.172859,-2.05184,-0.102134,0.276619,0.0245671,0.190756,0.150008,0.710587,-0.683282,0.115903,-0.0232275,0.89641,-0.0816735],[0.111772,-0.0575768,-0.1539,0.0230617,0.0991325,-0.285668,-0.0069213,-0.0374586,-0.00214965,-0.243444,0.00567069,-0.022171,-0.191227,-0.016955,-0.00577694,-0.196617,-0.0395295,-0.00794222,-0.0687726,-0.0466031,-0.00525448],[-0.0404309,-0.0879252,-0.277776,0.0662471,-0.159664,-0.481349,-0.00891401,0.0204844,-0.035669,-0.218768,-0.0264963,-0.164764,-1.44795,-0.00989126,0.0121251,-0.372999,-0.268333,-0.0162473,-0.0426454,-0.16901,-0.016955],[-0.00345221,-0.00553034,0.0242023,-0.00207953,-0.0621578,-0.0501338,-0.00191278,-0.00202942,-0.0114394,-0.0181891,-0.00945352,-0.00323493,0.149501,0.00176276,0.00110357,0.0111264,-0.0534462,-0.00942071,-0.00667823,0.000386736,0.00163779],[0.0734805,-0.0121171,0.0291632,0.221423,0.0508973,-0.0290963,-0.0263197,-0.0118251,0.0315103,0.00396869,0.0560405,0.0401785,-1.74429,-0.0192769,0.0100708,-0.434329,-0.377877,0.0111235,-0.0253771,-0.0545001,-0.0190845],[0.00894013,0.0175596,-0.0339285,0.0145108,0.113869,0.0715132,-0.0194699,-0.0142386,-0.00160888,0.041103,-0.00494086,0.0148207,-0.106235,-0.00568542,-0.00752267,0.0361521,0.154523,0.0025451,-0.00204805,-0.012287,-0.000257853],[-0.0375087,0.0130805,0.00723949,-0.0177102,-0.054976,0.0358293,-0.00824724,0.00745513,-0.00847871,0.0402306,-0.0105778,0.0167832,-0.174538,-0.00333783,-0.000150783,-0.0294018,-0.177589,-0.000872503,-0.000335607,-0.0134887,-0.00379002],[0.0937848,0.235708,0.528773,-0.1064,-0.379456,0.0933256,-0.101674,-0.00030888,-0.0330407,0.509963,-0.033348,0.228046,0.316776,-0.0171009,-0.0283714,0.502627,-0.392923,0.052644,0.0913143,-0.0883847,-0.00494456],[-0.341304,-0.160305,-0.478597,-0.0826974,-0.34214,-0.349465,0.0271286,0.254716,0.00484295,-0.143281,0.00901545,-0.145431,-1.15703,0.00484002,0.0177666,-0.104946,-0.502093,-0.0977103,-0.0926452,0.0178482,-0.0100609],[-0.221822,-0.0367291,-0.0580076,-0.0584097,-0.538247,-0.108867,0.0424932,0.0267861,-0.0115435,-0.211694,-0.0339705,-0.109625,0.601885,0.012101,-0.00318251,0.0378317,-0.223647,-0.0647441,-0.0524366,0.0839189,-0.00350619],[0.0379464,-0.091149,0.131838,0.0237728,-0.134909,-0.267479,0.0283341,0.0130641,0.0173259,-0.0807608,0.0120571,-0.082641,-0.0294361,-0.0056004,0.000222239,-0.0216031,-0.0598777,0.00961868,-0.00356604,0.0291978,-0.0024286],[-0.0933552,-0.0529146,-0.0531816,0.107067,-0.0887429,-0.0228926,-0.00137991,-0.0543731,0.00800701,-0.110326,0.0340108,-0.0199441,-0.339166,-0.0139683,-0.0077607,0.0774358,-0.177864,0.0290946,-0.163161,-0.0763505,0.00234837],[-0.0598159,-0.0804062,-0.335194,0.0175479,0.0795397,-0.141593,0.000453565,-0.00781333,0.00592668,-0.0165746,0.0024547,-0.055897,-0.163458,0.00170019,0.00130342,-0.123216,-0.0497479,-0.0178693,-0.0104324,0.0019858,0.00232084],[0.0106249,0.00758495,-0.00811975,-0.0143121,0.0389827,0.0229974,-0.00443688,0.000312406,-0.00453215,0.0396359,-0.00338227,-0.0124281,-0.017946,0.000540782,-0.00121062,0.0358505,-0.0238067,-0.00149342,-0.0051148,0.000111996,0.00150741],[-0.329843,-0.569281,-1.02138,0.205738,-1.28865,-1.86253,0.0863431,0.116446,-0.00188513,-1.43,0.00241614,-0.0421386,1.69714,0.0247897,0.0843646,-0.815188,0.576763,0.193155,-0.685221,0.0825695,-0.0623829],[-0.32948,-0.202237,-0.896662,-0.123797,-1.32598,-1.05716,-0.10205,-0.0655324,0.0244363,1.34863,-0.0166314,0.0292917,0.95003,0.0356028,-0.0227586,0.70161,0.21603,-0.349524,-0.0529715,-0.130777,-0.0560179],[-0.0191555,0.0116768,-0.0123678,-0.0240427,0.0401644,0.0979974,-0.00395308,0.00756622,-0.00951425,0.0312539,-0.0113224,0.0095964,-0.0111323,0.00123234,-0.00563266,0.0220225,0.0738447,0.000540729,0.00844496,0.00290428,-0.00119318],[-0.0222859,-0.0231499,0.0183182,-0.00945157,-0.0453448,-0.0576454,0.00286921,-0.007627,-0.00519898,-0.0789717,-0.00413816,-0.0371136,0.0250033,-0.0033366,-9.83597e-05,-0.00724169,-0.0978281,-0.00930779,0.0118405,0.00177486,-0.00026777],[-0.166391,-0.00423406,-0.76737,-0.0383767,-0.346364,-0.255862,-0.0803744,0.121322,-0.063338,0.249296,-0.0783594,-0.141019,0.205112,-0.0175908,0.033796,-0.556812,-0.253992,-0.118443,-0.0629378,-0.015289,0.00870227],[-0.0126274,-0.0214658,0.0940392,-0.0336136,-0.100678,-0.0910743,-0.0075867,-0.0151107,0.0255411,-0.0251252,0.0194164,0.073985,-0.0215917,0.00236683,0.00606038,-0.271308,0.0904285,0.000912045,-0.120427,0.00160875,0.00843793],[-0.18269,0.0829425,-0.578731,0.0228349,-0.128185,0.123367,-0.015753,0.0411549,-0.027212,-0.0612352,-0.0302433,-0.0524046,0.132545,0.00834223,-0.00522904,0.213911,0.244885,-0.0314149,-0.0838026,-0.0233366,0.00516759],[-0.523626,0.952295,-0.155248,-0.368981,1.65643,4.79946,-0.516326,-0.276763,-0.448729,1.52367,-0.306404,0.276793,0.789724,0.0342134,-0.0826133,0.462085,2.5084,-0.294365,0.361945,-0.60117,-0.122179]],"sigmahat":[[3.14239,0.0092731,0.319542,0.386319,4.6714,-2.8336,0.176317,-0.173027,0.145792,-0.120267,0.177869,0.0622008,3.34994,-0.00620447,0.0692817,-0.790389,-1.051,0.0490381,0.220355,0.512036,0.0195613],[0.0092731,2.01889,0.118216,-0.571734,0.97802,3.83801,-0.308939,0.0128733,-0.196509,2.45185,-0.225272,0.629545,3.19676,-0.0127893,-0.136957,1.62236,1.07588,-0.100363,0.528703,0.170247,0.00947232],[0.319542,0.118216,40.1671,-0.896544,-9.10332,10.5121,-0.156115,0.137656,0.117854,3.32928,0.125883,2.09017,3.41425,-0.00486336,-0.104241,1.27025,4.41394,0.273981,2.17203,0.0643929,0.21002],[0.386319,-0.571734,-0.896544,1.66511,0.470793,-1.68622,-0.0129535,-0.0454659,-0.0457654,-0.86672,0.0816721,-0.115441,-2.61435,-0.0709328,0.0678506,-1.61294,0.584645,0.0219642,-0.526694,-0.0500062,-0.0141311],[4.6714,0.97802,-9.10332,0.470793,20.0133,2.80157,-0.0446498,-0.47129,0.23055,2.40561,0.246735,0.897861,5.68236,0.0445933,0.0415018,-0.00254028,0.641299,0.204948,0.474134,0.580781,-0.0983745],[-2.8336,3.83801,10.5121,-1.68622,2.80157,23.6649,-0.94115,0.174932,-0.41405,9.29153,-0.475301,2.225,9.59604,0.115134,-0.41154,6.63734,8.642,0.0200847,2.27143,0.0983186,0.00630394],[0.176317,-0.308939,-0.156115,-0.0129535,-0.0446498,-0.94115,0.403968,0.163337,0.14512,-0.920836,0.130461,-0.237113,1.98332,0.0424505,0.0568992,-0.153857,-0.0834926,0.0655553,0.0855381,0.512973,0.0133002],[-0.173027,0.0128733,0.137656,-0.0454659,-0.47129,0.174932,0.163337,0.531555,-0.0344788,0.0208729,-0.0372264,-0.110202,1.70474,0.0346483,0.0253295,0.194744,0.256837,-0.013427,0.210265,0.543241,-0.00920962],[0.145792,-0.196509,0.117854,-0.0457654,0.23055,-0.41405,0.14512,-0.0344788,0.23263,-0.368068,0.18029,-0.0244553,-0.333766,0.0130075,0.0223856,-0.189437,-0.0549451,0.131339,-0.089371,0.106942,-0.000929318],[-0.120267,2.45185,3.32928,-0.86672,2.40561,9.29153,-0.920836,0.0208729,-0.368068,12.6434,-0.373524,1.53116,10.8746,0.0379881,-0.32147,5.02101,2.9416,-0.0806327,1.60777,0.411829,0.0633578],[0.177869,-0.225272,0.125883,0.0816721,0.246735,-0.475301,0.130461,-0.0372264,0.18029,-0.373524,0.204669,-0.0468779,-0.46188,-0.00171239,0.0279649,-0.47397,-0.214934,0.130912,-0.139184,0.0278217,-0.00112159],[0.0622008,0.629545,2.09017,-0.115441,0.897861,2.225,-0.237113,-0.110202,-0.0244553,1.53116,-0.0468779,2.0234,-1.43035,-0.0266106,-0.0328876,-0.280518,0.721856,0.12908,0.120825,-0.150152,-0.0172908],[3.34994,3.19676,3.41425,-2.61435,5.68236,9.59604,1.98332,1.70474,-0.333766,10.8746,-0.46188,-1.43035,138.068,1.31645,-0.0971682,24.8716,12.2837,-0.651577,7.14904,9.79055,0.69976],[-0.00620447,-0.0127893,-0.00486336,-0.0709328,0.0445933,0.115134,0.0424505,0.0346483,0.0130075,0.0379881,-0.00171239,-0.0266106,1.31645,0.0696742,0.0355886,0.456042,0.291261,-0.00909963,0.129486,0.161213,0.0119331],[0.0692817,-0.136957,-0.104241,0.0678506,0.0415018,-0.41154,0.0568992,0.0253295,0.0223856,-0.32147,0.0279649,-0.0328876,-0.0971682,0.0355886,0.064903,-0.422066,-0.181053,0.00564487,-0.0384017,0.0792087,0.0026901],[-0.790389,1.62236,1.27025,-1.61294,-0.00254028,6.63734,-0.153857,0.194744,-0.189437,5.02101,-0.47397,-0.280518,24.8716,0.456042,-0.422066,20.2058,7.61721,-0.172289,3.02998,1.49781,0.194681],[-1.051,1.07588,4.41394,0.584645,0.641299,8.642,-0.0834926,0.256837,-0.0549451,2.9416,-0.214934,0.721856,12.2837,0.291261,-0.181053,7.61721,20.5961,-0.215398,1.42771,1.30703,0.226662],[0.0490381,-0.100363,0.273981,0.0219642,0.204948,0.0200847,0.0655553,-0.013427,0.131339,-0.0806327,0.130912,0.12908,-0.651577,-0.00909963,0.00564487,-0.172289,-0.215398,0.251855,-0.125615,-0.043736,-0.0112021],[0.220355,0.528703,2.17203,-0.526694,0.474134,2.27143,0.0855381,0.210265,-0.089371,1.60777,-0.139184,0.120825,7.14904,0.129486,-0.0384017,3.02998,1.42771,-0.125615,2.76692,0.539068,0.0298441],[0.512036,0.170247,0.0643929,-0.0500062,0.580781,0.0983186,0.512973,0.543241,0.106942,0.411829,0.0278217,-0.150152,9.79055,0.161213,0.0792087,1.49781,1.30703,-0.043736,0.539068,2.41028,0.0356706],[0.0195613,0.00947232,0.21002,-0.0141311,-0.0983745,0.00630394,0.0133002,-0.00920962,-0.000929318,0.0633578,-0.00112159,-0.0172908,0.69976,0.0119331,0.0026901,0.194681,0.226662,-0.0112021,0.0298441,0.0356706,0.0339102]],"n":21,"lags":3}