{"betahat":[[3.39152,1.14918,11.1599,3.62359,1.46618,1.73489,0.158922,0.978146,-0.109987,0.494569,5.64225,0.0442607,-0.0383567,-3.05515,2.30839,1.13156,-0.4176],[0.685854,0.0776239,-0.0897914,-0.0718706,-0.41754,0.407469,-0.0458884,-0.0692502,0.0291698,0.46145,-0.0652589,-0.00109502,-0.0155732,0.218578,-0.0541686,-0.145174,0.00972675],[0.155247,0.983843,0.865919,0.0616328,0.349381,0.480416,0.0157099,-0.0369513,0.0170695,0.0546738,1.16961,-0.00832708,-0.0172176,0.667631,0.139126,0.0489999,0.0208838],[-0.0133309,0.00179684,0.648335,-0.0120454,0.127966,-0.00295065,-0.00463058,-0.0113984,0.0274907,0.0234635,-0.238378,-0.000764088,0.000775067,-0.0428046,-0.00940467,-0.0369867,-0.00309296],[-0.12584,0.218356,-0.114075,0.529422,-0.504511,0.376286,0.000389495,0.0338985,0.0457384,0.27802,0.890147,0.013832,-0.0101961,0.22722,0.069355,0.010901,0.00128832],[-0.0472734,0.0325732,0.126083,-0.0169146,0.643564,-0.0541958,0.00563912,0.0113419,-0.0169578,-0.0250323,0.232337,0.00551645,0.00372564,-0.0524916,-0.0414237,0.0355332,-0.00206986],[0.0805757,-0.00689848,0.0590282,-0.000805892,-0.0465884,0.731184,0.00505982,-0.00425044,-0.00483047,-0.141416,0.223064,0.007455,0.00589396,0.0176962,0.0296138,0.0321553,0.00182047],[-0.0746403,-0.0819089,-0.0466352,-0.168807,0.585527,0.643241,1.05932,-0.0838507,0.135595,0.210072,0.878189,0.0286552,0.0258431,-0.344588,0.203554,-0.0640179,0.0282319],[-0.0573528,0.209754,-0.419746,-0.295322,0.06403,0.901477,-0.0298235,0.707811,-0.101345,0.746447,2.15801,-0.0129993,-0.0447966,0.357308,0.133361,0.0480859,0.01496],[0.0453901,0.192859,-0.495157,0.12697,0.50055,0.582652,-0.0615336,-0.083369,1.1077,0.274639,-0.0733931,0.00418823,0.0259341,0.178007,-0.022153,-0.0936989,0.0245868],[-0.028003,0.132686,0.160517,0.00932682,0.00968546,0.327492,-0.0786636,-0.0271924,-0.0454613,1.21108,0.100606,0.00665861,0.00523373,0.0143294,0.077577,-0.0205606,0.00930951],[-0.0117532,-0.0155264,0.0289411,0.0120139,-0.0846835,-0.0718314,0.0127963,0.0017654,0.00126795,-0.0646869,0.998641,-0.00243898,0.000819641,-0.0621652,-0.0121727,0.000670765,6.11845e-05],[0.299866,0.543491,2.81349,-0.473336,-1.84544,0.308628,-0.122154,0.208402,-0.0168205,2.28931,-1.07115,1.02846,-0.0971785,1.99717,0.395633,-0.488198,0.190774],[-0.497807,0.254871,-3.5128,-0.35674,0.764703,0.245907,0.134357,0.326504,0.0642616,-0.544584,-2.34246,-0.0136469,1.0845,-2.17574,-0.561066,0.208401,-0.0532639],[-0.0117983,0.0362961,0.263448,-0.00797146,-0.140397,0.0273112,0.00284016,0.00612098,0.0146214,-0.00378886,0.207816,0.0164341,0.00871247,1.1552,0.0709666,0.0134976,0.00947304],[0.258124,0.0218265,-0.290494,0.0542559,0.821759,-0.0292428,0.013564,-0.147403,0.0305805,-0.144049,-0.208665,-0.0217337,-0.00474675,-0.285826,0.297697,0.119849,0.0150904],[0.0546593,-0.0344419,-0.297801,0.052332,0.355795,-0.0562266,0.0548598,-0.183762,0.0184387,-0.114311,-0.416857,0.0054655,0.0159644,-0.283584,0.0924127,0.313409,0.0139262],[0.110525,-0.620761,2.39314,0.520772,-0.372614,-0.217247,-0.228919,-0.00112096,0.219555,0.137172,-1.65135,-0.222262,-0.121704,-0.641497,-0.421195,-0.609238,1.01178],[0.204042,-0.0228129,0.223171,0.0454404,0.29614,-0.143897,0.0493639,0.0856143,-0.0230486,-0.237564,0.297424,0.0161829,0.0186421,-0.00185344,0.0698056,0.1741,-0.000517405],[-0.113175,0.151984,-0.573621,-0.124041,-0.12081,0.142673,-0.0112763,0.0224688,0.0124213,0.235425,0.122173,0.0158953,-0.000160767,-0.202062,-0.0760602,0.0963712,-0.00887384],[0.0182021,0.0103931,0.351078,0.0137952,-0.0667654,0.0730217,0.00544168,0.0135462,-0.0146427,0.0148338,0.082805,-0.000782078,-0.000627727,0.0225339,0.0159324,0.0386043,0.00103042],[0.0516376,-0.200518,0.163015,0.251887,0.552025,-0.13507,0.0160759,-0.0226651,-0.064472,-0.18959,0.575603,0.00616634,0.00291357,0.149212,0.015209,0.0242369,0.0144221],[0.0330994,-0.0534703,-0.0822756,0.00256277,0.25012,-0.00411019,0.0102365,-0.00316368,0.015817,-0.024053,-0.158519,-0.0010515,0.00167314,0.0166774,0.0130782,-0.0230981,0.00271702],[-0.0394823,8.53352e-05,-0.0191407,0.0178356,0.088923,0.246086,0.00436438,-0.00214812,0.0121915,0.10663,-0.117539,-0.00343657,-0.00425999,-0.00709547,-0.0163897,-0.0190147,-0.000197212],[0.0391555,-0.149497,-0.511704,0.257569,-0.180746,-0.857773,0.0234959,0.0965378,-0.0789689,-0.669203,-1.13955,-0.00497673,0.00732067,-0.131514,-0.196944,0.126709,-0.0183032],[0.294963,0.146244,1.09758,-0.0255091,0.588194,0.404143,-0.0219133,-0.0792623,0.0658544,-0.014244,-0.563266,-0.00186386,-0.00801171,0.363473,0.0232516,-0.0854448,0.0133249],[0.277006,-0.10014,0.541872,-0.0567345,0.179399,-0.513826,0.0450305,-0.0147491,-0.084258,-0.347819,-0.612866,0.00316964,-0.0156819,-0.20933,0.11989,-0.0385399,-0.0167246],[0.0138734,-0.0432375,-0.26768,-0.0323125,0.133551,-0.0958191,0.0509719,0.0173297,0.0324357,-0.108976,0.0615196,-0.000986168,-0.00581217,0.0370316,-0.0577344,0.00483311,-0.004045],[0.000494765,0.00460172,-0.0194887,0.000833404,0.0478544,0.0469365,-0.0100957,-0.00225352,0.00442028,0.0154672,-0.0308199,0.00176232,0.00123034,0.0147992,0.00488802,-0.00802043,-0.00168241],[-0.0587938,-0.0394151,-0.986006,0.397254,2.17522,1.36164,-0.00181998,-0.318388,0.0441457,-0.865704,-1.89823,-0.0714945,0.0379918,-1.515,-0.0147026,0.283271,-0.126041],[0.59618,0.00474139,3.76831,0.428414,-0.102412,0.52122,-0.045343,-0.261934,-0.119812,-0.65244,1.37118,-0.0423745,-0.105982,1.74981,0.437831,-0.115845,0.0984652],[0.0295235,-0.0501018,-0.252483,0.0329421,0.12753,-0.0998358,-0.00231317,-0.0112839,-0.00410069,0.00293403,-0.208207,-0.0162915,-0.00272521,-0.170169,-0.056506,-0.0228708,-0.00974382],[0.0736466,0.0697486,-0.038942,-0.0625058,-0.0369759,-0.0500558,-0.022284,0.0634791,0.00173417,0.182885,0.162065,0.000523868,0.020524,-0.22489,0.0472577,0.063193,0.00738996],[0.275765,0.0094664,0.554438,-0.0311811,0.164275,-0.215703,0.0773718,0.0266763,0.0329545,-0.0474914,-0.340916,0.0223453,0.0245796,-0.180093,-0.0715869,0.323121,0.0238707],[0.185241,-0.237759,-2.37539,-0.232423,-0.864999,-3.52967,0.663065,0.142578,0.230887,-1.5548,0.904722,0.174018,0.154007,0.487183,0.0105336,0.961331,0.0304186],[0.109969,-0.0548157,-0.133671,0.0263956,0.121183,-0.263651,-0.00347586,-0.0163645,-0.00613297,-0.223862,-0.232324,-0.0150867,-0.00306939,-0.216573,-0.0156922,-0.0289383,-0.00920526],[-0.0421669,-0.135822,-0.292556,0.0623896,-0.228766,-0.623193,-0.00441878,0.0144849,-0.0294939,-0.290124,-1.29174,-0.00756462,0.0173801,-0.465346,-0.0631042,-0.145351,-0.0120049],[-0.0049577,-0.0120022,-0.00038318,-0.00173152,-0.061292,-0.0701403,-0.000782165,-0.00215826,-0.0128401,-0.0383045,0.15601,0.00155639,-0.000151058,0.0209285,-0.00652951,-0.00156859,0.00207281],[0.0740902,-0.0178112,-0.0491754,0.218639,-0.047701,-0.241248,-0.0164563,-0.0112079,0.0187234,-0.088395,-1.46583,-0.0199954,0.00728295,-0.376263,-0.0846201,-0.0351162,-0.0157073],[0.0139516,0.0207671,-0.0441857,0.0142768,0.105783,0.0579066,-0.0159028,-0.00820583,0.0011097,0.0490648,-0.0744557,-0.00446843,-0.00540164,0.0358651,0.0282092,-0.0125502,-0.000641125],[-0.0411539,0.00682489,-0.0403604,-0.0170394,-0.0426188,0.0223581,-0.00941275,0.00637566,-0.00736151,0.034625,-0.105617,-0.0040107,-0.0016328,-0.0102134,-0.0132421,-0.0131657,-0.00161239],[0.0333827,0.230702,0.556131,-0.0896563,-0.408215,0.21402,-0.0831308,-0.0125572,-0.0570274,0.463157,0.256423,-0.0236885,-0.03322,0.478316,-0.00814475,-0.0626587,-0.009913],[-0.370029,-0.180574,-0.799305,-0.102453,-0.311629,-0.394724,0.0172803,0.240971,0.00110681,-0.159582,-0.959445,-0.00284352,0.0083715,-0.118586,-0.121168,0.000267199,-0.011762],[-0.303893,-0.127017,-0.553527,-0.0733279,-0.384498,-0.171524,0.0427369,0.0921704,-0.0426847,-0.0034917,0.785195,-0.00523802,-0.00461689,0.0058519,-0.0672731,0.0999,-0.00369939],[0.0144184,-0.0888454,0.106657,0.0233699,-0.14293,-0.23131,0.0277697,0.00976258,0.0130774,-0.103786,-0.160461,-0.0056602,0.000589074,-0.0507125,-0.0195513,0.0156474,-0.00525293],[0.00980324,0.00806248,-0.0121859,-0.0133458,0.0319698,0.0162921,-0.00151474,0.00102947,-0.00504852,0.0391969,0.0146643,0.000708958,-0.00162708,0.046475,0.00508231,0.00724148,0.00182584],[-0.313718,-0.345188,-1.55298,0.0920489,-0.678235,-1.36708,0.0726516,0.146481,-0.0674997,-1.1679,2.91938,0.0127889,0.0200099,-0.136859,-0.261107,0.119109,-0.0580712],[-0.107953,-0.269693,-0.28443,-0.104937,-0.598176,-0.696522,-0.0988082,-0.052035,0.0462383,1.26533,0.947686,0.0480065,0.000549245,0.419588,0.126261,-0.145135,-0.0499491],[-0.0187391,0.0138117,-0.0132723,-0.0249285,0.010687,0.0712905,-0.000440468,0.0050953,-0.0106718,0.00177389,-0.0016057,-0.000192875,-0.00590804,0.0151302,-0.0149264,0.0100895,0.000249155],[-0.00924075,-0.152008,0.301051,-0.000833126,-0.120293,-0.184195,0.0114968,0.00757887,0.0172353,-0.0753366,-0.15912,0.00196736,0.0196862,-0.323364,-0.00295046,0.0148381,0.00472092],[-0.160202,0.0301662,-0.487669,0.00308392,-0.113628,0.052118,-0.000774193,0.0324968,-0.0249848,-0.0906921,0.390924,0.0139273,-0.000357895,0.182047,0.0271003,-0.0069765,0.0157828],[-0.349722,0.77995,-0.00872514,-0.345879,1.18788,3.603,-0.369791,-0.184912,-0.43162,1.24934,0.335065,0.0258293,-0.0374932,0.166368,0.277134,-0.352124,-0.0924778]],"sigmahat":[[3.5397,0.0901127,1.10488,0.524221,5.66014,-2.43706,0.0447944,-0.303828,0.183924,0.0144785,2.01357,-0.017294,0.0724578,-1.31181,0.4092,0.144728,0.0287205],[0.0901127,2.34696,0.744742,-0.536474,1.33904,4.89866,-0.36058,-0.0457663,-0.196139,2.79879,3.81976,-0.00128107,-0.141849,1.87372,0.836033,0.168786,0.0114773],[1.10488,0.744742,45.6741,-0.456623,-9.04705,12.1873,-0.241573,-0.327394,0.135053,3.02607,0.199772,0.0107288,-0.0217702,0.129648,2.12608,0.141651,0.287435],[0.524221,-0.536474,-0.456623,1.84128,0.256356,-1.8692,0.0175395,-0.0473715,-0.0600245,-0.868917,-1.9468,-0.0595464,0.0735361,-1.35982,-0.026662,-0.0263282,-0.0143427],[5.66014,1.33904,-9.04705,0.256356,27.0377,7.27408,-0.373482,-0.829389,0.318263,4.51765,7.60894,0.0670797,0.0166903,-0.844967,1.5796,0.150597,-0.0614076],[-2.43706,4.89866,12.1873,-1.8692,7.27408,29.7198,-1.09517,-0.191809,-0.431594,11.2117,13.3025,0.163902,-0.430994,6.86074,2.77746,0.508193,0.0528794],[0.0447944,-0.36058,-0.241573,0.0175395,-0.373482,-1.09517,0.453731,0.18523,0.137171,-1.13384,1.34051,0.0340651,0.0540957,-0.21366,-0.229798,0.560078,0.00905047],[-0.303828,-0.0457663,-0.327394,-0.0473715,-0.829389,-0.191809,0.18523,0.591715,-0.0317702,-0.120981,1.16591,0.0152962,0.0169895,0.119411,-0.108157,0.536036,-0.00920979],[0.183924,-0.196139,0.135053,-0.0600245,0.318263,-0.431594,0.137171,-0.0317702,0.266012,-0.326552,-0.837194,0.0105667,0.0251516,-0.318244,-0.0669992,0.0727717,-0.00752254],[0.0144785,2.79879,3.02607,-0.868917,4.51765,11.2117,-1.13384,-0.120981,-0.326552,14.4107,10.0505,-0.00609192,-0.354031,4.44564,1.33791,0.303064,0.0649714],[2.01357,3.81976,0.199772,-1.9468,7.60894,13.3025,1.34051,1.16591,-0.837194,10.0505,121.622,1.04007,-0.28344,22.3396,3.96315,8.39611,0.773262],[-0.017294,-0.00128107,0.0107288,-0.0595464,0.0670797,0.163902,0.0340651,0.0152962,0.0105667,-0.00609192,1.04007,0.067933,0.0349221,0.390813,0.0623713,0.143776,0.0150043],[0.0724578,-0.141849,-0.0217702,0.0735361,0.0166903,-0.430994,0.0540957,0.0169895,0.0251516,-0.354031,-0.28344,0.0349221,0.0701187,-0.532767,-0.0395135,0.0646832,0.00253387],[-1.31181,1.87372,0.129648,-1.35982,-0.844967,6.86074,-0.21366,0.119411,-0.318244,4.44564,22.3396,0.390813,-0.532767,21.5554,2.17219,1.4093,0.242793],[0.4092,0.836033,2.12608,-0.026662,1.5796,2.77746,-0.229798,-0.108157,-0.0669992,1.33791,3.96315,0.0623713,-0.0395135,2.17219,2.11695,-0.0192489,0.0702741],[0.144728,0.168786,0.141651,-0.0263282,0.150597,0.508193,0.560078,0.536036,0.0727717,0.303064,8.39611,0.143776,0.0646832,1.4093,-0.0192489,2.40101,0.0349925],[0.0287205,0.0114773,0.287435,-0.0143427,-0.0614076,0.0528794,0.00905047,-0.00920979,-0.00752254,0.0649714,0.773262,0.0150043,0.00253387,0.242793,0.0702741,0.0349925,0.0407637]],"n":17,"lags":3}