{"betahat":[[0.357163,0.0936045,0.468758,2.98597,-0.64867,-1.74315,0.230273,0.988353,-0.214797,0.30659,-0.137723,2.78372,-1.18266,-0.178077,-0.0925854,-1.16869,6.57041,-0.0525073,0.879222,0.0471217,-0.19978],[1.69299,-0.712669,3.56713,-0.333009,-0.290604,-2.8255,1.00323,0.0894708,0.425428,-0.951292,0.493657,-0.391601,3.46771,0.135675,0.175952,-1.60459,-0.707867,0.329692,-0.539705,2.88903,0.140241],[1.0473,-0.23851,3.34108,-0.767917,0.0474731,-1.1817,-0.208922,-1.68933,0.108076,-0.118869,0.25281,0.314168,2.99745,-0.120829,-0.0531974,-1.83961,-2.34511,0.220042,-0.582481,-1.49848,0.127224],[2.25273,-0.322661,2.32871,0.014268,0.354269,-4.2566,-0.10995,-0.634026,-0.0218604,-0.380083,0.0406383,-1.21316,-8.58729,0.129793,0.210494,-1.091,-4.37526,-0.0335176,-0.379973,0.216866,0.0549322],[0.727378,0.0366827,-0.0292757,-0.0543186,-0.417238,0.27375,-0.00829758,-0.0338922,0.0476531,0.459218,0.0242052,0.0644778,0.227323,0.00459592,-0.0120659,0.232396,0.0793367,0.0481202,-0.04062,-0.0271336,0.0153463],[0.14564,0.892012,0.748553,0.0350849,0.312274,0.288543,-2.43256e-05,-0.0668832,0.0102741,-0.0269984,0.024194,0.120777,1.24348,-0.0134395,-0.0171594,0.550811,-0.180066,0.0136924,0.106327,0.00472795,0.0259475],[-0.0100164,-0.0120962,0.608971,-0.0168405,0.135366,-0.0431973,0.00225014,-0.00670471,0.0306191,0.0118861,0.0236402,-0.02951,-0.205912,0.000277593,0.0011781,-0.0447425,0.0130832,0.0106831,-0.0085081,-0.0173141,-0.0024238],[-0.152966,0.193638,-0.559228,0.499317,-0.383417,0.206608,-0.0245687,-0.00965519,0.0062143,0.23573,-0.0298067,-0.130343,0.69343,0.00655434,-0.0220815,0.281795,-0.584979,-0.0085079,-0.0341607,-0.0421026,0.00491083],[-0.0357248,0.0548374,0.0898158,-0.0139921,0.653239,-0.0578173,0.00629299,0.00989447,-0.0153421,0.0132529,-0.00817628,0.00262874,0.326327,0.00717707,0.00424272,-0.0260327,-0.144288,-0.00503877,-0.0132593,0.0412343,-0.00129639],[0.0773772,-0.0149438,-0.0467181,-0.00934971,0.0102591,0.717904,0.00460828,-0.000142744,-0.00409289,-0.114013,-0.00733856,-0.00710374,0.338423,0.0064927,0.00222909,0.0603187,0.0842161,-0.0077481,0.0228332,0.0406084,0.00339682],[-0.127951,-0.0597914,-0.0133263,-0.200586,0.692338,0.974145,1.14559,-0.000952056,0.083951,0.109004,0.080531,-0.123597,0.803356,0.0357242,0.0267654,-0.3671,0.868487,0.00524152,0.0567421,-0.0155957,0.0074261],[0.0236583,0.191439,-0.685443,-0.138439,-0.100113,0.354408,-0.186921,0.689783,-0.172839,0.560562,-0.20603,-0.0327111,-0.309134,-0.0128145,-0.0512557,0.65643,-0.760761,-0.080014,0.0451422,-0.33945,-0.0186692],[0.0954694,0.0414243,-0.66625,0.216375,0.673004,0.132461,-0.0988041,-0.030784,1.04688,0.684461,0.036109,0.174161,0.357426,0.00908119,0.0266405,0.450465,0.972503,0.0624692,0.166055,-0.0248904,0.0340666],[-0.0434922,0.124056,0.214994,0.0157396,-0.0455433,0.340932,-0.0716373,-0.0158532,-0.0503423,1.19533,-0.0411139,0.198725,0.0189923,0.0100881,0.00801795,-0.0192817,0.0878601,-0.0367589,0.0671825,-0.00494851,0.00546757],[-0.157943,-0.05091,-0.453192,-0.384541,0.00380919,0.261509,-0.0158746,0.168239,0.169335,0.405866,1.06112,0.124253,0.233627,0.00996467,0.0373287,-0.349151,-0.734913,0.191784,0.141418,0.0496078,-0.0330889],[0.0269904,0.149554,0.315338,0.0303986,0.13701,0.447027,0.00409282,-0.0035347,-0.00321348,0.0723854,0.00893566,1.10368,0.117662,-0.00498268,-0.000777441,0.0342207,0.0895483,0.00300181,0.000192572,0.0357866,-0.00682778],[-0.0146158,-0.0135573,-0.00560216,0.0146585,-0.0568858,-0.0551193,0.0120177,0.0017349,0.00349257,-0.054493,0.00470666,0.0116286,1.02265,-0.00355996,-0.000227072,-0.0611856,0.049361,8.63711e-05,-0.00695291,-0.00370744,-0.000612456],[0.264803,0.755766,1.56183,-0.589238,-1.08294,0.702034,-0.208748,0.0744154,-0.095417,2.6414,-0.0604034,0.267842,-0.504954,1.01446,-0.163137,2.79606,1.14487,0.0473141,0.565384,-0.623646,0.182571],[-0.343717,-0.106664,-2.1737,-0.226719,0.169114,-0.56799,0.171724,0.23175,0.0943385,-1.35028,0.176642,-0.707166,-2.24155,0.0160316,1.18093,-3.29581,-1.94684,0.295883,-0.242022,0.218037,-0.0231066],[-0.025183,0.0381125,0.208846,-0.0232987,-0.114869,0.055891,-0.000392904,-0.00714556,0.00840812,-0.0185546,-0.000136368,0.0109275,0.0732109,0.0153471,0.0101117,1.11786,0.0333636,0.000160711,0.0238961,0.00112989,0.0063765],[0.0149725,-0.0104756,0.190021,0.0313001,-0.246997,-0.187489,-0.00517893,0.0103503,0.0108449,-0.105659,0.0199728,0.0591859,-0.411208,0.000633541,0.00990521,-0.147428,1.05481,0.0103751,-0.0134318,-0.0365239,-0.00297537],[-0.092559,0.185028,0.332888,0.350871,-0.657507,0.114375,0.0542369,-0.265563,-0.0392771,-1.00441,-0.00872143,-0.103978,0.0683047,0.0237701,-0.0138478,0.692762,0.935115,0.950124,0.0572535,-0.0472779,0.0120174],[0.19546,0.0214589,0.149159,0.05631,0.621566,0.129607,0.0186642,-0.0347163,0.0157862,0.194804,0.0175973,-0.0229976,1.4293,0.00549598,-0.0148662,0.424483,0.0166954,0.00260031,0.764422,0.150577,0.000887405],[0.0936927,-0.0643759,-0.16274,0.0684845,0.28323,-0.114093,0.0963189,-0.0339197,0.0132975,-0.0871834,0.0235485,-0.0941045,-1.00383,0.0331426,0.0418184,-0.267687,-0.521558,0.0119488,0.0996411,0.612822,0.0116486],[0.747025,-0.916571,2.55633,0.702169,-0.891287,-2.84272,0.0514072,0.0382396,0.378701,0.0650448,0.544045,-0.581317,-0.578777,-0.204864,-0.0205579,-1.2852,-1.57098,0.230478,-0.507979,-0.253973,1.3141],[0.166623,0.0260739,0.226488,0.0182589,0.33191,0.0406368,0.000796848,0.0348977,-0.0464437,-0.209232,-0.0280358,-0.0211115,-0.0533138,0.00760269,0.0150961,-0.102377,-0.0595771,-0.0388849,0.08912,0.0197688,-0.00835939],[-0.107959,0.202,-0.461008,-0.0989548,-0.149753,0.213578,-0.0215541,0.0211086,0.0191939,0.27858,-0.00342188,0.0359115,-0.0360961,0.0218301,0.00294898,-0.168741,0.406369,-0.0015829,-0.0607577,0.0852952,-0.0131745],[0.0130943,0.0199158,0.372919,0.0182842,-0.0742608,0.100177,-0.00261161,0.00511127,-0.019279,0.0123998,-0.0141621,0.0352582,0.0677829,-0.00239015,-0.0027634,0.0348403,0.0355117,-0.00101065,0.0110577,0.0137204,0.000642229],[0.0748249,-0.181835,0.519517,0.298881,0.335945,-0.175038,0.0336452,0.0246065,-0.0448211,-0.22626,-0.0347807,0.0794334,0.732361,0.0125104,0.0130229,0.137297,0.93406,-0.0107139,0.048822,0.0793372,0.0122697],[0.026432,-0.0698415,-0.0643452,-0.0012236,0.236705,-0.016049,0.00957593,0.000528685,0.01596,-0.0489822,0.0124325,-0.0184299,-0.229391,-0.00259466,0.0022504,-0.00518978,-0.0208314,0.00195188,0.00856967,-0.040075,0.00289872],[-0.0402577,-0.0012718,0.0453437,0.0260983,0.037685,0.240326,0.00425539,-0.00562244,0.0121495,0.0718441,0.0171279,-0.0100515,-0.165575,-0.00269493,-0.00179092,-0.0314614,0.0889505,0.00855648,-0.0196256,-0.0265209,0.000533299],[-0.0204473,-0.165886,-0.643469,0.281528,-0.319696,-1.0101,-0.020331,-0.00486574,-0.0531927,-0.68655,-0.0478293,-0.0947538,-0.920116,-0.0228505,-0.00215231,-0.182892,-0.411286,-0.0612439,-0.13918,0.0562584,-0.0102388],[0.118941,0.226902,0.977771,-0.020412,0.543274,0.923378,0.107193,0.118668,0.11809,-0.0455612,0.102391,0.0724804,1.0403,0.0130417,2.31563e-06,0.359076,0.87183,0.115394,0.177286,0.348952,0.0238793],[0.113251,-0.0118719,0.587148,-0.134364,-0.0976221,-0.0272068,0.0520765,0.0150139,-0.050238,-0.477155,-0.0122949,-0.0992115,-1.05754,-0.0239609,-0.02483,-0.475682,-0.810496,-0.00302985,-0.116461,-0.0629802,-0.0368666],[0.0145945,-0.0316473,-0.350196,-0.0367788,0.192299,-0.0771902,0.0454608,0.00850759,0.0320664,-0.112666,0.0276872,-0.122122,-0.00752988,-0.00309021,-0.00723011,0.0411903,-0.0295883,0.0264623,-0.0611913,-0.0107986,-0.0041368],[0.278195,0.0744914,0.394228,0.25004,0.138254,-0.38196,0.0403932,-0.124573,-0.172359,-0.391992,-0.0928122,-0.126176,0.181559,0.00993116,-0.0237427,0.296274,0.847317,-0.223547,0.0392368,0.0250404,0.0321308],[0.0179614,-0.0731972,0.0210691,-0.0404993,-0.232074,-0.29072,0.00497379,0.024893,0.000498626,-0.0660307,-0.00821235,-0.0445757,0.106203,0.00586239,0.00104477,0.0863335,0.0287179,0.0158547,0.0159117,-0.0129182,0.00558846],[0.0106534,0.00268146,0.0239853,-0.00215614,0.0186252,0.0190267,-0.00388644,-0.0022232,0.00310232,0.00717735,0.000959708,-0.000625299,0.00785964,0.00334055,0.00208117,0.0169003,-0.0291315,0.00305461,0.00751273,0.0113949,0.000338576],[-0.00752656,-0.0877015,-0.441155,0.399904,2.29442,1.62542,0.0475956,-0.195898,0.055418,-1.17892,-0.00151938,-0.30676,-1.66771,-0.0516449,0.0569294,-1.83787,-1.54402,-0.277293,0.195644,0.442075,-0.142615],[0.551518,0.341731,2.88395,0.293774,1.1753,1.82916,-0.107626,-0.224472,-0.148642,0.155202,-0.193667,0.736048,2.11667,-0.0647105,-0.179913,2.6153,1.67572,0.0339753,0.323499,-0.244689,0.0525411],[0.0430055,-0.0453336,-0.2129,0.0494083,0.0830812,-0.14502,0.00135196,0.00395434,-0.000857592,-0.00369529,0.00891504,-0.0221284,-0.0955392,-0.0156594,-0.00406383,-0.129393,-0.11153,-0.00337574,-0.0292327,0.000137868,-0.00591328],[0.00526014,0.0341834,-0.216397,-0.0204343,0.295668,0.245549,0.00657143,0.00365375,-0.00371613,0.1788,-0.0143863,-0.0196774,0.410168,0.00247699,-0.00994242,0.156515,0.0571099,-0.000369476,0.00442122,0.0430607,0.00170202],[0.287714,-0.17366,0.275157,-0.2951,1.06711,0.0546167,0.0321879,0.154947,0.0995866,0.710716,0.0864701,0.231,-0.350772,-0.00787208,-0.0180101,-0.143495,-0.712001,0.163499,-0.00670352,0.0843624,-0.0169381],[-0.0107305,0.0254983,-0.257569,-0.00102841,0.145666,0.153266,-0.0671189,-0.0496556,-0.0406871,-0.156082,-0.0502419,-0.0731033,-2.1566,-0.0300126,0.00424584,-0.543812,-0.158596,-0.0131775,-0.140795,-0.206759,-0.0115974],[0.0684561,-0.00924236,0.437867,-0.0536264,-0.049488,-0.0734573,0.0299078,-0.0178863,0.0239785,-0.0528085,0.0181329,0.0775501,0.0164936,0.000509835,-0.0014184,-0.066616,0.167711,0.0338411,-0.0999183,0.161565,0.00849683],[-0.586411,0.0654138,-2.33697,-0.314407,-1.00277,-1.1377,0.329897,0.0978799,-0.00166537,-1.63184,-0.233343,0.346239,-1.21752,0.11258,0.0892539,0.404086,-1.42416,0.0634711,0.233748,0.1201,-0.230769],[0.105985,-0.0627496,-0.19723,0.0360474,0.0852992,-0.314364,0.00749952,-0.00100031,-0.00121238,-0.249967,0.003827,-0.0433743,-0.173925,-0.0121963,-0.00302973,-0.129981,-0.0197848,-0.0092376,-0.0485022,0.00737643,-0.0069864],[-0.037687,-0.0940031,-0.28756,0.0638598,-0.162538,-0.502099,0.0215796,0.0457794,-0.0294701,-0.251571,-0.0207752,-0.156697,-1.20725,-0.00838821,0.0142111,-0.382023,-0.22632,-0.0121113,-0.0455702,-0.0900066,-0.012772],[-0.00308292,-0.00779043,0.0179716,-0.00144709,-0.0610799,-0.0569487,0.000366082,0.00159829,-0.0113418,-0.0242802,-0.00948107,-0.00575916,0.138348,0.0021159,0.0015861,0.00999165,-0.0485888,-0.00967162,-0.00255514,0.00362487,0.00178318],[0.0781363,-0.0117884,0.039708,0.201785,0.0474617,-0.0315286,-0.00907641,-0.0149457,0.0386037,-0.0094448,0.0645832,0.0509027,-1.42565,-0.0190626,0.00905846,-0.419045,-0.349095,0.0192182,-0.0146587,-0.0372186,-0.0171799],[0.00925582,0.0149927,-0.0254843,0.0151999,0.109945,0.0738475,-0.0158755,-0.0104148,-0.000623264,0.0357465,-0.00426127,0.0157849,-0.096955,-0.00457882,-0.0064913,0.0312487,0.165045,0.00308372,0.00467753,-0.00115723,-0.00160201],[-0.0371257,0.0162214,0.00132107,-0.0167556,-0.0479769,0.0417511,-0.00886259,0.00577052,-0.00805839,0.04216,-0.00979264,0.0171399,-0.172725,-0.00379431,-0.000436643,-0.0287926,-0.173192,-0.000808923,-0.00321171,-0.0140696,-0.00392825],[0.147978,0.225621,0.65693,-0.0810971,-0.37359,0.0362184,-0.125327,0.00589379,-0.0308241,0.578107,-0.0327501,0.218279,0.116323,-0.0128318,-0.024589,0.550482,-0.458162,0.0559916,0.08226,-0.0405589,0.00280845],[-0.215675,-0.223223,-0.0795689,-0.172162,-0.359096,-0.544513,0.0608441,0.104057,0.0438566,-0.203999,0.0594114,-0.104887,-0.577536,-0.0040566,0.0182269,-0.391305,-0.684399,-0.0550499,-0.149049,-0.0319018,-1.62058e-05],[-0.20526,-0.0399386,-0.0317262,-0.0786875,-0.524332,-0.146547,0.0549051,0.0174765,-0.00122944,-0.238452,-0.0252395,-0.0892579,0.682371,0.0134748,-0.000840596,0.0150229,-0.210996,-0.0615655,-0.043046,0.0801628,0.00208615],[0.0289954,-0.0923186,0.135101,0.0210688,-0.14651,-0.263646,0.0261952,0.00733852,0.0182799,-0.0828673,0.0134234,-0.0765983,-0.0107245,-0.00700074,-0.000796104,-0.0217825,-0.057851,0.0102985,-0.00593445,0.0157743,-0.00132778],[-0.126883,-0.0362422,-0.0917899,0.12602,-0.0971066,0.0776122,-0.0113566,-0.0372062,-0.00188562,-0.0667276,0.0284454,-0.0266086,-0.411541,-0.0208079,-0.013328,0.0723336,-0.163623,0.0278463,-0.167716,-0.0820086,0.000235188],[-0.0451105,-0.076256,-0.336874,0.0100708,0.0948578,-0.156108,-0.00903674,-0.0213118,0.00268049,-0.00635484,-0.000754982,-0.059204,-0.222716,-0.000854036,-0.0002553,-0.120012,-0.118353,-0.0188626,-0.0161754,-0.0226821,0.00125136],[0.00347423,0.010362,-0.019086,-0.0127206,0.0372461,0.0349637,-0.00799919,0.000606682,-0.00651641,0.045629,-0.00555187,-0.01133,-0.034352,0.000236971,-0.00177211,0.044254,-0.0217542,-0.00303606,-0.000996837,-0.00788805,0.000287496],[-0.261126,-0.627613,-0.988851,0.181925,-1.23681,-2.19336,0.156747,0.118295,0.0272381,-1.41429,0.0472668,0.0190912,2.28969,0.0276791,0.0932192,-0.86262,0.514698,0.217895,-0.717448,0.165979,-0.0376951],[-0.205251,-0.22936,-0.678061,-0.0709674,-1.33701,-1.2319,-0.0640822,-0.00901459,0.0501561,1.20757,0.0131691,-0.0384651,0.132785,0.0446177,-0.00754346,0.694012,0.307996,-0.334302,-0.0564931,0.0115951,-0.0303923],[-0.017995,0.00721828,0.00397077,-0.0260934,0.0313756,0.0891423,-0.00096075,0.00321919,-0.00758035,0.0223648,-0.00879932,0.0111994,0.0220565,0.000331463,-0.00600583,0.0114505,0.0774076,0.00322405,0.00513879,-0.00108381,-0.000465492],[-0.0202542,-0.0236869,0.0262487,-0.0108894,-0.048686,-0.0580459,-0.00138309,-0.0139896,-0.00713361,-0.073158,-0.00559083,-0.0395334,0.0012863,-0.00310689,3.97918e-05,-0.00897827,-0.112014,-0.0100069,0.00900146,-0.00650418,0.00127729],[-0.191459,-0.00745967,-0.668454,-0.056859,-0.383404,-0.17693,-0.0804076,0.110837,-0.0623083,0.274882,-0.0796294,-0.137063,0.363003,-0.0162407,0.0311632,-0.528123,-0.212793,-0.11842,-0.041485,-0.0347462,0.00534832],[-0.014677,-0.0174596,0.063577,-0.0181232,-0.103308,-0.1084,-0.00748883,0.00130724,0.0238014,-0.0523186,0.0149134,0.0497461,-0.210313,0.00125838,0.00773676,-0.302369,0.0452753,-0.00481347,-0.117619,0.00665686,0.00204758],[-0.109768,0.0584378,-0.444822,-0.00241396,-0.0991646,0.0422031,-0.0117004,0.0154057,-0.0194811,-0.0685241,-0.0185421,-0.072993,0.2557,0.0116147,-0.00291475,0.202805,0.171084,-0.0229253,-0.0815099,0.0208755,0.00844391],[-0.16352,0.845115,-0.136357,-0.400307,1.89465,4.00821,-0.364135,-0.14263,-0.376396,1.55067,-0.304012,0.210743,1.67996,0.0830014,-0.0739511,0.902213,2.86428,-0.281032,0.276768,0.111621,-0.0949012]],"sigmahat":[[2.92928,0.0685034,-0.164719,0.439105,4.71444,-2.46737,0.152874,-0.11194,0.12084,-0.0761964,0.149005,0.124595,3.8531,-0.0169336,0.0497473,-0.6358,-0.736775,0.0360925,0.310601,0.350351,0.000128131],[0.0685034,2.05076,0.368943,-0.60599,0.997393,3.9404,-0.28229,0.0140745,-0.181996,2.52283,-0.209907,0.627743,3.54685,-0.0113239,-0.136538,1.58471,1.13047,-0.0933008,0.600587,0.260039,0.0202298],[-0.164719,0.368943,40.3351,-0.810371,-9.39136,12.0182,-0.348998,0.294007,0.0176106,3.7713,0.00331126,2.19326,3.08138,-0.0202835,-0.140437,1.77862,5.26528,0.196137,2.19139,-0.0624076,0.170813],[0.439105,-0.60599,-0.810371,1.70875,0.496295,-1.78336,-0.013499,-0.0899206,-0.0381404,-0.868006,0.096818,-0.0841458,-2.34952,-0.0774112,0.0670212,-1.73735,0.596662,0.0378111,-0.548825,-0.088677,-0.0122039],[4.71444,0.997393,-9.39136,0.496295,20.3717,2.86715,-0.0153415,-0.466426,0.21363,2.38752,0.251147,0.861466,6.38751,0.0356227,0.0430951,-0.192009,0.490661,0.201563,0.55416,0.403405,-0.0995627],[-2.46737,3.9404,12.0182,-1.78336,2.86715,23.8599,-1.02243,0.0343,-0.428553,9.63175,-0.464084,2.1162,8.96899,0.1076,-0.39564,6.26718,8.14682,-0.00768861,2.18449,0.136737,0.056691],[0.152874,-0.28229,-0.348998,-0.013499,-0.0153415,-1.02243,0.320276,0.060193,0.112526,-0.93871,0.0975036,-0.225641,1.4037,0.035985,0.0519872,-0.137343,-0.278159,0.0429402,0.0513944,0.21497,0.00411256],[-0.11194,0.0140745,0.294007,-0.0899206,-0.466426,0.0343,0.060193,0.30844,-0.0513752,0.0347294,-0.0426625,-0.0770237,1.32613,0.0156456,0.01736,0.0320326,-0.115072,-0.0147164,0.141849,0.16481,-0.00166951],[0.12084,-0.181996,0.0176106,-0.0381404,0.21363,-0.428553,0.112526,-0.0513752,0.220234,-0.362925,0.166339,-0.0212282,-0.580184,0.0114947,0.0199459,-0.15801,-0.102775,0.122842,-0.107915,0.016045,-0.00406797],[-0.0761964,2.52283,3.7713,-0.868006,2.38752,9.63175,-0.93871,0.0347294,-0.362925,13.0419,-0.365554,1.54795,11.593,0.0281297,-0.331838,4.95285,2.99798,-0.0697,1.63814,0.583343,0.0750939],[0.149005,-0.209907,0.00331126,0.096818,0.251147,-0.464084,0.0975036,-0.0426625,0.166339,-0.365554,0.189741,-0.0454895,-0.704081,-0.00266712,0.0254092,-0.428755,-0.247094,0.121018,-0.159611,-0.0425814,-0.00806331],[0.124595,0.627743,2.19326,-0.0841458,0.861466,2.1162,-0.225641,-0.0770237,-0.0212282,1.54795,-0.0454895,1.99361,-1.57893,-0.0095797,-0.0174512,-0.274654,0.73145,0.123853,0.139322,-0.0415088,-0.00589546],[3.8531,3.54685,3.08138,-2.34952,6.38751,8.96899,1.4037,1.32613,-0.580184,11.593,-0.704081,-1.57893,130.896,1.33042,-0.0543887,24.943,10.3768,-0.824843,7.07424,8.73893,0.679799],[-0.0169336,-0.0113239,-0.0202835,-0.0774112,0.0356227,0.1076,0.035985,0.0156456,0.0114947,0.0281297,-0.00266712,-0.0095797,1.33042,0.0686466,0.0349737,0.444169,0.289999,-0.00824961,0.125563,0.114162,0.0133192],[0.0497473,-0.136538,-0.140437,0.0670212,0.0430951,-0.39564,0.0519872,0.01736,0.0199459,-0.331838,0.0254092,-0.0174512,-0.0543887,0.0349737,0.063619,-0.418436,-0.156835,0.00534348,-0.0389828,0.0400091,2.93271e-05],[-0.6358,1.58471,1.77862,-1.73735,-0.192009,6.26718,-0.137343,0.0320326,-0.15801,4.95285,-0.428755,-0.274654,24.943,0.444169,-0.418436,19.8223,7.15218,-0.134752,3.00941,1.49485,0.26344],[-0.736775,1.13047,5.26528,0.596662,0.490661,8.14682,-0.278159,-0.115072,-0.102775,2.99798,-0.247094,0.73145,10.3768,0.289999,-0.156835,7.15218,20.0235,-0.249089,1.26433,0.815494,0.227441],[0.0360925,-0.0933008,0.196137,0.0378111,0.201563,-0.00768861,0.0429402,-0.0147164,0.122842,-0.0697,0.121018,0.123853,-0.824843,-0.00824961,0.00534348,-0.134752,-0.249089,0.246918,-0.140992,-0.0677174,-0.0128893],[0.310601,0.600587,2.19139,-0.548825,0.55416,2.18449,0.0513944,0.141849,-0.107915,1.63814,-0.159611,0.139322,7.07424,0.125563,-0.0389828,3.00941,1.26433,-0.140992,2.7735,0.475452,0.0449837],[0.350351,0.260039,-0.0624076,-0.088677,0.403405,0.136737,0.21497,0.16481,0.016045,0.583343,-0.0425814,-0.0415088,8.73893,0.114162,0.0400091,1.49485,0.815494,-0.0677174,0.475452,1.35938,0.0446426],[0.000128131,0.0202298,0.170813,-0.0122039,-0.0995627,0.056691,0.00411256,-0.00166951,-0.00406797,0.0750939,-0.00806331,-0.00589546,0.679799,0.0133192,2.93271e-05,0.26344,0.227441,-0.0128893,0.0449837,0.0446426,0.0278714]],"n":21,"lags":3,"seasonalRows":3}