{"betahat":[[2.20151,0.953022,7.52465,3.29934,-0.812164,-0.0335271,0.222024,0.950258,-0.178012,-0.0558638,1.48268,-0.0162827,-0.0932642,-1.14658,1.58857,0.544498,-0.353381],[0.687172,0.0766966,-0.0628657,-0.0671117,-0.439455,0.386138,-0.0448438,-0.0669989,0.0293115,0.447889,-0.123631,-0.00171695,-0.0148112,0.201425,-0.0591478,-0.147902,0.0106039],[0.150292,0.982252,0.866299,0.0623726,0.33029,0.48491,0.0151662,-0.0376115,0.0163013,0.0588479,1.17933,-0.00788441,-0.0176547,0.672469,0.137661,0.0413888,0.0214398],[-0.0162678,0.00365781,0.659551,-0.0121828,0.12204,0.00782176,-0.00555501,-0.0116404,0.0271048,0.027117,-0.223815,-0.000380435,0.000650618,-0.0385363,-0.010515,-0.0363865,-0.00311428],[-0.122623,0.209812,-0.15632,0.543779,-0.483039,0.35954,0.000680024,0.0343123,0.0469387,0.273958,0.91111,0.0132696,-0.0103664,0.217421,0.0653952,0.00923087,0.000434119],[-0.0473879,0.0311062,0.113732,-0.0184724,0.654095,-0.0570062,0.00570332,0.0103896,-0.0167305,-0.0295971,0.230486,0.00591418,0.00415151,-0.0569491,-0.0418824,0.0340071,-0.00208967],[0.0775824,-0.00965196,0.054948,-0.00100416,-0.0499588,0.725175,0.00560951,-0.00366829,-0.00455836,-0.136792,0.197236,0.00744889,0.00575826,0.0177239,0.0271006,0.0335133,0.00156913],[-0.0944306,-0.0898039,-0.0987617,-0.184785,0.563921,0.619554,1.07741,-0.081816,0.129804,0.172561,0.911557,0.0297014,0.027011,-0.297821,0.207987,-0.0787238,0.0327264],[-0.059499,0.209479,-0.3509,-0.286793,0.00698634,0.854265,-0.0254728,0.724169,-0.103111,0.665565,2.09449,-0.01434,-0.0457831,0.344395,0.144189,0.0573724,0.014906],[0.0517379,0.181311,-0.447563,0.128123,0.436659,0.536678,-0.0573587,-0.0851573,1.11608,0.245822,-0.154219,0.00973094,0.0310723,0.186951,-0.0441928,-0.0848935,0.0228264],[-0.0238712,0.131996,0.171539,0.00983022,0.00730907,0.316007,-0.078578,-0.0278414,-0.0454903,1.20677,0.11981,0.00689508,0.00573714,0.00975168,0.0789992,-0.0232501,0.0100813],[-0.0120231,-0.0154681,0.0212027,0.0118,-0.0819718,-0.072505,0.0130748,0.00171589,0.00154798,-0.0635386,1.00275,-0.00211347,0.00104428,-0.0643351,-0.0130788,0.000922658,3.34408e-05],[0.300763,0.529711,2.7808,-0.432445,-1.88929,0.275895,-0.115202,0.21587,-0.0140185,2.23011,-0.582615,1.03552,-0.0995612,2.03203,0.449939,-0.491132,0.196422],[-0.51684,0.200329,-3.74038,-0.34089,0.863115,0.0494689,0.153457,0.313184,0.0846686,-0.715224,-2.99524,-0.014277,1.09671,-2.25957,-0.592605,0.186344,-0.0511128],[-0.0113566,0.0335682,0.267915,-0.00976883,-0.133755,0.0260029,0.00376293,0.00584603,0.0151766,-0.01263,0.189789,0.0158936,0.00911263,1.14909,0.0657532,0.0132995,0.00910373],[0.258647,0.0436764,-0.30425,0.050288,0.810624,0.00563769,0.00914672,-0.149245,0.0261276,-0.131314,-0.126814,-0.0225264,-0.00701261,-0.252407,0.325547,0.115766,0.0153803],[0.0617892,-0.0407606,-0.265083,0.0602125,0.365719,-0.063772,0.0486231,-0.186569,0.0186831,-0.0800076,-0.429347,0.00224053,0.0146675,-0.304157,0.0854149,0.323231,0.0110693],[0.088394,-0.660064,2.38662,0.596077,-0.385801,-0.169437,-0.217328,-0.00346634,0.222693,0.11715,-2.01375,-0.224312,-0.117421,-0.679385,-0.4467,-0.638938,1.02716],[0.206014,-0.0165226,0.193489,0.0440243,0.316566,-0.131098,0.0471267,0.0867526,-0.0250377,-0.229105,0.328944,0.0155652,0.018258,0.00498984,0.0765266,0.17636,-0.00163962],[-0.105436,0.152162,-0.585627,-0.124374,-0.10462,0.122479,-0.00968385,0.0215738,0.0143215,0.231496,0.103837,0.0158778,0.000588974,-0.196075,-0.0683663,0.0990181,-0.00943805],[0.0199929,0.00841236,0.351314,0.0151448,-0.0675702,0.064492,0.00583232,0.0136312,-0.01437,0.0136765,0.069431,-0.00123069,-0.000709497,0.0223849,0.016409,0.0378788,0.00107147],[0.0539833,-0.190274,0.145826,0.239825,0.536238,-0.147186,0.0168104,-0.0255967,-0.0629558,-0.202423,0.513436,0.00778336,0.00409036,0.155989,0.0168633,0.0247532,0.014797],[0.034702,-0.0520766,-0.080881,0.00452651,0.248158,-0.00512283,0.010119,-0.00357851,0.0155671,-0.020074,-0.147271,-0.00109581,0.00148529,0.0213704,0.0160134,-0.0231909,0.00297669],[-0.0344705,0.00381028,-0.0149934,0.0172573,0.0920583,0.247989,0.00436034,-0.00240249,0.0120616,0.101418,-0.0871894,-0.00320534,-0.00399566,-0.00470504,-0.0149773,-0.0178216,0.000223742],[0.0549096,-0.138088,-0.462117,0.274507,-0.13017,-0.800316,0.00969531,0.0964422,-0.0732865,-0.633854,-1.2386,-0.00774582,0.00446994,-0.173551,-0.182497,0.120084,-0.0240711],[0.304687,0.146962,1.05631,-0.0156706,0.586503,0.37868,-0.0261778,-0.0890173,0.0698701,-0.00342347,-0.646143,-0.000979799,-0.00717134,0.362662,0.0230111,-0.101777,0.0156781],[0.265265,-0.0808204,0.537851,-0.0563831,0.168651,-0.464925,0.043938,-0.00940555,-0.087286,-0.331987,-0.501104,-0.00417424,-0.0222056,-0.227795,0.110827,-0.0255352,-0.0170839],[0.0106441,-0.0445116,-0.272555,-0.0328469,0.128055,-0.0950102,0.0512359,0.0182708,0.0334359,-0.108195,0.0297633,-0.00104387,-0.00579417,0.038632,-0.0609637,0.00696028,-0.00494672],[0.00151597,0.00491611,-0.0134121,0.000558101,0.0483297,0.0486676,-0.0107609,-0.00283329,0.00428317,0.0171457,-0.0364133,0.00131259,0.000743381,0.0164064,0.00586858,-0.00904295,-0.00168676],[-0.0357904,-0.0753781,-1.39933,0.380987,2.28352,1.08283,-0.0082331,-0.352179,0.039188,-0.88653,-2.37164,-0.0754791,0.0471527,-1.6359,-0.111796,0.273482,-0.131744],[0.623078,0.0634727,4.22898,0.394531,-0.190137,0.789293,-0.074901,-0.271768,-0.125643,-0.448149,1.78901,-0.0461644,-0.119446,1.93099,0.471015,-0.118842,0.096662],[0.0291786,-0.0480252,-0.255003,0.0306813,0.12567,-0.098725,-0.00231583,-0.0101004,-0.00361388,0.0107274,-0.199403,-0.0157266,-0.00278136,-0.168865,-0.0540268,-0.0211348,-0.00976018],[0.0734485,0.0679111,-0.0046699,-0.0546954,-0.036867,-0.0413617,-0.022209,0.0702164,0.00188473,0.181583,0.156945,-0.000447127,0.0189924,-0.221648,0.0655894,0.0629997,0.00683885],[0.2669,0.0087383,0.587555,-0.0396578,0.150642,-0.195372,0.0753854,0.0354767,0.0334527,-0.0355167,-0.29192,0.0225774,0.0247779,-0.183038,-0.0861996,0.338473,0.0216533],[0.247272,-0.164591,-2.53056,-0.292966,-0.773942,-3.61208,0.637066,0.143825,0.211464,-1.53351,1.35152,0.175316,0.143886,0.599053,0.0924839,0.971752,0.0339323],[0.106745,-0.0601835,-0.13074,0.0230738,0.122777,-0.255062,-0.00228071,-0.0197489,-0.00428238,-0.218774,-0.20536,-0.0138447,-0.00344373,-0.206348,-0.0174067,-0.0284332,-0.00896108],[-0.0449084,-0.134417,-0.280768,0.0619951,-0.225778,-0.607422,-0.00547262,0.0160447,-0.0306282,-0.290365,-1.28314,-0.00798889,0.0170697,-0.476293,-0.0693148,-0.140366,-0.011998],[-0.00378399,-0.0119901,-0.011287,-0.00295293,-0.0545547,-0.0723426,-0.000258779,-0.00198794,-0.0127375,-0.0408284,0.154557,0.00161892,6.16395e-05,0.0164438,-0.00589386,-0.00143404,0.00204939],[0.0685843,-0.0195318,0.0104156,0.216376,-0.0532866,-0.212336,-0.0174842,-0.00870107,0.0160092,-0.0715148,-1.42452,-0.0210487,0.00627936,-0.373337,-0.0822806,-0.0339414,-0.0152284],[0.0125709,0.0208968,-0.033007,0.0139115,0.0974742,0.0619442,-0.0158346,-0.00681821,0.00114704,0.0496787,-0.083513,-0.00481561,-0.0056324,0.0355908,0.0257946,-0.010831,-0.000882615],[-0.0431502,0.00583919,-0.0401453,-0.0162571,-0.0422595,0.0266571,-0.00996144,0.00606623,-0.0075073,0.0352966,-0.110069,-0.0042373,-0.00175779,-0.0128508,-0.0121402,-0.0156688,-0.00178571],[0.0382211,0.22734,0.55914,-0.0902301,-0.436329,0.179626,-0.0871705,-0.0145521,-0.0566899,0.462628,0.323771,-0.0219201,-0.0314341,0.472529,-0.0264232,-0.0411501,-0.00864227],[-0.363003,-0.189346,-0.772646,-0.111673,-0.277518,-0.38631,0.0209039,0.24428,0.00512097,-0.158306,-0.934897,-0.00142961,0.0101398,-0.132837,-0.137105,0.0132575,-0.0119089],[-0.305608,-0.129637,-0.481324,-0.0726103,-0.391298,-0.155908,0.0332107,0.0908962,-0.0442874,0.0236098,0.708443,-0.00547682,-0.00583924,0.0267768,-0.0530794,0.0827482,-0.00440284],[0.0134258,-0.0871019,0.101369,0.0231944,-0.135188,-0.220513,0.0273573,0.00954483,0.0120562,-0.099363,-0.14828,-0.00584352,4.81232e-05,-0.047976,-0.0177604,0.0162829,-0.00512762],[0.00954861,0.00880819,-0.0103038,-0.012718,0.0312455,0.0189982,-0.001569,0.00140282,-0.00551573,0.0410247,0.0243214,0.000834126,-0.00149903,0.0472818,0.00595751,0.00821633,0.00177014],[-0.296178,-0.361959,-1.27488,0.0513066,-0.522699,-1.18502,0.10199,0.150669,-0.0476964,-1.20796,2.88324,0.0175621,0.0261317,-0.22329,-0.276782,0.154812,-0.0652637],[-0.105119,-0.257954,-0.502618,-0.0710514,-0.61494,-0.775832,-0.0851023,-0.0351172,0.0341215,1.21746,1.25184,0.0536412,0.00835058,0.335224,0.135346,-0.101563,-0.0512856],[-0.0186202,0.0142832,-0.0143205,-0.020955,0.0062078,0.0715343,-0.00135009,0.00424976,-0.0116247,0.0021981,0.00745425,-0.000163311,-0.00624881,0.0200233,-0.0122483,0.00833192,0.000653311],[-0.0108293,-0.144087,0.304217,0.00405566,-0.132658,-0.182328,0.0130818,0.00746733,0.0164341,-0.0878217,-0.150629,0.000749326,0.0182153,-0.291989,0.00346734,0.0134176,0.00460197],[-0.162361,0.0390516,-0.480652,-0.00516118,-0.107307,0.0836317,-0.00337208,0.0311929,-0.024493,-0.0834452,0.412111,0.0132838,-0.00108921,0.182896,0.0305043,-0.00565204,0.0151828],[-0.373998,0.767676,0.0911605,-0.341238,1.13206,3.65433,-0.369365,-0.163437,-0.426747,1.2865,0.367194,0.0289763,-0.0351224,0.108726,0.281264,-0.355131,-0.0962097]],"sigmahat":[[3.62281,0.0794191,1.01071,0.512684,5.87725,-2.51645,0.0591619,-0.304073,0.187482,-0.097168,2.01953,-0.0161208,0.076603,-1.35681,0.394585,0.148645,0.0272853],[0.0794191,2.37969,0.765388,-0.556564,1.27975,4.92241,-0.370469,-0.0485419,-0.191334,2.83465,3.75992,-0.00209968,-0.143656,1.87914,0.83721,0.167244,0.0107086],[1.01071,0.765388,45.9035,-0.407688,-9.47801,12.2199,-0.245032,-0.327555,0.13161,2.95291,-0.681631,-0.00685678,-0.0444697,0.148907,2.07935,0.130877,0.266799],[0.512684,-0.556564,-0.407688,1.87655,0.235724,-1.86399,0.0215024,-0.0435655,-0.0625676,-0.906144,-2.00929,-0.0588273,0.0769345,-1.38936,-0.0180969,-0.0161504,-0.0138597],[5.87725,1.27975,-9.47801,0.235724,27.7289,7.06625,-0.358279,-0.885969,0.33317,4.38517,7.64539,0.0655481,0.0212038,-0.776815,1.58996,0.0825121,-0.0639224],[-2.51645,4.92241,12.2199,-1.86399,7.06625,29.868,-1.14148,-0.24655,-0.424817,11.3483,12.6667,0.149363,-0.449727,7.06767,2.80492,0.404924,0.0418414],[0.0591619,-0.370469,-0.245032,0.0215024,-0.358279,-1.14148,0.458034,0.182484,0.138258,-1.1628,1.29908,0.0340515,0.0555259,-0.216467,-0.233647,0.55554,0.00975928],[-0.304073,-0.0485419,-0.327555,-0.0435655,-0.885969,-0.24655,0.182484,0.59944,-0.0324675,-0.112348,1.21089,0.0163134,0.0168705,0.142087,-0.0996085,0.545078,-0.00740227],[0.187482,-0.191334,0.13161,-0.0625676,0.33317,-0.424817,0.138258,-0.0324675,0.267701,-0.328923,-0.850926,0.00946109,0.0251582,-0.330539,-0.0779384,0.0713946,-0.00800536],[-0.097168,2.83465,2.95291,-0.906144,4.38517,11.3483,-1.1628,-0.112348,-0.328923,14.519,9.91957,-0.00356573,-0.36167,4.57407,1.33337,0.293841,0.0607673],[2.01953,3.75992,-0.681631,-2.00929,7.64539,12.6667,1.29908,1.21089,-0.850926,9.91957,122.759,1.07477,-0.276803,22.9102,3.95471,8.46133,0.776442],[-0.0161208,-0.00209968,-0.00685678,-0.0588273,0.0655481,0.149363,0.0340515,0.0163134,0.00946109,-0.00356573,1.07477,0.0686384,0.0357011,0.392642,0.0670421,0.145867,0.0158385],[0.076603,-0.143656,-0.0444697,0.0769345,0.0212038,-0.449727,0.0555259,0.0168705,0.0251582,-0.36167,-0.276803,0.0357011,0.0718442,-0.538292,-0.0363361,0.0670496,0.00344426],[-1.35681,1.87914,0.148907,-1.38936,-0.776815,7.06767,-0.216467,0.142087,-0.330539,4.57407,22.9102,0.392642,-0.538292,21.5467,2.13646,1.46828,0.235849],[0.394585,0.83721,2.07935,-0.0180969,1.58996,2.80492,-0.233647,-0.0996085,-0.0779384,1.33337,3.95471,0.0670421,-0.0363361,2.13646,2.14355,-0.0286594,0.0674477],[0.148645,0.167244,0.130877,-0.0161504,0.0825121,0.404924,0.55554,0.545078,0.0713946,0.293841,8.46133,0.145867,0.0670496,1.46828,-0.0286594,2.44692,0.0344714],[0.0272853,0.0107086,0.266799,-0.0138597,-0.0639224,0.0418414,0.00975928,-0.00740227,-0.00800536,0.0607673,0.776442,0.0158385,0.00344426,0.235849,0.0674477,0.0344714,0.0414152]],"n":17,"lags":3}