{"betahat":[[4.21388,1.1886,12.4134,4.13127,3.66507,1.88321,-0.032951,0.818968,0.0598477,1.45443,5.7173,0.0687706,-0.0156475,-4.45252,2.80375,0.9918,-0.421898],[0.681596,0.0669233,-0.0986154,-0.0700355,-0.440089,0.37567,-0.0434288,-0.0690005,0.0313863,0.43974,-0.0881556,-0.0011338,-0.0142745,0.197451,-0.0583963,-0.148218,0.00905932],[0.146372,0.987763,0.844019,0.0576221,0.34799,0.490048,0.0146557,-0.0412384,0.012927,0.0592222,1.22299,-0.00818126,-0.0188879,0.677791,0.143368,0.0449397,0.0201676],[-0.0154262,0.00133189,0.652219,-0.0124442,0.119666,-0.00411332,-0.00434126,-0.0115713,0.0264289,0.0220057,-0.224377,-0.000552912,0.000829456,-0.0381624,-0.00949586,-0.036448,-0.00287777],[-0.136751,0.214855,-0.169713,0.535028,-0.4851,0.368826,0.000735516,0.0345296,0.043054,0.2797,0.813208,0.0139648,-0.00987856,0.225924,0.0620471,0.0116317,-0.000806687],[-0.046704,0.033501,0.135543,-0.0163047,0.648606,-0.0483427,0.00394322,0.0112854,-0.0175513,-0.0179316,0.227767,0.00540988,0.00356238,-0.0456768,-0.0397912,0.035882,-0.00220636],[0.0789706,-0.00943462,0.0516184,0.000137238,-0.0461125,0.728805,0.00436551,-0.00416382,-0.00450121,-0.14037,0.191081,0.00725983,0.00584266,0.0147069,0.0269614,0.0317719,0.00126736],[-0.0772434,-0.0795458,0.111071,-0.162677,0.47131,0.63904,1.05136,-0.0796838,0.134151,0.199304,0.966732,0.0265897,0.0228319,-0.300142,0.171972,-0.0326891,0.0264442],[-0.0729982,0.195879,-0.411673,-0.308271,0.0694978,0.851455,-0.0319173,0.707549,-0.105591,0.724601,1.99743,-0.0177446,-0.0474443,0.364726,0.131042,0.0263731,0.0118712],[0.0326391,0.192442,-0.559478,0.107849,0.547161,0.613581,-0.0477682,-0.0791201,1.1042,0.257736,-0.190993,0.007927,0.0281983,0.188672,0.00416354,-0.0914496,0.0234641],[-0.0256554,0.126081,0.17388,0.0089302,0.00370344,0.312669,-0.0754156,-0.0273723,-0.044042,1.19614,0.0842442,0.0065968,0.00591948,0.0044396,0.0741627,-0.0220693,0.00953226],[-0.0128176,-0.0163912,0.0272318,0.0125863,-0.0845481,-0.0706243,0.0130298,0.00221981,0.00137175,-0.0639972,0.993944,-0.00224193,0.000955703,-0.0615384,-0.0126639,0.00190835,0.000106263],[0.190532,0.534004,2.7536,-0.454384,-2.03749,0.24406,-0.104456,0.226994,-0.0120525,2.06051,-1.10224,1.02425,-0.0937368,2.054,0.390939,-0.466268,0.178026],[-0.420768,0.212879,-3.48151,-0.331753,0.844594,0.220624,0.105449,0.295824,0.060345,-0.448869,-2.61727,-0.0255644,1.06687,-2.23851,-0.590202,0.159129,-0.0492531],[-0.00714087,0.035206,0.271471,-0.00836585,-0.138665,0.023693,0.00280252,0.00640724,0.0134976,0.00057472,0.204454,0.0158971,0.00841437,1.14904,0.0695366,0.0110645,0.00954475],[0.266656,0.0304322,-0.343135,0.0570244,0.836982,-0.0393904,0.012019,-0.148161,0.0317929,-0.147307,-0.171761,-0.0237458,-0.0048359,-0.288915,0.279076,0.129665,0.0153539],[0.0742012,-0.0201024,-0.337457,0.0510627,0.402378,-0.0582882,0.0582485,-0.187068,0.0194398,-0.0942519,-0.285682,0.00683433,0.0170263,-0.304718,0.103645,0.314843,0.016206],[0.0927543,-0.623894,2.68026,0.515179,-0.370766,-0.122681,-0.217019,-0.0200984,0.243113,0.0980634,-1.61182,-0.220879,-0.12443,-0.506544,-0.377332,-0.599585,1.01058],[0.208131,-0.0144792,0.201917,0.0439931,0.30919,-0.148528,0.0465318,0.0871333,-0.0259243,-0.232428,0.283871,0.0148063,0.017723,-0.00453012,0.0701124,0.178181,-0.00115827],[-0.111799,0.134637,-0.595997,-0.121083,-0.134838,0.082909,-0.00801054,0.0250028,0.0165262,0.199875,-0.032361,0.0154638,0.00205246,-0.232983,-0.0808108,0.0894664,-0.00996809],[0.0206794,0.0099273,0.337823,0.0143735,-0.0591993,0.0667051,0.00481165,0.0130274,-0.0140679,0.0162906,0.0829621,-0.000801428,-0.000809301,0.0255484,0.0163072,0.0368669,0.00109741],[0.0625305,-0.189529,0.196211,0.248815,0.529733,-0.139074,0.0140854,-0.0232333,-0.0601097,-0.189633,0.542461,0.00527937,0.00282075,0.146521,0.0164926,0.0252782,0.015019],[0.0345635,-0.0536625,-0.0851805,0.00313573,0.250099,-0.00500979,0.0103454,-0.00347447,0.0166292,-0.0259296,-0.148822,-0.000783685,0.00177017,0.0185953,0.0142945,-0.0234278,0.00290348],[-0.0381748,0.00454243,-0.00374906,0.0150102,0.0905166,0.257536,0.0043711,-0.00221178,0.0116835,0.111692,-0.0800836,-0.00331746,-0.00470433,0.00453347,-0.0134348,-0.016163,0.000314471],[0.027147,-0.149652,-0.524425,0.243424,-0.168329,-0.821334,0.0263406,0.0984593,-0.074855,-0.626072,-1.27286,-0.00452435,0.0076485,-0.130189,-0.165672,0.104819,-0.018399],[0.292999,0.143108,1.00971,-0.0169526,0.559029,0.377186,-0.0155414,-0.0734856,0.0665433,-0.0452972,-0.480615,-0.00160757,-0.00614002,0.328219,0.0223157,-0.0679428,0.0127213],[0.278059,-0.0984533,0.433539,-0.0362474,0.204771,-0.530181,0.03362,-0.0138919,-0.0858728,-0.323217,-0.466081,6.90632e-05,-0.0159932,-0.25731,0.092161,-0.0417144,-0.0150016],[0.0133105,-0.0404163,-0.25731,-0.0321662,0.128619,-0.0882412,0.0490592,0.0192751,0.0321214,-0.0986608,0.0519513,-0.000820599,-0.00605786,0.0468874,-0.0551983,0.00977245,-0.00468732],[0.000498297,0.00412445,-0.0176092,-0.000152832,0.044811,0.0434751,-0.0100321,-0.00237674,0.00418387,0.0147134,-0.0380222,0.00144069,0.0010651,0.0154413,0.00442974,-0.00906368,-0.00154132],[0.0354353,0.0229282,-1.15953,0.377089,2.34365,1.4543,-0.0462712,-0.352809,0.0325179,-0.594947,-1.76494,-0.0731879,0.0260697,-1.44452,-0.0409737,0.241302,-0.117102],[0.525073,0.0448676,4.0578,0.383417,-0.354389,0.569531,-0.0335426,-0.22697,-0.116769,-0.602105,1.45922,-0.0372028,-0.100738,1.81893,0.472651,-0.0548953,0.0925649],[0.0237922,-0.04566,-0.25857,0.0311316,0.119857,-0.0923541,-0.00337195,-0.0100997,-0.003906,0.0032998,-0.206724,-0.0156549,-0.00283836,-0.163217,-0.0521173,-0.0218728,-0.00980983],[0.0705701,0.0501713,-0.00211529,-0.0574174,-0.0545778,-0.074765,-0.0184288,0.067523,0.0021406,0.18526,0.112772,-0.000598873,0.0212843,-0.259702,0.0352729,0.063731,0.0082631],[0.279666,0.00450469,0.538418,-0.0252513,0.204206,-0.22117,0.0796814,0.0223812,0.0309923,-0.0534222,-0.323319,0.0223398,0.0260859,-0.212096,-0.0664232,0.300095,0.0245066],[0.256198,-0.193706,-2.61272,-0.235174,-0.740162,-3.55131,0.637323,0.151372,0.193866,-1.57743,1.11518,0.16719,0.149828,0.421086,-0.0144613,0.978321,0.0214101],[0.110092,-0.052446,-0.103624,0.0260006,0.130575,-0.227146,-0.0030979,-0.0181239,-0.00548463,-0.207311,-0.195672,-0.0136709,-0.00345167,-0.192659,-0.0117844,-0.0299638,-0.00789508],[-0.0347088,-0.122388,-0.248304,0.063437,-0.213457,-0.572985,-0.00661985,0.0162504,-0.0294661,-0.259172,-1.19036,-0.00727788,0.0168344,-0.444448,-0.0626058,-0.134366,-0.0101917],[-0.0053876,-0.0109984,0.00885727,-0.0019226,-0.0606461,-0.0625024,-0.000430238,-0.00146408,-0.0123614,-0.0383496,0.142204,0.00136663,-3.12152e-05,0.0135222,-0.00678203,-0.000341041,0.0017956],[0.0740687,-0.0252932,-0.0267493,0.216099,-0.0449164,-0.229679,-0.0148014,-0.0112567,0.017036,-0.0900535,-1.35546,-0.019239,0.00705738,-0.37216,-0.0786015,-0.0368605,-0.0142068],[0.0118618,0.0200117,-0.0507257,0.0130734,0.100582,0.0529737,-0.0143281,-0.00784168,0.000873163,0.0438515,-0.0794956,-0.0046324,-0.00533968,0.0271973,0.0253259,-0.0125947,-0.000691493],[-0.0408759,0.0049249,-0.0483439,-0.0151696,-0.0448097,0.0133004,-0.00872113,0.00635089,-0.00719005,0.0284765,-0.110799,-0.0039353,-0.00114214,-0.0186828,-0.0135488,-0.0156299,-0.00156662],[0.0477103,0.228339,0.410147,-0.0818292,-0.307243,0.181023,-0.0781178,-0.01854,-0.0597717,0.43153,0.299882,-0.0220474,-0.0305205,0.432944,-0.0082055,-0.0718709,-0.00803839],[-0.349199,-0.14395,-0.717464,-0.102718,-0.258526,-0.29082,0.0121488,0.223799,0.00321682,-0.105143,-0.909809,-0.0023527,0.00532213,-0.0706279,-0.107508,0.00114546,-0.0118718],[-0.289728,-0.143187,-0.529171,-0.0689872,-0.390269,-0.227556,0.0442911,0.0834885,-0.0430744,-0.0297226,0.751761,-0.00453353,-0.0039475,0.0214473,-0.0646259,0.0870936,-0.00295493],[0.0127228,-0.0848175,0.0834153,0.023565,-0.13215,-0.223683,0.0264837,0.00800965,0.0119812,-0.0996865,-0.133247,-0.00574986,0.000140068,-0.0500424,-0.0184631,0.0122757,-0.00482018],[0.0104521,0.00866521,-0.0128955,-0.0132074,0.0335251,0.0169393,-0.00136683,0.000828143,-0.00477351,0.0367882,0.0231317,0.000845416,-0.00147975,0.0445535,0.00543859,0.00703499,0.00168381],[-0.295973,-0.364238,-1.21128,0.0857898,-0.704784,-1.34213,0.0818498,0.157273,-0.0653328,-1.18437,2.84838,0.0175071,0.0239366,-0.189337,-0.189691,0.117499,-0.0482452],[-0.124573,-0.25815,-0.570488,-0.105084,-0.468837,-0.678846,-0.0843091,-0.0419918,0.0398867,1.14964,1.11324,0.0537626,0.00800994,0.404873,0.109084,-0.150943,-0.0505583],[-0.0182446,0.0104393,-0.0159468,-0.0229845,0.0156879,0.0675284,0.000663639,0.00371795,-0.00984671,-0.00269155,-0.000619587,-0.000313359,-0.00550644,0.0148387,-0.0181259,0.0116338,0.000220211],[-0.010283,-0.145372,0.285462,0.00535275,-0.125285,-0.177212,0.0106147,0.00616918,0.0160469,-0.0666149,-0.125726,0.00151836,0.0193581,-0.311992,-0.011638,0.0190987,0.00362156],[-0.165727,0.025794,-0.507189,0.00220766,-0.119281,0.0442716,-0.000146805,0.0363056,-0.025025,-0.0908092,0.362224,0.0136892,7.40808e-05,0.16136,0.0227107,-0.00836424,0.0161194],[-0.404721,0.723967,0.0397226,-0.344285,1.03392,3.50132,-0.340435,-0.184359,-0.402862,1.26959,-0.0244286,0.0255333,-0.0308057,0.0709903,0.226815,-0.36271,-0.0929951]],"sigmahat":[[3.60891,0.0807538,1.1766,0.515611,5.79691,-2.45815,0.0540143,-0.308865,0.187532,-0.00323013,2.04412,-0.0166851,0.0743931,-1.30581,0.412101,0.160986,0.0265328],[0.0807538,2.37789,0.763781,-0.557289,1.29737,4.91683,-0.364356,-0.0512792,-0.199439,2.83095,3.68709,0.000755002,-0.13856,1.92055,0.829059,0.182649,0.0138321],[1.1766,0.763781,45.4889,-0.361554,-8.83687,12.2026,-0.220007,-0.329917,0.0748841,2.97983,0.489529,0.0158376,-0.0121597,0.31377,2.16104,0.169544,0.289371],[0.515611,-0.557289,-0.361554,1.876,0.302227,-1.83472,0.0199589,-0.0498217,-0.0586533,-0.896932,-2.18372,-0.0640447,0.0716887,-1.42245,-0.0231658,-0.0274933,-0.0172232],[5.79691,1.29737,-8.83687,0.302227,27.2658,7.1946,-0.364842,-0.836836,0.340958,4.45585,7.25194,0.0715924,0.025215,-0.865044,1.58116,0.176838,-0.061207],[-2.45815,4.91683,12.2026,-1.83472,7.1946,29.8066,-1.10646,-0.203869,-0.440552,11.191,12.6129,0.169693,-0.417093,7.0435,2.75089,0.494704,0.0618548],[0.0540143,-0.364356,-0.220007,0.0199589,-0.364842,-1.10646,0.451006,0.185415,0.138199,-1.144,1.35613,0.0336383,0.0519566,-0.198422,-0.235442,0.559738,0.00857883],[-0.308865,-0.0512792,-0.329917,-0.0498217,-0.836836,-0.203869,0.185415,0.596915,-0.0325137,-0.127422,1.1615,0.0148013,0.0162868,0.119476,-0.116447,0.539035,-0.0102915],[0.187532,-0.199439,0.0748841,-0.0586533,0.340958,-0.440552,0.138199,-0.0325137,0.268601,-0.319051,-0.832417,0.00995463,0.0245346,-0.315189,-0.070798,0.0599784,-0.00651708],[-0.00323013,2.83095,2.97983,-0.896932,4.45585,11.191,-1.144,-0.127422,-0.319051,14.3684,9.34464,-0.0055664,-0.344436,4.4584,1.34038,0.278462,0.0672698],[2.04412,3.68709,0.489529,-2.18372,7.25194,12.6129,1.35613,1.1615,-0.832417,9.34464,122.209,1.06981,-0.270735,23.0069,3.88705,8.5441,0.776444],[-0.0166851,0.000755002,0.0158376,-0.0640447,0.0715924,0.169693,0.0336383,0.0148013,0.00995463,-0.0055664,1.06981,0.067868,0.0344103,0.411084,0.0653741,0.145038,0.0150515],[0.0743931,-0.13856,-0.0121597,0.0716887,0.025215,-0.417093,0.0519566,0.0162868,0.0245346,-0.344436,-0.270735,0.0344103,0.0692112,-0.532393,-0.0326149,0.0624652,0.00226407],[-1.30581,1.92055,0.31377,-1.42245,-0.865044,7.0435,-0.198422,0.119476,-0.315189,4.4584,23.0069,0.411084,-0.532393,21.9362,2.11644,1.49116,0.24971],[0.412101,0.829059,2.16104,-0.0231658,1.58116,2.75089,-0.235442,-0.116447,-0.070798,1.34038,3.88705,0.0653741,-0.0326149,2.11644,2.10199,-0.00734453,0.0712387],[0.160986,0.182649,0.169544,-0.0274933,0.176838,0.494704,0.559738,0.539035,0.0599784,0.278462,8.5441,0.145038,0.0624652,1.49116,-0.00734453,2.41945,0.0351548],[0.0265328,0.0138321,0.289371,-0.0172232,-0.061207,0.0618548,0.00857883,-0.0102915,-0.00651708,0.0672698,0.776444,0.0150515,0.00226407,0.24971,0.0712387,0.0351548,0.0400312]],"n":17,"lags":3}