{"betahat":[[3.04498,1.04855,9.87067,3.74115,0.578153,0.868018,0.249338,0.884585,-0.0654985,0.145912,1.63781,0.0694124,-0.0159145,-2.81965,1.96706,0.941303,-0.391364],[0.693974,0.0749382,-0.0935703,-0.0633994,-0.415301,0.38159,-0.0455181,-0.0681446,0.0301632,0.440386,-0.0905223,-0.000801732,-0.014568,0.211416,-0.0569719,-0.144919,0.0104181],[0.144404,0.989552,0.879195,0.0514214,0.334016,0.517077,0.0168382,-0.0346937,0.0161697,0.068866,1.21975,-0.00855724,-0.0187639,0.679916,0.135517,0.0467248,0.0209963],[-0.0157308,0.00154384,0.655842,-0.0120041,0.12505,0.00385166,-0.00408792,-0.0112573,0.0272491,0.0243817,-0.231703,-0.000684455,0.000882407,-0.0440089,-0.0095348,-0.03589,-0.00309792],[-0.134155,0.215304,-0.133946,0.530716,-0.49871,0.376794,0.000261902,0.0355191,0.0458063,0.279545,0.851411,0.0136055,-0.0105853,0.232077,0.0696638,0.0154321,0.000915437],[-0.0542468,0.0323008,0.129828,-0.0196782,0.639907,-0.0411147,0.00568705,0.0112382,-0.0174882,-0.0194959,0.23636,0.00573269,0.00390824,-0.0513307,-0.0413504,0.0356995,-0.00216045],[0.0845987,-0.0100565,0.0595391,-0.000248956,-0.0440576,0.715802,0.00455516,-0.0046571,-0.00380547,-0.143474,0.198831,0.00717625,0.00596764,0.00925137,0.0265544,0.0312491,0.00155008],[-0.0886101,-0.0929802,-0.0494982,-0.17893,0.583866,0.691939,1.07653,-0.0766778,0.132758,0.177771,0.984564,0.0337745,0.0278961,-0.269229,0.190269,-0.0225787,0.0291707],[-0.0681564,0.21338,-0.389843,-0.306682,0.00960885,0.886525,-0.0315649,0.710556,-0.105134,0.736827,2.13506,-0.0149512,-0.0475182,0.389007,0.132754,0.0458573,0.0164356],[0.0402215,0.191348,-0.504583,0.125312,0.499182,0.603313,-0.0603251,-0.0856048,1.10979,0.284603,-0.0586918,0.00507764,0.0269526,0.196396,-0.0334938,-0.094568,0.0246529],[-0.02877,0.131173,0.147022,0.00976722,0.0156222,0.327916,-0.0777107,-0.0276163,-0.0454041,1.20273,0.114804,0.00725818,0.00562022,0.0171729,0.0779266,-0.0190911,0.00966596],[-0.0111497,-0.0155068,0.0288029,0.0123237,-0.082055,-0.0718959,0.0130997,0.00246108,0.00148267,-0.0643323,0.99768,-0.00231977,0.000907802,-0.0623909,-0.0128122,0.00166048,0.000179733],[0.247733,0.532472,2.75794,-0.440128,-1.97537,0.260302,-0.104402,0.22809,0.0118055,2.21374,-1.01683,1.02917,-0.0978115,2.00621,0.384634,-0.43865,0.186478],[-0.504559,0.242063,-3.55399,-0.341593,0.762416,0.157163,0.13846,0.32188,0.0750448,-0.626517,-2.90248,-0.0130781,1.08609,-2.17754,-0.556884,0.154139,-0.0509094],[-0.011104,0.0319386,0.263447,-0.00795404,-0.137077,0.0222748,0.00394276,0.00650787,0.0141989,-0.0129124,0.192619,0.0162159,0.00882312,1.15515,0.0686712,0.0115396,0.00959811],[0.261648,0.0324692,-0.351528,0.0551151,0.831276,-0.0386345,0.00984978,-0.150061,0.0261876,-0.139169,-0.206777,-0.0221536,-0.00520039,-0.282627,0.301153,0.1208,0.0133697],[0.0582094,-0.0340348,-0.250931,0.0531494,0.368409,-0.0319618,0.0516371,-0.186738,0.0170643,-0.074559,-0.345716,0.00497845,0.0160292,-0.311305,0.100193,0.310096,0.0134941],[0.13662,-0.62511,2.52111,0.493179,-0.281539,-0.182649,-0.232556,-0.0157307,0.241608,0.186531,-1.63761,-0.221403,-0.122636,-0.588832,-0.397374,-0.607157,1.02092],[0.202164,-0.0192019,0.209292,0.0425042,0.302669,-0.137821,0.0471139,0.0867706,-0.0262933,-0.2195,0.305889,0.0151578,0.0180588,-0.00500063,0.0724264,0.173804,-0.00128359],[-0.109207,0.145834,-0.569483,-0.119499,-0.125157,0.11838,-0.0131115,0.0174439,0.014158,0.235707,0.0956409,0.0172303,0.00165516,-0.196241,-0.0685961,0.0998073,-0.00845454],[0.0193111,0.0105717,0.350685,0.0140493,-0.0686436,0.0677205,0.00553123,0.0137021,-0.0145446,0.0142839,0.0795471,-0.000761551,-0.000735534,0.0277852,0.016454,0.0381574,0.00116397],[0.0554842,-0.192866,0.165946,0.246095,0.545669,-0.129662,0.0185016,-0.0242087,-0.0638735,-0.19818,0.570116,0.00785025,0.00413688,0.165035,0.0145647,0.0269623,0.0148656],[0.0371494,-0.053177,-0.0896453,0.00391996,0.253498,-0.0146014,0.0104321,-0.00350875,0.0162675,-0.028421,-0.158012,-0.000801577,0.00185474,0.0205315,0.0146196,-0.0227808,0.00287309],[-0.0423472,0.00099521,-0.021726,0.0170671,0.0845032,0.251334,0.00529426,-0.0020228,0.0117568,0.10644,-0.0978259,-0.00341148,-0.00446862,-0.00030887,-0.016189,-0.0178086,6.56335e-05],[0.0390023,-0.133327,-0.453997,0.254583,-0.18537,-0.847994,0.00929927,0.094282,-0.0750729,-0.623833,-1.29219,-0.0102381,0.00365459,-0.175985,-0.18198,0.0874777,-0.0209907],[0.298894,0.142156,1.02072,-0.00866896,0.611785,0.370118,-0.0195716,-0.0806761,0.0694703,-0.0488103,-0.588186,-0.000145654,-0.00597985,0.361599,0.0347988,-0.0855599,0.0137857],[0.280341,-0.0935525,0.546568,-0.0467199,0.163458,-0.533324,0.0454429,-0.00749666,-0.0882749,-0.349789,-0.609076,-0.000933397,-0.0188003,-0.229654,0.113203,-0.027922,-0.0165329],[0.0154065,-0.0428687,-0.241421,-0.0328449,0.123017,-0.0943027,0.051253,0.0179696,0.032761,-0.10284,0.0422486,-0.00111866,-0.0060001,0.0448908,-0.0593945,0.00552444,-0.00425089],[-0.000108589,0.00484905,-0.0184248,0.00135884,0.0486418,0.0496817,-0.0106562,-0.00330098,0.00411744,0.0157149,-0.0330571,0.00158289,0.00106068,0.01616,0.00620699,-0.00965842,-0.00162277],[0.0215534,-0.0210181,-1.12073,0.408066,2.32897,1.24905,-0.0233545,-0.356793,0.0120196,-0.773997,-1.8575,-0.0716224,0.0426946,-1.46683,-0.0204255,0.238625,-0.124444],[0.594262,-0.000795174,4.09325,0.41558,-0.112645,0.675353,-0.0546016,-0.251721,-0.122459,-0.562633,1.69391,-0.038335,-0.105492,1.79563,0.460454,-0.0499202,0.0999805],[0.0270678,-0.0444767,-0.246799,0.0293601,0.123037,-0.0894358,-0.00429375,-0.0105239,-0.00414446,0.013689,-0.193044,-0.0160388,-0.00285351,-0.170126,-0.0531894,-0.0218363,-0.00995131],[0.0796969,0.0639559,-0.0105175,-0.0584209,-0.0553099,-0.063682,-0.0200356,0.0702763,0.00387778,0.177249,0.159167,-0.000813741,0.0191311,-0.226565,0.0504339,0.0654273,0.00612136],[0.2789,-0.000400473,0.556683,-0.0329911,0.152135,-0.240294,0.0787925,0.0254367,0.034336,-0.055848,-0.314053,0.0212713,0.0255417,-0.213215,-0.0755056,0.319554,0.0240291],[0.176203,-0.216384,-2.67888,-0.214008,-0.89558,-3.63074,0.661855,0.155971,0.200867,-1.60492,1.0072,0.172751,0.150771,0.498752,0.00274814,0.991384,0.0291539],[0.103748,-0.0557455,-0.11592,0.0208692,0.112466,-0.243798,-0.00160204,-0.018622,-0.00388395,-0.220822,-0.215162,-0.0143587,-0.00349313,-0.206293,-0.0154942,-0.0288776,-0.00912971],[-0.0352809,-0.135388,-0.309883,0.0680651,-0.209016,-0.635515,-0.00371877,0.0172577,-0.0303344,-0.304565,-1.31503,-0.00867369,0.0171079,-0.483484,-0.0669499,-0.146496,-0.0125358],[-0.00366725,-0.0119632,-0.00733046,-0.00203296,-0.0564886,-0.0716282,-0.00142368,-0.00245282,-0.0127011,-0.0386754,0.152749,0.00145249,-0.000150939,0.0167702,-0.006909,-0.00221789,0.00194491],[0.0785781,-0.0224188,-0.0321295,0.223152,-0.0470915,-0.247098,-0.0187611,-0.0112854,0.0180554,-0.0812802,-1.42116,-0.0214568,0.00644696,-0.396971,-0.0842602,-0.042348,-0.0157765],[0.0169165,0.0207564,-0.0404083,0.0156922,0.106161,0.0554172,-0.0161558,-0.0077523,0.0011882,0.0479812,-0.0785741,-0.0049386,-0.00576605,0.0307997,0.0266178,-0.0130066,-0.000707646],[-0.0422967,0.00906405,-0.0381528,-0.0168278,-0.0406788,0.0325334,-0.00984764,0.00665964,-0.00795417,0.0369386,-0.100775,-0.00376262,-0.00149958,-0.00862815,-0.0103828,-0.0134534,-0.00160476],[0.047721,0.225703,0.500915,-0.0766092,-0.401939,0.155003,-0.0861577,-0.0174085,-0.0580893,0.449304,0.303922,-0.0235002,-0.0315673,0.447436,-0.00960083,-0.0647174,-0.00817706],[-0.362401,-0.17848,-0.730346,-0.101233,-0.289331,-0.35821,0.0174465,0.240564,0.00400536,-0.130587,-0.999432,-0.00299146,0.00905158,-0.136591,-0.131975,0.00504483,-0.0132973],[-0.306797,-0.136733,-0.534609,-0.0798869,-0.398816,-0.179299,0.0391848,0.0878953,-0.04262,-0.0108614,0.76395,-0.0037145,-0.00372514,0.0048247,-0.0585118,0.0861619,-0.00437953],[0.0135591,-0.0876447,0.0940239,0.0233287,-0.13819,-0.232771,0.0264971,0.00958261,0.0126698,-0.101422,-0.154142,-0.00612715,0.000356624,-0.060888,-0.0181127,0.0135744,-0.00540862],[0.0101156,0.00816591,-0.0126242,-0.014216,0.0294895,0.0148323,-0.00131817,0.00135741,-0.00501676,0.0397732,0.0206432,0.000748603,-0.0015868,0.0449992,0.00467858,0.00791516,0.00162886],[-0.330418,-0.366964,-1.40624,0.0379035,-0.636957,-1.23676,0.0840087,0.156079,-0.0601062,-1.20839,2.80811,0.0154155,0.0215694,-0.250876,-0.25034,0.108059,-0.0563893],[-0.0844523,-0.247957,-0.531963,-0.109915,-0.571795,-0.768184,-0.0942443,-0.0553619,0.0401629,1.25435,1.13774,0.0444592,0.000581549,0.378337,0.104916,-0.152518,-0.0540836],[-0.0170844,0.0124844,-0.0189762,-0.0214462,0.0119884,0.066165,0.000438499,0.00398373,-0.0102029,-7.81771e-05,-0.00226263,-0.000229137,-0.00591318,0.0155393,-0.0160004,0.0108389,0.000327701],[-0.0112743,-0.147065,0.300763,0.00328833,-0.1361,-0.179552,0.0122616,0.00639444,0.0147512,-0.0867351,-0.126231,0.00157313,0.019145,-0.313827,0.00209728,0.0118054,0.00434508],[-0.162737,0.0325085,-0.530558,-0.0018151,-0.102711,0.0513485,-0.00235311,0.034044,-0.0267326,-0.0975591,0.363619,0.012966,-0.00109063,0.182521,0.0271592,-0.00651316,0.0145458],[-0.357651,0.777735,0.160341,-0.327108,1.13833,3.6638,-0.36803,-0.180199,-0.420732,1.25331,0.209401,0.0261006,-0.0341765,0.101019,0.27678,-0.382383,-0.0982181]],"sigmahat":[[3.56711,0.0823295,1.11615,0.511999,5.66879,-2.47221,0.0497101,-0.288048,0.181859,-0.0347201,2.02182,-0.0133131,0.0768433,-1.30535,0.403535,0.161393,0.0273587],[0.0823295,2.35149,0.819768,-0.547517,1.31203,4.90383,-0.365461,-0.0511339,-0.195851,2.77954,3.7113,0.000227325,-0.140626,1.87871,0.828592,0.176852,0.0145417],[1.11615,0.819768,46.0965,-0.418369,-9.21916,12.4149,-0.261883,-0.294336,0.111686,3.24968,0.0853398,-0.00349156,-0.038487,0.254402,2.22442,0.134938,0.279557],[0.511999,-0.547517,-0.418369,1.86329,0.26458,-1.84398,0.0185331,-0.042714,-0.0599708,-0.878136,-1.95005,-0.0597323,0.0739275,-1.36515,-0.0166983,-0.0254069,-0.0153363],[5.66879,1.31203,-9.21916,0.26458,27.0662,7.17425,-0.367281,-0.820744,0.323752,4.36246,7.26751,0.0815975,0.0340065,-0.871542,1.5288,0.173687,-0.0669081],[-2.47221,4.90383,12.4149,-1.84398,7.17425,29.7842,-1.12009,-0.207442,-0.419592,11.2753,12.7284,0.161897,-0.430987,6.8506,2.76759,0.502478,0.0547954],[0.0497101,-0.365461,-0.261883,0.0185331,-0.367281,-1.12009,0.450229,0.17945,0.13729,-1.14714,1.30796,0.0337919,0.0534833,-0.194786,-0.226873,0.547262,0.00868899],[-0.288048,-0.0511339,-0.294336,-0.042714,-0.820744,-0.207442,0.17945,0.593658,-0.0329143,-0.115633,1.14792,0.0144351,0.01627,0.114971,-0.106088,0.530126,-0.0101339],[0.181859,-0.195851,0.111686,-0.0599708,0.323752,-0.419592,0.13729,-0.0329143,0.266497,-0.322236,-0.852825,0.0116368,0.0266641,-0.324004,-0.075557,0.0713983,-0.00767837],[-0.0347201,2.77954,3.24968,-0.878136,4.36246,11.2753,-1.14714,-0.115633,-0.322236,14.3079,9.64967,0.00107953,-0.347175,4.42807,1.33276,0.314457,0.0672574],[2.02182,3.7113,0.0853398,-1.95005,7.26751,12.7284,1.30796,1.14792,-0.852825,9.64967,121.787,1.04275,-0.280893,22.5976,3.9386,8.4184,0.772959],[-0.0133131,0.000227325,-0.00349156,-0.0597323,0.0815975,0.161897,0.0337919,0.0144351,0.0116368,0.00107953,1.04275,0.0683937,0.0354615,0.391702,0.0668265,0.144564,0.015067],[0.0768433,-0.140626,-0.038487,0.0739275,0.0340065,-0.430987,0.0534833,0.01627,0.0266641,-0.347175,-0.280893,0.0354615,0.0709039,-0.533917,-0.0369592,0.0657278,0.00230278],[-1.30535,1.87871,0.254402,-1.36515,-0.871542,6.8506,-0.194786,0.114971,-0.324004,4.42807,22.5976,0.391702,-0.533917,21.4724,2.13128,1.42207,0.242741],[0.403535,0.828592,2.22442,-0.0166983,1.5288,2.76759,-0.226873,-0.106088,-0.075557,1.33276,3.9386,0.0668265,-0.0369592,2.13128,2.11689,-0.0221247,0.0722222],[0.161393,0.176852,0.134938,-0.0254069,0.173687,0.502478,0.547262,0.530126,0.0713983,0.314457,8.4184,0.144564,0.0657278,1.42207,-0.0221247,2.42397,0.0322698],[0.0273587,0.0145417,0.279557,-0.0153363,-0.0669081,0.0547954,0.00868899,-0.0101339,-0.00767837,0.0672574,0.772959,0.015067,0.00230278,0.242741,0.0722222,0.0322698,0.0409149]],"n":17,"lags":3}