{"betahat":[[2.82886,-0.0430412,6.88009,3.14499,0.285012,-3.18568,0.279856,0.968334,0.0960045,-0.104836,0.27676,4.24673,0.231044,-0.0169434,0.0820281,-4.88042,1.04988,1.08943,-0.29861],[0.693837,0.063258,-0.142775,-0.0426139,-0.402145,0.331824,-0.0447248,-0.0705465,0.0305569,0.43811,0.00827595,0.0501871,-0.053252,-0.000514251,-0.0128257,0.212432,-0.0512074,-0.143624,0.0108338],[0.129415,0.910684,0.662012,0.0356495,0.265275,0.244068,0.0201272,-0.0404677,0.0172674,-0.0109508,0.0256473,0.130798,1.20937,-0.00680131,-0.0149319,0.595651,0.0833766,0.0563553,0.0284165],[-0.0156906,-0.00906269,0.630276,-0.0125385,0.12069,-0.0343562,-0.00299547,-0.0123413,0.0266013,0.0172317,0.0203931,-0.0226808,-0.20344,-0.000215209,0.000552119,-0.0351549,-0.0021871,-0.0343981,-0.00221613],[-0.139975,0.177574,-0.335748,0.550648,-0.492352,0.210756,0.00327114,0.0212075,0.0314385,0.139212,0.00744773,-0.0319619,0.383036,0.00645916,-0.0123798,0.076488,-0.0672587,-0.00601425,0.00324373],[-0.0395952,0.0482959,0.151371,-0.0138897,0.648881,-0.0394202,0.00651781,0.0082525,-0.0155366,-0.000164339,-0.0085557,0.00412762,0.343973,0.00659373,0.0037889,-0.0213571,-0.00267055,0.0487056,-0.000615844],[0.0745187,-0.0135972,0.0221253,-0.00253711,-0.0425882,0.714698,0.00369305,-0.009018,-0.00430988,-0.142115,-0.0035224,0.00613181,0.197822,0.00622943,0.00462365,0.0196161,0.0272778,0.0248244,0.0021927],[-0.124263,-0.0931401,0.0211949,-0.152876,0.338339,0.582277,1.09028,-0.0572846,0.094053,-0.00177008,0.0902433,-0.0983026,0.631199,0.0225085,0.0145814,-0.270701,-0.0103403,-0.0811867,0.0148287],[-0.123845,0.155123,-0.331624,-0.273902,-0.00417512,0.936571,-0.0417755,0.690995,-0.124896,0.521529,-0.153262,0.0926083,1.45154,-0.0236553,-0.0497341,0.208992,0.047646,-0.0508405,-0.00121485],[0.0911806,0.033714,-0.315088,0.243266,0.273304,-0.0230855,-0.0139314,-0.022254,1.06886,0.275404,0.0763107,0.15299,0.151597,0.0116627,0.0347017,0.26952,0.1477,0.0331935,0.0412009],[-0.0510787,0.113813,0.120157,0.0120059,-0.0595691,0.266638,-0.0717276,-0.0131841,-0.0486851,1.18641,-0.0411938,0.166951,0.00686944,0.00591928,0.00560733,-0.00192755,0.0615751,-0.0199204,0.00703558],[-0.20985,0.0763683,-0.521273,-0.245229,0.119875,0.683252,-0.0287744,0.0331867,0.119814,0.227671,1.02942,0.13619,0.432339,0.0211348,0.0276773,0.0231399,0.173845,-0.0379948,-0.0217349],[0.0787741,0.150283,0.372133,0.0411635,0.124967,0.391584,-0.00546387,-0.0353806,-0.00187892,0.0363495,0.0159555,1.12174,0.200178,-0.00183562,-0.000304735,0.0380783,-0.00658287,0.0200387,-0.00257981],[-0.00731073,-0.0140263,0.015599,0.013116,-0.0600621,-0.0651926,0.0113552,0.00178013,0.00185556,-0.0545455,0.0034398,0.004649,0.9579,-0.00197449,0.00190334,-0.0695954,-0.00815597,0.0010403,-4.2359e-05],[0.163847,0.651109,2.43686,-0.406541,-1.71764,0.594649,-0.109655,0.198044,-0.015381,1.93611,0.0383885,0.632999,-1.85891,1.03111,-0.0977978,1.83135,0.56834,-0.565052,0.165239],[-0.323878,0.0208803,-3.13629,-0.327875,0.733573,-0.291836,0.152096,0.349131,0.0691568,-0.296002,0.0906323,-0.857993,-1.55001,-0.0128851,1.09986,-2.14821,-0.157376,0.274877,-0.0324425],[-0.0168836,0.0289201,0.223183,-0.00919974,-0.148604,0.0098253,0.00488932,0.000639777,0.0122451,-0.0382979,0.00734081,0.020444,0.0930579,0.0128572,0.0083846,1.10481,0.0179077,0.0105292,0.00861253],[0.252426,0.034901,0.110031,0.0473487,0.68621,0.118804,0.0273502,-0.0108019,0.0266667,0.231376,0.0240732,-0.00575053,1.18797,0.00970722,-0.00852326,0.354126,0.770581,0.184652,-0.000883133],[0.04456,-0.0837863,-0.289613,0.027411,0.277688,-0.156045,0.0661217,-0.158199,0.0215671,-0.0998709,0.0405539,-0.0239557,-0.0346902,0.0087393,0.0178533,-0.233164,0.0971784,0.355036,0.0166372],[0.375161,-0.567845,2.82638,0.563162,-0.393964,-0.630502,-0.221775,-0.0465245,0.270551,0.132957,0.42093,-0.340753,-1.44595,-0.209715,-0.0771721,-0.983106,-0.388498,-0.511032,1.08362],[0.205434,-0.00325288,0.256712,0.0264091,0.318274,-0.0662233,0.0467417,0.0906362,-0.0308795,-0.220352,-0.0165043,-0.0339883,0.217387,0.0137763,0.0163674,-0.0122548,0.103368,0.17592,-0.00479619],[-0.105822,0.166029,-0.481281,-0.0999739,-0.10131,0.199514,-0.0125489,0.023072,0.0159948,0.249592,-0.0037228,-0.0137853,0.10304,0.0151482,0.000315145,-0.175965,-0.0515394,0.0808107,-0.0112928],[0.0213611,0.0123,0.347303,0.015314,-0.0651752,0.0688086,0.00599928,0.0145565,-0.0150524,0.00939463,-0.0109467,0.0268009,0.0603759,-0.00107536,-0.000384335,0.0154725,0.00882751,0.0382669,0.000706651],[0.0726474,-0.158419,0.357667,0.250214,0.493348,-0.0586508,0.0210491,-0.0116566,-0.0553841,-0.0934886,-0.0555018,0.0187318,1.08517,0.0120386,0.00277433,0.305939,0.0853107,0.0588568,0.013179],[0.0287811,-0.0605909,-0.101881,-0.000306634,0.255398,-0.00448219,0.00981033,0.000212472,0.0152109,-0.0332025,0.010909,-0.0191701,-0.250467,-0.00127997,0.0024216,-0.00334402,0.00317378,-0.0334801,0.00097588],[-0.0425153,0.00613731,-0.0150862,0.0142387,0.0758883,0.255673,0.00516862,0.00239046,0.0121563,0.110986,0.0135724,-0.0112599,-0.0877615,-0.00254957,-0.00367177,-0.000353151,-0.020891,-0.0116034,0.000183188],[0.0687684,-0.0991793,-0.350761,0.249203,-0.116951,-0.731968,-0.00479366,0.0658983,-0.0585382,-0.529719,-0.0496952,-0.0637644,-1.09274,-0.00717415,0.00897276,-0.17643,-0.0552907,0.123484,-0.0126176],[0.317221,0.206793,0.964457,-0.0493106,0.580814,0.411133,-0.0123772,-0.0719502,0.081211,0.0507773,0.071216,-0.0492891,0.0199244,0.00705463,-0.0115515,0.554104,0.116817,-0.025102,0.0225238],[0.168462,-0.0176968,0.485459,-0.123793,0.144783,-0.0474254,0.00533181,-0.0423916,-0.0560075,-0.32876,-0.0248971,-0.016617,-0.835986,-0.0164091,-0.029589,-0.31125,-0.0624213,-0.132505,-0.0390364],[0.0183895,-0.0356295,-0.251474,-0.0359953,0.172122,-0.0503607,0.0457033,0.00635534,0.0339228,-0.110535,0.0304266,-0.102569,0.0278946,-0.00246396,-0.00667144,0.0261605,-0.0569055,-0.00347046,-0.00398437],[0.315644,0.0121158,0.457008,0.198392,0.219047,-0.500655,0.0472801,-0.0772033,-0.134617,-0.389278,-0.0579866,-0.121586,-0.134449,0.000498306,-0.0277432,0.158763,0.0219491,0.0314917,0.0226781],[-0.0238348,-0.0711077,-0.0621042,-0.0528364,-0.158489,-0.206227,0.00178862,0.0410841,-0.00375628,-0.0127052,-0.0179845,-0.0599146,0.00640659,0.000748131,-0.00234726,0.0675531,0.0212146,-0.020301,0.00252316],[-0.0022549,0.00496461,-0.00860631,-0.00168605,0.0219519,0.0379048,-0.0064655,-0.000229512,0.00250503,0.0137893,0.000213968,0.00487169,0.0482438,0.00157526,-2.9696e-05,0.0283853,0.0121238,-0.000672228,-0.0011144],[0.155106,-0.0467003,-0.89601,0.366224,2.2012,0.988595,-2.3057e-05,-0.324455,0.0357246,-0.667165,-0.0198642,-0.508916,-1.03721,-0.0699014,0.0357672,-1.3546,-0.0104036,0.369541,-0.11369],[0.52078,0.189831,3.67925,0.368375,0.117707,1.11715,-0.0631111,-0.299071,-0.115583,-0.739827,-0.115526,0.684955,1.09429,-0.0291927,-0.118483,1.99261,0.215801,-0.153176,0.0730585],[0.0310281,-0.038686,-0.209508,0.0282989,0.108309,-0.0890421,-0.00230559,-0.0054021,-0.00223089,0.0248369,0.0035051,-0.0255106,-0.100708,-0.013401,-0.00289375,-0.127786,-0.0263837,-0.0117226,-0.0078362],[-0.0325875,0.0198022,-0.184213,-0.0209371,0.127673,0.152007,-0.0572827,-0.0362519,-0.0314247,-0.0844348,-0.0426558,-0.0405248,-1.59391,-0.0275463,0.00267688,-0.515,-0.154238,-0.139834,-0.00908969],[0.230184,-0.0241967,0.474026,-0.0154408,0.124093,-0.247957,0.0698561,0.00830087,0.0250869,-0.101931,0.021462,-0.0501543,-0.461519,0.0179351,0.0203448,-0.184928,-0.108241,0.292217,0.020043],[0.0567539,-0.268144,-2.4148,-0.241665,-0.890127,-3.23787,0.655523,0.239555,0.133164,-1.47634,-0.119141,0.119913,1.12242,0.163499,0.122911,0.688534,0.0380132,0.950873,-0.00994496],[0.100672,-0.060005,-0.114065,0.0161983,0.0837922,-0.265592,-0.00201439,-0.0200851,0.000313188,-0.21773,0.00821968,-0.0162458,-0.164102,-0.0132607,-0.00354174,-0.200052,-0.0521812,-0.0322815,-0.00603278],[-0.023629,-0.0767103,-0.180846,0.0643253,-0.164032,-0.443592,-0.00756753,0.0174022,-0.0332673,-0.238645,-0.0219299,-0.117061,-1.31229,-0.00834496,0.0146177,-0.419536,-0.0318552,-0.137135,-0.0171178],[-0.00570112,-0.0031639,0.0220021,-0.00275909,-0.0555237,-0.0344631,-0.00298666,-0.00222105,-0.0115448,-0.0266428,-0.00944604,-0.00416831,0.143246,0.00129303,-0.000168624,0.0199661,-0.00666909,-0.0038296,0.00151758],[0.0672913,-0.0191392,-0.0220189,0.199124,-0.00103903,-0.152065,-0.0243125,-0.00953569,0.023937,-0.0456835,0.0480458,0.0131924,-1.46806,-0.0184956,0.00960575,-0.38229,-0.0180627,-0.0528064,-0.0164176],[0.010696,0.0122449,-0.0496363,0.0141743,0.0954505,0.0437886,-0.0163411,-0.00847096,0.000305344,0.0333954,-0.0023712,0.0149461,-0.0937541,-0.00531286,-0.00621058,0.0248067,-0.000553802,-0.0152585,-0.000354508],[-0.0320332,0.00746074,-0.00723119,-0.0116951,-0.0334405,0.0294753,-0.00885263,0.00662076,-0.00784825,0.0310676,-0.0100541,0.00505804,-0.110032,-0.00367721,-0.000950379,-0.0190558,-0.0064132,-0.0132105,-0.00236683],[0.054319,0.192204,0.328238,-0.0968461,-0.223223,0.150053,-0.0856413,-0.00857527,-0.0357379,0.53342,-0.0407915,0.161164,0.458633,-0.0152835,-0.023544,0.449121,0.0651423,-0.0422389,-0.00221256],[-0.308999,-0.149484,-0.582041,-0.0936832,-0.254138,-0.321738,0.0219768,0.249698,0.00862529,-0.108475,0.00470345,-0.165989,-0.812825,0.0016176,0.0145113,-0.0919966,-0.0702363,0.0263159,-0.00837657],[-0.254672,-0.0323607,-0.405404,-0.116791,-0.309632,0.00544365,0.0214783,0.0599467,-0.0253699,0.00853588,-0.0580311,-0.165951,0.726437,0.00318203,-0.00370952,0.026644,-0.0608333,0.0792023,-0.000848519],[0.0328873,-0.077992,0.131298,0.0241676,-0.11244,-0.21623,0.0260681,0.00681006,0.0148093,-0.0767025,0.0108092,-0.06422,-0.0334503,-0.00345642,0.00105717,-0.0239108,-0.00455154,0.0234047,-0.00303335],[-0.123563,-0.101748,-0.266187,0.0337565,-0.229593,-0.229063,0.000753016,0.0518697,0.00182765,0.082705,0.017413,-0.0701472,-0.189844,-0.0203796,0.000728694,-0.111813,-0.164763,-0.0122418,0.000122703],[-0.0554219,-0.0788756,-0.311465,0.01165,0.032816,-0.18508,0.00380487,-0.00562202,0.00556414,-0.0235963,0.00194629,-0.0622947,-0.205069,0.00112684,0.00266756,-0.104093,-0.014916,0.00070435,0.000104947],[0.00855852,0.00753259,-0.00847995,-0.0116482,0.0355647,0.023178,-0.00426705,-0.00130585,-0.00403517,0.0360135,-0.00324597,-0.0108521,-0.0171516,0.000427222,-0.00163194,0.0408253,-0.0053441,-0.00052583,0.00127421],[-0.33607,-0.50261,-1.29144,0.0416548,-0.691414,-1.40459,0.0796087,0.136033,-0.038619,-1.10154,-0.0422906,-0.122274,2.96406,0.0211131,0.0387189,-0.266694,-0.465994,0.138648,-0.0487398],[-0.208957,-0.189418,-0.47947,-0.0585326,-0.871764,-0.723666,-0.0961834,-0.0396164,0.0381943,1.10777,0.0154154,0.168335,0.500592,0.0363468,0.00408907,0.195021,-0.011002,-0.144616,-0.0454139],[-0.014662,0.00979188,-0.0149231,-0.0191334,0.0394706,0.0787616,-0.00253503,0.00467972,-0.0100771,0.0138929,-0.0109426,0.00453118,0.0053731,0.000537092,-0.00542078,0.0232345,0.00789437,0.00153085,-0.000784052],[-0.0306011,-0.033897,0.05028,-0.0236822,-0.107724,-0.0805009,-0.0063799,-0.00703515,0.021372,-0.0886946,0.0162143,0.0414659,-0.232003,-0.0019338,0.00709699,-0.317254,-0.118753,-0.0153642,0.00469185],[-0.17653,0.0645978,-0.506067,0.0140999,-0.128638,0.115449,-0.0123702,0.0304324,-0.0265365,-0.0909858,-0.0276063,-0.0562747,0.100419,0.0076784,-0.00531007,0.166078,-0.0553376,-0.0299647,0.00971854],[-0.465035,0.806636,-0.275421,-0.354035,1.22253,3.84645,-0.391731,-0.22177,-0.390153,1.2749,-0.283669,0.170216,0.104908,0.0290773,-0.0530115,0.336314,0.331756,-0.449585,-0.108026]],"sigmahat":[[3.22919,-0.0203539,0.764643,0.430601,4.61011,-2.82498,0.189534,-0.1519,0.154126,-0.21703,0.210235,0.148526,3.3605,-0.00548532,0.0653402,-0.81509,0.182219,0.394884,0.0200575],[-0.0203539,2.17886,0.0807436,-0.612652,1.0633,4.31084,-0.344139,-0.020971,-0.217758,2.62391,-0.255102,0.678655,3.81807,-0.000292302,-0.150976,1.95618,0.64256,0.174089,0.0206861],[0.764643,0.0807436,43.4704,-0.717943,-9.54798,10.7215,-0.0873232,-0.053552,0.112771,2.71508,0.193247,2.7303,3.46474,0.0533051,-0.0369309,0.928272,2.00493,0.258819,0.254679],[0.430601,-0.612652,-0.717943,1.85625,0.297508,-1.92592,-0.0158554,-0.0821417,-0.0462719,-1.13002,0.10207,-0.0868343,-3.12962,-0.0775167,0.0748119,-1.75471,-0.440004,-0.159156,-0.0232966],[4.61011,1.0633,-9.54798,0.297508,22.8154,5.71736,0.00151985,-0.497119,0.144918,3.36679,0.127886,0.740592,8.53815,0.048566,-0.0535226,0.919197,0.582331,0.63392,-0.090123],[-2.82498,4.31084,10.7215,-1.92592,5.71736,27.5342,-1.00493,-0.0417329,-0.544665,10.5756,-0.667737,2.38449,13.4618,0.1579,-0.495564,7.92396,2.53849,0.482693,0.0558953],[0.189534,-0.344139,-0.0873232,-0.0158554,0.00151985,-1.00493,0.432259,0.161254,0.156362,-0.986719,0.14115,-0.255456,1.91174,0.0446118,0.0620516,-0.197889,0.0356432,0.550446,0.012968],[-0.1519,-0.020971,-0.053552,-0.0821417,-0.497119,-0.0417329,0.161254,0.621835,-0.0213672,0.107171,-0.028318,-0.0975214,1.70139,0.034006,0.0307811,0.159712,0.205415,0.553066,-0.0111419],[0.154126,-0.217758,0.112771,-0.0462719,0.144918,-0.544665,0.156362,-0.0213672,0.257583,-0.368522,0.207083,-0.00676593,-0.542212,0.0116396,0.0242612,-0.226639,-0.137958,0.0924212,-0.000945026],[-0.21703,2.62391,2.71508,-1.13002,3.36679,10.5756,-0.986719,0.107171,-0.368522,14.0938,-0.436769,1.57286,12.4913,0.0476499,-0.356339,5.45842,1.59149,0.554843,0.0862526],[0.210235,-0.255102,0.193247,0.10207,0.127886,-0.667737,0.14115,-0.028318,0.207083,-0.436769,0.238577,-0.0102062,-0.737754,-0.00246855,0.0322396,-0.55454,-0.184081,0.00327903,-0.00185689],[0.148526,0.678655,2.7303,-0.0868343,0.740592,2.38449,-0.255456,-0.0975214,-0.00676593,1.57286,-0.0102062,2.31819,-1.32911,-0.0137464,-0.0272775,-0.352494,0.10753,-0.182536,-0.0091584],[3.3605,3.81807,3.46474,-3.12962,8.53815,13.4618,1.91174,1.70139,-0.542212,12.4913,-0.737754,-1.32911,150.155,1.37971,-0.285953,28.1706,8.13785,10.1887,0.834561],[-0.00548532,-0.000292302,0.0533051,-0.0775167,0.048566,0.1579,0.0446118,0.034006,0.0116396,0.0476499,-0.00246855,-0.0137464,1.37971,0.0727366,0.036102,0.469179,0.135193,0.173857,0.0140766],[0.0653402,-0.150976,-0.0369309,0.0748119,-0.0535226,-0.495564,0.0620516,0.0307811,0.0242612,-0.356339,0.0322396,-0.0272775,-0.285953,0.036102,0.0729285,-0.532058,-0.0494294,0.0830696,0.00164242],[-0.81509,1.95618,0.928272,-1.75471,0.919197,7.92396,-0.197889,0.159712,-0.226639,5.45842,-0.55454,-0.352494,28.1706,0.469179,-0.532058,22.0441,3.2899,1.61944,0.248423],[0.182219,0.64256,2.00493,-0.440004,0.582331,2.53849,0.0356432,0.205415,-0.137958,1.59149,-0.184081,0.10753,8.13785,0.135193,-0.0494294,3.2899,3.01981,0.44083,0.0428943],[0.394884,0.174089,0.258819,-0.159156,0.63392,0.482693,0.550446,0.553066,0.0924212,0.554843,0.00327903,-0.182536,10.1887,0.173857,0.0830696,1.61944,0.44083,2.50648,0.0471627],[0.0200575,0.0206861,0.254679,-0.0232966,-0.090123,0.0558953,0.012968,-0.0111419,-0.000945026,0.0862526,-0.00185689,-0.0091584,0.834561,0.0140766,0.00164242,0.248423,0.0428943,0.0471627,0.0425145]],"n":19,"lags":3}