{"betahat":[[2.11566,0.152211,4.50912,2.96718,-0.752751,-2.91488,0.458869,1.04832,-0.0290535,-0.186462,0.120947,3.21733,0.620339,-0.0320626,0.0364954,-2.46723,1.09704,1.31686,-0.237045],[0.699043,0.0664368,-0.138886,-0.0440349,-0.393102,0.332903,-0.0431223,-0.0718582,0.0339813,0.469809,0.0100848,0.0555314,0.0290472,-0.000222376,-0.0147373,0.22421,-0.0434885,-0.140843,0.0123475],[0.135182,0.900223,0.674276,0.0406109,0.283898,0.235352,0.0235302,-0.0409306,0.0205709,-0.0129472,0.0299526,0.13021,1.20234,-0.00749917,-0.0153106,0.582609,0.0772156,0.0497772,0.0275596],[-0.0151541,-0.00804695,0.6389,-0.01148,0.123248,-0.026343,-0.00320578,-0.0121969,0.0269569,0.0132304,0.021012,-0.02041,-0.222193,-0.00029943,0.000937773,-0.0396109,-0.00614545,-0.0349255,-0.00256858],[-0.15225,0.176967,-0.292136,0.546353,-0.554418,0.198118,0.00644102,0.0271704,0.0299262,0.121388,0.00601883,-0.033379,0.470847,0.00871436,-0.0112032,0.0858679,-0.0613247,0.00475222,0.00431956],[-0.0408666,0.0481716,0.144999,-0.0118963,0.6493,-0.0364692,0.00652168,0.00833487,-0.0163956,-0.00312404,-0.00853744,0.00346998,0.342132,0.00644655,0.00398114,-0.0209867,-0.00362731,0.0468063,-0.000592149],[0.0731851,-0.0125694,0.0171831,-0.00367472,-0.0461537,0.709274,0.00359631,-0.0093245,-0.00362901,-0.136764,-0.0041092,0.00503726,0.201909,0.00672872,0.00452657,0.0214517,0.0294317,0.0272065,0.00242495],[-0.1166,-0.0929385,-0.0926617,-0.174142,0.363145,0.51812,1.1131,-0.0752439,0.0887726,-0.0834643,0.0853886,-0.162865,0.628324,0.0283521,0.0190244,-0.237772,-0.00221465,-0.135515,0.0199712],[-0.110114,0.156216,-0.285036,-0.269247,-0.0215909,0.920917,-0.0323436,0.701226,-0.120765,0.512528,-0.146859,0.10589,1.59683,-0.024261,-0.0512304,0.202936,0.0698585,-0.0258369,-0.000464003],[0.0985735,0.0329245,-0.263167,0.236594,0.287914,0.0255143,-0.0258691,-0.0204039,1.07888,0.343813,0.0786448,0.191645,0.129947,0.0129981,0.0355478,0.330782,0.141719,0.0378212,0.0404258],[-0.0538075,0.115949,0.132252,0.0105256,-0.0709111,0.272067,-0.0729793,-0.0141127,-0.0499631,1.18099,-0.0426833,0.163623,0.0167957,0.00619176,0.0059,0.00866271,0.057506,-0.0199631,0.00747797],[-0.206776,0.0651441,-0.484069,-0.226498,0.0186996,0.564385,-0.0159566,0.0467435,0.121903,0.157042,1.03738,0.125009,0.188591,0.0159361,0.0275776,-0.160739,0.124231,-0.0095713,-0.0258862],[0.0834697,0.149492,0.403892,0.0455851,0.118076,0.390831,-0.00679214,-0.034463,-0.00208574,0.0321106,0.0166066,1.12495,0.169666,-0.0014602,0.000943021,0.0211595,-0.00623725,0.0203343,-0.00140967],[-0.00547076,-0.0140802,0.0215575,0.0135018,-0.0562721,-0.0624853,0.0117443,0.00200468,0.00233907,-0.0559641,0.00388806,0.00665316,0.960048,-0.00199533,0.0019216,-0.072468,-0.00903075,0.00120584,-3.8951e-07],[0.244594,0.638572,2.23949,-0.354673,-1.61587,0.471981,-0.0845664,0.203801,-0.00663076,1.9539,0.0479996,0.617444,-1.65332,1.04642,-0.0842785,1.73958,0.53951,-0.512859,0.179901],[-0.356724,-0.0408068,-3.30624,-0.292764,0.781421,-0.48972,0.167787,0.330135,0.0669365,-0.521592,0.0900777,-0.925485,-2.06379,-0.00754672,1.11059,-2.13334,-0.248661,0.240545,-0.0347596],[-0.0230614,0.0278566,0.212063,-0.0100815,-0.155533,0.00993074,0.00466114,0.00140191,0.0120374,-0.0419784,0.00701575,0.0195866,0.0682768,0.0130046,0.0086533,1.10614,0.0162268,0.00952033,0.00829127],[0.246923,0.0369387,0.148136,0.0468067,0.670845,0.119327,0.0294148,-0.0141644,0.0221762,0.225788,0.0218836,-0.00481783,1.26017,0.00864612,-0.00984256,0.388137,0.788042,0.179892,-0.000476307],[0.0226205,-0.0825387,-0.22167,0.014024,0.227626,-0.116869,0.0509813,-0.147152,0.0192345,-0.0671777,0.0370543,-0.00514442,-0.0869538,0.00711154,0.015923,-0.236388,0.0832817,0.377369,0.0124772],[0.408568,-0.533244,2.70585,0.579044,-0.307309,-0.495253,-0.222387,-0.062204,0.245926,0.2211,0.403749,-0.364962,-0.80685,-0.206588,-0.0771602,-0.889587,-0.354685,-0.50156,1.10593],[0.198284,-0.0104522,0.270193,0.0239902,0.292886,-0.0784367,0.0469272,0.0968479,-0.0337457,-0.236177,-0.0179907,-0.0400596,0.175331,0.0144349,0.0180481,-0.0288921,0.100725,0.1786,-0.00636063],[-0.108543,0.177735,-0.498139,-0.107337,-0.113179,0.193568,-0.0136538,0.0275113,0.0146444,0.266022,-0.00722131,-0.00661769,0.130812,0.0160737,0.000276736,-0.159107,-0.0473915,0.0955346,-0.0104645],[0.0200815,0.0127245,0.351838,0.0148825,-0.06837,0.0723264,0.00559339,0.0145183,-0.0151936,0.0151738,-0.0114112,0.0264461,0.077383,-0.000907228,-0.000777428,0.021659,0.011751,0.0400444,0.000966011],[0.0869333,-0.156165,0.322106,0.25553,0.555581,-0.0534273,0.0169443,-0.017485,-0.0562793,-0.0822797,-0.0560447,0.0224471,1.01742,0.0103421,0.00226034,0.290486,0.0808914,0.044487,0.0130233],[0.02993,-0.0585242,-0.109821,-0.00013037,0.258571,-0.00347446,0.0102491,0.000228932,0.0150078,-0.0343731,0.0102428,-0.0184782,-0.244266,-0.00117087,0.00248731,-0.00110383,0.00532986,-0.0332418,0.00134105],[-0.0419404,0.00370958,-0.00520682,0.0176516,0.0718827,0.255462,0.00478428,0.00153252,0.0119602,0.10137,0.0144727,-0.0135254,-0.124605,-0.00323905,-0.00331008,-0.0129359,-0.0235682,-0.0164526,-0.000182322],[0.0445119,-0.106557,-0.434253,0.25954,-0.0671518,-0.668535,-0.0152996,0.0782466,-0.0568828,-0.472768,-0.0461608,-0.0363549,-1.00678,-0.0107057,0.00499371,-0.177346,-0.0556548,0.143897,-0.015919],[0.326437,0.20363,0.935044,-0.0340502,0.551786,0.355207,-0.0156831,-0.0680873,0.0845,0.0418032,0.0723451,-0.0503605,-0.14812,0.0114828,-0.00592178,0.524939,0.093683,-0.0292739,0.0250745],[0.156509,0.00855947,0.465122,-0.127199,0.142725,-0.03077,0.0047163,-0.0418168,-0.0626698,-0.347694,-0.0290967,-0.0285806,-0.851357,-0.0156073,-0.0307695,-0.332024,-0.0549346,-0.137336,-0.0393823],[0.0220764,-0.0385857,-0.284143,-0.0359585,0.192257,-0.0614717,0.0468961,0.00662396,0.0350012,-0.101831,0.0315944,-0.101055,0.0179639,-0.00254305,-0.00694281,0.0141629,-0.0552794,-0.00298978,-0.00466231],[0.332745,0.00411096,0.559802,0.184137,0.273118,-0.438694,0.0407011,-0.0902516,-0.129947,-0.332689,-0.0575985,-0.0959372,0.119866,0.00726088,-0.0260319,0.304162,0.0564232,0.0206278,0.026454],[-0.0256385,-0.069326,-0.0918193,-0.0597882,-0.148023,-0.204556,0.0023295,0.0424336,-0.00418696,-0.00412113,-0.0189936,-0.0617805,0.0744029,0.00195448,-0.00315141,0.109027,0.0240033,-0.0192965,0.00189297],[-0.00331343,0.0055289,-0.012593,-0.00156087,0.020832,0.0379578,-0.00734914,-0.0011964,0.00206575,0.0173957,-0.000232001,0.00467151,0.0473785,0.00159266,-0.000198409,0.0313825,0.0131338,-0.00213036,-0.00114627],[0.0598659,-0.0457002,-0.777319,0.247035,2.23281,1.26072,-0.0264338,-0.335609,0.0199854,-0.680299,-0.0303628,-0.484427,-1.06983,-0.0777716,0.0234715,-1.31211,0.0170786,0.322889,-0.125017],[0.593751,0.225966,3.80261,0.404056,0.214171,1.22529,-0.0712247,-0.3119,-0.106313,-0.638205,-0.0940212,0.759339,1.12597,-0.0405391,-0.117929,1.83069,0.268623,-0.168131,0.0782067],[0.0381488,-0.0361951,-0.200232,0.0300173,0.112124,-0.0979098,-0.00266635,-0.00614188,-0.00217519,0.0248991,0.00370239,-0.0249508,-0.089957,-0.0142523,-0.00344402,-0.129236,-0.0249609,-0.0113273,-0.00782073],[-0.0352951,0.0233204,-0.227549,-0.0213237,0.129221,0.159808,-0.0563129,-0.037284,-0.0294841,-0.0839158,-0.0413341,-0.0450985,-1.67275,-0.0277011,0.00203563,-0.527361,-0.14182,-0.148943,-0.0102024],[0.227986,-0.0270785,0.5187,-0.0140652,0.0978218,-0.253882,0.0655414,0.0143121,0.0272128,-0.0952283,0.0227842,-0.0373066,-0.539411,0.0149121,0.0197842,-0.2076,-0.118646,0.315495,0.016904],[0.0862675,-0.313812,-2.45337,-0.21943,-0.846326,-3.47988,0.679025,0.244935,0.173488,-1.63751,-0.0953655,0.121329,0.759152,0.170743,0.130744,0.728063,0.0275574,0.91754,-0.011688],[0.102642,-0.0559944,-0.131364,0.0200412,0.100166,-0.254499,-0.00380468,-0.0249938,-0.000238066,-0.233637,0.00790478,-0.0154923,-0.204468,-0.0142118,-0.00330831,-0.195292,-0.0572666,-0.0377649,-0.00598563],[-0.0266592,-0.0779665,-0.176188,0.0667268,-0.170762,-0.428966,-0.00987178,0.0134155,-0.0352154,-0.253097,-0.0227306,-0.123613,-1.3332,-0.00857348,0.015037,-0.423464,-0.0298539,-0.145312,-0.0170936],[-0.00494501,-0.00465286,0.00903469,-0.00338963,-0.0548902,-0.046041,-0.00237956,-0.00233223,-0.0117594,-0.0284407,-0.00959744,-0.00606007,0.144775,0.00120849,-0.000157207,0.0180601,-0.0056443,-0.00511498,0.00160554],[0.065297,-0.020804,-0.0300074,0.19811,-0.00119475,-0.144709,-0.0233823,-0.00968509,0.0263513,-0.0391092,0.0500252,0.0109166,-1.4883,-0.0190556,0.00894542,-0.376326,-0.0195924,-0.049238,-0.0173419],[0.0108717,0.010315,-0.0352433,0.0120134,0.0919755,0.0398439,-0.0167789,-0.00857276,0.0013804,0.0374926,-0.00171066,0.0149632,-0.0981272,-0.00527459,-0.00646493,0.0221015,-0.00175464,-0.0135956,-0.000747039],[-0.0312629,0.00884832,-0.0120778,-0.0139725,-0.0258113,0.0351393,-0.008377,0.00778149,-0.00832978,0.0353391,-0.0103622,0.00845402,-0.0774165,-0.00348789,-0.00121236,-0.00845043,-0.00590086,-0.0107642,-0.00223914],[0.0714045,0.199358,0.526319,-0.085671,-0.29717,0.15027,-0.0978501,-0.00300251,-0.0319771,0.557104,-0.0393174,0.198736,0.376263,-0.0176166,-0.0239891,0.415972,0.0574091,-0.00836257,-0.0040485],[-0.316128,-0.165174,-0.569013,-0.0953248,-0.226029,-0.324472,0.0159408,0.24694,0.00651839,-0.118018,0.00397866,-0.157362,-0.863959,0.00277959,0.01583,-0.108195,-0.0877012,0.0195279,-0.0079221],[-0.254078,-0.0491945,-0.370963,-0.107997,-0.347722,-0.0267675,0.02988,0.0622295,-0.0249746,-0.0198862,-0.0541227,-0.184124,0.748254,0.000702592,-0.00485667,0.00723354,-0.068575,0.0897094,-0.00153241],[0.0318527,-0.0772776,0.151886,0.0255466,-0.121243,-0.210655,0.0260954,0.00745711,0.0149817,-0.079634,0.0111131,-0.0624631,-0.034289,-0.00365391,0.00103993,-0.0227709,-0.0021908,0.0228919,-0.00281475],[-0.139537,-0.0813727,-0.29483,0.0312301,-0.218168,-0.164715,-0.00929276,0.0490304,-0.000719042,0.11802,0.0129732,-0.0665317,-0.25532,-0.0229219,-0.00113841,-0.104123,-0.159825,-0.0234623,-0.000671777],[-0.0580911,-0.0800521,-0.312959,0.0141848,0.0295563,-0.186333,0.00452856,-0.00795334,0.0062425,-0.0280552,0.00235225,-0.0634269,-0.243637,-0.000467915,0.00223034,-0.129383,-0.0179657,-0.000858919,-0.000455375],[0.00809759,0.00762299,-0.0101084,-0.0121276,0.0340286,0.0221812,-0.00406026,-0.00071281,-0.0042504,0.035896,-0.00344694,-0.0121647,-0.0139449,0.000416484,-0.00157681,0.0407962,-0.00493328,0.000745482,0.00120614],[-0.322289,-0.5346,-1.35962,0.104344,-0.735927,-1.63112,0.0956232,0.13716,-0.026619,-1.1843,-0.0337328,-0.138417,2.68,0.0177306,0.0448781,-0.325497,-0.500805,0.144563,-0.0570803],[-0.241634,-0.172308,-0.455036,-0.123692,-1.00028,-0.67413,-0.100917,-0.0136197,0.0333954,1.20658,-0.002064,0.160807,0.99897,0.0437816,-0.00229053,0.342638,0.0129027,-0.091664,-0.0463943],[-0.0154234,0.00828173,-0.0124967,-0.0199615,0.0428091,0.0875331,-0.00195524,0.00467785,-0.0098862,0.0172231,-0.0107531,0.00504956,0.0198684,0.00125067,-0.00515194,0.0231104,0.00829909,0.00195824,-0.000472537],[-0.0273873,-0.0355181,0.0660241,-0.0248179,-0.120526,-0.0918713,-0.00283656,-0.0053009,0.0200236,-0.0982804,0.0156605,0.0371889,-0.155069,-0.0013949,0.00675011,-0.302938,-0.110817,-0.0140646,0.00633202],[-0.183186,0.0708761,-0.486861,0.0179501,-0.134446,0.150014,-0.0159923,0.0338885,-0.0255771,-0.0699738,-0.026887,-0.0523038,0.13981,0.00638314,-0.00710599,0.191487,-0.0475207,-0.022509,0.00781922],[-0.507675,0.835502,-0.172607,-0.377037,1.12425,3.9723,-0.429293,-0.196782,-0.416521,1.374,-0.302196,0.208482,-0.0408376,0.0222589,-0.0604888,0.206269,0.338564,-0.435624,-0.11525]],"sigmahat":[[3.24943,-0.0154843,0.754434,0.42404,4.67921,-2.84975,0.183768,-0.157566,0.160122,-0.219262,0.213627,0.155913,3.15475,-0.00804073,0.0662078,-0.906003,0.155177,0.378383,0.0201989],[-0.0154843,2.17996,0.0996768,-0.601762,1.03471,4.29484,-0.349924,-0.018055,-0.216043,2.64382,-0.252539,0.674765,3.66845,-0.0056899,-0.154855,1.94336,0.628081,0.15364,0.0215525],[0.754434,0.0996768,44.3855,-0.686369,-10.0015,10.7834,-0.0969838,-0.0365081,0.152781,2.74973,0.232156,2.82624,2.91641,0.0506841,-0.027464,0.638991,1.95188,0.283774,0.24731],[0.42404,-0.601762,-0.686369,1.83913,0.28989,-1.85616,-0.0170666,-0.0710217,-0.0499783,-1.1108,0.0955468,-0.0741499,-2.92256,-0.0720585,0.0768511,-1.75056,-0.420315,-0.146236,-0.0223088],[4.67921,1.03471,-10.0015,0.28989,23.0346,5.43605,0.0122446,-0.528966,0.162819,3.27771,0.144156,0.708619,8.29884,0.0520627,-0.0377343,0.670368,0.490014,0.61313,-0.0853293],[-2.84975,4.29484,10.7834,-1.85616,5.43605,27.346,-0.994862,-0.0482194,-0.525295,10.5067,-0.644104,2.35136,13.1778,0.155403,-0.486896,7.75912,2.46289,0.503469,0.0583343],[0.183768,-0.349924,-0.0969838,-0.0170666,0.0122446,-0.994862,0.438389,0.157141,0.155458,-0.985821,0.141192,-0.25165,1.90146,0.046094,0.0638119,-0.212615,0.0380237,0.548619,0.0137769],[-0.157566,-0.018055,-0.0365081,-0.0710217,-0.528966,-0.0482194,0.157141,0.619061,-0.0250915,0.112622,-0.0311727,-0.0848928,1.73721,0.0343585,0.0306665,0.163863,0.203194,0.565472,-0.0105869],[0.160122,-0.216043,0.152781,-0.0499783,0.162819,-0.525295,0.155458,-0.0250915,0.258964,-0.363582,0.207692,0.0092227,-0.57469,0.0129712,0.0251639,-0.232397,-0.14219,0.0941778,-0.00119572],[-0.219262,2.64382,2.74973,-1.1108,3.27771,10.5067,-0.985821,0.112622,-0.363582,14.1725,-0.427571,1.57267,12.6087,0.033924,-0.366846,5.42241,1.54464,0.601832,0.0835979],[0.213627,-0.252539,0.232156,0.0955468,0.144156,-0.644104,0.141192,-0.0311727,0.207692,-0.427571,0.238208,0.00220433,-0.760461,-0.000497865,0.0331375,-0.554672,-0.187089,0.00592751,-0.00190101],[0.155913,0.674765,2.82624,-0.0741499,0.708619,2.35136,-0.25165,-0.0848928,0.0092227,1.57267,0.00220433,2.339,-1.29034,-0.0107756,-0.0236405,-0.412354,0.0807593,-0.153751,-0.0088749],[3.15475,3.66845,2.91641,-2.92256,8.29884,13.1778,1.90146,1.73721,-0.57469,12.6087,-0.760461,-1.29034,150.066,1.35474,-0.291405,27.8786,8.11948,10.1887,0.837114],[-0.00804073,-0.0056899,0.0506841,-0.0720585,0.0520627,0.155403,0.046094,0.0343585,0.0129712,0.033924,-0.000497865,-0.0107756,1.35474,0.0730138,0.0368988,0.461426,0.13202,0.170726,0.0144968],[0.0662078,-0.154855,-0.027464,0.0768511,-0.0377343,-0.486896,0.0638119,0.0306665,0.0251639,-0.366846,0.0331375,-0.0236405,-0.291405,0.0368988,0.0733519,-0.530728,-0.0539237,0.0842785,0.00203489],[-0.906003,1.94336,0.638991,-1.75056,0.670368,7.75912,-0.212615,0.163863,-0.232397,5.42241,-0.554672,-0.412354,27.8786,0.461426,-0.530728,22.005,3.35054,1.53334,0.245004],[0.155177,0.628081,1.95188,-0.420315,0.490014,2.46289,0.0380237,0.203194,-0.14219,1.54464,-0.187089,0.0807593,8.11948,0.13202,-0.0539237,3.35054,3.07305,0.436669,0.0443771],[0.378383,0.15364,0.283774,-0.146236,0.61313,0.503469,0.548619,0.565472,0.0941778,0.601832,0.00592751,-0.153751,10.1887,0.170726,0.0842785,1.53334,0.436669,2.53577,0.0449795],[0.0201989,0.0215525,0.24731,-0.0223088,-0.0853293,0.0583343,0.0137769,-0.0105869,-0.00119572,0.0835979,-0.00190101,-0.0088749,0.837114,0.0144968,0.00203489,0.245004,0.0443771,0.0449795,0.0432973]],"n":19,"lags":3}