{"betahat":[[3.61676,-0.122671,8.86904,3.60546,1.39202,-2.74804,0.130369,0.993972,0.157228,0.357343,0.402203,4.99592,1.11798,-0.0151709,0.118184,-6.35955,1.34449,0.945433,-0.324574],[0.693599,0.0650318,-0.135902,-0.0437454,-0.383304,0.346663,-0.0435051,-0.0708505,0.0316124,0.455879,0.00919807,0.047606,-0.0239059,-0.000828288,-0.014135,0.217656,-0.0508781,-0.136767,0.0120296],[0.121901,0.901144,0.62264,0.0354008,0.268322,0.221718,0.0228297,-0.0348364,0.0172663,-0.0337204,0.0251222,0.128412,1.1953,-0.00797528,-0.0161449,0.588561,0.0820963,0.0540136,0.0258587],[-0.0162449,-0.0090106,0.619135,-0.0126469,0.125518,-0.0349512,-0.00258602,-0.0121496,0.0260455,0.0144119,0.0201143,-0.0219729,-0.215299,-0.000396035,0.000657299,-0.0367843,-0.00294148,-0.0355091,-0.00229681],[-0.161655,0.185365,-0.321887,0.544144,-0.54363,0.218928,0.000644556,0.0227656,0.0288029,0.150501,0.00555646,-0.0358231,0.427555,0.00662013,-0.0132367,0.0899555,-0.0646166,-0.00326684,0.00365437],[-0.039382,0.0483764,0.14973,-0.0131752,0.643967,-0.0433565,0.00566956,0.00791544,-0.0158402,-0.00224586,-0.00868254,0.00612274,0.333401,0.00642038,0.0035812,-0.0186495,-0.00059466,0.0452661,-0.00105625],[0.0735477,-0.0130336,0.0265206,-0.000644024,-0.0517191,0.711016,0.00372273,-0.00902108,-0.00424718,-0.138717,-0.00380654,0.00315071,0.210464,0.00730252,0.00525389,0.017544,0.0294882,0.028383,0.00256791],[-0.127784,-0.0790226,0.0805011,-0.147524,0.229093,0.537208,1.07575,-0.0563009,0.098876,0.00634322,0.0945262,-0.11886,0.611231,0.0182026,0.0104231,-0.294225,-0.0218204,-0.0641601,0.0130125],[-0.117123,0.177228,-0.302963,-0.298601,0.0161131,0.9982,-0.0353771,0.688279,-0.122284,0.533123,-0.15318,0.0867398,1.56407,-0.02716,-0.0551785,0.253757,0.066723,-0.0401425,-0.00268251],[0.0935798,0.0306509,-0.353976,0.24604,0.286236,-0.0507833,-0.0302098,-0.0304719,1.06473,0.337818,0.0684869,0.173765,-0.0205821,0.00967077,0.0327971,0.326497,0.180336,-0.0075487,0.039096],[-0.0519306,0.111362,0.132065,0.0125235,-0.0595584,0.266756,-0.0711345,-0.0120957,-0.0487153,1.17882,-0.0410229,0.165118,0.0126368,0.00583619,0.00593759,0.00538456,0.0612146,-0.017331,0.00690464],[-0.202345,0.0869579,-0.5514,-0.255056,0.0818782,0.671178,-0.0102921,0.0539547,0.113233,0.18317,1.02753,0.122236,0.520654,0.0207547,0.0282897,-0.0967157,0.149734,-0.0123938,-0.0212343],[0.075857,0.154919,0.369707,0.0364709,0.117595,0.401619,-0.00677607,-0.0386985,-0.00142746,0.036528,0.0163757,1.11316,0.131187,-0.0033294,-0.00127774,0.0333038,-0.00813113,0.0115326,-0.00203007],[-0.00706261,-0.015036,0.0186573,0.0134825,-0.0596046,-0.06535,0.011318,0.00194845,0.00242012,-0.0553024,0.00383083,0.00529606,0.951185,-0.00209258,0.00190631,-0.0711175,-0.00806073,0.00184075,-0.000153044],[0.179532,0.727721,2.75095,-0.40246,-1.8502,0.653364,-0.116739,0.211871,-0.0258182,2.14348,0.0373483,0.65042,-1.19649,1.02162,-0.106016,1.89241,0.594471,-0.489104,0.168859],[-0.337735,-0.0334277,-3.0814,-0.30596,0.785478,-0.309182,0.134759,0.32782,0.0787037,-0.401124,0.0943535,-0.891219,-1.83061,-0.00449801,1.0961,-2.107,-0.182654,0.247374,-0.0380568],[-0.0187475,0.029353,0.217471,-0.0114285,-0.149884,0.0114453,0.00496206,0.000808718,0.0124302,-0.0425326,0.0074601,0.0204252,0.0824879,0.0133071,0.00855471,1.10404,0.0209017,0.00708632,0.00885832],[0.246706,0.0322727,0.109223,0.0466992,0.698041,0.131139,0.0260133,-0.0157046,0.0262452,0.233366,0.0239513,-0.00355104,1.19538,0.0101959,-0.00797313,0.370277,0.75388,0.184026,-0.000151382],[0.0428423,-0.0838642,-0.343957,0.0123884,0.315102,-0.138893,0.0699118,-0.158434,0.0146622,-0.102725,0.0345527,-0.0251658,-0.00394009,0.0128287,0.0202186,-0.226565,0.0904336,0.337772,0.0193112],[0.377603,-0.549092,2.99046,0.540949,-0.397242,-0.496948,-0.233387,-0.0493892,0.264501,0.195349,0.410243,-0.339984,-1.12636,-0.214447,-0.0805475,-0.98398,-0.435855,-0.429555,1.07095],[0.199187,-0.00962044,0.236158,0.0231312,0.293014,-0.0968155,0.0485418,0.0919712,-0.0302136,-0.241536,-0.0160182,-0.0390262,0.188255,0.0145371,0.0176166,-0.0183308,0.0985864,0.168634,-0.00609819],[-0.0914252,0.175585,-0.444636,-0.102791,-0.0982357,0.207778,-0.0122472,0.0225203,0.0170836,0.273775,-0.00355416,-0.00374931,0.171228,0.0165076,0.000673594,-0.139931,-0.043197,0.0928748,-0.0099235],[0.019992,0.0135815,0.352708,0.0146287,-0.0642656,0.0787145,0.00578327,0.0144852,-0.0149311,0.0139496,-0.0110504,0.025876,0.0714971,-0.000849496,-0.00060148,0.0192704,0.0102994,0.03961,0.000843839],[0.096732,-0.163806,0.332674,0.25865,0.54979,-0.0753321,0.0194757,-0.0141551,-0.0540613,-0.0846243,-0.0548034,0.0181157,1.07619,0.0118912,0.00320522,0.306236,0.0918642,0.0574639,0.0136275],[0.0284962,-0.0590219,-0.0955861,0.00027769,0.254592,0.00698121,0.00980157,0.000106615,0.0150798,-0.0311749,0.0106076,-0.0203464,-0.235678,-0.00112612,0.00250231,0.000195411,0.00337384,-0.0304609,0.00139447],[-0.0407376,0.00370913,-0.0206238,0.0150604,0.0784652,0.245037,0.00499073,0.00169943,0.0125216,0.101113,0.0140686,-0.0115128,-0.124682,-0.00364075,-0.00390541,-0.00823133,-0.0241286,-0.0159025,-0.00031293],[0.0638226,-0.117489,-0.450244,0.24701,-0.0219339,-0.689818,0.000370647,0.0668722,-0.0565195,-0.519485,-0.0488261,-0.0397412,-1.11089,-0.00455505,0.00993556,-0.128168,-0.0658358,0.105925,-0.013533],[0.316915,0.215899,0.919998,-0.0370655,0.551625,0.384894,-0.0173517,-0.0704417,0.0744227,0.0705035,0.065302,-0.0608864,0.0421193,0.00789439,-0.0103366,0.557598,0.117822,-0.0270678,0.0228067],[0.165242,-0.00162276,0.456486,-0.136586,0.204679,0.0150709,0.0173908,-0.0355423,-0.0544809,-0.352372,-0.0203188,-0.0299912,-0.621606,-0.0131769,-0.0272427,-0.308055,-0.0711181,-0.100256,-0.0370345],[0.0223299,-0.0362349,-0.260008,-0.0336304,0.172122,-0.0617119,0.0451289,0.00560353,0.0340802,-0.106484,0.0306041,-0.10059,0.0158189,-0.00260553,-0.00700228,0.0154658,-0.0540848,-0.00593435,-0.00410624],[0.299931,-0.00736361,0.540166,0.199803,0.214111,-0.481356,0.0434222,-0.0857504,-0.127564,-0.358876,-0.0551385,-0.0954343,-0.102629,0.00423079,-0.0251092,0.231794,0.0438392,0.0326885,0.0255428],[-0.0164758,-0.0757008,-0.0477915,-0.0510558,-0.14573,-0.211566,0.00372785,0.0412047,-0.00300484,-0.00906776,-0.0162314,-0.0522138,0.0743735,0.00210405,-0.001484,0.0911621,0.0267692,-0.0164103,0.00234778],[-0.00319768,0.00467501,-0.0103311,-0.00124269,0.0234368,0.0393363,-0.00667048,-0.000657699,0.00204088,0.0148037,2.63428e-05,0.00446468,0.0462001,0.00163426,-5.55158e-06,0.0302071,0.0119208,-0.00191351,-0.00106692],[0.0746062,-0.10209,-1.26815,0.351475,2.21057,0.99385,-0.00568973,-0.346008,0.0391293,-0.821901,-0.0259407,-0.526744,-1.4267,-0.0656514,0.0387937,-1.39967,-0.0279493,0.304815,-0.112742],[0.55156,0.231297,3.84915,0.37587,0.178369,1.26634,-0.0615058,-0.305235,-0.13051,-0.668901,-0.117202,0.712371,1.00411,-0.0422854,-0.119458,1.87939,0.252031,-0.195187,0.0768961],[0.0347959,-0.039851,-0.202587,0.0317175,0.109179,-0.0963834,-0.0009989,-0.00560909,-0.00154928,0.0252826,0.00422826,-0.0247952,-0.0916971,-0.0136009,-0.00267969,-0.131501,-0.0271126,-0.0101046,-0.00784807],[-0.0213128,0.0255108,-0.181823,-0.0190275,0.131797,0.148347,-0.0584799,-0.0371651,-0.0297539,-0.0839499,-0.0416862,-0.043925,-1.61639,-0.0281249,0.00171288,-0.530628,-0.150281,-0.135473,-0.0104441],[0.23617,-0.0228889,0.470028,-0.0239509,0.14353,-0.250382,0.077222,0.00607219,0.0259967,-0.12359,0.0228839,-0.043599,-0.522773,0.0191298,0.0226219,-0.213269,-0.0989595,0.281119,0.0225496],[0.109322,-0.299057,-2.40458,-0.193782,-0.885764,-3.40014,0.674503,0.238876,0.157309,-1.54774,-0.093104,0.0838893,1.25176,0.166137,0.122239,0.857511,0.128087,0.909984,-0.00926077],[0.107131,-0.0554149,-0.10047,0.0205907,0.0901755,-0.249874,-0.00502594,-0.0211189,-0.00140672,-0.214347,0.00680766,-0.00864798,-0.164287,-0.0137038,-0.00348099,-0.199163,-0.0477438,-0.0318356,-0.00592607],[-0.0305278,-0.0767285,-0.178201,0.0673791,-0.170182,-0.429553,-0.0105595,0.0123202,-0.0343517,-0.240107,-0.0215762,-0.124731,-1.36633,-0.00852627,0.0154737,-0.448429,-0.0389319,-0.146829,-0.0159283],[-0.00378923,-0.00445138,0.0275217,-0.00197054,-0.0612505,-0.0437715,-0.003172,-0.00235258,-0.0111075,-0.0284134,-0.00906931,-0.00396574,0.144138,0.00125314,-5.71754e-05,0.0179374,-0.00739943,-0.00402678,0.00146453],[0.0648701,-0.021541,-0.0109614,0.197173,-0.00622709,-0.143591,-0.0200995,-0.00859352,0.0252532,-0.0658751,0.0492362,0.0176524,-1.50353,-0.0185043,0.0100337,-0.396018,-0.0272725,-0.0541289,-0.0172761],[0.0107134,0.0105683,-0.0543895,0.0128467,0.101047,0.036169,-0.0154831,-0.00803495,0.00073649,0.0334234,-0.00195109,0.0140826,-0.0980673,-0.00529125,-0.00608478,0.0185835,-0.00285445,-0.0148478,-0.000333485],[-0.0328506,0.00932705,-0.00620576,-0.0144199,-0.0269486,0.0436903,-0.0086958,0.00730555,-0.00827339,0.0374757,-0.0102704,0.00826188,-0.0857026,-0.00365486,-0.00134616,-0.00902238,-0.00540091,-0.0124526,-0.00224313],[0.062268,0.196399,0.367673,-0.100201,-0.209715,0.153018,-0.0763477,-0.0105654,-0.0426629,0.516153,-0.0460313,0.157454,0.49526,-0.013616,-0.020396,0.424947,0.0868632,-0.0416926,0.000501817],[-0.315184,-0.143139,-0.554511,-0.0982762,-0.215242,-0.260078,0.0171045,0.243658,0.00275585,-0.0791937,-0.000304492,-0.154691,-0.748768,0.00217245,0.013567,-0.0661016,-0.0686447,0.0228522,-0.0080051],[-0.25147,-0.0408102,-0.376738,-0.0999076,-0.328993,-0.00298928,0.0266817,0.0592944,-0.0264313,-0.00334722,-0.0559354,-0.167368,0.686322,0.00102498,-0.00432355,-0.041183,-0.0799065,0.0854363,-0.000229123],[0.0298532,-0.0748308,0.12776,0.0213396,-0.112404,-0.205052,0.0260765,0.00643794,0.0146767,-0.0737245,0.0104497,-0.0642859,-0.0264196,-0.00321597,0.00106647,-0.020374,-0.00699685,0.0233093,-0.00277059],[-0.120475,-0.0999012,-0.402838,0.0312267,-0.171607,-0.259389,-0.00596866,0.0438422,-0.000419849,0.0491118,0.0140158,-0.0923729,-0.294512,-0.0207907,0.000334402,-0.0674341,-0.162891,-0.040071,-0.00156858],[-0.0600233,-0.0786799,-0.324133,0.0145008,0.0272952,-0.189458,0.00319717,-0.00240696,0.00432518,-0.0273763,-0.00029107,-0.0615809,-0.202873,0.00128295,0.00276313,-0.121903,-0.0189117,0.00550684,-0.000248279],[0.00877842,0.00796945,-0.0101313,-0.0124989,0.032329,0.0196952,-0.00381962,-0.000899118,-0.00393319,0.0335684,-0.00321672,-0.0115923,-0.0144293,0.00047789,-0.00156351,0.0398859,-0.0057155,-0.00027867,0.00136173],[-0.290246,-0.482222,-1.10302,0.0470205,-0.684514,-1.39964,0.0697081,0.144166,-0.0401448,-1.06938,-0.0498486,-0.108853,2.70642,0.0201583,0.0352099,-0.202844,-0.450492,0.114739,-0.0481697],[-0.229854,-0.182256,-0.65304,-0.0976775,-1.00377,-0.833811,-0.0837564,-0.00703849,0.0436364,1.16051,0.0142988,0.166614,0.893171,0.0395391,0.00353161,0.272564,-0.00701341,-0.0843684,-0.0442107],[-0.0167735,0.0105735,-0.0163959,-0.0203918,0.0395682,0.084547,-0.0038974,0.00468842,-0.0109915,0.0179506,-0.0118581,0.0036165,0.00669729,0.000264568,-0.00580024,0.0277464,0.00544892,0.00352497,-0.00103227],[-0.0343786,-0.0311686,0.0473985,-0.026389,-0.111356,-0.0740416,-0.00559094,-0.00624428,0.0218951,-0.0935056,0.0171256,0.0408314,-0.196122,-0.00255873,0.00669926,-0.32218,-0.125571,-0.0116433,0.00477599],[-0.169647,0.0554243,-0.525861,0.0241519,-0.100814,0.100441,-0.00714036,0.0312565,-0.0243882,-0.106841,-0.0248871,-0.0548196,0.109996,0.00772895,-0.00412095,0.150675,-0.0504242,-0.0347508,0.00998075],[-0.506737,0.802928,-0.372232,-0.381231,1.23054,3.83644,-0.385232,-0.225511,-0.399909,1.27973,-0.289671,0.184779,-0.365206,0.0282442,-0.0481573,0.168708,0.271989,-0.474143,-0.10832]],"sigmahat":[[3.23709,-0.0358872,0.693281,0.430266,4.6629,-2.8894,0.19103,-0.152252,0.162632,-0.259544,0.214453,0.133325,3.20552,-0.00543231,0.0673175,-0.832136,0.191351,0.388388,0.0190223],[-0.0358872,2.142,0.0300944,-0.608932,1.05831,4.22107,-0.331485,-0.0203781,-0.212575,2.55668,-0.247308,0.667612,3.57171,0.00268759,-0.14487,1.90409,0.628837,0.151862,0.0212285],[0.693281,0.0300944,43.6255,-0.695304,-9.88589,10.4995,-0.0586599,-0.00679713,0.104787,2.35794,0.201677,2.69474,2.53424,0.0562277,-0.0113846,0.719392,2.00273,0.23961,0.265952],[0.430266,-0.608932,-0.695304,1.83069,0.317144,-1.89091,-0.0125202,-0.0731847,-0.0485733,-1.10546,0.0973225,-0.0992295,-3.10849,-0.0790547,0.0731085,-1.7514,-0.441206,-0.154638,-0.0233024],[4.6629,1.05831,-9.88589,0.317144,22.9165,5.49316,0.0138414,-0.506037,0.175989,3.31646,0.144984,0.722849,8.72262,0.0639818,-0.0342469,0.803335,0.568235,0.685409,-0.0917849],[-2.8894,4.22107,10.4995,-1.89091,5.49316,27.1427,-0.934413,-0.0271687,-0.522295,10.2309,-0.633595,2.3252,13.3525,0.187354,-0.455442,7.76981,2.47525,0.532706,0.0646264],[0.19103,-0.331485,-0.0586599,-0.0125202,0.0138414,-0.934413,0.424653,0.162323,0.153915,-0.940799,0.138054,-0.241687,1.91306,0.04365,0.0596086,-0.189384,0.0398524,0.562109,0.0132464],[-0.152252,-0.0203781,-0.00679713,-0.0731847,-0.506037,-0.0271687,0.162323,0.622233,-0.0243196,0.135277,-0.0294813,-0.105174,1.70426,0.0327325,0.0313448,0.142534,0.193588,0.55584,-0.0101626],[0.162632,-0.212575,0.104787,-0.0485733,0.175989,-0.522295,0.153915,-0.0243196,0.257266,-0.359726,0.206234,-0.00396521,-0.546837,0.0115559,0.0236659,-0.229123,-0.134563,0.0920804,-0.00157566],[-0.259544,2.55668,2.35794,-1.10546,3.31646,10.2309,-0.940799,0.135277,-0.359726,13.9031,-0.418138,1.52349,12.5941,0.0570126,-0.33956,5.45876,1.54904,0.592503,0.0898284],[0.214453,-0.247308,0.201677,0.0973225,0.144984,-0.633595,0.138054,-0.0294813,0.206234,-0.418138,0.236418,-0.00592317,-0.743427,-0.00291052,0.031078,-0.550517,-0.183016,0.00532372,-0.00202142],[0.133325,0.667612,2.69474,-0.0992295,0.722849,2.3252,-0.241687,-0.105174,-0.00396521,1.52349,-0.00592317,2.29494,-1.35671,-0.0108732,-0.0245443,-0.331403,0.0965059,-0.1917,-0.00524918],[3.20552,3.57171,2.53424,-3.10849,8.72262,13.3525,1.91306,1.70426,-0.546837,12.5941,-0.743427,-1.35671,150.041,1.39089,-0.278036,28.4043,8.11523,10.0832,0.843684],[-0.00543231,0.00268759,0.0562277,-0.0790547,0.0639818,0.187354,0.04365,0.0327325,0.0115559,0.0570126,-0.00291052,-0.0108732,1.39089,0.0725454,0.0353269,0.482256,0.136614,0.175224,0.0137789],[0.0673175,-0.14487,-0.0113846,0.0731085,-0.0342469,-0.455442,0.0596086,0.0313448,0.0236659,-0.33956,0.031078,-0.0245443,-0.278036,0.0353269,0.0714953,-0.519651,-0.0482291,0.0850715,0.00134244],[-0.832136,1.90409,0.719392,-1.7514,0.803335,7.76981,-0.189384,0.142534,-0.229123,5.45876,-0.550517,-0.331403,28.4043,0.482256,-0.519651,22.0388,3.37182,1.58914,0.252047],[0.191351,0.628837,2.00273,-0.441206,0.568235,2.47525,0.0398524,0.193588,-0.134563,1.54904,-0.183016,0.0965059,8.11523,0.136614,-0.0482291,3.37182,3.00181,0.445148,0.0470578],[0.388388,0.151862,0.23961,-0.154638,0.685409,0.532706,0.562109,0.55584,0.0920804,0.592503,0.00532372,-0.1917,10.0832,0.175224,0.0850715,1.58914,0.445148,2.48934,0.0497456],[0.0190223,0.0212285,0.265952,-0.0233024,-0.0917849,0.0646264,0.0132464,-0.0101626,-0.00157566,0.0898284,-0.00202142,-0.00524918,0.843684,0.0137789,0.00134244,0.252047,0.0470578,0.0497456,0.0410502]],"n":19,"lags":3}