{"betahat":[[3.9898,2.08277,2.15313,-4.05188,23.8904,15.4547,16.2606,0.712198,1.632,2.66995,2.33844,0.275613,14.9248,-2.94408,94.7473,1.43881,0.227505,24.0855,32.4605,6.67934,2.2308,17.434,17.8166,-12.0285,0.522852],[0.951642,-0.0242259,-0.0308613,0.0840332,-0.418392,0.0902037,0.0626326,-0.00323635,0.00795467,0.0415475,0.0162664,0.0374546,0.356168,-0.183943,0.644961,0.0387828,0.0280164,0.367424,0.0188962,0.0326014,0.000657526,-0.366419,0.233182,-0.0877324,0.0534048],[0.0916809,0.946957,0.330654,0.103318,0.275078,0.472908,0.17994,-0.041402,0.100476,0.0599003,0.0563436,0.0700557,0.102385,-0.336425,3.861,0.0781922,0.00978258,1.02955,0.0698504,0.00954363,0.0201119,0.0421648,0.71846,0.127078,0.0556263],[0.0188513,-0.0370256,0.970642,0.00352269,0.122231,0.0230306,0.0740318,-0.0088058,0.0199035,-0.00214092,-0.011959,0.00625061,-0.0812541,0.032162,-0.308203,0.00293172,-0.00790227,0.0467358,-0.00118968,0.00665728,-0.00356733,-0.0993016,0.00140498,0.0152915,-0.010432],[-0.0419492,0.0126983,-0.14715,0.876098,-0.175286,-0.104539,0.110058,0.0262216,0.100254,0.0115948,0.0124029,0.0487153,0.173052,-0.177642,2.6466,0.0763858,0.0162922,0.354823,0.0197648,0.0849088,-0.00217517,-0.0686845,0.0857074,0.0989383,0.0189129],[0.0199238,0.0116754,0.0498053,0.0167432,0.931711,0.094561,0.0338411,-0.00296482,-1.15631e-05,0.0121607,0.0142364,0.00168911,0.0227485,0.0423702,0.00451179,0.000885916,0.0066076,0.0381082,0.000184193,-0.0150864,-0.00143563,0.0180792,0.00602854,-0.0193079,0.00244729],[0.0108251,-0.00429918,0.0174266,0.00376202,-0.00701649,0.905164,0.0287134,0.00264815,0.0170381,0.0187913,0.027526,-0.0118027,-0.0398067,-0.144593,0.671143,-0.0130048,-0.013074,0.079356,0.00154568,-0.00932803,0.00761384,0.0902818,-0.0961645,0.0306332,0.0231322],[-0.0261746,-0.0352963,0.0498206,-0.00530433,0.0103005,-0.0270388,0.943213,0.00118112,-0.00332817,0.00681229,0.0166531,-0.00217492,-0.0521899,0.0827628,0.101783,-0.00446626,0.0215873,-0.396613,-0.0104632,0.00536747,0.00209088,-0.191681,-0.16705,-0.0267595,0.0136483],[-0.0650026,0.0839656,0.344518,0.0745613,-0.349395,-0.034293,-0.0980173,0.887464,-0.127242,0.00228332,-0.0235784,0.0273565,0.273767,-0.692042,-2.05836,0.0769003,0.0334507,1.95812,-0.237764,0.546473,-0.0287017,-1.04559,0.622418,-0.174987,-0.0165506],[0.0356729,-0.0794816,-0.207828,0.011982,0.349504,-0.0844015,-0.04865,-0.0814452,0.915276,0.0449603,0.0460772,-0.0178376,-0.692779,0.182623,-1.82114,-0.0983148,0.00779003,-2.1284,-0.0320374,-0.138118,0.0390805,0.331332,0.00775425,-0.166574,-0.0277436],[-0.0145281,0.171105,-0.0795353,-0.241558,0.449322,0.880678,0.0262788,-0.0192477,-0.106537,1.20558,0.27911,0.0707804,-0.726115,-1.21793,0.236278,0.157527,-0.0827242,2.71087,-0.0731982,-0.162721,0.000445693,-2.06277,-0.0872449,-0.0258157,0.321534],[-0.262676,-0.350645,-0.312999,0.24691,-0.25697,-0.957781,-0.552061,0.108843,-0.0229226,-0.149502,0.817631,-0.140539,-0.0573874,1.84034,-6.98919,-0.124956,0.127548,-2.13309,-0.00752593,0.2048,0.0613246,0.0248584,0.0879725,-0.314205,-0.157063],[-0.00662786,-0.0470613,-0.184344,0.0453948,0.537814,0.71163,0.403619,0.0915741,-0.112181,0.0314117,0.0410474,0.942712,-1.1013,0.227555,0.839755,0.0083768,0.0230259,-0.0251268,-0.211314,0.141826,0.00161062,-1.62823,-0.00712626,-0.129942,-0.203092],[-0.00749048,0.0658825,-0.042029,0.00267415,-0.0484779,0.155252,-0.0121421,-0.00595169,0.0327784,0.00836624,0.00742502,0.0109952,1.0312,-0.156336,0.748961,-0.00205541,-0.00434219,-0.149155,-0.0149038,-0.0324718,0.00560217,0.0701293,-0.0118318,0.0291563,0.00217817],[0.00632516,-0.0075514,-0.11933,-0.00240604,0.0263149,-0.0672002,-0.000442407,0.00264879,0.0251106,0.00499665,-0.00262138,0.00415827,-0.0429793,1.05332,-0.765347,-0.00106514,0.00221248,-0.188584,0.0171549,-0.0107745,0.000331296,0.0550212,-0.0475895,0.0113768,-0.00337556],[0.00324125,-0.00121505,0.0113158,0.00131222,-0.00302684,0.00186286,0.00483925,0.000242445,-0.00289334,-0.00118895,-0.00064896,-0.000883744,-0.000772638,0.00977737,0.780976,-0.00170057,-0.000191041,-0.046927,-0.00448128,0.00093058,-0.00129365,-0.00742248,-0.00728814,0.00158318,-0.0014332],[0.288151,0.111755,0.383058,-0.156786,1.03274,0.800391,0.674937,-0.0907585,-0.11306,0.121846,0.116522,-0.0300185,0.433667,-0.547969,-2.66185,0.955385,0.00402885,1.37957,0.165778,-0.214276,0.0327113,1.95913,1.69525,-0.25298,0.319374],[-0.243476,-0.0238853,-1.29378,0.078838,-1.05537,-0.668035,-0.565087,0.0549156,0.158864,0.0594435,0.0467726,0.0211945,-1.22846,0.00584091,1.19272,-0.0300535,0.856441,-2.01662,0.182741,0.0365126,0.0714448,1.06246,-0.28857,-0.0510324,0.10532],[0.00805155,-0.00649142,0.0265243,-0.000574639,0.0629471,0.0231896,0.0356004,-0.000675423,0.012152,-0.00250519,-0.00241741,0.00684765,0.00223249,0.0366781,0.0014669,0.0101108,0.00574972,0.983006,0.00895478,0.0192468,0.00287328,-0.00632813,0.000718828,0.0160914,0.00410409],[-0.00305608,-0.0616316,0.594831,0.167776,0.39089,0.787372,-0.0123433,-0.0717405,0.174588,0.0872738,0.055035,0.0307059,0.759744,-1.06304,5.61986,0.0958715,-0.0181537,2.54291,0.521585,0.133528,0.0859359,-0.521207,1.92241,0.0511593,0.131332],[-0.0351071,-0.0974587,-0.0756998,0.0227749,-0.140717,-0.105414,-0.0882024,0.0144931,-0.015097,-0.0354019,-0.0304723,-0.0228502,0.154846,0.160993,-0.833571,-0.0483999,0.000562164,-0.500681,0.0262447,0.373722,0.00123237,-0.238932,-0.0340618,-0.0552682,-0.043139],[0.225894,0.271313,-0.193876,0.156896,0.73052,-0.556056,0.355253,0.000137254,-0.338584,0.00592938,-0.0200939,0.0967308,-1.19659,-1.5199,-0.970035,0.179058,-0.012282,4.59969,0.039496,-0.419886,0.612049,-0.230901,-0.0194295,0.0220183,0.0585],[0.0091169,0.00390617,-0.0284458,-9.25612e-05,-0.0110326,-0.0489479,-0.0124905,0.00531045,-0.00877883,-0.00526595,-0.00632171,0.0071303,-0.0484574,0.0842688,-0.403977,0.0141556,0.0138815,-0.218814,-0.00643439,0.0120062,-0.013499,0.0144148,0.0271156,-0.0468036,-0.00343518],[0.0151906,0.0732266,0.00699714,-0.026891,-0.0087558,0.0218463,-0.00983655,-0.0281543,0.00168363,0.00782511,0.0103422,0.00406158,0.0846412,-0.029014,0.568992,0.00297533,-0.00922425,0.141126,-0.017075,-0.116315,0.00193628,0.0793348,0.277542,-0.00539103,0.00418423],[-0.00526691,0.100244,0.172294,0.0576745,-0.285233,-0.0253172,-0.106149,-0.0173928,0.191336,0.0492773,0.041466,0.0461522,0.145866,-0.206545,1.30432,0.0598339,0.0380891,0.147321,0.0859798,0.0212538,0.00842181,-0.248249,-0.300508,0.474364,0.0650209],[0.0036944,0.0592961,0.731795,0.000293198,-0.757706,0.0696888,-0.394738,-0.0139805,0.00366125,0.0730036,0.111991,0.0269467,0.500681,-0.387318,2.9749,-0.104565,-0.0377694,0.154599,0.255209,0.145053,0.0619271,-0.440032,0.0830212,0.34775,0.844173],[0.00549102,0.0378243,-0.0302977,-0.045001,0.0912114,-0.287673,-0.10632,0.0218249,0.00736101,-0.0350776,-0.0181843,-0.0290309,-0.2394,0.162766,-0.786298,-0.0303704,-0.0198647,-0.559218,0.00944884,0.0184542,0.00136336,-0.0235091,-0.0202029,0.0444493,-0.037537],[-0.112862,-0.0139893,-0.134746,-0.0173108,-0.346973,-0.379764,-0.201034,0.0329011,-0.0520738,-0.0600601,-0.0656716,-0.0552862,0.264509,0.236644,-3.18275,-0.0580809,0.0179025,-1.08357,-0.0494368,-0.011975,-0.017742,-0.0538476,-0.723957,-0.0295523,-0.067493],[-0.0324361,0.0185857,0.010161,0.0151034,-0.187334,-0.0665589,-0.121889,0.0128048,-0.0192724,0.00066446,0.0074853,-0.00379255,-0.0434558,-0.136916,0.371474,-0.00527357,0.00139967,0.0322345,-0.00229629,0.0223946,0.0077865,-0.0570945,0.0648723,-0.0135234,0.0104722],[0.0124569,0.0231508,-0.0923196,0.0921697,0.13048,-0.151582,-0.0658765,-0.0249632,-0.138938,-0.0594508,-0.0532395,-0.0508142,-0.139063,0.663435,-3.96092,-0.0692085,0.0359828,-1.48212,0.0260492,-0.027436,-0.00953764,0.0280755,-0.441506,-0.152761,-0.028039],[-0.00681365,-0.00965121,-0.0182187,-0.00904616,0.0316307,-0.0481701,-0.00619927,0.00348141,0.00357549,-0.000712926,-0.00295049,0.000416656,-0.00537833,-0.0379033,-0.163683,-0.000361012,0.00159157,-0.0674077,-0.00183073,0.0170469,-0.000759648,-0.0132982,0.0102841,0.0146732,0.000132926],[-0.0121152,0.000739916,-0.0229446,-0.00489617,-0.00566564,0.0609517,-0.0253959,-0.0057843,-0.00919678,-0.0125951,-0.0170913,0.0157917,-0.0276505,0.128454,-0.311295,0.0190566,0.0225739,-0.123656,0.00124285,-0.00361851,-0.00318201,-0.128852,0.0747065,-0.00575247,-0.0156032],[0.024156,0.0190358,-0.0199472,0.0117668,-0.00225172,-0.0275899,0.0177231,0.000965611,0.00615821,-0.0100474,-0.0153925,0.00525597,0.0337367,0.0330318,-0.0330482,0.00784226,-0.00375169,0.066112,0.0073389,-0.0050422,-0.000146939,-0.061461,0.128266,0.0154639,-0.0152737],[0.143379,0.155871,0.164725,-0.0257774,0.0322784,0.208481,0.00757219,0.00504796,-0.0697101,-0.0445899,-0.0166017,-0.0836206,0.0550951,0.112119,-0.519235,-0.116681,-0.169192,0.135164,0.069308,0.214291,-0.0556356,0.13761,-0.437005,-0.0651905,-0.0619547],[-0.0621473,0.0413733,0.00111029,-0.0163399,-0.430297,-0.282813,-0.127127,0.0764001,-0.119929,-0.0705145,-0.0671056,0.000620649,0.380016,0.179203,-1.17477,0.0570666,0.00560168,0.856655,0.0191983,0.12827,-0.0576108,-0.687235,-0.150209,0.0954989,-0.00872434],[0.168979,0.0479524,0.077374,0.0813833,0.314659,-0.121471,0.325264,-0.0230963,0.0365417,-0.0710136,-0.0879556,0.0335602,0.749633,0.0705692,2.74778,0.0380744,-0.00925147,0.558241,0.0464168,0.0186811,-0.0173288,0.196238,0.0475113,0.0336682,0.0141813],[0.0874708,-0.00650181,0.11509,0.105255,-0.162724,-0.191783,0.0434713,0.00258398,0.0455689,-0.0865791,-0.0969428,0.0427604,0.453798,-0.392023,2.98868,0.0374459,-0.0550529,0.618657,0.0614126,0.208602,-0.00922068,0.292872,0.0689043,0.217749,0.0124925],[0.196811,0.261024,0.24064,-0.017488,0.387524,0.134911,0.217653,-0.0631242,0.205056,-0.0276156,-0.00833672,0.0280731,-0.0445011,-0.37641,3.03404,0.0564219,0.0458657,0.519308,-0.0326961,0.0452659,-0.0115967,0.837174,0.292833,0.322433,0.0186735],[-0.00146955,-0.0525596,0.0167151,-0.00109791,0.0255536,-0.109619,0.00618728,0.00438906,-0.0412842,-0.00525071,-0.00375337,-0.0141222,-0.0645062,0.125746,-0.89199,-0.00607811,0.00100532,0.0841173,0.00359653,0.0141294,-0.00568583,-0.179527,0.0382669,-0.0250944,-0.00146116],[-0.00621485,0.00331423,0.0982641,0.00501025,-0.0694957,0.000250839,-0.0192935,0.00328126,-0.0189042,-0.0018627,0.00361997,-0.00235349,0.0986348,-0.0690291,-0.0763769,0.000938454,-0.00458292,0.120527,0.000904974,-0.00241014,-0.00236472,-0.0959217,0.0239289,-0.020294,0.00241266],[-0.00423467,-0.00176834,-0.00625678,0.000308663,-0.0231779,-0.0246706,-0.0141007,0.0021482,-0.00230749,-0.00112936,-0.00119311,0.00015196,-0.0030879,0.0150306,-0.0868348,0.000347867,0.000565711,-0.00196017,-0.00173966,0.00327981,-0.000736469,0.00179732,0.00580545,0.00156487,-0.000958286],[-0.0210228,0.0358683,-0.162135,0.0672341,-0.111701,-0.44947,-0.203948,0.0228456,-0.0492444,-0.0758908,-0.0708633,-0.0861476,0.102051,0.54769,-2.75647,-0.12174,-0.0753106,-0.966658,0.0276021,0.0229205,-0.0382094,-0.201561,-0.608188,-0.0199369,-0.0331718],[-0.00796657,0.0316325,0.617027,0.0521613,0.143854,0.143093,-0.0509797,-0.0677839,0.131213,0.0324727,0.0471121,0.0448503,0.591055,-0.262369,3.70897,0.0250362,0.0173883,1.05433,0.042095,-0.154654,-0.0286493,0.754583,0.293594,-0.0485952,0.00876291],[-0.00761605,-0.00100188,-0.0239607,0.00672888,-0.0471644,-0.0266505,-0.0338136,0.00162353,-0.0126282,-0.00397422,-0.00400443,-0.00680459,-0.00241736,0.00928759,-0.133241,-0.0121022,-0.00314068,-0.0818288,-0.00168864,0.0019249,-0.00291293,-0.00291489,-0.00452291,-0.00484711,-0.0062976],[0.143873,0.279433,-0.462482,-0.25912,0.214518,-0.511966,0.1834,0.0297356,-0.0687017,-0.0278264,-0.00782697,-0.0265985,-0.898677,0.687584,-1.60456,-0.0315708,-0.00548381,-0.672849,-0.112998,-0.0621883,-0.0575661,0.3163,-1.181,0.190297,-0.0528464],[0.0721021,0.148493,0.00531336,0.0156196,0.0391728,0.0483161,0.0854187,-0.018785,0.041213,0.0230662,0.0196605,0.0013484,-0.0808761,-0.106059,1.17549,0.00869111,-0.0150698,0.283814,0.0574527,0.0630826,-0.00468585,0.17612,-0.0680805,0.0856959,0.0287962],[-0.0533012,-0.200323,0.380075,-0.269312,-0.540957,-0.0353981,-0.214424,-0.100769,-0.0162838,-0.0183925,0.0609035,-0.0965192,0.544299,2.01834,-4.38078,-0.193843,0.00697931,-5.40534,-0.00405455,-0.38093,0.172157,-1.0888,-0.586666,-0.0482871,-0.0930077],[-0.00179932,0.00291032,-0.00343987,0.0174549,-0.0160667,-0.0252911,-0.00311497,0.00575201,-0.00746758,0.00553391,0.00200457,0.011368,-0.0424682,-0.0142412,0.32982,0.0147987,0.0118494,0.0268155,-0.00422584,0.00245984,-0.00350658,-0.0779709,-0.0470993,-0.00262599,0.00945617],[-0.00166987,0.0395019,-0.144444,-0.0245121,0.0309464,0.0112435,0.032934,-0.0190697,0.00117199,-0.0159167,-0.0213877,-0.00786005,0.0601013,0.222679,-0.99464,-0.00818036,0.0123561,-0.332178,-0.00570535,-0.0909592,0.00804225,0.238161,-0.0389442,-0.0323483,-0.0137941],[0.00391537,0.110396,-0.178118,-0.03682,-0.0937719,-0.0668759,-0.0695088,-0.0184583,0.0522931,0.0422796,0.0315962,0.00358877,-0.0101013,-0.0438444,0.860952,0.0185703,0.00663796,0.158706,0.0176728,-0.0204416,0.00811705,-0.166596,0.235286,0.00820389,0.000102363],[0.0431806,-0.0250341,-0.331754,0.0583841,0.322769,0.00112669,0.376963,-0.0109018,0.0909373,0.0466227,0.00985401,0.00765857,-0.302035,-0.104543,-1.02853,0.0192126,-0.00446168,-0.0121895,0.0914324,0.0032608,-0.028947,1.90457,0.297333,-0.111486,-0.0442012],[0.0426194,-0.0137325,0.0613051,-0.0389008,0.325889,0.197244,0.0429633,-0.0184868,-0.0151907,-0.00648036,0.00191864,-0.00838602,-0.116512,0.0199789,0.145816,-0.00837219,-0.00821057,0.193053,-0.0285788,-0.0507511,-0.00204597,0.389404,-0.212949,0.0436957,-0.0158461],[0.020836,0.0667138,-0.195338,-0.0861893,0.0711253,-0.0929329,0.0205066,0.00850705,-0.0484912,0.000111233,0.00927188,-0.0147985,-0.367341,0.0982264,-0.675109,-0.0201673,-0.0277491,0.05497,-0.0206743,0.0025329,-0.00239894,0.0117274,0.00482675,-0.097741,0.0118033],[0.0133485,0.0185678,0.0182242,-0.0184728,0.0632476,0.04222,0.0469269,-0.00393762,-0.000709252,0.00140554,0.00442985,-0.00248104,0.125769,0.103194,-0.0607256,0.00230297,0.0064223,-0.0774445,0.00285605,-0.0291622,-0.00424975,0.155752,-0.0662791,-0.00144669,-3.39701e-05],[0.0292389,-0.0361093,0.23983,0.0316232,0.044492,0.256281,-0.0446005,-0.00117373,0.0386221,0.0478422,0.0408008,0.00213622,-0.0343902,-0.487537,1.31723,-0.00714404,-0.0522805,1.12886,-0.0459699,-0.0566946,0.0116839,0.0417221,0.355522,0.0540527,0.00915331],[-0.0134498,-0.00209161,-0.0321782,-0.00767353,0.0343089,-0.0478943,-0.0286207,-0.00042983,-0.00378908,-0.011491,-0.0112917,-0.00223485,-0.0169511,-0.00530922,0.161336,-0.00068122,-0.0083427,0.0303654,0.00125137,-0.00199519,0.00216552,-0.00733748,-0.0166371,0.00452979,-0.00245242],[0.00116099,0.00334589,0.00516855,0.00117145,0.0118376,0.0323638,-0.00373668,0.0031535,-0.00798847,-0.00631169,-0.0105255,-0.00410907,0.0667015,0.0158545,-0.357532,-0.00619524,-0.00962068,0.0460748,-0.00287594,0.0130931,-0.00444615,0.0378532,0.0216941,-0.0249583,-0.00743149],[-0.000222045,0.0153015,-0.0309801,-0.00524516,-0.0196595,0.0462835,0.029263,-0.00193301,-0.00422915,0.00292963,-0.00130209,-0.00382406,0.0212183,-0.118101,-0.0682935,-0.00432649,-0.0188996,0.335729,0.000971791,-0.000562443,-0.00231359,0.240611,0.0390029,0.0117101,0.00231987],[0.072421,-0.0747019,-0.136862,-0.10457,0.406568,-0.0849894,0.211252,0.0221167,0.0538903,-0.0394848,-0.0456657,0.0603862,0.0143267,0.39903,-0.968809,0.0659103,0.111495,-0.136431,0.145878,0.08472,0.0360224,0.360485,0.634462,0.272083,-0.0458821],[0.0249355,0.0368757,0.207268,0.00381603,0.0782772,0.3686,0.173231,0.00552656,0.203608,0.0258623,0.0211478,0.0175603,0.308134,-0.369967,3.01481,0.0417458,-0.0131621,1.28297,0.0110728,0.0134109,0.0182813,0.367393,0.141602,0.073278,0.0368145],[0.0153473,0.0333556,-0.0502163,-0.0643418,-0.0631359,0.0461089,0.0895611,0.00328065,-0.0229525,-0.0361977,-0.0416847,0.00410634,-0.200602,0.140656,0.788568,0.00432208,0.0215789,-0.0259852,0.000115373,-0.0644473,-0.0186128,0.0966784,-0.130659,-0.0459627,-0.0315858],[-0.0316443,0.0202255,-0.101355,-0.041959,-0.188025,0.0934154,-0.0932245,0.00678488,-0.0531028,-0.0366751,-0.0414469,0.02957,-0.154495,0.126421,-0.0240709,0.0240196,0.0466252,-0.447711,-0.0105516,-0.0236157,-0.0250646,0.484911,-0.118607,0.0377713,-0.0455744],[-0.010844,-0.14124,0.400449,-0.0778336,0.114872,0.187018,0.142762,0.0190467,0.147838,0.0271177,-0.00286652,-0.0399912,-0.0502253,-0.19368,2.61659,-0.0374962,-0.0277303,0.0532179,-0.12471,-0.0123458,0.0609379,0.38186,0.251509,0.0897484,0.0294637],[0.00999761,-0.0123526,0.0335161,0.0042589,0.020834,-0.0319186,0.00311103,0.000481041,0.0100117,-0.00257763,-0.00323189,0.00354044,0.0262623,-0.000826809,0.243603,0.00837329,0.00257828,0.080987,0.0137207,0.0304677,-0.000132665,0.131556,-0.0280778,0.00347318,-0.000430878],[-0.0114392,0.000529664,0.0266954,-0.00269327,-0.0380336,0.00765732,-0.0166162,-0.00268965,-0.0165335,-0.00391359,-0.00178737,-0.00145359,-0.0126131,-0.00140185,-0.0109916,-0.00106356,-0.00255495,0.0434778,0.0049985,0.0103906,-0.0029145,-0.015592,0.00147637,0.00287321,-0.00181078],[-0.00446702,0.00164425,-0.00752764,-0.00457003,-0.00114574,0.000961953,-0.00438046,-0.000967503,-0.000253311,0.000789832,0.000735402,-0.000354177,0.00491273,-0.0100778,-0.0354856,-0.000239266,-0.000680024,0.0191569,-0.00448084,-0.0125082,0.000104765,-0.00411764,-0.0159127,-0.00623362,0.00068782],[-0.0829917,-0.0236602,0.0440251,-0.0522732,-0.124639,0.0362638,-0.0850606,0.00375289,0.0680847,0.00790302,0.00978848,-0.00869397,-0.153619,-0.491291,3.42568,0.0112038,-0.0525831,0.791322,-0.0609848,-0.0514281,0.0195046,-1.17568,-0.157179,0.0967224,0.0397747],[0.0389725,-0.0734723,0.36598,0.0307401,0.294655,0.295055,0.160976,0.0317623,-0.0379168,-0.0398414,-0.0442313,0.00204786,0.29875,-0.116988,-1.14793,-0.0115362,-0.0119191,-0.147408,0.000165264,0.178944,0.014168,0.139682,-0.0749259,0.0857615,-0.0682612],[-0.00100885,0.00469458,-0.0146974,-0.00288854,-0.00560191,-0.00572831,-0.00118391,-0.0014375,0.00156644,0.00352143,0.00399761,-0.00038573,-0.00925556,0.00175683,0.07791,0.00164291,0.000291511,0.0255978,-0.000940576,-0.0147274,-0.000966856,-0.0142031,-0.00729729,-0.00545825,0.00193104],[-0.115364,-0.215489,-0.131559,0.0859207,-0.452737,-0.257835,-0.0733583,0.0329775,-0.0906698,-0.0563865,-0.0471643,0.00723694,-0.0214611,0.614037,-4.08109,-0.0477326,0.0420094,-1.90205,-0.272883,-0.0103444,-0.0224773,0.175168,-0.78789,-0.204074,-0.0699145],[-0.00686964,-0.0392534,0.0762021,-0.0219139,0.0797557,0.088807,0.0242358,-0.00334413,0.00400694,0.00259217,0.00128508,0.0182115,-0.112295,-0.0896798,0.329246,0.019428,0.00283386,0.173283,0.0405871,0.00154708,-0.000909564,-0.0392193,0.00209768,0.0786407,0.00414531],[-0.255445,-0.132284,-0.335131,0.251321,-0.927826,-0.0864812,-0.733158,0.0795869,0.161081,-0.06009,-0.102775,0.0169717,1.08688,0.112522,-0.185278,0.00525141,0.112789,-1.555,0.0364134,0.255211,0.0790975,-0.0648945,-0.386508,0.190557,-0.0114455],[-0.0036375,0.00263725,-0.0191539,-0.00368148,-0.00607849,0.0312676,-0.00444641,-0.000132728,-0.00931893,0.000605383,0.00046906,-0.00399223,0.00379436,-0.00224177,-0.297667,-0.0045042,-0.0050947,-0.00777321,-0.00339978,-0.00737609,-0.000611358,-0.0531794,-0.010448,-0.0132699,-0.000476013],[-0.00551987,-0.0123795,-0.0170899,-0.023194,0.0131215,0.0114282,0.00297128,-0.00675194,-0.00648666,-0.00392519,-0.00333162,-0.00800468,0.00729525,0.0225033,-0.26335,-0.00821779,-0.00224254,-0.134304,-0.0093193,-0.0696631,-0.000885385,-0.0304174,-0.112656,-0.0418089,-0.00864097],[0.0431987,-0.00170254,0.0627611,-0.00827576,0.202645,0.162069,0.0475401,-0.00761787,-0.04036,0.00630257,0.00418029,0.0105006,-0.0529935,-0.0761001,-0.374736,0.0131652,0.013124,-0.152083,0.0160562,0.0177706,-0.0147731,-0.0086813,0.125492,0.0723118,0.0184542],[-0.0719907,0.0348205,-0.0357401,-0.0824376,-0.199223,-0.0394705,-0.149865,-0.00339955,-0.0571859,-0.0661454,-0.0593335,-0.0288978,-0.225444,-0.124826,-1.80152,-0.00934249,0.0437144,-0.261079,0.023969,-0.0802226,0.0010594,-0.253178,-0.441264,-0.202775,-0.110483]],"sigmahat":[[0.157437,0.0767884,0.111463,0.00668118,0.363332,0.121244,0.254719,-0.0202329,0.0357757,0.0117033,0.0146327,0.00959713,-0.0285418,-0.00840574,1.18522,0.0188186,-0.00414709,0.397077,0.0182069,0.0180915,-0.000734083,0.17369,0.273213,0.0533432,0.0202227],[0.0767884,0.20581,0.02046,-0.0300692,0.0528325,0.137002,0.0525936,-0.028471,0.00987161,0.0101951,0.0159865,0.0138539,0.00646154,-0.255843,1.23896,0.0241424,-0.0143707,0.740386,-0.00365763,-0.0940953,-0.00130476,0.089161,0.200626,-0.00697504,0.0250517],[0.111463,0.02046,1.05269,0.0529237,0.116279,0.458793,0.0254868,-0.00177867,0.0889979,0.00795711,0.0134329,0.0285777,0.142318,-0.845127,4.01271,0.0223919,-0.0302053,1.3121,0.0324409,0.192407,-0.00270618,-0.125912,0.455412,0.14444,0.0141967],[0.00668118,-0.0300692,0.0529237,0.238763,-0.158538,-0.0500496,-0.0988639,0.0145983,0.0379306,0.00732162,0.00805619,0.0129345,0.0405795,-0.0896898,0.810588,0.0159376,0.0135166,0.0706656,0.0230876,0.195917,-0.00349169,-0.118629,0.247728,0.120127,0.00399755],[0.363332,0.0528325,0.116279,-0.158538,2.28574,0.749989,0.995409,-0.0629542,0.102312,0.035612,0.0112674,0.0144032,-0.319477,0.985219,-0.0657317,0.0618313,0.03929,-0.135498,0.0752809,-0.133432,0.00310515,1.07988,0.263075,0.0530771,0.039411],[0.121244,0.137002,0.458793,-0.0500496,0.749989,1.57423,0.291428,-0.0693261,0.161707,0.0694951,0.0621847,0.0687254,-0.0375106,-0.872001,3.53617,0.0728894,0.00725096,0.804391,-0.000329365,-0.094727,-0.000634132,0.679864,0.230194,0.143033,0.0336793],[0.254719,0.0525936,0.0254868,-0.0988639,0.995409,0.291428,0.926231,-0.0340047,0.0875164,0.0454545,0.0357652,0.0161783,-0.122645,0.445433,0.46908,0.0446314,0.0245063,0.145138,0.0330372,-0.0936307,0.0113009,0.338859,0.161531,0.000327237,0.0502307],[-0.0202329,-0.028471,-0.00177867,0.0145983,-0.0629542,-0.0693261,-0.0340047,0.0273522,-0.0036926,-0.00673661,-0.00679067,-0.00494222,0.0107582,0.0328981,-0.210671,-0.00416062,6.09509e-05,-0.0262182,0.0014985,0.0681593,0.0013027,-0.0430411,0.0106273,0.00882233,-0.00484117],[0.0357757,0.00987161,0.0889979,0.0379306,0.102312,0.161707,0.0875164,-0.0036926,0.161091,0.0299578,0.0213672,0.0320131,-0.0035205,-0.183114,2.6518,0.0378529,0.0101119,0.324626,0.0132151,0.0502851,0.0168739,0.21962,0.247308,0.113764,0.0179123],[0.0117033,0.0101951,0.00795711,0.00732162,0.035612,0.0694951,0.0454545,-0.00673661,0.0299578,0.0378818,0.033447,0.0169411,-0.0766836,-0.128205,0.781868,0.0193938,0.00286369,0.261912,0.00139968,-0.00520867,0.00439314,0.0670712,0.100078,0.0181591,0.0267667],[0.0146327,0.0159865,0.0134329,0.00805619,0.0112674,0.0621847,0.0357652,-0.00679067,0.0213672,0.033447,0.0374608,0.0132709,-0.0768525,-0.153083,0.733389,0.0139171,-0.00268378,0.2674,0.000701426,-0.00435701,0.00239838,-0.0110958,0.0803355,0.0190176,0.0260365],[0.00959713,0.0138539,0.0285777,0.0129345,0.0144032,0.0687254,0.0161783,-0.00494222,0.0320131,0.0169411,0.0132709,0.0411221,-0.0194047,-0.139973,1.07146,0.0453444,0.0251035,0.253849,0.00807186,0.00883951,0.00232333,0.0701153,0.100545,0.0712946,0.013928],[-0.0285418,0.00646154,0.142318,0.0405795,-0.319477,-0.0375106,-0.122645,0.0107582,-0.0035205,-0.0766836,-0.0768525,-0.0194047,2.20062,-0.547137,-1.05737,-0.035466,-0.0248074,0.120476,-0.0654274,0.0329621,-0.0244173,-0.218847,-0.389765,0.0463753,-0.0361416],[-0.00840574,-0.255843,-0.845127,-0.0896898,0.985219,-0.872001,0.445433,0.0328981,-0.183114,-0.128205,-0.153083,-0.139973,-0.547137,5.53415,-14.2291,-0.0958122,0.172609,-5.43783,0.0946268,-0.14814,0.00010451,1.05085,-0.810864,-0.49059,-0.117768],[1.18522,1.23896,4.01271,0.810588,-0.0657317,3.53617,0.46908,-0.210671,2.6518,0.781868,0.733389,1.07146,-1.05737,-14.2291,114.339,1.26672,-0.193557,23.651,0.134085,1.17949,0.314791,0.942314,7.2665,3.68177,0.86603],[0.0188186,0.0241424,0.0223919,0.0159376,0.0618313,0.0728894,0.0446314,-0.00416062,0.0378529,0.0193938,0.0139171,0.0453444,-0.035466,-0.0958122,1.26672,0.0659439,0.0334487,0.395863,0.0109509,0.00145234,0.00260645,0.0778328,0.13155,0.0713019,0.0236384],[-0.00414709,-0.0143707,-0.0302053,0.0135166,0.03929,0.00725096,0.0245063,6.09509e-05,0.0101119,0.00286369,-0.00268378,0.0251035,-0.0248074,0.172609,-0.193557,0.0334487,0.0572082,-0.333822,0.00897419,0.00184398,0.00319469,0.165886,0.00155055,0.0259427,-0.00256525],[0.397077,0.740386,1.3121,0.0706656,-0.135498,0.804391,0.145138,-0.0262182,0.324626,0.261912,0.2674,0.253849,0.120476,-5.43783,23.651,0.395863,-0.333822,16.7202,0.0437106,0.254677,-0.0177866,-1.09668,3.29142,0.757724,0.385611],[0.0182069,-0.00365763,0.0324409,0.0230876,0.0752809,-0.000329365,0.0330372,0.0014985,0.0132151,0.00139968,0.000701426,0.00807186,-0.0654274,0.0946268,0.134085,0.0109509,0.00897419,0.0437106,0.0907557,0.0958263,0.00296649,0.0132149,0.0804658,0.0483483,0.00866864],[0.0180915,-0.0940953,0.192407,0.195917,-0.133432,-0.094727,-0.0936307,0.0681593,0.0502851,-0.00520867,-0.00435701,0.00883951,0.0329621,-0.14814,1.17949,0.00145234,0.00184398,0.254677,0.0958263,0.683533,0.00115167,0.0359901,0.526941,0.265542,-0.00480576],[-0.000734083,-0.00130476,-0.00270618,-0.00349169,0.00310515,-0.000634132,0.0113009,0.0013027,0.0168739,0.00439314,0.00239838,0.00232333,-0.0244173,0.00010451,0.314791,0.00260645,0.00319469,-0.0177866,0.00296649,0.00115167,0.0146536,0.0794543,0.0506571,0.00202012,0.00278757],[0.17369,0.089161,-0.125912,-0.118629,1.07988,0.679864,0.338859,-0.0430411,0.21962,0.0670712,-0.0110958,0.0701153,-0.218847,1.05085,0.942314,0.0778328,0.165886,-1.09668,0.0132149,0.0359901,0.0794543,8.30572,0.940223,0.127487,-0.0351913],[0.273213,0.200626,0.455412,0.247728,0.263075,0.230194,0.161531,0.0106273,0.247308,0.100078,0.0803355,0.100545,-0.389765,-0.810864,7.2665,0.13155,0.00155055,3.29142,0.0804658,0.526941,0.0506571,0.940223,3.98867,0.282109,0.0885524],[0.0533432,-0.00697504,0.14444,0.120127,0.0530771,0.143033,0.000327237,0.00882233,0.113764,0.0181591,0.0190176,0.0712946,0.0463753,-0.49059,3.68177,0.0713019,0.0259427,0.757724,0.0483483,0.265542,0.00202012,0.127487,0.282109,0.516838,0.0179092],[0.0202227,0.0250517,0.0141967,0.00399755,0.039411,0.0336793,0.0502307,-0.00484117,0.0179123,0.0267667,0.0260365,0.013928,-0.0361416,-0.117768,0.86603,0.0236384,-0.00256525,0.385611,0.00866864,-0.00480576,0.00278757,-0.0351913,0.0885524,0.0179092,0.0490736]],"n":25,"lags":3}