{"betahat":[[0.170503,0.219412,-0.0803622,0.37127,0.320619,0.697722,0.0118836,0.151521,-0.0330032,0.00392661,-0.0511764,-0.853237,3.41923,-0.0421519,-0.223662,3.116,0.195924,1.22491,-0.0712539,1.32097,0.434877,-0.0748708],[1.0152,0.0183904,0.1098,0.0464372,-0.127866,0.276811,0.369219,-0.0297505,-0.00108344,0.0402341,0.0463249,-0.0759496,-0.380311,0.0497819,0.0615077,-0.299603,-0.0289751,-0.164326,-0.0213108,-0.215173,-0.0818438,0.0438203],[0.127693,1.07488,0.280928,0.0439744,0.30207,0.516853,0.0319731,-0.0822727,0.0662764,0.0561722,0.0434763,-0.251582,2.26146,0.046707,0.00439678,0.500222,0.0119153,-0.115941,-0.00676275,0.423192,0.0163909,0.0406085],[0.0212204,-0.0274915,1.00107,3.71398e-05,0.130777,0.0565886,0.195001,-0.00741279,0.0210536,-0.00514785,-0.000870811,-0.0103461,-0.740595,-0.00473117,-0.0111104,0.0374694,-0.0135529,-0.0128444,-0.00647324,-0.0517967,0.0250096,-0.0223778],[0.0239629,0.124803,-0.163462,0.900085,-0.102947,0.00426512,0.204107,-0.0217692,0.118886,0.02885,0.0568118,-0.230198,3.24419,0.0787456,0.00111255,0.476756,0.00500534,-0.225408,0.00237559,0.150272,0.0688948,0.0462507],[0.0191815,-0.0108453,0.0408974,0.0160859,0.963839,0.0556961,0.080887,0.00623154,0.000789898,0.00705628,0.00220486,0.0950582,0.054767,0.00918231,0.0140462,0.0208559,-0.00468058,0.0180556,-0.000154192,0.00800397,-0.0365183,0.00635019],[0.0086194,0.00137125,-0.0297329,0.00478433,0.0101532,0.895819,0.0681197,0.00613244,0.029616,0.0227734,-0.0130633,-0.119429,0.940495,-0.0103201,-0.0120739,0.130702,0.00389963,0.00251145,0.013202,0.0365722,0.0196978,0.0325087],[0.00978808,0.0455351,0.0304431,0.00303748,-0.0531272,0.0648303,0.805123,-0.0219459,0.0116521,0.0124532,-0.0112883,-0.0413824,0.512196,-0.0198042,-0.0103464,0.0951246,6.83858e-06,-0.0407462,-0.00071845,0.0460827,-0.02047,0.0103034],[-0.125187,-0.0133155,0.185432,0.140639,-0.515129,-0.172325,0.849509,0.965032,-0.0316625,0.117371,0.0351574,-0.881953,2.33865,0.0765236,-0.0370014,2.30302,-0.0306708,-0.227684,0.00941155,1.20839,-0.203553,0.158279],[-0.0451847,-0.0744357,-0.325544,-0.0214212,0.0747687,-0.257145,-0.0935062,-0.0624789,0.909154,0.0563688,-0.00759731,0.283719,-3.17981,-0.101103,0.0166298,-2.98431,-0.0782027,-0.202985,0.00165751,-0.0811688,-0.271166,-0.0166454],[-0.0966459,-0.0244533,0.0896415,-0.0922004,0.24595,0.175871,-0.32685,0.0126032,-0.0536973,1.18947,-0.0309166,-0.45252,-2.08301,0.0368638,-0.00697551,1.19499,0.0301152,0.126126,0.0410065,0.238183,-0.228792,0.0903669],[0.00170598,0.0970215,-0.442982,0.0999471,0.0849855,0.365367,0.182147,-0.0154133,-0.212432,0.0810126,1.02216,0.150575,-0.39779,0.0109023,-0.0500525,0.449336,-0.100917,-0.119992,-0.00869921,0.150175,-0.312843,-0.0555899],[0.0174082,-0.0119305,-0.114142,-0.00256721,0.0728304,-0.0650141,0.01348,-0.000606291,0.0251566,0.0035935,0.00750006,1.08976,-0.457906,0.00225924,0.00704406,-0.201182,-0.000685619,-0.00945308,0.00246264,-0.0692339,0.0199602,-0.00595907],[0.00794195,-0.00119185,0.0197741,0.00311514,0.0176528,0.0217886,0.0140848,-0.00113267,0.000227586,-0.000224546,-0.000639494,-0.00262597,1.04213,-0.00144307,0.000576345,-0.0426827,-0.000581869,0.00434872,-0.000997981,-0.00189723,0.00525017,-0.00192308],[0.182667,0.0259087,0.312707,-0.125606,0.685488,0.745725,0.681626,-0.0452063,-0.0448635,0.120923,0.0177604,-0.579554,-1.14523,1.04526,0.0130257,1.21171,0.0730692,0.00481091,0.0239029,1.04215,-0.216615,0.224605],[-0.186006,-0.0643382,-1.28725,-0.0434534,-0.539292,-0.621605,-0.254332,0.0735358,-0.0442258,-0.0149253,-0.0269374,0.630738,-2.29477,-0.0187973,1.00534,-2.52026,0.0263755,0.0540013,0.0200655,-0.964099,-0.0780223,0.087949],[0.0117625,0.00471627,0.0163895,-0.0129602,0.0688977,0.0307536,0.0341518,-0.00645231,0.00867135,-0.00346908,0.0075845,0.043665,0.0608855,0.0115662,0.00810754,1.0607,0.00334596,-0.00805829,0.00365572,-0.000762596,0.000649187,0.000949505],[-0.0328727,0.0620141,0.4171,0.124507,0.169082,1.31546,0.364655,-0.118484,0.17691,0.0758097,0.0324236,-1.39721,6.27778,0.046097,-0.0558893,2.92769,1.23781,-0.292465,0.0588116,1.27465,0.113947,0.0944672],[-0.00645829,-0.0751229,0.0361146,0.0152267,-0.0390856,-0.0152495,0.440251,0.00234131,-0.0539638,-0.000530508,-0.0142454,0.0674629,-0.517215,-0.0263614,0.00599817,-0.231429,-0.0160028,0.912497,-0.000806288,0.188725,-0.126173,-0.0186368],[0.316224,0.00785646,-0.410776,0.528845,1.64037,-0.415107,0.793949,0.156743,-0.157603,0.062112,0.230386,-2.07623,5.47809,0.373091,-0.0327027,9.47983,0.00490978,0.441622,0.794483,0.141845,-0.0352355,0.204861],[0.0531808,0.0401281,0.176717,0.00223079,0.118733,0.0926951,-0.0355212,-0.0154585,-0.011051,0.00397049,0.00430429,-0.151297,0.611517,0.00700489,-0.0152621,0.30669,0.00290067,0.000205306,-0.0119357,0.323826,0.108044,0.0138524],[0.0197176,0.082422,0.213309,0.0528433,-0.211579,0.0242387,0.217757,-0.0185436,0.183284,0.0406726,0.035195,-0.0862386,0.495234,0.044004,0.0293536,0.145536,-0.0201544,-0.178422,0.00505733,-0.265887,0.624098,0.0599613],[-0.152401,-0.0809261,0.410993,-0.0319007,-0.436419,0.00496383,-0.596296,0.0840921,0.0223858,0.0490221,-0.0537296,-0.0892314,0.424824,-0.137787,-0.0974352,-0.126048,0.0842416,0.277356,0.0525191,-0.398705,0.255555,1.11478],[-0.0436475,0.00386685,-0.0904353,-0.0554234,-0.0107015,-0.304965,-0.0631645,0.0346648,0.00823635,-0.0200745,-0.022005,0.0108601,0.669301,-0.0305499,-0.0446641,-0.0530075,-0.000312566,0.046435,0.015565,0.0762912,0.0368886,-0.0156573],[-0.135837,-0.100676,-0.0781008,0.00753023,-0.352826,-0.403887,-0.01249,0.0516455,-0.0278887,-0.0376027,-0.0337026,0.137056,-1.09907,-0.0356769,0.0157795,-0.518049,-0.0436135,0.0332259,0.00197716,-0.479721,0.0184299,-0.0415173],[-0.0210906,0.0250219,0.00938795,0.000222052,-0.13867,-0.0551983,-0.18665,0.00589673,-0.0298327,0.00310389,-0.000848324,-0.121281,0.540832,0.000375695,0.00397483,0.0531699,0.00426549,0.00991616,0.00487996,0.0957317,-0.0203574,0.0180661],[-0.0346244,-0.0616447,-0.131598,0.0857494,0.137435,-0.258441,-0.297866,0.0090046,-0.131891,-0.0737219,-0.0562702,0.797097,-4.47164,-0.0723098,0.0449153,-1.66229,0.021534,0.161157,-0.00310872,-0.504839,-0.101731,-0.0313335],[-0.00833787,0.00767195,-0.0200385,-0.0120122,0.0108838,-0.0386714,-0.0103548,-0.00165916,-0.0021588,0.00109483,0.00155666,-0.0422276,-0.272253,-0.00267431,0.00224672,-0.0978195,0.00166522,-0.0158467,-0.00103498,-0.0335272,0.0145649,-0.00182907],[-0.00597315,-0.000783955,0.00401246,-0.0056669,0.00941814,0.0599583,0.0105682,-0.00831002,-0.0209771,-0.0165756,0.0147534,0.156745,-0.690482,0.0184363,0.0269675,-0.203398,-0.00774341,-0.0126001,-0.00835192,-0.0307035,0.000269101,-0.0210243],[0.0119154,-0.0318415,-0.00287534,-0.000208099,0.0643678,-0.0286018,-0.0124641,0.00279027,-0.00301894,-0.00944551,8.19109e-05,0.0303396,-0.0800867,0.00568632,-0.00710035,0.162977,0.00536823,-0.00581757,-0.00216579,0.02272,0.0293358,-0.00405517],[0.0852286,0.0961422,-0.130112,-0.0241275,0.0997213,0.0794056,-1.25751,0.0290883,-0.00465101,-0.103082,-0.0906331,0.620202,-3.49324,-0.12861,-0.0926997,-1.5856,0.063701,0.195648,-0.0255843,-0.952532,0.0014083,-0.123587],[-0.0113377,0.0594513,0.0118993,0.0127704,-0.296902,-0.283886,-0.170604,0.0644703,-0.140628,-0.0843958,-0.00414089,0.271237,-1.51203,0.0723089,0.0122223,1.34232,0.0466237,0.0894175,-0.0334311,-0.169771,0.114245,-0.010008],[0.0790469,-0.0661879,0.0355684,0.141117,-0.0109088,-0.263128,0.384831,0.00403633,0.034576,-0.15668,0.0239928,0.210713,2.08871,-0.00781596,-0.0110998,-0.0981495,0.0139523,-0.0485862,-0.0184577,-0.291801,0.130497,-0.0555777],[0.0553743,0.0661264,0.190648,-0.0436429,0.158827,-0.194481,0.0671425,-0.0143566,0.138684,-0.0493452,0.00904947,-0.359132,0.460239,0.0253458,0.0312354,0.481285,0.0642243,0.0791797,-0.0226716,-0.0567467,0.298078,0.0547657],[-0.00624368,0.00669118,0.0950098,0.00849326,-0.0592972,0.0333077,-0.00815686,0.00438536,-0.0125041,0.000399407,-0.00247753,-0.0974578,0.240055,0.00142408,-0.00420824,0.151035,0.000629492,0.00762945,-0.00181253,0.0531667,-0.0204952,0.00497106],[-0.00620115,-0.00254965,-0.0141859,-0.00125863,-0.0241734,-0.0297722,-0.0126878,0.00196041,-0.00351453,-0.00121339,0.000501448,0.020357,-0.0828269,0.000919745,0.000506866,0.00732761,0.000811242,-0.00173088,-8.7037e-05,-0.00744341,-0.00254234,0.000574978],[-0.0694728,-0.0109618,-0.271913,0.107451,-0.265513,-0.607035,-0.246293,0.0377002,-0.0118461,-0.105761,-0.0611501,0.917371,-2.84482,-0.108014,-0.0239578,-1.71962,-0.0168614,-0.0199385,-0.0286415,-0.680494,0.0429317,-0.16729],[0.0668373,-0.00538353,0.941101,0.0656003,0.294688,0.308723,0.0446508,-0.0515982,0.0967836,0.0295388,0.0270091,-0.431991,3.28448,0.0192078,0.0247153,1.86168,-0.00135834,-0.0307583,-0.0340477,0.730312,0.0433829,-0.0187086],[-0.00868263,-0.00281559,-0.0160202,0.0107809,-0.0571985,-0.0295656,-0.0232101,0.00452683,-0.0136944,-0.00274466,-0.00773814,-0.0132845,-0.186903,-0.0138183,-0.00549662,-0.0862488,-0.000731245,0.00643891,-0.00315659,-0.00876303,0.00055362,-0.00517981],[0.169025,0.272748,-0.460352,-0.251925,0.276691,-0.799017,-0.329442,0.0184889,-0.104381,-0.0447197,-0.00907141,0.87568,-2.54406,-0.00779971,0.0387574,-1.10736,-0.159593,0.0336046,-0.0534543,-1.07255,0.230617,-0.0810032],[0.0316586,0.115838,-0.0902816,0.0104552,0.0220387,-0.0243291,-0.375958,-0.00694631,0.0515392,0.000921566,0.00212611,0.0141945,0.335948,0.0105898,-0.00735584,0.11393,0.019738,0.0524494,0.00176873,-0.176917,0.0917015,0.0165444],[-0.0525486,-0.267235,0.949191,-0.662748,-0.40643,0.169513,-0.0495175,-0.138526,-0.157535,-0.0365084,-0.227981,2.4609,-8.06177,-0.362257,-0.0945963,-6.76812,-0.000782307,-0.295891,0.194116,0.0885556,-0.083259,-0.266889],[-0.0148294,-0.00404348,-0.12538,0.011484,0.0134446,-0.00913878,0.0435239,-0.00425297,0.00311314,-0.0142622,0.00318452,0.183753,-0.311162,0.000196584,0.0214175,-0.199114,0.00520082,0.000127022,0.00600218,0.239544,0.0110627,-0.00535263],[0.0206383,0.0946798,-0.167064,-0.0161441,-0.00858448,-0.0677916,-0.31403,-0.0150588,0.0630824,0.0290174,0.00239761,0.0479874,1.03359,0.0203633,0.0240652,0.199171,-0.0119741,-0.0517656,0.00919866,0.215801,0.0871248,-0.0163057],[0.107429,-0.00513315,-0.336055,0.0798514,0.427587,-0.0121189,0.544458,-0.0508392,0.0228317,-0.00110181,0.0327296,0.0922278,-1.30103,0.0601543,0.0271757,-0.0632167,-0.0196693,-0.139349,-0.0503728,0.344087,-0.126746,-0.0518388],[0.0284379,-0.0222661,-0.0193722,0.00898376,0.138555,0.0281356,-0.306061,-0.00491316,-0.00715284,-0.0201621,-0.0243202,0.065105,-0.289043,-0.0192325,-0.0168419,0.352582,0.029288,0.117895,0.00574826,0.138866,0.0449579,-0.0281629],[0.00813742,0.0257794,-0.202837,-0.0515064,0.0507414,-0.112989,-0.0194877,0.0306291,-0.0383864,-0.0185729,-0.00977431,0.114552,-1.16248,-0.0110312,-0.0201743,0.0177911,0.0316988,0.0827212,0.00478937,0.0565087,-0.0348168,0.000908393],[-0.000137654,0.00246119,-0.010479,-0.000263981,0.00787188,-0.00141766,-0.00836619,0.00151709,0.00877606,0.00204069,0.00171805,0.13166,0.199634,0.00435401,0.00713874,-0.0906942,0.00928779,0.00293093,0.00159572,-0.0439622,-0.00465338,0.00431166],[0.0106566,-0.0631692,0.295055,0.0141618,-0.0344973,0.25416,0.0937554,0.0127662,0.0130065,0.0448686,-0.000541943,-0.566884,1.2274,-0.00643629,-0.0460266,1.18552,-0.0265387,0.0642549,0.000736866,0.354551,0.0328422,-0.0149174],[-0.01085,0.00316473,-0.0208709,-0.00407465,0.0252526,-0.0170523,-0.0705469,-0.00457082,0.00136642,-0.00815382,-0.00376213,-0.0528162,0.217418,-0.00650911,-0.0162907,0.0769172,0.00301541,-0.00220235,0.00119066,0.0255032,0.0219533,-0.0045204],[-0.0026547,-0.000601462,0.0257009,0.000880494,-0.0195942,0.0441828,-0.0786995,0.00217994,-0.00864023,-0.00620217,-0.00169142,-0.0372712,-0.250154,-0.00811806,-0.0148905,0.072636,0.00384414,0.0100954,-0.0048465,-0.00589957,-0.0199673,-0.0114845],[-0.00182221,0.00158687,-0.0172245,-0.00564991,0.0157357,-0.0513063,-0.0902343,-0.000113206,-0.00384109,-0.000734956,0.000244373,0.0452705,-0.217382,0.00439263,0.00536865,0.0370803,0.00209461,-0.000896092,-0.00274753,-0.0216305,-0.0129253,0.00225801],[0.0543692,-0.063468,-0.0317077,-0.129569,0.453753,0.143016,0.448844,-0.00265612,0.035997,-0.0115881,0.0566099,0.215457,1.25979,0.0531901,0.124042,-0.615775,-0.0322981,0.00500011,0.0148413,-0.210621,0.20785,-0.0372065],[0.0564757,0.014898,0.313583,0.00864953,0.222037,0.54089,0.264088,-0.00196884,0.231486,0.028002,0.011734,-0.554774,4.69105,0.0287912,-0.0288466,1.64196,0.0315897,0.113624,0.0317979,0.250811,0.156966,0.0266533],[0.0076005,0.0729385,-0.109835,-0.0212114,-0.281528,0.024198,-0.142224,0.00487836,0.0116313,-0.0609967,0.00512251,0.270017,-0.0249239,-0.0279674,0.0264439,-1.03268,-0.0416745,-0.0279747,-0.0242106,-0.00265244,0.0918194,-0.0534881],[-0.0382653,-0.13427,0.312739,-0.0628102,-0.16708,-0.0931753,-0.248867,0.0310741,0.0785499,-0.030962,-0.0420234,0.0930524,0.171742,-0.0421653,0.00585516,-0.830633,0.0300957,0.0265639,0.0266285,-0.0461084,-0.00798757,0.00349956],[-0.00909224,0.00371937,0.0251466,-0.00127777,-0.0106767,0.0351016,0.00368965,-0.00306417,-0.00868596,-0.00298866,-0.00331609,-0.0139696,0.272215,-0.0019473,-0.00400791,0.0778687,0.000507005,0.00735465,-0.000558826,0.0270208,0.00785544,0.00177609],[-0.00231357,0.00324729,-0.00626218,-0.00202818,0.00504668,0.00624494,-0.0027103,-0.000602356,0.0030195,0.0012257,-6.86421e-05,-0.0149203,0.0231884,0.000328147,-0.0010379,0.0321677,-0.000244934,-0.00237088,0.00113829,0.00732036,-0.00307868,0.00137462],[-0.100492,0.0108146,0.00112383,0.0132948,-0.379962,-0.0975119,-0.45464,0.00688143,0.0555905,-0.0152748,0.0307642,-0.409585,3.94733,0.0487119,1.37974e-05,0.524791,-0.0627508,-0.000585055,0.00289048,-0.334329,0.142867,-0.0517165],[0.12347,0.0874286,0.363919,-0.0227175,0.243673,0.337799,0.179905,-0.0235822,-0.0482484,-0.0122151,-0.00244475,-0.260671,-0.859006,-0.00360845,-0.0409532,0.675601,-0.0304867,-0.0427771,0.0127613,0.247165,0.0157744,-0.0650498],[-0.0032078,-0.00217735,-0.000660896,0.00227365,-0.0118857,-0.00170487,-0.0108791,0.00199062,0.00508516,0.00611357,0.000141174,-0.0292788,0.12315,0.00221856,-0.00254053,0.0245087,-0.00258018,0.00187506,-0.000444246,0.0090156,-0.000984593,0.00418545],[-0.135672,-0.334832,0.0440734,0.127751,-0.444056,-0.515818,-0.0336971,0.0999338,-0.0718662,-0.0310701,-0.0229939,0.520989,-3.72208,-0.0380784,0.0172457,-1.81585,-0.0783328,0.259296,-0.00520926,-0.200754,-0.342817,-0.0135404],[-0.024513,-0.0424741,0.0556873,-0.0246936,0.0189323,0.0414425,-0.058606,0.00481798,0.00416548,-0.000902315,0.012513,-0.0818961,0.197151,0.0159322,0.00113076,0.127959,-0.00313287,0.0358119,-0.000355216,-0.0104287,0.0399413,0.00139107],[-0.244278,0.276912,-0.509971,0.128118,-1.17018,0.286144,-0.707989,-0.0239234,0.315512,-0.0222238,0.00039418,-0.397637,2.80629,-0.00708271,0.127025,-2.6588,-0.00673203,-0.163741,0.00732607,-0.183359,0.113146,0.0590836],[-0.0120914,-0.0137768,-0.0405394,-0.0034821,-0.04544,-0.0653406,0.0149367,0.00748426,-0.00777426,0.00278736,-0.00749785,0.0248927,-0.232466,-0.0053585,0.00444435,-0.133608,-0.00376978,-0.00973178,-0.00116801,0.0838432,-0.0620792,-0.00747456],[0.0462259,-0.00798561,0.0581985,-0.00595274,0.205529,0.163844,0.15719,-0.0114724,-0.030937,-0.00294321,-0.00386573,-0.0160538,-0.222216,-0.000362832,0.00743654,0.0123787,-0.00516901,-0.0421596,-0.00440373,0.184709,0.0775264,0.00891462],[0.0338463,0.0724177,-0.0534887,-0.0159582,-0.0947256,-0.0822974,-0.0495351,-0.0191807,-0.0521149,-0.0747127,0.0167431,0.0516152,0.625054,0.0615569,0.0847929,0.120831,-0.0667708,-0.093152,-0.00018822,-0.0246055,-0.127933,-0.106674]],"sigmahat":[[0.166158,0.112927,0.0513411,-0.0533898,0.450593,0.186353,0.271546,-0.0429255,0.026205,0.0247134,0.00595578,0.0414292,0.961787,0.0144702,-0.00565563,0.340189,-0.00954591,-0.144551,0.000920779,0.182924,-0.0260288,0.0257322],[0.112927,0.334745,-0.0980892,-0.123954,0.166075,0.251312,-0.0432646,-0.0823534,-0.0119982,0.0531003,0.0206583,-0.214507,1.18029,0.028756,-0.0145658,0.572356,-0.0276459,-0.354705,-0.00132391,0.226008,-0.173351,0.0552686],[0.0513411,-0.0980892,1.1643,0.0665712,0.0746998,0.485348,0.0426654,0.0410777,0.116392,-0.0230927,0.0109244,-1.0349,3.8326,-0.000615363,-0.0455667,1.67283,0.0325947,0.278231,0.000428122,0.314273,0.251469,-0.0284981],[-0.0533898,-0.123954,0.0665712,0.283147,-0.260591,-0.0747884,-0.139751,0.0507482,0.0565448,-0.029492,0.0042379,-0.127413,0.510055,0.00215725,0.00886616,0.0397689,0.0298188,0.268945,-0.00245838,-0.145967,0.210785,-0.0245553],[0.450593,0.166075,0.0746998,-0.260591,2.70974,0.957462,1.38081,-0.116652,0.121308,0.0744741,3.7015e-05,1.13323,0.873289,0.0619446,0.0339449,0.0988975,-0.0268044,-0.333345,0.0135841,0.60366,-0.0422258,0.0758197],[0.186353,0.251312,0.485348,-0.0747884,0.957462,1.91578,0.307385,-0.101028,0.224244,0.111847,0.0718232,-1.20656,5.76695,0.0729088,-0.0254946,1.49768,-0.00339301,-0.163181,0.0142987,0.780546,0.200959,0.0525508],[0.271546,-0.0432646,0.0426654,-0.139751,1.38081,0.307385,2.24113,-0.0331867,0.0914228,0.038799,0.0177641,0.788172,0.2611,0.0416241,0.0617378,-0.363276,-0.0331559,-0.143655,0.0197083,0.536153,0.0641575,0.0274289],[-0.0429255,-0.0823534,0.0410777,0.0507482,-0.116652,-0.101028,-0.0331867,0.054289,0.00623559,-0.030002,-0.00946512,-0.00443797,-0.289231,-0.00779447,-0.00240133,0.0423558,0.0151028,0.173978,0.00103106,-0.0758093,0.0784836,-0.0191017],[0.026205,-0.0119982,0.116392,0.0565448,0.121308,0.224244,0.0914228,0.00623559,0.196824,0.0196249,0.0311682,-0.261561,2.98923,0.033555,0.0022263,0.365768,0.00644897,0.0717021,0.0196603,0.128752,0.180753,0.00867934],[0.0247134,0.0531003,-0.0230927,-0.029492,0.0744741,0.111847,0.038799,-0.030002,0.0196249,0.0581225,0.018818,-0.132017,0.678265,0.0205318,0.0017152,0.160811,-0.0135838,-0.104257,0.00287853,0.137745,-0.0502184,0.0415121],[0.00595578,0.0206583,0.0109244,0.0042379,3.7015e-05,0.0718232,0.0177641,-0.00946512,0.0311682,0.018818,0.045759,-0.137584,1.08238,0.0491177,0.0280926,0.194854,-0.00221616,-0.0231307,0.00153521,0.0359351,0.0557081,0.0142754],[0.0414292,-0.214507,-1.0349,-0.127413,1.13323,-1.20656,0.788172,-0.00443797,-0.261561,-0.132017,-0.137584,6.63167,-16.1095,-0.0709489,0.25129,-6.41814,-0.0438837,-0.289432,-0.00606762,-1.01005,-0.681023,-0.0980054],[0.961787,1.18029,3.8326,0.510055,0.873289,5.76695,0.2611,-0.289231,2.98923,0.678265,1.08238,-16.1095,120.421,1.20472,-0.216118,21.6388,-0.0110609,-0.192839,0.312179,4.28842,3.80083,0.687374],[0.0144702,0.028756,-0.000615363,0.00215725,0.0619446,0.0729088,0.0416241,-0.00779447,0.033555,0.0205318,0.0491177,-0.0709489,1.20472,0.0727649,0.0387294,0.330447,-0.00380263,-0.0285121,0.00148208,0.0505531,0.0435123,0.0269726],[-0.00565563,-0.0145658,-0.0455667,0.00886616,0.0339449,-0.0254946,0.0617378,-0.00240133,0.0022263,0.0017152,0.0280926,0.25129,-0.216118,0.0387294,0.0707906,-0.434994,-0.00342053,-0.0133084,0.0012969,-0.0711169,0.00910538,-0.00380749],[0.340189,0.572356,1.67283,0.0397689,0.0988975,1.49768,-0.363276,0.0423558,0.365768,0.160811,0.194854,-6.41814,21.6388,0.330447,-0.434994,18.6437,0.0864908,0.433757,-0.00854232,3.02916,1.1205,0.260695],[-0.00954591,-0.0276459,0.0325947,0.0298188,-0.0268044,-0.00339301,-0.0331559,0.0151028,0.00644897,-0.0135838,-0.00221616,-0.0438837,-0.0110609,-0.00380263,-0.00342053,0.0864908,0.0314124,0.0838815,0.000300304,-0.00583871,0.0520502,-0.00657534],[-0.144551,-0.354705,0.278231,0.268945,-0.333345,-0.163181,-0.143655,0.173978,0.0717021,-0.104257,-0.0231307,-0.289432,-0.192839,-0.0285121,-0.0133084,0.433757,0.0838815,0.826465,0.00111919,-0.246269,0.479327,-0.0782035],[0.000920779,-0.00132391,0.000428122,-0.00245838,0.0135841,0.0142987,0.0197083,0.00103106,0.0196603,0.00287853,0.00153521,-0.00606762,0.312179,0.00148208,0.0012969,-0.00854232,0.000300304,0.00111919,0.0106455,0.0245052,0.00748319,0.00186734],[0.182924,0.226008,0.314273,-0.145967,0.60366,0.780546,0.536153,-0.0758093,0.128752,0.137745,0.0359351,-1.01005,4.28842,0.0505531,-0.0711169,3.02916,-0.00583871,-0.246269,0.0245052,2.70838,-0.155457,0.108283],[-0.0260288,-0.173351,0.251469,0.210785,-0.0422258,0.200959,0.0641575,0.0784836,0.180753,-0.0502184,0.0557081,-0.681023,3.80083,0.0435123,0.00910538,1.1205,0.0520502,0.479327,0.00748319,-0.155457,0.833811,-0.0474727],[0.0257322,0.0552686,-0.0284981,-0.0245553,0.0758197,0.0525508,0.0274289,-0.0191017,0.00867934,0.0415121,0.0142754,-0.0980054,0.687374,0.0269726,-0.00380749,0.260695,-0.00657534,-0.0782035,0.00186734,0.108283,-0.0474727,0.0744541]],"n":22,"lags":3}