{"betahat":[[0.9821,0.048249,-4.27815,0.405661,6.82519,4.53122,5.36597,0.535914,-2.49047,1.36777,1.03356,1.15153,33.8138,-2.45325,19.9409,1.86822,2.47169,-7.40467,39.6934,23.7235,0.771256,5.75486,-1.03035,2.20815,2.98677,-5.4913,-0.234853],[0.926266,-0.0475343,-0.114842,0.113023,-0.507882,0.058224,0.0413465,0.00930192,-0.014634,0.0369975,0.0106129,0.0473387,0.388851,-0.104385,0.519526,0.0504536,0.0429382,0.152753,0.0352837,-0.0624536,-0.0204225,-0.723675,-0.11178,0.0540103,0.100064,-0.0952706,0.048048],[0.0636129,0.932305,0.274348,0.122199,0.138864,0.415489,0.0793679,-0.0346278,0.0930102,0.0554964,0.0551207,0.0851959,0.0587519,-0.280838,3.79085,0.0994917,0.0345426,0.757506,0.106015,-0.148711,0.000184351,0.207924,-0.14417,0.0392486,0.55402,0.163898,0.045975],[0.0145822,-0.036516,0.949778,0.00907293,0.1095,0.0387296,0.0668665,-0.0148007,0.0251044,-0.0026165,-0.0120459,0.00356331,-0.0680586,-0.0214576,-0.0858547,-0.00369804,-0.0152661,0.12128,-0.0377116,-0.0157986,-0.000437802,0.0294745,-0.0118572,-0.00819583,0.0105685,0.00998506,-0.011141],[0.000106478,0.0412144,-0.126841,0.859091,-0.0284226,0.0176467,0.243838,-0.000570549,0.12276,0.016982,0.0175657,0.0396412,0.288939,-0.302386,3.18198,0.0612404,-0.0148239,0.869622,0.0941996,-0.104797,-0.00146783,0.489243,-0.0447255,0.0167283,0.103693,0.158166,0.0222463],[0.0258673,0.0204175,0.0517887,0.0106044,0.920211,0.0871114,0.0281193,-0.00388003,0.00044353,0.00831133,0.0106352,0.00085364,0.0457748,0.0525725,0.0516504,0.00391601,0.00857637,-0.015775,0.00485609,-0.0138198,-0.000231579,0.0458918,-0.0344767,0.00852356,0.0938994,-0.0369999,0.000706713],[0.0309269,0.0292869,0.004963,0.00101851,0.0228491,0.91553,0.0507148,-0.00469343,0.0411443,0.0275257,0.0353831,-0.0050388,-0.0806963,-0.193073,1.14053,0.000114895,-0.0102355,0.23895,0.0343022,-0.00147981,0.0056123,0.190177,-0.00364124,0.0111515,0.0231973,0.0351975,0.0334325],[-0.0145651,-0.0180955,0.046503,-0.0178924,0.0140363,-0.0394068,0.958828,-0.00564925,0.00411662,0.00644017,0.0206974,-0.00708175,-0.0625231,0.0754267,0.223235,-0.00937409,0.0162665,-0.344503,-0.0241319,0.00840258,0.00589185,-0.214946,-0.0242116,0.0232455,-0.151561,-0.0149327,0.0133873],[-0.0671368,0.0555862,0.447049,0.0654894,-0.330828,0.149433,-0.00288807,0.867474,-0.0936627,0.00720363,-0.0318309,-0.0181578,0.293342,-1.0803,-0.660039,-0.0100496,-0.0562029,2.49529,-0.122473,0.617699,-0.0235391,-1.51698,-0.979331,-0.0679447,0.861602,-0.232383,-0.0495143],[0.129118,0.0347024,-0.236525,0.0374424,0.443275,-0.218178,-0.0230488,-0.084671,0.895297,0.0583266,0.0620847,0.0332993,-0.941692,0.012448,-0.485669,-0.00699263,0.0560717,-1.49114,0.0114892,-0.120685,0.0152014,-0.843527,-0.457716,0.0902123,0.485114,-0.136763,-0.0124999],[0.147204,0.265858,0.0555223,-0.358756,1.00669,1.19905,0.359372,-0.0359371,-0.12191,1.21264,0.282267,0.0786183,-0.899441,-1.41525,-0.740658,0.164845,-0.142659,3.67737,-0.0979959,-0.168234,0.0332621,0.197359,-0.451021,0.106223,0.358387,-0.0953452,0.342682],[-0.192657,-0.416745,0.080306,0.228462,-0.092367,-0.759165,-0.364254,0.0964006,-0.00264256,-0.129199,0.837354,-0.135997,0.390091,1.71033,-7.51643,-0.128713,0.123156,-1.47771,-0.0259753,-0.144287,-0.00245549,-1.67384,0.246848,0.0182896,0.0783301,-0.152462,-0.196448],[-0.00972841,-0.0267998,-0.0472092,0.0330422,0.490686,1.04489,0.475206,0.0762883,-0.0881398,0.0623513,0.0818697,0.941901,-0.823059,0.0993137,0.623841,-0.0117781,0.00479047,0.211186,-0.382587,0.382234,0.0328845,-1.66665,1.08291,0.0480049,-0.270873,-0.0730488,-0.212021],[-0.0051103,0.0733135,-0.0398366,0.00438738,-0.0246464,0.166041,-0.0105109,-0.00555471,0.0392291,0.00985,0.0075997,0.0117342,1.04516,-0.173767,0.846119,0.000995044,-0.00512591,-0.0768337,-0.00743585,-0.0718616,-0.000239492,0.0174953,-0.0547071,0.00499569,0.0176873,0.0288932,0.00450399],[0.00618725,-0.00813574,-0.10699,0.0019746,-0.00220864,-0.0809325,-0.0125646,0.00562702,0.0243195,0.00529951,-0.00178434,0.00678668,-0.0464169,1.01676,-0.707462,0.0030941,0.00397243,-0.15716,0.0209362,-0.0147199,-0.00308764,-0.0190626,0.039618,-0.00172375,-0.0464524,0.0272962,-0.00163741],[0.00440792,0.00167382,0.0095399,0.00237773,-0.0072742,-0.000234397,0.00364398,-5.28186e-06,-0.00244635,-0.000943256,-9.09408e-06,-0.00154654,-0.000206143,-0.0013324,0.790652,-0.00224244,-0.00137024,-0.0334672,-0.00967376,-0.00555753,-0.00252222,-0.0302513,-0.00463808,-0.00179851,0.00225555,0.00117126,-0.0013998],[0.219115,-0.00222858,0.271071,-0.162508,1.26411,0.674801,0.633649,-0.0415908,-0.157706,0.0769295,0.0577751,-0.0427291,0.333994,-0.133177,-3.99535,0.9428,0.0104906,0.8198,0.438125,-0.0746281,-0.00738513,-0.267644,-0.358926,0.0182616,1.10365,-0.306785,0.281036],[-0.224058,-0.0780872,-1.36016,0.050294,-0.864211,-0.541816,-0.452854,0.0664615,0.0483796,0.0804047,0.0530015,0.0608666,-1.28092,0.078073,-1.86787,0.012914,0.887472,-2.18681,0.195519,0.112128,0.0109777,-1.80991,-0.49642,0.102697,-0.487115,-0.268413,0.131654],[0.00734012,-0.00420158,0.0176385,-0.0048447,0.0620876,0.00774809,0.0332587,-0.000355706,0.0123908,-0.00406908,-0.00341727,0.00676622,0.0019859,0.0449731,0.0249902,0.0113371,0.00560931,0.974859,0.0085469,-0.0115943,0.000781627,0.0575209,0.014213,-0.000164998,-0.00880161,0.0189435,0.00334283],[-0.123463,-0.0579726,0.0551999,0.149805,-0.62071,0.0281002,-0.357623,-0.0380168,0.0175082,0.00975297,0.0224412,-0.0185074,0.139308,-0.455891,1.25762,-0.0333118,0.000912578,-0.214056,0.119058,0.0202425,0.0218223,-1.01666,-0.0476907,0.00805014,0.0183462,0.0302228,0.0341674],[-0.0412173,-0.00323978,-0.124394,0.000763534,-0.27897,0.0893005,-0.115188,0.0171506,0.0234965,0.0114372,0.0213074,0.00840248,-0.178444,-0.00100187,-0.662522,0.00908197,0.0301544,-0.307271,-0.00394382,0.212982,-0.0147335,0.740235,-0.0635525,0.0181491,-0.070379,-0.0882357,-0.0187214],[0.430941,0.699054,-0.608989,-0.0995229,2.0283,0.475497,0.819878,-0.200585,-0.274856,0.0891053,0.0732407,0.0471615,-1.70423,-0.324732,-3.08057,0.132981,-0.0934978,8.02426,0.128347,-0.668301,0.682296,4.04974,1.55701,-0.0314488,-0.675967,-0.376131,0.144144],[-0.046732,-0.048778,-0.0182157,0.00868535,-0.0549073,0.0367131,-0.03452,0.0102748,-0.0122108,0.00143438,0.000952485,-0.0107584,0.00227955,0.0192806,-0.680003,-0.0211067,-0.00505446,-0.233082,-0.0126748,0.0285865,-0.00965863,0.695746,0.043388,0.00407537,-0.243445,-0.015925,-0.00433075],[-0.000941506,-0.00160607,-0.0957525,-0.0225691,0.1599,0.0644683,0.0223105,-0.0119296,0.0470385,-0.00356061,-0.0100851,-0.00994162,0.069502,0.0922525,-0.195372,-0.0237503,-0.0111526,-0.0790994,0.0199716,-0.0294184,-0.00114814,0.131161,0.858728,-0.00888029,0.123182,-0.0638845,-0.020274],[-0.406785,-0.0972768,-0.928083,0.119825,-1.21226,-1.04266,-0.949753,0.105748,-0.0107704,-0.110949,-0.0999654,-0.0899438,-0.784774,0.53661,0.58065,-0.109479,0.0247247,-2.67017,0.243759,0.387854,0.0289027,-0.477371,0.499375,0.910729,-0.547676,-0.0954681,-0.0622129],[-0.0359101,0.00694122,-0.00398578,-0.00667107,-0.0631979,-0.018155,-0.0820538,-0.00973203,-0.0295951,0.00511088,0.00692985,-0.00523014,0.102731,0.049878,-0.163506,-0.00861385,-0.00324444,-0.0644849,0.00868863,0.0426034,-0.00590431,0.0323418,0.118362,0.00579722,0.11574,-0.0540885,0.0023368],[-0.0265271,0.0283508,0.240793,0.0556648,-0.362081,-0.0405807,-0.128435,-0.0148827,0.202085,0.025193,0.0132616,0.035645,0.252438,-0.0383825,0.762388,0.0305975,0.0400256,-0.38878,0.0161627,0.0456965,-0.000755619,0.302156,0.178602,0.0243039,-0.414331,0.518563,0.0530576],[0.025962,0.00797022,0.882375,-0.00474955,-0.53254,0.494626,-0.188778,-0.0634998,0.0851244,0.130107,0.157287,0.072391,0.787577,-0.598551,5.59629,-0.0564374,-0.00987452,0.462344,0.311895,0.0204972,0.0580532,-0.785568,0.241257,0.0961292,0.777117,0.374385,0.942889],[0.0272898,0.0746672,0.00751217,-0.0486943,0.136572,-0.206711,-0.0774973,0.0144061,0.0290043,-0.0202015,-0.00265647,-0.0374759,-0.310646,0.0628263,-0.704302,-0.0459952,-0.0398866,-0.24448,-0.015534,0.0897097,0.0022081,0.690406,0.248331,-0.0384072,-0.0168452,0.0726089,-0.0233086],[-0.076848,0.0187429,-0.0799627,-0.00388124,-0.280155,-0.300356,-0.11287,0.0211845,-0.0242788,-0.044831,-0.0516873,-0.0620856,0.328507,0.0902259,-2.57937,-0.0687266,0.000642719,-0.755363,-0.0881713,0.128905,-0.0109569,-0.252937,0.00995508,-0.0299441,-0.616919,-0.0516306,-0.0498708],[-0.0320787,0.023647,0.0307384,0.00729052,-0.191059,-0.0640711,-0.126474,0.016764,-0.0208865,0.00139623,0.00733231,-0.0029261,-0.0669373,-0.142155,0.252466,-0.00275008,0.00203365,0.0347551,0.00490322,0.0274502,-0.00130096,-0.0629337,0.0179053,0.000742805,0.0698075,-0.0151309,0.0095217],[-0.0093245,0.0416306,-0.110661,0.0854551,0.0711972,-0.170509,-0.159505,-0.0134925,-0.142437,-0.0614942,-0.0576137,-0.0398245,-0.246475,0.720063,-4.36445,-0.0514286,0.0570459,-1.6887,-0.0239019,0.130854,0.00067218,-0.604126,0.112911,-0.0223901,-0.462371,-0.204889,-0.0339559],[-0.00659933,-0.00945974,-0.019324,-0.00815219,0.0451638,-0.0423196,0.0107185,0.00295056,0.00556591,0.00459066,0.00116591,0.00202835,-0.0289942,-0.0457915,-0.0948638,-0.00121368,0.000999435,-0.0150124,-0.00153744,0.00701308,-0.00066475,0.126117,0.048155,0.0033216,-0.0411749,0.027042,0.00447925],[-0.0169225,-0.0178989,-0.00708542,-0.00576305,0.00394618,0.0497883,-0.0158348,0.000962254,-0.0304887,-0.0173493,-0.0218902,0.0120115,-0.0312223,0.157254,-0.523077,0.0112493,0.0187,-0.181905,-0.0327568,-0.00804146,-1.94118e-05,-0.115808,-0.00436712,-0.00385009,-0.0271006,-0.0122861,-0.0211292],[0.0230186,0.00514064,-0.00531096,0.0193004,0.0165539,-0.0172281,0.0280117,0.00589001,-0.00203815,-0.0103247,-0.0175904,0.00439992,0.020926,0.0362441,-0.0512977,0.00379899,-0.00689431,0.0680355,0.0241807,-0.00264012,-0.000609564,0.368518,0.0369927,-0.0163281,0.0779512,0.0145285,-0.0166452],[0.125156,0.205321,0.0491713,-0.0564475,0.0969904,0.286273,-0.0137054,-0.00124844,-0.0271146,-0.0384599,-0.00645244,-0.0804296,0.0502925,0.395108,-1.03862,-0.109761,-0.166718,-0.0427817,0.0781088,-0.0118734,-0.0022652,-0.0800066,0.713439,-0.0432821,-0.629817,0.0346598,-0.0273619],[-0.0997876,0.00913306,-0.0499314,-0.0636175,-0.458141,-0.196425,-0.0664238,0.0589925,-0.123953,-0.0711337,-0.0694482,-0.0377933,0.453433,0.29247,-2.00969,-0.0141849,-0.0370333,0.412374,0.0153744,0.0981207,-0.00563985,0.385819,0.135762,-0.0589222,-0.504025,-0.0124655,-0.0107718],[0.0857658,0.000669853,0.058424,0.0995155,0.101475,-0.23235,0.228247,-0.0171375,-0.0284033,-0.0727573,-0.0846387,0.000179559,0.941951,-0.00987388,1.85848,-0.0127347,-0.0286689,0.486833,0.0591899,-0.0126041,-0.000787771,0.325845,0.0996749,-0.0713309,-0.0765485,0.00676836,-0.00986738],[0.0448957,-0.0144507,0.071209,0.0898009,-0.304447,-0.270798,-0.0784409,0.00525528,-0.00226592,-0.0874059,-0.092755,0.0277017,0.62574,-0.650492,2.25771,0.0133209,-0.0620657,0.610482,-0.00916729,0.0837781,-0.00503926,-0.272576,-0.0787497,-0.0849908,0.11353,0.139012,0.0100006],[0.123452,0.169921,0.229969,0.00367438,0.142315,-0.0408565,0.113241,-0.0381097,0.130329,-0.0478551,-0.0148199,0.00679524,-0.0542045,-0.521402,1.64613,0.0173748,0.0413274,0.103232,-0.116639,-0.0648732,0.00101513,0.470811,-0.573211,-0.0254854,-0.0677708,0.394442,0.00598309],[-0.00718424,-0.0650577,0.0185638,0.00176648,0.00391479,-0.110776,0.00139549,0.00477443,-0.0439244,-0.00500456,-0.00301754,-0.0140065,-0.0828258,0.149684,-1.01964,-0.00719102,0.00320624,0.00923682,-0.00909188,0.0542771,0.000792985,-0.148329,0.0367997,-0.00380589,0.0149364,-0.0347463,-0.00503968],[-0.00248878,0.0110872,0.0874629,0.00367862,-0.0468338,0.0117695,-0.00542623,0.000943388,-0.0133662,-0.000142864,0.0049492,-0.00387218,0.099677,-0.0694406,-0.012939,-0.000692749,-0.0070595,0.16913,0.00246534,0.000101309,-0.000579,0.0241861,-0.0278396,-0.00103344,0.0339564,-0.0270171,0.00271301],[-0.00391629,-0.00208133,-0.00446021,-7.29251e-05,-0.0186687,-0.0229995,-0.0117674,0.00186942,-0.00200274,-0.000920677,-0.000999855,7.09661e-05,-0.00872495,0.0192111,-0.0779634,7.99133e-05,0.000419706,0.00512566,0.00266119,0.00193624,-0.000192037,-0.00637877,0.0172225,-2.84065e-05,0.00239435,8.96804e-05,-0.000714059],[0.035386,0.0901551,-0.164884,0.120963,-0.133248,-0.491365,-0.179375,0.0200704,-0.0544058,-0.0757473,-0.0710668,-0.0862151,0.113811,0.541724,-2.99309,-0.114901,-0.086934,-0.882147,-0.11668,-0.0794875,-0.00176611,0.225367,0.130148,-0.044859,-0.358006,-0.0898967,-0.0302377],[-0.0636453,-0.0103924,0.562528,0.0645849,-0.0389715,-0.0776036,-0.148512,-0.0520407,0.0623001,0.0115295,0.0353612,0.0100288,0.844805,-0.138517,2.09483,-0.023787,0.0120823,0.575242,-0.0192115,-0.0571612,-0.0304756,1.1179,0.259068,-0.0247282,-0.104632,-0.02116,-0.00709531],[-0.00276179,0.00126632,-0.0147764,0.0109327,-0.0431005,-0.014302,-0.0268038,0.00100445,-0.0103184,-0.0021138,-0.0025767,-0.00499772,-0.00835512,-0.00764835,-0.0557378,-0.010801,-0.00296846,-0.0291815,-0.00554358,0.010425,-0.000403996,-0.0577502,0.010441,-0.00149519,0.0320062,-0.00577498,-0.00515098],[0.0725254,0.100556,0.066998,-0.20057,0.473819,-0.0629222,0.121672,0.0329718,-0.0205422,-0.02993,-0.0395244,-0.0332321,-0.0852034,0.172164,-0.0621443,-0.0178201,-0.0573584,0.618686,0.0679001,-0.121993,-0.000221755,0.534175,-0.0533825,-0.0552043,0.0329906,-0.0210849,-0.0421826],[0.108872,0.0632841,0.0816322,0.0280104,0.13964,-0.113351,0.192525,-0.0118481,-0.00209479,-0.00814817,-0.00773576,-0.0352931,0.117093,-0.212859,1.29165,-0.048172,-0.0552179,0.4681,0.0163738,0.0348292,0.0146807,-0.0691824,0.0638848,-0.0210665,0.0513277,0.0338185,0.0266345],[0.076177,-0.38254,1.71896,0.425462,-1.2504,-0.0533478,-0.295947,0.234584,0.582427,0.15722,0.201719,0.111565,0.393977,-0.732548,8.19573,0.072329,0.062187,-3.18748,0.502852,0.351216,0.106033,-1.47308,-0.527391,0.124206,2.11975,1.02552,0.0215124],[-0.00950417,-0.0198313,0.00944886,0.00728787,-0.00579132,-0.0580518,-0.0307804,0.00857948,-0.022725,-0.0118897,-0.0106472,-0.000134094,0.0340583,0.0629277,-0.379979,0.00326735,0.00589764,-0.0656764,0.0108228,0.0406058,-0.00256784,-0.103452,-0.0184561,-0.00449191,-0.0590731,-0.0069898,-0.00497747],[0.0223118,0.00911027,0.073333,0.0163952,-0.105181,-0.102971,0.0373187,0.0070492,-0.0371976,0.00113862,0.0129846,0.00231702,-0.0877703,-0.0381646,0.406981,0.00606999,-0.00900064,0.0298092,-0.0150491,-0.0022778,0.00289666,0.0118812,0.190437,0.0073555,-0.171247,0.0602452,0.0159997],[0.226474,-0.00721753,0.652618,0.0980619,0.807502,0.615949,0.633839,-0.0600758,0.273755,0.0393156,0.0224171,0.0994687,0.272141,-0.0261175,6.09811,0.143829,-0.00958722,1.2899,0.0340562,0.0979181,0.0148427,0.858923,-0.0258459,-0.054463,0.141557,0.135808,0.044383],[-0.00770525,0.0413599,-0.142837,-0.0147477,0.0289704,0.0145389,0.0306692,-0.0148613,-0.00468701,-0.0176115,-0.0234351,-0.0099111,0.0475541,0.29293,-1.30015,-0.00712369,0.0181449,-0.510953,0.00934436,-0.0367282,-0.0022853,0.275949,-0.0688743,-0.00179448,-0.203861,-0.0125902,-0.0122922],[-0.0154244,0.135263,-0.219671,-0.0288122,-0.175116,-0.0917798,-0.103315,-0.0229833,0.0491832,0.0500719,0.0396877,0.00116146,-0.0360382,-0.0436325,0.923205,0.0141566,0.0104879,0.131097,0.0319231,0.0329753,0.000158052,0.352311,-0.167668,0.0286779,-0.00680479,0.120634,0.00481026],[0.035579,0.0062394,-0.43163,0.0548441,0.240704,-0.21169,0.315074,0.0139394,-0.00995531,0.0291148,0.000836407,-0.0129391,-0.507964,-0.165029,-2.33045,0.00784542,-0.0156802,-0.0458235,0.0863573,0.202026,-0.0248978,0.409834,-0.228862,0.0176428,-0.168598,-0.0851856,-0.0695287],[0.0463858,-0.0271346,0.10737,-0.0644312,0.371159,0.148312,0.0359631,-0.0236591,-0.0142944,-0.0167629,-0.00791686,-0.0098505,-0.0783522,0.0408723,0.189477,-0.00445048,-0.00310673,0.0925379,-0.0198872,-0.0271172,0.0182111,0.0335848,-0.136699,-0.0156111,-0.0835956,0.0228537,-0.0246631],[0.0130399,0.0487055,-0.194298,-0.118415,0.140627,-0.115392,0.0334049,0.0135014,-0.0687458,-0.0106321,-0.00341554,-0.0231347,-0.38802,0.189165,-1.209,-0.0307945,-0.0352292,-0.0011836,-0.0180291,0.0201936,0.0107791,0.0442154,0.133604,-0.00931352,0.0627738,-0.112513,0.00392881],[0.0172275,0.0128938,0.0186115,-0.0162441,0.080342,0.0249219,0.0589211,-0.00190899,-0.00432669,0.00122156,0.0047319,-0.000659618,0.135558,0.162284,-0.165201,0.00640743,0.0131412,-0.15433,0.0324708,-0.0118718,0.00170734,0.0314076,-0.00574077,0.00744973,-0.0802825,0.00501808,0.00166368],[0.00907387,-0.0828708,0.237666,0.0553481,-0.0433464,0.152796,-0.0847492,0.0141277,0.0197313,0.0445426,0.0400397,0.000302652,-0.0430647,-0.418955,1.18779,-0.0096813,-0.0421139,0.820819,-0.0705445,-0.0253712,0.000768006,0.113615,-0.0688728,0.00566884,0.358916,0.0468931,0.0117571],[-0.0194933,-0.0110607,-0.0327708,-0.00242142,0.0332208,-0.0458746,-0.0397886,0.000996943,-0.00621461,-0.0129656,-0.0118016,-0.00301638,-0.016734,-0.00723172,0.0423246,-0.00283329,-0.00970224,0.0306878,-0.00352598,0.00682156,0.000859734,-0.174156,-0.0131764,-0.0118958,-0.0528304,0.00983208,-0.00508939],[-0.0141758,-0.0115958,0.00215411,0.00478721,-0.0275995,0.0335214,-0.03513,0.00381489,-0.010754,-0.0102112,-0.0134851,-0.00711229,0.111013,0.0355134,-0.615532,-0.0114787,-0.00863782,-0.0551431,-0.00167126,0.00955629,-0.00559826,-0.0754471,0.00823994,-0.00736945,0.00402474,-0.0233584,-0.0122175],[-0.0103261,0.0122376,-0.0404517,-0.00104189,-0.0387019,0.0513883,0.00496853,2.3683e-05,-0.00277395,0.00336125,-0.00334719,0.00204954,0.042083,-0.1141,-0.149418,0.00486265,-0.0104016,0.283847,-0.00103818,-0.00679304,-0.00533784,-0.160951,-0.00875696,-0.00752365,0.0723557,0.0015653,0.00359363],[0.0129505,-0.190717,-0.201036,-0.0597792,0.36181,-0.0837589,0.175884,0.0442248,0.0513686,-0.0387369,-0.0365379,0.0719697,-0.000474289,0.535556,-1.83388,0.0730114,0.146354,-0.591969,0.158311,0.122634,0.0119767,-1.01168,0.116995,0.0201933,0.401588,0.312486,-0.0523196],[-0.0297669,-0.0443222,0.286653,0.0253755,0.016086,0.414986,0.0891061,0.0261296,0.228498,0.0132096,0.00750777,0.00493943,0.481579,-0.309344,2.52357,0.0220336,-0.0188815,1.09108,-0.0287045,0.0253257,-0.00961079,0.44949,0.315593,-0.0312943,0.0220628,0.150037,0.0240389],[-0.0223244,0.0485075,-0.12555,-0.0484171,-0.257013,-0.072183,-0.043706,0.00135707,-0.0260269,-0.0313308,-0.0348086,-0.00386681,-0.177505,0.0758059,1.10391,-0.00500555,0.0272529,-0.154089,-0.0763607,-0.102223,-0.0109572,0.22613,0.107881,-0.0111092,-0.167732,-0.0203445,-0.0142559],[-0.0473109,0.0642043,-0.237116,-0.0163031,-0.348202,-0.00703639,-0.224711,-0.00194747,-0.0631677,-0.0376799,-0.0371906,0.0246781,-0.129155,0.0759347,-0.102526,0.0183905,0.05274,-0.701098,-0.0781072,-0.0310694,-0.016805,0.027368,0.0378667,-0.00546495,-0.0956314,0.00817371,-0.0272923],[-0.036506,-0.158897,0.304119,-0.0847659,0.131157,0.0803052,0.0831212,0.00554119,0.165906,0.0182169,-0.0175991,-0.0392493,0.0516626,-0.0349356,2.03883,-0.0443844,-0.00439111,-0.43549,-0.104259,-0.145751,0.0233874,0.810432,-0.628124,-0.008676,0.418424,0.0338057,0.00891014],[0.0133048,-0.00730529,0.0268933,-0.00225729,0.0204546,-0.0433343,0.00690564,-0.000428438,0.006717,-0.0043972,-0.00439768,0.00254782,0.0254346,0.003692,0.266128,0.00620227,0.00120662,0.0712644,0.0168912,0.0282992,-0.000197161,0.150157,0.0102406,-0.00124084,-0.0348967,0.0101426,0.000898167],[-0.00964888,0.000129782,0.0261033,-0.00689341,-0.0227863,0.0168394,-0.00732004,-0.00468951,-0.0149314,-0.00338804,-0.000843736,-0.00313579,-0.0195513,0.00953144,-0.0163949,-0.00498067,-0.00563367,0.0307535,-0.00411141,0.00655852,-0.000872445,-0.0524047,-0.0167396,-0.0017164,0.00985598,-0.0047587,-0.00285383],[-0.00394959,0.00187341,-0.00550399,-0.00585294,0.00247207,0.00314563,-0.00220184,-0.000743313,0.000368056,0.00128272,0.00117055,0.00015827,0.00432034,-0.0106674,-0.0262236,0.000588075,-0.000503249,0.0247084,-0.00256128,-0.00412228,0.000608,0.0242338,-0.00373453,0.00050929,-0.0147085,-0.00559469,0.00103713],[-0.110073,0.00103325,0.0479139,-0.0560516,-0.301963,0.0338254,-0.205655,-0.00733915,0.0716052,0.00240165,0.00565672,0.00261385,-0.153051,-0.55909,3.82682,0.0303318,-0.0405228,0.728798,-0.157472,-0.0724701,0.00385721,0.220792,-0.121595,-0.0180718,-0.172049,0.107633,0.0230035],[0.0438209,0.00185364,0.299727,0.0450952,0.0800953,0.165829,0.0389112,0.0318547,-0.0422589,-0.0369229,-0.0355327,0.00323829,0.329978,-0.131732,-0.841806,0.00155715,0.00337019,-0.263915,-0.153577,0.142014,-0.00308407,0.46982,0.205527,-0.01305,0.00814747,0.109624,-0.055033],[-0.00228365,0.00328437,-0.00902398,-0.00516935,-0.00387681,0.00356322,6.19683e-05,-0.00186274,0.00196129,0.00402559,0.00441822,-0.00199997,-0.00936137,0.0017043,0.0546631,-0.000752717,-0.00120575,0.0179228,-0.000236998,-0.00743,-0.000517789,0.00821519,-0.0070698,0.00123854,-0.0187135,-0.00669861,0.00162755],[0.0705098,-0.035786,-0.0813866,0.0387213,0.320549,0.0987251,0.326629,-0.00602716,0.00784113,0.0216931,0.0183291,0.0485107,-0.160717,0.434761,-1.44679,0.0537307,0.0573578,-0.381722,-0.109805,0.0618781,-0.0123717,0.594061,0.0961877,0.0455603,-0.0215909,-0.0165978,0.0155162],[-0.0226712,-0.052967,0.145186,-0.0243845,0.17101,0.113553,-0.0198562,-0.00257949,0.00639375,-0.00615236,-0.017199,0.0228619,0.0187536,0.0407961,0.255995,0.0245974,0.00924001,0.0111873,-0.00735419,0.0280533,0.00300567,-0.355778,-0.0223574,-0.0055859,-0.0061916,0.106942,-0.00948117],[-0.452015,-0.255674,-1.00412,-0.337532,-1.05235,-0.901065,-0.784002,-0.0771725,-0.327664,-0.272145,-0.287888,-0.149298,1.11407,1.61701,-6.39343,-0.200085,0.0776594,-5.51528,-0.328088,-0.339813,0.129669,-1.41609,-0.516538,-0.0961241,-1.87108,-0.527341,-0.172616],[0.00958503,0.0103615,-0.018115,0.0124499,0.0183865,0.000413598,0.0136352,-0.00303785,0.00593572,0.0059755,0.00765851,0.00175535,0.0182739,0.0250925,0.120177,0.00499928,0.00397227,0.0107905,0.00599954,0.0157592,0.000510095,0.0154718,0.0187357,0.00421072,0.00458019,0.0228566,0.00867424],[-0.0216024,-0.00819952,0.0217903,0.00525813,-0.0527322,0.0391524,-0.0584302,0.00511409,-0.00900635,0.00245554,-0.00299553,0.00753995,0.0108942,-0.0511705,-0.188686,0.0176604,0.0200773,0.0538893,-0.00595701,0.0341578,-0.00167039,-0.14161,-0.0517127,0.00140705,0.0500926,0.00469943,0.00416957],[0.0852377,0.00889607,0.0288766,-0.0671161,0.350429,0.275998,0.175217,-0.000882824,-0.0769373,0.00674798,-0.0118076,0.0415313,-0.388893,0.583119,-2.31278,0.0603796,0.0786297,-0.185196,-0.0212425,0.0570462,-0.0113625,0.0420966,-0.275429,0.0427869,0.252878,-0.00638655,-0.0165514],[-0.00124174,-0.0161871,-0.0292725,-0.0274066,0.0326713,0.026693,0.0235426,-0.007459,-0.0104107,-0.00351674,-0.00256973,-0.00746758,-0.00464404,0.0314796,-0.346714,-0.00601554,-0.00335357,-0.0826428,0.00140206,-0.0312977,0.000702217,0.101685,-0.0256344,-0.00427893,-0.0999536,-0.0381947,-0.00354953],[0.0595124,-0.00120179,0.0732754,-0.0238931,0.314113,0.225708,0.0878049,-0.0158165,-0.0328891,0.00459089,0.00690652,0.00526616,-0.0614654,-0.0551177,-0.680509,0.00420036,-0.000957074,-0.108737,-0.0219161,-0.040717,-0.00267948,0.0795571,-0.0712146,0.0107817,0.0986104,0.077809,0.0108465],[-0.0507155,0.0895311,-0.163084,-0.0638603,-0.322355,-0.239956,-0.225109,0.0027434,-0.0443761,-0.0825807,-0.0716534,-0.0233772,-0.286704,0.080033,-2.59627,-0.00233595,0.0635134,-0.58998,-0.0425999,0.0333708,-0.0299693,0.275681,-0.0423337,-0.0387676,-0.567866,-0.180134,-0.116661]],"sigmahat":[[0.10914,0.0427469,0.0810644,0.00887231,0.271134,0.0869204,0.18417,-0.0110736,0.0149735,0.00452515,0.00777922,0.00220479,-0.0158191,0.0486255,0.562033,0.00803151,-0.000613239,0.119368,-0.00120885,-0.0276983,0.000435371,0.273519,-0.0253309,0.000562229,0.0981612,0.0368973,0.0137905],[0.0427469,0.170772,0.0223294,-0.0164098,-0.0175314,0.121418,0.0061118,-0.0183885,-0.00581824,0.00504152,0.0114079,0.0104858,0.0333365,-0.22397,0.754042,0.0164684,-0.011175,0.488319,0.000752215,-0.0576797,-0.00067234,0.297972,-0.0834957,-0.00541393,0.0165566,-0.00223063,0.021984],[0.0810644,0.0223294,0.954604,0.0354603,0.101319,0.434759,-0.00983297,-0.00591817,0.0851901,0.00307707,0.00873549,0.0155554,0.12621,-0.786905,3.61878,0.00613313,-0.0336497,1.18287,-0.0265578,0.023162,-0.00333653,-3.09444e-07,-0.0792257,-0.0234819,0.349935,0.137655,0.0106878],[0.00887231,-0.0164098,0.0354603,0.219906,-0.121018,-0.0574638,-0.0990605,0.0123879,0.0387295,0.0049406,0.00250643,0.0133121,0.0346966,-0.0849469,0.796381,0.0178894,0.014057,0.129629,0.0157955,0.0859118,-0.00488439,-0.286357,0.0447816,0.0024978,0.299501,0.10481,0.00431789],[0.271134,-0.0175314,0.101319,-0.121018,1.96643,0.666581,0.848757,-0.0402904,0.0649082,0.033724,0.0162431,0.000588242,-0.31857,0.908263,-0.290214,0.0460771,0.0401601,-0.403103,0.0166922,-0.17319,0.0156881,0.751974,-0.103482,0.0200245,0.0967253,0.0588566,0.0468025],[0.0869204,0.121418,0.434759,-0.0574638,0.666581,1.50213,0.235697,-0.0652484,0.133746,0.0579113,0.0554888,0.0467944,0.0137553,-0.850693,3.26674,0.0504229,-0.00976707,0.784357,-0.0354136,-0.150133,0.00185771,0.854967,-0.388836,0.0223069,0.173836,0.131922,0.0385961],[0.18417,0.0061118,-0.00983297,-0.0990605,0.848757,0.235697,0.81106,-0.022289,0.0539858,0.0362662,0.0288605,0.0043781,-0.121274,0.484268,-0.0534663,0.0295461,0.0249777,-0.126518,-0.0121206,-0.145196,0.0137094,0.808377,-0.10256,0.0267454,-0.00782728,-0.0120744,0.0381533],[-0.0110736,-0.0183885,-0.00591817,0.0123879,-0.0402904,-0.0652484,-0.022289,0.0237637,0.00100963,-0.00467892,-0.00550256,-0.0023964,-0.000394418,0.0213252,-0.0482271,-0.000251252,0.00113406,0.0337402,-0.00416942,0.0352312,0.0012394,-0.127126,0.0362714,-0.00323118,0.0669434,0.00371253,-0.00258993],[0.0149735,-0.00581824,0.0851901,0.0387295,0.0649082,0.133746,0.0539858,0.00100963,0.13854,0.0243883,0.017095,0.0254681,0.0113364,-0.174608,2.27552,0.0307084,0.00849974,0.273862,-0.0025315,-0.0155693,0.00200492,0.304699,-0.0128848,0.00497878,0.128881,0.126502,0.0147716],[0.00452515,0.00504152,0.00307707,0.0049406,0.033724,0.0579113,0.0362662,-0.00467892,0.0243883,0.0334557,0.0284587,0.0145224,-0.0701019,-0.11467,0.712129,0.0171718,0.00239981,0.22295,0.00125767,-0.0128435,0.00263963,0.0949889,-0.0640722,0.0177298,0.0619197,0.0221656,0.0232364],[0.00777922,0.0114079,0.00873549,0.00250643,0.0162431,0.0554888,0.0288605,-0.00550256,0.017095,0.0284587,0.0315002,0.0105429,-0.0677972,-0.131056,0.634032,0.0109359,-0.00349686,0.223118,0.001632,-0.0147017,0.00256104,0.101324,-0.0397576,0.0163753,0.0515371,0.0208931,0.0211884],[0.00220479,0.0104858,0.0155554,0.0133121,0.000588242,0.0467944,0.0043781,-0.0023964,0.0254681,0.0145224,0.0105429,0.0376074,-0.0211924,-0.13296,0.963938,0.04128,0.0242755,0.202008,0.00523236,-0.0110515,0.00165596,-0.0160153,-0.0588591,0.0127123,0.0568564,0.0614369,0.013379],[-0.0158191,0.0333365,0.12621,0.0346966,-0.31857,0.0137553,-0.121274,-0.000394418,0.0113364,-0.0701019,-0.0677972,-0.0211924,2.14307,-0.546238,-0.849233,-0.037898,-0.0311099,0.291284,0.0168413,0.099144,-0.0222651,0.0424998,-0.0108091,-0.0533054,-0.321258,0.0308422,-0.0429464],[0.0486255,-0.22397,-0.786905,-0.0849469,0.908263,-0.850693,0.484268,0.0213252,-0.174608,-0.11467,-0.131056,-0.13296,-0.546238,5.35922,-13.5932,-0.093715,0.164739,-5.32667,0.0234775,-0.128411,-0.00250738,-0.287669,0.913021,0.0087718,-0.625488,-0.502789,-0.118741],[0.562033,0.754042,3.61878,0.796381,-0.290214,3.26674,-0.0534663,-0.0482271,2.27552,0.712129,0.634032,0.963938,-0.849233,-13.5932,106.271,1.13515,-0.143034,21.6637,-0.0852007,-0.123355,0.219155,5.24089,-2.25676,0.0185935,3.6744,3.75772,0.815753],[0.00803151,0.0164684,0.00613313,0.0178894,0.0460771,0.0504229,0.0295461,-0.000251252,0.0307084,0.0171718,0.0109359,0.04128,-0.037898,-0.093715,1.13515,0.0606691,0.0324913,0.313498,0.0110873,-0.01726,0.00282068,-0.025836,-0.089612,0.0118844,0.0791403,0.0600651,0.0237618],[-0.000613239,-0.011175,-0.0336497,0.014057,0.0401601,-0.00976707,0.0249777,0.00113406,0.00849974,0.00239981,-0.00349686,0.0242755,-0.0311099,0.164739,-0.143034,0.0324913,0.0546488,-0.324444,0.00573166,-0.0121388,0.000400019,-0.0908423,-0.0304741,0.0154593,0.000838336,0.0200436,-0.00265388],[0.119368,0.488319,1.18287,0.129629,-0.403103,0.784357,-0.126518,0.0337402,0.273862,0.22295,0.223118,0.202008,0.291284,-5.32667,21.6637,0.313498,-0.324444,15.1096,0.119568,0.18522,0.0485473,0.00544813,-0.788399,-0.0914968,2.10034,0.85906,0.357008],[-0.00120885,0.000752215,-0.0265578,0.0157955,0.0166922,-0.0354136,-0.0121206,-0.00416942,-0.0025315,0.00125767,0.001632,0.00523236,0.0168413,0.0234775,-0.0852007,0.0110873,0.00573166,0.119568,0.124046,0.0101779,0.0015106,-0.0108519,-0.0503331,0.00153612,0.100571,0.0136809,0.0101187],[-0.0276983,-0.0576797,0.023162,0.0859118,-0.17319,-0.150133,-0.145196,0.0352312,-0.0155693,-0.0128435,-0.0147017,-0.0110515,0.099144,-0.128411,-0.123355,-0.01726,-0.0121388,0.18522,0.0101779,0.36911,0.00312041,-0.574562,0.0624632,-0.0134493,0.125508,0.0774892,-0.0126904],[0.000435371,-0.00067234,-0.00333653,-0.00488439,0.0156881,0.00185771,0.0137094,0.0012394,0.00200492,0.00263963,0.00256104,0.00165596,-0.0222651,-0.00250738,0.219155,0.00282068,0.000400019,0.0485473,0.0015106,0.00312041,0.0075885,-0.0151282,-0.0169324,0.00155116,0.0157307,0.00822942,0.0031396],[0.273519,0.297972,-3.09444e-07,-0.286357,0.751974,0.854967,0.808377,-0.127126,0.304699,0.0949889,0.101324,-0.0160153,0.0424998,-0.287669,5.24089,-0.025836,-0.0908423,0.00544813,-0.0108519,-0.574562,-0.0151282,7.79296,-0.45602,0.0260231,-1.31584,-0.0620696,0.0629198],[-0.0253309,-0.0834957,-0.0792257,0.0447816,-0.103482,-0.388836,-0.10256,0.0362714,-0.0128848,-0.0640722,-0.0397576,-0.0588591,-0.0108091,0.913021,-2.25676,-0.089612,-0.0304741,-0.788399,-0.0503331,0.0624632,-0.0169324,-0.45602,1.41248,-0.0349562,-0.200694,0.00747643,-0.0643467],[0.000562229,-0.00541393,-0.0234819,0.0024978,0.0200245,0.0223069,0.0267454,-0.00323118,0.00497878,0.0177298,0.0163753,0.0127123,-0.0533054,0.0087718,0.0185935,0.0118844,0.0154593,-0.0914968,0.00153612,-0.0134493,0.00155116,0.0260231,-0.0349562,0.0212773,0.00537928,0.00853026,0.00811755],[0.0981612,0.0165566,0.349935,0.299501,0.0967253,0.173836,-0.00782728,0.0669434,0.128881,0.0619197,0.0515371,0.0568564,-0.321258,-0.625488,3.6744,0.0791403,0.000838336,2.10034,0.100571,0.125508,0.0157307,-1.31584,-0.200694,0.00537928,2.95553,0.233479,0.0527415],[0.0368973,-0.00223063,0.137655,0.10481,0.0588566,0.131922,-0.0120744,0.00371253,0.126502,0.0221656,0.0208931,0.0614369,0.0308422,-0.502789,3.75772,0.0600651,0.0200436,0.85906,0.0136809,0.0774892,0.00822942,-0.0620696,0.00747643,0.00853026,0.233479,0.450541,0.0163667],[0.0137905,0.021984,0.0106878,0.00431789,0.0468025,0.0385961,0.0381533,-0.00258993,0.0147716,0.0232364,0.0211884,0.013379,-0.0429464,-0.118741,0.815753,0.0237618,-0.00265388,0.357008,0.0101187,-0.0126904,0.0031396,0.0629198,-0.0643467,0.00811755,0.0527415,0.0163667,0.042623]],"n":27,"lags":3,"seasonalRows":0}