{"betahat":[[0.178357,0.233907,0.164942,0.268543,0.294764,0.708982,-0.0381881,0.156148,-0.00913304,0.00957214,-0.00510313,-1.05484,5.29003,0.0229483,-0.203369,3.49415,0.179363,1.26509,-0.162747,1.57099,0.324457,-0.100578],[1.00917,0.0121893,0.128399,0.0378562,-0.152583,0.260339,0.350336,-0.0245908,-0.00865982,0.0373045,0.0425645,-0.111799,-0.674857,0.0436409,0.0589176,-0.279652,-0.0305317,-0.144025,-0.0130008,-0.234353,-0.0878346,0.036007],[0.126964,1.08303,0.259374,0.0456655,0.286857,0.530249,-0.0142221,-0.0872808,0.0687105,0.0578453,0.0404454,-0.224077,2.25189,0.0418762,0.00354685,0.397669,0.0146451,-0.131471,0.00984465,0.400016,0.00909057,0.0424867],[0.0139151,-0.0297313,0.99101,-0.00493228,0.110718,0.0511613,0.175747,-0.00766993,0.0222833,-0.00704406,-0.000578289,0.0096025,-0.815428,-0.00547561,-0.00847202,-0.0239711,-0.0142921,-0.015097,-0.00532567,-0.0615903,0.0261985,-0.0247097],[0.0253029,0.118655,-0.170587,0.889597,-0.0660638,0.0121927,0.20729,-0.0200417,0.121973,0.0274352,0.0580773,-0.226658,3.15601,0.0809326,0.000833998,0.473257,0.00476473,-0.212663,0.0129098,0.138204,0.0892608,0.0399237],[0.0196834,-0.00896599,0.03741,0.0201637,0.967291,0.060312,0.0793606,0.0053859,0.0012831,0.00775738,0.00182932,0.100381,0.0949992,0.00919161,0.012912,0.0129305,-0.00395161,0.0162281,-0.00155021,0.0105078,-0.0363252,0.00781831],[0.0108394,0.00018186,-0.0240006,0.00584862,0.0113003,0.892346,0.0759689,0.00736543,0.031812,0.0223211,-0.0138293,-0.124846,0.974248,-0.0112682,-0.0125446,0.135845,0.00341308,0.00579446,0.012566,0.0424654,0.0207992,0.0321363],[0.0129993,0.0472925,0.0350451,0.000375426,-0.0464915,0.0659083,0.811707,-0.0243405,0.0105599,0.0148934,-0.0104866,-0.0447956,0.573014,-0.019273,-0.0104356,0.117655,-0.00158333,-0.0491334,0.00765643,0.0621005,-0.0229475,0.0111615],[-0.132625,-0.0473334,0.156257,0.181407,-0.45606,-0.252771,0.871037,0.980369,-0.0531847,0.115037,0.0388177,-0.939399,2.04569,0.0855396,-0.0375749,2.59557,-0.0256607,-0.158095,0.0113058,1.12672,-0.186604,0.155097],[-0.0311895,-0.0747954,-0.327954,0.00722259,0.116612,-0.239618,-0.0103557,-0.063169,0.905727,0.0666107,0.000277015,0.22827,-2.9448,-0.0932893,0.0119894,-2.72073,-0.0721088,-0.205663,0.028668,-0.0532648,-0.292684,-0.0041929],[-0.0909479,-0.0119653,0.0843564,-0.103078,0.265335,0.204306,-0.327644,0.00424149,-0.0401546,1.19456,-0.030482,-0.413841,-1.84011,0.0383222,-0.00747131,1.17606,0.0321198,0.087262,0.0649955,0.270539,-0.260543,0.0931638],[0.0289493,0.103348,-0.400643,0.10234,0.095351,0.283202,0.157318,-0.00682309,-0.226777,0.086471,1.02843,0.113716,0.0243638,0.0258853,-0.0518615,0.801765,-0.109063,-0.096715,-0.0113269,0.136519,-0.272278,-0.0553215],[0.0199826,-0.00897365,-0.11368,-0.00444113,0.0804437,-0.0589605,0.0156039,-0.00192493,0.0271923,0.00384194,0.00826206,1.08613,-0.39992,0.00332814,0.00712771,-0.197674,-0.0012351,-0.0143887,0.000464147,-0.0702179,0.0198166,-0.00517971],[0.00815387,-0.00140064,0.0193774,0.00367116,0.0197966,0.0227632,0.0159366,-0.00124484,0.000620234,0.000236144,-0.000278002,-0.00242328,1.05986,-0.000900016,0.000568355,-0.0362168,-0.00044337,0.00410182,-0.000558631,-0.00043787,0.00573951,-0.00126938],[0.179361,0.0188928,0.325077,-0.166426,0.722742,0.715384,0.709739,-0.0514352,-0.0629556,0.107134,0.0188327,-0.520747,-1.74226,1.0485,0.0284731,1.32644,0.0613702,-0.00254359,0.0268892,1.09326,-0.231749,0.211268],[-0.204219,-0.0777102,-1.3038,-0.0215579,-0.609176,-0.59366,-0.246766,0.0837834,-0.0301194,-0.0127995,-0.0254563,0.570382,-1.9713,-0.0217513,0.996909,-2.61065,0.0390752,0.0798997,0.0318016,-0.989902,-0.0595601,0.0941231],[0.0129327,0.00544973,0.0198805,-0.0127087,0.068632,0.0342332,0.0347488,-0.00647324,0.00966125,-0.003314,0.00763921,0.036544,0.0909905,0.0113569,0.00702591,1.06519,0.00384224,-0.00801445,0.00567635,0.00187953,0.00171897,0.000924574],[-0.0121608,0.0739423,0.461251,0.113397,0.254191,1.30302,0.446289,-0.1257,0.16839,0.0896187,0.0418608,-1.48273,6.52331,0.059882,-0.0551376,3.20166,1.23119,-0.317195,0.0932887,1.38948,0.0680783,0.108752],[0.00349747,-0.0703244,0.0382559,0.0165724,-0.0138926,-0.0206665,0.430886,0.00277484,-0.0581277,-0.000249631,-0.0130062,0.0504237,-0.496801,-0.023431,0.00339916,-0.0895548,-0.0176505,0.907123,-0.00618308,0.197561,-0.127666,-0.0164113],[0.105058,0.00524914,-0.272797,0.141625,0.884278,-0.655559,-0.233126,0.152812,-0.211723,-0.112507,0.0669422,-1.1407,-1.32848,0.174199,-0.010614,4.86075,-0.067204,0.507254,0.701571,-0.389484,0.0413999,-0.028],[0.0537926,0.0431431,0.169682,0.00278847,0.121826,0.0924229,-0.0280049,-0.0172546,-0.0109784,0.0056172,0.00714853,-0.144353,0.64903,0.0102634,-0.0127583,0.29801,0.00245514,-0.00973518,-0.0136578,0.300827,0.108867,0.0162323],[0.022043,0.0919589,0.206493,0.0609293,-0.208559,0.0373798,0.205747,-0.0173853,0.186541,0.0380817,0.0345079,-0.114856,0.561275,0.0452624,0.0309288,0.156355,-0.0217745,-0.175192,-0.00156937,-0.280705,0.623203,0.059687],[-0.151089,-0.0937927,0.412198,-0.0351747,-0.436046,0.0356964,-0.570687,0.0753686,0.00774167,0.063069,-0.0570024,-0.0333798,0.459065,-0.146942,-0.102229,-0.382724,0.0838592,0.245237,0.086531,-0.371074,0.228352,1.1223],[-0.0390206,0.0115846,-0.110294,-0.0538769,0.0116096,-0.309153,-0.0386238,0.0304086,0.00936491,-0.0215296,-0.0210439,0.0843529,0.778775,-0.0288936,-0.0374973,-0.219343,0.00176323,0.0287285,0.0175515,0.078457,0.0438105,-0.0115173],[-0.142127,-0.110778,-0.0693679,0.00469918,-0.357556,-0.429248,0.0169406,0.0554131,-0.0320718,-0.04063,-0.0352583,0.137445,-1.18674,-0.0351798,0.0159594,-0.516589,-0.0455608,0.0430144,-0.00183986,-0.475349,0.0153341,-0.0454044],[-0.0185637,0.0241266,0.0188055,0.00612663,-0.133628,-0.0477385,-0.177089,0.00657744,-0.0298346,0.00505097,-0.000583673,-0.142806,0.621034,0.00129604,0.00258565,0.089129,0.00514175,0.0129152,0.0074587,0.107809,-0.0191516,0.0216481],[-0.042032,-0.0588933,-0.127159,0.0887834,0.0870332,-0.283636,-0.297488,0.0063248,-0.139755,-0.0779054,-0.0573772,0.815357,-4.47379,-0.0741222,0.0493073,-1.78497,0.0194765,0.143505,-0.00972182,-0.533988,-0.132597,-0.0289462],[-0.00764841,0.00599474,-0.018562,-0.0133246,0.0123622,-0.0360715,-0.00439984,-0.00230287,-0.00195153,0.00130421,0.00266715,-0.0427959,-0.341836,-0.00183099,0.0040414,-0.097326,0.000662657,-0.0170658,-0.00105922,-0.0363316,0.0154564,-0.00218396],[-0.00755012,0.000757711,0.00333687,-0.00778281,0.0158435,0.0659193,0.00360596,-0.00910612,-0.0234229,-0.0166683,0.0157285,0.151395,-0.687396,0.0200615,0.0270728,-0.182719,-0.00648541,-0.0137856,-0.00754549,-0.0324787,-0.00272384,-0.0204733],[0.0092839,-0.0338963,-0.00287371,0.000592293,0.0517781,-0.0338277,-0.0175923,0.00470898,-0.0018822,-0.0111279,-0.00141531,0.0412125,-0.141891,0.00404895,-0.00771518,0.133786,0.00615277,-0.00078673,-0.00144673,0.0141648,0.0323366,-0.00548435],[0.0931775,0.121123,-0.0963499,-0.0385923,0.0436007,0.121035,-1.28238,0.0211312,0.00314997,-0.104293,-0.0936297,0.6415,-3.51156,-0.136786,-0.0959617,-1.78371,0.0626752,0.168852,-0.0453355,-0.979419,-0.0051259,-0.125015],[-0.0127334,0.0652483,0.0151493,-0.0129589,-0.322252,-0.294366,-0.215254,0.0601295,-0.148173,-0.0879807,-0.0123625,0.3156,-1.73176,0.0611016,0.00906197,1.17658,0.0429159,0.0790398,-0.0601186,-0.17564,0.124628,-0.0203583],[0.0802376,-0.0669739,0.0506101,0.154641,-0.0026233,-0.237741,0.405225,0.00723429,0.0276395,-0.151723,0.0301804,0.0853772,2.02932,-0.0057509,-0.013967,0.105074,0.0194587,-0.0171688,-0.0162586,-0.242434,0.154933,-0.0470235],[0.0391097,0.0598738,0.17366,-0.0261329,0.12819,-0.115067,0.119486,-0.0157106,0.164834,-0.0597742,0.00666614,-0.370974,0.358436,0.0168476,0.0318824,0.227329,0.0770082,0.0824075,-0.0210489,-0.0471247,0.301565,0.0547224],[-0.00800146,0.00526945,0.097408,0.00912795,-0.0629343,0.0286392,-0.0145225,0.00572503,-0.0134288,-0.000170704,-0.00249369,-0.0981536,0.218452,0.00120607,-0.00434494,0.153927,0.00119676,0.0115565,8.99014e-05,0.0549579,-0.0190354,0.00488971],[-0.00644435,-0.00243995,-0.014027,-0.00193057,-0.0257131,-0.0306205,-0.014617,0.00203197,-0.00365996,-0.001471,9.11385e-05,0.0205771,-0.101352,0.000372375,0.000361437,0.00035289,0.000778715,-0.0015332,-0.000519106,-0.00828967,-0.00306794,0.000118114],[-0.070587,-0.00489975,-0.291045,0.137385,-0.278504,-0.592236,-0.264443,0.0440981,-0.00325229,-0.0956524,-0.0603498,0.92048,-2.57547,-0.106804,-0.033672,-1.76403,-0.00615638,-0.0202178,-0.0401593,-0.735436,0.0475751,-0.153855],[0.08021,0.0173141,0.927281,0.0637178,0.346742,0.292094,0.0167676,-0.0593537,0.0980995,0.0280318,0.0228159,-0.365152,3.15912,0.0169094,0.0267794,1.85129,-0.00807831,-0.0514571,-0.0449086,0.69664,0.0263762,-0.0186566],[-0.00937281,-0.00330774,-0.0181184,0.010524,-0.0557393,-0.0311072,-0.0229931,0.00432614,-0.013989,-0.00256076,-0.00761135,-0.00768105,-0.198733,-0.0136684,-0.00469289,-0.0923049,-0.00103943,0.00517849,-0.00450872,-0.010861,-0.00104688,-0.00476853],[0.151182,0.257604,-0.51554,-0.247699,0.209463,-0.799401,-0.407737,0.0266644,-0.1115,-0.0600907,-0.0209994,1.01376,-3.07646,-0.0246591,0.0404291,-1.40026,-0.150646,0.0593019,-0.0631807,-1.18091,0.253633,-0.0977869],[0.029216,0.114303,-0.0925311,0.00826892,0.0253919,-0.0168799,-0.368407,-0.00773951,0.0516975,0.000310341,-0.000176263,0.0432394,0.258911,0.00692862,-0.00488171,-0.00743486,0.0214298,0.0548774,0.00622831,-0.183109,0.0931841,0.0130478],[-0.0147049,-0.208418,0.655445,-0.267755,-0.331659,0.150265,0.649253,-0.107606,-0.0317849,0.0608873,-0.0591339,1.66843,-2.06116,-0.150809,0.0303595,-4.68219,0.00334131,-0.357261,0.18566,-0.0154744,-0.138459,-0.0610933],[-0.0151237,-0.00661436,-0.128765,0.0126038,0.0152478,-0.012447,0.0432053,-0.00293609,0.00250027,-0.0164487,0.00151041,0.197764,-0.351095,-0.00150877,0.0218516,-0.213219,0.00576639,0.00942071,0.0109764,0.232142,0.021878,-0.00748896],[0.019123,0.0865152,-0.156693,-0.017753,-0.00641506,-0.0736611,-0.31982,-0.0127277,0.0658708,0.0286414,0.00167546,0.0686006,0.9808,0.0191391,0.0241837,0.184956,-0.0108759,-0.0427673,0.0134326,0.222726,0.094202,-0.0184306],[0.109885,0.0165566,-0.323638,0.110044,0.390931,0.0371545,0.534352,-0.0474295,0.0579616,0.00351471,0.0441674,-0.0621052,-0.758634,0.0709461,0.0269622,0.278398,-0.00918052,-0.11463,-0.050603,0.392697,-0.0881737,-0.0484553],[0.0298406,-0.0237869,-0.0181253,0.0160258,0.140956,0.0487891,-0.311716,-0.00581403,-0.000705138,-0.0157779,-0.0215216,0.0274579,-0.104008,-0.0147486,-0.0214201,0.498995,0.0287707,0.115309,-0.00454939,0.155873,0.0440362,-0.0244875],[0.0151541,0.0277284,-0.19003,-0.0503582,0.0706837,-0.101031,-0.00271912,0.0318722,-0.0366377,-0.0172191,-0.00518826,0.0866543,-1.06526,-0.00669815,-0.0195059,0.11892,0.0309183,0.088471,-0.00800274,0.075305,-0.0244112,0.00291967],[0.00463774,0.005592,-0.00985283,-0.00119101,0.0228835,-0.00345949,0.00132782,0.00109622,0.00754775,0.00198922,0.00116011,0.133234,0.194211,0.00417696,0.00588814,-0.0651841,0.0091529,0.00219312,-0.00213205,-0.0462554,-0.00703797,0.00306387],[0.0167222,-0.0597778,0.297728,0.0216239,-0.0209805,0.27142,0.0902,0.0137214,0.0177832,0.0504665,-0.000700826,-0.588691,1.3177,-0.00681143,-0.0501418,1.31174,-0.0242385,0.0691712,-0.00318622,0.395762,0.0433532,-0.0109753],[-0.0120451,0.00295842,-0.0188748,-0.00683207,0.0203105,-0.0242781,-0.0749762,-0.00307867,0.000665797,-0.00906516,-0.00449806,-0.0575733,0.246719,-0.00736308,-0.0169526,0.0843677,0.00329089,0.000853304,0.00261024,0.025795,0.0208782,-0.0056313],[-0.00330027,-0.000958496,0.0206284,0.00194078,-0.0271712,0.0416847,-0.0795842,0.00174574,-0.008391,-0.00565765,-0.00190133,-0.0265055,-0.287034,-0.00879631,-0.0145266,0.0468438,0.00307469,0.00800627,-0.00501826,-0.010027,-0.0180667,-0.0116605],[-0.0033809,0.00423404,-0.0190972,-0.00710486,0.00706157,-0.0434787,-0.0973971,-0.00175896,-0.00149836,-0.000322495,-0.000470883,0.0500106,-0.226323,0.00361763,0.00595332,0.00283375,0.00269117,-0.00565212,0.000471092,-0.0151117,-0.0129726,0.00275379],[0.0574771,-0.0505508,-0.0364513,-0.156974,0.464789,0.188652,0.460358,-0.0110446,0.0491082,-0.00827041,0.0558496,0.248062,1.54603,0.0522723,0.126815,-0.678055,-0.0358999,-0.0406497,0.0314878,-0.0967992,0.198305,-0.034602],[0.0438721,0.00944369,0.312699,0.00576337,0.205552,0.533819,0.225601,0.00307121,0.242452,0.0213456,0.0120806,-0.543727,4.67569,0.0321859,-0.0210521,1.54432,0.02921,0.126704,0.0314625,0.228751,0.168126,0.0245628],[0.00120014,0.0613701,-0.123732,-0.0216053,-0.311562,-0.0234923,-0.151255,0.0104068,0.0108139,-0.071158,-0.00153957,0.367378,-0.0826928,-0.0304434,0.0314557,-1.20639,-0.0462817,-0.0181665,-0.0442774,-0.0715813,0.106438,-0.0633992],[-0.0489334,-0.134883,0.294855,-0.0879665,-0.139926,-0.0776847,-0.266597,0.0235002,0.0726653,-0.027802,-0.0467565,0.153334,-0.158135,-0.0490784,0.00872783,-0.976389,0.025048,-0.00326034,0.0326529,-0.0431626,-0.0437037,0.00135866],[-0.0102868,0.00222236,0.0227393,-0.000134001,-0.0158553,0.0346758,0.00717967,-0.003169,-0.00938746,-0.00259739,-0.00406524,-0.0109775,0.236221,-0.0030048,-0.00394957,0.0659296,0.000595575,0.00818862,7.75239e-06,0.0271102,0.00673228,0.00108412],[-0.00234261,0.00326585,-0.00616454,-0.00186611,0.0043529,0.005867,-0.00278659,-0.000526833,0.00269976,0.00102582,-3.10639e-05,-0.0153194,0.0219138,0.000326164,-0.000896995,0.0330228,-0.000340464,-0.00226502,0.00105452,0.0064047,-0.00302729,0.00123468],[-0.0933735,0.0131146,0.00923215,0.0192271,-0.394091,-0.0853219,-0.454019,0.00493198,0.064645,-0.0115506,0.0269098,-0.440205,4.11345,0.0406958,-0.00756324,0.398821,-0.061818,0.000439945,0.0139652,-0.329589,0.147019,-0.0507643],[0.12878,0.0762542,0.392462,-0.0422419,0.273678,0.323438,0.202934,-0.0262846,-0.0619567,-0.0145961,-0.000339869,-0.248222,-1.11736,0.000883947,-0.0350397,0.744124,-0.0370903,-0.0486673,0.0129291,0.29787,0.0146058,-0.0719547],[-0.00370069,-0.00245443,-0.00214558,0.00233114,-0.0130708,-0.00369495,-0.0117019,0.0022213,0.00438342,0.00577155,-4.57913e-05,-0.0277187,0.104567,0.00226727,-0.00226332,0.0261105,-0.00275668,0.00313372,-0.00113433,0.00842443,-0.000418242,0.00380965],[-0.138273,-0.331333,0.0544713,0.134574,-0.461182,-0.50301,-0.0357948,0.0988468,-0.0565296,-0.0294825,-0.0206765,0.472067,-3.44096,-0.0351652,0.0148092,-1.79977,-0.0808684,0.257346,-0.0299311,-0.207093,-0.321062,-0.0112391],[-0.0314241,-0.0458084,0.0568506,-0.0237456,-0.00760422,0.0405429,-0.0542352,0.0050386,0.00823244,-0.000709809,0.0134842,-0.0946443,0.259183,0.0165749,0.00105293,0.113114,-0.00324121,0.0387634,9.951e-05,-0.0113245,0.0409859,0.00262265],[-0.0834504,0.221094,-0.363574,0.122125,-0.551689,0.527521,-0.43579,-0.0494929,0.236841,0.0539233,-0.00747047,-0.571092,3.54085,-0.0228697,-0.0174898,-0.218294,0.0591838,-0.162529,0.108061,0.426848,0.0865672,0.086587],[-0.0122643,-0.0145781,-0.0414903,-0.00273793,-0.047527,-0.0635714,0.0203485,0.00644589,-0.0053218,0.00338644,-0.00769029,0.0342094,-0.214623,-0.00586726,0.00531605,-0.162514,-0.00313518,-0.0136294,0.00029924,0.0732658,-0.0646665,-0.00679492],[0.0477323,-0.00449823,0.0559053,-0.0122675,0.211934,0.167934,0.156725,-0.0146108,-0.032948,-0.00163629,-0.00310397,-0.0117808,-0.214687,0.000220816,0.00894316,-0.0021029,-0.00765772,-0.0535471,-0.00152427,0.189094,0.0772548,0.00776339],[0.032166,0.0690836,-0.0611615,-0.0446603,-0.0613742,-0.142829,-0.0641163,-0.0175915,-0.0707284,-0.0897848,0.00823739,0.145871,0.127165,0.0572164,0.087956,0.0273691,-0.0769319,-0.099085,-0.0272755,-0.0863296,-0.142206,-0.118384]],"sigmahat":[[0.165452,0.109907,0.0496016,-0.0500045,0.447974,0.178023,0.266039,-0.0424167,0.0275191,0.0254704,0.0072605,0.0447736,0.963421,0.0160274,-0.00516999,0.359874,-0.00890792,-0.141655,0.00620723,0.179416,-0.0250119,0.025828],[0.109907,0.3287,-0.0976416,-0.126573,0.156383,0.238261,-0.0446907,-0.0811296,-0.0115634,0.0533479,0.0216397,-0.191049,1.1019,0.0298509,-0.011958,0.554847,-0.0287323,-0.35113,0.0176901,0.208088,-0.171538,0.0552392],[0.0496016,-0.0976416,1.14608,0.069577,0.0577137,0.474075,0.0149707,0.0414961,0.11391,-0.0233518,0.00880793,-1.04789,3.73931,-0.00356526,-0.0492538,1.67409,0.0340394,0.282509,-0.0132535,0.319024,0.257651,-0.0301601],[-0.0500045,-0.126573,0.069577,0.287319,-0.247018,-0.0724306,-0.11867,0.0520199,0.0567613,-0.029566,0.00627465,-0.141394,0.57267,0.00470927,0.00935634,0.0820053,0.0302502,0.272241,-0.0199563,-0.140695,0.212399,-0.0236738],[0.447974,0.156383,0.0577137,-0.247018,2.6885,0.927647,1.36489,-0.118936,0.122688,0.0785859,0.00217305,1.14895,0.786471,0.0618287,0.036198,0.0548384,-0.0244221,-0.341937,0.0353484,0.592062,-0.057341,0.0753133],[0.178023,0.238261,0.474075,-0.0724306,0.927647,1.87714,0.272412,-0.0988863,0.221237,0.111469,0.0734097,-1.19632,5.52081,0.0723211,-0.0231796,1.41824,-0.00445979,-0.149369,0.0228173,0.742429,0.199267,0.0504133],[0.266039,-0.0446907,0.0149707,-0.11867,1.36489,0.272412,2.17225,-0.0297724,0.0903433,0.0354635,0.0188989,0.760607,0.295222,0.0442848,0.0608835,-0.278274,-0.0287194,-0.126594,0.0255908,0.508228,0.0709264,0.0231712],[-0.0424167,-0.0811296,0.0414961,0.0520199,-0.118936,-0.0988863,-0.0297724,0.0539995,0.00596394,-0.0298378,-0.00942524,-0.0104569,-0.260595,-0.00799365,-0.0026286,0.0439945,0.0157301,0.172773,-0.00878854,-0.0711303,0.0777794,-0.018686],[0.0275191,-0.0115634,0.11391,0.0567613,0.122688,0.221237,0.0903433,0.00596394,0.194338,0.0191156,0.0313722,-0.261315,2.93202,0.0333981,0.00275487,0.332854,0.00632391,0.0702376,0.0152058,0.121438,0.179891,0.00861559],[0.0254704,0.0533479,-0.0233518,-0.029566,0.0785859,0.111469,0.0354635,-0.0298378,0.0191156,0.0581699,0.0192453,-0.135911,0.676537,0.0213561,0.00190342,0.178971,-0.0142884,-0.104509,0.00973592,0.13592,-0.0506685,0.0416933],[0.0072605,0.0216397,0.00880793,0.00627465,0.00217305,0.0734097,0.0188989,-0.00942524,0.0313722,0.0192453,0.0464254,-0.146121,1.11871,0.0498436,0.0275825,0.218336,-0.00219537,-0.0236846,0.00133451,0.0380811,0.0574536,0.0157363],[0.0447736,-0.191049,-1.04789,-0.141394,1.14895,-1.19632,0.760607,-0.0104569,-0.261315,-0.135911,-0.146121,6.67885,-16.2366,-0.077854,0.248176,-6.48498,-0.0467457,-0.321558,0.0057199,-0.983628,-0.70833,-0.101158],[0.963421,1.1019,3.73931,0.57267,0.786471,5.52081,0.295222,-0.260595,2.93202,0.676537,1.11871,-16.2366,119.004,1.23893,-0.204535,21.9725,-0.016022,-0.0863932,0.357734,4.14024,3.89126,0.697077],[0.0160274,0.0298509,-0.00356526,0.00470927,0.0618287,0.0723211,0.0442848,-0.00799365,0.0333981,0.0213561,0.0498436,-0.077854,1.23893,0.0732786,0.0383676,0.351331,-0.00385342,-0.0304683,0.00125542,0.0514706,0.0446052,0.0286516],[-0.00516999,-0.011958,-0.0492538,0.00935634,0.036198,-0.0231796,0.0608835,-0.0026286,0.00275487,0.00190342,0.0275825,0.248176,-0.204535,0.0383676,0.0695212,-0.423672,-0.00347807,-0.0158232,0.00177408,-0.0668217,0.00914963,-0.00253611],[0.359874,0.554847,1.67409,0.0820053,0.0548384,1.41824,-0.278274,0.0439945,0.332854,0.178971,0.218336,-6.48498,21.9725,0.351331,-0.423672,18.8846,0.0838877,0.429834,-0.0306649,2.94521,1.12855,0.279519],[-0.00890792,-0.0287323,0.0340394,0.0302502,-0.0244221,-0.00445979,-0.0287194,0.0157301,0.00632391,-0.0142884,-0.00219537,-0.0467457,-0.016022,-0.00385342,-0.00347807,0.0838877,0.0310642,0.0861189,-0.00530121,-0.00681432,0.053196,-0.00743196],[-0.141655,-0.35113,0.282509,0.272241,-0.341937,-0.149369,-0.126594,0.172773,0.0702376,-0.104509,-0.0236846,-0.321558,-0.0863932,-0.0304683,-0.0158232,0.429834,0.0861189,0.821922,-0.0410842,-0.226114,0.476733,-0.0777593],[0.00620723,0.0176901,-0.0132535,-0.0199563,0.0353484,0.0228173,0.0255908,-0.00878854,0.0152058,0.00973592,0.00133451,0.0057199,0.357734,0.00125542,0.00177408,-0.0306649,-0.00530121,-0.0410842,0.0209184,0.043276,-0.0215577,0.00681632],[0.179416,0.208088,0.319024,-0.140695,0.592062,0.742429,0.508228,-0.0711303,0.121438,0.13592,0.0380811,-0.983628,4.14024,0.0514706,-0.0668217,2.94521,-0.00681432,-0.226114,0.043276,2.62932,-0.147509,0.103709],[-0.0250119,-0.171538,0.257651,0.212399,-0.057341,0.199267,0.0709264,0.0777794,0.179891,-0.0506685,0.0574536,-0.70833,3.89126,0.0446052,0.00914963,1.12855,0.053196,0.476733,-0.0215577,-0.147509,0.833422,-0.0466062],[0.025828,0.0552392,-0.0301601,-0.0236738,0.0753133,0.0504133,0.0231712,-0.018686,0.00861559,0.0416933,0.0157363,-0.101158,0.697077,0.0286516,-0.00253611,0.279519,-0.00743196,-0.0777593,0.00681632,0.103709,-0.0466062,0.0744402]],"n":22,"lags":3}