{"betahat":[[0.0106615,0.0210985,-0.0116737,-0.00507423,-0.00264749,0.0318461,0.00428665,-0.0497587,0.0188952,-0.000814794,-0.00353831,-0.00112651,0.927899,-0.0447254,2.45514,-0.00166744,0.0018851,1.36514,-0.0642939,-0.0169805,-0.006301,0.513036,1.88609,5.46799e-06,-0.0139843,-0.0604272,-0.0308748],[0.102295,0.0527016,0.0141104,-0.00657096,-0.00255505,0.0984478,0.217964,0.00456502,-0.00669555,0.0313794,0.0228056,0.0288006,-0.283574,0.275634,0.4411,0.0340703,0.0551733,-0.789068,0.00921113,-0.0558611,-0.000868654,-0.167653,0.0145408,0.0499123,-0.391424,-0.0345048,0.0143223],[0.115254,0.138419,0.292175,-0.0215485,0.315601,0.525621,0.225273,-0.0467693,0.0276833,0.0241091,0.028098,0.0257025,-0.604676,-0.0447544,1.55988,0.0267625,0.00551721,-0.439873,-0.0313897,-0.127827,0.00213041,0.483084,-0.0844182,0.014469,-0.122792,0.0842292,-0.0054038],[0.0207767,-0.0120739,0.171613,0.00703394,0.0990019,0.108281,0.0765727,-0.00875996,0.00275566,-0.00761616,-0.00689245,0.00364132,-0.0374933,0.223338,-0.813785,0.00130603,0.0041238,0.0895827,-0.0279753,-0.0125056,-0.000114881,-0.0759339,0.0117163,-0.00135521,-0.0579136,0.0160915,-0.0364685],[-0.0571383,-0.137868,0.0724002,0.0276793,-0.06417,-0.00682713,0.0110663,0.0357819,-0.00849725,0.0193795,0.0242526,0.0216468,0.255612,0.0146561,1.67167,0.0348621,0.00954631,0.632802,0.0418072,0.00910792,0.00243851,-0.634108,0.160196,0.0172901,0.0725597,0.0681698,-0.0153504],[0.0270532,0.00722848,0.0075498,-0.00254126,0.0716924,0.0479775,0.0428385,-0.00171745,-0.00186625,0.00931806,0.00958872,-0.00134778,-0.00642927,0.0193158,-0.322779,-0.000932124,0.00652904,-0.268196,0.00312483,0.00772191,0.00184661,0.110107,-0.00267841,0.0105398,-0.0647838,-0.0447483,0.00675038],[0.0301205,0.0207649,0.114419,0.0212179,0.0770706,0.172855,0.0796012,-0.00309766,0.0212467,0.00632243,0.0137943,-0.00594717,-0.185047,0.0123436,0.475902,-0.00944205,-0.00897334,0.00300654,0.00699603,0.0117468,-0.000572195,-0.0278644,0.0254191,0.00441363,0.0114822,0.0125473,0.0065798],[0.0341838,0.0090456,0.0045225,0.00807182,0.0717369,0.0401106,0.128437,-0.0062436,0.0224608,0.00732124,0.0100843,-0.00102248,-0.0597723,0.175573,0.0591829,-0.0017838,0.0183874,-0.272971,0.0121755,0.00124465,0.00148004,-0.213398,-0.00809711,0.0172872,-0.0680613,0.0055429,0.010887],[-0.0806106,-0.0901913,0.00885826,-0.0320055,-0.0763416,-0.100838,-0.0284901,0.381003,-0.0781454,-0.034512,-0.0392402,-0.0291953,-2.05781,-0.751376,-3.10271,-0.0380502,-0.0155025,0.240188,-0.0483089,0.477823,-0.00758735,-1.14864,-0.0645979,-0.0336365,0.217498,-0.246782,-0.179399],[0.00297897,-0.112953,0.0107989,0.0175146,0.0888786,-0.144633,-0.0499459,0.00498009,0.0353416,0.0589892,0.0658627,0.00797413,-0.655395,0.0721104,-1.67749,-0.0148199,0.0194255,-1.82301,-0.0193374,0.140248,-0.00161682,-0.984021,-0.162146,0.0576243,0.0996369,-0.19969,-0.0103445],[-0.0122277,0.0323439,-0.00508726,-0.0397281,0.0266994,-0.0247832,-0.030952,-0.0212179,-0.0263704,0.0605861,0.0672721,-0.00107504,0.147808,-0.264239,-0.45374,-0.00180607,-0.0054001,-0.503681,-0.0068904,-0.0226607,0.0135028,0.0883844,0.155804,0.0480498,-0.151769,-0.113828,-0.000216644],[-0.019764,0.00420526,0.0666322,-0.0162024,0.0215796,-0.0309909,-0.0386439,-0.0118125,-0.0207236,0.0537901,0.063518,-0.00524639,0.101223,-0.193489,-0.640008,-0.00670931,-0.00402003,-0.538212,-0.0162145,-0.0394751,0.0137426,-0.00260293,0.0225857,0.0436529,-0.113692,-0.0771245,-0.0229692],[0.0157201,0.0533025,-0.0765138,-0.0220866,0.0351671,0.141416,0.0796458,-0.00336642,-0.05033,0.0424368,0.038003,0.0386086,-0.429131,0.27027,-0.0886767,0.0421698,0.0292764,-0.352614,0.0156756,0.0315454,0.00642788,-0.513181,0.220531,0.0396853,-0.0793964,-0.158236,0.0195817],[-0.00090504,0.0025825,0.00193086,-0.000303889,-0.00536419,0.00755517,0.000887717,-0.0102457,0.000590854,0.00101397,0.00081771,-0.00063829,0.474591,-0.167883,0.23262,-0.00159132,-0.00270334,0.139733,0.0012648,0.00304679,3.16192e-05,0.0358374,0.051335,-0.000339513,0.00613476,0.0077027,-0.00369081],[-2.19524e-06,-0.00112226,-0.0122539,0.000980618,-0.00528565,-0.0139943,-0.00181486,-0.000829515,0.000338272,-0.0014861,-0.0020638,-0.000151939,-0.071502,0.320845,-0.828184,-0.000751082,0.000457125,-0.133591,0.00990717,-0.00136143,-0.000669098,-0.000756777,0.0210158,-0.000895751,-0.000465421,0.00165019,2.37914e-05],[0.000992655,0.000760549,0.00184737,0.000436675,0.0012929,0.00218883,0.00164111,-0.000149,0.000109908,0.000416313,0.000457634,0.000411321,-0.00139362,-0.0337008,0.1645,0.000545007,0.000238821,0.00454644,-0.00219157,-0.000149375,7.46535e-05,-0.00524626,0.00191016,0.000295096,-0.00171151,0.00125708,0.000826052],[0.0339267,0.0494538,-0.046602,-0.0367277,0.132946,0.116419,0.107429,-0.015097,-0.0252459,0.0393111,0.03403,0.0366189,-0.122703,0.0357224,0.620597,0.04837,0.0344915,-0.216263,0.0131576,-0.0199757,0.00951041,-0.216247,0.122429,0.0331743,0.0220117,-0.147083,0.0383775],[-0.00992027,0.00726323,-0.291895,-0.0252608,-0.0923724,-0.15195,-0.0369793,0.0102647,-0.00977426,0.018302,0.011032,0.00994188,-0.394465,0.0771009,0.480351,0.0123243,0.0327195,-1.11455,0.0296178,0.038631,0.00716844,-0.262167,0.160342,0.0289525,-0.227774,-0.143312,0.0225533],[0.00162346,0.000923135,0.00805446,0.000400815,0.00396293,0.00635654,0.00453864,-0.00142975,-0.000278024,-0.00104737,-0.000937244,0.000216441,0.0288399,-0.0206219,0.0484243,0.000793982,-0.000695333,0.185814,0.00248269,-0.00777644,-0.000186875,0.0103702,0.0305071,-0.00111713,0.00579151,0.004093,0.0016226],[-0.0241888,0.0103133,-0.0845029,0.031957,-0.158575,0.0370182,-0.0647202,-0.0550635,-0.000119488,0.00913912,0.0117259,0.00762678,0.194831,1.76244,-6.77031,0.0148908,0.0292491,1.38038,0.376419,-0.0442246,0.00888572,-0.328207,-0.110367,0.0183224,0.0890376,0.0151477,0.0878833],[-0.0295069,-0.0194206,-0.049655,0.00528203,-0.0792741,-0.0236522,-0.0668318,0.0748063,-0.0111388,0.00197013,0.00604934,0.000135425,0.190757,-0.382112,0.437479,0.00200448,0.00774892,-0.948394,-0.00769636,0.32014,-0.00114712,0.307206,0.13013,0.0057588,-0.0453538,-3.51288e-05,-0.00965071],[0.0990777,0.236866,-0.0862603,-0.117235,0.368267,0.109243,0.13939,-0.078243,-0.0474207,0.0539777,0.0515946,0.0185468,-0.398641,-0.101855,2.06791,0.0436824,0.00992313,0.426416,-0.0515347,-0.258969,0.0283563,1.13207,0.23999,0.029829,-0.392721,-0.199132,-0.0248907],[-0.00538598,-0.00925442,0.0100136,0.00940753,-0.00220644,0.0232949,-0.00147945,0.00418394,0.0136909,-0.00793434,-0.00773538,-0.00720202,0.0586306,0.00111944,-0.394277,-0.0106158,-0.00775388,0.0141741,-0.00532086,0.0176845,-0.0052935,0.332481,0.0132426,-0.00645663,-0.0611989,-0.0132062,-0.00631486],[-0.00115987,-0.00183518,-0.00701059,-0.00128984,0.00699232,-0.00427869,-0.00360299,0.00270284,0.00137322,0.000437961,0.000314093,-0.000147161,0.119113,0.180643,-0.063654,-0.000242172,0.000941013,0.378979,-0.00276554,0.00956861,0.000237239,-0.00364517,0.635236,0.00056916,-0.00307113,-0.00888055,-0.00255109],[-0.0509742,0.0140321,-0.199293,-0.0357948,-0.117815,-0.173168,-0.113764,0.00311625,-0.0479705,0.0515065,0.057509,-0.0034276,-0.0955119,-0.0532953,-0.439289,-0.00762435,0.0125599,-1.22491,0.000437885,0.0369045,0.0189829,-0.24739,0.20976,0.054541,-0.194168,-0.161034,-0.00622105],[0.0132416,0.00852506,0.098961,-0.00382722,0.0547715,0.0717914,0.0307838,-0.0120554,-0.0102209,0.016733,0.018997,0.00656123,0.1058,-0.183995,0.784187,0.0101905,-0.0121795,0.752259,0.0037447,-0.0210719,0.00456891,-0.0683381,0.0207344,0.00297665,0.0621287,0.0530686,0.0279455],[0.0093189,0.017383,0.0579758,-0.00496387,-0.006319,0.0729772,0.0420719,-0.0432774,0.0245896,-0.000310518,-0.00304845,0.0111377,0.0635914,-0.0541183,2.56385,0.00558118,0.000625337,0.408622,-0.0191975,-0.0525197,0.00138856,-0.132365,0.00745982,-0.00177298,-0.0212055,0.254096,0.0330257],[0.000428015,-0.0472419,0.0609104,-0.00617639,0.117403,0.11332,0.0487966,-0.0521827,-0.0181001,0.08922,0.0901246,0.0113708,-0.935997,-0.637369,4.62542,0.0198439,-0.0102737,3.60448,0.145971,0.0536086,0.0096914,-0.623653,-0.00405153,0.0482965,0.51028,0.119686,0.689871],[-0.0202904,0.021391,-0.0761352,-0.0120469,-0.101744,-0.0639527,-0.0279099,0.00765506,0.0159323,0.006133,0.00307155,-0.00508887,-0.126145,0.0850879,-0.467757,-0.00818114,0.00650363,-0.373058,0.0102887,0.0113006,0.000347755,0.120922,0.0584551,0.00904235,-0.120691,-0.00973467,-0.00359217],[-0.00894509,-0.014987,0.0465139,-0.00798636,0.0167471,0.0474432,0.00933588,0.00390042,0.0169731,0.000529091,-0.00138385,-0.00155981,-0.0917423,-0.00589535,-0.682092,-0.00144716,0.0106154,-0.443069,-0.023309,0.0252795,-0.00177107,0.0337102,0.0282309,0.00328164,-0.108099,-0.0175572,-0.0126703],[-0.0047656,0.00191044,-0.0293149,0.00110852,-0.0199507,-0.0308006,-0.00615351,-0.000834982,-0.00609959,-0.00246049,-0.00278508,-0.000373144,-0.0739913,0.0767811,-0.353508,-0.00119544,0.00364912,0.000148261,-0.00057041,0.00172295,0.000386623,-0.0283284,0.00234707,0.000845731,-0.0313077,-0.00240413,-0.00560592],[-0.00107912,0.0221485,-0.0555221,-0.0112063,0.0270867,-0.0534055,0.0254805,-0.00843587,-0.00951512,-0.00927751,-0.00788012,-0.00919096,0.0122813,0.267361,-0.42751,-0.00667368,0.00539385,-0.192722,0.00844771,-0.00334565,0.0016935,-0.0726443,0.0485801,-0.00263373,-0.122186,-0.0125236,-0.0101191],[-0.0029501,-0.000779286,-0.0202539,-0.00164931,-0.0315087,-0.00609887,-0.00795125,0.0028472,0.00124632,0.00396252,0.00365423,0.000127818,0.00292468,-0.0425325,-0.070541,-0.00188172,0.00239822,-0.0889833,0.000707357,0.00511356,-0.000157813,0.0623998,0.00220385,0.00490445,-0.0258521,-0.00493379,-0.000506291],[0.0018436,-0.00238752,5.21856e-05,0.00363863,0.00125196,-0.0117593,0.0108825,-0.000509037,0.00180842,0.000596965,0.00226231,-0.001565,-0.0593156,0.039975,-0.0211077,-0.00188227,0.0019186,-0.0339285,-0.00456492,-0.000657405,0.000826477,-0.0192484,-0.000768396,0.00217894,-0.0101549,0.00141378,-0.0022935],[-0.00127679,-0.00364456,-0.011847,0.00490938,-0.0288072,-0.0301099,-0.0175095,0.0027663,0.00523065,0.00144282,0.00249899,-0.00144751,-0.0164252,0.0312682,-0.102787,-0.00296524,0.00295146,-0.0865571,0.00822746,0.00611746,0.00173979,0.0370297,0.0365778,0.00383358,-0.00783936,0.00407235,-0.00541176],[0.0269122,0.0387396,0.0945147,0.0103752,0.0027669,0.0933679,0.0435571,0.052239,-0.00253321,-0.0130399,-0.0131409,-0.0129611,-0.322567,-0.168045,-0.636415,-0.0215509,-0.0327042,0.536955,0.0211693,0.00872966,-0.00676379,-0.417698,-0.0648666,-0.0200161,0.0723046,0.0407513,-0.0555076],[-0.0272612,-0.0215439,-0.0888927,0.00278885,-0.124709,-0.248931,-0.0943934,0.00913343,-0.0780748,-0.00769041,-0.00218371,-0.0175942,-0.0525002,0.248369,-2.07979,-0.019921,-0.0023202,-0.333573,0.0260858,0.0885004,-0.00388737,-0.0785592,0.0656949,0.00552914,-0.12203,-0.0306045,-0.0158109],[-0.00457231,0.000916218,0.00323641,-0.0088736,0.0262338,-0.0106947,-0.00521025,-0.00443668,-0.00838837,0.000285557,0.00143081,-0.00355,0.0517946,-0.0673065,-0.141305,-0.00316719,-0.00459673,-0.0372393,-0.0144869,-0.0135692,0.00417973,0.0632075,0.0316928,-0.000200805,-0.0240511,-0.0419297,-0.0081582],[-0.00472845,0.00033479,-0.000948649,-0.0123523,0.0154902,-0.0221903,-0.000550816,-0.0031618,-0.00557997,0.00130864,0.00230025,-0.00258378,0.0156752,-0.0245161,-0.197105,-0.00171307,-0.00158293,-0.122377,-0.013371,-0.0132756,0.00334351,0.105744,0.0445339,0.00276299,-0.0565528,-0.0430545,-0.00772543],[0.0118011,0.0232984,-0.0227721,-0.0110298,0.0246218,0.0171136,0.0224296,-0.00608945,-0.0179017,0.00347756,0.00537769,-0.00301443,-0.0216124,0.0493963,-0.120123,-0.00356897,-0.00323768,-0.125994,-0.0151762,-0.0135893,0.00391155,0.0059492,0.0132411,0.00323477,0.00722891,-0.0236998,-0.00446289],[0.000302799,-0.000418321,0.000863634,0.000795184,0.000312087,0.00112428,0.000636712,-0.00227992,-7.80752e-05,0.00062752,0.000568926,0.000144145,0.0985884,-0.0372479,0.0669322,0.000231621,0.000102398,0.03488,0.00116008,0.00368443,-0.000144758,-0.00376668,0.0202979,0.000314394,0.00242085,0.00180286,-3.57398e-05],[-2.45716e-05,0.000195786,0.000222119,0.000201316,-0.00202682,-0.000185377,-0.000244411,-0.000387455,0.000184044,-0.000251416,-0.000249197,8.48009e-05,-0.0119235,0.0699581,-0.179537,-0.000119642,-0.000243878,-0.0256134,0.00137019,-0.000293058,-0.000236181,0.00202862,0.00475662,-0.000201742,0.000602874,0.000860896,0.000281382],[0.000114926,2.63127e-05,6.09512e-05,5.30595e-05,-2.97389e-05,-0.000510664,9.54328e-05,7.05119e-05,-9.65693e-05,2.29968e-05,2.73216e-05,3.74642e-05,-0.00132257,-0.0076343,0.033162,7.07508e-05,8.73628e-05,0.000572107,-0.000468762,0.000145992,1.51318e-05,-0.00119649,0.00129769,5.82157e-05,-0.000687587,0.000145383,8.98765e-05],[0.00892224,0.0166501,-0.0219699,-0.0142006,0.0366406,0.0181358,0.0220557,-0.00497925,-0.012017,0.004952,0.00491489,-0.00114496,-0.00653483,-0.0140794,-0.00965607,-0.00321325,-0.000314928,-0.161348,-0.00842056,-0.0143015,0.00257193,0.00898527,-0.00794271,0.00473756,-0.00618488,-0.0366702,0.00271407],[0.00257181,0.0107027,-0.0352934,-0.0114175,0.00318213,-0.0118806,-0.00382394,-0.006396,-0.00247689,0.00662779,0.00746257,0.000735951,0.001192,0.00720097,0.206444,0.000736197,0.00206169,-0.180656,-0.00644338,-0.00664003,0.00215989,0.0866848,0.0349686,0.00504905,-0.033701,-0.0349316,0.00457128],[0.000363007,0.000141725,0.000369392,-4.75917e-05,0.000469988,-0.00030322,0.000617459,-0.000230975,-0.000404577,-0.000465912,-0.000466713,-0.000110782,0.00703745,0.000208699,-0.00337031,-9.99648e-05,2.65167e-05,0.0288469,0.000583901,-0.00111207,-5.12317e-05,0.00118772,0.00735456,-0.000296338,-0.000309139,0.000317876,-2.29691e-05],[0.014587,0.0314748,0.0375588,-0.0230982,0.0749283,0.0425331,0.00969771,-0.0121401,0.0056872,-0.00588954,-0.00635246,-0.00526121,0.0368368,0.680833,-2.15041,-0.00541131,-0.00617821,0.249978,0.0948932,-0.0326441,0.00333347,0.142919,-0.0539582,-0.00745885,0.0137369,0.0124314,0.00322485],[0.0107977,0.0127343,-0.0153886,0.00483795,0.00582429,-0.00967721,0.0182612,0.00934699,0.000220175,-0.00267938,-0.001976,-0.00328779,0.0352935,-0.112795,0.405621,-0.0047627,-0.00500872,-0.0994313,0.000794845,0.054722,0.000779636,0.0324225,0.0369519,-0.00213606,-0.0116768,0.0172297,0.00408424],[0.00825554,0.0048035,0.028339,0.000172871,0.0330256,0.0173925,0.00943458,0.00537544,0.00924542,0.00538578,0.00449926,0.00777902,-0.0286782,-0.076198,0.134611,0.00989093,0.00238612,-0.191116,0.000875722,-0.0102624,0.00101479,0.0960947,-0.0529915,0.00737995,-0.115165,-0.0426974,-0.0158875],[-0.00484022,-0.0076344,0.00218555,0.00340274,-0.00851946,-0.0084514,-0.00912235,0.0036821,-0.00156423,-0.00333602,-0.00305661,-0.00172854,0.0118763,0.0188847,-0.169396,-0.00225496,-0.000679793,-0.0128119,0.00110162,0.0139642,-0.0014013,0.0271439,-0.000334909,-0.00179422,-0.00781673,-0.00121871,-0.00246414],[-7.95695e-05,0.00013213,0.0011779,-3.71167e-05,-0.00380574,-0.00253983,-0.000409108,0.00074835,-0.00080671,-4.03398e-05,1.87385e-05,7.29369e-05,0.0259052,0.0351843,0.0189626,8.15475e-05,0.000183741,0.0808522,-0.00211888,0.00399735,-8.88052e-05,-0.0157101,0.147149,0.000179256,-0.00407645,0.000195748,0.00107082],[-0.00714649,0.0013823,-0.00644284,-0.00514248,-0.00447745,-0.0213694,-0.00667483,-0.00515669,0.0054982,0.00318249,0.00454944,-0.00137178,-0.00353847,-0.0597847,0.495737,0.000179508,-0.00322249,-0.0797798,-0.0151698,-0.0204599,0.00552116,0.118062,0.0296486,0.000613781,-0.0316624,-0.0344667,-0.00209492],[0.00355114,0.00444473,0.013152,0.00274303,0.0138133,0.0123383,0.0120223,-0.00377278,-0.00198621,0.00091871,0.000954129,0.000729207,0.0383208,0.018106,-0.0396078,0.00113014,-0.00128204,0.13037,0.00608507,-0.00989096,-1.53093e-05,-0.00604331,-0.00963568,0.00010591,0.0197065,0.0179048,0.00350335],[0.00288825,0.0239832,-0.0324818,-0.0112539,-0.025431,-0.024386,0.00201562,-0.0159846,0.0032035,4.83522e-05,-0.000608495,-0.00234856,-0.0470078,0.0621047,0.353388,-0.00442456,-0.00032448,-0.073484,0.00776104,-0.0240034,-0.000260403,-0.0199476,-0.0604404,0.00060304,0.0110534,0.0437487,0.00843969],[0.002071,-0.00895902,0.026373,0.00400761,0.0138565,-0.0246252,0.00984636,0.0170534,0.00404953,-0.00695727,-0.00687575,-0.00340297,-0.372702,-0.0092182,-0.2421,-0.00823085,-0.00523417,0.404923,0.00698509,0.0563818,0.000777211,0.173314,-0.0536635,-0.00396918,-0.148595,-0.0131173,0.0683943],[-0.0172486,0.00486319,-0.0407537,-0.0188342,-0.0185711,-0.0172122,-0.025712,-0.00566704,0.00356393,0.00344846,0.00409936,-0.00437398,-0.113757,-0.000119234,-0.336809,-0.00608386,-6.53927e-05,-0.176677,0.000225321,-0.00648189,0.0036693,0.0576442,0.00832482,0.00205901,-0.0215217,-0.022904,-0.00118884],[-0.00176708,0.00133294,-0.0253785,-0.00672213,0.0312764,0.0102391,0.0117827,0.00195031,0.0172142,0.00531842,0.00487868,0.00120151,-0.151679,0.00295759,-0.304158,0.000736751,0.00607802,-0.308233,-0.00575794,-0.00105776,0.000864611,0.102201,-0.00522974,0.00567641,-0.0184415,-0.0292955,0.00395601],[0.000821364,-0.000838377,-0.0209571,6.556e-05,-0.00113812,-0.0247073,0.00613728,-0.000519906,-0.00466031,-0.00161202,-0.00124821,-0.00105151,-0.0327628,0.0703685,-0.226134,-0.000222231,0.00297573,-0.0064984,0.00500563,0.00222488,0.00059909,-0.00762539,0.0145688,0.000842793,-0.0238059,-0.00275615,-0.00233509],[0.00288949,0.00224179,-0.0129494,-0.00809106,-0.00187091,-0.0109816,-0.00980014,-0.0056024,-0.0114688,-0.00559353,-0.00432448,-0.00450642,0.0362923,0.0222675,-0.135603,-0.0054865,-0.00592333,0.0556059,-0.000439088,-0.0168334,0.000993977,-0.0282796,0.0281974,-0.0041208,0.0319529,0.0225471,-0.00780491],[-0.00672729,-0.00206935,-0.0131095,-0.00275477,-0.0202121,-0.00983042,-0.0136065,0.000748145,-0.000391706,-0.000300811,-0.000351014,-0.00194802,-0.0192723,-0.0152675,-0.0567773,-0.00335979,-0.00179751,-0.00779531,-0.00129405,0.00319514,8.72543e-05,-0.0114423,-0.00581337,-0.000459588,-0.0140052,-0.00318864,-0.00180564],[-0.000852675,-0.00387162,-0.0115616,0.00225544,-0.00652985,-0.0220175,0.00166326,0.00092026,0.000640214,0.000792261,0.00128021,-0.00204046,-0.0126451,0.0244725,-0.0945059,-0.00174282,0.000178422,6.6974e-05,0.0034293,0.00232245,0.000339448,-0.00499251,0.00680089,0.00111992,-0.0151019,-0.0031988,-0.00127546],[-0.00732935,-0.00428833,-0.00997976,0.000252491,-0.0231838,-0.0194223,-0.019084,-0.0004053,0.00474065,0.00193022,0.00174294,-0.00191669,-0.0145992,-0.0321514,0.0175978,-0.00237249,-0.0017099,-0.00641358,-0.000382769,0.00351854,0.000655702,-0.0160747,-0.00274778,3.59814e-05,-0.0132444,-0.00233168,-0.0020587],[0.0186555,0.00359086,0.0627024,-0.000713324,8.52743e-06,0.0415401,0.024196,0.0146586,-0.00160061,-0.00705112,-0.00739812,-0.000210672,-0.0216468,-0.204897,-0.172116,-0.00428314,-0.00904476,0.454457,0.0235371,-0.00310417,-0.00291986,-0.340382,-0.0882471,-0.00925523,0.120688,0.0697057,-0.0114719],[-0.00861228,-0.0137933,-0.000353695,0.00489607,-0.0190034,-0.0264761,-0.0136943,-0.00210885,-0.00888677,-0.0026929,8.76824e-05,-0.00886956,0.111431,0.0262298,-0.493497,-0.00712417,-0.00678708,0.0633374,0.000819308,0.00384506,-0.00144167,0.0638913,0.0680618,-0.00269131,0.0192185,0.0128233,-0.00321915],[7.24199e-05,0.00314682,0.0163965,-0.00467847,0.00859869,0.00950853,0.0053927,-0.00196647,0.00214538,-0.000938144,-0.000966308,6.81417e-05,0.00120328,-0.0651709,0.154476,0.000748944,-0.000524248,0.0326147,-0.00994505,-0.0102704,0.00127495,0.0586517,-0.00659488,-0.000921286,-0.00738497,-0.0201201,-0.00457589],[-0.00329317,-0.00159746,0.0036331,-0.0039141,-0.00429879,-0.00720331,0.000332199,-0.00185073,0.00187234,-0.00210898,-0.00247931,-0.000266858,0.00144851,-0.0304544,0.0855654,0.000480905,0.00115669,-0.0343068,-0.0114057,-0.00961762,0.00123569,0.0448804,-0.00845749,-0.00166207,-0.027267,-0.0229026,-0.00553372],[0.00821413,0.00802122,0.00842442,-0.00625409,0.0388058,0.0175237,0.0239097,-0.00764605,0.000705885,0.000198889,0.00109791,-0.00316393,0.0199796,0.00138016,0.116913,-0.00262864,-0.00388082,0.0407337,-0.00745947,-0.0257659,0.00182359,0.103657,0.0206469,-0.000237978,0.000316776,-0.0158634,0.00355225],[0.000366087,-0.000114811,-0.000446231,0.000276941,-2.36908e-05,-0.00197964,-9.07696e-05,-0.000911484,4.46544e-06,4.35526e-05,4.6974e-05,-3.63584e-05,0.040177,-0.014694,0.0317975,0.000100114,0.000143319,0.0128202,0.00104162,0.00254134,4.34799e-05,0.00386462,0.00983465,0.000100171,-0.000706991,0.00141753,0.000160597],[-0.000127185,0.000198892,0.000899939,0.00038245,-0.000983666,0.00123289,-0.000531525,-0.000226343,-1.61858e-05,-0.000187109,-0.000158605,8.66953e-05,-0.00546814,0.0284947,-0.073073,1.80193e-05,-0.000222754,-0.0094636,0.000615739,0.000262809,-0.000132573,-0.00195625,0.000354852,-0.000223568,0.00332698,0.00100182,0.000383419],[-2.92831e-05,3.83197e-05,-0.000259739,-0.000110319,-8.43181e-05,-0.000305941,-5.68475e-05,-1.38954e-06,-4.07906e-05,3.9837e-05,3.17807e-05,6.59907e-08,-0.000533315,-0.00344783,0.0117782,2.36335e-05,3.91803e-05,-0.000641069,-0.000248333,-5.21532e-05,2.36272e-05,0.000203309,0.000139058,3.96273e-05,-0.000531172,-0.000210347,3.08064e-05],[0.00553532,0.00419458,0.00909091,-0.00560984,0.0223129,0.0110156,0.013596,-0.00192972,-0.000592604,0.00107125,0.0014334,-0.000502231,0.0129638,-0.0389641,0.181181,-0.000612009,-0.0025261,0.0134898,-0.0118476,-0.0094933,0.00161352,0.0320051,-0.00507491,0.000333321,-0.00140768,-0.00326031,0.00257764],[0.0017088,-0.00210228,0.00875648,0.00170282,0.00629549,-0.00347685,-0.00172548,0.00217586,0.00197356,0.00223812,0.00290425,-0.000606832,0.0208141,-0.0217843,0.105215,-0.0008819,-0.00407397,-0.0533629,-0.00501163,0.00172537,0.000746613,0.0258248,0.0252055,0.000448197,-0.000279911,-0.00581992,-7.89231e-05],[0.000172419,0.00018409,-0.000541745,-0.000125116,0.000147476,-0.000472374,0.000130497,-0.000134878,-0.000133453,-0.000197671,-0.000191077,-8.90744e-05,0.00181307,0.000333282,0.000309207,-9.86983e-05,5.00167e-05,0.00779958,0.000214927,-0.000433852,-3.43123e-05,0.00242414,0.00353912,-8.96467e-05,-0.00139274,-9.17036e-05,-8.85456e-06],[0.0121298,0.00947703,0.0387049,-0.00291263,0.0601373,0.0434542,0.033822,-0.00346926,-0.000107317,-0.00207862,-0.0028525,0.00335634,-0.0243054,0.360611,-1.03412,0.00524595,0.00299003,0.0506683,0.0275194,0.0180492,8.00486e-06,0.108871,-0.0458784,-0.000642356,-0.00193656,0.00228634,0.00522161],[0.00577429,0.00278225,0.0125841,0.00376074,0.0104136,0.00892541,0.00627047,0.00375762,-0.000671788,-0.00364891,-0.00404582,0.000380531,0.0130682,-0.0389109,0.234014,-0.000895727,-0.00144155,-0.00676611,0.000779135,0.0197036,-0.000207381,-0.0498309,0.00353831,-0.00237027,0.0105247,0.0273516,-0.000861795],[-0.00924441,-0.00151388,-0.00568459,-0.00704504,-0.0142664,0.00202813,-0.0190067,0.00213696,-0.00557341,-0.00264572,-0.00397199,0.00133404,-0.0708707,-0.0411864,-0.0672313,0.00195123,0.00512778,-0.113992,-0.0176366,-0.00675886,0.000981219,0.0823601,-0.0240096,0.000883642,-0.0816962,-0.0494273,-0.00740076],[-0.000869765,-0.00159745,-0.000378053,0.000990478,-0.00156835,-0.00106345,-0.000709462,0.000624649,-7.5137e-05,-0.00104392,-0.000847589,-0.000585708,0.00460985,0.00600895,-0.0237186,-0.000463021,-0.000106204,0.00665002,6.83787e-05,0.00371467,-0.000543659,0.0146271,0.00336099,-0.000711919,-0.000907879,0.000925872,0.000544135],[-0.000372801,-0.000100338,0.000897971,-8.36229e-05,-0.00215298,-0.000409786,-0.000743341,0.000465787,-0.000629078,-0.000331246,-0.00032946,0.00012674,0.0130973,0.0146737,0.00212986,0.000299502,0.000280503,0.0414083,-0.000237933,0.00335158,-0.000111803,-0.0099639,0.0610661,-0.000136969,0.0011366,0.000658406,0.00139689],[0.00290449,0.0047735,0.0160392,-0.00279853,0.0200187,0.0113991,0.00863643,-0.00213209,0.00564749,0.00131701,0.00149177,0.000787586,-0.0314695,-0.0554152,0.319949,0.00242874,-0.00278196,-0.0142951,-0.0141723,-0.00873806,0.00188013,0.0681492,0.00565729,-0.000868554,-0.0141273,-0.0189764,-0.00171932],[0.000173667,-0.000229918,0.00148562,0.00188084,-0.00065089,0.00238993,0.000961526,-0.000664345,-0.00142595,5.44303e-05,2.15418e-05,-0.000231991,0.0138443,-0.00349558,-0.00869296,-0.000266445,-0.000717142,0.0555569,0.00165711,-0.0033481,0.000141504,-0.0135823,0.00786227,-6.93081e-05,0.00562115,0.00403328,0.00119147],[0.00359759,0.00433916,-0.0139743,-0.00770959,0.00999191,-0.00635656,0.0040268,-0.00661425,-0.00507679,-0.00156561,-0.00115321,-0.0029164,-0.0640105,-0.00399977,0.0791598,-0.00404375,-0.00120053,-0.0584311,-0.00291492,-0.0133358,-0.000289468,0.0131429,-0.0200163,0.00011273,0.00741388,0.0195855,0.00604208],[-0.000529984,0.0134196,0.026784,-0.0122566,-0.038849,-0.0368652,-0.0154229,0.0126827,-0.00322624,-0.0187149,-0.0176117,-0.00291299,-0.265354,0.129228,-0.568633,-0.00322955,0.00296925,0.0521371,-0.0182041,0.0277946,-0.00229241,0.152892,0.0346753,-0.00979984,-0.21872,-0.0570157,-0.0055827]],"sigmahat":[[0.296986,0.200194,0.441346,-0.00459414,0.714334,0.71904,0.631027,-0.191126,0.0851282,0.0376296,0.0449894,0.0163551,0.906868,-0.386137,5.27667,0.01864,0.0075977,1.94854,-0.0536871,-0.379363,0.00377083,1.04454,0.778407,0.032929,-0.168174,0.151482,0.109513],[0.200194,0.402387,0.106716,-0.155753,0.403259,0.612124,0.384449,-0.217509,0.00829208,0.0602222,0.0615244,0.0231543,0.290237,-0.556173,4.63148,0.0281153,-0.00307577,1.31225,-0.0141922,-0.499888,0.024088,1.11992,-0.0774578,0.0360232,-0.186375,0.024746,0.126056],[0.441346,0.106716,2.79958,0.239444,1.2655,2.32503,1.01883,-0.246648,0.252995,0.0118746,0.0583662,0.0365076,4.1943,-3.60081,16.2317,0.0220687,-0.125977,10.4839,-0.241616,-0.349996,-0.0298281,0.974365,2.62695,-0.0429344,0.567221,0.820248,0.121779],[-0.00459414,-0.155753,0.239444,0.321625,-0.180688,-0.0121082,-0.0930983,0.0749352,0.0920659,-0.0526521,-0.0461849,-0.00552836,2.33217,-0.0526727,1.40258,-0.0108527,-0.01769,2.06895,-0.00541568,0.331834,-0.0341648,-0.273685,2.68136,-0.0407543,0.175774,0.292627,-0.107074],[0.714334,0.403259,1.2655,-0.180688,3.04486,2.32109,1.85881,-0.487414,0.196479,0.158836,0.170167,0.0435208,-1.28689,-0.725201,10.278,0.0817926,0.0271807,2.99175,-0.127099,-1.08389,0.0461112,2.33289,-1.80375,0.112022,-0.162047,0.129225,0.534421],[0.71904,0.612124,2.32503,-0.0121082,2.32109,4.09168,1.83792,-0.57658,0.353407,0.19295,0.216741,0.118144,1.57788,-4.38256,23.4933,0.113459,-0.0577019,7.94231,-0.134934,-1.22031,0.021232,1.85469,-1.07054,0.0973357,0.478611,0.826525,0.524933],[0.631027,0.384449,1.01883,-0.0930983,1.85881,1.83792,1.83751,-0.407755,0.206813,0.129945,0.141563,0.0530684,0.0920215,-1.13971,11.9696,0.0729629,0.0522488,2.88037,-0.116204,-0.955866,0.0263115,1.5974,-0.942243,0.117708,-0.394118,0.293735,0.369625],[-0.191126,-0.217509,-0.246648,0.0749352,-0.487414,-0.57658,-0.407755,0.747741,-0.0705404,-0.127457,-0.131201,-0.0407382,-16.8312,-0.616241,-18.0922,-0.0497893,-0.0330507,-20.2596,0.0415904,0.370794,-0.0268129,-1.76116,-21.5655,-0.102246,0.306603,-0.370819,-0.361796],[0.0851282,0.00829208,0.252995,0.0920659,0.196479,0.353407,0.206813,-0.0705404,0.231542,0.0209981,0.0175226,0.0184206,1.3064,-0.180225,4.25572,0.0154425,0.00309567,1.2488,-0.0273377,-0.0911947,-0.00834007,0.732654,1.54647,0.00532518,0.0469133,0.193044,0.0346783],[0.0376296,0.0602222,0.0118746,-0.0526521,0.158836,0.19295,0.129945,-0.127457,0.0209981,0.0992531,0.102495,0.0175784,-0.328843,-0.19774,1.95683,0.0199734,0.0125453,0.684495,0.0502732,-0.187865,0.0177619,0.353691,-0.190293,0.0732717,-0.0422314,-0.101792,0.261844],[0.0449894,0.0615244,0.0583662,-0.0461849,0.170167,0.216741,0.141563,-0.131201,0.0175226,0.102495,0.111943,0.0136952,-0.334235,-0.240892,2.04839,0.0147573,0.00842659,0.784033,0.0498591,-0.186402,0.0186707,0.373936,-0.152356,0.0776507,-0.0757097,-0.101425,0.273341],[0.0163551,0.0231543,0.0365076,-0.00552836,0.0435208,0.118144,0.0530684,-0.0407382,0.0184206,0.0175784,0.0136952,0.0323633,0.234783,-0.0765616,1.6251,0.0362553,0.018822,0.679739,0.00836834,-0.0538856,0.00172678,0.0839361,0.283976,0.0136581,0.0259212,0.0381653,0.0465004],[0.906868,0.290237,4.1943,2.33217,-1.28689,1.57788,0.0920215,-16.8312,1.3064,-0.328843,-0.334235,0.234783,1251.74,-119.869,1276.76,0.30016,-0.540172,1218.62,-23.2152,35.7158,-0.586535,54.776,1606.7,-0.477689,-5.7029,18.11,-22.3369],[-0.386137,-0.556173,-3.60081,-0.0526727,-0.725201,-4.38256,-1.13971,-0.616241,-0.180225,-0.19774,-0.240892,-0.0765616,-119.869,197.648,-582.906,-0.0358286,0.576052,-22.2804,14.4964,-3.32455,0.00641989,-4.8028,-45.5602,0.13465,2.0021,-0.969646,11.5785],[5.27667,4.63148,16.2317,1.40258,10.278,23.4933,11.9696,-18.0922,4.25572,1.95683,2.04839,1.6251,1276.76,-582.906,2881.19,1.81403,-0.515562,1112.84,-59.7971,27.1311,0.0717591,77.7845,1484.22,0.852834,-18.0697,21.7741,-39.2697],[0.01864,0.0281153,0.0220687,-0.0108527,0.0817926,0.113459,0.0729629,-0.0497893,0.0154425,0.0199734,0.0147573,0.0362553,0.30016,-0.0358286,1.81403,0.0535352,0.0261978,1.25327,0.0297541,-0.0694812,0.0038003,0.164467,0.405809,0.012868,0.0531529,0.0165983,0.0875451],[0.0075977,-0.00307577,-0.125977,-0.01769,0.0271807,-0.0577019,0.0522488,-0.0330507,0.00309567,0.0125453,0.00842659,0.018822,-0.540172,0.576052,-0.515562,0.0261978,0.0643376,-1.10638,0.0184093,-0.0474896,0.00376758,-0.017406,-0.137881,0.0344793,-0.247286,-0.0953915,0.0358697],[1.94854,1.31225,10.4839,2.06895,2.99175,7.94231,2.88037,-20.2596,1.2488,0.684495,0.784033,0.679739,1218.62,-22.2804,1112.84,1.25327,-1.10638,1487.19,-10.9083,31.5632,-0.364348,59.9052,1708.32,-0.258055,3.28405,22.7377,-1.05107],[-0.0536871,-0.0141922,-0.241616,-0.00541568,-0.127099,-0.134934,-0.116204,0.0415904,-0.0273377,0.0502732,0.0498591,0.00836834,-23.2152,14.4964,-59.7971,0.0297541,0.0184093,-10.9083,2.05066,-0.707664,0.00992583,-0.942897,-25.829,0.0391731,0.649984,-0.00361946,1.8566],[-0.379363,-0.499888,-0.349996,0.331834,-1.08389,-1.22031,-0.955866,0.370794,-0.0911947,-0.187865,-0.186402,-0.0538856,35.7158,-3.32455,27.1311,-0.0694812,-0.0474896,31.5632,-0.707664,3.33468,-0.0765191,-0.568518,50.3926,-0.142104,0.0109785,0.390347,-1.07508],[0.00377083,0.024088,-0.0298281,-0.0341648,0.0461112,0.021232,0.0263115,-0.0268129,-0.00834007,0.0177619,0.0186707,0.00172678,-0.586535,0.00641989,0.0717591,0.0038003,0.00376758,-0.364348,0.00992583,-0.0765191,0.0110576,0.111032,-0.734028,0.0140523,-0.0355115,-0.0417075,0.0505764],[1.04454,1.11992,0.974365,-0.273685,2.33289,1.85469,1.5974,-1.76116,0.732654,0.353691,0.373936,0.0839361,54.776,-4.8028,77.7845,0.164467,-0.017406,59.9052,-0.942897,-0.568518,0.111032,19.3282,71.0559,0.201518,-1.23818,0.286659,0.135581],[0.778407,-0.0774578,2.62695,2.68136,-1.80375,-1.07054,-0.942243,-21.5655,1.54647,-0.190293,-0.152356,0.283976,1606.7,-45.5602,1484.22,0.405809,-0.137881,1708.32,-25.829,50.3926,-0.734028,71.0559,2253.5,-0.138387,-10.2042,20.7654,-21.1402],[0.032929,0.0360232,-0.0429344,-0.0407543,0.112022,0.0973357,0.117708,-0.102246,0.00532518,0.0732717,0.0776507,0.0136581,-0.477689,0.13465,0.852834,0.012868,0.0344793,-0.258055,0.0391731,-0.142104,0.0140523,0.201518,-0.138387,0.0735874,-0.229545,-0.114763,0.19374],[-0.168174,-0.186375,0.567221,0.175774,-0.162047,0.478611,-0.394118,0.306603,0.0469133,-0.0422314,-0.0757097,0.0259212,-5.7029,2.0021,-18.0697,0.0531529,-0.247286,3.28405,0.649984,0.0109785,-0.0355115,-1.23818,-10.2042,-0.229545,4.99739,0.653622,0.21288],[0.151482,0.024746,0.820248,0.292627,0.129225,0.826525,0.293735,-0.370819,0.193044,-0.101792,-0.101425,0.0381653,18.11,-0.969646,21.7741,0.0165983,-0.0953915,22.7377,-0.00361946,0.390347,-0.0417075,0.286659,20.7654,-0.114763,0.653622,2.15328,0.0478353],[0.109513,0.126056,0.121779,-0.107074,0.534421,0.524933,0.369625,-0.361796,0.0346783,0.261844,0.273341,0.0465004,-22.3369,11.5785,-39.2697,0.0875451,0.0358697,-1.05107,1.8566,-1.07508,0.0505764,0.135581,-21.1402,0.19374,0.21288,0.0478353,3.22974]],"n":27,"lags":3}