{"betahat":[[0.124248,0.201802,-0.191435,0.231908,0.356146,0.820595,-0.229139,0.134209,-0.129353,0.0450178,0.00837662,-0.939112,6.18353,0.0295219,-0.113675,2.91894,0.200597,1.31899,-0.149394,1.79247,0.155873,-0.140948],[1.00631,0.0172265,0.0984101,0.0337,-0.123988,0.263518,0.34991,-0.0264073,-0.00843683,0.0360887,0.0422018,-0.0631524,-0.616467,0.0478929,0.0646634,-0.345594,-0.0280436,-0.144278,-0.0110299,-0.245339,-0.0818539,0.0485439],[0.122566,1.07288,0.250468,0.0364418,0.280556,0.525697,0.00787469,-0.0863804,0.0686126,0.0591453,0.0424894,-0.219442,2.26367,0.0439431,0.00448729,0.41225,0.0116261,-0.13343,0.0102499,0.411687,0.00361146,0.0417121],[0.0165552,-0.0298069,0.992121,-0.00170383,0.118781,0.0505623,0.192323,-0.00737266,0.0233254,-0.00575294,-0.000348271,0.00579708,-0.754918,-0.0053713,-0.00971241,-0.0174866,-0.0149369,-0.0130311,-0.00552664,-0.0557734,0.0319914,-0.0250343],[0.0208147,0.118098,-0.170992,0.886482,-0.0887733,0.0129748,0.193257,-0.0189017,0.107853,0.0268763,0.0513776,-0.231518,2.99967,0.0745945,-0.00494073,0.501922,0.00385198,-0.209937,0.0123491,0.181353,0.0659681,0.0446006],[0.0201149,-0.00816672,0.0373323,0.0164043,0.961723,0.0582193,0.0792882,0.00481115,0.000344005,0.0094179,0.000775989,0.0835881,0.013104,0.00721525,0.00968554,0.036314,-0.00439108,0.0120397,-0.0013443,0.0241905,-0.0381609,0.00445089],[0.00853128,-0.0037714,-0.0185957,0.00728075,0.0058221,0.896252,0.0676599,0.00718479,0.0322084,0.0219366,-0.0138458,-0.116564,1.0112,-0.0119955,-0.0114646,0.113784,0.00381813,0.00635989,0.0143398,0.0403613,0.0188531,0.0325332],[0.0104922,0.0424037,0.0342883,-0.00160521,-0.0499508,0.0671116,0.805916,-0.0229125,0.00798112,0.0134615,-0.0119167,-0.0271026,0.488151,-0.0211655,-0.0101901,0.108196,-0.000364775,-0.0431863,0.00795412,0.0674661,-0.0241987,0.0066153],[-0.107315,-0.0151639,0.150627,0.155151,-0.408149,-0.221249,0.895884,0.965429,-0.0525136,0.115042,0.0431041,-0.935332,2.46168,0.0891796,-0.031905,2.62791,-0.0285054,-0.216079,0.0189425,1.0612,-0.182046,0.169894],[-0.0401018,-0.0753183,-0.351762,0.0106846,0.0994039,-0.251486,-0.00368133,-0.060518,0.901039,0.0669306,0.00247984,0.284671,-3.20136,-0.0887781,0.0218564,-2.76516,-0.0741197,-0.199354,0.0261895,-0.0686734,-0.30671,-0.00401785],[-0.0870121,-0.00419745,0.116081,-0.109539,0.273667,0.221615,-0.314125,0.00997958,-0.0400557,1.19535,-0.0284171,-0.431029,-1.52802,0.043116,-0.0115651,1.36078,0.0395785,0.0985094,0.0713222,0.287886,-0.21838,0.106675],[0.0333419,0.0812152,-0.406082,0.07351,0.187366,0.294708,0.256628,-0.00865551,-0.237488,0.079696,1.01293,0.174536,-0.425937,0.0115043,-0.0532064,0.570653,-0.115849,-0.110951,-0.0144595,0.127797,-0.27452,-0.0890117],[0.0183039,-0.00940064,-0.11302,-0.0028045,0.0782803,-0.0587082,0.0193555,-0.00103362,0.0276458,0.00411046,0.00917063,1.0807,-0.370242,0.00451743,0.00790627,-0.200561,-0.0016748,-0.0127359,0.000174439,-0.0673586,0.0179984,-0.00557794],[0.00844437,-0.00114263,0.0198335,0.00315684,0.0194232,0.0230083,0.0162854,-0.00131865,0.000470604,3.01004e-05,-0.000385116,-0.00326935,1.04978,-0.00114608,0.000342518,-0.0357134,-0.000362505,0.00344566,-0.0006023,-0.000866378,0.00579541,-0.0018908],[0.183551,0.054444,0.330636,-0.143268,0.692622,0.767591,0.633408,-0.0553034,-0.068907,0.116348,0.0207682,-0.652158,-1.75722,1.04851,0.0154959,1.46985,0.0704586,0.00964047,0.0313908,1.07477,-0.244393,0.224117],[-0.189353,-0.0846135,-1.30122,-0.0259861,-0.551302,-0.606747,-0.178362,0.0817674,-0.0241662,-0.00887911,-0.0265228,0.660927,-2.05893,-0.0253945,1.00173,-2.75822,0.0364412,0.0508898,0.0303944,-0.92552,-0.078127,0.114953],[0.0129839,0.00446912,0.0202764,-0.0125748,0.0713554,0.0365499,0.0382906,-0.0060781,0.00942822,-0.00306702,0.00706065,0.0401722,0.0721235,0.0106318,0.00727066,1.05865,0.0036588,-0.00715131,0.0057425,0.0110005,-0.000341173,-3.4629e-05],[0.00392624,0.0744773,0.411719,0.111725,0.333017,1.33007,0.459276,-0.126943,0.142421,0.0854581,0.0365359,-1.42748,6.12604,0.0546422,-0.0603945,3.12474,1.23583,-0.319362,0.0882308,1.36131,0.0886142,0.0948472],[-0.00259218,-0.074306,0.0425766,0.0157769,-0.0209803,-0.0186922,0.438064,0.00365815,-0.0546518,-0.000601358,-0.0120279,0.0322103,-0.472311,-0.0226964,0.00275591,-0.0951241,-0.018186,0.911486,-0.0068705,0.212466,-0.122921,-0.0261867],[0.105072,0.0415185,-0.267755,0.107984,0.931933,-0.575953,-0.234741,0.140944,-0.204455,-0.0870707,0.0751647,-1.23506,-0.696662,0.174707,-0.015514,4.89768,-0.0723635,0.443216,0.708489,-0.297588,0.0115282,-0.000739573],[0.0490685,0.0458003,0.165548,0.01235,0.113927,0.0743447,-0.0488686,-0.0148782,-0.00798764,0.00417874,0.00841934,-0.146687,0.711227,0.0124734,-0.0117084,0.286916,0.00467613,4.95116e-05,-0.0151971,0.249621,0.110595,0.0299934],[0.0137208,0.0882395,0.203729,0.0626763,-0.226544,0.0246225,0.186128,-0.0146872,0.196692,0.039106,0.0391939,-0.127065,0.726799,0.0502646,0.0323732,0.165483,-0.0217946,-0.169142,-0.00238617,-0.275324,0.616199,0.0805677],[-0.153306,-0.121759,0.433548,-0.0227623,-0.470515,0.0206686,-0.491525,0.0721752,0.0233448,0.0444673,-0.0498551,-0.0609961,0.555491,-0.141897,-0.0877263,-0.508414,0.0692827,0.230389,0.0775896,-0.381186,0.234391,1.06979],[-0.0406775,0.0040016,-0.0906867,-0.0451636,-0.00591433,-0.323839,-0.0551598,0.0350938,0.0149631,-0.0193913,-0.021692,0.0563397,0.844608,-0.0300745,-0.0411764,-0.141956,0.000645599,0.0393406,0.0159774,0.0619207,0.0377295,-0.00810856],[-0.139216,-0.101083,-0.0553947,0.0118585,-0.360611,-0.412119,-0.00513828,0.0543495,-0.0334385,-0.043461,-0.0348327,0.11115,-1.09026,-0.0344674,0.0172369,-0.492978,-0.0427973,0.0453983,-0.00249881,-0.470869,0.0151103,-0.0495513],[-0.0187005,0.025324,0.017228,0.00201745,-0.136835,-0.0464141,-0.179675,0.00574514,-0.0297715,0.0035262,-9.25834e-05,-0.140459,0.628647,0.00185068,0.00425935,0.0756217,0.0057351,0.00911989,0.00766839,0.10252,-0.0221412,0.0216679],[-0.0386527,-0.0550238,-0.138862,0.0793879,0.118392,-0.274957,-0.288874,0.00532081,-0.130759,-0.0759745,-0.0538844,0.803059,-4.32045,-0.0705324,0.0490861,-1.74448,0.0195824,0.13712,-0.00924636,-0.564444,-0.128885,-0.0236562],[-0.00774752,0.0069774,-0.0155461,-0.0115348,0.0139755,-0.0338161,-0.00996448,-0.00160761,-0.000140567,0.000272324,0.0031644,-0.0360635,-0.249462,-0.000909536,0.00528393,-0.113834,0.0010381,-0.0140037,-0.00114797,-0.0358038,0.0160436,0.000251533],[-0.00509271,0.00503314,-0.00549291,-0.00641515,0.0162901,0.06411,0.00736338,-0.00898278,-0.0233774,-0.0152935,0.01599,0.138435,-0.727588,0.0202104,0.0251658,-0.152996,-0.00625551,-0.0154258,-0.00914295,-0.0248766,-0.00121004,-0.0211436],[0.0109818,-0.028512,-0.00540607,0.000942092,0.0534203,-0.0323017,-0.0235347,0.00284437,-0.00115148,-0.00905086,-0.000312816,0.0238783,-0.0751992,0.0058283,-0.0074123,0.147898,0.00569429,-0.00733361,-0.00120239,0.0174653,0.0280712,-0.00267744],[0.0815112,0.0930295,-0.0974176,-0.0352304,0.0599513,0.10614,-1.24966,0.0304217,0.000599244,-0.107291,-0.0952424,0.70623,-3.68366,-0.134792,-0.0948671,-1.76212,0.0601455,0.203073,-0.0513918,-0.944744,0.0143471,-0.134875],[-0.0115653,0.052799,0.0432007,-0.00617527,-0.315193,-0.294696,-0.222822,0.0603339,-0.135554,-0.0912245,-0.0157622,0.286646,-1.48183,0.0546026,0.00305421,1.15646,0.0458262,0.0899487,-0.0568894,-0.210969,0.147121,-0.0157435],[0.0678935,-0.0922087,0.00964287,0.164517,-0.0118663,-0.271674,0.402095,0.00803,0.0368416,-0.150936,0.0292764,0.1212,1.93971,-0.00576076,-0.00625984,-0.0858377,0.0173824,-0.00811769,-0.01925,-0.257218,0.128578,-0.0478847],[0.0257148,0.0707103,0.154489,-0.00965056,0.0881062,-0.140451,0.0470219,-0.0116541,0.167801,-0.0558615,0.0157711,-0.33439,0.542743,0.0309346,0.043109,0.315503,0.0755876,0.0985282,-0.0203074,-0.0512261,0.314641,0.0821272],[-0.0072831,0.00430123,0.0977074,0.00814065,-0.0600591,0.0286541,-0.0126594,0.0048346,-0.0146898,-0.000385752,-0.00373453,-0.0910466,0.168476,-0.000428381,-0.00507865,0.145171,0.00137732,0.0106999,0.000556667,0.0519954,-0.0185523,0.00453309],[-0.00636365,-0.00246007,-0.014016,-0.0014833,-0.0249918,-0.0303359,-0.0152297,0.00205765,-0.00346988,-0.00143427,0.000116216,0.021454,-0.0984904,0.000458242,0.000404381,0.00227646,0.000690738,-0.00124556,-0.000441002,-0.00742037,-0.00254679,0.000667483],[-0.0660279,-0.0186475,-0.286977,0.122632,-0.243327,-0.607793,-0.208934,0.0455425,-0.000372269,-0.0985162,-0.0551683,0.956309,-2.30823,-0.0994165,-0.0199654,-1.75743,-0.0162187,-0.0333107,-0.0459566,-0.746459,0.068199,-0.152265],[0.0750765,0.0306629,0.925216,0.0608511,0.322457,0.332362,-0.0310689,-0.06545,0.0964144,0.0323087,0.0270419,-0.471168,3.16949,0.0215863,0.0191748,2.01693,-0.00667922,-0.0542714,-0.0426321,0.689121,0.0163369,-0.0219211],[-0.0096002,-0.00293269,-0.0189088,0.00999285,-0.057646,-0.0340145,-0.0258053,0.00400977,-0.0138641,-0.00263135,-0.00723765,-0.00856228,-0.188402,-0.0129927,-0.00473699,-0.0950052,-0.00108048,0.00389255,-0.00451036,-0.017949,-0.000844817,-0.00386517],[0.147229,0.264834,-0.444359,-0.239868,0.176682,-0.80548,-0.389939,0.0312472,-0.0752212,-0.046172,-0.013158,0.929104,-2.52296,-0.0103103,0.0425228,-1.17072,-0.156229,0.0730284,-0.0547061,-1.04434,0.246492,-0.0804776],[0.0309428,0.115253,-0.0916329,0.00984122,0.0139524,-0.0171437,-0.376822,-0.00808859,0.0493336,0.000480068,0.00145658,0.0403627,0.284825,0.00924298,-0.00339935,0.0268107,0.0222437,0.0534763,0.00590106,-0.191513,0.0926574,0.0187186],[-0.0364303,-0.251046,0.648131,-0.241614,-0.372659,0.0914513,0.627118,-0.0839467,-0.0396808,0.0439406,-0.0663239,1.65769,-2.51999,-0.145594,0.0277753,-4.55989,0.00911277,-0.253039,0.168871,0.0231203,-0.116372,-0.0872383],[-0.0154006,-0.00603762,-0.128371,0.0118433,-0.00175982,-0.0228733,0.0402629,-0.00441764,-0.000118319,-0.0174109,0.00171703,0.202236,-0.388154,-0.00151171,0.0219713,-0.230389,0.00433281,0.000598381,0.0102572,0.19678,0.0174437,-0.00779955],[0.0274604,0.0938556,-0.143525,-0.0193844,0.0150066,-0.0543168,-0.297366,-0.0179655,0.0620258,0.0295368,0.0019648,0.0417436,1.02844,0.0195008,0.021591,0.183754,-0.0125162,-0.0555177,0.0130386,0.226215,0.088753,-0.0359708],[0.125935,0.058403,-0.382269,0.0727378,0.444187,0.0336832,0.471139,-0.0577468,0.0159205,0.0120182,0.0334328,0.102353,-1.42451,0.0583882,0.0198729,0.248674,-0.00564872,-0.133005,-0.0458331,0.358929,-0.0957312,-0.0276832],[0.03436,-0.0212368,-0.00773211,0.0114697,0.12988,0.0602949,-0.294757,-0.00868332,-0.00652216,-0.0166987,-0.0205106,0.00681204,-0.228132,-0.0178191,-0.0234899,0.487568,0.0273987,0.104944,-0.00494472,0.183403,0.0441337,-0.0404325],[0.0166448,0.0281848,-0.195084,-0.0482922,0.0800371,-0.113609,-0.00273803,0.0320348,-0.035168,-0.0156866,-0.00765794,0.108303,-1.17342,-0.00947694,-0.0217273,0.0807465,0.0311721,0.0880404,-0.00774732,0.0591596,-0.0187114,0.00784173],[0.00213629,0.00447609,-0.00937999,-0.000310031,0.0180174,-0.00418924,-0.0126679,0.00163048,0.00644621,0.00222469,0.000438905,0.134681,0.126167,0.00351843,0.00545138,-0.0581462,0.0092027,0.00391555,-0.00213944,-0.0467751,-0.0098453,0.00336953],[0.0178343,-0.063086,0.309852,0.0341348,-0.0296326,0.261961,0.0956176,0.0135848,0.0229133,0.0490963,0.00250648,-0.57155,1.32084,-0.00406198,-0.0441498,1.24262,-0.0234333,0.0728228,-0.00309928,0.383077,0.0629334,-0.0209417],[-0.0123762,0.00118181,-0.0218041,-0.00486089,0.0242503,-0.0244472,-0.0693471,-0.00319977,-0.000203152,-0.00969181,-0.00394216,-0.0475235,0.23633,-0.00630805,-0.0149718,0.0774937,0.0033533,0.00197331,0.00249443,0.0115919,0.0221208,-0.00469756],[-0.00344706,-0.00127633,0.0240624,-0.000857409,-0.0221467,0.0395779,-0.0750353,0.00180254,-0.00882856,-0.00664657,-0.00214677,-0.021833,-0.2837,-0.00821754,-0.013703,0.039191,0.00243783,0.00907415,-0.0051929,-0.0155218,-0.0176405,-0.0113852],[-0.00314024,0.00337372,-0.0157203,-0.00851324,0.00807022,-0.0434137,-0.0944761,-0.0014095,-0.00022881,-0.000896274,-0.000731378,0.0530504,-0.208486,0.00294819,0.00499886,-0.000546561,0.0020533,-0.00598311,0.000886989,-0.0147716,-0.0117789,0.00210111],[0.0525842,-0.0483675,-0.0147532,-0.140112,0.428214,0.191974,0.431725,-0.00918286,0.0520713,-0.0067676,0.0538117,0.182201,1.31906,0.0470281,0.119363,-0.690255,-0.0297037,-0.0282555,0.0301834,-0.038766,0.181171,-0.0483507],[0.0516029,0.0224154,0.30844,-0.004486,0.215708,0.545999,0.226482,0.000215037,0.234538,0.0242675,0.013261,-0.571001,4.68247,0.0341725,-0.0249263,1.60898,0.0283122,0.109446,0.0307265,0.279542,0.1596,0.0197874],[0.00383388,0.0695005,-0.119848,-0.0203014,-0.318013,-0.0257007,-0.179277,0.00902139,-0.00228729,-0.0782073,-0.001145,0.351845,-0.257064,-0.0308581,0.0276107,-1.12658,-0.0495051,-0.0242616,-0.0476432,-0.0909111,0.0928613,-0.0696529],[-0.0377389,-0.123015,0.327649,-0.0824508,-0.166366,-0.0458747,-0.272212,0.0223465,0.0818817,-0.0240816,-0.0428343,0.0483275,0.117967,-0.0486351,-0.00310155,-0.817896,0.0313417,-0.0105304,0.0361251,-0.00503019,-0.0561586,0.00704616],[-0.00917611,0.00335666,0.0221595,-0.000825793,-0.0177955,0.0336485,0.00189697,-0.00313674,-0.00851959,-0.00234255,-0.00378242,-0.0148843,0.245008,-0.00260588,-0.00443303,0.0780342,0.000736767,0.00744711,-0.000267525,0.0280505,0.00826849,0.00220147],[-0.00283862,0.00293733,-0.0066064,-0.00177921,0.00337889,0.00480661,-0.00307112,-0.000387339,0.0025937,0.00114999,-3.12722e-05,-0.0154182,0.0228635,0.000399391,-0.000793401,0.0301153,-0.00037018,-0.00174558,0.000987183,0.00515592,-0.00369728,0.00147211],[-0.100702,-0.00331919,-9.89335e-05,0.0119083,-0.384541,-0.113131,-0.431645,0.00829487,0.0701034,-0.0162731,0.0179857,-0.372213,3.85644,0.0312078,-0.0102138,0.254087,-0.0613145,0.00367457,0.0159245,-0.299375,0.143462,-0.0549407],[0.121929,0.0738215,0.390305,-0.0370096,0.243722,0.294265,0.183347,-0.019523,-0.0613576,-0.0204247,-0.00293455,-0.228215,-1.03633,-0.000244524,-0.0353635,0.727002,-0.0368754,-0.0247098,0.0120943,0.246421,0.0340067,-0.0864388],[-0.00350515,-0.00184963,-0.00176134,0.00273203,-0.0137654,-0.00317993,-0.0122583,0.00213812,0.00453195,0.00556652,0.000168843,-0.0300781,0.112731,0.00233021,-0.00244469,0.0350633,-0.00253438,0.00353111,-0.00119534,0.00626244,0.00149878,0.00389243],[-0.150448,-0.339608,0.0336503,0.128899,-0.507294,-0.523319,-0.0657147,0.0955816,-0.0659469,-0.0392954,-0.0229558,0.498867,-3.5807,-0.043924,0.0181486,-1.9492,-0.079981,0.246232,-0.0333508,-0.31512,-0.332549,-0.0144672],[-0.0260817,-0.0431468,0.0546502,-0.0240344,0.0135855,0.0411382,-0.0482793,0.00464945,0.00766158,-0.000689424,0.0111723,-0.0760092,0.223914,0.0136556,-9.0455e-05,0.0955209,-0.00315573,0.0358431,0.000939503,-0.0163821,0.0406987,0.00602811],[-0.0637759,0.227213,-0.356821,0.132377,-0.57272,0.50202,-0.417784,-0.0612161,0.235072,0.0448348,-0.00773594,-0.471147,3.3563,-0.0289152,-0.00894051,-0.413033,0.0579988,-0.198671,0.115497,0.288334,0.095978,0.0821958],[-0.0093503,-0.011653,-0.0441326,-0.00111394,-0.0404844,-0.0576603,0.0273101,0.00578077,-0.0070526,0.00294404,-0.00785562,0.0402755,-0.256404,-0.00626819,0.00513367,-0.14805,-0.00353755,-0.0114288,-5.23025e-05,0.0622286,-0.053839,-0.00842865],[0.0500652,-0.00462199,0.0621343,-0.00867376,0.20309,0.163305,0.155374,-0.0124345,-0.034774,-0.0032052,-0.00562138,-0.00909751,-0.312447,-0.003031,0.00765078,0.0186338,-0.00492359,-0.0431369,-0.00269028,0.189743,0.0894484,-0.00248509],[0.0179394,0.0534573,-0.0236212,-0.0194368,-0.0975079,-0.127712,-0.0808265,-0.00635796,-0.0445715,-0.0814156,0.0108618,0.0441238,0.54286,0.0596207,0.0848236,0.110029,-0.0645751,-0.0674325,-0.021869,-0.0418272,-0.134305,-0.112048]],"sigmahat":[[0.163986,0.109122,0.0509285,-0.0518862,0.445844,0.181302,0.26859,-0.0415563,0.0266406,0.0251364,0.00638618,0.0471946,0.935487,0.0148939,-0.00599252,0.361188,-0.00938348,-0.14076,0.00680583,0.191392,-0.0265397,0.0231886],[0.109122,0.330062,-0.105402,-0.125226,0.152888,0.236034,-0.0487631,-0.08064,-0.0133731,0.0529584,0.0200808,-0.176425,1.08537,0.0275238,-0.013404,0.548395,-0.0272904,-0.352055,0.0185006,0.21694,-0.176396,0.0569338],[0.0509285,-0.105402,1.17231,0.0654825,0.0750088,0.488322,0.0440272,0.041582,0.110475,-0.0250531,0.00754149,-1.04322,3.71023,-0.00541088,-0.0485725,1.6838,0.0344396,0.284146,-0.0119828,0.314957,0.255167,-0.0347168],[-0.0518862,-0.125226,0.0654825,0.284719,-0.250314,-0.0765784,-0.123406,0.0519811,0.0558562,-0.0292307,0.00572982,-0.141774,0.535568,0.00410027,0.0101515,0.0662907,0.0288551,0.268966,-0.0195546,-0.145457,0.212757,-0.0212709],[0.445844,0.152888,0.0750088,-0.250314,2.69385,0.944255,1.38418,-0.114587,0.12303,0.0752896,0.0015031,1.15534,0.822329,0.0625936,0.0336567,0.151912,-0.0240205,-0.325725,0.0363598,0.646953,-0.0549741,0.0634529],[0.181302,0.236034,0.488322,-0.0765784,0.944255,1.88658,0.295814,-0.0973514,0.216191,0.109734,0.073603,-1.17783,5.58528,0.0746997,-0.022361,1.50301,-0.00310995,-0.147759,0.0245281,0.774519,0.196615,0.0404942],[0.26859,-0.0487631,0.0440272,-0.123406,1.38418,0.295814,2.18877,-0.0302021,0.0906477,0.0348837,0.0182351,0.746646,0.305819,0.044755,0.0598241,-0.228529,-0.0328453,-0.130967,0.0256981,0.551037,0.0614629,0.011215],[-0.0415563,-0.08064,0.041582,0.0519811,-0.114587,-0.0973514,-0.0302021,0.0536133,0.00686785,-0.029513,-0.00909187,-0.0145263,-0.241608,-0.00745525,-0.00245739,0.0475731,0.0155292,0.172016,-0.00908289,-0.075387,0.0793998,-0.0175486],[0.0266406,-0.0133731,0.110475,0.0558562,0.12303,0.216191,0.0906477,0.00686785,0.191459,0.0179554,0.0310507,-0.24173,2.8636,0.0338089,0.00501168,0.319408,0.00588403,0.0722355,0.0152053,0.119615,0.171675,0.00772299],[0.0251364,0.0529584,-0.0250531,-0.0292307,0.0752896,0.109734,0.0348837,-0.029513,0.0179554,0.057612,0.0188257,-0.128741,0.662353,0.0210251,0.00206676,0.17315,-0.0136716,-0.103128,0.0102724,0.132854,-0.0537266,0.0422629],[0.00638618,0.0200808,0.00754149,0.00572982,0.0015031,0.073603,0.0182351,-0.00909187,0.0310507,0.0188257,0.0456417,-0.137464,1.08656,0.0490654,0.0279402,0.205656,-0.00216736,-0.0224148,0.0015047,0.0352368,0.0538567,0.0163343],[0.0471946,-0.176425,-1.04322,-0.141774,1.15534,-1.17783,0.746646,-0.0145263,-0.24173,-0.128741,-0.137464,6.60044,-15.9621,-0.0683543,0.249853,-6.43561,-0.0502444,-0.325164,0.002943,-0.927499,-0.684719,-0.110383],[0.935487,1.08537,3.71023,0.535568,0.822329,5.58528,0.305819,-0.241608,2.8636,0.662353,1.08656,-15.9621,117.421,1.21603,-0.201642,21.9884,-0.00923649,-0.0714399,0.366823,4.12782,3.67502,0.736839],[0.0148939,0.0275238,-0.00541088,0.00410027,0.0625936,0.0746997,0.044755,-0.00745525,0.0338089,0.0210251,0.0490654,-0.0683543,1.21603,0.072576,0.0387242,0.33792,-0.00374794,-0.0286397,0.00164724,0.0523358,0.040884,0.0298283],[-0.00599252,-0.013404,-0.0485725,0.0101515,0.0336567,-0.022361,0.0598241,-0.00245739,0.00501168,0.00206676,0.0279402,0.249853,-0.201642,0.0387242,0.0703163,-0.438058,-0.00375224,-0.0145749,0.00195276,-0.0666753,0.00817708,-0.00386346],[0.361188,0.548395,1.6838,0.0662907,0.151912,1.50301,-0.228529,0.0475731,0.319408,0.17315,0.205656,-6.43561,21.9884,0.33792,-0.438058,18.9905,0.0974332,0.44811,-0.0275851,2.9909,1.11458,0.296237],[-0.00938348,-0.0272904,0.0344396,0.0288551,-0.0240205,-0.00310995,-0.0328453,0.0155292,0.00588403,-0.0136716,-0.00216736,-0.0502444,-0.00923649,-0.00374794,-0.00375224,0.0974332,0.0313809,0.0844983,-0.00516975,-0.00532435,0.0531592,-0.00676352],[-0.14076,-0.352055,0.284146,0.268966,-0.325725,-0.147759,-0.130967,0.172016,0.0722355,-0.103128,-0.0224148,-0.325164,-0.0714399,-0.0286397,-0.0145749,0.44811,0.0844983,0.820687,-0.0419348,-0.240781,0.483549,-0.075502],[0.00680583,0.0185006,-0.0119828,-0.0195546,0.0363598,0.0245281,0.0256981,-0.00908289,0.0152053,0.0102724,0.0015047,0.002943,0.366823,0.00164724,0.00195276,-0.0275851,-0.00516975,-0.0419348,0.0210076,0.0460699,-0.0227334,0.00704194],[0.191392,0.21694,0.314957,-0.145457,0.646953,0.774519,0.551037,-0.075387,0.119615,0.132854,0.0352368,-0.927499,4.12782,0.0523358,-0.0666753,2.9909,-0.00532435,-0.240781,0.0460699,2.61408,-0.164467,0.0898976],[-0.0265397,-0.176396,0.255167,0.212757,-0.0549741,0.196615,0.0614629,0.0793998,0.171675,-0.0537266,0.0538567,-0.684719,3.67502,0.040884,0.00817708,1.11458,0.0531592,0.483549,-0.0227334,-0.164467,0.842561,-0.0554291],[0.0231886,0.0569338,-0.0347168,-0.0212709,0.0634529,0.0404942,0.011215,-0.0175486,0.00772299,0.0422629,0.0163343,-0.110383,0.736839,0.0298283,-0.00386346,0.296237,-0.00676352,-0.075502,0.00704194,0.0898976,-0.0554291,0.0916342]],"n":22,"lags":3}