{"betahat":[[9.22341,7.92696,17.397,3.32999,7.816,33.6394,1.73103,4.52933,1.65122,2.23259,3.44363,3.40654,121.29,2.25746,-1.22423,59.4497,4.00104,-4.39773,12.3947,-11.7912,-3.58127,1.48369,52.8349,-5.76663,5.20288,0.775851],[0.0362138,0.664175,-0.169984,-0.353774,-0.526427,1.83593,-0.0931817,-0.83343,0.158897,0.138931,0.236413,0.548884,7.03298,0.338289,0.221686,0.511745,-0.0621737,0.00114518,-1.26128,-4.83594,-0.0680089,0.145545,2.27316,0.0245707,-0.600575,0.159053],[0.318266,-0.0517338,-0.68033,-0.856741,1.79384,2.61726,-0.405896,-0.926698,0.110079,0.143987,-0.00880336,-0.0320618,10.2745,-0.0947479,-0.239711,1.53609,-0.129648,-0.288395,0.0620056,-7.2097,-0.832859,-0.0667067,2.73242,-1.38815,-0.647643,0.158866],[0.0628678,0.497277,-0.00124769,-0.259787,0.561343,0.384129,-0.624401,-0.862962,0.050792,0.0662441,0.252118,0.580018,1.51744,0.140367,0.125865,1.18207,-0.0470647,-0.247229,-0.286157,-8.65026,-1.73852,0.246771,0.205062,-0.700095,0.365394,0.143168],[0.921263,0.0928269,-0.187987,0.0190953,0.104309,0.35072,-0.0271102,0.0119348,0.0520455,0.0465867,0.05664,-0.0646193,2.57944,0.03168,0.0878518,-0.177445,-0.0389439,-0.245671,-0.00112593,-0.302621,0.0145212,0.0571672,0.0275817,-0.160183,0.223918,0.0558352],[0.104544,1.04829,0.271155,-0.0158683,-0.0477995,0.319969,0.0312707,-0.0340985,0.0427831,0.0428001,0.0348871,0.167194,2.9356,0.0326594,-0.0191421,0.718131,0.0224208,-0.0317341,-0.0736472,0.00721195,0.105626,0.00899509,0.277582,0.604894,0.117683,0.0317972],[-0.0529787,-0.036336,0.907831,-0.0709282,-0.259115,-0.0656786,-0.028964,-0.0259764,-0.0015807,-0.00466833,0.00307502,0.0625108,-0.873106,-0.00470869,0.0104936,-0.237166,-0.0197887,0.0298321,0.072283,-0.28117,-0.0226883,0.0103625,0.0712569,-0.0938421,-0.0419322,0.00749811],[-0.0604354,-0.0713775,-0.363315,0.749388,-0.0733046,-0.537179,-0.0818001,-0.0277763,-0.0348475,-0.0186582,-0.0253178,-0.0568246,-1.40003,-0.0881948,-0.0712865,-0.23026,0.0143699,-0.0275423,-0.0311725,-0.00888565,0.0712273,-0.0280942,-0.434807,-0.483528,-0.109294,-0.0585371],[-0.035066,-0.0704117,-0.0785968,-0.0439089,0.84787,-0.105094,0.00325758,0.000949937,-0.000798646,-0.00084287,-0.0101298,-0.00894102,0.324079,-0.0106422,-0.00795284,-0.0868551,0.0138064,0.0231107,0.0680984,0.120285,-0.029391,-0.00419225,0.0112465,-0.208707,0.000676354,-0.00193633],[-0.0374804,-0.0400199,-0.0776127,-0.0183892,-0.0167171,0.606657,0.00493818,0.00242047,0.00118573,0.000681055,0.00956945,0.00158711,-0.612011,-0.00747021,-0.00227994,-0.0483895,0.00889421,-0.00515922,-0.0137968,-0.0117713,0.00413589,0.0157541,-0.162507,-0.0716793,-0.0222454,-0.000972761],[-0.147469,-0.0585367,0.123423,-0.211492,-0.842705,-0.565913,0.958393,0.00105767,-0.0155723,-0.016239,0.0517833,0.418732,-2.39647,-0.00564793,0.07228,-1.89238,0.0565084,0.0610052,0.0175135,-0.124636,-0.240054,0.129761,-0.901665,-0.0527447,-0.153899,-0.0626688],[-0.0444712,-0.092727,-0.531799,0.111735,0.0949204,-1.45729,-0.0610774,0.572868,-0.111545,-0.103107,0.0816332,-0.0821566,-3.01675,-0.0433735,0.0818106,-1.35491,-0.0900529,-0.0323617,0.51109,1.26444,-0.529736,0.167402,-2.07341,-1.12509,0.161984,-0.0766189],[-0.372568,-0.718692,-0.929401,-0.210976,0.133145,-1.11287,-0.174266,-0.0327743,0.883799,-0.133807,-0.245385,-0.308665,-3.54773,-0.149134,-0.0920082,-0.12059,0.0352953,0.0322518,0.473709,0.697255,-0.0877038,-0.0436497,-0.784089,-0.398111,-0.0935479,0.0105785],[0.0588504,0.213495,0.687703,-0.0263773,0.61547,0.718106,-0.0530634,-0.0659452,0.18275,1.10027,-0.0883068,-0.00585723,2.33969,0.0463083,0.0236251,1.10266,-0.1318,-0.0402191,0.0422018,1.62375,0.147785,0.0712108,-0.486967,2.12589,0.0538893,0.197189],[0.499946,0.510091,0.633512,0.257945,1.71758,1.33214,0.0667519,-0.0989933,0.05378,0.0304083,0.9841,0.453988,2.6372,-0.0128656,0.0919446,-1.64638,0.0023451,-0.0511189,-0.164993,-0.313962,0.285242,0.12749,-0.14347,0.014399,0.239171,-0.0207308],[0.0832666,0.0936363,0.023563,0.0607251,0.407302,0.476613,0.0398452,-0.0115154,0.00548861,0.00316576,0.0284348,1.31483,0.163905,-0.00190481,0.0186672,-0.180221,0.0228127,0.0875539,0.066892,-0.0800021,0.165407,0.0399699,-0.209504,0.267688,0.0361616,-0.0249295],[-0.00293721,-0.00355463,-0.00866666,-0.00234382,-0.0124676,-0.00314749,0.000104067,0.000223847,-0.00123324,-0.00137493,-0.00168463,0.00383118,0.842271,-0.00194518,-0.000730947,-0.0267554,0.00469241,0.000540304,-0.0033547,0.0329661,0.00642067,-0.00108552,0.005934,0.0128009,0.00578179,-0.00068767],[0.0297038,0.283604,0.0523583,0.111997,-0.00263239,0.783875,-0.0625126,0.0341,0.138784,0.127117,0.014373,-0.0467125,-4.67319,1.02388,0.0335916,1.97645,-0.185603,0.202787,0.114941,1.71903,-0.0179079,-0.0104732,2.18203,1.51097,-0.571966,0.176119],[0.1493,0.0914306,0.103032,-0.162177,0.287592,0.402585,0.0452499,-0.0452064,-0.0536151,-0.0278966,-0.0101485,-0.135421,-4.11772,-0.0265692,0.889025,-2.38061,0.0221639,0.073771,0.578223,0.0914739,-0.0334578,0.00360244,-1.30781,-0.287553,-0.179054,0.012845],[0.0201132,0.0177091,-0.00277551,-0.0206785,0.0927005,0.078481,0.00301516,0.000433984,0.00272186,0.00303056,0.00805137,0.00885579,0.122546,0.0118831,0.00555996,1.05953,-0.00708791,0.00583089,0.0176034,-0.0290603,-0.010794,0.00559064,0.0123656,0.092439,0.0187298,0.00446092],[0.0487472,0.096665,-0.444124,-0.0358708,0.223904,0.220172,0.0281122,-0.0196765,0.0788468,0.0854938,0.0364949,0.158031,3.8157,0.0511448,0.00522361,1.78431,0.375402,0.0350675,-0.177804,1.16917,0.56764,0.0204985,-0.28052,0.448653,0.180634,0.0433058],[-0.0221333,0.0147697,-0.0174992,-0.0308756,0.32208,0.28427,-0.00689398,0.0110003,0.018676,0.021249,-0.0109302,0.0786106,-1.90265,2.4477e-05,-0.0717687,0.863574,0.1706,0.723964,0.159026,-1.17823,-0.0338011,-0.0534926,-0.0360331,-0.209222,0.144825,-0.0371358],[-0.0375043,-0.0688264,0.0923674,0.0457432,-0.00254476,-0.223606,-0.0350361,-0.0165387,-0.0243536,-0.0281634,-0.0356235,0.00927604,-1.72839,-0.00488355,0.0125068,-0.371809,-0.0524738,0.0688089,-0.0363748,-0.0140669,-0.143657,-0.0469015,0.102404,-0.128653,-0.173712,-0.0364325],[0.0363506,0.0425713,0.0402921,0.0256551,0.106144,0.0589815,-0.00991636,-0.00915636,-0.00701755,-0.00567957,-0.0171856,0.0225117,0.567938,-0.0166292,-0.0165758,0.097481,0.0047756,0.0126304,-0.0193163,-0.136123,0.0615913,-0.0279185,0.0262823,0.195064,0.0192569,-0.00859299],[-0.0326032,-0.0595482,0.0909414,0.115819,-0.028932,0.0447775,-0.0312715,0.0164358,-0.00717538,-0.0133183,-0.0302088,0.113133,-1.30016,-0.0302834,-0.00563399,-0.51247,0.078638,0.00369258,-0.156714,0.0611229,1.02769,-0.0115612,-0.264421,-0.273216,-0.0933315,-0.00481997],[-0.308581,-0.410616,-0.279616,0.257251,-0.0328663,-1.15301,-0.033759,0.0218485,-0.101932,-0.0680356,-0.0945298,-0.277214,0.176173,0.0365704,0.120599,-1.70707,0.167333,0.207304,-0.299337,0.164524,0.357414,0.826531,-0.450688,-0.532799,-0.0366327,-0.0109423],[-0.00226669,-0.04204,0.0290611,0.0397676,-0.00138397,-0.0472736,-0.0208586,0.00940034,0.00237583,-0.000883176,-0.0122554,0.0508668,-0.462018,-0.00839368,-0.00078953,-0.298957,-0.000384334,0.00010197,-0.00615786,0.0635845,0.0379445,-0.00695967,0.845633,-0.138158,-0.0345294,0.00135188],[0.0289329,0.0255859,-0.00616031,0.0735189,0.0364707,0.0151492,0.00803519,-0.00772515,-0.0043882,-0.00497231,0.00365019,-0.0739293,0.368073,0.0190025,0.00524234,0.150763,0.0148393,0.00101489,0.0190135,0.16577,-0.0489946,-0.00842825,-0.028722,0.396518,-0.0445966,-0.00287918],[0.0279222,0.0417882,0.0655169,0.00104044,0.140971,0.592328,0.140398,-0.0196728,0.0509508,0.0525059,0.0555328,-0.175614,1.89284,-0.0206827,-0.0264394,0.155942,0.108057,-0.0466028,0.0568651,-0.895574,0.193349,0.0652426,-0.188773,-0.80191,0.410004,0.0172476],[-0.0994942,-0.14309,-0.112093,0.172849,-0.722923,-0.0260859,0.00539876,0.159899,0.111144,0.132927,-0.0181426,-0.356374,0.636523,-0.116593,-0.0894134,1.58672,0.327457,-0.232975,0.0393513,-1.78769,-0.0783284,-0.0476502,-0.464338,0.0515254,0.0686755,0.835136],[0.0467523,-0.0915479,0.237211,0.0524122,-0.307325,-0.348972,0.0138657,-0.00857876,-0.0559765,-0.0475366,-0.0847955,-0.0266816,-2.97268,-0.0692728,-0.0832326,-0.724343,0.0301784,0.130428,0.116911,0.220352,-0.123369,-0.0589749,-0.356927,-0.11168,-0.0987456,-0.0755352],[-0.0453833,-0.0076163,-0.14756,-0.0119437,-0.0174855,-0.209485,-0.0305135,0.0230241,-0.0306857,-0.0284555,0.0107308,-0.0740839,-3.03328,-0.0225542,0.0295371,-1.02527,0.00529519,0.0161264,0.0768869,-0.00431442,0.0182581,0.0205098,0.0520376,-0.45014,-0.0233317,-0.0338185],[0.0364951,0.0334582,0.0313054,0.0333814,0.199991,0.0982606,0.0212367,0.0265624,-0.00564442,-0.00227525,-0.010839,-0.0275137,0.513935,0.00178935,-0.0237169,0.431243,-0.0138373,-0.0448531,-0.111255,0.136413,-0.00987945,-0.0240244,-0.16745,0.0503435,0.0109167,0.00216269],[0.0630533,0.0466918,0.383621,0.154215,-0.00805849,0.493039,0.0216195,0.0220939,0.0319234,0.0139857,0.0228724,0.200313,1.77495,0.065557,0.0529049,0.670163,-0.0658208,-0.0271391,0.0073822,-0.254318,-0.0786338,0.0374998,0.405848,0.0461576,0.0538223,0.0304297],[0.0157124,0.0202324,0.123091,0.0596702,0.0547451,0.0763878,0.000746158,-0.00483693,0.00659092,0.00794022,-0.00540925,0.0152635,0.214162,0.00690494,0.0018976,0.163025,-0.00463841,-0.014094,-0.0759171,-0.181554,0.05463,-0.0165932,0.0523946,0.15291,0.046875,0.00618642],[0.0220201,0.016736,0.0749799,0.0060606,0.0409261,0.248708,0.00323872,0.000320641,-0.00145598,-0.000383223,-0.00484724,-0.00286228,0.417507,0.00507121,-0.00173515,-0.0664266,-0.0202931,0.0025528,0.00880931,-0.0725138,0.00666957,-0.00784605,0.104758,-0.0122223,0.0119077,-0.00184472],[0.0587223,0.0284854,0.10936,0.363012,0.365361,-0.0697359,0.00543853,0.0249069,-0.0294154,-0.0389889,0.011191,-0.271038,-0.898604,0.00763161,0.022684,0.444719,-0.0641789,-0.00135892,-0.12224,0.191737,0.116036,-0.00206281,-0.238716,0.0337556,-0.0437352,-0.0135218],[-0.0646831,0.432022,-0.0517081,0.494765,-0.875982,-0.341494,0.0347949,0.0335141,-0.0451517,-0.0724781,-0.0948237,0.331213,-3.04564,-0.0209642,0.00333573,-0.987207,-0.00347715,-0.0655907,-0.0931968,0.195328,0.436558,-0.104167,0.0932719,0.775829,-0.287057,-0.0290765],[0.0703708,0.242602,0.293023,-0.119642,0.041172,-0.0618969,0.027612,-0.0101295,-0.0283792,-0.00149199,0.0975681,0.126139,0.0382817,0.0468885,0.105322,-0.93773,-0.103538,-0.238593,-0.234731,-0.190673,0.0208218,-0.045033,0.273985,0.297129,0.0128223,-0.00572092],[0.00647499,-0.10338,-0.41964,-0.296847,0.268209,0.0287789,0.0194533,-0.0716859,-0.175804,-0.118706,0.0197164,0.00398215,-1.04869,0.010536,0.0252015,-1.14387,0.0235071,-0.118723,-0.0374867,-0.0488582,0.0937269,-0.108783,0.677083,-0.684036,0.107872,-0.0699217],[-0.257335,-0.184286,-0.883098,-0.302867,-1.09414,-1.14356,-0.0078771,0.0543147,-0.0711388,-0.0433374,-0.0131555,-0.162397,-1.90577,0.0621053,0.000482674,0.762856,-0.00583543,-0.182491,0.505226,0.173643,-0.487173,-0.0896876,0.304403,-0.0388674,-0.111538,-0.0162272],[-0.0565507,-0.0496665,-0.0474683,-0.0619806,-0.340038,-0.431774,-0.0251289,-0.00178746,0.00418535,0.0099146,-0.0270108,-0.225144,-0.122634,-0.0141655,-0.0212092,-0.106848,0.0211493,-0.0650027,0.00271858,0.0741032,-0.10864,-0.0314456,0.115491,-0.0817203,0.0133349,0.0222803],[-0.00236845,0.0044994,-0.00774823,0.00667127,-0.00299171,-0.0187289,-0.00153204,-0.00250641,-0.000154175,-0.000367681,0.00101449,0.00152814,0.0476743,0.00181068,0.0018327,0.00412966,-0.00567657,0.000937329,-0.0116782,-0.00879126,0.00580385,0.00162726,-0.00113329,0.0308373,-0.00884052,-0.000670918],[0.0802373,0.0589519,0.0743132,0.085962,-0.341193,-0.43424,-0.102943,0.0411309,-0.0485006,-0.0600245,0.0220987,0.233277,-1.06056,-0.100623,-0.0314217,-1.07923,0.0248631,0.00246613,-0.0900673,-1.28719,-0.0395308,0.0922534,-1.10001,-0.466192,0.252934,-0.0850843],[-0.248269,0.0823676,0.289531,-0.0633438,-0.231826,0.417357,-0.0599409,0.00809576,0.0864676,0.0536547,-0.0663725,0.00480784,3.12114,-0.102952,-0.111453,1.32071,-0.0635177,-0.290408,-0.579323,-0.195039,0.117445,-0.0486745,1.05467,0.850888,-0.169189,-0.00851684],[-0.0117119,-0.0202446,0.00302392,0.0104401,-0.0450525,-0.0982144,0.000281143,-0.000803233,-0.00673316,-0.007874,-0.0106239,-0.00246821,-0.218483,-0.0145804,-0.00123364,-0.120483,0.0100979,-0.00248088,0.00239005,0.0638178,0.00680816,-0.0065936,-0.0909456,-0.0394932,-0.0103632,-0.00646043],[-0.0800889,-0.207611,0.551357,0.0508941,-0.26417,-0.228309,0.0406715,0.00406462,-0.013633,-0.0234082,0.023952,-0.26158,-1.26076,-0.0122458,-0.0246647,-0.871781,0.0266203,0.107096,0.0788746,-0.487092,-0.183068,0.0298699,0.158266,-0.202957,-0.103935,0.00825565],[0.0126519,-0.0397231,0.150519,0.059078,-0.618219,-0.351132,-0.0418262,-0.0330155,-0.000788471,-0.00355012,0.020045,-0.168164,0.564159,-0.0222409,-0.00142464,0.144258,0.0161734,0.085625,-0.0551828,0.308866,-0.0303217,0.0282983,0.491086,-0.127478,-0.00340971,0.012936],[-0.00553877,0.0605017,-0.0324454,0.0495914,-0.299099,-0.195653,0.00976399,-0.00424498,0.00300094,0.00706451,0.00612745,0.0504556,-0.857753,0.0159898,0.00993866,-0.131252,-8.74192e-05,0.0177155,0.368375,-0.0769567,-0.0335071,0.00650834,0.14091,-0.177417,0.00847129,-0.01044],[-0.0116493,0.0209987,0.0247196,0.00524195,-0.075936,-0.079481,0.0134246,-0.00803473,0.00356505,0.00366967,0.015475,0.000509762,-0.182631,0.00932878,0.016759,-0.0832916,-0.00267015,0.0293149,-0.010115,-0.0932635,0.0319209,0.015073,-0.126367,0.118187,0.023125,0.000467694],[0.0272866,0.0144899,-0.0139777,-0.0611532,-0.0285641,-0.178366,0.034689,-0.0067914,0.000363886,0.00449705,0.0451026,-0.0356373,1.36866,0.0477776,0.0206836,0.377042,-0.0102032,0.00758064,0.0740466,-0.141028,0.071049,0.0343543,0.209935,0.119646,0.108808,0.011837],[0.406133,0.455467,0.0447786,-0.118173,0.16641,1.05281,0.159504,0.0201537,0.101847,0.0922812,0.107619,-0.337678,4.59975,0.0511984,-0.0530185,1.67935,0.0780598,0.00899645,0.646996,0.433874,-0.0577537,3.03308e-05,0.519477,1.33387,0.129579,0.0751027],[0.0138756,0.0352306,0.0137652,-0.0433968,-0.0172336,0.0603689,0.0136153,-0.00586472,-0.00237706,0.00318882,0.0150117,-0.0521376,0.455554,0.00440837,-0.00906885,0.352607,-0.00749504,-0.00801148,0.0110906,-0.13561,-0.029892,0.0121862,0.097573,0.0333594,0.00815022,0.00651703],[-0.023405,-0.0197226,-0.0636052,-0.0147362,0.0145383,-0.0110555,0.0141352,-0.011542,-0.00170377,-0.000450053,-0.00370013,-0.0493351,-0.395653,-0.0056935,0.0017695,-0.14659,0.0021937,-0.00646073,0.0273884,-0.0155265,-0.0497889,-0.00376929,-0.0015379,-0.075822,0.0124911,0.00163919],[-0.0358472,-0.0147471,-0.147543,0.0239243,-0.146156,-0.305073,-0.0190402,-7.04839e-05,0.0104758,0.0144891,0.021955,0.0382236,-0.713878,-0.0017351,0.0197795,-0.397021,0.0567019,0.0120296,-0.0681682,-0.229042,-0.061941,0.0351337,-0.0798175,-0.41648,0.0402114,-0.00188201],[0.292788,0.515087,1.06289,-0.0691059,-0.156054,-0.617175,0.0310931,-0.168706,-0.031715,-0.016239,0.16886,0.703429,1.11081,0.0819929,-0.00161489,0.145343,-0.112259,-0.0110474,-0.136698,-0.419841,0.304878,0.0509544,0.498739,-0.0141472,0.141239,-0.00375464],[0.0317681,-0.00147723,-0.0493886,-0.0715298,0.203011,-0.00209165,0.0131214,-0.00344113,0.0038903,0.000901041,0.0280401,0.0913393,0.391475,0.0375438,-0.00461626,0.900887,0.00888347,0.115346,-0.116016,0.0822297,0.108826,0.00173848,0.328539,0.272133,-0.125401,0.0196975],[-0.0592565,-0.0410297,-0.123688,0.0278246,0.0656664,-0.11047,-0.000853301,0.0110101,-0.0121051,-0.0143609,-0.0457464,-0.0931628,0.0968554,-0.0102285,-0.0104391,0.305912,-0.027596,0.0155856,-0.00337767,-0.00263822,-0.123836,-0.0295755,-0.330354,-0.154907,-0.0945773,0.00200904],[0.0162618,0.00256302,0.0598394,0.0373881,0.0595226,-0.032913,0.00767317,-0.000632965,0.00720168,0.00690282,0.0076461,-0.0351309,0.359221,0.00286235,0.0132106,-0.19494,0.0339408,0.0150888,0.0385168,0.144833,0.0325198,0.0135706,0.0954611,0.0433651,0.0307993,-0.00966711],[-0.00277247,0.0242457,-0.0204801,0.0962831,0.0823189,0.0440293,0.0600668,0.00556529,0.0028842,0.0046079,0.00220914,-0.14339,-0.378497,0.0224973,0.0183349,-0.440879,0.0517722,0.0550714,0.0234423,0.263168,0.00735595,-0.00959486,0.027856,0.437398,0.0551652,0.0280612],[0.0190615,0.0499894,-0.0446869,-0.0158874,0.0969312,0.0285081,-0.00413345,0.00384021,-0.00583577,-0.00715985,0.0152377,-0.00667959,-0.536218,0.00354269,0.00595537,-0.0773001,-0.00905526,-0.00912348,0.00708795,0.0617785,-0.0252323,0.0205099,-0.0648018,0.0568391,-0.0478611,-0.00424828],[0.0151186,0.0228047,0.00145699,0.0120855,-0.0238934,0.143318,-0.00835643,-0.0028152,0.000226693,-0.000361081,-0.00497999,0.00103304,0.193441,0.0022119,0.00396223,0.113307,0.0115833,0.00257036,0.00425014,0.0850958,-0.0110269,-0.00812582,0.0563312,0.0839345,0.00979973,0.00283093],[0.085649,0.0265063,-0.236049,-0.152186,0.477735,0.632433,0.0344294,-0.0268115,0.0445356,0.0545489,-0.0651132,-0.146337,3.26221,-0.00319831,-0.0953037,1.43964,0.00870064,-0.0581647,0.100879,-0.0665379,0.120359,-0.129282,1.13038,0.0203304,0.192312,0.0758894],[0.0178229,-0.149307,-0.115177,0.117323,-0.0338534,0.0726876,-0.0340818,0.0664227,-0.0011393,0.01078,-0.0198168,0.0761017,0.588611,-0.0494012,-0.0550007,0.336306,0.0609773,0.0314854,0.117895,0.683441,0.120298,-0.0526351,0.451337,-0.347498,-0.0152982,0.0381147],[0.147017,0.0547952,0.187443,0.204816,0.233722,0.409218,0.0907567,0.0131436,0.00665276,-0.000996089,0.139318,0.00306678,2.18072,0.0411762,0.0136462,0.747503,0.0145202,0.184979,0.0568013,-0.0674323,0.0739147,0.150015,-0.380194,-0.137351,0.0538777,-0.0455504],[0.0301952,-0.0829717,-0.0171544,0.267615,-0.113766,-0.281058,0.0437775,0.0593936,-0.0322416,-0.0314855,0.122448,-0.014208,-0.0582074,0.031788,0.0357109,0.298684,-0.0332538,0.12575,-0.0189455,-0.117012,0.0101997,0.115391,-0.259192,-0.39042,-0.142525,-0.0617187],[-0.0964039,0.0275457,0.0913402,0.0490827,-0.343849,0.103303,0.00763846,0.0151643,0.0742779,0.077037,-0.0469942,0.104887,-1.7624,-0.00838766,-0.00951338,0.415905,-0.0713454,0.0097185,0.112354,-0.0545117,0.191117,-0.0712447,0.0249564,0.111386,0.0498578,0.0524085],[-0.0258413,-0.0433747,0.024951,0.000284216,-0.0612101,-0.0391552,-0.0133394,0.0132347,-0.00946588,-0.0128552,-0.00116893,-0.094529,0.00372411,0.0164833,0.00273343,0.291394,-0.0409465,-0.0198839,-0.073448,0.0106153,-0.0530105,-0.00822183,0.0868509,-0.168966,-0.0461706,0.00296762],[0.000899244,-0.00112251,0.00663412,-0.001647,-0.00317572,-0.000161064,-0.00160659,0.0011385,0.000643348,0.000738998,-0.000117389,-0.00256082,-0.0513501,-0.000696049,-0.000613852,0.0176301,-0.00511747,0.000519836,0.0018722,0.0109729,-0.00995789,-0.000812304,0.00217497,-0.0357542,0.00235308,0.00106393],[-0.0359436,-0.133248,-0.387669,-0.114698,0.677564,0.561768,0.114273,-0.0184699,0.033792,0.0436221,0.0305862,-0.0221726,5.06874,0.0392886,0.0015742,0.587942,0.0613898,0.000224917,-0.179639,-0.403726,0.0529518,-0.00822797,-0.222747,-0.766768,0.37616,0.0336085],[0.0601929,-0.423748,0.355842,0.0861284,0.148521,-0.336161,0.0155032,0.00959664,-0.0864054,-0.0916546,-1.96432e-05,-0.0343653,-0.381581,-0.0297236,-0.0141781,-0.182428,-0.021996,0.0314359,-0.164425,-0.050172,-0.164584,0.0267788,-0.53891,-0.709101,-0.0191414,-0.0996996],[-0.0137709,-0.000650399,-0.00461071,0.00501245,-0.0595715,-0.00684208,-0.00242882,9.25359e-05,0.00252795,0.0028992,0.00110568,-0.00550677,0.00976042,0.0024716,-0.000294248,-0.0220093,0.00468232,0.0017992,-0.0155973,-0.0382038,0.00357885,0.00140568,0.0442362,-0.0510118,-0.0100322,0.00144417],[-0.0392955,-0.0640044,-0.45269,-0.0715287,0.0612333,-0.458432,-0.0293651,0.014807,-0.0511137,-0.0530865,-0.00367286,-0.0208815,-2.67248,-0.00966727,0.0560343,-1.29445,-0.0558295,0.0906694,0.205345,-0.348774,-0.247551,0.0397153,-0.52344,-0.47537,-0.0248772,-0.0346153],[0.0891492,0.167262,-0.012342,-0.0539212,0.439352,0.436343,0.0710332,-0.0214752,-0.0160677,-0.00806484,-0.00709678,0.0319819,2.84732,0.0522937,0.0383199,0.127912,-0.0218808,-0.0901102,-0.197747,0.483258,0.00201961,-0.0276312,0.141955,0.385077,0.0326582,0.0174537],[-0.0402594,5.27554e-05,-0.0480847,-0.0100593,-0.130354,-0.137459,-0.000161542,0.00382523,0.000567802,-0.00155002,-0.00953128,0.0270538,0.423263,-0.00916689,-0.00700586,0.101445,0.026297,-0.0028883,-0.00920223,0.0228073,-0.0539796,-0.00550315,-0.0174889,0.000137534,0.0198659,0.00500408],[0.00630717,0.00164344,-0.0133639,-0.00368742,-0.0181887,0.00850766,-0.00598577,0.00256931,0.00220674,0.00180143,7.9844e-05,0.0131624,-0.17001,-0.000284784,-0.0007258,-0.0211287,-0.010344,0.00417225,-0.00662772,-0.122384,0.00776801,0.00350106,0.0269012,-0.0211326,-0.0132019,0.00151038],[0.00465152,0.043976,-0.0769062,-0.0549418,0.0583973,0.132573,-0.00379283,-0.00986474,0.00662089,0.00856629,-0.0156171,-0.0771745,-0.081213,-0.0179919,-0.015193,0.132257,-0.0678557,-0.0106921,0.0820295,0.0801448,-0.0999292,-0.023336,0.0503409,0.153993,-0.0167149,-0.007119],[-0.0374304,-0.0010787,-0.0891234,-0.112521,0.0518378,0.201567,0.0258896,-0.0138935,0.000740086,-0.00916832,-0.0108458,0.130658,-0.912644,-0.0359218,-0.0495712,0.058017,-0.0136462,-0.0414753,-0.00674406,-0.248943,0.0255879,0.0486925,-0.333601,-0.24344,0.035565,-0.0159501],[-0.00979453,0.00935979,-0.0379754,0.00583716,0.0185964,-0.0102674,0.00838522,-0.00234349,0.00063616,-0.00142003,-0.00131436,0.00140692,0.0211793,0.00576332,0.0109132,-0.0456861,0.0084822,0.00772134,-0.00774062,0.0709759,0.0014326,-0.00393133,0.0557637,0.114827,0.0291787,-0.00699863],[0.00505857,-0.0108174,-0.0215918,-0.0205,0.0265201,-0.00442843,0.00395523,0.00556293,0.00292167,0.00308352,0.00213715,-0.0285511,-0.100113,0.00124757,0.00353751,-0.152332,-0.00487012,-0.019038,0.0128784,0.0508669,-0.0243052,0.00875191,-0.0379754,-0.0711507,0.0290057,0.00141141],[-0.039668,-0.0538852,-0.0165697,0.0600372,-0.0243393,0.0379945,0.0377249,0.0111006,0.0026163,-0.00224103,-0.00212789,-0.0159751,-0.581922,-0.0194572,0.00635663,-0.701885,-0.0059044,-0.010867,0.0751395,0.165432,0.00365198,-0.00206658,-0.178292,-0.0798225,-0.0559737,0.0123578],[-0.345498,-0.292035,-0.931086,0.073027,-1.19248,-0.92449,-0.142501,0.0407137,-0.0878816,-0.108178,-0.195801,-0.0631155,-3.71883,-0.0675511,-0.0153243,-1.78685,0.016324,0.0455936,0.0853736,0.298426,-0.206018,-0.0996874,-0.5884,-1.77632,-0.396581,-0.0640304]],"sigmahat":[[0.266919,0.27853,0.326961,-0.0274415,0.484834,0.727881,0.0473026,-0.0119302,0.0283805,0.0361975,0.0553365,0.0457447,1.87162,0.0307231,-0.0197597,0.949446,0.0227415,0.00475211,0.0315038,0.0619675,0.0555609,0.0195854,0.341428,0.589881,0.188215,0.0197125],[0.27853,0.708472,0.309353,-0.0322737,0.175141,0.872186,0.0547611,-0.0323241,0.0415489,0.0545436,0.0740375,0.0729927,3.18888,0.0695085,-0.0101696,1.41536,0.0255142,-0.0153013,-0.0188831,0.0770153,0.0097503,0.0258077,0.747699,1.28759,0.244739,0.0364678],[0.326961,0.309353,1.66936,0.199165,0.222157,1.22825,0.0696581,-0.00101347,0.0272559,0.0339685,0.0443956,0.108628,1.52804,0.0365983,-0.0274132,1.31334,-0.018899,0.0489114,-0.0279343,-0.307849,0.276161,-0.00241457,0.287382,0.718449,0.267891,0.0200962],[-0.0274415,-0.0322737,0.199165,0.334662,-0.115573,-0.0610485,-0.020509,0.0179777,-0.0101482,-0.014135,-0.0237282,0.0356936,-0.816127,-0.000130591,0.00481964,0.0316984,-0.0297355,0.0482745,-0.0536922,-0.0668142,0.124385,-0.0137666,-0.12243,-0.0617907,-0.0728013,-0.0126787],[0.484834,0.175141,0.222157,-0.115573,3.1553,1.81058,0.154787,-0.0623718,0.0326506,0.0343134,0.0727784,0.135139,2.51834,0.0126251,-0.0374584,1.28916,0.00601997,-0.0443661,-0.0612013,0.0207257,0.214294,0.0336794,-0.0736294,0.721648,0.312982,0.0354541],[0.727881,0.872186,1.22825,-0.0610485,1.81058,4.68707,0.15351,-0.0535082,0.120062,0.142944,0.08855,0.0479042,8.7312,0.103649,-0.0803854,3.86416,0.0344822,-0.0165768,0.107418,-0.174611,0.17314,-0.0459273,1.60228,1.45457,0.706714,0.0890817],[0.0473026,0.0547611,0.0696581,-0.020509,0.154787,0.15351,0.0610791,-0.00338211,0.00919545,0.0111155,0.0208724,-0.048674,1.24979,0.0217356,0.00265525,0.278552,0.0291592,0.0131624,0.0444154,-0.0107684,0.0355612,0.0106554,0.0256285,0.188325,0.0933064,0.00601488],[-0.0119302,-0.0323241,-0.00101347,0.0179777,-0.0623718,-0.0535082,-0.00338211,0.0312873,-0.00205495,-0.0028597,-0.00410277,-0.0295657,-0.124967,5.90465e-05,0.00424114,-0.0583218,-0.000740338,-0.00143978,0.00356868,0.0324194,0.0103888,-0.00123489,-0.0677303,-0.0320797,-0.0154732,-0.00332353],[0.0283805,0.0415489,0.0272559,-0.0101482,0.0326506,0.120062,0.00919545,-0.00205495,0.0177445,0.0175136,0.0137614,-0.00157869,0.538535,0.00972114,-0.00220925,0.240299,0.00660622,0.0029282,0.018313,-0.0121139,0.0056622,0.00637083,0.100753,0.0968329,0.0395852,0.0114628],[0.0361975,0.0545436,0.0339685,-0.014135,0.0343134,0.142944,0.0111155,-0.0028597,0.0175136,0.0206101,0.015909,-0.00178666,0.677922,0.0115568,-0.00442857,0.302456,0.00814551,0.00328622,0.0189639,-0.0200531,0.00671784,0.00525686,0.137303,0.112107,0.0508831,0.0120756],[0.0553365,0.0740375,0.0443956,-0.0237282,0.0727784,0.08855,0.0208724,-0.00410277,0.0137614,0.015909,0.0586262,-0.000673186,0.872194,0.033781,0.0135859,0.270872,0.0101161,0.00956564,0.0165463,-0.0912959,-0.00753548,0.04754,0.103809,0.127316,0.0668281,0.0112409],[0.0457447,0.0729927,0.108628,0.0356936,0.135139,0.0479042,-0.048674,-0.0295657,-0.00157869,-0.00178666,-0.000673186,0.507258,-1.22795,-0.00569077,-0.0114452,0.174622,-0.0412581,-0.0198567,-0.0940751,-0.155853,0.0646204,-0.00550186,0.194577,-0.0238806,-0.0754324,-0.0159155],[1.87162,3.18888,1.52804,-0.816127,2.51834,8.7312,1.24979,-0.124967,0.538535,0.677922,0.872194,-1.22795,100.28,1.04512,-0.287819,23.731,0.866484,0.0310766,-0.047837,0.44878,0.598624,0.144335,6.8297,9.47545,3.94861,0.479204],[0.0307231,0.0695085,0.0365983,-0.000130591,0.0126251,0.103649,0.0217356,5.90465e-05,0.00972114,0.0115568,0.033781,-0.00569077,1.04512,0.0545551,0.0281078,0.323466,0.00217771,0.0181504,-0.033271,-0.0739519,0.0142658,0.0236784,0.124225,0.192503,0.0552148,0.0135851],[-0.0197597,-0.0101696,-0.0274132,0.00481964,-0.0374584,-0.0803854,0.00265525,0.00424114,-0.00220925,-0.00442857,0.0135859,-0.0114452,-0.287819,0.0281078,0.0491411,-0.338426,-0.00467579,0.00695691,-0.0324565,-0.0188944,0.0106823,0.0203855,-0.119921,0.0505416,-0.000743693,0.000395716],[0.949446,1.41536,1.31334,0.0316984,1.28916,3.86416,0.278552,-0.0583218,0.240299,0.302456,0.270872,0.174622,23.731,0.323466,-0.338426,15.7851,0.133884,0.274627,0.0144937,-0.81584,0.168597,-0.0244635,3.72845,3.26247,1.3229,0.211909],[0.0227415,0.0255142,-0.018899,-0.0297355,0.00601997,0.0344822,0.0291592,-0.000740338,0.00660622,0.00814551,0.0101161,-0.0412581,0.866484,0.00217771,-0.00467579,0.133884,0.134742,0.046007,0.0520452,0.0705268,0.0384807,0.00619692,-0.0301604,0.136138,0.108131,-0.00271846],[0.00475211,-0.0153013,0.0489114,0.0482745,-0.0443661,-0.0165768,0.0131624,-0.00143978,0.0029282,0.00328622,0.00956564,-0.0198567,0.0310766,0.0181504,0.00695691,0.274627,0.046007,0.210079,0.00486329,-0.0147106,0.0429132,0.00932511,-0.0517604,0.0480694,0.0558051,0.00198242],[0.0315038,-0.0188831,-0.0279343,-0.0536922,-0.0612013,0.107418,0.0444154,0.00356868,0.018313,0.0189639,0.0165463,-0.0940751,-0.047837,-0.033271,-0.0324565,0.0144937,0.0520452,0.00486329,0.928978,0.0265572,-0.0752451,0.0264632,-0.0782403,-0.361335,0.117552,0.00407995],[0.0619675,0.0770153,-0.307849,-0.0668142,0.0207257,-0.174611,-0.0107684,0.0324194,-0.0121139,-0.0200531,-0.0912959,-0.155853,0.44878,-0.0739519,-0.0188944,-0.81584,0.0705268,-0.0147106,0.0265572,4.57813,-0.0536116,-0.0684652,-0.192962,1.09042,-0.0505177,0.0154259],[0.0555609,0.0097503,0.276161,0.124385,0.214294,0.17314,0.0355612,0.0103888,0.0056622,0.00671784,-0.00753548,0.0646204,0.598624,0.0142658,0.0106823,0.168597,0.0384807,0.0429132,-0.0752451,-0.0536116,0.620814,-0.0252582,-0.0740847,0.560414,0.0581092,-0.00904684],[0.0195854,0.0258077,-0.00241457,-0.0137666,0.0336794,-0.0459273,0.0106554,-0.00123489,0.00637083,0.00525686,0.04754,-0.00550186,0.144335,0.0236784,0.0203855,-0.0244635,0.00619692,0.00932511,0.0264632,-0.0684652,-0.0252582,0.0605009,-0.0680969,0.0423674,0.0272594,0.00494574],[0.341428,0.747699,0.287382,-0.12243,-0.0736294,1.60228,0.0256285,-0.0677303,0.100753,0.137303,0.103809,0.194577,6.8297,0.124225,-0.119921,3.72845,-0.0301604,-0.0517604,-0.0782403,-0.192962,-0.0740847,-0.0680969,4.18912,0.443161,0.340914,0.108842],[0.589881,1.28759,0.718449,-0.0617907,0.721648,1.45457,0.188325,-0.0320797,0.0968329,0.112107,0.127316,-0.0238806,9.47545,0.192503,0.0505416,3.26247,0.136138,0.0480694,-0.361335,1.09042,0.560414,0.0423674,0.443161,6.9855,0.64613,0.102594],[0.188215,0.244739,0.267891,-0.0728013,0.312982,0.706714,0.0933064,-0.0154732,0.0395852,0.0508831,0.0668281,-0.0754324,3.94861,0.0552148,-0.000743693,1.3229,0.108131,0.0558051,0.117552,-0.0505177,0.0581092,0.0272594,0.340914,0.64613,0.555807,0.0200208],[0.0197125,0.0364678,0.0200962,-0.0126787,0.0354541,0.0890817,0.00601488,-0.00332353,0.0114628,0.0120756,0.0112409,-0.0159155,0.479204,0.0135851,0.000395716,0.211909,-0.00271846,0.00198242,0.00407995,0.0154259,-0.00904684,0.00494574,0.108842,0.102594,0.0200208,0.0252093]],"n":26,"lags":3,"seasonalRows":3}