{"betahat":[[1.33832,-0.0467098,3.62925,1.70528,3.04982,3.8389,0.439684,0.727426,-0.128275,-0.023451,4.74855,0.298778,-0.162512,6.30256,3.09809,1.04706,-0.0386852],[0.981164,0.212608,-0.144473,0.125855,0.0773672,0.182401,-0.0640607,-0.101748,0.0392072,-0.0134519,2.00099,0.00161245,0.0739543,-0.533976,0.127464,0.110299,0.050404],[0.133351,1.1493,0.198001,-0.0656582,0.0236376,0.42429,0.0350568,-0.0254438,0.0593251,0.0365296,1.34589,0.00733015,-0.0184954,0.141397,0.23784,-0.0331754,0.0109042],[-0.0208265,-0.00737269,0.942188,-0.0735954,-0.130034,0.0610856,-0.00939388,0.00148072,0.000967753,0.0113731,-0.256593,0.00241931,0.00776452,-0.108135,0.214306,-0.0178633,0.0146777],[0.0163777,0.0801306,-0.275688,0.968731,0.0738475,-0.284471,-0.0276142,-0.0235308,-0.0266696,-0.0141366,-1.03245,-0.0634558,-0.0534766,-0.274214,0.09736,-0.114354,-0.0564443],[-0.00386184,-0.0343479,-0.0339245,-0.0442893,0.985376,0.0379592,0.0224645,0.00434776,0.00172057,-0.000887968,0.698084,-0.00085174,-0.00241544,-0.0209425,0.00705643,0.0389825,0.005321],[-0.0325607,-0.058663,-0.00728607,-0.0128828,0.00819092,0.722186,-0.00850413,0.00389069,0.00392319,0.00689867,-0.643689,-0.0103532,-0.00586967,-0.0495613,-0.106029,-0.0379698,-0.000845582],[-0.113591,0.169396,-0.17889,-0.128697,-0.423477,-0.122226,0.975087,-0.285301,0.0168001,0.0158265,-0.359479,0.0150931,0.0611649,-1.68449,0.00609204,-0.549913,-0.0041552],[0.0922921,0.0422057,0.105456,0.031554,0.455198,0.160632,-0.0512056,0.669681,-0.0607784,-0.030234,4.04216,-0.0060171,0.00642203,0.184316,0.46525,-0.484281,-0.115627],[-0.546132,-0.77173,-0.547676,-0.223409,-0.17269,-0.9855,-0.153531,-0.0956132,1.097,-0.250795,-3.15193,-0.136663,-0.0196304,-1.14902,-0.170116,-0.364361,0.152426],[0.0611346,-0.120751,0.450622,0.408385,1.37902,0.413601,0.0297124,0.0555281,-0.0363689,1.00309,0.983321,0.0283217,0.185062,-2.03759,0.00480503,-0.108157,-0.0765969],[-0.00121045,-0.00517601,-0.00453085,-0.00539442,-0.00239718,0.00748085,-0.000148711,-0.00170025,0.000869032,0.00150566,1.01017,-0.00178777,-0.000820549,-0.0259282,-0.00692486,0.00217767,0.00127624],[0.181814,0.169842,0.29867,-0.189685,0.55699,1.15464,0.0236554,0.101798,0.098867,-0.0521214,-1.79769,1.04396,-0.0978947,2.07408,1.04061,-0.403988,0.155424],[0.0138514,0.0407234,-0.716295,-0.0803975,-0.133562,-0.23764,0.0970499,0.0118843,-0.0104212,0.05336,-4.29812,-0.0291741,1.03072,-2.38798,-0.992027,0.118241,0.0539909],[0.0100101,0.0157523,-0.00890624,-0.0148046,0.0349709,0.0522596,-0.00337738,-0.00463265,0.00525398,0.0105812,0.0716118,0.0100818,0.00385288,1.14562,0.0607697,0.00534539,0.00665414],[0.0761234,0.0178647,-0.0236543,0.0379338,0.199995,0.308635,-0.00125206,-0.00703198,0.00913869,-0.000507086,0.533383,0.00487057,-0.0109354,0.275305,0.367462,0.175415,0.0220146],[0.0285509,0.093424,0.0174621,0.0427681,0.03763,0.278063,0.152962,0.0413525,0.0424468,0.0244186,1.31247,0.0314746,0.00232797,0.556094,-0.123948,0.661219,0.00217623],[-0.115731,-0.333144,-0.0739701,0.0363616,-0.111543,-0.376659,0.102225,0.368563,0.045171,-0.0838134,0.457157,-0.0880199,-0.0624998,0.996161,-1.14895,0.213657,0.845197],[0.0453774,-0.145061,0.265187,0.0201136,-0.242379,-0.150974,0.0543283,0.0873762,-0.0491379,-0.0306575,-2.18297,-0.0332369,-0.0690362,-0.317892,-0.319068,-0.0665349,-0.082888],[-0.0475554,-0.0314459,-0.0998532,0.00328572,0.00788951,-0.188172,-0.0342921,0.0178872,-0.0370139,-0.00108922,-0.883573,0.00171079,0.0185235,-0.319875,-0.170209,0.0679272,-0.0185223],[0.00854523,0.0044164,0.0403416,0.0449432,0.115936,-0.0143313,0.00406943,-0.00464527,-0.00612109,-0.0182802,0.189293,-0.00300377,-0.0157451,0.22827,-0.108547,-0.0301266,-0.00558697],[0.0360327,0.00458534,0.279144,0.0242204,0.0198971,0.413232,0.0223767,0.0123969,0.031294,0.0146582,1.98252,0.0570703,0.0411355,0.675936,0.0246295,0.0131887,0.0214914],[0.00759566,0.0107345,0.0800849,0.0502234,0.0307706,0.0229738,-0.0127458,-0.00293823,0.00210701,-0.0118089,-0.00736017,-0.000654586,-0.00298793,0.107456,0.03381,0.0028686,0.00134791],[0.0307407,0.0326235,0.0429597,0.0103279,0.0554721,0.230501,0.0111516,-0.000617276,-0.00175283,-0.00594333,0.501999,0.00676801,-0.00111831,0.0014807,0.0496468,0.0325669,-0.000567619],[0.0664461,-0.185174,0.216183,0.271416,0.282235,-0.265382,0.0977443,0.269811,-0.033127,0.0188921,-1.44245,-0.00517748,-0.0149462,0.812523,0.0644151,0.425936,-0.0499904],[-0.0707778,0.0361895,-0.152795,0.0645491,-0.432877,-0.155642,0.0579813,0.0564003,0.013046,-0.0286787,-2.83144,-0.0665749,-0.0634842,-0.820145,-0.296737,-0.0791759,0.00189302],[0.232386,0.483256,0.0793642,-0.0693074,0.100038,0.293424,0.096842,0.0246361,-0.0876199,0.108696,0.0763472,0.0645372,0.0829293,-0.438168,-0.147131,0.187076,-0.0803884],[-0.0442912,0.0396001,-0.68618,-0.334121,-0.987235,-0.461731,0.0291323,-0.0556795,-0.00499749,0.00242192,0.55242,0.00861018,-0.112618,1.26194,0.292394,0.126602,0.0498008],[-0.00293389,0.00139669,-0.00602088,0.0083866,-0.00290776,-0.0233388,-0.00188996,0.00132574,-0.00155974,-0.00109783,-0.0594833,0.00107107,0.00156029,-0.00260702,0.00464513,-0.00714459,-0.00204885],[-0.052609,0.0751886,0.048602,0.214894,-0.769352,-1.14797,-0.190513,-0.0707233,-0.0788965,0.00109415,-1.70791,-0.0753329,0.0402226,-1.21984,-0.586891,0.179394,-0.129156],[-0.162105,0.10472,0.405026,-0.005052,-0.116672,0.276251,-0.163272,-0.0650963,0.0849458,-0.0435483,2.81389,-0.00205118,-0.0398895,1.97682,1.03486,-0.10307,0.0370834],[-0.00743265,-0.0161001,-0.00294853,0.0110939,-0.0278649,-0.086101,-0.00355141,-0.00172062,-0.00785698,-0.0107739,-0.196377,-0.0131455,-0.00187891,-0.137346,-0.0579781,-0.011496,-0.00704447],[0.00524772,0.0594266,-0.0443456,0.00221384,0.0531486,-0.0261157,0.0275962,-0.00808556,-0.0033064,0.0243351,0.123527,0.00933122,0.0197002,0.0472921,0.146088,0.0241707,0.0126697],[-0.0176645,0.0131028,-0.133935,-0.0401223,-0.196655,-0.19682,-0.0152724,-0.0451578,0.00278259,0.0199657,0.0407437,0.013474,0.0238469,-0.26371,-0.0045189,0.000443826,-0.00043207],[0.271417,0.523259,0.383762,-0.282665,-0.065023,0.113581,-0.0300801,-0.32113,0.0161076,0.23168,-0.359065,0.124964,0.0848284,0.180163,1.05469,0.0959553,0.117134],[-0.0265613,-0.0675577,-0.120754,-0.146002,0.164994,-0.0314488,0.00972871,0.0143651,0.00993254,0.0441068,0.182095,0.0316216,-0.00491915,0.851872,0.191554,-0.0437707,0.0324844],[-0.0858115,-0.117864,-0.0981801,0.0623446,-0.0315307,-0.236128,-0.000768292,0.00755014,-0.0223099,-0.0354423,-0.462231,-0.00904408,-2.87151e-05,0.178461,-0.0676759,-0.0347635,0.00761693],[0.0122599,0.00294363,0.0174097,0.0286188,0.0140866,-0.0467802,0.0053232,0.00315884,0.00515539,0.0069065,0.0675012,0.00058316,0.00798028,-0.120121,-0.105799,0.0479852,-0.00909001],[-0.0524382,-0.0847336,-0.00351788,0.00698381,-0.0937579,-0.128795,0.0052366,0.0111226,-0.00461933,-0.000523917,-0.949821,0.00638405,0.0123382,-0.401651,-0.122069,0.10118,0.0349565],[-0.00376899,0.0235933,-0.0462232,-0.00599894,-0.0162185,-0.0609868,-0.00972908,-0.00141901,-0.00382354,0.0126888,-0.690475,0.00149818,0.00539605,-0.0864366,-0.0409315,-0.0418567,-0.00666397],[0.00178557,0.0260139,-0.0357471,0.00249974,-0.0637001,0.047247,-0.00265623,-0.00328283,-0.00216622,-0.000960865,0.141897,0.00357748,0.00698276,0.048119,0.0563165,0.00539256,0.00141731],[0.046881,0.0157497,-0.0377821,-0.143172,0.140621,0.387025,-0.072876,0.0154213,0.0163695,-0.0347451,1.80235,-0.00993266,-0.0462297,0.872418,-0.0710664,0.12405,0.0541994],[-0.0305186,-0.0414036,0.0109913,-0.00245641,-0.156517,-0.203543,-0.0411779,0.193337,0.0360358,0.0508012,-1.62568,0.0540061,0.0554212,0.325708,-0.171991,0.485625,0.099605],[0.291406,0.214074,0.431498,0.277255,0.180553,0.532322,0.0455246,0.0751431,-0.038518,0.132921,2.39001,0.0567143,-0.0579651,1.4405,0.281579,0.104846,-0.09545],[0.00592556,0.0909698,0.214296,-0.0525723,-0.296544,0.103139,-0.023064,0.0101015,0.0360645,-0.029122,-1.67105,-0.0397795,-0.0745466,0.610733,-0.254173,-0.0035016,0.0232293],[0.00341729,0.00334945,0.00887697,-0.00312519,0.00312128,0.013416,0.00154889,0.000233655,0.000683376,-0.000424727,0.0335809,0.000526562,-0.000670415,0.027256,0.00138488,0.00467399,0.00100037],[-0.100993,-0.183702,-0.332268,-0.024347,0.269775,0.157889,0.174356,-0.0210999,-0.00900656,0.0443504,3.6616,0.0186096,0.0408106,-0.559228,-0.286774,0.206571,-0.0213829],[0.164985,-0.137034,0.348394,0.0706939,0.320717,0.0338616,0.0821751,0.0616602,-0.0793317,-0.0191673,1.44024,0.0245641,-0.0109876,0.414045,-0.034367,-0.044341,-0.0980735],[-0.00314593,2.12627e-05,0.0107114,0.00294153,-0.00883234,0.0318276,0.00698334,0.00626187,0.00270371,0.000369393,0.124246,0.00310995,-0.0017569,-0.0104727,-0.00425201,0.00690136,0.00044557],[-0.0133178,-0.0131311,0.0025929,0.0282375,-0.0392531,-0.131042,-0.00641425,0.013534,-0.000242603,-0.0142756,-0.374073,-0.00461051,0.00847967,-0.271888,0.0338031,-0.0687636,0.00529375],[-0.0156025,-0.0290894,0.0432648,0.019914,0.101322,0.0169769,-0.0304443,-0.0198568,-0.00620895,0.00410816,-0.316925,-0.00852602,0.017102,-0.35258,0.137898,0.0885782,0.0136253],[-0.188253,-0.186304,-0.357928,0.248748,-0.0726199,-0.0405985,-0.0777687,-0.0385036,-0.0728741,-0.148726,-0.746169,-0.0523049,-0.0136476,-1.44955,-0.0964189,-0.32446,0.000920318]],"sigmahat":[[0.361274,0.27666,0.438331,0.0277612,0.75052,1.1108,0.07205,-0.00223574,0.0337909,0.0464445,2.52508,0.0294512,-0.0465457,1.23669,0.508364,0.123278,0.0150199],[0.27666,0.638473,0.325921,0.0471545,0.093194,1.06765,0.0179141,-0.0623827,0.0599323,0.0565329,2.6173,0.0620096,-0.0244805,1.35292,0.528839,0.0592189,0.0364193],[0.438331,0.325921,2.24671,0.305122,0.491462,1.7843,0.0612323,0.0237013,0.030688,0.0403193,2.17263,0.0375034,-0.0673728,1.911,0.488783,0.169677,-0.000738073],[0.0277612,0.0471545,0.305122,0.567509,-0.0970182,-0.0244618,-0.020222,0.0239689,-0.011566,-0.0209419,-1.08437,-0.0025072,0.0133769,-0.036321,-0.00312572,-0.0570225,-0.0164273],[0.75052,0.093194,0.491462,-0.0970182,5.08079,3.32443,0.23398,-0.0623212,0.0299543,0.0295506,4.949,0.0037982,-0.100522,1.91656,1.25366,0.106241,0.04167],[1.1108,1.06765,1.7843,-0.0244618,3.32443,7.48436,0.296029,-0.0175867,0.222071,0.0631889,14.3866,0.126641,-0.191989,5.67038,2.73912,0.381611,0.162257],[0.07205,0.0179141,0.0612323,-0.020222,0.23398,0.296029,0.147903,0.0483758,0.0147129,0.0219492,1.85274,0.0300964,-0.000472908,0.209045,0.138433,0.122619,-0.00107595],[-0.00223574,-0.0623827,0.0237013,0.0239689,-0.0623212,-0.0175867,0.0483758,0.118723,-0.00350323,-0.00802809,-0.193568,-0.00120056,-0.000471918,0.055472,0.0179823,0.0926047,-0.013852],[0.0337909,0.0599323,0.030688,-0.011566,0.0299543,0.222071,0.0147129,-0.00350323,0.0344518,0.0198309,0.837223,0.0166722,-0.00255459,0.355973,0.125964,0.0302307,0.025405],[0.0464445,0.0565329,0.0403193,-0.0209419,0.0295506,0.0631889,0.0219492,-0.00802809,0.0198309,0.0853293,0.917934,0.0488516,0.0280858,0.304885,0.0434753,0.0915409,0.013642],[2.52508,2.6173,2.17263,-1.08437,4.949,14.3866,1.85274,-0.193568,0.837223,0.917934,125.368,1.15601,-0.535899,28.0429,8.953,3.61702,0.825437],[0.0294512,0.0620096,0.0375034,-0.0025072,0.0037982,0.126641,0.0300964,-0.00120056,0.0166722,0.0488516,1.15601,0.0795875,0.0445869,0.37995,0.071577,0.0642369,0.0198769],[-0.0465457,-0.0244805,-0.0673728,0.0133769,-0.100522,-0.191989,-0.000472908,-0.000471918,-0.00255459,0.0280858,-0.535899,0.0445869,0.0812929,-0.554433,-0.11849,0.0137002,-0.00190214],[1.23669,1.35292,1.911,-0.036321,1.91656,5.67038,0.209045,0.055472,0.355973,0.304885,28.0429,0.37995,-0.554433,21.7636,4.29267,1.25048,0.374549],[0.508364,0.528839,0.488783,-0.00312572,1.25366,2.73912,0.138433,0.0179823,0.125964,0.0434753,8.953,0.071577,-0.11849,4.29267,3.95951,0.0606815,0.126979],[0.123278,0.0592189,0.169677,-0.0570225,0.106241,0.381611,0.122619,0.0926047,0.0302307,0.0915409,3.61702,0.0642369,0.0137002,1.25048,0.0606815,1.14114,0.0256601],[0.0150199,0.0364193,-0.000738073,-0.0164273,0.04167,0.162257,-0.00107595,-0.013852,0.025405,0.013642,0.825437,0.0198769,-0.00190214,0.374549,0.126979,0.0256601,0.0729189]],"n":17,"lags":3}