{"betahat":[[0.0096481,-0.0717422,-0.0104749,0.0838303,0.0533588,-0.0564307,0.0367319,-0.00334395,-0.00328255,0.00252771,-0.0129884,0.216428,0.47493,-0.00941051,-0.00794589,1.1723,2.14188,-0.0130665,-0.306195,0.0161823,-0.0171881],[0.13538,0.137777,0.0396838,0.00572001,0.381558,0.509759,-0.00666086,-0.0289316,0.0355487,0.0333266,0.022354,0.0856619,1.27965,0.00635316,0.0203113,0.179557,0.113705,0.0215016,-0.0796146,0.121486,0.0274906],[0.048031,0.228519,-0.0567563,-0.093605,-0.100935,0.229723,-0.0314844,-0.0545348,0.0438069,0.0403359,0.0245004,-0.00601241,0.930525,0.0316159,0.0145643,-0.148017,0.0600588,0.00223652,-0.342084,-0.0165019,0.0144442],[0.00444141,-0.0312849,0.107783,-0.0143614,-0.0358154,0.0958731,-0.00940351,-0.00122126,0.00272386,0.000806491,0.0106933,0.0434379,-0.0769673,-0.00507649,-0.00685702,0.100325,0.0010581,0.0137792,0.167399,-0.0273288,0.0121178],[-0.00654681,-0.0499077,0.0550318,0.0974477,-0.0881004,-0.123906,-0.0235683,0.0266368,-0.0207265,-0.0173739,-0.013371,0.320268,-1.80773,-0.0312697,-0.0206974,0.472037,0.166644,-0.0158328,0.0754807,-0.0378629,-0.0386312],[0.00289712,-0.0450843,-0.0323261,-0.0221471,0.0991383,-0.0184284,0.0120818,0.0101893,0.000464202,0.00144001,-0.00324896,-0.0486885,0.212656,-0.00416812,0.00401731,-0.11331,-0.014004,0.00197777,-0.11112,0.0373475,0.00384327],[0.00078097,-0.0117646,0.00132128,-0.0136048,0.0312726,0.00474919,0.00103366,-0.00146144,0.00888995,0.00719068,0.00348598,0.00927549,-0.184005,-0.00479237,-0.00404447,-0.11093,-0.0296827,0.009339,-0.0540676,-0.00973503,0.00328699],[-0.220614,-0.118406,-0.0605875,-0.0458977,-0.655616,-0.414167,0.0501592,-0.126202,0.0270313,0.0194523,0.0144883,0.106602,-3.05956,0.00510199,0.070337,-2.28784,0.0841168,0.0779275,-0.374708,-0.758549,-0.0281664],[-0.00521597,-0.0285373,-0.0821521,-0.0385297,0.0721138,0.0112397,0.0376333,0.14713,-0.010483,-0.0102877,-0.018644,-0.471636,-4.38095,0.00616487,-0.00368102,2.14193,-0.0126461,-0.0318929,0.125445,-0.277774,-0.0993177],[-0.0830106,-0.0712018,-0.102941,-0.0432157,-0.012369,-0.208703,-0.00476219,-0.0224028,0.0379841,0.0292433,-0.0269969,-0.0396511,-0.880748,-0.0137327,0.00951878,-1.38255,-0.0111411,0.0106716,-0.427529,-0.146581,-0.00625372],[-0.0466614,-0.0188113,-0.0377066,-0.0259535,0.00585786,-0.0377539,-0.00102605,-0.0198658,0.0527669,0.0455274,-0.0155024,-0.0688253,-0.614614,-0.00452297,0.0160853,-1.60717,-0.0477983,0.0292246,-0.296561,-0.165714,-0.00507903],[0.027684,0.00525744,0.0399149,0.0392023,0.218526,0.131023,0.0122372,0.00901704,0.00534602,0.00408198,0.0170269,0.0559621,0.270467,0.0137058,0.033952,-1.05836,0.0973377,0.0377435,0.0223062,-0.135871,-0.00228047],[0.00329004,0.00423007,0.00736892,0.0117786,0.0229138,0.015572,-0.000325342,-0.00873794,0.000214974,0.00093382,0.00258133,0.43955,0.386274,-0.00156995,0.00179779,0.158082,0.123304,0.00660383,0.0340504,0.0478475,-0.00296345],[0.000210221,0.000917869,-0.000551419,-0.00145391,7.63153e-05,0.00217628,0.000138304,-0.00130231,0.000355535,0.000357347,0.000414285,0.0014187,0.298298,0.000416754,1.35329e-05,-0.0117693,0.00670521,0.000285159,0.00255138,0.00157836,0.000349962],[0.0234369,0.132908,-0.0648602,-0.0704793,0.0515149,0.17256,-0.017551,-0.0171491,0.024603,0.0251588,0.0154821,-0.148625,0.0242857,0.0473594,0.0318015,0.0626636,-0.0386175,0.00234786,0.10607,-0.0834042,0.0285303],[-0.0376004,0.0601951,-0.18995,-0.0292785,-0.0817168,-0.109519,0.000977232,-0.00484452,0.00484507,0.0067808,0.0016818,-0.197872,-1.85838,0.0182147,0.0444771,-1.34982,0.0117612,0.00300386,-0.184527,-0.149486,0.00678251],[0.00283813,0.000403445,0.00308177,0.00231976,0.0059481,0.00678277,0.000133786,0.00187445,1.12875e-05,-0.000178372,0.000315044,0.0171566,-0.103748,0.000530654,-0.000938343,0.305504,0.0175081,-0.000327275,0.00630166,0.00644713,0.00344167],[-0.00205346,0.00357022,-0.00384265,9.06792e-05,-0.0103236,-0.00554557,-0.00207366,-0.00284236,0.000250415,0.000224509,-0.00102487,0.0495956,0.236594,-0.00086664,-0.00016592,0.26823,0.681645,-0.00141771,-0.0271582,-0.0122633,-0.00281613],[-0.0244124,-0.0724681,-0.0141193,0.0709805,0.137164,-0.0848732,0.0157587,0.0204272,-0.00753123,-0.00481248,0.00488584,0.000220189,-0.171283,8.42304e-05,0.031169,-1.22459,0.117802,0.0329176,-0.0186234,-0.0926762,0.00847955],[0.0157979,0.0347132,0.0132915,-0.0186413,0.00805861,0.0886274,-0.0139315,-0.00458435,0.00407132,0.00356854,-0.00243025,0.0263778,1.02348,0.0105107,-0.00407644,0.384855,-0.0301553,-0.0110047,0.106592,0.0525286,0.0144768],[0.0275998,0.0567224,0.0275132,-0.0157959,0.0623462,0.15326,0.0320536,-0.00158469,0.0124114,0.0139154,0.00869917,0.103009,2.13124,0.0155797,-0.000758363,0.597956,0.0572496,-0.0027358,-0.128876,0.12301,0.0117257],[-0.00315909,-0.0403742,0.0267572,-0.0581704,0.204447,0.261512,0.0110771,0.0255952,0.0797456,0.0842008,-0.0113253,-0.894464,2.39846,0.0258972,0.00543115,5.60846,0.00772345,0.00926663,0.154621,0.259036,0.632803],[-0.00805029,-0.0254803,-0.00230129,0.0388865,-0.0430965,-0.0467224,0.00718667,0.0120081,0.00126283,0.00214633,-0.0123424,0.0440825,-0.910549,-0.0152892,1.18182e-05,-0.294819,0.0264675,-0.00156714,-0.162567,-0.00429412,-0.0196579],[-0.00130386,0.015605,-0.0273231,-0.0215766,-0.00321499,0.00179785,-0.00975371,-0.00816623,0.0067854,0.00595412,0.00278742,-0.0252253,-0.550377,-0.000960976,0.00822481,-0.350653,-0.027202,0.00281902,-0.135645,0.00617557,0.00160269],[0.0051162,-0.00833051,0.00703035,0.00167965,0.0349621,0.0341118,-0.000523462,-0.00105347,-0.00079064,-0.00106854,-0.00130899,0.0325023,0.173393,-0.00302821,-0.00588898,0.0965556,0.00664261,-0.00237246,0.0264472,-0.00947865,0.000248398],[0.00513293,-0.012939,0.0380297,0.00932967,-0.0129963,0.0494889,-0.00576395,-0.0109076,-0.00168826,-0.00311892,-0.00411331,0.162772,0.0458701,-0.00761421,-0.0101255,0.337347,0.0204398,-0.00614352,0.0337418,-0.0116992,-0.00199395],[-0.00524125,-0.0159113,0.0176539,0.00976027,-0.018537,-0.00846704,0.00417056,0.00411111,0.000535236,0.00136053,-0.00613481,-0.00704819,0.112518,-0.00304946,-0.00149758,-0.0105639,0.00683738,-0.00633815,-0.0200432,0.00815707,-0.00138688],[-0.00368222,-0.00846386,0.0049926,0.00173188,0.0024875,-0.0216066,0.00161573,0.00204029,0.000794293,0.000569438,-0.00184392,0.00134846,0.0321241,-0.00171994,-0.000132441,-0.0728395,0.00837816,0.000483044,-0.0259391,5.87257e-05,-0.00163626],[-0.0826006,-0.0658595,-0.0207864,0.0765527,-0.235672,-0.331419,-0.0175607,0.00317861,-0.00810242,-0.0083469,-0.00407795,0.0786231,-1.88744,-0.01493,0.0114844,-0.249541,0.045138,0.0159114,-0.115185,-0.069343,-0.0226775],[-0.00500615,0.0143561,-0.028292,0.00575152,-0.0381562,-0.00338586,0.00368089,-0.000418999,-0.00443012,-0.00456538,-0.00850729,-0.0495727,-1.36606,-0.00631377,-0.0130601,0.843048,0.0468981,-0.010878,0.0289203,-0.0524918,-0.0116932],[-0.0277251,-0.0167229,-0.0662206,-0.0336074,-0.0324218,-0.115361,0.00208439,-0.0126406,0.002989,0.00228904,-0.00490782,-0.0610572,-0.351233,-0.00282984,0.00758001,-0.454685,-0.0343637,-0.000574453,-0.215421,-0.0239721,-0.00275452],[-0.0288877,-0.0171565,-0.0394143,-0.0224825,-0.0328739,-0.102763,-0.00173032,-0.00958619,0.00382792,0.00385863,-0.00751728,-0.0563141,-0.198488,-0.00192072,0.00816088,-0.438576,0.0470053,-0.00197693,-0.200553,-0.0311005,0.00530894],[-0.00462671,0.00706026,-0.0357382,-0.00700266,-0.0120912,-0.0223173,-0.00495262,-0.00221117,0.000215522,0.000645523,-0.00179012,-0.0154686,0.0384238,-0.000638213,0.00276365,-0.184067,0.0230307,-0.00106123,0.0565078,-0.0122225,0.00558424],[-0.000639797,0.000203361,-0.000239703,-0.00135963,0.0032456,0.00184394,-1.06491e-05,-0.00239164,0.000567041,0.000817114,0.000321996,0.0852774,0.22799,5.69858e-05,0.000327043,0.0197003,0.0264445,0.000896389,0.00684471,0.0134432,0.000842665],[-0.00017311,2.38795e-05,-0.000339255,6.34987e-05,-0.000548972,-0.00102969,-6.77026e-05,-0.000206665,2.4322e-05,1.55644e-05,4.95383e-05,0.000258531,0.059492,6.58004e-05,9.81297e-05,-0.00459629,0.00237666,7.85237e-05,0.000156128,0.000235233,1.61291e-05],[0.00421312,0.0347771,-0.0110622,-0.0115964,-0.0299796,-0.0262862,-0.0203474,-0.00929266,0.000323562,0.000696558,-0.00361903,-0.0390647,-0.11227,-0.00131455,0.000212456,0.0201112,-0.0258559,-0.00553254,0.0138183,-0.00378772,0.00344388],[-0.0123724,0.0258854,-0.0165934,-0.0132027,-0.0429806,0.00711083,-0.00968183,-0.00407273,0.00561266,0.00580804,-0.00183743,-0.0296421,-0.138071,0.000529569,0.000600479,-0.186612,0.00157557,-0.00456503,0.0157419,-0.0191359,0.00332822],[0.000365282,-3.72311e-05,-0.000631587,0.000487482,0.00031257,-0.00159209,0.000122641,0.000321458,-0.000250322,-0.000299263,-5.26845e-05,0.00592517,-0.0462965,-0.000197079,6.19188e-05,0.0541274,0.00676233,-3.06828e-05,-0.000783068,0.00094669,0.000360685],[0.000113436,-0.00278168,0.000956671,-0.00104763,0.00278704,-0.000141156,0.00109534,0.00162827,-7.77992e-05,-8.23586e-05,0.00043734,-0.0130662,0.0260842,0.000778577,0.000197697,0.0805729,0.149672,0.000459019,-0.00265155,0.00160813,0.000118363],[-0.00421,0.00568936,-0.0167965,0.00288404,-0.0119398,0.00200857,0.00453238,-0.00272953,0.00257626,0.00355034,-0.00122516,-0.0335928,0.202393,0.000377321,0.000940607,-0.282166,0.0114403,-0.00344453,0.033119,-0.00763778,0.00668813],[-0.00062593,0.00951112,-0.00425916,-0.00356057,-0.00166292,0.00364405,-0.00345299,-0.00259206,0.000463333,0.000508786,2.34618e-05,0.00459851,0.058034,0.00227373,0.000558809,0.0803406,-0.00718916,-0.00235274,0.0151807,0.0148584,0.00264669],[0.00165945,0.0150278,-0.0222979,-0.0112081,-0.0246561,-0.0052615,0.00743461,-0.0186581,0.00305751,0.00397226,0.00260465,0.0445543,0.559847,0.00240188,0.000776984,0.0225757,-0.0128955,0.00411816,0.00215948,-0.0206401,0.00128199],[-0.00316029,0.0645621,-0.0426869,-0.0871567,-0.0908955,-0.177618,-0.00543131,-0.0656761,0.00825497,0.00964896,0.0260444,-0.195897,-0.382697,0.00880805,0.0194909,0.310651,0.0266094,0.0131557,-0.07791,-0.0296859,0.098545],[-0.0195675,-0.0104784,-0.0287166,-0.00390085,-0.0353339,-0.0250211,0.000497208,-0.00135651,0.00156884,0.00126457,-0.00808911,0.0239426,-0.227797,-0.00498664,0.00148376,-0.0843164,0.00281564,-0.005486,-0.0267357,-0.0156302,0.00124594],[-0.00462776,-0.00831867,-0.00740783,-0.00346118,0.00539084,0.0059954,0.00367793,0.00145776,0.00248044,0.00199818,-0.00257394,-0.0294801,-0.181366,-0.00156661,0.00405534,-0.194003,-0.00575969,0.000558256,-0.0572555,-0.0161035,0.00481039],[0.00280729,-0.0015492,-0.00699364,-0.00122702,0.0218824,0.0112369,0.001526,-0.000508462,0.000554704,0.000763134,0.000660181,0.01724,0.118358,-0.000974053,-0.0019893,0.0460703,-0.000379288,-0.000102523,0.00476569,0.00706857,-0.00189157],[0.0100294,0.00301041,0.0176027,-0.000641703,0.0336245,0.0663436,-0.00265357,-0.00752762,-1.68432e-05,-0.000632179,0.0011083,0.0714354,-0.0272099,-0.000644565,-0.00425535,0.172854,0.0459166,-0.000244857,0.0815949,0.0254338,0.00656791],[-0.00734226,-0.00375283,-0.00724783,-0.000591997,-0.0238156,-0.00850727,0.000797116,0.00202552,0.000592372,0.000774338,-0.00209671,0.00293329,-0.0112092,-0.0014763,-0.000546467,-0.0164375,-0.00856582,-0.00112754,0.00112856,-0.00870411,-0.0017533],[-0.00536748,-0.0057251,-0.00644186,0.000216505,-0.00694949,-0.0172472,0.000892211,0.000345915,-5.02792e-05,-0.000293477,-0.00132755,-0.00103133,-0.00994043,-0.00100911,0.00149449,-0.0633322,-0.00527436,-0.000564843,-0.0116666,-0.00446661,-0.000653468],[-0.0160039,0.0183239,-0.0148071,0.0107448,-0.0697148,-0.0251644,-0.0170254,0.004209,-0.00109679,0.000975502,0.00155035,0.0391439,-0.112803,-0.00248367,0.000458215,0.0480433,0.0536744,0.00142687,-0.0217299,0.0179402,0.00584581],[-0.00898618,-0.0223563,-0.000439327,0.0179116,-0.025731,-0.0487996,-0.0166204,0.0135154,-0.00329057,-0.00445646,-0.001979,-0.0190529,-1.26488,-0.000945777,0.000181786,0.459624,-0.0903798,-0.00282247,-0.0660435,0.0588763,0.00728382],[-0.00613818,-0.00540387,-0.0206357,-0.000526334,-0.00856189,-0.0289759,0.00462826,0.00293087,0.00171157,0.00152108,0.000664819,-0.013524,-0.088041,0.0012909,0.00408315,-0.117378,0.0167333,-5.20954e-05,-0.0942009,-0.0240152,-0.00324328],[-0.00686118,-0.011836,-0.0101553,0.00132152,-0.00515563,-0.0290251,0.00611425,0.00220423,0.00135498,0.000834332,0.00034017,-0.0375023,-0.0847741,-0.000243905,0.00352764,-0.204231,0.0109323,0.00129433,-0.107153,-0.0235701,-0.000875144],[-0.0026504,0.00595474,-1.10047e-05,-0.00271699,-0.0195875,0.00591819,-2.67034e-05,0.00151574,0.00305571,0.00395106,-0.00115272,-0.0315351,0.27408,0.00169452,-0.000955197,-0.0585804,0.0016094,-0.00280725,-0.0078165,0.000722811,0.00501071],[7.73588e-05,-0.00152781,0.00114666,-0.00181824,0.0042885,0.00253334,0.00066348,-0.00080199,0.000383759,0.000450965,-3.35862e-06,0.0227457,0.136607,0.000134926,-1.92854e-05,0.00623144,0.00627847,0.000275304,0.00339437,0.00381024,0.00103013],[-0.000145042,6.05081e-06,-0.000315055,-4.09815e-05,-0.000365972,-0.000468628,-2.79237e-05,-9.33988e-05,1.58245e-05,1.34245e-05,1.8541e-05,-0.000259029,0.0235414,2.18503e-05,4.78985e-05,-0.00333865,0.000524844,2.61772e-05,-0.000528918,-4.38918e-06,2.23653e-05],[0.00454847,0.00146093,0.00599061,0.00222163,0.00350722,0.0078701,0.00393183,0.00304313,0.00206146,0.00289536,0.000149901,-0.016707,0.0716373,0.000228308,-0.00179557,-0.0202569,-0.00707715,-0.000314532,-0.00908089,0.00443498,0.00477472],[0.00225361,-0.00527192,0.0203845,9.43991e-05,-0.00193861,0.0150911,0.00176807,0.00484918,0.000643225,0.000981199,-0.00193255,-0.0289497,0.0762738,-0.00120726,-0.00583094,-0.0218019,0.0189494,-0.000963666,0.0027448,-0.000966057,1.56193e-05],[-3.82241e-05,0.00012234,-0.000627686,0.000296515,-0.000685613,-0.000660049,8.52253e-05,0.000107504,-2.95557e-05,-3.51466e-05,3.21035e-05,0.00233937,-0.0221769,-7.10172e-05,0.000101545,0.0173312,0.00190121,5.54306e-05,-0.00171771,0.00046828,0.000295441],[0.000177697,-0.00136169,0.00185457,-0.000854413,0.00176465,0.00178171,0.000451891,0.00125997,-0.000151453,-0.000121352,3.88674e-05,-0.012322,-0.0298548,0.000250189,0.000109608,0.050124,0.0632396,3.20545e-05,0.000744594,-0.000246234,0.000269824],[-0.00225064,0.00292118,0.00141754,-0.00828304,-0.00383207,0.0097779,0.00021968,-0.00348073,0.001662,0.00181625,2.96238e-05,-0.00827956,0.255701,0.00128589,-0.000851618,-0.0738028,0.0140905,-0.00179046,0.000971549,-0.00263314,0.0035029],[0.000298696,0.00275925,0.000467888,-0.00112184,0.00184664,-0.00143053,-0.000666443,0.000414005,0.000234904,0.000262805,-0.000433594,-0.00279744,0.0369885,0.000810953,0.000364421,0.029252,-0.00371328,-0.00106434,0.00303188,0.0030451,0.00111973],[-0.0016874,0.000159009,-0.00174955,0.00401987,-0.00227387,-0.00740693,-0.000622767,-0.00806709,0.00127141,0.00138292,0.00047684,0.0400593,0.131792,-0.00119809,0.00136291,-0.0117318,-0.00138325,0.00198414,0.00430539,0.00168637,0.00243041],[-0.0216908,0.0214845,-0.0797399,0.0115193,-0.121434,-0.0828381,-0.00713274,-0.0250372,-0.00462481,-0.00707071,-0.00210248,-0.0468022,-1.29324,-0.00392333,0.00887001,-0.410444,0.0892313,-0.00507297,-0.157497,-0.121047,0.00728769]],"sigmahat":[[0.478989,0.340509,0.52623,0.00586555,1.03694,1.45986,0.0396075,-0.00958236,0.0341611,0.0392561,0.0597545,0.706348,5.691,0.035872,-0.05613,4.42385,1.36909,0.0050467,0.843799,0.513027,0.0370017],[0.340509,0.903028,0.155257,-0.191103,0.0857381,1.29083,-0.0701363,-0.150006,0.064015,0.0738529,0.085773,0.566299,5.49163,0.0795258,-0.0174773,2.29659,-0.370189,0.00668442,1.04574,0.204033,0.0537804],[0.52623,0.155257,2.15569,0.390444,0.738085,1.93241,0.0638737,0.0916274,-0.00469826,-0.00196493,0.0596095,1.19147,4.37989,0.0260714,-0.127344,6.3628,2.14772,0.00109968,1.86412,0.585409,-0.0306926],[0.00586555,-0.191103,0.390444,0.664511,-0.169105,-0.274394,0.0522796,0.150616,-0.0734466,-0.0708525,-0.0224451,1.26836,-3.7157,-0.0303963,-0.0228385,2.56085,4.3453,-0.00827277,0.225537,0.0761704,-0.198385],[1.03694,0.0857381,0.738085,-0.169105,5.02567,3.48585,0.188263,-0.0211023,0.105294,0.0960179,0.0800705,1.35661,13.8218,0.0317947,-0.0652201,9.09177,2.96948,0.0648628,0.998381,1.2389,0.280921],[1.45986,1.29083,1.93241,-0.274394,3.48585,7.23789,0.158527,-0.0857622,0.269112,0.275546,0.163889,1.98508,26.6707,0.170863,-0.206801,14.3204,1.79525,-0.0246509,3.17737,1.52706,0.403768],[0.0396075,-0.0701363,0.0638737,0.0522796,0.188263,0.158527,0.157223,0.0484936,0.0120557,0.0149114,0.0117809,0.0279614,2.23338,0.0116477,0.00621297,0.58906,1.29847,0.0183188,-0.0326204,0.0251072,0.00513508],[-0.00958236,-0.150006,0.0916274,0.150616,-0.0211023,-0.0857622,0.0484936,0.271234,-0.0371965,-0.0369576,-0.0182133,-1.28377,-9.14084,-0.00446008,-0.0188974,-0.784961,-3.72761,-0.0197477,0.284434,-0.0670217,-0.0311711],[0.0341611,0.064015,-0.00469826,-0.0734466,0.105294,0.269112,0.0120557,-0.0371965,0.0566435,0.0543911,0.0154201,-0.0843887,2.25362,0.0126072,0.00704981,0.731734,-0.00196228,0.0220028,-0.184361,0.0376695,0.125983],[0.0392561,0.0738529,-0.00196493,-0.0708525,0.0960179,0.275546,0.0149114,-0.0369576,0.0543911,0.0556289,0.0159348,-0.0290442,2.56299,0.0130723,0.00484323,0.745331,0.10393,0.0200195,-0.16877,0.0568796,0.122782],[0.0597545,0.085773,0.0596095,-0.0224451,0.0800705,0.163889,0.0117809,-0.0182133,0.0154201,0.0159348,0.0612087,0.109968,1.80983,0.0329197,0.0196313,0.556148,0.331344,0.0583932,0.0971411,0.0374707,0.0375694],[0.706348,0.566299,1.19147,1.26836,1.35661,1.98508,0.0279614,-1.28377,-0.0843887,-0.0290442,0.109968,81.2639,226.75,-0.0644791,-0.130501,244.778,379.784,0.0980075,-7.01493,5.78192,-3.67433],[5.691,5.49163,4.37989,-3.7157,13.8218,26.6707,2.23338,-9.14084,2.25362,2.56299,1.80983,226.75,1815.52,1.52337,-0.802307,749.251,1242.64,1.07123,-18.6062,27.6285,-4.32178],[0.035872,0.0795258,0.0260714,-0.0303963,0.0317947,0.170863,0.0116477,-0.00446008,0.0126072,0.0130723,0.0329197,-0.0644791,1.52337,0.0510434,0.0245151,1.216,0.387664,0.0220623,0.147769,0.0222004,0.0513795],[-0.05613,-0.0174773,-0.127344,-0.0228385,-0.0652201,-0.206801,0.00621297,-0.0188974,0.00704981,0.00484323,0.0196313,-0.130501,-0.802307,0.0245151,0.0662874,-1.22233,0.0232715,0.0399433,-0.265655,-0.101158,0.0319597],[4.42385,2.29659,6.3628,2.56085,9.09177,14.3204,0.58906,-0.784961,0.731734,0.745331,0.556148,244.778,749.251,1.216,-1.22233,1449.46,1752.0,-0.579979,-27.5176,18.7596,1.27487],[1.36909,-0.370189,2.14772,4.3453,2.96948,1.79525,1.29847,-3.72761,-0.00196228,0.10393,0.331344,379.784,1242.64,0.387664,0.0232715,1752.0,2654.5,0.0956211,-64.5629,17.0712,-11.6008],[0.0050467,0.00668442,0.00109968,-0.00827277,0.0648628,-0.0246509,0.0183188,-0.0197477,0.0220028,0.0200195,0.0583932,0.0980075,1.07123,0.0220623,0.0399433,-0.579979,0.0956211,0.0930611,-0.101587,-0.0326447,0.0583473],[0.843799,1.04574,1.86412,0.225537,0.998381,3.17737,-0.0326204,0.284434,-0.184361,-0.16877,0.0971411,-7.01493,-18.6062,0.147769,-0.265655,-27.5176,-64.5629,-0.101587,14.5889,0.033321,0.213201],[0.513027,0.204033,0.585409,0.0761704,1.2389,1.52706,0.0251072,-0.0670217,0.0376695,0.0568796,0.0374707,5.78192,27.6285,0.0222004,-0.101158,18.7596,17.0712,-0.0326447,0.033321,2.58126,0.0173993],[0.0370017,0.0537804,-0.0306926,-0.198385,0.280921,0.403768,0.00513508,-0.0311711,0.125983,0.122782,0.0375694,-3.67433,-4.32178,0.0513795,0.0319597,1.27487,-11.6008,0.0583473,0.213201,0.0173993,0.972919]],"n":21,"lags":3}