{"betahat":[[12.8994,10.9339,20.4398,6.94702,10.851,32.196,1.66052,5.35703,0.873682,2.3969,3.84401,6.72862,91.896,3.19087,0.109703,50.0831,1.79878,-4.25165,17.3744,17.0606,2.65522,3.48763,-6.03065,13.5793,1.74209],[0.955583,0.0850817,-0.161782,0.00884342,0.124194,0.281993,-0.0393833,-0.0412135,0.045725,0.0464068,0.0425353,-0.0277471,2.4081,0.0132222,0.0636803,-0.116884,-0.0273418,-0.230623,-0.00439061,-0.485582,-0.0266172,0.0567396,-0.403053,0.221955,0.0507804],[0.098431,1.00424,0.208627,0.0134376,0.0283738,0.290098,0.0244003,-0.0193187,0.0418733,0.0405918,0.0237025,0.155007,2.7189,0.0174536,-0.0289324,0.639746,0.0267821,-0.039312,-0.0395476,0.00892757,0.138249,0.00567207,0.550281,0.00606067,0.0235742],[-0.0495068,-0.0326374,0.904156,-0.0682427,-0.243016,-0.0626355,-0.0197432,-0.0116438,2.62136e-05,-0.00264467,0.0083975,0.0452925,-0.703966,-0.00441212,0.0111198,-0.230671,-0.0128908,0.0189023,0.068341,-0.225455,-0.00619354,0.0126336,-0.157719,-0.0255235,0.0104842],[-0.0587321,-0.0792821,-0.324143,0.803704,-0.114238,-0.536294,-0.0404327,0.0263982,-0.0386524,-0.0255829,-0.0284359,-0.0796407,-1.69797,-0.0827594,-0.0608275,-0.306686,0.0120749,-0.00789003,0.0051254,0.621118,0.139459,-0.0353351,-0.226835,-0.138558,-0.0751583],[-0.0329532,-0.055798,-0.0677791,-0.0324494,0.8559,-0.109661,0.00917084,0.00138858,-0.00111665,-0.00111395,-0.00595217,-0.0259224,0.402825,-0.00584055,-0.00224231,-0.0631254,0.0132391,0.0172524,0.0605127,0.140633,-0.0243577,-0.000191552,-0.1691,0.0196425,-0.00151252],[-0.0308,-0.0366363,-0.0624858,-0.020921,-0.0136691,0.671949,-0.00564523,-0.00329481,0.00277594,0.00229498,0.0112561,0.0136229,-0.553159,-0.00688756,-0.00183867,-0.0510395,0.00709733,-0.00811858,-0.0108987,-0.107653,-0.00978844,0.0161255,-0.0873541,-0.00762637,0.000999671],[-0.154265,-0.0306758,-0.0567904,-0.279588,-0.608858,-0.109249,0.893409,-0.178376,0.0201343,0.0127617,0.0614691,0.372234,-1.27136,0.00549918,0.0621795,-1.64259,0.0394672,0.0117042,-0.0977417,-1.39325,-0.419895,0.130473,0.23912,-0.354359,-0.00303528],[-0.117548,-0.00978944,-0.589336,0.133516,-0.173685,-1.27915,-0.0558338,0.459334,-0.0964503,-0.120134,0.0878585,0.0291411,-0.546879,0.0768679,0.157311,-0.715926,-0.0410817,0.0524109,0.0296687,-0.0811719,-0.0815455,0.142878,0.287816,-0.274629,-0.123536],[-0.421576,-0.867326,-0.962245,-0.484906,0.323956,-1.37607,-0.114916,-0.0744769,0.91788,-0.114095,-0.18325,-0.472519,-3.29074,-0.159688,-0.0798236,-0.363961,0.260475,0.123204,0.545107,0.404953,-0.261267,0.0315917,-0.367058,-0.0399342,0.0600296],[-0.00520172,-0.0392859,0.556566,0.221452,0.696815,0.725285,-0.264266,-0.149253,0.169542,1.09046,-0.134669,0.255089,0.304357,-0.0257839,-0.0247423,0.203944,-0.250554,-0.254594,-0.0124424,0.285704,0.14955,0.0179646,1.30774,-0.336194,0.258905],[0.348631,0.25844,0.514059,0.127926,1.5585,1.13988,0.077782,-0.07028,0.0426961,-0.0068828,0.922315,0.383801,1.90815,-0.000326266,0.133448,-2.21087,0.0983336,0.024844,-0.00848304,-0.287993,0.286086,0.0912666,0.0678175,-0.0502288,-0.108099],[0.0820198,0.0983981,0.0494179,0.0585702,0.335939,0.424026,0.0523823,0.011121,0.00225072,0.00133941,0.0214368,1.28959,0.261462,-0.00108854,0.0114125,-0.135412,0.0219107,0.0920528,0.0581837,0.128287,0.213905,0.0310031,0.28803,0.0609631,-0.0305417],[-0.00231259,-0.00260123,-0.00748398,-0.0015099,-0.0103395,-0.00688575,-0.00134282,-0.000150771,-0.00065003,-0.000872185,0.000112857,0.0032915,0.849292,-0.00189523,-0.000596843,-0.0258502,0.00416858,-0.00107792,-0.00159187,0.0119991,0.00364289,0.000597133,0.00303802,0.00545633,-0.000896095],[0.127475,0.139731,0.0822067,0.0979954,0.39512,1.05866,-0.106954,0.0715671,0.140368,0.135918,0.011722,0.0836206,-4.40192,0.973731,-0.0121361,1.61597,-0.237997,0.160096,0.11472,1.82827,0.104647,-0.00800566,1.26253,-0.642217,0.213481],[0.124092,0.0312406,0.124003,-0.195684,0.228287,0.496074,0.119165,0.0292015,-0.0528328,-0.0241538,-0.0399762,-0.433705,-3.52238,-0.0833623,0.82262,-2.05721,0.0164934,0.042351,0.577105,0.806611,-0.0137951,-0.0333217,-0.118004,-0.218907,-0.034526],[0.017132,0.0110237,0.00632937,-0.0171726,0.0791252,0.0881413,0.00281574,-0.000651563,0.00394631,0.00369491,0.00447138,0.00905965,0.0853814,0.00859671,0.00338013,1.02996,-0.00584176,0.00488762,0.0111352,0.0102347,-0.00233284,0.00160427,0.0467391,0.0136408,0.00639559],[0.0686627,0.00116082,-0.318237,0.0241055,0.265934,0.349477,0.0214445,0.0226241,0.0724042,0.0831758,0.0234844,0.0783395,4.02707,0.0237303,-0.026552,1.54308,0.358253,0.0118846,-0.155846,1.31104,0.615998,0.0106573,0.11123,0.0823955,0.0470688],[0.00464429,0.0529265,0.0120025,-0.0638504,0.360041,0.351646,-0.0247801,-0.0089738,0.0227875,0.026443,0.00131966,0.0913871,-1.47688,0.0112427,-0.0698271,1.10566,0.163742,0.744376,0.150906,-1.36267,-0.0834593,-0.0412932,-0.135228,0.176227,-0.027993],[-0.0452055,-0.0395933,0.110332,0.0543846,-0.0654988,-0.251567,-0.049921,-0.0131334,-0.0245537,-0.0303051,-0.0264131,0.0393526,-1.87845,0.000993355,0.0242659,-0.398663,-0.0657919,0.0618717,-0.0274084,0.0494535,-0.167137,-0.0376146,0.102454,-0.186393,-0.0465917],[0.039954,0.0560004,0.0326413,0.00945991,0.0945139,0.124671,-0.00432098,-0.0241949,-0.00447347,-0.00122172,-0.0115941,0.0289095,0.775029,-0.00871878,-0.0121463,0.0621805,0.000124428,0.010328,-0.04821,-0.145745,0.0607894,-0.0237392,0.175323,0.0043505,-0.00372276],[-0.0234518,-0.0200803,0.0606502,0.0743216,-0.0163451,0.079605,-0.0466407,-0.0397589,-0.000294627,-0.00349018,-0.012527,0.144126,-0.993746,-0.0170702,0.00163717,-0.401311,0.0711009,-0.00503257,-0.161993,-0.356033,0.976858,0.00614408,-0.218449,-0.0924403,0.00820477],[-0.218761,-0.216257,-0.264565,0.349849,0.0139906,-0.919699,-0.000426983,0.0516327,-0.112427,-0.0535099,-0.06587,-0.285623,0.277011,0.0294373,0.103885,-1.31705,0.101974,0.178854,-0.228116,0.502111,0.346415,0.841723,-0.417858,0.0875184,0.019721],[0.024099,0.041052,-0.000290876,0.0691387,-0.0063748,0.0197389,0.0106487,-0.000754998,-0.00410518,-0.00599463,0.00444844,-0.0709985,0.323495,0.0234956,0.010401,0.175317,0.0139773,0.00986176,0.0178137,0.224422,-0.0396654,-0.0102381,0.520873,-0.0245833,-0.00179154],[0.0234786,0.120138,0.0732913,0.0654655,0.0383383,0.397314,0.2252,0.0439216,0.0361096,0.0367396,0.0397947,-0.22205,1.7897,0.0234124,-0.00225696,0.401904,0.115512,0.0335466,-0.0235784,0.207738,0.272819,0.0396143,-0.149846,0.465728,-0.00747312],[-0.0233862,0.0276796,0.161922,0.333803,-0.87538,-0.609486,0.139349,0.363462,0.0204076,0.0599457,-0.0650773,-0.380666,-0.407905,-0.0966118,-0.0494228,0.860223,0.295131,-0.159444,0.176264,-0.329613,0.234627,-0.057394,-0.154307,0.308979,0.656017],[0.0315519,-0.0705268,0.208473,0.0571986,-0.2916,-0.284547,0.0225618,0.0353079,-0.0522998,-0.0446195,-0.0576491,-0.0234739,-2.66294,-0.0419264,-0.0582706,-0.574469,0.015075,0.125131,0.0845474,0.342447,-0.0577525,-0.0527694,0.0788655,-0.0945277,-0.0671834],[-0.0414148,0.0332516,-0.102771,-0.0387229,-0.0343503,-0.175349,-0.018807,0.00418442,-0.0289693,-0.0247871,0.0182585,-0.0774493,-2.5482,-0.00835995,0.0333053,-0.737446,-0.000756251,0.0194806,0.0327782,-0.144039,-0.0255823,0.0234607,-0.396512,0.063858,-0.0287819],[0.0371293,0.0321663,0.0446919,0.036096,0.176129,0.0984489,0.0128494,0.0049023,-0.00368983,-0.0016834,-0.0116852,-0.0111957,0.433519,0.00328291,-0.0207528,0.366485,-0.0122865,-0.0338702,-0.109243,0.0675653,-0.012818,-0.0226369,0.142957,-0.00622319,0.00295283],[0.0584887,0.0546439,0.305275,0.111521,0.0405274,0.511116,0.0249608,-0.00637127,0.0345813,0.0172197,0.0199066,0.157401,1.97386,0.059193,0.0455964,0.594209,-0.050759,-0.0317366,-0.0245176,-0.439225,-0.0668324,0.033571,0.101628,0.0469676,0.0305563],[0.0147134,0.00816996,0.0983207,0.0483832,0.0650272,0.0687835,-0.000911609,0.00282541,0.0036331,0.00556969,-0.00781921,0.0188027,0.0524669,0.00209694,-0.0010991,0.0750843,-0.00469379,-0.00840246,-0.0632907,-0.140025,0.0487628,-0.0174819,0.0720628,0.0220808,0.00448672],[0.0203037,0.0198126,0.0665028,0.00892706,0.0343645,0.206964,0.00869574,0.00197873,-0.00249188,-0.00178062,-0.00499457,-0.0119517,0.419669,0.00605293,-0.000826868,-0.0111698,-0.0165021,0.00308336,0.00536194,-0.00847697,0.0093972,-0.00731088,0.0374864,0.0105809,-0.00341586],[0.070981,-0.0526359,0.140827,0.336288,0.392926,-0.32409,0.0751449,0.160759,-0.0499352,-0.0495974,-0.0235798,-0.292342,-1.21905,-0.027771,-0.0126755,0.517906,-0.0376315,0.0370361,0.0899224,0.999632,0.274763,-0.0252182,-0.382515,0.258046,-0.0584863],[-0.0135751,0.234134,-0.263596,0.152702,-0.0686296,0.0164626,-0.0246482,-0.102454,-0.0372669,-0.0532727,-0.119292,0.0971804,-1.07916,-0.120948,-0.110123,-0.708384,0.0150457,-0.152249,0.295439,-0.88752,0.063269,-0.122534,0.193268,-0.285947,-0.0103774],[0.0394533,0.20261,0.0976336,-0.0923876,-0.0612229,-0.0770998,0.035547,0.00389598,-0.0451427,-0.0142864,0.0699628,0.136865,0.321506,0.032598,0.0710606,-0.105407,-0.0739801,-0.144231,-0.141177,-0.743335,0.0743621,-0.0428728,0.202969,0.0684887,-0.0392414],[0.0174545,-0.0503607,-0.312003,-0.313442,0.315867,0.0349026,0.0961964,-0.0542747,-0.140152,-0.0989853,0.0480438,-0.128309,-0.625752,0.0384032,0.0335135,-0.582706,0.0180345,-0.0622831,-0.046626,0.404135,0.0571282,-0.0783383,-0.505928,0.184426,-0.0625174],[-0.189199,0.00757817,-0.753819,-0.331881,-1.10256,-0.96325,-0.0317081,-0.0425363,-0.0430732,-0.0102658,0.022454,-0.0993211,-0.561392,0.0579969,-0.00289964,0.93175,0.0391317,-0.203433,0.378023,-0.630124,-0.488085,-0.0456263,0.174512,0.0661037,0.0463641],[-0.0571014,-0.0464685,-0.0605863,-0.0566624,-0.28875,-0.35822,-0.0355202,-0.0146405,0.00499949,0.00804491,-0.0160693,-0.196595,-0.147658,-0.00616559,-0.00744614,-0.109335,0.013975,-0.0663999,-0.0214696,-0.0744006,-0.148084,-0.0233825,-0.134704,-0.00348842,0.025911],[-0.00321103,0.00227588,-0.00669505,0.00715296,-0.00678966,-0.0213064,-0.000489433,0.000409252,-0.000523123,-0.000829377,0.00015105,-6.92568e-05,0.0107664,0.000919366,0.001268,0.000849578,-0.00521784,0.000651729,-0.0111962,0.00897613,0.00638683,0.000756893,0.0223493,-0.00580969,-0.00124006],[0.0420361,0.175891,0.112768,0.129522,-0.340839,-0.46176,-0.12332,0.0216275,-0.0284322,-0.0359606,0.0394292,0.212521,-0.675332,-0.054501,-0.0139992,-0.377665,-0.0112858,-0.0209065,-0.213088,-1.72732,-0.209968,0.0960589,-0.700917,0.432915,-0.0481451],[-0.236323,0.190024,0.3337,-0.0292142,-0.368352,0.185554,-0.0735442,-0.0631565,0.0699213,0.0370777,-0.0230617,0.15988,2.2188,-0.0198273,-0.0277929,1.07696,-0.0395497,-0.209425,-0.709874,-0.579305,0.0318409,-0.00505923,1.07889,-0.145808,-0.0213434],[-0.0108414,-0.0164151,-0.00447476,0.00674256,-0.0459371,-0.0969457,-0.00266616,-0.000653999,-0.00646217,-0.00698108,-0.00707157,-0.00212622,-0.187851,-0.0122225,-0.00185121,-0.0941858,0.00800247,-0.00339445,0.00309852,0.000559928,-0.002037,-0.00412177,-0.0268513,-0.0130835,-0.00513839],[-0.119143,-0.116205,0.377662,0.0641605,-0.380786,-0.442618,0.0411431,0.0145718,-0.0273144,-0.0329007,0.0390552,-0.20794,-2.00892,0.0101233,0.0228782,-0.908393,0.041317,0.121158,0.0740225,-0.529342,-0.219677,0.0591411,-0.0685253,-0.00528679,0.00308913],[0.0142672,-0.0179311,0.145713,0.0464521,-0.542499,-0.29197,-0.0316123,-0.0259062,-0.00414021,-0.00765533,0.0270491,-0.149773,0.833502,-0.0113295,0.00439053,0.164928,0.0038373,0.0704757,-0.0737241,0.236406,-0.0493667,0.0250689,-0.0347013,0.0109888,-0.00148633],[-0.00886568,0.0328181,-0.0278314,0.0499034,-0.256028,-0.152145,0.0221065,0.0146191,-0.000357159,0.00287512,-0.00182955,0.0283023,-0.887556,0.00729697,0.00509315,-0.235996,-0.00943642,0.0173879,0.332686,0.171275,0.0141119,0.000396171,-0.14386,0.0191356,-0.0165584],[-0.0043715,0.00640833,0.00585416,-0.00798794,-0.0161778,-0.0200294,-0.00205576,-0.0173392,0.000920448,0.00402857,0.0069204,-0.000897584,-0.0473056,-0.000110311,0.00560299,-0.0830403,-0.0081352,0.0168706,0.00550383,-0.247731,0.00217438,0.00781982,0.0394171,-0.00325203,0.00173141],[0.0198612,-0.0164979,-0.0268844,-0.0484401,-0.000191842,-0.170299,0.0473036,0.0345449,-0.00620939,-0.00339943,0.0202984,-0.0851074,1.09023,0.0235662,0.0029663,0.344061,-0.0155532,0.0100571,0.116375,0.181529,0.0842815,0.0106712,0.0390429,0.11293,-0.00265145],[0.280601,0.297783,-0.0706943,-0.0865822,0.0486242,0.745275,0.134657,-0.00212399,0.0940992,0.0731817,0.0683018,-0.238,3.17961,0.0446712,-0.0368808,1.10105,0.0986282,0.00357587,0.595909,0.480023,-0.00623058,-0.0277281,0.843898,0.119525,0.0685039],[-0.0250503,-0.017706,-0.0544888,-0.0106783,0.0104481,-0.0509699,0.0138961,-0.0145677,-0.00224204,-0.00226633,-0.00302698,-0.0315217,-0.423779,-0.00127435,0.00527241,-0.154088,0.0027787,-0.00188634,0.0139269,-0.00165644,-0.0338198,-0.00174785,-0.075975,0.0213335,0.00032628],[-0.00512662,0.0236533,-0.133854,-0.0429701,-0.11883,-0.0856094,0.0156976,-0.0346848,0.0143269,0.0187211,0.0165785,0.00057333,0.137385,0.013919,0.0237215,-0.295623,0.0274546,0.0153614,-0.0737993,-0.174277,-0.0156447,0.0170025,-0.0605606,-0.112098,-0.00848154],[0.268642,0.639002,0.706762,-0.28524,-0.464268,-0.104294,0.0292293,-0.268646,-0.00302419,0.017725,0.225218,0.527724,1.97136,0.116915,0.0268643,0.524146,-0.0995617,-0.0432996,-0.034509,-0.508957,-0.0856355,0.097338,0.459143,0.0928146,0.0480494],[0.012653,-0.0148459,-0.0468961,-0.0661308,0.167865,0.00276501,0.0167452,0.00578416,0.0065915,-0.00181312,0.014953,0.0512214,0.255479,0.0286282,-0.00545255,0.691096,0.0124096,0.105489,-0.0805267,0.142225,0.0842245,-0.00416195,0.324069,-0.127991,0.0163949],[-0.05726,-0.0379302,-0.106103,0.0253249,0.0063895,-0.114615,-0.00569636,0.0150135,-0.0129061,-0.015834,-0.0421013,-0.0775569,-0.173006,-0.00915709,-0.00439363,0.0966643,-0.0258179,0.0199402,0.006263,0.133946,-0.112396,-0.0292846,-0.154079,-0.0704854,0.00515265],[0.0122225,0.00026495,0.0501665,0.0318773,0.0677933,-0.0354359,0.0068731,0.00659982,0.00369685,0.00432979,0.00316868,-0.0340731,0.274787,0.00104769,0.00954426,-0.13546,0.0255513,0.0149815,0.0403127,0.156757,0.0189279,0.00985983,0.0157146,0.0314184,-0.0134122],[-8.41937e-05,0.0241397,0.0185368,0.0844143,0.0739397,0.0248652,0.0153568,-0.0201472,0.00405369,0.008295,0.00832296,-0.0776055,-0.277527,0.0233909,0.0150866,-0.287482,0.0389893,0.0398843,0.019007,-0.183417,-0.0731047,0.00155195,0.124645,0.0909236,0.0445865],[0.0178515,0.047355,-0.0307425,-0.0162345,0.078469,0.040985,-0.00835787,-0.00431391,-0.00251246,-0.00448613,0.0134213,0.00654778,-0.451537,0.00350587,0.00316263,-0.0120502,-0.00838327,-0.0089191,0.0018641,-0.00118989,-0.0247306,0.0172498,0.0976824,-0.042437,-0.00292382],[0.00992278,0.0162579,-0.00519928,0.0118705,-0.0209636,0.119682,-0.00325149,0.00119863,-0.000276799,-0.000549465,-0.00653286,-0.00209452,0.134996,0.000651293,0.00253063,0.0619046,0.00958507,0.00488096,0.00438833,0.11538,0.000130157,-0.00909965,0.0504673,-0.00405949,0.00244285],[0.0795564,0.0793685,-0.0885962,-0.0595059,0.215593,0.43182,0.0298523,0.0160259,0.0297742,0.0363835,-0.0400955,-0.080248,2.47853,0.0209018,-0.0503978,1.12168,-0.000236874,-0.0469249,0.00146142,0.380647,0.139641,-0.107621,0.148867,0.086856,0.0610041],[-0.0512472,-0.0713694,-0.0550587,0.180088,-0.234921,-0.482809,-0.0674463,0.0673854,-0.00415001,-0.00415167,0.035541,0.164094,-1.89299,-0.00587216,0.0291655,0.158936,0.125092,0.062902,0.109649,0.240495,-0.188396,0.0290684,-0.460755,0.373176,0.0700553],[0.152321,0.0835269,0.237068,0.221999,0.230483,0.335407,0.0458889,0.0316415,-0.00604762,-0.0101394,0.118206,0.0721029,2.39445,0.056948,0.0190865,0.883914,-0.0371729,0.151665,-0.0159698,-0.134535,0.103591,0.119949,0.108931,0.0729281,-0.0563752],[0.03425,-0.0211449,-0.00417776,0.189019,-0.00339836,-0.138155,0.0621903,0.057824,-0.025202,-0.0364782,0.107671,-0.00540112,0.210466,0.0490633,0.0558299,0.165546,-0.0329094,0.162588,-0.0657686,0.389538,0.0234792,0.0788962,-0.0562245,-0.0577633,-0.0736378],[-0.0718841,0.00505234,0.0370638,0.0309531,-0.336717,0.0407804,0.00401143,0.043487,0.0611684,0.066518,-0.0305046,0.113271,-1.33458,-0.0241358,-0.0323701,0.50084,-0.0829128,-0.00112055,0.146396,-0.226863,0.144117,-0.0619983,-0.209145,0.108019,0.0599701],[-0.0239537,-0.0525519,0.0116913,-0.00392847,-0.0355578,-0.0590698,-0.0149116,0.00366484,-0.00710851,-0.00943679,-0.0051301,-0.100103,-0.0552006,0.00782124,-0.00352489,0.249131,-0.0322195,-0.0229308,-0.0412769,-0.0436019,-0.062013,-0.00744431,-0.134864,-0.0521459,0.00461817],[0.000530095,-0.000352335,0.00490515,-0.00118072,-0.00419971,0.00279594,-0.00111049,-0.000492232,0.000696228,0.000763514,-0.000237667,-0.00239132,-0.034377,-1.26247e-05,-2.36654e-06,0.0121049,-0.00436667,0.00103001,-0.000940178,0.0101485,-0.00773362,-0.000930127,-0.0276856,-0.00175364,0.00106634],[-0.0288742,-0.137229,-0.325935,-0.0904421,0.532739,0.612651,0.134512,0.0069723,0.0429363,0.047289,0.0283823,-0.101521,4.75245,0.0364313,-0.002773,0.594521,0.0605071,0.00866726,-0.141708,0.126608,0.10915,-0.0265614,-0.628531,0.330953,0.0290181],[0.0865789,-0.358397,0.391617,0.0659669,0.228811,-0.102119,0.0586312,0.0473709,-0.0761773,-0.0845916,-0.0180212,-0.0757104,0.213795,-0.0246587,-0.026337,-0.0864654,-0.0486945,0.0387017,-0.131058,0.356771,-0.0578925,0.00492599,-0.486235,-0.142934,-0.117984],[-0.0130836,0.00055816,-0.00496318,0.00451091,-0.0495818,-0.0166294,-0.000647768,0.000565018,0.00185353,0.00190047,0.000736551,-0.00373553,-0.000291657,0.00238026,0.00152777,-0.0232431,0.00591709,0.0026462,-0.0123001,-0.026532,0.00402054,0.0017763,-0.0245498,-0.00361647,-0.000385871],[-0.0405646,-0.0839168,-0.398867,-0.0862554,0.0459298,-0.461473,0.000328613,0.0060497,-0.043712,-0.0485211,-0.00898248,-0.00939411,-2.22399,-0.00731283,0.0509258,-1.16968,-0.0179685,0.100181,0.200271,-0.083185,-0.162326,0.0312682,-0.344166,0.028768,-0.0389835],[0.07002,0.123123,-0.0212587,-0.035655,0.343444,0.341482,0.054836,-0.0182633,-0.0134984,-0.0102016,-0.0145654,0.0270514,2.29774,0.0386842,0.0306963,-0.0312667,-0.0203557,-0.0765433,-0.176458,0.471973,0.0337416,-0.0282217,0.333608,-0.0397793,0.0155457],[-0.0279101,0.0114795,-0.0326459,-0.0152315,-0.0921377,-0.0826374,-0.00720823,-0.00987729,0.00323628,0.00221388,-0.00411536,0.0280414,0.415226,-0.00390617,-0.00449379,0.0963365,0.0159173,-0.00505908,-0.033446,-0.129533,-0.0591818,-0.00148238,0.0160954,0.00122118,0.0141418],[0.00455156,0.0125821,-0.000940382,0.000572416,-0.0144664,-0.00758265,-0.01524,-0.00779976,-0.000435902,0.000506279,0.0037477,0.018918,-0.185047,0.00308592,0.00317005,0.00274416,-0.0077498,-0.000354817,-0.0128065,-0.22252,-0.0254331,0.00852092,-0.0102391,-0.00178004,0.000888227],[0.0027238,0.0353754,-0.0342263,-0.0265463,0.0173728,0.090101,-0.00101049,0.00480152,0.00645042,0.00669651,-0.00843907,-0.0589573,-0.109665,-0.00703982,-0.00486251,0.0557939,-0.0547765,-0.00434617,0.0448053,0.171047,-0.0632688,-0.0174522,0.179244,-0.0225866,-0.00568823],[-0.0055376,-0.00775999,-0.0102884,-0.0911231,-0.00880552,0.0876164,0.00872118,0.00610808,-0.00101582,-0.0085118,-0.0162395,0.136665,-0.762537,-0.0448749,-0.0657283,0.238465,-0.0299444,-0.0466911,0.0236532,-0.0457757,0.0116568,0.0231016,-0.269884,0.0276219,-0.00352997],[0.00736736,-0.0106539,-0.0213761,-0.0258584,0.036171,0.022415,0.00487901,0.000858874,0.00421836,0.00417688,0.00248915,-0.0288051,0.031452,0.00169135,0.000730204,-0.0856328,-0.00411598,-0.0136882,0.0183065,0.00709012,-0.0157153,0.00654352,-0.0527058,0.00796061,0.00329264],[5.93052e-05,-5.35053e-05,0.061388,0.035008,0.0599606,0.116316,0.00763337,-0.0193419,0.0026097,0.000852125,0.00937695,0.0146723,-0.0158448,-0.00974822,0.0141634,-0.461365,-0.00416193,-0.0307481,0.0202223,-0.0749905,-0.0231421,0.00829659,-0.0514494,0.0531676,-0.000338908],[-0.275878,-0.246384,-0.734837,0.140404,-0.902223,-0.653641,-0.140449,0.0114446,-0.0566641,-0.0853255,-0.131288,0.0126715,-2.05837,-0.0322824,-0.000233484,-1.41918,0.0103094,0.0319185,-0.143161,-0.310653,-0.0285818,-0.0776997,-1.18777,-0.378886,-0.0271678]],"sigmahat":[[0.282455,0.280112,0.327624,-0.0341839,0.536251,0.766437,0.0443193,-0.0198925,0.0271082,0.0353095,0.0531503,0.043847,1.95857,0.0298195,-0.0234296,0.994439,0.019245,-1.48811e-05,0.0451411,0.051666,0.055064,0.0178222,0.471747,0.168233,0.0165124],[0.280112,0.750988,0.292418,-0.0393556,0.176175,0.877245,0.0335301,-0.0553532,0.040334,0.054478,0.0829729,0.115449,3.16289,0.0800795,0.000526764,1.47364,0.0189015,-0.0219521,-0.0392499,-0.0620708,-0.0286822,0.0345469,1.18337,0.219565,0.0302654],[0.327624,0.292418,1.73737,0.222179,0.204905,1.16313,0.0628592,0.00696662,0.0263785,0.0292746,0.0427144,0.141328,1.32779,0.0431401,-0.0197982,1.34798,-0.0180381,0.0569828,-0.0575962,-0.264023,0.302028,0.000241022,0.623865,0.250705,0.00640803],[-0.0341839,-0.0393556,0.222179,0.383153,-0.150529,-0.136248,-0.0172712,0.0355367,-0.0111257,-0.0161693,-0.0265855,0.0570145,-1.11366,0.00219256,0.011665,-0.0238015,-0.023053,0.0582213,-0.0640386,0.0839866,0.161826,-0.0127431,-0.0539014,-0.0416531,-0.0169753],[0.536251,0.176175,0.204905,-0.150529,3.45173,2.03129,0.155399,-0.0870496,0.0351745,0.0350874,0.0708066,0.060224,3.06773,0.00696824,-0.046074,1.38321,-0.0119427,-0.0602083,-0.0288752,-0.0871166,0.186685,0.019271,0.60316,0.260002,0.0344893],[0.766437,0.877245,1.16313,-0.136248,2.03129,5.15647,0.16875,-0.0801268,0.132815,0.154552,0.0854293,-0.00880265,10.1427,0.10527,-0.0932624,4.08281,0.0269759,-0.0452843,0.130482,-0.384541,0.206447,-0.0630388,1.14668,0.601319,0.0872648],[0.0443193,0.0335301,0.0628592,-0.0172712,0.155399,0.16875,0.0764096,0.015557,0.00818968,0.00830204,0.0172892,-0.0697277,1.24122,0.0198083,0.00281642,0.22209,0.0260528,0.0168833,0.0573359,0.261842,0.0726264,0.00353651,0.172605,0.0740344,-0.000174592],[-0.0198925,-0.0553532,0.00696662,0.0355367,-0.0870496,-0.0801268,0.015557,0.0637417,-0.00483518,-0.00642832,-0.012875,-0.0423665,-0.296897,-0.00643226,0.00176217,-0.0540377,0.00199051,0.0149697,0.0256019,0.356502,0.0560757,-0.00871674,-0.0465149,0.0163764,-0.00832893],[0.0271082,0.040334,0.0263785,-0.0111257,0.0351745,0.132815,0.00818968,-0.00483518,0.019482,0.018412,0.0144881,-0.00158427,0.615018,0.0114752,-0.00089717,0.231569,0.00867342,0.00160318,0.0177736,-0.031257,0.00635447,0.00612599,0.0821966,0.032425,0.0130365],[0.0353095,0.054478,0.0292746,-0.0161693,0.0350874,0.154552,0.00830204,-0.00642832,0.018412,0.0219133,0.0165164,-0.000196696,0.743454,0.0117188,-0.00460668,0.301582,0.00893571,-0.000415318,0.0206942,-0.0584618,0.00548374,0.00532232,0.0842353,0.0444378,0.0143535],[0.0531503,0.0829729,0.0427144,-0.0265855,0.0708066,0.0854293,0.0172892,-0.012875,0.0144881,0.0165164,0.0665423,0.00583103,0.865315,0.0396387,0.021005,0.261294,0.00943572,0.0104977,0.00650202,-0.147947,-0.0266668,0.0555936,0.10524,0.076404,0.0103031],[0.043847,0.115449,0.141328,0.0570145,0.060224,-0.00880265,-0.0697277,-0.0423665,-0.00158427,-0.000196696,0.00583103,0.607282,-1.49099,0.0028808,-0.000540656,0.123127,-0.0371464,-0.0142794,-0.132458,-0.43645,0.0600927,0.00678492,0.0504773,-0.0853306,-0.0123608],[1.95857,3.16289,1.32779,-1.11366,3.06773,10.1427,1.24122,-0.296897,0.615018,0.743454,0.865315,-1.49099,108.453,1.0588,-0.389716,25.7702,0.846354,-0.179809,-0.131589,0.0160386,0.525194,0.0466354,8.50612,3.53829,0.537035],[0.0298195,0.0800795,0.0431401,0.00219256,0.00696824,0.10527,0.0198083,-0.00643226,0.0114752,0.0117188,0.0396387,0.0028808,1.0588,0.0635255,0.0363973,0.338792,0.000489073,0.0201952,-0.0512693,-0.0841825,0.00764961,0.028884,0.222755,0.0572586,0.0119644],[-0.0234296,0.000526764,-0.0197982,0.011665,-0.046074,-0.0932624,0.00281642,0.00176217,-0.00089717,-0.00460668,0.021005,-0.000540656,-0.389716,0.0363973,0.0600304,-0.377566,-0.00608605,0.0115465,-0.052165,-0.0070268,0.00595348,0.027929,0.0725898,0.0126268,-0.00256422],[0.994439,1.47364,1.34798,-0.0238015,1.38321,4.08281,0.22209,-0.0540377,0.231569,0.301582,0.261294,0.123127,25.7702,0.338792,-0.377566,17.1829,0.107744,0.215874,-0.0275707,-1.1639,0.0700163,-0.0626238,3.08309,1.19602,0.250699],[0.019245,0.0189015,-0.0180381,-0.023053,-0.0119427,0.0269759,0.0260528,0.00199051,0.00867342,0.00893571,0.00943572,-0.0371464,0.846354,0.000489073,-0.00608605,0.107744,0.138064,0.0431539,0.0487122,0.106263,0.0459649,0.00462008,0.033654,0.117707,-0.00105969],[-1.48811e-05,-0.0219521,0.0569828,0.0582213,-0.0602083,-0.0452843,0.0168833,0.0149697,0.00160318,-0.000415318,0.0104977,-0.0142794,-0.179809,0.0201952,0.0115465,0.215874,0.0431539,0.226803,0.000669582,0.0908178,0.0620517,0.0104488,0.0356034,0.0649805,-0.00277587],[0.0451411,-0.0392499,-0.0575962,-0.0640386,-0.0288752,0.130482,0.0573359,0.0256019,0.0177736,0.0206942,0.00650202,-0.132458,-0.131589,-0.0512693,-0.052165,-0.0275707,0.0487122,0.000669582,1.1074,0.141591,-0.054638,0.0178826,-0.561553,0.187174,0.0112773],[0.051666,-0.0620708,-0.264023,0.0839866,-0.0871166,-0.384541,0.261842,0.356502,-0.031257,-0.0584618,-0.147947,-0.43645,0.0160386,-0.0841825,-0.0070268,-1.1639,0.106263,0.0908178,0.141591,8.44317,0.562458,-0.13392,1.44404,0.0374069,-0.0470668],[0.055064,-0.0286822,0.302028,0.161826,0.186685,0.206447,0.0726264,0.0560757,0.00635447,0.00548374,-0.0266668,0.0600927,0.525194,0.00764961,0.00595348,0.0700163,0.0459649,0.0620517,-0.054638,0.562458,0.802998,-0.043967,0.562906,0.0328427,-0.0237494],[0.0178222,0.0345469,0.000241022,-0.0127431,0.019271,-0.0630388,0.00353651,-0.00871674,0.00612599,0.00532232,0.0555936,0.00678492,0.0466354,0.028884,0.027929,-0.0626238,0.00462008,0.0104488,0.0178826,-0.13392,-0.043967,0.0718021,0.0183733,0.0420639,0.00423212],[0.471747,1.18337,0.623865,-0.0539014,0.60316,1.14668,0.172605,-0.0465149,0.0821966,0.0842353,0.10524,0.0504773,8.50612,0.222755,0.0725898,3.08309,0.033654,0.0356034,-0.561553,1.44404,0.562906,0.0183733,7.24871,0.208451,0.0942628],[0.168233,0.219565,0.250705,-0.0416531,0.260002,0.601319,0.0740344,0.0163764,0.032425,0.0444378,0.076404,-0.0853306,3.53829,0.0572586,0.0126268,1.19602,0.117707,0.0649805,0.187174,0.0374069,0.0328427,0.0420639,0.208451,0.737637,0.0159141],[0.0165124,0.0302654,0.00640803,-0.0169753,0.0344893,0.0872648,-0.000174592,-0.00832893,0.0130365,0.0143535,0.0103031,-0.0123608,0.537035,0.0119644,-0.00256422,0.250699,-0.00105969,-0.00277587,0.0112773,-0.0470668,-0.0237494,0.00423212,0.0942628,0.0159141,0.0385653]],"n":25,"lags":3}