{"betahat":[[1.96982,1.09083,4.01773,1.93591,3.39692,5.11271,0.470578,0.928574,0.00589982,0.155715,0.0118523,0.28503,10.6444,0.496918,-0.114004,9.20259,3.90471,1.28874,0.251279],[1.01574,0.217732,-0.112732,0.0889129,0.150218,0.280111,-0.0503946,-0.0828608,0.0400599,0.0441325,0.00324612,0.150099,2.34726,0.00732915,0.0705793,-0.388172,0.0390962,0.163825,0.057878],[0.105588,1.08169,0.181401,0.0228238,-0.082425,0.27643,0.041467,-0.0210164,0.0468378,0.0442455,0.0259237,0.139869,2.56232,0.0195328,-0.0220148,0.545753,0.463997,-0.0258416,0.0112447],[-0.0373103,-0.0384799,0.940268,-0.0733898,-0.17428,0.0130413,-0.014244,0.00376609,5.25927e-05,-0.00194704,0.0090767,0.0236296,-0.606729,-0.000708214,0.00756347,-0.173969,0.0767026,-0.0345887,0.0116254],[-0.0308444,-0.0290105,-0.300045,0.927239,-0.0524419,-0.446526,-0.0491928,-0.0156346,-0.0403514,-0.0247964,-0.0271563,0.00543186,-1.98296,-0.0730237,-0.0608815,-0.356809,-0.241754,-0.13308,-0.0661227],[-0.0112264,-0.048027,-0.0409472,-0.0295995,0.955272,-0.00128083,0.0182639,0.00494642,0.00155471,0.00324312,-0.00257413,-0.0456683,0.68491,-0.00126213,-0.00252293,0.0148357,-0.0436117,0.0367386,0.00814797],[-0.0222149,-0.0434768,-0.0210874,-0.0337559,0.0307374,0.768301,-0.00753614,0.000363359,0.00566117,0.00376678,0.0103914,0.0167905,-0.490929,-0.0097502,-0.00902778,-0.00460255,-0.137533,-0.01714,0.00287891],[-0.136879,0.0903367,-0.156235,-0.137478,-0.372464,-0.125893,0.98231,-0.262146,0.0057382,0.000473928,0.0234851,0.39562,-0.656214,0.0076667,0.0705727,-1.95918,-0.0711742,-0.526432,-0.0315812],[0.131028,0.171221,0.0996445,0.0123114,0.550419,0.250293,-0.0364144,0.65293,-0.0606491,-0.0604462,-0.0203437,0.146823,4.02377,-0.00327117,0.019617,-0.0535524,0.710102,-0.481421,-0.128554],[-0.398728,-0.577623,-0.620925,-0.31983,-0.0486508,-0.859525,-0.130103,-0.0840077,1.03149,-0.0134572,-0.164938,-0.187552,-3.27718,-0.120296,-0.0367786,-0.795411,-0.35735,-0.165468,0.0912608],[-0.0393657,-0.0151628,0.447549,0.264184,0.0855157,0.496573,-0.145639,-0.0306317,0.179972,1.13807,-0.0989047,0.139207,0.0811868,-0.031425,-0.00903935,0.106059,0.834707,-0.34846,0.203539],[0.0502448,-0.195429,0.344953,0.275001,1.36556,0.330113,0.0173327,0.0605189,-0.0401227,-0.0628572,0.983975,-0.0899898,0.414111,0.0170852,0.163385,-2.10201,-0.403017,-0.124143,-0.0731648],[0.0687492,0.0630518,0.0637142,0.0891466,0.306153,0.341467,0.0378175,0.0170445,0.00587885,0.0064624,0.022584,1.35182,0.19838,-0.0010014,0.0191961,-0.226404,0.279884,0.0504786,-0.0184667],[-0.000387619,-0.0021421,-0.00504902,-0.00146248,-0.00274467,0.00279279,-0.000433718,-0.00154507,0.000243494,0.000331368,0.0012048,0.00723396,0.95991,-0.00151227,0.000184614,-0.0282301,0.000205411,0.00230943,0.000592217],[0.17906,0.151444,0.35724,-0.115674,0.610009,1.2516,0.0466568,0.0855421,0.104257,0.104868,-0.027077,-0.265947,-2.18613,1.04983,-0.0675261,1.63441,1.24487,-0.424347,0.118308],[0.0167997,0.104747,-0.577327,0.018621,-0.254292,-0.300668,0.0935177,0.0213958,-0.0186156,0.0174345,0.0219007,-0.214203,-3.79045,-0.0257676,1.01947,-2.24423,-0.753499,-0.0544278,0.0584862],[0.0121974,0.0121895,-0.00851013,-0.0168056,0.0511113,0.0616965,-0.00158233,-0.00359959,0.00499733,0.00403182,0.00903504,0.0125239,0.0505795,0.00860541,0.00344094,1.12398,0.0529058,0.0198354,0.00614335],[0.0367475,0.0411205,0.0103306,0.062502,0.0434081,0.132677,-0.00246831,-0.00910704,-0.00323433,-0.0042906,-0.00406238,-0.0474797,0.336873,0.0106417,-0.00181195,0.196892,0.541719,0.0184744,0.00319611],[-0.00912714,0.051907,-0.00682377,0.0181267,-0.00309745,0.169499,0.167122,0.0452497,0.0333533,0.0321052,0.028743,-0.161351,1.17297,0.0284484,0.00876917,0.4182,-0.29759,0.62803,-0.003041],[0.0102238,-0.181382,-0.0835501,0.168604,0.189153,-0.157237,0.137139,0.389808,0.03426,0.0604113,-0.0544621,-0.515911,0.83641,-0.0694729,-0.0182647,0.840993,-0.488262,0.341118,0.823319],[0.0155909,-0.139887,0.214482,0.0140638,-0.310694,-0.243163,0.0380953,0.0698175,-0.0475637,-0.0409848,-0.0385599,-0.109903,-2.6712,-0.0409795,-0.0669365,-0.433041,-0.259074,-0.066196,-0.0796212],[-0.0637131,-0.039557,-0.105069,-0.0482369,0.00314982,-0.23049,-0.037418,0.0136973,-0.0347802,-0.0318919,0.0007712,-0.0736642,-2.67167,-0.0139485,0.0258273,-0.748054,-0.406282,0.0717637,-0.0259315],[0.0294796,0.0345708,0.0461596,0.0405496,0.166624,0.0533369,0.00546786,-0.00716888,-0.00409122,-0.00243366,-0.016376,0.0173729,0.443493,-0.000746746,-0.0181215,0.322557,-0.0264039,-0.00173361,-0.000808578],[0.0696574,0.0410949,0.311928,0.0501494,0.0897049,0.557661,0.0309195,0.00831669,0.0399344,0.0237525,0.0244525,0.107092,2.529,0.0563481,0.0385229,0.744971,0.0937254,0.0406428,0.0247044],[0.0100316,0.0124434,0.0827131,0.0467307,0.0481034,0.0354268,-0.00946301,-0.00250695,0.00134135,0.00264736,-0.0121441,0.0408769,-0.0575043,-0.000841575,-0.00182485,0.0643692,0.0594502,0.00122114,-0.000991505],[0.0214415,0.0260198,0.0494286,0.0231289,0.0269054,0.188284,0.0101743,0.00123296,-0.00406005,-0.00187288,-0.00735103,-0.0121846,0.485569,0.0078811,0.00165194,0.00102552,0.0811566,0.0162965,-0.00296563],[0.0836881,-0.119945,0.183677,0.228951,0.244748,-0.272563,0.0949359,0.251242,-0.0259031,-0.0198421,0.0164135,-0.405131,-1.1866,0.00228987,-0.0218741,0.918163,0.0815623,0.465949,-0.0380513],[-0.0619599,0.0827958,-0.134947,0.0607576,-0.401599,-0.0760589,0.0419884,0.0419418,0.0188572,0.0149634,-0.0344005,-0.0189396,-1.63585,-0.0662882,-0.0754117,-0.519187,-0.140069,-0.0910694,0.0202781],[0.119439,0.341253,0.102906,0.0554174,-0.0892016,0.0426504,0.107579,0.0334063,-0.0468784,-0.00849225,0.06068,0.0708424,1.27376,0.0641458,0.0841399,-0.224416,0.0430262,0.0986153,-0.0385679],[-0.0227674,-0.0307834,-0.536776,-0.294897,0.0659873,-0.556463,0.142453,-0.0172818,-0.173568,-0.128176,0.0204184,-0.208935,-0.361911,0.0187069,0.0418792,-0.800249,-0.614379,0.299534,-0.118681],[0.00181841,0.206745,-0.595501,-0.285461,-0.976821,-0.313553,0.0363834,-0.0684705,0.00497455,0.0310644,0.0294173,-0.140208,1.42986,0.0297701,-0.0919364,1.46933,0.783952,0.171548,0.0562434],[-0.0542809,-0.039453,-0.0686162,-0.0736162,-0.207604,-0.278867,-0.0293379,-0.0207396,0.000601909,0.00263033,-0.0230088,-0.208969,-0.00879368,-0.00401226,-0.0110416,-0.00987431,-0.276525,-0.00377936,0.0143441],[-0.00255073,0.000835704,-0.00419937,0.00553272,-0.000887324,-0.0161962,-0.000417786,0.00113301,-0.000972518,-0.00126812,-0.000803024,-0.00166974,0.0127397,0.00100902,0.00079652,0.00548085,0.0170118,-0.00418717,-0.00147395],[-0.0458036,0.118464,-0.0161637,0.117325,-0.648744,-1.06367,-0.186777,-0.0831564,-0.0805222,-0.0937796,-0.00377734,0.310213,-1.09776,-0.08955,0.00957307,-0.955053,-0.717318,0.241698,-0.114151],[-0.15252,0.161288,0.318556,-0.0713177,-0.0299425,0.373297,-0.147954,-0.083427,0.088818,0.0537657,-0.0205968,0.217181,2.47743,-0.00362354,-0.0339115,1.87733,1.06882,0.00277288,0.0144519],[-0.00674942,-0.0115108,-0.000559363,0.0109147,-0.0298599,-0.0792088,-0.00381548,-0.00155484,-0.00717732,-0.00721107,-0.00889857,0.00240587,-0.136814,-0.0112476,-0.00162018,-0.109444,-0.0473603,-0.0181095,-0.00599751],[-0.0216907,-0.00646485,-0.0526962,-0.01385,-0.00415713,-0.0749384,0.0119124,-0.0109667,-0.00153385,-0.000510032,0.00723614,-0.0341973,-0.290852,-0.000938657,0.00734892,-0.103782,-0.0266952,0.00251906,0.00309445],[-0.00823669,0.00582165,-0.122847,-0.0177926,-0.191389,-0.172322,-0.0179336,-0.038137,0.0026482,0.00728613,0.0148764,0.0329679,-0.234958,0.0111861,0.0222671,-0.338522,-0.0409573,-0.0330423,-0.0067104],[0.185797,0.500025,0.421828,-0.225412,-0.337955,-0.127061,-0.0154252,-0.322123,0.00865483,0.0115616,0.216413,0.472813,0.197796,0.123033,0.0731387,0.372711,1.14999,-0.0666664,0.102942],[-0.0313569,-0.0778791,-0.101791,-0.10301,0.160483,-0.0369845,0.0122971,0.0130349,0.00750308,-0.00315042,0.0353109,-0.0402187,0.323965,0.0336465,-0.00364552,0.821167,0.219935,-0.0976302,0.0217424],[-0.041893,-0.04217,-0.0763624,0.0253843,0.0793002,-0.0459695,-0.00405133,0.00731181,-0.0120587,-0.0123564,-0.0266977,-0.0662248,0.109337,-0.00558829,-0.00381491,0.20223,-0.0577543,-0.0459297,0.0146852],[0.00780671,0.00387466,0.0135021,0.0328053,0.00767513,-0.0664219,0.00877764,0.00339608,0.00403857,0.00437865,0.0072996,-0.0410306,0.163398,0.00145413,0.0105566,-0.148612,-0.0503263,0.0363248,-0.0108162],[-0.0388488,-0.0121344,-0.0119498,0.0225432,-0.0372534,-0.111175,0.0182757,0.00730217,0.000419231,0.00104202,0.00270259,-0.112565,-0.545896,0.0166728,0.022353,-0.388144,0.147935,0.0924586,0.0414178],[0.00114993,0.0355302,-0.0418316,-0.0171923,-0.00342787,-0.0341881,-0.008811,-0.00245183,-0.00289499,-0.00589374,0.0147105,0.00474582,-0.627213,0.00208969,0.00433769,-0.0792217,-0.0158778,-0.0379621,-0.00715523],[0.00072903,0.0173952,-0.0284247,0.0105726,-0.0576558,0.0433369,-0.00264659,-0.00160793,-0.00159997,-0.00189713,-0.00304507,-0.00464416,0.00547857,0.00185691,0.00736843,0.00352552,0.0563158,0.000833829,8.77191e-05],[0.0528271,0.029217,-0.0279794,-0.0919943,0.127301,0.398051,-0.0773021,0.0107768,0.0202227,0.0193635,-0.0399528,0.00917005,1.84231,-0.00999954,-0.0487301,1.0415,-0.011446,0.0602805,0.0695945],[-0.0750241,-0.156448,-0.0490278,0.0725967,-0.291147,-0.43277,-0.0519501,0.19002,0.0194412,0.0215314,0.045196,0.0576568,-2.4238,0.0454697,0.0592544,0.307105,-0.493674,0.491441,0.0986739],[0.254013,0.168193,0.474768,0.239212,0.253017,0.671276,0.0109838,0.0497502,-0.00891793,-0.00637243,0.0967197,0.125752,1.50741,0.0415501,-0.0430833,0.96633,0.346503,0.019739,-0.0708187],[0.0642534,0.00718851,0.115013,0.0694465,-0.0417108,0.00525188,-0.00619163,0.0509272,-0.027782,-0.0360835,0.0743347,0.0834937,-0.107684,0.00848178,-0.0200051,0.581189,-0.151244,0.000331955,-0.0921818],[-0.0102201,0.0471909,0.207594,0.0300513,-0.262968,0.0866615,-0.00547647,0.0193772,0.0351454,0.034192,-0.0393384,0.222207,-1.58743,-0.0422955,-0.0704682,0.504624,-0.193316,-0.00994948,0.0217034],[-0.0143596,-0.0237051,0.00491443,-0.0157935,-0.0974241,-0.0619312,-0.00828957,0.00360143,-0.00645974,-0.00906838,0.000514731,-0.143327,-0.184167,0.00509548,-0.00816379,0.237414,-0.00258364,-0.0461087,0.00419283],[0.00199171,0.000738809,0.00705342,-0.00395053,0.000993267,0.0102216,0.000181851,0.000227213,0.000705264,0.000837101,-0.000421182,-0.00554903,0.00170043,0.00014609,-0.000870313,0.019081,-0.0178636,0.00150881,0.000997558],[-0.0858165,-0.189807,-0.317079,-0.0183258,0.152984,0.100873,0.141811,0.0114723,0.00201116,0.00980884,0.0346415,-0.0249455,3.35645,0.0243402,0.0390962,-0.317933,-0.374272,0.20255,0.0135512],[0.153114,-0.268438,0.326483,0.0425999,0.37323,0.0329822,0.0796495,0.0709952,-0.074719,-0.0757181,-0.0159657,-0.0608546,1.23231,0.0141292,-0.0149444,0.267523,-0.272159,0.0129874,-0.0870784],[-0.00643872,-0.0013539,0.00761905,0.00467247,-0.0236955,0.0145232,0.00538611,0.00499615,0.00225212,0.00314252,-2.83557e-05,-0.0152468,0.0852335,0.00265701,-0.00159915,-0.0170603,-0.00796249,-0.00103086,-0.00011691],[0.00184891,-0.0107321,0.00304218,-0.00883886,0.0176624,-0.013501,0.000410642,0.00720123,0.00345926,0.00305979,-0.00179862,-0.00536017,-0.138243,-0.00233496,0.0018389,-0.150654,-0.0223227,-0.0162169,0.00329749],[-0.00969043,-0.0351932,0.0465805,0.0156283,0.125449,0.0621319,-0.0278239,-0.021082,-0.00423489,-0.0072217,0.00965,0.0345539,-0.153408,-0.00848726,0.0151618,-0.294353,0.0816924,0.117953,0.0126482],[-0.25323,-0.318953,-0.396904,0.0685996,-0.284911,-0.167083,-0.134982,-0.055816,-0.0551742,-0.0871145,-0.163647,0.100295,-2.11319,-0.0738182,-0.0401145,-1.71175,-0.982936,-0.309626,0.0212251]],"sigmahat":[[0.390297,0.385581,0.419018,-0.0235683,0.786685,1.15976,0.0779182,-0.016162,0.0387537,0.0520227,0.0530163,0.0362354,3.34987,0.0401582,-0.0447118,1.41774,0.924014,0.214284,0.0298521],[0.385581,0.949167,0.362348,-0.00835191,0.28451,1.24219,0.0572361,-0.0792123,0.0555115,0.0744315,0.0791751,0.162408,4.50067,0.0894517,-0.0159043,1.83634,1.66046,0.248535,0.0464328],[0.419018,0.362348,2.14692,0.25136,0.410058,1.6471,0.0569437,0.014375,0.0299161,0.0369234,0.035836,0.149591,2.1537,0.0394371,-0.0621493,1.78711,0.683255,0.187616,0.00334758],[-0.0235683,-0.00835191,0.25136,0.511921,-0.191805,-0.217633,-0.0270472,0.0228537,-0.0216291,-0.0240248,-0.030654,0.118798,-1.36101,-0.00190447,0.0180093,-0.17772,-0.187256,-0.107529,-0.0200664],[0.786685,0.28451,0.410058,-0.191805,4.88094,3.32094,0.229543,-0.0931618,0.0476618,0.0559497,0.0443931,-0.00935077,6.93146,0.0308001,-0.103171,2.50895,1.96176,0.328953,0.0884407],[1.15976,1.24219,1.6471,-0.217633,3.32094,7.37182,0.30794,-0.057887,0.223568,0.259967,0.0818426,-0.103237,16.4925,0.141652,-0.208086,6.22175,3.32929,0.73777,0.19583],[0.0779182,0.0572361,0.0569437,-0.0270472,0.229543,0.30794,0.137607,0.0378526,0.0168332,0.0195633,0.0210203,-0.136995,2.17301,0.0345647,-3.50769e-05,0.314059,0.340859,0.108221,0.0048448],[-0.016162,-0.0792123,0.014375,0.0228537,-0.0931618,-0.057887,0.0378526,0.110255,-0.000816691,-0.00169943,-0.0110801,-0.0869204,-0.345345,-0.00162092,0.00150448,-0.0223928,-0.0302007,0.0457427,-0.0105431],[0.0387537,0.0555115,0.0299161,-0.0216291,0.0476618,0.223568,0.0168332,-0.000816691,0.0314702,0.0304775,0.0203394,-0.00962232,0.881764,0.0157967,-0.0037701,0.361154,0.129054,0.0526341,0.0234518],[0.0520227,0.0744315,0.0369234,-0.0240248,0.0559497,0.259967,0.0195633,-0.00169943,0.0304775,0.0353414,0.022508,-0.00896334,1.08315,0.0171299,-0.00818027,0.443999,0.148789,0.0712767,0.0257485],[0.0530163,0.0791751,0.035836,-0.030654,0.0443931,0.0818426,0.0210203,-0.0110801,0.0203394,0.022508,0.0842616,-0.00498711,1.02585,0.0494317,0.0269593,0.343878,0.0960856,0.102134,0.0168364],[0.0362354,0.162408,0.149591,0.118798,-0.00935077,-0.103237,-0.136995,-0.0869204,-0.00962232,-0.00896334,-0.00498711,0.851888,-2.10249,-0.0179637,0.00247332,0.0399525,-0.0553296,-0.148031,-0.0205254],[3.34987,4.50067,2.1537,-1.36101,6.93146,16.4925,2.17301,-0.345345,0.881764,1.08315,1.02585,-2.10249,153.493,1.40947,-0.622931,34.7905,17.9291,4.72394,0.966573],[0.0401582,0.0894517,0.0394371,-0.00190447,0.0308001,0.141652,0.0345647,-0.00162092,0.0157967,0.0171299,0.0494317,-0.0179637,1.40947,0.0803061,0.0443688,0.440701,0.23434,0.0854328,0.0190463],[-0.0447118,-0.0159043,-0.0621493,0.0180093,-0.103171,-0.208086,-3.50769e-05,0.00150448,-0.0037701,-0.00818027,0.0269593,0.00247332,-0.622931,0.0443688,0.0811571,-0.539582,-0.0531255,0.0104349,-0.00196355],[1.41774,1.83634,1.78711,-0.17772,2.50895,6.22175,0.314059,-0.0223928,0.361154,0.443999,0.343878,0.0399525,34.7905,0.440701,-0.539582,22.5389,6.12649,1.59326,0.391075],[0.924014,1.66046,0.683255,-0.187256,1.96176,3.32929,0.340859,-0.0302007,0.129054,0.148789,0.0960856,-0.0553296,17.9291,0.23434,-0.0531255,6.12649,10.1958,0.636975,0.175908],[0.214284,0.248535,0.187616,-0.107529,0.328953,0.73777,0.108221,0.0457427,0.0526341,0.0712767,0.102134,-0.148031,4.72394,0.0854328,0.0104349,1.59326,0.636975,1.1015,0.0593937],[0.0298521,0.0464328,0.00334758,-0.0200664,0.0884407,0.19583,0.0048448,-0.0105431,0.0234518,0.0257485,0.0168364,-0.0205254,0.966573,0.0190463,-0.00196355,0.391075,0.175908,0.0593937,0.0697517]],"n":19,"lags":3}