{"betahat":[[1.50242,1.24298,3.54765,2.24442,7.52048,3.24775,-4.58319,1.95606,3.61565,5.54198,0.487535,0.240603,-1.19626,0.00301696,-1.06654,2.55098,-0.543933,16.6865,2.57473,3.72083,-33.2837],[0.81846,-0.00801583,0.661934,0.104172,0.425428,0.342017,0.141105,-0.0973538,-0.217563,-0.325689,0.0322916,-0.000219097,0.0382068,-0.0250362,0.0266434,0.037096,0.115496,-0.0756013,-0.229253,-0.000574022,-1.60283],[-0.021969,0.678544,-0.537172,-0.014896,0.177097,-0.244145,-0.157122,-0.114569,0.24705,0.164227,0.281845,-0.0244723,-0.0593283,-0.031443,-0.0852512,0.162809,-0.0147944,-0.0628206,-0.0781453,0.0633207,-1.19825],[0.0498604,0.0306486,0.98551,-0.0170853,-0.0477137,0.239938,0.0337615,-0.00143327,0.0277802,-0.109318,-0.032306,-0.00204111,0.00441334,0.00105591,0.0129298,0.0371537,0.0144121,0.0203451,0.0292994,-0.000150816,0.143733],[0.0386655,0.638594,0.927122,0.990723,-0.92612,0.808761,0.484472,-0.114312,0.336767,-0.980092,-0.322323,0.00406869,-0.0198423,-0.035931,-0.055048,-0.0192664,0.288587,-0.0628746,-0.045556,-0.0389069,-2.16924],[0.00699353,0.0747717,0.0358382,0.00589519,0.646781,-0.0364214,0.0124198,-0.016754,-0.0208173,0.0682489,-0.0470756,0.000715173,0.00534096,-0.00197956,0.00335969,0.00464951,0.00700666,0.0114341,0.0281392,-0.00275605,0.158263],[-0.0432066,-0.0740825,0.00358857,0.00123807,0.0172814,0.630637,-0.00713971,0.0100943,-0.0129278,0.0593384,0.0487458,0.00284492,-0.00972735,0.00120455,-0.00310791,0.00200856,0.0225072,-0.00120055,-0.00451539,-0.00230745,-0.114701],[-0.131021,-0.0699463,0.031699,0.0465918,-0.0215647,0.119558,1.17063,-0.0546098,-0.0380528,-0.137296,-0.000261047,-0.00642655,0.0164231,0.00282365,0.0119642,0.0209258,0.143965,0.00807323,0.00614296,-0.0259248,-0.00296185],[0.285996,0.0731903,-0.403036,0.015472,0.373243,0.106994,0.0233884,0.695536,0.801813,-0.422017,-0.0355364,0.00693292,0.00634641,0.0314555,0.0181551,0.0391786,0.102453,0.125944,0.45285,-0.05657,-0.575788],[0.0722725,0.0891744,-0.219101,0.0182049,0.15952,-0.194952,-0.00696489,-0.0190126,0.956027,0.048522,-0.0199075,0.00234967,-0.0278234,0.0024198,-0.00597501,-0.000699119,0.0438235,0.0590386,0.0581548,-0.0100534,0.381925],[-0.109341,-0.0344302,0.183771,0.00997488,-0.448197,-0.235853,-0.0388923,-0.00935026,0.0394702,0.858533,-0.0451984,-0.00824668,-0.00867396,-0.0106925,0.00199976,-0.0293916,-0.024665,0.00136562,0.0265555,-0.0344646,-0.475967],[-0.114059,-0.393317,-1.49999,-0.0701052,-0.409107,-1.88413,0.0700344,0.0218364,-0.406922,0.102258,0.911824,-0.0203526,-0.0210873,-0.0386997,0.0455196,0.166132,0.0198569,-0.0295511,0.0205004,0.0751294,1.27095],[0.727568,1.02064,4.62267,0.0117773,1.45999,3.0285,-0.476037,0.283448,0.630864,2.38402,-0.465765,0.961423,0.153588,-0.00037533,0.322001,0.357927,-0.441788,-0.587658,-1.77198,-0.216701,-7.2307],[0.461532,0.147862,-1.37328,-0.0784022,4.07921,2.74935,0.255812,0.31317,-0.51467,-0.398122,0.182426,-0.127097,0.792616,-0.12527,0.0149968,-0.0591162,-0.270726,0.0410809,0.439704,0.0454195,8.27556],[-0.752205,-0.586277,-3.69184,-0.0270955,-2.99648,-3.34485,0.0655324,0.0692016,-0.591334,-1.54366,0.547169,0.415961,-0.00287811,1.24898,-0.194998,-0.252782,0.312718,0.235511,0.925165,0.332591,6.51371],[-0.126406,-0.18567,1.02615,-0.26323,-2.30184,-5.21474,0.130167,-0.0855925,-0.147588,0.87247,-0.171417,0.197303,0.128776,0.244562,0.98629,0.593418,0.249887,0.175937,-0.850946,0.0989992,-5.89242],[0.32661,0.0389047,-0.38819,-0.0385842,0.852911,1.08043,0.0583381,-0.0267966,0.040528,-0.275731,-0.132796,0.00449649,-0.0397956,0.00239566,0.0217538,0.969311,-0.0562026,0.0347027,-0.222086,0.0175075,1.35571],[-0.0336728,-0.191621,-0.535241,-0.030528,-0.556487,-0.724302,-0.322102,-0.000195533,-0.00773989,-0.0502068,-0.00361162,0.0269036,0.0426442,0.0281662,0.0373342,0.0126762,0.626604,-0.00932123,-0.0738706,-0.0596819,-1.19171],[-0.313313,-0.291499,0.4269,-0.0681179,0.00137782,0.245362,-0.214066,-0.366973,1.21151,0.132323,0.177384,0.00455387,-0.00135807,0.00649897,0.0278108,0.136421,-0.181166,0.490401,0.692159,0.0311729,2.80134],[0.0556975,-0.0244631,1.00275,-0.0568524,-0.0997382,0.125394,-0.262494,0.134595,0.0518215,0.000204647,0.0679525,-0.0144882,-0.0224189,-0.0288675,-0.0119972,-0.201538,-0.171572,0.0751604,0.823764,-0.0135341,-0.0306767],[0.0863912,0.178076,0.103151,-0.0210449,-0.248019,0.214536,-0.197618,0.110788,0.176192,-0.540772,-0.249305,-0.0640591,-0.00071675,-0.0621957,0.0169405,0.261033,-0.349767,0.0316901,-0.649762,0.25558,1.1259],[-0.00976657,-0.0175092,0.0761921,-0.0134978,-0.039932,-0.12601,-0.0109766,0.0037463,-0.00515838,0.0593448,0.00609273,0.00038545,-0.00734637,-0.00229695,-0.00497956,-0.00632482,-0.011782,0.0140622,0.0271739,-0.0100554,-0.537328],[0.115047,0.0681761,-0.422654,-0.122972,-0.22764,-0.553769,-0.165012,0.0968625,0.124118,0.270782,0.0294193,-0.0308202,-0.0449718,-0.00714166,-0.0945197,-0.101603,-0.193983,0.0263715,0.154659,0.0127787,0.660057],[0.0918451,0.39909,0.809688,0.0575842,-0.656157,-0.386719,0.122247,0.0799676,-0.132953,-0.203637,-0.171825,-0.00479491,0.0444251,0.00545128,0.0525172,-0.0717186,-0.018095,0.0155901,0.0162716,-0.0483249,0.676282],[-0.0231626,-0.0117085,-0.175507,0.00217573,-0.0229176,-0.31953,-0.0375396,0.0180637,0.046327,0.0103128,0.0154975,0.000486606,-0.000577692,-0.00247932,-0.00645812,-0.0303328,-0.023525,-0.00773199,-0.000463521,-0.0060397,0.0804699],[-0.00263105,-0.802975,-0.254395,-0.00876887,1.27601,-0.453605,-0.190375,-0.0616812,-0.607309,0.391421,0.275215,-0.00187388,0.0980553,0.0230869,0.0994454,0.0334588,-0.0996518,0.0749304,-0.0565625,0.0734131,2.28455],[-0.00247866,-0.0541397,0.0381901,-0.00131728,0.259883,0.0586005,0.00893357,0.0112742,-0.00250943,-0.0882322,0.0196927,-0.00333608,-0.00476859,-0.000123409,-0.00361535,0.0090816,0.000783258,-0.00507668,-0.0192776,0.00964234,0.0441417],[0.0375491,0.0813602,0.0299112,0.000350099,-0.0383707,0.191398,-0.00264974,-0.00316594,0.000911395,-0.0225545,-0.0386858,-0.00277149,0.00427443,-0.0010429,0.000505791,-0.000170214,-0.0175295,0.00160432,0.00957752,0.00423168,0.204353],[0.0592037,0.0153061,0.0543251,-0.0242095,-0.0345606,-0.126092,-0.0668411,0.0188914,-0.0472129,0.0675103,0.00745881,0.0123208,0.00292061,0.0124921,0.00750854,-0.0259155,-0.0214427,0.00577864,0.00272017,0.011939,0.104142],[-0.0603214,-0.227209,0.649073,-0.0403449,0.154269,0.190168,0.185322,-0.0133469,-0.284727,-0.122747,0.0355554,-0.0140363,0.0432482,-0.0102935,0.0377996,-0.00842985,0.0753598,-0.0199953,0.0697299,-0.0883038,-0.224009],[-0.0803941,-0.0155915,0.00897449,-0.00441238,-0.00565025,0.319539,-0.0322391,0.0231295,-0.0403458,0.0548074,0.0225361,-0.00483866,0.00300196,-0.00576578,-0.0105451,0.0424771,-0.107522,-0.0384711,0.0126655,0.0214791,-0.121677],[0.0884953,0.0666829,-0.0999678,0.0145405,0.394501,0.110567,0.0482002,-0.0378946,0.0519435,0.00376386,0.0200604,0.00328176,0.0101316,0.00688932,-0.0065786,0.0199392,0.0246376,-0.0249867,-0.0671518,0.0113501,-0.319617],[0.182875,-0.00719339,-0.186723,0.018869,0.261256,0.763486,0.12247,-0.0145497,0.288909,-0.541236,-0.294079,-0.00662107,0.02843,-0.014653,0.000194599,0.0507002,0.189617,0.0226607,0.113566,0.0208882,0.626868],[-0.199272,0.124735,-0.255304,-0.0325173,-0.938251,-0.0925566,0.168284,-0.133775,-0.175276,-0.260706,-0.380232,-0.20393,-0.0570635,-0.138137,0.026232,0.0672764,0.0492577,0.175538,-0.0791715,-0.286176,2.77882],[-0.37617,-0.0745306,0.458889,0.16806,-1.76069,-1.46585,-0.239833,-0.230704,0.162805,0.270564,0.114311,0.150245,-0.0635726,0.0978873,-0.0371456,-0.284689,0.0872577,-0.297385,-0.208016,-0.0791901,-2.47767],[-0.112801,-0.269857,-1.1712,0.0660109,1.44546,-0.283191,0.113146,-0.310743,-0.00799441,-0.485659,0.056751,-0.163647,-0.101062,-0.164056,-0.182827,-0.132164,0.176695,-0.101421,0.285209,-0.0172917,0.86269],[-0.318646,0.377107,0.401586,0.206361,-1.42484,0.984215,-0.428654,-0.237468,0.224522,0.510306,0.17535,-0.0607456,-0.0069612,-0.0312617,-0.18604,-0.175304,-0.0573264,0.15919,0.55464,0.276484,-0.788244],[-0.258436,-0.124362,0.676721,-0.0625346,0.0309586,-0.127951,0.108,0.116472,-0.0484967,0.213086,0.0618417,-0.0140796,0.0518379,-0.00969496,0.0205223,-0.0290924,0.0830896,0.0335216,0.0444333,0.0763117,-0.52268],[0.0339776,0.0287168,0.415619,-0.00470288,0.477126,0.25141,0.408847,-0.0153625,-0.321457,-0.185973,0.0215032,-0.00359734,0.0142108,-0.00441886,0.000234916,0.0276351,0.368357,0.0632198,0.0602927,0.0421842,0.788056],[0.291426,0.0880664,-0.777057,-0.0278653,0.179844,-0.190579,0.245352,0.257929,-0.639758,-0.193462,-0.204647,-0.0164769,0.0148436,0.0248093,-0.0100119,-0.126325,0.0245939,-0.118807,-0.183163,-0.0484733,0.373167],[0.0849603,0.209336,-0.0926721,0.033579,0.658284,0.618719,0.106927,-0.0525598,-0.139409,0.265457,-0.0426584,0.0144754,-0.00816477,0.016371,-0.0251043,0.177513,0.0525835,0.0709069,-0.178467,0.0183675,-0.404274],[-0.2668,-0.0345088,-0.867218,-0.143511,-0.134505,-0.556388,0.150108,-0.168928,-1.00089,-0.246257,0.109105,-0.02581,0.0809246,-0.030554,0.0302465,-0.0165343,0.239493,-0.117701,-0.51277,0.23074,1.75617],[-0.00136118,-0.014598,0.0834789,-0.00302314,0.0864483,0.0787824,0.0152148,-0.00526938,-0.0066655,-0.0334263,0.00781437,0.000464452,-0.00169728,-0.00148778,-0.00422698,0.00422803,0.00363105,0.016287,0.0208898,-0.00477399,-0.204918],[0.06596,-0.0604168,-0.24006,0.0186974,-0.199409,0.210454,0.0239534,0.00049844,0.0934083,0.0553071,-0.0616511,0.0310443,0.00666494,0.0321936,0.0678318,0.0642646,0.0784941,0.0497276,0.0752033,-0.0124054,0.944636],[-0.0700331,-0.0781808,-0.273634,-0.0428653,0.478488,0.629537,0.03495,0.0344564,-0.114265,0.0389123,-0.110051,0.0292095,0.0148374,0.025958,0.0326771,-0.0909772,0.0331123,0.0477404,0.0621392,-0.0150007,0.524704],[-0.0277048,-0.0190231,0.1815,0.0145157,0.0662442,0.0744254,0.00379894,-0.0167652,-0.0741388,0.0986832,0.0170034,0.00156884,-0.00408717,0.00147603,-0.00661184,-0.00718124,0.00919868,-0.0112449,-0.0272235,0.00601926,-0.217243],[-0.036133,0.164234,-0.672223,0.0179395,-0.349338,-0.354322,-0.293835,0.175949,0.270416,0.588705,0.0469163,-0.00217438,-0.0782009,0.0128632,-0.0443852,-0.0139821,-0.188877,-0.0120121,0.101779,-0.0344628,-0.113464],[-0.0055239,-0.0207763,-0.0766943,-0.00471392,0.0858135,-0.0286303,-0.0211317,0.00518308,0.0226569,0.0217074,0.0275059,0.00265377,-0.000641546,0.00220621,0.000330934,-0.0143331,-0.00757173,-0.00521322,-0.00666655,-0.0074263,-0.195709],[0.00519093,-0.00749478,-0.0358082,-0.00182614,0.0158373,0.171619,0.0102018,-0.00729864,0.0114247,-0.0363915,-0.00984278,-4.15304e-06,0.0055041,-6.32421e-05,0.00267408,-0.00227816,-0.00457372,0.0010241,-0.0034293,-0.00225749,-0.086329],[0.0700607,0.0542414,-0.088165,-0.0227579,0.0510203,0.00603316,-0.103171,0.0355933,0.0840246,0.07181,-0.00772833,-0.00545871,-0.0190438,-0.0148941,-0.018717,0.00476936,-0.12264,-0.0110612,-0.00667415,0.0131329,-0.098135],[-0.12291,0.230767,0.255289,0.0880344,-0.430228,0.17533,-0.0585471,0.171375,-0.372625,0.689557,0.00369163,0.00310683,0.0178557,-0.00746084,0.00436705,-0.0746065,-0.104394,-0.0573785,0.00936534,0.0724125,-0.149755],[0.00823048,-0.0749944,0.209268,-0.0144292,-0.150745,-0.121076,0.0412361,-0.00470655,0.0813634,-0.105494,-0.00282262,0.00242847,0.0252687,0.00335408,0.0168807,-0.0416049,0.0643996,-0.0160005,-0.0632942,-0.0120843,-0.251249],[0.0213051,-0.0323665,-0.0846357,-0.0247471,0.0571515,0.126248,-0.00850814,0.0473039,-0.0912492,0.13157,0.0249944,0.00484725,-0.00148984,0.00363849,0.00418625,0.0097033,0.000519085,0.0252333,0.0418362,0.0233467,0.794228],[-0.334248,0.0625103,0.435898,0.0203546,-0.0992634,0.290426,-0.0497628,0.174669,-0.335397,-0.0506871,0.0922364,0.0001169,-0.0396884,-0.000602521,-0.0525023,-0.00367051,-0.113522,-0.0679766,0.172649,0.00987824,-0.280107],[-0.0237756,-0.329578,-0.384423,0.0870837,-0.635266,-0.24265,0.133467,0.0446135,0.0246725,-0.236884,0.108143,-0.0554066,0.11522,-0.0242,0.131358,0.125282,-0.0124312,0.457844,0.385595,-0.0145186,0.00153996],[0.340756,0.0154684,1.03472,-0.033375,-0.44503,-0.155088,-0.341663,0.0669532,0.550163,0.577203,-0.00187547,0.0106186,-0.02645,0.0200224,0.0246267,-0.155902,-0.100462,-0.262564,-0.301676,0.0252878,-4.82508],[0.178691,-0.0176685,-0.904851,0.0442512,1.39383,1.06064,-0.0440191,0.0346084,0.112736,-0.603427,0.0753269,-0.0552991,-0.0176883,-0.0610756,-0.0317003,-0.142816,-0.0262255,0.247992,0.367632,0.108882,-0.482912],[0.149772,-0.246062,0.418211,-0.102783,1.46063,2.01743,0.170655,0.251218,-0.298498,-0.577348,-0.110599,-0.0780469,-0.0235984,-0.0780987,0.0111382,0.04067,-0.0152409,0.174409,0.396037,0.0152582,1.44295],[-0.0681061,0.084113,-0.290602,0.100678,-0.883645,-0.95528,-0.166202,-0.0898381,0.00821441,0.0613088,0.0710808,0.00949002,-0.0118954,0.00723904,-0.0423015,0.0592447,-0.0266605,-0.0668925,0.179593,-0.09383,-0.827762],[-0.00101609,0.163001,0.11788,0.0350351,0.0739657,0.470587,-0.0866438,0.0154604,0.328187,0.238333,-0.0181223,-0.0230121,-0.0567123,-0.0235109,-0.0371165,-0.0404491,0.00475125,-0.0522791,0.0144554,0.0172422,0.408107],[0.0386655,0.177382,0.470747,0.0918614,-0.104765,0.0370471,0.0149572,0.0957194,-0.546459,-0.0246546,0.0178413,0.00851014,0.00859101,-0.0320469,-0.00542455,-0.0121976,0.167899,-0.246506,-0.315662,0.00549883,-2.90807],[-0.086618,-0.116408,-0.701004,0.0186048,-0.290822,-0.386214,0.210745,-0.0509859,0.0991339,-0.305514,-0.0329491,-0.00612955,0.0378492,0.0050896,0.0375649,0.00576702,0.115076,-0.0179425,-0.270054,-0.0254915,0.441072],[0.126236,-0.00592399,0.189968,-0.0282427,-0.029221,-0.246431,-0.466056,-0.0304444,0.591418,0.507197,0.051046,0.0319137,-0.0972961,0.0294597,-0.0817372,-0.122958,-0.217866,-0.0879395,-0.031588,0.276664,-0.805924],[-0.00643988,0.00190818,0.0288906,-0.000149401,-0.0197669,-0.0653593,-0.0208956,-0.00167496,0.0260068,0.0122508,0.00668308,-0.0013469,-0.00378478,-0.00170431,-0.00512345,-0.00752669,-0.00331589,0.0129802,0.00513436,-0.00307893,-0.116344]],"sigmahat":[[0.214145,0.0552955,0.132338,-0.00153833,0.307398,0.310023,-0.0192569,-0.00906406,0.096599,-0.0410942,-0.0166509,-0.00196378,-0.00747078,-0.00234205,0.000873127,0.00617562,-0.0122957,0.0069985,0.0297725,0.00958978,-0.229549],[0.0552955,0.234192,-0.0572217,0.0192468,-0.0617259,0.206801,-0.02458,0.0117982,-0.0204826,0.0952656,-0.031927,-0.000268762,-0.0180606,-0.00171591,-0.0179027,0.0076968,-0.0163435,-0.0046607,0.0149254,0.0151155,-0.0740184],[0.132338,-0.0572217,3.41508,0.0348803,0.606651,1.2081,0.157534,-0.00972612,0.014128,0.162032,-0.0314248,-0.00389825,0.0861092,0.0083412,0.0670593,0.0161015,0.0832152,-0.0215839,0.0482488,-0.0629378,-2.533],[-0.00153833,0.0192468,0.0348803,0.0329516,-0.0586286,0.0123749,0.0136035,-0.00643955,0.000331053,0.0279864,0.00106717,0.00121018,0.00447068,0.0020855,0.00473926,0.00208117,0.0049792,-0.00771265,0.004322,0.00281455,-0.0522786],[0.307398,-0.0617259,0.606651,-0.0586286,4.29717,3.39654,0.0731245,0.160832,-0.057924,-0.559866,0.0365137,-0.00553624,-0.055036,-0.0063352,-0.0118853,-0.0368152,-0.0570042,0.0339532,0.101561,0.000817827,-0.54896],[0.310023,0.206801,1.2081,0.0123749,3.39654,5.30653,0.288941,0.178088,-0.25656,-0.464022,-0.175965,0.0047264,0.0159914,0.00424106,0.0828829,0.0666469,-0.0571588,0.0199931,0.123795,-0.00516853,-0.0914017],[-0.0192569,-0.02458,0.157534,0.0136035,0.0731245,0.288941,0.263103,-0.0137283,-0.130705,-0.230155,-0.0422605,-6.64824e-05,0.0378336,-4.59027e-05,0.0365254,0.0133878,0.112737,0.0182749,0.00308864,-0.00981502,0.411032],[-0.00906406,0.0117982,-0.00972612,-0.00643955,0.160832,0.178088,-0.0137283,0.109454,-0.0415687,-0.00724102,-0.000207887,0.00156066,-0.00637981,0.00156563,-0.00241823,-0.0162107,-0.0430122,0.0021295,0.0186304,0.00803389,0.275023],[0.096599,-0.0204826,0.014128,0.000331053,-0.057924,-0.25656,-0.130705,-0.0415687,0.580211,-0.00383333,0.0085136,-0.00707043,-0.0101753,-0.00394354,-0.0116346,-0.0611483,-0.0376842,-0.0113671,0.0298431,-0.000220459,-0.642319],[-0.0410942,0.0952656,0.162032,0.0279864,-0.559866,-0.464022,-0.230155,-0.00724102,-0.00383333,1.16539,0.0687233,6.26345e-05,-0.0129259,0.00133641,-0.00646037,0.0197449,-0.101412,-0.0301567,0.0467794,0.0103816,-0.629162],[-0.0166509,-0.031927,-0.0314248,0.00106717,0.0365137,-0.175965,-0.0422605,-0.000207887,0.0085136,0.0687233,0.0657442,4.7919e-05,-0.0125674,0.000223302,-0.0143786,-0.0134507,-0.0110059,-0.0020658,0.0215654,0.0092705,-0.126842],[-0.00196378,-0.000268762,-0.00389825,0.00121018,-0.00553624,0.0047264,-6.64824e-05,0.00156066,-0.00707043,6.26345e-05,4.7919e-05,0.00695359,0.0016813,0.00517159,0.00242463,-0.00123549,2.27917e-05,0.00197001,-0.00356297,0.00277855,-0.0245822],[-0.00747078,-0.0180606,0.0861092,0.00447068,-0.055036,0.0159914,0.0378336,-0.00637981,-0.0101753,-0.0129259,-0.0125674,0.0016813,0.0325948,0.00378191,0.0241648,-0.00430016,0.0193832,0.0132058,0.0154728,-0.00736799,-0.143623],[-0.00234205,-0.00171591,0.0083412,0.0020855,-0.0063352,0.00424106,-4.59027e-05,0.00156563,-0.00394354,0.00133641,0.000223302,0.00517159,0.00378191,0.00729609,0.00393488,-0.00262348,0.00087882,0.00208264,-0.00131219,0.00151825,-0.0348957],[0.000873127,-0.0179027,0.0670593,0.00473926,-0.0118853,0.0828829,0.0365254,-0.00241823,-0.0116346,-0.00646037,-0.0143786,0.00242463,0.0241648,0.00393488,0.0273267,-0.00209596,0.0122813,0.00787505,0.0075202,-0.0107066,-0.0386896],[0.00617562,0.0076968,0.0161015,0.00208117,-0.0368152,0.0666469,0.0133878,-0.0162107,-0.0611483,0.0197449,-0.0134507,-0.00123549,-0.00430016,-0.00262348,-0.00209596,0.102289,-0.00634548,-0.0058624,-0.0598742,-0.00458338,0.0679483],[-0.0122957,-0.0163435,0.0832152,0.0049792,-0.0570042,-0.0571588,0.112737,-0.0430122,-0.0376842,-0.101412,-0.0110059,2.27917e-05,0.0193832,0.00087882,0.0122813,-0.00634548,0.146451,0.0075002,0.00548846,0.00548458,0.0337263],[0.0069985,-0.0046607,-0.0215839,-0.00771265,0.0339532,0.0199931,0.0182749,0.0021295,-0.0113671,-0.0301567,-0.0020658,0.00197001,0.0132058,0.00208264,0.00787505,-0.0058624,0.0075002,0.100738,0.128278,-0.00179602,0.139479],[0.0297725,0.0149254,0.0482488,0.004322,0.101561,0.123795,0.00308864,0.0186304,0.0298431,0.0467794,0.0215654,-0.00356297,0.0154728,-0.00131219,0.0075202,-0.0598742,0.00548846,0.128278,0.461763,-0.00930492,0.251397],[0.00958978,0.0151155,-0.0629378,0.00281455,0.000817827,-0.00516853,-0.00981502,0.00803389,-0.000220459,0.0103816,0.0092705,0.00277855,-0.00736799,0.00151825,-0.0107066,-0.00458338,0.00548458,-0.00179602,-0.00930492,0.0483958,0.0709011],[-0.229549,-0.0740184,-2.533,-0.0522786,-0.54896,-0.0914017,0.411032,0.275023,-0.642319,-0.629162,-0.126842,-0.0245822,-0.143623,-0.0348957,-0.0386896,0.0679483,0.0337263,0.139479,0.251397,0.0709011,14.0496]],"n":21,"lags":3}