{"betahat":[[13.4903,34.4951,10.3179,10.4356,26.1577,54.4244,-2.93725,-1.398,16.7473,1.69806,-4.73609,1.56014,-1.98548,1.10665,1.11182,3.27908,1.91614,2.04022,-12.4096,3.5197,14.087,3.40263,-0.236975],[0.737859,-0.0327004,0.196059,0.00479801,0.00718218,0.0125919,0.106999,0.0367644,-0.413469,-0.0120498,0.0886255,-0.0306417,0.00221226,-0.0488172,-0.0100774,-0.0326565,0.00638478,-0.0240031,-0.0371038,0.0580527,-0.36084,0.027847,-0.0119158],[0.0142353,0.841163,0.31378,-0.0209196,0.289259,0.610204,0.00272041,-0.0464679,0.414648,-0.00873242,-0.0293834,0.0120902,-0.0045186,0.0169013,-0.00053024,0.052495,0.00825666,-0.015788,0.00808743,0.00283143,-0.238021,0.00465178,0.00741127],[0.044365,0.0780393,0.858043,-0.0211411,0.0109244,0.177194,0.00940739,-0.0121714,0.117607,-0.0396008,-0.0522546,0.00625353,0.00653735,0.012009,0.0166499,0.0209181,0.0113445,0.0109101,0.00480111,0.0196792,0.190527,-0.0119512,0.00245924],[0.213181,-0.0153828,-0.803343,0.914381,0.254677,-0.187289,0.128984,0.12049,0.178871,-0.333349,0.0793566,-0.054715,-0.021858,-0.0992107,-0.0953889,-0.0272059,0.0532638,-0.0903455,-0.036619,0.0113136,-0.0978544,-0.0106582,-0.0973007],[0.00351797,0.00155741,-0.163463,0.0161346,0.66026,-0.201898,-0.00989978,-0.0122734,0.00909038,0.057237,-0.0359575,0.0029231,-0.000461925,0.00412001,-0.00271429,-0.01278,0.00772442,-0.0087506,0.00487743,0.0207149,-0.0363446,-0.0110191,0.000134801],[0.035723,-0.029866,0.0773026,-0.00360322,0.0259739,0.631721,-0.0164086,-0.00533689,0.0916886,0.000292408,-0.00196179,0.00682116,-0.00178847,0.00966491,0.00241695,0.0102729,0.0133107,0.00143271,-0.010012,0.0179659,0.0185143,0.0136798,0.00273229],[-0.150907,-0.0673284,0.124668,-0.011338,0.564974,0.751389,1.34153,0.0220505,-0.214686,-0.10837,-0.0104665,0.000133894,0.0262004,0.0165509,0.0178624,-0.0113156,0.159623,0.014726,0.0603619,0.0176832,-0.299834,0.0113262,-0.00157177],[-0.441919,-0.531609,-1.31018,-0.14271,-0.975746,-2.08756,-0.103444,1.02021,-0.805902,0.519936,0.317044,-0.0399029,-0.0523695,-0.0590415,-0.0336031,-0.167647,-0.140009,0.0182227,0.229,0.0591109,-1.14485,0.0256074,0.0334386],[0.117217,0.109197,0.20967,0.0144694,0.000443132,-0.0256258,0.000788722,-0.0302884,1.16446,0.0122252,-0.0440999,0.00852029,-0.00576572,0.0107511,-0.00065143,0.0110702,-0.00303373,0.00781817,0.0327571,0.000812139,0.245512,-0.0155928,0.00729913],[0.036589,0.0197826,0.329733,0.0336337,-0.505959,-0.108532,-0.0508193,-0.000865748,0.241375,0.856525,-0.0510956,0.00160167,-0.00643858,0.00438141,-0.00739621,-0.0028258,-0.0222093,-0.0186204,0.0521007,0.00826196,-0.602625,-0.0124297,0.0217457],[0.122012,-0.0553023,-0.522006,-0.0439448,-0.646257,-1.00803,0.103235,0.0541389,0.296761,-0.00126544,0.716412,0.0390342,0.0363903,0.0366594,0.0680801,0.153398,0.0881099,0.0317503,0.0436743,0.157289,1.80946,0.0837766,-0.0090178],[1.05838,0.230368,4.35279,-0.287377,2.18623,0.862463,-0.505168,0.019845,1.10351,0.242393,-0.180162,1.00055,0.0588634,0.027358,0.0189074,0.198337,-0.204811,0.0137421,-0.387813,-0.171788,0.058907,-0.18981,0.1523],[0.524269,0.427998,-0.91352,-0.0476885,0.454316,0.0503131,0.149747,0.250068,0.482544,-0.243453,-0.0669904,0.0314896,0.930565,0.048785,0.0644022,0.0407226,-0.081444,-0.0421516,-0.131739,0.530287,5.31358,-0.325601,0.112895],[-0.337948,-0.627803,-2.50248,0.131785,-0.469983,-1.12052,0.334949,0.0514767,-1.31054,0.085191,0.505401,0.236655,-0.018251,1.08844,-0.0213963,-0.232624,-0.0135576,0.163615,0.402342,0.199839,1.24261,-0.0515296,0.168482],[0.554765,0.0417567,0.878815,0.13257,-1.30784,-1.22228,-0.250547,-0.242914,1.50386,0.579447,-0.366453,0.229652,0.103151,0.293623,1.07713,0.481821,0.231534,0.0794756,-0.0163733,-0.866733,-3.11829,0.361323,0.171074],[0.248409,0.323944,0.0193466,-0.0484592,0.850125,1.35259,0.127135,-0.100528,0.272747,-0.34425,-0.218693,0.0153568,-0.00625707,0.0232344,0.0293551,1.11446,0.00423879,0.0572673,-0.33667,-0.171616,0.655524,0.0704005,0.0575645],[0.0716703,-0.0573438,0.209956,0.0105744,-0.700522,-0.360046,-0.330822,0.0442378,0.186445,-0.0734284,-0.0208147,0.0466618,0.0222314,0.0402337,0.0112949,-0.000152357,0.620446,-0.0134466,-0.00235673,-0.0780017,-1.01449,-0.0400587,0.0493501],[0.045389,0.202489,-0.210034,0.119424,0.738722,1.04099,0.00553589,-0.203015,1.03553,-0.170955,0.106941,0.040889,0.032081,0.0430434,-0.00276053,0.371685,-0.0373125,0.642143,0.382445,0.0598744,2.41922,0.188417,-0.100535],[-0.0488388,-0.242133,0.817236,-0.153568,0.814176,0.442917,-0.225114,0.111562,0.00391993,-0.0767708,-0.0379075,0.00156499,-0.0335415,-0.00662712,-0.00253962,-0.166859,-0.168442,0.12609,0.779353,-0.0576842,0.165809,-0.155223,0.0174137],[-0.138665,-0.467541,-1.27782,-0.0757806,-0.531496,-0.31015,-0.213727,-0.0577186,0.0575197,0.255526,0.0445346,-0.0108369,-0.029458,0.00132904,-0.0102175,0.008769,-0.0491391,0.0448294,-0.0469863,0.018356,-0.136653,0.0158399,-0.0315822],[0.000566535,0.00637159,0.0178395,-0.00697864,-0.0524099,-0.0491726,-0.0178162,-0.000712764,0.0501227,0.0562226,-0.00370067,0.00658629,-0.00423461,0.00351617,-0.00219607,0.000876525,-0.0079908,0.00998501,0.00990869,0.019372,-0.466251,-0.00906994,0.00363127],[-0.292932,-0.286068,-0.691035,-0.0484619,-0.453314,-1.00132,-0.0770291,0.066918,-0.451354,0.18499,-0.105822,-0.0381609,-0.00073731,-0.0358809,0.00838831,-0.215367,-0.199228,0.0611377,0.00614904,0.0883901,1.7245,1.04393,0.0173043],[-0.847969,-0.0954543,-1.13559,-0.101323,-2.76992,-1.01219,0.128501,0.157612,0.438279,-0.404683,-0.0273684,0.0708409,0.0556209,0.0499464,-0.0583442,-0.12836,0.0817299,-0.138231,0.0601129,-0.130702,-0.715458,-0.0772337,0.700045],[0.195881,0.0698324,-0.0635466,-0.00637033,0.0617723,-0.132826,-0.0442604,-0.0531386,0.250707,-0.00549802,-0.106652,0.0142495,-0.00019652,0.0334999,0.00374158,0.0281929,0.000490276,0.0131337,0.0183357,-0.0692247,0.222693,-0.0167325,0.00525638],[0.0532548,0.104642,-0.188571,-0.00551213,-0.160801,-0.594137,0.0056302,0.00552651,-0.241782,-0.0250881,-0.0092115,-0.00401376,0.0129106,0.00146016,0.0142421,-0.0204171,-0.00710287,0.00345733,-0.0138096,-0.0346661,0.187644,-0.00248061,-0.0049663],[-0.00921942,-0.0569058,0.0134779,0.0206613,-0.0241548,-0.235414,-0.0114201,0.00506158,-0.0514615,0.000305989,0.0352152,-0.00133353,-0.00333749,-0.00522609,-0.00877348,-0.0115617,-0.00866757,-0.00399163,-0.00157196,0.00705274,-0.0830472,0.00712718,-0.00222555],[-0.227936,-0.213852,0.868091,0.16349,-0.723159,-0.599586,0.000867919,-0.0845037,-0.307606,0.0985987,0.0513783,0.0269593,0.0588166,0.0643852,0.107207,-0.0125989,0.00865202,0.0520881,0.0315634,0.0119222,-0.236739,0.0131505,0.0555308],[0.0132858,-0.00343002,0.237585,-0.0123676,0.20726,0.111917,0.0101598,0.0108571,0.0116459,-0.0938209,0.0111537,-0.00310983,-0.00187161,-0.00428996,0.000144862,0.0176987,-0.0018685,0.008298,-0.00141186,-0.0177033,0.0340321,0.00557533,0.00106691],[-0.0385247,0.0108184,-0.0683812,0.00422235,0.00516396,0.268109,0.0166845,0.00561076,-0.0903332,-0.0027836,1.645e-05,-0.00495148,0.00143878,-0.0070858,-0.000785555,-0.0116616,-0.0102319,0.00196451,0.0115977,-0.0134768,0.0406484,-0.00777345,-0.00292056],[0.0676809,-0.0354612,-0.205274,-0.0344945,-0.35825,-0.413474,-0.174953,-0.0149227,0.0322772,0.0907372,0.0210619,0.0142163,-0.00530814,0.00652126,0.00302411,-0.0104009,-0.0364246,-0.00609138,-0.0180527,-0.0140146,0.149591,-0.00244678,0.0184025],[0.150373,0.275364,0.663636,0.0942849,1.03745,1.63017,0.053102,-0.0568261,0.126515,-0.307339,-0.07901,0.00127037,0.0281024,0.0122694,0.0199367,0.0768089,0.104995,0.0265746,-0.0118365,-0.0278616,1.36692,-0.0546714,-0.0522558],[-0.0806716,-0.0498388,-0.150539,-0.000426609,0.00428477,0.0465151,5.35056e-05,0.0217289,-0.142472,0.011847,0.0204175,-0.00896939,0.00502452,-0.00988727,-0.000611625,-0.00713831,-0.00570118,-0.00999639,-0.00133937,-0.00743802,-0.21123,0.0119711,-0.00517194],[0.0323355,-0.0155106,-0.206288,-0.0226246,0.449366,0.0253232,0.0411424,0.0152506,-0.0873335,0.0236508,0.0106513,-0.00675171,0.00466716,-0.00506604,-0.00282985,-0.014111,0.0273194,-0.00847898,-0.0577695,-0.0421479,0.0335277,0.0173064,-0.00999373],[0.212236,0.0695425,-0.0210863,-0.0497952,0.915477,1.06647,0.0582141,-0.0374809,0.333077,-0.391164,-0.243073,0.0292762,0.00823777,0.0225094,-0.000171535,0.0699127,0.0754712,-0.0233865,0.0505056,0.0615392,0.028115,0.044897,0.0111037],[-0.148775,0.226198,-0.295176,-0.0291854,-0.457973,1.05248,0.270707,0.125036,0.334884,-0.392325,-0.273975,-0.129226,-0.0161332,-0.0722421,0.0330717,0.125061,0.116971,0.168437,-0.122517,0.17222,-0.351992,-0.028423,-0.091269],[-0.400199,0.0077724,0.653403,0.107621,-0.586103,-1.98505,-0.144393,-0.333504,-0.401035,0.273868,0.236358,0.0200782,-0.0803263,-0.0388032,-0.0935201,-0.280555,-0.0192373,-0.145543,-0.0816113,-0.182396,-1.05786,0.220465,-0.051148],[-0.764199,-0.412255,-1.56254,0.0324365,-0.277258,-1.8593,0.317149,0.0976695,-0.810064,0.20378,0.212341,-0.179171,-0.00096745,-0.163861,-0.000605544,-0.238984,0.141535,-0.0781371,-0.0946074,0.202382,-0.563086,0.135805,-0.0857134],[-0.52646,0.0287379,0.513191,0.00836503,-0.81091,-0.203499,-0.141984,-0.0039461,-0.584833,0.434459,0.189474,-0.0922348,-0.0681261,-0.0837509,-0.169224,-0.0418244,-0.137156,0.0724567,0.200755,0.56327,0.450168,0.0482557,-0.042813],[-0.241104,-0.35732,0.233944,0.0454517,-0.496388,-0.890274,0.0295685,0.120496,-0.120106,0.288347,0.148616,-0.0139524,0.0131384,-0.0144218,-0.0125674,-0.120263,0.0347544,0.0241799,0.207474,0.222372,-0.266543,0.00151012,-0.0263053],[0.0138467,-0.0701715,0.0488772,-0.0361524,0.860787,0.131557,0.408338,0.00663027,-0.376815,-0.111058,-0.0338593,-0.0154237,0.018233,-0.000428225,0.0126437,0.0117793,0.395829,0.0574613,0.040536,-0.00993294,1.02829,0.0315884,-0.0198427],[-0.192141,-0.0330914,-0.0370047,-0.0279814,-1.62013,-1.20754,0.275905,0.204097,-1.07459,0.216432,0.0798583,-0.0279754,0.0150341,-0.0208994,0.00665255,-0.26923,0.0742314,-0.0814374,0.0509193,0.0996031,-0.615232,-0.16597,0.0294139],[0.0500733,0.332586,-0.482783,0.125257,-0.470152,0.0616457,0.185421,-0.0453198,-0.128616,0.248581,0.0280275,-0.00299201,0.0147265,-0.0013174,-0.0122117,0.117561,0.120738,0.043781,-0.0703164,-0.0183773,-0.81764,0.118486,-0.00943889],[0.0157467,0.19379,-0.153752,-0.111282,0.119221,-0.0446642,-0.0530889,0.0416878,-0.00897385,-0.111461,0.0105026,-0.0169443,-0.0151821,-0.0170709,-0.028301,0.0340476,-0.068691,-0.00221889,-0.0889757,0.0854618,-0.0651477,0.00126907,-0.0274686],[0.0270068,0.00772884,0.122848,0.00632335,0.0905619,0.115048,0.00770428,-0.000617037,0.0594207,-0.0366191,-0.00982566,0.00617647,0.00436259,0.00657588,0.00306667,0.0036518,0.0108868,0.0163449,0.0148922,-0.00940426,-0.124829,-0.00262021,-0.000177276],[0.0197246,-0.00914166,0.563502,0.0198728,0.356179,0.561893,0.235944,0.0282373,-0.040564,-0.458964,0.0778159,0.00617017,0.0646769,0.0102844,0.0379439,0.152063,0.180831,0.0403956,0.0349526,-0.030887,-1.19677,-0.129947,-0.0130223],[0.275942,0.174817,-0.0722107,0.211676,-0.261978,-0.261477,-0.213427,-0.131658,0.206013,0.0282244,-0.193622,-0.0359265,-0.03928,0.006122,-0.0360006,0.0322289,0.0337714,-0.0213975,0.184518,-0.259494,1.91288,-0.0887742,0.111315],[0.0642248,-0.0394079,-0.134095,0.000815811,-0.070788,0.117081,-0.0621161,0.0165753,0.160576,0.0181249,0.018546,0.0162162,-0.00206977,0.0151918,0.00620058,0.00424496,-0.00704607,0.0121439,0.0199916,0.0112268,0.13615,-0.0111961,0.00669704],[-0.0702744,0.0499577,-0.12963,0.0253535,-0.1304,-0.0216802,-0.00750861,0.0410985,-0.175441,0.0338892,0.0394627,-0.00817228,-0.00849957,-0.018449,-0.0140191,-0.0320313,-0.00166178,0.0135579,0.00650961,0.032929,0.0446533,-0.00194775,-0.00250144],[-0.037441,-0.0251244,0.105967,-0.00129658,0.0112365,0.0488025,0.00293895,0.00648117,-0.0665574,0.041064,0.0178045,-0.00491335,-0.00320738,-0.00660931,-0.00795117,-0.0095315,-0.00319079,-0.0042403,-0.000334132,-0.0259566,-0.115011,0.00465957,3.00926e-05],[0.0136315,0.22908,-0.0651301,-0.0786291,0.466432,0.785012,-0.129346,-0.0363368,0.128149,0.235289,-0.130213,0.0277025,-0.0370197,0.0347964,-0.0119028,0.0401673,-0.0621397,0.0387281,0.00528098,-0.0228274,0.330487,-0.00239792,0.0416533],[-0.0187217,-0.00316829,-0.0727526,-0.00499987,0.115873,0.0700572,-0.00225117,0.00124063,-0.0209189,0.0418554,0.025866,5.36303e-05,0.00260118,0.000169067,0.00251607,-0.00592841,-0.00658184,0.00345455,0.000505556,-0.00293716,-0.00328879,0.00469553,-0.000737443],[0.000189605,0.0122886,-0.0160619,-0.00260725,-0.0415698,0.07197,-0.000998432,-0.000448488,-0.00462501,0.00584049,0.00394274,-0.00207633,0.000372172,-0.00271691,-0.00204388,0.000339109,-0.00415988,3.66572e-05,0.00136905,-0.00254813,-0.065887,-0.00576683,0.000458685],[0.0796538,0.0890815,0.0800402,0.0426845,-0.210371,-0.350001,-0.17059,-0.00542254,0.176355,0.0211795,-0.00985182,-0.01375,-0.0203493,-0.022578,-0.0211776,0.0206855,-0.123827,-0.000758753,-0.0380975,-0.0015666,0.153668,-0.00876792,-0.0162355],[0.159274,0.136491,0.403995,0.0644771,0.0442451,0.338039,-0.025448,-0.0460386,0.326197,-0.0543757,-0.162992,0.0281679,0.03178,0.0309625,0.00738207,0.00521418,0.0184633,0.00780544,-0.0016421,0.00854315,-0.138547,-0.0518646,0.0105112],[-0.0368569,-0.0613988,-0.0615378,-0.013651,0.00180843,-0.00706228,0.006375,0.00892016,-0.0367431,-0.0248671,0.0220426,6.52397e-07,0.00183822,-0.00123186,0.00275196,-0.00531192,0.0127109,0.00448437,-0.023107,-0.00111177,-0.0157002,0.00316142,-0.0022929],[-0.064745,-0.00262264,-0.111093,-0.0111673,0.0641416,0.0942442,0.00766101,-0.0131287,-0.15169,0.107673,0.0362853,0.00497786,0.0017329,0.000443197,0.00958124,0.0191783,-0.00369869,0.0293473,0.0045778,0.0318351,0.567089,-0.0038171,-0.0114256],[-0.119701,-0.0456886,0.461834,0.0290543,0.00381615,0.250301,0.0232143,0.0738579,-0.0145294,-0.152955,-0.031203,-0.00600544,-0.0151296,0.000126976,-0.0261508,-0.00343568,0.00684591,-0.0295249,0.0997472,0.034383,-0.0561619,0.00552809,-0.00940705],[0.125432,0.0417758,0.213403,-0.0728262,-0.161134,0.0897391,-0.123518,-0.0849287,0.182789,0.173018,0.0548505,-0.049296,0.0203208,-0.0433076,0.0114069,0.0243233,-0.0942872,0.10433,0.0450536,0.0559651,-0.57688,0.111403,-0.0738707],[-0.0584919,-0.0848788,1.1152,-0.0478236,-0.218166,1.04228,-0.0973051,0.0950575,-0.167172,-0.0609572,-0.0932506,-0.0332847,0.0178952,-0.0243629,0.0505565,-0.063369,-0.0992048,-0.248956,-0.309567,0.074013,-5.60521,-0.0670819,-0.0239568],[-0.0336502,0.0331196,-0.0698768,0.00848037,0.380197,0.543055,-0.108207,-0.0855732,0.000922805,0.0194632,0.0767408,-0.0456561,0.0116531,-0.0477755,0.015521,-0.0434961,-0.0709543,-0.042671,-0.074588,0.0599101,-0.646929,0.0816948,-0.0641882],[0.531095,0.751955,-0.035959,0.0840276,2.00483,2.74784,0.112946,0.0539753,-0.138327,-0.489437,-0.221936,-0.00161521,-0.00601391,0.00377242,0.0521299,0.0795765,0.186452,0.0365171,-0.0699759,0.0898627,1.99753,-0.0969945,-0.019648],[-0.00629296,0.0314443,-0.253352,0.00184842,-0.348831,-0.462242,-0.157307,-0.0197332,-0.151819,0.0552824,0.0692338,-0.00129305,-0.00680249,-0.00864447,-0.0169282,0.00518259,-0.039361,-0.0789005,0.130517,-0.0506156,-0.379513,-0.0724757,-0.0310728],[-0.0870082,0.123599,-0.252457,0.0240314,-0.164171,0.222944,-0.0796588,-0.0506535,0.190029,0.185388,0.0545052,-0.0311428,-0.0401681,-0.0397153,-0.0239895,-0.0114303,-0.017431,-0.0399302,-0.0365536,0.0887371,-0.0163121,0.00853322,-0.0294774],[0.149281,-0.211719,0.479439,-0.0961686,0.80684,0.119468,-0.248626,-0.0135927,0.152948,-0.171486,-0.15298,-0.0159971,-0.0311976,-0.025191,-0.00666968,-0.0893332,-0.033147,-0.338965,-0.225899,-0.149111,-1.36026,-0.0316379,0.0587745],[-0.005052,-0.085274,-0.132842,0.01899,-0.168625,-0.276749,0.154284,-0.0465476,0.116313,-0.183569,0.0384554,-0.0167055,0.0237678,-0.0109017,0.0169097,0.0441623,0.0659403,-0.0166679,-0.18548,-0.0102707,0.180448,0.00688063,-0.010556],[-0.0823987,-0.153548,0.190997,0.0123576,-0.327708,0.0331029,0.0066179,0.0675089,0.0657732,0.0673927,0.0372154,-0.000581192,-0.00971108,-0.00580979,-0.0211619,-0.0495061,-0.045118,0.0201361,0.0128598,-0.00658459,0.100397,-0.0170787,-0.0153965],[0.00118097,0.00557299,0.0528041,0.00151946,0.0129889,0.0400005,-0.0158257,0.00322299,0.0491091,0.0141094,0.00287143,0.00085856,-0.00141853,0.00119081,-0.00107798,-0.0048576,-0.00357579,0.0139705,0.00845806,-0.0147833,-0.13489,0.00313692,-0.00119059],[0.289736,0.191613,0.425918,-0.0244251,0.186765,0.274666,-0.119636,-0.0673104,0.376048,0.217515,0.0798374,0.00835826,-0.0388071,0.00583663,-0.0457502,0.0435355,-0.0213117,-0.0987313,0.0367787,0.0382214,-0.604945,0.0307836,0.00576883],[0.257099,-0.196043,-0.860416,0.0565814,1.92383,1.65347,-0.0328307,-0.00258432,-0.494204,-0.391435,0.0196874,-0.00800641,-0.0326958,-0.0160807,0.0275934,0.0664699,-0.0284959,0.233077,0.510745,-0.183679,0.835953,0.10375,0.0163921]],"sigmahat":[[1.20771,0.862355,1.36442,-0.0236818,0.749017,1.14139,-0.154797,-0.0959969,1.56615,-0.368057,-0.427984,0.0707129,-0.00197857,0.106537,0.0153054,0.159016,0.0491727,-0.0300309,-0.0458877,0.0137841,0.356339,-0.0543663,0.0582076],[0.862355,1.69264,1.43351,0.0948284,0.25447,1.65167,-0.039107,-0.136758,1.22645,-0.194906,-0.39793,0.0507409,-0.000784609,0.0766402,0.00993757,0.177151,0.0675155,-0.0204843,-0.0596632,0.0595984,0.393247,-0.048104,0.0145141],[1.36442,1.43351,10.7633,0.116612,0.97151,4.44032,-0.06751,-0.0305303,2.28762,-0.796394,-0.739179,0.0319722,0.0906348,0.0865091,0.0946112,0.33137,0.0300273,-0.0265333,-0.0108356,-0.362342,-1.30089,-0.0867352,0.0721353],[-0.0236818,0.0948284,0.116612,0.158725,-0.217822,0.0903195,0.0206195,-0.00662098,0.074597,-0.0240117,-0.00728347,0.00830859,0.00600682,0.00414616,0.00889009,0.0109913,0.0195275,0.0104007,0.0205616,-0.0187566,-0.00343947,-0.0040927,-0.00192333],[0.749017,0.25447,0.97151,-0.217822,9.15803,7.22314,0.0980318,-0.0642761,0.639008,-0.749964,-0.427426,0.0801952,-0.0341039,0.0965779,0.0488508,0.168319,0.104532,-0.0180359,-0.203895,-0.238238,-0.0753339,0.0605085,0.105731],[1.14139,1.65167,4.44032,0.0903195,7.22314,14.1176,0.319574,-0.124504,2.13793,-1.15989,-1.05705,0.165357,0.0779445,0.187565,0.198485,0.517555,0.17941,-0.0452334,-0.181858,-0.624172,-0.886261,-0.0691144,0.081522],[-0.154797,-0.039107,-0.06751,0.0206195,0.0980318,0.319574,0.3982,0.00471867,-0.379548,-0.187674,-0.00913432,-0.0120768,0.0359076,-0.0114287,0.0398102,-0.000924102,0.1656,0.0265782,0.0190126,-0.00336092,0.349455,-0.0194362,-0.0193794],[-0.0959969,-0.136758,-0.0305303,-0.00662098,-0.0642761,-0.124504,0.00471867,0.132421,-0.180172,-0.044522,0.0448393,-0.01321,-0.00320141,-0.0183936,-0.0106051,-0.0320748,-0.0121429,0.00194242,0.0159078,0.0357014,0.0408115,0.00486575,-0.00720738],[1.56615,1.22645,2.28762,0.074597,0.639008,2.13793,-0.379548,-0.180172,3.90917,-0.603301,-0.67621,0.144309,-0.012213,0.20862,0.035312,0.25638,-0.00560564,0.00760318,0.0545658,-0.0685126,-0.52841,-0.0576998,0.0763914],[-0.368057,-0.194906,-0.796394,-0.0240117,-0.749964,-1.15989,-0.187674,-0.044522,-0.603301,1.52601,0.26625,-0.0231111,-0.00544366,-0.0287939,-0.0125771,-0.111343,-0.132945,-0.0497629,0.135272,0.0392246,-0.464639,0.0277606,-0.00505821],[-0.427984,-0.39793,-0.739179,-0.00728347,-0.427426,-1.05705,-0.00913432,0.0448393,-0.67621,0.26625,0.348892,-0.0349564,-0.0161798,-0.054292,-0.0355295,-0.0953578,-0.0501843,0.0277913,0.0515885,0.0660016,-0.195095,0.0182739,-0.0302569],[0.0707129,0.0507409,0.0319722,0.00830859,0.0801952,0.165357,-0.0120768,-0.01321,0.144309,-0.0231111,-0.0349564,0.0206728,0.00374745,0.0213328,0.00808153,0.0166577,0.0117766,0.00488266,0.00212267,0.00115302,-0.038685,-0.000665645,0.0102032],[-0.00197857,-0.000784609,0.0906348,0.00600682,-0.0341039,0.0779445,0.0359076,-0.00320141,-0.012213,-0.00544366,-0.0161798,0.00374745,0.031901,0.00630445,0.0273044,0.00488459,0.0301415,0.0079864,0.00604444,-0.0159446,-0.0960016,-0.00208681,0.00164865],[0.106537,0.0766402,0.0865091,0.00414616,0.0965779,0.187565,-0.0114287,-0.0183936,0.20862,-0.0287939,-0.054292,0.0213328,0.00630445,0.029238,0.0114547,0.0213544,0.016759,0.00423671,0.00498305,-0.00286141,-0.0318034,-0.0048239,0.0141321],[0.0153054,0.00993757,0.0946112,0.00889009,0.0488508,0.198485,0.0398102,-0.0106051,0.035312,-0.0125771,-0.0355295,0.00808153,0.0273044,0.0114547,0.0373377,0.00950356,0.0317037,0.00279941,0.00491823,-0.040725,-0.0193159,-0.00680676,0.0063586],[0.159016,0.177151,0.33137,0.0109913,0.168319,0.517555,-0.000924102,-0.0320748,0.25638,-0.111343,-0.0953578,0.0166577,0.00488459,0.0213544,0.00950356,0.152052,0.017876,0.0100324,-0.0740848,-0.0190062,0.000862332,0.00641137,-0.00379337],[0.0491727,0.0675155,0.0300273,0.0195275,0.104532,0.17941,0.1656,-0.0121429,-0.00560564,-0.132945,-0.0501843,0.0117766,0.0301415,0.016759,0.0317037,0.017876,0.212276,0.0126121,0.00189927,-0.0227798,0.0705806,0.00946089,0.00396808],[-0.0300309,-0.0204843,-0.0265333,0.0104007,-0.0180359,-0.0452334,0.0265782,0.00194242,0.00760318,-0.0497629,0.0277913,0.00488266,0.0079864,0.00423671,0.00279941,0.0100324,0.0126121,0.137085,0.12368,-0.00850726,0.168022,-0.00175446,-0.0094906],[-0.0458877,-0.0596632,-0.0108356,0.0205616,-0.203895,-0.181858,0.0190126,0.0159078,0.0545658,0.135272,0.0515885,0.00212267,0.00604444,0.00498305,0.00491823,-0.0740848,0.00189927,0.12368,0.445992,-0.0464981,0.0878594,-0.0390433,0.00206725],[0.0137841,0.0595984,-0.362342,-0.0187566,-0.238238,-0.624172,-0.00336092,0.0357014,-0.0685126,0.0392246,0.0660016,0.00115302,-0.0159446,-0.00286141,-0.040725,-0.0190062,-0.0227798,-0.00850726,-0.0464981,0.4307,0.267841,0.0192482,-0.00106004],[0.356339,0.393247,-1.30089,-0.00343947,-0.0753339,-0.886261,0.349455,0.0408115,-0.52841,-0.464639,-0.195095,-0.038685,-0.0960016,-0.0318034,-0.0193159,0.000862332,0.0705806,0.168022,0.0878594,0.267841,16.1385,-0.159921,-0.0800648],[-0.0543663,-0.048104,-0.0867352,-0.0040927,0.0605085,-0.0691144,-0.0194362,0.00486575,-0.0576998,0.0277606,0.0182739,-0.000665645,-0.00208681,-0.0048239,-0.00680676,0.00641137,0.00946089,-0.00175446,-0.0390433,0.0192482,-0.159921,0.0778003,-0.00404499],[0.0582076,0.0145141,0.0721353,-0.00192333,0.105731,0.081522,-0.0193794,-0.00720738,0.0763914,-0.00505821,-0.0302569,0.0102032,0.00164865,0.0141321,0.0063586,-0.00379337,0.00396808,-0.0094906,0.00206725,-0.00106004,-0.0800648,-0.00404499,0.0284249]],"n":23,"lags":3}