{"betahat":[[0.00508255,-0.0793274,-0.282446,-0.0290344,-0.0164411,-0.252271,0.0446045,-0.134383,0.627848,0.479865,-0.0757633,-0.0130432,-0.046054,-0.00599357,0.000697367,0.474273,0.679044,0.0588345,-0.000960061,-0.0173773,0.305805,0.279883,-0.0103916],[0.0266286,0.0329119,0.151553,0.0284565,0.157655,0.0607165,0.0545235,-0.0458089,0.116203,-0.0808971,0.0222169,0.000682337,0.0205884,-0.00365446,0.0110469,-0.0379922,0.0499131,-0.0165743,0.0256449,-0.00403029,-0.426865,-0.594182,0.0101149],[0.0339848,0.0562151,0.19245,0.032092,0.109544,0.237838,-0.0576202,-0.148095,0.180267,-0.109047,0.146654,-0.0257594,0.00881107,-0.0189197,-0.0323431,-0.00111143,0.0580311,-0.0352123,-0.13639,0.00456671,-0.7107,-0.711045,-0.0113779],[0.0126631,0.0294846,0.192335,-0.00425754,-0.049344,0.0771836,-0.0215048,-0.00902096,0.0405206,0.0258449,-0.00633076,0.00274773,0.00486273,0.00629763,0.00566942,0.0214178,0.000824478,0.000120997,-0.0396148,0.00552189,0.00734761,-0.173068,0.00537063],[-0.020267,0.104492,-0.0549107,0.157798,0.0972962,0.90455,0.307033,0.0916396,-0.764643,-1.36892,-0.109761,-0.0658768,0.0743862,-0.0648049,0.00264412,0.0301619,0.265365,-0.0683753,-0.231554,0.0626882,1.33474,1.37326,-0.0578053],[-0.0161074,0.00865907,0.0434566,0.00571435,-0.00464621,0.0280812,-0.00584518,-0.00788996,0.0120452,0.031193,-0.00484268,-0.00197434,-0.000210364,-0.00218073,0.00102593,0.00663665,0.011041,-0.0015622,-0.00350413,0.00099529,-0.0133372,-0.0322911,-0.00496137],[-0.00982969,-0.0105228,0.0600333,0.0033621,0.0328968,0.0150324,0.00100093,-0.000982053,0.00202647,0.00489631,0.0130335,-0.00177654,0.00249353,-0.00121834,0.00336387,0.00875068,0.0188532,0.00187507,-0.021669,-0.0011144,-0.0455246,0.0436104,-0.00466732],[-0.0443415,-0.0836992,0.222378,-0.0242513,0.0322253,-0.0468684,0.179578,0.0553316,-0.259002,-0.0739351,0.016573,0.00916113,0.0216824,0.0211808,0.0147985,-0.0524983,-0.0049103,-0.0203361,0.134695,-0.00972912,-0.394237,-0.162221,0.013859],[-0.0155509,0.0105057,0.0298032,0.00545429,0.0390736,0.158498,0.0712119,0.412885,-0.556362,-0.870092,-0.0678968,0.0145195,0.0374022,0.0222274,0.0100989,-0.081189,0.10176,0.0256871,0.150783,0.00673799,-0.348204,0.828882,0.0221352],[0.00274601,0.00161899,-0.023255,0.00215784,0.0125235,-0.00303333,-0.0107461,-0.0150901,0.150147,0.0559427,-0.00120301,-0.002405,-0.0028883,-0.0025431,-0.00138485,0.0278227,0.0202206,0.00767786,0.0128263,-0.000417902,0.0490247,-0.0346971,-0.00298698],[-0.00300039,0.00100709,0.0210483,-0.00118673,-0.025433,-0.00706167,-0.0105909,-0.012864,0.0585712,0.0728266,-0.00360394,0.000265419,-0.00121669,6.16582e-05,-0.000574844,0.00991529,-0.00361594,0.00704966,0.00311325,-0.00082762,-0.00465522,-0.0233388,0.000819826],[0.0024962,-0.0291832,-0.123313,-0.000935842,-0.129962,-0.254892,-0.00560983,-0.00139024,-0.0518667,0.0186864,0.0322698,0.00174331,-0.00640597,-0.00112647,0.00325528,-0.0433898,-0.0122301,-0.00345285,0.0376811,0.00405266,0.20617,0.147299,0.00175427],[-0.0207295,0.0346143,0.256446,-0.0403277,-0.306369,-0.445994,-0.289372,0.031312,-0.035134,0.522512,0.0731172,0.101754,-0.02099,0.0819561,-0.0201295,0.0200845,-0.115314,-0.016192,0.0161876,0.0284723,-0.0911545,-0.50932,0.0860652],[-0.0688033,0.000323328,-0.163351,0.00598677,-0.175476,-0.137766,0.021677,0.060141,-0.287113,-0.157612,0.0105308,0.00825093,0.0489222,0.0159026,0.00359432,0.0356821,0.00673456,-0.012761,-0.0612445,0.0280949,0.593475,0.468738,0.0160438],[-0.0164202,0.0493134,0.289092,-0.038217,-0.677866,-0.66551,-0.168314,0.0519125,-0.383114,0.411149,0.0827716,0.112913,-0.00975572,0.104268,-0.00857961,0.0104564,-0.0820179,-0.0105438,0.0203224,0.0311362,0.508121,-0.481965,0.0936434],[-0.0291173,-0.0493605,0.14467,-0.0249182,-0.0369824,-0.300592,0.0292393,0.0528374,-0.169362,0.121388,-0.00870118,0.0268556,0.0534837,0.0339387,0.0349294,0.0453336,0.031721,-0.010947,-0.0364647,0.0313454,-0.283955,0.552969,0.0391605],[0.0869476,0.0773141,0.195055,-0.00516683,0.206374,0.323309,0.151071,-0.12444,0.919206,0.254037,-0.0381528,0.00188649,0.00292981,0.00878714,0.00152584,0.541065,0.136258,0.00776087,-0.070233,-0.0229908,-0.0457934,0.605846,0.0145506],[-0.0282698,-0.00632147,-0.0314228,0.0115848,-0.0530209,-0.0108488,-0.0340359,0.0126806,0.279583,-0.118159,0.00527163,0.00702953,0.0235832,0.00697706,0.00778721,0.0355453,0.654054,0.0021306,-0.0612409,0.00913209,-0.308242,0.35956,0.0057156],[-0.027569,-0.0581282,-0.0331407,-0.0277659,0.00732556,-0.0733106,-0.147254,-0.00591511,1.27267,0.999258,0.0172228,-0.0272771,-0.0277706,-0.0182631,0.00526437,0.193217,-0.172262,0.457819,0.492938,0.00877779,1.30207,2.93447,-0.0249974],[0.0229145,-0.0363286,0.0921461,-0.0236958,-0.031273,-0.106555,-0.0240265,0.145724,0.459363,0.0751397,0.0192015,0.00698495,-0.0460517,-0.00334979,-0.00511996,-0.0777285,-0.0170953,0.0651393,0.50962,-0.0240588,-0.113176,-0.469748,-0.000898571],[-0.0470935,-0.0155249,-0.127334,0.0132291,-0.130275,-0.0711105,-0.0564837,0.0354411,-0.0771566,-0.0611064,-0.00604796,0.0054845,0.0146271,0.00236449,-0.00777358,0.0315349,-0.0147212,0.00138492,-0.0751772,0.010089,0.0367736,0.453864,0.00826837],[0.000333901,-0.00297222,-0.032444,-0.0031269,-0.0127232,-0.0435954,0.00112938,0.00375573,-0.00340905,0.0170952,-0.000669033,0.000290348,-0.00138854,-0.000210225,-0.000415935,-0.000697741,-0.00978141,0.00132472,0.00535304,-0.00185847,-0.15711,-0.00673138,0.00105249],[-0.00535374,-0.00823426,-0.0138966,0.000957209,-0.00500147,-0.0164912,0.00440274,0.0111377,-0.0287026,-0.0119238,-0.000480179,9.07881e-05,0.00242066,0.000259457,0.00168504,-0.000873009,-0.0036352,0.00435974,0.00613799,0.00229653,0.00611255,0.179707,0.000699241],[-0.0320677,0.00291496,0.166071,-0.0155758,-0.256033,-0.220679,-0.0101456,0.0508397,-0.147933,0.029408,0.0123104,0.0382074,0.0210051,0.0343111,-0.000316037,-0.00790893,0.023665,-0.0179812,-0.0296892,0.0149871,0.094813,-0.0820601,0.0235993],[-0.0105081,0.0176471,-0.0292467,0.00135347,-0.0642863,-0.100081,0.00850802,-0.0165328,0.0358232,-0.000300936,0.0124932,-0.00345721,0.000754859,-0.00160388,-0.00538884,-0.0110758,-0.016385,-0.0127293,0.0270302,-0.00269224,0.0408402,-0.187833,-0.00299747],[0.0154012,0.0155378,-0.0776146,0.0209967,-0.115241,-0.203507,0.021769,-0.00857763,-0.0440909,-0.152842,0.0412934,-0.013276,0.00436616,-0.0109612,-0.000296446,-0.0235169,0.0135241,-0.0176582,-0.0144744,-0.00382627,0.34579,0.0157891,-0.0103388],[0.00436046,0.00440062,-0.00749647,8.15887e-05,-0.0173196,-0.0384514,-0.00775783,-0.00419569,0.00807214,-0.00372137,0.00670738,0.00112563,0.00250385,0.00186069,0.00121808,0.00165541,-0.000781235,-0.00397379,-0.0124715,0.00102188,-0.017172,-0.0248905,0.00149029],[-0.0188184,-0.120758,-0.0476484,0.00745812,0.165845,0.120503,0.114558,0.020981,-0.360188,-0.294426,0.0280064,-0.00569307,0.0368652,-0.00432621,0.022989,-0.0304254,0.0682545,0.0039601,-0.00024011,0.0328502,0.612682,0.534754,0.0017712],[-0.00182748,0.000257413,0.0179861,0.000556136,-0.0225957,-0.0120613,-9.5998e-05,-0.00421136,0.00662131,-0.00524912,-0.00364007,-0.00100877,0.00154616,-0.000230988,0.000722254,0.00722956,0.000759363,-0.00181148,-0.0017045,-0.000940149,-0.0147843,-0.0138826,-0.000243545],[0.00132131,0.00545186,0.00886239,-0.000311608,-0.0196064,-0.0246705,0.00206214,-0.00225219,-0.00749338,0.00375621,0.00053912,-0.00027308,0.00196146,0.000733191,0.00172594,0.00227388,0.00132647,-2.59583e-05,-0.0027154,0.000446883,0.0443503,-0.0057084,0.000116074],[-0.0123155,-0.0303341,0.0273342,-0.00938756,-0.0569351,-0.0929982,0.0122776,-0.000672676,-0.0402183,0.0297325,0.0198431,0.00947804,0.000900876,0.0115981,0.00141013,-0.00785099,-0.0108051,-0.00430566,0.0507842,-0.00056535,0.112894,-0.0882294,0.00739878],[0.0237144,0.0206545,0.0501116,0.0029012,0.0463943,0.0492844,0.03276,0.0745826,-0.227003,-0.272597,0.0067636,-4.58027e-05,0.00335165,0.00405726,0.00125423,-0.0474781,0.0165796,-0.00368866,0.0150318,-0.00563326,-0.0129366,0.123149,0.00247914],[-0.00237293,-0.00191076,-0.0156109,0.0010556,0.000279732,-0.00150279,-0.00148229,-0.000867895,0.029391,0.00886012,0.000149613,-0.000574213,0.000419503,-0.000847384,-0.000315569,0.00713995,0.00785176,0.000403707,0.00511368,0.000940964,0.00675086,0.00462926,-0.000727329],[-5.43123e-05,0.000996731,0.00261303,9.79736e-05,-0.00586044,-0.00365779,-0.00334399,-0.00296824,0.0162666,0.0155263,-0.000642632,0.000187376,-0.000361154,8.94452e-05,-0.000370742,0.00262768,-0.00062265,0.00176117,0.000557805,0.00026621,-0.00751536,-0.00275253,5.96942e-05],[-0.00182969,-0.00938513,-0.0613567,0.000684364,-0.0268975,-0.0470504,-0.00380766,-0.00369984,-0.00629946,-0.0149919,-0.00553536,-0.0013224,0.000515897,-0.00252528,0.000236569,-0.0103987,0.00647732,-0.000672933,0.00107862,0.00170582,-0.028539,0.0386502,-0.00100391],[-0.0189087,0.0104204,-0.0161683,-0.00740056,-0.0600161,-0.0673248,-0.0714066,0.0238192,-0.0333802,0.0474733,-0.00333934,0.0108665,-0.0030289,0.00468626,-0.00596974,-0.0134959,-0.0312949,0.00454377,-0.00951655,0.00288687,0.129405,0.00615449,0.00932484],[-0.0156038,-0.0182783,-0.0916119,0.000176105,-0.0272883,-0.0739287,0.0142566,0.019435,-0.0784062,-0.0241748,0.0165613,0.00497209,0.00131062,0.00481763,-0.00132442,-0.00647914,0.00877752,0.000792385,0.0135775,0.0100708,0.191045,0.182183,0.00357147],[0.0053593,0.00413036,-0.0303168,-0.00246819,-0.0456299,-0.129268,-0.0512896,-0.00201221,-0.0869688,0.0520611,0.0245959,0.0174599,-0.00723513,0.0121328,-0.0070265,-0.0136718,-0.0427347,-0.0027086,-0.00334019,0.00518064,-0.050208,0.0794602,0.0145925],[-0.0129555,0.0120512,0.0333859,0.00277712,-0.0963927,-0.0883133,-0.0102652,0.0153127,-0.044067,0.0182542,0.00584526,0.0078159,0.0116384,0.00925837,0.00210208,0.00592352,-0.0101788,-0.00430638,-0.00465825,0.0104763,-0.00627919,0.144206,0.00982783],[0.00241149,0.00881163,0.0309289,-0.0064204,-0.0225763,-0.0332687,0.0324042,-0.0165065,0.207099,0.0701654,0.000430683,0.00279567,0.000582525,0.00494814,-0.0008535,0.100703,0.0351599,0.00227475,0.0363371,-0.00297154,-0.00679601,0.132955,0.00543324],[0.00503242,0.00194322,0.0255176,-0.00173885,0.0134447,0.00872672,0.00801103,-0.00109744,0.0514584,0.0197333,0.00762998,0.00415798,-0.00227562,0.00341471,0.000173607,-0.00943887,0.160352,0.015298,0.00898603,0.00249066,0.0187168,0.0989537,0.00193946],[-0.0149457,0.00124478,-0.0560252,-0.00399466,-0.0112426,-0.0408601,0.0154208,0.0685792,0.118715,0.0312639,-0.0150178,-0.00980874,0.00533285,-0.00434786,0.00222379,0.0253963,0.0124663,0.0760533,0.0691117,0.0116195,0.282828,0.915826,-0.00672381],[-0.00405258,0.0142881,0.0174689,0.000830517,0.00592353,0.0245097,-0.0308311,0.0386952,0.12168,-0.0234598,-0.00420655,-0.00123302,-0.000876859,-0.00309714,-0.00512527,0.00864865,0.0316819,0.00517082,0.0547792,0.00523557,-0.0504209,-0.068433,-0.00119898],[-0.00870808,-0.00353911,-0.0201514,0.000616008,0.0231306,0.0330375,0.0130036,0.00891399,-0.0500759,-0.0401759,-0.0110118,-0.0015485,0.00526294,-0.00146829,0.00155336,0.00382407,0.0199956,0.00313641,-0.0202468,0.000576067,0.0285066,0.0925164,-0.000784484],[-0.0006319,-0.00185941,0.00573274,-0.000346324,0.00668386,0.0101111,0.00453507,-0.000609799,-0.00356361,-0.00199318,-1.01255e-05,7.88631e-05,-0.000438183,2.677e-05,-4.16046e-05,0.000306286,-5.06768e-05,0.000144065,0.00140652,-0.000164229,-0.00965432,-0.00719729,-0.000150928],[-0.0013393,-0.00265871,-0.000264662,8.15238e-06,-0.000458321,-0.00186259,0.00197784,0.00276579,-0.00567695,-0.00423872,-0.000276028,0.000142377,0.00088938,0.000217614,0.000650509,0.000306694,-0.000333301,0.0013538,0.00269572,0.000434754,0.00299688,0.0396183,0.000225753],[-0.0121394,-0.000265179,-0.0359341,-0.000604833,-0.0967546,-0.106017,-0.0173181,0.00883679,-0.0266828,-0.00157104,0.004908,0.00436684,-0.00119361,0.00368482,-0.00381801,-0.00933879,-0.0126894,-0.00240759,0.00310596,0.00299066,0.0802227,-6.04502e-05,0.00388841],[-0.00893552,-0.000553835,-0.0642845,0.000677712,-0.0299128,-0.0333674,-0.00829892,-0.00679949,0.00746153,-0.0302654,0.00675321,-0.00349585,0.00209819,-0.00232665,-0.00397291,-0.00534212,0.00589502,-0.0091448,-0.0021413,0.00309622,0.0426048,-0.0374987,-0.0017731],[0.000571644,-0.0175692,-0.162042,0.00506519,0.00994094,-0.0457656,0.0245002,0.00415772,-0.053548,-0.0941173,0.00728682,-0.00226731,0.00459285,-0.00302277,0.000977737,-0.0210907,0.016976,-0.00578857,0.00928948,0.00928852,0.142202,0.0919362,-0.00101446],[0.000419103,0.000520668,-0.0181685,0.000825611,-0.00358827,-0.0238584,-0.00348624,-3.24442e-05,-0.00508902,0.00189872,0.00582603,0.000928093,0.00156024,0.000981659,0.000159129,-0.00150629,0.000643581,-0.00210425,-0.00249001,0.00220658,0.00307789,0.0197755,0.00144419],[-0.0307189,-0.0372976,-0.0754129,-0.00380137,-0.0443329,-0.0402837,0.0603674,0.0249969,-0.225615,-0.081149,0.00418298,-0.0015577,0.0237042,-0.00118673,0.0146135,-0.0253044,0.0135838,-0.00685321,-0.0120543,0.0143623,0.0871936,0.242668,0.00229086],[0.0014038,-0.000969075,0.000251358,0.000216928,-0.00451679,-0.00707258,6.45333e-05,-0.00279138,0.0023429,-0.00497562,0.00255101,-0.00023344,0.00120225,0.000120033,0.000331062,0.00126641,0.0026693,-0.000717969,0.00115811,-0.000710382,-0.0238366,0.0040877,0.000295275],[0.00217617,-0.000972115,-0.000246369,-0.000788579,-0.00338836,-0.00893011,0.00116486,-0.00212686,-0.00749429,-0.000516488,0.00156288,0.000369331,0.00209529,0.000660909,0.000891389,-0.00106501,0.000405313,-0.000213189,0.000546271,0.000273575,-0.0376116,0.00899558,0.00114415],[0.00195659,-0.00670094,0.0108155,-0.00565109,-0.0236902,-0.0498273,-0.0136135,-0.000485727,0.00353785,0.0249611,0.00886582,0.00565886,-0.00234003,0.00540301,0.000778683,-0.00399064,-0.0168826,-0.00318633,0.0148708,-2.85237e-05,0.00258452,-0.0718867,0.00472326],[0.0209325,0.0308984,0.0855398,0.00278043,0.0147606,0.0556432,0.0152104,0.0346459,-0.141007,-0.111204,5.56343e-05,-0.000735294,0.00258147,0.00186497,0.000489411,-0.0266681,0.00635324,-0.00426162,-0.00609993,-0.00160493,-0.0410245,0.00789457,0.00227551],[-0.00177295,-0.00253277,-0.00885902,0.000418848,-0.000151945,-0.00215838,0.000287914,0.000537304,0.0120304,0.000621219,-0.000565388,-0.000224798,0.000685396,-0.000344321,0.00018707,0.00404963,0.0043433,8.09336e-05,0.000910129,0.000536153,0.00465141,0.015417,-0.000250618],[-0.000830651,-0.000662363,-0.00398737,0.000195865,8.00592e-05,2.05509e-05,-0.00152809,-0.000640738,0.00650264,0.00448663,-6.91897e-05,4.38263e-05,0.000273363,-5.62851e-06,-0.000108964,0.00161223,-5.99112e-05,0.000940444,-0.000111522,0.00065851,0.00655581,0.00706337,-1.98934e-06],[-0.00390185,-0.00241263,-0.0220786,0.000158895,-0.0021348,-0.00434621,-0.00151328,0.0014642,0.00188574,-0.0152134,-0.00133549,-9.70208e-05,0.000442334,-0.000589436,-0.00116239,-0.000296768,-0.00132983,-0.00182173,0.000739649,-9.70214e-05,-0.00198834,0.0119519,-0.000381928],[-0.00426275,-0.00211219,-0.0270799,0.00227721,-0.0143962,-0.046388,-0.0373476,-0.00116791,0.0299496,0.0459106,0.00774636,0.000393697,-0.00530632,-0.00119373,-0.00433657,-0.00628868,-0.0197745,0.00773647,0.00277098,0.00214,-0.0442438,0.136394,-0.000386748],[0.0027533,-0.00657435,0.00936298,-0.00142776,-0.000190621,-0.0139325,0.00813607,0.00545926,-0.0326814,-0.000464893,0.00295214,0.00137419,-0.00146724,0.00083927,0.00106262,-0.0119635,-0.00244778,-0.00127563,0.00600492,-0.000267306,-0.0327569,0.0274694,0.00212662],[-0.00132402,-0.00151422,-0.0733763,0.00163704,0.000329343,-0.0356763,-0.0213345,0.0126451,-0.0124683,0.00291057,0.00740243,0.00131517,-0.00321152,-0.000612457,-0.00370422,-0.0246318,-0.00993225,0.0070474,0.0116228,0.00139121,0.0667202,0.12996,0.000341283],[0.00103912,0.00560417,0.00994565,0.00180176,-0.0160935,-0.00208523,-0.00752674,0.00817895,-0.0119522,0.0114388,0.00133113,0.00199298,-0.00204089,0.00117673,-0.00135241,-0.00937523,-0.00310503,-0.00521083,-0.00329667,0.00383418,0.000549948,-0.00843541,0.002338],[0.00150519,-0.000656455,-0.0164782,-0.0022441,-0.0300894,-0.046822,0.00796704,-0.0200253,0.103979,0.0113004,0.00728206,0.000436913,-0.0033864,0.000722706,-0.00409632,0.0330664,0.00615524,0.000883043,0.0448615,-0.00882845,0.0265752,-0.0677673,-0.00208565],[0.00257838,0.00209423,0.0293349,-0.00153548,-0.00601146,-0.000855471,-0.00512475,-0.00165303,0.0394144,0.0410995,0.00101886,0.00104717,-0.00365812,0.00047344,0.000222179,-0.00930337,0.0469148,0.00938765,0.00932609,-0.00218129,-0.0426137,0.0512369,0.000376922],[-0.0171864,0.0139071,0.0092936,0.00953825,-0.0381532,0.0140997,0.00441219,0.042852,0.00249357,-0.0577647,-0.00986245,-0.00565722,0.00497423,-0.00339799,-0.000410279,0.0187567,0.0149929,0.0113496,-0.00417816,0.0104772,-0.122914,0.413711,-0.00055336],[0.00147049,0.0101208,-0.016358,0.00303116,0.0145791,0.0349927,-0.00788904,0.0213671,0.0456731,-0.0664112,-0.00711481,-0.00380265,0.00264897,-0.00373392,-0.0016252,0.00972617,0.022367,-0.00205996,-0.0016693,0.0017166,-0.0239649,-0.014804,-0.00289698],[-0.00151708,-0.00239283,-0.0145269,-0.00124032,-0.00272415,-0.0128213,0.000408284,-0.00214814,-0.0182459,-0.00590828,0.00124183,-0.000773642,-1.72476e-05,-0.000897777,-0.00121835,-0.00217848,-0.00629027,0.00166727,-0.00202509,0.000266939,0.00547156,0.0307188,-0.000796324],[-0.000221558,0.000309736,0.00125003,-3.96434e-05,0.000533419,0.000175054,-0.000711163,0.000303405,0.000801629,0.000326365,0.00019765,-7.93012e-05,-0.000409595,-0.000117407,-0.000313469,-0.000471203,-0.00100025,0.000193239,-0.000140971,5.76192e-05,-0.00350728,0.00199806,-4.89446e-05],[-0.000711587,-0.00113498,-0.00211623,-5.4038e-05,-0.00134596,-0.00246726,-0.000108411,0.00108712,-0.00249092,-0.00114176,0.000192698,0.000238821,0.000154272,0.000210081,0.000139766,-5.32155e-05,-0.000678214,0.000539162,0.00205529,0.000311115,0.000568766,0.0163882,0.000172363],[0.000205132,-0.00382323,-0.0567858,-4.75694e-05,0.00795362,-0.0164368,-0.0110142,0.00308975,0.00831574,-0.0010049,0.00744249,0.000310161,-0.00196145,-0.000245045,-0.00248769,-0.00230067,-0.00412462,0.00508717,0.0127026,0.00369105,0.106572,0.0590996,-0.000548375]],"sigmahat":[[0.475417,0.3269,0.981989,0.00128908,0.692579,0.7443,0.0914809,-0.395297,1.99677,0.599721,0.0460224,-0.0045691,-0.0571534,-0.000622875,-0.00382413,0.210369,0.04795,0.0548854,0.0232863,-0.0735045,-0.144695,-0.852769,0.00935327],[0.3269,0.757957,1.49308,0.085243,0.0946907,0.792554,-0.0425327,-0.501988,2.10989,0.739807,0.0584864,0.00550853,0.020768,0.0255417,-0.0475248,0.209318,-0.01186,0.0395908,-0.272718,-0.055631,0.302302,-0.439574,0.0237655],[0.981989,1.49308,14.2746,-0.0411891,2.13475,4.46625,0.773473,-0.958029,5.64174,2.25887,-0.150453,0.263576,0.0605155,0.354967,0.0196028,0.608616,0.339062,0.0765426,-0.28606,-0.454448,-5.87692,-3.17224,0.322524],[0.00128908,0.085243,-0.0411891,0.089732,-0.0490789,0.122577,0.0532227,-0.152104,0.116446,-0.109467,0.0265887,-0.0186116,0.0371727,-0.0137702,-0.00399233,0.0360425,0.0924821,-0.0427492,-0.199721,0.0063089,0.328985,0.388318,-0.0130691],[0.692579,0.0946907,2.13475,-0.0490789,6.62021,5.68177,0.790265,-0.436492,3.27242,-0.0107256,-0.176756,-0.102791,-0.175681,-0.121285,-0.0356488,0.70449,0.41691,0.0830995,-0.0995169,-0.189228,-1.0193,-0.964005,-0.0736816],[0.7443,0.792554,4.46625,0.122577,5.68177,9.48643,0.848353,-0.532262,3.67115,-0.413252,-0.377554,-0.14399,-0.0209041,-0.113064,0.00427138,1.04931,0.399078,0.161623,-0.426193,-0.212338,0.360874,-0.809317,-0.0980681],[0.0914809,-0.0425327,0.773473,0.0532227,0.790265,0.848353,1.10255,-0.431557,0.205922,-0.499673,-0.0663678,-0.0199573,0.140526,0.017378,0.0883376,0.522457,1.06409,-0.198843,-0.595847,-0.0516845,0.564723,1.3634,0.0111049],[-0.395297,-0.501988,-0.958029,-0.152104,-0.436492,-0.532262,-0.431557,13.7911,-56.6776,-30.4587,-0.324632,0.0288625,-0.0620614,-0.00419449,0.0131546,-20.2563,-26.7308,-1.10971,6.8536,0.130083,-0.530343,-16.7684,-0.00252451],[1.99677,2.10989,5.64174,0.116446,3.27242,3.67115,0.205922,-56.6776,423.293,178.134,0.500496,0.0762072,-0.226056,0.247175,0.17941,130.277,197.392,24.718,7.13452,-0.829081,7.84342,248.111,0.231423],[0.599721,0.739807,2.25887,-0.109467,-0.0107256,-0.413252,-0.499673,-30.4587,178.134,88.1375,0.438595,0.106194,-0.224162,0.138626,0.0192897,58.0042,80.878,8.45317,-4.47137,-0.264764,1.60097,84.545,0.146987],[0.0460224,0.0584864,-0.150453,0.0265887,-0.176756,-0.377554,-0.0663678,-0.324632,0.500496,0.438595,0.362065,0.0244274,0.00528332,0.0222112,-0.0149104,-0.216678,-0.109889,-0.00434924,0.0312756,0.0115428,0.10715,0.328257,0.00919685],[-0.0045691,0.00550853,0.263576,-0.0186116,-0.102791,-0.14399,-0.0199573,0.0288625,0.0762072,0.106194,0.0244274,0.0576622,0.0143405,0.0548609,0.00644472,0.0117773,0.240072,0.00746822,0.0190762,0.00993715,-0.103881,0.316238,0.050737],[-0.0571534,0.020768,0.0605155,0.0371727,-0.175681,-0.0209041,0.140526,-0.0620614,-0.226056,-0.224162,0.00528332,0.0143405,0.111884,0.0293831,0.0330356,0.0829479,0.333272,-0.0421091,-0.246466,0.0193776,0.280392,1.13613,0.0286254],[-0.000622875,0.0255417,0.354967,-0.0137702,-0.121285,-0.113064,0.017378,-0.00419449,0.247175,0.138626,0.0222112,0.0548609,0.0293831,0.0597938,0.0127105,0.103202,0.386544,0.0124787,-0.0220188,0.00878486,-0.0590702,0.513084,0.0537831],[-0.00382413,-0.0475248,0.0196028,-0.00399233,-0.0356488,0.00427138,0.0883376,0.0131546,0.17941,0.0192897,-0.0149104,0.00644472,0.0330356,0.0127105,0.0381159,0.118439,0.32165,0.0294736,0.0292275,-0.00360774,0.136725,0.700187,0.00982116],[0.210369,0.209318,0.608616,0.0360425,0.70449,1.04931,0.522457,-20.2563,130.277,58.0042,-0.216678,0.0117773,0.0829479,0.103202,0.118439,44.2808,64.5594,6.35758,-2.80514,-0.109341,1.97919,70.5862,0.0989957],[0.04795,-0.01186,0.339062,0.0924821,0.41691,0.399078,1.06409,-26.7308,197.392,80.878,-0.109889,0.240072,0.333272,0.386544,0.32165,64.5594,108.095,10.9074,-0.415792,-0.0915418,1.21613,122.515,0.315879],[0.0548854,0.0395908,0.0765426,-0.0427492,0.0830995,0.161623,-0.198843,-1.10971,24.718,8.45317,-0.00434924,0.00746822,-0.0421091,0.0124787,0.0294736,6.35758,10.9074,2.49552,3.4914,-0.0281219,1.26356,22.4396,0.00696059],[0.0232863,-0.272718,-0.28606,-0.199721,-0.0995169,-0.426193,-0.595847,6.8536,7.13452,-4.47137,0.0312756,0.0190762,-0.246466,-0.0220188,0.0292275,-2.80514,-0.415792,3.4914,11.8842,-0.0571713,1.54331,23.562,-0.0200509],[-0.0735045,-0.055631,-0.454448,0.0063089,-0.189228,-0.212338,-0.0516845,0.130083,-0.829081,-0.264764,0.0115428,0.00993715,0.0193776,0.00878486,-0.00360774,-0.109341,-0.0915418,-0.0281219,-0.0571713,0.0790804,0.481453,0.298157,0.00919231],[-0.144695,0.302302,-5.87692,0.328985,-1.0193,0.360874,0.564723,-0.530343,7.84342,1.60097,0.10715,-0.103881,0.280392,-0.0590702,0.136725,1.97919,1.21613,1.26356,1.54331,0.481453,48.2216,15.0101,-0.181931],[-0.852769,-0.439574,-3.17224,0.388318,-0.964005,-0.809317,1.3634,-16.7684,248.111,84.545,0.328257,0.316238,1.13613,0.513084,0.700187,70.5862,122.515,22.4396,23.562,0.298157,15.0101,263.174,0.504161],[0.00935327,0.0237655,0.322524,-0.0130691,-0.0736816,-0.0980681,0.0111049,-0.00252451,0.231423,0.146987,0.00919685,0.050737,0.0286254,0.0537831,0.00982116,0.0989957,0.315879,0.00696059,-0.0200509,0.00919231,-0.181931,0.504161,0.0622323]],"n":23,"lags":3}