{"betahat":[[0.156554,3.80122,-4.33177,2.37437,0.724928,5.09537,-3.13193,1.08153,2.48072,7.26768,-0.177486,0.591907,-0.517808,0.256764,-0.640004,3.38335,-0.463856,17.8296,1.9138,3.11659,-41.0497,3.06823,-0.220232],[0.766118,0.00662166,0.671742,0.138894,0.314988,0.292479,0.104529,-0.0695817,-0.179259,-0.19276,0.0486153,0.0100383,0.105181,-0.0199814,0.0284581,-0.0413047,0.0535215,-0.0961627,-0.314756,0.0177274,-1.35477,0.0260367,0.0331936],[0.0202901,0.624255,-0.583007,-0.0502637,0.372775,-0.287466,-0.184325,-0.0411765,0.288247,-0.000112978,0.299158,-0.0269784,-0.00118849,-0.0257575,-0.0972142,0.0653915,-0.0483315,0.00583421,0.00504185,0.0826727,-0.915142,-0.0249475,0.00575951],[0.0410703,0.0285838,0.938584,-0.0182045,-0.0920899,0.243461,0.0505951,0.000278377,0.0218019,-0.112756,-0.034114,-0.00176152,-0.00481336,0.00132301,0.0155157,0.0408836,0.0185052,0.0356454,0.028698,0.00682432,0.232703,-0.0191632,0.00114597],[0.143437,0.58824,1.17579,0.988119,-0.692794,0.61384,0.40179,-0.144034,0.609684,-1.13673,-0.258673,0.00209359,-0.169538,-0.0480666,-0.0962195,-0.115922,0.300902,-0.164083,0.13065,-0.0565733,-2.66971,-0.14722,-0.12376],[0.00779971,0.0898954,0.0300338,0.00759038,0.620397,-0.0180712,0.0105177,-0.0235849,-0.0353716,0.0639388,-0.0487253,0.00312584,-0.00823837,-0.000992566,0.00143873,0.00204591,0.0087235,0.00150223,0.0245725,-0.00295755,0.193422,-0.0293785,-0.00465358],[-0.0632096,-0.0864703,-0.011901,0.00115674,-0.00173703,0.560196,-0.0121049,0.00884038,-0.0139603,0.0832297,0.0497083,0.0029173,-0.0136112,0.00223345,-0.00339116,0.00450486,0.0245601,0.00386448,-0.0150137,-0.00242537,-0.210957,0.0466012,-0.00619675],[-0.119124,-0.0711951,0.0748204,0.0533064,0.0507058,0.179567,1.20552,-0.0466659,-0.0216875,-0.204806,-0.0061508,-0.0151941,0.0568864,-0.00295045,0.00660645,0.0269479,0.172127,0.0328599,0.0539034,-0.0176596,0.428247,-0.0256658,-0.0111205],[0.319421,0.122985,-0.57369,0.00783779,0.0293896,-0.17444,-0.029473,0.690225,0.932685,-0.41559,-0.0677776,0.017957,-0.0232491,0.0388228,0.0226121,0.0253141,0.072358,0.136195,0.372727,-0.0453016,-0.553443,-0.0817554,0.0315252],[0.045117,0.0962583,-0.257797,0.0103939,0.0375507,-0.369236,0.0089847,-0.021981,0.908558,-0.0402256,-0.0151032,0.000774513,-0.0654096,0.00338519,-0.0252572,0.00758156,0.0862721,0.0720259,0.068745,-0.011553,0.354827,-0.0138148,0.0115434],[-0.137709,-0.0608551,0.212733,0.0082999,-0.521983,-0.363086,-0.0596093,-0.0214569,0.0176551,0.800083,-0.0317745,-0.00928678,0.00575021,-0.0109452,-0.0103521,-0.0219,-0.0133971,-0.0155789,0.0434124,-0.0444409,-0.562179,0.00528815,0.0170153],[-0.19266,-0.295726,-1.30355,-0.0979762,-0.35068,-1.67221,0.243682,0.10475,-0.500884,-0.0888771,0.877812,-0.0343356,-0.00772674,-0.0437595,0.0673488,0.106447,0.0156809,-0.00337635,-0.0380152,0.0634291,0.985734,0.0354721,-0.0346726],[1.00199,1.03049,5.40534,0.00807443,3.44334,3.73027,-0.680554,0.634563,0.0650376,2.47955,-0.0807512,0.910717,0.0372824,-0.0380731,0.21927,0.164523,-0.578512,-1.04782,-1.77293,-0.262615,-7.84482,-0.227509,0.14825],[-0.23206,0.515596,-1.09952,-0.075597,0.857858,1.00643,0.0257998,0.349822,-0.908215,-0.573834,0.0389245,-0.0284102,0.774175,0.0133995,-0.0915406,-0.205464,-0.235847,0.0840644,-0.345053,0.0376282,4.32658,-0.021581,0.118373],[-0.505991,-0.139614,-4.42968,0.157847,-2.24859,-0.531397,0.104477,-0.415747,-0.721159,-0.80824,0.251681,0.493598,-0.359496,1.29548,0.0423962,0.272523,0.184159,0.695937,0.819038,0.414289,6.51706,0.291104,0.268493],[0.462527,-0.499903,0.222893,-0.373343,0.796471,-4.28863,0.170119,0.167056,0.100407,0.704381,0.0836595,0.122674,0.168375,0.145114,0.95362,0.330903,0.0685671,0.0687084,-0.097867,0.100929,-1.01483,0.00859574,0.153869],[0.161436,0.000314951,-0.673669,-0.0620155,0.572521,0.906028,0.17849,-0.0304931,-0.236446,-0.594428,-0.158411,0.00868765,-0.0291232,0.00882599,0.00611479,1.0244,0.0450215,0.124437,-0.207525,0.0276215,1.88479,0.0428323,0.0934989],[-0.0192866,-0.229772,-0.620608,-0.0458189,-0.53109,-0.828635,-0.357168,-0.0348171,-0.0564831,-0.116354,0.00918833,0.0357433,0.0860423,0.0335022,0.0549467,0.0375495,0.585955,-0.0363555,-0.121484,-0.0781644,-1.72201,0.00968599,0.0576165],[-0.280322,-0.174286,1.43701,-0.0730652,0.0330555,0.987405,0.0345477,-0.516246,1.26359,-0.13596,0.0504131,-0.0301129,0.0655502,-0.0129324,0.0512841,0.360121,0.001342,0.60839,0.81634,0.0182906,1.35017,0.433431,-0.0554725],[-0.0405114,-0.00380407,0.559945,-0.0521981,-0.513109,-0.292221,-0.245134,0.151325,0.00973547,0.102496,0.0752485,-0.0149019,-0.0721499,-0.0350771,-0.0139875,-0.240736,-0.170902,0.0762282,0.783944,0.0051759,0.752928,-0.287983,-0.00559148],[0.060963,0.139482,-0.181894,-0.0178939,-0.301029,-0.086549,-0.179495,0.0618763,0.151227,-0.445654,-0.210389,-0.0660675,-0.0208434,-0.0718798,-0.0101169,0.3541,-0.279926,-0.0107921,-0.562458,0.201803,1.18584,-0.0185271,-0.0426079],[-0.0131607,-0.00606837,0.109996,-0.0139697,-0.078026,-0.139412,-0.0089558,0.00234372,-0.00256023,0.067166,0.00491517,7.04959e-05,-0.0114649,-0.0023532,-0.00571753,-0.00852249,-0.0104204,0.0143714,0.029691,-0.0135738,-0.652492,-0.0089362,0.00249566],[-0.000296087,-0.1278,-0.730605,-0.00294018,-0.435449,-0.893684,-0.114859,0.159185,0.307345,0.260073,0.000614456,0.000109984,-0.0331729,-0.000502683,-0.0290988,-0.246731,-0.13881,0.195471,0.150349,0.0746959,1.97588,0.981577,0.00169612],[-0.419369,-0.368494,0.934433,-0.17877,-2.66638,-2.63862,0.432645,0.294636,0.383998,-1.2354,-0.0897277,-0.0159739,0.346193,0.0110404,-0.0728193,-0.249858,0.375759,0.119739,0.395314,-0.00807618,-0.459417,-0.28398,0.463661],[0.118894,0.0147058,-0.523597,-0.153018,-0.203065,-0.587557,-0.145806,0.0531558,0.0599348,0.243191,0.023111,-0.034336,-0.0994417,-0.0104244,-0.0895351,-0.023917,-0.155818,0.0628189,0.154834,0.00377142,0.294446,0.0146481,-0.035451],[0.120627,0.424485,0.832458,0.0927723,-0.854844,-0.486909,0.119412,0.0394456,-0.0873112,-0.114201,-0.161084,-0.00810005,-0.0108014,-0.00586031,0.05555,-0.0121532,-0.0134394,-0.0144548,0.0268448,-0.0437433,0.955241,-0.00692245,-0.042257],[-0.0301029,-0.00398269,-0.225489,0.00208062,-0.0148364,-0.363399,-0.0502284,0.0230012,0.051277,-0.000937405,0.0162898,-0.000277726,-0.00160209,-0.00412951,-0.00907866,-0.0347396,-0.0351812,-0.0121325,-0.00120088,-0.0128827,0.123654,0.0150654,-0.0141779],[-0.0500014,-0.816006,0.0416902,-0.0466239,1.26747,-0.233149,-0.110808,-0.0106974,-0.857193,0.307075,0.223232,-0.00396703,0.162699,0.030085,0.131025,0.0107784,-0.0942909,0.114521,-0.136693,0.0674245,2.52765,-0.0139222,0.09888],[-0.00489458,-0.0602492,0.0346553,-0.000941978,0.264681,0.0573913,0.0111306,0.0167131,-0.00235551,-0.0803951,0.0188301,-0.00374758,0.00213971,-0.000373415,-0.00310748,0.0171327,-0.00123702,-0.000519608,-0.024977,0.0141906,0.0604969,0.0177068,-0.000346115],[0.0452373,0.0940056,0.0454592,0.00224082,-0.0543429,0.20323,-0.0021542,-0.00196792,0.00189141,-0.0398409,-0.0396929,-0.00248365,0.00322099,-0.000764862,-0.000207997,-0.00533036,-0.0172138,0.00200667,0.0190481,0.00330112,0.242047,-0.031118,0.00551569],[0.0391882,0.0108801,0.125172,-0.0257704,-0.0878346,-0.171567,-0.0894556,0.0138947,-0.0416531,0.118232,0.0124939,0.0188085,-0.0206418,0.018537,0.00928279,-0.0435258,-0.0277922,-0.0151999,-0.008884,0.00430013,-0.147187,0.035627,0.0264925],[-0.144855,-0.252809,0.652951,-0.0507146,0.206527,0.262161,0.261584,-0.00362009,-0.387576,-0.0683532,0.0356292,-0.0183492,0.0216116,-0.0135459,0.0432404,-0.00973823,0.0956121,-0.0258865,-0.0173386,-0.10468,-0.0371905,-0.0114426,-0.0331098],[-0.105373,-0.0284621,-0.105125,0.00334769,-0.000950167,0.312085,-0.0494175,0.0307429,-0.0375735,0.126322,0.0243951,-0.00522617,0.0204641,-0.00697536,-0.00753925,0.0538919,-0.146006,-0.036654,9.87871e-05,0.0285214,0.0871135,0.0135252,-0.00654896],[0.109839,0.0803814,-0.128694,0.0240173,0.47418,0.159967,0.0464852,-0.0443288,0.0795614,0.0572218,0.0168164,0.00773332,-0.0102916,0.0112815,-0.0030348,0.00893783,0.0137167,-0.0211066,-0.082262,0.0196302,-0.507347,0.00904877,-0.00136164],[0.212792,-0.0175335,-0.413813,0.0393888,-0.064849,0.470648,0.0600948,-0.103386,0.318302,-0.444677,-0.279847,-0.0130249,-0.00656852,-0.0232645,-0.0205905,0.149538,0.241778,0.0394391,0.113093,0.0281519,0.894298,0.226005,-0.0267384],[-0.317561,-0.0533079,0.0756055,-0.0485282,-2.09342,-1.37799,0.0961014,-0.231823,0.0189169,-0.109672,-0.455683,-0.20376,0.0514162,-0.143905,0.0178287,0.0844035,0.0839582,0.138992,-0.300244,-0.374611,3.0541,-0.0438579,-0.0871607],[-0.318286,-0.752758,-0.872438,0.152462,-1.65183,-2.76284,-0.121153,-0.251666,0.209624,0.601032,0.345477,0.0726853,-0.253098,-0.00015536,-0.0618304,0.228393,0.195234,-0.167763,-0.0839716,0.0372875,1.07541,0.319909,-0.106877],[-0.309196,-0.155828,-2.11468,0.0805622,0.96485,-0.757412,0.215794,-0.344697,-0.0762304,-0.592804,-0.0747058,-0.169671,-0.0248763,-0.180348,-0.192122,-0.0948879,0.196935,-0.0912509,-0.0160995,0.00744753,3.45987,0.205311,-0.0424215],[-0.425662,0.780693,1.464,0.340351,-2.132,1.62073,-0.672455,-0.506627,0.476596,0.917636,0.0785182,-0.00312141,0.0527425,0.026077,-0.149424,-0.314516,-0.0383913,-0.0634209,0.328715,0.234912,-5.80735,0.176999,-0.0208613],[-0.155374,-0.0889523,0.804463,-0.0788335,0.134527,-0.123398,-0.0115322,0.104005,0.18489,0.519721,0.0926443,-0.0219441,0.000614176,-0.0190164,0.0113571,-0.022585,0.029058,-0.0584866,0.0258366,0.0793431,-0.909309,0.110868,-0.0330003],[0.0560421,0.0668329,0.529406,0.00152146,0.417183,0.147103,0.454189,-0.0230615,-0.275432,-0.134848,0.0191033,-0.0071294,-0.0116026,-0.00811627,-0.0136301,0.00563123,0.415442,0.0708734,0.0724323,0.0556131,0.762266,0.00312477,-0.0326453],[0.27312,0.0179729,-1.57284,-0.0586639,0.298773,-0.378798,0.048941,0.31257,-0.577885,-0.0514493,-0.186613,-0.00170158,0.0867134,0.0407767,-0.00963387,-0.096781,-0.147816,-0.177787,-0.257157,-0.0704076,1.634,-0.313288,0.0143084],[0.110572,0.199462,0.162098,0.02606,0.947393,0.825288,0.0943267,-0.0242257,-0.192485,0.159961,-0.0462629,0.0225389,0.023869,0.0280148,-0.0415366,0.178202,0.0422013,0.137562,-0.117525,0.0236171,-0.436071,0.287013,0.0140947],[-0.193999,0.0145222,-0.715036,-0.148913,0.0834345,-0.199619,0.130458,-0.142103,-0.958491,-0.127418,0.129564,-0.0248027,0.0748665,-0.0351658,0.050698,-0.136044,0.191346,-0.200844,-0.503883,0.232684,1.38749,-0.00925145,-0.109951],[-0.00978932,-0.00757419,0.0617759,-0.00218204,0.0562792,0.0465017,0.0160118,-0.00714106,-0.00538061,-0.0235549,0.00826631,-9.07873e-05,-0.017678,-0.00204791,-0.00616619,0.00453047,0.00173214,0.02367,0.0211741,-0.00651041,-0.277298,0.00633285,-0.00477364],[-0.210534,-0.0393846,0.626507,0.0181649,0.852518,1.10481,0.388244,-0.0954347,-0.596744,-0.871237,-0.0537797,-0.00531332,0.151445,0.0101483,0.0886122,0.234943,0.189639,0.0512385,-0.165755,-0.0335812,-0.945791,-0.13191,-0.00398511],[-0.10919,-0.0511339,-0.258363,-0.00251,0.747928,-0.31171,-0.0465864,-0.0441501,0.251277,0.533091,0.160185,-0.0752789,-0.108196,-0.0607964,-0.0861003,-0.186143,-0.0875298,-0.137784,0.173717,0.0106066,-0.155729,-0.248112,0.187991],[0.115029,-0.021489,-0.148048,0.0140438,-0.112765,0.294731,0.0412013,0.016425,0.119481,-0.0498335,-0.0717482,0.0242554,-0.00570345,0.030375,0.0611326,0.0652369,0.102176,0.0337812,0.160543,-0.0215841,1.06219,-0.0407528,0.00221569],[-0.141061,-0.0489436,-0.249678,-0.0425438,0.481137,0.77357,0.0651256,0.00153534,-0.200981,0.11401,-0.138178,0.0350613,0.01201,0.0315974,0.0417193,-0.0530266,0.061867,0.00915041,-0.0314459,-0.038983,-0.0380586,0.031997,0.0364989],[-0.0112388,-0.0246298,0.281772,0.0157753,0.105083,0.117706,-0.000614335,-0.0237,-0.0729256,0.113863,0.0177697,0.00203865,0.00647645,0.00280923,-0.00648726,-0.00630167,0.0167993,-0.0222291,-0.0260044,0.00595005,-0.354327,0.0044138,0.0131774],[-0.0935049,0.22751,-1.21745,0.0584427,-0.574936,-0.381065,-0.29095,0.154704,0.247633,0.829537,0.0354661,0.00187684,0.00683692,0.0179826,-0.0348176,0.105121,-0.206361,0.0496075,0.0060838,-0.0107259,0.143273,0.161184,0.0248799],[-0.00303572,-0.0297999,-0.0641235,-0.00661311,0.110634,-0.0425569,-0.0215621,0.00652521,0.0376174,0.0186658,0.0298989,0.000607095,0.00633886,0.00139295,0.00201989,-0.0198643,-0.00740782,-0.000111112,0.00241473,-0.0117845,-0.252968,0.0111579,0.00511769],[0.017828,-0.0077537,-0.0340435,-0.0035817,0.0525247,0.231632,0.0141948,-0.00746044,0.0123336,-0.0423423,-0.00986646,-0.000426023,0.0104963,-0.00143528,0.00376944,0.000286458,-0.00704676,-0.00468813,-0.00213517,-0.00124492,-0.0308559,-0.0156402,0.000820241],[0.0793026,0.0594898,-0.196678,-0.0277358,0.0342086,-0.00876925,-0.115702,0.0324356,0.0628846,0.0885963,-0.00661495,-0.00339948,-0.0359554,-0.015321,-0.0151706,0.0157355,-0.144383,-0.0154634,-0.041797,0.0125202,-0.281242,-0.0101373,-0.0151624],[-0.136872,0.22332,0.284727,0.116437,-0.380633,0.167229,-0.10388,0.208887,-0.417823,0.781016,0.0444026,0.00676305,0.0266887,-0.00592525,0.000628823,-0.122282,-0.12521,-0.0784826,0.0893988,0.0754553,-0.118311,-0.0119362,0.0091856],[0.0600713,-0.0687143,0.364671,-0.0143719,-0.0354795,0.0598554,0.0424848,-0.00941205,0.126349,-0.0877201,-0.00979981,0.00436392,0.0453096,0.00354655,0.0329575,-0.060971,0.0605313,-0.0310399,-0.062353,-0.0175192,-0.430489,0.000232559,-0.00469911],[0.0286663,-0.0194743,-0.0838394,-0.0326962,0.0515044,0.206156,0.0139622,0.0658586,-0.0979055,0.13749,0.0144638,0.00158509,0.00456983,-0.000359769,0.0129988,0.0137194,0.000296295,0.0383122,0.0399479,0.0250533,1.07058,-0.0135661,-0.0155039],[-0.373691,0.103829,0.520909,0.0292118,-0.163304,0.352934,-0.0854598,0.176869,-0.372549,-0.00384677,0.110026,0.00687671,-0.0541312,0.00232338,-0.0644385,0.0155763,-0.141834,-0.110696,0.190776,0.00614425,-0.493456,-0.0479697,0.00499584],[-0.110325,-0.41381,0.618024,0.0839346,-2.13617,-1.24235,0.146386,0.0472373,0.224261,-0.207452,0.0954874,-0.0240024,0.123297,0.0220425,0.188537,0.139343,0.0444487,0.415255,0.146821,-0.0426986,-2.3137,0.208622,-0.171295],[0.413299,-0.0859536,1.37087,-0.113322,0.594739,0.350078,-0.356627,0.131156,0.634557,-0.216951,-0.131314,0.0353085,0.155643,0.0649532,0.0520741,-0.391292,-0.128675,-0.0704738,0.00513096,0.0103055,-3.32831,-0.262981,0.135306],[0.131648,0.0531403,-0.353912,0.010289,1.49404,0.992086,0.0310097,0.0985352,0.246239,-0.893868,0.100628,-0.0382289,0.0449925,-0.0495063,-0.0306148,-0.242799,0.0669019,0.172561,0.172155,0.160268,-1.7215,0.0449916,-0.132803],[0.289202,0.00586289,0.919924,-0.0688853,1.05201,2.57174,0.225797,0.236398,-0.295175,-0.0599919,-0.188675,-0.0764836,-0.0351359,-0.0926611,0.0528398,0.135112,-0.044933,0.042835,0.160524,-0.0204973,-0.226801,-0.228837,-0.0324556],[-0.00590762,0.0880117,-0.131482,0.14047,-0.707403,-0.783769,-0.167114,-0.0738218,0.0514764,0.0749795,0.0657538,0.0131821,0.0285108,0.0101426,-0.0174951,-0.00176671,-0.073969,-0.065014,0.182713,-0.107246,-0.972316,-0.15372,-0.0603968],[-0.0370647,0.162509,0.0902485,0.0441169,0.109882,0.679377,-0.0970823,0.0575764,0.332241,0.251524,-0.0286451,-0.028537,-0.0741881,-0.0252766,-0.0409261,-0.0431917,-0.0015793,-0.0333761,0.0499515,0.0222961,0.959095,-0.0124908,-0.0249608],[0.00295517,0.134984,0.217181,0.125354,-0.317967,-0.572447,-0.0466838,0.196186,-0.676,0.128598,0.129563,0.0297045,-0.154026,-0.0280476,-0.0344835,-0.256672,0.152378,-0.321444,-0.396542,0.0414972,-2.64427,-0.113669,0.0412304],[-0.035084,-0.136809,-0.577974,0.0232945,-0.203738,-0.252252,0.211267,-0.0927706,0.177803,-0.28569,-0.0304312,-0.00895601,0.0381838,0.00360167,0.058392,0.0379684,0.127755,-0.0934266,-0.349621,-0.0404044,-0.124966,-0.0245486,-0.00991337],[0.0642597,0.0428668,0.152853,-0.0371413,-0.328638,-0.403041,-0.396316,-0.0158502,0.629131,0.384131,0.0299356,0.0322284,-0.0785908,0.034989,-0.106949,-0.137293,-0.184,-0.0771774,-0.0459381,0.341783,-0.632534,0.0219346,-0.00997711],[-0.00544328,0.00717844,0.0263969,-0.00173927,-0.0155754,-0.067766,-0.0222164,0.00120777,0.0241241,-0.000654256,0.00779988,-0.00285937,-0.00828087,-0.00285504,-0.00709744,-0.00871701,-0.00496752,0.0202162,0.0120744,-0.00500874,-0.10489,0.0086528,-0.00239573],[0.286218,0.0972907,0.337299,-0.0190467,-0.0744938,-0.0891818,-0.277736,-0.0611978,0.294642,0.455245,0.0582981,-0.00676848,-0.102326,-0.0156814,-0.0553355,0.0225583,-0.0520637,-0.217425,0.0799858,-0.046334,-0.934372,0.0982013,0.0168531],[0.43793,-0.00951944,-1.80989,0.0420934,2.59085,2.56302,-0.173363,-0.017887,-0.610345,-0.266537,0.0710787,-0.00379051,-0.0763635,-0.0127864,-0.00879184,0.183814,-0.18212,0.259009,0.707716,0.00374241,3.1035,0.125657,0.124904]],"sigmahat":[[0.15491,0.0443843,0.0870149,-0.00115322,0.219622,0.199588,-0.0039357,0.00550463,0.0667896,-0.0463015,-0.00124596,-0.00146239,-0.00670415,-0.0022029,-0.00368981,-0.00852534,-0.00972934,0.00140659,0.00181588,0.0126721,-0.127614,-0.0306864,0.00308274],[0.0443843,0.152594,-0.0665572,0.0126622,-0.0172729,0.112011,-0.0218969,0.0142933,-0.0147524,0.0484554,-0.0129138,0.000251381,-0.00947452,-0.00132045,-0.0176518,-0.00142222,-0.00769582,0.00378939,0.0274211,0.0159345,-0.00831359,-0.00760553,0.000351825],[0.0870149,-0.0665572,2.63206,0.0279792,0.446045,0.85501,0.105863,0.0225659,0.00600215,0.169329,0.0119318,0.00711421,0.0204086,0.01539,0.0403121,-0.0340191,0.0339902,-0.0121299,0.0240761,-0.0518499,-1.60313,-0.0980476,0.0074796],[-0.00115322,0.0126622,0.0279792,0.0275765,-0.0573389,-0.00126909,0.0111756,-0.00292898,0.00176469,0.0202095,0.00119465,0.00122296,0.00150885,0.00216619,0.00391203,-0.00160715,0.00308531,-0.00736745,0.0089651,0.00180444,-0.0360623,-0.00606413,0.00365806],[0.219622,-0.0172729,0.446045,-0.0573389,3.48249,2.64609,0.0457205,0.190955,0.0726095,-0.426455,0.0516295,0.000569832,-0.0566455,-0.00713457,-0.0266618,-0.110392,-0.0776715,-0.0238118,0.0168163,0.00354948,-0.15608,-0.0733716,0.0179107],[0.199588,0.112011,0.85501,-0.00126909,2.64609,3.94064,0.206576,0.215386,-0.116258,-0.368908,-0.0938736,0.0115289,0.000419727,0.0062356,0.0416449,-0.0198216,-0.0790477,-0.014362,0.05321,-0.00175015,0.346974,-0.105909,0.0213549],[-0.0039357,-0.0218969,0.105863,0.0111756,0.0457205,0.206576,0.200629,-0.0097963,-0.0877357,-0.168377,-0.0293219,0.000679357,0.0138224,-0.000719744,0.0266268,0.00274024,0.0816319,0.0136867,0.0192269,-0.00623391,0.393673,-0.0215697,0.00045455],[0.00550463,0.0142933,0.0225659,-0.00292898,0.190955,0.215386,-0.0097963,0.0884348,-0.0263181,-0.00360038,-0.00193568,0.00126981,-0.00371185,0.000845383,5.03019e-05,-0.00629076,-0.0352633,-0.00408195,0.0121004,0.0052064,0.167903,-0.0138261,-0.00298447],[0.0667896,-0.0147524,0.00600215,0.00176469,0.0726095,-0.116258,-0.0877357,-0.0263181,0.422223,-0.0404738,0.01982,-0.00564572,-0.020577,-0.00224559,-0.00825918,-0.049835,-0.0282808,-0.0132106,0.0141882,0.00118797,-0.47012,0.00216046,-0.0117261],[-0.0463015,0.0484554,0.169329,0.0202095,-0.426455,-0.368908,-0.168377,-0.00360038,-0.0404738,0.88902,0.053932,-0.00418846,0.0108181,0.00176349,0.00178849,0.0158136,-0.0690189,-0.00964475,0.074179,0.00113342,-0.520038,0.0204835,-0.00803077],[-0.00124596,-0.0129138,0.0119318,0.00119465,0.0516295,-0.0938736,-0.0293219,-0.00193568,0.01982,0.053932,0.0445436,-0.000329838,-0.00591394,0.000137149,-0.00727032,-0.0144989,-0.00871796,-0.00350765,0.0149632,0.00564656,-0.165436,-0.00378478,-0.00141552],[-0.00146239,0.000251381,0.00711421,0.00122296,0.000569832,0.0115289,0.000679357,0.00126981,-0.00564572,-0.00418846,-0.000329838,0.00548591,0.000892315,0.00404716,0.00192052,-0.00176746,-3.63736e-05,0.00147085,-0.000440942,0.00131115,-0.038209,0.00218273,0.00365936],[-0.00670415,-0.00947452,0.0204086,0.00150885,-0.0566455,0.000419727,0.0138224,-0.00371185,-0.020577,0.0108181,-0.00591394,0.000892315,0.0281059,0.00367971,0.013145,-0.00414804,0.0134095,0.00300091,0.00369636,-0.000326709,-0.090521,-0.00443055,0.00265927],[-0.0022029,-0.00132045,0.01539,0.00216619,-0.00713457,0.0062356,-0.000719744,0.000845383,-0.00224559,0.00176349,0.000137149,0.00404716,0.00367971,0.00604929,0.0031226,-0.00190252,0.000346276,0.00156133,0.00144654,0.000421267,-0.0502687,0.000693594,0.00524086],[-0.00368981,-0.0176518,0.0403121,0.00391203,-0.0266618,0.0416449,0.0266268,5.03019e-05,-0.00825918,0.00178849,-0.00727032,0.00192052,0.013145,0.0031226,0.0209908,-0.00590327,0.00848123,0.00516689,0.0129259,-0.00935089,-0.00826585,-0.00577885,0.0024303],[-0.00852534,-0.00142222,-0.0340191,-0.00160715,-0.110392,-0.0198216,0.00274024,-0.00629076,-0.049835,0.0158136,-0.0144989,-0.00176746,-0.00414804,-0.00190252,-0.00590327,0.0879429,-0.00973779,0.00610959,-0.0462016,0.000222522,0.158831,0.0312124,-0.00791349],[-0.00972934,-0.00769582,0.0339902,0.00308531,-0.0776715,-0.0790477,0.0816319,-0.0352633,-0.0282808,-0.0690189,-0.00871796,-3.63736e-05,0.0134095,0.000346276,0.00848123,-0.00973779,0.118032,0.010651,0.013265,0.00702273,0.0449503,0.0149604,0.00437885],[0.00140659,0.00378939,-0.0121299,-0.00736745,-0.0238118,-0.014362,0.0136867,-0.00408195,-0.0132106,-0.00964475,-0.00350765,0.00147085,0.00300091,0.00156133,0.00516689,0.00610959,0.010651,0.083812,0.106311,-0.00225635,0.0834714,0.0143982,3.8816e-05],[0.00181588,0.0274211,0.0240761,0.0089651,0.0168163,0.05321,0.0192269,0.0121004,0.0141882,0.074179,0.0149632,-0.000440942,0.00369636,0.00144654,0.0129259,-0.0462016,0.013265,0.106311,0.362732,-0.00913421,0.253585,-0.0238119,0.00464442],[0.0126721,0.0159345,-0.0518499,0.00180444,0.00354948,-0.00175015,-0.00623391,0.0052064,0.00118797,0.00113342,0.00564656,0.00131115,-0.000326709,0.000421267,-0.00935089,0.000222522,0.00702273,-0.00225635,-0.00913421,0.0406909,0.0299564,0.00330464,0.00094302],[-0.127614,-0.00831359,-1.60313,-0.0360623,-0.15608,0.346974,0.393673,0.167903,-0.47012,-0.520038,-0.165436,-0.038209,-0.090521,-0.0502687,-0.00826585,0.158831,0.0449503,0.0834714,0.253585,0.0299564,11.4694,-0.118417,-0.064568],[-0.0306864,-0.00760553,-0.0980476,-0.00606413,-0.0733716,-0.105909,-0.0215697,-0.0138261,0.00216046,0.0204835,-0.00378478,0.00218273,-0.00443055,0.000693594,-0.00577885,0.0312124,0.0149604,0.0143982,-0.0238119,0.00330464,-0.118417,0.0859729,-0.00159151],[0.00308274,0.000351825,0.0074796,0.00365806,0.0179107,0.0213549,0.00045455,-0.00298447,-0.0117261,-0.00803077,-0.00141552,0.00365936,0.00265927,0.00524086,0.0024303,-0.00791349,0.00437885,3.8816e-05,0.00464442,0.00094302,-0.064568,-0.00159151,0.0183552]],"n":23,"lags":3}