{"betahat":[[2.86125,1.34932,-8.55555,-0.176223,9.41355,3.58084,-3.43647,-0.336543,-0.952774,1.11159,-0.536519,-0.959125,-1.80904,-0.0236996,-4.04784,4.58438,4.80428,-2.60411,0.0955829,0.268256,21.913,0.163519,10.4872],[0.74034,0.0157105,0.618327,0.0694918,0.475039,0.841294,0.253407,-0.0511113,0.0129011,-0.257932,0.0594838,-0.00191377,0.0424182,0.00372473,0.0565199,0.0082405,-0.10899,0.0744179,0.0484338,0.0724902,-1.0873,0.0761173,2.82623],[0.0246204,0.657452,-0.343545,-0.0289484,0.600901,0.381776,-0.07925,-0.126384,-0.0143725,0.317526,-0.0487695,-0.0259409,0.195941,-0.00310339,0.126255,-0.0842268,-0.147138,0.0482488,-0.0036428,-0.0741195,-0.0530565,-0.0567984,0.977518],[0.0568473,0.0625563,1.00755,0.00844008,-0.0174468,0.30585,0.0311473,-0.0214549,-0.000990534,0.0513563,0.00859088,0.00512616,-0.0152109,-0.000250901,-0.00728048,-0.0427337,0.0185407,0.0151269,0.00200925,0.0106589,0.180914,-0.00147027,0.967392],[0.230449,0.595483,0.199965,0.981749,-1.14049,0.194275,0.340157,0.00225081,-0.0410419,-0.233681,-0.059162,-0.0909364,-0.273631,-0.00398925,0.89069,-0.233275,-0.842582,0.177201,0.0552614,0.0914399,0.264897,-0.124219,2.73257],[0.00637454,0.0612753,-0.0531271,0.0192257,0.733094,0.0382173,0.0217861,-0.0104598,-0.0012568,-0.0460051,0.00527642,-0.00262571,-0.0178188,-0.000843471,0.0102439,-0.0258199,-0.0245233,0.00372871,0.0244457,0.0150276,-0.135448,-0.00650204,0.373946],[-0.0337878,-0.0522543,0.0579556,-0.00496297,-0.090316,0.54154,-0.0267538,0.0158878,0.00170229,0.03446,-0.00634846,0.00139792,0.0235193,0.00104342,-0.0157686,-0.00105062,0.0260292,-0.00476474,-0.0188578,-0.015494,0.0711929,-0.00126069,-0.543023],[-0.0593635,-0.139972,0.083767,-0.000227506,-0.0899045,-0.0792048,1.06569,-0.0171949,0.0163336,0.0361047,0.0251406,0.0163036,0.0770538,-0.000294309,-0.0375818,-0.00697611,0.00918522,0.0493046,0.00381377,-0.0242769,-0.851793,-0.0333134,-0.318864],[0.138342,-0.0198253,0.0866136,-0.0307176,0.356155,0.169642,0.20373,0.800626,0.00653903,0.613684,0.0429117,0.0167039,-0.0257197,-0.00335273,-0.311994,-0.0167603,0.302288,0.0381045,-0.0695892,-0.0215283,0.381134,0.0233815,0.466429],[-0.0353804,0.536147,1.56396,0.136617,1.30579,1.22066,-0.425661,0.107938,0.997805,0.87056,-0.117738,-0.0275239,0.0550327,0.0165565,0.791959,-0.131312,-0.75651,0.166937,0.137463,0.235389,1.27808,0.0530344,8.88173],[0.0653102,0.13148,-0.239139,0.0245863,0.0988435,-0.146181,0.0171977,-0.0262931,0.0125087,0.947734,-0.000263656,0.0199236,-0.00325128,0.00110996,-0.0705099,0.0102544,0.104828,-0.00041876,-0.0214162,-0.000920906,0.293097,0.0122242,0.77243],[0.682954,0.249934,-0.563967,-0.369496,2.12363,1.50876,-0.156965,0.197611,-0.00148781,-0.321408,0.950365,-0.0150307,0.0190985,-0.0146371,-0.944368,-0.35982,0.677077,-0.121512,-0.123555,-0.141776,2.18092,0.0152599,-8.25595],[-0.769061,-0.201663,-0.820772,0.00124932,-5.12937,-4.35907,-0.0220785,0.0205127,0.347737,-0.0863988,0.177335,1.28379,0.436489,-0.0120938,-0.862711,0.411669,0.97454,-0.140875,-0.132135,-0.198732,-0.651336,-0.0574622,-11.1354],[-0.11069,-0.384855,-0.327084,-0.0695654,-0.753332,-1.61364,0.0148133,0.0794227,-0.00555071,-0.0611312,0.0259915,0.000846188,1.05077,0.00546087,-0.142347,-0.103706,0.0642156,0.0624083,-0.0164228,0.0624326,1.64043,0.0527271,2.98481],[-0.694098,6.00555,33.4356,-1.26205,-39.8057,9.4976,-4.17014,2.11109,0.906085,11.5554,3.58645,1.59861,-6.1192,0.784755,-8.99216,-1.13468,3.4587,-2.30046,0.113362,1.95344,-22.6342,2.53367,-44.6225],[0.0558254,0.0411396,-0.0168172,-0.049097,-0.0707864,0.176335,0.0309626,0.0836701,0.00341438,-0.0444466,-0.00473696,-0.00170194,-0.00710751,-0.00149162,0.939707,0.0169432,-0.151994,0.0361047,-0.00494263,-6.73569e-05,0.571351,-0.000128553,-0.165459],[-0.14455,-0.0306016,-0.185844,-0.0807308,0.29405,0.940483,-0.0191754,0.197077,-0.00028723,-0.662908,-0.00838778,-0.0220689,0.0136568,-0.00174716,-0.0407549,0.894896,0.0537725,0.00170554,-0.0111479,0.00668011,-0.748476,0.0399396,-1.91683],[0.0376772,-0.0536485,-0.0217152,0.0374786,0.0953358,-0.0357955,0.0110314,0.0162233,0.00639876,-0.0748648,-0.0283497,-0.0125798,0.0127607,-0.00121644,0.921928,-0.24216,0.179892,0.0996818,0.0350604,0.0257502,1.5369,-0.135324,6.1211],[0.0206405,-0.0602111,-0.416435,0.127707,1.47424,1.18117,0.896913,-0.0230357,0.0358934,-0.313527,0.10636,0.0751216,-0.163475,-0.00286386,-0.153259,-0.281238,0.147836,1.29601,0.192562,0.0624401,-2.57415,0.128042,0.378173],[-0.200927,-0.464483,1.12388,0.151281,1.0676,1.40824,0.513512,0.144455,0.108441,-0.568568,0.271636,0.117837,0.0711395,-7.94207e-05,0.280947,0.274878,-0.382795,0.015052,1.22533,0.347541,-5.30681,-0.0723212,6.76252],[0.096672,0.303931,0.441865,-0.0238342,1.12753,0.0430436,0.00519405,0.0330781,0.0958484,0.00105224,-0.206797,0.103573,0.00605044,0.0173664,0.947749,-0.230257,-0.787773,0.0272609,-0.0715206,0.829545,2.86858,-0.410873,-0.120978],[0.0224839,-0.0152693,0.112679,-0.00341167,-0.029386,-0.010454,0.00731798,-0.00535106,0.00446185,-0.00570645,0.00597756,0.000727573,-0.00159987,-3.86979e-05,0.00120969,-0.0238012,-0.0102512,0.00207204,0.00727056,0.00898839,0.884291,0.0101295,-0.268916],[-0.438507,-0.0104927,-0.0186027,-0.139872,-1.49214,-1.23596,0.219798,0.0701108,-0.0842956,-0.183081,0.0822189,-0.0478542,-0.0420729,-0.00506687,-0.551291,0.0240543,0.25543,-0.0134588,0.0168313,0.0175336,-2.73255,1.17326,-6.44031],[-0.00273508,-0.00644894,-0.0298962,-0.000815596,-0.0325117,-0.0751755,-0.00735009,-0.0019334,-0.00281084,0.0131057,-9.21466e-05,-0.00226135,0.000418311,-7.50749e-05,0.00829241,-0.000223117,-0.00648256,-3.45127e-05,0.000196385,0.00144889,0.0183413,-0.000203648,1.05479],[0.190194,0.0495111,-0.494179,-0.0778738,-0.0809417,-0.628063,-0.171484,0.000332523,-0.0270606,0.0824925,-0.0513485,-0.0114719,-0.0185425,-0.00203133,-0.338554,-0.00700844,0.339439,-0.0942336,-0.113046,-0.145279,0.0126088,-0.0269002,-3.59585],[0.113738,0.468495,0.346794,0.0927431,-0.789227,-0.425773,0.062707,0.0468378,-0.0177609,-0.177518,0.0305924,-0.00594182,-0.141736,-0.00224583,-0.0772633,0.0255712,0.0886817,-0.0453339,-0.0094089,0.0295865,-0.729144,0.0176727,-0.327328],[-0.0186011,-0.0286301,-0.225571,-0.0152783,-0.021865,-0.363896,-0.0451631,0.034577,0.00334774,0.0342536,-0.00649494,-0.0021701,0.0164503,-9.82278e-05,0.0316147,0.0223848,-0.0445124,-0.0100109,0.00799518,0.00530333,-0.0373127,0.00100365,-0.689369],[-0.148137,-0.736673,-0.593233,0.0146223,1.23701,-0.313781,-0.244641,-0.167533,0.0323488,-0.25544,0.121092,0.0554203,0.325468,0.000908101,-0.726358,0.226499,0.658265,-0.218271,-0.0162735,0.0204896,1.14464,0.167888,-1.76767],[-0.0134805,-0.0432862,0.083666,-0.0142829,0.163439,-0.0276745,0.000582577,0.00756368,-0.00220991,-0.00415234,-0.00852962,-0.00185374,-0.00437996,0.000593185,-0.0179057,0.0180234,0.0294763,-0.00235934,-0.0221451,-0.0149442,0.137465,0.00192459,-0.325311],[0.030397,0.0553151,-0.0221404,0.000159475,0.0465759,0.282068,0.0184399,-0.00646354,-0.00249304,-0.0441508,0.00797537,-0.000187299,-0.018945,-0.00035498,0.0551666,-0.00376465,-0.0640047,0.00304537,0.0138122,0.0156084,0.0620893,0.00460092,0.547384],[-0.0145684,0.0306656,0.110425,-0.00184102,0.0489362,0.0867668,0.0871405,-0.00868918,0.00091189,-0.223151,0.017133,0.00466432,0.0015619,0.000357932,0.0770074,-0.0159784,-0.0237728,-0.0128591,0.023808,0.0389168,0.301858,0.0310754,0.735278],[-0.0278661,-0.189207,0.327193,-0.0460707,0.221352,0.264259,-0.0443647,-0.0777525,-0.0096255,-0.108048,-0.00555438,-0.00198322,0.046974,0.00438635,0.0746068,0.0488292,-0.0758865,0.0434487,0.0222708,-0.0160948,1.34115,-0.0350476,3.11813],[0.0776648,0.0515603,-0.628025,-0.0351881,0.204217,0.680769,0.439269,-0.15155,-0.150062,-0.304183,-0.0608215,-0.111842,-0.406171,0.000715509,0.393829,-0.0773944,-0.45793,0.0391714,0.18479,0.178818,0.527948,0.0212131,5.49618],[-0.0724742,-0.0479241,0.13759,-0.0114571,-0.0604028,0.161351,-0.120315,0.0236686,-0.00515078,0.0301857,-0.0128485,-0.00859327,0.0188289,0.000657228,0.0798597,-0.0198919,-0.0681092,-0.0209322,0.00404433,-0.0155047,-0.135736,-0.00960189,-2.14063],[-0.77287,-0.00968657,0.899703,0.33877,-2.67044,-2.55885,-0.0713543,-0.190792,0.0535797,-0.390301,-0.0153089,0.0424987,0.0938025,0.0113727,0.597037,0.0570264,-0.261763,0.0266164,0.105317,0.101294,-0.998466,-0.0566615,5.60158],[0.282554,0.158249,-0.475018,0.102808,2.12628,1.77429,0.252811,-0.204216,-0.175016,-0.339914,-0.0152403,-0.161151,-0.342281,-0.0118417,0.0542976,0.0745058,-0.15756,-0.0596802,-0.0162394,-0.104036,-0.75055,-0.0268187,0.795595],[0.135496,0.174944,-0.764207,0.0365168,0.460306,0.730566,0.139898,-0.067762,-0.00677133,0.0139597,-0.0108361,-0.0220894,-0.319323,-0.00367341,0.031429,0.0509466,0.0317332,0.0165479,0.012252,-0.0107725,-0.773884,-0.0128545,-0.102116],[2.46338,-7.8172,-9.61848,2.54289,17.0329,-10.6651,0.569486,-0.806258,-1.83447,-8.46983,-0.804077,-1.11719,8.72492,0.0942174,9.6765,3.07213,-4.52377,1.05158,0.893606,1.12272,21.8814,0.262492,77.7713],[0.0118761,0.0124615,0.235409,0.0444699,0.0873826,-0.103525,-0.00835704,-0.061322,-0.00385171,0.0637426,0.00995861,-0.0029413,0.0173905,0.000500884,0.0433,0.00865618,0.0988537,-0.0096618,0.00292968,0.00578528,-0.354702,0.0102077,0.435937],[0.0417295,-0.0430057,-0.511428,0.0388507,-0.649145,-1.20871,-0.0461917,-0.188513,0.00621048,0.404108,-0.00647029,0.0189492,-0.0274973,0.00215617,-0.0136728,0.0981572,-0.0584998,-0.0449387,0.0223278,-0.0218237,-0.0487232,-0.0206082,-0.944685],[-0.0175067,0.0528794,0.130611,-0.007149,0.195158,0.36095,-0.0224721,0.0161639,-0.00416793,0.0689852,-0.00263665,0.00366499,0.0109415,0.000419123,-0.355252,0.106542,0.257055,-0.0409882,-0.0278759,-0.0139467,-0.628274,0.0410772,-2.35394],[0.0807531,0.0433765,-0.237177,-0.034296,-1.02669,-0.133196,-0.273573,0.06813,0.00220372,-0.0281934,-0.0354918,-0.0107667,0.137949,0.00260506,0.328565,0.17905,-0.332241,-0.106219,-0.0405038,0.0519834,1.29428,-0.0757846,1.24254],[0.549662,0.402958,-0.0470169,-0.109545,0.0538278,-0.979026,-0.584079,-0.19106,-0.0289855,0.656283,-0.185277,-0.0266063,0.0830349,0.00371888,-0.249498,0.127316,0.334668,-0.0986709,-0.189679,-0.235063,2.80155,-0.00952554,-6.18069],[-0.189135,0.216935,-0.824172,-0.0211287,-1.66453,-0.815249,-0.299567,-0.16499,-0.101958,-0.0556519,-0.0110404,-0.0998216,-0.179383,-0.00762266,-0.296748,0.148802,0.270191,-0.0558577,-0.00113469,-0.107935,-2.04548,0.133117,-4.88689],[-0.0188081,0.0155573,-0.110925,0.0057905,0.0270088,-0.00764833,-0.0192082,0.00968724,-0.00644805,0.0253283,-0.00401995,-0.00408911,-0.00112342,0.000149217,0.0153306,0.0249723,0.00303869,0.0051475,-0.0059496,-0.0079277,0.0540072,-0.00600656,0.507222],[0.143614,0.0318775,-0.169568,0.148327,0.811705,0.818646,-0.170167,-0.0548807,0.0982613,0.241575,-0.0644691,0.0854889,0.161145,0.00568833,0.392796,-0.0149328,-0.181988,-0.0262044,-0.0103334,-0.0170488,-0.261422,-0.221428,3.44567],[0.00378827,-0.00130622,0.0218526,0.00124347,0.0153784,0.0563102,0.00763763,0.00573806,0.00194833,-0.0168376,-0.000344142,0.00185209,-0.00269161,1.72798e-05,-0.012962,0.000543135,0.0104242,-0.00080092,4.79221e-05,-0.000804437,0.0197954,-0.000280857,-0.0756624],[0.0692691,-0.0652933,-0.123689,0.00833671,-0.394478,-0.213976,-0.0820821,0.0509155,0.0141889,0.175947,-0.00822621,0.0134125,-0.0238086,-0.0016924,0.282265,-0.00131703,-0.230644,0.019915,0.064505,0.0726698,1.07569,-0.0493355,0.768684],[-0.138364,-0.126007,-0.00322298,-0.0637707,0.188179,0.0439146,0.0167995,0.0795973,0.0321259,-0.139763,0.0181658,0.031855,-0.0542896,0.00534846,-0.0488662,0.0584287,0.0583829,-0.00275123,0.0130573,0.0445576,0.78234,0.0391592,-0.647378],[-0.0384347,-0.0338117,0.215541,0.00688861,0.0382902,0.0571708,0.0143759,-0.0129189,-0.00225054,-0.08524,-0.00211651,-0.00286871,-0.00109709,0.000348123,-0.0237728,0.0199444,0.025531,-0.00473864,-0.0101309,-0.0161349,-0.144762,0.000326379,-0.275639],[-0.0824287,0.140952,0.393665,0.00358938,-0.0977748,0.11844,-0.0958356,0.16529,0.00868884,0.489458,-0.0619321,0.0355051,-0.0518137,0.00308256,-0.164339,0.00676837,0.1843,0.0410558,-0.0389887,-0.111915,-1.40853,-0.043666,-0.966159],[0.00663743,-0.0179457,-0.0293407,-0.00478792,0.100572,-0.012813,-0.0221367,0.00295754,0.00356502,0.0504019,0.00320347,0.00457174,0.0223352,0.000257594,0.00769659,0.00755756,-0.00490417,-0.00111347,-0.00236069,-0.000191149,-0.00249591,0.00453961,-0.0486671],[0.00294498,-0.00328995,-0.0357053,0.00484006,0.0409284,0.173138,0.0084598,-0.00949369,0.000921318,0.00988777,-0.00150176,-0.00109265,-0.00433767,-0.000679893,-0.0392153,0.00438222,0.0378351,0.00202829,0.00508907,-7.28785e-05,-0.134082,-0.00329035,-0.00161076],[0.0728103,0.108726,-0.191168,0.00206114,0.0373102,-0.0104581,-0.153176,0.0260877,-0.0169541,0.18781,-0.0420858,-0.0206825,-0.0779582,-4.85555e-05,-0.0389351,0.0220068,0.0140483,-0.0359962,-0.0275767,-0.0145044,0.549796,0.00232771,-0.421351],[-0.0115972,0.18863,-0.151741,0.057417,-0.168487,-0.0874327,-0.0727912,0.190667,0.00685133,-0.534354,-0.00438535,-0.00260058,0.0186009,5.28487e-05,0.0539284,-0.0268589,-0.0982944,-0.0951828,0.0263474,0.0375756,-1.94238,0.0591537,-4.28636],[-0.0464274,-0.439451,0.653123,0.0386428,-0.566242,-0.119149,0.142274,-0.0176006,-0.0165651,0.207445,0.152122,0.0049539,0.312436,0.00460962,-0.397503,-0.155819,0.419644,0.0658931,-0.0149158,0.0653267,0.417194,0.10184,-0.484146],[0.00671202,-0.0839563,0.105304,-0.0132141,-0.0363123,-0.0110361,0.105613,0.00269055,-0.00724045,0.0204343,0.0136697,-0.0112035,-0.0151068,-0.00176454,-0.00897828,0.00835425,-0.0371486,0.0223775,0.0174946,0.016658,-0.158669,-0.00224393,1.38197],[0.182031,-0.0788224,-0.224408,0.0114386,-0.0935114,-0.0219371,-0.308989,-0.0116283,-0.0227165,0.636282,-0.048217,-0.00684385,0.0182007,0.00257275,0.288664,0.0454236,-0.326633,0.00630232,-0.000637483,0.00789397,-0.366096,-0.00204566,0.695328],[0.223376,0.00503216,-0.80961,0.0439363,1.40736,1.47286,-0.175717,0.113545,-0.0658,0.0826548,-0.00351058,-0.0601459,-0.0384825,-0.00237845,-0.106031,-0.0956365,0.0882302,-0.0213831,-0.0563065,-0.0516488,-0.778374,-0.0109841,-0.955888],[-0.146881,0.0563081,0.514836,-0.0129553,0.379744,0.82054,-0.05205,0.114612,0.00547069,-0.279486,-0.0132222,0.010278,0.100154,0.00175543,0.0442736,0.00107797,-0.0164599,-0.0332519,-0.00598139,-0.0349649,-0.901311,0.0109788,-1.90748],[-1.76946,1.81141,-23.8177,-1.28082,22.7728,1.1676,3.60054,-1.30476,0.928414,-3.08599,-2.78227,-0.481375,-2.60565,0.121025,-0.684523,-1.93746,1.06539,1.24892,-1.00696,-3.07609,0.752332,-2.79614,-33.1499],[-0.0675688,-0.053586,-0.218155,0.00456836,-0.0161041,-0.0723711,-0.0224772,-0.0223059,0.000457393,-0.0192275,-0.00520305,0.00464515,-0.0102616,0.00099179,0.0169771,-0.0256437,0.053194,-0.0263597,0.00197456,-0.0057079,-0.215918,-0.0100518,-0.270589],[0.102721,0.0735593,0.698292,0.0418363,0.356328,0.269724,0.0658561,-0.00845333,-0.00592165,0.25865,0.0149623,0.00313136,0.0139121,-0.000411653,0.0541923,0.00671076,0.00492301,0.0433504,-0.0112638,0.0151105,0.79687,-0.0192975,2.86091],[0.0440674,0.0873792,0.47069,0.0153772,0.141486,0.150046,-0.0211918,0.015989,-0.00263364,0.0145361,0.00570305,0.00113849,0.0175135,-0.00019897,-0.0688385,0.0695972,0.127152,-0.00815195,-0.0205539,-0.00970632,-0.467926,0.0185156,-0.624723],[-0.101986,0.0167724,0.655136,-0.0934331,-0.449672,-1.05016,-0.623205,-0.0451613,-0.0379407,0.34193,-0.0708157,-0.0642288,0.025701,0.000266992,-0.174121,0.101338,0.183402,-0.189458,-0.152025,-0.114409,1.2806,-0.052259,-1.62037],[-0.0638471,-0.219966,-0.162613,-0.110738,-0.118924,-0.412978,-0.0213676,0.228942,-0.012802,-0.106348,-0.0416017,-0.011126,0.026116,-0.00145451,0.0786046,-0.087506,-0.0437754,-0.00403114,-0.140057,-0.106858,0.660055,-0.0166235,0.471213],[0.0996301,-0.343635,0.718372,-0.0637617,0.378151,0.745206,0.300858,0.0045712,-0.0592856,0.101568,0.118841,-0.0511568,-0.0123045,-0.0133471,-0.133468,0.0196762,0.036077,0.0549373,0.0903478,0.123401,-0.390436,0.16942,2.7743],[-0.00391631,0.000421353,0.00151697,-0.00216331,0.00106609,0.01966,0.0128657,-0.004405,0.00211113,-0.0187437,-0.0018537,0.00345465,0.00281606,-0.000109452,-0.0156084,-0.00230751,0.0063418,-0.006265,-0.00124465,-0.00108971,0.0588342,-0.00400477,-0.233934],[0.269283,-0.0256916,0.252994,0.00757403,0.366728,0.24094,0.0202362,-0.0103713,0.013706,-0.0513047,0.0231974,-0.00483937,-0.145342,-0.00227502,0.408513,-0.0703614,-0.342969,0.0416565,0.0808496,0.0619148,1.35728,-0.0616256,4.33846],[-0.00334961,0.00587597,-0.00165623,-0.000321892,0.00548555,0.0121603,0.000164068,-0.00353002,0.00102845,0.0034549,-8.1506e-05,0.000618854,0.00243487,7.41672e-05,0.00231099,0.00153653,-0.00267842,0.000400201,-0.000331672,-0.000808032,-0.0461104,0.000930725,-0.0654014]],"sigmahat":[[0.212108,0.0928193,-0.00653755,0.00683917,0.423215,0.443387,0.00970235,-0.0111899,-0.00370888,0.0592025,-0.0104131,-0.00230904,-0.0134424,-0.000905924,0.0320426,-0.0180979,-0.0444428,0.00170827,-0.00759767,-0.00117193,0.353342,-0.0145403,0.597967],[0.0928193,0.229092,0.00662605,0.0328311,0.0479272,0.198403,-0.0493753,0.00418492,-0.00176435,-0.010521,-0.019656,-0.00191625,-0.0310349,-0.000437009,0.0752535,-0.00709887,-0.0441365,-0.00716243,-0.00954424,-0.0182902,0.0233866,-0.0206526,0.062797],[-0.00653755,0.00662605,3.75637,0.0519768,0.322925,0.742164,-0.0239262,-0.0970926,-0.0078946,0.102636,0.0254648,0.000758784,0.110755,0.00017929,0.152587,-0.0306979,-0.0885191,0.0064194,0.0187863,0.0330362,0.304482,0.011384,0.57887],[0.00683917,0.0328311,0.0519768,0.0412459,-0.0633359,0.0486113,0.00380842,-0.00671545,0.000277972,0.0145959,0.00363116,0.000612738,0.00476535,6.39567e-05,-0.00994244,0.00545807,0.0169001,0.00362309,0.00608539,0.00354484,-0.107744,0.00336035,0.29138],[0.423215,0.0479272,0.322925,-0.0633359,4.54078,4.02542,0.341558,0.120518,-0.0266367,-0.119033,-0.0113702,-0.0173791,0.00038536,-0.00186443,0.125177,-0.138646,-0.136283,0.0640415,-0.0718555,-0.031042,0.552082,-0.0509898,3.40802],[0.443387,0.198403,0.742164,0.0486113,4.02542,5.87849,0.511343,0.0972993,-0.0324173,-0.180427,0.0432803,-0.0238848,-0.0672866,-0.00498018,0.0790279,-0.175067,-0.119955,0.123371,0.0334163,0.0777448,0.443416,-0.00174397,4.87916],[0.00970235,-0.0493753,-0.0239262,0.00380842,0.341558,0.511343,0.412451,-0.017108,-0.00679049,-0.231626,0.055443,-0.0054336,-0.00738104,-8.65588e-05,0.0146243,-0.0595509,-0.0719427,0.0719542,0.0499751,0.0540773,-0.567733,0.0376885,2.84141],[-0.0111899,0.00418492,-0.0970926,-0.00671545,0.120518,0.0972993,-0.017108,0.112956,0.000451676,-0.0490719,-0.0117462,-0.00148007,-0.0146745,-0.000273597,-0.00743241,-0.0213119,-0.00357562,0.00325579,-0.0152868,-0.00912575,0.0621915,-0.0185592,-0.0714245],[-0.00370888,-0.00176435,-0.0078946,0.000277972,-0.0266367,-0.0324173,-0.00679049,0.000451676,0.00624136,-0.00312654,0.000976683,0.00512671,0.00643409,0.000241779,-0.000865071,-0.00063421,0.00303361,-0.00109096,-0.000795112,-0.000133059,0.00898012,-0.00240192,-0.10254],[0.0592025,-0.010521,0.102636,0.0145959,-0.119033,-0.180427,-0.231626,-0.0490719,-0.00312654,0.695099,-0.0363968,-0.00263836,0.0125231,-0.00178882,-0.0714777,0.0716412,0.0709295,-0.0215861,-0.0348286,-0.0370343,0.63247,-0.033748,-1.34376],[-0.0104131,-0.019656,0.0254648,0.00363116,-0.0113702,0.0432803,0.055443,-0.0117462,0.000976683,-0.0363968,0.032125,0.0026984,0.0161675,-1.4391e-05,-0.0209201,-0.0121226,0.0126299,0.0111867,0.0171666,0.0248619,-0.154784,0.0231607,0.450784],[-0.00230904,-0.00191625,0.000758784,0.000612738,-0.0173791,-0.0238848,-0.0054336,-0.00148007,0.00512671,-0.00263836,0.0026984,0.00712024,0.00783214,0.000299365,-0.00395867,-0.00108285,0.00649496,-0.00146012,4.65082e-05,0.000490705,0.00134592,-0.00125482,-0.107155],[-0.0134424,-0.0310349,0.110755,0.00476535,0.00038536,-0.0672866,-0.00738104,-0.0146745,0.00643409,0.0125231,0.0161675,0.00783214,0.0762697,0.000424597,-0.00911829,0.00374936,0.0124003,-0.00070147,-0.00147463,0.00554374,-0.0843745,0.00923339,0.0120945],[-0.000905924,-0.000437009,0.00017929,6.39567e-05,-0.00186443,-0.00498018,-8.65588e-05,-0.000273597,0.000241779,-0.00178882,-1.4391e-05,0.000299365,0.000424597,9.14619e-05,-0.000395963,-0.000193656,0.000779241,0.000121588,-2.82619e-05,9.10575e-05,-0.00108101,0.000458778,-0.000847359],[0.0320426,0.0752535,0.152587,-0.00994244,0.125177,0.0790279,0.0146243,-0.00743241,-0.000865071,-0.0714777,-0.0209201,-0.00395867,-0.00911829,-0.000395963,0.690601,-0.0578352,-0.569267,0.0492877,0.0426585,0.0288952,0.357045,-0.0828937,3.51648],[-0.0180979,-0.00709887,-0.0306979,0.00545807,-0.138646,-0.175067,-0.0595509,-0.0213119,-0.00063421,0.0716412,-0.0121226,-0.00108285,0.00374936,-0.000193656,-0.0578352,0.131948,0.098907,-0.0311495,-0.0143519,-0.0149227,0.117011,-0.000810857,-0.913877],[-0.0444428,-0.0441365,-0.0885191,0.0169001,-0.136283,-0.119955,-0.0719427,-0.00357562,0.00303361,0.0709295,0.0126299,0.00649496,0.0124003,0.000779241,-0.569267,0.098907,0.610308,-0.0616998,-0.0466379,-0.0321758,-0.109324,0.0705718,-3.40912],[0.00170827,-0.00716243,0.0064194,0.00362309,0.0640415,0.123371,0.0719542,0.00325579,-0.00109096,-0.0215861,0.0111867,-0.00146012,-0.00070147,0.000121588,0.0492877,-0.0311495,-0.0616998,0.0360996,0.0154855,0.0159549,-0.0139511,0.00280184,1.15648],[-0.00759767,-0.00954424,0.0187863,0.00608539,-0.0718555,0.0334163,0.0499751,-0.0152868,-0.000795112,-0.0348286,0.0171666,4.65082e-05,-0.00147463,-2.82619e-05,0.0426585,-0.0143519,-0.0466379,0.0154855,0.0374388,0.0326914,-0.081035,0.0131261,0.800373],[-0.00117193,-0.0182902,0.0330362,0.00354484,-0.031042,0.0777448,0.0540773,-0.00912575,-0.000133059,-0.0370343,0.0248619,0.000490705,0.00554374,9.10575e-05,0.0288952,-0.0149227,-0.0321758,0.0159549,0.0326914,0.0443067,-0.0321401,0.0227582,0.899666],[0.353342,0.0233866,0.304482,-0.107744,0.552082,0.443416,-0.567733,0.0621915,0.00898012,0.63247,-0.154784,0.00134592,-0.0843745,-0.00108101,0.357045,0.117011,-0.109324,-0.0139511,-0.081035,-0.0321401,9.8596,-0.181666,2.64356],[-0.0145403,-0.0206526,0.011384,0.00336035,-0.0509898,-0.00174397,0.0376885,-0.0185592,-0.00240192,-0.033748,0.0231607,-0.00125482,0.00923339,0.000458778,-0.0828937,-0.000810857,0.0705718,0.00280184,0.0131261,0.0227582,-0.181666,0.0472414,-0.0723859],[0.597967,0.062797,0.57887,0.29138,3.40802,4.87916,2.84141,-0.0714245,-0.10254,-1.34376,0.450784,-0.107155,0.0120945,-0.000847359,3.51648,-0.913877,-3.40912,1.15648,0.800373,0.899666,2.64356,-0.0723859,76.5015]],"n":23,"lags":3}