{"betahat":[[6.76463,7.35682,6.54151,-1.83791,1.67266,-13.5039,-4.67405,-0.378127,11.5949,2.07214,-1.56745,-0.362831,-2.49071,-1.14225,4.97665,-4.90617,20.5682,-1.75572,1.41414,-10.8461,-0.653729,-0.0613136],[0.89151,-0.038147,0.0142894,-0.0232893,0.211801,0.482386,-0.0366465,-0.00598208,0.0537538,-0.117629,-0.00599266,-0.0147336,-0.0240304,-0.0143709,-0.00769345,0.00434331,-0.0495258,0.0670516,2.26372e-05,-0.138092,-0.0205173,-0.0225797],[-0.102146,0.844057,-0.0222389,-0.107537,-0.101096,0.0552945,0.0128549,0.0142207,-0.171469,0.0253858,0.014374,-0.00742695,0.0109998,-0.0199767,-0.0425732,-2.90973e-05,0.0439357,0.025597,0.00232308,0.339896,0.0917582,-0.00774175],[-0.057222,-0.0180114,0.691404,0.0775501,-0.0823228,-0.107383,-0.0308412,-0.00441122,0.0305424,0.0961904,-0.0124612,-0.00126589,-0.0014213,-0.00146896,-0.0244345,-0.053443,-0.00471188,-0.0281037,0.00472142,-0.105102,0.0660379,0.00864859],[0.100214,0.375636,0.192873,0.802656,0.0156559,0.263575,0.0159804,-0.0463061,0.282786,-0.0672297,-0.0402768,-0.00505895,-0.0216387,-0.00214524,0.18534,0.00432195,0.00583048,-0.141134,0.00430387,0.878208,-0.174707,0.0122561],[0.0416473,-0.0559971,0.0896658,0.0260694,0.906654,-0.0286191,0.0458244,-0.0069491,-0.0890135,-0.0204349,-0.00293198,0.0137887,-0.00727285,0.0149288,0.0255145,0.0191898,-0.025548,-0.0165849,0.0150092,-0.00959835,-0.0850991,0.0146414],[0.0641969,0.056195,0.237843,-0.0515683,0.0133101,0.86737,-0.0249488,-0.0107946,0.118943,0.0240792,-0.0167026,-0.00435739,0.00457021,0.000173888,0.014605,-0.0169978,0.0370424,0.015187,-0.0198275,-0.193745,0.046536,-0.0116722],[0.0311194,0.0427177,0.131817,-0.00077323,-0.227835,0.234322,0.953525,-0.00806417,-0.0387914,0.0210749,-0.00314159,0.0265489,0.0293886,0.0389482,0.0352627,0.162418,-0.00648456,-0.0353739,0.0184403,0.208572,-0.00649046,0.037385],[-0.370529,-0.214923,-0.249288,-0.116025,-0.21195,0.147582,-0.0954517,1.28291,-0.408778,0.968856,-0.0740712,-0.00880878,-0.163998,-0.0212541,0.2544,0.0516909,0.254706,0.831369,0.00853105,-2.62037,-0.618015,-0.037575],[-0.0685697,-0.077618,-0.066756,0.0887866,-0.122946,0.057661,-0.014913,0.0111587,0.88088,0.0603617,-0.0218996,-0.022528,-0.0116629,-0.0167129,-0.0600838,-0.0277344,0.00777759,0.0759658,-0.0148841,-0.283036,0.0770224,-0.0332089],[0.0806766,-0.0771905,0.106296,0.0515798,0.0767862,-0.171678,-0.0321927,0.000333159,0.112147,1.03197,0.0179266,0.022549,-0.0016143,0.0356557,0.0264757,-0.0269605,0.0127324,-0.0406634,-0.0049583,-0.0362841,-0.0799998,0.0279081],[0.177564,-0.107021,0.389179,-0.19549,0.65756,1.04364,0.0480809,0.0618504,-0.724936,0.927219,0.97657,0.217376,0.0453763,0.231621,0.29285,0.0871973,-0.0669311,-0.16985,0.0771452,0.0788797,0.324771,0.135429],[0.189499,0.51765,0.36111,-0.0768338,-0.0263769,0.557379,-0.216116,0.0127155,-0.291559,0.195575,-0.0150082,0.956438,0.0187943,-0.0420235,0.206076,-0.315912,-0.123985,0.12942,-0.0705622,-3.15822,-0.40815,-0.0300015],[0.320473,-0.00762829,1.47053,-0.616702,0.284936,-0.207189,0.129077,-0.0750374,-0.287319,-0.0863459,0.0570226,-0.0203283,0.969415,0.0253797,-0.118082,0.282146,0.14192,0.351716,-0.0227909,1.20224,-0.248054,0.0379933],[-0.614349,-0.345135,-0.480615,0.307625,-1.58566,-0.827486,0.178374,-0.0185659,-0.673269,0.463677,-0.118266,0.13527,-0.0706274,1.0094,-0.37981,-0.0350709,0.176378,-0.429911,0.0327148,0.195994,-0.0673631,0.0595646],[0.334717,0.271566,0.12918,-0.185998,1.09817,0.642462,0.0752402,-0.0265266,0.178003,0.0858501,0.0527448,0.0640232,0.00871218,0.0690579,1.23312,0.158205,0.0285628,0.0120132,0.0267183,0.803113,-0.172562,0.0327688],[-0.138598,0.0235629,-0.401948,-0.0971168,-0.150935,-0.0841355,0.198727,0.0141618,-0.412333,-0.170478,-0.00880773,0.034862,-0.0074552,0.0398636,-0.0634027,0.76013,0.0258839,0.0739137,-0.0484282,0.500905,0.0669785,0.0235785],[-0.315666,0.399367,-0.0426569,-0.224885,-1.0092,0.265542,0.0448956,0.0792109,0.128136,0.789368,-0.143774,-0.11359,0.0382631,-0.144448,-0.0602641,-0.0400572,0.630531,-0.204771,-0.00367643,-0.708322,0.202498,-0.161629],[-0.105807,-0.483995,0.119051,-0.0266884,0.202272,0.458858,-0.188521,0.0179655,0.00569545,0.211938,0.00188957,0.041989,-0.0448578,-0.00850774,-0.206026,-0.232187,0.0945518,1.03487,-0.0331068,0.881312,0.241198,0.0205748],[-0.0234365,-0.1851,-0.637473,0.231956,-0.189951,-1.02983,-0.545701,-0.00288774,0.557127,0.653081,-0.0342397,-0.124223,-0.0398217,-0.10045,-0.109133,-1.02407,-0.291174,-0.425525,0.334062,-2.83997,0.222229,-0.091372],[0.0292621,0.0113267,0.114703,0.0118671,0.0259611,0.0823764,0.00778214,-0.0064248,0.0304811,-0.0203196,0.0140711,0.000203322,0.0113088,-0.00062493,0.0139141,0.00833399,-0.00605761,0.00576037,-0.00286546,-0.11289,-0.0711057,-0.000188691],[0.136301,-0.0081498,0.14406,0.0883905,-0.0172235,-0.140508,0.0935054,-0.0192602,-0.204515,0.186545,0.0367751,0.00117964,0.0377853,-0.00184464,-0.0045234,0.0797781,-0.0181925,0.0591522,0.0251023,0.445942,0.978916,-0.00764011],[0.226447,-0.603276,-0.348603,0.141519,1.87559,1.0731,-0.300868,-0.0384503,0.14852,-0.128115,0.0427939,0.192626,0.0222407,0.175347,0.0203969,-0.0751457,-0.337963,0.278535,0.0212294,-1.33088,1.14819,1.046],[0.0646762,-0.000433346,0.0153844,-0.0235997,-0.102428,-0.301447,0.0260644,0.00618175,-0.0348988,0.0944916,0.00364849,0.000437251,0.0195864,0.00725683,0.00986641,-0.00682623,0.0197788,-0.0386746,-0.00219619,0.347634,0.0121171,0.0108225],[0.0655761,0.036917,0.0363494,0.0711177,0.151325,-0.0212719,0.0114955,-0.0104824,0.00876072,-0.0386894,-0.00134241,0.0118592,-0.00934781,0.0182141,0.000207541,0.0249825,-0.0393348,-0.0334846,-0.000895853,-0.094801,-0.00736447,0.0149276],[0.0423323,0.00327532,0.195959,-0.0988506,0.115209,0.0069734,-0.00164255,0.00334311,0.0292624,-0.0350736,0.00569664,0.00131557,-0.0029651,0.00594967,0.0218701,0.0259845,0.00421266,0.0158665,-0.00488597,0.288902,-0.0192831,-0.00720589],[-0.0310565,-0.237453,-0.121203,0.0143775,0.0989824,-0.099313,-0.0181558,0.0287263,-0.182556,-0.0773311,-0.00485444,0.0192712,-0.0184955,0.0162566,-0.132315,0.00937651,0.0201006,0.115022,-0.0111132,-0.872353,0.152456,-0.00130184],[-0.0571168,0.00214107,-0.0853942,-0.0290639,-0.0168846,0.0794426,-0.0159185,0.00687002,0.0948912,-0.00386052,0.00666026,-0.0155679,0.0101975,-0.014083,-0.0252458,0.0114426,0.0274338,0.0167491,-0.00820556,0.0630408,0.0660889,-0.0130315],[-0.0573396,-0.0458094,-0.165098,0.0567983,-0.071429,0.112797,0.0230916,0.00586932,-0.148154,-0.0200961,0.0211878,-0.00488932,0.00462207,-0.00527057,-0.00907542,0.00974588,-0.011126,-0.00157993,0.0106531,0.238421,-0.0430312,0.00410437],[-0.0752832,0.0188478,-0.289481,-0.0368689,-0.0174071,-0.22749,-0.189424,0.0120255,-0.0256035,-0.153228,0.00938166,-0.0309623,-0.00513464,-0.0429836,-0.032118,-0.313042,0.00423028,0.0165122,-0.0462682,-0.965507,-0.00212794,-0.0516576],[0.223492,0.313854,-0.00202516,0.0447589,-0.265542,0.2131,0.0670018,-0.194579,-0.0923755,-0.762108,0.0632332,0.0397024,0.051694,0.0364233,0.0269718,-0.116731,-0.000532639,-0.136786,-0.0199367,0.340381,0.366091,0.0291185],[0.0818363,0.0415643,0.0284553,-0.0237165,0.197848,-0.0360183,0.0187965,-0.0108325,0.150652,-0.0976595,0.00205391,0.0160765,0.000219399,0.00873314,0.0469207,0.0397464,-0.00474831,-0.0369316,0.0142013,0.479561,-0.0374374,0.018145],[-0.0503392,-0.00420659,0.109166,-0.0709192,-0.0374457,0.300128,0.00943951,0.00146139,-0.0342289,-0.109505,-0.013074,-0.0146094,0.005036,-0.0214069,-0.050309,0.0197671,0.0240983,0.0168181,0.000268563,-0.37008,0.134181,-0.0166733],[-0.281798,0.193725,-0.408654,0.0893429,-0.570181,-0.760081,-0.0177,0.0373983,0.170992,-0.446439,-0.173065,-0.136908,-0.0600939,-0.132733,-0.157877,-0.178896,-0.0102428,0.337587,-0.00962425,0.0573319,-0.408269,-0.0997363],[0.171964,0.114033,0.618647,-0.181587,-0.205229,-0.0512875,-0.0244179,0.00219045,0.245923,-0.0121089,0.0807185,-0.131479,-0.0139604,-0.0449007,0.150856,-0.0474872,-0.139498,-0.0233717,0.0185837,1.01146,-0.31017,-0.0300371],[-0.15167,0.0846287,-0.617949,0.135529,-0.408345,-0.249473,0.0869721,0.0250695,0.0660182,0.740566,-0.0888731,0.0608852,-0.09765,-0.0203486,-0.0123938,-0.106023,0.0161296,-0.326186,0.00185853,0.320553,-0.0643579,-0.0118542],[-0.248212,0.0469377,-0.441243,-0.0143106,-0.681171,-1.09496,0.0875713,0.00317244,0.463823,-0.123564,0.0200412,-0.152408,0.0295265,-0.125152,-0.170085,0.24741,-0.0207498,-0.10317,-0.0259945,-0.414297,0.0127908,-0.069362],[-0.18121,-0.183111,0.0521522,0.134481,-0.56846,-0.267333,-0.00619882,0.0187497,-0.249411,-0.0590978,-0.00563788,-0.0321724,0.00804627,-0.0235229,-0.17761,-0.0386016,-0.0133929,-0.069003,-0.0235551,-0.636422,0.0584345,0.000993762],[0.0858866,-0.0361197,0.367325,0.0770961,0.106271,0.0701186,-0.154427,-0.00627938,0.228006,0.0779923,0.0108121,-0.021411,0.0217801,-0.00962728,0.00745426,0.356936,0.00748489,-0.0247012,0.0680354,-0.255906,-0.0017535,-0.00523078],[0.192037,-0.0845596,-0.26,0.342819,0.931653,0.1763,-0.05812,-0.0823371,-0.190604,-0.798691,0.126534,0.0645444,0.0130356,0.0497793,0.0836007,0.0628259,-0.0623617,0.0142267,0.0226764,0.129554,0.0482667,0.0615833],[0.0655609,0.250949,-0.142215,-0.00472168,-0.323121,-0.57346,0.115334,-0.0125968,0.195276,-0.268199,-0.0176753,-0.0684963,0.0580103,-0.038873,0.0927309,0.160248,-0.0580183,-0.182961,0.0187907,-0.84945,0.0453701,-0.0506269],[-0.297173,-0.0210096,-0.553185,-0.121106,-0.702017,0.0899151,0.146545,0.0341541,0.136583,-0.222442,0.0224625,0.0133698,0.0825683,0.0129759,-0.195446,0.939366,-0.208273,0.0923535,0.471997,0.0875083,-0.148581,0.0629827],[-0.00430713,0.00376428,-0.0246831,-0.0010032,-0.0263522,-0.0260488,-0.00809374,-0.00699712,0.00205602,0.00231904,0.00654161,0.000784087,0.00120208,0.000855439,-0.00559654,-0.000653362,-0.00163225,0.0039171,8.30252e-05,-0.0590206,-0.0100279,0.0028629],[-0.126924,0.074497,-0.201325,-0.0706768,0.0812776,0.141708,-0.0704964,0.00338153,0.0692176,-0.14039,-0.00815406,0.0037042,-0.0292375,0.00674301,0.0362972,-0.0395224,0.0357709,0.0298362,-0.0282419,-0.227017,-0.0216871,0.0119383],[-0.0308697,0.161396,0.0529423,0.0368948,-0.171364,-0.0786153,0.259997,0.0498904,0.141542,-0.158729,-0.0170217,-0.0360024,0.0241165,-0.0513707,-0.0450384,0.275592,0.0285387,0.379722,0.000623059,0.740241,0.0217836,-0.0950269],[0.043556,0.038641,-0.0295952,0.0469172,-0.109917,-0.180502,0.0104908,-0.000191404,-0.0185721,0.0232551,0.00228449,0.0142559,0.00442111,0.00707433,-0.00227477,0.00249309,0.0301743,-0.0283981,0.00217254,-0.210268,0.00872304,0.0116977],[0.0366106,0.118456,-0.0137053,0.0364674,-0.0498025,-0.0336013,-0.0243137,-0.00370592,0.162233,0.0134601,-0.0129715,-0.00430758,-0.0015988,0.00195504,0.0422791,-0.024789,-0.00422594,0.00807792,-0.00140933,-0.244453,-0.0840739,-0.00704464],[0.0144373,0.0143592,0.111445,0.0212058,-0.0330933,0.0996825,0.0325483,0.00105247,-0.0595787,-0.060844,0.00671776,4.13137e-05,0.00429316,-0.00437613,0.0025046,0.0274112,0.000649078,0.0120191,0.000192559,-0.184052,-0.0463341,-0.00134124],[-0.0693274,-0.137921,-0.0718362,0.182746,-0.114731,-0.163418,0.00230134,0.0175848,-0.100448,0.144408,0.0451314,-0.0141982,0.0402107,-0.0140828,-0.0530974,-0.013616,-0.0252155,0.0270926,0.00677451,-0.00542501,0.0225125,-0.0109665],[0.0152118,0.0531761,-0.00336555,0.00369706,0.108681,-0.0501027,-0.0300213,-1.79411e-05,-0.00635722,0.0248543,-0.00380562,0.00182031,-0.00294043,-0.000718672,-0.000730569,-0.0307904,-0.000778504,-0.000926523,-0.00689476,-0.0522936,0.0191608,-0.00159387],[-0.00702793,-0.0110385,-0.0718913,-0.00505484,0.0572336,0.0198399,0.00200558,0.00485479,0.0287319,-0.00388377,-0.00445991,0.00933813,-0.00914335,0.00527421,-0.00582404,0.00734601,-0.0248314,-0.0134343,0.00914534,-0.0434679,-0.00318861,0.00765727],[0.0448786,-0.0622236,0.16338,0.0386236,0.245694,-3.63223e-05,0.234142,-0.00403985,0.0610283,0.132566,-0.00588128,0.00499627,-0.0237994,0.00482769,-0.00343754,0.14901,0.00764907,0.0234996,0.0273429,0.75701,0.00910878,0.0145636],[0.302359,-0.0541466,0.67192,0.131231,0.834264,0.146591,0.0766897,-0.121141,0.28752,-0.353691,0.0829591,-0.00369778,0.144056,0.0301543,-0.133091,0.102251,-0.166747,-0.606775,0.0266962,2.18802,0.172291,0.0496812],[-0.0177494,0.0318557,0.0295695,-0.0687726,-0.0740402,-0.0251272,0.000972593,0.000683636,-0.0355326,0.0356341,0.0205225,0.00725256,0.0116389,0.00891384,0.0122229,-0.00715095,0.000122695,-0.0273062,0.000862654,-0.199678,-0.0338142,0.0160119],[-0.0313589,0.0807587,-0.21358,0.0203013,-0.0376875,-0.121185,0.0218384,-0.00202406,-0.0770621,0.0708761,-0.00575553,-0.00850142,-0.00381033,-0.0148603,0.0228193,0.00672612,-0.0323665,0.025185,0.00414972,0.405523,-0.0531796,-0.0120601],[0.127997,0.165656,0.167822,0.0502626,0.303794,0.382784,-0.0222903,-0.0390859,-0.195153,-0.701904,0.022691,-0.000330492,-0.00775462,0.0171038,0.112169,0.0755524,-0.0347006,0.103187,0.0419408,1.98556,-0.185924,0.00325358],[0.129797,-0.14923,0.0893973,0.110556,0.358728,-0.0239406,-0.162392,-0.00332623,0.248605,0.004724,0.0315195,-0.0279562,0.0045067,0.00797624,0.0256729,-0.0858285,0.188947,0.0228596,0.00108835,0.847451,0.0530194,0.0324317],[0.0181619,-0.147382,-0.436699,0.315632,0.5021,0.494561,-0.169971,0.0113827,-0.0679152,-0.561786,0.0125457,-0.0226049,0.0135964,-0.0205346,-0.0725559,-0.14793,-0.0636274,-0.299554,-0.0206327,-0.432505,0.0449158,-0.0388467],[0.0325244,-0.137743,-0.254222,0.0107947,0.161453,-0.0116787,-0.00671387,-0.015469,0.0194342,-0.135198,0.0223134,-0.0156508,0.00928386,-0.0248597,-0.00864508,-0.0237953,0.0571527,-0.0800774,0.0203577,-0.130673,0.0659636,-0.013598],[-0.153708,-0.0907275,-0.177015,0.0524506,-0.529748,-0.371269,-0.0690154,0.00762749,0.0699349,-0.0263323,-0.0472984,-0.0315125,-0.0166203,-0.0448992,-0.0569148,-0.119211,-0.0100473,0.0593144,-0.00332113,-0.158497,0.116422,-0.033484],[0.0525243,0.0111823,0.0388961,0.0214147,0.0427991,0.019514,-0.046221,-0.00795834,0.180368,0.0927203,-0.00189073,-0.0130624,-0.0142158,-0.0296706,0.0546345,-0.120083,-0.0276876,-0.0461331,-0.0202903,-0.247065,-0.0649909,-0.0183697],[0.0676838,-0.340594,0.250667,-0.130577,0.00258289,-0.365807,0.0082854,0.00712796,0.0430239,0.00966257,0.0117434,0.0445883,-0.053802,0.0885343,-0.05674,-0.0389406,-0.426604,0.234211,-0.0302719,0.414626,-0.252914,0.0845591],[0.0622466,0.238648,-0.00824852,0.0355278,0.241146,0.107529,0.124638,0.00468825,-0.132979,-0.00512646,0.0290728,0.0227373,0.00914816,0.0426542,0.125013,0.1283,-0.0325391,-0.293143,0.0155345,0.116401,-0.229548,0.0307891],[0.0362042,0.114034,0.34476,-0.290143,0.357581,0.0900845,0.0554835,0.0322708,0.218795,0.180798,0.0151695,-0.0696397,0.00360853,-0.0742954,0.00271503,-0.150845,-0.0818979,0.0198414,-0.00163552,1.47346,0.105266,-0.0655507],[-0.00263182,0.0024191,0.0189871,0.00264085,-0.0284484,0.0239838,0.000318443,-0.00207764,-0.0342831,-0.0241322,-0.00208629,0.0013694,0.00344384,-0.00107444,-0.00408118,0.00237573,0.000323664,-0.00741688,4.48337e-05,-0.142663,0.00234047,1.38232e-05],[-0.0282452,-0.05612,-0.0280546,0.00806368,-0.109555,-0.0474408,0.0101944,0.0129414,0.062304,-0.00782651,-0.0156628,-0.0114711,0.00489604,-0.0092203,-0.0326374,-0.00605125,0.0266091,0.0022309,0.00473937,-0.142404,-0.076124,-0.00250803],[-0.0314694,0.159198,-0.114483,-0.11086,-0.28379,0.0681037,0.178328,-0.0148858,-0.0414035,-0.0468117,0.0489596,-0.000916356,0.0261074,-0.00889432,0.147486,0.106195,0.0601347,0.0864915,0.0186688,0.196215,-0.0454936,0.0145648]],"sigmahat":[[0.318592,0.14627,0.454142,0.0333081,0.573953,0.190141,-0.0242034,-0.0213456,0.0827517,-0.0758829,0.00468832,0.0297428,0.000900803,0.0392965,0.132976,0.0331735,-0.0466432,-0.0275255,0.00916646,0.515666,-0.0964769,0.0271173],[0.14627,0.571872,0.11767,-0.0195954,0.111522,0.121955,-0.056951,-0.025616,0.25058,0.0364424,-0.0402439,-0.0312052,-0.0320364,-0.0449247,0.149049,-0.0097219,-0.00236113,-0.0612342,-0.00165371,0.126051,-0.197304,-0.0348847],[0.454142,0.11767,1.46365,0.00253727,0.87293,0.690933,-0.0757763,-0.0343397,0.131816,-0.213098,-0.00729003,0.034046,-0.00340319,0.0547112,0.166433,0.0735208,-0.0340423,-0.0467618,0.0065732,0.566103,-0.0127315,0.0333671],[0.0333081,-0.0195954,0.00253727,0.314349,-0.0069416,0.0234819,-0.0274486,-0.00567797,-0.0349041,-0.00900886,-0.00240214,0.000672431,-0.0030553,0.00254452,-0.00652565,-0.0037731,-0.00350917,-0.00106824,-0.0023254,0.239032,0.0363055,-0.000148905],[0.573953,0.111522,0.87293,-0.0069416,2.30147,1.01176,-0.0390536,-0.0303141,0.166363,-0.542134,0.0344704,0.103087,0.0110668,0.127131,0.274588,0.111473,-0.0950607,0.0297464,0.0187572,0.937117,0.0134778,0.0838256],[0.190141,0.121955,0.690933,0.0234819,1.01176,1.69255,-0.0853061,-0.0255163,0.104756,-0.420541,-0.0222068,0.0296557,-0.0125086,0.0339816,0.154886,0.0433471,0.0565847,-0.00633157,0.0061421,0.104229,0.147281,-0.00701256],[-0.0242034,-0.056951,-0.0757763,-0.0274486,-0.0390536,-0.0853061,0.203977,-0.00129209,-0.156749,-0.0175042,0.0400096,0.0130593,0.0329518,0.0226214,-0.000705034,0.151183,-0.0118569,0.00222024,0.0245026,0.420187,0.0486579,0.0254928],[-0.0213456,-0.025616,-0.0343397,-0.00567797,-0.0303141,-0.0255163,-0.00129209,0.00911935,-0.00234733,0.012792,-0.00358826,-0.00255063,-0.00220531,-0.00342605,-0.0181522,-0.00564533,0.0058277,0.0139931,-0.000389402,-0.0237045,0.0101374,-0.00341171],[0.0827517,0.25058,0.131816,-0.0349041,0.166363,0.104756,-0.156749,-0.00234733,0.824161,-0.00147898,-0.0705015,-0.0526536,-0.0590719,-0.0675381,0.0315448,-0.0630819,0.0235938,0.0559677,-0.011583,-0.387843,-0.00705544,-0.0569341],[-0.0758829,0.0364424,-0.213098,-0.00900886,-0.542134,-0.420541,-0.0175042,0.012792,-0.00147898,0.829065,0.0186932,-0.0109358,0.023131,-0.0127312,-0.0443388,-0.0358019,0.0433274,-0.0242452,0.00188341,0.0484461,-0.193557,-0.00697158],[0.00468832,-0.0402439,-0.00729003,-0.00240214,0.0344704,-0.0222068,0.0400096,-0.00358826,-0.0705015,0.0186932,0.0368762,0.0110664,0.0273671,0.0180188,0.00951231,0.0370566,-0.00642893,-0.00355004,0.00552236,0.0621766,-0.00547484,0.0184588],[0.0297428,-0.0312052,0.034046,0.000672431,0.103087,0.0296557,0.0130593,-0.00255063,-0.0526536,-0.0109358,0.0110664,0.0257569,0.00544009,0.0276074,0.0160973,0.0153746,-0.00933579,0.000755969,0.00369006,0.0550234,0.0129377,0.0207793],[0.000900803,-0.0320364,-0.00340319,-0.0030553,0.0110668,-0.0125086,0.0329518,-0.00220531,-0.0590719,0.023131,0.0273671,0.00544009,0.0324597,0.0108902,0.00203069,0.0378155,-0.00111382,0.00285801,0.00597848,0.0758971,-0.000452057,0.0122526],[0.0392965,-0.0449247,0.0547112,0.00254452,0.127131,0.0339816,0.0226214,-0.00342605,-0.0675381,-0.0127312,0.0180188,0.0276074,0.0108902,0.0396719,0.0182964,0.0289845,-0.0122152,-0.000600172,0.00487303,0.100761,0.0230915,0.0281923],[0.132976,0.149049,0.166433,-0.00652565,0.274588,0.154886,-0.000705034,-0.0181522,0.0315448,-0.0443388,0.00951231,0.0160973,0.00203069,0.0182964,0.132565,0.017034,-0.0253849,-0.0378495,0.00613826,0.250823,-0.0717685,0.0139993],[0.0331735,-0.0097219,0.0735208,-0.0037731,0.111473,0.0433471,0.151183,-0.00564533,-0.0630819,-0.0358019,0.0370566,0.0153746,0.0378155,0.0289845,0.017034,0.251894,-0.0116456,-0.000958833,0.0347274,0.425702,0.0669331,0.0284716],[-0.0466432,-0.00236113,-0.0340423,-0.00350917,-0.0950607,0.0565847,-0.0118569,0.0058277,0.0235938,0.0433274,-0.00642893,-0.00933579,-0.00111382,-0.0122152,-0.0253849,-0.0116456,0.108411,0.0291154,-0.00666872,-0.110542,0.0227306,-0.0149963],[-0.0275255,-0.0612342,-0.0467618,-0.00106824,0.0297464,-0.00633157,0.00222024,0.0139931,0.0559677,-0.0242452,-0.00355004,0.000755969,0.00285801,-0.000600172,-0.0378495,-0.000958833,0.0291154,0.438903,-0.00662106,-0.101214,0.0897877,-0.00313476],[0.00916646,-0.00165371,0.0065732,-0.0023254,0.0187572,0.0061421,0.0245026,-0.000389402,-0.011583,0.00188341,0.00552236,0.00369006,0.00597848,0.00487303,0.00613826,0.0347274,-0.00666872,-0.00662106,0.0145389,0.135778,-0.00763169,0.00571954],[0.515666,0.126051,0.566103,0.239032,0.937117,0.104229,0.420187,-0.0237045,-0.387843,0.0484461,0.0621766,0.0550234,0.0758971,0.100761,0.250823,0.425702,-0.110542,-0.101214,0.135778,8.34997,0.0321706,0.0648489],[-0.0964769,-0.197304,-0.0127315,0.0363055,0.0134778,0.147281,0.0486579,0.0101374,-0.00705544,-0.193557,-0.00547484,0.0129377,-0.000452057,0.0230915,-0.0717685,0.0669331,0.0227306,0.0897877,-0.00763169,0.0321706,0.663292,0.000343684],[0.0271173,-0.0348847,0.0333671,-0.000148905,0.0838256,-0.00701256,0.0254928,-0.00341171,-0.0569341,-0.00697158,0.0184588,0.0207793,0.0122526,0.0281923,0.0139993,0.0284716,-0.0149963,-0.00313476,0.00571954,0.0648489,0.000343684,0.0281566]],"n":22,"lags":3}