{"betahat":[[-0.0800803,-0.882391,0.276091,0.9964,-0.583671,-0.847221,0.112132,-0.0304855,-0.0192635,-0.034654,0.000850944,0.233024,0.294678,0.251577,0.115613,-0.0316266,0.0131636,5.87745,-0.116069,-2.38018],[1.01854,0.0145475,0.0214922,-0.0693028,0.263441,0.385127,-0.0258048,-0.0150767,0.00880739,0.0174051,-8.46936e-05,0.0924205,0.0138122,-0.091501,-0.010864,0.012292,0.0173863,0.521355,-0.0286911,0.403169],[0.0367273,0.986799,0.0141543,-0.0253867,0.249389,0.266408,-0.00493893,0.000972916,-0.0112753,0.0268039,-5.8377e-05,0.0765562,0.0472273,-0.121068,0.0225807,0.0430495,0.0425439,-0.294254,0.0183547,0.177639],[0.0394215,0.0896666,0.799822,0.0219431,0.138478,-0.0358284,-0.0184989,-0.0085552,0.0111615,-0.00512942,3.53709e-05,0.0957548,-0.0460988,-0.077407,0.00211329,0.00921894,-0.00591622,-0.600677,-0.0252858,1.07302],[-0.201403,-0.050615,-0.0365115,0.627216,-0.556494,-0.26471,-0.0613518,-0.018344,-0.028944,-0.0664171,-7.96119e-05,-0.196682,0.136935,0.172042,-0.0296141,-0.0806476,-0.0806478,0.99671,-0.016171,-1.28449],[-0.0284582,-0.105224,0.0191837,-0.0069634,0.879174,-0.07548,0.0362505,-0.00254868,0.00651344,-0.000649039,8.88897e-05,-0.0401298,0.0170242,0.0252868,-0.00975658,-0.014113,-0.0100693,-0.0370321,-0.00809095,-0.343837],[-0.00657045,-0.0628273,0.130753,0.00271108,-0.0799021,0.872786,0.0140282,-0.0164493,0.00560581,-0.000826001,-3.96534e-05,-0.066287,0.0132028,0.0593579,0.0115815,-0.00495202,-0.0108808,-0.471494,0.0171797,-0.331621],[0.261371,0.324342,0.289035,0.0169891,0.243335,0.403808,0.912168,-0.0214243,0.0285338,0.0270798,0.00010187,0.254638,-0.0109364,-0.155226,-0.0080268,0.0312765,0.0212787,-0.820725,-0.0301784,-2.17179],[-1.40905,-2.85142,-1.94696,0.0931679,-3.58399,-3.1129,-0.200383,1.00391,0.0601958,0.151453,0.000964357,-0.123461,1.25784,0.685291,-0.255055,-0.0836002,0.145665,4.30249,-0.0543631,-11.4288],[-0.232756,-0.735002,0.00165637,0.249718,-0.336923,-0.698874,0.0304513,-0.00428395,1.29458,-0.0241989,0.00174435,-0.00250501,0.290767,0.00807065,-0.0262617,-0.044827,-0.00613141,2.20279,-0.0828993,-1.26712],[-0.531408,-1.34305,0.156728,0.00774122,-1.91247,-1.14408,0.154437,0.0361405,0.181426,1.12768,0.00291833,-0.865842,-0.162671,0.619033,0.0671259,-0.103518,-0.00937528,1.88985,0.0346976,-1.99917],[3.46716,-34.2153,34.3631,-2.85199,9.72085,-6.29381,-15.0544,-2.78419,3.11059,10.946,0.813065,-20.7465,-24.9267,2.78998,4.23666,9.87466,15.5442,-167.606,8.34098,376.279],[0.109323,0.121094,0.115644,0.0185692,0.210591,0.183768,-0.0701009,0.0162198,-0.007656,-0.0208264,-4.64444e-05,1.04317,-0.0360788,-0.161002,0.0252292,-0.00475086,0.00345995,0.971859,-0.00388773,0.240669],[-0.0433095,0.0038343,-0.0569731,0.204759,-0.258967,-0.405732,-0.0259969,0.00531785,0.000293716,0.030155,-0.00061065,-0.0967322,1.12138,0.12285,0.0199585,0.0116526,0.0196889,-1.02123,0.0483213,-0.896596],[0.809277,0.92077,0.549369,0.0717297,1.87576,1.37467,0.00659781,-0.0334931,0.00807287,0.000102419,-0.000558117,0.659936,-0.169635,0.403904,0.0828583,0.0336844,0.00989677,0.77734,-0.116817,4.31362],[-0.210775,0.549176,-0.991836,0.0244014,-0.332018,-0.314163,0.852624,0.0151796,0.0430625,0.103882,-0.000484838,-0.0551982,-0.359694,0.0793702,1.54821,0.158472,0.0387432,-2.23648,0.0769909,6.31527],[-0.100114,-0.258893,-0.00416947,-0.413423,0.647242,0.483138,0.136564,0.0189574,0.0378658,0.039559,-0.00257221,-0.0443454,0.42576,-0.0101497,-0.108557,1.1682,0.111966,-4.69168,-0.178744,-3.5963],[1.06448,1.52626,0.83201,-0.283926,2.98733,1.82772,-0.242088,-0.0615373,0.0306076,-0.0418371,-0.00218638,0.90122,-0.155514,-0.775344,0.0321888,-0.0107826,0.99625,1.93002,-0.316565,3.19867],[0.0269398,0.0271569,0.065911,0.00802068,0.0503184,0.0672039,-0.00458666,-0.00339745,-0.00170578,0.00258726,-3.8574e-06,0.00459467,-0.0200532,-0.00694638,0.00427706,0.004797,0.00793546,0.954211,0.0152326,-0.0448591],[-0.104233,-0.238807,0.772324,0.0786456,-0.637923,-0.040074,-0.199299,0.0857117,-0.095159,-0.0131212,0.00113128,-0.389505,-0.0721581,0.0884831,-0.0422063,-0.0253552,-0.0211958,-1.52907,1.23901,-8.8009],[0.00335083,-0.00348486,0.00511291,-0.00147233,0.00414469,0.0105375,-0.00162267,-0.00109751,-0.00197249,-0.000464411,5.74081e-06,0.00391171,-0.00544004,-0.00459018,0.00102565,0.000825737,0.00271503,0.0111192,0.00130278,1.11239],[-0.00632305,-0.0236889,-0.0250919,0.0137642,-0.109345,-0.221795,0.0328649,0.0146193,-0.00579385,-0.0121968,4.70272e-05,-0.0310904,0.0100381,0.0595837,0.0115961,-0.0156618,-0.0142346,-0.238027,0.0124858,-0.200654],[-0.0721941,-0.0679579,-0.0331475,-0.00332969,-0.215954,-0.253772,0.0251687,0.00307405,0.00893778,-0.0150297,0.000160522,-0.0837928,0.00727815,0.119736,-0.0179011,-0.0261477,-0.0267748,0.198343,-0.00272784,-0.0337259],[-0.0246033,-0.137116,0.0892945,-0.0361358,-0.0359635,-0.0425952,-0.0185487,0.022802,-0.00696417,-0.00488904,0.000112933,-0.0280865,0.0267165,0.0562212,0.00971954,-0.0208881,-0.00760656,0.661668,-0.00717018,-0.496086],[0.362232,0.0499593,0.157355,0.219436,1.06345,0.804244,0.0536345,0.0299009,0.0275201,0.037891,-0.000198842,0.355943,-0.0338564,-0.320878,0.0164553,0.066045,0.0825797,-0.690082,-0.0213751,1.94706],[0.0270496,0.0855978,-0.0217088,0.00628612,0.0989303,0.096243,-0.0130093,0.00113191,-0.00401078,0.00288055,-0.000102601,0.0423801,-0.00223444,-0.0258895,0.0116554,0.0110891,0.00949964,0.180096,0.00291729,0.35849],[-0.0142794,0.0339544,-0.128992,0.0258255,-0.0341182,0.0574157,-0.00566019,0.0107135,-0.00449686,0.00476464,7.53568e-05,0.022185,-0.0116199,-0.022652,-0.00711056,0.000233388,0.0070678,0.318042,-0.00335693,0.013028],[-0.187943,-0.172086,-0.293702,-0.0721986,-0.0969901,-0.247454,-0.20243,0.0190306,-0.00699176,-0.00523189,0.000437098,-0.212743,-0.0370317,0.059704,-0.019466,-0.0142516,0.00687812,0.251789,0.0507551,-0.449141],[0.459953,1.18608,-0.998458,0.333218,2.4568,1.61247,0.561247,0.167117,-0.0245799,0.137004,-0.0010844,0.525706,-0.89302,-0.721143,0.62905,0.0447493,0.12204,0.614762,0.0283175,21.5769],[0.194113,0.709458,-0.0554753,-0.240026,0.270957,0.082811,0.0331098,0.0194912,-0.233427,-0.0227987,-0.00109975,0.12684,-0.0868438,-0.0847599,0.0100703,0.0334877,0.013399,-0.321284,0.068854,2.69651],[0.0760645,0.390615,0.130587,-0.179177,0.52469,0.350038,-0.0496685,-0.0229005,-0.0449545,-0.128889,-0.00227879,0.34489,0.277953,-0.0893995,-0.117952,0.0905701,-0.0337108,-2.04388,-0.0241688,0.562537],[-5.6965,35.6973,-22.2017,-13.5819,-31.2109,-52.8677,42.3833,-0.113414,-0.741911,-10.3631,-0.0978868,10.1585,34.7848,17.9192,1.3726,-11.1954,-18.3898,132.35,-8.61503,-173.502],[-0.12758,-0.118057,-0.138574,-0.0409504,-0.231378,-0.137342,0.0620158,-0.0123317,0.00202715,0.0217697,-6.56354e-05,-0.0569564,0.0419702,0.128377,-0.0123261,0.00383306,0.00252796,-0.676443,0.0185629,-0.457875],[-0.025847,0.0192605,-0.188017,-0.0985043,0.07058,0.145838,-0.0212288,0.00836817,0.0059514,-0.0205886,0.000415665,0.0103839,-0.0193165,-0.0431494,-0.0356607,0.00457929,-0.0259355,0.247336,-0.0242871,-0.909759],[-0.550152,-0.757687,-0.284039,-0.0754634,-1.15384,-0.860867,-0.0325526,0.027972,0.00378485,0.000913926,0.000539656,-0.466733,0.120074,0.41144,-0.0642524,-0.0251424,-0.00540795,-0.344684,0.0722781,-3.13302],[0.371583,0.00980072,0.686062,-0.0681485,0.842264,0.845713,-0.39817,0.00352009,-0.00626543,-0.00896586,0.000445879,0.329516,0.249259,-0.308765,-0.2238,-0.0183996,0.0431331,1.52612,-0.075218,-1.45644],[-0.129854,0.043273,0.0470465,0.0361445,-1.3351,-0.581433,0.0308984,-0.0344698,-0.0252579,-0.061294,0.00153601,-0.128326,-0.135588,0.146775,0.0094739,-0.0924428,-0.0753407,3.39478,0.0915727,-0.826922],[-0.742345,-0.79652,-0.557234,0.184366,-2.54248,-1.29886,0.192331,0.0229862,-0.0176623,-0.0388297,0.00114595,-0.673412,0.0863599,0.603622,-0.0821492,-0.00973414,-0.0577973,-1.7398,0.165263,-5.29354],[-0.0165327,-0.011361,-0.0831041,0.00515996,-0.00768384,-0.0290413,-0.00562606,0.00365472,-0.00313141,-0.00520251,4.19928e-06,0.0107486,0.0242189,0.00211811,0.00250782,-0.00561633,-0.00678826,0.028861,-0.0066018,0.281261],[0.0923382,0.228592,-0.504901,0.0421141,0.319914,-0.226399,0.150305,-0.0644801,0.0714036,-0.017448,-0.000591861,0.259578,-0.0173489,-0.0122124,0.0296863,-0.0156626,-0.0279438,0.822101,-0.180136,4.88891],[-0.0130355,-0.00941667,-0.00978286,-0.00304577,-0.024302,-0.0269007,0.000384046,0.00155778,0.00157412,-0.00037155,3.19673e-06,-0.0131297,0.00674717,0.0141501,-0.00244687,-0.00133704,-0.00249212,0.0250095,-0.000607537,-0.0837164],[-0.0122179,0.00914201,0.00359859,0.055539,-0.154099,-0.163333,-0.00705992,0.000457502,-0.00301371,-0.00520827,3.76645e-05,-0.0613298,-0.0238498,0.031917,-0.000731627,0.00336988,-0.00315177,-0.283327,0.0162053,-0.202505],[0.0354655,0.0811576,0.0189925,0.0287164,-0.0334387,-0.0126384,-0.0202295,-0.0040468,0.00233747,-0.011774,-0.000102145,0.0072357,-0.0545048,0.00133269,-0.00467945,-0.0169017,-0.015769,0.0959104,-0.0156266,-0.143911],[-0.0148193,0.0474498,0.11088,0.0141936,-0.102517,0.0784207,0.0370479,-0.0142465,-0.00419757,0.0100181,-0.000148306,-0.0676675,0.0193836,0.021185,-0.0118321,0.011669,0.0135223,-0.0609911,0.0324556,-0.576913],[-0.160825,0.000660545,-0.120843,0.153349,-0.506947,-0.539529,0.00771879,-0.0115566,0.0014237,0.0285266,0.000278447,-0.159258,-0.103079,0.148832,0.013161,0.0146032,-0.00193132,-0.306619,0.037546,-0.662508],[0.0014068,0.0196279,0.00252166,0.000678813,0.0218872,-0.0207683,-0.0232409,0.00141715,-0.00250312,-0.00223153,1.37075e-05,-0.00225036,-0.0147885,0.000602359,-0.00189814,0.00302416,0.000569603,-0.143066,0.00517383,-0.01464],[0.0208489,0.0288746,-0.00176396,-0.0285352,0.114016,0.0697939,-0.00836708,0.00573623,-0.00110934,-0.00393844,-3.5708e-05,0.0441025,-0.00158204,-0.0367066,-0.0044694,0.00471879,0.00381295,0.153454,-0.0138226,0.318623],[-0.0734115,-0.152229,0.00466563,0.0552152,-0.146312,-0.156329,0.290264,0.00239569,-0.0215437,-0.0218456,-0.000538989,-0.0418746,0.0479619,0.0955051,0.027502,-0.0170222,-0.0281531,0.568984,-0.0205757,2.62114],[0.951792,1.66195,2.95486,-0.42956,1.13885,1.50985,-0.361371,-0.172832,-0.0342748,-0.288154,0.000127481,-0.405412,-0.370165,0.0395773,-0.375757,0.0380204,-0.267891,-4.91683,0.0261613,-10.2058],[0.0550831,0.106149,-0.118726,-0.0230169,0.0740494,0.466249,-0.0427514,-0.0118558,-0.0958691,0.0346256,-0.000652461,-0.0971414,-0.307812,0.046261,0.0219102,0.00490895,-0.0050535,-1.82265,0.0219085,-1.26931],[0.448736,0.92818,-0.25946,0.149879,1.39357,0.794087,-0.114584,-0.0180267,-0.133835,-0.00625644,-0.000575502,0.501312,-0.142691,-0.510951,0.038362,0.00610487,0.0348856,0.1602,-0.012219,0.915346],[2.22934,-1.48202,-12.1615,16.4339,21.4901,59.1615,-27.3289,2.8976,-2.36868,-0.582944,0.284822,10.5879,-9.85805,-20.7092,-5.60926,1.32075,2.84559,35.2557,0.274049,-202.777],[0.0182604,-0.00303139,0.0229298,0.0223831,0.020791,-0.0464213,0.00808638,-0.00388767,0.00562846,-0.000942755,0.000112073,0.0137883,-0.00589143,0.0326215,-0.0129007,0.000918358,-0.00598732,-0.295408,-0.0146749,0.217263],[0.0691592,-0.023094,0.244991,-0.106255,0.188398,0.2599,0.0472284,-0.013686,-0.00624492,-0.0095657,0.000194982,0.0863503,-0.102062,-0.0797016,0.0157049,-0.0162325,0.00624663,0.773904,-0.0240343,1.80643],[-0.235112,-0.146745,-0.248361,0.00158985,-0.65154,-0.466584,0.0273732,0.00443682,-0.0109908,-0.00150034,2.17532e-05,-0.173455,0.0393451,0.167479,-0.0166222,-0.00979957,-0.00418985,-0.39791,0.0408974,-1.06155],[-0.160788,-0.558945,0.305774,0.043754,-0.510205,-0.531518,-0.454447,-0.0186977,-0.0367985,-0.0949133,3.8929e-05,-0.274295,0.110428,0.229376,-0.324397,-0.140069,-0.0818723,0.710411,-0.00177215,-4.85855],[0.105804,0.0526915,0.00883551,0.277471,0.474792,0.163406,-0.149038,0.0422531,-0.0174289,0.0132457,0.000996565,0.124252,-0.104733,-0.0567402,0.078333,-0.130317,-0.0674323,1.59885,0.0824488,4.2495],[-0.314741,-0.714262,-0.221891,0.0913989,-0.42887,-0.482392,0.0347412,0.0336719,-0.0124331,0.0717633,0.00104997,-0.23384,0.0688795,0.179423,0.0387486,0.0138805,0.0487724,-0.183695,0.146563,1.54126],[-0.0103427,-0.0156917,0.0172096,-0.0131528,-0.0425002,-0.0380462,0.0102272,-0.000254022,0.00483194,0.00261958,-4.35851e-07,-0.0152714,-0.00417132,0.00476952,-0.00675183,0.000827707,-0.00113984,0.0170191,-0.00863092,-0.235604],[0.0168598,0.00953585,-0.253812,-0.121769,0.330972,0.274351,0.0472948,-0.0232495,0.025184,0.0299198,-0.000547529,0.126807,0.0853068,-0.0740166,0.00971276,0.0413892,0.04816,0.678972,-0.0613667,3.81556],[0.00952944,0.0127486,0.00451646,0.00446576,0.0199062,0.0161301,0.00121016,-0.000454374,0.000398662,0.000809805,-8.48053e-06,0.00911767,-0.00131118,-0.00950275,0.0013807,0.000489128,-0.000252185,-0.0364073,-0.000685236,-0.0315459]],"sigmahat":[[0.87236,0.978657,0.629309,0.122788,1.82828,1.46912,-0.00445706,-0.0238788,-0.0163413,0.00268609,-0.000635539,0.678542,-0.130994,-0.643635,0.0882669,0.055969,0.0497379,0.550294,-0.080999,4.48759],[0.978657,1.44105,0.619626,0.155541,2.04392,1.66935,-0.012637,-0.0400983,-0.0327559,-0.0201659,-0.000910103,0.831119,-0.182898,-0.777203,0.108243,0.0565156,0.0293437,0.653958,-0.104331,5.32212],[0.629309,0.619626,0.979836,0.0344706,1.29487,1.20336,-0.0179558,-0.0353732,-0.0121867,-0.000355396,-0.000572787,0.387663,-0.0676052,-0.399807,0.0382648,0.0475972,0.0301546,0.30556,-0.0507892,2.24414],[0.122788,0.155541,0.0344706,0.179901,0.165837,0.171926,-0.0292241,-0.00376677,-0.00578974,-0.00847614,3.11015e-05,0.0977694,-0.0237336,-0.0944656,0.0134389,0.000166638,-0.00624316,-0.207831,-0.00659609,0.339782],[1.82828,2.04392,1.29487,0.165837,4.70756,3.62146,-0.015792,-0.0407102,-0.0226848,0.00419673,-0.00140666,1.60389,-0.239137,-1.47726,0.208612,0.120809,0.104755,1.52737,-0.197052,9.77164],[1.46912,1.66935,1.20336,0.171926,3.62146,3.47851,-0.0443753,-0.0449123,-0.0160942,-0.00376414,-0.00107725,1.31615,-0.161143,-1.21631,0.131383,0.0961062,0.0869397,1.04716,-0.148475,6.7975],[-0.00445706,-0.012637,-0.0179558,-0.0292241,-0.015792,-0.0443753,0.141198,0.000258923,0.00212853,0.0241369,-0.000133778,-0.0145811,-0.00818049,0.0102064,0.0333181,0.0184022,0.024937,0.0622767,0.0125277,1.49277],[-0.0238788,-0.0400983,-0.0353732,-0.00376677,-0.0407102,-0.0449123,0.000258923,0.00632408,0.000846709,0.000464437,4.53755e-05,-0.0156353,0.00449423,0.0136632,-0.00204252,-0.00180818,-0.000120719,0.0217226,0.00237845,-0.0938991],[-0.0163413,-0.0327559,-0.0121867,-0.00578974,-0.0226848,-0.0160942,0.00212853,0.000846709,0.00780498,0.00273175,3.26416e-05,-0.0131625,0.00336814,0.0150398,-0.00278985,-0.000511014,0.000495348,0.0107005,-0.000281304,-0.106645],[0.00268609,-0.0201659,-0.000355396,-0.00847614,0.00419673,-0.00376414,0.0241369,0.000464437,0.00273175,0.0253539,1.04261e-05,-0.00916392,-0.00854148,0.00442774,0.0107034,0.01523,0.0267192,0.0517958,0.0167006,0.59281],[-0.000635539,-0.000910103,-0.000572787,3.11015e-05,-0.00140666,-0.00107725,-0.000133778,4.53755e-05,3.26416e-05,1.04261e-05,3.22677e-06,-0.000529209,8.41245e-05,0.000498333,-9.47152e-05,-4.71581e-05,-1.47688e-05,-0.000379013,0.00014311,-0.0056504],[0.678542,0.831119,0.387663,0.0977694,1.60389,1.31615,-0.0145811,-0.0156353,-0.0131625,-0.00916392,-0.000529209,0.701152,-0.081109,-0.587941,0.0715783,0.0389817,0.0333679,0.71431,-0.0805622,3.86647],[-0.130994,-0.182898,-0.0676052,-0.0237336,-0.239137,-0.161143,-0.00818049,0.00449423,0.00336814,-0.00854148,8.41245e-05,-0.081109,0.128111,0.106882,-0.0300496,-0.00808631,-0.0118859,-0.105862,0.00917685,-0.918618],[-0.643635,-0.777203,-0.399807,-0.0944656,-1.47726,-1.21631,0.0102064,0.0136632,0.0150398,0.00442774,0.000498333,-0.587941,0.106882,0.593072,-0.0732997,-0.0393943,-0.0324012,-0.495556,0.0721488,-3.46066],[0.0882669,0.108243,0.0382648,0.0134389,0.208612,0.131383,0.0333181,-0.00204252,-0.00278985,0.0107034,-9.47152e-05,0.0715783,-0.0300496,-0.0732997,0.0401727,0.0146435,0.0160277,0.108961,-0.00240314,1.25757],[0.055969,0.0565156,0.0475972,0.000166638,0.120809,0.0961062,0.0184022,-0.00180818,-0.000511014,0.01523,-4.71581e-05,0.0389817,-0.00808631,-0.0393943,0.0146435,0.0313567,0.0282634,-0.0147547,0.00823204,0.678976],[0.0497379,0.0293437,0.0301546,-0.00624316,0.104755,0.0869397,0.024937,-0.000120719,0.000495348,0.0267192,-1.47688e-05,0.0333679,-0.0118859,-0.0324012,0.0160277,0.0282634,0.0430287,0.0724067,0.0196933,0.997925],[0.550294,0.653958,0.30556,-0.207831,1.52737,1.04716,0.0622767,0.0217226,0.0107005,0.0517958,-0.000379013,0.71431,-0.105862,-0.495556,0.108961,-0.0147547,0.0724067,8.78798,-0.120365,9.34813],[-0.080999,-0.104331,-0.0507892,-0.00659609,-0.197052,-0.148475,0.0125277,0.00237845,-0.000281304,0.0167006,0.00014311,-0.0805622,0.00917685,0.0721488,-0.00240314,0.00823204,0.0196933,-0.120365,0.0418983,-0.106608],[4.48759,5.32212,2.24414,0.339782,9.77164,6.7975,1.49277,-0.0938991,-0.106645,0.59281,-0.0056504,3.86647,-0.918618,-3.46066,1.25757,0.678976,0.997925,9.34813,-0.106608,78.7098]],"n":20,"lags":3}