{"betahat":[[2.90732,1.94525,8.46103,-0.151533,0.258123,2.31181,-5.73909,-0.100709,4.60561,1.78599,-1.18022,0.123509,-1.77502,-0.442723,2.68655,-5.40765,38.0933,5.82808,0.212993,-22.4977],[0.659897,-0.0128895,-0.392574,-0.294629,0.413629,0.587274,-0.201665,-0.0288185,0.0738508,0.118017,-0.0159957,0.01282,-0.0835296,0.012519,0.0159512,-0.16288,-0.0920139,0.0531391,-0.0283404,-0.78538],[-0.108817,0.732116,-0.0931249,-0.135103,-0.109737,-0.0308354,0.0127941,0.0133092,0.0123896,0.0766109,0.0319031,-0.00154763,0.0227197,-0.00524723,-0.0888526,0.0386532,0.0868263,0.0802872,-0.00579301,0.346456],[0.00880986,-0.00459715,0.718054,0.112749,-0.0357713,-0.284742,-0.018169,0.0030131,0.063338,0.200263,0.00826788,-0.00579874,0.0345866,0.00279247,-0.0283958,-0.023142,-0.0254878,-0.122958,0.00729148,0.235142],[0.190247,0.680142,0.278971,0.862435,-0.0213582,0.106369,-0.0632373,-0.0505758,0.479082,-0.142548,-0.0857716,-0.0500105,-0.0864453,-0.0578656,0.261427,-0.0327958,-0.0102623,-0.119991,-0.0037674,1.44641],[-0.0169502,0.0710536,-0.0929057,0.057916,0.51625,-0.273124,0.0740339,-0.00639298,-0.0250267,0.154692,-0.0317113,-0.00936882,-0.0407002,-0.0135226,0.0419578,0.0336788,-0.0258432,-0.0286755,0.0305888,-0.0127426],[0.0808939,0.0752391,0.349296,-0.0576569,0.0891037,0.798263,-0.00681733,-0.0295862,0.103278,-0.152916,-0.0244384,-0.00178236,0.00155149,-0.00284886,0.0179464,0.0324055,0.00738434,0.0330588,-0.023571,-0.435687],[0.0122323,0.0945088,-0.03761,0.00679885,-0.138755,0.31255,0.890946,-0.0140624,0.0439246,0.242955,-0.0195923,0.0199422,0.0276116,0.00553276,0.0133542,0.0951133,0.00946658,0.0963059,0.028157,-0.200353],[0.382096,0.0419541,-0.953361,0.18943,0.135746,-0.643495,-0.0963561,0.680018,0.177686,2.20721,0.253738,0.165634,0.171221,0.149868,0.367086,0.313799,0.103778,0.867224,-0.0739779,2.258],[-0.0713855,-0.186542,-0.181553,0.201783,-0.143622,0.0507006,0.0276157,0.00904328,0.877881,0.09507,-0.0150312,-0.00516416,-0.00165616,-0.00392606,-0.111114,-0.0218602,-0.0522028,0.171813,-0.00364698,-0.022126],[0.00360948,0.0618716,0.000295958,0.093191,-0.288257,-0.197436,-0.12465,-0.00169339,0.29542,1.13237,-0.0205578,-0.017749,-0.0338227,-0.0211081,0.0264119,-0.117499,0.0169446,-0.0463053,-0.0269045,-0.309756],[-0.0445382,-0.376757,0.757213,-0.111083,-0.133288,1.15356,0.154186,0.0639198,-0.739135,0.370663,0.884295,0.195333,0.0349988,0.224112,-0.0147136,0.195335,-0.0689828,-0.134521,0.0139786,0.556942],[0.333696,0.732844,-0.563534,0.691436,0.253797,1.05172,-0.0566095,-0.0284438,-0.934235,1.38755,0.321343,0.957923,0.159327,0.0472688,0.702377,-0.300968,-0.131332,-0.730153,0.00270059,-2.12929],[0.407691,0.142034,1.28311,-0.468827,0.730857,-0.255161,0.139406,-0.00707925,0.0692768,0.104636,0.10957,-0.12403,0.899438,-0.0974461,-0.0986321,0.398151,0.157781,0.704476,0.0376728,1.12708],[-0.561205,-1.11421,-0.593417,0.60158,-1.92843,-2.71111,0.255481,-0.106939,-0.823097,0.338997,-0.129818,0.386989,0.101219,1.21344,-0.714968,0.0675077,-0.609249,0.97954,-0.016717,-0.0498566],[0.265095,0.555799,0.123984,-0.115118,0.645337,0.542229,-0.00833711,-0.0511817,0.0819091,0.0196134,-0.00350159,-0.00590553,-0.0142467,-0.0260249,1.20881,-0.0114621,0.066179,-0.140116,0.00386724,1.45975],[-0.0856141,0.139056,-0.320361,-0.114552,-0.0842219,-0.0543848,0.271124,0.00320153,-0.487174,-0.185537,0.0128282,0.0225128,0.0186972,0.0282519,0.00250827,0.851196,0.0898543,0.358932,-0.0806247,1.09471],[0.0368898,1.2633,-0.0398736,0.209764,-1.31166,-0.986174,-0.0613557,-0.0456364,0.695349,0.796359,-0.085036,-0.134204,-0.0288836,-0.124854,0.38926,-0.132011,0.453311,0.101453,-0.00953277,-1.80987],[0.00099122,-0.236869,0.14155,0.00906746,0.268917,0.054927,-0.232826,0.0140852,0.0476877,0.47209,0.029334,0.0233493,-0.0851519,-0.0232682,-0.116201,-0.2699,0.128931,1.16703,-0.0313476,1.48586],[-0.0192017,-0.317658,-0.800305,0.190859,-0.505397,-0.612346,-1.16802,-0.0648356,0.524013,0.80152,-0.141872,-0.0438347,-0.187397,-0.0320801,0.00565095,-1.87755,-0.309236,-1.52038,0.224042,-4.56335],[0.029075,-0.0173651,0.109648,0.0154738,0.0163618,0.0272666,0.0299184,-0.00615997,0.0206342,-0.0163606,0.023677,9.17061e-05,0.0193398,0.00224559,0.00955098,0.0214142,-0.00764437,0.00246014,0.00183634,-0.0476388],[0.344634,-0.0281166,0.47668,0.0841851,0.0246208,-0.286865,0.158852,0.0392266,0.045356,-0.0721794,0.0183999,-0.020606,0.0644337,-0.0232742,0.0197555,0.109887,0.0476752,-0.0215408,0.0159337,0.532899],[0.0491873,0.0808082,-0.0114391,0.122373,0.129255,-0.0596199,0.00989646,-0.00169872,-0.11007,-0.0997926,-0.0195594,0.00429613,-0.0224521,0.0129952,-0.000790752,-0.0177039,-0.0576042,-0.0581497,-0.00168092,-0.223343],[-0.0437243,-0.0883489,0.0343789,-0.133403,0.0304797,-0.0132752,-0.0142557,0.0143363,-0.0104467,-0.13215,-0.0231281,0.00344427,-0.0378813,0.000742068,0.0175078,-0.00667592,0.00490182,0.0693701,-0.000236765,0.328963],[-0.0411084,-0.238408,-0.164804,-0.00380533,-0.0292085,-0.0727975,0.0614864,0.0282639,-0.278476,0.0217893,0.0124754,0.03366,0.00760838,0.0363499,-0.118619,0.0528165,0.0308037,0.17296,-0.0130598,-1.17411],[-0.00126299,-0.0983975,0.106559,-0.0203782,0.265883,0.276424,0.00906815,0.00812216,0.0544123,-0.228627,0.0368626,3.10392e-05,0.0411171,0.00621662,-0.0285272,0.0489358,0.00603647,0.0511513,-0.000442057,0.388806],[-0.0403094,-0.0918722,-0.238044,0.123627,-0.157041,0.124997,-0.0264655,0.0210652,-0.185589,0.148059,0.0282526,0.0018138,0.0124638,0.00590645,-0.00857055,-0.0807345,0.000224205,-0.00525524,0.0055445,0.398956],[-0.0472398,-0.0258,-0.152628,-0.0275341,0.0714409,-0.207281,-0.299447,0.0362152,-0.107658,-0.443961,0.0336449,-0.00423718,0.00111545,0.00539187,0.0304392,-0.354033,-0.00858836,-0.0481942,-0.0768589,-1.05659],[-0.481179,0.0794871,-1.32404,0.553669,0.0268191,-0.821735,0.452117,0.18341,-0.666928,-1.9785,0.093817,-0.0483509,-0.0291903,-0.0942577,0.0769349,-0.251442,-0.0235071,0.40212,-0.00764583,-7.27097],[0.0567956,0.073949,0.174581,-0.0919535,0.16843,-0.0576854,-0.00892289,-0.0119095,0.0514008,-0.0220886,0.0103669,0.000848509,0.00912781,-0.00507258,0.0738556,0.0423692,0.0312918,-0.0935477,0.00490225,0.330374],[-0.00248717,-0.184594,0.24109,-0.136168,0.288761,0.241905,0.0942838,-0.011766,-0.163296,-0.253511,0.0202802,0.00769435,0.0456838,0.00933985,-0.0726063,0.105498,-0.00370134,0.0523625,0.0182316,-0.474406],[0.00516543,-0.0475733,0.210032,0.00310411,0.0349775,0.23406,-0.00291059,-0.0178009,-0.0846487,-0.361701,-0.138013,-0.0652942,-0.0443163,0.012485,-0.0107083,-0.290082,0.293958,0.464229,0.0470741,-0.660684],[0.409725,0.387601,1.23739,-0.653948,0.325462,1.36963,0.0635482,0.048214,0.195631,-0.0419848,0.14382,-0.137364,-0.00869661,-0.0339217,0.300842,0.144864,0.0500021,0.0181095,0.0815671,2.031],[-0.282393,0.269769,-0.999824,0.221187,-0.763205,-0.461062,0.246957,-0.0601632,-0.49418,0.929564,-0.0703477,0.157338,-0.107729,0.0625107,0.0992032,-0.0404235,-0.156691,-0.473327,-0.013981,1.56821],[0.0625583,0.288576,0.0647217,-0.583475,1.42486,-0.0672829,-0.151976,0.0257372,1.34147,-0.85893,-0.176176,-0.201266,-0.046959,-0.259407,-0.13286,0.24331,-0.0255141,-0.00843675,0.00909602,-1.68911],[-0.0739072,-0.377572,0.227939,0.24352,-0.10717,0.0522909,0.0207063,0.0197503,-0.211857,0.0209679,0.0376517,0.0145964,0.0276991,0.0196219,-0.131545,0.0625836,-0.050122,-0.0473952,-0.00959822,-1.01514],[0.0374093,-0.135232,0.0745997,0.0654522,-0.0594791,-0.0881169,-0.172199,-0.0036988,0.298712,0.20531,0.0170657,-0.00622229,0.0230752,-0.00613005,-0.0206175,0.275482,-0.0301293,-0.158061,0.112269,-0.37026],[-0.0242563,-0.469898,-0.266461,-0.348635,0.681435,0.720082,0.570406,-0.0310105,-1.16996,-0.986551,0.238413,0.0422808,0.246275,0.0351399,-0.107588,0.486675,-0.131236,-0.784549,0.10551,1.8923],[-0.0696061,-0.184216,-0.257394,-0.0367404,-0.285436,-0.28992,0.195858,0.0191921,0.0621683,-0.556641,-0.0197719,-0.0361662,0.112585,0.00427206,-0.0154858,0.241184,0.00764476,-0.106749,0.0142518,-1.61724],[0.116165,0.182977,0.677686,-0.0733648,-0.290101,0.796019,0.137468,0.0234233,0.267265,-0.328726,-0.00220466,-0.00364337,0.134972,0.0200393,-0.147554,1.12743,-0.122237,0.0181778,0.438665,0.963755],[-0.00542366,-0.00577356,-0.0314756,-0.0111641,-0.00068947,-0.0160233,-0.00751528,-0.00533436,-0.0010155,0.028273,0.00935164,0.00523686,-0.000780867,0.006009,0.00478443,0.00557844,0.00792946,-0.000177122,0.00181483,-0.00789146],[-0.00461481,0.0412848,-0.0841012,0.210322,-0.438459,-0.300546,0.0427838,-0.0104229,-0.119224,-0.045729,-0.00246256,0.00778309,0.0190298,0.0107439,-0.0357361,0.0529475,0.0444854,-0.0313111,0.0123957,0.253335],[0.0595122,0.187041,0.10458,0.0125549,-0.019723,0.0903166,-0.0226149,-0.0116255,0.097501,0.0232369,-0.0123865,-0.00272482,-0.00028912,-0.00772298,0.0895269,-0.0208682,-0.0290639,-0.0221519,0.00748741,-0.122509],[0.0348051,0.0931296,0.247361,0.0205433,0.00524015,0.298148,0.0324463,-0.0173583,-0.0526716,-0.068031,0.0148027,0.00231812,0.00326795,-0.00354861,0.0108607,0.0299108,0.0207708,0.0539252,-0.00705064,-0.563823],[-0.149072,-0.441347,-0.114264,0.141086,0.0504826,-0.0336423,0.0019021,0.0222918,-0.200497,0.12073,0.0732915,0.0163525,0.0788517,0.0215255,-0.142698,-0.0198849,-0.0201842,-0.0520781,0.0168154,-0.271046],[0.0179926,0.027264,-0.0137497,-0.0374774,0.217199,-0.00361249,-0.0830805,-0.00173815,-0.0294326,0.0741341,-0.0052232,0.00937741,-0.000487231,0.00734254,-0.0135155,-0.0827612,0.0199299,-0.0225388,-0.0301531,-0.376045],[-0.040786,0.0165037,-0.111281,-0.0660278,0.0675718,0.0764623,0.0332613,0.00850829,0.0824481,0.00510059,-0.00391263,1.35526e-06,-0.0141178,-0.00302292,-0.0095445,0.0482999,-0.0072592,-0.0272165,0.0180072,0.0375508],[0.034396,-0.0690249,0.190112,0.0207326,0.064589,-0.107256,0.408688,-0.0220688,0.0616513,0.201848,-0.0139515,-0.0154792,-0.0286752,-0.0106507,-0.0445039,0.258233,0.00106612,-0.0446669,0.0486854,1.25789],[0.375594,0.0907517,2.109,-0.470666,0.459377,1.68779,-0.14541,0.0985591,0.363167,-0.313728,-0.146538,-0.107379,0.0525752,-0.0353913,-0.183362,0.199338,-0.383613,-0.5907,0.133873,5.44741],[0.0134633,0.111394,0.00149521,-0.110068,-0.0214485,0.00817672,-0.0151546,0.00295473,0.0688158,-0.0762035,0.00515281,0.00423926,-0.00677086,0.0091622,0.0369803,-0.0163451,0.0238032,-0.0642332,-0.00114316,-0.297063],[-0.00144946,0.122711,-0.242198,0.0425921,0.00179195,-0.0430062,0.0307858,0.0134623,-0.131779,0.118466,0.000150204,0.00986187,-0.0118316,0.0116129,0.0463652,0.0127216,-0.012147,-0.00220163,0.00863991,0.783623],[0.102128,0.801333,-0.217606,0.00910238,0.664163,0.25946,-0.235309,-0.0603128,0.266934,-0.964396,0.00585685,-0.0905,-0.0968166,-0.108575,0.212635,0.0130498,0.132347,0.161067,-0.00474614,2.18315],[-0.076444,0.040698,-0.18081,-0.104371,-0.514338,-0.40647,-0.194418,0.00492094,0.214617,0.33191,-0.0129569,-0.0258027,-0.0129686,0.0165159,0.0331353,-0.224129,0.301721,0.254399,-0.0590227,1.08376],[-0.248105,-0.410209,-0.786306,0.211804,-0.128338,-0.182636,-0.10628,0.083758,-0.0308315,-0.559947,-0.0103319,-0.0379121,0.00981007,-0.018363,-0.203931,-0.152676,-0.128694,-0.653242,-0.00894858,-1.35574],[-0.249855,-0.752684,-0.307349,0.266301,-0.0512705,0.0570519,0.0134845,0.091751,0.200474,-0.844207,-0.0529451,-0.0475715,-0.0283202,-0.100247,-0.273863,0.0561628,0.172973,0.00313622,0.00796642,-0.955718],[-0.191737,-0.178685,-0.351594,-0.128882,-0.539553,-0.594647,-0.0115068,0.0314306,0.129645,-0.0403851,-0.0341261,-0.00874657,-0.013217,0.00638888,-0.077983,-0.0501798,-0.0143934,0.190847,0.00576903,-0.439238],[0.0472038,-0.00422343,0.245247,0.0495088,0.140115,0.139803,-0.0991347,0.000544557,0.186653,-0.0181347,-0.0298889,-0.0160431,-0.041963,-0.0218762,0.0172294,-0.128033,-0.0581547,-0.198651,-0.0318613,-0.726076],[-0.0226753,-0.80575,0.285234,0.137939,0.617639,0.247526,-0.497619,0.0775022,0.443528,0.177875,-0.151991,0.0930971,-0.21581,0.0920186,-0.29668,-0.345615,-0.28602,0.751989,-0.0962013,-0.0972754],[0.0468561,0.372808,0.0295268,0.0618701,0.0582752,0.229363,0.118076,-0.0262953,-0.114806,0.0536038,0.0109219,0.0091247,-0.00048938,0.0226844,0.115709,0.113401,-0.0849271,-0.604183,0.0203773,0.280607],[0.142648,0.0265434,0.880602,-0.398699,0.576274,0.454856,0.183679,-0.0181115,0.0942633,0.417673,0.0867817,-0.0455858,0.114184,-0.062762,-0.00568867,-0.0780288,-0.0143012,0.17461,0.0330557,2.16306],[0.0020799,0.00424868,-0.0308646,-0.0093044,0.0208815,-0.00322317,0.00436065,-0.000735534,-0.021912,-0.0124099,0.000334466,0.00500345,0.00498774,0.00311286,-0.00195904,0.0107354,0.0101075,-0.015928,0.00222906,-0.153684]],"sigmahat":[[0.131516,0.184195,0.145589,-0.0149599,0.160238,0.110012,-0.0219823,-0.012288,0.0625423,-0.0042105,-0.00441913,-0.00479217,-0.00103821,-0.00691828,0.0709112,0.0101007,-0.00730327,-0.0565615,0.00177387,0.172304],[0.184195,0.642155,0.194679,-0.13681,0.225242,0.251657,-0.0617196,-0.0451637,0.222385,0.03823,-0.0273492,-0.00984721,-0.0255508,-0.0156766,0.186769,0.0148534,-0.00157708,-0.105416,0.00131083,0.172356],[0.145589,0.194679,0.624977,-0.0436329,0.168914,0.332429,-0.0913685,-0.0223535,0.240612,-0.047508,-0.0280167,-0.0130147,-0.0222464,-0.0213891,0.0610566,-0.042572,0.00517335,-0.102862,-0.00314148,-0.206245],[-0.0149599,-0.13681,-0.0436329,0.255577,-0.055181,-0.0405144,-0.0110791,0.0128313,-0.068994,-0.015305,-0.00731005,0.00413154,-0.010114,-0.00119892,-0.0437612,-0.0188549,-0.011943,0.0205377,-0.000519926,0.143693],[0.160238,0.225242,0.168914,-0.055181,0.695697,0.393932,-0.0322857,-0.011762,0.0777156,-0.206787,-0.000406626,-0.00962745,0.00527731,-0.0147468,0.119823,0.0428423,-0.0212238,-0.027902,-0.00414632,-0.00221339],[0.110012,0.251657,0.332429,-0.0405144,0.393932,0.817478,-0.0617089,-0.0212754,0.205898,-0.187265,-0.0244742,-0.011069,-0.0143177,-0.0174913,0.120175,0.0319102,-0.0177746,-0.0438093,0.00261157,-0.225201],[-0.0219823,-0.0617196,-0.0913685,-0.0110791,-0.0322857,-0.0617089,0.178687,0.00313892,-0.134549,-0.0158676,0.0346718,0.00456332,0.0319269,0.00850814,-0.00709191,0.120629,0.00755123,0.0510222,0.024652,0.478259],[-0.012288,-0.0451637,-0.0223535,0.0128313,-0.011762,-0.0212754,0.00313892,0.00687289,-0.0203937,-0.00865993,0.00132268,-0.000339288,0.000944569,0.00083569,-0.0142162,-0.00476748,-0.000261538,0.00858637,0.000106422,0.00646981],[0.0625423,0.222385,0.240612,-0.068994,0.0777156,0.205898,-0.134549,-0.0203937,0.47936,-0.000628025,-0.0513326,-0.0234988,-0.042524,-0.026112,0.0505948,-0.0340591,0.00260113,0.0256283,-0.0122989,-0.575609],[-0.0042105,0.03823,-0.047508,-0.015305,-0.206787,-0.187265,-0.0158676,-0.00865993,-0.000628025,0.510477,0.0198295,0.000630248,0.0189629,0.00658962,-0.0342931,-0.0277246,0.00418511,-0.00492019,0.00443688,0.171052],[-0.00441913,-0.0273492,-0.0280167,-0.00731005,-0.000406626,-0.0244742,0.0346718,0.00132268,-0.0513326,0.0198295,0.0255883,0.0015917,0.022266,0.00385899,0.000292482,0.0277353,-0.00123177,0.00834709,0.00674483,0.0741407],[-0.00479217,-0.00984721,-0.0130147,0.00413154,-0.00962745,-0.011069,0.00456332,-0.000339288,-0.0234988,0.000630248,0.0015917,0.00618419,0.00125099,0.00467305,-0.00148234,0.000990292,-0.00168671,-0.00368401,0.000621278,0.0119093],[-0.00103821,-0.0255508,-0.0222464,-0.010114,0.00527731,-0.0143177,0.0319269,0.000944569,-0.042524,0.0189629,0.022266,0.00125099,0.0286384,0.00378543,-0.000148408,0.0326408,0.000710502,0.0134782,0.0076211,0.0768304],[-0.00691828,-0.0156766,-0.0213891,-0.00119892,-0.0147468,-0.0174913,0.00850814,0.00083569,-0.026112,0.00658962,0.00385899,0.00467305,0.00378543,0.00781831,-0.00330091,0.0025062,-0.000745064,0.0071549,0.0013042,0.0104226],[0.0709112,0.186769,0.0610566,-0.0437612,0.119823,0.120175,-0.00709191,-0.0142162,0.0505948,-0.0342931,0.000292482,-0.00148234,-0.000148408,-0.00330091,0.0965048,0.0152658,-0.0098872,-0.0517647,0.000918055,0.140919],[0.0101007,0.0148534,-0.042572,-0.0188549,0.0428423,0.0319102,0.120629,-0.00476748,-0.0340591,-0.0277246,0.0277353,0.000990292,0.0326408,0.0025062,0.0152658,0.17301,0.00459422,0.050243,0.0322379,0.343262],[-0.00730327,-0.00157708,0.00517335,-0.011943,-0.0212238,-0.0177746,0.00755123,-0.000261538,0.00260113,0.00418511,-0.00123177,-0.00168671,0.000710502,-0.000745064,-0.0098872,0.00459422,0.0374007,0.0678548,-0.000910793,-0.00399254],[-0.0565615,-0.105416,-0.102862,0.0205377,-0.027902,-0.0438093,0.0510222,0.00858637,0.0256283,-0.00492019,0.00834709,-0.00368401,0.0134782,0.0071549,-0.0517647,0.050243,0.0678548,0.517285,-0.00432718,-0.117756],[0.00177387,0.00131083,-0.00314148,-0.000519926,-0.00414632,0.00261157,0.024652,0.000106422,-0.0122989,0.00443688,0.00674483,0.000621278,0.0076211,0.0013042,0.000918055,0.0322379,-0.000910793,-0.00432718,0.0123539,0.105305],[0.172304,0.172356,-0.206245,0.143693,-0.00221339,-0.225201,0.478259,0.00646981,-0.575609,0.171052,0.0741407,0.0119093,0.0768304,0.0104226,0.140919,0.343262,-0.00399254,-0.117756,0.105305,6.77087]],"n":20,"lags":3}