{"betahat":[[0.23441,0.969717,0.695101,-1.75142,5.95764,2.94757,0.529983,0.446007,2.61796,3.41418,1.08854,-0.665795,-0.174015,-0.902148,-0.922406,3.16366,-1.44371,13.1343,7.78583,0.710362,6.3661],[1.00487,-0.0755776,0.195419,-0.0169516,0.0536667,0.0172858,-0.0448705,-0.0205326,0.000233321,-0.0671109,-8.32603e-05,0.00133753,-0.0100014,-0.00070984,-0.0149345,-0.0748765,0.024118,0.0919329,0.0921578,-0.0283386,0.526429],[-0.0184041,0.792233,-0.0162864,-0.0272914,-0.0297348,-0.3632,-0.133639,-0.00121664,-0.106327,-0.0444316,0.00537393,0.00483804,0.00431337,0.00919642,0.0114196,-0.0745345,-0.0618621,-0.0222978,0.0350497,-0.0153325,-0.898648],[-0.0535209,-0.010297,0.818741,0.0666682,-0.0649018,0.0429293,0.0121512,-0.0056781,0.123048,0.0371465,0.00953814,0.00979611,0.029026,0.00927673,0.0250153,-0.0293448,0.0469544,0.028891,-0.11037,0.0126046,0.287318],[0.220812,0.268849,0.350222,0.920494,0.0916431,0.0910529,0.0796041,-0.0906417,0.19737,0.275924,-0.0655069,0.00538782,0.0180173,-0.00641148,0.0589541,0.0741928,-0.0294053,-0.0123585,-0.162748,-0.0127141,0.301768],[-0.0459462,0.0273933,-0.0487674,0.0404446,0.895227,0.0653271,0.0157837,-0.000508385,0.100413,0.0280419,-0.0396369,0.00554616,-0.0193513,0.00904437,0.00269496,-0.00260343,0.0171042,0.0160894,0.105331,0.00911628,0.716684],[0.0891506,0.0701875,0.0219092,0.0012822,-0.0540916,0.769507,0.105144,-0.031249,-0.0428548,0.0617417,-0.0449921,-0.0114034,-0.00279446,-0.00833154,0.0273077,0.0250992,0.0394295,-0.00311892,-0.0152562,0.0166944,0.600442],[0.0176673,0.0212484,-0.119398,-0.00166808,0.013461,0.000538117,0.633333,0.0254704,0.173585,0.0464915,0.00760955,0.00760049,0.0256487,0.00880957,0.000353604,-0.012986,-0.165654,0.00175766,0.0543874,0.00266668,-1.31147],[-0.166305,0.139271,-0.7694,0.0581225,-0.387674,0.133848,-0.298181,0.965,-0.32368,-0.14483,-0.0702367,0.00269234,-0.105629,0.0183692,-0.0534995,-0.0963272,-0.1446,-0.0610254,0.72433,0.0130588,-2.5993],[0.00551644,-0.0168664,-0.0363128,0.0345803,-0.0203398,-0.0330126,-0.0524864,-0.0247989,0.881127,0.110376,-0.0294369,0.00494319,-0.0225966,0.0121012,-0.012288,-0.024535,-0.0482794,0.0548446,-0.0809435,0.0255599,-0.59389],[-0.0546556,0.105539,-0.0205307,-0.0734354,-0.0323499,0.333738,-0.136167,-0.0217015,-0.213113,1.02201,-0.0305543,-0.0328516,-0.00661492,-0.0372748,0.00427425,0.0172584,-0.174118,-0.0735911,0.0813794,-0.0148108,-0.939626],[0.00414557,-0.690881,-1.37687,-0.00973961,0.776726,-1.33048,0.349066,-0.019121,-1.07289,0.482766,0.846903,-0.0296926,0.0907674,0.0173273,0.168643,-0.165312,0.143633,-0.179093,-0.0480117,0.148874,2.7046],[1.28594,1.64264,3.60484,-0.0010932,2.55274,3.20835,0.214235,-0.669455,2.18779,-0.650701,-0.397796,1.06688,-0.144708,0.0872424,0.0451593,0.603017,-0.403261,0.305508,-0.298928,-0.307759,6.77292],[0.196079,0.547505,1.11687,-0.342155,0.664082,0.918768,0.0176184,0.0392952,-0.118989,-0.483402,-0.0270953,-0.0987464,0.924946,-0.073431,-0.00749371,0.315431,0.302012,-0.0290945,-0.563367,0.0634611,-1.32961],[-1.00625,-1.80243,-3.40512,0.705891,-2.35355,-3.40794,-1.00187,0.358639,-1.73603,1.13115,0.140539,0.371651,0.130747,1.27036,0.0520911,-0.717567,0.0808083,-0.178282,0.184587,0.220569,-11.435],[-0.409314,-0.957403,-0.199053,0.70075,-0.356333,-0.70687,0.415896,-0.0203747,0.558737,0.896871,0.0482269,0.234268,0.107894,0.27538,1.06183,-0.141475,6.41838e-05,-0.0204758,0.620315,-0.0932915,5.32744],[0.113636,0.122639,-0.0879692,-0.228177,0.506137,0.574215,0.27577,-0.0646961,-0.221946,0.0517786,0.0836069,-0.0394623,0.0350489,-0.0568756,-0.00466183,1.02683,0.0737803,-0.24133,-0.0145804,0.00377354,-1.42189],[0.0644535,0.218266,0.101292,-0.143173,0.287163,0.25736,0.0226947,-0.0394477,-0.0771517,-0.0265028,0.066096,0.00433942,0.0487933,-0.0112249,0.03085,0.0310458,0.951343,0.195705,0.142082,-0.0226228,-1.60549],[-0.408669,-1.01874,-0.395295,0.289912,0.0762326,0.00892192,-0.540793,-0.0882569,0.010611,0.221426,0.038687,-0.048867,-0.156208,-0.00589353,-0.138434,-0.0120722,-0.476078,0.492504,1.02353,-0.0527465,-1.14061],[-0.259296,-0.287715,-0.330211,0.113923,-0.630277,-0.434516,-0.0340656,0.0975518,-0.00536368,0.0803369,-0.0310208,0.01298,-0.00538642,-0.0125082,0.0268103,-0.190051,-0.0619507,0.0926502,0.899889,-0.0251164,0.0311143],[0.00823998,0.350387,1.46112,0.53473,-2.48984,-1.50885,-1.57068,0.0962632,0.848674,-0.174568,-0.0369906,-0.0155398,-0.197644,0.0166035,-0.120652,-0.246442,-0.899209,-0.211797,-1.24788,0.174805,-4.18006],[0.0327142,0.0204707,-0.0344014,-0.0056817,0.0639461,9.05127e-05,-0.00214268,-0.00896341,-0.0239454,-0.0194231,-0.0024947,0.000426416,0.000572321,0.00308893,0.00046692,0.0172616,0.0187097,-0.0104408,-0.0259501,0.00633959,-0.0605397],[-0.00807953,0.0697459,-0.127021,0.010778,-0.0267598,0.0131558,0.0885769,0.0215732,-0.040098,0.0465188,0.0173722,-0.00129611,0.0238071,0.00429271,0.0157698,0.0507915,0.0185412,-0.0891502,-0.101416,0.0218663,-0.284502],[0.0169512,0.141316,0.0218177,-0.00643733,0.0443921,0.276454,0.136928,-0.00452704,0.0268046,0.0484811,0.00135572,0.00114182,0.00115899,-0.00238234,-0.00478296,0.042548,0.0388124,0.00899029,-0.0378361,0.00665186,0.386843],[0.0298051,0.0335239,0.144188,-0.0616798,-0.0149145,-0.00190572,-0.00925088,-0.00105089,-0.0224556,-0.026929,-0.0120266,-0.0121986,-0.0224253,-0.0108486,-0.0121327,0.00434664,-0.0477481,0.00356305,0.0446244,-0.0156543,-0.491536],[-0.0907358,-0.0942404,-0.315537,0.0317526,0.0759326,-0.0211583,-0.117811,0.0526379,-0.164203,-0.243427,0.0512216,-0.0111062,-0.04368,-0.00564016,-0.0742705,-0.0158803,-0.0403462,0.00758979,0.0918278,-0.0108471,-0.36616],[0.0353909,-0.0133853,0.0140059,-0.00521449,0.0452515,-0.104245,-0.01839,0.00673864,-0.0979261,-0.0141773,0.0237791,0.0034503,0.0320084,0.00350681,0.017134,0.00730068,0.0131978,-0.0387225,-0.0973228,-0.00117277,-0.508301],[-0.0513772,-0.0329081,-0.0741761,-0.0167422,0.0424083,0.163294,-0.0936104,0.018478,0.0498989,-0.0283705,0.000837335,0.0110486,0.00873671,0.00510775,0.00845425,-0.0245995,-0.0176032,-0.000110492,0.000246478,-0.00618645,-0.728849],[0.0304901,-0.00956503,0.0546888,-0.0483002,0.0574133,-0.0452836,0.414428,-0.00398011,-0.416566,-0.0830221,-0.00767922,-0.00951776,0.00875897,-0.00418321,0.012355,-0.000171837,0.179986,-0.00232927,-0.00739203,0.014372,1.83703],[0.1527,0.0178177,0.781276,0.0049781,0.173175,0.217907,0.20396,-0.0950728,0.602796,0.141496,0.0102572,0.0185312,0.0373847,-0.00642094,0.0412748,0.123672,0.0844253,0.0373834,-0.136962,-0.0374831,1.10938],[-0.025536,-0.0256315,0.0354713,0.0317709,-0.0482492,0.00257464,-0.0769792,0.00453075,0.185999,-0.0591652,-0.00338826,-0.00135921,-0.00288228,-0.00648294,0.00136106,0.0165399,-0.0197799,-0.0252692,-0.00816522,-0.0319498,0.137655],[-0.0279311,-0.19366,-0.185384,0.0646439,-0.170851,-0.50534,0.133818,0.0137129,0.214958,-0.15077,0.0136009,0.0169098,-0.00161654,0.0228602,-0.0210196,-0.0376158,0.126545,0.0884517,-0.0397406,0.00920223,1.208],[-0.0148547,0.266695,1.2241,-0.324465,-0.927009,0.044704,0.0516863,0.0486647,0.00416739,0.56136,-0.192007,0.0741252,-0.0637903,0.0224965,-0.00322156,-0.102939,0.0221864,0.247355,0.192374,-0.0586052,6.12219],[0.0513717,0.736694,0.218934,-0.144095,-0.696769,0.381948,0.185051,-0.0430848,0.890615,-0.25652,-0.093803,-0.179805,-0.0221908,-0.105812,0.00513855,0.189544,0.165359,0.259632,-0.19242,0.0864447,-0.398688],[0.131986,-0.133959,-0.0882021,-0.101833,0.0764048,-0.358111,-0.294898,0.0237525,0.385561,0.40403,0.10346,0.125045,-0.14366,0.0349643,-0.100599,-0.10705,-0.168913,0.0613541,0.0500891,-0.0115939,-1.50328],[-0.00958246,0.147404,-0.564625,-0.400624,0.184168,-0.0423897,0.667134,0.131951,-1.26391,-0.292064,0.325233,-0.205498,-0.0147448,-0.233589,-0.127316,0.0871179,0.115528,-0.22799,0.103038,0.0975461,2.18502],[-0.176211,-0.247596,-0.338318,-0.185604,-0.581504,-0.61549,-0.548046,0.118114,0.0601453,0.0798138,-0.0287072,-0.061539,0.00141827,0.00611484,-0.142163,-0.226017,0.0128849,-0.116747,0.473905,0.114897,-3.59806],[0.060319,0.239804,0.335843,0.130204,-0.292292,0.0812026,-0.0257054,-0.00705066,-0.0651861,-0.0183404,-0.00654959,0.00935647,-0.0433349,0.0138124,-0.0544223,0.0446867,0.0122963,0.117586,-0.232904,0.00978904,0.600663],[0.0248684,-0.1316,-0.0850319,0.115798,-0.0740791,-0.278887,0.0138506,0.00216054,-0.148891,-0.070109,-0.0412735,0.0126979,-0.0088944,0.0293126,-0.00406208,0.00489954,0.0101711,-0.0746282,-0.183894,0.0206122,1.20587],[0.461781,0.725102,0.157028,-0.291498,0.801975,0.112167,0.439133,0.164477,0.121897,-0.42454,0.00135186,0.0139703,0.173476,-0.000122647,0.162859,0.122514,0.384933,-0.00591255,-0.539236,0.0472464,1.0502],[0.105488,0.110259,0.124412,-0.0142774,0.446077,0.313656,-0.0109318,-0.0173162,-0.105406,-0.016905,0.024241,-0.0125776,0.0437523,0.00540972,0.0160195,0.142433,0.0960706,-0.010726,-0.170446,0.0347406,-0.131468],[0.142642,-0.117694,-0.259573,-0.334793,1.42558,0.699101,0.380901,-0.143731,-0.861898,-0.665645,0.0630572,0.00146831,0.104901,-0.0360209,0.084626,0.177605,0.0855725,-0.233731,-0.120817,0.399498,-1.92905],[0.0220047,0.024748,-0.0174557,0.0101796,0.033907,0.0175933,0.0191883,-0.00332303,0.0143543,-0.00567796,0.00104722,0.00324746,6.00497e-06,0.00263707,-0.00121418,0.0163129,0.00752748,-0.00720277,-0.0117401,-0.00154595,-0.199103],[0.00306138,0.00574033,-0.068664,0.00624099,-0.0273887,-0.0308884,-0.0438479,-0.00104045,0.040111,0.0208301,-0.0172854,-2.17809e-05,-0.0138247,-0.00355861,-0.000837797,0.0239482,-0.0426717,-0.00278142,0.00901914,0.00648034,-0.244049],[0.00132833,0.0661764,-0.00556591,0.033705,-0.0146487,0.086586,-0.00330517,0.00572123,0.0795075,-0.00370786,-0.00667092,-0.00598739,-0.00536837,-0.00679249,-0.00657007,0.0319218,0.0230067,0.0132759,0.00279404,0.0087092,0.51202],[0.0233523,-0.0234832,0.0364564,-0.00496433,0.0789974,-0.0416,-0.00309939,0.00679778,-0.100664,-0.0100058,0.0024485,0.00236025,-0.0066389,0.00157147,-0.0129125,0.0247588,0.000639979,-0.0322809,0.0660035,0.00307752,0.203333],[-0.12995,-0.174373,-0.0345682,0.047532,-0.167407,-0.0697893,0.038807,0.0379567,-0.0338073,-0.032495,0.0144085,0.00571375,0.0257116,0.0120188,0.0153328,-0.0583504,0.0700613,0.00519038,0.0717028,0.023564,0.0654372],[0.0103994,-0.0139556,0.0356496,-0.0347647,0.0575195,0.0380645,0.00216225,-0.00631433,-0.00153627,-0.0137075,0.015729,-0.00892705,-0.0128259,-0.0124598,-0.0199402,-0.00500268,-0.0305029,0.0234192,-0.00933716,-0.00796576,-0.210641],[-0.0377806,-0.0374624,0.0523117,0.0156155,0.0112072,0.0663263,-0.0117746,0.0127664,-0.00681251,-0.0334163,0.0441948,0.000390887,-0.00597674,0.0032811,-0.0358055,-0.000645553,-0.0219257,0.00369564,0.0144577,-0.0105009,0.126399],[-0.0478397,-0.0112878,0.0680155,0.0508285,-0.0738702,0.0435591,-0.0494007,-0.0218624,0.245525,0.0365174,-0.0005527,0.0022889,-0.0348051,-0.00424078,-0.0126846,0.0124032,-0.0150046,0.00578709,-0.0454482,-0.0173628,-0.531111],[0.0899673,-0.0604171,-0.0199221,-0.0616789,0.376856,-0.113844,0.00916312,0.0563622,-0.150143,-0.0276008,0.0567993,-0.0249177,0.0493366,-0.0195763,-0.00500369,0.0307278,0.0033327,0.00705017,-0.453429,0.036651,0.763323],[0.0196892,0.0424554,-0.00299033,-0.0673643,0.0719845,0.0311369,0.132786,0.0205392,-0.0725482,-0.0498447,0.033531,-0.00404056,0.0268067,-0.00583073,0.0116436,0.00851331,0.0695415,-0.0313633,0.0936581,0.00672596,0.466042],[0.0828598,0.088951,0.207361,0.0082834,0.202589,0.17245,0.0027446,0.00794168,-0.00187943,0.127636,0.0167405,0.0158586,0.00783843,0.0142155,0.0164377,0.0201224,0.0479019,-0.0126539,-0.040623,0.0056106,-0.267691],[-0.300435,-0.144992,-0.00758354,0.103124,-0.591687,0.0533296,0.0535463,0.0637721,-0.06331,0.0968166,0.0526026,-0.0332625,0.0298686,-0.0176274,-0.031612,-0.176312,0.0846286,0.186256,-0.194163,0.0121814,-3.28197],[0.0596683,-0.140208,0.0692759,0.0286084,0.473088,0.164206,-0.305007,-0.044915,0.464436,0.487099,-0.0174287,-0.0664795,0.0794106,-0.0412616,0.0774136,-0.00839294,-0.118579,0.371065,-0.0950095,-0.0449153,-1.52135],[-0.144986,-0.0586352,-0.34558,0.153684,-0.0751279,0.207831,0.365793,0.0371193,-0.357707,-0.425524,-0.0243877,-0.0239712,0.0290686,-0.0209135,0.0416924,-0.0664222,-0.0528231,-0.0832407,-0.0351029,-0.0339024,2.53737],[-0.258561,-0.437599,-0.291832,-0.119791,-0.21473,-0.213356,-0.0200911,0.15618,-0.128274,-0.174912,0.0772707,-0.0819399,-0.0227791,-0.137574,-0.0465768,-0.146398,-0.0501318,-0.067909,0.317049,-0.0506939,1.90446],[0.361436,0.827623,0.318513,-0.344759,0.821412,1.00265,0.476199,-0.0334322,-0.706583,-0.638487,-0.0649865,-0.123945,0.047307,-0.109541,0.0799245,0.268287,0.137027,-0.158523,-0.367594,0.0507029,1.79645],[-0.174131,-0.362531,-0.246614,0.0984613,-0.21599,-0.656015,-0.25026,0.0717084,0.288188,-0.0335909,-0.0770707,0.0302089,0.00801373,0.043174,0.0588954,-0.0720294,-0.0858903,0.126542,0.247659,-0.0136193,0.817904],[-0.0889026,-0.0862165,-0.0132047,0.0281514,-0.216026,0.020747,-0.0374466,0.0368439,0.228648,0.0965382,-0.0250673,-0.016514,-0.040153,-0.01761,-0.02681,-0.0368202,0.0381821,-0.115373,0.0440249,0.00164823,0.39444],[-0.0194248,0.304495,0.291406,0.0251266,-0.92122,-0.1624,0.083013,-0.0831375,-0.0920816,0.148657,-0.0630665,0.0472887,-0.0349615,0.019743,-0.0268757,-0.135895,0.112773,-0.16419,-0.221043,-0.000642316,0.107008],[0.104307,0.11228,0.0646023,-0.0749929,0.202083,0.15247,0.146274,-0.0549976,-0.0300283,-0.108117,0.0104782,0.000823664,-0.00477314,0.0112603,-0.0131859,0.0389096,0.0531079,0.0912768,-0.208488,-0.00384536,0.502378],[-0.0248505,-0.106007,-0.731751,-0.151003,0.782338,0.20812,0.0359918,0.0264043,0.39957,0.426666,-0.00111815,-0.0275414,0.0427127,-0.0192693,0.00646418,0.0590354,-0.0467937,-0.354917,0.319415,0.00797357,2.11408],[0.00394836,0.00156727,0.0286941,0.0035528,0.00451993,0.0229999,-0.0453946,-0.00179151,0.0240977,-0.00510459,-0.00400251,0.000385922,0.0013857,0.000427404,0.00320445,0.00312643,-0.0225839,0.00153589,-0.00291164,-0.00262524,-0.186332]],"sigmahat":[[0.35526,0.430654,0.323031,-0.217382,0.599152,0.355738,0.0674589,-0.0741776,0.0174336,-0.0230412,0.000894426,-0.00806008,-0.0149409,-0.0105882,-0.0107738,0.118659,-0.0064615,0.01752,-0.102602,-0.00943636,-0.500646],[0.430654,0.774283,0.483091,-0.335435,0.647398,0.641102,0.110623,-0.0960151,0.0994386,-0.0180869,-0.000285114,-0.018067,-0.0358083,-0.0238077,-0.0303553,0.160948,-0.00253444,0.0146582,-0.146067,-0.0112675,-0.90858],[0.323031,0.483091,1.05127,-0.221581,0.349734,0.579443,0.0942822,-0.0893284,0.13324,-0.123339,-0.00472958,-0.0131093,-0.0359911,-0.0193165,-0.0329224,0.128881,-0.0200605,0.0508672,-0.205551,-0.0408032,-0.145761],[-0.217382,-0.335435,-0.221581,0.258494,-0.409171,-0.271619,-0.0827741,0.0347009,0.0423896,0.00303709,-0.0118568,0.0142921,0.0164657,0.0185155,0.0212097,-0.0590634,-0.0008881,0.00283473,0.0211557,0.00369094,0.353568],[0.599152,0.647398,0.349734,-0.409171,1.7388,0.857366,0.183212,-0.125664,-0.126039,-0.0323395,0.0345203,-0.0232445,0.0229071,-0.0242385,0.0231719,0.261048,0.00688534,-0.0386414,-0.10722,-0.0141632,-0.371978],[0.355738,0.641102,0.579443,-0.271619,0.857366,1.16649,0.149752,-0.0931605,0.0886939,-0.0692045,0.0125725,-0.0267134,-0.00669952,-0.037899,-0.00203497,0.207026,0.00142403,0.00454941,-0.0530727,-0.0147256,-0.0887005],[0.0674589,0.110623,0.0942822,-0.0827741,0.183212,0.149752,0.352105,-0.0116884,-0.174382,-0.0431232,0.0281267,-0.0112937,0.0254764,-0.00991004,0.0112779,0.0300324,0.142451,-0.0037547,0.0273313,0.0137818,1.02133],[-0.0741776,-0.0960151,-0.0893284,0.0347009,-0.125664,-0.0931605,-0.0116884,0.0412624,-0.0322761,-0.0101751,0.00192716,0.00197908,0.0055669,0.00315827,0.00282652,-0.0268973,0.0110264,-0.00866576,0.0316006,0.00376589,0.156239],[0.0174336,0.0994386,0.13324,0.0423896,-0.126039,0.0886939,-0.174382,-0.0322761,0.613651,0.0924012,-0.0251306,0.0131912,-0.0273235,0.00698794,-0.00465607,0.011878,-0.0646709,0.0116776,-0.098966,-0.024064,-0.5577],[-0.0230412,-0.0180869,-0.123339,0.00303709,-0.0323395,-0.0692045,-0.0431232,-0.0101751,0.0924012,0.339407,0.00827716,0.00536014,0.0212551,0.00876155,0.0140935,-0.0382528,-0.0218442,-0.0335726,0.0246562,0.0120959,-0.245453],[0.000894426,-0.000285114,-0.00472958,-0.0118568,0.0345203,0.0125725,0.0281267,0.00192716,-0.0251306,0.00827716,0.0286163,-0.00201254,0.00799073,-0.00272128,-0.00410693,0.00198974,0.00685607,-0.0146351,-0.00991097,0.00105174,-0.0223978],[-0.00806008,-0.018067,-0.0131093,0.0142921,-0.0232445,-0.0267134,-0.0112937,0.00197908,0.0131912,0.00536014,-0.00201254,0.00801083,-2.24296e-05,0.00612963,0.00235223,-0.00585389,-0.00191959,0.00541276,0.00373406,-0.00221252,-0.0448764],[-0.0149409,-0.0358083,-0.0359911,0.0164657,0.0229071,-0.00669952,0.0254764,0.0055669,-0.0273235,0.0212551,0.00799073,-2.24296e-05,0.0304723,0.00334242,0.022639,0.000833834,0.0195563,-0.0128931,0.0301634,0.00285183,0.182194],[-0.0105882,-0.0238077,-0.0193165,0.0185155,-0.0242385,-0.037899,-0.00991004,0.00315827,0.00698794,0.00876155,-0.00272128,0.00612963,0.00334242,0.00907674,0.00441779,-0.00663664,-0.000389719,0.00484531,0.0055514,-0.00102978,-0.0278104],[-0.0107738,-0.0303553,-0.0329224,0.0212097,0.0231719,-0.00203497,0.0112779,0.00282652,-0.00465607,0.0140935,-0.00410693,0.00235223,0.022639,0.00441779,0.0267658,0.00280355,0.0140794,-0.00552048,0.026627,0.000330563,0.150479],[0.118659,0.160948,0.128881,-0.0590634,0.261048,0.207026,0.0300324,-0.0268973,0.011878,-0.0382528,0.00198974,-0.00585389,0.000833834,-0.00663664,0.00280355,0.0825078,0.000490911,-0.0194413,-0.055553,-0.00165647,-0.110566],[-0.0064615,-0.00253444,-0.0200605,-0.0008881,0.00688534,0.00142403,0.142451,0.0110264,-0.0646709,-0.0218442,0.00685607,-0.00191959,0.0195563,-0.000389719,0.0140794,0.000490911,0.120259,0.00418787,0.0421788,0.0136823,0.532558],[0.01752,0.0146582,0.0508672,0.00283473,-0.0386414,0.00454941,-0.0037547,-0.00866576,0.0116776,-0.0335726,-0.0146351,0.00541276,-0.0128931,0.00484531,-0.00552048,-0.0194413,0.00418787,0.204699,0.20796,-0.00377553,0.00237743],[-0.102602,-0.146067,-0.205551,0.0211557,-0.10722,-0.0530727,0.0273313,0.0316006,-0.098966,0.0246562,-0.00991097,0.00373406,0.0301634,0.0055514,0.026627,-0.055553,0.0421788,0.20796,0.760663,0.00303719,0.575846],[-0.00943636,-0.0112675,-0.0408032,0.00369094,-0.0141632,-0.0147256,0.0137818,0.00376589,-0.024064,0.0120959,0.00105174,-0.00221252,0.00285183,-0.00102978,0.000330563,-0.00165647,0.0136823,-0.00377553,0.00303719,0.0147613,0.0149137],[-0.500646,-0.90858,-0.145761,0.353568,-0.371978,-0.0887005,1.02133,0.156239,-0.5577,-0.245453,-0.0223978,-0.0448764,0.182194,-0.0278104,0.150479,-0.110566,0.532558,0.00237743,0.575846,0.0149137,15.1713]],"n":21,"lags":3}