{"betahat":[[6.31043,11.7764,15.7895,-0.444599,14.3963,32.1809,3.37039,-6.71917,8.63799,4.54645,-0.274853,0.368297,-0.735839,-1.00548,-0.461668,6.77856,1.24617,13.1665,2.42357,1.9479,-11.6505,2.17488,1.14492],[1.01355,0.00454863,0.151399,-0.0094372,0.162344,0.204034,0.00935066,-0.0163865,0.00655783,-0.0385191,-0.00480337,0.00436643,-0.0042807,-0.00250714,-0.00763778,-0.0426908,0.0283095,0.0500854,0.0292753,-0.00436494,0.224532,-0.0270203,-0.00892756],[0.0375584,0.902949,-0.0491498,-0.0206256,0.0844246,-0.160526,-0.0522707,-0.0285331,-0.0713659,-0.0434255,-0.00259484,0.0079043,0.00736172,0.0122538,0.0170733,-0.0197921,0.00238949,0.00499515,0.00121666,-0.00465823,-0.67543,0.0563075,0.00613308],[-0.0245783,-0.00990277,0.878227,-0.00762496,0.02451,-0.0235821,0.0439984,-0.00609635,0.0266389,0.0190908,0.0104604,-0.00197936,0.018846,0.00183536,0.0118859,-0.00357249,0.0442114,0.0233239,-0.0463284,0.0146855,0.306391,-0.0119952,0.00814338],[0.185406,0.176827,0.328798,0.89578,0.259038,0.243532,0.125655,-0.0694113,-0.0107603,0.101923,-0.0466735,0.0227507,0.022463,0.0276706,0.0599073,0.0496373,0.0462836,0.0107238,-0.113245,0.00947326,0.0768792,-0.454893,0.0184882],[-0.0119574,0.00265693,0.032028,0.0126732,0.922921,0.0104526,0.027593,-0.00433377,0.0243461,0.0186903,-0.0182624,0.00233305,-0.00801906,0.00453445,4.31446e-05,-0.00877812,0.0196827,0.00212484,0.0381597,0.00691185,0.484335,0.0158008,-0.000422022],[0.0205334,0.0228465,0.042088,-0.0155201,-0.0517867,0.873517,0.0446105,-0.0205596,-0.0353596,0.0209653,-0.00633883,-0.00816143,-0.000949113,-0.0104123,0.00638204,0.0121136,0.015657,0.00787757,-0.00251525,0.00211437,0.184874,-0.05095,-0.00589349],[0.00600015,-0.0658232,-0.0217673,0.0014481,0.025287,-0.0849294,0.689927,0.0297751,0.0958369,0.0213418,0.00187445,0.00627468,0.00222041,0.00789991,-0.0175721,-0.0161181,-0.140885,-0.00973603,0.0165467,-0.00652851,-0.783453,-0.195407,0.00296227],[-0.102583,-0.157508,-0.479766,0.0359659,-0.170564,-0.515951,-0.155132,1.0693,0.0227199,0.197729,-0.0190042,-0.0257769,-0.0242517,-0.0294717,-0.0414064,-0.166776,-0.0878372,-0.131145,0.215258,0.00609681,-0.657928,0.252591,-0.0357376],[0.0382256,0.0424406,0.0314837,-0.000470333,0.149899,0.164831,-0.00499361,-0.026624,1.00913,0.0609827,-0.0188054,0.00971043,0.00728866,0.016698,0.0158619,0.027435,-0.0300666,0.0516804,-0.0565338,0.0127827,-0.243424,-0.0491066,0.000344867],[-0.0131819,0.0248244,-0.0107075,0.064469,0.0630506,0.277358,-0.0238609,-0.0176993,-0.120516,1.03707,-0.0435324,-0.0106435,0.00600828,-0.00557776,0.0161764,-0.00335528,-0.0357097,-0.00456231,-0.00474312,0.00165994,-0.171165,0.0131392,0.0159808],[0.00812947,-0.359059,-1.04346,-0.258184,0.94954,-0.351982,0.254197,-0.0169265,-0.976636,0.124446,0.920272,-0.0467191,0.0610626,-0.0245652,0.0884187,0.000940345,0.111899,0.0657897,0.195329,0.178999,2.41881,-1.10496,-0.0904383],[0.372655,0.502453,0.750417,-0.0336946,0.635164,0.714906,-0.0328417,-0.23472,0.671413,-0.17958,0.0149077,1.04929,0.0064499,0.031602,-0.0389156,0.240919,-0.157225,-0.0857065,0.233362,-0.0677252,0.835438,-0.00322559,0.00735719],[0.0369115,0.147496,0.71168,-0.0608023,0.179764,0.375682,-0.0511957,0.0461185,0.323646,-0.244289,0.0559986,0.0285514,1.02379,0.0755213,0.118033,0.0751923,0.189752,-0.180572,-0.338195,-0.0743068,-1.00667,0.922341,0.0831047],[-0.288549,-0.554083,-0.627045,0.128549,-0.231636,-0.806322,-0.373866,0.116033,-0.586945,0.115091,0.0488517,0.254469,0.0043297,1.15973,-0.0628889,-0.0830462,-0.067367,0.224226,-0.22365,0.102038,-2.76506,0.579288,0.155903],[0.148598,-0.0064023,0.26108,0.352253,0.896829,1.19091,0.3436,-0.212953,0.529311,0.559296,-0.0949481,0.261304,0.0305759,0.285103,0.982774,0.364253,0.00230102,0.093324,0.169205,0.0749106,3.09909,-0.410801,0.168094],[0.080669,0.102985,0.220923,-0.0698446,0.32453,0.478619,0.0829251,-0.0449426,0.154891,-0.105837,0.0420655,0.0261689,-0.0104749,0.0267172,-0.0100575,1.07599,0.0070555,0.0142913,-0.096678,0.0209402,-0.56144,0.101457,0.000762873],[0.127002,0.167852,0.196957,0.0119563,0.207956,0.275351,-0.027839,-0.067765,-0.116814,-0.0317254,0.0292886,0.0546236,0.0286471,0.0626937,0.0284032,0.032666,0.985734,0.111409,-0.0412659,-0.0160191,-1.57432,-0.280581,0.0619529],[0.192083,-0.204666,0.610882,0.121471,1.25837,1.554,0.0635763,-0.241764,0.295652,-0.0497048,-0.0162724,0.0858272,-0.0304954,0.179759,0.00816725,0.313911,-0.00118191,0.748646,0.310357,0.0314882,-0.270701,0.222475,0.125889],[-0.307683,-0.344957,-0.285431,0.0963497,-0.59536,-0.386804,-0.105712,0.106845,-0.159468,0.0144845,-0.0145245,0.0142231,-0.0277144,-0.0131377,-0.00169503,-0.172685,-0.0984249,0.0630327,0.955051,-0.0256302,-0.041084,0.449499,-0.00149631],[-0.208398,0.155732,0.615796,0.0333623,-1.22812,-1.13997,-0.939656,0.116095,0.356504,0.147191,0.00500768,-0.0989093,-0.0683316,-0.153621,-0.0289386,-0.202166,-0.3539,0.0973375,-0.608009,0.312601,-3.66008,0.321449,-0.0450732],[0.0235267,0.0292967,-0.0410548,-0.00319157,0.0352483,-0.00315394,-0.012117,-0.00840058,0.00814919,-0.00664844,-0.00295312,-0.002638,0.00098601,-0.00250648,0.000765713,0.0109998,0.0128686,-0.00247135,-0.0223992,0.00407457,-0.114945,-0.000901451,-0.00298443],[-0.0189737,0.0255038,-0.0672789,0.00391772,-0.0273661,0.0175573,0.00912412,0.0101009,-0.00362667,-0.0254494,0.0095553,-0.00143027,-0.0121173,-0.0025409,-0.0161133,0.0227749,-0.00433724,0.000364542,-0.0226426,0.00941453,-0.242684,1.01551,-0.00431494],[-0.210501,-0.125836,0.119095,0.131733,-0.966939,-0.773012,-0.23794,0.0937036,-0.204054,0.192453,0.00255137,-0.010476,-0.0811099,-0.013119,-0.0280083,-0.315333,-0.289272,0.112898,-0.0117351,-0.0630842,-3.66335,0.13188,0.98762],[-0.00577335,0.020878,-0.109358,-0.0108154,-0.147113,-0.179553,0.0301696,0.0240832,-0.0279799,0.041078,0.0104068,-0.0067468,0.0174667,0.00138168,0.0169895,0.0180522,0.00981826,-0.0481586,-0.0636313,0.00829678,-0.102926,-0.0338664,0.00539972],[-0.0100634,0.0844744,0.0639881,0.00973437,-0.00467769,0.18929,0.0758198,0.0150672,0.0236205,0.0473797,0.00289245,0.00242054,0.00639274,-0.00094794,-0.000151126,0.0135731,0.0128717,-0.00101611,-0.0392384,0.00107947,0.309679,-0.0430717,0.00486021],[0.0138743,0.0122039,0.0802989,-0.00180746,-0.0603778,0.00487564,-0.021948,0.00677381,0.00480776,-0.0194307,-0.0109427,-0.00360777,-0.0136647,-0.00207322,-0.00532299,-0.00153138,-0.0315629,-0.00439163,0.0159115,-0.0103929,-0.221021,0.0222318,-0.00849395],[-0.105107,-0.0934435,-0.277892,0.0858708,-0.151739,-0.16973,-0.118299,8.05272e-05,-0.0537199,-0.0208068,0.0337343,-0.0220851,-0.0348714,-0.0306427,-0.0681456,-0.0048791,-0.069071,-0.0185541,0.0661064,-0.0208596,-0.0968166,0.35513,-0.0128185],[-0.00714114,-0.0143658,-0.0491202,-0.00560441,-0.0144045,-0.114763,-0.0228339,0.0185379,-0.0390307,-0.0053683,0.0140147,-0.00433977,0.0130459,-0.0052009,0.00570998,-0.0113048,-0.0045787,-0.00705283,-0.030134,-0.00349205,-0.329552,-0.0155824,-0.00135135],[-0.0163502,-0.021374,-0.0511433,0.00627076,0.00188604,0.0369264,-0.0432965,0.0183362,0.0237788,-0.00556071,0.000633968,0.00198156,0.00198291,0.00518844,-0.00288773,-0.0140241,-0.0146316,0.00325726,-0.00128154,-0.000175873,-0.207142,0.0539687,0.00301317],[0.0179165,0.0565713,-0.0133948,-0.0253507,-0.0126792,-0.0120257,0.337162,-0.0103677,-0.270746,-0.0075745,-0.00446223,-0.0113581,0.00494918,-0.00999439,0.0106604,-0.000140156,0.137041,0.00567122,-0.0153957,0.0208625,1.00839,0.0465522,-0.0010097],[0.125248,0.116825,0.391465,0.0359559,0.266701,0.533217,0.0263446,-0.116654,0.142543,-0.0455607,-0.00430162,0.0385621,-0.0161202,0.0257003,-0.00527897,0.126449,0.0143251,-0.0233627,-0.0408384,-0.0188754,-0.329252,-0.233248,0.0255504],[-0.0396299,-0.0281258,-0.01686,0.0253628,-0.133598,-0.108872,-0.083451,0.0144263,0.110378,-0.0438152,0.00314464,-0.00893945,-0.0176795,-0.0146213,-0.017066,-0.0137932,-0.0331736,-0.0214286,0.0170092,-0.0213821,0.0340318,0.0516534,-0.00894567],[-0.0156361,-0.0883725,-0.0386479,-0.0614844,-0.0901888,-0.269418,0.040475,0.0251848,0.0528938,-0.1032,0.0269726,0.010114,-0.00792514,0.0117793,-0.0185197,-0.00968546,0.0265544,-0.0029083,0.00231076,-0.00444764,0.349495,0.0971153,-0.00595522],[-0.0302563,0.220384,1.02773,-0.195448,-0.583941,0.241622,0.186263,-0.0196042,-0.123554,0.404351,-0.148685,0.0980555,-0.0596625,0.0486837,0.00899013,-0.028626,0.0530991,0.165111,0.0557716,-0.0498972,4.49859,-0.642643,0.142015],[-0.0301897,0.0840005,-0.25622,-0.0970599,-0.338283,-0.268758,0.136655,0.0750522,0.0592044,-0.0188305,-0.0449391,-0.173941,0.000287118,-0.115406,0.0478973,-0.0368434,0.120455,0.0114389,-0.00322439,0.0313399,0.499107,-0.279072,-0.0656632],[-0.106145,-0.210017,-0.341392,-0.028399,-0.313621,-0.634811,-0.394503,0.10529,-0.21994,0.261308,0.0892963,0.0373568,-0.111475,-0.029462,-0.108861,-0.138542,-0.165139,-0.113316,0.218095,-0.0076741,-1.92359,-0.55941,0.0199338],[-0.0469511,-0.0780841,-0.443328,-0.0723815,-0.365725,-0.561087,0.257342,0.0724937,-0.0980393,0.0833249,0.0376276,-0.127761,0.0165345,-0.0975588,0.0201691,-0.121505,0.162087,-0.0335002,0.0121059,0.0372704,1.83978,0.0749526,-0.103866],[-0.284454,-0.293282,-0.382537,-0.0203287,-0.700339,-0.753889,-0.277872,0.1456,-0.221393,0.128605,0.0331736,-0.150477,-0.0280531,-0.15797,-0.150139,-0.310317,0.0327152,-0.0533858,0.28772,0.0756192,-1.91747,-0.0545977,-0.102881],[-0.032226,-0.0128388,-0.138118,0.0166173,-0.259463,-0.327627,-0.0163471,0.0462614,-0.163768,0.080831,-0.0107076,-0.0280195,0.000174917,-0.0239648,-0.0170709,-0.0561057,0.00931484,-0.006978,-0.026132,-0.0154472,0.238795,-0.0690194,-0.0100641],[-0.0580741,-0.114132,-0.131821,-0.00387337,-0.157205,-0.360439,0.0632902,0.0645803,-0.165848,-0.0309751,-0.016516,-0.0450807,-0.00852818,-0.0479651,-0.0202963,-0.0336315,0.00540945,-0.0499187,-0.00903716,0.0340549,1.00301,0.00227124,-0.03556],[0.0180467,0.168011,-0.216793,-0.12496,-0.264756,-0.735751,0.0957804,0.149192,-0.220642,0.0730671,0.0100488,-0.0301389,0.037292,-0.0809832,0.0092715,-0.0868179,0.0955005,-0.185037,-0.208374,-0.0145592,0.149909,-0.450672,-0.0437371],[0.149057,0.189256,0.140926,-0.0451053,0.416645,0.291809,0.0634076,-0.0395777,0.0629959,-0.0396747,0.0193612,-0.0180796,0.0435212,0.000257474,0.0209068,0.133284,0.103882,0.0693619,-0.118736,0.0179102,-0.0183094,-0.205749,-0.00163911],[0.16295,-0.234602,-0.0659678,-0.0468847,0.549975,0.446471,0.653859,-0.110205,-0.709845,-0.460863,0.0117517,0.0923653,0.0645712,0.12907,0.100877,0.0827051,0.352962,-0.0389798,-0.198451,0.39922,1.03017,-0.212526,0.0985236],[0.0149717,0.0195274,-0.0130842,0.00269041,0.0190003,0.00491786,0.0153292,-0.00167773,0.0151321,-0.00567906,0.000282173,0.00020411,0.000148198,0.000107425,-0.00127244,0.0107026,0.00206406,0.000875255,-0.00189067,-0.00136257,-0.126057,-0.0300381,-0.00239125],[0.00339681,-0.024062,0.0155176,-0.0204126,-0.00510093,-0.0505278,-0.0180972,0.00812016,-0.033518,0.0129827,-0.0068586,-0.00557477,0.00382828,-0.00171854,0.00865898,-0.0142717,-0.00812906,-0.00262729,0.037233,-0.00524506,0.250275,0.0174746,-0.00348056],[0.0788068,0.222114,-0.288373,0.0480509,-0.383375,-0.0195699,0.0906181,-0.042504,0.512613,-0.121198,-0.0565983,-0.0852759,-0.032504,-0.0939647,-0.0445484,0.0935161,0.0518099,0.284598,-0.0852264,0.0341184,3.11434,-0.327805,-0.123438],[-0.00818446,-0.0259155,-0.042119,0.0202957,-0.0162416,-0.0256028,-0.040149,-0.00740206,0.0220212,-0.00232797,-0.00556385,0.00236124,-0.01322,0.00113829,-0.00941086,0.0243479,-0.0386473,-0.00181564,0.034325,-0.00404284,-0.123371,0.061192,0.0034231],[-0.0280034,0.0114775,-0.0155679,0.0110706,-0.0812168,-0.0315956,-0.0239756,0.0138255,0.0477981,-0.00392993,-0.000262304,-0.0103839,-0.0137055,-0.0112866,-0.0169163,0.00577192,-0.0155452,-0.00405701,0.0379872,0.00351552,0.365558,-0.012898,-0.0110328],[0.00984504,-0.00348964,0.0397351,0.00981145,0.0338374,0.0151568,-0.0227087,-0.000232126,-0.0311806,0.000703291,0.000464859,0.00550417,-0.00523153,0.000250184,-0.00665997,0.00432538,-0.0131146,-0.0183589,0.030843,-0.00442781,-0.0841982,-0.0089265,0.000238525],[-0.0805456,-0.0838697,-0.0511912,0.0180595,-0.107834,-0.0756639,-0.00789219,0.0697681,0.0647424,-0.0812426,0.0130753,-0.000691781,0.0123866,0.00296693,0.00812919,-0.0449518,0.022319,0.00816768,0.0477753,0.011164,0.0194827,0.0995462,-0.00581009],[0.0180917,0.0104567,0.01654,-0.00660933,0.0873898,0.100054,-0.00549034,-0.0136031,0.0144912,-0.013155,0.00427433,0.00187675,-0.00514456,0.000672951,-0.00592851,0.0191274,-0.0153859,0.00537811,-0.00870763,-0.00350017,-0.157531,0.000649167,0.00173901],[-0.00479712,-0.0026934,0.00787498,0.00946665,0.0467551,0.0847306,-0.00187761,0.00275078,0.0110273,-0.0154548,0.00578825,0.00608513,-0.00112676,0.00528531,-0.00366747,0.00112763,-0.00145009,-0.0101494,0.00304389,-0.00205738,0.0219013,-0.00223803,0.00273133],[-0.0249427,0.00723699,0.0343513,0.0234573,-0.0184034,0.085985,-0.0315585,-0.0171934,0.178361,-0.0146246,0.00267755,0.00505134,-0.00719732,0.00232315,0.00674657,0.0143632,0.00136543,0.00815973,0.00191393,-0.0154106,-0.23382,0.145629,-0.00239267],[0.0375836,0.0724076,0.111558,-0.0640033,0.0122746,0.0481442,-0.0476581,-0.0153468,-0.0400649,-0.141885,0.0296449,-0.00998292,0.00339897,-0.000518208,-4.68358e-05,0.0542793,-0.0380786,-0.000213183,-0.155923,0.00881069,-0.247961,-0.130329,0.0020254],[-0.000359073,-0.0159978,-0.0195532,-0.0260179,-0.0150234,-0.0567253,0.0885884,0.0128571,-0.12614,-0.0162018,0.016704,-0.00138266,0.0112207,-0.00260943,0.00121026,-0.0141653,0.0622595,-0.0306792,0.0447413,0.008602,0.206339,0.00244852,0.00814704],[0.0280793,0.0623034,0.0481438,-0.00319032,0.0237056,-0.0130267,-0.0172927,-0.00667433,0.0652237,0.0628672,0.0166741,5.2558e-05,0.00128757,-0.00674071,0.00154263,0.0118338,0.00835954,0.00825408,0.00439332,0.00243977,-0.176251,-0.108725,-0.0105432],[-0.225247,-0.150085,0.04685,-0.00814192,-0.441524,-0.0561205,0.00951326,0.0897286,0.0570658,0.00768512,0.0395115,-0.01479,0.0346709,0.0131359,-0.00849652,-0.0932794,0.0193097,0.134996,-0.0668501,-0.000845994,-1.69569,0.920684,-0.00928424],[-0.0444168,-0.0866789,-0.0388964,-0.0388355,0.0218132,-0.0445786,-0.048049,0.0969472,-0.192872,0.145846,0.0222426,-0.0909889,0.00174469,-0.0732896,0.00356442,-0.0256985,-0.0802283,-0.0564238,0.026021,-0.00663957,-1.09287,-0.100467,-0.0190618],[0.0655825,0.199295,0.0206186,0.00882991,0.360593,0.614317,0.19483,-0.0402271,-0.123211,-0.481642,-0.0229719,0.0106323,0.00143886,0.0309197,0.0198341,0.102199,-0.101437,-0.113581,-0.0844597,-0.0360739,0.924204,0.0453056,-0.00318672],[0.0202876,-0.0520593,-0.0478848,-0.0667289,0.214983,0.0581764,0.0865582,0.0109897,-0.00418724,0.00974491,-0.00505158,-0.032369,0.00759303,-0.0386908,0.04168,-0.0456756,0.00717639,-0.11724,0.0849967,-0.0445487,0.369841,0.0495108,-0.0294953],[0.23137,0.360396,0.272081,-0.235847,0.433983,0.481133,0.269441,-0.10831,-0.398885,-0.339134,-0.0357494,-0.0274138,0.0290653,-0.0158374,0.0612849,0.0708588,0.136784,-0.14943,-0.200013,0.0173055,0.369532,-0.151217,0.00957651],[-0.0496401,-0.0920813,-0.0851664,0.0539094,-0.0690905,-0.158081,-0.0673194,0.000158311,0.00781115,0.0248166,-0.031024,0.00189833,0.0101028,-0.00273719,0.0266405,-0.0216259,-0.016795,-0.00501732,0.123587,-0.00579105,0.323795,-0.0326933,0.00907327],[-0.0692039,-0.05371,-0.0646556,-0.00857951,-0.0541037,0.0793038,-0.03768,0.00417443,0.286082,0.0624623,-0.0123312,-0.00948516,-0.0203188,-0.0147454,-0.00848802,-4.16258e-06,0.00693166,-0.0586142,0.0537579,-0.0190287,0.561865,0.273358,-0.0267252],[-0.164316,0.029471,-0.360396,0.0406481,-0.878657,-0.759622,-0.104992,0.079988,-0.0718481,-0.0233667,-0.0225766,-0.0267376,-0.00774394,-0.0543012,-2.19155e-06,-0.219446,-0.0155471,-0.213931,0.0321554,-0.00673374,0.450321,0.08308,-0.0627051],[0.115571,0.131426,0.0290177,-0.0534939,0.192556,0.151815,0.135846,-0.0494704,-0.00954786,-0.0402476,-0.00203456,-0.00166394,0.0134776,0.00335497,0.0118792,0.0347819,0.0763825,0.0580767,-0.155066,0.00260939,0.350891,-0.197586,0.00239052],[-0.0113554,0.0726301,-0.0233799,0.0769072,0.106015,0.318585,0.00555139,0.01169,0.280754,0.344036,-0.0613331,-0.0278881,-0.012872,-0.0306648,-0.00771104,-0.0140661,-0.0387708,-0.0408885,0.0871376,0.0358932,1.12435,-0.104898,-0.0133617],[0.00330875,0.00548248,0.0165584,0.000774385,0.00176511,0.0104997,-0.0379803,-0.00185181,0.0259843,-0.000401596,-0.00434235,-0.000908149,0.00073124,-0.00144738,0.00234404,0.00139972,-0.0180527,0.00159374,-0.00232311,-0.00342626,-0.150878,0.00290809,-0.00355179],[0.0113232,-0.0144893,-0.00438963,0.00785012,0.0494871,0.000851301,0.0319264,-0.0035345,-0.00406877,0.00273474,0.000177,0.00349285,0.0153776,0.00491281,0.0128516,-0.00366892,0.0221201,-0.0126078,0.00187836,0.00108561,0.171296,-0.0216637,0.00601913],[0.197267,0.111341,0.451465,0.0294322,0.899953,1.03143,-0.0295646,-0.136019,0.268818,-0.119345,-0.0292505,0.0264079,0.0487878,0.0106558,0.0320941,0.179269,-0.0283521,0.243666,-0.0738978,0.000996166,1.09387,0.0584109,-0.0357637]],"sigmahat":[[0.271467,0.299324,0.272075,-0.109088,0.551379,0.472526,0.0904691,-0.087195,0.0391863,-0.0340478,-0.0115592,0.0185645,-0.00237916,0.0207443,0.00944203,0.139953,0.0265167,0.0199207,-0.125233,-0.000415011,-0.218444,-0.359788,0.0149006],[0.299324,0.614507,0.407193,-0.175374,0.495515,0.770226,0.116328,-0.107403,0.111838,-0.0311287,-0.0109815,-5.24696e-05,-0.0210749,-0.00635829,-0.00551904,0.177286,0.0153238,0.0217217,-0.161511,-0.00583045,-0.575483,-0.44385,-0.00598594],[0.272075,0.407193,1.14684,-0.163573,0.435772,0.928218,0.110176,-0.113634,0.170528,-0.142614,-0.0091383,0.0220694,-0.0239846,0.0213943,-0.0107163,0.188101,-0.0105293,0.0610816,-0.185063,-0.0223197,-0.106149,-0.347671,0.0077835],[-0.109088,-0.175374,-0.163573,0.225764,-0.236302,-0.168382,-0.0565257,0.0203497,0.0458876,0.0456152,-0.0155001,0.00516842,0.0119879,0.00900598,0.0143713,-0.0392108,0.000151166,0.0153541,0.0095725,0.00305001,0.250723,0.126201,0.0130079],[0.551379,0.495515,0.435772,-0.236302,2.37593,1.89416,0.2666,-0.209244,0.0222615,-0.139799,0.00921351,0.0974432,0.0478567,0.0939538,0.0658025,0.440458,0.100209,0.0502275,-0.187059,-0.00194669,-0.0601788,-0.577721,0.0579909],[0.472526,0.770226,0.928218,-0.168382,1.89416,2.83793,0.25639,-0.248517,0.20782,-0.188946,-0.0164021,0.107422,0.013109,0.100413,0.0473488,0.506638,0.0692736,0.0937347,-0.147473,0.0135619,-0.296893,-0.409734,0.0623411],[0.0904691,0.116328,0.110176,-0.0565257,0.2666,0.25639,0.463078,-0.0398348,-0.212628,-0.0378136,0.0118347,0.00793623,0.0300758,0.0150593,0.028274,0.0536013,0.212015,0.0198755,-0.0390004,0.0249592,1.2195,-0.07076,0.00969124],[-0.087195,-0.107403,-0.113634,0.0203497,-0.209244,-0.248517,-0.0398348,0.0799818,-0.0348238,-0.0138943,0.010641,-0.0121002,0.00463216,-0.0117195,-0.00289504,-0.0627509,-0.0089146,-0.0160711,0.0312154,-0.00111738,0.0718231,0.094041,-0.01023],[0.0391863,0.111838,0.170528,0.0458876,0.0222615,0.20782,-0.212628,-0.0348238,0.869983,0.0777298,-0.0270788,0.0167431,-0.00923672,0.0109914,0.0205345,0.0526412,-0.103145,0.0179783,-0.0355594,-0.03303,-0.163907,-0.164224,-0.00619125],[-0.0340478,-0.0311287,-0.142614,0.0456152,-0.139799,-0.188946,-0.0378136,-0.0138943,0.0777298,0.520769,-0.00761795,-0.0143612,0.0266476,-0.0164454,0.00827253,-0.0465731,-0.00645372,0.0133636,0.0180425,0.00229548,-0.17421,-0.116747,-0.00264769],[-0.0115592,-0.0109815,-0.0091383,-0.0155001,0.00921351,-0.0164021,0.0118347,0.010641,-0.0270788,-0.00761795,0.032864,-0.00405557,0.00588358,-0.00688616,-0.00928057,-0.00566542,-0.000225611,-0.011967,-0.00322438,-0.00182687,-0.106211,0.0462615,-0.00201265],[0.0185645,-5.24696e-05,0.0220694,0.00516842,0.0974432,0.107422,0.00793623,-0.0121002,0.0167431,-0.0143612,-0.00405557,0.0266528,0.00346751,0.0270105,0.0106651,0.0228358,0.0124323,0.00489444,0.000183024,-0.000744787,-0.0225691,-0.00814993,0.0172513],[-0.00237916,-0.0210749,-0.0239846,0.0119879,0.0478567,0.013109,0.0300758,0.00463216,-0.00923672,0.0266476,0.00588358,0.00346751,0.0318114,0.00670608,0.0261155,0.00335924,0.0255186,-0.00382513,0.00320213,0.0034966,0.10222,0.00947387,0.0057585],[0.0207443,-0.00635829,0.0213943,0.00900598,0.0939538,0.100413,0.0150593,-0.0117195,0.0109914,-0.0164454,-0.00688616,0.0270105,0.00670608,0.0367726,0.015237,0.0244595,0.0176263,0.0100549,-0.00346229,0.00197712,-0.00357601,0.00281179,0.0213224],[0.00944203,-0.00551904,-0.0107163,0.0143713,0.0658025,0.0473488,0.028274,-0.00289504,0.0205345,0.00827253,-0.00928057,0.0106651,0.0261155,0.015237,0.0389802,0.0134823,0.0264278,-0.00244516,-0.00103244,0.000767822,0.128653,-0.008461,0.00905906],[0.139953,0.177286,0.188101,-0.0392108,0.440458,0.506638,0.0536013,-0.0627509,0.0526412,-0.0465731,-0.00566542,0.0228358,0.00335924,0.0244595,0.0134823,0.158588,0.0142966,0.00875745,-0.0744119,8.49337e-05,-0.138884,-0.162789,0.0170311],[0.0265167,0.0153238,-0.0105293,0.000151166,0.100209,0.0692736,0.212015,-0.0089146,-0.103145,-0.00645372,-0.000225611,0.0124323,0.0255186,0.0176263,0.0264278,0.0142966,0.169184,0.0167607,-0.00436204,0.0171669,0.592717,-0.0166115,0.015692],[0.0199207,0.0217217,0.0610816,0.0153541,0.0502275,0.0937347,0.0198755,-0.0160711,0.0179783,0.0133636,-0.011967,0.00489444,-0.00382513,0.0100549,-0.00244516,0.00875745,0.0167607,0.210091,0.117792,0.00324501,0.0619982,-0.0418836,0.00289151],[-0.125233,-0.161511,-0.185063,0.0095725,-0.187059,-0.147473,-0.0390004,0.0312154,-0.0355594,0.0180425,-0.00322438,0.000183024,0.00320213,-0.00346229,-0.00103244,-0.0744119,-0.00436204,0.117792,0.57437,-0.00530221,0.258902,0.131404,-0.00658041],[-0.000415011,-0.00583045,-0.0223197,0.00305001,-0.00194669,0.0135619,0.0249592,-0.00111738,-0.03303,0.00229548,-0.00182687,-0.000744787,0.0034966,0.00197712,0.000767822,8.49337e-05,0.0171669,0.00324501,-0.00530221,0.0272363,0.0542011,0.00504538,0.0035623],[-0.218444,-0.575483,-0.106149,0.250723,-0.0601788,-0.296893,1.2195,0.0718231,-0.163907,-0.17421,-0.106211,-0.0225691,0.10222,-0.00357601,0.128653,-0.138884,0.592717,0.0619982,0.258902,0.0542011,15.8613,-0.620261,-0.0605533],[-0.359788,-0.44385,-0.347671,0.126201,-0.577721,-0.409734,-0.07076,0.094041,-0.164224,-0.116747,0.0462615,-0.00814993,0.00947387,0.00281179,-0.008461,-0.162789,-0.0166115,-0.0418836,0.131404,0.00504538,-0.620261,1.34757,-0.00613976],[0.0149006,-0.00598594,0.0077835,0.0130079,0.0579909,0.0623411,0.00969124,-0.01023,-0.00619125,-0.00264769,-0.00201265,0.0172513,0.0057585,0.0213224,0.00905906,0.0170311,0.015692,0.00289151,-0.00658041,0.0035623,-0.0605533,-0.00613976,0.0233937]],"n":23,"lags":3}