{"betahat":[[0.0970204,0.13734,0.080901,0.00224658,0.0555696,-0.00543247,0.0450444,-0.112481,-0.290176,0.178521,-0.0085726,-0.00688479,-0.0423735,0.00111007,-0.00206672,0.466089,0.672851,0.116013,0.107817,-0.0107479,-0.490819,-0.455437,0.000850544],[0.0631943,0.051239,0.0586841,-0.00309432,0.0820035,0.0114207,0.0197978,0.0247075,-0.0341148,-0.0334901,-6.19974e-06,0.000426131,-0.00734506,5.76761e-06,-0.00383971,-0.0461973,-0.0337995,0.00139425,0.103906,-0.00996751,-0.146283,0.027387,-0.00251766],[0.0415819,0.0491434,0.0444152,-0.0169093,0.0154584,-0.0173918,0.00823103,0.00331862,0.0145541,-0.0161037,0.00508915,-0.00390851,-0.0131441,-0.00519253,-0.00733309,-0.0228755,-0.0336264,0.0167419,0.0845049,-0.0067411,-0.10723,-0.000244717,-0.00497571],[0.0317324,0.0343241,0.038818,-0.000689129,0.0545902,0.0436692,0.0375856,0.00815509,0.0257167,-0.0309014,0.00768005,0.00586484,0.000645652,0.00781144,0.00137413,-0.0238668,-0.00535292,0.00293626,0.0184154,0.00639292,0.0383514,0.0388458,0.00875946],[-0.0327186,-0.0320637,0.0382009,0.0657715,-0.144597,-0.0276065,-0.0298352,-0.00433798,0.106285,0.0915265,-0.00457702,0.00946903,0.0252902,0.0126783,0.0108815,0.00401808,-0.0243489,-0.0200465,-0.0909072,0.00964556,-0.1561,0.0757402,0.0109276],[0.0234285,0.0153608,0.0114243,0.00315849,0.0599168,0.0302859,0.0183389,0.00415481,0.0150653,0.0107004,-0.00989679,1.39958e-05,0.000498031,0.00177433,0.00394281,-0.010559,0.00791619,-0.00946307,0.00797128,-0.000398691,0.0552411,0.0191936,-0.000662337],[0.0196496,0.0164491,0.0152901,0.000197039,0.0347793,0.0568186,0.0440156,-0.0170034,0.0989348,-0.00963241,-0.0115625,-0.00837869,0.0138077,-0.00413779,0.0109748,-0.0129023,0.0316353,-0.0140827,-0.0876055,0.00896139,0.177896,0.0809784,-0.00735569],[0.0101575,-0.00285152,-0.0419613,0.0229746,0.0011128,-0.055635,-0.129573,0.0329544,-0.0481792,-0.0123166,0.00103922,0.000779951,0.0277786,0.00736741,0.0109875,-0.0325785,-0.11937,0.000482592,0.0198189,-0.0178274,-1.73233,-0.0763178,0.000776122],[-0.0152069,0.00111842,-0.0288661,-0.0156428,-0.0463736,-0.0878291,-0.00237283,0.622914,-2.09824,-0.222835,0.0317964,-0.00210414,0.0109279,0.00695641,-0.0105172,-0.205675,-0.00773393,0.0340592,0.0784145,0.0115242,0.218112,0.055343,0.012634],[0.00346797,0.00442073,0.00685108,0.00151355,0.00676353,0.0124587,-0.00342746,-0.0149581,0.17776,0.0110651,-0.00155088,-0.00140538,-0.00167601,-0.000509536,-9.4859e-05,-0.0027393,-0.00183323,-0.000792894,0.00939471,6.99284e-05,-0.0398896,0.0913874,-0.00118691],[-0.0213651,-0.0113936,-0.0115577,0.00835721,-0.048376,-0.0083394,-0.00687582,-0.00978706,0.080491,0.113774,-0.00884499,-0.00139537,-0.00913518,-0.0026349,0.000416781,-0.00864308,-0.0143977,0.0140732,0.0251545,-0.00228785,0.00818722,-0.0200231,4.94974e-05],[0.00751696,-0.0504118,-0.105685,-0.0303276,0.101677,-0.0985382,0.0243962,0.0769375,-0.426217,-0.111835,0.0273805,-0.0104561,-0.00392401,-0.0126788,-0.00271286,0.0108214,0.0291909,0.00351027,0.14888,0.0119338,1.32696,-0.00437009,-0.0150895],[-0.0620842,-0.0604209,0.077869,0.129374,-0.236393,-0.092472,-0.0853743,0.0213676,-0.602982,0.0408115,-0.00510676,0.10181,-0.0267867,0.0873401,-0.0156475,-0.0774337,-0.048695,-0.0270589,0.00774994,-0.000912153,-0.08103,0.0190133,0.0801392],[0.0937,0.0984026,0.135982,-0.0689256,0.180277,0.0749797,-0.0141007,0.013639,-0.0762768,-0.0436912,0.00803287,0.00653724,0.0500385,0.0141316,0.00595339,0.0174978,0.0493836,-0.0173336,-0.0762567,0.00718092,-0.426912,0.115986,0.0130364],[-0.0666195,-0.0710272,0.0731872,0.203247,-0.273954,-0.100335,-0.137215,0.0415879,-0.41676,0.0780949,-0.015651,0.120927,-0.0244167,0.119987,-0.00516268,-0.055513,-0.0496647,-0.0519363,0.0227103,-0.00026493,-0.774333,0.269778,0.108879],[-0.0165294,-0.0250825,0.10768,0.0616378,-0.00918363,0.0376418,0.0117332,-0.0301966,0.0451894,0.188092,-0.01669,0.032673,0.0528628,0.0415489,0.0398392,0.00222041,0.0367127,-0.0248614,-0.128781,-0.00329211,-0.583579,0.0193077,0.0398078],[0.0491224,0.0523868,0.0277087,-0.0128351,0.0957024,0.06709,0.0343615,-0.118108,-0.690133,-0.04001,0.0371416,-0.00830869,0.0118148,0.000538935,-0.00879212,0.470616,0.170743,0.0745422,-0.105958,0.0100872,0.403494,-0.522551,-0.000484216],[-0.0160775,-0.00807359,-0.0157832,-0.026675,-0.0147137,-0.0177421,-0.0187351,-0.0080988,0.108679,0.0706286,0.00372628,0.0129302,0.0263313,0.0115392,0.0141526,0.038951,0.62105,0.00923499,-0.0720413,-0.000291428,-0.37162,0.304939,0.00919392],[0.0259271,-0.0405009,0.0917757,0.0129359,0.192296,0.258526,0.00770001,-0.0195971,-0.271569,0.207952,-0.0371482,-0.0520136,-0.0846614,-0.0479092,-0.036262,0.306725,0.151504,0.49587,0.473772,-0.0130461,0.157201,-0.702229,-0.0417305],[-0.0892692,-0.0917504,-0.114336,0.0562759,-0.236094,-0.185856,0.00867142,0.069261,0.16443,0.0990868,0.00279734,0.0037899,-0.0475136,-0.00539539,-0.00792745,-0.090898,-0.00849015,0.0848076,0.55296,-0.0120632,0.266762,0.359255,0.00153936],[0.0439823,0.103599,0.0870296,-0.0083004,-0.0365336,0.0211237,-0.109292,0.0333233,0.0962128,-0.0148673,-0.0127718,-0.00684703,-0.00290362,-0.00182889,-0.00635411,-0.00756721,-0.0815499,-0.00550436,-0.0900462,-0.0418888,-0.597951,0.114257,-0.000211313],[-0.00258669,-0.00438239,-0.0110994,-0.00406622,0.00128693,-0.00464393,4.81672e-05,0.00227423,-0.0087046,0.00214082,-0.000247647,-0.00149032,-0.00070398,-0.0015142,0.000283055,-0.000318055,0.00585802,0.000182508,0.0019041,0.00103806,0.000491828,0.00539787,-0.000838847],[0.0155341,0.0159042,0.0130856,-0.00783153,0.0381709,0.0285795,0.00531457,0.0225476,0.220618,-0.0239365,0.00637797,-0.00117104,0.00731462,0.000604712,0.000393026,-0.0185991,0.0394411,-0.00974139,0.023958,0.00366529,0.0999779,0.363658,-1.42653e-06],[0.000153201,0.0077071,0.0563342,0.0834251,-0.0394538,-0.0351766,-0.060846,0.0208979,-0.486613,0.147403,-0.00221389,0.0788515,-0.0323299,0.0718076,-0.00613945,-0.00961933,-0.0586878,-0.00355198,0.0477764,-0.00837456,-0.626197,0.076195,0.0676758],[-0.00687128,-0.00808733,-0.00547547,0.0087109,-0.0209458,-0.0197857,0.0146999,0.0165579,-0.0266476,-0.000128616,0.0013454,0.00103011,0.000703599,0.00206093,0.00226645,-0.0208614,0.00352944,-0.00641477,0.021191,-0.000478197,-0.0240286,0.0243691,0.00188568],[-0.00467777,-0.00673735,0.00318996,0.0009244,-0.00899632,-0.00768115,0.00966099,0.00648552,-0.0205109,0.00116097,0.00163338,0.000300796,-0.000817462,0.000433542,0.00120334,-0.0130041,-6.60521e-05,0.000165754,0.0149932,-0.000980942,0.0813675,0.00413126,0.00047978],[0.00673837,0.0105741,-0.000281398,0.000455747,0.00203046,-0.000427275,0.00610931,0.00630872,-0.00797328,-0.012446,0.00118294,0.000211797,0.00104302,0.00128372,0.00124961,-0.00600973,-0.0106148,0.00175285,0.00770024,-0.00075141,-0.0812486,0.00742074,0.00100084],[-0.00274283,0.00505595,-0.0127747,0.00386568,-0.0145395,-0.00479861,-0.0270609,-0.00280995,0.0100366,-0.00213536,0.00159809,-0.000749767,0.000962337,-0.00116975,-0.0063973,0.015261,-0.0159247,0.00272846,-0.0117096,-0.00110057,-0.0445561,0.0179223,-0.00097663],[0.00240569,0.003317,0.00430812,0.0013128,-0.0048201,-0.00816817,0.00593292,0.00645003,-0.0256948,-0.00228513,-0.00215097,0.00111944,0.00211396,0.00186894,0.00279615,-0.008998,0.00507317,-0.00684469,-0.00420976,0.000827018,-0.0446074,-0.00311459,0.00143553],[0.00510768,0.00523822,0.00615505,-0.00174463,-0.000979637,0.00340918,0.00492572,0.00644249,0.00899811,-0.0159064,-0.000910939,-0.000292264,0.00738304,0.00131514,0.00413002,-0.00767935,0.0082692,-0.00650484,-0.0213887,3.32592e-05,-0.0928243,0.0382065,0.000418932],[-0.00284685,-0.0263698,-0.0185925,0.00788195,0.0056435,-0.0454158,0.032875,0.00948254,-0.0932229,0.00825143,-0.002251,0.00426804,0.0102266,0.00754151,0.00846026,-0.0105178,0.0106664,-0.00739821,0.0133561,0.00510287,0.121735,-0.0325856,0.00650396],[0.0104981,-0.000348373,0.0240449,1.09755e-05,0.0329639,0.0333226,0.00381118,0.103439,-0.481364,-0.0588376,-0.00107906,0.000869644,0.0071916,0.00282738,0.00474253,-0.0273498,0.00225292,0.00550224,-0.0696958,0.00177855,0.051361,-0.116054,0.00273693],[0.000564799,0.000402917,0.00164226,0.000837793,0.000815521,0.00179373,-0.000962338,-0.00230202,0.0375509,0.000661575,-0.000192272,-0.000296372,5.74804e-05,-5.39167e-05,9.89573e-05,-0.000884843,-0.000201217,-0.00093833,0.00251041,-0.000277964,0.00315179,0.0260283,-0.000218001],[-0.00394604,-0.00203574,-0.00406177,0.000585379,-0.00998132,-0.00461926,0.000153674,-0.00174625,0.025288,0.0105663,-0.00171373,-0.000691995,-0.000402542,-0.000884232,-0.000656243,-0.0033117,0.000465569,0.00357782,0.00343514,-7.30436e-05,-0.00161209,0.00989772,-0.000761432],[0.000834425,-0.0112023,-0.00768919,-0.0087537,0.0144999,-0.0218506,0.00981263,0.0191431,-0.112502,-0.00479577,-0.000116363,0.000166132,-0.00600607,-0.00253059,0.00010685,-0.00551174,0.007433,-0.0022668,0.0383194,-0.00027102,0.420457,-0.0240734,9.11674e-05],[-0.0128138,0.0166451,-0.000446469,0.00555021,-0.0688141,-0.00218979,0.00893378,0.0111316,-0.0890585,0.0100302,-0.000716442,0.00910039,-0.0108133,0.00514066,-0.0120914,-0.0159644,-0.00477865,0.0072318,-0.0162763,0.00479216,0.254218,0.0477952,0.00606853],[0.0163077,0.016547,0.0198234,-0.0142701,0.0330366,0.00446763,-0.000561099,-0.00195151,-0.0279667,-0.00237835,-0.000508217,0.0039364,0.000847359,0.00422838,-0.00122511,-0.00709815,0.0160412,-0.00504419,-0.00110008,0.00149715,-0.0357174,0.00685764,0.00485676],[-0.00271998,0.0114754,0.00286898,0.0225726,-0.0754793,-0.0300842,-0.00945759,0.00877194,-0.142856,0.0128919,0.00678899,0.0129771,-0.0146495,0.00897157,-0.00908532,-0.00167493,-0.00012099,-0.00510921,0.0129609,0.0025645,0.229814,0.0771248,0.010807],[-0.00103293,-0.0139919,0.00448237,0.00303016,0.00320592,-0.00908323,-0.0133714,-0.0021737,0.0223525,0.0498013,-0.000477824,0.00921633,0.00428358,0.010901,-0.0015242,-0.0122707,0.0048171,-0.00359545,0.0117345,0.00375455,-0.253112,0.0146971,0.00845617],[0.0116846,0.0223232,0.0174537,-0.00385841,-0.0166255,-0.0292881,0.0187876,0.00717529,-0.330172,0.00453621,0.0128839,0.00249967,0.0051292,0.00507274,-0.00260948,0.0891353,0.0426536,0.0134629,0.010679,0.00353204,0.109912,-0.145267,0.00567976],[-0.00428356,-0.0156155,-0.00384234,0.000981112,-0.0014823,-0.0291336,0.00827541,0.0054123,0.0255899,0.0502506,-0.00126954,0.00403691,0.00137984,0.0038396,0.00247039,-0.00283852,0.134319,0.0054385,-0.0053256,0.0029273,0.184466,0.0304064,0.00415644],[0.0571664,0.0675113,0.0159165,-0.0150021,0.145522,0.1297,0.00856554,-0.0163545,-0.101151,-0.0547337,-0.0169629,-0.0116357,0.0197579,-0.00749759,0.00599464,0.0740818,0.111964,0.0694298,0.00239453,0.00594007,-0.28028,-0.133148,-0.00711413],[-0.0119597,-0.00770498,-0.0136587,0.0102325,-0.0104754,0.00372216,5.92221e-05,0.00582555,0.0584398,0.00302217,0.00084521,0.000606681,0.0031493,0.000691908,0.00353105,0.00469975,0.0178129,0.0167512,0.0657416,0.000352851,-0.000786869,0.108587,0.00110264],[0.0194908,0.00986989,0.00849721,-0.0240473,0.0466829,0.0100405,0.00825055,0.001229,-0.0667034,-0.0169118,0.00221416,-0.00316338,0.00683335,-0.00304732,0.00147515,0.00883655,0.0241116,2.16037e-05,-0.0168262,0.00729491,0.0926113,-0.0155337,-0.00179613],[0.00120972,0.00050819,-0.00387052,-0.000853307,0.00406089,-0.000613512,0.00323195,0.00116674,-0.00683256,0.00118192,0.000124863,-0.000248403,0.00043451,-0.000266113,2.97374e-05,0.000955155,0.00261044,-9.53051e-05,0.000116997,0.000183816,-0.012423,-0.00286786,-0.000103672],[0.004548,0.00349898,0.00549971,-0.00272258,0.0114624,0.0087621,0.000988664,0.00704727,0.0468497,-0.00695532,0.00148745,-0.000550979,0.00214874,-4.23554e-05,0.000388126,-0.00355745,0.0106664,-0.00183711,0.00886526,0.000454817,0.0578375,0.086538,-0.000174869],[-0.016921,-0.00171144,-0.0213396,0.0105885,-0.06175,-0.019571,0.0181475,0.0112119,-0.130338,0.0461851,-0.000121416,0.00875977,-0.0116182,0.00564086,-0.00792186,-0.00957724,0.00830327,0.0106126,0.0152061,0.00486891,0.233919,-0.0127681,0.0069138],[-0.00329042,-0.00146828,-0.00120644,0.00529905,-0.0111591,-0.0203095,-0.00209926,0.0056323,0.00238709,0.00198028,8.65649e-06,0.000768365,-0.00177434,0.00131689,0.000328282,-0.00495719,-0.00688131,-0.00186474,0.0121571,-0.00142948,-0.0395099,-0.0162655,0.00125377],[-0.00581265,-0.00741749,-0.00406565,0.00497136,-0.00816801,-0.0143848,0.0018356,0.00606057,-0.000207504,0.00355583,0.000920044,0.00048696,-0.00102234,0.00100117,0.000669181,-0.00389215,-0.000162016,-0.00113986,0.0118165,-0.00033231,0.0487951,-0.00217012,0.00077669],[-0.00490701,-0.0124239,-0.0088825,0.00837143,-0.00939446,-0.0227726,-0.00319883,0.00628304,-0.0086718,-9.38696e-05,0.00093964,0.0012749,-5.85201e-06,0.00155365,0.000201897,-0.00614349,-0.00458553,-0.00223847,0.00626669,0.000141563,0.00949498,-0.00291277,0.00162593],[0.00621621,0.00851047,-0.00670014,-0.00943013,0.0034968,0.011171,-0.00155542,-0.00219209,-0.0152896,-0.0142183,0.00223268,-0.00119744,0.000844325,-0.00157128,-0.00380479,0.0068244,0.000565331,0.00225382,-0.00740545,0.00245306,-2.90424e-05,0.0250359,-0.00122172],[-0.00101767,0.00185194,0.00526447,0.0025231,-0.00841874,-0.00701839,-0.000247248,0.0035199,-0.00519602,-0.002421,-0.000225344,0.000912274,0.000753916,0.00131846,0.000401469,-0.00287461,-0.000762157,-0.00228731,-0.000853172,-0.000961423,-0.0431038,-0.00340188,0.00107045],[-0.000763991,-0.00202702,0.00749431,0.0030248,-0.00266806,-0.00561791,0.0020209,0.00633969,-0.00407145,-0.0153765,0.00208274,0.00080591,0.002128,0.00186385,-3.52332e-05,-0.00247446,0.00247495,-0.00262,0.0023978,-0.00105117,0.00474079,0.00912978,0.00096569],[0.000252588,6.18279e-05,0.00900123,0.00699137,-0.00426675,-0.00146823,-0.0279233,-0.00016686,0.0321947,0.0123506,-0.00264698,0.00204358,-0.0026321,0.00243464,0.000103891,-0.000515492,-0.0169748,-0.000598426,0.00997785,-0.00416044,-0.152261,-0.00269232,0.00226945],[0.00294074,-0.0013835,0.00768089,-0.000303208,0.0178174,0.0383389,0.00818026,0.0373434,-0.232642,-0.0328057,-0.000853687,-0.00105713,0.00702754,-0.000378819,0.0032562,-0.00916467,0.00445676,0.00309839,-0.0645625,0.0022454,0.0221698,-0.0999631,-0.000573785],[0.000468288,-5.66143e-06,2.30354e-05,0.0002018,0.000923751,0.000157414,0.000231053,-0.000543242,0.0118059,-9.71591e-05,0.000120405,4.50767e-05,0.0002257,0.000138248,-4.51966e-05,-7.76492e-05,0.000634332,-0.000131625,0.00239576,0.000179277,0.00139782,0.0117808,6.61309e-05],[-0.000620037,0.00129491,0.0014969,-0.00158877,-0.002559,0.00290838,0.00126291,-0.000585615,0.0114288,0.00178476,-0.000261942,-0.000585848,-0.000760779,-0.000838538,-0.000637666,-0.000933925,0.00106975,0.00152416,0.000219293,0.000153647,0.00482859,0.00777353,-0.00070361],[-0.0164895,-0.0260159,-0.0227542,0.0116853,-0.0162959,-0.0213473,-0.00460044,0.00716526,-0.0379769,0.0142894,-3.34512e-05,0.0012804,-0.00178933,0.000745956,0.00183686,-0.00232765,0.00355987,-0.00206949,0.0108732,-0.000158505,0.00679145,-0.000490849,0.00173142],[0.00579405,0.00459506,-0.0134525,-0.00238813,-0.0040163,-0.0050971,0.00185526,0.0030605,-0.0154478,0.0262157,-0.000911782,-0.00199879,-0.00449519,-0.00475335,-0.00466873,-0.0101447,-0.0155665,0.00623221,-0.00175776,0.000248632,0.0506697,-0.00265455,-0.0014806],[-0.00776348,-0.0101902,-0.00627447,0.00538384,-0.0122635,-0.0103049,-0.0013031,-0.000921473,-0.00199227,0.00218355,-0.000191423,0.00134553,-0.00401699,0.000476253,-0.000603315,-0.0111068,-0.00283077,-0.00376245,0.003384,-0.000584121,0.0248959,0.00221314,0.00112985],[-0.0202486,-0.0247747,-0.0238877,0.0153029,-0.0548023,-0.0255594,0.00315659,0.0105283,-0.0617846,0.00992288,0.00164255,-0.00107719,-0.0109209,-0.00382963,-0.00628082,-0.0127401,0.00563208,0.00332759,0.00486246,0.000931069,0.239184,0.00476613,-0.00286338],[-0.0102412,-0.00976788,-0.00151309,0.0045873,-0.0136196,0.00157649,-0.00925836,0.00387838,-0.0218317,0.00463674,0.000110284,0.00305041,0.000749033,0.00299396,-0.000780782,-0.00446746,-0.00106942,-0.00200381,-0.00553706,0.000406422,0.00561402,0.0125389,0.00272004],[-0.00318429,-0.00109464,-0.00974773,0.00525765,-0.0207213,-0.0462233,0.0059945,0.0123322,-0.159021,0.0130408,0.00605184,0.000975021,0.00245759,0.00241903,-0.0016848,0.0347454,0.0090653,0.00733265,0.0310419,0.00104663,0.107023,-0.0737817,0.00326822],[-0.0101462,-0.0152086,-0.00493565,0.00840237,-0.0259842,-0.0183522,-0.0109805,0.00452305,0.045956,0.0385245,-0.00330315,0.000549055,-0.00509325,-0.000326352,-0.000217243,-0.00713334,0.0448549,0.00557233,0.000914974,-0.00130339,0.0650143,-0.00463436,0.000373581],[0.013111,0.0207888,-0.00492949,0.0115174,0.0163253,0.0307454,-0.00947841,-0.0216426,-0.048444,-0.0495518,-0.00762295,-0.00121724,0.0193434,0.00114554,0.00275546,0.00874027,0.0791542,0.0100287,-0.00872135,0.00387314,-0.245878,-0.0525161,-0.00268808],[-0.00450326,-0.0026786,-0.000875593,0.00285617,-0.00211386,0.00919643,-0.00141627,0.00115604,0.0173697,-0.0106908,7.39914e-06,0.00106199,0.00582697,0.00214136,0.00228115,0.00483962,0.0145098,0.00442171,0.0112276,0.000450043,0.00479277,0.0739322,0.00123601],[-0.0143599,-0.014945,-0.0112763,0.00647912,-0.0264838,-0.015262,-0.000163084,0.00116581,0.0194495,0.000728587,0.00301572,-1.59127e-05,0.00169808,-0.000866552,-0.0013294,-0.0130949,0.00507597,-0.00511794,-0.000995479,-0.00302981,0.0749018,0.0218196,-0.00155055],[0.000295538,-0.000345332,-0.000249026,-5.94995e-05,0.00129093,0.000504994,-0.00146197,-0.000245318,0.000460377,0.000803747,-8.60146e-05,-1.30431e-05,0.000291753,-3.85498e-05,0.000135182,3.05881e-05,-0.00139903,-0.000221385,-0.00013932,-0.000165231,-0.00949083,-0.00145267,-0.000162794],[0.00165499,0.000482678,0.0022287,-0.00114199,0.00376214,0.00209285,0.000836317,0.00415677,0.0164218,-0.00239919,0.000647873,-0.000307983,0.000639438,-0.000153605,-0.000206503,-0.00333135,0.00506039,-0.00142586,0.00468991,0.000270879,0.0306734,0.0365535,-0.000225511],[-0.00198703,-0.00381003,-0.0153343,0.00349433,-0.0308707,-0.0166307,-0.00773615,0.0111311,-0.0138193,5.07335e-05,0.00145229,-0.000157364,-0.00435579,-0.00236813,-0.00612576,-0.0203576,-0.00558171,0.00229975,0.00813755,-0.000700991,0.0644124,0.0585353,-0.000848962]],"sigmahat":[[0.895428,1.0304,0.799029,-0.595054,1.69581,0.99117,0.144877,-0.250248,0.288309,-0.506532,0.0156033,-0.0270094,0.169585,-0.00374427,0.0152718,0.3491,0.273066,-0.232663,-1.0484,0.0427203,-1.63755,0.209052,-0.0223151],[1.0304,1.46206,1.08145,-0.772974,1.75022,1.33934,0.112152,-0.236797,0.455431,-0.545251,0.012857,-0.0319219,0.168454,-0.0136373,-0.00680854,0.376708,0.188425,-0.257627,-1.22573,0.0414583,-2.49284,0.424062,-0.0261492],[0.799029,1.08145,1.80032,-0.507118,1.22717,1.20977,0.0352706,-0.360754,0.8646,-0.426805,0.0124327,0.0563796,0.16222,0.0711573,0.0030955,0.307016,0.129171,-0.219684,-1.35797,-0.00301727,-1.15658,0.243494,0.0403445],[-0.595054,-0.772974,-0.507118,0.651501,-1.21594,-0.647592,-0.152224,-0.181275,0.852443,0.477062,-0.0356781,0.0418082,-0.1133,0.0367442,0.0117662,0.077407,-0.0976805,0.136093,0.630069,-0.041199,0.0395773,-0.227496,0.0332816],[1.69581,1.75022,1.22717,-1.21594,4.14267,2.25863,0.415609,-0.374502,-0.0364907,-0.926727,0.0414709,-0.100032,0.318014,-0.0459027,0.0757367,0.776692,0.701029,-0.342689,-1.87852,0.0962028,-1.88487,0.238107,-0.0698602],[0.99117,1.33934,1.20977,-0.647592,2.25863,2.26787,0.195853,-0.53189,1.52314,-0.323756,-0.0290301,-0.105321,0.0959549,-0.0853309,0.0247528,0.791988,0.123237,-0.0454425,-1.02495,0.0196732,-1.89607,0.217647,-0.0964885],[0.144877,0.112152,0.0352706,-0.152224,0.415609,0.195853,0.564529,-0.149535,-0.481315,-0.0911783,0.0208522,-0.0397917,0.0575032,-0.029622,0.0292092,0.262111,0.556732,0.0772216,-0.112787,0.0541565,2.54607,-0.365484,-0.0295482],[-0.250248,-0.236797,-0.360754,-0.181275,-0.374502,-0.53189,-0.149535,24.3667,-42.3365,-17.8345,0.173503,-0.071147,-0.0694943,-0.105637,-0.103185,-28.2694,-40.3006,-7.85876,0.870032,0.0468438,4.19757,20.5126,0.0314257],[0.288309,0.455431,0.8646,0.852443,-0.0364907,1.52314,-0.481315,-42.3365,190.626,27.4358,-0.535263,0.0743922,-0.0266892,0.0845121,0.259866,19.4971,32.9521,2.09468,8.05499,-0.224407,2.20173,58.3422,-0.334615],[-0.506532,-0.545251,-0.426805,0.477062,-0.926727,-0.323756,-0.0911783,-17.8345,27.4358,16.6959,-0.188901,0.111343,-0.0144789,0.131385,0.141919,23.3872,37.7691,7.79041,1.24519,-0.0347958,-2.70315,-16.6029,0.0939916],[0.0156033,0.012857,0.0124327,-0.0356781,0.0414709,-0.0290301,0.0208522,0.173503,-0.535263,-0.188901,0.0502619,0.00328892,0.0142877,0.00266135,-0.012191,-0.0535328,0.00575325,-0.0250272,0.0182934,0.00596057,0.264364,0.279539,0.00517706],[-0.0270094,-0.0319219,0.0563796,0.0418082,-0.100032,-0.105321,-0.0397917,-0.071147,0.0743922,0.111343,0.00328892,0.0576622,0.0143405,0.0548609,0.00644472,-0.000141578,0.25296,-0.0353466,-0.113949,0.00170089,-0.236481,0.101791,0.0505378],[0.169585,0.168454,0.16222,-0.1133,0.318014,0.0959549,0.0575032,-0.0694943,-0.0266892,-0.0144789,0.0142877,0.0143405,0.111884,0.0293831,0.0330356,0.0609383,0.33982,-0.0574698,-0.32683,0.0215183,-0.351722,0.0919286,0.0205438],[-0.00374427,-0.0136373,0.0711573,0.0367442,-0.0459027,-0.0853309,-0.029622,-0.105637,0.0845121,0.131385,0.00266135,0.0548609,0.0293831,0.0597938,0.0127105,0.0914947,0.401468,-0.0154879,-0.162026,0.0053922,-0.368712,0.0650982,0.0519561],[0.0152718,-0.00680854,0.0030955,0.0117662,0.0757367,0.0247528,0.0292092,-0.103185,0.259866,0.141919,-0.012191,0.00644472,0.0330356,0.0127105,0.0381159,0.107895,0.327398,-0.000539907,-0.0675218,0.00349637,-0.121701,0.0207008,0.0105586],[0.3491,0.376708,0.307016,0.077407,0.776692,0.791988,0.262111,-28.2694,19.4971,23.3872,-0.0535328,-0.000141578,0.0609383,0.0914947,0.107895,44.3091,65.5225,14.2025,-0.513536,-0.0236636,-7.81386,-44.5497,-0.00184409],[0.273066,0.188425,0.129171,-0.0976805,0.701029,0.123237,0.556732,-40.3006,32.9521,37.7691,0.00575325,0.25296,0.33982,0.401468,0.327398,65.5225,111.573,22.8159,2.93838,0.040674,-8.27531,-52.616,0.276132],[-0.232663,-0.257627,-0.219684,0.136093,-0.342689,-0.0454425,0.0772216,-7.85876,2.09468,7.79041,-0.0250272,-0.0353466,-0.0574698,-0.0154879,-0.000539907,14.2025,22.8159,5.64558,1.61,-0.0183234,-1.29345,-14.3172,-0.0102452],[-1.0484,-1.22573,-1.35797,0.630069,-1.87852,-1.02495,-0.112787,0.870032,8.05499,1.24519,0.0182934,-0.113949,-0.32683,-0.162026,-0.0675218,-0.513536,2.93838,1.61,6.90996,-0.0707509,5.04226,10.9152,-0.107626],[0.0427203,0.0414583,-0.00301727,-0.041199,0.0962028,0.0196732,0.0541565,0.0468438,-0.224407,-0.0347958,0.00596057,0.00170089,0.0215183,0.0053922,0.00349637,-0.0236636,0.040674,-0.0183234,-0.0707509,0.0249925,0.18604,0.0467538,0.00527346],[-1.63755,-2.49284,-1.15658,0.0395773,-1.88487,-1.89607,2.54607,4.19757,2.20173,-2.70315,0.264364,-0.236481,-0.351722,-0.368712,-0.121701,-7.81386,-8.27531,-1.29345,5.04226,0.18604,59.5673,14.0599,-0.246638],[0.209052,0.424062,0.243494,-0.227496,0.238107,0.217647,-0.365484,20.5126,58.3422,-16.6029,0.279539,0.101791,0.0919286,0.0650982,0.0207008,-44.5497,-52.616,-14.3172,10.9152,0.0467538,14.0599,101.586,0.043907],[-0.0223151,-0.0261492,0.0403445,0.0332816,-0.0698602,-0.0964885,-0.0295482,0.0314257,-0.334615,0.0939916,0.00517706,0.0505378,0.0205438,0.0519561,0.0105586,-0.00184409,0.276132,-0.0102452,-0.107626,0.00527346,-0.246638,0.043907,0.052174]],"n":23,"lags":3}