{"betahat":[[-1.74851,-1.81127,0.327384,0.306364,-2.74037,-0.714275,-0.225907,0.0835304,-0.111832,-0.0503009,0.000321752,3.56057,-0.0109249,-0.0946304,3.24457,0.680327,2.12527,-0.09191],[0.887304,-0.174789,0.0126027,-0.0835336,0.352872,0.314962,-0.0718926,-0.0315079,-0.00806643,0.0223444,-1.93287e-05,0.343171,0.00611122,0.0132909,-0.494677,-0.137323,0.00611384,-0.0061717],[-0.0559158,0.782829,-0.228721,-0.0807496,0.270002,-0.0478705,-0.0538037,-0.00932228,0.00221031,-0.0280901,3.29278e-05,-0.208262,0.00148873,-0.0111922,0.025809,-0.0854484,-0.154885,-0.00093439],[0.0541858,0.0608621,1.00158,0.0243705,-0.0688826,-0.0383398,-0.0978912,-0.0209227,-0.00952309,-0.0108776,-1.96074e-05,-0.00800739,0.00786595,0.00264555,0.377569,0.110348,-0.14289,-0.00953005],[0.381497,0.439105,-0.384983,1.01455,0.47831,0.189352,0.0341945,0.0687059,-0.0219192,-0.188652,-0.000427799,0.329244,-0.0441103,-0.0716199,-0.716725,0.0969927,-0.262102,-0.0144106],[-0.0474533,-0.0469819,0.0203855,-0.0253271,0.914055,0.109556,0.0766218,-0.0178607,0.0051251,0.0338696,1.62138e-05,0.21068,0.00284128,0.0150631,-0.0596456,-0.0458743,0.163777,0.00796227],[0.0693612,0.0643606,-0.0463237,0.0209392,0.00301736,0.710296,0.082546,0.0100511,0.0091747,-0.0651895,-2.53202e-05,-0.317302,0.0105999,0.00849157,-0.132847,0.0049247,0.0324323,0.00844059],[-0.0537879,0.0373806,0.0783843,-0.0035446,-0.0582798,0.146574,0.607924,-0.0248094,0.0423586,-0.0200209,-2.40999e-05,-1.72062,-0.0227792,-0.0464232,0.246075,-0.151282,-0.953822,0.0114568],[-0.00048264,-0.0455483,-1.1338,-0.0136221,0.0240064,-0.329174,0.282415,1.23145,0.0155385,-0.0459885,-0.000179795,1.77804,-0.0886492,-0.0834999,0.510214,0.0844519,0.89892,0.00325415],[0.129705,-0.137563,0.982332,-0.36697,-0.0672809,-0.911868,-0.151555,0.0163142,1.23062,0.439863,0.00034115,0.434993,-0.0211914,-0.0257285,0.930656,0.0200356,-1.30548,0.212128],[0.0156757,-0.179029,-0.763588,-0.0625509,0.013912,-0.947634,0.0720577,0.0383948,-0.0083178,1.25922,-6.81319e-06,-1.79096,-0.118914,-0.0669769,-1.34419,-0.158286,0.0294809,-0.0103193],[62.2602,124.429,-226.905,21.6628,214.266,174.3,-79.6578,-29.265,5.54074,32.3749,0.822395,1517.26,25.5835,8.0818,207.332,151.299,78.2237,2.06073],[0.00554846,0.00122922,-0.00477588,-0.0129184,0.0238053,-0.00707151,0.00429531,0.00263261,-0.00305503,0.00356905,3.06723e-06,1.11331,0.00265093,0.000345282,0.0210509,0.00216771,-0.00203031,-0.00191486],[-0.109434,-0.0138814,0.699111,0.359247,0.0489069,1.15093,-0.325631,-0.152693,0.157702,-0.0547688,-0.000287785,-0.814728,0.897007,-0.108099,0.919123,0.0670402,-0.102968,0.122842],[-0.146836,-0.293322,-0.610984,0.0175271,-0.929609,-1.15939,0.2313,0.0191289,-0.0468234,-0.0826251,5.86495e-05,-7.43249,0.0742995,1.17662,-2.2024,0.11601,0.223575,0.00701416],[0.00167892,0.00557064,-0.125156,0.0151561,-0.0862646,-0.081597,0.0236811,-0.00921321,0.00424166,-0.00592533,1.21521e-05,-0.227545,0.00600752,0.00328193,0.915821,0.00434549,0.0934951,0.00143605],[0.233194,0.243322,0.106232,0.0542225,0.428207,0.35291,0.159627,-0.0800645,0.0044158,0.13443,-0.000146994,1.68716,0.0101494,-0.00412782,0.0743015,0.554557,0.229782,0.0149725],[0.0734896,0.0565244,-0.0116623,-0.00903859,0.0998897,-0.0354625,0.05868,0.0102104,0.00596528,0.00667301,1.72459e-05,-0.112197,0.015591,0.0364766,-0.363645,0.0283291,0.253251,0.0144899],[0.307608,0.239115,1.47892,0.199636,0.515701,1.0266,0.689734,-0.081356,0.229313,0.0177358,-0.000222893,5.79222,0.145235,-0.0150855,1.19906,0.0766511,1.72346,1.21821],[0.0600714,0.131441,0.00434369,0.0362596,-0.281091,-0.201736,0.0948921,0.0295024,0.00345359,0.0045687,-1.95487e-05,0.437655,0.00540691,-0.00602373,0.365823,0.0812868,0.193619,0.00304739],[0.046674,0.13863,0.215843,0.0283985,-0.111753,0.0657071,0.0778752,0.0306154,-0.00226334,0.0230961,-2.07786e-05,-0.225473,-0.00695311,0.00163886,-0.0130869,0.0766861,0.251048,-0.00126227],[-0.0131297,-0.0358163,0.00407868,-0.0083724,0.107309,0.046042,0.0850745,0.00812288,0.00704894,-0.0112247,1.46075e-05,-0.0397478,0.000213613,0.00703942,-0.228171,-0.073253,0.10785,0.00640556],[-0.138617,-0.0949765,0.631257,0.033956,-0.3818,-0.00908868,-0.165064,-0.0927888,0.0157655,-0.00985576,0.000187672,-0.488166,-0.0100839,0.0110583,0.510356,-0.0959213,0.355361,0.00809326],[0.00228564,0.0314217,-0.0875348,0.0317168,-0.0521892,-0.117225,-0.0332937,0.0187915,-0.00251058,-0.00732403,-4.83177e-05,0.0551709,0.0172241,0.00352686,-0.0692667,-0.0293053,-0.0694168,-0.00344841],[-0.00441382,0.00191086,0.0806012,0.00621535,0.0436156,0.259956,-0.0209069,-0.00276514,-0.00275069,0.0556443,-7.71636e-06,0.706247,-0.0059593,-0.00731559,0.246347,0.0123512,0.0767297,-0.00291834],[0.101568,0.0537681,-0.0124172,0.00708568,0.103996,-0.190461,0.13791,0.0236934,-0.0158295,0.0308474,8.18502e-05,0.0323434,0.043651,0.0631714,-0.437572,0.0872487,0.410647,0.00610242],[-0.0686728,-0.0901029,0.273917,-0.0520468,0.131278,0.111682,0.0344012,-0.103517,0.0221847,0.16899,8.14145e-05,1.32404,0.163653,0.150226,0.182031,-0.0151203,-0.213933,0.0193823],[-0.498206,-0.359854,-1.98927,0.17509,-0.363915,0.0131943,0.0902946,0.0869886,-0.234005,-0.303849,-7.46365e-05,0.396668,0.0410144,0.0789355,-1.54906,-0.0863688,1.2723,-0.171476],[-0.0409212,0.0505201,0.0834023,0.000552135,-0.11198,0.363822,0.00794075,0.0416375,-0.00122849,-0.321828,-0.000193345,2.02665,0.074424,0.0114721,1.367,0.128826,0.0278939,0.00955656],[-52.9548,-98.267,170.871,-8.01245,44.7944,-87.0014,261.829,-8.75903,1.47321,68.0791,-0.08378,-224.716,-26.976,-13.2157,-75.2489,-91.7947,198.204,1.66478],[7.60713e-05,0.00236608,0.00169292,0.00871486,-0.0142089,0.00794183,-0.00911194,6.04373e-05,0.00193463,-0.00275395,-3.6544e-06,-0.0165348,8.21776e-05,1.14058e-05,0.0113148,0.00876656,-0.010751,0.00142576],[0.0371744,0.21842,-0.417203,-0.434307,-0.513632,-0.879605,0.481192,0.11252,-0.0328515,0.0610954,0.000250891,-2.88698,-0.0251522,0.0159128,-1.63057,-0.139006,-0.4634,-0.0294101],[-0.173261,0.0946539,-0.534642,-0.0114409,-0.341313,-0.0935772,-0.0310902,-0.0636446,0.0912327,-0.0314892,5.23963e-05,4.40564,-0.117284,-0.171517,1.55259,-0.378429,-0.0382443,0.0325385],[-0.0028183,-0.00714439,0.102716,-0.0186844,0.0909845,0.0701095,-0.0421314,0.0076778,-0.00490129,0.0158964,-9.91833e-06,0.216424,-0.0104002,-0.00299628,-0.00983778,0.00835399,-0.117012,-0.00120777],[0.028007,0.0540467,0.226137,0.00653767,-0.0201073,0.247932,-0.0479464,0.00649574,-0.0112613,-0.0126168,0.00020581,-0.0232719,-0.00203789,0.00860634,0.451397,0.24099,0.121561,-0.0120196],[0.0519952,0.0547979,0.0908733,0.0304228,0.108445,0.11801,0.125523,0.0180747,0.0112355,-0.00793382,3.4779e-05,0.124583,0.0230598,0.023243,-0.0712973,-0.00411338,0.505649,0.00896414],[0.00555083,0.187852,-1.16664,0.20864,0.0932966,-0.173591,-0.254765,-0.051125,-0.175823,-0.195436,-3.2128e-05,-3.47701,-0.0915315,0.0428956,-1.02495,0.0779345,-0.843527,-0.171479],[0.0526112,0.0433341,-0.0169281,0.0472782,-0.0718265,-0.113247,-0.0229914,0.0020063,0.00461441,-0.0269078,3.88832e-05,-0.780556,-0.0115172,-0.007267,0.128909,0.0560311,-0.19969,0.00312576],[0.00922887,0.0785244,0.0128954,0.0523535,-0.158291,-0.0178615,-0.0240616,-0.0212917,5.53365e-05,0.00500267,-1.21431e-05,0.434012,0.00546506,0.00955298,-0.0126615,0.00875813,-0.0961185,0.00219868],[-0.0410852,-0.0250772,-0.0056804,-0.0159967,-0.0385171,-0.00778056,0.0128423,0.0128124,0.00247958,0.022123,5.0196e-06,0.0484069,-0.00807949,-0.00968646,-0.149259,-0.0371099,0.0351534,0.00312882],[-0.242884,-0.344132,-0.246252,-0.0485092,-0.0965328,-0.180266,0.130882,0.0240853,0.00615656,0.198522,0.000240134,0.159249,0.0541961,0.0605621,0.206442,-0.00106636,-0.0932105,0.0063204],[0.0451372,0.0155257,0.0672399,-0.00635388,0.137984,0.00762247,-0.0433036,-0.000941523,-0.00261616,-0.0265664,3.21004e-05,-0.265418,-0.0200597,-0.0185863,0.128982,0.075161,-0.0942432,-0.00451497],[-0.0649675,-0.0662987,-0.0342145,-0.0271322,-0.0467426,0.0296893,-0.0616088,-0.00728901,-0.00642162,0.00954389,3.30362e-05,-0.388426,-0.00463664,-0.00117466,-0.113407,-0.017289,-0.109045,-0.00552022],[-0.0478078,-0.0911954,-0.0657728,-0.00349964,-0.0458503,0.043838,0.254183,0.00109845,-0.026525,-0.0108469,-5.77306e-05,1.68898,-0.020858,-0.0167433,0.191732,0.0640113,0.543283,-0.0175564],[0.100839,0.173948,0.85592,0.03853,-0.0415894,0.301831,-0.344999,-0.138867,-0.0374279,-0.110261,0.000107228,-3.46944,-0.0721563,-0.0635279,-0.734281,-0.0393024,-0.801405,-0.0218297],[-0.0661779,0.102318,0.110764,-0.0506479,-0.0356583,0.533204,-0.0516553,0.0487493,-0.074928,0.0342639,-2.34996e-06,-0.233895,0.0121995,-0.00891506,1.18014,0.116721,0.0650691,-0.0702665],[0.11216,0.147988,0.362232,-0.0171432,0.403143,0.496297,-0.0715108,-0.0645073,-0.0057358,-0.0690678,0.000105676,0.0216179,0.0310332,0.0341253,-0.0430033,-0.0190138,-0.1144,-0.00869446],[-9.30545,-26.1617,56.033,-13.6503,-259.061,-87.299,-182.171,38.024,-7.01395,-100.454,0.261385,-1292.54,1.39256,5.13385,-132.083,-59.5041,-276.427,-3.72551],[-0.00584826,-0.00373618,0.00255301,0.00414154,-0.00980275,-0.00100681,0.00485385,-0.00256642,0.00111964,-0.000986745,1.04178e-06,-0.104497,-0.00283274,-0.000331865,-0.0334636,-0.0110171,0.0127867,0.000494851],[0.140862,-0.0792803,-0.203402,0.0512688,0.484123,-0.282731,-0.183919,0.0406015,-0.099563,0.0284202,3.19087e-05,2.70747,0.072833,0.0599469,0.55593,0.0421848,0.319065,-0.0799974],[0.350362,0.249421,1.13598,-0.0150183,1.30018,1.26607,-0.231107,0.045719,-0.0325746,0.144575,-0.000120693,2.86225,0.0326341,-0.0202508,0.703788,0.269277,-0.318046,-0.0326795],[0.00104775,0.00141039,0.0230521,0.00374148,-0.00533742,0.0111917,0.0186947,0.00147366,0.000643379,-0.0100901,-2.1752e-06,0.0120747,0.00442465,-0.000225847,0.0937618,-0.0128167,0.0244389,-0.000229681],[0.0274937,-0.0387772,-0.520781,-0.0479584,0.230482,-0.284525,0.174669,0.044142,0.000716092,0.0208906,-0.000132498,0.484525,0.00785685,0.0172531,-0.594184,-0.0231133,0.131896,-0.0024241],[-0.00327589,-0.00243574,-0.0243431,-0.0103297,0.0322034,0.0253976,-0.0946208,0.00953123,0.00233567,0.00225065,2.84671e-05,-0.273927,0.00500664,-0.0048386,0.207647,-0.00302644,-0.182282,0.00228664],[0.122733,0.0382575,0.802094,-0.146649,-0.257132,-0.354535,-0.215859,-0.00415695,-0.0581012,0.0879456,2.44448e-05,-2.75579,-0.0392309,-0.0326517,-0.0727093,-0.165858,-0.842273,-0.0700308]],"sigmahat":[[1.04095,1.00944,0.256189,0.0665866,1.47495,0.542755,0.105511,-0.0503637,0.014718,0.055619,-0.000288131,-0.0420096,0.0291179,0.0300331,-0.549832,-0.00817493,-0.603444,0.0155655],[1.00944,1.26494,0.46324,0.108646,1.29054,0.842657,0.0179013,-0.0797722,0.0106651,0.0721411,-0.000317246,0.0823239,0.0372043,0.0462389,-0.685285,0.0174253,-0.676702,0.0137105],[0.256189,0.46324,2.64686,0.11825,0.0784349,1.37863,0.0755608,-0.118065,0.00662545,0.0013571,2.06608e-05,0.189671,0.000742977,-0.00256386,1.12872,0.454697,0.142451,0.0178127],[0.0665866,0.108646,0.11825,0.150569,-0.157315,0.055522,0.00905545,-0.0212694,0.00220177,-0.0190101,-1.46301e-05,0.102702,0.00728966,0.00543423,0.069781,-0.02441,0.0947113,0.00335704],[1.47495,1.29054,0.0784349,-0.157315,3.70947,1.14741,0.125179,-0.00697281,0.0177667,0.186064,-0.000363297,-0.240888,0.027319,0.0280777,-0.962457,-0.032995,-1.07107,0.00371984],[0.542755,0.842657,1.37863,0.055522,1.14741,2.11042,0.0176965,-0.0970913,-0.0142513,0.119733,-9.86709e-05,0.959211,0.0539686,0.0509423,0.252556,0.27481,-0.165174,-0.00619829],[0.105511,0.0179013,0.0755608,0.00905545,0.125179,0.0176965,0.578075,0.00422159,0.00337655,0.0253663,-0.000118609,2.2736,0.0458339,0.037534,0.0551471,0.0603936,0.949794,0.0113249],[-0.0503637,-0.0797722,-0.118065,-0.0212694,-0.00697281,-0.0970913,0.00422159,0.053061,1.5965e-05,-0.00198276,2.60255e-05,-0.637708,-0.00880266,-0.00322205,-0.105442,-0.00253174,0.0117057,-0.000170968],[0.014718,0.0106651,0.00662545,0.00220177,0.0177667,-0.0142513,0.00337655,1.5965e-05,0.0111896,0.00521041,-1.47534e-06,-0.0062754,0.00191267,1.05333e-05,0.00623692,-0.00816367,-0.0155253,0.00747347],[0.055619,0.0721411,0.0013571,-0.0190101,0.186064,0.119733,0.0253663,-0.00198276,0.00521041,0.191285,-2.67062e-06,0.926784,0.0301208,0.0278464,-0.0972738,-0.00986546,0.0102691,0.00473026],[-0.000288131,-0.000317246,2.06608e-05,-1.46301e-05,-0.000363297,-9.86709e-05,-0.000118609,2.60255e-05,-1.47534e-06,-2.67062e-06,4.71986e-07,-0.000639386,-2.13612e-05,-1.19301e-05,0.000457763,7.32577e-06,-4.14457e-05,-4.57154e-06],[-0.0420096,0.0823239,0.189671,0.102702,-0.240888,0.959211,2.2736,-0.637708,-0.0062754,0.926784,-0.000639386,78.1702,0.881417,0.223658,13.3176,-0.0951015,8.54696,0.0556129],[0.0291179,0.0372043,0.000742977,0.00728966,0.027319,0.0539686,0.0458339,-0.00880266,0.00191267,0.0301208,-2.13612e-05,0.881417,0.0486987,0.0333,0.0673308,0.00526915,0.091576,0.00502812],[0.0300331,0.0462389,-0.00256386,0.00543423,0.0280777,0.0509423,0.037534,-0.00322205,1.05333e-05,0.0278464,-1.19301e-05,0.223658,0.0333,0.0396523,-0.203338,-0.00104177,0.0273453,0.00399985],[-0.549832,-0.685285,1.12872,0.069781,-0.962457,0.252556,0.0551471,-0.105442,0.00623692,-0.0972738,0.000457763,13.3176,0.0673308,-0.203338,9.23647,0.49421,1.60548,-0.0217387],[-0.00817493,0.0174253,0.454697,-0.02441,-0.032995,0.27481,0.0603936,-0.00253174,-0.00816367,-0.00986546,7.32577e-06,-0.0951015,0.00526915,-0.00104177,0.49421,0.400252,0.161045,-0.00164061],[-0.603444,-0.676702,0.142451,0.0947113,-1.07107,-0.165174,0.949794,0.0117057,-0.0155253,0.0102691,-4.14457e-05,8.54696,0.091576,0.0273453,1.60548,0.161045,3.76446,0.00608377],[0.0155655,0.0137105,0.0178127,0.00335704,0.00371984,-0.00619829,0.0113249,-0.000170968,0.00747347,0.00473026,-4.57154e-06,0.0556129,0.00502812,0.00399985,-0.0217387,-0.00164061,0.00608377,0.00852182]],"n":18,"lags":3}