{"betahat":[[0.106974,0.129774,-0.0050171,0.0823398,0.152145,0.0984904,0.0279518,-0.0654115,0.917965,0.141769,-0.00131939,-0.000865064,-0.0417481,0.00425624,-0.000847711,0.495006,0.683967,0.0259634,-0.00982497,-0.0184548,-0.480557,-0.0106365,-0.00167731],[0.0589014,0.0224826,0.0394453,-0.00276885,0.269422,0.173176,-0.00439431,0.00491738,0.0472328,-0.00948281,0.00621312,0.000116343,-0.00889666,7.14594e-05,-0.00298432,-0.0208657,-0.0241293,0.0077102,0.0391062,-0.00390247,-0.223967,-0.0161988,-0.00270091],[0.0588541,0.0177009,0.0146909,-0.00254217,0.217927,0.104404,-0.0124304,0.00255557,0.0257649,-0.0252433,-0.0080806,-0.000376686,-0.0107635,0.000165117,-0.00399023,-0.00541211,-0.045346,-0.00204656,0.0256842,-0.00268996,-0.237578,-0.0129783,-0.000977571],[0.0180875,0.0179588,0.0501123,-0.00822094,-0.0410061,-0.0377614,-0.0308132,-0.0313585,-0.0444814,-0.0177383,-5.41876e-05,0.00311469,0.00894051,0.00469169,0.00749593,0.0383518,-0.00198836,0.00290943,-0.0043047,0.00614969,-0.30981,0.0186627,0.000110782],[0.0710608,0.110565,-0.429641,0.0536139,-0.0193009,-0.28075,-0.122881,-0.0132741,1.1766,0.193389,-0.0232537,0.00896343,-0.0685299,-0.00667414,-0.0414091,-0.0213811,-0.210651,0.0505765,0.0717229,-0.011965,0.447851,-0.430413,-0.00706451],[0.00630207,-0.0149947,0.0084625,-0.00189809,0.100411,0.0604047,0.0274082,0.0111416,0.00175891,-0.000148589,0.00732695,-0.000459804,-0.00454528,-0.000165417,-6.49932e-05,-0.029998,0.00153316,-0.00235345,0.0246244,-0.00291473,-0.0729296,-0.0152373,-0.00309853],[0.0270097,0.0226442,0.0180176,-0.00719294,0.0692837,0.0240736,0.0274719,-0.0047256,0.0425347,-0.0216377,-0.0120697,-0.00441273,0.010099,-0.00212676,0.00567122,-0.00855382,0.00964564,-0.0129064,-0.0117336,-0.00466157,-0.059072,-0.0184683,-0.0083913],[-0.0206536,-0.0118476,-0.00360141,0.00150702,-0.0658215,-0.0787248,-0.0531982,0.0291738,-0.182031,0.00151009,0.00898508,0.0119742,0.00321609,0.0178187,0.00343283,-0.05621,-0.126622,0.0117544,0.0347524,0.0164041,-2.59462,-0.0498693,0.0123067],[-0.0307562,-0.0718695,-0.214452,-0.0119213,0.0614895,-0.124333,0.0489242,0.591618,-1.17921,-0.118845,0.0440307,-0.0082127,-0.0161226,-0.00627942,-0.0144896,-0.293582,0.127737,0.0896309,0.126138,-0.00694568,0.381815,0.767355,0.00994033],[0.00621841,0.00946323,-0.00600086,0.00652011,0.00699486,0.00949835,-0.00156377,-0.00513681,0.303884,0.0312719,-0.00589755,-0.00368155,-0.00387273,-0.00418859,-0.00122133,-0.000328789,0.0269795,-0.00475368,0.0439565,-0.00221973,0.080853,0.0302349,-0.004745],[-0.0167555,-0.0235327,0.0215584,0.00750247,-0.0307154,-0.0150016,-0.0212509,-0.0183874,0.238678,0.113771,-0.00315867,-0.000474545,-0.0123796,-0.00204582,-0.000214934,-0.015424,-0.00906622,0.0190793,0.0588238,-0.000600673,-0.244916,-0.00563345,-0.000847662],[0.0100861,-0.00219688,-0.0634135,-0.000481347,0.00138647,-0.128607,0.0148341,0.0534062,-0.183888,-0.0571822,0.0998003,-0.00243562,0.00400505,-0.000585216,-0.012418,-0.00321886,0.0098157,0.0127995,-0.0208135,0.00491192,-0.064984,0.112927,0.0106954],[-0.115143,-0.130665,0.243535,0.0150427,-0.31071,-0.175289,-0.0796377,0.00766113,-1.04384,0.0406772,0.0571628,0.111746,-0.0476487,0.0895829,-0.0276899,-0.123145,-0.0537767,-0.020665,0.018796,0.0211507,-0.961498,-0.171907,0.0887068],[0.138503,0.131525,-0.0748427,-0.00256834,0.209733,0.0276829,0.0332179,0.0175702,-0.270464,-0.0706511,0.047699,0.00701054,0.0573783,0.0193709,0.0064966,-0.00249715,0.0355506,-0.00641267,-0.112115,0.00872781,0.359034,-0.00554155,0.0190264],[0.0456938,-5.6723e-05,0.26059,-0.00260649,-0.0200682,-0.169561,-0.0312371,0.0104533,-1.29544,0.0795938,0.119308,0.118373,-0.016463,0.11625,-0.00869205,-0.0567818,-0.0714973,0.0120299,0.0693639,0.0260623,-0.68225,-0.103497,0.119257],[0.0381113,0.0345766,-0.0032196,0.0166432,-0.0301888,-0.0645525,0.0233615,-0.0547567,-0.181611,0.12905,-0.000425435,0.0290398,0.0553872,0.0394712,0.0368572,-0.0253324,0.0337512,0.00636963,0.0234977,0.0039016,0.726615,0.00239938,0.0352087],[0.0343414,-0.03277,0.0229274,-0.0174036,0.179926,0.00760274,0.0352602,-0.163683,-0.00911508,-0.00973383,0.0560698,-0.0150119,-0.0182053,-0.00617593,-0.00709326,0.476269,0.206653,0.110902,-0.215871,0.000292987,0.0330884,0.0776518,0.00213406],[-0.0182655,-0.00965579,0.00222564,-0.0293896,-0.0356759,0.0167149,-0.0175003,0.0425807,0.634575,0.0518487,-0.0127062,0.0119247,0.0279171,0.0116364,0.013492,0.080901,0.589748,-0.016085,-0.0735769,0.00813778,-0.215246,0.211405,0.0098795],[-0.0239892,0.0120813,-0.190953,0.0248149,-0.093459,-0.104718,-0.0409978,-0.0164979,-0.686552,0.0149676,0.00777682,-0.0339812,-0.0134526,-0.036741,-0.028701,0.124408,0.0629746,0.494675,0.175739,0.00277679,-1.01695,-0.392509,-0.025647],[-0.0784274,-0.0675216,0.11194,0.0199315,-0.167847,-0.0485148,-0.020139,0.0295417,0.421766,0.0139349,0.0140185,0.00313104,-0.0432637,0.00340495,-0.00722678,-0.0617116,0.0102078,0.020219,0.383873,-0.00236525,0.0703563,0.290748,0.00471865],[0.137726,0.0814444,-0.050224,0.00403835,0.273034,0.12977,-0.0290165,0.0181749,-0.247397,-0.0583009,0.0624609,-0.00234777,0.0381299,-0.000462568,0.00491611,0.0157713,0.0471102,0.0117307,-0.102633,0.00630857,-1.09735,0.0745478,0.00864679],[-0.000113407,9.76023e-05,-0.0046925,-0.00249316,-0.000448719,0.000592854,0.00849363,0.000422379,-0.00532288,-0.000629465,0.00195674,-0.000725731,0.000426265,-0.000615687,-0.000702895,0.0018163,0.00412272,-0.000635801,-0.00250822,0.0004286,-0.0316076,0.0069278,-0.000346994],[0.0121594,0.00671312,-0.0244806,-0.00774379,0.024468,-0.0124354,0.00844232,0.0370002,0.0142253,-0.00235639,0.0143965,-0.00239874,0.00972026,-0.0006399,0.00212642,-0.00287084,0.0434305,-0.000873274,-0.000762712,0.0028006,0.134646,0.146956,0.00264684],[0.0204153,-0.030003,0.156474,-0.0166652,0.0260087,-0.120042,0.0113308,0.0519905,-0.917724,-0.0392498,0.107116,0.0689905,0.00506184,0.0673075,-0.0188641,-0.0353603,0.0281708,0.0101554,-0.0529428,0.0159435,-0.502978,0.0842883,0.0724821],[-0.00660432,-0.00640648,-0.000562401,-0.00299422,0.00498199,0.00808391,0.0133788,0.010971,-0.00813309,0.000737959,0.000570202,0.000784433,0.00072932,0.00109899,0.00246374,-0.0138373,0.00406231,-0.00382734,0.0176622,-0.00138367,0.0708229,0.00852466,0.000123061],[0.00163829,0.000819623,0.00794502,-0.00537273,0.0124587,0.0110478,0.0122384,0.00752749,-0.0216001,-0.00334665,0.000262523,-0.000211613,-0.000595687,0.000903641,0.000604321,-0.0097794,0.00576188,-0.00323238,0.0188179,-0.00058848,0.207019,5.04217e-05,0.000377134],[0.0112611,0.00880901,-0.00892846,0.00194076,0.0210136,0.0102025,0.00746456,-0.00351914,-0.0352463,-0.00799556,-0.000436047,0.000320461,0.00462565,0.00154491,0.0023961,0.00390912,0.00281627,0.00270207,-0.000977899,0.00122968,0.155859,0.0132124,0.000814717],[0.0193902,0.0409477,0.0967922,0.00157927,-0.000792771,0.0346448,-0.048151,-0.0317145,0.391988,0.0356714,-0.020215,-0.0017491,-0.0283629,-0.00252758,-0.0180021,0.0296334,-0.0132576,0.0177071,0.101002,-0.00389401,-0.711015,-0.0480932,-0.00856238],[-0.00903735,-0.00824544,-0.00940803,0.00186669,-0.0144088,-0.00775029,0.00785851,0.00645499,-0.0132594,0.00222409,0.00183946,0.000122671,0.000901295,0.000268526,0.0023845,-0.0105473,-0.00122774,-0.000631983,0.00936334,-0.000898751,-0.0194857,-0.00248279,-0.0007266],[0.00303302,0.00350024,0.00344637,0.00251567,6.54756e-05,0.0056483,0.0139937,-0.0001274,-0.0136805,-0.00394066,0.000914382,-0.00085986,0.00376103,0.00095078,0.00299547,-0.000547928,0.00429059,2.72682e-05,0.00937535,-8.28065e-05,0.11903,-0.000676056,-0.000489952],[-0.00828273,-0.00313462,0.00381749,0.006693,-0.0360488,-0.041676,-0.0159241,0.0122472,-0.00693972,-0.00800511,-0.00684932,0.00818859,0.00357419,0.00781023,0.00281774,-0.016362,-0.0166181,-0.0101333,0.00798247,-0.0035681,-0.560704,-0.0159084,0.00777129],[0.00664212,0.00144566,0.047421,-0.00657587,0.0168668,0.0164834,0.00397381,0.0868949,-0.377286,0.0428885,-0.00869743,-0.000891858,-0.00501126,0.00105093,0.00796453,-0.040738,0.0199395,0.0398585,0.02013,0.000232687,-0.120683,0.0746978,0.000160113],[0.00350634,0.00386118,-0.00133111,0.000619492,0.00497745,0.00336449,-0.000646489,-0.000268647,0.0688533,0.00574777,-0.000346404,-0.000628109,-0.000733033,-0.000755583,-0.000239322,0.000204789,0.00920473,-0.00231028,0.00963451,-0.000265315,0.0260052,0.0129344,-0.000647287],[-0.00393404,-0.00181217,0.00841359,0.00100267,-0.00655825,0.00369689,-0.00702716,-0.00450458,0.0580555,0.0135637,3.08845e-05,-0.000726802,-0.00159963,-0.00125504,-0.0015004,-0.00390903,0.000102525,0.0042838,0.00642435,-0.000403805,-0.0453117,-0.00465261,-0.00102015],[-0.00623111,-0.00803592,-0.0193382,-0.00182835,-0.0189697,-0.0263317,-0.00304054,0.0171542,-0.0209819,-0.0130483,0.0077965,-0.00182336,-0.00259319,-0.00205939,-0.00218507,0.000322481,0.00185495,0.00018824,-0.00706839,0.000912807,0.0103451,0.039299,0.00102336],[-0.0084039,-0.00846248,-0.0112884,0.00790687,-0.0240492,-0.00196823,-0.0175736,-0.00372938,-0.107787,0.0176065,0.0117918,0.00961723,-0.0109931,0.00444099,-0.0104178,-0.0114703,-0.0289165,0.00456473,-0.0223771,0.00437157,0.194794,-0.0523017,0.00266093],[0.0339191,0.0305781,-0.0407773,-0.00211969,0.0603529,0.0047323,0.0142949,0.0090661,-0.0764199,-0.00313661,0.00575109,0.00552635,0.00379935,0.00602964,0.000131917,-0.0123661,0.0106591,-0.0126272,-0.0228462,0.00181297,0.146751,-0.0350282,0.00663694],[-0.00856955,-0.0251075,-0.0222451,-0.00186505,-0.0055817,-0.051007,-0.0170011,0.0150686,-0.219574,0.0149349,0.0316232,0.011291,-0.018354,0.0056492,-0.0121689,-0.02531,-0.0245965,0.00494253,0.0109878,0.00645354,-0.0180952,-0.0295229,0.00888497],[0.00523413,0.00756382,0.00265067,-0.00350152,-0.0217383,-0.0297251,-0.000306983,-0.0035162,-0.0866026,0.0281993,0.00999677,0.00815158,0.0105765,0.0106383,0.000248802,-0.0123086,0.00698409,0.00508642,-0.00625915,0.00174528,-0.243556,-0.00896602,0.0109453],[-0.0324511,-0.0333893,-0.0249207,-0.00488993,-0.0563345,-0.0746514,0.0180813,-0.00822306,-0.0101004,0.0169429,0.0228374,0.00114434,-0.00596646,0.00322718,-0.00280723,0.0823594,0.0501924,0.0214628,-0.0263669,-0.000601868,0.0877295,0.0314977,0.00699886],[-0.0135967,-0.00587736,0.0248395,0.00749544,-0.0344281,0.00475782,0.00410483,0.00706014,0.177006,0.0334301,-0.0117766,0.00540997,-7.4719e-05,0.00489206,0.00191548,0.0142863,0.134512,-0.00221343,0.00448353,-0.00279954,-0.0436022,-0.00143914,0.00235513],[0.062133,0.0705508,-0.0280249,0.00511984,0.116025,0.0396369,-0.00748829,-0.00822659,-0.275334,-0.0874414,-0.0307838,-0.00732713,-0.00167551,-0.0108019,-0.00693598,0.0433068,0.0274049,0.104103,-0.00133838,-0.00174443,-0.144149,-0.22368,-0.0107449],[-0.013634,-0.017835,0.028504,-0.000719108,-0.0131822,-0.00334357,-0.0110122,0.00750836,0.0604475,-0.0310486,0.00899845,-0.00153666,-0.00151283,-0.000330718,-0.00136586,0.000425221,0.014519,0.0124263,0.0680834,0.00139507,-0.0136169,0.0910341,0.000963274],[0.00288433,-0.00792534,-0.0436089,0.00353184,0.0382356,0.0337511,-0.0144691,0.0110149,-0.0163846,-0.0252422,0.0103704,-0.00315087,0.0100616,-0.0044323,0.000143421,-0.00639149,-0.00354559,-0.00317171,-0.0681175,-0.00195037,0.189884,-0.00205106,-0.00261288],[-0.000184282,0.000385418,0.00471822,-0.000584923,-0.00100439,0.000653933,-0.000415465,0.000410789,0.00130317,-7.83152e-05,0.000498724,-0.000273112,0.000448671,-0.00014195,-3.46091e-05,-0.000231976,-0.000235916,0.00022722,0.000245086,0.000203055,-0.0534731,0.0020721,-5.48233e-05],[0.0048666,0.00442824,-0.0005234,-0.00158679,0.0103115,0.00321955,0.00080313,0.00685529,-0.00118193,0.00188892,0.00369336,-0.000501356,0.00275361,0.000178348,0.000649726,-0.00173027,0.00984486,0.00260321,-0.00121758,0.000894082,0.0386745,0.0292164,0.00088571],[0.00446472,0.00296756,0.0154171,0.00381016,-0.00336314,-0.0165313,0.00310446,0.00932795,-0.130555,-0.00151959,0.0174852,0.00864399,-0.0104241,0.00445536,-0.00910061,-0.00320293,0.0089653,0.00503863,-0.0209992,0.00371587,0.137274,-0.00382932,0.0051351],[-0.00534117,-0.00412969,-0.0152965,0.00312393,-0.0088287,-0.0107803,0.00787691,0.00394362,-0.0078577,-0.000558339,-0.000341026,1.40703e-05,0.000383288,0.000629164,0.00102255,-0.00462466,-0.000889594,-0.000705619,0.0107315,-0.000223793,0.0516593,-0.000734182,0.000216773],[-0.00904017,-0.00547516,-0.00619917,0.00343197,-0.0186862,-0.012659,0.00383859,-0.000103461,-0.00747847,-1.46297e-05,1.06851e-05,0.0001232,-0.000951353,0.000610073,0.000371638,-0.00334731,-0.00519812,5.49347e-05,0.0110562,-0.000178021,-0.0306074,-0.00456057,-0.000420089],[0.00215745,0.00436826,-0.00796066,-0.000832661,3.06744e-05,0.00557551,-0.000348042,8.89291e-05,-0.0153569,-0.0051254,0.000929014,6.58126e-05,0.00257098,0.00027592,0.000249402,0.000382701,-0.00123501,0.00201126,0.000900063,0.000676501,0.0166814,0.0106217,0.000672819],[0.00608828,0.00301498,0.0380053,-0.00606978,0.019128,0.0293659,-0.0136643,-0.00256903,0.073129,-0.0177585,0.0114964,-0.00465741,-0.00881753,-0.00507501,-0.00213381,0.0279295,-0.00720881,0.00807728,0.0665765,-0.000816441,0.158104,0.0391326,-0.00234266],[-0.00586228,-0.00552626,-0.00727576,0.00253929,-0.0105951,-0.0102237,0.00400923,0.0012939,-0.00269326,-0.000225339,0.000585391,0.000807693,-0.000590926,0.000939105,0.000312142,-0.0028836,-0.00214589,0.000230916,0.00764836,-0.000347134,-0.0162348,-0.00471344,0.000853647],[-0.0015104,0.000660707,-0.00806955,0.000512477,-0.00852808,-0.00642816,0.00315422,6.51584e-05,-0.0135888,-0.00235428,0.000310115,0.000795709,0.00152945,0.00175072,0.00105812,-0.00150139,-0.00666537,0.00112862,0.00815403,4.99324e-05,-0.0563255,-0.00413931,0.00165694],[-0.00397943,-0.0051948,-0.0263882,0.00219855,-0.00499906,-0.0110843,-0.00927947,0.000989417,0.0150053,0.00491387,-0.00266997,0.00297408,-0.00195055,0.002006,-6.42112e-05,-0.00211349,-0.010405,-0.0024441,0.00240079,-0.00016938,0.193603,-0.00397605,0.00274632],[-0.00110413,-0.00504423,0.0725282,-0.00534344,-0.0102354,0.0197519,-0.00899551,0.0147869,-0.232272,0.0185832,-0.00703022,-0.00303317,-0.00142288,-0.00100638,0.00473012,-0.00172199,0.00425302,0.0222232,-0.0117599,0.00107785,-0.0821657,-0.00567027,-0.00198888],[0.000568538,0.000496565,0.000436085,0.000111064,0.00206513,0.00146571,0.000577173,0.000821466,0.0279317,0.00131047,0.000719447,-0.000240944,-6.85855e-05,-0.000194951,-0.000122006,-0.000709681,0.00393852,-0.00107227,0.0055404,-0.000231042,0.00155635,0.00812995,-0.000128638],[-0.00179837,-0.00187707,0.00637781,-0.000197097,-0.000505702,0.00284459,0.000518802,-0.000574485,0.023686,0.000368606,0.000154831,-0.000832277,-0.000428136,-0.0010456,-0.000754971,-0.00207061,0.000411258,0.00108996,0.00431205,-9.49864e-05,0.00547769,0.00166075,-0.00109019],[-0.0086907,-0.0106274,-0.0297911,-0.00057156,-0.00865467,-0.0160267,0.00106173,0.00586499,-0.00781403,0.00216114,-0.00151424,-0.000311847,-0.00170143,-0.00103053,-0.000251808,0.00026884,0.00453109,-0.00229525,-0.00700961,0.000254041,0.0742442,0.0106498,-0.00073356],[-0.0177705,-0.0199067,-0.0457207,0.00348864,-0.0238567,-0.0301121,-0.00840315,-0.0012964,0.0333484,0.0197729,-0.00358023,-0.00307714,-0.0105987,-0.00580928,-0.00565319,-0.00695007,-0.010476,0.00388117,-0.00196897,0.000911374,0.114503,-0.0177739,-0.00689138],[-0.00108508,-0.00193,-0.010646,-0.000420232,0.0038479,-0.00615266,0.00594194,0.00153989,-0.0204259,-0.00274121,-0.0014244,0.00239481,-0.000995442,0.00179491,-0.000375025,-0.00964573,0.00152173,-0.0061929,-0.00489698,0.000538545,0.0334677,-0.0174752,0.00166175],[-0.0203233,-0.029647,-0.0441968,0.00248384,-0.0451024,-0.0409671,-0.00521084,0.00988997,0.0169952,0.0127669,-0.00226372,-0.000980663,-0.00808524,-0.00403172,-0.00501448,-0.0195479,0.000113782,-0.0068235,-0.000236023,0.00106827,0.0482381,-0.00247846,-0.0033012],[0.0097638,0.0176602,0.0243385,-0.0017291,0.00563899,0.0142173,-0.00324667,-0.00234997,0.000458837,0.00703883,0.00661797,0.00454214,0.00389803,0.0059286,0.00054522,-0.00506405,0.00822019,-0.0034691,0.000584989,0.00148714,-0.190288,-0.0111606,0.00637411],[-0.00692862,-0.0111003,-0.0284886,0.00623875,-0.0157203,-0.0591258,0.017497,0.00157925,0.00601624,0.0184342,0.0125297,0.000384616,-0.00380247,0.00129636,-0.0021269,0.0363979,0.00801398,0.0226953,-0.0091485,-0.000216358,-0.12636,-0.00744527,0.00313064],[-0.00637885,-0.00514323,-0.002119,0.00448922,-0.0194617,-0.0115188,-0.006396,0.00180739,0.0936959,0.0203771,-0.00508466,0.00187603,-0.00541861,0.00133881,-0.00123703,0.00474305,0.0390067,-0.0048727,0.00397558,-0.0005612,0.0935377,-0.00993339,-2.59567e-05],[-0.0250769,-0.0334597,0.0198633,-0.00151985,-0.00724695,0.0213362,0.0222314,-0.0211071,-0.186492,-0.0790619,-0.0291489,-0.00126406,-0.00288203,-0.00298937,-0.0040985,0.0213751,0.0437628,0.0310508,-0.0101859,-0.00169969,-0.122729,-0.130021,-0.00398783],[-0.00168146,-0.00585484,0.0100078,-0.00216221,-0.00546601,-0.00144898,-0.000207379,0.0055442,-0.0389745,-0.0315596,0.0106141,-0.000761624,0.00448756,0.000343957,-0.000605114,0.00333158,0.0140946,0.00495966,0.00658263,0.00052104,0.0493649,0.0484507,0.000877741],[-0.00873121,-0.0069858,-0.0190436,0.00143117,-0.00929915,-0.0183025,0.0165884,0.00686169,-0.0179066,-0.00907617,0.0118341,-0.00239885,0.00223506,-0.00273184,-0.003004,-0.0139093,0.0114086,-0.0037003,-0.0262019,-0.000133712,0.122764,-0.0158378,-0.00352063],[7.50921e-05,0.000277533,-0.000205167,-6.78004e-05,0.000856377,0.000392834,-0.000909665,0.000142918,0.000745747,-0.000666468,0.00023504,-4.35377e-05,0.000145545,-1.84424e-05,0.000140137,-8.67714e-05,-0.000300506,-0.000373582,-0.000286957,-3.66493e-06,0.00520853,0.000573373,-6.34876e-06],[0.00147191,0.000227855,-0.00405325,-0.00133464,0.00408387,-0.00122613,0.000374984,0.00284094,-0.00849379,-0.000992889,0.00224499,-0.000111619,0.0015213,-5.29226e-05,0.000244296,-0.00106997,0.00324344,0.000384097,-0.00328271,0.000205145,0.00856596,0.00845703,0.00038386],[0.00333211,-0.00355314,-0.0288552,-8.15407e-05,0.01444,-0.000828416,-0.00240213,0.00222234,-0.00988448,0.0104583,-0.00115678,-0.000509596,-0.00424998,-0.00287172,-0.00333262,-0.00775265,-0.00419987,-0.00144289,-0.0212085,0.00253068,0.0189258,-0.0167259,-0.00274773]],"sigmahat":[[1.28713,1.25149,0.161562,-0.0927742,2.06114,0.86206,0.0201666,-0.168735,-0.200891,-0.297892,0.0514491,-0.0154511,0.148894,0.00578333,0.00333601,0.562781,0.286795,-0.056688,-0.644298,0.0458397,1.26873,-0.272001,0.0210918],[1.25149,1.4381,0.208736,-0.0548212,1.63317,0.912838,-0.0731041,-0.22814,0.441526,-0.260807,0.0212081,-0.0194065,0.140507,-0.00259884,-0.0035554,0.57637,0.1431,-0.0497049,-0.417375,0.0414115,0.94028,-0.36723,0.00698004],[0.161562,0.208736,2.9742,0.0420297,0.388638,1.50556,-0.186517,-0.762091,2.69318,0.156205,-0.0369853,0.0266309,-0.145465,0.0412286,0.00215642,0.485388,-0.177087,-0.130064,0.987132,-0.0290606,-5.34416,-0.217629,-0.00608986],[-0.0927742,-0.0548212,0.0420297,0.166155,-0.356733,-0.0840167,-0.0645539,-0.174979,1.25904,0.126016,-0.0363194,-0.00698677,-0.053824,-0.0174921,-0.00282843,0.124356,-0.0306703,0.00737091,0.22967,-0.0253907,0.212272,-0.161619,-0.0243696],[2.06114,1.63317,0.388638,-0.356733,5.37605,2.55003,0.23908,-0.0798705,-1.7448,-0.858452,0.127082,-0.0860276,0.241251,-0.0396215,0.022303,0.882091,0.81964,-0.100448,-1.55835,0.0661196,2.51923,-0.302681,-0.0294189],[0.86206,0.912838,1.50556,-0.0840167,2.55003,2.94046,-0.0132747,-0.498421,1.65198,-0.404323,-0.117253,-0.101243,0.0238,-0.0910643,0.0269184,0.731328,0.254459,-0.16082,-0.0629496,-0.0370512,0.590519,-0.28031,-0.124682],[0.0201666,-0.0731041,-0.186517,-0.0645539,0.23908,-0.0132747,0.646124,-0.0336761,-0.652085,-0.128577,0.066948,-0.00764041,0.101213,0.0167328,0.0420198,0.19078,0.671932,-0.0301057,-0.401273,-0.0019795,2.64682,0.0829941,0.0205593],[-0.168735,-0.22814,-0.762091,-0.174979,-0.0798705,-0.498421,-0.0336761,15.0205,-87.3436,-9.32235,0.248652,-0.00905823,0.00756397,-0.0380948,-0.053855,-22.7168,-28.9373,-0.248221,7.55153,0.0653936,3.47069,6.01827,0.114733],[-0.200891,0.441526,2.69318,1.25904,-1.7448,1.65198,-0.652085,-87.3436,656.592,71.3107,-1.62802,0.000775511,-0.228947,0.172726,0.500547,153.275,236.491,2.91905,-40.7054,-0.547676,-22.5567,-3.92573,-0.610483],[-0.297892,-0.260807,0.156205,0.126016,-0.858452,-0.404323,-0.128577,-9.32235,71.3107,8.9159,-0.249442,0.0888704,-0.0146986,0.101693,0.113692,16.4778,26.4978,0.460594,-4.85064,-0.0238134,-3.64941,-0.439631,0.0136734],[0.0514491,0.0212081,-0.0369853,-0.0363194,0.127082,-0.117253,0.066948,0.248652,-1.62802,-0.249442,0.334152,0.0130538,0.0531027,0.0299112,-0.018693,-0.063511,-0.0746781,0.0640592,-0.019084,0.0229852,0.54911,0.480517,0.056743],[-0.0154511,-0.0194065,0.0266309,-0.00698677,-0.0860276,-0.101243,-0.00764041,-0.00905823,0.000775511,0.0888704,0.0130538,0.0576622,0.0143405,0.0548609,0.00644472,0.0088447,0.241715,-0.03907,-0.105762,0.00965898,-0.354649,-0.0183868,0.0527512],[0.148894,0.140507,-0.145465,-0.053824,0.241251,0.0238,0.101213,0.00756397,-0.228947,-0.0146986,0.0531027,0.0143405,0.111884,0.0293831,0.0330356,0.0780856,0.3351,-0.011841,-0.332967,0.0117991,0.0605237,0.0431632,0.0342205],[0.00578333,-0.00259884,0.0412286,-0.0174921,-0.0396215,-0.0910643,0.0167328,-0.0380948,0.172726,0.101693,0.0299112,0.0548609,0.0293831,0.0597938,0.0127105,0.100562,0.388855,-0.030002,-0.130248,0.0117236,-0.407793,0.0267897,0.05788],[0.00333601,-0.0035554,0.00215642,-0.00282843,0.022303,0.0269184,0.0420198,-0.053855,0.500547,0.113692,-0.018693,0.00644472,0.0330356,0.0127105,0.0381159,0.116235,0.323924,-0.0330547,-0.0844622,-0.000323601,-0.0223556,0.0671505,0.00754436],[0.562781,0.57637,0.485388,0.124356,0.882091,0.731328,0.19078,-22.7168,153.275,16.4778,-0.063511,0.0088447,0.0780856,0.100562,0.116235,44.8251,65.3316,2.95332,-14.5362,-0.0633407,-12.4249,-3.94744,-0.0210425],[0.286795,0.1431,-0.177087,-0.0306703,0.81964,0.254459,0.671932,-28.9373,236.491,26.4978,-0.0746781,0.241715,0.3351,0.388855,0.323924,65.3316,109.518,5.14194,-19.9992,-0.0672624,-18.5098,3.1922,0.245811],[-0.056688,-0.0497049,-0.130064,0.00737091,-0.100448,-0.16082,-0.0301057,-0.248221,2.91905,0.460594,0.0640592,-0.03907,-0.011841,-0.030002,-0.0330547,2.95332,5.14194,1.53658,-0.751806,0.0142633,-3.841,0.174215,0.0104842],[-0.644298,-0.417375,0.987132,0.22967,-1.55835,-0.0629496,-0.401273,7.55153,-40.7054,-4.85064,-0.019084,-0.105762,-0.332967,-0.130248,-0.0844622,-14.5362,-19.9992,-0.751806,8.5817,-0.0397381,4.18816,4.35545,-0.0964703],[0.0458397,0.0414115,-0.0290606,-0.0253907,0.0661196,-0.0370512,-0.0019795,0.0653936,-0.547676,-0.0238134,0.0229852,0.00965898,0.0117991,0.0117236,-0.000323601,-0.0633407,-0.0672624,0.0142633,-0.0397381,0.0177758,-0.091475,0.0250608,0.0141749],[1.26873,0.94028,-5.34416,0.212272,2.51923,0.590519,2.64682,3.47069,-22.5567,-3.64941,0.54911,-0.354649,0.0605237,-0.407793,-0.0223556,-12.4249,-18.5098,-3.841,4.18816,-0.091475,151.705,3.57188,-0.316283],[-0.272001,-0.36723,-0.217629,-0.161619,-0.302681,-0.28031,0.0829941,6.01827,-3.92573,-0.439631,0.480517,-0.0183868,0.0431632,0.0267897,0.0671505,-3.94744,3.1922,0.174215,4.35545,0.0250608,3.57188,11.6174,0.159604],[0.0210918,0.00698004,-0.00608986,-0.0243696,-0.0294189,-0.124682,0.0205593,0.114733,-0.610483,0.0136734,0.056743,0.0527512,0.0342205,0.05788,0.00754436,-0.0210425,0.245811,0.0104842,-0.0964703,0.0141749,-0.316283,0.159604,0.0671631]],"n":23,"lags":3}