{"betahat":[[6.39664,3.84479,24.966,-3.15535,15.2735,24.0379,-5.39994,-2.54683,7.45696,6.16268,-2.63484,0.697465,-0.135116,1.55013,1.36977,8.19328,-4.34106,17.1955,19.0069,1.85432,40.548,5.32128,0.214394],[0.910536,-0.142786,0.0884135,-0.0491637,0.415777,0.405046,-0.0109878,-0.0227214,0.0337641,-0.0201744,0.0130287,0.00692768,0.00941675,0.00484691,0.0107422,-0.0106433,0.024133,-0.00230234,0.0109459,-0.00476042,-0.0868932,0.121242,-0.00736363],[-0.0654811,0.79378,-0.177723,-0.0536007,0.172971,-0.0203894,-0.00490313,0.0220397,0.0142546,-0.0356855,-0.0330555,-0.00829135,-0.00880709,-0.00833866,-7.46444e-05,-0.0115169,-0.00673098,0.0321842,-0.0161081,-0.00255038,-0.443445,0.135633,-0.00647691],[0.0666483,0.0746996,0.94898,0.0197955,0.104904,0.0177796,-0.0087173,-0.0170292,0.0450395,-0.000770186,-0.0223743,0.00396042,0.00206952,0.00209149,0.00900979,0.0446606,-0.00166223,-0.00844876,-0.0107733,-0.00145385,-0.531593,-0.0683304,-0.00335608],[0.285359,0.307611,0.049347,1.06703,0.107001,0.0634542,-0.18865,-0.011547,0.343673,-0.0442805,-0.0557761,0.00186636,-0.0372014,-0.0278631,-0.0434543,0.021743,-0.119395,0.0774495,-0.230835,-0.00833392,-0.744458,-0.593904,-0.010847],[-0.0281889,-0.030905,0.017797,-0.0174308,0.885385,0.0187505,0.0404824,-0.00109172,-0.040177,-0.00321757,0.0132384,0.0117376,0.00566262,0.0121675,0.00555596,0.00347726,0.023987,-0.00379716,-0.0105048,-0.00287804,0.176148,0.00881885,0.00462573],[0.0458697,0.0542379,-0.0506401,0.0108249,-0.125915,0.767519,-0.00156552,-0.00105613,-0.0249324,-0.012883,-0.026576,0.000429796,0.00200698,0.000213926,-0.00144717,0.00928972,-0.00660826,0.00195056,-0.0371128,-0.00188924,-0.169748,-0.0759312,-0.00337271],[-0.0136157,-0.00917259,-0.0820209,0.0312535,-0.188626,-0.0367867,0.726897,-0.00346999,0.13276,0.0491903,-0.0354303,0.0242583,-0.0082672,0.030003,0.00993669,-0.0185513,-0.112821,0.0396117,-0.0041974,0.0389937,-1.11326,-0.0921811,0.000827895],[-0.0759365,-0.082278,-0.176742,-0.0950151,0.532935,0.371136,-0.0890792,0.976041,0.0138563,-0.0362579,-0.0115346,0.0439991,-0.0480555,0.055561,-0.0579964,0.0182617,-0.111299,0.00172951,0.475514,0.00217911,1.60464,-0.0098509,-0.00864731],[0.0084822,-0.0175101,0.0265235,-0.00365286,0.0651964,-0.0682798,0.137334,-0.010178,0.859288,0.0592268,-0.0299983,0.00477089,0.0140401,0.0111295,0.00725642,0.0320383,0.074323,0.0239922,-0.0820664,0.00343503,0.482536,-0.111532,-0.0103244],[0.0442093,-0.0528574,0.249351,-0.0565457,0.277464,0.249814,-0.0644641,-0.0328646,0.0297277,1.05406,-0.0454991,0.0101706,-0.00140364,0.013663,0.02283,0.0210109,-0.0452659,-0.00730052,-0.0107959,0.00300265,-0.844843,-0.00735966,0.0278226],[0.00942066,-0.213358,-0.629669,-0.0852365,0.0140481,-0.800274,0.109503,0.0533294,-0.309745,-0.0886719,1.20165,-0.00854897,-0.00779924,-0.0110111,-0.0869321,0.0439882,0.0023726,-0.0166078,-0.00208135,0.0375511,1.64056,-0.0888505,0.00875088],[0.464356,0.507294,1.01106,0.0482217,0.430578,0.616147,-0.0445608,0.00802998,0.448372,0.00990257,0.139557,1.04345,-0.0103061,0.0290633,-0.0854849,0.283403,-0.245117,-0.116373,-0.360705,0.056788,-1.42637,-1.42916,0.0470054],[0.235303,0.114867,0.584664,-0.163954,0.753246,0.245725,0.479266,0.0854618,-0.222842,0.13754,0.0841538,-0.0126179,0.984099,0.00278068,0.155711,0.0206749,0.206683,-0.237599,-0.678592,-0.0778441,2.68738,-0.00792032,0.0498047],[-0.308671,-0.266612,-0.201236,-0.216997,-0.752226,-0.626727,-0.0917303,0.0181254,-0.720085,0.0676339,-0.135303,0.223279,-0.0435914,1.12257,-0.057682,-0.142638,-0.0154479,0.369825,-0.328415,0.138801,-3.78312,1.24321,0.118188],[0.228304,0.279696,-0.686655,0.288046,1.067,0.416326,0.269651,-0.149776,0.0404255,0.298731,0.0436381,0.27012,0.102507,0.285192,0.953288,0.361748,0.201205,-0.0762896,0.553488,0.079513,5.30293,-0.585285,0.155812],[0.157489,0.0553994,0.135961,-0.0913295,0.87219,0.635315,0.104008,-0.0754275,-0.00797857,-0.0492059,0.0447134,0.0221563,-0.00729746,0.0445874,0.0164311,1.10134,0.0730065,-0.0359192,-0.0123248,0.0330307,0.903885,0.0139663,0.00982508],[0.1504,0.107671,-0.149188,-0.0435371,0.239805,-0.100234,-0.045142,0.0187379,-0.128364,-0.0378994,-0.0284363,0.0147319,0.0400359,0.0271823,0.0433516,0.0533666,0.948754,0.105025,-0.0596794,0.0220889,0.410519,-0.233083,0.0450799],[-0.256638,-0.003663,-0.948437,0.0143639,-0.44503,-0.113005,-0.0451104,-0.0570345,0.115317,0.280993,0.00299152,-0.0239856,-0.0403509,-0.00176744,-0.0568045,-0.0063024,0.0479028,0.396301,0.288678,-0.0178631,-0.975893,-0.009191,-0.0160092],[-0.227434,-0.187652,-0.112746,-0.0345432,-0.480252,-0.238745,-0.041096,0.0284453,0.0187551,0.00561905,-0.0307947,0.00587485,-0.0146613,-0.0151343,-0.00117549,-0.0336794,-0.054776,-0.00530994,0.626867,0.000774191,-0.346902,0.360331,0.00011171],[0.374931,0.454779,-0.28892,0.29017,-0.041486,-0.943524,-0.240796,-0.0961318,0.333255,0.16843,0.134699,-0.11454,0.0237958,-0.195125,-0.026654,-0.00305549,-0.198201,0.0554585,-0.201844,0.713736,-4.43937,0.0262248,-0.0433014],[-0.01078,-0.00428188,0.0172932,-0.0123385,0.0101328,-0.00239386,0.0086801,-0.00418645,-0.00238196,0.00111429,0.0053271,-0.00176599,0.00213423,-0.00238973,-0.00325993,-0.00194593,0.00174494,-0.00361298,-0.00609258,-0.000206626,-0.243296,0.0015832,7.61977e-05],[0.0443196,0.034332,-0.108668,0.0194594,0.00087367,-0.0753284,0.0277035,0.0245519,-0.118066,-0.0124998,0.0095192,0.00322674,0.0106393,0.00740311,0.00621178,0.0145179,0.0379034,-0.0370985,0.0383612,0.00877068,0.0683191,1.02999,0.00400997],[-0.51782,-0.535932,-0.0840813,0.0862412,-0.77873,-0.79279,0.101235,-0.0764422,-0.683354,0.120692,0.219168,0.0226273,-0.0274509,0.0498768,-0.0198851,-0.419412,0.0596477,0.124098,0.274128,0.0272612,-2.16833,-0.232061,1.03876],[0.0271681,0.0810749,-0.0647888,0.0165419,-0.373224,-0.310903,0.0234314,0.0164253,0.00380016,0.0220114,-0.00588835,-0.0114823,0.00171482,-0.00931841,-0.000649555,-0.0136904,-0.00823684,-0.00733766,-0.0354512,0.00234086,0.190167,-0.0697636,0.000669697],[0.0239872,0.10971,0.163015,0.0152058,-0.158582,-0.0146931,0.00491617,-0.00242983,-0.00622112,0.0390529,0.019793,-0.00163985,0.00152142,-0.00141975,-0.0025949,-0.0143391,0.00179535,-0.0227474,0.00624237,-0.000894445,0.593265,-0.0663287,0.00198533],[-0.0248489,-0.0275232,0.0204952,-0.00764466,-0.0797288,0.000140221,0.0168279,-0.00229429,-0.0482483,-0.00264648,0.0110976,-0.00496474,-0.00232627,0.000595936,-0.00622711,-0.0188332,0.00363762,0.000216034,0.000878453,0.000447417,0.487898,0.0226206,0.00612224],[-0.119242,-0.102262,0.214458,-0.0259662,0.00361962,0.0960044,0.0596301,0.000821566,-0.123363,0.0547507,-0.00957125,0.00419487,-0.000135839,0.0167145,0.00944008,-0.025216,0.097021,-0.0410365,0.139308,0.00131266,-0.134934,0.279069,-0.00564738],[0.00632455,0.0187772,-0.0607407,0.0155546,0.0520865,-0.00371263,-0.0125903,0.00271018,0.0227015,0.0129194,-0.00629024,-0.00785154,0.00491111,-0.00787811,0.0038963,-0.00440132,-0.00675464,-0.00477998,-0.0181562,0.00379612,-0.151342,-0.0336759,-0.00357615],[-0.0194903,-0.0159307,0.0298414,0.00539322,0.0855894,0.171988,0.029364,-0.00121221,-0.0117048,-0.0104266,0.0183585,-0.0055282,-0.00131071,-0.00441136,2.67879e-05,-0.0113494,0.0331267,0.00167304,0.0190698,0.00213583,0.479281,0.0335018,0.00189871],[0.0196353,0.0116414,0.0981633,-0.0201599,0.185521,0.0390877,0.201938,0.0165975,-0.156314,-0.0695024,0.0048867,0.000703646,0.0177837,-0.0023045,0.00240527,0.00949185,0.105887,-0.0172113,0.015386,-0.0340661,0.0680095,0.000620806,0.013664],[0.0481543,0.112223,0.306355,-0.0192137,-0.198848,-0.00463261,0.144395,-0.131184,-0.0017658,0.301078,0.0344568,-0.010233,0.0671119,-0.00492141,0.0871707,0.00693575,0.109064,0.0392336,-0.0385633,-0.00230864,0.475858,0.179738,0.0191816],[0.054644,0.0686159,0.010163,-0.00854328,0.0500757,0.110466,-0.105345,-0.000981282,0.11071,-0.0430952,0.0243571,-0.0063684,-0.0219391,-0.0100547,-0.0123573,0.00312251,-0.0643472,-0.00730473,0.0396196,0.00631942,0.0103485,0.0299395,0.00506716],[-0.0939291,-0.000510109,-0.31113,0.0656122,-0.345673,-0.22968,-0.0162897,0.0165168,0.0447833,-0.112146,0.0819207,-0.0075546,-0.0109374,-0.00730562,-0.0317841,-0.0370249,0.0253296,0.0568111,-0.0610316,-0.0164135,0.286476,-0.0173229,-0.0130149],[-0.0358027,0.0497601,0.134476,-0.00446789,0.119589,0.39459,0.00419866,0.00611196,0.142534,0.0288324,-0.288889,0.0170306,0.00268436,0.00396019,0.0601137,0.0284878,0.0309155,0.0720695,-0.0511706,-0.00419496,-0.496365,0.117705,0.00763564],[0.0869864,0.0536576,-0.0611122,0.0344756,0.260844,0.118548,0.178105,-0.0889779,0.0791612,-0.0658002,0.0887894,-0.14304,0.00261347,-0.0797779,0.0436594,0.032547,0.136678,-0.0240651,0.09602,-0.0644109,2.37902,-0.0214892,-0.0486616],[0.0355626,0.176075,-0.884375,0.107091,-1.32645,-0.601444,-0.455601,0.0557527,0.106897,0.204701,-0.181815,0.0195191,-0.114489,-0.0235022,-0.111914,-0.157261,-0.142019,-0.0213084,0.227851,-0.00932623,-2.64742,-0.272112,0.00416506],[-0.206693,-0.36824,-0.246363,0.00921069,-0.442042,-0.348231,0.134096,-0.018643,0.0710992,-0.0592106,-0.0500553,-0.12599,0.0633848,-0.0886329,0.0666373,-0.19055,0.181808,-0.144738,-0.023461,-0.0869133,3.34412,0.58664,-0.106205],[-0.175877,-0.137823,-0.073377,-0.143722,-0.779902,-0.864113,-0.051556,0.0787363,0.0177234,-0.0855684,0.0759738,-0.128785,-0.0133604,-0.110777,-0.0749528,-0.14139,-0.108205,-0.0657662,0.062158,0.0110409,-0.529512,0.0428468,-0.036827],[-0.148657,-0.0238419,-0.0798683,0.0322761,-0.724714,-0.40546,-0.0812522,0.0380691,0.0442745,0.00613093,-0.021152,-0.019444,0.00307873,-0.0284219,-0.0162666,-0.0845986,-0.0344699,-0.0215471,0.00811872,-0.0171828,0.358831,0.0368279,0.00565492],[-0.0465219,-0.00596109,0.22492,0.0653535,-0.104535,0.265409,0.190324,0.00691274,-0.0435831,-0.0105145,-0.00706725,-0.00135796,0.00251573,0.00351381,-0.00912974,-0.0195401,0.181422,-0.0352426,-0.0189962,-0.0281116,0.0704572,0.0553053,-0.00954228],[0.42597,0.269402,1.0386,0.0874798,1.05699,0.696657,0.0926351,0.0414118,-0.00303984,-0.300116,-0.0613861,0.070392,0.00704204,0.0639981,0.0502178,0.0667976,0.041261,-0.0343021,-0.198391,0.0233222,0.586763,-0.285963,0.0167469],[0.112237,0.0263629,0.113597,0.00320122,0.424872,0.244942,0.0643331,-0.00216281,-0.00760672,-0.102272,0.0466166,-0.00653791,0.00831057,0.00531664,0.0117515,0.0454446,0.0762521,0.0339945,0.037001,0.00356324,0.286886,-0.129037,0.00344041],[-0.389207,-0.501714,0.0224307,-0.0741586,0.266341,-0.0161882,0.0140255,0.15905,0.119943,6.46951e-06,0.0267256,0.0107394,0.0609676,0.0658484,0.0306145,-0.0596986,-0.0077217,-0.0347148,-0.378806,-0.0495583,1.40327,0.328363,0.0701451],[0.00465409,0.00966924,0.0415597,-0.0020461,0.0140861,0.0153537,-0.020087,0.00390757,0.01527,-0.00193432,0.0014023,-0.00191788,0.000642561,-0.00123142,-0.000374924,-0.000969653,-0.00983388,-0.00183204,0.000803788,0.000793788,-0.338842,-0.00150097,-0.00064214],[-0.00636761,5.49433e-05,0.0232251,0.00120442,0.0188476,0.0320285,-0.0315584,-0.0210858,0.0517373,0.0100662,0.00805975,-0.0110917,-0.0110023,-0.015678,-0.0137883,-0.0203375,-0.0223908,0.0172319,-0.0121443,-0.00134069,0.177982,-0.0260889,-0.0061969],[0.246742,0.281949,-0.219762,0.0409545,0.732599,0.616339,0.0212136,0.0217054,0.170842,-0.0778815,-0.146007,-0.0649898,0.043718,-0.0869941,0.0419444,0.237638,0.0214031,0.0499977,-0.0697432,-0.00129887,1.17288,-0.190918,-0.135441],[0.061563,0.0611475,-0.0247754,0.032526,-0.0430324,-0.0945501,-0.0126241,0.00647235,-0.0373648,-0.00167049,-0.00695702,0.00459592,-0.011141,0.00453472,-0.0101156,0.0240183,-0.0160362,0.00993703,0.0245173,0.00240362,-0.105236,-0.0507891,0.00671538],[0.0405756,0.0952608,0.0126804,0.037925,-0.0151708,0.0330558,-5.93093e-05,-0.0194459,-0.00844102,-0.00316193,0.0134492,0.00983299,0.00731026,0.00967155,0.00266847,0.0252389,0.00478823,-0.00937976,0.0102016,0.00344617,-0.147262,-0.0682722,0.00440555],[-0.042152,-0.047768,0.0257003,-0.0127512,-0.0246361,-0.0202598,-0.0074789,0.019391,0.00268035,0.00327318,0.0113817,0.000823203,0.000572193,-0.00278001,-0.00247351,-0.0257935,-0.00151526,0.0074639,0.0112387,0.000961069,0.0485281,0.0467482,-0.00274247],[-0.166094,-0.205379,-0.26438,-0.041425,-0.110061,-0.160258,0.129036,0.011015,-0.220292,-0.0105947,0.0653707,-0.00617072,0.0374287,0.0110319,0.0340552,0.00321092,0.0226013,-0.0367116,0.0919303,0.0068482,0.881066,0.315417,0.0164359],[0.0200532,0.0113572,0.0415788,0.00253972,0.0557461,-0.018431,-0.0288797,-0.00168436,0.0187706,-0.00958794,-0.0063901,-0.00368805,-0.0109742,-0.00416117,-0.010004,-0.000428154,-0.0180295,0.0110072,0.0260375,-0.000941042,-0.0381844,0.0246234,-0.00106538],[-0.0275214,-0.0391292,0.0179477,-0.0160908,0.0372049,0.055613,-0.0284716,0.00234475,0.0373099,0.0230606,0.00862058,0.00508706,-0.000899904,0.00412458,0.00107567,0.00100971,-0.027079,-0.00247303,0.0167149,-0.000282833,-0.313143,0.0423143,0.00138508],[-0.00691139,-0.00134464,-0.0195497,-0.00950451,6.96711e-05,-0.00746292,0.0659817,-0.0125447,0.0294787,0.0207543,0.0314396,-0.024831,-0.0101575,-0.028041,-0.0135228,0.00670558,0.00383038,-0.017092,-0.0154155,-0.00497237,1.00813,0.08673,-0.0149264],[0.0454502,0.0289061,0.398523,0.0173225,-0.380885,-0.121311,-0.239275,0.00981532,0.245686,-0.164557,0.0149816,-0.00807041,-0.0341183,0.00489131,-0.0280397,0.0112723,-0.143613,0.12803,-0.17732,0.0168127,-1.8017,-0.11257,-0.00663146],[-0.0613163,-0.0507475,-0.0359731,0.0132792,-0.113722,-0.0432777,-0.0245261,0.0105967,0.0258084,-0.0178819,0.0063337,0.00137043,0.00979855,-0.00103096,0.00694652,-0.0356381,-0.00426364,-0.0108691,0.053587,-0.0105194,-0.482872,0.0790717,0.00589434],[0.0486794,0.0528613,0.0642727,-0.00862076,0.0623372,-0.0199453,0.0796598,0.0161114,-0.0743479,0.0548864,-0.0359147,-0.00310832,0.01201,-0.00698932,0.00835981,0.0147052,0.0197177,-0.0478096,0.0740333,0.0133248,0.552384,0.0275971,-0.0151448],[-0.0388941,-0.0300109,0.0838699,-0.00932076,-0.0714829,0.0695578,0.0173734,0.000189794,0.0647532,0.0429282,-0.0945254,0.000420056,-0.00176402,-0.00228183,0.0134243,-0.0530713,0.0562657,-0.00254683,-0.182022,-0.0205406,-0.284099,0.0865103,-0.0105512],[-0.0114516,0.112168,-0.257992,-0.0167217,0.0220113,-0.00360955,-0.107909,-0.0476944,0.115763,0.0935381,0.0677531,-0.070837,-0.00500502,-0.069679,0.00630644,-0.0524463,-0.0496416,0.191775,0.189286,0.013808,0.0886601,-0.0880662,-0.0265593],[-0.166911,-0.139383,0.163766,-0.0535675,0.123375,0.194417,-0.204039,0.0306268,-0.0227014,-0.371292,0.0440663,-0.0173127,-0.0178428,-0.0116005,-0.0487653,-0.0389738,-0.129398,-0.193967,0.00552023,0.00462919,-1.05377,0.437672,0.0111082],[-0.147897,-0.17215,0.0773343,-0.00263716,-0.157244,0.0427788,-0.11119,0.0382182,0.122616,0.0275147,-0.0271301,-0.0462863,0.0215871,-0.0587248,0.0400116,-0.132338,-0.0339027,-0.0078035,0.111503,-0.0213151,0.141556,0.349105,-0.0593025],[0.146689,0.0603763,0.554955,-0.0735145,0.480283,0.442056,0.148008,0.0203345,-0.178728,-0.215019,-0.00793177,-0.0260402,-0.00170677,-0.00851231,0.0491048,0.124553,0.0976418,-0.166604,0.0161104,-0.0176917,-0.906976,0.0864065,0.000490445],[-0.0104521,-0.0325085,-0.0583327,0.0590756,-0.151469,-0.234116,-0.0231914,0.0375195,-0.0349832,0.0430966,-0.0231882,-0.00268998,0.00407453,-0.0161158,-0.000540861,-0.018486,-0.0386166,0.0604576,0.000756899,-0.0159789,-1.26658,-0.048493,-0.0155779],[-0.10471,-0.101504,-0.080055,-0.0197545,-0.137361,-0.170518,-0.145668,-0.0256576,0.174722,0.0479354,0.0371993,-0.0131239,-0.042705,-0.0308835,-0.0347433,-0.0358092,-0.131151,-0.0639371,0.0784045,0.00576988,-0.495146,0.170587,-0.0355987],[-0.181527,-0.240381,-0.0655006,-0.0348563,-0.721039,-0.614899,0.0164544,0.0273609,-0.113552,0.00783218,0.00143896,-0.0355251,0.0173826,-0.0554548,-0.00944267,-0.098544,-0.0369046,-0.129639,-0.0879611,-0.0211194,0.118217,0.20947,0.00578882],[0.103569,0.127631,-0.0986174,-0.0023799,0.117809,-0.0146232,0.063029,0.0096001,-0.0941666,0.0421148,0.00875243,-0.00705002,0.0240629,0.00218335,0.00351094,0.0365953,0.0438961,0.00282639,-0.182284,-0.0171956,0.143821,-0.10086,0.00364813],[-0.0973953,-0.0395277,0.533557,-0.0513764,-0.879512,0.48469,0.220876,-0.113935,-0.346426,0.0164576,-0.176,0.0302505,-0.137676,0.0652386,-0.0454733,-0.013829,0.0432334,-0.178044,-0.0277017,0.186205,1.29832,-0.268804,-0.0132871],[-0.00196638,-0.00172219,-0.0071565,-0.000959609,-0.00319494,-0.00322972,-0.0170859,0.00227089,0.0204299,-0.00147174,0.00336447,-0.000819872,0.00137876,-0.0012901,0.00223152,-0.00348452,-0.00878159,-0.00450381,-0.000275395,-0.000644799,-0.057073,-0.00185277,-0.000448674],[-0.0280703,-0.0291279,0.00726197,-0.0156635,0.0180092,0.0259815,0.0186947,0.00286915,-0.00147844,-0.0145057,-0.0053798,0.00249723,0.00373922,-0.0019376,0.00495723,-0.00772632,-0.000854039,0.0196265,4.48327e-05,-0.00431039,-0.189349,-0.0493592,-0.000412768],[0.212452,0.218284,-0.185568,0.0355587,0.594374,0.507854,-0.0811018,0.129547,0.214992,-0.14932,-0.204366,0.00922678,-0.0139439,-0.0194457,-0.000412428,0.223543,-0.0938168,0.0608146,-0.173501,0.00656103,-1.23975,-0.214749,-0.0494683]],"sigmahat":[[0.786647,0.752822,0.442188,0.0553561,1.08987,0.511911,0.128843,-0.0529561,-0.0704275,-0.0618606,0.00133026,0.0170754,-0.00420587,0.0229064,0.0114731,0.272042,0.0708325,-0.0278087,-0.157443,-0.00365605,1.27672,-0.813923,0.027348],[0.752822,0.978405,0.425888,0.0923805,0.891438,0.644827,0.0590793,-0.072274,0.0733696,-0.0541596,0.00840455,0.0163589,-0.0071958,0.0171832,-6.04887e-05,0.284291,0.0536774,0.0106572,-0.18974,-0.0135158,0.626909,-0.837613,0.0213587],[0.442188,0.425888,3.10494,0.112486,0.399142,1.84127,0.109622,-0.11473,0.0522949,-0.248275,-0.0273725,0.0633372,-0.00697046,0.0876128,0.0419699,0.124074,0.171317,0.0283186,0.135894,-0.0162181,0.530742,0.0693889,0.0224305],[0.0553561,0.0923805,0.112486,0.131966,-0.184854,0.00920234,0.0297693,-0.0158856,0.0640906,-0.00474455,-0.00949875,0.00407826,0.00180062,-0.0012855,0.00274635,0.00279277,0.0447413,0.0426946,-0.0260451,-0.0116265,0.0330839,-0.0825744,-7.54036e-05],[1.08987,0.891438,0.399142,-0.184854,4.78921,1.80055,0.326877,-0.0184081,-0.307259,-0.0608305,0.0461372,0.0652321,0.00115479,0.0824712,0.00724499,0.497403,0.146135,-0.0343395,-0.201262,0.0147469,2.6236,-1.32765,0.0387509],[0.511911,0.644827,1.84127,0.00920234,1.80055,3.10688,0.206814,-0.101194,0.123695,-0.174353,0.0313442,0.0913628,0.0202969,0.115756,0.0646495,0.380025,0.212387,-0.0156266,0.0311907,0.000338154,1.10388,-0.247566,0.0351783],[0.128843,0.0590793,0.109622,0.0297693,0.326877,0.206814,0.59209,-0.0321889,-0.407574,-0.0329472,0.0139992,0.0155364,0.0497648,0.0318685,0.060027,0.0853866,0.325122,0.0211177,-0.00332575,-0.0228556,2.78758,-0.128928,0.0262319],[-0.0529561,-0.072274,-0.11473,-0.0158856,-0.0184081,-0.101194,-0.0321889,0.0574355,-0.0129751,0.0079723,-0.0055339,0.0023518,-0.00226994,-0.00027244,-0.00227859,-0.0194342,-0.0246899,0.00108915,-0.00575876,-0.00287554,-0.334968,0.0470645,0.000950668],[-0.0704275,0.0733696,0.0522949,0.0640906,-0.307259,0.123695,-0.407574,-0.0129751,0.857098,0.0641446,-0.0408317,-0.0280006,-0.0248619,-0.0434499,-0.0295549,-0.0381785,-0.209621,0.0173093,-0.129491,-0.0122406,-2.04732,0.0482649,-0.0366171],[-0.0618606,-0.0541596,-0.248275,-0.00474455,-0.0608305,-0.174353,-0.0329472,0.0079723,0.0641446,0.347856,-0.0101832,-0.00961386,0.0140553,-0.0145905,0.00667995,-0.0361315,-0.0240337,-0.030949,-0.0900969,0.00233693,-0.00697056,0.0101106,-0.00367865],[0.00133026,0.00840455,-0.0273725,-0.00949875,0.0461372,0.0313442,0.0139992,-0.0055339,-0.0408317,-0.0101832,0.110973,-0.00961367,0.000551803,-0.00948699,-0.00970509,-0.000635635,-0.00495068,-0.015053,0.0145024,0.00510226,0.54045,-0.023198,-0.00235895],[0.0170754,0.0163589,0.0633372,0.00407826,0.0652321,0.0913628,0.0155364,0.0023518,-0.0280006,-0.00961386,-0.00961367,0.0275911,0.00424569,0.0286722,0.0113665,0.0254588,0.0185926,0.00102987,-0.00501239,6.43504e-05,-0.161944,-0.0208546,0.0135768],[-0.00420587,-0.0071958,-0.00697046,0.00180062,0.00115479,0.0202969,0.0497648,-0.00226994,-0.0248619,0.0140553,0.000551803,0.00424569,0.032222,0.00871006,0.028485,0.00369474,0.0406539,-0.00641685,-0.00916803,-0.00441642,0.0806546,0.00313711,0.0053332],[0.0229064,0.0171832,0.0876128,-0.0012855,0.0824712,0.115756,0.0318685,-0.00027244,-0.0434499,-0.0145905,-0.00948699,0.0286722,0.00871006,0.0395811,0.0175866,0.0317945,0.030722,-0.00190832,-0.0124399,0.00104341,-0.0474346,-0.0145328,0.0192893],[0.0114731,-6.04887e-05,0.0419699,0.00274635,0.00724499,0.0646495,0.060027,-0.00227859,-0.0295549,0.00667995,-0.00970509,0.0113665,0.028485,0.0175866,0.0401127,0.0132325,0.0467435,-0.0109151,-0.00717625,-0.00352602,0.0576935,-0.00160902,0.00929482],[0.272042,0.284291,0.124074,0.00279277,0.497403,0.380025,0.0853866,-0.0194342,-0.0381785,-0.0361315,-0.000635635,0.0254588,0.00369474,0.0317945,0.0132325,0.19348,0.0404198,-0.0277275,-0.0364175,0.00469449,0.440549,-0.287157,0.0199437],[0.0708325,0.0536774,0.171317,0.0447413,0.146135,0.212387,0.325122,-0.0246899,-0.209621,-0.0240337,-0.00495068,0.0185926,0.0406539,0.030722,0.0467435,0.0404198,0.249554,0.0228207,-0.00607808,-0.0201926,1.55261,-0.0230739,0.0190318],[-0.0278087,0.0106572,0.0283186,0.0426946,-0.0343395,-0.0156266,0.0211177,0.00108915,0.0173093,-0.030949,-0.015053,0.00102987,-0.00641685,-0.00190832,-0.0109151,-0.0277275,0.0228207,0.193486,0.0501384,-0.00221727,-0.372033,0.00567137,-0.00281706],[-0.157443,-0.18974,0.135894,-0.0260451,-0.201262,0.0311907,-0.00332575,-0.00575876,-0.129491,-0.0900969,0.0145024,-0.00501239,-0.00916803,-0.0124399,-0.00717625,-0.0364175,-0.00607808,0.0501384,0.712504,0.000855248,-0.454955,0.379823,-0.00194594],[-0.00365605,-0.0135158,-0.0162181,-0.0116265,0.0147469,0.000338154,-0.0228556,-0.00287554,-0.0122406,0.00233693,0.00510226,6.43504e-05,-0.00441642,0.00104341,-0.00352602,0.00469449,-0.0201926,-0.00221727,0.000855248,0.0180369,0.039237,-0.0152141,-0.00164079],[1.27672,0.626909,0.530742,0.0330839,2.6236,1.10388,2.78758,-0.334968,-2.04732,-0.00697056,0.54045,-0.161944,0.0806546,-0.0474346,0.0576935,0.440549,1.55261,-0.372033,-0.454955,0.039237,46.0867,-0.575837,0.0718742],[-0.813923,-0.837613,0.0693889,-0.0825744,-1.32765,-0.247566,-0.128928,0.0470645,0.0482649,0.0101106,-0.023198,-0.0208546,0.00313711,-0.0145328,-0.00160902,-0.287157,-0.0230739,0.00567137,0.379823,-0.0152141,-0.575837,1.61577,-0.0161969],[0.027348,0.0213587,0.0224305,-7.54036e-05,0.0387509,0.0351783,0.0262319,0.000950668,-0.0366171,-0.00367865,-0.00235895,0.0135768,0.0053332,0.0192893,0.00929482,0.0199437,0.0190318,-0.00281706,-0.00194594,-0.00164079,0.0718742,-0.0161969,0.0230805]],"n":23,"lags":3}