{"betahat":[[0.94433,-0.623671,-0.424362,-1.43468,9.09416,5.94895,0.0424231,0.00184321,-0.498505,-1.21415,0.16644,-0.512865,1.73044,0.000262988,-3.14032,3.13022,3.91022,-0.408437,-0.025566,0.0879087,8.73106,0.65897,14.38],[0.992287,-0.0155898,-0.0802873,-0.0305585,0.473287,0.428996,0.0371209,-0.055466,-0.00931624,0.139508,0.0253203,-0.0156543,0.0863869,-0.00014891,0.263189,-0.086716,-0.301028,0.0699501,0.0656855,0.0457857,-0.650944,-0.00390974,3.1894],[-0.147122,0.592249,-0.239112,-0.102675,0.312683,-0.00969318,-0.122022,-0.0184324,-0.00283607,0.0694012,-0.0215593,-0.00613837,-0.0274741,4.13012e-05,-0.234277,0.0377386,0.128914,-0.0171551,-0.0163892,-0.0149957,0.209238,-0.00653117,-1.07817],[0.122112,0.135751,0.929217,0.0169317,0.104749,0.014963,-0.0599613,-0.0204161,-0.00914109,0.0583221,0.00808386,-0.00666374,0.00441794,-2.4245e-05,-0.000771178,-0.052374,0.00572689,0.00861511,-0.000624553,0.0116074,0.510457,0.0102284,0.126328],[0.265465,0.555151,-0.454854,0.970582,-0.00880406,0.0642774,-0.0134951,0.089637,0.00629318,0.317972,-0.0254676,-0.0194023,-0.103103,-0.000335843,0.481552,-0.0814968,-0.535843,0.102886,-0.0161655,-0.0197438,-0.302083,-0.0951079,1.18307],[-0.121102,-0.0531413,0.0143062,-0.0270338,0.645202,0.0475083,0.0684469,-0.0177932,0.00407494,-0.0231622,0.00337661,0.00488854,0.0284794,4.12407e-05,0.0761278,0.0125306,-0.0921508,0.0134547,0.00710033,0.000864184,0.196282,0.00085496,0.911],[0.0322299,-0.0118848,-0.101612,-0.00335865,0.0352944,0.656689,0.0130549,0.019954,0.00491207,-0.0335747,-0.003479,0.00147222,-0.0787546,-1.80525e-05,0.0120361,0.0418129,0.00016979,-0.0169373,0.00053604,0.0010967,-0.193588,0.00053036,-0.892307],[-0.0871864,-0.0615493,-0.0862894,-0.0161788,-0.171763,-0.170669,0.631767,-0.0216773,0.02711,0.218858,0.00318115,0.0379267,-0.0521572,4.03874e-05,0.0478939,0.0817102,0.0558594,-0.0165919,-0.0139876,-0.0177424,0.431186,-0.0363901,-1.03622],[-0.0301299,0.0703605,-0.870283,-0.03372,-0.13462,-0.211113,0.253093,1.07452,0.0259242,-0.215274,-0.0120632,0.0253538,-0.025094,1.5416e-05,-0.624139,-0.0543303,0.458584,0.0134196,-0.132029,-0.101573,-1.60948,0.0213319,-1.39975],[0.734737,0.603281,3.51731,0.142347,0.328704,1.15189,0.0295134,-0.0805206,0.959529,1.14209,0.0423107,0.00416834,-0.447145,-0.000352321,0.745297,-0.284188,-0.63033,0.117441,0.0707475,0.0281477,-0.929789,-0.112664,9.85639],[-0.0681908,-0.0810347,-0.0625682,0.00914316,-0.264536,-0.251229,0.14512,-0.0146496,-0.000753016,0.844026,0.0150052,0.00493079,-0.0407351,7.07987e-05,-0.105868,0.0284279,0.128593,0.0194898,-0.00475034,0.00503235,-0.0438534,0.0231666,1.59455],[-0.41971,-0.252885,0.489078,-0.399587,-1.09247,0.534705,-0.442267,-0.0903094,0.024595,1.51359,1.02763,0.039937,0.388378,0.000695792,-0.785756,-0.291355,0.408612,0.0109208,0.0528403,0.154595,3.73117,0.16273,-3.7506],[-0.750214,-1.04169,-2.22097,-0.570921,-0.40465,-2.08861,-0.0229672,0.0867322,0.362025,-2.72541,0.0303761,1.27163,0.728096,0.000897145,-0.816368,0.42033,0.723564,-0.00517299,-0.0436426,-0.0193427,2.06613,0.087833,-6.319],[0.0838225,-0.139985,-0.308306,0.0351089,-0.0921697,-0.999754,0.179773,0.00459363,-0.0106249,-0.225019,-0.00374929,-0.026495,1.06044,-0.000129373,-0.0353483,-0.194399,0.0423475,-0.00311003,-0.0918056,-0.151007,-0.828991,-0.0681549,-0.786276],[-137.456,-44.6204,-495.005,-19.7915,-79.4739,-4.5803,-228.218,-16.5715,1.2304,331.328,32.5221,7.78801,-29.0087,0.776446,-131.513,-6.43179,75.6872,-13.8195,-8.52764,9.01502,168.371,-4.99048,3.87502],[-0.0496625,-0.0341574,0.127122,0.0384448,-0.372703,-0.21756,-0.148391,0.00296156,-0.00132853,0.233678,-0.0234901,-0.00157457,-0.0253223,2.2647e-05,0.880219,0.0155038,-0.0522895,-0.00534,-0.0177343,-0.0128756,0.780199,0.00394137,-0.817598],[0.0664092,0.270072,-0.855297,0.112397,-0.709323,-0.532192,-0.243012,0.00792156,-0.00538554,0.215955,-0.0609056,-0.0368264,-0.0558241,-0.000203469,-0.0373918,0.922064,0.00333712,0.00488193,-0.00034317,-0.0270336,-0.815784,-0.00272777,-0.558659],[0.173623,0.223111,0.41203,-0.0563129,0.181248,0.136912,0.0294409,0.028358,0.00812437,-0.0692643,-0.0151458,-0.00142903,-0.0991447,-0.000177363,0.717769,-0.237891,0.421344,0.0652509,0.0171439,0.0378098,1.39845,-0.096041,4.62329],[0.792334,0.6189,-1.0513,0.0811792,1.39589,-0.446735,0.793274,0.058933,0.0436128,-0.741482,0.121258,0.0766808,-0.21514,1.99133e-05,-0.23225,-0.56601,0.105449,1.27891,0.185335,0.0291063,-3.84295,0.0922692,-1.37904],[-0.689555,-0.602184,0.637858,-0.0755361,-0.788953,0.217189,0.438784,0.104131,0.0827287,-0.0260432,0.0887588,0.072542,-0.327556,-0.000947138,0.272697,0.481844,-0.192171,-0.127193,1.05448,0.145535,-4.42082,-0.243786,0.121907],[0.795325,0.78394,0.257503,0.819206,0.523898,0.333021,-0.2196,-0.206242,0.1306,0.506049,-0.0595023,0.121949,-0.00108674,-0.000279452,0.509902,-0.147151,-0.353281,0.0770951,-0.0921847,0.809083,0.489752,-0.372234,0.828116],[-0.0302763,-0.037102,-0.0537485,0.0156625,-0.160609,-0.0931232,0.00297018,-0.00911943,0.00729852,0.0276685,0.0014406,0.002905,-0.0156356,-1.06749e-05,-0.0260451,-0.0113114,0.0172755,-0.00459355,-0.000109342,0.00108017,0.886518,0.00912144,-0.34522],[-0.333662,-0.296681,-1.69113,-0.241,-0.849251,-1.20523,-0.0471582,0.0973092,-0.104487,-0.486599,0.0390121,-0.058117,0.167171,0.000166075,-0.556168,-0.0840067,0.131018,-0.0643047,-0.0252647,-0.0345435,-3.62779,1.20328,-7.88845],[0.00872275,0.0146938,-0.00765413,-0.0116867,0.0247985,0.00482116,0.000335819,0.00170137,-0.00320385,-0.0191367,-0.000436152,-0.00279259,0.00782891,4.11329e-06,0.00365076,-0.00320152,-0.00574905,0.000502963,0.00112087,0.00342031,-0.00794399,0.0024051,1.05217],[0.0427186,0.076233,0.0181243,-0.0420359,-0.234758,-0.215778,-0.0248032,0.043598,-0.00172414,-0.043752,0.0020258,0.00695298,-0.0379812,0.000112669,-0.295175,0.0331728,0.300916,-0.030837,-0.04916,-0.0240654,0.17076,0.0233571,-2.0246],[0.12825,0.295358,0.21712,0.0313437,-0.113664,0.0723626,0.051234,0.0448621,-0.00119815,-0.0444227,-0.004636,-0.000863181,0.00492682,-1.18076e-05,0.190039,-0.0125412,-0.0744324,0.000902568,-0.00246385,0.000253772,-0.0382659,-0.00373773,-0.231481],[-0.0265301,-0.0636786,0.0579219,0.00216087,0.0736666,0.0502411,0.0753973,-0.00030293,0.00317969,-0.0822439,-0.00535009,0.00489313,-0.0152644,2.13979e-05,0.0256607,0.0164128,-0.0143334,-0.00205888,0.0051646,-0.00174645,-0.174745,-0.00295172,0.119035],[-0.0698535,-0.143641,0.649249,0.0280507,0.130437,0.301593,-0.167423,-0.117764,-0.00735917,0.00348224,-0.0187784,0.0154906,-0.0374625,0.000149048,-0.535384,0.139856,0.599401,-0.131978,-0.0736458,-0.0716708,0.611141,0.0504814,-2.88327],[0.0800814,0.0574972,-0.0857316,0.0238008,0.193355,-0.0454133,-0.00972727,0.0171869,-0.00136021,0.00668423,0.027304,-0.00186057,0.0187059,-3.94186e-05,-0.138407,-0.0163136,0.119395,-0.00381025,0.0144442,0.0245707,-0.59731,0.0226741,-0.48901],[-0.0300133,0.00649296,0.107591,0.0221625,-0.0646736,0.254665,0.0522901,8.49822e-05,-0.00225642,-0.0567492,0.0046182,0.000894561,0.0523697,-1.56555e-05,0.0174144,-0.0115588,-0.0187441,0.0228127,0.0079745,0.00153552,0.27202,0.00182774,1.09405],[0.170757,0.176157,0.225527,0.0394387,0.294504,0.163044,0.232912,0.0252752,-0.00622914,-0.204185,0.0305531,-0.0132399,0.057194,4.48927e-05,0.00875321,-0.100378,-0.0903488,0.0180112,0.0404812,0.0534974,-0.862801,0.0598703,0.600195],[0.166265,0.110741,0.533846,0.00738932,0.459547,0.499618,-0.0727216,-0.107329,0.0104615,-0.136804,0.140893,0.0170665,0.20501,-6.71622e-06,0.0896755,0.0986685,0.159569,-0.0750329,0.0528788,0.141061,1.55035,0.122942,0.696164],[0.371332,0.618994,0.620624,0.312159,0.455562,1.22545,0.567207,-0.225558,-0.124517,0.625405,-0.0369114,-0.0906866,0.0649292,-0.000245704,0.616031,-0.288586,-0.588958,0.0950017,0.160912,0.195012,0.177504,-0.040848,7.93521],[0.0813715,0.0600133,0.101785,-0.0266495,0.202926,0.177993,-0.10799,-0.0142052,-0.00391994,0.140859,-0.0231766,-0.00903441,0.024532,-0.000105703,0.08685,-0.0329771,-0.0902686,-0.00593501,0.00807726,-0.0112375,0.386099,-0.0271804,-0.431496],[0.334707,0.311061,-1.78547,0.32902,0.725772,-0.405481,0.155605,0.0737364,0.0627717,-0.785455,-0.0115585,0.039192,-0.235738,-5.40508e-05,0.405056,0.100344,-0.0335553,0.0474196,0.0750725,-0.0048887,-2.47485,-0.0364712,3.64725],[-0.253413,-0.290826,-2.30075,0.168863,0.475518,0.028692,0.440181,0.142573,-0.182513,-0.514393,-0.00661679,-0.184248,-0.0554507,-0.000375829,-0.102048,0.389144,0.111868,-0.0978304,0.0165946,0.0149267,-0.48611,0.133624,-0.301278],[-0.059472,0.0638216,-0.342829,-0.0484476,-0.125833,0.208366,-0.224027,0.0719837,-0.018769,0.22451,-0.0115521,-0.0161321,-0.289143,-0.000198003,0.0829401,0.170283,-0.133858,-0.0151188,0.0613142,0.0740982,0.815738,-0.0365883,1.39562],[183.256,118.343,329.631,40.3921,396.508,77.1714,376.832,-30.5581,-5.56388,-371.827,-40.6731,-0.744537,119.62,-0.164343,109.469,61.0853,-10.5625,27.9466,-2.69611,-25.0101,-4.73633,-13.1884,995.558],[-0.170011,-0.244237,-0.125807,-0.0290135,0.0445486,-0.041978,0.121124,0.0262829,0.00330965,-0.195288,0.0203169,0.00334624,0.00491519,-4.48035e-05,0.0885185,0.0302411,0.0449518,0.00649257,0.0107778,0.0140783,-0.407242,0.00638154,0.468174],[-0.0098345,-0.149943,0.284023,-0.0955864,0.612306,0.371731,0.107435,0.0117643,0.00447367,-0.190749,0.0276074,0.0228013,-0.1008,0.00021586,-0.0610502,0.0752278,0.0460342,-0.0686441,0.0139079,-0.00760402,0.246283,0.00909962,-3.02753],[-0.172979,-0.214295,-0.229331,-0.0137881,-0.217225,-0.197794,-0.0733493,0.0272168,-0.0020132,0.0731028,0.00108509,0.00391875,0.0121885,0.000102918,-0.234851,0.108028,0.120529,-0.0370523,-0.0185604,-0.00449886,-0.293978,0.0217468,-1.85903],[-0.262898,-0.226586,1.18967,0.14809,-0.971532,0.570509,-0.43148,0.0589489,-0.0103926,0.280207,-0.0643715,-0.0299061,0.20992,-4.7277e-05,0.508551,0.317528,-0.348181,-0.079505,-0.0280784,0.0543267,1.96455,-0.0878088,1.55814],[0.236742,0.171992,-0.0957407,0.181127,-0.479265,-0.928905,-0.215781,-0.0463976,0.0125338,-0.038521,-0.118024,0.0132365,-0.0802517,0.00036807,-0.0803396,-0.0240963,0.00499564,-0.0664831,-0.0815907,-0.0950918,3.97514,-0.00598887,-3.17521],[-0.086508,0.0917415,-0.164612,-0.753126,0.074021,-0.0826794,0.433232,0.0509972,-0.0952747,-0.678933,0.0075613,-0.0585203,0.154785,0.000170015,-0.707471,-0.025935,0.590023,-0.173741,-0.0222742,-0.102396,-2.57148,0.19393,-7.69385],[0.0104953,0.0267256,0.045783,-0.0140407,0.137129,0.0978676,-0.0352922,0.0071124,-0.00841777,0.00574449,-0.00122437,-0.00577393,0.0118906,1.76166e-05,0.0151051,0.0145778,-0.000609714,0.00585499,-0.00524745,-0.00573217,0.0294775,-0.00147743,0.410608],[0.00797959,0.0445252,0.448099,0.136385,0.0921051,0.315794,0.203946,-0.0614111,0.0897949,0.0361937,-0.0621476,0.0778795,-0.19147,-0.00020805,0.353419,0.0973051,-0.0493463,-0.0140251,0.0180988,-0.0025979,1.29586,-0.230304,5.43083],[-0.00615112,-0.0107713,0.0145957,0.00782473,-0.016022,0.00678302,-0.00328385,-0.000719226,0.00171872,0.00837499,8.35042e-05,0.00194056,-0.00525371,-4.48444e-07,-0.0120927,0.00632817,0.0146727,-0.00201712,-0.00115562,-0.00165447,0.0456897,-0.000136385,-0.04656],[-0.0352321,-0.0608177,0.0619346,0.072539,-0.238856,-0.213388,-0.012156,0.0118655,0.0110418,-0.0958635,-0.0273164,0.00870446,-0.0483882,3.62563e-05,0.0319579,0.0535344,6.58509e-05,-0.0390724,-0.0165351,-0.02172,0.480183,-0.0194269,-1.16387],[0.0187565,0.112274,0.0217563,0.0712883,-0.199137,-0.0629229,0.0708872,-0.0264012,0.00405305,-0.0250399,0.0262461,0.00702572,0.0226094,-2.94772e-05,0.0442619,-0.0252847,-0.0545345,0.0163142,0.0188819,0.0147796,-0.17092,0.0102895,1.31099],[-0.0955381,-0.0721242,0.0121446,-0.0191715,-0.178154,-0.0655222,-0.0152797,0.0207964,0.005952,0.0238088,-0.00266424,0.00179601,0.0109543,2.96141e-06,-0.0250497,0.0357948,0.00861774,-0.00643719,-0.00454659,-0.0098441,-0.335307,-0.00725422,-0.242035],[-0.19556,-0.411393,-0.194237,0.00139944,-0.121674,-0.365694,0.18088,0.0281517,0.00107868,-0.321353,0.0442653,0.00392757,0.140587,0.000186835,0.0537019,-0.0583608,-0.0634325,0.029094,0.0898011,0.0914032,-0.30964,0.0446343,1.6989],[0.0408591,-0.00449449,0.0717715,0.00334321,0.160821,-0.00220397,-0.0586336,0.000536974,-0.00270321,0.016774,-0.0307065,-0.0030373,-0.0473085,-1.93638e-06,0.0626037,0.00371735,-0.0275163,-0.00956776,-0.0215048,-0.0254057,0.401793,-0.0235822,-0.422045],[-0.00249246,0.00493438,-0.006364,-0.0188754,0.0289707,0.0877643,-0.0652563,-0.0199929,-0.0026389,0.090439,-0.00112518,-0.00234512,0.0263233,3.3634e-05,-0.0292702,-0.0304287,0.0183393,-0.0058178,-0.00848869,-0.00262014,-0.078203,-0.00239,-0.200752],[-0.0836952,-0.114623,-0.138244,-0.0228878,-0.1237,0.0074719,0.135102,-0.00366247,-0.0208121,-0.0139213,-0.0337351,-0.0246399,-0.00509084,-8.51694e-05,-0.0562569,0.0183678,0.0341394,-0.00126539,-0.0264214,-0.0356373,0.433873,-0.0234471,0.434495],[-0.0872927,-0.074159,0.569699,0.0328147,-0.316957,-0.127991,-0.240938,-0.0336166,-0.0251123,0.410945,-0.132517,-0.0263232,-0.184788,3.62545e-05,0.446925,-0.0441204,-0.547629,-0.00140892,0.0557772,-0.0364178,-0.0447149,-0.122154,-0.7826],[0.216147,0.390803,0.319476,-0.0504081,0.12753,0.206346,-0.390087,-0.0936976,-0.0370546,0.563541,0.0493365,-0.0417749,0.0538127,5.82427e-05,-0.136378,-0.269618,0.151978,0.0820564,-0.0772961,-0.0368528,0.681319,0.0128149,-1.35463],[-0.0133968,0.0207502,-0.0385064,0.0179154,0.0606388,0.0720975,-0.0366587,0.0289655,0.00481751,0.0153321,0.00835729,0.00423544,0.0163732,3.50966e-05,0.0194781,0.00366688,-0.0386313,-0.0128894,-0.00326706,0.00628931,-0.338141,0.00400799,-1.15704],[0.129569,0.0921305,1.09185,-0.00108645,0.299529,-0.124942,0.123666,0.0343273,-0.070077,-0.69783,-0.0380896,-0.0366799,-0.0879733,-0.000256807,0.23412,0.0036952,-0.206463,-0.0223973,-0.118104,-0.121949,-0.337575,-0.0394718,-0.106782],[-0.178112,-0.231741,0.134957,-0.00483634,-0.210621,0.263858,-0.246493,0.175265,-0.0693365,0.450575,-0.0125379,-0.0831626,-0.0748035,-0.000169494,-0.183091,0.0411989,0.170521,-0.0533131,0.00258409,-0.019263,-0.473849,0.0100002,-5.34947],[-0.0217498,-0.0182982,0.134105,-0.0666932,0.243971,0.338754,0.0232196,-0.0359164,0.00507304,-0.0381637,-0.023602,-0.00484073,-0.0488498,0.00011644,0.0729639,-0.0807,-0.0683123,0.0405234,0.0295572,0.0366239,0.0739385,0.0320742,0.594979],[-45.7995,-73.7225,165.374,-20.6008,-317.034,-72.5912,-148.615,47.1296,4.33345,40.4988,8.15094,-7.04348,-90.6113,0.387897,22.0438,-54.6536,-65.1246,-14.1272,11.2237,15.995,-163.636,18.1789,-999.436],[0.219686,0.278431,-0.00110936,-0.00940961,0.32814,0.259583,0.02727,-0.0292514,-0.00195188,-0.0382718,0.00320752,-0.00174922,0.0204053,2.21819e-05,0.0312285,-0.0458044,0.00738793,-0.00110615,0.00698722,-0.00117043,-0.373211,-0.0102896,0.348909],[-0.0564977,-0.120066,0.571259,-0.0167218,0.0969876,0.160226,0.135528,-0.0196733,0.000929363,-0.0249745,0.0332933,0.0140582,0.156624,-1.23738e-05,0.0986104,0.00254302,-0.0495384,0.0638184,-0.0135554,0.0346439,0.569763,-0.00641291,3.58722],[-0.121,-0.157231,-0.0186751,0.102231,-0.275469,-0.163178,0.0668143,-0.00493324,-0.0031281,0.0146972,0.00141238,0.000630518,0.0263026,-6.63256e-06,-0.0110721,0.0434677,0.0327399,0.0166975,-0.00653577,-0.00412443,-0.309969,0.0104083,0.697902],[-0.529702,-0.392606,-0.13745,-0.228677,-0.425672,-0.124011,-0.361691,-0.118078,-0.0331202,0.462308,-0.0568988,-0.0467098,0.00524734,2.72226e-05,-0.275576,0.247981,0.242086,-0.199008,-0.15714,-0.0833221,1.8807,-0.00459428,-0.173284],[-0.144042,-0.137239,-0.0112364,0.011498,-0.0721485,0.0340281,-0.383769,0.0278977,-0.00970997,0.629117,0.0109836,0.014559,0.137668,0.000478471,-0.0592971,-0.0777941,0.0713017,-0.0442836,-0.105282,-0.0399891,0.537378,0.105607,1.47871],[-0.136761,-0.128264,-0.127432,-0.156504,0.116139,-0.119888,-0.124744,0.0677903,-0.0724269,0.0097438,0.0242524,-0.0666785,0.0400322,5.50477e-06,0.170897,0.0218099,-0.227499,0.0399892,0.0446365,0.0752029,-0.24639,0.133276,2.312],[0.0194588,0.0102888,0.00968486,-0.000546372,0.0206925,-0.00559345,0.0321985,0.00185734,0.00120323,-0.0317335,-0.000332891,0.00283698,0.00338543,-7.33751e-06,0.0126504,-0.00393924,-0.0181838,-0.000707714,0.00551275,0.0047285,0.0848073,-0.00783351,-0.0621273],[0.37976,0.295211,1.05818,0.143579,0.810988,0.91579,-0.0290523,-0.0136792,0.0222417,0.328247,0.0406787,-0.00216264,0.0686631,-0.000192823,0.246108,-0.0267246,-0.124207,0.0539172,0.0565956,0.0596923,1.19328,-0.0663913,3.54143],[-0.00285022,-0.00183525,-0.00784643,0.00374831,-0.0102021,-0.00828795,0.00255311,-0.000687782,0.0014655,0.00978879,-3.33182e-05,0.000757623,-0.00340855,-2.03197e-07,0.00656256,-0.0021619,-0.00749567,0.00156172,-0.000236031,-0.00225236,-0.0445019,-0.00176332,-0.0667192]],"sigmahat":[[0.531503,0.481024,0.260188,0.0966534,0.719372,0.346039,0.0597631,-0.0321123,-0.0100897,-0.108333,-0.00611127,-0.0111286,0.0428062,-5.77414e-05,0.067919,-0.0631833,0.00468339,0.012026,0.0211158,0.00655872,0.0202249,6.35928e-05,0.796791],[0.481024,0.707715,0.403838,0.100116,0.482394,0.588542,-0.00241549,-0.0544388,-0.010268,0.0735914,0.00703983,-0.013151,0.0477214,-5.02146e-05,0.0512216,-0.0475817,0.00606311,0.0222552,0.0184807,0.0150209,-0.0786899,0.0152589,0.629699],[0.260188,0.403838,1.9244,0.142316,0.0610223,1.01155,-0.00680476,-0.0751847,0.00766008,0.194324,-0.0388632,-0.00291552,-0.0334688,-3.64873e-05,0.143294,0.0618298,0.0274618,-0.00987379,-0.0162235,-0.00344263,1.32308,-0.0304178,-0.767162],[0.0966534,0.100116,0.142316,0.156499,-0.0247031,0.077673,0.04449,-0.018596,0.00197038,0.0540724,-0.00750917,-0.0019376,-0.0115914,-5.53434e-05,0.152354,-0.00506119,-0.093098,0.018811,0.0186872,0.0177364,0.156307,-0.0186606,1.20358],[0.719372,0.482394,0.0610223,-0.0247031,2.1056,0.661541,0.0179446,-0.00400298,-0.018051,-0.316513,-0.0088113,-0.0124268,0.140388,8.10083e-06,-0.087353,-0.0669936,0.204536,-0.00761912,0.00184365,-0.0243713,-0.389814,0.0222113,0.0735834],[0.346039,0.588542,1.01155,0.077673,0.661541,1.62735,-0.0508262,-0.0770282,-0.0109276,0.247782,-0.0133276,-0.0194449,0.0509668,7.87451e-05,-0.129504,0.0809975,0.241689,0.0110509,-0.0098527,0.00596133,0.452807,0.0192364,-0.338571],[0.0597631,-0.00241549,-0.00680476,0.04449,0.0179446,-0.0508262,0.506263,-0.00237898,-0.00529379,-0.381084,0.0323858,-0.00430468,0.0279004,-0.000130581,0.0950881,-0.0124248,-0.0820653,0.0427453,0.0349161,0.0350927,-0.0646357,0.00178094,2.36131],[-0.0321123,-0.0544388,-0.0751847,-0.018596,-0.00400298,-0.0770282,-0.00237898,0.040825,0.000497699,-0.0504547,-0.000448412,0.000600582,-0.00221174,1.71283e-05,0.00228154,0.0146381,-0.0111765,-0.00613627,-0.000734587,-0.0039927,-0.149152,0.00039579,-0.5258],[-0.0100897,-0.010268,0.00766008,0.00197038,-0.018051,-0.0109276,-0.00529379,0.000497699,0.00642256,0.00103163,0.00129551,0.00512891,-0.00158424,5.42704e-06,-0.00321913,-0.00155007,0.00381297,0.000855409,0.00110179,0.000900466,0.0162729,-0.00260271,-0.0673178],[-0.108333,0.0735914,0.194324,0.0540724,-0.316513,0.247782,-0.381084,-0.0504547,0.00103163,0.82557,-0.0216863,-0.00210782,-0.0519441,2.98718e-06,0.0359559,-0.0531132,-0.0694851,0.00946077,-0.0169496,-0.00288212,0.25657,-0.0208909,-0.178177],[-0.00611127,0.00703983,-0.0388632,-0.00750917,-0.0088113,-0.0133276,0.0323858,-0.000448412,0.00129551,-0.0216863,0.0259054,0.00362406,0.0291615,-1.1029e-05,-0.0160594,-0.00975375,0.00468632,0.00837398,0.0123413,0.0200688,-0.0718248,0.0162981,0.448247],[-0.0111286,-0.013151,-0.00291552,-0.0019376,-0.0124268,-0.0194449,-0.00430468,0.000600582,0.00512891,-0.00210782,0.00362406,0.00764002,0.00238792,8.48463e-06,-0.00908733,-0.00383265,0.00801607,-0.00031119,0.000355651,0.000921835,0.0186284,-0.00180829,-0.0325111],[0.0428062,0.0477214,-0.0334688,-0.0115914,0.140388,0.0509668,0.0279004,-0.00221174,-0.00158424,-0.0519441,0.0291615,0.00238792,0.128803,2.1367e-07,-0.0384442,-0.0265404,0.0282119,0.0116908,0.0100346,0.0211744,-0.238221,0.0322953,0.653604],[-5.77414e-05,-5.02146e-05,-3.64873e-05,-5.53434e-05,8.10083e-06,7.87451e-05,-0.000130581,1.71283e-05,5.42704e-06,2.98718e-06,-1.1029e-05,8.48463e-06,2.1367e-07,3.31596e-07,-0.000179129,2.50929e-05,0.00015862,-2.24954e-05,-2.96998e-05,-2.29994e-05,2.86432e-05,2.77972e-05,-0.0019495],[0.067919,0.0512216,0.143294,0.152354,-0.087353,-0.129504,0.0950881,0.00228154,-0.00321913,0.0359559,-0.0160594,-0.00908733,-0.0384442,-0.000179129,0.653674,-0.0754064,-0.516062,0.0509926,0.0509763,0.045977,0.15361,-0.0690973,3.47084],[-0.0631833,-0.0475817,0.0618298,-0.00506119,-0.0669936,0.0809975,-0.0124248,0.0146381,-0.00155007,-0.0531132,-0.00975375,-0.00383265,-0.0265404,2.50929e-05,-0.0754064,0.141678,0.106822,-0.0368259,-0.013274,-0.0158242,0.0752048,0.00394943,-1.21915],[0.00468339,0.00606311,0.0274618,-0.093098,0.204536,0.241689,-0.0820653,-0.0111765,0.00381297,-0.0694851,0.00468632,0.00801607,0.0282119,0.00015862,-0.516062,0.106822,0.520241,-0.054604,-0.0487079,-0.046489,0.0540352,0.0542107,-3.05068],[0.012026,0.0222552,-0.00987379,0.018811,-0.00761912,0.0110509,0.0427453,-0.00613627,0.000855409,0.00946077,0.00837398,-0.00031119,0.0116908,-2.24954e-05,0.0509926,-0.0368259,-0.054604,0.0372344,0.014323,0.0165325,0.0430812,-0.00128203,1.13807],[0.0211158,0.0184807,-0.0162235,0.0186872,0.00184365,-0.0098527,0.0349161,-0.000734587,0.00110179,-0.0169496,0.0123413,0.000355651,0.0100346,-2.96998e-05,0.0509763,-0.013274,-0.0487079,0.014323,0.0326807,0.0274593,-0.0794338,0.0046209,0.662532],[0.00655872,0.0150209,-0.00344263,0.0177364,-0.0243713,0.00596133,0.0350927,-0.0039927,0.000900466,-0.00288212,0.0200688,0.000921835,0.0211744,-2.29994e-05,0.045977,-0.0158242,-0.046489,0.0165325,0.0274593,0.0410771,0.0782125,0.0131102,1.00276],[0.0202249,-0.0786899,1.32308,0.156307,-0.389814,0.452807,-0.0646357,-0.149152,0.0162729,0.25657,-0.0718248,0.0186284,-0.238221,2.86432e-05,0.15361,0.0752048,0.0540352,0.0430812,-0.0794338,0.0782125,11.0688,-0.0915776,6.88153],[6.35928e-05,0.0152589,-0.0304178,-0.0186606,0.0222113,0.0192364,0.00178094,0.00039579,-0.00260271,-0.0208909,0.0162981,-0.00180829,0.0322953,2.77972e-05,-0.0690973,0.00394943,0.0542107,-0.00128203,0.0046209,0.0131102,-0.0915776,0.0373083,-0.127183],[0.796791,0.629699,-0.767162,1.20358,0.0735834,-0.338571,2.36131,-0.5258,-0.0673178,-0.178177,0.448247,-0.0325111,0.653604,-0.0019495,3.47084,-1.21915,-3.05068,1.13807,0.662532,1.00276,6.88153,-0.127183,81.5902]],"n":23,"lags":3}