{"betahat":[[2.25103,4.64885,-4.42176,-1.68442,2.72309,-0.138498,0.847237,0.169156,4.73089,4.05345,0.0885192,-0.159239,1.43198,0.350429,0.993814,1.09244,1.86356,43.2381,42.103,0.437106,-2.47477,0.628224,1.19183],[0.943721,0.131348,-4.71876,-0.0268917,0.771486,-0.358843,0.0323424,-0.0515988,0.127667,-0.35298,-0.00844604,0.0142765,-0.108685,0.0150223,-0.0743308,0.0749138,-0.0131299,0.0512625,0.104127,0.0170262,0.790991,0.115833,0.000109002],[-0.150188,0.650276,1.04134,-0.112032,-0.1137,0.315468,0.0302192,0.0260728,-0.0619397,-0.0993291,0.00633965,0.00987474,0.00422844,0.00438618,-0.00471454,-0.0132643,-0.0193727,0.00986531,0.116705,-0.00386926,-0.161016,0.132797,-0.0131583],[-0.00327568,-0.00273083,0.466248,0.00494856,0.0105265,-0.145901,-0.00681433,0.000934043,0.00815643,0.00799736,0.000271865,-0.000128932,-0.00118273,0.000503511,-0.00146075,-0.00152435,-0.00547746,0.000223199,0.000190163,0.000221698,-0.0121933,-0.00250965,0.000499814],[0.27192,0.625927,2.73185,0.816185,-0.0528605,0.565988,0.156287,-0.0289935,0.136123,0.0448971,-0.00892146,0.0175219,-0.0307656,0.0265505,0.0346484,0.206537,0.0133851,0.0238164,-0.0853171,-0.0127904,-0.34553,-0.928898,0.0057654],[0.000916865,0.0964421,5.3859,0.0152571,0.491946,1.04272,0.093591,0.00604078,-0.18437,-0.0365329,-0.000998412,-0.00377573,-0.00643942,0.00456974,0.0317567,0.0285656,0.0678051,-0.00486171,-0.0721181,0.000882824,-0.176012,-0.195816,0.0112213],[0.0081398,0.00840733,0.0918808,0.0160063,-0.0812241,0.890798,0.00155564,0.00325803,0.0147359,-0.00664735,0.00232206,-0.00281976,0.00865019,-0.00317817,0.010597,0.00175094,0.0195107,0.0025754,-0.0341765,-0.000166422,-0.0228388,-0.0877922,-0.00218695],[0.108895,0.120115,-0.10614,-0.0237789,0.0920132,-0.131612,0.933961,-0.0183925,0.0620515,-0.0942523,0.00271551,0.0115816,0.0393383,0.00337252,0.037754,0.0235741,0.114274,0.0436978,0.00852498,0.0311968,1.4327,-0.00211269,0.0393383],[0.40659,0.872327,8.57751,-0.446346,0.261149,3.24349,0.992892,1.15837,-1.18495,-0.321036,0.0605751,0.0880798,0.401677,0.0781664,0.376783,0.119798,0.761626,0.188326,1.68276,-0.0195385,3.40877,-0.845284,-0.00648341],[0.0799798,0.13019,-0.911042,0.00344588,0.110258,-0.136732,-0.096797,-0.024721,1.18057,-0.0842537,-0.00767212,-0.0221533,0.00409348,-0.0153878,-0.0126493,0.0533025,-0.0724855,-0.0041727,0.0330316,-0.0124586,-0.512351,-0.0243148,-0.0277067],[0.0452836,0.227657,0.413405,-0.10489,-0.140316,0.0490822,-0.216774,-0.0055146,0.000801942,1.12653,-0.00167324,-0.0260743,-0.0484325,-0.0199948,0.0235057,0.0890305,-0.0924913,0.044387,-0.134847,0.0132611,-0.0811609,-0.757988,0.0235155],[-1.54009,-2.00177,-37.4002,-0.64846,-0.0280138,-11.7252,-3.45398,-0.170728,1.91432,-0.326464,0.274032,-0.288667,-0.196959,-0.340837,0.144927,0.048978,-2.30932,-0.850855,-2.22179,-0.0879038,-10.8549,1.06527,-0.292376],[0.530549,1.42218,-5.20748,0.954943,-0.223959,-1.68253,-0.747232,-0.108003,1.52818,-0.0979718,-0.0543207,0.971019,0.00439803,0.0505182,0.00953029,0.967052,-0.210483,0.0215664,-0.951005,0.0821695,-3.02989,-5.0808,0.14411],[-0.201966,0.0939808,1.94054,-0.0506464,-0.741429,-0.121127,0.152122,0.101568,-1.29332,-0.187912,0.041928,-0.0349107,0.918733,0.0428533,-0.0540817,-0.124532,-0.103061,-0.0775888,-0.842277,0.0999953,0.139464,-0.25326,0.0180333],[-0.224964,0.171673,11.6464,-0.887228,-0.708917,2.61137,-0.00458348,-0.126271,-1.02345,0.626341,0.0378288,0.386876,-0.0410921,1.20916,0.120289,-0.29089,0.544484,-0.332885,0.419347,-0.0387757,-3.23588,-1.27838,0.343724],[0.429296,0.151419,-4.66678,0.0355806,0.801983,-0.882281,0.248916,-0.108998,-0.197344,0.696517,0.0209488,0.234084,0.264102,0.208679,1.07079,0.531198,0.327654,-0.0790574,-0.179464,0.0372655,-0.222519,-1.6539,0.159454],[0.0906369,0.134468,4.91632,-0.0971809,0.222998,1.6266,0.111287,-0.0193267,0.0975877,0.366531,-0.0059285,-0.015214,0.0458838,-0.00696856,0.137373,0.965696,0.128282,0.0029655,-0.0492885,0.00256664,-0.0779564,-0.628858,0.0396546],[0.0973016,0.341209,-1.99102,0.104844,-0.0185939,-0.510768,0.241247,-0.0183863,-0.0800657,0.0487659,-0.0129629,0.00236367,0.0271925,0.020812,0.0200429,0.0645996,0.78038,-0.0405209,0.180646,-0.0248516,-1.21131,0.61578,0.0091809],[-0.264281,-0.580436,1.85843,0.172286,-0.387613,0.515989,0.363137,0.0707312,-0.572593,0.573702,0.028693,0.0245447,-0.0525937,0.0880834,-0.0326589,-0.378515,0.363076,0.220012,-0.34431,0.0118374,0.956995,2.81304,0.087801],[-0.42902,-0.835683,-0.51589,0.16758,-0.455232,-0.548915,-0.271832,0.0348692,0.43652,0.20845,-0.0347847,0.0172962,-0.248313,-0.0182602,-0.0342836,-0.245223,-0.279888,0.0139489,0.828092,-0.00219505,-1.42626,0.997291,-0.014211],[-1.49392,-3.23529,-1.08553,-0.348167,-0.046523,0.981271,-0.943347,0.256081,1.28166,-0.769067,-0.111863,-0.15051,-0.319049,-0.0976217,-0.504846,-1.0015,-1.10834,-0.204133,0.0473794,0.430298,-4.63028,1.0117,-0.0655862],[-0.00922735,0.0396562,0.60102,-0.0464625,-0.0131139,0.156961,-0.0391273,0.00415244,0.0164005,-0.0232129,0.00149855,-2.24457e-05,-0.00833817,-0.00120275,-0.00996306,0.0139905,-0.0299176,0.0169654,-6.10069e-05,-0.00652369,-0.469089,-0.19385,-0.0104812],[0.043314,0.082545,0.126496,0.0534603,0.122461,0.23949,-0.0123627,-0.0114118,0.0196977,-0.0579851,0.000618129,0.00581131,-0.00483947,0.00406294,-0.00158683,0.0503025,-0.00439772,0.0161438,0.00619163,0.000450957,0.33347,0.762092,0.00211951],[-0.992813,-3.08616,0.038846,0.36531,0.000980086,-0.817454,-0.781745,0.189511,1.04728,-0.662502,0.0400471,-0.0465802,-0.167606,-0.0603668,-0.0577846,-1.26762,-0.881868,0.54887,1.4056,-0.151112,4.61773,7.91228,0.475149],[-0.0454415,-0.169207,4.2875,0.0305569,-0.770771,0.34728,-0.0115866,0.0288195,-0.133702,0.265346,0.00756765,0.00759093,0.0576083,-0.0109753,0.00896627,-0.0631871,-0.0308131,-0.0419316,-0.0655518,-3.61655e-05,-0.478987,-0.252624,-0.00617508],[0.084479,0.187464,-0.583545,0.0624767,0.0130367,-0.255051,0.00311842,-0.00914255,-0.0282793,0.09238,-0.00662292,0.000532266,0.00336851,0.00729099,0.0255155,0.000881197,0.0169504,-0.00495467,-0.0226149,0.00445243,0.072731,-0.188353,0.0185693],[-4.93206e-05,6.88643e-05,0.417665,-0.00494427,-0.0121676,0.113421,0.00615122,0.000261571,-0.00743093,-0.00795616,-5.2261e-05,4.27003e-05,0.00182488,-0.000503645,0.000691175,-0.0014173,0.00760763,0.000133594,-0.00345847,-7.40393e-05,-0.00182383,0.00811599,-0.000607608],[-0.208439,-0.377604,-5.29574,0.0824922,-0.0155806,-1.36589,-0.227049,0.0244614,0.0406308,0.00537117,-0.00257132,-0.0154273,-0.0268909,-0.0358199,-0.0585936,-0.0656037,-0.07561,-0.013687,0.101703,0.0103791,0.278242,0.286591,-0.0111293],[-0.0270239,-0.073941,-3.68954,-0.036959,0.355662,-0.675273,-0.0317227,-0.00536362,0.0672682,0.0395253,-0.00271558,0.00782897,-0.00275732,0.00185841,-0.0133645,-0.00963476,-0.0609988,-0.0144806,0.0225378,0.00166221,0.318809,-0.00149704,-0.00579223],[-0.0168048,-0.0149451,-0.052452,-0.021704,0.0676903,0.110591,0.0194619,0.000491692,-0.0387623,-0.01655,-0.00130228,0.00203424,-0.00609905,0.00245066,-0.00830006,-0.00752599,0.000824187,-0.00194049,0.0167326,-0.000551762,0.0570302,0.0782876,0.00155025],[-0.0347973,0.000490991,-1.49638,0.0121183,0.107503,-0.226356,-0.164475,0.0228724,0.119308,-0.02846,-0.00534986,-0.0126316,-0.00503876,-0.00861208,-0.020939,0.0310193,-0.164956,-0.0554557,0.0155108,-0.0332091,-1.05983,-0.189655,-0.0345144],[-0.283369,-0.626421,1.61701,0.503997,-1.39205,-1.47057,-0.630641,-0.128752,1.17165,0.663411,-0.0120912,-0.142591,-0.519266,-0.136674,-0.43652,-0.0146551,-0.601619,-0.1802,-0.00099466,-0.0511036,-5.1333,-0.523044,0.0386963],[-0.0326858,-0.127972,0.702609,-0.0266472,-0.0185738,0.201768,0.108743,0.0114042,-0.141575,0.0177596,0.00527601,0.0128634,-0.0142643,0.00731062,0.00350991,-0.0242858,0.0727504,0.0106985,-0.0271946,0.00341452,0.539102,0.120446,0.0215121],[0.00350296,-0.15029,1.79479,0.138953,-0.111602,0.405923,0.266163,0.0318422,0.011802,-0.266931,0.00963571,0.0167586,0.111355,0.0120509,-0.00396461,-0.0763151,0.0736172,0.0241613,-0.00325524,0.00272369,0.42331,0.988467,-0.0197296],[-0.135361,0.273493,3.02618,2.29472,1.15044,3.03298,-0.191719,-0.0988701,2.52844,1.71785,-0.0974627,0.133177,-0.504812,-0.080129,0.269109,-0.630135,1.74656,0.184926,-0.322748,0.172979,1.91963,-5.13335,0.35591],[0.278845,0.240323,-1.81712,0.00471345,0.715995,0.0266415,0.419278,0.0246058,0.310935,0.0729076,-0.0111905,-0.140427,-0.0422006,-0.0503035,0.073599,0.145688,-0.206248,0.190703,-0.538702,-0.0161179,1.98569,1.12074,-0.0132277],[0.379193,0.72099,1.53486,-0.321766,0.0456665,0.66749,0.138072,-0.0744305,-0.225767,0.448545,0.0124222,0.0957969,-0.229845,0.0399071,-0.0733051,0.296552,0.114643,0.0361317,-0.0237816,-0.129244,1.06499,-1.51316,0.0676311],[0.0904395,0.549224,2.90974,-0.530445,-0.30659,0.394565,0.651073,0.0660188,-0.497689,-0.454003,0.043068,-0.158066,0.044173,-0.189275,-0.0641932,0.130844,0.23149,-0.045624,0.433035,0.0331428,-1.35977,0.122888,-0.124302],[-0.335336,-0.351028,-3.53333,0.572143,-0.160488,-0.794961,-0.191377,0.0570083,0.51063,-0.109825,-0.00959575,-0.00782611,0.0710364,0.0436305,-0.140775,-0.369689,-0.0886479,0.00327423,0.387497,0.0778884,0.0237344,0.718534,-0.0998083],[-0.0370347,-0.0480016,-4.04966,0.075749,0.0504916,-1.01326,0.00853113,-0.00215414,-0.0544917,-0.289144,0.00560502,0.00322537,-0.0536215,-0.00156272,-0.107085,0.0318928,-0.00729014,0.0195441,-0.0530819,-0.00218859,-0.288883,0.44819,-0.0318188],[-0.119053,-0.322021,1.90122,-0.0440782,-0.0552226,0.523517,-0.114158,0.0305591,-0.14853,-0.172399,0.022105,0.0166578,0.048706,0.00838333,0.0396212,-0.0231293,0.268776,0.0219353,-0.0999581,0.0373401,1.30629,-0.624873,0.0214201],[0.295378,0.497419,2.39482,-0.0648626,0.306015,0.832447,-0.367478,-0.0150051,0.704858,-0.321351,-0.0395029,0.0220099,0.261716,-0.0187731,0.22264,0.283851,-0.272679,0.0555201,0.0108926,-0.0117212,-0.173825,-1.71014,0.0422659],[0.315398,0.690351,-0.157822,-0.207988,0.461731,0.401417,0.0979095,-0.0250226,-0.248724,-0.365057,0.0212695,-0.0280402,0.182312,0.00292357,-0.00601269,0.216578,0.164322,-0.00267259,-0.260944,0.0213812,0.724181,-0.446405,0.0364728],[0.420222,1.18643,-4.62391,-0.0450479,0.403624,-2.22216,0.0435167,-0.0749886,0.278438,0.69627,0.130799,0.0157443,-0.0430835,-0.00881769,0.0597391,0.457299,0.50374,-0.0504527,-0.35159,0.333722,0.974425,0.396649,0.0266071],[0.00990556,0.0191017,0.249335,-0.0327941,-0.00977653,0.0629887,-0.00741404,0.00724777,-0.0655948,0.0142283,-0.00165503,-0.000471192,-0.00488669,0.00209155,-0.00585149,-0.00122166,-0.00700609,0.0210623,0.0120894,0.000970488,-0.103735,-0.0886975,0.000281864],[-0.0358758,-0.070269,0.0242004,-0.051292,-0.063115,-0.121815,-0.0192805,0.00741468,0.0188046,0.0700244,-9.15818e-05,-0.000648948,-0.00187947,-0.00279484,0.00164584,-0.0475888,-0.0085703,-0.0152745,-0.0135272,0.00124935,-0.362661,0.157925,-0.00245606],[0.193163,1.03409,-2.47951,-0.220825,-0.714785,-0.389215,1.26314,-0.0580379,-2.08901,0.166604,0.0114038,-0.0748781,0.0122824,-0.0135884,-0.20163,0.501439,0.716352,-0.0757875,0.297718,0.129068,1.57733,-1.08453,0.0864955],[0.101628,0.0377709,0.432066,-0.00361838,-0.000710172,0.0115682,-0.0209831,0.0227301,0.00624774,0.0876044,0.00085475,-0.0218362,0.0510509,-0.00402288,0.0653726,-0.0117403,0.043937,-0.009405,-0.0386952,-0.0169987,-0.311987,0.136976,0.00604808],[0.0655203,0.161775,-0.458578,0.0496407,0.10079,-0.0602429,-0.0332637,-0.0169126,0.0899112,0.00684545,0.000283563,-0.0103567,-0.00756636,-0.0116207,-0.0207609,0.012194,0.00242832,-0.00489135,-0.0941626,-0.000575758,0.0890259,0.0564062,-0.00536728],[0.00268722,0.0017578,0.10162,0.000420171,0.00148827,0.0274941,-0.000516995,-0.00121194,6.90051e-05,0.000340078,-0.000228903,0.000113388,-0.000694819,1.8016e-05,0.000621539,0.00252864,-0.00279812,-0.000696957,0.00283767,-0.000143857,0.0113091,-0.00557841,3.79497e-05],[-0.0634421,-0.247923,2.56447,0.101148,0.0687378,0.800339,0.0706135,0.00451146,-0.176695,-0.0505117,0.0114835,-0.00210183,0.0575648,0.0092529,0.0239431,-0.140775,0.062255,-0.0101956,-0.0162066,0.00238929,0.0672704,0.642108,0.00536153],[0.0259278,-0.0227784,-1.69457,0.0218138,0.152211,-0.367024,-0.0620308,-0.000705776,0.117053,-0.0029532,0.00370296,-0.00397683,0.00914179,-0.00636482,-0.0183854,-0.019061,-0.00687381,0.0192324,0.0492033,-0.0025797,-0.142337,0.1971,-0.0054353],[0.00842266,0.00616361,-0.0371304,0.00586206,0.013084,-0.00165142,-0.0215139,-0.00381366,0.0243263,0.0234349,-0.00103321,0.000834566,-0.00253425,0.000773672,-0.00227298,0.00558301,-0.0205221,-0.000722868,0.0168798,0.000686494,-0.0350114,0.00861769,0.000645377],[-0.0745417,-0.121008,1.61369,0.011278,-0.198266,0.363927,0.229841,-0.00455609,-0.183362,0.121871,0.00249481,0.00149302,-0.0346619,0.00570477,-0.0161677,-0.054833,0.0512899,0.0111167,-0.0247636,0.00188543,-0.36844,0.192871,-0.00471414],[-0.0345458,0.00378013,-9.85098,-0.247202,1.0646,-1.97651,-0.694988,-0.0564142,0.20747,-0.26759,-0.0548389,0.071091,0.0779367,0.0861355,0.0698308,0.0221494,-0.383308,0.0612376,-1.29603,0.0717854,-0.0210948,1.86289,-0.0095596],[-0.0471546,-0.00191433,0.21492,0.0231732,-0.092224,-0.0628171,-0.00922248,0.0133395,-0.0426332,0.0652234,0.00234295,0.00934328,0.00986526,0.00818686,0.0097564,-0.0290514,0.00268258,-0.00772568,-0.00104152,0.00886401,-0.0232173,-0.0948908,0.00626317],[-0.0485382,-0.0772787,-2.21201,-0.0339149,0.253272,-0.454992,-0.0496664,-0.0264089,-0.01143,0.138966,-0.00796443,0.00926181,-0.0628531,0.00785532,-0.0196523,-0.0125596,0.0189991,-0.0683127,0.137765,-0.0160401,-0.340823,-0.230097,-0.00388089],[-0.307835,-0.380391,-19.0719,-1.31063,4.80967,1.70009,2.35886,0.183791,-5.71489,-2.5788,0.0668425,0.158868,-0.206721,0.0220122,-0.0186496,-0.327871,0.362079,0.814817,0.165684,-0.172942,12.5506,3.08651,-0.188384],[0.0788618,-0.412296,-1.55265,0.129246,0.285583,-0.573608,-0.551845,-0.0162045,0.543696,0.538425,-0.0112107,-0.015966,0.0163689,0.00235179,0.126683,-0.115028,-0.251633,0.0103019,-0.469189,-0.0503805,0.619397,-0.633561,0.00534457],[-0.230573,-0.822275,-0.853393,0.312989,0.257224,-0.0697456,-0.44542,0.0250474,0.752096,-0.449803,-0.0372203,0.00915216,0.109305,0.0204334,0.0232907,-0.177245,-0.350715,-0.00735085,-0.00421604,0.0296676,-1.47123,1.38589,-0.0243413],[-0.232112,-0.609193,-1.18014,0.0943853,-0.254372,-0.481569,0.0391366,0.0971418,-0.347143,-0.154617,0.00792872,-0.0458838,0.0308198,-0.0884734,-0.0202363,-0.224581,-0.0769336,-0.171709,0.118646,0.0145346,0.435611,0.715251,-0.13099],[0.213778,0.418235,3.86087,-0.200349,0.475635,1.69655,-0.111901,-0.0683209,0.0590883,-0.858061,-0.0337518,-0.123505,-0.068604,-0.124206,0.0400978,0.0944241,0.0552784,0.116034,-0.175248,-0.0586071,1.64009,1.31938,-0.0347682],[-0.0539344,-0.0870336,-0.855517,0.0216668,-0.273157,-0.609979,-0.120445,0.0213206,-0.0428797,-0.0776069,0.000288563,0.0121157,0.00779609,0.00864175,-0.0301273,0.00199699,-0.121161,-0.0226485,0.100483,-0.00034331,0.369052,0.181791,-0.0078566],[0.0211103,-0.0202041,0.0992524,-0.060156,0.073266,-0.010057,-0.127293,-0.012222,0.227122,0.123549,-0.00920468,-0.0186736,-0.0760245,-0.0288656,-0.0592463,-0.0417271,-0.0489525,0.0181359,-0.0811457,-0.0125182,-0.0926597,0.00978868,-0.0305446],[-0.0225917,0.105908,-4.1683,-0.10933,0.0984454,-1.30425,-0.0100288,-0.0574009,-0.0829167,-0.256348,0.011213,-0.0495056,-0.203507,-0.072655,-0.19464,0.105057,-0.100944,-0.263018,0.301208,0.000103701,-0.818896,-1.17112,-0.130424],[0.118803,0.124948,0.575345,0.0574301,-0.0744239,0.0563939,0.271798,0.00145271,-0.290155,0.131823,0.0117983,0.00626772,0.0542732,0.0126192,0.0468757,0.0246277,0.171228,-0.0340653,-0.313152,-0.0214596,0.667705,-0.494579,-0.0234632],[1.18717,2.1597,-0.202122,-0.0416868,-0.26642,-0.947264,0.572622,-0.114379,-1.261,0.439749,0.0209135,-0.115069,0.332099,-0.131454,0.339371,0.765502,0.145496,0.319954,0.306366,0.125388,1.79931,-1.7944,-0.0174274],[0.000930139,0.00252658,-0.336015,0.00108822,0.0248891,-0.0779033,-0.0313204,0.0046747,0.0342318,0.0270655,-0.00221897,0.000613692,0.00622635,0.00216962,0.00769129,0.0144957,-0.0416707,0.00453118,-0.0115812,-0.00166251,-0.19985,-0.0775932,0.00522711],[-0.00524445,-0.0155733,-0.0956297,0.00857904,-0.0578607,-0.0931565,0.0337943,0.00182458,-0.0328315,-0.0138785,0.000514409,-0.00406307,0.00863945,-0.00305189,-0.00447731,-0.000502358,0.00887351,0.0069046,-0.0363399,-0.00129284,0.0515577,0.0196999,-0.00214344],[-0.0249412,0.298659,2.64244,-0.07935,0.241893,1.26906,-0.229184,0.00163906,0.674411,0.20744,-0.0162069,-0.0477405,0.022619,-0.0894902,-0.0904388,-0.139153,-0.121577,-0.0362444,-0.164203,-0.00860114,-1.76601,-1.29924,0.00523239]],"sigmahat":[[0.103853,0.154007,0.341976,-0.0158537,0.0608447,0.128121,0.0163913,-0.00398093,0.0234764,-0.0236942,0.000147213,-0.00434208,0.00729642,-0.00505413,0.00843517,0.052818,0.0207663,0.0178823,-0.0208946,-0.000882401,0.0846889,-0.124659,0.00135518],[0.154007,0.613782,0.0140592,-0.14554,0.0726751,0.08771,-0.042235,-0.0198465,0.0233771,0.00293834,-0.000852449,-0.0152227,-0.0153973,-0.0187385,0.00329528,0.148373,0.00301724,0.0165827,-0.0833335,0.00317444,0.0156891,-0.538543,0.00557616],[0.341976,0.0140592,38.1106,-0.018477,-2.35133,7.89826,0.887387,0.0298503,-0.854464,-0.188328,0.0262686,0.0179807,0.185243,-0.0164974,0.289995,0.00921939,0.708847,0.0147666,-0.24439,-0.0051502,-0.741984,-1.13743,-0.00974713],[-0.0158537,-0.14554,-0.018477,0.16366,-0.0646955,-0.083341,0.0169106,0.00163032,0.0509415,0.0123079,0.000259046,0.00259065,0.00916395,0.00451091,-0.00540975,-0.0346494,-0.0122036,-0.00517567,0.00559264,0.00109353,-0.0228505,0.092253,-0.00225996],[0.0608447,0.0726751,-2.35133,-0.0646955,0.707928,0.103806,-0.0929541,-0.0191004,0.176606,-0.132499,-0.00431688,0.00731061,-0.0103709,0.00106212,-0.0182601,0.0353854,-0.0318981,0.0483096,-0.0617581,-0.00498776,0.50163,0.253554,0.000602547],[0.128121,0.08771,7.89826,-0.083341,0.103806,2.89925,0.230303,-0.00820976,-0.146066,-0.232489,0.00511171,0.0218555,0.0210722,0.00390286,0.047394,0.0398942,0.179416,0.0620755,-0.129984,-0.00523928,0.464961,0.106987,-0.0012609],[0.0163913,-0.042235,0.887387,0.0169106,-0.0929541,0.230303,0.301581,0.0122094,-0.271376,-0.0176296,0.0084626,-0.00135258,0.0115544,0.00462429,0.0159065,-0.0155033,0.14964,0.00740268,0.0785079,0.00360378,0.366418,0.0891261,0.00696806],[-0.00398093,-0.0198465,0.0298503,0.00163032,-0.0191004,-0.00820976,0.0122094,0.00655745,-0.0149344,-0.00233744,0.000692048,0.00031258,0.0025021,0.00121,0.00154968,-0.00697677,0.00141452,-0.000190601,0.0140679,0.000363524,-0.0159227,0.0333002,-0.000174603],[0.0234764,0.0233771,-0.854464,0.0509415,0.176606,-0.146066,-0.271376,-0.0149344,0.606925,0.0200851,-0.00730646,-0.00468189,0.00100904,-0.0120193,-0.0383228,0.0156489,-0.147034,0.0303507,-0.0816695,-0.00456519,-0.501769,-0.080409,-0.0120997],[-0.0236942,0.00293834,-0.188328,0.0123079,-0.132499,-0.232489,-0.0176296,-0.00233744,0.0200851,0.202158,-0.00136349,0.00178787,-0.0127079,0.00660228,0.00279652,-0.0205419,-0.0269918,-0.0166163,-0.012025,0.00208999,-0.289751,-0.12142,0.0105276],[0.000147213,-0.000852449,0.0262686,0.000259046,-0.00431688,0.00511171,0.0084626,0.000692048,-0.00730646,-0.00136349,0.00129639,-0.000281743,0.000740494,-0.00030087,-0.000793479,-0.000832024,0.00560036,0.0013982,-0.00178405,0.000205551,0.0125659,0.00379762,-0.000144461],[-0.00434208,-0.0152227,0.0179807,0.00259065,0.00731061,0.0218555,-0.00135258,0.00031258,-0.00468189,0.00178787,-0.000281743,0.00598207,0.000179679,0.00452632,0.00135572,-0.00475495,-0.00163699,-0.000494441,-0.00088281,0.000603984,0.00922781,0.0231336,0.00181712],[0.00729642,-0.0153973,0.185243,0.00916395,-0.0103709,0.0210722,0.0115544,0.0025021,0.00100904,-0.0127079,0.000740494,0.000179679,0.0305587,0.00213132,0.0125787,-0.00389854,0.0127086,0.00502794,-0.0100575,0.00347869,0.0328699,-0.00990385,0.00312205],[-0.00505413,-0.0187385,-0.0164974,0.00451091,0.00106212,0.00390286,0.00462429,0.00121,-0.0120193,0.00660228,-0.00030087,0.00452632,0.00213132,0.00712792,0.00358281,-0.00643505,-6.00858e-05,-0.000622716,0.00355591,0.00111589,-0.000693812,0.0376807,0.00372527],[0.00843517,0.00329528,0.289995,-0.00540975,-0.0182601,0.047394,0.0159065,0.00154968,-0.0383228,0.00279652,-0.000793479,0.00135572,0.0125787,0.00358281,0.0242655,-0.00101773,0.0257185,-0.00311452,0.00140514,0.000608464,0.0246277,-0.0347209,0.00503915],[0.052818,0.148373,0.00921939,-0.0346494,0.0353854,0.0398942,-0.0155033,-0.00697677,0.0156489,-0.0205419,-0.000832024,-0.00475495,-0.00389854,-0.00643505,-0.00101773,0.0735473,-0.00786418,0.006931,-0.0223565,-0.000104991,0.0135067,-0.207441,0.0017563],[0.0207663,0.00301724,0.708847,-0.0122036,-0.0318981,0.179416,0.14964,0.00141452,-0.147034,-0.0269918,0.00560036,-0.00163699,0.0127086,-6.00858e-05,0.0257185,-0.00786418,0.163669,0.00123567,0.0361146,0.00245817,0.303017,-0.0293762,0.00507247],[0.0178823,0.0165827,0.0147666,-0.00517567,0.0483096,0.0620755,0.00740268,-0.000190601,0.0303507,-0.0166163,0.0013982,-0.000494441,0.00502794,-0.000622716,-0.00311452,0.006931,0.00123567,0.0253154,-0.0161719,0.00028567,0.0824336,0.0233264,0.00119449],[-0.0208946,-0.0833335,-0.24439,0.00559264,-0.0617581,-0.129984,0.0785079,0.0140679,-0.0816695,-0.012025,-0.00178405,-0.00088281,-0.0100575,0.00355591,0.00140514,-0.0223565,0.0361146,-0.0161719,0.300098,-0.00292467,-0.0628183,0.214974,0.00373174],[-0.000882401,0.00317444,-0.0051502,0.00109353,-0.00498776,-0.00523928,0.00360378,0.000363524,-0.00456519,0.00208999,0.000205551,0.000603984,0.00347869,0.00111589,0.000608464,-0.000104991,0.00245817,0.00028567,-0.00292467,0.0038998,0.0110456,0.00388762,0.000850633],[0.0846889,0.0156891,-0.741984,-0.0228505,0.50163,0.464961,0.366418,-0.0159227,-0.501769,-0.289751,0.0125659,0.00922781,0.0328699,-0.000693812,0.0246277,0.0135067,0.303017,0.0824336,-0.0628183,0.0110456,3.52072,0.35312,0.000449184],[-0.124659,-0.538543,-1.13743,0.092253,0.253554,0.106987,0.0891261,0.0333002,-0.080409,-0.12142,0.00379762,0.0231336,-0.00990385,0.0376807,-0.0347209,-0.207441,-0.0293762,0.0233264,0.214974,0.00388762,0.35312,2.70737,-0.0158898],[0.00135518,0.00557616,-0.00974713,-0.00225996,0.000602547,-0.0012609,0.00696806,-0.000174603,-0.0120997,0.0105276,-0.000144461,0.00181712,0.00312205,0.00372527,0.00503915,0.0017563,0.00507247,0.00119449,0.00373174,0.000850633,0.000449184,-0.0158898,0.0082397]],"n":23,"lags":3}