{"betahat":[[1.64586,4.00693,9.73378,-1.80658,1.219,4.67637,2.26569,0.385775,-1.79733,2.55111,0.156059,0.444448,1.08039,1.14199,0.57895,1.17055,1.56092,42.8506,38.0652,0.522677,2.28089,1.97204,1.72395],[0.92334,0.0946242,-4.22279,-0.0245424,0.617111,-0.373096,0.0662447,-0.0314805,-0.0367984,-0.366381,-0.00277074,0.008191,-0.120711,0.0185758,-0.0808812,0.0597019,-0.0459489,0.0431068,0.0211132,0.0258864,0.768869,0.122536,0.00159835],[-0.140074,0.667633,0.884409,-0.108281,-0.0888807,0.287237,0.0292903,0.0226276,-0.0552881,-0.0943191,0.0051165,0.00954922,0.00906423,0.00348883,-0.00303348,-0.00888253,-0.0120948,0.00712787,0.124141,-0.00712614,-0.150123,0.128703,-0.0117791],[-0.00256851,0.000414304,0.491475,0.00374472,0.00950795,-0.138374,-0.00557904,0.000711056,0.00491504,0.00931274,0.000357267,6.95252e-05,-0.00156493,0.00060005,-0.00174261,-0.000713672,-0.00517924,0.000211237,-0.00223707,0.000243186,-0.00611377,-0.010028,0.00050041],[0.28239,0.645356,2.43085,0.816545,-0.0204453,0.525319,0.171699,-0.0312238,0.0631513,0.0346259,-0.00706505,0.0197459,0.00268561,0.0285205,0.0301541,0.208752,0.0238465,0.0247973,-0.0856976,-0.0164486,-0.14468,-0.95463,0.0124559],[0.00497397,0.0973965,5.22493,0.0161685,0.527926,1.03388,0.0918335,0.0043047,-0.160942,-0.0321112,-0.00131609,-0.00322665,0.0199172,0.00378737,0.0314383,0.0256362,0.0688625,-0.00370431,-0.0620508,8.20626e-05,-0.165077,-0.193102,0.00987593],[0.00757722,0.00492445,-0.0042747,0.0163982,-0.0683264,0.875125,-0.00146837,0.00258527,0.0227926,0.000106709,0.00157608,-0.00136703,0.01289,-0.00286027,0.0105323,0.00146528,0.016935,0.00299506,-0.0198487,-0.00107639,-0.0261719,-0.0831578,-0.00224642],[0.101644,0.11619,-0.233088,-0.0103818,0.0794837,-0.182102,0.96905,-0.0150116,0.0594134,-0.0847009,0.00356905,0.00549755,0.062865,-0.000809073,0.0471496,0.0192754,0.13614,0.0333666,0.0426314,0.0312586,1.38417,0.0109281,0.0370915],[0.371173,0.849151,8.59983,-0.472926,0.13117,3.05535,0.912035,1.15942,-1.34507,-0.327492,0.0656572,0.0951312,0.256686,0.0947661,0.350617,0.132381,0.690717,0.15052,1.43911,-0.0201383,2.97269,-1.03014,0.0124187],[0.0627161,0.123617,-0.841754,0.00874717,0.0710415,-0.160598,-0.0379126,-0.0211628,1.09074,-0.0732642,-0.00643446,-0.0281353,0.00798017,-0.0211955,-0.00785822,0.0430312,-0.0415895,-0.00373277,0.063755,-0.00647806,-0.33171,-0.0370701,-0.0322047],[0.0551196,0.188152,-0.0761024,-0.0721109,-0.0704501,-0.0490724,-0.243391,-0.0120106,0.217374,1.14609,-0.00731376,-0.0252446,0.0229809,-0.0265207,0.0336221,0.0898341,-0.0895878,0.0497888,-0.0206828,0.00577844,-0.276774,-0.611865,0.0159223],[-1.84626,-2.3125,-27.5481,-0.607167,-0.590066,-8.78355,-4.76242,-0.134568,2.69866,-0.539397,0.315848,-0.120103,-0.515403,-0.119822,-0.340494,-0.405601,-3.5175,-0.59635,-4.73218,0.000251971,-13.5034,0.381888,-0.26183],[0.43474,1.2283,-7.29257,1.02702,0.02893,-2.1219,-0.575352,-0.103984,1.65581,-0.101319,-0.069496,0.936943,0.0934439,0.00291379,0.0965354,0.923381,-0.0970269,0.0057269,-0.334077,0.099736,-2.92203,-4.23673,0.110508],[0.072101,0.532421,-3.28144,-0.239355,-0.504548,-1.57842,0.997566,0.0843465,-1.97365,0.0365533,0.0316248,-0.111868,1.02507,-0.0618977,0.177116,0.216873,0.588863,-0.221395,0.598055,-0.00774774,1.67361,0.280258,0.0425033],[-0.149849,0.378895,13.6249,-0.989191,-1.11093,2.94133,0.0919103,-0.104951,-1.83468,0.615286,0.0529861,0.439433,0.0857412,1.26126,0.0192403,-0.182709,0.407181,-0.352473,-0.0896521,-0.072916,-2.46729,-2.09993,0.37366],[0.259209,-0.236161,-1.06852,0.220093,0.779995,0.228198,-0.400283,-0.11947,0.769175,0.519741,0.0201167,0.268246,0.0298295,0.250262,0.92417,0.268555,-0.0922412,0.07279,-0.959659,0.101242,-1.30972,-1.74298,0.116369],[0.0594043,-0.0084069,4.15843,-0.0579166,0.268627,1.45753,0.0940257,-0.0208128,0.2606,0.313446,-0.0121126,-0.0145867,0.0809508,-0.016629,0.139651,0.940173,0.132924,0.0120999,0.0775248,-0.00457134,-0.160855,-0.376958,0.0269908],[0.0862679,0.2293,-2.26554,0.145337,0.0784913,-0.530878,0.198774,-0.0239049,0.10508,0.0253335,-0.0180767,0.000249158,0.022144,0.0118838,0.0274745,0.0367776,0.794199,-0.0246531,0.254556,-0.0238447,-1.15795,0.717053,-0.000316319],[-0.252888,-0.515062,1.35003,0.161203,-0.220162,0.452739,0.254245,0.0457733,-0.239243,0.597932,0.0211623,0.0325377,0.018365,0.0808875,-0.00615472,-0.339993,0.377678,0.221842,-0.209157,0.00518707,0.660574,2.78962,0.0790476],[-0.428597,-0.949729,-0.727746,0.25971,-0.511312,-0.684469,-0.18575,0.0503498,0.28458,0.152901,-0.0365158,0.0182229,-0.120755,-0.0131437,-0.0348263,-0.259776,-0.298907,0.0101222,0.84473,-0.00653429,-1.18954,1.09073,-0.0148127],[-1.49107,-2.80016,0.245726,-0.489076,-0.450562,1.08684,-0.914209,0.277582,0.521428,-0.504085,-0.0721129,-0.142195,-0.540944,-0.06855,-0.606127,-1.07549,-1.18886,-0.203365,-0.640589,0.47893,-3.78409,0.0308368,-0.0688359],[-0.0106593,0.0407869,0.611263,-0.0450637,-0.0222917,0.149889,-0.0405639,0.00471309,0.0121999,-0.0216028,0.00177855,0.000770766,-0.00507877,0.000188239,-0.00965956,0.0157855,-0.0335368,0.014557,-0.00991968,-0.00612643,-0.492854,-0.192285,-0.00940262],[0.0393341,0.0672271,0.0604372,0.0572823,0.123045,0.211938,-0.0193509,-0.0120214,0.0556333,-0.0575274,-0.000192581,0.00318691,0.00296865,0.000713794,-0.000187271,0.0431517,-0.000214192,0.0181153,0.0244826,0.00104519,0.302856,0.806675,-0.00048662],[-1.07695,-3.19241,0.619677,0.360106,0.0915572,-0.602222,-0.988768,0.191551,1.39236,-0.768655,0.0429269,-0.0554236,-0.0881335,-0.035806,-0.0722767,-1.34204,-1.00096,0.568897,1.05138,-0.100003,3.55529,8.16767,0.494576],[-0.0140659,-0.127121,3.77343,0.0204842,-0.642558,0.319249,-0.0145761,0.01398,-0.0503396,0.280398,0.00352202,0.00971459,0.0678513,-0.0142567,0.0228193,-0.0362175,0.0217226,-0.0385388,0.0222515,-0.0118299,-0.390679,-0.238216,-0.00501596],[0.0824062,0.188987,-0.472637,0.063297,0.0127356,-0.223778,-0.00115133,-0.00891436,-0.00894136,0.0853067,-0.00602513,-0.000525575,0.013492,0.00624352,0.0236925,0.00303973,0.0132255,-0.00214805,-0.0344492,0.00653961,0.0571223,-0.173642,0.0162785],[-0.000219926,-0.00238915,0.386401,-0.0037005,-0.00951141,0.106617,0.00481818,0.000176875,-0.00331117,-0.00840261,-0.000178538,-5.17862e-05,0.000488685,-0.0006342,0.000917476,-0.00171976,0.00698071,0.000194069,-0.00122314,-0.000228908,-0.00534842,0.0125835,-0.000559996],[-0.208484,-0.422949,-4.88608,0.0884538,-0.00779445,-1.24752,-0.243024,0.0229607,0.117368,0.0096484,-0.00521899,-0.0116098,-0.0676258,-0.0326824,-0.0530808,-0.071885,-0.0784088,-0.012254,0.127969,0.00744387,0.167955,0.376538,-0.0154861],[-0.0252795,-0.0734528,-3.70121,-0.0329916,0.34353,-0.698798,-0.0374436,-0.00565575,0.0747243,0.0386807,-0.00268233,0.00629389,-0.0157759,0.00135061,-0.011925,-0.00523138,-0.0609997,-0.0131346,0.0272827,0.00211595,0.288231,0.00890035,-0.00452264],[-0.0175105,-0.0155772,-7.12299e-05,-0.0211628,0.0659701,0.119855,0.0145609,1.55685e-05,-0.029785,-0.0206503,-0.001315,0.00134913,-0.0129166,0.00198043,-0.00793616,-0.0082648,0.000227675,-0.00167449,0.0115886,0.000458774,0.0460757,0.0798998,0.000890089],[-0.0213378,0.0122663,-1.17802,-0.00142457,0.104174,-0.132003,-0.161984,0.0182176,0.080436,-0.0153702,-0.00653242,-0.00570174,-0.0424099,-0.00512036,-0.0259683,0.0364938,-0.161285,-0.0466344,0.0127414,-0.036509,-0.966221,-0.241038,-0.0317522],[-0.230883,-0.45248,1.35396,0.467254,-1.31881,-1.41761,-0.531565,-0.121886,0.945999,0.686389,-0.00680754,-0.137688,-0.283178,-0.126964,-0.405647,-0.00223309,-0.516651,-0.155466,-0.0406618,-0.0419258,-4.26777,-0.447574,0.0300441],[-0.0246849,-0.116675,0.67038,-0.0233795,-0.00699112,0.209045,0.0704889,0.00893027,-0.0820521,0.0217118,0.00475304,0.0168104,-0.0101722,0.0107113,-0.000877424,-0.0194351,0.0487231,0.0107452,-0.0498828,0.000720413,0.405978,0.0828797,0.0235688],[-0.00440472,-0.143041,1.74961,0.129665,-0.102079,0.417595,0.275093,0.0312158,-0.0723323,-0.267222,0.0105281,0.0130959,0.0146819,0.0111473,-0.00705864,-0.0749064,0.0791356,0.0185841,-0.0199544,0.0072289,0.548399,0.905269,-0.0170629],[-0.0894609,0.0949368,2.67096,2.03926,1.37781,2.98191,-0.949753,-0.0884941,3.39686,1.26077,-0.0867575,0.201267,-0.429352,-0.00808651,0.256952,-0.477422,1.27405,0.125039,-1.03032,0.0854247,-0.891166,-4.87617,0.44704],[0.260049,0.180166,-1.3565,0.0602434,0.593324,-0.00450356,0.317753,0.0240196,0.423277,0.0975616,-0.010554,-0.15498,-0.0818902,-0.0599418,0.0718879,0.101976,-0.207859,0.178811,-0.61141,-0.00556485,1.68428,0.941055,-0.0187821],[0.0257687,0.247473,2.34827,0.0957693,-0.118839,0.734594,0.158715,-0.0428447,-0.263004,0.588785,0.00213711,0.109377,-0.103939,0.0545643,-0.101576,-0.0255763,-0.05065,0.0829274,-0.0343903,0.0113364,1.14812,-1.73685,-0.0125306],[0.0869005,0.364464,2.24461,-0.397865,-0.254361,0.282673,0.54231,0.0539969,-0.228933,-0.449589,0.0336237,-0.142158,0.020535,-0.173189,-0.0440265,0.0751821,0.223832,-0.0527969,0.448919,0.0173685,-1.59909,0.292852,-0.1198],[-0.154341,0.0628725,-4.0037,0.259822,-0.120455,-0.944544,-0.109879,0.0473787,0.157913,-0.184727,-0.000320614,-0.0276193,0.0670904,0.0350713,-0.084466,-0.136816,0.047584,-0.0722146,0.354787,0.0172724,0.00802591,0.740809,-0.0322827],[-0.013909,0.0512934,-3.42364,0.0500754,-0.0137373,-0.923833,0.0289834,0.000287188,-0.202204,-0.247893,0.00942712,0.00190497,-0.0626376,0.00495487,-0.100308,0.0506117,0.00636306,0.00937117,-0.110853,0.00265974,-0.120738,0.264642,-0.0212975],[-0.10769,-0.220483,2.05597,-0.0762917,-0.124529,0.523804,-0.100529,0.0339123,-0.260953,-0.148883,0.0251509,0.015386,0.0619378,0.0135043,0.0254011,-0.00274108,0.241984,0.0110535,-0.173481,0.0381114,1.20633,-0.724357,0.0253558],[0.305109,0.470114,2.45345,-0.0724508,0.254111,0.838608,-0.246197,-0.00329272,0.522962,-0.347174,-0.0383183,0.00391519,0.149977,-0.027515,0.22021,0.285901,-0.232798,0.0519376,0.0723576,-0.00990063,0.0343517,-1.71051,0.0376393],[0.326878,0.769089,-0.208559,-0.265168,0.570057,0.507773,0.0310268,-0.0434348,-0.0169245,-0.293807,0.0152438,-0.0286253,0.0737048,-0.0107898,0.00959321,0.240562,0.203233,-0.00521515,-0.133004,0.0108306,0.492811,-0.438416,0.0290244],[0.350034,0.860489,-4.93175,-0.0362974,0.659997,-2.00558,-0.340212,-0.079182,0.988585,0.411643,0.112224,0.0142089,0.298712,-0.0102059,0.0790083,0.41083,0.371501,-0.0205231,-0.333005,0.320165,-0.192491,1.33132,0.0260272],[0.00991765,0.0205638,0.241896,-0.0289846,-0.0144535,0.0546435,-0.0146417,0.00709316,-0.0453548,0.0174113,-0.00142531,-0.000367324,-0.00586951,0.00226044,-0.00503527,-0.0020388,-0.0083853,0.0195445,0.00194516,0.00113628,-0.134325,-0.0888537,0.000172906],[-0.0307385,-0.0600065,0.0476189,-0.04905,-0.05536,-0.106837,-0.0145987,0.00691336,0.0141207,0.0679378,2.78648e-05,-0.000417619,0.00246916,-0.00245785,0.0017269,-0.0415954,-0.00742784,-0.0144173,-0.0176547,0.00103444,-0.332221,0.132134,-0.00191775],[0.316901,1.19438,-2.77689,-0.310654,-0.541631,-0.40734,1.12102,-0.070485,-1.55046,0.280721,0.0134231,-0.0794909,-0.108875,-0.0392497,-0.182066,0.540032,0.751343,-0.0696832,0.458376,0.0847776,0.99583,-1.1521,0.0746268],[0.0905854,0.0324715,0.450057,0.00398332,0.025299,0.0541515,-0.0518815,0.0174765,0.0869598,0.0859475,-0.000759971,-0.0178938,0.0528818,-0.00430766,0.0580885,-0.0235219,0.0241378,-0.00462189,-0.0433851,-0.0140847,-0.378295,0.115388,0.00343414],[0.0574843,0.143181,-0.412545,0.0448717,0.0759992,-0.0639069,-0.0282475,-0.0136773,0.0637939,0.0089668,0.000913486,-0.00897845,-0.0225739,-0.00968846,-0.0206565,0.00576731,-0.00121253,-0.00501065,-0.089909,0.000574945,0.0932459,0.0450415,-0.00449161],[0.00210304,0.00101501,0.105139,0.000366583,-0.000292464,0.0259726,-0.000320679,-0.000877535,-0.00104555,-0.000455928,-0.000191611,-4.36491e-05,0.001007,3.29649e-05,0.000703423,0.00197667,-0.00249566,-0.000789736,0.00305058,7.41556e-06,0.00907426,-0.00245048,-1.83238e-05],[-0.0737562,-0.221914,2.45557,0.0948294,0.0283087,0.722271,0.0712095,0.00825743,-0.180811,-0.044422,0.0122671,-0.00813581,0.0649459,0.0041648,0.0229958,-0.13676,0.0546656,-0.0126161,-0.042036,0.00897428,-0.0229691,0.577454,0.00303907],[0.0200853,-0.0240432,-1.52038,0.0168108,0.128115,-0.334564,-0.0546469,0.00132005,0.0859401,-0.006433,0.00399241,-0.0030427,-0.00420488,-0.00513157,-0.0195412,-0.0204843,-0.00810582,0.0168013,0.0341497,-0.00221287,-0.1227,0.183504,-0.00537271],[0.00965052,0.0102192,0.00346465,0.00490088,0.00192087,0.00401555,-0.0135333,-0.00264758,0.00683258,0.0207578,-0.000270258,6.42721e-05,-5.18524e-05,0.000913789,-0.00263394,0.00665677,-0.0174657,-0.00146163,0.0076287,0.000612624,-0.0200476,0.00268793,0.0013462],[-0.0807075,-0.128498,1.42587,0.0115228,-0.184099,0.318328,0.191877,-0.00323626,-0.142243,0.0995285,0.0028555,0.000604326,-0.0202814,0.00628329,-0.020553,-0.0561233,0.0255283,0.0125337,-0.0559929,0.00506516,-0.414064,0.229239,-0.00523609],[-0.0403598,-0.118995,-9.8445,-0.179357,1.09041,-1.93151,-0.606936,-0.0616879,0.385563,-0.253414,-0.064561,0.059963,0.0181323,0.0607836,0.0779229,0.0142643,-0.34921,0.0577075,-0.956107,0.0588074,-0.119941,1.89597,-0.0152951],[-0.0375948,-0.00671367,0.175648,0.0144525,-0.0635189,-0.0463949,-0.0308407,0.0120955,-0.0104314,0.0505817,0.00157698,0.0114408,0.00271613,0.0105598,0.00938464,-0.0234934,-0.00477052,-0.0080036,-0.00903428,0.00554587,-0.071885,-0.0452067,0.00863627],[-0.0500226,-0.0444976,-1.67146,-0.0573008,0.174491,-0.366207,-0.0316892,-0.0192955,-0.14329,0.119413,-0.00320937,0.0120816,-0.0378594,0.0152308,-0.0267679,-0.0147154,0.0108067,-0.0679491,0.0413864,-0.013123,-0.268903,-0.292363,0.00102802],[-0.14848,-0.285369,-18.1453,-1.36776,4.67053,1.60491,1.88754,0.152939,-4.86648,-2.40348,0.0391817,0.235519,-0.0449861,0.110847,0.0457474,-0.0617829,0.17331,0.602732,0.117668,-0.268999,8.99985,3.31513,-0.0879918],[0.139014,-0.194533,-1.37115,0.0204814,0.267883,-0.444915,-0.408037,-0.0147904,0.201369,0.557277,-0.00537268,-0.013879,0.0375473,-0.000521735,0.0921218,-0.0449247,-0.195578,0.00733983,-0.483472,-0.0589984,1.17747,-0.92961,0.0112611],[-0.129834,-0.626443,0.427506,0.150934,0.0841962,0.257408,-0.14574,0.0258429,0.134295,-0.549485,-0.0165993,-0.04994,-0.0260962,-0.0412297,-0.0417796,-0.171292,-0.133729,0.0928922,-0.0464575,0.0154189,0.68271,0.964799,-0.0423182],[-0.238294,-0.707715,-1.16332,0.128779,-0.102388,-0.325908,-0.0448009,0.0859208,-0.0484679,-0.228737,0.0010818,-0.0406013,0.0539863,-0.0805715,0.00349797,-0.236681,-0.112703,-0.141948,0.149853,0.0201897,0.212524,0.991393,-0.129181],[0.206263,0.435554,3.25977,-0.141892,0.484388,1.47787,-0.209504,-0.0630808,0.302475,-0.742143,-0.0337529,-0.0882325,-0.0615085,-0.0848772,0.0486758,0.107428,-0.0198674,0.0629742,-0.245673,-0.0529023,0.632789,1.2541,-0.0258971],[-0.046124,-0.0441016,-0.726237,0.00829662,-0.254881,-0.530962,-0.123279,0.0204105,-0.0586191,-0.0652631,0.00268121,0.0128359,-0.0182809,0.0118507,-0.039235,0.008643,-0.139069,-0.0215958,0.0316351,0.0019203,0.28429,0.111375,-0.00566814],[0.021084,-0.00883552,0.216256,-0.0690952,0.0459961,0.00927738,-0.0990986,-0.0100611,0.15385,0.123464,-0.00714267,-0.0153183,-0.0841003,-0.025075,-0.0526306,-0.0342884,-0.0367285,0.0131899,-0.0825,-0.0144044,-0.0451256,0.00727037,-0.0249913],[-0.04358,0.0636936,-3.68102,-0.0857365,-0.0309946,-1.26227,-0.0201247,-0.0435878,-0.238518,-0.255466,0.0178676,-0.0405264,-0.170587,-0.0578483,-0.218678,0.0658488,-0.154464,-0.261672,0.111575,0.00451334,-0.740724,-1.15362,-0.118431],[0.108738,0.148096,0.700607,0.0352185,-0.0833555,0.0855755,0.226666,0.000108183,-0.253983,0.119702,0.0172403,0.00463994,0.0529214,0.0176404,0.0348901,0.013665,0.147388,-0.0236339,-0.422377,-0.00711784,0.55473,-0.555215,-0.0193626],[1.20271,1.82408,-1.09108,0.134084,0.13871,-0.959702,0.42526,-0.150401,-0.311315,0.387558,-0.0144654,-0.0932441,0.290335,-0.137581,0.40575,0.823511,0.0872507,0.293349,0.775097,0.0851344,0.470742,-1.3196,-0.0176316],[0.000775123,0.00529998,-0.342269,-0.000552201,0.0274466,-0.0754807,-0.0321904,0.00391659,0.0425729,0.0271896,-0.00208358,-0.000351766,0.00707119,0.00134386,0.00801468,0.0125373,-0.0373159,0.00493834,-0.0113182,-0.00115823,-0.203094,-0.0713803,0.0046465],[-0.00540999,-0.00801892,-0.0499214,0.00221344,-0.0658572,-0.0818912,0.0377889,0.00277947,-0.0601565,-0.0112979,0.00135774,-0.00271206,-0.00837036,-0.00103612,-0.00517768,0.000358373,0.0075058,0.00442674,-0.0481018,-0.0013328,0.0546869,0.000759296,-0.000699288],[-0.072508,0.222045,1.76718,-0.0423866,0.302982,0.997059,-0.231008,-0.00569947,0.760691,0.214317,-0.021807,-0.052407,-0.0377079,-0.0979779,-0.0659995,-0.137444,-0.10139,-0.0350717,-0.022751,0.00110862,-1.83162,-1.07406,-0.00514236]],"sigmahat":[[0.114031,0.174372,0.362167,-0.0186734,0.0612077,0.135879,0.023076,-0.00560034,0.0198687,-0.0172785,0.000351298,-0.00423224,0.00285066,-0.00572242,0.00807945,0.0600303,0.0256764,0.0183159,-0.0205404,-0.00250072,0.117581,-0.159858,0.00144366],[0.174372,0.658306,0.121379,-0.152968,0.0614065,0.114058,-0.033874,-0.0220285,0.00998955,0.00899613,0.000243052,-0.0149009,-0.0122104,-0.0190174,-0.00223849,0.164419,0.00637549,0.0186353,-0.0916868,0.000647932,0.056913,-0.613189,0.00675496],[0.362167,0.121379,40.7129,-0.0808316,-2.66028,8.32575,0.985609,0.0402866,-1.13381,-0.147272,0.0376107,0.0225706,0.296369,-0.00874983,0.289657,0.0159188,0.744315,-0.0102722,-0.347863,-0.0113449,-0.675046,-1.30646,0.00281713],[-0.0186734,-0.152968,-0.0808316,0.170487,-0.0573007,-0.0951869,0.0162216,0.00170143,0.0622837,0.00743302,-0.000266415,0.00132484,-0.00188904,0.00380834,-0.00215328,-0.0388891,-0.0102747,-0.00585049,0.0100303,0.00229407,-0.0251554,0.117932,-0.00335511],[0.0612077,0.0614065,-2.66028,-0.0573007,0.754738,0.0593378,-0.090524,-0.0211824,0.194795,-0.140664,-0.00613689,0.00601459,-0.0162041,-0.0013312,-0.0136784,0.0374664,-0.0253446,0.049362,-0.0301225,-0.00641465,0.55413,0.27916,-0.000990446],[0.135879,0.114058,8.32575,-0.0951869,0.0593378,2.97852,0.262516,-0.00684748,-0.212561,-0.228805,0.00671896,0.0217209,0.0532342,0.00468928,0.0510419,0.0490408,0.194471,0.0554441,-0.126802,-0.0089083,0.527339,0.0695833,0.00200678],[0.023076,-0.033874,0.985609,0.0162216,-0.090524,0.262516,0.296798,0.0105943,-0.240457,-0.0151859,0.0091951,0.000261521,0.0135194,0.00586082,0.0137143,-0.014399,0.148385,0.0109412,0.0563855,0.00300666,0.331995,0.0693619,0.00687994],[-0.00560034,-0.0220285,0.0402866,0.00170143,-0.0211824,-0.00684748,0.0105943,0.00698272,-0.0153302,-0.00292875,0.000775713,0.00050561,0.00141622,0.00160099,0.00131923,-0.00825451,-0.00045413,-0.00019274,0.0104616,0.000740416,-0.0243975,0.0341243,-0.000107681],[0.0198687,0.00998955,-1.13381,0.0622837,0.194795,-0.212561,-0.240457,-0.0153302,0.588594,0.0182787,-0.0100249,-0.0105522,-0.0231216,-0.0191855,-0.027572,0.0144657,-0.121674,0.0270729,0.00126827,-0.00438989,-0.402603,-0.0161302,-0.0156385],[-0.0172785,0.00899613,-0.147272,0.00743302,-0.140664,-0.228805,-0.0151859,-0.00292875,0.0182787,0.210797,-0.000883013,0.00181161,-0.00190751,0.00610846,0.00195732,-0.017968,-0.021953,-0.0154753,-0.0114839,0.000347257,-0.283729,-0.133759,0.0117848],[0.000351298,0.000243052,0.0376107,-0.000266415,-0.00613689,0.00671896,0.0091951,0.000775713,-0.0100249,-0.000883013,0.00146942,-0.000187091,0.000896444,-0.000166846,-0.00104832,-0.000728677,0.00594167,0.00142912,-0.00381186,0.000250376,0.0153749,0.000583565,-2.92883e-05],[-0.00423224,-0.0149009,0.0225706,0.00132484,0.00601459,0.0217209,0.000261521,0.00050561,-0.0105522,0.00181161,-0.000187091,0.00628639,0.000431465,0.00481189,0.00129782,-0.00436786,-0.00109079,-0.000735979,-0.00126748,0.000257633,0.0151412,0.0211884,0.00224982],[0.00285066,-0.0122104,0.296369,-0.00188904,-0.0162041,0.0532342,0.0135194,0.00141622,-0.0231216,-0.00190751,0.000896444,0.000431465,0.0253947,0.00250945,0.0193241,-0.00490861,0.0266378,-0.000742536,0.00279784,0.00291813,0.00735372,-0.00176589,0.00362318],[-0.00572242,-0.0190174,-0.00874983,0.00380834,-0.0013312,0.00468928,0.00586082,0.00160099,-0.0191855,0.00610846,-0.000166846,0.00481189,0.00250945,0.00765343,0.00340456,-0.00660486,-0.00026697,-0.00092933,0.000981563,0.00107931,0.00276513,0.0356221,0.00411542],[0.00807945,-0.00223849,0.289657,-0.00215328,-0.0136784,0.0510419,0.0137143,0.00131923,-0.027572,0.00195732,-0.00104832,0.00129782,0.0193241,0.00340456,0.0249494,-0.00269043,0.0246166,-0.00222334,0.00238781,0.000756557,0.0213518,-0.0281692,0.00455805],[0.0600303,0.164419,0.0159188,-0.0388891,0.0374664,0.0490408,-0.014399,-0.00825451,0.0144657,-0.017968,-0.000728677,-0.00436786,-0.00490861,-0.00660486,-0.00269043,0.0805916,-0.00742318,0.00815783,-0.0213447,-0.00116172,0.0301635,-0.235483,0.00225675],[0.0256764,0.00637549,0.744315,-0.0102747,-0.0253446,0.194471,0.148385,-0.00045413,-0.121674,-0.021953,0.00594167,-0.00109079,0.0266378,-0.00026697,0.0246166,-0.00742318,0.167046,0.00444512,0.0302349,0.00194681,0.307485,-0.0446511,0.00481022],[0.0183159,0.0186353,-0.0102722,-0.00585049,0.049362,0.0554441,0.0109412,-0.00019274,0.0270729,-0.0154753,0.00142912,-0.000735979,-0.000742536,-0.00092933,-0.00222334,0.00815783,0.00444512,0.0254228,-0.0120103,3.06489e-05,0.0916319,0.0226047,0.00135067],[-0.0205404,-0.0916868,-0.347863,0.0100303,-0.0301225,-0.126802,0.0563855,0.0104616,0.00126827,-0.0114839,-0.00381186,-0.00126748,0.00279784,0.000981563,0.00238781,-0.0213447,0.0302349,-0.0120103,0.33664,-0.00403299,-0.146095,0.247512,0.000727727],[-0.00250072,0.000647932,-0.0113449,0.00229407,-0.00641465,-0.0089083,0.00300666,0.000740416,-0.00438989,0.000347257,0.000250376,0.000257633,0.00291813,0.00107931,0.000756557,-0.00116172,0.00194681,3.06489e-05,-0.00403299,0.00459609,0.0051606,0.00898505,0.000698142],[0.117581,0.056913,-0.675046,-0.0251554,0.55413,0.527339,0.331995,-0.0243975,-0.402603,-0.283729,0.0153749,0.0151412,0.00735372,0.00276513,0.0213518,0.0301635,0.307485,0.0916319,-0.146095,0.0051606,3.57348,0.248111,0.00306636],[-0.159858,-0.613189,-1.30646,0.117932,0.27916,0.0695833,0.0693619,0.0341243,-0.0161302,-0.133759,0.000583565,0.0211884,-0.00176589,0.0356221,-0.0281692,-0.235483,-0.0446511,0.0226047,0.247512,0.00898505,0.248111,2.85604,-0.0240427],[0.00144366,0.00675496,0.00281713,-0.00335511,-0.000990446,0.00200678,0.00687994,-0.000107681,-0.0156385,0.0117848,-2.92883e-05,0.00224982,0.00362318,0.00411542,0.00455805,0.00225675,0.00481022,0.00135067,0.000727727,0.000698142,0.00306636,-0.0240427,0.00870113]],"n":23,"lags":3}