{"betahat":[[-0.371429,-1.47589,0.474152,0.51362,-0.112246,0.160618,0.64045,0.102721,-0.0972528,-0.0359215,0.000445115,9.86706,-0.0592496,-0.12624,3.00304,0.387168,1.81733,-0.039178],[1.00579,0.0642101,-0.949405,-0.116925,0.357839,0.150571,0.0659384,-0.0306964,0.00688898,-0.0115326,-6.32934e-05,-0.275064,-0.0270966,-0.0529253,0.0293502,-0.123753,-0.0431031,-0.010067],[-0.0551761,0.86946,0.438342,-0.106478,0.00851737,0.19535,0.081262,0.0115772,-0.00330285,0.0107383,3.41537e-05,0.156187,0.0217514,0.020103,-0.165137,-0.142949,0.109387,0.00293752],[-0.000671274,-0.00172626,0.598223,0.00107698,0.0109795,-0.110155,-0.00551579,0.000721263,0.000544198,0.00016831,9.03248e-06,-0.101373,-0.00121806,-0.000572304,-0.00901411,-0.00216125,-0.0140003,4.67116e-05],[0.209776,0.414705,0.534426,0.986506,0.118447,0.251765,0.0453453,-0.0316529,0.0193122,0.00697747,-0.000110615,3.21208,0.0214967,-0.0266319,1.53598,0.341439,-0.000537426,0.0151576],[-0.000920977,0.0524062,3.70604,-0.0271256,0.775308,0.833981,0.0639271,0.00570496,0.00903053,0.00796779,-0.000177872,0.344845,-0.0146739,-0.00932285,0.304435,0.0630129,0.0668743,-0.0075071],[-0.000317405,-0.000565766,-0.253396,0.0040617,-0.0182281,0.874155,-0.00266508,0.00383313,0.00108922,0.0070877,-3.31952e-05,0.0352986,0.00250567,0.00521624,-0.0115226,0.00317189,7.87948e-05,-0.00148935],[-0.015156,0.0387992,0.7304,-0.0517978,-0.00933741,0.0870242,0.9105,0.00502001,0.0155584,0.0260304,4.22059e-05,0.0606478,0.0355028,0.0304896,-0.21703,-0.158634,-0.207273,0.00888878],[-0.316297,-0.352719,-1.69691,-0.342826,0.264709,0.278735,0.425224,1.31269,0.0872649,0.106263,0.000860776,-0.0355724,0.124588,0.0905127,2.15281,0.17752,0.717156,0.0358452],[-0.430857,-0.438116,1.53816,-0.0411877,-0.935167,-0.641589,-0.548841,-0.0310726,1.19499,-0.0681074,0.000333845,-1.96032,-0.0710287,-0.0520134,-0.205557,-0.0599874,-0.724416,0.166033],[-0.29907,-0.611201,-0.97229,0.00134368,-0.629556,-1.13098,0.0326887,0.0227146,0.14481,1.09738,0.000437302,0.779958,0.00418493,-0.0305028,0.523343,0.0661128,-0.623853,0.106373],[72.9814,85.1691,223.682,-19.369,74.3873,121.91,21.867,4.20442,-2.39252,22.3721,0.878359,444.567,21.2767,19.9606,-58.4563,96.8542,44.0253,3.10982],[0.000348871,-0.00333841,-0.187564,-0.00700278,0.00696857,-0.0569043,0.00248228,0.00104756,-0.00188331,-0.000708748,8.41491e-06,1.06692,0.00159875,0.00139864,-0.0116845,-0.0110007,-0.00136585,0.000162615],[0.000691075,-0.0641655,1.01228,-0.110572,0.428062,1.06196,-0.0368068,0.00134236,0.0692635,0.0197672,-0.000570163,-1.8337,1.00883,0.0283694,-0.33263,0.142113,-0.0619145,0.0628542],[0.138208,0.0344763,-0.958745,-0.000659534,0.140984,-0.651466,-0.165181,-0.0142302,-0.0310711,0.025318,-1.82345e-05,-6.88128,0.0174829,1.10576,-1.43432,0.194168,-0.257976,0.00997472],[0.0192126,0.0199813,0.180919,0.0121574,0.016545,0.0560047,-0.0115474,-0.00424886,-0.00115655,0.00813552,2.11492e-05,-0.0447413,0.0124132,0.00606484,1.01932,0.0268772,0.00336568,-0.00207437],[0.0736391,0.135146,0.821488,-0.0365222,0.0988902,0.268881,-0.0100677,-0.0142531,0.00471905,-0.00722919,-0.000155362,0.160934,-0.0151927,-0.00167771,-0.202872,0.530903,-0.0107303,0.0123763],[0.102358,0.208999,-0.183283,0.0626366,0.00726378,-0.0496651,0.201379,-0.0150833,0.00656785,0.00406241,-0.000131006,-0.176215,-0.00927044,0.00393645,-0.222269,0.110828,0.560451,0.00347365],[0.223098,0.482086,3.4281,0.197765,0.552319,1.71562,0.0508383,-0.057111,0.170803,0.141585,-0.000232279,5.31756,0.185111,0.0598118,1.83209,-0.273608,1.00081,1.12913],[-0.0148644,-0.0963134,1.88254,0.0908612,-0.375781,0.154289,0.0355351,0.0140169,0.000896574,0.0120986,5.9269e-05,0.613442,0.0298978,0.0474882,-0.0874016,0.0826763,0.170934,0.0177177],[0.0253461,0.042086,-0.118656,0.0859577,-0.0438074,-0.113364,-0.00678056,-0.00571195,0.00678471,0.0069482,-6.30213e-06,0.446739,0.00372027,-0.000786494,0.247451,0.0949144,0.0221215,0.00396759],[-0.000672185,0.00118801,0.302932,-0.00423598,-0.00639108,0.08596,0.00392261,-8.00912e-05,-0.000560722,-9.13135e-06,-7.1548e-06,0.103242,0.000975889,0.000500441,0.0137162,-0.00069415,0.0124889,-0.000387459],[-0.138675,-0.293369,-1.4631,0.0315014,-0.183523,-0.545574,-0.000378568,0.0246748,-0.0145648,-0.0175714,3.86739e-05,-2.96076,-0.0274987,0.00143775,-0.944619,-0.130862,0.0850598,-0.0157426],[-8.0385e-07,-0.0453542,-2.95734,0.000711169,0.211405,-0.633416,-0.0218317,-0.00527078,-2.50342e-05,0.00155198,0.000133747,-0.357978,0.0221254,0.0166578,-0.225005,-0.0586562,-0.061501,0.0134271],[-0.000869013,0.00292998,0.130174,-0.0168288,0.0323364,0.0944268,0.00603122,-0.00143806,-0.000776399,-0.00333253,2.38388e-05,0.0836193,0.000362124,-0.000978394,0.0449279,-0.00577768,0.00805029,0.00107892],[0.0205225,0.0314773,-0.736026,0.0244155,0.0498858,-0.108269,-0.063707,0.00786155,-0.0113815,-0.0207899,5.65167e-05,-0.859648,-0.0367292,-0.0281658,0.141694,0.108815,0.0148269,-0.00914236],[0.106383,0.0983344,3.27747,0.229767,-0.478338,-0.0154363,-0.508849,-0.166964,-0.0850248,-0.162532,-0.000480579,2.58149,-0.171086,-0.194141,-0.512061,0.0508383,-1.00489,-0.0520764],[0.166233,0.200616,-0.525109,0.0141543,0.202849,0.0307105,0.460508,0.0250955,-0.169407,0.0162117,-0.00021261,1.98299,0.0206308,0.0308547,-0.187379,0.0660994,0.539519,-0.12037],[0.0700831,0.24814,-0.667844,0.0924595,0.123266,0.0522984,-0.0827708,0.000324262,-0.0378069,-0.100058,-0.000252538,-0.43307,-0.039255,-0.0310821,-1.09447,-0.223976,0.388141,-0.0365804],[-53.3847,-36.3633,18.2033,-2.71832,-93.2106,-55.1607,46.8803,0.437527,-1.45269,-19.2522,-0.0488142,257.906,-25.587,-21.8502,23.2972,-54.8405,41.9342,-6.48354],[-0.00041591,0.00104777,0.0718761,0.00725516,0.00267487,0.035075,-0.00200778,-3.06984e-06,0.0015398,0.000501926,-3.55429e-06,-0.0306861,-3.28246e-05,-0.000554312,0.0192107,0.0141305,0.00011249,0.000457001],[0.00964891,0.00191968,-2.28288,0.201914,-0.215045,-1.02071,0.0846886,-0.00287102,-0.0180231,-0.0698306,0.00035951,-0.788085,-0.0519436,-0.0453148,-0.467273,-0.12318,0.0323828,-0.0287468],[-0.0608057,-0.0567653,-0.139207,0.127965,-0.216737,0.064635,0.199172,0.00635081,0.0444054,-0.0489584,3.68487e-06,3.64642,-0.0737311,-0.129406,1.16178,-0.219494,0.13411,-0.00676506],[-0.0139027,-0.00351569,-0.236774,-0.00371694,-0.0241974,-0.0750491,0.00826508,0.00333868,-0.000799282,-0.00936157,-2.22228e-05,0.0714464,-0.0109607,-0.00386929,-0.0638454,-0.0182302,-0.0298566,0.00058223],[0.0116458,0.0511728,-1.05444,0.0399379,0.0315132,-0.235459,-0.0333487,-0.011576,-0.0111836,0.00318501,0.000224933,0.250521,0.00124335,-1.69952e-05,0.172032,0.248828,0.0877084,-0.00546994],[-0.00264894,0.0313809,-0.0181307,-0.0069174,-0.0158107,0.0128186,0.0283201,0.00735542,0.0180127,0.0227587,8.08197e-05,-0.32291,0.0166755,0.0256295,-0.256011,-0.0566098,0.169369,0.0121702],[-0.100949,-0.06774,0.931429,-0.0652001,-0.768906,-0.532962,0.307967,0.0300814,-0.109601,-0.0730932,-0.000193971,-2.33504,-0.101944,-0.0137546,-1.10373,0.320856,-0.715079,-0.105841],[0.0090781,0.032101,-0.933024,0.026076,0.0179337,-0.30484,-0.101473,0.0166784,-0.00778481,-0.000560582,4.02397e-06,-0.338363,-0.00279426,0.0054426,0.058048,0.0410805,-0.127796,-0.00765042],[0.0298344,0.0884483,-0.319562,0.0205305,0.035285,-0.0819651,-0.074483,-0.00586597,-0.00348092,-0.0176809,-2.78512e-05,-0.602904,-0.0254642,-0.0193106,-0.0823262,0.0480351,-0.131476,-0.00690487],[0.00134401,0.000518632,0.0984245,0.00318933,-0.00460172,0.0240377,0.00157803,-0.00064362,1.66474e-05,-0.000154038,-1.87841e-06,-0.00201898,0.000246318,7.61609e-05,-0.00477494,0.00285597,0.00153462,0.000338742],[-0.0710917,-0.121335,0.928807,-0.017996,0.0650705,0.293832,-0.0449622,0.00697728,-0.00474644,0.0106009,7.19452e-05,-0.251264,0.00601065,0.025201,-0.591348,-0.210569,-0.0844724,0.000585812],[0.000929914,-0.00705037,-0.748494,0.0264387,0.0132513,-0.200545,-0.0420905,-0.000437241,-0.0090053,-0.00951195,4.41158e-05,0.0131258,-0.00744204,-0.00732662,-0.079427,-0.00435066,-0.00533283,-0.0059206],[0.00119459,-0.00236443,0.123314,0.0127934,-0.0141464,0.0313926,-0.00336468,-0.00239855,-0.000312695,-0.00374693,9.34461e-06,-0.118953,-0.00285846,-0.00422889,-0.0334276,0.00261076,-0.00809241,0.000409423],[-0.00533203,-0.0702469,0.00644841,0.0274475,-0.0406183,0.0214637,0.15323,-0.0128873,-0.004174,-0.00521385,-9.87244e-05,0.798369,0.00124775,-0.00230303,0.0756149,0.0498207,0.1926,0.000257867],[0.24016,0.333373,-1.98436,0.0675876,0.299245,-0.320985,0.00470727,-0.154233,-0.00598994,0.042248,-0.000392649,-3.23821,0.052593,0.104791,-1.689,-0.195576,0.136807,0.0169519],[0.160348,0.0566478,-0.89956,0.00248449,0.502642,0.380912,0.1275,0.0341798,-0.0933649,0.0310486,-5.28742e-05,0.197174,0.0261005,0.0110204,0.576449,-0.00771619,0.347986,-0.064933],[0.184889,0.306682,0.567846,-0.177739,0.665097,0.938204,-0.00524654,-0.00619401,-0.0861963,-0.0306811,-0.000105324,-0.599414,0.00355787,0.0290675,0.505857,0.13511,0.108683,-0.0512515],[-19.5967,-48.8059,-241.886,22.0873,18.8233,-66.7498,-68.7473,-4.64194,3.84522,-3.11985,0.170455,-702.473,4.31029,1.88956,35.1592,-42.0137,-85.9595,3.37372],[-8.60154e-05,0.00209975,0.113943,-0.000494942,-0.00932854,0.0219044,-0.00025647,-0.000967304,0.000336572,0.000112722,-4.15989e-06,-0.0419347,-0.00161153,-0.000826948,-0.00809804,-0.00354485,0.00127494,-0.000599405],[0.00814829,0.0510518,0.958073,-0.0605952,-0.120815,-0.0529011,-0.13411,-0.0107636,-0.0358676,0.0258491,0.000243977,1.34216,0.00603631,-0.00238031,0.58343,-0.0110589,-0.130772,-0.0308162],[-0.0751984,0.0118834,0.843678,-0.134671,0.113096,0.526401,-0.0626872,0.00781335,-0.0069539,0.0178517,-1.81353e-05,3.07811,0.0448819,0.00829623,0.263792,0.0376634,0.0650412,-0.00195664],[-0.00526223,-0.0164301,0.057965,-0.00811288,0.0071642,0.0192258,0.00344049,0.000871664,0.00195497,0.00128368,1.09405e-06,-0.0278064,-0.00141671,-0.00211357,0.0443289,-0.00861208,0.0269852,0.00149287],[-0.00615195,-0.0634875,0.153135,-0.0225205,0.00567395,0.0494583,0.0687808,0.00870916,0.00203534,0.00791424,6.73694e-06,0.279997,0.0115219,0.0126992,-0.133749,0.00724732,0.0557566,0.000959405],[-0.0341487,-0.046959,-0.25167,-0.030298,-0.0177437,-0.107024,-0.0178016,0.0100715,0.00213485,0.00391779,-1.37975e-05,0.123262,0.0100417,-0.000473421,0.15196,-0.021163,0.0251568,0.00788609],[-0.0357975,-0.145191,-3.27259,-0.0751728,0.204247,-0.833504,-0.337723,0.0116915,-0.0780562,-0.035465,0.000181484,-3.56417,-0.0329837,-0.00736664,-0.514598,-0.141617,-0.456915,-0.0590977]],"sigmahat":[[0.215691,0.326633,0.329216,0.00794454,0.108736,0.137247,0.0412375,-0.0225554,-0.00486592,0.0301195,-7.78959e-05,0.409551,0.0360155,0.0354539,0.000578638,0.0690098,0.0353194,0.00175075],[0.326633,0.962069,0.251465,-0.141791,0.135181,0.147006,-0.0390779,-0.0472781,-0.00850208,0.0364622,-0.000424463,0.248061,0.0515939,0.0572143,-0.394798,0.0228198,-0.381962,-0.00529504],[0.329216,0.251465,73.2167,0.0655044,-4.76692,15.7457,1.44468,0.0645742,-0.0397533,0.487167,-0.00147926,28.4911,0.486651,0.470844,1.04502,-0.175777,3.4775,-0.0229162],[0.00794454,-0.141791,0.0655044,0.286986,-0.118555,-0.0931985,0.0401337,-0.00525235,0.00235291,0.00491104,0.000125384,0.221339,0.00294057,-0.00467376,0.15963,0.12775,0.120775,0.000309159],[0.108736,0.135181,-4.76692,-0.118555,1.22145,-0.0497404,-0.158475,-0.0336076,0.000438564,-0.0348913,0.000168158,-3.09382,-0.0114897,-0.0175104,0.040141,-0.0544551,-0.160219,0.00632687],[0.137247,0.147006,15.7457,-0.0931985,-0.0497404,5.25892,0.376887,-0.00795289,-0.00368286,0.0718746,-0.000226843,4.71852,0.0996843,0.0899996,0.550934,-0.0465373,0.900304,0.00819113],[0.0412375,-0.0390779,1.44468,0.0401337,-0.158475,0.376887,0.568606,0.0119248,0.00841893,0.0460128,-8.11907e-05,2.76448,0.0275047,0.034544,0.135748,0.000862515,0.698459,0.0153715],[-0.0225554,-0.0472781,0.0645742,-0.00525235,-0.0336076,-0.00795289,0.0119248,0.0137441,0.00145212,0.000353475,2.97977e-05,0.0516507,-0.00129628,-0.00232836,0.0587782,-0.00708172,0.0162288,0.000405769],[-0.00486592,-0.00850208,-0.0397533,0.00235291,0.000438564,-0.00368286,0.00841893,0.00145212,0.0137949,0.00496823,1.10695e-05,-0.06029,0.00269282,0.00132234,0.0092558,-0.00770548,-0.0037331,0.00844937],[0.0301195,0.0364622,0.487167,0.00491104,-0.0348913,0.0718746,0.0460128,0.000353475,0.00496823,0.0430567,-1.78114e-05,0.984543,0.0448938,0.0346901,0.14106,-0.00200723,0.153434,0.00425304],[-7.78959e-05,-0.000424463,-0.00147926,0.000125384,0.000168158,-0.000226843,-8.11907e-05,2.97977e-05,1.10695e-05,-1.78114e-05,1.4939e-06,-0.00165742,-2.74765e-05,4.5449e-06,0.000662192,-0.000130398,0.000149796,1.75486e-05],[0.409551,0.248061,28.4911,0.221339,-3.09382,4.71852,2.76448,0.0516507,-0.06029,0.984543,-0.00165742,81.4209,1.00647,0.417935,11.3487,0.278957,7.76307,0.0306374],[0.0360155,0.0515939,0.486651,0.00294057,-0.0114897,0.0996843,0.0275047,-0.00129628,0.00269282,0.0448938,-2.74765e-05,1.00647,0.0669835,0.0491327,0.135172,0.0193484,0.142414,0.00621713],[0.0354539,0.0572143,0.470844,-0.00467376,-0.0175104,0.0899996,0.034544,-0.00232836,0.00132234,0.0346901,4.5449e-06,0.417935,0.0491327,0.0550476,-0.158321,-0.0161696,0.102109,0.00581879],[0.000578638,-0.394798,1.04502,0.15963,0.040141,0.550934,0.135748,0.0587782,0.0092558,0.14106,0.000662192,11.3487,0.135172,-0.158321,9.56144,0.871852,1.05376,-0.000852049],[0.0690098,0.0228198,-0.175777,0.12775,-0.0544551,-0.0465373,0.000862515,-0.00708172,-0.00770548,-0.00200723,-0.000130398,0.278957,0.0193484,-0.0161696,0.871852,1.01341,-0.0829363,-0.00164225],[0.0353194,-0.381962,3.4775,0.120775,-0.160219,0.900304,0.698459,0.0162288,-0.0037331,0.153434,0.000149796,7.76307,0.142414,0.102109,1.05376,-0.0829363,2.43731,0.0252026],[0.00175075,-0.00529504,-0.0229162,0.000309159,0.00632687,0.00819113,0.0153715,0.000405769,0.00844937,0.00425304,1.75486e-05,0.0306374,0.00621713,0.00581879,-0.000852049,-0.00164225,0.0252026,0.011318]],"n":18,"lags":3}