{"betahat":[[0.0129285,-0.750696,1.24781,0.354572,0.0724816,0.374056,0.42183,0.0861226,-0.092844,0.821314,-0.00915124,-0.176162,0.0878142,0.000211983,0.296649,0.44075,0.161077,0.426395,-0.0529892,0.146719,8.66751,0.00325777,10.6075],[1.09819,0.348396,-1.85643,-0.0476572,0.543969,0.0284577,-0.00555747,-0.0597055,-0.00510946,0.293617,-0.0484381,0.0103862,-0.0317807,-0.000363403,0.391623,-0.0859396,-0.373148,0.00196523,-0.0234251,-0.036059,0.125551,-0.12451,0.947975],[-0.123613,0.697548,0.965796,-0.140887,-0.028885,0.284224,0.039122,0.019802,0.00157332,-0.0401514,0.00807131,-0.00680557,0.0199047,3.72379e-05,0.061551,0.0239049,-0.13828,0.0260882,0.0449973,0.044557,0.214222,0.0161585,0.697337],[-0.00181909,-0.00398179,0.530709,0.00147014,0.0132509,-0.125119,-0.00216327,0.00101081,0.000440637,-0.00347085,-0.000170844,0.000977783,1.49529e-05,1.32822e-05,-0.00387292,0.000827763,0.00313679,-0.002526,-0.00213612,-0.00205416,0.00414132,-2.19984e-05,-0.124941],[0.191789,0.512288,1.54828,0.801332,0.196,0.57224,-0.00930965,-0.0320438,0.0167139,0.171832,0.00725271,0.027593,0.00163708,-7.43357e-05,-0.173139,-0.0770011,0.204806,0.0359702,-0.0429777,-0.00600381,1.16222,-0.0134744,2.37043],[0.028538,0.145729,4.29172,0.0141502,0.677301,0.860505,0.0788314,-0.00256564,-0.00448088,-0.157825,0.0192382,0.00635875,0.0143922,-0.000161295,0.00174811,-0.0115394,0.00112081,0.00275431,-0.0229713,-0.0208434,0.38777,-0.0154747,0.289947],[0.00967581,0.0171588,-0.170092,0.0106911,-0.0299955,0.879892,0.0039625,0.00220928,-0.000564061,0.00785301,0.0124792,-0.000161183,0.00962611,-3.83238e-05,0.00593782,0.00347971,-0.00667906,0.00769136,-0.00138854,0.00321991,0.0899516,0.00662068,0.100986],[0.105094,0.251654,0.714394,0.0108591,0.020412,0.0765638,0.88681,-0.0304221,0.0105142,0.164784,0.0449619,0.0052945,0.0194477,-4.98872e-05,0.204535,0.0163573,-0.139774,0.0517825,0.0698355,0.0399136,-1.26244,0.013032,0.476007],[-0.0161688,0.0829022,-1.24534,0.26331,-0.0838536,0.0850656,0.51539,1.19309,0.0664506,-1.29978,0.00735686,0.0497867,0.158433,0.000205137,1.12274,-0.142298,-1.05732,0.133167,0.0140958,0.219475,1.56703,-0.015463,2.46955],[0.00928933,0.427531,0.114092,0.243906,-1.19719,-1.41853,-0.121231,-0.000225647,1.00527,0.606058,0.0550538,0.00510943,0.0332497,-0.000844253,0.482835,0.123125,-0.518044,0.126247,0.0936049,0.157166,1.26557,0.0492048,7.76638],[0.0864367,0.11069,0.0845595,0.0556071,-0.0213632,0.0272196,0.0185759,-0.0269554,-0.0180487,1.12311,0.0140178,-0.0113459,0.00345923,6.71472e-05,0.0605003,0.00972407,-0.025625,0.0275961,0.00618672,0.00747585,-0.0278963,0.0266553,0.611494],[-0.148461,-0.18765,-3.31371,0.0787751,-0.0233774,-1.22906,-0.212243,-0.00138544,-0.0195327,0.211151,1.06863,-0.0122543,0.04924,-0.00027958,-0.344483,-0.24084,0.277062,0.0529548,-0.0162365,-0.0527475,0.9175,-0.128511,-0.397915],[-0.106127,-0.0577552,3.26403,-0.0602205,-0.102572,0.806727,-0.60356,-0.102414,0.265057,0.280841,0.0452446,1.25112,-0.0486733,0.00113267,0.0028258,-0.0950156,0.0643623,-0.0296918,-0.0992669,-0.141405,0.90951,-0.111885,-4.59193],[-0.28707,-0.77924,-0.985729,0.014524,-0.804577,-1.53761,0.067101,-0.000925798,0.139933,-0.500304,0.0469915,0.151895,1.09334,0.00117438,-0.559049,0.0566316,0.499785,-0.0302215,-0.103039,-0.00469689,2.57379,0.044426,-3.76121],[34.9417,-15.8938,179.668,-42.0141,128.699,160.577,0.157048,11.3075,2.46038,-100.058,39.6548,6.7088,33.0117,0.825198,-82.8796,-14.7691,26.7366,-1.79933,24.0581,35.2493,-141.886,26.8363,123.102],[-0.0232662,-0.0733131,0.250772,-0.0165644,0.041294,0.131619,-0.129235,0.00968392,0.00244911,0.178051,-0.00811336,0.000722442,-0.015176,1.50865e-05,0.930077,0.0168294,-0.0930776,0.0127703,-0.00823404,-0.0037736,0.4461,-0.00100447,-0.65055],[0.059185,0.198817,-0.161241,-0.0377072,0.0336943,-0.223378,-0.12503,-0.0156837,0.0109512,0.322089,-0.0271088,-0.0123713,-0.0111106,-0.000363251,-0.06508,1.0698,0.0839904,-0.0102324,-0.000719704,-0.00409717,-0.555033,0.0110492,-2.31844],[0.019458,0.09271,0.0755905,-0.0732559,0.0402077,0.124185,-0.031011,0.00652055,0.00977282,0.0227861,-0.0168947,-0.00266158,-0.00904838,-0.0002055,0.613304,-0.204631,0.503943,0.060793,0.0324443,0.0293245,1.1563,-0.0791844,3.95544],[0.193858,0.506647,-0.54855,0.0180527,-0.01223,-0.0916979,0.957803,0.0338031,0.0332769,-0.70876,0.0931153,0.0595794,0.0672252,7.62207e-05,-0.332609,-0.356546,0.290982,1.32289,0.124623,0.000572479,-2.76178,0.0914216,-2.32657],[-0.0188605,-0.0849452,2.38395,0.0255637,0.581044,1.57905,0.179501,-0.0542367,0.0826357,-0.297852,0.0870885,0.0744509,0.103358,-0.000985857,0.0562699,0.425221,-0.0887314,-0.0762745,1.14963,0.163776,-4.6284,-0.147685,-1.52354],[0.327305,0.354196,1.41381,-0.0847228,0.466251,1.04301,0.103707,0.00755847,0.0681477,-0.0859496,-0.0784111,0.0531865,-0.00662942,-0.000818794,0.654333,-0.111593,-0.585977,0.0714323,0.0847762,1.02102,0.0361326,-0.22844,2.42142],[-0.00237126,-0.0138231,0.182332,0.011069,0.0151123,0.0701671,-0.0140462,-0.00313313,0.00452555,0.045241,0.00268327,0.000823754,0.00267723,-2.84264e-06,-0.00188974,-0.0165705,-0.000741739,0.00133461,0.00366546,0.00800058,0.953355,0.0125823,-0.105724],[-0.029426,0.083619,-0.258773,-0.108208,-0.199789,-0.652641,-0.350592,0.00174929,-0.111594,0.630217,-0.0130308,-0.0581353,-0.0745656,0.000575096,-0.526523,-0.134805,0.27536,-0.100518,-0.126095,-0.1289,-2.05675,1.18386,-9.50288],[0.00791987,0.0101547,-0.144501,0.000698713,0.0023533,-0.0523166,0.0027983,-0.000644341,-0.00285245,0.00919526,0.000600151,-0.00229008,-0.000129141,-4.25215e-07,0.00649691,-0.00632526,-0.0088957,0.000438793,0.000997863,0.00252327,0.0160611,0.00101538,1.13167],[-0.102512,-0.285798,2.48848,0.0167071,-0.526893,0.20881,0.0260115,0.033008,0.0154919,-0.282158,0.0402103,-0.000104488,0.0106595,0.000307437,-0.329804,0.0670706,0.315132,0.00636414,-0.000577126,0.015053,-0.635726,0.0986398,-1.08805],[0.056782,0.149587,-0.82606,0.0925073,-0.0405989,-0.304298,0.005452,-0.00764499,0.00247473,-0.0448541,0.010588,0.0114562,0.00238849,5.37138e-05,-0.102736,0.0165722,0.177606,-0.0194186,-0.0249842,-0.013471,-0.115022,0.00809661,-0.176168],[0.000602404,0.00278555,0.359667,-0.00378956,-0.00928531,0.0995911,0.00361157,-0.000200459,-0.000290415,-0.000665476,-9.7682e-05,-0.000813866,0.00039047,-1.17843e-05,0.00437255,-0.0020208,-0.0058255,0.00201705,0.00200475,0.00217384,0.0119877,0.000619338,0.154638],[-0.197531,-0.476816,-2.92729,0.0966682,-0.212885,-0.94198,-0.0497335,0.0355576,-0.00430346,-0.109539,-0.0541983,-0.0231081,-0.0287668,0.000114248,0.0629769,0.156502,-0.0411547,-0.0669627,-0.00257215,-0.0270208,-0.37075,-0.00440941,-3.50924],[-0.0050586,-0.074131,-3.33248,-0.043107,0.290931,-0.645619,-0.0359754,-0.00237401,0.00395331,0.0691342,-0.0016334,0.00177236,0.00301554,0.000128797,-0.0701164,-0.00979908,0.0356419,-0.0151571,0.0347422,0.0305218,-0.509174,0.0325654,-0.692526],[-0.00704935,-0.00596607,0.0901148,-0.0267603,0.0481676,0.10781,0.0066463,-0.000669494,0.000211325,-0.0293912,-0.00882556,0.000169906,-0.00444033,2.6235e-05,-0.0149814,-0.00576582,0.00807028,-0.00734695,0.00374863,2.80254e-05,-0.00629789,0.00238535,-0.00907269],[-0.065923,-0.12098,-0.855496,-0.00587479,0.0229778,-0.145465,-0.108579,0.0318323,-0.0102518,-0.00108999,-0.0330027,-0.00783232,-0.0166593,0.000197589,-0.157514,-0.0456279,0.0650133,-0.0340569,-0.0676737,-0.0426091,0.637332,0.00446626,-1.58833],[-0.0550234,-0.0731493,4.94,-0.194866,-0.431885,0.566791,-0.464166,-0.118486,-0.0691813,0.983589,-0.0882038,-0.056673,-0.184932,-4.5932e-05,-1.67663,0.375133,1.72388,-0.171658,-0.244664,-0.310653,0.230862,0.0360215,-3.89862],[0.212508,0.15581,0.488748,0.0977525,0.549079,0.755998,0.418477,-0.00475138,-0.092335,0.136079,-0.0316695,-0.0683066,0.0743724,0.000237231,0.297986,-0.179581,-0.265991,0.0329208,0.0994283,0.145338,0.686918,0.0574342,2.4821],[-0.0349176,-0.0760551,-0.0264526,-0.0387149,0.0404936,0.0364989,0.0392459,0.00852068,0.0109268,-0.0343297,-0.0118197,0.0035712,-0.00739089,-0.000132739,-0.0352565,0.00954381,-0.000590253,-0.00589688,0.00588897,-0.0103543,-0.0914766,-0.034974,-0.0912135],[0.177498,0.404911,2.06864,-0.109487,0.134918,0.851831,0.26034,-0.0063325,0.0578761,-0.359936,-0.0158406,0.0306591,-0.00815979,0.000226909,0.220164,0.0707126,-0.106533,-0.0219119,0.0568619,0.0488748,-1.07453,0.0590179,0.558672],[0.0356861,0.237835,-0.313899,-0.202942,-0.025919,-0.0957133,0.574544,0.0290061,-0.145974,-0.778434,-0.06173,-0.179477,-0.0576925,-0.00081743,-0.0764284,0.141419,0.0366527,-0.0642941,-0.0174614,-0.0678541,-1.05358,0.00416788,0.0181619],[0.105006,0.470876,-0.263075,0.0609304,0.134059,0.331685,-0.213015,0.0289533,-0.0579827,0.416018,0.0305384,-0.041467,-0.0758024,-0.000731633,0.251675,-0.0217301,-0.202107,-0.0114143,0.116616,-0.00567855,-2.79127,-0.0462084,2.84395],[-17.0086,61.8828,316.303,10.8981,-152.145,-16.2427,86.7923,-3.10946,-3.88868,-54.8098,-40.5868,-4.46033,-24.331,-0.0905299,52.9765,44.5565,12.892,12.9561,-19.0384,-32.1105,107.666,-17.6942,583.247],[0.0123381,-0.0647018,-0.237124,0.0589385,-0.000552887,-0.110067,0.104868,0.00214318,-0.000124148,-0.0619228,0.0130761,0.000613066,0.0194971,-5.03277e-05,0.0368849,0.0105793,0.0921053,0.00501397,0.00494687,0.00830187,-0.258174,0.0113872,0.826093],[0.0344898,0.0324281,-1.05736,-0.0121898,0.0985909,-0.0806355,0.0148995,-0.00281446,0.0021538,-0.227968,0.043907,0.0168998,0.0202652,0.000293658,-0.0756174,-0.0153199,0.0168592,-0.0295914,0.0251544,0.00145229,-0.428218,0.0165317,-0.849041],[-0.0462516,-0.0838948,-0.528459,-0.00558132,-0.00312982,-0.199726,-0.0105065,0.00278905,-0.00256503,-0.0411732,0.0129042,0.00823359,0.00526214,0.000163828,-0.407638,0.142077,0.296851,-0.0501548,-0.019452,-0.0112557,-0.618888,0.0423518,-2.83067],[-0.158982,-0.327383,-0.839614,0.0330312,-0.10227,-0.230995,-0.410022,-0.00643085,-0.0034419,0.165279,-0.0405172,-0.0122295,0.0141134,5.40218e-05,0.419372,0.221327,-0.360964,-0.113948,-0.00854155,0.0758935,2.11435,-0.054304,2.71773],[-0.0917053,-0.22109,-1.1213,0.100385,-0.486444,-0.803684,0.0859203,0.0680199,-0.0202701,-0.264067,-0.109324,-0.0101522,-0.104253,0.000711656,-0.207575,-0.0210399,0.273609,-0.0607732,-0.123445,-0.125432,3.29936,0.0461401,-3.02776],[-0.125612,-0.0067193,-3.32904,0.062551,-0.0388205,-1.04134,-0.139208,-0.020648,-0.0428955,0.13129,0.0188881,-0.0257688,-0.0695489,0.00050134,-0.541074,0.0271754,0.4892,-0.0906453,-0.0678371,-0.0937969,-1.24666,0.121651,-4.62506],[-0.00666393,-0.00105978,-0.2389,0.00524395,-0.00201837,-0.0549743,0.00329071,0.00285574,-0.00565207,0.00292506,-0.00323247,-0.00332191,-0.00617077,1.32725e-05,0.01233,0.0209182,-0.00133542,0.00335659,-0.00555867,-0.00855325,-0.00260322,-0.00730983,0.257645],[0.043366,-0.144301,0.160415,0.117003,0.143275,0.453873,0.283627,0.00518751,0.0905829,-0.429921,-0.0211031,0.0680954,0.0174135,-0.000413815,0.374374,0.107093,-0.186158,0.0207953,0.0484355,0.0417899,1.04819,-0.177181,4.8951],[-0.00690765,-0.0113129,0.0516186,0.00193067,0.00337608,0.0323238,-0.00211624,0.00152545,0.00198938,-0.00869325,0.000947001,0.00212418,0.000482342,3.8522e-06,-0.0134749,0.00774492,0.0159953,-0.00201399,-0.000747847,-0.00126572,0.00435773,0.000690343,-0.119095],[0.00431394,-0.0625966,-0.632036,0.0309547,-0.0170836,-0.237268,-0.0204484,0.0266972,-0.0103815,-0.0114556,0.00822911,-0.010281,0.0211221,5.59574e-05,-0.0618121,0.0188662,0.0580119,-0.00832524,0.024003,0.0210067,0.510187,0.0258699,0.140178],[0.0668277,0.152864,-0.139729,0.0483832,0.0694775,0.0200717,-0.0445684,-0.0121573,-0.00404716,0.0850058,-0.0186577,-0.00464978,-0.0222921,-9.0957e-05,0.0411885,-0.0404791,-0.0393279,-0.00666652,-0.0200121,-0.0310852,-0.099204,-0.0242547,-0.52108],[0.00120514,0.00117836,0.109327,0.0023318,-0.00398184,0.0254217,-0.00144199,-0.000810083,-0.00014917,0.00414418,0.000270633,-0.000163226,-0.000405214,-1.5154e-06,-0.000485214,0.00119627,0.00267734,0.000514154,0.000130936,-0.000121484,-0.0161443,-0.00059999,-0.0295444],[0.00574027,-0.0354687,1.37902,0.102004,0.0168801,0.369741,0.0590499,-0.00351405,-0.0124091,-0.062289,0.0469475,-0.00448349,0.0271312,-3.99188e-05,0.110169,-0.0795061,-0.163655,0.0309981,0.0455505,0.0330254,-0.791455,0.0178841,1.13892],[-0.0234847,-0.071598,-0.959162,0.0289668,0.0317419,-0.214882,-0.0428504,0.00493939,0.000528348,0.0887046,-0.0176047,-0.00813148,-0.0174067,3.24773e-05,0.0683877,0.0213372,-0.0367779,0.0124097,-0.0117697,-0.00967676,0.121474,-0.0170924,0.402738],[-0.0026325,-0.0111964,0.0799872,0.0160804,-0.0181994,0.0122731,-0.0106036,-0.00154011,0.000353452,0.0215526,-0.00365293,-9.07791e-06,-0.00518447,1.20671e-05,0.00906316,0.00228645,-0.00140729,-0.000337592,-0.00235889,-0.00324656,-0.0836022,-0.00900735,-0.091754],[-0.0391819,-0.130671,0.141222,-0.00495605,-0.0434347,0.0689025,0.221758,-0.00140955,-0.00025573,-0.16364,-0.0119538,0.00254361,-0.00277735,-0.000147751,-0.04696,0.0292488,0.0747158,-0.017697,-0.00215146,0.00270972,0.625437,-0.0174985,1.11261],[0.104529,0.0760754,-4.03665,-0.0831781,0.564739,-0.737139,-0.129384,-0.0888194,-0.00102338,0.351562,0.0665216,0.00379382,0.0168043,-0.000169951,0.544679,-0.230179,-0.660821,0.00328409,0.239952,0.0936169,-1.89504,-0.0188863,0.332685],[0.106757,-0.0555016,-0.564005,-0.100681,0.46849,0.271692,-0.277939,0.00741314,-0.0313694,0.255936,0.036961,-0.0279898,0.0501457,0.00021442,-0.228009,-0.142356,0.295531,0.0235814,-0.0351593,-0.00586327,0.685777,0.0408636,-1.77982],[-0.051527,-0.034694,-0.0577297,-0.016853,-0.0191537,-0.0635971,-0.0576971,0.0184451,0.00713407,-0.0888052,-0.00216741,0.00778824,0.00395466,6.55684e-05,-0.0251869,-0.0193037,0.0261773,-0.0216246,-0.012077,0.00288428,0.11953,0.00831961,-0.518503],[-0.0381987,-0.187976,0.550076,-0.0207309,-0.0439211,0.238214,-0.0749241,0.0107053,-0.0406611,-0.00630667,-0.0743123,-0.0195501,-0.0629721,0.000120332,0.0903726,0.108685,-0.149301,-0.0464659,-0.0428518,-0.01516,-0.0248937,0.0587366,-0.595195],[-0.132235,-0.374404,-2.30642,-0.0602539,0.200238,-0.253162,0.11609,0.0819635,-0.0740063,-0.394721,-0.00138608,-0.0860858,-0.013267,-0.000284261,-0.264182,-0.0251499,0.16563,0.00212775,0.0176649,0.00415758,-1.50756,0.0201902,-1.18195],[0.189405,0.323911,0.426345,-0.118883,0.800839,1.07834,0.0864442,-0.0314795,-0.0779536,0.00678326,-0.0833848,-0.0949049,-0.0399951,-0.000319994,0.267348,-0.0840646,-0.252408,0.0236383,-0.0151893,-0.0127078,-0.145309,-0.000304679,0.109546],[-17.9331,-45.989,-495.972,31.116,23.446,-144.334,-86.9493,-8.198,1.42831,154.868,0.931999,-2.24847,-8.68072,0.265332,29.9031,-29.7874,-39.6286,-11.1567,-5.01971,-3.13878,34.22,-9.14208,-706.349],[0.0109262,0.13802,-0.0136086,-0.0423659,-0.0407554,-0.0215504,0.0243707,-0.011828,-0.00232387,-0.116116,-0.00496126,-0.00133495,-0.00431918,3.52259e-05,0.0330468,-0.0274125,0.000965662,-0.0177774,0.00328855,-0.00452672,-0.187882,-0.0103824,-0.175441],[-0.0936779,-0.23125,1.21862,0.0499054,-0.132291,0.304015,0.110144,0.0184987,-0.0131027,-0.0941167,-0.0167935,-0.00452564,-0.00915171,6.95881e-05,0.140705,-0.0544872,-0.100853,0.0398325,-0.0244358,0.00264537,0.983263,-0.0275804,3.16772],[0.023712,-0.0453704,0.422201,0.0833782,-0.0238032,0.0856649,0.0536395,-0.00344163,-0.00449832,0.0165789,0.00281895,-0.00239311,0.00147484,4.0003e-05,-0.131326,0.0455263,0.137657,-0.00133854,-0.0147308,-0.0158378,-0.436678,0.0248238,-0.5131],[-0.0348848,-0.179265,1.38835,-0.0510507,0.114452,0.322718,-0.547767,-0.0273713,-0.0298287,0.543529,-0.0525927,-0.0473452,-0.0813281,-0.000130305,-0.0866924,0.135201,0.0699305,-0.208913,-0.116072,-0.0764534,0.64775,-0.0371205,-0.390671],[-0.0824263,-0.150841,-0.113647,0.0884698,-0.326493,-0.598197,-0.230159,0.00460874,-0.0380646,0.427416,0.0105865,-0.0102171,-0.0073646,0.000396826,-0.0103079,-0.0548432,0.0179517,0.029386,-0.127277,-0.106119,1.20718,0.0620124,2.09189],[-0.160839,-0.277815,1.30275,0.000234374,-0.292456,-0.0671343,-0.0207594,-0.00250008,-0.0273171,-0.00901655,0.0466172,-0.0217286,0.050667,0.000381596,-0.109865,0.0644666,0.100966,0.00449942,-0.0257496,0.0384549,0.802452,0.0988058,1.18584],[0.00902403,0.0148635,0.0571377,-0.0162329,-0.0132135,-0.0151146,0.0107754,0.000278702,0.00113225,-0.0479897,0.000548849,0.00249608,0.00350417,-1.05737e-05,-0.0102407,-0.00437611,0.00191198,-0.00461065,0.00190558,0.000569932,0.0499562,-0.00528573,-0.150728],[0.0105929,0.0688895,-0.123862,-0.015862,0.101394,0.159946,0.0705513,-0.00939844,0.0236844,-0.222859,0.0397213,-0.00447604,0.0569639,-0.000182825,0.156988,0.0172117,-0.0949669,0.074611,0.0834485,0.0866437,0.758305,-0.0147611,4.61361],[-0.00101947,0.00138526,0.091592,-0.00282292,-0.00548714,0.0198763,-0.000775018,-0.000886474,0.000850862,-0.000736815,-0.00163173,0.000148547,-0.000419932,-2.85178e-06,0.00666797,-0.00144322,-0.00688512,0.00152,-0.000260914,-0.00132797,-0.0213591,-0.00165806,-0.0195595]],"sigmahat":[[0.186423,0.270114,0.437334,0.01716,0.105119,0.178772,0.0363933,-0.0184844,-0.00593758,0.0383513,0.0159177,-0.00483803,0.0222453,-4.18433e-05,0.051016,-0.050162,-0.0381383,0.0240725,0.0240507,0.0249713,-0.0838483,0.0114026,0.65026],[0.270114,0.725213,0.199864,-0.0558104,0.156684,0.190476,-0.0284662,-0.0464057,-0.0187428,0.0196901,0.0127491,-0.0194471,0.0197161,-0.000140163,0.00552059,-0.134983,0.0124725,0.0230325,0.0245421,0.0110229,-0.254741,0.0298167,-0.195711],[0.437334,0.199864,58.8319,0.0429559,-3.65842,12.7764,1.44179,0.101104,0.0135069,-0.679697,0.479125,-0.00878542,0.463127,-0.00126019,0.00918236,-0.0245302,-0.00600837,0.442334,0.132866,0.465535,0.806619,0.400286,26.9714],[0.01716,-0.0558104,0.0429559,0.195106,-0.0916408,-0.0777677,0.0252353,-0.00250764,0.00455554,0.0912081,-0.00174085,0.00686465,0.00197248,-1.15284e-05,0.124612,0.0122203,-0.0916652,0.0221656,0.00566207,0.0114042,-0.0407654,-0.0222942,0.792693],[0.105119,0.156684,-3.65842,-0.0916408,0.997355,0.0140421,-0.127342,-0.0323719,0.0060047,0.201497,-0.026122,0.00258212,-0.0249454,0.000189044,-0.0137912,-0.0199069,0.0502163,-0.0260837,0.0147135,-0.0130993,0.0359015,-0.0200447,-2.71026],[0.178772,0.190476,12.7764,-0.0777677,0.0140421,4.35138,0.36621,0.00787841,0.0196486,-0.0793323,0.0823765,0.00645942,0.0783135,-0.000160715,0.0229712,0.00321785,0.0737349,0.0941105,0.0393774,0.0960956,0.646031,0.0627317,4.81335],[0.0363933,-0.0284662,1.44179,0.0252353,-0.127342,0.36621,0.387094,0.0120543,0.00439426,-0.31143,0.0173104,0.00533592,0.0288075,-0.000142774,0.0860478,0.0187463,-0.0480558,0.047204,0.0161033,0.0205629,-0.0258237,-0.00503143,2.67144],[-0.0184844,-0.0464057,0.101104,-0.00250764,-0.0323719,0.00787841,0.0120543,0.0125845,0.00123848,-0.0167407,-0.000422327,0.00164992,0.00156404,8.91074e-06,0.00300052,0.00292431,-0.00124114,-0.000876128,-0.00066529,0.00335174,0.108703,-6.10605e-05,0.171657],[-0.00593758,-0.0187428,0.0135069,0.00455554,0.0060047,0.0196486,0.00439426,0.00123848,0.0077436,-0.0113184,0.00226596,0.00673757,0.00218317,1.06989e-05,-0.00138064,0.00109764,0.00472231,0.000183254,0.000823977,0.00106726,0.0150546,-0.00309565,-0.0830108],[0.0383513,0.0196901,-0.679697,0.0912081,0.201497,-0.0793323,-0.31143,-0.0167407,-0.0113184,0.807234,-0.0160935,-0.0113304,-0.0242517,0.000112892,0.0773312,-0.0124269,-0.0890419,0.00710935,-0.0136421,-0.00653582,0.382537,-0.0151889,-0.677669],[0.0159177,0.0127491,0.479125,-0.00174085,-0.026122,0.0823765,0.0173104,-0.000422327,0.00226596,-0.0160935,0.035433,0.0054074,0.0294669,-3.16868e-06,-0.0377941,-0.00593356,0.0271401,0.00974661,0.0175583,0.0293097,-0.135266,0.0254412,0.574038],[-0.00483803,-0.0194471,-0.00878542,0.00686465,0.00258212,0.00645942,0.00533592,0.00164992,0.00673757,-0.0113304,0.0054074,0.0105485,0.00483783,2.75545e-05,-0.0105862,0.00250914,0.015247,-0.00199812,0.000949633,0.00240302,0.0104718,-0.000155522,-0.0744097],[0.0222453,0.0197161,0.463127,0.00197248,-0.0249454,0.0783135,0.0288075,0.00156404,0.00218317,-0.0242517,0.0294669,0.00483783,0.0360554,3.29156e-06,-0.0137002,-0.00991719,0.00703796,0.0155246,0.0220457,0.0376715,0.0284164,0.0234966,0.868771],[-4.18433e-05,-0.000140163,-0.00126019,-1.15284e-05,0.000189044,-0.000160715,-0.000142774,8.91074e-06,1.06989e-05,0.000112892,-3.16868e-06,2.75545e-05,3.29156e-06,1.22785e-06,-0.000373693,6.58541e-05,0.000352646,-5.71124e-05,-3.53345e-05,-1.90019e-05,-5.14273e-05,8.97023e-05,-0.00377139],[0.051016,0.00552059,0.00918236,0.124612,-0.0137912,0.0229712,0.0860478,0.00300052,-0.00138064,0.0773312,-0.0377941,-0.0105862,-0.0137002,-0.000373693,0.995061,-0.130755,-0.823087,0.0958384,0.0599084,0.052281,0.904338,-0.122049,5.64438],[-0.050162,-0.134983,-0.0245302,0.0122203,-0.0199069,0.00321785,0.0187463,0.00292431,0.00109764,-0.0124269,-0.00593356,0.00250914,-0.00991719,6.58541e-05,-0.130755,0.19409,0.167358,-0.048409,-0.0163007,-0.0152828,0.0779114,0.0132645,-1.45085],[-0.0381383,0.0124725,-0.00600837,-0.0916652,0.0502163,0.0737349,-0.0480558,-0.00124114,0.00472231,-0.0890419,0.0271401,0.015247,0.00703796,0.000352646,-0.823087,0.167358,0.827429,-0.101164,-0.0598256,-0.0520012,-0.497515,0.104433,-5.16669],[0.0240725,0.0230325,0.442334,0.0221656,-0.0260837,0.0941105,0.047204,-0.000876128,0.000183254,0.00710935,0.00974661,-0.00199812,0.0155246,-5.71124e-05,0.0958384,-0.048409,-0.101164,0.0547267,0.0200569,0.0215106,0.10607,-0.00390906,1.70057],[0.0240507,0.0245421,0.132866,0.00566207,0.0147135,0.0393774,0.0161033,-0.00066529,0.000823977,-0.0136421,0.0175583,0.000949633,0.0220457,-3.53345e-05,0.0599084,-0.0163007,-0.0598256,0.0200569,0.0405599,0.0386683,-0.0211542,0.00982853,0.94573],[0.0249713,0.0110229,0.465535,0.0114042,-0.0130993,0.0960956,0.0205629,0.00335174,0.00106726,-0.00653582,0.0293097,0.00240302,0.0376715,-1.90019e-05,0.052281,-0.0152828,-0.0520012,0.0215106,0.0386683,0.0600578,0.125332,0.0231157,1.34658],[-0.0838483,-0.254741,0.806619,-0.0407654,0.0359015,0.646031,-0.0258237,0.108703,0.0150546,0.382537,-0.135266,0.0104718,0.0284164,-5.14273e-05,0.904338,0.0779114,-0.497515,0.10607,-0.0211542,0.125332,13.5958,-0.17863,9.76004],[0.0114026,0.0298167,0.400286,-0.0222942,-0.0200447,0.0627317,-0.00503143,-6.10605e-05,-0.00309565,-0.0151889,0.0254412,-0.000155522,0.0234966,8.97023e-05,-0.122049,0.0132645,0.104433,-0.00390906,0.00982853,0.0231157,-0.17863,0.0560704,-0.24944],[0.65026,-0.195711,26.9714,0.792693,-2.71026,4.81335,2.67144,0.171657,-0.0830108,-0.677669,0.574038,-0.0744097,0.868771,-0.00377139,5.64438,-1.45085,-5.16669,1.70057,0.94573,1.34658,9.76004,-0.24944,108.968]],"n":23,"lags":3}